{
    "pred_cam": [
        1.1350822448730469,
        -0.09720582515001297,
        0.17156586050987244
    ],
    "pred_smpl_params": {
        "global_orient": [
            [
                [
                    0.9978675246238708,
                    0.06171953305602074,
                    -0.021238861605525017
                ],
                [
                    0.06322430819272995,
                    -0.9948245286941528,
                    0.0795421302318573
                ],
                [
                    -0.01621963456273079,
                    -0.08071532100439072,
                    -0.9966052770614624
                ]
            ]
        ],
        "body_pose": [
            [
                [
                    0.9981110095977783,
                    -0.060419391840696335,
                    0.01112676877528429
                ],
                [
                    0.05624072626233101,
                    0.9714926481246948,
                    0.2303018420934677
                ],
                [
                    -0.02472427487373352,
                    -0.2292410433292389,
                    0.9730555415153503
                ]
            ],
            [
                [
                    0.9987557530403137,
                    0.03281131386756897,
                    0.0375550277531147
                ],
                [
                    -0.040595270693302155,
                    0.9723179936408997,
                    0.2301080822944641
                ],
                [
                    -0.02896527759730816,
                    -0.23134632408618927,
                    0.9724401831626892
                ]
            ],
            [
                [
                    0.9998024106025696,
                    0.01091828290373087,
                    -0.01661517471075058
                ],
                [
                    -0.014233184047043324,
                    0.9765678644180298,
                    -0.2147386521100998
                ],
                [
                    0.013881266117095947,
                    0.21493268013000488,
                    0.9765303134918213
                ]
            ],
            [
                [
                    0.9938616752624512,
                    0.01391670759767294,
                    -0.10975093394517899
                ],
                [
                    -0.0789833515882492,
                    0.7839009165763855,
                    -0.6158417463302612
                ],
                [
                    0.07746336609125137,
                    0.6207299828529358,
                    0.780188262462616
                ]
            ],
            [
                [
                    0.9896990656852722,
                    -0.03136907517910004,
                    0.13968448340892792
                ],
                [
                    0.11250751465559006,
                    0.7737879753112793,
                    -0.6233733296394348
                ],
                [
                    -0.08853152394294739,
                    0.6326675415039062,
                    0.7693464756011963
                ]
            ],
            [
                [
                    0.9991043210029602,
                    -0.042237188667058945,
                    0.002576161175966263
                ],
                [
                    0.04195699468255043,
                    0.9967077970504761,
                    0.06937650591135025
                ],
                [
                    -0.005497948732227087,
                    -0.06920627504587173,
                    0.9975872039794922
                ]
            ],
            [
                [
                    0.9798572659492493,
                    0.07471911609172821,
                    0.18519428372383118
                ],
                [
                    -0.09196877479553223,
                    0.9920095801353455,
                    0.08636420965194702
                ],
                [
                    -0.17726144194602966,
                    -0.10165666788816452,
                    0.9788995981216431
                ]
            ],
            [
                [
                    0.9777599573135376,
                    -0.06439319998025894,
                    -0.19959719479084015
                ],
                [
                    0.06909582763910294,
                    0.9974706172943115,
                    0.016677649691700935
                ],
                [
                    0.1980184018611908,
                    -0.030098071321845055,
                    0.9797361493110657
                ]
            ],
            [
                [
                    0.9993823170661926,
                    -0.0336892195045948,
                    -0.009998866356909275
                ],
                [
                    0.03267206251621246,
                    0.9955251812934875,
                    -0.08866838365793228
                ],
                [
                    0.012941292487084866,
                    0.08828692883253098,
                    0.996010959148407
                ]
            ],
            [
                [
                    0.9806548953056335,
                    -0.19023394584655762,
                    -0.0461195632815361
                ],
                [
                    0.1952645629644394,
                    0.9672011137008667,
                    0.16246168315410614
                ],
                [
                    0.013701166026294231,
                    -0.16832435131072998,
                    0.9856364727020264
                ]
            ],
            [
                [
                    0.9828788042068481,
                    0.18228499591350555,
                    0.026857012882828712
                ],
                [
                    -0.18408942222595215,
                    0.9653807878494263,
                    0.18479984998703003
                ],
                [
                    0.007758996915072203,
                    -0.18657997250556946,
                    0.9824090600013733
                ]
            ],
            [
                [
                    0.9722318053245544,
                    -0.03928596153855324,
                    -0.2306985706090927
                ],
                [
                    0.04702699929475784,
                    0.9984968900680542,
                    0.028150269761681557
                ],
                [
                    0.2292458862066269,
                    -0.03821764886379242,
                    0.9726179242134094
                ]
            ],
            [
                [
                    0.9121198654174805,
                    0.38050171732902527,
                    0.152498260140419
                ],
                [
                    -0.37475866079330444,
                    0.9247754216194153,
                    -0.06592714786529541
                ],
                [
                    -0.1661120355129242,
                    0.0029834138695150614,
                    0.9861023426055908
                ]
            ],
            [
                [
                    0.9454194903373718,
                    -0.29241999983787537,
                    -0.14378011226654053
                ],
                [
                    0.29693254828453064,
                    0.9548406004905701,
                    0.010511327534914017
                ],
                [
                    0.1342133730649948,
                    -0.05263060703873634,
                    0.9895539283752441
                ]
            ],
            [
                [
                    0.9851115942001343,
                    -0.043753642588853836,
                    -0.16625535488128662
                ],
                [
                    0.014772400259971619,
                    0.9850379824638367,
                    -0.171703040599823
                ],
                [
                    0.17128047347068787,
                    0.1666906476020813,
                    0.9710186719894409
                ]
            ],
            [
                [
                    0.5070186853408813,
                    0.8510105013847351,
                    -0.13679620623588562
                ],
                [
                    -0.8592444658279419,
                    0.5115600824356079,
                    -0.0022665876895189285
                ],
                [
                    0.06805058568716049,
                    0.1186905950307846,
                    0.9905965924263
                ]
            ],
            [
                [
                    0.6735206246376038,
                    -0.7212163805961609,
                    0.16191640496253967
                ],
                [
                    0.7219385504722595,
                    0.6888649463653564,
                    0.06534350663423538
                ],
                [
                    -0.15866534411907196,
                    0.0728834941983223,
                    0.9846386909484863
                ]
            ],
            [
                [
                    0.5866769552230835,
                    -0.3415115475654602,
                    -0.7342886924743652
                ],
                [
                    0.3521887958049774,
                    0.9240894913673401,
                    -0.14839686453342438
                ],
                [
                    0.7292277216911316,
                    -0.17154726386070251,
                    0.66241854429245
                ]
            ],
            [
                [
                    0.2801309823989868,
                    0.40342554450035095,
                    0.8710765838623047
                ],
                [
                    -0.4867556393146515,
                    0.8417993187904358,
                    -0.23332969844341278
                ],
                [
                    -0.8274029493331909,
                    -0.35863858461380005,
                    0.43218374252319336
                ]
            ],
            [
                [
                    0.9966924786567688,
                    -0.07877391576766968,
                    0.01996825635433197
                ],
                [
                    0.0765402540564537,
                    0.9925255179405212,
                    0.09505154192447662
                ],
                [
                    -0.027306582778692245,
                    -0.09320878237485886,
                    0.9952720999717712
                ]
            ],
            [
                [
                    0.9877937436103821,
                    0.15471398830413818,
                    -0.01808389090001583
                ],
                [
                    -0.15449465811252594,
                    0.9879085421562195,
                    0.012962445616722107
                ],
                [
                    0.019870704039931297,
                    -0.010010357946157455,
                    0.9997523427009583
                ]
            ],
            [
                [
                    0.9658811688423157,
                    0.23429688811302185,
                    -0.11035624146461487
                ],
                [
                    -0.22191472351551056,
                    0.9684094786643982,
                    0.11374104768037796
                ],
                [
                    0.13351918756961823,
                    -0.08537065982818604,
                    0.9873623847961426
                ]
            ],
            [
                [
                    0.970023512840271,
                    -0.23205554485321045,
                    0.07214313745498657
                ],
                [
                    0.2231125831604004,
                    0.9680976867675781,
                    0.11405091732740402
                ],
                [
                    -0.09630775451660156,
                    -0.09453602880239487,
                    0.9908520579338074
                ]
            ]
        ],
        "betas": [
            -0.07727956771850586,
            -0.052867114543914795,
            0.1146426796913147,
            0.08630847930908203,
            0.013904988765716553,
            0.012624625116586685,
            0.009628444910049438,
            -0.07753366231918335,
            0.050714001059532166,
            -0.05158379673957825
        ]
    },
    "pred_cam_t": [
        -0.09720582515001297,
        0.17156586050987244,
        34.4138069152832
    ],
    "focal_length": [
        5000.0,
        5000.0
    ],
    "pred_keypoints_3d": [
        [
            -0.05123751237988472,
            -0.7882677316665649,
            -0.22585465013980865
        ],
        [
            0.016858279705047607,
            -0.7255211472511292,
            -0.055768292397260666
        ],
        [
            -0.1582103967666626,
            -0.6447272896766663,
            0.0007702913135290146
        ],
        [
            -0.25740349292755127,
            -0.42306435108184814,
            0.0724075511097908
        ],
        [
            -0.41987037658691406,
            -0.3792613446712494,
            -0.11736596375703812
        ],
        [
            0.19251957535743713,
            -0.6359966993331909,
            -0.02178334817290306
        ],
        [
            0.22140684723854065,
            -0.4020276963710785,
            0.08654585480690002
        ],
        [
            0.3326944410800934,
            -0.22373589873313904,
            -0.04438138008117676
        ],
        [
            -0.0017892890609800816,
            -0.22407180070877075,
            0.028436820954084396
        ],
        [
            -0.07501737028360367,
            -0.13860562443733215,
            0.041090309619903564
        ],
        [
            -0.1498640775680542,
            0.23246321082115173,
            -0.00828038901090622
        ],
        [
            -0.1639399528503418,
            0.5500247478485107,
            0.23065540194511414
        ],
        [
            0.06229275092482567,
            -0.12921789288520813,
            0.041491858661174774
        ],
        [
            0.09423014521598816,
            0.23966604471206665,
            -0.010003328323364258
        ],
        [
            0.07755232602357864,
            0.5600144863128662,
            0.2243613749742508
        ],
        [
            -0.0689796656370163,
            -0.8374141454696655,
            -0.19336606562137604
        ],
        [
            -0.010859308764338493,
            -0.8337503671646118,
            -0.2252233326435089
        ],
        [
            -0.060113292187452316,
            -0.852353572845459,
            -0.0915122777223587
        ],
        [
            0.06984785199165344,
            -0.844003438949585,
            -0.16077642142772675
        ],
        [
            0.08030982315540314,
            0.6879034638404846,
            0.07237106561660767
        ],
        [
            0.14605964720249176,
            0.6753588318824768,
            0.12272909283638
        ],
        [
            0.08035670220851898,
            0.5677648782730103,
            0.29529470205307007
        ],
        [
            -0.16734322905540466,
            0.6841779351234436,
            0.08628478646278381
        ],
        [
            -0.23946569859981537,
            0.6642313003540039,
            0.13164401054382324
        ],
        [
            -0.16750496625900269,
            0.5615302324295044,
            0.30384236574172974
        ],
        [
            -0.18270999193191528,
            0.49434441328048706,
            0.22862979769706726
        ],
        [
            -0.140801802277565,
            0.1720949411392212,
            -0.010863469913601875
        ],
        [
            -0.14695945382118225,
            -0.2672545611858368,
            0.040287286043167114
        ],
        [
            0.14643245935440063,
            -0.23380929231643677,
            0.05027884989976883
        ],
        [
            0.10527494549751282,
            0.20013101398944855,
            -0.01130971871316433
        ],
        [
            0.08710432797670364,
            0.51922607421875,
            0.2315221130847931
        ],
        [
            -0.39383167028427124,
            -0.40607401728630066,
            -0.12087537348270416
        ],
        [
            -0.28204190731048584,
            -0.4594767689704895,
            0.06152980774641037
        ],
        [
            -0.12662041187286377,
            -0.6720588803291321,
            -0.012565613724291325
        ],
        [
            0.16045591235160828,
            -0.6663455963134766,
            -0.029436161741614342
        ],
        [
            0.2613692879676819,
            -0.4298361539840698,
            0.05957917869091034
        ],
        [
            0.3338257968425751,
            -0.24666708707809448,
            -0.04742768406867981
        ],
        [
            0.020853474736213684,
            -0.7203946113586426,
            -0.05109342187643051
        ],
        [
            -0.0039535462856292725,
            -0.8947550654411316,
            -0.1545746624469757
        ],
        [
            0.0004453582805581391,
            -0.25053703784942627,
            0.045151613652706146
        ],
        [
            0.01711983233690262,
            -0.666340172290802,
            -0.024645980447530746
        ],
        [
            0.01789908856153488,
            -0.49076205492019653,
            0.016530252993106842
        ],
        [
            -0.00838817935436964,
            -0.7812536954879761,
            -0.158440962433815
        ],
        [
            -0.005882632918655872,
            -0.9157118201255798,
            -0.14953860640525818
        ]
    ],
    "pred_vertices": [
        [
            -0.003364821895956993,
            -0.8777938485145569,
            -0.24335050582885742
        ],
        [
            -0.010482797399163246,
            -0.8628018498420715,
            -0.24212482571601868
        ],
        [
            0.003450842574238777,
            -0.861120879650116,
            -0.23900416493415833
        ],
        [
            0.012052642181515694,
            -0.8732930421829224,
            -0.23637457191944122
        ],
        [
            -0.0019195061177015305,
            -0.8511829376220703,
            -0.2393275946378708
        ],
        [
            -0.01405741274356842,
            -0.851466953754425,
            -0.24080544710159302
        ],
        [
            0.014780250377953053,
            -0.8575779795646667,
            -0.23159943521022797
        ],
        [
            0.02374265342950821,
            -0.8662327527999878,
            -0.2269625961780548
        ],
        [
            0.02700422890484333,
            -0.8257393836975098,
            -0.2148992121219635
        ],
        [
            0.03514394909143448,
            -0.8233547210693359,
            -0.2072843760251999
        ],
        [
            0.03391461819410324,
            -0.8348642587661743,
            -0.2119516134262085
        ],
        [
            0.025271156802773476,
            -0.8342293500900269,
            -0.2176152616739273
        ],
        [
            0.030088678002357483,
            -0.8017063736915588,
            -0.20442339777946472
        ],
        [
            0.021423611789941788,
            -0.7910256385803223,
            -0.20646043121814728
        ],
        [
            0.02860141359269619,
            -0.7847200632095337,
            -0.19655270874500275
        ],
        [
            0.036488648504018784,
            -0.7950756549835205,
            -0.19326192140579224
        ],
        [
            -0.019516438245773315,
            -0.8003206849098206,
            -0.2159067988395691
        ],
        [
            -0.013566883280873299,
            -0.7938711643218994,
            -0.2158604860305786
        ],
        [
            -0.010284874588251114,
            -0.8003209829330444,
            -0.2186257541179657
        ],
        [
            -0.016716234385967255,
            -0.8060897588729858,
            -0.21786464750766754
        ],
        [
            -0.031164247542619705,
            -0.808802604675293,
            -0.21927103400230408
        ],
        [
            -0.029145099222660065,
            -0.8148789405822754,
            -0.21829833090305328
        ],
        [
            -0.03593884035944939,
            -0.817595362663269,
            -0.2214086800813675
        ],
        [
            -0.037598952651023865,
            -0.8105279803276062,
            -0.2235206961631775
        ],
        [
            -0.02401905506849289,
            -0.795613169670105,
            -0.21201708912849426
        ],
        [
            -0.0174034982919693,
            -0.7889835238456726,
            -0.21179582178592682
        ],
        [
            -0.024917274713516235,
            -0.8057186007499695,
            -0.21643076837062836
        ],
        [
            -0.027141474187374115,
            -0.8010632395744324,
            -0.21633660793304443
        ],
        [
            -0.03393926844000816,
            -0.7928268909454346,
            -0.22225110232830048
        ],
        [
            -0.032235030084848404,
            -0.7976593971252441,
            -0.22286006808280945
        ],
        [
            -0.03851257264614105,
            -0.7972249984741211,
            -0.22750815749168396
        ],
        [
            -0.03891493380069733,
            -0.7921819090843201,
            -0.22495953738689423
        ],
        [
            -0.027423426508903503,
            -0.7943618893623352,
            -0.2153487652540207
        ],
        [
            -0.02835266664624214,
            -0.7964156866073608,
            -0.21878018975257874
        ],
        [
            -0.03130730614066124,
            -0.7923852205276489,
            -0.2187250703573227
        ],
        [
            -0.030955113470554352,
            -0.7912088632583618,
            -0.21473975479602814
        ],
        [
            -0.032737117260694504,
            -0.8040729761123657,
            -0.22036364674568176
        ],
        [
            -0.038555603474378586,
            -0.804316520690918,
            -0.22546446323394775
        ],
        [
            -0.04527191072702408,
            -0.8042079210281372,
            -0.2301558554172516
        ],
        [
            -0.0452156625688076,
            -0.7953773736953735,
            -0.2314283847808838
        ],
        [
            0.0005252938717603683,
            -0.7818864583969116,
            -0.21116311848163605
        ],
        [
            -0.006727222353219986,
            -0.7876824140548706,
            -0.21471799910068512
        ],
        [
            -0.010830923914909363,
            -0.7831807136535645,
            -0.21131950616836548
        ],
        [
            -0.004722587764263153,
            -0.7783524394035339,
            -0.20933493971824646
        ],
        [
            -0.02795429900288582,
            -0.7889628410339355,
            -0.21153636276721954
        ],
        [
            -0.02298562228679657,
            -0.7734606266021729,
            -0.20901307463645935
        ],
        [
            -0.023257113993167877,
            -0.7770109176635742,
            -0.21041466295719147
        ],
        [
            -0.030512090772390366,
            -0.7771377563476562,
            -0.21142661571502686
        ],
        [
            -0.029611721634864807,
            -0.7738279104232788,
            -0.21029029786586761
        ],
        [
            0.010114056058228016,
            -0.7702158093452454,
            -0.20142163336277008
        ],
        [
            0.0031430525705218315,
            -0.7682266235351562,
            -0.20281341671943665
        ],
        [
            0.005396776832640171,
            -0.7623594403266907,
            -0.1986531764268875
        ],
        [
            0.012525404803454876,
            -0.7634586095809937,
            -0.19550557434558868
        ],
        [
            0.0046210456639528275,
            -0.7572683095932007,
            -0.19515176117420197
        ],
        [
            0.013816960155963898,
            -0.7569549083709717,
            -0.18987548351287842
        ],
        [
            0.007155780680477619,
            -0.7441548705101013,
            -0.18216460943222046
        ],
        [
            0.010865974240005016,
            -0.7498139142990112,
            -0.18556836247444153
        ],
        [
            0.0015799645334482193,
            -0.752068281173706,
            -0.19229629635810852
        ],
        [
            -0.004107460379600525,
            -0.746724009513855,
            -0.1913660615682602
        ],
        [
            -0.019477970898151398,
            -0.7494482398033142,
            -0.19504998624324799
        ],
        [
            -0.02579670026898384,
            -0.7477222681045532,
            -0.194614976644516
        ],
        [
            -0.01943786069750786,
            -0.7366300821304321,
            -0.19146224856376648
        ],
        [
            -0.012086369097232819,
            -0.7407761216163635,
            -0.1915174275636673
        ],
        [
            -0.0209173783659935,
            -0.769016444683075,
            -0.20336735248565674
        ],
        [
            -0.016195563599467278,
            -0.7696622610092163,
            -0.2025618851184845
        ],
        [
            -0.017088444903492928,
            -0.7704148292541504,
            -0.20510762929916382
        ],
        [
            -0.022301562130451202,
            -0.7707877159118652,
            -0.20657099783420563
        ],
        [
            -0.012190176174044609,
            -0.7696976661682129,
            -0.20241385698318481
        ],
        [
            -0.010411199182271957,
            -0.7695592641830444,
            -0.2024223804473877
        ],
        [
            -0.011232644319534302,
            -0.7704544067382812,
            -0.20374011993408203
        ],
        [
            -0.012780176475644112,
            -0.770290732383728,
            -0.20312774181365967
        ],
        [
            -0.014738349243998528,
            -0.7699184417724609,
            -0.2027144581079483
        ],
        [
            -0.01560504175722599,
            -0.7680598497390747,
            -0.2020576298236847
        ],
        [
            -0.013086814433336258,
            -0.7688841819763184,
            -0.20222973823547363
        ],
        [
            -0.01990218088030815,
            -0.7666997313499451,
            -0.20278598368167877
        ],
        [
            -0.034068550914525986,
            -0.7628341913223267,
            -0.20400050282478333
        ],
        [
            -0.03019315004348755,
            -0.7635051608085632,
            -0.204383984208107
        ],
        [
            -0.03155064582824707,
            -0.7680649757385254,
            -0.20420044660568237
        ],
        [
            -0.034851111471652985,
            -0.7678022384643555,
            -0.20394957065582275
        ],
        [
            -0.013705318793654442,
            -0.7719345092773438,
            -0.2051759660243988
        ],
        [
            -0.011350788176059723,
            -0.7732939720153809,
            -0.20623192191123962
        ],
        [
            -0.016461487859487534,
            -0.7751682996749878,
            -0.20842260122299194
        ],
        [
            -0.016961896792054176,
            -0.7728031873703003,
            -0.2065957486629486
        ],
        [
            -0.009086605161428452,
            -0.7749963998794556,
            -0.2078138291835785
        ],
        [
            -0.009063754230737686,
            -0.7716569304466248,
            -0.20453622937202454
        ],
        [
            -0.005918832495808601,
            -0.7723090052604675,
            -0.20561617612838745
        ],
        [
            -0.01069466769695282,
            -0.7679293155670166,
            -0.2016734480857849
        ],
        [
            -0.007511049509048462,
            -0.7665398120880127,
            -0.2011161595582962
        ],
        [
            -0.007686253637075424,
            -0.7687220573425293,
            -0.20299604535102844
        ],
        [
            -0.009142208844423294,
            -0.7634985446929932,
            -0.19962608814239502
        ],
        [
            -0.013169202953577042,
            -0.7660094499588013,
            -0.200952410697937
        ],
        [
            -0.017327945679426193,
            -0.763714075088501,
            -0.20134110748767853
        ],
        [
            -0.022785082459449768,
            -0.7613750696182251,
            -0.20210886001586914
        ],
        [
            -0.018817652016878128,
            -0.757492184638977,
            -0.19913634657859802
        ],
        [
            -0.01318865455687046,
            -0.760320246219635,
            -0.19911031424999237
        ],
        [
            -0.014519041404128075,
            -0.7789771556854248,
            -0.20980702340602875
        ],
        [
            -0.0030221808701753616,
            -0.7683665156364441,
            -0.20296984910964966
        ],
        [
            -0.0004371069371700287,
            -0.7742323875427246,
            -0.206303671002388
        ],
        [
            -0.002184702083468437,
            -0.7641176581382751,
            -0.20055052638053894
        ],
        [
            -0.0034085996448993683,
            -0.7601529955863953,
            -0.19801002740859985
        ],
        [
            -0.0069176554679870605,
            -0.7561891078948975,
            -0.19627688825130463
        ],
        [
            -0.013063626363873482,
            -0.7525475025177002,
            -0.1956346035003662
        ],
        [
            -0.01127808541059494,
            -0.7315161228179932,
            -0.18010909855365753
        ],
        [
            -0.0024536829441785812,
            -0.7369546890258789,
            -0.18142451345920563
        ],
        [
            -0.01450897753238678,
            -0.8451690673828125,
            -0.23514485359191895
        ],
        [
            -0.0053408946841955185,
            -0.8445587158203125,
            -0.23645922541618347
        ],
        [
            -0.0025059152394533157,
            -0.8384709358215332,
            -0.23018570244312286
        ],
        [
            -0.001141626387834549,
            -0.8406665325164795,
            -0.2314586639404297
        ],
        [
            -0.007221125066280365,
            -0.8413970470428467,
            -0.23247411847114563
        ],
        [
            -0.007268097251653671,
            -0.8388878703117371,
            -0.23082324862480164
        ],
        [
            0.016770977526903152,
            -0.8348954916000366,
            -0.22072266042232513
        ],
        [
            0.010292875580489635,
            -0.8356152772903442,
            -0.22321683168411255
        ],
        [
            0.011639012955129147,
            -0.832358717918396,
            -0.22100518643856049
        ],
        [
            0.019168689846992493,
            -0.8286328315734863,
            -0.2189580798149109
        ],
        [
            0.0023396313190460205,
            -0.823578953742981,
            -0.2216433882713318
        ],
        [
            0.0076086800545454025,
            -0.8254820108413696,
            -0.22100231051445007
        ],
        [
            0.002360910177230835,
            -0.8312665224075317,
            -0.22374719381332397
        ],
        [
            -0.0014637354761362076,
            -0.829846978187561,
            -0.22427771985530853
        ],
        [
            -0.005714030936360359,
            -0.8290351629257202,
            -0.22431021928787231
        ],
        [
            -0.01001025177538395,
            -0.8289104700088501,
            -0.2235979437828064
        ],
        [
            -0.009202148765325546,
            -0.8240243196487427,
            -0.22159431874752045
        ],
        [
            -0.003703812137246132,
            -0.8233418464660645,
            -0.221896693110466
        ],
        [
            -0.013975586742162704,
            -0.8424404859542847,
            -0.23109516501426697
        ],
        [
            -0.020247939974069595,
            -0.8421369791030884,
            -0.22759252786636353
        ],
        [
            -0.018634378910064697,
            -0.8393481969833374,
            -0.22674910724163055
        ],
        [
            -0.013441089540719986,
            -0.8393189907073975,
            -0.23008279502391815
        ],
        [
            -0.025094617158174515,
            -0.8352019786834717,
            -0.2160540223121643
        ],
        [
            -0.024655751883983612,
            -0.837192177772522,
            -0.21822771430015564
        ],
        [
            -0.0284445658326149,
            -0.8383960723876953,
            -0.21813344955444336
        ],
        [
            -0.028498180210590363,
            -0.8343726396560669,
            -0.21573077142238617
        ],
        [
            -0.026276368647813797,
            -0.8313401341438293,
            -0.21588760614395142
        ],
        [
            -0.024007320404052734,
            -0.8334054350852966,
            -0.21648120880126953
        ],
        [
            -0.012306220829486847,
            -0.8992063403129578,
            -0.24381932616233826
        ],
        [
            -0.01906951144337654,
            -0.8813693523406982,
            -0.24472150206565857
        ],
        [
            0.007230948656797409,
            -0.8951039910316467,
            -0.23830068111419678
        ],
        [
            0.02155528962612152,
            -0.8874673843383789,
            -0.22978456318378448
        ],
        [
            0.03323868289589882,
            -0.8764629364013672,
            -0.22060973942279816
        ],
        [
            0.019139675423502922,
            -0.7760365009307861,
            -0.19928546249866486
        ],
        [
            0.023804213851690292,
            -0.7691642642021179,
            -0.19174695014953613
        ],
        [
            0.03516782075166702,
            -0.7791340351104736,
            -0.1865571141242981
        ],
        [
            0.036493733525276184,
            -0.7709634304046631,
            -0.1778910756111145
        ],
        [
            0.02492615394294262,
            -0.7608044147491455,
            -0.18419605493545532
        ],
        [
            0.016324171796441078,
            -0.7451092004776001,
            -0.17064808309078217
        ],
        [
            0.022528788074851036,
            -0.7522292137145996,
            -0.17691519856452942
        ],
        [
            0.035360850393772125,
            -0.763801097869873,
            -0.16735976934432983
        ],
        [
            0.046898551285266876,
            -0.77923583984375,
            -0.16065791249275208
        ],
        [
            0.045833367854356766,
            -0.7832851409912109,
            -0.17246410250663757
        ],
        [
            0.054481133818626404,
            -0.7972148656845093,
            -0.15605643391609192
        ],
        [
            0.04875844717025757,
            -0.7757929563522339,
            -0.14528901875019073
        ],
        [
            0.055913474410772324,
            -0.7988376617431641,
            -0.14645910263061523
        ],
        [
            0.03966008871793747,
            -0.7412399053573608,
            -0.13198299705982208
        ],
        [
            0.044635653495788574,
            -0.7321151494979858,
            -0.12513186037540436
        ],
        [
            0.05686750262975693,
            -0.7422498464584351,
            -0.11674220860004425
        ],
        [
            0.053717344999313354,
            -0.7512486577033997,
            -0.1248752623796463
        ],
        [
            0.042609985917806625,
            -0.7886241674423218,
            -0.18258413672447205
        ],
        [
            0.03815430402755737,
            -0.8466345071792603,
            -0.20901571214199066
        ],
        [
            0.029538314789533615,
            -0.8438171148300171,
            -0.2170826643705368
        ],
        [
            0.04220564290881157,
            -0.8356964588165283,
            -0.20319990813732147
        ],
        [
            0.04447401314973831,
            -0.9090867042541504,
            -0.2103116512298584
        ],
        [
            0.03248482197523117,
            -0.8997528553009033,
            -0.22190852463245392
        ],
        [
            0.04276285320520401,
            -0.8866521120071411,
            -0.2149236500263214
        ],
        [
            0.0526997409760952,
            -0.896956741809845,
            -0.20484332740306854
        ],
        [
            0.01347612589597702,
            -0.9414159059524536,
            -0.21587872505187988
        ],
        [
            0.0010304972529411316,
            -0.9225652813911438,
            -0.23300771415233612
        ],
        [
            0.01615382917225361,
            -0.9128676056861877,
            -0.22830870747566223
        ],
        [
            0.0279706884175539,
            -0.9276080131530762,
            -0.2154509723186493
        ],
        [
            0.05984218418598175,
            -0.9020047187805176,
            -0.19451075792312622
        ],
        [
            0.0686979815363884,
            -0.908379316329956,
            -0.17914655804634094
        ],
        [
            0.06624478846788406,
            -0.925774335861206,
            -0.1758778691291809
        ],
        [
            0.055065691471099854,
            -0.9199448823928833,
            -0.19459792971611023
        ],
        [
            0.056585341691970825,
            -0.9474865198135376,
            -0.1704045981168747
        ],
        [
            0.04341823607683182,
            -0.9408738613128662,
            -0.19332146644592285
        ],
        [
            0.05968064069747925,
            -0.7889114618301392,
            -0.13106054067611694
        ],
        [
            0.06105860695242882,
            -0.8065179586410522,
            -0.1365867704153061
        ],
        [
            0.04912981390953064,
            -0.7620862722396851,
            -0.1350543051958084
        ],
        [
            0.05985257774591446,
            -0.7739591598510742,
            -0.12425927072763443
        ],
        [
            0.04154359921813011,
            -0.9643386602401733,
            -0.16243037581443787
        ],
        [
            0.026705019176006317,
            -0.9577621221542358,
            -0.19032971560955048
        ],
        [
            0.08026297390460968,
            -0.902113139629364,
            -0.12608446180820465
        ],
        [
            0.07876084744930267,
            -0.9166470766067505,
            -0.13921424746513367
        ],
        [
            0.07818958163261414,
