{
    "pred_cam": [
        1.1331502199172974,
        -0.101106658577919,
        0.1747857928276062
    ],
    "pred_smpl_params": {
        "global_orient": [
            [
                [
                    0.9982174634933472,
                    0.056984007358551025,
                    -0.01773953065276146
                ],
                [
                    0.05802258476614952,
                    -0.9962025284767151,
                    0.06491414457559586
                ],
                [
                    -0.013973098248243332,
                    -0.06582772731781006,
                    -0.9977331161499023
                ]
            ]
        ],
        "body_pose": [
            [
                [
                    0.9980031847953796,
                    -0.06316164880990982,
                    -0.0005050815525464714
                ],
                [
                    0.06140892952680588,
                    0.9683750867843628,
                    0.24182364344596863
                ],
                [
                    -0.014784871600568295,
                    -0.2413717806339264,
                    0.9703201055526733
                ]
            ],
            [
                [
                    0.9987980127334595,
                    0.02686217613518238,
                    0.041000332683324814
                ],
                [
                    -0.035950712859630585,
                    0.9700477719306946,
                    0.2402394413948059
                ],
                [
                    -0.03331891819834709,
                    -0.24142464995384216,
                    0.9698475003242493
                ]
            ],
            [
                [
                    0.9997632503509521,
                    0.016219833865761757,
                    -0.014507505111396313
                ],
                [
                    -0.019051548093557358,
                    0.9745584726333618,
                    -0.22332212328910828
                ],
                [
                    0.010516162030398846,
                    0.2235456258058548,
                    0.9746367335319519
                ]
            ],
            [
                [
                    0.9937605261802673,
                    0.007113286759704351,
                    -0.11130773276090622
                ],
                [
                    -0.07587801665067673,
                    0.7745510339736938,
                    -0.6279436349868774
                ],
                [
                    0.08174677938222885,
                    0.6324714422225952,
                    0.7702580094337463
                ]
            ],
            [
                [
                    0.9906371831893921,
                    -0.03883099555969238,
                    0.1308824121952057
                ],
                [
                    0.11397480219602585,
                    0.7629750370979309,
                    -0.6363008618354797
                ],
                [
                    -0.07515181601047516,
                    0.6452605724334717,
                    0.7602571845054626
                ]
            ],
            [
                [
                    0.9988904595375061,
                    -0.04709427431225777,
                    -0.00011077497765654698
                ],
                [
                    0.04699296876788139,
                    0.9965819120407104,
                    0.06794228404760361
                ],
                [
                    -0.0030892963986843824,
                    -0.06787210702896118,
                    0.9976892471313477
                ]
            ],
            [
                [
                    0.9814728498458862,
                    0.07895973324775696,
                    0.17457516491413116
                ],
                [
                    -0.09548318386077881,
                    0.9915017485618591,
                    0.08835962414741516
                ],
                [
                    -0.1661147028207779,
                    -0.10339155048131943,
                    0.9806713461875916
                ]
            ],
            [
                [
                    0.9808681011199951,
                    -0.06721386313438416,
                    -0.18270215392112732
                ],
                [
                    0.07197258621454239,
                    0.9972152709960938,
                    0.019534075632691383
                ],
                [
                    0.18088042736053467,
                    -0.03230989724397659,
                    0.9829742312431335
                ]
            ],
            [
                [
                    0.9994884133338928,
                    -0.030095823109149933,
                    -0.010820121504366398
                ],
                [
                    0.028880374506115913,
                    0.9946785569190979,
                    -0.09889604151248932
                ],
                [
                    0.013738901354372501,
                    0.09853296726942062,
                    0.9950388669967651
                ]
            ],
            [
                [
                    0.9803165793418884,
                    -0.19491460919380188,
                    -0.03142780065536499
                ],
                [
                    0.1973806917667389,
                    0.9639351963996887,
                    0.17852121591567993
                ],
                [
                    -0.0045020258985459805,
                    -0.18121054768562317,
                    0.9834340214729309
                ]
            ],
            [
                [
                    0.9825985431671143,
                    0.18535299599170685,
                    0.012018848210573196
                ],
                [
                    -0.18415269255638123,
                    0.9637003540992737,
                    0.19331155717372894
                ],
                [
                    0.024248309433460236,
                    -0.1921609342098236,
                    0.9810638427734375
                ]
            ],
            [
                [
                    0.9641178846359253,
                    -0.04211052134633064,
                    -0.26211321353912354
                ],
                [
                    0.05374527722597122,
                    0.9978549480438232,
                    0.037375401705503464
                ],
                [
                    0.2599770724773407,
                    -0.05012164264917374,
                    0.9643130302429199
                ]
            ],
            [
                [
                    0.9115323424339294,
                    0.38222697377204895,
                    0.1516943871974945
                ],
                [
                    -0.37449750304222107,
                    0.9239612221717834,
                    -0.07776372134685516
                ],
                [
                    -0.1698831468820572,
                    0.014074981212615967,
                    0.9853636026382446
                ]
            ],
            [
                [
                    0.9353657364845276,
                    -0.3299846053123474,
                    -0.12728309631347656
                ],
                [
                    0.3335719108581543,
                    0.9426959156990051,
                    0.007358372211456299
                ],
                [
                    0.11756111681461334,
                    -0.04934084042906761,
                    0.9918390512466431
                ]
            ],
            [
                [
                    0.9726011753082275,
                    -0.07190155982971191,
                    -0.22108188271522522
                ],
                [
                    0.03050917200744152,
                    0.9822222590446472,
                    -0.18522579967975616
                ],
                [
                    0.23046956956386566,
                    0.17340579628944397,
                    0.957504153251648
                ]
            ],
            [
                [
                    0.4996744394302368,
                    0.852732241153717,
                    -0.1522277593612671
                ],
                [
                    -0.8638260364532471,
                    0.5035805702209473,
                    -0.014533855952322483
                ],
                [
                    0.06426544487476349,
                    0.1387604922056198,
                    0.9882386326789856
                ]
            ],
            [
                [
                    0.6208299994468689,
                    -0.7609575986862183,
                    0.1884506195783615
                ],
                [
                    0.7680262327194214,
                    0.6385860443115234,
                    0.048411063849925995
                ],
                [
                    -0.15718068182468414,
                    0.1146799772977829,
                    0.9808887839317322
                ]
            ],
            [
                [
                    0.5766730904579163,
                    -0.34003517031669617,
                    -0.7428486943244934
                ],
                [
                    0.3549305498600006,
                    0.9232504963874817,
                    -0.14708076417446136
                ],
                [
                    0.7358481287956238,
                    -0.1788421869277954,
                    0.6531025767326355
                ]
            ],
            [
                [
                    0.3129345774650574,
                    0.39349013566970825,
                    0.8644288778305054
                ],
                [
                    -0.4562003016471863,
                    0.8605495691299438,
                    -0.22657375037670135
                ],
                [
                    -0.8330385088920593,
                    -0.3234499990940094,
                    0.4488060474395752
                ]
            ],
            [
                [
                    0.996725857257843,
                    -0.07716761529445648,
                    0.02414024993777275
                ],
                [
                    0.07392225414514542,
                    0.9906575083732605,
                    0.11459988355636597
                ],
                [
                    -0.03275812417268753,
                    -0.11244016885757446,
                    0.9931183457374573
                ]
            ],
            [
                [
                    0.9885702133178711,
                    0.14987070858478546,
                    -0.016361573711037636
                ],
                [
                    -0.14881043136119843,
                    0.9874173402786255,
                    0.05350201204419136
                ],
                [
                    0.02417408488690853,
                    -0.0504557229578495,
                    0.9984337091445923
                ]
            ],
            [
                [
                    0.9642388224601746,
                    0.2422723025083542,
                    -0.1074594035744667
                ],
                [
                    -0.22863554954528809,
                    0.96544349193573,
                    0.12507881224155426
                ],
                [
                    0.13404910266399384,
                    -0.09603682160377502,
                    0.9863101840019226
                ]
            ],
            [
                [
                    0.9682264924049377,
                    -0.23848941922187805,
                    0.07523494213819504
                ],
                [
                    0.2287074327468872,
                    0.9661549925804138,
                    0.11932120472192764
                ],
                [
                    -0.10114544630050659,
                    -0.09832315891981125,
                    0.9900011420249939
                ]
            ]
        ],
        "betas": [
            -0.003584042191505432,
            -0.013112246990203857,
            0.18360820412635803,
            0.3829033374786377,
            0.001033782958984375,
            0.01684543862938881,
            0.0057305097579956055,
            -0.04609176516532898,
            0.05403865873813629,
            -0.030599653720855713
        ]
    },
    "pred_cam_t": [
        -0.101106658577919,
        0.1747857928276062,
        34.47248077392578
    ],
    "focal_length": [
        5000.0,
        5000.0
    ],
    "pred_keypoints_3d": [
        [
            -0.06337445229291916,
            -0.7988393306732178,
            -0.22278645634651184
        ],
        [
            0.015998536720871925,
            -0.7342385649681091,
            -0.05745851621031761
        ],
        [
            -0.16093876957893372,
            -0.6481865644454956,
            0.00010093674063682556
        ],
        [
            -0.23522421717643738,
            -0.41676878929138184,
            0.07113714516162872
        ],
        [
            -0.38291770219802856,
            -0.34179842472076416,
            -0.12156166136264801
        ],
        [
            0.1931060254573822,
            -0.6443597674369812,
            -0.020964670926332474
        ],
        [
            0.22012211382389069,
            -0.41221901774406433,
            0.09235219657421112
        ],
        [
            0.3275684416294098,
            -0.23027177155017853,
            -0.03821602463722229
        ],
        [
            -0.0020940005779266357,
            -0.22787414491176605,
            0.027875524014234543
        ],
        [
            -0.07406075298786163,
            -0.14170671999454498,
            0.03921780735254288
        ],
        [
            -0.14491726458072662,
            0.2289496511220932,
            -0.020506683737039566
        ],
        [
            -0.1536865532398224,
            0.5491273999214172,
            0.21549870073795319
        ],
        [
            0.06143566220998764,
            -0.13300079107284546,
            0.039814941585063934
        ],
        [
            0.09702923893928528,
            0.23383602499961853,
            -0.022839009761810303
        ],
        [
            0.0873337835073471,
            0.5575535297393799,
            0.20756898820400238
        ],
        [
            -0.07765533030033112,
            -0.8481718301773071,
            -0.18822883069515228
        ],
        [
            -0.022744610905647278,
            -0.8443573713302612,
            -0.22553490102291107
        ],
        [
            -0.05947963893413544,
            -0.8628435134887695,
            -0.08744211494922638
        ],
        [
            0.06439346820116043,
            -0.8540266156196594,
            -0.1687113642692566
        ],
        [
            0.08843725919723511,
            0.6826462745666504,
            0.052229106426239014
        ],
        [
            0.15528276562690735,
            0.6706624031066895,
            0.10238304734230042
        ],
        [
            0.09127004444599152,
            0.5666618943214417,
            0.2785162329673767
        ],
        [
            -0.15374264121055603,
            0.681914746761322,
            0.06803134083747864
        ],
        [
            -0.22649064660072327,
            0.6633726954460144,
            0.11420249938964844
        ],
        [
            -0.15743912756443024,
            0.5614498853683472,
            0.28856393694877625
        ],
        [
            -0.17360100150108337,
            0.49351826310157776,
            0.2138769030570984
        ],
        [
            -0.13619369268417358,
            0.16819308698177338,
            -0.021756766363978386
        ],
        [
            -0.14611878991127014,
            -0.2707579433917999,
            0.04038245230913162
        ],
        [
            0.14425541460514069,
            -0.23849943280220032,
            0.05057410150766373
        ],
        [
            0.10721730440855026,
            0.1941438615322113,
            -0.023273605853319168
        ],
        [
            0.09659165143966675,
            0.5167261958122253,
            0.21515673398971558
        ],
        [
            -0.3612337112426758,
            -0.3728274703025818,
            -0.12534955143928528
        ],
        [
            -0.2635379433631897,
            -0.449765145778656,
            0.05838894098997116
        ],
        [
            -0.12779591977596283,
            -0.6768263578414917,
            -0.0133135374635458
        ],
        [
            0.16035112738609314,
            -0.6750214099884033,
            -0.029328789561986923
        ],
        [
            0.2599102258682251,
            -0.4388597011566162,
            0.06422208249568939
        ],
        [
            0.32930976152420044,
            -0.25329309701919556,
            -0.0414528027176857
        ],
        [
            0.01911992020905018,
            -0.7275856137275696,
            -0.052395012229681015
        ],
        [
            -0.00924241729080677,
            -0.9052048921585083,
            -0.15617351233959198
        ],
        [
            -0.00027516158297657967,
            -0.25452104210853577,
            0.045232877135276794
        ],
        [
            0.016131523996591568,
            -0.6732358932495117,
            -0.02482394501566887
        ],
        [
            0.017552059143781662,
            -0.49833670258522034,
            0.016906440258026123
        ],
        [
            -0.01423334889113903,
            -0.7913269400596619,
            -0.159451425075531
        ],
        [
            -0.010823813267052174,
            -0.926183819770813,
            -0.15078385174274445
        ]
    ],
    "pred_vertices": [
        [
            -0.01670047640800476,
            -0.8881919384002686,
            -0.24434706568717957
        ],
        [
            -0.023710109293460846,
            -0.8731657266616821,
            -0.2426251620054245
        ],
        [
            -0.0094582699239254,
            -0.871473491191864,
            -0.24079841375350952
        ],
        [
            -0.0006359629333019257,
            -0.8836673498153687,
            -0.2388838231563568
        ],
        [
            -0.014917176216840744,
            -0.8616353273391724,
            -0.2405768185853958
        ],
        [
            -0.027255244553089142,
            -0.8619275093078613,
            -0.24096272885799408
        ],
        [
            0.0025349557399749756,
            -0.8679667711257935,
            -0.2343781292438507
        ],
        [
            0.011854037642478943,
            -0.876507043838501,
            -0.23058156669139862
        ],
        [
            0.01607401669025421,
            -0.8361281752586365,
            -0.21883103251457214
        ],
        [
            0.024934398010373116,
            -0.8336549997329712,
            -0.21196259558200836
        ],
        [
            0.023412590846419334,
            -0.8451475501060486,
            -0.21664147078990936
        ],
        [
            0.014197316020727158,
            -0.8446494936943054,
            -0.221439927816391
        ],
        [
            0.020145194604992867,
            -0.8119750022888184,
            -0.20864897966384888
        ],
        [
            0.011268991976976395,
            -0.8012950420379639,
            -0.2098882496356964
        ],
        [
            0.019449371844530106,
            -0.7948892116546631,
            -0.20073950290679932
        ],
        [
            0.027675535529851913,
            -0.8052671551704407,
            -0.19823181629180908
        ],
        [
            -0.030645594000816345,
            -0.8108510971069336,
            -0.21553203463554382
        ],
        [
            -0.024653591215610504,
            -0.804320752620697,
            -0.2160850465297699
        ],
        [
            -0.02164769545197487,
            -0.8108024597167969,
            -0.21911117434501648
        ],
        [
            -0.028018586337566376,
            -0.8166279792785645,
            -0.21772915124893188
        ],
        [
            -0.042601268738508224,
            -0.8194271326065063,
            -0.21786141395568848
        ],
        [
            -0.04045620560646057,
            -0.8255026936531067,
            -0.21702122688293457
        ],
        [
            -0.04752859100699425,
            -0.8282444477081299,
            -0.21955960988998413
        ],
        [
            -0.04941415786743164,
            -0.8211610913276672,
            -0.2215968370437622
        ],
        [
            -0.03482416272163391,
            -0.8061186075210571,
            -0.21131129562854767
        ],
        [
            -0.028134282678365707,
            -0.7993673086166382,
            -0.21177168190479279
        ],
        [
            -0.03611956536769867,
            -0.8163134455680847,
            -0.21554535627365112
        ],
        [
            -0.03834451735019684,
            -0.8116464614868164,
            -0.2153453379869461
        ],
        [
            -0.045702289789915085,
            -0.8033995628356934,
            -0.22075709700584412
        ],
        [
            -0.04405656456947327,
            -0.8082370758056641,
            -0.22147858142852783
        ],
        [
            -0.050777483731508255,
            -0.8078230023384094,
            -0.22556905448436737
        ],
        [
            -0.05096114054322243,
            -0.8027777671813965,
            -0.22301116585731506
        ],
        [
            -0.0385613851249218,
            -0.8049182891845703,
            -0.2143944948911667
        ],
        [
            -0.03981748968362808,
            -0.8069971799850464,
            -0.21774615347385406
        ],
        [
            -0.04276134446263313,
            -0.8029563426971436,
            -0.21746127307415009
        ],
        [
            -0.0420241579413414,
            -0.8017584681510925,
            -0.21352051198482513
        ],
        [
            -0.04432453587651253,
            -0.8146942853927612,
            -0.21889665722846985
        ],
        [
            -0.050605714321136475,
            -0.8149470090866089,
            -0.22348946332931519
        ],
        [
            -0.05776223540306091,
            -0.8148479461669922,
            -0.22762922942638397
        ],
        [
            -0.05783146619796753,
            -0.8059701919555664,
            -0.2289164662361145
        ],
        [
            -0.01006101444363594,
            -0.7921558618545532,
            -0.2127237617969513
        ],
        [
            -0.017712250351905823,
            -0.7980505228042603,
            -0.21558654308319092
        ],
        [
            -0.021491385996341705,
            -0.7934859991073608,
            -0.21190515160560608
        ],
        [
            -0.015163775533437729,
            -0.7885832786560059,
            -0.21050772070884705
        ],
        [
            -0.038697123527526855,
            -0.7994246482849121,
            -0.2105918824672699
        ],
        [
            -0.03344942629337311,
            -0.7837328910827637,
            -0.20855657756328583
        ],
        [
            -0.03386203572154045,
            -0.7873176336288452,
            -0.2099742889404297
        ],
        [
            -0.041205037385225296,
            -0.7874630689620972,
            -0.2103259563446045
        ],
        [
            -0.0401853583753109,
            -0.7841203212738037,
            -0.20922476053237915
        ],
        [
            0.0004996899515390396,
            -0.7802767753601074,
            -0.20395144820213318
        ],
        [
            -0.006616808474063873,
            -0.7782663106918335,
            -0.20481961965560913
        ],
        [
            -0.0039133671671152115,
            -0.7722995281219482,
            -0.2008703500032425
        ],
        [
            0.003581203520298004,
            -0.7734110355377197,
            -0.19825983047485352
        ],
        [
            -0.004208479076623917,
            -0.7670998573303223,
            -0.19730514287948608
        ],
        [
            0.005536708980798721,
            -0.7667819261550903,
            -0.19277851283550262
        ],
        [
            -0.0004135463386774063,
            -0.7538600564002991,
            -0.184565931558609
        ],
        [
            0.003003997728228569,
            -0.7595864534378052,
            -0.1882166564464569
        ],
        [
            -0.0069914571940898895,
            -0.7618321180343628,
            -0.19422200322151184
        ],
        [
            -0.012611255049705505,
            -0.7564677000045776,
            -0.19284212589263916
        ],
        [
            -0.028568565845489502,
            -0.7593499422073364,
            -0.19504156708717346
        ],
        [
            -0.0348992757499218,
            -0.7576357126235962,
            -0.19407065212726593
        ],
        [
            -0.028139609843492508,
            -0.7464052438735962,
            -0.19160206615924835
        ],
        [
            -0.02064535766839981,
            -0.7505096197128296,
            -0.19231276214122772
        ],
        [
            -0.03084886446595192,
            -0.77922523021698,
            -0.2030792534351349
        ],
        [
            -0.026048477739095688,
            -0.7798444032669067,
            -0.20271426439285278
        ],
        [
            -0.027199018746614456,
            -0.7806312441825867,
            -0.205159991979599
        ],
        [
            -0.0325598269701004,
            -0.781030535697937,
            -0.20612725615501404
        ],
        [
            -0.022002961486577988,
            -0.7798316478729248,
            -0.20295774936676025
        ],
        [
            -0.02021948993206024,
            -0.7796940803527832,
            -0.20313760638237
        ],
        [
            -0.021188057959079742,
            -0.7806263566017151,
            -0.20436832308769226
        ],
        [
            -0.022703081369400024,
            -0.7804694771766663,
            -0.20359838008880615
        ],
        [
            -0.024611495435237885,
            -0.7800922393798828,
            -0.20300540328025818
        ],
        [
            -0.02540423348546028,
            -0.7781924605369568,
            -0.20228509604930878
        ],
        [
            -0.022868163883686066,
            -0.7789999842643738,
            -0.20269721746444702
        ],
        [
            -0.029773857444524765,
            -0.7768328189849854,
            -0.20261694490909576
        ],
        [
            -0.04405324533581734,
            -0.7730838060379028,
            -0.20252132415771484
        ],
        [
            -0.04022115468978882,
            -0.7737082242965698,
            -0.203250914812088
        ],
        [
            -0.041581571102142334,
            -0.7783437371253967,
            -0.20293059945106506
        ],
        [
            -0.044829946011304855,
            -0.7781038284301758,
            -0.20239102840423584
        ],
        [
            -0.02381446585059166,
            -0.7821680307388306,
            -0.2055719643831253
        ],
        [
            -0.02154938504099846,
            -0.7835022807121277,
            -0.20686732232570648
        ],
        [
            -0.026890967041254044,
            -0.7854043245315552,
            -0.2085975557565689
        ],
        [
            -0.02720915526151657,
            -0.78303062915802,
            -0.20669156312942505
        ],
        [
            -0.01942157745361328,
            -0.7852208614349365,
            -0.20863105356693268
        ],
        [
            -0.019079402089118958,
            -0.7818233966827393,
            -0.20537810027599335
        ],
        [
            -0.01598014310002327,
            -0.7824803590774536,
            -0.20674876868724823
        ],
        [
            -0.020413845777511597,
            -0.7780081033706665,
            -0.20237775146961212
        ],
        [
            -0.017148684710264206,
            -0.7765759825706482,
            -0.20214636623859406
        ],
        [
            -0.017527863383293152,
            -0.7788240909576416,
            -0.2039780616760254
        ],
        [
            -0.01862916722893715,
            -0.7734901905059814,
            -0.20049431920051575
        ],
        [
            -0.022818658500909805,
            -0.776065468788147,
            -0.20142348110675812
        ],
        [
            -0.027023330330848694,
            -0.7737597823143005,
            -0.20141731202602386
        ],
        [
            -0.03256608173251152,
            -0.7714550495147705,
            -0.20164813101291656
        ],
        [
            -0.028296828269958496,
            -0.7674878835678101,
            -0.19906485080718994
        ],
        [
            -0.022643346339464188,
            -0.7703059911727905,
            -0.19958260655403137
        ],
        [
            -0.025052368640899658,
            -0.7892669439315796,
            -0.21014368534088135
        ],
        [
            -0.012843728065490723,
            -0.7784215211868286,
            -0.2044220119714737
        ],
        [
            -0.010564945638179779,
            -0.7843791842460632,
            -0.20792357623577118
        ],
        [
            -0.011737313121557236,
            -0.7740912437438965,
            -0.20211046934127808
        ],
        [
            -0.01267550140619278,
            -0.7700647115707397,
            -0.19944725930690765
        ],
        [
            -0.01595405489206314,
            -0.766055703163147,
            -0.197394460439682
        ],
        [
            -0.022160228341817856,
            -0.762434184551239,
            -0.1961609572172165
        ],
        [
            -0.01882254332304001,
            -0.7412548065185547,
            -0.18095663189888
        ],
        [
            -0.009992444887757301,
            -0.7466654777526855,
            -0.18301479518413544
        ],
        [
            -0.027257084846496582,
            -0.8557088971138,
            -0.23518399894237518
        ],
        [
            -0.018190491944551468,
            -0.8550996780395508,
            -0.237315833568573
        ],
        [
            -0.014825884252786636,
            -0.8490557074546814,
            -0.23125310242176056
        ],
        [
            -0.013595595955848694,
            -0.8512152433395386,
            -0.23265521228313446
        ],
        [
            -0.019736774265766144,
            -0.8519595265388489,
            -0.23314765095710754
        ],
        [
            -0.019640740007162094,
            -0.849462628364563,
            -0.2314724624156952
        ],
        [
            0.005322910845279694,
            -0.8453903198242188,
            -0.22369498014450073
        ],
        [
            -0.001397453248500824,
            -0.8461513519287109,
            -0.22552379965782166
        ],
        [
            0.00016954168677330017,
            -0.8428606986999512,
            -0.2234790176153183
        ],
        [
            0.007874064147472382,
            -0.8390865921974182,
            -0.22217866778373718
        ],
        [
            -0.009217806160449982,
            -0.8340581059455872,
            -0.2232378125190735
        ],
        [
            -0.0038619451224803925,
            -0.835955023765564,
            -0.2230980396270752
        ],
        [
            -0.009373217821121216,
            -0.841779351234436,
            -0.22533129155635834
        ],
        [
            -0.013261210173368454,
            -0.8403742909431458,
            -0.22549068927764893
        ],
        [
            -0.01751970872282982,
            -0.8395934104919434,
            -0.2251175493001938
        ],
        [
            -0.021731127053499222,
            -0.8394857048988342,
            -0.22402594983577728
        ],
        [
            -0.020769741386175156,
            -0.834593653678894,
            -0.22209277749061584
        ],
        [
            -0.01530492678284645,
            -0.8338647484779358,
            -0.2229052484035492
        ],
        [
            -0.026367194950580597,
            -0.8530439138412476,
            -0.2311558723449707
        ],
        [
            -0.032263707369565964,
            -0.8527865409851074,
            -0.22707295417785645
        ],
        [
            -0.030581757426261902,
            -0.8500211834907532,
            -0.22636140882968903
        ],
        [
            -0.02573304995894432,
            -0.8499568700790405,
            -0.23014596104621887
        ],
        [
            -0.03607907146215439,
            -0.8459455370903015,
            -0.21506765484809875
        ],
        [
            -0.035819824784994125,
            -0.8479406833648682,
            -0.217271625995636
        ],
        [
            -0.03961079195141792,
            -0.8491825461387634,
            -0.21679359674453735
        ],
        [
            -0.03947678208351135,
            -0.8451120853424072,
            -0.2144124060869217
        ],
        [
            -0.03728072717785835,
            -0.8420439958572388,
            -0.21480317413806915
        ],
        [
            -0.0350566990673542,
            -0.8441154360771179,
            -0.21561262011528015
        ],
        [
            -0.025620143860578537,
            -0.9095145463943481,
            -0.2441261261701584
        ],
        [
            -0.0323808528482914,
            -0.8917683959007263,
            -0.2442454993724823
        ],
        [
            -0.005574770271778107,
            -0.9053585529327393,
            -0.24039746820926666
        ],
        [
            0.009406767785549164,
            -0.8977416753768921,
            -0.2331460416316986
        ],
        [
            0.02193658985197544,
            -0.8867501020431519,
            -0.22516420483589172
        ],
        [
            0.009743893519043922,
            -0.7861266136169434,
            -0.20261245965957642
        ],
        [
            0.01518588699400425,
            -0.7791553735733032,
            -0.1954754739999771
        ],
        [
            0.027041098102927208,
            -0.7892168164253235,
            -0.19137625396251678
        ],
        [
            0.029274867847561836,
            -0.7808918356895447,
            -0.18270909786224365
        ],
        [
            0.017114847898483276,
            -0.7706832885742188,
            -0.1879768669605255
        ],
        [
            0.00982675701379776,
            -0.7549542188644409,
            -0.17364421486854553
        ],
        [
            0.015437218360602856,
            -0.7620973587036133,
            -0.18041032552719116
        ],
        [
            0.02918800711631775,
            -0.7736470699310303,
            -0.17185549437999725
        ],
        [
            0.04131508246064186,
            -0.7891556024551392,
            -0.16619829833507538
        ],
        [
            0.03918648883700371,
            -0.793316125869751,
            -0.17824536561965942
        ],
        [
            0.049339599907398224,
            -0.8071945905685425,
            -0.16214793920516968
        ],
        [
            0.044794656336307526,
            -0.7856090068817139,
            -0.15062905848026276
        ],
        [
            0.05186118930578232,
            -0.808709979057312,
            -0.15244105458259583
        ],
        [
            0.03711708262562752,
            -0.7503815293312073,
            -0.1355680525302887
        ],
        [
            0.04269710183143616,
            -0.7410383820533752,
            -0.12838336825370789
        ],
        [
            0.05536958947777748,
            -0.7513049840927124,
            -0.12047985196113586
        ],
        [
            0.05164801701903343,
            -0.7604535222053528,
            -0.1291753053665161
        ],
        [
            0.03486020117998123,
            -0.7987366318702698,
            -0.18816757202148438
        ],
        [
            0.027921203523874283,
            -0.8569095730781555,
            -0.21401755511760712
        ],
        [
            0.018539926037192345,
            -0.8541005849838257,
            -0.22135141491889954
        ],
        [
            0.03260572999715805,
            -0.8459138870239258,
            -0.208589568734169
        ],
        [
            0.034043509513139725,
            -0.9190957546234131,
            -0.2161465734243393
        ],
        [
            0.021120784804224968,
            -0.9098955392837524,
            -0.22661331295967102
        ],
        [
            0.03199532628059387,
            -0.8968204259872437,
            -0.2204999476671219
        ],
        [
            0.04291512817144394,
            -0.907111644744873,
            -0.2114664912223816
        ],
        [
            0.002558864653110504,
            -0.9514201879501343,
            -0.21889258921146393
        ],
        [
            -0.011322151869535446,
            -0.932710587978363,
            -0.2346804141998291
        ],
        [
            0.004154566675424576,
            -0.92299485206604,
            -0.2313736081123352
        ],
        [
            0.017006002366542816,
            -0.9375643730163574,
            -0.21972522139549255
        ],
        [
            0.050862349569797516,
            -0.9121134281158447,
            -0.20187976956367493
        ],
        [
            0.06116710603237152,
            -0.918550968170166,
            -0.18742495775222778
        ],
        [
            0.059093162417411804,
            -0.9361358880996704,
            -0.18436184525489807
        ],
        [
            0.04611056298017502,
            -0.9299811720848083,
            -0.20181791484355927
        ],
        [
            0.04999643191695213,
            -0.9579249620437622,
            -0.17813579738140106
        ],
        [
            0.034568917006254196,
            -0.9511080980300903,
            -0.19953711330890656
        ],
        [
            0.05697549134492874,
            -0.7986594438552856,
            -0.136851966381073
        ],
        [
            0.057804208248853683,
            -0.8163758516311646,
            -0.14281952381134033
        ],
        [
            0.0462491400539875,
            -0.7715681791305542,
            -0.13979676365852356
        ],
        [
            0.05770658701658249,
            -0.7834705114364624,
            -0.12949489057064056
        ],
        [
            0.03574717789888382,
            -0.9752718210220337,
            -0.1688133031129837
        ],
        [
            0.018086832016706467,
            -0.9681615829467773,
            -0.19512099027633667
        ],
        [
            0.07810552418231964,
            -0.9123660326004028,
            -0.13536745309829712
        ],
        [
            0.07525606453418732,
            -0.9268878698348999,
            -0.14871129393577576
        ],
        [
            0.07335145026445389,
