{
    "pred_cam": [
        1.1147685050964355,
        -0.08306839317083359,
        0.14825356006622314
    ],
    "pred_smpl_params": {
        "global_orient": [
            [
                [
                    0.9986138343811035,
                    0.04820605739951134,
                    -0.021132830530405045
                ],
                [
                    0.0495903342962265,
                    -0.996258020401001,
                    0.07078657299280167
                ],
                [
                    -0.01764141023159027,
                    -0.07173643261194229,
                    -0.9972676038742065
                ]
            ]
        ],
        "body_pose": [
            [
                [
                    0.9982590079307556,
                    -0.058006566017866135,
                    0.010681836865842342
                ],
                [
                    0.05450715497136116,
                    0.9764641523361206,
                    0.20867866277694702
                ],
                [
                    -0.022535163909196854,
                    -0.2077331393957138,
                    0.9779258966445923
                ]
            ],
            [
                [
                    0.998528242111206,
                    0.02462449111044407,
                    0.04832223802804947
                ],
                [
                    -0.03471612557768822,
                    0.9747331738471985,
                    0.22065803408622742
                ],
                [
                    -0.041667692363262177,
                    -0.22201083600521088,
                    0.974153459072113
                ]
            ],
            [
                [
                    0.9997351765632629,
                    0.005312461871653795,
                    -0.022392747923731804
                ],
                [
                    -0.009882435202598572,
                    0.9778168797492981,
                    -0.20922815799713135
                ],
                [
                    0.020784489810466766,
                    0.20939402282238007,
                    0.9776104092597961
                ]
            ],
            [
                [
                    0.9941236972808838,
                    0.0004774205444846302,
                    -0.10824882984161377
                ],
                [
                    -0.0639205351471901,
                    0.809625506401062,
                    -0.5834557414054871
                ],
                [
                    0.08736248314380646,
                    0.5869465470314026,
                    0.8048984408378601
                ]
            ],
            [
                [
                    0.9908484220504761,
                    -0.027908286079764366,
                    0.1320628523826599
                ],
                [
                    0.10450603067874908,
                    0.7778366208076477,
                    -0.6197166442871094
                ],
                [
                    -0.08542810380458832,
                    0.6278465390205383,
                    0.7736347913742065
                ]
            ],
            [
                [
                    0.9993380308151245,
                    -0.03594665974378586,
                    -0.005593537352979183
                ],
                [
                    0.036166056990623474,
                    0.9982895255088806,
                    0.04593561589717865
                ],
                [
                    0.003932737745344639,
                    -0.04610750451683998,
                    0.9989287257194519
                ]
            ],
            [
                [
                    0.9817132949829102,
                    0.09194881469011307,
                    0.16668634116649628
                ],
                [
                    -0.10389885306358337,
                    0.9924986958503723,
                    0.06443139165639877
                ],
                [
                    -0.15951158106327057,
                    -0.08057168126106262,
                    0.9839025139808655
                ]
            ],
            [
                [
                    0.9830968379974365,
                    -0.07042379677295685,
                    -0.16900087893009186
                ],
                [
                    0.07204416394233704,
                    0.9973954558372498,
                    0.0034676878713071346
                ],
                [
                    0.16831649839878082,
                    -0.015584603883326054,
                    0.9856099486351013
                ]
            ],
            [
                [
                    0.9996554851531982,
                    -0.01955229602754116,
                    -0.01751118153333664
                ],
                [
                    0.01773882284760475,
                    0.9949964284896851,
                    -0.09832313656806946
                ],
                [
                    0.019346006214618683,
                    0.0979786366224289,
                    0.9950004816055298
                ]
            ],
            [
                [
                    0.9762840270996094,
                    -0.21209540963172913,
                    -0.04341795668005943
                ],
                [
                    0.2164131999015808,
                    0.9615666270256042,
                    0.16898208856582642
                ],
                [
                    0.005908932536840439,
                    -0.17437072098255157,
                    0.9846624135971069
                ]
            ],
            [
                [
                    0.9827154278755188,
                    0.18465428054332733,
                    0.013161253184080124
                ],
                [
                    -0.18323156237602234,
                    0.960078775882721,
                    0.21136435866355896
                ],
                [
                    0.02639349177479744,
                    -0.21012255549430847,
                    0.9773187041282654
                ]
            ],
            [
                [
                    0.9775425791740417,
                    -0.027641771361231804,
                    -0.20891696214675903
                ],
                [
                    0.03484933450818062,
                    0.998914897441864,
                    0.030897106975317
                ],
                [
                    0.20783621072769165,
                    -0.037483859807252884,
                    0.977445125579834
                ]
            ],
            [
                [
                    0.914796769618988,
                    0.36733874678611755,
                    0.1679554432630539
                ],
                [
                    -0.3575628399848938,
                    0.9298958778381348,
                    -0.08626961708068848
                ],
                [
                    -0.18787126243114471,
                    0.018864542245864868,
                    0.9820124506950378
                ]
            ],
            [
                [
                    0.9295545816421509,
                    -0.33118608593940735,
                    -0.1619998961687088
                ],
                [
                    0.33066698908805847,
                    0.9432396292686462,
                    -0.03095584362745285
                ],
                [
                    0.163056880235672,
                    -0.02479287050664425,
                    0.9863049983978271
                ]
            ],
            [
                [
                    0.9830939173698425,
                    -0.043177280575037,
                    -0.17793840169906616
                ],
                [
                    0.013217665255069733,
                    0.9859985709190369,
                    -0.1662290394306183
                ],
                [
                    0.18262432515621185,
                    0.16106683015823364,
                    0.9698998928070068
                ]
            ],
            [
                [
                    0.4935842752456665,
                    0.8588047027587891,
                    -0.1372188776731491
                ],
                [
                    -0.8682838082313538,
                    0.4956032931804657,
                    -0.021460825577378273
                ],
                [
                    0.04957546293735504,
                    0.12973766028881073,
                    0.9903082251548767
                ]
            ],
            [
                [
                    0.5454124212265015,
                    -0.8146898746490479,
                    0.1969917267560959
                ],
                [
                    0.8320891261100769,
                    0.5545443296432495,
                    -0.010406884364783764
                ],
                [
                    -0.1007622629404068,
                    0.16959071159362793,
                    0.9803499579429626
                ]
            ],
            [
                [
                    0.5125967860221863,
                    -0.33973532915115356,
                    -0.7885584235191345
                ],
                [
                    0.3582635521888733,
                    0.9192536473274231,
                    -0.163156196475029
                ],
                [
                    0.7803151607513428,
                    -0.19887840747833252,
                    0.592921257019043
                ]
            ],
            [
                [
                    0.0790167897939682,
                    0.42850086092948914,
                    0.9000795483589172
                ],
                [
                    -0.3605177104473114,
                    0.8540726900100708,
                    -0.37494897842407227
                ],
                [
                    -0.9293994307518005,
                    -0.2948673665523529,
                    0.22196823358535767
                ]
            ],
            [
                [
                    0.9945975542068481,
                    -0.10222005844116211,
                    0.01807871088385582
                ],
                [
                    0.09976709634065628,
                    0.9893970489501953,
                    0.10554570704698563
                ],
                [
                    -0.02867591381072998,
                    -0.10317183285951614,
                    0.9942500591278076
                ]
            ],
            [
                [
                    0.9851589798927307,
                    0.1715400367975235,
                    -0.005988850723952055
                ],
                [
                    -0.17001450061798096,
                    0.9800062775611877,
                    0.1033577099442482
                ],
                [
                    0.02359909377992153,
                    -0.10080557316541672,
                    0.9946262836456299
                ]
            ],
            [
                [
                    0.9618113040924072,
                    0.25259125232696533,
                    -0.10543552041053772
                ],
                [
                    -0.23846876621246338,
                    0.9623829126358032,
                    0.13019855320453644
                ],
                [
                    0.13435637950897217,
                    -0.1000833585858345,
                    0.9858658909797668
                ]
            ],
            [
                [
                    0.9660941958427429,
                    -0.24845199286937714,
                    0.0702400878071785
                ],
                [
                    0.23882095515727997,
                    0.9632967710494995,
                    0.12257186323404312
                ],
                [
                    -0.09811527281999588,
                    -0.10164115577936172,
                    0.9899709820747375
                ]
            ]
        ],
        "betas": [
            -0.05953246355056763,
            -0.12549161911010742,
            0.13921812176704407,
            0.13378433883190155,
            0.015660405158996582,
            0.03413507714867592,
            0.03898176550865173,
            -0.08877056837081909,
            0.037562981247901917,
            -0.019911885261535645
        ]
    },
    "pred_cam_t": [
        -0.08306839317083359,
        0.14825356006622314,
        35.04090881347656
    ],
    "focal_length": [
        5000.0,
        5000.0
    ],
    "pred_keypoints_3d": [
        [
            -0.054901473224163055,
            -0.7895114421844482,
            -0.2278282642364502
        ],
        [
            0.0125811155885458,
            -0.7281912565231323,
            -0.056501470506191254
        ],
        [
            -0.16213172674179077,
            -0.6466693878173828,
            0.007793214172124863
        ],
        [
            -0.20900067687034607,
            -0.4180525839328766,
            0.1053989976644516
        ],
        [
            -0.32197582721710205,
            -0.352144330739975,
            -0.11165450513362885
        ],
        [
            0.18902605772018433,
            -0.6403000950813293,
            -0.023174449801445007
        ],
        [
            0.2181265503168106,
            -0.41323357820510864,
            0.0983729436993599
        ],
        [
            0.32523268461227417,
            -0.23922845721244812,
            -0.04139482229948044
        ],
        [
            -0.0018380646361038089,
            -0.2252378761768341,
            0.028907418251037598
        ],
        [
            -0.0741121768951416,
            -0.13847112655639648,
            0.04061710834503174
        ],
        [
            -0.14072346687316895,
            0.23362523317337036,
            -0.008700225502252579
        ],
        [
            -0.1519462913274765,
            0.5521923303604126,
            0.2284538298845291
        ],
        [
            0.06368037313222885,
            -0.13091781735420227,
            0.040796518325805664
        ],
        [
            0.099582739174366,
            0.2375890016555786,
            -0.005771271884441376
        ],
        [
            0.09253261983394623,
            0.564527690410614,
            0.21908912062644958
        ],
        [
            -0.07165791094303131,
            -0.8393937945365906,
            -0.19593274593353271
        ],
        [
            -0.013595126569271088,
            -0.834281325340271,
            -0.2278534322977066
        ],
        [
            -0.062232762575149536,
            -0.8555706739425659,
            -0.09405174851417542
        ],
        [
            0.0678931474685669,
            -0.8439777493476868,
            -0.16401582956314087
        ],
        [
            0.0927436500787735,
            0.6917331218719482,
            0.06589514017105103
        ],
        [
            0.15990686416625977,
            0.677839994430542,
            0.11453306674957275
        ],
        [
            0.09602309763431549,
            0.5734122395515442,
            0.2899182140827179
        ],
        [
            -0.1473619043827057,
            0.6866474151611328,
            0.08450552821159363
        ],
        [
            -0.2216356247663498,
            0.6686446666717529,
            0.1278112679719925
        ],
        [
            -0.1565791517496109,
            0.5635334253311157,
            0.3016495704650879
        ],
        [
            -0.17196619510650635,
            0.49698495864868164,
            0.22640550136566162
        ],
        [
            -0.1326141655445099,
            0.17295363545417786,
            -0.011108547449111938
        ],
        [
            -0.14836512506008148,
            -0.2667887806892395,
            0.04134570062160492
        ],
        [
            0.14661921560764313,
            -0.23660016059875488,
            0.050745926797389984
        ],
        [
            0.11005274206399918,
            0.19769610464572906,
            -0.007038545794785023
        ],
        [
            0.10134344547986984,
            0.5237000584602356,
            0.22719499468803406
        ],
        [
            -0.3014570474624634,
            -0.3849044144153595,
            -0.10936462879180908
        ],
        [
            -0.24094973504543304,
            -0.4482923746109009,
            0.08933006972074509
        ],
        [
            -0.12851695716381073,
            -0.673550009727478,
            -0.007534477859735489
        ],
        [
            0.15675440430641174,
            -0.670401394367218,
            -0.030879734084010124
        ],
        [
            0.258090078830719,
            -0.44013261795043945,
            0.0692727118730545
        ],
        [
            0.3266851305961609,
            -0.2628178596496582,
            -0.043932538479566574
        ],
        [
            0.015338705852627754,
            -0.7222540378570557,
            -0.05192163214087486
        ],
        [
            -0.005322332493960857,
            -0.8962548971176147,
            -0.15817977488040924
        ],
        [
            -5.46686933375895e-05,
            -0.2516632080078125,
            0.04585259035229683
        ],
        [
            0.013255707919597626,
            -0.6691844463348389,
            -0.023338085040450096
        ],
        [
            0.014609917998313904,
            -0.49538132548332214,
            0.02022748813033104
        ],
        [
            -0.011856535449624062,
            -0.7824221849441528,
            -0.16033907234668732
        ],
        [
            -0.006828428246080875,
            -0.9173609018325806,
            -0.1533542275428772
        ]
    ],
    "pred_vertices": [
        [
            -0.005491504445672035,
            -0.8780540823936462,
            -0.24683621525764465
        ],
        [
            -0.012920340523123741,
            -0.8630959987640381,
            -0.24547220766544342
        ],
        [
            0.0010514920577406883,
            -0.8612576723098755,
            -0.24234715104103088
        ],
        [
            0.009915188886225224,
            -0.8733359575271606,
            -0.23985525965690613
        ],
        [
            -0.00451897457242012,
            -0.8514058589935303,
            -0.24234910309314728
        ],
        [
            -0.016705652698874474,
            -0.8518714904785156,
            -0.24378809332847595
        ],
        [
            0.012387708760797977,
            -0.8576019406318665,
            -0.2348456084728241
        ],
        [
            0.0215438399463892,
            -0.8660871982574463,
            -0.23041537404060364
        ],
        [
            0.024195104837417603,
            -0.8257548809051514,
            -0.21766604483127594
        ],
        [
            0.03240206837654114,
            -0.8232426643371582,
            -0.21002234518527985
        ],
        [
            0.03133722022175789,
            -0.8346989154815674,
            -0.21495017409324646
        ],
        [
            0.022561535239219666,
            -0.8342365026473999,
            -0.22051715850830078
        ],
        [
            0.026990486308932304,
            -0.8017252087593079,
            -0.2069276124238968
        ],
        [
            0.018119975924491882,
            -0.791133463382721,
            -0.20878353714942932
        ],
        [
            0.025268474593758583,
            -0.7848321199417114,
            -0.1988511085510254
        ],
        [
            0.033362794667482376,
            -0.7950960397720337,
            -0.19572898745536804
        ],
        [
            -0.02279837802052498,
            -0.8010482788085938,
            -0.2181495577096939
        ],
        [
            -0.01693873293697834,
            -0.7944861054420471,
            -0.2180498242378235
        ],
        [
            -0.013560835272073746,
            -0.8008490800857544,
            -0.22094890475273132
        ],
        [
            -0.019897405058145523,
            -0.8067457675933838,
            -0.22019082307815552
        ],
        [
            -0.03436564654111862,
            -0.8097219467163086,
            -0.22154903411865234
        ],
        [
            -0.03223529830574989,
            -0.8157777786254883,
            -0.22064094245433807
        ],
        [
            -0.039006248116493225,
            -0.8185756802558899,
            -0.22375380992889404
        ],
        [
            -0.040786031633615494,
            -0.8115179538726807,
            -0.22581210732460022
        ],
        [
            -0.027370911091566086,
            -0.7964844703674316,
            -0.21412892639636993
        ],
        [
            -0.020858868956565857,
            -0.789739191532135,
            -0.21386553347110748
        ],
        [
            -0.0281231589615345,
            -0.806543231010437,
            -0.21868880093097687
        ],
        [
            -0.030450183898210526,
            -0.8019468784332275,
            -0.2185409814119339
        ],
        [
            -0.03740738332271576,
            -0.7937441468238831,
            -0.2243790328502655
        ],
        [
            -0.035629693418741226,
            -0.7985414266586304,
            -0.22501766681671143
        ],
        [
            -0.041952088475227356,
            -0.7982001304626465,
            -0.22962048649787903
        ],
        [
            -0.04243895411491394,
            -0.7931685447692871,
            -0.22705158591270447
        ],
        [
            -0.03083162009716034,
            -0.7952561378479004,
            -0.21748055517673492
        ],
        [
            -0.031754810363054276,
            -0.7972863912582397,
            -0.22094032168388367
        ],
        [
            -0.03478727862238884,
            -0.7933100461959839,
            -0.22083023190498352
        ],
        [
            -0.03444381803274155,
            -0.7921927571296692,
            -0.21681267023086548
        ],
        [
            -0.03603152558207512,
            -0.8050115704536438,
            -0.22256959974765778
        ],
        [
            -0.041854504495859146,
            -0.805314302444458,
            -0.22766469419002533
        ],
        [
            -0.048612628132104874,
            -0.8052912950515747,
            -0.23234471678733826
        ],
        [
            -0.048733554780483246,
            -0.7964438796043396,
            -0.23351091146469116
        ],
        [
            -0.0029939906671643257,
            -0.7823128700256348,
            -0.21324199438095093
        ],
        [
            -0.010187704116106033,
            -0.7881914973258972,
            -0.21683838963508606
        ],
        [
            -0.014378899708390236,
            -0.7838413715362549,
            -0.21329940855503082
        ],
        [
            -0.008331326767802238,
            -0.7789376974105835,
            -0.2112850844860077
        ],
        [
            -0.03146974742412567,
            -0.7899206876754761,
            -0.2135932445526123
        ],
        [
            -0.02678132802248001,
            -0.774366021156311,
            -0.21088118851184845
        ],
        [
            -0.026990462094545364,
            -0.7779042720794678,
            -0.21232008934020996
        ],
        [
            -0.03427251800894737,
            -0.7781386971473694,
            -0.2133297175168991
        ],
        [
            -0.033427644520998,
            -0.7748264074325562,
            -0.21215026080608368
        ],
        [
            0.006455868016928434,
            -0.7705928683280945,
            -0.20340639352798462
        ],
        [
            -0.0005807513371109962,
            -0.7687416076660156,
            -0.20470279455184937
        ],
        [
            0.0015849517658352852,
            -0.7628501057624817,
            -0.20050325989723206
        ],
        [
            0.008776754140853882,
            -0.7638620138168335,
            -0.19741816818714142
        ],
        [
            0.0007390454411506653,
            -0.7578088045120239,
            -0.19693656265735626
        ],
        [
            0.010001471266150475,
            -0.7574105858802795,
            -0.1916891634464264
        ],
        [
            0.0031009651720523834,
            -0.744803786277771,
            -0.18378865718841553
        ],
        [
            0.006913859397172928,
            -0.7503505945205688,
            -0.18728169798851013
        ],
        [
            -0.002402009442448616,
            -0.752716600894928,
            -0.19399352371692657
        ],
        [
            -0.008221128955483437,
            -0.7474818229675293,
            -0.192973330616951
        ],
        [
            -0.023650651797652245,
            -0.7503921985626221,
            -0.19664329290390015
        ],
        [
            -0.030027538537979126,
            -0.7487646341323853,
            -0.19617179036140442
        ],
        [
            -0.023806259036064148,
            -0.7375482320785522,
            -0.192914217710495
        ],
        [
            -0.016340317204594612,
            -0.7416479587554932,
            -0.19301529228687286
        ],
        [
            -0.02474542148411274,
            -0.7699340581893921,
            -0.20519135892391205
        ],
        [
            -0.019985267892479897,
            -0.7705076932907104,
            -0.20440450310707092
        ],
        [
            -0.020881609991192818,
            -0.7712373733520508,
            -0.2069534808397293
        ],
        [
            -0.026117369532585144,
            -0.7716845870018005,
            -0.20839425921440125
        ],
        [
            -0.01596466824412346,
            -0.7704777717590332,
            -0.20426110923290253
        ],
        [
            -0.014183424413204193,
            -0.7703227996826172,
            -0.20426404476165771
        ],
        [
            -0.014997027814388275,
            -0.7712113857269287,
            -0.20559626817703247
        ],
        [
            -0.01654532179236412,
            -0.7710921168327332,
            -0.20495998859405518
        ],
        [
            -0.018514202907681465,
            -0.7707539200782776,
            -0.20454275608062744
        ],
        [
            -0.019413763657212257,
            -0.7689181566238403,
            -0.20387020707130432
        ],
        [
            -0.016875755041837692,
            -0.7696818113327026,
            -0.20406678318977356
        ],
        [
            -0.02376035414636135,
            -0.7676223516464233,
            -0.20457586646080017
        ],
        [
            -0.038076192140579224,
            -0.7640050649642944,
            -0.20567867159843445
        ],
        [
            -0.03417510539293289,
            -0.7645877599716187,
            -0.2061069905757904
        ],
        [
            -0.03544024005532265,
            -0.769192099571228,
            -0.20594581961631775
        ],
        [
            -0.038770876824855804,
            -0.768993079662323,
            -0.2056969255208969
        ],
        [
            -0.017469201236963272,
            -0.772737979888916,
            -0.20704931020736694
        ],
        [
            -0.015064863488078117,
            -0.7740228176116943,
            -0.20811690390110016
        ],
        [
            -0.020171547308564186,
            -0.7759538888931274,
            -0.21031418442726135
        ],
        [
            -0.020710255950689316,
            -0.7736116647720337,
            -0.20846714079380035
        ],
        [
            -0.01276463270187378,
            -0.7756765484809875,
            -0.20969928801059723
        ],
        [
            -0.012800203636288643,
            -0.7723793387413025,
            -0.20639806985855103
        ],
        [
            -0.009653165936470032,
            -0.7729767560958862,
            -0.20750753581523895
        ],
        [
            -0.014492234215140343,
            -0.7686915397644043,
            -0.20350325107574463
        ],
        [
            -0.011320231482386589,
            -0.7672545313835144,
            -0.20293277502059937
        ],
        [
            -0.01146303303539753,
            -0.7694275975227356,
            -0.2048289179801941
        ],
        [
            -0.01300981268286705,
            -0.7642585635185242,
            -0.20139271020889282
        ],
        [
            -0.017009349539875984,
            -0.7668280601501465,
            -0.20275020599365234
        ],
        [
            -0.02123267389833927,
            -0.764594554901123,
            -0.20310595631599426
        ],
        [
            -0.026766058057546616,
            -0.7623342275619507,
            -0.2038312703371048
        ],
        [
            -0.02284524030983448,
            -0.7583962678909302,
            -0.20083168148994446
        ],
        [
            -0.017133355140686035,
            -0.761155366897583,
            -0.20083266496658325
        ],
        [
            -0.018173053860664368,
            -0.7797423601150513,
            -0.21174843609333038
        ],
        [
            -0.006785666570067406,
            -0.7689976692199707,
            -0.20481137931346893
        ],
        [
            -0.004090001806616783,
            -0.7747982144355774,
            -0.2082219421863556
        ],
        [
            -0.00600962620228529,
            -0.7647446393966675,
            -0.20235630869865417
        ],
        [
            -0.007295283488929272,
            -0.7608295679092407,
            -0.19975395500659943
        ],
        [
            -0.01088952086865902,
            -0.7569417953491211,
            -0.19798293709754944
        ],
        [
            -0.017145641148090363,
            -0.7533926963806152,
            -0.19729384779930115
        ],
        [
            -0.01562531478703022,
            -0.7323734760284424,
            -0.18144631385803223
        ],
        [
            -0.006677876226603985,
            -0.7377421855926514,
            -0.18289147317409515
        ],
        [
            -0.017193332314491272,
            -0.8455554246902466,
            -0.23807963728904724
        ],
        [
            -0.008046707138419151,
            -0.844818651676178,
            -0.23939593136310577
        ],
        [
            -0.005248896777629852,
            -0.8387793302536011,
            -0.23298677802085876
        ],
        [
            -0.0038499850779771805,
            -0.8409185409545898,
            -0.2343015819787979
        ],
        [
            -0.009932875633239746,
            -0.84172123670578,
            -0.23534956574440002
        ],
        [
            -0.009995555505156517,
            -0.8392655849456787,
            -0.23359355330467224
        ],
        [
            0.014046266674995422,
            -0.8350200057029724,
            -0.22354255616664886
        ],
        [
            0.007548180408775806,
            -0.8358259201049805,
            -0.2260041981935501
        ],
        [
            0.0088578499853611,
            -0.8325463533401489,
            -0.223776713013649
        ],
        [
            0.016353849321603775,
            -0.8287127614021301,
            -0.2217545509338379
        ],
        [
            -0.0005848072469234467,
            -0.8238988518714905,
            -0.22423800826072693
        ],
        [
            0.004721583798527718,
            -0.8257306218147278,
            -0.22364534437656403
        ],
        [
            -0.00043419376015663147,
            -0.8315742015838623,
            -0.22646014392375946
        ],
        [
            -0.004286888986825943,
            -0.8302092552185059,
            -0.2269601821899414
        ],
        [
            -0.008551036939024925,
            -0.8294804096221924,
            -0.22693566977977753
        ],
        [
            -0.012855855748057365,
            -0.8294343948364258,
            -0.22623290121555328
        ],
        [
            -0.012118496000766754,
            -0.8245561718940735,
            -0.22414188086986542
        ],
        [
            -0.006635010242462158,
            -0.8237717151641846,
            -0.2244504988193512
        ],
        [
            -0.016635701060295105,
            -0.8429291248321533,
            -0.23390035331249237
        ],
        [
            -0.02290596067905426,
            -0.8427809476852417,
            -0.2303832471370697
        ],
        [
            -0.021305911242961884,
            -0.8400260806083679,
            -0.22945250570774078
        ],
        [
            -0.016147110611200333,
            -0.8398442268371582,
            -0.23282402753829956
        ],
        [
            -0.027792271226644516,
            -0.83612060546875,
            -0.2187098264694214
        ],
        [
            -0.027317781001329422,
            -0.8380914926528931,
            -0.22089889645576477
        ],
        [
            -0.031088311225175858,
            -0.8393393754959106,
            -0.22080937027931213
        ],
        [
            -0.031221579760313034,
            -0.8353461027145386,
            -0.21836040914058685
        ],
        [
            -0.02906886860728264,
            -0.8322572708129883,
            -0.21849486231803894
        ],
        [
            -0.026758495718240738,
            -0.8342859745025635,
            -0.21912764012813568
        ],
        [
            -0.014000855386257172,
            -0.899608850479126,
            -0.24757453799247742
        ],
        [
            -0.0209948793053627,
            -0.8819093704223633,
            -0.24808356165885925
        ],
        [
            0.005552692338824272,
            -0.8952368497848511,
            -0.2420634925365448
        ],
        [
            0.019688988104462624,
            -0.8875176906585693,
            -0.2333865463733673
        ],
        [
            0.0312877893447876,
            -0.8762527704238892,
            -0.22419443726539612
        ],
        [
            0.01562870293855667,
            -0.7762846350669861,
            -0.2014114260673523
        ],
        [
            0.020222099497914314,
            -0.7694149017333984,
            -0.19379779696464539
        ],
        [
            0.03179221972823143,
            -0.7792930603027344,
            -0.1887865662574768
        ],
        [
            0.033022522926330566,
            -0.7711691856384277,
            -0.17999309301376343
        ],
        [
            0.021234609186649323,
            -0.7611351013183594,
            -0.18610194325447083
        ],
        [
            0.012384472414851189,
            -0.7456514835357666,
            -0.17233429849147797
        ],
        [
            0.01869257725775242,
            -0.7526636123657227,
            -0.1787046492099762
        ],
        [
            0.031851500272750854,
            -0.7641104459762573,
            -0.16934749484062195
        ],
        [
            0.04376449063420296,
            -0.7794580459594727,
            -0.1629217267036438
        ],
        [
            0.0426512137055397,
            -0.7833836078643799,
            -0.17482377588748932
        ],
        [
            0.05169394984841347,
            -0.7973704934120178,
            -0.15856832265853882
        ],
        [
            0.045734964311122894,
            -0.7760686874389648,
            -0.14757415652275085
        ],
        [
            0.05321568250656128,
            -0.7991151809692383,
            -0.1488649845123291
        ],
        [
            0.035962820053100586,
            -0.7419610023498535,
            -0.13384084403514862
        ],
        [
            0.04078567028045654,
            -0.7330580949783325,
            -0.126909539103508
        ],
        [
            0.05327804386615753,
            -0.7433213591575623,
            -0.11874088644981384
        ],
        [
            0.050271496176719666,
            -0.7520526051521301,
            -0.12689296901226044
        ],
        [
            0.03945689648389816,
            -0.7886563539505005,
            -0.18499210476875305
        ],
        [
            0.03579302504658699,
            -0.846443772315979,
            -0.21222542226314545
        ],
        [
            0.027081340551376343,
            -0.8435776233673096,
            -0.22023026645183563
        ],
        [
            0.03972906246781349,
            -0.835451066493988,
            -0.20615562796592712
        ],
        [
            0.043062563985586166,
            -0.9088799953460693,
            -0.2143697291612625
        ],
        [
            0.03095306269824505,
            -0.8996153473854065,
            -0.22568604350090027
        ],
        [
            0.040988076478242874,
            -0.8864480257034302,
            -0.2186833918094635
        ],
        [
            0.05111726373434067,
            -0.8966963887214661,
            -0.2088279128074646
        ],
        [
            0.012644652277231216,
            -0.9416950941085815,
            -0.22025178372859955
        ],
        [
            -0.00013858452439308167,
            -0.9228808879852295,
            -0.2372221201658249
        ],
        [
            0.014782505109906197,
            -0.9129966497421265,
            -0.23240520060062408
        ],
        [
            0.026850704103708267,
            -0.9276288747787476,
            -0.2196461707353592
        ],
        [
            0.05844270437955856,
            -0.9017608165740967,
            -0.19859518110752106
        ],
        [
            0.06759092211723328,
            -0.9083036184310913,
            -0.1833706796169281
        ],
        [
            0.06558840721845627,
            -0.9257311820983887,
            -0.180454283952713
        ],
        [
            0.054033078253269196,
            -0.9197502136230469,
            -0.19896741211414337
        ],
        [
            0.056227535009384155,
            -0.9476605653762817,
            -0.17517806589603424
        ],
        [
            0.042749758809804916,
            -0.9409847259521484,
            -0.1978091299533844
        ],
        [
            0.056864865124225616,
            -0.7893389463424683,
            -0.13338778913021088
        ],
        [
            0.058463502675294876,
            -0.8069673776626587,
            -0.13904720544815063
        ],
        [
            0.04587872326374054,
            -0.7626138925552368,
            -0.13720917701721191
        ],
        [
            0.056830864399671555,
            -0.7746516466140747,
            -0.12647409737110138
        ],
        [
            0.041500624269247055,
            -0.9650142192840576,
            -0.16727861762046814
        ],
        [
            0.02628449536859989,
            -0.9582080245018005,
            -0.19497418403625488
        ],
        [
            0.07948971539735794,
            -0.9025424718856812,
            -0.13018526136875153
        ],
        [
            0.07799207419157028,
            -0.9169924259185791,
            -0.14358896017074585
        ],
        [
            0.07707229256629944,
