{
    "pred_cam": [
        1.5272135734558105,
        0.04793662577867508,
        0.35168036818504333
    ],
    "pred_smpl_params": {
        "global_orient": [
            [
                [
                    -0.9445987939834595,
                    0.04931347817182541,
                    -0.32450148463249207
                ],
                [
                    0.004480567295104265,
                    -0.9866198301315308,
                    -0.16297608613967896
                ],
                [
                    -0.32819652557373047,
                    -0.15540097653865814,
                    0.9317389726638794
                ]
            ]
        ],
        "body_pose": [
            [
                [
                    0.991350531578064,
                    -0.01477897074073553,
                    -0.13040602207183838
                ],
                [
                    0.03573520481586456,
                    0.9864925742149353,
                    0.15986047685146332
                ],
                [
                    0.1262820065021515,
                    -0.16313783824443817,
                    0.9784880876541138
                ]
            ],
            [
                [
                    0.9968836903572083,
                    -0.024630779400467873,
                    -0.07494097948074341
                ],
                [
                    0.03696804493665695,
                    0.9850956797599792,
                    0.16798776388168335
                ],
                [
                    0.06968636065721512,
                    -0.17023470997810364,
                    0.9829363822937012
                ]
            ],
            [
                [
                    0.9971855282783508,
                    0.01178405899554491,
                    0.07404128462076187
                ],
                [
                    -0.003302585566416383,
                    0.9935160279273987,
                    -0.11364413052797318
                ],
                [
                    -0.07490038871765137,
                    0.11307975649833679,
                    0.9907587170600891
                ]
            ],
            [
                [
                    0.9737769961357117,
                    -0.1720379889011383,
                    -0.1488664448261261
                ],
                [
                    -0.11290954798460007,
                    0.20261628925800323,
                    -0.9727271199226379
                ],
                [
                    0.1975087821483612,
                    0.9640278220176697,
                    0.17787835001945496
                ]
            ],
            [
                [
                    0.9499089121818542,
                    -0.23955175280570984,
                    0.20071864128112793
                ],
                [
                    0.23132850229740143,
                    0.10708890110254288,
                    -0.9669638276100159
                ],
                [
                    0.21014316380023956,
                    0.9649595022201538,
                    0.157139852643013
                ]
            ],
            [
                [
                    0.9957224726676941,
                    0.0644250437617302,
                    0.06622801721096039
                ],
                [
                    -0.06163257732987404,
                    0.9971558451652527,
                    -0.043378401547670364
                ],
                [
                    -0.06883431226015091,
                    0.039111047983169556,
                    0.9968611598014832
                ]
            ],
            [
                [
                    0.9789108037948608,
                    -0.05844246223568916,
                    0.19575031101703644
                ],
                [
                    0.021476782858371735,
                    0.982337474822998,
                    0.1858813762664795
                ],
                [
                    -0.20315620303153992,
                    -0.17775718867778778,
                    0.9628759026527405
                ]
            ],
            [
                [
                    0.9619454145431519,
                    0.1825927197933197,
                    -0.20327574014663696
                ],
                [
                    -0.11559338122606277,
                    0.946030855178833,
                    0.30276042222976685
                ],
                [
                    0.2475869506597519,
                    -0.2677416503429413,
                    0.9311365485191345
                ]
            ],
            [
                [
                    0.9982404112815857,
                    0.02842566929757595,
                    0.052037935703992844
                ],
                [
                    -0.025815581902861595,
                    0.9984075427055359,
                    -0.05016041547060013
                ],
                [
                    -0.053380902856588364,
                    0.04872876778244972,
                    0.9973846077919006
                ]
            ],
            [
                [
                    0.9984411597251892,
                    -0.05007852613925934,
                    -0.024643374606966972
                ],
                [
                    0.05304135009646416,
                    0.9887742400169373,
                    0.13968539237976074
                ],
                [
                    0.01737149804830551,
                    -0.14077478647232056,
                    0.9898891448974609
                ]
            ],
            [
                [
                    0.9977778792381287,
                    -0.0661013051867485,
                    -0.008363907225430012
                ],
                [
                    0.06651748716831207,
                    0.980999767780304,
                    0.18224966526031494
                ],
                [
                    -0.00384194846265018,
                    -0.18240101635456085,
                    0.9832167625427246
                ]
            ],
            [
                [
                    0.9729905128479004,
                    -0.005802682135254145,
                    0.23077207803726196
                ],
                [
                    0.00548257352784276,
                    0.9999829530715942,
                    0.0020283868070691824
                ],
                [
                    -0.23077990114688873,
                    -0.0007083772215992212,
                    0.9730057120323181
                ]
            ],
            [
                [
                    0.9199413657188416,
                    0.39002808928489685,
                    -0.03982480615377426
                ],
                [
                    -0.3876110315322876,
                    0.9200595617294312,
                    0.05699164420366287
                ],
                [
                    0.05886954069137573,
                    -0.03699243441224098,
                    0.9975800514221191
                ]
            ],
            [
                [
                    0.9499137997627258,
                    -0.3070177435874939,
                    0.05834353342652321
                ],
                [
                    0.3065621256828308,
                    0.9517018795013428,
                    0.0168276596814394
                ],
                [
                    -0.060692042112350464,
                    0.0019010920077562332,
                    0.9981547594070435
                ]
            ],
            [
                [
                    0.9848858714103699,
                    0.11599166691303253,
                    0.1286303699016571
                ],
                [
                    -0.06887630373239517,
                    0.9436850547790527,
                    -0.323596328496933
                ],
                [
                    -0.1589210480451584,
                    0.30984586477279663,
                    0.9374111294746399
                ]
            ],
            [
                [
                    0.6556789875030518,
                    0.7162207365036011,
                    -0.23898300528526306
                ],
                [
                    -0.7437745928764343,
                    0.6671602129936218,
                    -0.041188694536685944
                ],
                [
                    0.12993976473808289,
                    0.20475606620311737,
                    0.9701497554779053
                ]
            ],
            [
                [
                    0.5694066882133484,
                    -0.7696390151977539,
                    0.2888457179069519
                ],
                [
                    0.7926874160766602,
                    0.6071341037750244,
                    0.0550902895629406
                ],
                [
                    -0.21776770055294037,
                    0.19759555160999298,
                    0.9557893872261047
                ]
            ],
            [
                [
                    0.7766204476356506,
                    -0.16743133962154388,
                    -0.607311487197876
                ],
                [
                    0.08187948167324066,
                    0.9826845526695251,
                    -0.16621266305446625
                ],
                [
                    0.6246249675750732,
                    0.07935777306556702,
                    0.7768821120262146
                ]
            ],
            [
                [
                    0.022860994562506676,
                    0.41713106632232666,
                    0.9085588455200195
                ],
                [
                    -0.22022318840026855,
                    0.8885742425918579,
                    -0.4024147093296051
                ],
                [
                    -0.9751816391944885,
                    -0.19088611006736755,
                    0.11217562109231949
                ]
            ],
            [
                [
                    0.9987131953239441,
                    -0.04968138411641121,
                    0.010180042125284672
                ],
                [
                    0.05071144178509712,
                    0.9802067279815674,
                    -0.19137151539325714
                ],
                [
                    -0.000470946280984208,
                    0.19164150953292847,
                    0.9814648032188416
                ]
            ],
            [
                [
                    0.995421826839447,
                    0.0952872559428215,
                    -0.007468140684068203
                ],
                [
                    -0.0955669954419136,
                    0.9935114979743958,
                    -0.06165817007422447
                ],
                [
                    0.0015444455202668905,
                    0.062089595943689346,
                    0.9980693459510803
                ]
            ],
            [
                [
                    0.9740439653396606,
                    0.2102259397506714,
                    -0.08392420411109924
                ],
                [
                    -0.19690288603305817,
                    0.9697930216789246,
                    0.14398188889026642
                ],
                [
                    0.11165783554315567,
                    -0.12371978908777237,
                    0.9860151410102844
                ]
            ],
            [
                [
                    0.9687113761901855,
                    -0.24239331483840942,
                    0.053328704088926315
                ],
                [
                    0.23598922789096832,
                    0.9661166071891785,
                    0.10453568398952484
                ],
                [
                    -0.07686049491167068,
                    -0.08867988735437393,
                    0.9930903315544128
                ]
            ]
        ],
        "betas": [
            -0.27509090304374695,
            -0.29150059819221497,
            0.24817177653312683,
            0.3841734230518341,
            0.14407873153686523,
            0.048176709562540054,
            -0.02426031231880188,
            -0.11742466688156128,
            0.05005015432834625,
            -0.0754111111164093
        ]
    },
    "pred_cam_t": [
        0.04793662577867508,
        0.35168036818504333,
        25.577627182006836
    ],
    "focal_length": [
        5000.0,
        5000.0
    ],
    "pred_keypoints_3d": [
        [
            -0.1463596522808075,
            -0.8073241710662842,
            0.0632309764623642
        ],
        [
            -0.008479787036776543,
            -0.7306632995605469,
            -0.041038643568754196
        ],
        [
            0.1565222442150116,
            -0.657223105430603,
            0.05203494429588318
        ],
        [
            0.22266089916229248,
            -0.4281265139579773,
            0.1219615712761879
        ],
        [
            0.0818479061126709,
            -0.46672236919403076,
            0.3231624960899353
        ],
        [
            -0.1511216014623642,
            -0.6115806698799133,
            -0.12314094603061676
        ],
        [
            -0.1967119425535202,
            -0.36179840564727783,
            -0.13971759378910065
        ],
        [
            -0.30831265449523926,
            -0.20077615976333618,
            0.003749534487724304
        ],
        [
            -0.0017943577840924263,
            -0.22602958977222443,
            0.02919136732816696
        ],
        [
            0.05950411409139633,
            -0.13655692338943481,
            0.062033239752054214
        ],
        [
            0.04912678897380829,
            0.21862348914146423,
            0.1760486364364624
        ],
        [
            0.04491264373064041,
            0.3337499499320984,
            -0.19453322887420654
        ],
        [
            -0.07041003555059433,
            -0.1346246749162674,
            0.01428943406790495
        ],
        [
            -0.14266574382781982,
            0.20965449512004852,
            0.11190354079008102
        ],
        [
            -0.13382868468761444,
            0.360024094581604,
            -0.24525243043899536
        ],
        [
            -0.1148524358868599,
            -0.857854962348938,
            0.07138493657112122
        ],
        [
            -0.15522775053977966,
            -0.8491224646568298,
            0.019632991403341293
        ],
        [
            -0.01382516324520111,
            -0.8733870983123779,
            0.04347779601812363
        ],
        [
            -0.10561641305685043,
            -0.8558375239372253,
            -0.0681251585483551
        ],
        [
            -0.16739509999752045,
            0.5348233580589294,
            -0.1645733118057251
        ],
        [
            -0.22485694289207458,
            0.491226464509964,
            -0.20512229204177856
        ],
        [
            -0.13476519286632538,
            0.3313353955745697,
            -0.3067800998687744
        ],
        [
            0.007557611912488937,
            0.5000873804092407,
            -0.10388290882110596
        ],
        [
            0.0866931602358818,
            0.4810989499092102,
            -0.1290050745010376
        ],
        [
            0.059893570840358734,
            0.31868457794189453,
            -0.26240187883377075
        ],
        [
            0.07552249729633331,
            0.29532161355018616,
            -0.16085660457611084
        ],
        [
            0.05161069706082344,
            0.16753552854061127,
            0.17595355212688446
        ],
        [
            0.14481863379478455,
            -0.25521785020828247,
            0.06349736452102661
        ],
        [
            -0.1351166069507599,
            -0.2379770576953888,
            -0.04466860741376877
        ],
        [
            -0.1506599485874176,
            0.1755148023366928,
            0.10858531296253204
        ],
        [
            -0.1409546583890915,
            0.31931471824645996,
            -0.2287180870771408
        ],
        [
            0.07806763052940369,
            -0.4871528744697571,
            0.29262956976890564
        ],
        [
            0.2336815446615219,
            -0.46538323163986206,
            0.14448285102844238
        ],
        [
            0.1242157593369484,
            -0.6836471557617188,
            0.034821104258298874
        ],
        [
            -0.1275479942560196,
            -0.6470276713371277,
            -0.12010962516069412
        ],
        [
            -0.23679086565971375,
            -0.39598292112350464,
            -0.13175848126411438
        ],
        [
            -0.31010541319847107,
            -0.2218979299068451,
            0.004193225875496864
        ],
        [
            -0.012121258303523064,
            -0.7223861813545227,
            -0.04070345684885979
        ],
        [
            -0.08943108469247818,
            -0.9112007021903992,
            -0.0033123723696917295
        ],
        [
            0.0041562700644135475,
            -0.24650490283966064,
            0.008763696998357773
        ],
        [
            -0.0019223876297473907,
            -0.6633569002151489,
            -0.040112368762493134
        ],
        [
            0.01695374771952629,
            -0.48829185962677,
            -0.030287373811006546
        ],
        [
            -0.08654382824897766,
            -0.7983277440071106,
            0.009643672965466976
        ],
        [
            -0.08556142449378967,
            -0.9314813017845154,
            -0.004439462907612324
        ]
    ],
    "pred_vertices": [
        [
            -0.17475523054599762,
            -0.8918437957763672,
            0.014388412237167358
        ],
        [
            -0.17149338126182556,
            -0.8776265382766724,
            0.021950453519821167
        ],
        [
            -0.17036780714988708,
            -0.8749014139175415,
            0.008144039660692215
        ],
        [
            -0.17056798934936523,
            -0.8865264654159546,
            -0.0018915310502052307
        ],
        [
            -0.17001986503601074,
            -0.8653253316879272,
            0.014051619917154312
        ],
        [
            -0.1692761480808258,
            -0.8660580515861511,
            0.026021309196949005
        ],
        [
            -0.1652713418006897,
            -0.870596170425415,
            -0.0038978829979896545
        ],
        [
            -0.16321830451488495,
            -0.8792900443077087,
            -0.014791848137974739
        ],
        [
            -0.1521541178226471,
            -0.8378406763076782,
            -0.018321845680475235
        ],
        [
            -0.1462252140045166,
            -0.8348051309585571,
            -0.027468452230095863
        ],
        [
            -0.14982903003692627,
            -0.8463152647018433,
            -0.025013037025928497
        ],
        [
            -0.15337683260440826,
            -0.8462793827056885,
            -0.015513177029788494
        ],
        [
            -0.14168792963027954,
            -0.8142926692962646,
            -0.020315783098340034
        ],
        [
            -0.14160819351673126,
            -0.8044983148574829,
            -0.01058407872915268
        ],
        [
            -0.1333136111497879,
            -0.7978317737579346,
            -0.018510911613702774
        ],
        [
            -0.13177235424518585,
            -0.8073962926864624,
            -0.027796484529972076
        ],
        [
            -0.1432836949825287,
            -0.8172284364700317,
            0.02891465649008751
        ],
        [
            -0.1438596248626709,
            -0.8105000257492065,
            0.023901809006929398
        ],
        [
            -0.14752733707427979,
            -0.8163257837295532,
            0.020684972405433655
        ],
        [
            -0.14599043130874634,
            -0.8225537538528442,
            0.026168182492256165
        ],
        [
            -0.144555926322937,
            -0.8260642290115356,
            0.040898650884628296
        ],
        [
            -0.1440902054309845,
            -0.8319218158721924,
            0.038347721099853516
        ],
        [
            -0.1463049054145813,
            -0.835172176361084,
            0.04534206539392471
        ],
        [
            -0.14769208431243896,
            -0.8282856941223145,
            0.04789168760180473
        ],
        [
            -0.13869646191596985,
            -0.8130021095275879,
            0.032915614545345306
        ],
        [
            -0.1389097273349762,
            -0.8062723875045776,
            0.027376171201467514
        ],
        [
            -0.1432770937681198,
            -0.8228440880775452,
            0.033796872943639755
        ],
        [
            -0.1419401615858078,
            -0.8181655406951904,
            0.03692232444882393
        ],
        [
            -0.146473690867424,
            -0.8106038570404053,
            0.04523768275976181
        ],
        [
            -0.14762607216835022,
            -0.8151600360870361,
            0.043306026607751846
        ],
        [
            -0.15106073021888733,
            -0.8150421380996704,
            0.05034175142645836
        ],
        [
            -0.14826782047748566,
            -0.8101036548614502,
            0.050685007125139236
        ],
        [
            -0.14080792665481567,
            -0.8114638328552246,
            0.0374395027756691
        ],
        [
            -0.14417153596878052,
            -0.8135005235671997,
            0.038834378123283386
        ],
        [
            -0.14334005117416382,
            -0.8098676204681396,
            0.04209106042981148
        ],
        [
            -0.13932150602340698,
            -0.8087777495384216,
            0.041128214448690414
        ],
        [
            -0.14518225193023682,
            -0.8214243650436401,
            0.04289873689413071
        ],
        [
            -0.14931806921958923,
            -0.8221009969711304,
            0.04948466271162033
        ],
        [
            -0.1526920348405838,
            -0.8225382566452026,
            0.05696707218885422
        ],
        [
            -0.15323308110237122,
            -0.8136062622070312,
            0.05793759971857071
        ],
        [
            -0.1416395604610443,
            -0.7975466251373291,
            0.011234937235713005
        ],
        [
            -0.14392749965190887,
            -0.8037377595901489,
            0.017907701432704926
        ],
        [
            -0.13938041031360626,
            -0.8000441789627075,
            0.021758662536740303
        ],
        [
            -0.13848474621772766,
            -0.7947673797607422,
            0.016186917200684547
        ],
        [
            -0.13635975122451782,
            -0.8065550327301025,
            0.03805502504110336
        ],
        [
            -0.13425184786319733,
            -0.7909619808197021,
            0.03493557125329971
        ],
        [
            -0.13552165031433105,
            -0.7944647073745728,
            0.03490481153130531
        ],
        [
            -0.1352018117904663,
            -0.795191764831543,
            0.042051009833812714
        ],
        [
            -0.13423576951026917,
            -0.7918916344642639,
            0.0414232462644577
        ],
        [
            -0.13378801941871643,
            -0.7854206562042236,
            0.001642981544137001
        ],
        [
            -0.13337968289852142,
            -0.7842382192611694,
            0.008651163429021835
        ],
        [
            -0.12966418266296387,
            -0.7782785892486572,
            0.006591437384486198
        ],
        [
            -0.12828484177589417,
            -0.7787450551986694,
            -0.0006156135350465775
        ],
        [
            -0.12557925283908844,
            -0.77375328540802,
            0.007785402238368988
        ],
        [
            -0.12247343361377716,
            -0.7726324796676636,
            -0.0015801116824150085
        ],
        [
            -0.112961046397686,
            -0.7606647610664368,
            0.0054147131741046906
        ],
        [
            -0.11743781715631485,
            -0.7658374905586243,
            0.001703173853456974
        ],
        [
            -0.12190348654985428,
            -0.7689805030822754,
            0.011034507304430008
        ],
        [
            -0.11968842893838882,
            -0.7640209794044495,
            0.016963649541139603
        ],
        [
            -0.12064278870820999,
            -0.7676661014556885,
            0.03149173781275749
        ],
        [
            -0.11893542855978012,
            -0.7666743397712708,
            0.03743644058704376
        ],
        [
            -0.11625533550977707,
            -0.7553696632385254,
            0.03232976421713829
        ],
        [
            -0.11808647960424423,
            -0.7587618827819824,
            0.02508685179054737
        ],
        [
            -0.12988227605819702,
            -0.7867588996887207,
            0.0319240540266037
        ],
        [
            -0.12995624542236328,
            -0.7870367765426636,
            0.027169112116098404
        ],
        [
            -0.1323087513446808,
            -0.7877883911132812,
            0.02834458276629448
        ],
        [
            -0.13275688886642456,
            -0.7885827422142029,
            0.03353884071111679
        ],
        [
            -0.1303689181804657,
            -0.7868965864181519,
            0.0232982374727726
        ],
        [
            -0.13064303994178772,
            -0.786601185798645,
            0.021529806777834892
        ],
        [
            -0.1318846344947815,
            -0.7874988317489624,
            0.02242489531636238
        ],
        [
            -0.1311437338590622,
            -0.7873453497886658,
            0.02372589334845543
        ],
        [
            -0.13040798902511597,
            -0.7871060371398926,
            0.025654219090938568
        ],
        [
            -0.12960082292556763,
            -0.7853206396102905,
            0.02661382034420967
        ],
        [
            -0.13004156947135925,
            -0.786125659942627,
            0.024272359907627106
        ],
        [
            -0.12953698635101318,
            -0.7842918634414673,
            0.0310332253575325
        ],
        [
            -0.12675276398658752,
            -0.7816421389579773,
            0.04577532783150673
        ],
        [
            -0.12881606817245483,
            -0.7821688652038574,
            0.04156144708395004
        ],
        [
            -0.1286432147026062,
            -0.7866854667663574,
            0.042277831584215164
        ],
        [
            -0.12683898210525513,
            -0.7865217924118042,
            0.046043455600738525
        ],
        [
            -0.13231253623962402,
            -0.788722038269043,
            0.02535954862833023
        ],
        [
            -0.1343676596879959,
            -0.7902907133102417,
            0.02254808135330677
        ],
        [
            -0.13566818833351135,
            -0.7924309968948364,
            0.027603931725025177
        ],
        [
            -0.13384222984313965,
            -0.7901288270950317,
            0.028126690536737442
        ],
        [
            -0.13635405898094177,
            -0.7916744947433472,
            0.020350662991404533
        ],
        [
            -0.13299301266670227,
            -0.7885115146636963,
            0.020283326506614685
        ],
        [
            -0.1338607668876648,
            -0.7887707948684692,
            0.017965778708457947
        ],
        [
            -0.12979382276535034,
            -0.7850744128227234,
            0.021954305469989777
        ],
        [
            -0.12957701086997986,
            -0.7836031913757324,
            0.018910126760601997
        ],
        [
            -0.13152404129505157,
            -0.7856733798980713,
            0.019084684550762177
        ],
        [
            -0.12790945172309875,
            -0.7806286811828613,
            0.020725904032588005
        ],
        [
            -0.12867680191993713,
            -0.7833191156387329,
            0.024513449519872665
        ],
        [
            -0.12839435040950775,
            -0.7812830805778503,
            0.02884594351053238
        ],
        [
            -0.12800177931785583,
            -0.7794127464294434,
            0.03447899594902992
        ],
        [
            -0.12556707859039307,
            -0.7753399014472961,
            0.030683353543281555
        ],
        [
            -0.12675859034061432,
            -0.777666449546814,
            0.024946333840489388
        ],
        [
            -0.13666681945323944,
            -0.7958426475524902,
            0.02608630806207657
        ],
        [
            -0.13216522336006165,
            -0.7850755453109741,
            0.014575149863958359
        ],
        [
            -0.1362035870552063,
            -0.7904677391052246,
            0.011987926438450813
        ],
        [
            -0.12978215515613556,
            -0.7808804512023926,
            0.013913922011852264
        ],
        [
            -0.12696081399917603,
            -0.7770947217941284,
            0.01531175710260868
        ],
        [
            -0.12454421818256378,
            -0.7735346555709839,
            0.019178632646799088
        ],
        [
            -0.1227741613984108,
            -0.7702051401138306,
            0.025278035551309586
        ],
        [
            -0.10627296566963196,
            -0.7498133778572083,
            0.023715626448392868
        ],
        [
            -0.10992852598428726,
            -0.7544492483139038,
            0.015236152336001396
        ],
        [
            -0.1642504334449768,
            -0.8603618144989014,
            0.02548237144947052
        ],
        [
            -0.1669333279132843,
            -0.8588216304779053,
            0.017047218978405
        ],
        [
            -0.16101664304733276,
            -0.8528234958648682,
            0.013226885348558426
        ],
        [
            -0.16364094614982605,
            -0.8550575971603394,
            0.011210804805159569
        ],
        [
            -0.16253525018692017,
            -0.8558582067489624,
            0.018170766532421112
        ],
        [
            -0.16080841422080994,
            -0.8536375761032104,
            0.017853014171123505
        ],
        [
            -0.15499760210514069,
            -0.8477181196212769,
            -0.007044379599392414
        ],
        [
            -0.15613126754760742,
            -0.8490195870399475,
            -0.00033465027809143066
        ],
        [
            -0.15389491617679596,
            -0.8458238244056702,
            -0.0016851779073476791
        ],
        [
            -0.15351374447345734,
            -0.8414527177810669,
            -0.00925256684422493
        ],
        [
            -0.1528230905532837,
            -0.8377429246902466,
            0.008006088435649872
        ],
        [
            -0.15316221117973328,
            -0.8392005562782288,
            0.0027581602334976196
        ],
        [
            -0.1551833599805832,
            -0.84529709815979,
            0.007646350190043449
        ],
        [
            -0.15499472618103027,
            -0.8442655205726624,
            0.011500973254442215
        ],
        [
            -0.1540926992893219,
            -0.8438019752502441,
            0.015612442046403885
        ],
        [
            -0.15247885882854462,
            -0.8442027568817139,
            0.01969118043780327
        ],
        [
            -0.15056487917900085,
            -0.8391062021255493,
            0.01894037425518036
        ],
        [
            -0.15188172459602356,
            -0.8379898071289062,
            0.01374783180654049
        ],
        [
            -0.16032785177230835,
            -0.8574503660202026,
            0.0241444893181324
        ],
        [
            -0.15559223294258118,
            -0.8578848242759705,
            0.02972591668367386
        ],
        [
            -0.15491843223571777,
            -0.854872465133667,
            0.02813025563955307
        ],
        [
            -0.1591135859489441,
            -0.8543857336044312,
            0.023568492382764816
        ],
        [
            -0.14339610934257507,
            -0.8515709638595581,
            0.03288820758461952
        ],
        [
            -0.14561957120895386,
            -0.8534730672836304,
            0.03266434744000435
        ],
        [
            -0.1450163722038269,
            -0.8550294041633606,
            0.036283016204833984
        ],
        [
            -0.14249207079410553,
            -0.8511142730712891,
            0.0361713208258152
        ],
        [
            -0.14268708229064941,
            -0.8478679656982422,
            0.034282539039850235
        ],
        [
            -0.14383505284786224,
            -0.8496694564819336,
            0.03204848989844322
        ],
        [
            -0.17565545439720154,
            -0.9133079051971436,
            0.021008174866437912
        ],
        [
            -0.17311164736747742,
            -0.8965610265731812,
            0.0298665352165699
        ],
        [
            -0.17247532308101654,
            -0.9082148671150208,
            0.0016442984342575073
        ],
        [
            -0.16635288298130035,
            -0.9000920057296753,
            -0.013720646500587463
        ],
        [
            -0.15974149107933044,
            -0.8882762789726257,
            -0.026233619078993797
        ],
        [
            -0.1338069885969162,
            -0.790324330329895,
            -0.007984994910657406
        ],
        [
            -0.1272868812084198,
            -0.7833631038665771,
            -0.012963319197297096
        ],
        [
            -0.12450528889894485,
            -0.7919533252716064,
            -0.025903919711709023
        ],
        [
            -0.11673283576965332,
            -0.7839915752410889,
            -0.02717357873916626
        ],
        [
            -0.11981019377708435,
            -0.7752128839492798,
            -0.013815352693200111
        ],
        [
            -0.10476291179656982,
            -0.7601567506790161,
            -0.004842525813728571
        ],
        [
            -0.11237361282110214,
            -0.7668081521987915,
            -0.011042392812669277
        ],
        [
            -0.10743482410907745,
            -0.7763850688934326,
            -0.026672013103961945
        ],
        [
            -0.10438190400600433,
            -0.7903679609298706,
            -0.041763655841350555
        ],
        [
            -0.11315509676933289,
            -0.7948125004768372,
            -0.03867650777101517
        ],
        [
            -0.10177792608737946,
            -0.8074684143066406,
            -0.05202355608344078
        ],
        [
            -0.09164226055145264,
            -0.7863278388977051,
            -0.04397588595747948
        ],
        [
            -0.09332209825515747,
            -0.8094092607498169,
            -0.05393644794821739
        ],
        [
            -0.07872457802295685,
            -0.7550249695777893,
            -0.0265065748244524
        ],
        [
            -0.07603297382593155,
            -0.7452936172485352,
            -0.028572065755724907
        ],
        [
            -0.07584220170974731,
            -0.752572774887085,
            -0.04586617648601532
        ],
        [
            -0.07838740199804306,
            -0.7627325057983398,
            -0.04390077292919159
        ],
        [
            -0.12252049148082733,
            -0.8005955219268799,
            -0.03507658466696739
        ],
        [
            -0.14876264333724976,
            -0.8589400053024292,
            -0.030353834852576256
        ],
        [
            -0.1541663259267807,
            -0.8561074137687683,
            -0.020775455981492996
        ],
        [
            -0.14255118370056152,
            -0.847140371799469,
            -0.03415852412581444
        ],
        [
            -0.15293915569782257,
            -0.9201598167419434,
            -0.041403915733098984
        ],
        [
            -0.16141368448734283,
            -0.91204833984375,
            -0.027255093678832054
        ],
        [
            -0.1556309163570404,
            -0.8979367017745972,
            -0.03677493333816528
        ],
        [
            -0.14786358177661896,
            -0.9075401425361633,
            -0.04890773817896843
        ],
        [
            -0.15480726957321167,
            -0.9548499584197998,
            -0.012214411050081253
        ],
        [
            -0.16919571161270142,
            -0.936598002910614,
            0.0039404332637786865
        ],
        [
            -0.16553513705730438,
            -0.9258020520210266,
            -0.010630782693624496
        ],
        [
            -0.1554645597934723,
            -0.9399954080581665,
            -0.025362588465213776
        ],
        [
            -0.13968199491500854,
            -0.9120192527770996,
            -0.0590076670050621
        ],
        [
            -0.12618502974510193,
            -0.9181861281394958,
            -0.07097668200731277
        ],
        [
            -0.12344322353601456,
            -0.9353896379470825,
            -0.07138852775096893
        ],
        [
            -0.139438658952713,
            -0.9303040504455566,
            -0.055642660707235336
        ],
        [
            -0.1170642226934433,
            -0.958651065826416,
            -0.0640714094042778
        ],
        [
            -0.13733884692192078,
            -0.95229172706604,
            -0.046319540590047836
        ],
        [
            -0.08135876804590225,
            -0.7990268468856812,
            -0.05796324089169502
        ],
        [
            -0.08461558818817139,
            -0.8171867728233337,
            -0.06087610125541687
        ],
        [
            -0.08369432389736176,
            -0.7738620638847351,
            -0.04079899936914444
        ],
        [
            -0.07820639759302139,
            -0.7838977575302124,
            -0.05622266232967377
        ],
        [
            -0.10715383291244507,
            -0.9762097001075745,
            -0.05189111456274986
        ],
        [
            -0.13176418840885162,
            -0.9707083702087402,
            -0.03148600459098816
        ],
        [
            -0.0765179842710495,
            -0.9117487668991089,
            -0.09238643199205399
        ],
        [
            -0.08880583941936493,
            -0.9261339902877808,
            -0.08876217156648636
        ],
        [
            -0.10066498816013336,
            -0.9089917540550232,
