{
    "pred_cam": [
        1.5113511085510254,
        0.03066798485815525,
        0.35224461555480957
    ],
    "pred_smpl_params": {
        "global_orient": [
            [
                [
                    -0.9416645169258118,
                    0.05331988260149956,
                    -0.33230239152908325
                ],
                [
                    0.0033913501538336277,
                    -0.9858168363571167,
                    -0.16779038310050964
                ],
                [
                    -0.33653587102890015,
                    -0.15912921726703644,
                    0.9281278848648071
                ]
            ]
        ],
        "body_pose": [
            [
                [
                    0.9922279119491577,
                    -0.020484697073698044,
                    -0.12273596227169037
                ],
                [
                    0.03608878329396248,
                    0.9913358688354492,
                    0.12629614770412445
                ],
                [
                    0.11908543109893799,
                    -0.12974394857883453,
                    0.9843704104423523
                ]
            ],
            [
                [
                    0.9967280030250549,
                    -0.029927898198366165,
                    -0.07508465647697449
                ],
                [
                    0.04084862396121025,
                    0.9880809783935547,
                    0.14841625094413757
                ],
                [
                    0.0697479322552681,
                    -0.15099772810935974,
                    0.9860705137252808
                ]
            ],
            [
                [
                    0.9979296326637268,
                    0.00724005838856101,
                    0.06390579789876938
                ],
                [
                    0.0005965930176898837,
                    0.9925587177276611,
                    -0.12176565825939178
                ],
                [
                    -0.06431184709072113,
                    0.12155169248580933,
                    0.9904994368553162
                ]
            ],
            [
                [
                    0.9731353521347046,
                    -0.16105332970619202,
                    -0.1645278036594391
                ],
                [
                    -0.08665698021650314,
                    0.40584391355514526,
                    -0.9098248481750488
                ],
                [
                    0.21330295503139496,
                    0.8996402025222778,
                    0.38098466396331787
                ]
            ],
            [
                [
                    0.9553815722465515,
                    -0.245173379778862,
                    0.1647300273180008
                ],
                [
                    0.22664956748485565,
                    0.2508728504180908,
                    -0.9411124587059021
                ],
                [
                    0.18940941989421844,
                    0.9364575743675232,
                    0.29524773359298706
                ]
            ],
            [
                [
                    0.995987057685852,
                    0.06325113028287888,
                    0.06331728398799896
                ],
                [
                    -0.061366621404886246,
                    0.9976250529289246,
                    -0.031279582530260086
                ],
                [
                    -0.06514538079500198,
                    0.027268491685390472,
                    0.9975031614303589
                ]
            ],
            [
                [
                    0.9817010760307312,
                    -0.027334090322256088,
                    0.188456729054451
                ],
                [
                    9.794401194085367e-06,
                    0.9896517992019653,
                    0.14348964393138885
                ],
                [
                    -0.1904287040233612,
                    -0.14086206257343292,
                    0.971542477607727
                ]
            ],
            [
                [
                    0.9668632745742798,
                    0.15447819232940674,
                    -0.20325353741645813
                ],
                [
                    -0.09757982939481735,
                    0.9593182802200317,
                    0.2649274170398712
                ],
                [
                    0.23591037094593048,
                    -0.23631511628627777,
                    0.942603588104248
                ]
            ],
            [
                [
                    0.9983473420143127,
                    0.03290809690952301,
                    0.04711402207612991
                ],
                [
                    -0.03025892749428749,
                    0.997978925704956,
                    -0.05587860196828842
                ],
                [
                    -0.048857662826776505,
                    0.05436062812805176,
                    0.9973253607749939
                ]
            ],
            [
                [
                    0.9970678091049194,
                    -0.07492136210203171,
                    -0.015575415454804897
                ],
                [
                    0.07630133628845215,
                    0.9888546466827393,
                    0.12784534692764282
                ],
                [
                    0.005823473911732435,
                    -0.12865890562534332,
                    0.9916717410087585
                ]
            ],
            [
                [
                    0.9991094470024109,
                    -0.041801758110523224,
                    -0.005744586698710918
                ],
                [
                    0.04218223690986633,
                    0.9862179756164551,
                    0.1599837988615036
                ],
                [
                    -0.001022186130285263,
                    -0.1600836217403412,
                    0.9871029853820801
                ]
            ],
            [
                [
                    0.9760618805885315,
                    0.0058050318621098995,
                    0.21741557121276855
                ],
                [
                    -0.0042235832661390305,
                    0.9999610781669617,
                    -0.007737856823951006
                ],
                [
                    -0.2174520492553711,
                    0.006634354591369629,
                    0.9760484099388123
                ]
            ],
            [
                [
                    0.9172099828720093,
                    0.39710110425949097,
                    -0.03219645470380783
                ],
                [
                    -0.39563849568367004,
                    0.9173693060874939,
                    0.043631721287965775
                ],
                [
                    0.046862244606018066,
                    -0.027281291782855988,
                    0.998528778553009
                ]
            ],
            [
                [
                    0.951036274433136,
                    -0.30522602796554565,
                    0.04865153133869171
                ],
                [
                    0.305077463388443,
                    0.9522681832313538,
                    0.010632498189806938
                ],
                [
                    -0.04957462102174759,
                    0.004730593413114548,
                    0.9987591505050659
                ]
            ],
            [
                [
                    0.9875394701957703,
                    0.10459493100643158,
                    0.11758293956518173
                ],
                [
                    -0.06255491822957993,
                    0.9465023279190063,
                    -0.31657564640045166
                ],
                [
                    -0.14440473914146423,
                    0.305275559425354,
                    0.9412513375282288
                ]
            ],
            [
                [
                    0.6325851082801819,
                    0.7330741286277771,
                    -0.2498769462108612
                ],
                [
                    -0.7642275094985962,
                    0.6431724429130554,
                    -0.04780740663409233
                ],
                [
                    0.12566757202148438,
                    0.22120510041713715,
                    0.967096745967865
                ]
            ],
            [
                [
                    0.5609047412872314,
                    -0.7701132297515869,
                    0.30382809042930603
                ],
                [
                    0.7981242537498474,
                    0.6005211472511292,
                    0.048703961074352264
                ],
                [
                    -0.21996274590492249,
                    0.21517425775527954,
                    0.9514811635017395
                ]
            ],
            [
                [
                    0.7756591439247131,
                    -0.1643734723329544,
                    -0.6093720197677612
                ],
                [
                    0.08008480817079544,
                    0.9833199381828308,
                    -0.16330447793006897
                ],
                [
                    0.6260505318641663,
                    0.07786715775728226,
                    0.7758849263191223
                ]
            ],
            [
                [
                    0.028005335479974747,
                    0.405789852142334,
                    0.913537323474884
                ],
                [
                    -0.20845939218997955,
                    0.8961732983589172,
                    -0.3916863203048706
                ],
                [
                    -0.9776300191879272,
                    -0.1794660985469818,
                    0.10968833416700363
                ]
            ],
            [
                [
                    0.9985618591308594,
                    -0.052892424166202545,
                    0.008759506046772003
                ],
                [
                    0.05357728153467178,
                    0.9904412031173706,
                    -0.1271054446697235
                ],
                [
                    -0.0019528591074049473,
                    0.12739194929599762,
                    0.9918506145477295
                ]
            ],
            [
                [
                    0.995104968547821,
                    0.09865324944257736,
                    0.0058015212416648865
                ],
                [
                    -0.0985865369439125,
                    0.9950694441795349,
                    -0.01083836518228054
                ],
                [
                    -0.006842156406491995,
                    0.010213358327746391,
                    0.9999244213104248
                ]
            ],
            [
                [
                    0.9737801551818848,
                    0.21012163162231445,
                    -0.0871838852763176
                ],
                [
                    -0.19545716047286987,
                    0.968868613243103,
                    0.1519540548324585
                ],
                [
                    0.11639857292175293,
                    -0.1309291422367096,
                    0.9845348000526428
                ]
            ],
            [
                [
                    0.9689753651618958,
                    -0.2405407875776291,
                    0.05680638924241066
                ],
                [
                    0.2340003252029419,
                    0.966823399066925,
                    0.1024518683552742
                ],
                [
                    -0.07956559956073761,
                    -0.0859806165099144,
                    0.9931146502494812
                ]
            ]
        ],
        "betas": [
            -0.25116050243377686,
            -0.2948664128780365,
            0.2995164692401886,
            0.4811739921569824,
            0.15714484453201294,
            0.062202904373407364,
            -0.028413623571395874,
            -0.12958478927612305,
            0.07555685937404633,
            -0.10359275341033936
        ]
    },
    "pred_cam_t": [
        0.03066798485815525,
        0.35224461555480957,
        25.846078872680664
    ],
    "focal_length": [
        5000.0,
        5000.0
    ],
    "pred_keypoints_3d": [
        [
            -0.14176002144813538,
            -0.811767041683197,
            0.06693076342344284
        ],
        [
            -0.00637049600481987,
            -0.7345344424247742,
            -0.041525304317474365
        ],
        [
            0.1601065695285797,
            -0.6604675054550171,
            0.04957113042473793
        ],
        [
            0.22591987252235413,
            -0.4307120144367218,
            0.11748816072940826
        ],
        [
            0.08353157341480255,
            -0.4653436541557312,
            0.3183880150318146
        ],
        [
            -0.14983507990837097,
            -0.614610493183136,
            -0.12298659235239029
        ],
        [
            -0.18608979880809784,
            -0.3632536232471466,
            -0.13850682973861694
        ],
        [
            -0.288308322429657,
            -0.19822447001934052,
            0.007637813687324524
        ],
        [
            -0.0018716419581323862,
            -0.2276100069284439,
            0.029158271849155426
        ],
        [
            0.05877834931015968,
            -0.1379426270723343,
            0.06287737935781479
        ],
        [
            0.046861447393894196,
            0.21880362927913666,
            0.17116010189056396
        ],
        [
            0.034045420587062836,
            0.3799244165420532,
            -0.18147209286689758
        ],
        [
            -0.07046330720186234,
            -0.13612034916877747,
            0.014104541391134262
        ],
        [
            -0.14244556427001953,
            0.21083033084869385,
            0.1006399542093277
        ],
        [
            -0.13539589941501617,
            0.42411866784095764,
            -0.22273196280002594
        ],
        [
            -0.10961286723613739,
            -0.8623117208480835,
            0.07350523769855499
        ],
        [
            -0.1519102156162262,
            -0.8532819151878357,
            0.023390673100948334
        ],
        [
            -0.009575046598911285,
            -0.8776525259017944,
            0.04194098711013794
        ],
        [
            -0.10576845705509186,
            -0.8593634366989136,
            -0.06667669117450714
        ],
        [
            -0.17122839391231537,
            0.5868493318557739,
            -0.11838877201080322
        ],
        [
            -0.22782935202121735,
            0.5484528541564941,
            -0.16569018363952637
        ],
        [
            -0.13484062254428864,
            0.40601643919944763,
            -0.2887396812438965
        ],
        [
            -0.005046512931585312,
            0.5382108688354492,
            -0.07645422220230103
        ],
        [
            0.07443741708993912,
            0.5226442217826843,
            -0.10429656505584717
        ],
        [
            0.04794245958328247,
            0.371608167886734,
            -0.2509046196937561
        ],
        [
            0.06555961817502975,
            0.33822694420814514,
            -0.15321047604084015
        ],
        [
            0.04975173622369766,
            0.1655171811580658,
            0.17111076414585114
        ],
        [
            0.1442883461713791,
            -0.257068395614624,
            0.06450174748897552
        ],
        [
            -0.13369670510292053,
            -0.23983289301395416,
            -0.04521173983812332
        ],
        [
            -0.1499757021665573,
            0.17427891492843628,
            0.09759820997714996
        ],
        [
            -0.1414315104484558,
            0.38141751289367676,
            -0.2141292691230774
        ],
        [
            0.0807783231139183,
            -0.48760971426963806,
            0.28832709789276123
        ],
        [
            0.23687580227851868,
            -0.46780526638031006,
            0.14056441187858582
        ],
        [
            0.1272171586751938,
            -0.6868535280227661,
            0.03274712711572647
        ],
        [
            -0.12591654062271118,
            -0.6502057909965515,
            -0.11948717385530472
        ],
        [
            -0.2275400012731552,
            -0.3960781991481781,
            -0.1296541690826416
        ],
        [
            -0.2915942668914795,
            -0.2196582555770874,
            0.007904242724180222
        ],
        [
            -0.010257290676236153,
            -0.725749135017395,
            -0.041146811097860336
        ],
        [
            -0.08707503229379654,
            -0.91524338722229,
            -0.0023883949033915997
        ],
        [
            0.004552552942186594,
            -0.2483527958393097,
            0.00904820952564478
        ],
        [
            0.00036448054015636444,
            -0.6666548848152161,
            -0.04075278341770172
        ],
        [
            0.018411532044410706,
            -0.4917926490306854,
            -0.030959201976656914
        ],
        [
            -0.08375808596611023,
            -0.8022010922431946,
            0.011257166974246502
        ],
        [
            -0.08317083865404129,
            -0.9355758428573608,
            -0.003793844021856785
        ]
    ],
    "pred_vertices": [
        [
            -0.17185646295547485,
            -0.896203875541687,
            0.01836826279759407
        ],
        [
            -0.16838860511779785,
            -0.8819670081138611,
            0.025993429124355316
        ],
        [
            -0.16781888902187347,
            -0.8791684508323669,
            0.012153707444667816
        ],
        [
            -0.1683036834001541,
            -0.8906893730163574,
            0.002039751037955284
        ],
        [
            -0.1672370880842209,
            -0.8695923089981079,
            0.018134407699108124
        ],
        [
            -0.16605323553085327,
            -0.8704319000244141,
            0.030122391879558563
        ],
        [
            -0.16316011548042297,
            -0.874726414680481,
            -4.76054847240448e-05
        ],
        [
            -0.16138674318790436,
            -0.8832254409790039,
            -0.011063693091273308
        ],
        [
            -0.15016375482082367,
            -0.841881513595581,
            -0.014498868025839329
        ],
        [
            -0.1446564793586731,
            -0.8388726711273193,
            -0.023833032697439194
        ],
        [
            -0.148280069231987,
            -0.8504073619842529,
            -0.02148105949163437
        ],
        [
            -0.15156161785125732,
            -0.8503804206848145,
            -0.011852340772747993
        ],
        [
            -0.13995668292045593,
            -0.8181473016738892,
            -0.016914337873458862
        ],
        [
            -0.13953828811645508,
            -0.808374285697937,
            -0.007161232642829418
        ],
        [
            -0.13159626722335815,
            -0.8016132116317749,
            -0.015392754226922989
        ],
        [
            -0.13038600981235504,
            -0.8111335039138794,
            -0.02479730360209942
        ],
        [
            -0.13973049819469452,
            -0.8213815093040466,
            0.03244868665933609
        ],
        [
            -0.1405147910118103,
            -0.8145944476127625,
            0.027467425912618637
        ],
        [
            -0.14428263902664185,
            -0.8204400539398193,
            0.0243535116314888
        ],
        [
            -0.142510786652565,
            -0.8267048597335815,
            0.029756970703601837
        ],
        [
            -0.14064446091651917,
            -0.8304024934768677,
            0.04437483102083206
        ],
        [
            -0.14026395976543427,
            -0.8362400531768799,
            0.0417633131146431
        ],
        [
            -0.14221397042274475,
            -0.8395318984985352,
            0.048814211040735245
        ],
        [
            -0.14355483651161194,
            -0.832671046257019,
            0.05145610123872757
        ],
        [
            -0.13494747877120972,
            -0.8171781301498413,
            0.03629971668124199
        ],
        [
            -0.13544607162475586,
            -0.8103570938110352,
            0.03077717125415802
        ],
        [
            -0.13949736952781677,
            -0.8270481824874878,
            0.03729787841439247
        ],
        [
            -0.13818836212158203,
            -0.8224701881408691,
            0.04036952927708626
        ],
        [
            -0.14248259365558624,
            -0.814924955368042,
            0.04889049753546715
        ],
        [
            -0.14370295405387878,
            -0.8194922804832458,
            0.0469578392803669
        ],
        [
            -0.14686986804008484,
            -0.8194341659545898,
            0.054119307547807693
        ],
        [
            -0.14408516883850098,
            -0.8144756555557251,
            0.05439797043800354
        ],
        [
            -0.13705797493457794,
            -0.8157631158828735,
            0.040873777121305466
        ],
        [
            -0.14038366079330444,
            -0.8178319931030273,
            0.04237845912575722
        ],
        [
            -0.13945272564888,
            -0.8141971230506897,
            0.04562200978398323
        ],
        [
            -0.13545402884483337,
            -0.8130770921707153,
            0.04452015832066536
        ],
        [
            -0.1412126123905182,
            -0.8257841467857361,
            0.04643240198493004
        ],
        [
            -0.14513590931892395,
            -0.8265037536621094,
            0.05315983295440674
        ],
        [
            -0.14826451241970062,
            -0.8269855380058289,
            0.060754142701625824
        ],
        [
            -0.14882129430770874,
            -0.8180649280548096,
            0.06182760372757912
        ],
        [
            -0.1388186812400818,
            -0.8015217185020447,
            0.014717228710651398
        ],
        [
            -0.14079692959785461,
            -0.8077937364578247,
            0.021481305360794067
        ],
        [
            -0.13614501059055328,
            -0.8040828704833984,
            0.02517736703157425
        ],
        [
            -0.1354931890964508,
            -0.7987467050552368,
            0.01958361454308033
        ],
        [
            -0.13263440132141113,
            -0.8108112812042236,
            0.04134367033839226
        ],
        [
            -0.13067716360092163,
            -0.7951523065567017,
            0.038190990686416626
        ],
        [
            -0.1319623589515686,
            -0.7986656427383423,
            0.03819533437490463
        ],
        [
            -0.13139066100120544,
            -0.7994319200515747,
            0.045339178293943405
        ],
        [
            -0.13043029606342316,
            -0.7961105108261108,
            0.044690486043691635
        ],
        [
            -0.1313880980014801,
            -0.7892589569091797,
            0.004866523668169975
        ],
        [
            -0.13075204193592072,
            -0.7881011962890625,
            0.011895814910531044
        ],
        [
            -0.12714314460754395,
            -0.7820981740951538,
            0.009721003472805023
        ],
        [
            -0.12601345777511597,
            -0.7825303673744202,
            0.0024163220077753067
        ],
        [
            -0.12307242304086685,
            -0.777515172958374,
            0.010774973779916763
        ],
        [
            -0.12031881511211395,
            -0.7763524055480957,
            0.0012629935517907143
        ],
        [
            -0.11059156060218811,
            -0.764349102973938,
            0.008016595616936684
        ],
        [
            -0.11518141627311707,
            -0.7695432901382446,
            0.004400226287543774
        ],
        [
            -0.11929062753915787,
            -0.7727371454238892,
            0.013922583311796188
        ],
        [
            -0.11684270948171616,
            -0.7678058743476868,
            0.01981557346880436
        ],
        [
            -0.11717626452445984,
            -0.7716174125671387,
            0.03440646082162857
        ],
        [
            -0.11525067687034607,
            -0.7706543207168579,
            0.040320686995983124
        ],
        [
            -0.11285702884197235,
            -0.7592228055000305,
            0.03516767919063568
        ],
        [
            -0.11494947969913483,
            -0.7625848054885864,
            0.027937406674027443
        ],
        [
            -0.1262480616569519,
            -0.7908346652984619,
            0.03507397696375847
        ],
        [
            -0.12651100754737854,
            -0.791069746017456,
            0.030313920229673386
        ],
        [
            -0.12882424890995026,
            -0.7918366193771362,
            0.03157180920243263
        ],
        [
            -0.1290721446275711,
            -0.7926687598228455,
            0.03678807616233826
        ],
        [
            -0.1271071583032608,
            -0.7908782958984375,
            0.026438523083925247
        ],
        [
            -0.1274670958518982,
            -0.7905702590942383,
            0.024685945361852646
        ],
        [
            -0.12866279482841492,
            -0.7914851903915405,
            0.02562275156378746
        ],
        [
            -0.12781643867492676,
            -0.7913532257080078,
            0.026908807456493378
        ],
        [
            -0.12699919939041138,
            -0.7911319732666016,
            0.028803493827581406
        ],
        [
            -0.12614503502845764,
            -0.7893513441085815,
            0.029748044908046722
        ],
        [
            -0.1267303228378296,
            -0.7901170253753662,
            0.02739972248673439
        ],
        [
            -0.12591612339019775,
            -0.7883493900299072,
            0.034177109599113464
        ],
        [
            -0.12277758866548538,
            -0.7858662605285645,
            0.04881317541003227
        ],
        [
            -0.12485674023628235,
            -0.7862787246704102,
            0.04470015689730644
        ],
        [
            -0.12460426241159439,
            -0.7908447980880737,
            0.04538608342409134
        ],
        [
            -0.12281777709722519,
            -0.7907779216766357,
            0.04904503747820854
        ],
        [
            -0.1290702521800995,
            -0.7928214073181152,
            0.02855081856250763
        ],
        [
            -0.1311379075050354,
            -0.7942973375320435,
            0.025834817439317703
        ],
        [
            -0.13223715126514435,
            -0.7964891791343689,
            0.03093116730451584
        ],
        [
            -0.13037440180778503,
            -0.7941837906837463,
            0.03140284866094589
        ],
        [
            -0.1331876665353775,
            -0.7956849932670593,
            0.023695088922977448
        ],
        [
            -0.1298685073852539,
            -0.7924871444702148,
            0.023515593260526657
        ],
        [
            -0.13096889853477478,
            -0.7927821278572083,
            0.021182740107178688
        ],
        [
            -0.12659358978271484,
            -0.7890368700027466,
            0.02507876232266426
        ],
        [
            -0.1265392005443573,
            -0.7875232696533203,
            0.02203039824962616
        ],
        [
            -0.12846586108207703,
            -0.7896162271499634,
            0.02226836606860161
        ],
        [
            -0.12478028982877731,
            -0.7845605611801147,
            0.02379283681511879
        ],
        [
            -0.12536048889160156,
            -0.7873033285140991,
            0.02760261669754982
        ],
        [
            -0.12490734457969666,
            -0.7852960824966431,
            0.03194707632064819
        ],
        [
            -0.1243111863732338,
            -0.7834569215774536,
            0.037583671510219574
        ],
        [
            -0.12204300612211227,
            -0.7793363332748413,
            0.033711519092321396
        ],
        [
            -0.12344691157341003,
            -0.7816327810287476,
            0.027993228286504745
        ],
        [
            -0.13341280817985535,
            -0.7999798059463501,
            0.02939758449792862
        ],
        [
            -0.12931610643863678,
            -0.7889680862426758,
            0.017787165939807892
        ],
        [
            -0.1334111988544464,
            -0.7943778038024902,
            0.015322361141443253
        ],
        [
            -0.12698522210121155,
            -0.784736156463623,
            0.01705038547515869
        ],
        [
            -0.12412331253290176,
            -0.7809393405914307,
            0.018354449421167374
        ],
        [
            -0.12153436243534088,
            -0.777408242225647,
            0.02216479368507862
        ],
        [
            -0.11951625347137451,
            -0.7741183042526245,
            0.0282256081700325
        ],
        [
            -0.10319472849369049,
            -0.753525972366333,
            0.026174845173954964
        ],
        [
            -0.10718701034784317,
            -0.7581449747085571,
            0.017782721668481827
        ],
        [
            -0.16090571880340576,
            -0.8646247386932373,
            0.02942688763141632
        ],
        [
            -0.16395869851112366,
            -0.8630583882331848,
            0.02108040079474449
        ],
        [
            -0.15814557671546936,
            -0.8570196628570557,
            0.017109684646129608
        ],
        [
            -0.1606559455394745,
            -0.8591582179069519,
            0.015220675617456436
        ],
        [
            -0.15949119627475739,
            -0.860120415687561,
            0.022071436047554016
        ],
        [
            -0.15775884687900543,
            -0.8578484058380127,
            0.021730627864599228
        ],
        [
            -0.1528501957654953,
            -0.8517917394638062,
            -0.0033286139369010925
        ],
        [
            -0.15375138819217682,
            -0.8531203269958496,
            0.0034059565514326096
        ],
        [
            -0.1516125500202179,
            -0.8498990535736084,
            0.0019997209310531616
        ],
        [
            -0.1514960080385208,
            -0.8454970121383667,
            -0.005521280691027641
        ],
        [
            -0.15014012157917023,
            -0.8418934345245361,
            0.011694632470607758
        ],
        [
            -0.15068650245666504,
            -0.8433260917663574,
            0.006454769521951675
        ],
        [
            -0.15248306095600128,
            -0.8494427800178528,
            0.011384624987840652
        ],
        [
            -0.15215551853179932,
            -0.848425567150116,
            0.015232346951961517
        ],
        [
            -0.15109756588935852,
            -0.8480018377304077,
            0.01931353658437729
        ],
        [
            -0.1493912637233734,
            -0.8484118580818176,
            0.023342180997133255
        ],
        [
            -0.14747357368469238,
            -0.8433361053466797,
            0.02253209426999092
        ],
        [
            -0.14896772801876068,
            -0.842186450958252,
            0.017394617199897766
        ],
        [
            -0.15698973834514618,
            -0.8617331981658936,
            0.027968361973762512
        ],
        [
            -0.152094304561615,
            -0.862190306186676,
            0.033369652926921844
        ],
        [
            -0.1514561027288437,
            -0.8591878414154053,
            0.031769268214702606
        ],
        [
            -0.15580618381500244,
            -0.8586705923080444,
            0.027375128120183945
        ],
        [
            -0.13974851369857788,
            -0.8559134006500244,
            0.036119673401117325
        ],
        [
            -0.14199256896972656,
            -0.8578090667724609,
            0.03597128018736839
        ],
        [
            -0.14122530817985535,
            -0.8593815565109253,
            0.03955211117863655
        ],
        [
            -0.1387144774198532,
            -0.855462372303009,
            0.03937554731965065
        ],
        [
            -0.13902819156646729,
            -0.8522034883499146,
            0.03752610459923744
        ],
        [
            -0.14024868607521057,
            -0.8540014028549194,
            0.03532369062304497
        ],
        [
            -0.1723770946264267,
            -0.9175981283187866,
            0.024890754371881485
        ],
        [
            -0.16970491409301758,
            -0.9010181427001953,
            0.0337417870759964
        ],
        [
            -0.17012569308280945,
            -0.9123988151550293,
            0.005450189113616943
        ],
        [
            -0.164343923330307,
            -0.9041645526885986,
            -0.010020937770605087
        ],
        [
            -0.15826891362667084,
            -0.8922336101531982,
            -0.022682400420308113
        ],
        [
            -0.13174360990524292,
            -0.7941251397132874,
            -0.004808859899640083
        ],
        [
            -0.1254195272922516,
            -0.7870966196060181,
            -0.009995275177061558
        ],
        [
            -0.12308663129806519,
            -0.7956765294075012,
            -0.023071667179465294
        ],
        [
            -0.11535584926605225,
            -0.7876444458961487,
            -0.024657616391777992
        ],
        [
            -0.11802281439304352,
            -0.7789055705070496,
            -0.011098216287791729
        ],
        [
            -0.10276201367378235,
            -0.7637373208999634,
            -0.002605998422950506
        ],
        [
            -0.11055896431207657,
            -0.7704625129699707,
            -0.00857861153781414
        ],
        [
            -0.10607469081878662,
            -0.7799734473228455,
            -0.024514643475413322
        ],
        [
            -0.10346892476081848,
            -0.7938687205314636,
            -0.039863817393779755
        ],
        [
            -0.11229149252176285,
            -0.7984592914581299,
            -0.03642178699374199
        ],
        [
            -0.10110335052013397,
            -0.8109973669052124,
            -0.05029606446623802
        ],
        [
            -0.09081781655550003,
            -0.78974449634552,
            -0.04268761724233627
        ],
        [
            -0.0926586166024208,
            -0.8128647804260254,
            -0.052665725350379944
        ],
        [
            -0.07737123966217041,
            -0.7584661245346069,
            -0.0255119726061821
        ],
        [
            -0.07465190440416336,
            -0.7488734126091003,
            -0.027680188417434692
        ],
        [
            -0.07472395896911621,
            -0.7561583518981934,
            -0.04509268328547478
        ],
        [
            -0.07738421857357025,
            -0.766191840171814,
            -0.04305575415492058
        ],
        [
            -0.12140612304210663,
            -0.8042570352554321,
            -0.032406020909547806
        ],
        [
            -0.14737127721309662,
            -0.8627197742462158,
            -0.027056735008955002
        ],
        [
            -0.1525249481201172,
            -0.8600716590881348,
            -0.017173435539007187
        ],
        [
            -0.14136476814746857,
            -0.8510453701019287,
            -0.030997756868600845
        ],
        [
            -0.15202227234840393,
            -0.9240139126777649,
            -0.0383172333240509
        ],
        [
            -0.16004902124404907,
            -0.9159221649169922,
            -0.02380702644586563
        ],
        [
            -0.15471649169921875,
            -0.9018069505691528,
            -0.033517688512802124
        ],
        [
            -0.14742332696914673,
            -0.9113550186157227,
            -0.04600028321146965
        ],
        [
            -0.15275996923446655,
            -0.9588910341262817,
            -0.009230256080627441
        ],
        [
            -0.1665615737438202,
            -0.9406497478485107,
            0.007586102932691574
        ],
        [
            -0.16355420649051666,
            -0.9298433661460876,
            -0.007130667567253113
        ],
        [
            -0.15398448705673218,
            -0.9439518451690674,
            -0.02229093387722969
        ],
        [
            -0.13946612179279327,
            -0.915765106678009,
            -0.05635642260313034
        ],
        [
            -0.12648451328277588,
            -0.921882152557373,
            -0.06880573183298111
        ],
        [
            -0.12375754863023758,
            -0.9391235113143921,
            -0.06936284899711609
        ],
        [
            -0.13925600051879883,
            -0.9341007471084595,
            -0.05311540514230728
        ],
        [
            -0.11713361740112305,
            -0.9624284505844116,
            -0.06247981637716293
        ],
        [
            -0.13660088181495667,
            -0.9561604857444763,
            -0.04387080669403076
        ],
        [
            -0.08072326332330704,
            -0.8023996353149414,
            -0.05710282549262047
        ],
        [
            -0.08414929360151291,
            -0.8206153512001038,
            -0.059970252215862274
        ],
        [
            -0.08272483944892883,
            -0.7772234082221985,
            -0.0398135781288147
        ],
        [
            -0.07744991034269333,
            -0.7872587442398071,
            -0.05547690391540527
        ],
        [
            -0.10668376088142395,
            -0.9802489876747131,
            -0.05078691989183426
        ],
        [
            -0.13051271438598633,
            -0.9747143387794495,
            -0.02936587482690811
        ],
        [
            -0.0775635838508606,
            -0.9153221845626831,
            -0.09219465404748917
        ],
        [
            -0.08979539573192596,
            -0.9297701120376587,
            -0.08813837170600891
        ],
        [
            -0.10144765675067902,
            -0.9126077890396118,
            -0.0837344229221344
