{
    "pred_cam": [
        1.1145141124725342,
        -0.07149482518434525,
        0.14751708507537842
    ],
    "pred_smpl_params": {
        "global_orient": [
            [
                [
                    0.9988763332366943,
                    0.046718765050172806,
                    -0.007962514646351337
                ],
                [
                    0.047197625041007996,
                    -0.9958481192588806,
                    0.07783977687358856
                ],
                [
                    -0.004292876459658146,
                    -0.07812812179327011,
                    -0.9969341158866882
                ]
            ]
        ],
        "body_pose": [
            [
                [
                    0.9984403252601624,
                    -0.055672332644462585,
                    0.004199549090117216
                ],
                [
                    0.053449105471372604,
                    0.9748792052268982,
                    0.2162260264158249
                ],
                [
                    -0.01613185741007328,
                    -0.21566429734230042,
                    0.9763343334197998
                ]
            ],
            [
                [
                    0.9987820982933044,
                    0.030178461223840714,
                    0.03903155028820038
                ],
                [
                    -0.03836055099964142,
                    0.9725081324577332,
                    0.22968783974647522
                ],
                [
                    -0.031026877462863922,
                    -0.23090539872646332,
                    0.972481369972229
                ]
            ],
            [
                [
                    0.9999325275421143,
                    -0.0004548883007373661,
                    -0.011609465815126896
                ],
                [
                    -0.0020922182593494654,
                    0.9758480787277222,
                    -0.2184402495622635
                ],
                [
                    0.011428439989686012,
                    0.21844978630542755,
                    0.975781261920929
                ]
            ],
            [
                [
                    0.9942947030067444,
                    -0.0011316008167341352,
                    -0.10666138678789139
                ],
                [
                    -0.05928436666727066,
                    0.8254150748252869,
                    -0.561404824256897
                ],
                [
                    0.08867522329092026,
                    0.5645252466201782,
                    0.8206387758255005
                ]
            ],
            [
                [
                    0.9925675392150879,
                    -0.037414439022541046,
                    0.11580069363117218
                ],
                [
                    0.10156985372304916,
                    0.7788314819335938,
                    -0.6189548373222351
                ],
                [
                    -0.0670313835144043,
                    0.6261163353919983,
                    0.7768430113792419
                ]
            ],
            [
                [
                    0.999558687210083,
                    -0.029318267479538918,
                    0.004770454950630665
                ],
                [
                    0.029128320515155792,
                    0.9989295601844788,
                    0.035934098064899445
                ],
                [
                    -0.005818874109536409,
                    -0.03577928990125656,
                    0.9993427395820618
                ]
            ],
            [
                [
                    0.9829607009887695,
                    0.09458236396312714,
                    0.1576145589351654
                ],
                [
                    -0.10347800701856613,
                    0.9934138655662537,
                    0.049204982817173004
                ],
                [
                    -0.1519225686788559,
                    -0.06467621773481369,
                    0.986274003982544
                ]
            ],
            [
                [
                    0.9853400588035583,
                    -0.06695864349603653,
                    -0.15691247582435608
                ],
                [
                    0.06940991431474686,
                    0.9975361824035645,
                    0.010188466869294643
                ],
                [
                    0.15584367513656616,
                    -0.02093038707971573,
                    0.987559974193573
                ]
            ],
            [
                [
                    0.9998204708099365,
                    -0.01716800592839718,
                    -0.008012975566089153
                ],
                [
                    0.016384918242692947,
                    0.9958741068840027,
                    -0.08925425261259079
                ],
                [
                    0.00951223261654377,
                    0.08910693973302841,
                    0.9959766268730164
                ]
            ],
            [
                [
                    0.9752703309059143,
                    -0.21908757090568542,
                    -0.02912973053753376
                ],
                [
                    0.22083531320095062,
                    0.9606503844261169,
                    0.16847145557403564
                ],
                [
                    -0.008926516398787498,
                    -0.17073805630207062,
                    0.9852761030197144
                ]
            ],
            [
                [
                    0.984053373336792,
                    0.17739048600196838,
                    0.013101273216307163
                ],
                [
                    -0.1761063039302826,
                    0.9612722992897034,
                    0.2119956761598587
                ],
                [
                    0.02501213178038597,
                    -0.2109222710132599,
                    0.9771828055381775
                ]
            ],
            [
                [
                    0.9904941916465759,
                    -0.023380432277917862,
                    -0.13555341958999634
                ],
                [
                    0.02859320677816868,
                    0.9989194273948669,
                    0.036636754870414734
                ],
                [
                    0.13455037772655487,
                    -0.04016439616680145,
                    0.990092396736145
                ]
            ],
            [
                [
                    0.9177470803260803,
                    0.366491436958313,
                    0.15304987132549286
                ],
                [
                    -0.35911792516708374,
                    0.9303269386291504,
                    -0.07433799654245377
                ],
                [
                    -0.16963066160678864,
                    0.01326052751392126,
                    0.9854184985160828
                ]
            ],
            [
                [
                    0.9324507117271423,
                    -0.3383043706417084,
                    -0.1268293559551239
                ],
                [
                    0.3375535011291504,
                    0.9408890008926392,
                    -0.02802846021950245
                ],
                [
                    0.1288144886493683,
                    -0.016676532104611397,
                    0.9915284514427185
                ]
            ],
            [
                [
                    0.9920214414596558,
                    -0.01968432404100895,
                    -0.12452281266450882
                ],
                [
                    -0.0005771504947915673,
                    0.9870156645774841,
                    -0.16062340140342712
                ],
                [
                    0.12606771290302277,
                    0.15941372513771057,
                    0.9791293144226074
                ]
            ],
            [
                [
                    0.48729419708251953,
                    0.8612267374992371,
                    -0.14433608949184418
                ],
                [
                    -0.8716018795967102,
                    0.48980408906936646,
                    -0.020051555708050728
                ],
                [
                    0.05342748016119003,
                    0.13557462394237518,
                    0.9893255233764648
                ]
            ],
            [
                [
                    0.517956554889679,
                    -0.8238340616226196,
                    0.23025746643543243
                ],
                [
                    0.8458961844444275,
                    0.5333208441734314,
                    0.005343432072550058
                ],
                [
                    -0.12720319628715515,
                    0.19200624525547028,
                    0.973115086555481
                ]
            ],
            [
                [
                    0.4622155427932739,
                    -0.35419970750808716,
                    -0.8129571676254272
                ],
                [
                    0.3630623519420624,
                    0.9119938611984253,
                    -0.19092631340026855
                ],
                [
                    0.8090380430221558,
                    -0.2069050371646881,
                    0.5501343011856079
                ]
            ],
            [
                [
                    0.0653119683265686,
                    0.42877882719039917,
                    0.9010455012321472
                ],
                [
                    -0.3430664837360382,
                    0.8575791716575623,
                    -0.38322749733924866
                ],
                [
                    -0.9370377063751221,
                    -0.28408920764923096,
                    0.20310983061790466
                ]
            ],
            [
                [
                    0.9928786158561707,
                    -0.1182517260313034,
                    0.01444786787033081
                ],
                [
                    0.11602330207824707,
                    0.9873601794242859,
                    0.10797466337680817
                ],
                [
                    -0.02703343890607357,
                    -0.10552942752838135,
                    0.9940487742424011
                ]
            ],
            [
                [
                    0.984021782875061,
                    0.17804789543151855,
                    -0.00010077248589368537
                ],
                [
                    -0.1768578439950943,
                    0.9775099158287048,
                    0.11487308144569397
                ],
                [
                    0.020551413297653198,
                    -0.11301980167627335,
                    0.9933801889419556
                ]
            ],
            [
                [
                    0.961563229560852,
                    0.2518739402294159,
                    -0.10934197157621384
                ],
                [
                    -0.23726911842823029,
                    0.9625958204269409,
                    0.1308150291442871
                ],
                [
                    0.138201043009758,
                    -0.09984344244003296,
                    0.9853586554527283
                ]
            ],
            [
                [
                    0.9644367694854736,
                    -0.25232264399528503,
                    0.07870769500732422
                ],
                [
                    0.2421291172504425,
                    0.9628265500068665,
                    0.11974328011274338
                ],
                [
                    -0.10599581152200699,
                    -0.09642741084098816,
                    0.9896799921989441
                ]
            ]
        ],
        "betas": [
            -0.06297984719276428,
            -0.11042848229408264,
            0.11448317766189575,
            0.11963096261024475,
            0.012716412544250488,
            0.044654641300439835,
            0.04142847657203674,
            -0.08149045705795288,
            0.04281751811504364,
            -0.022181034088134766
        ]
    },
    "pred_cam_t": [
        -0.07149482518434525,
        0.14751708507537842,
        35.04890441894531
    ],
    "focal_length": [
        5000.0,
        5000.0
    ],
    "pred_keypoints_3d": [
        [
            -0.030383335426449776,
            -0.7826091051101685,
            -0.24560858309268951
        ],
        [
            0.01183268055319786,
            -0.7252582311630249,
            -0.06459847092628479
        ],
        [
            -0.16559739410877228,
            -0.6416495442390442,
            -0.009293995797634125
        ],
        [
            -0.20757783949375153,
            -0.4091602861881256,
            0.08138129860162735
        ],
        [
            -0.29126834869384766,
            -0.3419055640697479,
            -0.14827951788902283
        ],
        [
            0.18759188055992126,
            -0.6389204263687134,
            -0.02357461303472519
        ],
        [
            0.21241948008537292,
            -0.4119386672973633,
            0.09932061284780502
        ],
        [
            0.3212554454803467,
            -0.24584351480007172,
            -0.04862885922193527
        ],
        [
            -0.0018374688224866986,
            -0.22486193478107452,
            0.028781913220882416
        ],
        [
            -0.07394891232252121,
            -0.1380665898323059,
            0.04021454229950905
        ],
        [
            -0.1410832554101944,
            0.2339031994342804,
            -0.010449010878801346
        ],
        [
            -0.149213507771492,
            0.5539717674255371,
            0.22501279413700104
        ],
        [
            0.0636601373553276,
            -0.1308741271495819,
            0.04224390536546707
        ],
        [
            0.10028328001499176,
            0.23771482706069946,
            -0.004515595734119415
        ],
        [
            0.0927325040102005,
            0.571090817451477,
            0.21093162894248962
        ],
        [
            -0.053785230964422226,
            -0.8322837352752686,
            -0.21789568662643433
        ],
        [
            0.00916813313961029,
            -0.8286475539207458,
            -0.239061176776886
        ],
        [
            -0.06281792372465134,
            -0.8496992588043213,
            -0.11592462658882141
        ],
        [
            0.0776330754160881,
            -0.8414889574050903,
            -0.16244804859161377
        ],
        [
            0.09351810812950134,
            0.6965703964233398,
            0.05602768063545227
        ],
        [
            0.16027133166790009,
            0.6828815340995789,
            0.105229452252388
        ],
        [
            0.09588117897510529,
            0.5809948444366455,
            0.281450480222702
        ],
        [
            -0.14460453391075134,
            0.6862996816635132,
            0.07948166131973267
        ],
        [
            -0.218926340341568,
            0.6695477962493896,
            0.12318944931030273
        ],
        [
            -0.1533115804195404,
            0.5659550428390503,
            0.29794541001319885
        ],
        [
            -0.16936266422271729,
            0.49866217374801636,
            0.22341316938400269
        ],
        [
            -0.13290828466415405,
            0.1730901300907135,
            -0.012729141861200333
        ],
        [
            -0.14838270843029022,
            -0.2660197615623474,
            0.03912849724292755
        ],
        [
            0.14615073800086975,
            -0.23669055104255676,
            0.05254708230495453
        ],
        [
            0.11055493354797363,
            0.19753164052963257,
            -0.005500303581357002
        ],
        [
            0.10135811567306519,
            0.5303587317466736,
            0.21992339193820953
        ],
        [
            -0.2733006179332733,
            -0.3758687973022461,
            -0.14293351769447327
        ],
        [
            -0.2395622432231903,
            -0.43771570920944214,
            0.06238458678126335
        ],
        [
            -0.13110262155532837,
            -0.6686638593673706,
            -0.023436374962329865
        ],
        [
            0.15595339238643646,
            -0.6687937378883362,
            -0.03222532942891121
        ],
        [
            0.25292131304740906,
            -0.4391942620277405,
            0.07123808562755585
        ],
        [
            0.322502076625824,
            -0.2695941627025604,
            -0.05001676455140114
        ],
        [
            0.014429355040192604,
            -0.718944787979126,
            -0.06037738546729088
        ],
        [
            0.0033188650850206614,
            -0.8914589285850525,
            -0.1699748933315277
        ],
        [
            -0.0003064604243263602,
            -0.2513851523399353,
            0.04570752754807472
        ],
        [
            0.011486509814858437,
            -0.6659444570541382,
            -0.03171490877866745
        ],
        [
            0.012412849813699722,
            -0.49446359276771545,
            0.01652299240231514
        ],
        [
            0.0003639992792159319,
            -0.7775551676750183,
            -0.17120742797851562
        ],
        [
            0.0006334534846246243,
            -0.9125750660896301,
            -0.1658410280942917
        ]
    ],
    "pred_vertices": [
        [
            0.018991362303495407,
            -0.8725088834762573,
            -0.257141649723053
        ],
        [
            0.011820492334663868,
            -0.8573464751243591,
            -0.2568310499191284
        ],
        [
            0.025074832141399384,
            -0.8559601306915283,
            -0.2513202428817749
        ],
        [
            0.033052898943424225,
            -0.8682829737663269,
            -0.24752932786941528
        ],
        [
            0.019853301346302032,
            -0.8459191918373108,
            -0.25212591886520386
        ],
        [
            0.00817064754664898,
            -0.8460370302200317,
            -0.25562039017677307
        ],
        [
            0.03504398465156555,
            -0.8526707291603088,
            -0.2419707328081131
        ],
        [
            0.043100979179143906,
            -0.8614928722381592,
            -0.236142098903656
        ],
        [
            0.044675130397081375,
            -0.8213511109352112,
            -0.22240972518920898
        ],
        [
            0.051518671214580536,
            -0.8191661834716797,
            -0.21346837282180786
        ],
        [
            0.05086931213736534,
            -0.8305691480636597,
            -0.2186928689479828
        ],
        [
            0.04321349412202835,
            -0.82976233959198,
            -0.22565345466136932
        ],
        [
            0.04612217843532562,
            -0.7975209951400757,
            -0.2111416906118393
        ],
        [
            0.038038063794374466,
            -0.7866462469100952,
            -0.21430838108062744
        ],
        [
            0.04346374049782753,
            -0.7806652784347534,
            -0.20327728986740112
        ],
        [
            0.05062701553106308,
            -0.7912029027938843,
            -0.19895398616790771
        ],
        [
            -0.0007284418679773808,
            -0.7952252626419067,
            -0.2306199073791504
        ],
        [
            0.0051515293307602406,
            -0.7888622879981995,
            -0.22939904034137726
        ],
        [
            0.008815729059278965,
            -0.7952996492385864,
            -0.23174966871738434
        ],
        [
            0.0023317323066294193,
            -0.8009932637214661,
            -0.23219071328639984
        ],
        [
            -0.011787647381424904,
            -0.803493857383728,
            -0.2361457496881485
        ],
        [
            -0.010013166815042496,
            -0.809627890586853,
            -0.23496583104133606
        ],
        [
            -0.016203951090574265,
            -0.812179446220398,
            -0.23926764726638794
        ],
        [
            -0.01741812564432621,
            -0.8050470352172852,
            -0.24149194359779358
        ],
        [
            -0.005786663852632046,
            -0.7905343770980835,
            -0.22743061184883118
        ],
        [
            0.0006858776323497295,
            -0.7840360403060913,
            -0.22590240836143494
        ],
        [
            -0.005986740812659264,
            -0.8005292415618896,
            -0.23218515515327454
        ],
        [
            -0.008257610723376274,
            -0.7958742380142212,
            -0.2323731780052185
        ],
        [
            -0.013863610103726387,
            -0.7873833775520325,
            -0.23924538493156433
        ],
        [
            -0.012129590846598148,
            -0.7922296524047852,
            -0.23962897062301636
        ],
        [
            -0.01753050461411476,
            -0.7916528582572937,
            -0.24525845050811768
        ],
        [
            -0.01832430250942707,
            -0.786614716053009,
            -0.24274565279483795
        ],
        [
            -0.008593565784394741,
            -0.7891604900360107,
            -0.23132175207138062
        ],
        [
            -0.008964018896222115,
            -0.7911412715911865,
            -0.23491227626800537
        ],
        [
            -0.011866155080497265,
            -0.7870736122131348,
            -0.2352750301361084
        ],
        [
            -0.012206988409161568,
            -0.7859960198402405,
            -0.23124437034130096
        ],
        [
            -0.013108780607581139,
            -0.7987253665924072,
            -0.2373497039079666
        ],
        [
            -0.01795807294547558,
            -0.7987908124923706,
            -0.24341130256652832
        ],
        [
            -0.02380998432636261,
            -0.7985094785690308,
            -0.24918779730796814
        ],
        [
            -0.023534592241048813,
            -0.7896552085876465,
            -0.25023388862609863
        ],
        [
            0.018272599205374718,
            -0.7771792411804199,
            -0.22214771807193756
        ],
        [
            0.011745784431695938,
            -0.7828100919723511,
            -0.22696436941623688
        ],
        [
            0.0070823607966303825,
            -0.7783648371696472,
            -0.22414138913154602
        ],
        [
            0.012774896807968616,
            -0.7736677527427673,
            -0.22106648981571198
        ],
        [
            -0.009816107340157032,
            -0.7838642597198486,
            -0.227521151304245
        ],
        [
            -0.005380846560001373,
            -0.7685030698776245,
            -0.2238251119852066
        ],
        [
            -0.005409029312431812,
            -0.7720252275466919,
            -0.2253066450357437
        ],
        [
            -0.012396697886288166,
            -0.7720298767089844,
            -0.22756510972976685
        ],
        [
            -0.011705313809216022,
            -0.7687505483627319,
            -0.2262219786643982
        ],
        [
            0.02610158361494541,
            -0.7658373117446899,
            -0.2107478380203247
        ],
        [
            0.019455300644040108,
            -0.7637795209884644,
            -0.21314233541488647
        ],
        [
            0.02096126601099968,
            -0.7579869031906128,
            -0.20859895646572113
        ],
        [
            0.027419600635766983,
            -0.7592301368713379,
            -0.20442986488342285
        ],
        [
            0.019488584250211716,
            -0.7529271841049194,
            -0.20521122217178345
        ],
        [
            0.027659637853503227,
            -0.7528402209281921,
            -0.19855773448944092
        ],
        [
            0.019733712077140808,
            -0.7399905920028687,
            -0.19178195297718048
        ],
        [
            0.02397020533680916,
            -0.745671272277832,
            -0.1946716606616974
        ],
        [
            0.015979301184415817,
            -0.7477332353591919,
            -0.202783465385437
        ],
        [
            0.010190542787313461,
            -0.7422809600830078,
            -0.20267170667648315
        ],
        [
            -0.0042172083631157875,
            -0.744745135307312,
            -0.20889818668365479
        ],
        [
            -0.010526178404688835,
            -0.7429434061050415,
            -0.20947591960430145
        ],
        [
            -0.0047939736396074295,
            -0.7318835258483887,
            -0.20504504442214966
        ],
        [
            0.0023695961572229862,
            -0.7361854314804077,
            -0.20398658514022827
        ],
        [
            -0.004210761748254299,
            -0.7641575932502747,
            -0.2178352177143097
        ],
        [
            0.0003249663859605789,
            -0.7648870348930359,
            -0.2162541151046753
        ],
        [
            -0.00011583743616938591,
            -0.7655649185180664,
            -0.21892380714416504
        ],
        [
            -0.005015190690755844,
            -0.7658408880233765,
            -0.2212437093257904
        ],
        [
            0.004249896854162216,
            -0.7650090456008911,
            -0.21540123224258423
        ],
        [
            0.006009052041918039,
            -0.7649149298667908,
            -0.21508532762527466
        ],
        [
            0.005428054369986057,
            -0.7657580971717834,
            -0.21655145287513733
        ],
        [
            0.0038408946711570024,
            -0.7655996084213257,
            -0.21618780493736267
        ],
        [
            0.0018296153284609318,
            -0.7651990652084351,
            -0.21611803770065308
        ],
        [
            0.0008598691783845425,
            -0.7633382678031921,
            -0.21559059619903564
        ],
        [
            0.003329954808577895,
            -0.7641835808753967,
            -0.21535804867744446
        ],
        [
            -0.0032588662579655647,
            -0.7618911266326904,
            -0.21702255308628082
        ],
        [
            -0.01715928316116333,
            -0.7578678131103516,
            -0.2204737365245819
        ],
        [
            -0.013189731165766716,
            -0.758535623550415,
            -0.22026678919792175
        ],
        [
            -0.014561707153916359,
            -0.7631076574325562,
            -0.22036448121070862
        ],
        [
            -0.017961902543902397,
            -0.7628295421600342,
            -0.22068239748477936
        ],
        [
            0.0031914066057652235,
            -0.7672003507614136,
            -0.21842700242996216
        ],
        [
            0.005732701160013676,
            -0.768545389175415,
            -0.21907201409339905
        ],
        [
            0.0010606683790683746,
            -0.7702905535697937,
            -0.22214239835739136
        ],
        [
            0.0002516075037419796,
            -0.7679409980773926,
            -0.22039996087551117
        ],
        [
            0.008258609101176262,
            -0.7702658176422119,
            -0.22023876011371613
        ],
        [
            0.007698344998061657,
            -0.7670000791549683,
            -0.21696382761001587
        ],
        [
            0.010892219841480255,
            -0.7677019834518433,
            -0.21751269698143005
        ],
        [
            0.005595998372882605,
            -0.7632887363433838,
            -0.21436841785907745
        ],
        [
            0.00863916240632534,
            -0.7619750499725342,
            -0.21322587132453918
        ],
        [
            0.008797893300652504,
            -0.7641183137893677,
            -0.21514570713043213
        ],
        [
            0.006765930913388729,
            -0.7589297294616699,
            -0.21197794377803802
        ],
        [
            0.0030286444816738367,
            -0.761343240737915,
            -0.2140490859746933
        ],
        [
            -0.0010091569274663925,
            -0.758959949016571,
            -0.215105339884758
        ],
        [
            -0.006265183910727501,
            -0.7565160989761353,
            -0.21673378348350525
        ],
        [
            -0.0028616497293114662,
            -0.7527345418930054,
            -0.2130366563796997
        ],
        [
            0.0026834409218281507,
            -0.755680501461029,
            -0.2121058702468872
        ],
        [
            0.003123099450021982,
            -0.7741560935974121,
            -0.22323691844940186
        ],
        [
            0.01339646428823471,
            -0.7638453245162964,
            -0.21430788934230804
        ],
        [
            0.01649303361773491,
            -0.7696878910064697,
            -0.217274010181427
        ],
        [
            0.01380952075123787,
            -0.7596491575241089,
            -0.21170493960380554
        ],
        [
            0.012152761220932007,
            -0.755704402923584,
            -0.2093394696712494
        ],
        [
            0.008268781937658787,
            -0.7516728043556213,
            -0.20818018913269043
        ],
        [
            0.002195855136960745,
            -0.7479299306869507,
            -0.2085137665271759
        ],
        [
            0.0012833457440137863,
            -0.7269860506057739,
            -0.19229009747505188
        ],
        [
            0.010107912123203278,
            -0.7325846552848816,
            -0.19238504767417908
        ],
        [
            0.006980215199291706,
            -0.8397222757339478,
            -0.24998822808265686
        ],
        [
            0.016177427023649216,
            -0.8392659425735474,
            -0.2496897578239441
        ],
        [
            0.018024221062660217,
            -0.8333209156990051,
            -0.2428266406059265
        ],
        [
            0.01963937096297741,
            -0.8354939222335815,
            -0.24390560388565063
        ],
        [
            0.01373665127903223,
            -0.8361260890960693,
            -0.24598275125026703
        ],
        [
            0.013466762378811836,
            -0.8336491584777832,
            -0.24424219131469727
        ],
        [
            0.03546110913157463,
            -0.8302621245384216,
            -0.23008397221565247
        ],
        [
            0.02949283830821514,
            -0.8308376669883728,
            -0.23365814983844757
        ],
        [
            0.030426999554038048,
            -0.8276355266571045,
            -0.23115435242652893
        ],
        [
            0.03755126893520355,
            -0.8240519762039185,
            -0.22780656814575195
        ],
        [
            0.02146916463971138,
            -0.8187119364738464,
            -0.23308870196342468
        ],
        [
            0.0265112966299057,
            -0.8207145929336548,
            -0.23160876333713531
        ],
        [
            0.02182897925376892,
            -0.8263652920722961,
            -0.23537594079971313
        ],
        [
            0.01818098872900009,
            -0.8248817324638367,
            -0.23651206493377686
        ],
        [
            0.014003559947013855,
            -0.8240301609039307,
            -0.23720204830169678
        ],
        [
            0.00962209515273571,
            -0.8238543272018433,
            -0.23725788295269012
        ],
        [
            0.010140055790543556,
            -0.8190217018127441,
            -0.23499764502048492
        ],
        [
            0.015602276660501957,
            -0.8184070587158203,
            -0.23433443903923035
        ],
        [
            0.006924398243427277,
            -0.8371522426605225,
            -0.24570971727371216
        ],
        [
            0.0001176539808511734,
            -0.836829423904419,
            -0.2433522343635559
        ],
        [
            0.0016209781169891357,
            -0.8341392278671265,
            -0.2421010583639145
        ],
        [
            0.0073036449030041695,
            -0.8340891599655151,
            -0.24451857805252075
        ],
        [
            -0.006526932120323181,
            -0.8301067352294922,
            -0.23260736465454102
        ],
        [
            -0.0057321572676301,
            -0.8320645689964294,
            -0.23471973836421967
        ],
        [
            -0.009482420980930328,
            -0.8331835269927979,
            -0.23532237112522125
        ],
        [
            -0.009932199493050575,
            -0.8292287588119507,
            -0.23285317420959473
        ],
        [
            -0.007712755352258682,
            -0.8262183666229248,
            -0.2325667440891266
        ],
        [
            -0.00538516603410244,
            -0.8283119201660156,
            -0.2328120321035385
        ],
        [
            0.010145861655473709,
            -0.893763542175293,
            -0.25959137082099915
        ],
        [
            0.003812020644545555,
            -0.8758978843688965,
            -0.2610163986682892
        ],
        [
            0.02852395549416542,
            -0.8900532722473145,
            -0.25069987773895264
        ],
        [
            0.0411374606192112,
            -0.8828667402267456,
            -0.23958761990070343
        ],
        [
            0.051337938755750656,
            -0.87199866771698,
            -0.22845980525016785
        ],
        [
            0.034625157713890076,
            -0.7718136310577393,
            -0.20733144879341125
        ],
        [
            0.0379289835691452,
            -0.765169620513916,
            -0.19900427758693695
        ],
        [
            0.0481889545917511,
            -0.7754011154174805,
            -0.19224180281162262
        ],
        [
            0.04803936183452606,
            -0.7673467397689819,
            -0.18343117833137512
        ],
        [
            0.037689223885536194,
            -0.7569316625595093,
            -0.19126345217227936
        ],
        [
            0.02681216225028038,
            -0.7410982847213745,
            -0.17914679646492004
        ],
        [
            0.03404432162642479,
            -0.7483522891998291,
            -0.18445265293121338
        ],
        [
            0.04525446146726608,
            -0.7601802349090576,
            -0.173326775431633
        ],
        [
            0.05567856878042221,
            -0.7759758830070496,
            -0.1652148962020874
        ],
        [
            0.05631861835718155,
            -0.7798717021942139,
            -0.1768372654914856
        ],
        [
            0.06229685992002487,
            -0.7941521406173706,
            -0.15977731347084045
        ],
        [
            0.0549386627972126,
            -0.7726763486862183,
            -0.15012198686599731
        ],
        [
            0.06202427297830582,
            -0.7960648536682129,
            -0.15015803277492523
        ],
        [
            0.0429459810256958,
            -0.7386391162872314,
            -0.13850578665733337
        ],
        [
            0.04666664078831673,
            -0.7299026250839233,
            -0.13142645359039307
        ],
        [
            0.0582926981151104,
            -0.7405363917350769,
            -0.12206939607858658
        ],
        [
            0.05619936063885689,
            -0.7491583824157715,
            -0.12994420528411865
        ],
        [
            0.0548974871635437,
            -0.785040020942688,
            -0.18731042742729187
        ],
        [
            0.05457688122987747,
            -0.8424383401870728,
            -0.21553438901901245
        ],
        [
            0.04742851108312607,
            -0.8392501473426819,
            -0.22479620575904846
        ],
        [
            0.057523198425769806,
            -0.8316278457641602,
            -0.20859608054161072
        ],
        [
            0.060302019119262695,
            -0.9050182700157166,
            -0.21724523603916168
        ],
        [
            0.05063476413488388,
            -0.8953564167022705,
            -0.2303064912557602
        ],
        [
            0.059596385806798935,
            -0.882569432258606,
            -0.22149747610092163
        ],
        [
            0.06756220757961273,
            -0.8931601047515869,
            -0.2102597951889038
        ],
        [
            0.030459748581051826,
            -0.9368298053741455,
            -0.22872619330883026
        ],
        [
            0.021410292014479637,
            -0.9174612760543823,
            -0.24736467003822327
        ],
        [
            0.035513099282979965,
            -0.9081495404243469,
            -0.23993022739887238
        ],
        [
            0.04469279199838638,
            -0.9232033491134644,
            -0.22544953227043152
        ],
        [
            0.07288181781768799,
            -0.8984867334365845,
            -0.1989426463842392
        ],
        [
            0.07896474003791809,
            -0.9054629802703857,
            -0.18248938024044037
        ],
        [
            0.07607372850179672,
            -0.9227550029754639,
            -0.18014954030513763
        ],
        [
            0.06812038272619247,
            -0.9163551926612854,
            -0.20033985376358032
        ],
        [
            0.06533072143793106,
            -0.9444268941879272,
            -0.17688298225402832
        ],
        [
            0.05619153752923012,
            -0.937211275100708,
            -0.20140057802200317
        ],
        [
            0.06321695446968079,
            -0.7865896224975586,
            -0.13471132516860962
        ],
        [
            0.0652611255645752,
            -0.8042962551116943,
            -0.13979005813598633
        ],
        [
            0.05323953926563263,
            -0.759456992149353,
            -0.14025864005088806
        ],
        [
            0.0624709352850914,
            -0.7719022631645203,
            -0.12835362553596497
        ],
        [
            0.04904405027627945,
            -0.9613935947418213,
            -0.17189094424247742
        ],
        [
            0.039068322628736496,
            -0.9539380073547363,
            -0.20168566703796387
        ],
        [
            0.08177696168422699,
            -0.9004690051078796,
            -0.12809893488883972
        ],
        [
            0.08209989964962006,
            -0.9147862195968628,
            -0.14167062938213348
        ],
        [
            0.08381935954093933,
            -0.8974030017852783,
