{
    "pred_cam": [
        1.1373077630996704,
        0.02046983130276203,
        0.17918409407138824
    ],
    "pred_smpl_params": {
        "global_orient": [
            [
                [
                    0.9659154415130615,
                    0.07912501692771912,
                    0.24646826088428497
                ],
                [
                    0.07839115709066391,
                    -0.9968404173851013,
                    0.012804043479263783
                ],
                [
                    0.2467026561498642,
                    0.006953309290111065,
                    -0.9690662622451782
                ]
            ]
        ],
        "body_pose": [
            [
                [
                    0.9973416924476624,
                    0.009225362911820412,
                    -0.07228059321641922
                ],
                [
                    0.003906627185642719,
                    0.9837567806243896,
                    0.17946387827396393
                ],
                [
                    0.0727621465921402,
                    -0.17926917970180511,
                    0.981105625629425
                ]
            ],
            [
                [
                    0.9898248314857483,
                    0.13008689880371094,
                    -0.05765668675303459
                ],
                [
                    -0.12172593176364899,
                    0.9839701652526855,
                    0.13032838702201843
                ],
                [
                    0.07368648052215576,
                    -0.12198394536972046,
                    0.989793062210083
                ]
            ],
            [
                [
                    0.9953803420066833,
                    -0.04718473181128502,
                    0.08361581712961197
                ],
                [
                    0.06327474117279053,
                    0.9774050116539001,
                    -0.20168240368366241
                ],
                [
                    -0.07221018522977829,
                    0.20604147017002106,
                    0.9758753180503845
                ]
            ],
            [
                [
                    0.9907932281494141,
                    -0.03551428020000458,
                    -0.1306428462266922
                ],
                [
                    -0.05592614412307739,
                    0.771431028842926,
                    -0.6338505148887634
                ],
                [
                    0.12329266965389252,
                    0.6353210806846619,
                    0.7623424530029297
                ]
            ],
            [
                [
                    0.9939014911651611,
                    -0.08788909763097763,
                    0.06659755855798721
                ],
                [
                    0.11025019735097885,
                    0.7802404165267944,
                    -0.6156863570213318
                ],
                [
                    0.0021500142756849527,
                    0.6192740797996521,
                    0.7851719260215759
                ]
            ],
            [
                [
                    0.9940748810768127,
                    0.017027080059051514,
                    0.10735507309436798
                ],
                [
                    -0.010365386493504047,
                    0.9980031251907349,
                    -0.06230819970369339
                ],
                [
                    -0.10820163041353226,
                    0.060826245695352554,
                    0.9922663569450378
                ]
            ],
            [
                [
                    0.9904009103775024,
                    0.07026022672653198,
                    0.11903548985719681
                ],
                [
                    -0.07798238843679428,
                    0.9950558543205261,
                    0.0615028440952301
                ],
                [
                    -0.11412575840950012,
                    -0.07019515335559845,
                    0.9909833073616028
                ]
            ],
            [
                [
                    0.9881006479263306,
                    -0.06812713295221329,
                    -0.13789820671081543
                ],
                [
                    0.07484179735183716,
                    0.9962197542190552,
                    0.04410234093666077
                ],
                [
                    0.13437233865261078,
                    -0.05389809608459473,
                    0.9894641637802124
                ]
            ],
            [
                [
                    0.9964686632156372,
                    -0.0022438731975853443,
                    0.08393494784832001
                ],
                [
                    0.008146497420966625,
                    0.9975103735923767,
                    -0.07004760950803757
                ],
                [
                    -0.08356880396604538,
                    0.07048402726650238,
                    0.9940060973167419
                ]
            ],
            [
                [
                    0.9815195202827454,
                    -0.1810413897037506,
                    0.06199458986520767
                ],
                [
                    0.16765081882476807,
                    0.9697245955467224,
                    0.17755953967571259
                ],
                [
                    -0.09226331114768982,
                    -0.1638847291469574,
                    0.9821553826332092
                ]
            ],
            [
                [
                    0.9894164204597473,
                    0.14405293762683868,
                    -0.01743539609014988
                ],
                [
                    -0.13749781250953674,
                    0.969150722026825,
                    0.20455117523670197
                ],
                [
                    0.04636372625827789,
                    -0.1999889463186264,
                    0.978700578212738
                ]
            ],
            [
                [
                    0.9923359751701355,
                    0.007339061703532934,
                    0.1233515664935112
                ],
                [
                    -0.0055153099820017815,
                    0.9998704791069031,
                    -0.015120105817914009
                ],
                [
                    -0.12344655394554138,
                    0.014323902316391468,
                    0.9922479391098022
                ]
            ],
            [
                [
                    0.9222570657730103,
                    0.3800739347934723,
                    -0.07060958445072174
                ],
                [
                    -0.3824378252029419,
                    0.9236910343170166,
                    -0.02315763756632805
                ],
                [
                    0.05641981586813927,
                    0.048361070454120636,
                    0.9972352385520935
                ]
            ],
            [
                [
                    0.8858124017715454,
                    -0.36860865354537964,
                    0.28189370036125183
                ],
                [
                    0.3853410482406616,
                    0.9227643609046936,
                    -0.004260285757482052
                ],
                [
                    -0.25855109095573425,
                    0.11239903420209885,
                    0.9594361782073975
                ]
            ],
            [
                [
                    0.9882515072822571,
                    0.07880508899688721,
                    0.1309526115655899
                ],
                [
                    -0.03884001821279526,
                    0.9581832885742188,
                    -0.28350716829299927
                ],
                [
                    -0.1478184014558792,
                    0.27509021759033203,
                    0.9499868750572205
                ]
            ],
            [
                [
                    0.4327402114868164,
                    0.8378360867500305,
                    -0.3328162431716919
                ],
                [
                    -0.8986210823059082,
                    0.4304541349411011,
                    -0.08479015529155731
                ],
                [
                    0.07222186028957367,
                    0.33576783537864685,
                    0.9391719698905945
                ]
            ],
            [
                [
                    0.4451141953468323,
                    -0.7319276332855225,
                    0.5159024000167847
                ],
                [
                    0.8391166925430298,
                    0.5420796871185303,
                    0.04508676379919052
                ],
                [
                    -0.31266045570373535,
                    0.4128335416316986,
                    0.8554600477218628
                ]
            ],
            [
                [
                    0.20879219472408295,
                    -0.4060746431350708,
                    -0.8896680474281311
                ],
                [
                    0.1087992712855339,
                    0.9137159585952759,
                    -0.3915173411369324
                ],
                [
                    0.9718891978263855,
                    -0.01504945196211338,
                    0.23495738208293915
                ]
            ],
            [
                [
                    0.5006080865859985,
                    0.2260097712278366,
                    0.8356500864028931
                ],
                [
                    0.12775956094264984,
                    0.9354576468467712,
                    -0.32953986525535583
                ],
                [
                    -0.8561944961547852,
                    0.2717325985431671,
                    0.43942275643348694
                ]
            ],
            [
                [
                    0.9900729060173035,
                    -0.1277005821466446,
                    -0.05872249975800514
                ],
                [
                    0.13279569149017334,
                    0.9867605566978455,
                    0.09310697764158249
                ],
                [
                    0.046055227518081665,
                    -0.09998077899217606,
                    0.993923008441925
                ]
            ],
            [
                [
                    0.9940946102142334,
                    0.10160043835639954,
                    0.03812279552221298
                ],
                [
                    -0.10049198567867279,
                    0.9944869875907898,
                    -0.02995067834854126
                ],
                [
                    -0.04095562547445297,
                    0.025942770764231682,
                    0.9988241791725159
                ]
            ],
            [
                [
                    0.9710769057273865,
                    0.21690453588962555,
                    -0.09981022030115128
                ],
                [
                    -0.2031564712524414,
                    0.9702215790748596,
                    0.13189932703971863
                ],
                [
                    0.1254476010799408,
                    -0.10780728608369827,
                    0.9862253069877625
                ]
            ],
            [
                [
                    0.9750247001647949,
                    -0.21529778838157654,
                    0.05453299358487129
                ],
                [
                    0.20436695218086243,
                    0.965855598449707,
                    0.15923909842967987
                ],
                [
                    -0.08695482462644577,
                    -0.1441172957420349,
                    0.9857327938079834
                ]
            ]
        ],
        "betas": [
            0.08304828405380249,
            0.2398674637079239,
            0.35423949360847473,
            1.2481367588043213,
            -0.045217305421829224,
            -0.02283027395606041,
            -0.03717389702796936,
            0.08915084600448608,
            0.10896391421556473,
            -0.03784775733947754
        ]
    },
    "pred_cam_t": [
        0.02046983130276203,
        0.17918409407138824,
        34.34646224975586
    ],
    "focal_length": [
        5000.0,
        5000.0
    ],
    "pred_keypoints_3d": [
        [
            0.17166081070899963,
            -0.7881178855895996,
            -0.19777989387512207
        ],
        [
            0.04388526827096939,
            -0.7506256103515625,
            -0.05346870422363281
        ],
        [
            -0.11873061954975128,
            -0.637296736240387,
            -0.12531402707099915
        ],
        [
            -0.13056696951389313,
            -0.3871642053127289,
            -0.0974462479352951
        ],
        [
            0.08444547653198242,
            -0.2570892572402954,
            -0.13530568778514862
        ],
        [
            0.18761050701141357,
            -0.6587112545967102,
            0.06408671289682388
        ],
        [
            0.15494701266288757,
            -0.4218719005584717,
            0.16455578804016113
        ],
        [
            0.20442958176136017,
            -0.29868289828300476,
            -0.0461043119430542
        ],
        [
            -0.002923940774053335,
            -0.23625053465366364,
            0.024975266307592392
        ],
        [
            -0.07297763973474503,
            -0.15130335092544556,
            0.014042485505342484
        ],
        [
            -0.17718562483787537,
            0.21068695187568665,
            -0.046036869287490845
        ],
        [
            -0.2335226833820343,
            0.5263160467147827,
            0.18622621893882751
        ],
        [
            0.050953712314367294,
            -0.13995960354804993,
            0.04786984622478485
        ],
        [
            0.07029440999031067,
            0.2272246778011322,
            -0.012853134423494339
        ],
        [
            0.010337375104427338,
            0.5473319292068481,
            0.21178381145000458
        ],
        [
            0.13586711883544922,
            -0.8362358212471008,
            -0.2149830013513565
        ],
        [
            0.1846432238817215,
            -0.8421076536178589,
            -0.16968317329883575
        ],
        [
            0.03957369178533554,
            -0.8625652194023132,
            -0.17900517582893372
        ],
        [
            0.14965294301509857,
            -0.8757667541503906,
            -0.07936394214630127
        ],
        [
            0.020806923508644104,
            0.6771001815795898,
            0.058364659547805786
        ],
        [
            0.0798763781785965,
            0.6675449013710022,
            0.11783263087272644
        ],
        [
            0.005745440721511841,
            0.5532801151275635,
            0.2806112766265869
        ],
        [
            -0.22764423489570618,
            0.6548787355422974,
            0.0331975519657135
        ],
        [
            -0.30290988087654114,
            0.6325325965881348,
            0.07423253357410431
        ],
        [
            -0.2446656972169876,
            0.5381762385368347,
            0.2571982145309448
        ],
        [
            -0.24850144982337952,
            0.46817582845687866,
            0.18226557970046997
        ],
        [
            -0.16111503541469574,
            0.1498023122549057,
            -0.04744132608175278
        ],
        [
            -0.13602754473686218,
            -0.2814505398273468,
            0.0006686825072392821
        ],
        [
            0.12728023529052734,
            -0.2425592541694641,
            0.08110584318637848
        ],
        [
            0.08109994977712631,
            0.18692699074745178,
            -0.011270739138126373
        ],
        [
            0.021520722657442093,
            0.5060217380523682,
            0.21812567114830017
        ],
        [
            0.08449844270944595,
            -0.2953603267669678,
            -0.13193154335021973
        ],
        [
            -0.12343595176935196,
            -0.40350276231765747,
            -0.13518041372299194
        ],
        [
            -0.0867147222161293,
            -0.6743709444999695,
            -0.11228054016828537
        ],
        [
            0.1612958014011383,
            -0.6916869878768921,
            0.047877758741378784
        ],
        [
            0.1986072063446045,
            -0.44373422861099243,
            0.1427173614501953
        ],
        [
            0.20955967903137207,
            -0.3211843967437744,
            -0.04015752673149109
        ],
        [
            0.05031592398881912,
            -0.7364343404769897,
            -0.055573418736457825
        ],
        [
            0.1225968673825264,
            -0.9093474745750427,
            -0.1578873246908188
        ],
        [
            -0.003971439320594072,
            -0.2621779441833496,
            0.04105611890554428
        ],
        [
            0.03635960444808006,
            -0.6806716322898865,
            -0.03431949019432068
        ],
        [
            0.008948208764195442,
            -0.517303466796875,
            0.0219381395727396
        ],
        [
            0.11871453374624252,
            -0.7974288463592529,
            -0.13441655039787292
        ],
        [
            0.1188787966966629,
            -0.9296882152557373,
            -0.16239310801029205
        ]
    ],
    "pred_vertices": [
        [
            0.20544417202472687,
            -0.8841364979743958,
            -0.18051345646381378
        ],
        [
            0.20166978240013123,
            -0.868026852607727,
            -0.18309077620506287
        ],
        [
            0.2030342072248459,
            -0.8698654174804688,
            -0.16887040436267853
        ],
        [
            0.20382997393608093,
            -0.8836420774459839,
            -0.16295501589775085
        ],
        [
            0.20134592056274414,
            -0.858993649482727,
            -0.1717352271080017
        ],
        [
            0.19896835088729858,
            -0.8564445972442627,
            -0.18316581845283508
        ],
        [
            0.1996852159500122,
            -0.86944979429245,
            -0.15529370307922363
        ],
        [
            0.19848552346229553,
            -0.8804494738578796,
            -0.1477263867855072
        ],
        [
            0.1870223432779312,
            -0.843137264251709,
            -0.13043847680091858
        ],
        [
            0.18274393677711487,
            -0.8434010744094849,
            -0.12005965411663055
        ],
        [
            0.18661648035049438,
            -0.8536502122879028,
            -0.12589608132839203
        ],
        [
            0.18884825706481934,
            -0.8507198095321655,
            -0.13548734784126282
        ],
        [
            0.17760661244392395,
            -0.8211930990219116,
            -0.1195521354675293
        ],
        [
            0.17624793946743011,
            -0.8087073564529419,
            -0.12541750073432922
        ],
        [
            0.16961996257305145,
            -0.8048583269119263,
            -0.11459554731845856
        ],
        [
            0.16971543431282043,
            -0.8170685768127441,
            -0.10857149958610535
        ],
        [
            0.17164042592048645,
            -0.8086416721343994,
            -0.16743195056915283
        ],
        [
            0.17326152324676514,
            -0.8035827875137329,
            -0.16049233078956604
        ],
        [
            0.17706099152565002,
            -0.8103290796279907,
            -0.1598573476076126
        ],
        [
            0.17451107501983643,
            -0.814664363861084,
            -0.16672943532466888
        ],
        [
            0.17177876830101013,
            -0.8138202428817749,
            -0.1816791594028473
        ],
        [
            0.17146819829940796,
            -0.8203296661376953,
            -0.18085584044456482
        ],
        [
            0.1727699339389801,
            -0.8210938572883606,
            -0.18886061012744904
        ],
        [
            0.1741674542427063,
            -0.8135377168655396,
            -0.18949443101882935
        ],
        [
            0.16676586866378784,
            -0.8032523393630981,
            -0.16930648684501648
        ],
        [
            0.16826598346233368,
            -0.7981692552566528,
            -0.16176779568195343
        ],
        [
            0.17086555063724518,
            -0.8125960826873779,
            -0.17384468019008636
        ],
        [
            0.1698826104402542,
            -0.8074666261672974,
            -0.17519766092300415
        ],
        [
            0.17384837567806244,
            -0.7970125675201416,
            -0.18154188990592957
        ],
        [
            0.17503845691680908,
            -0.8020437955856323,
            -0.18125998973846436
        ],
        [
            0.17770728468894958,
            -0.7996517419815063,
            -0.18836849927902222
        ],
        [
            0.17499005794525146,
            -0.7947975397109985,
            -0.18684843182563782
        ],
        [
            0.16916221380233765,
            -0.8006775379180908,
            -0.1733153760433197
        ],
        [
            0.17224851250648499,
            -0.8022068738937378,
            -0.17587482929229736
        ],
        [
            0.17126861214637756,
            -0.7975683212280273,
            -0.17766407132148743
        ],
        [
            0.16744138300418854,
            -0.7968257665634155,
            -0.17581313848495483
        ],
        [
            0.17242318391799927,
            -0.808631420135498,
            -0.18227249383926392
        ],
        [
            0.17583498358726501,
            -0.8069559335708618,
            -0.18940863013267517
        ],
        [
            0.1783609390258789,
            -0.8047479391098022,
            -0.1971975713968277
        ],
        [
            0.1791340708732605,
            -0.7958002090454102,
            -0.19565604627132416
        ],
        [
            0.1733463555574417,
            -0.7949841022491455,
            -0.14381732046604156
        ],
        [
            0.1744801551103592,
            -0.7989828586578369,
            -0.15242831408977509
        ],
        [
            0.16975431144237518,
            -0.7939387559890747,
            -0.15434256196022034
        ],
        [
            0.16988593339920044,
            -0.7905401587486267,
            -0.147195965051651
        ],
        [
            0.16496992111206055,
            -0.7955962419509888,
            -0.17166900634765625
        ],
        [
            0.16351956129074097,
            -0.7813558578491211,
            -0.16329500079154968
        ],
        [
            0.16492247581481934,
            -0.78476881980896,
            -0.16467297077178955
        ],
        [
            0.1636190563440323,
            -0.7832093238830566,
            -0.17162713408470154
        ],
        [
            0.16259001195430756,
            -0.7801672220230103,
            -0.16976457834243774
        ],
        [
            0.16739565134048462,
            -0.786040186882019,
            -0.12967371940612793
        ],
        [
            0.16624298691749573,
            -0.7825709581375122,
            -0.13591042160987854
        ],
        [
            0.1629536747932434,
            -0.7773799896240234,
            -0.13141275942325592
        ],
        [
            0.16238364577293396,
            -0.7802640199661255,
            -0.12451121211051941
        ],
        [
            0.15878009796142578,
            -0.7722738981246948,
            -0.13049915432929993
        ],
        [
            0.1571478694677353,
            -0.7743362188339233,
            -0.12075866013765335
        ],
        [
            0.14718881249427795,
            -0.7599351406097412,
            -0.12217637896537781
        ],
        [
            0.15180066227912903,
            -0.7665976285934448,
            -0.12097230553627014
        ],
        [
            0.15479981899261475,
            -0.766384482383728,
            -0.13154923915863037
        ],
        [
            0.1517595648765564,
            -0.7596237659454346,
            -0.13531655073165894
        ],
        [
            0.1503913700580597,
            -0.7592557668685913,
            -0.1502225399017334
        ],
        [
            0.14774829149246216,
            -0.7564763426780701,
            -0.15547633171081543
        ],
        [
            0.14646539092063904,
            -0.7465977668762207,
            -0.14652472734451294
        ],
        [
            0.14904668927192688,
            -0.7519509792327881,
            -0.14114417135715485
        ],
        [
            0.15887317061424255,
            -0.7778871059417725,
            -0.15846484899520874
        ],
        [
            0.15973219275474548,
            -0.7796125411987305,
            -0.1540108025074005
        ],
        [
            0.1619091033935547,
            -0.7799710035324097,
            -0.15573984384536743
        ],
        [
            0.1616278886795044,
            -0.7790526151657104,
            -0.16097566485404968
        ],
        [
            0.16084164381027222,
            -0.7806688547134399,
            -0.1502043753862381
        ],
        [
            0.16139087080955505,
            -0.7810122966766357,
            -0.14847330749034882
        ],
        [
            0.1624607890844345,
            -0.7815897464752197,
            -0.14987991750240326
        ],
        [
            0.16151827573776245,
            -0.7810951471328735,
            -0.15078520774841309
        ],
        [
            0.16047337651252747,
            -0.780256986618042,
            -0.15241800248622894
        ],
        [
            0.1595163345336914,
            -0.7781500816345215,
            -0.152642160654068
        ],
        [
            0.1603444516658783,
            -0.7795904874801636,
            -0.15079867839813232
        ],
        [
            0.15881937742233276,
            -0.7756659388542175,
            -0.15649676322937012
        ],
        [
            0.15434008836746216,
            -0.7691929936408997,
            -0.16947464644908905
        ],
        [
            0.15651443600654602,
            -0.7704607844352722,
            -0.16589051485061646
        ],
        [
            0.1560155749320984,
            -0.7748441100120544,
            -0.16806533932685852
        ],
        [
            0.15424908697605133,
            -0.7739771604537964,
            -0.1713019162416458
        ],
        [
            0.1629834622144699,
            -0.7822978496551514,
            -0.15298447012901306
        ],
        [
            0.16494232416152954,
            -0.7841655611991882,
            -0.15139932930469513
        ],
        [
            0.16555610299110413,
            -0.7845796942710876,
            -0.15711499750614166
        ],
        [
            0.16350236535072327,
            -0.7822530269622803,
            -0.156605526804924
        ],
        [
            0.16726303100585938,
            -0.7862777709960938,
            -0.14986151456832886
        ],
        [
            0.16396313905715942,
            -0.7832298874855042,
            -0.14829376339912415
        ],
        [
            0.16565123200416565,
            -0.7845203876495361,
            -0.14618393778800964
        ],
        [
            0.1604897379875183,
            -0.7792983055114746,
            -0.14818498492240906
        ],
        [
            0.16092997789382935,
            -0.7787796258926392,
            -0.14472107589244843
        ],
        [
            0.16273583471775055,
            -0.7808347940444946,
            -0.14590725302696228
        ],
        [
            0.15891145169734955,
            -0.7752947807312012,
            -0.14521503448486328
        ],
        [
            0.1589830219745636,
            -0.7767301797866821,
            -0.14987501502037048
        ],
        [
            0.15800049901008606,
            -0.7733044028282166,
            -0.15331634879112244
        ],
        [
            0.1567372977733612,
            -0.769776463508606,
            -0.15798687934875488
        ],
        [
            0.15490657091140747,
            -0.767025351524353,
            -0.152627632021904
        ],
        [
            0.15701518952846527,
            -0.7710734605789185,
            -0.14814159274101257
        ],
        [
            0.16713815927505493,
            -0.7888531684875488,
            -0.15681833028793335
        ],
        [
            0.16431525349617004,
            -0.7814421653747559,
            -0.14155425131320953
        ],
        [
            0.16838328540325165,
            -0.7875617742538452,
            -0.14152100682258606
        ],
        [
            0.16213762760162354,
            -0.7775638103485107,
            -0.13913403451442719
        ],
        [
            0.15914547443389893,
            -0.7733665108680725,
            -0.1387406587600708
        ],
        [
            0.15574389696121216,
            -0.7685261964797974,
            -0.14122076332569122
        ],
        [
            0.1532517969608307,
            -0.7635281085968018,
            -0.14540214836597443
        ],
        [
            0.1379280388355255,
            -0.7438058853149414,
            -0.13493862748146057
        ],
        [
            0.14251556992530823,
            -0.7506499290466309,
            -0.12916728854179382
        ],
        [
            0.19362817704677582,
            -0.8508983254432678,
            -0.17989572882652283
        ],
        [
            0.19752728939056396,
            -0.8522404432296753,
            -0.17187263071537018
        ],
        [
            0.1921505182981491,
            -0.8476916551589966,
            -0.16557089984416962
        ],
        [
            0.19431070983409882,
            -0.8499278426170349,
            -0.164903461933136
        ],
        [
            0.19295577704906464,
            -0.8492324352264404,
            -0.1713934987783432
        ],
        [
            0.19132307171821594,
            -0.8469259738922119,
            -0.17011615633964539
        ],
        [
            0.18925227224826813,
            -0.8493210077285767,
            -0.1438898742198944
        ],
        [
            0.18945567309856415,
            -0.8483681082725525,
            -0.1507461816072464
        ],
        [
            0.18735463917255402,
            -0.8458001017570496,
            -0.1482953578233719
        ],
        [
            0.18791735172271729,
            -0.8439731597900391,
            -0.139890655875206
        ],
        [
            0.1845274567604065,
            -0.8351335525512695,
            -0.15478801727294922
        ],
        [
            0.18561483919620514,
            -0.8382341861724854,
            -0.15034611523151398
        ],
        [
            0.18696142733097076,
            -0.842420220375061,
            -0.15701578557491302
        ],
        [
            0.18619421124458313,
            -0.8402080535888672,
            -0.1602838784456253
        ],
        [
            0.18471622467041016,
            -0.8386127948760986,
            -0.1639828383922577
        ],
        [
            0.18253712356090546,
            -0.837699830532074,
            -0.1679113656282425
        ],
        [
            0.18081983923912048,
            -0.8332630395889282,
            -0.16522493958473206
        ],
        [
            0.18284092843532562,
            -0.8336914777755737,
            -0.16008545458316803
        ],
        [
            0.18964800238609314,
            -0.8491035103797913,
            -0.17699724435806274
        ],
        [
            0.18419815599918365,
            -0.847882866859436,
            -0.18180450797080994
        ],
        [
            0.18376581370830536,
            -0.8456854820251465,
            -0.17914579808712006
        ],
        [
            0.1885540783405304,
            -0.846502423286438,
            -0.17530879378318787
        ],
        [
            0.17126412689685822,
            -0.8414381742477417,
            -0.18104858696460724
        ],
        [
            0.17362543940544128,
            -0.8432435989379883,
            -0.18172475695610046
        ],
        [
            0.17242354154586792,
            -0.8435891270637512,
            -0.18554255366325378
        ],
        [
            0.16979311406612396,
            -0.8399026989936829,
            -0.18394359946250916
        ],
        [
            0.17057611048221588,
            -0.8373789191246033,
            -0.18118034303188324
        ],
        [
            0.1720098853111267,
            -0.839828372001648,
            -0.1797143518924713
        ],
        [
            0.204302117228508,
            -0.9024046063423157,
            -0.19374175369739532
        ],
        [
            0.2014663815498352,
            -0.883881688117981,
            -0.19589215517044067
        ],
        [
            0.2045247107744217,
            -0.9033668637275696,
            -0.17300699651241302
        ],
        [
            0.20035040378570557,
            -0.9002397060394287,
            -0.15561942756175995
        ],
        [
            0.19611257314682007,
            -0.8931630849838257,
            -0.13936030864715576
        ],
        [
            0.16871604323387146,
            -0.7939218878746033,
            -0.12216667830944061
        ],
        [
            0.16286730766296387,
            -0.7888210415840149,
            -0.11434583365917206
        ],
        [
            0.16236475110054016,
            -0.801511824131012,
            -0.10448601096868515
        ],
        [
            0.15504568815231323,
            -0.793828010559082,
            -0.0990944504737854
        ],
        [
            0.15597820281982422,
            -0.7809720635414124,
            -0.10971496254205704
        ],
        [
            0.14023791253566742,
            -0.763122022151947,
            -0.1113128513097763
        ],
        [
            0.14861354231834412,
            -0.7719085812568665,
            -0.10854586213827133
        ],
        [
            0.14600153267383575,
            -0.7859417200088501,
            -0.09545713663101196
        ],
        [
            0.14505183696746826,
            -0.8046658635139465,
            -0.08494291454553604
        ],
        [
            0.15362316370010376,
            -0.8086127042770386,
            -0.0911635011434555
        ],
        [
            0.1430244743824005,
            -0.8246432542800903,
            -0.07996995747089386
        ],
        [
            0.13268305361270905,
            -0.8016493320465088,
            -0.07892481982707977
        ],
        [
            0.13507260382175446,
            -0.8271546363830566,
            -0.07642409950494766
        ],
        [
            0.11626143008470535,
            -0.7659250497817993,
            -0.0827781930565834
        ],
        [
            0.11364234983921051,
            -0.7575445771217346,
            -0.07633355259895325
        ],
        [
            0.11566849052906036,
            -0.7705979347229004,
            -0.06150903180241585
        ],
        [
            0.1183961033821106,
            -0.7790845632553101,
            -0.0680725947022438
        ],
        [
            0.1619768887758255,
            -0.8128931522369385,
            -0.09816177934408188
        ],
        [
            0.1864171177148819,
            -0.8663265705108643,
            -0.12362264841794968
        ],
        [
            0.1906457245349884,
            -0.8609055280685425,
            -0.133439302444458
        ],
        [
            0.18073458969593048,
            -0.8570534586906433,
            -0.11577001214027405
        ],
        [
            0.19219088554382324,
            -0.9269967079162598,
            -0.1337515115737915
        ],
        [
            0.19889463484287262,
            -0.9150681495666504,
            -0.14597375690937042
        ],
        [
            0.1942744106054306,
            -0.9054818153381348,
            -0.13144956529140472
        ],
        [
            0.18922869861125946,
            -0.9183043241500854,
            -0.12165723741054535
        ],
        [
            0.188360795378685,
            -0.9506034851074219,
            -0.17250873148441315
        ],
        [
            0.1996869444847107,
            -0.9282413125038147,
            -0.18356050550937653
        ],
        [
            0.19968125224113464,
            -0.9229375123977661,
            -0.16623970866203308
        ],
        [
            0.19128794968128204,
            -0.940400242805481,
            -0.15558287501335144
        ],
        [
            0.18177489936351776,
            -0.9253478050231934,
            -0.1132093220949173
        ],
        [
            0.17017683386802673,
            -0.9352585077285767,
            -0.10236844420433044
        ],
        [
            0.1682816445827484,
            -0.952297568321228,
            -0.10717353224754333
        ],
        [
            0.1818636655807495,
            -0.941516637802124,
            -0.12206786870956421
        ],
        [
            0.1610225886106491,
            -0.9722048044204712,
            -0.11960739642381668
        ],
        [
            0.17747817933559418,
            -0.9599019885063171,
            -0.1379672884941101
        ],
        [
            0.12355968356132507,
            -0.8191992044448853,
            -0.06772834062576294
        ],
        [
            0.1270577609539032,
            -0.8376365900039673,
            -0.07137832790613174
        ],
        [
            0.12358453869819641,
            -0.7885825634002686,
            -0.07607205957174301
        ],
        [
            0.11993041634559631,
            -0.8036184310913086,
            -0.06346690654754639
        ],
        [
            0.14933419227600098,
            -0.9875686168670654,
            -0.1354888677597046
        ],
        [
            0.17019575834274292,
            -0.9731811285018921,
            -0.15686632692813873
        ],
        [
            0.12463315576314926,
            -0.937465250492096,
            -0.07042408734560013
        ],
        [
            0.13680234551429749,
            -0.9497792720794678,
            -0.081244096159935
        ],
        [
            0.14731952548027039,
            -0.9314780235290527,
            -0.08148762583732605
        ],
        [
            0.1346435546875,
            -0.9226583242416382,
            -0.07139770686626434
        ],
        [
            0.11066420376300812,
            -0.951454758644104,
            -0.07303949445486069
