{
    "pred_cam": [
        1.1398646831512451,
        0.025331871584057808,
        0.16922211647033691
    ],
    "pred_smpl_params": {
        "global_orient": [
            [
                [
                    0.9639248251914978,
                    0.08955510705709457,
                    0.2506568133831024
                ],
                [
                    0.08030825108289719,
                    -0.9956660866737366,
                    0.04690023884177208
                ],
                [
                    0.253770649433136,
                    -0.025078490376472473,
                    -0.9669392704963684
                ]
            ]
        ],
        "body_pose": [
            [
                [
                    0.9974721074104309,
                    0.0183440912514925,
                    -0.06865032762289047
                ],
                [
                    -0.007700410205870867,
                    0.9883190989494324,
                    0.1522042453289032
                ],
                [
                    0.07064047455787659,
                    -0.1512908637523651,
                    0.9859619736671448
                ]
            ],
            [
                [
                    0.9910669326782227,
                    0.11738782376050949,
                    -0.06329651176929474
                ],
                [
                    -0.1100841760635376,
                    0.9879698753356934,
                    0.10861360281705856
                ],
                [
                    0.07528496533632278,
                    -0.10067540407180786,
                    0.9920668005943298
                ]
            ],
            [
                [
                    0.9947451949119568,
                    -0.04562884196639061,
                    0.0916513130068779
                ],
                [
                    0.06156983971595764,
                    0.9818400144577026,
                    -0.17944170534610748
                ],
                [
                    -0.0817992091178894,
                    0.18414172530174255,
                    0.9794899821281433
                ]
            ],
            [
                [
                    0.9890400171279907,
                    -0.0462665893137455,
                    -0.14021125435829163
                ],
                [
                    -0.0464014895260334,
                    0.8041192889213562,
                    -0.5926542282104492
                ],
                [
                    0.14016667008399963,
                    0.5926647782325745,
                    0.7931593060493469
                ]
            ],
            [
                [
                    0.9937842488288879,
                    -0.08116341382265091,
                    0.07619338482618332
                ],
                [
                    0.11065749078989029,
                    0.7949678897857666,
                    -0.5964738130569458
                ],
                [
                    -0.012159445323050022,
                    0.6011976003646851,
                    0.7990078926086426
                ]
            ],
            [
                [
                    0.9937527179718018,
                    0.01811572164297104,
                    0.11012472212314606
                ],
                [
                    -0.010949346236884594,
                    0.9978033304214478,
                    -0.06533495336771011
                ],
                [
                    -0.11106640100479126,
                    0.06372098624706268,
                    0.9917681217193604
                ]
            ],
            [
                [
                    0.9890028834342957,
                    0.05542479828000069,
                    0.13711754977703094
                ],
                [
                    -0.062008827924728394,
                    0.99709552526474,
                    0.044218454509973526
                ],
                [
                    -0.13426852226257324,
                    -0.05223469436168671,
                    0.9895671606063843
                ]
            ],
            [
                [
                    0.989105224609375,
                    -0.04478328302502632,
                    -0.1402331292629242
                ],
                [
                    0.05015074089169502,
                    0.9981290698051453,
                    0.03497662767767906
                ],
                [
                    0.13840436935424805,
                    -0.041628360748291016,
                    0.9895005822181702
                ]
            ],
            [
                [
                    0.9958040118217468,
                    0.0043108812533319,
                    0.09141033887863159
                ],
                [
                    0.00031515987939201295,
                    0.9987223744392395,
                    -0.05053269490599632
                ],
                [
                    -0.09151138365268707,
                    0.05034946650266647,
                    0.9945303797721863
                ]
            ],
            [
                [
                    0.9861024022102356,
                    -0.15944617986679077,
                    0.046680036932229996
                ],
                [
                    0.15079595148563385,
                    0.976911723613739,
                    0.15134085714817047
                ],
                [
                    -0.06973300129175186,
                    -0.14219841361045837,
                    0.9873788356781006
                ]
            ],
            [
                [
                    0.9935288429260254,
                    0.11175115406513214,
                    -0.020299112424254417
                ],
                [
                    -0.10618773847818375,
                    0.9773343801498413,
                    0.18314377963542938
                ],
                [
                    0.040305547416210175,
                    -0.17980311810970306,
                    0.9828764796257019
                ]
            ],
            [
                [
                    0.9927653670310974,
                    0.031521402299404144,
                    0.11585904657840729
                ],
                [
                    -0.026836540549993515,
                    0.9987665414810181,
                    -0.04177595674991608
                ],
                [
                    -0.1170329675078392,
                    0.0383644662797451,
                    0.9923867583274841
                ]
            ],
            [
                [
                    0.9307512640953064,
                    0.36207446455955505,
                    -0.051030438393354416
                ],
                [
                    -0.36367422342300415,
                    0.9311543703079224,
                    -0.026318546384572983
                ],
                [
                    0.03798793628811836,
                    0.043054476380348206,
                    0.9983502626419067
                ]
            ],
            [
                [
                    0.8898810148239136,
                    -0.35490065813064575,
                    0.286630779504776
                ],
                [
                    0.37009525299072266,
                    0.9289929270744324,
                    0.0012541882460936904
                ],
                [
                    -0.266723096370697,
                    0.10496460646390915,
                    0.9580402374267578
                ]
            ],
            [
                [
                    0.9907920956611633,
                    0.08808028697967529,
                    0.10282395780086517
                ],
                [
                    -0.05691298842430115,
                    0.9600480198860168,
                    -0.2739865183830261
                ],
                [
                    -0.1228487640619278,
                    0.2656116783618927,
                    0.9562209248542786
                ]
            ],
            [
                [
                    0.4350190758705139,
                    0.8411067724227905,
                    -0.32139989733695984
                ],
                [
                    -0.8993530869483948,
                    0.42326197028160095,
                    -0.10960555821657181
                ],
                [
                    0.04384637624025345,
                    0.3367324769496918,
                    0.9405789971351624
                ]
            ],
            [
                [
                    0.4413205087184906,
                    -0.7454413771629333,
                    0.4995531737804413
                ],
                [
                    0.8421827554702759,
                    0.536255419254303,
                    0.05619916319847107
                ],
                [
                    -0.3097812831401825,
                    0.3959132134914398,
                    0.864458441734314
                ]
            ],
            [
                [
                    0.1997622698545456,
                    -0.4086485207080841,
                    -0.8905625343322754
                ],
                [
                    0.06749584525823593,
                    0.912461519241333,
                    -0.4035572409629822
                ],
                [
                    0.9775169491767883,
                    0.02050624042749405,
                    0.20985746383666992
                ]
            ],
            [
                [
                    0.5143225789070129,
                    0.21506240963935852,
                    0.830193042755127
                ],
                [
                    0.13602373003959656,
                    0.9353342652320862,
                    -0.3265690207481384
                ],
                [
                    -0.84674072265625,
                    0.28088778257369995,
                    0.45180994272232056
                ]
            ],
            [
                [
                    0.9906857013702393,
                    -0.1262323409318924,
                    -0.051061369478702545
                ],
                [
                    0.13096730411052704,
                    0.9859654307365417,
                    0.10353595018386841
                ],
                [
                    0.03727516159415245,
                    -0.10925894975662231,
                    0.9933141469955444
                ]
            ],
            [
                [
                    0.99514240026474,
                    0.09339876472949982,
                    0.031119361519813538
                ],
                [
                    -0.09247961640357971,
                    0.9952692985534668,
                    -0.029775023460388184
                ],
                [
                    -0.03375309705734253,
                    0.026752479374408722,
                    0.9990721344947815
                ]
            ],
            [
                [
                    0.9693118929862976,
                    0.22628232836723328,
                    -0.09607768058776855
                ],
                [
                    -0.2120375633239746,
                    0.9673219323158264,
                    0.1390267014503479
                ],
                [
                    0.12439732998609543,
                    -0.11438813805580139,
                    0.9856169819831848
                ]
            ],
            [
                [
                    0.9741360545158386,
                    -0.2199491560459137,
                    0.05178128927946091
                ],
                [
                    0.20852069556713104,
                    0.9633063673973083,
                    0.1689971536397934
                ],
                [
                    -0.08705202490091324,
                    -0.15382875502109528,
                    0.9842554330825806
                ]
            ]
        ],
        "betas": [
            0.03265516459941864,
            0.06536465883255005,
            0.09610724449157715,
            0.5453222393989563,
            0.002129852771759033,
            0.007613483816385269,
            -0.02963271737098694,
            -0.005085587501525879,
            0.10348198562860489,
            -0.05029073357582092
        ]
    },
    "pred_cam_t": [
        0.025331871584057808,
        0.16922211647033691,
        34.26941680908203
    ],
    "focal_length": [
        5000.0,
        5000.0
    ],
    "pred_keypoints_3d": [
        [
            0.1745447814464569,
            -0.7655603289604187,
            -0.19046765565872192
        ],
        [
            0.04580550268292427,
            -0.7347999811172485,
            -0.050088390707969666
        ],
        [
            -0.11263115704059601,
            -0.6255574822425842,
            -0.1292613446712494
        ],
        [
            -0.12636959552764893,
            -0.37340739369392395,
            -0.10435353964567184
        ],
        [
            0.08811216056346893,
            -0.23999075591564178,
            -0.13907018303871155
        ],
        [
            0.18635079264640808,
            -0.646290123462677,
            0.06864576041698456
        ],
        [
            0.1515602022409439,
            -0.41204699873924255,
            0.1771698147058487
        ],
        [
            0.20099976658821106,
            -0.28466373682022095,
            -0.031440213322639465
        ],
        [
            -0.0022945543751120567,
            -0.22895397245883942,
            0.027005117386579514
        ],
        [
            -0.07525839656591415,
            -0.144460529088974,
            0.017180604860186577
        ],
        [
            -0.18076735734939575,
            0.22129923105239868,
            -0.021078651770949364
        ],
        [
            -0.24162457883358002,
            0.529991865158081,
            0.22305308282375336
        ],
        [
            0.05301077291369438,
            -0.13277414441108704,
            0.05342305451631546
        ],
        [
            0.06106685474514961,
            0.23953276872634888,
            0.015730731189250946
        ],
        [
            -0.0013968758285045624,
            0.5592004656791687,
            0.24432653188705444
        ],
        [
            0.14220941066741943,
            -0.815327525138855,
            -0.20785634219646454
        ],
        [
            0.1904219090938568,
            -0.8180052042007446,
            -0.16182780265808105
        ],
        [
            0.04763459414243698,
            -0.8463966250419617,
            -0.17264887690544128
        ],
        [
            0.15609115362167358,
            -0.8524502515792847,
            -0.0720316618680954
        ],
        [
            0.00972931832075119,
            0.6942858695983887,
            0.09588924050331116
        ],
        [
            0.06842458248138428,
            0.6822798252105713,
            0.15437814593315125
        ],
        [
            -0.005987681448459625,
            0.5628774166107178,
            0.3132286071777344
        ],
        [
            -0.23556920886039734,
            0.6658197641372681,
            0.07758298516273499
        ],
        [
            -0.3110344111919403,
            0.6411644220352173,
            0.11516544222831726
        ],
        [
            -0.25386568903923035,
            0.538518488407135,
            0.2943551540374756
        ],
        [
            -0.25629088282585144,
            0.4717612564563751,
            0.21657657623291016
        ],
        [
            -0.16484886407852173,
            0.16032537817955017,
            -0.02548728697001934
        ],
        [
            -0.13905949890613556,
            -0.2740989923477173,
            -0.0012811186024919152
        ],
        [
            0.13227532804012299,
            -0.2347152829170227,
            0.0847628265619278
        ],
        [
            0.07350488007068634,
            0.1990654468536377,
            0.015843916684389114
        ],
        [
            0.010221773758530617,
            0.517539918422699,
            0.24997465312480927
        ],
        [
            0.08869569003582001,
            -0.2779568135738373,
            -0.13562822341918945
        ],
        [
            -0.1187012642621994,
            -0.3896794021129608,
            -0.14225558936595917
        ],
        [
            -0.08136529475450516,
            -0.661476731300354,
            -0.1148516982793808
        ],
        [
            0.16067279875278473,
            -0.677861213684082,
            0.05244570970535278
        ],
        [
            0.19599345326423645,
            -0.4334065914154053,
            0.1559976041316986
        ],
        [
            0.20624537765979767,
            -0.3073802590370178,
            -0.026053989306092262
        ],
        [
            0.05301082879304886,
            -0.7222706079483032,
            -0.05352559685707092
        ],
        [
            0.1315060406923294,
            -0.8886809349060059,
            -0.1492593139410019
        ],
        [
            -0.002882734639570117,
            -0.25475436449050903,
            0.04219697788357735
        ],
        [
            0.038945771753787994,
            -0.6673449277877808,
            -0.03355582058429718
        ],
        [
            0.009935492649674416,
            -0.5036707520484924,
            0.021638991311192513
        ],
        [
            0.12237429618835449,
            -0.7766680121421814,
            -0.1283935159444809
        ],
        [
            0.1290149986743927,
            -0.9091538786888123,
            -0.15361036360263824
        ]
    ],
    "pred_vertices": [
        [
            0.21346516907215118,
            -0.8596765995025635,
            -0.17160911858081818
        ],
        [
            0.20875021815299988,
            -0.8437173366546631,
            -0.17453733086585999
        ],
        [
            0.2100330889225006,
            -0.8451825380325317,
            -0.1602807492017746
        ],
        [
            0.2115231156349182,
            -0.8588888645172119,
            -0.15406207740306854
        ],
        [
            0.20777437090873718,
            -0.8343064188957214,
            -0.16333845257759094
        ],
        [
            0.205430805683136,
            -0.832086980342865,
            -0.17484959959983826
        ],
        [
            0.20650869607925415,
            -0.8446414470672607,
            -0.14680299162864685
        ],
        [
            0.20584475994110107,
            -0.8557161092758179,
            -0.1390077769756317
        ],
        [
            0.19233804941177368,
            -0.8185126185417175,
            -0.1225384920835495
        ],
        [
            0.18791291117668152,
            -0.8189102411270142,
            -0.1122506856918335
        ],
        [
            0.19228072464466095,
            -0.8290361762046814,
            -0.11783479154109955
        ],
        [
            0.19455422461032867,
            -0.8260425329208374,
            -0.12744247913360596
        ],
        [
            0.18167509138584137,
            -0.7970017194747925,
            -0.11212114244699478
        ],
        [
            0.17983654141426086,
            -0.7846717238426208,
            -0.11823777109384537
        ],
        [
            0.17265649139881134,
            -0.7811267375946045,
            -0.10762754082679749
        ],
        [
            0.17314036190509796,
            -0.7932002544403076,
            -0.10142456740140915
        ],
        [
            0.17575201392173767,
            -0.78530353307724,
            -0.1601627618074417
        ],
        [
            0.1770404577255249,
            -0.7801205515861511,
            -0.15333642065525055
        ],
        [
            0.18126361072063446,
            -0.7865902185440063,
            -0.1525447517633438
        ],
        [
            0.17898866534233093,
            -0.7911376953125,
            -0.1593497395515442
        ],
        [
            0.17612838745117188,
            -0.790677011013031,
            -0.1741657853126526
        ],
        [
            0.17624564468860626,
            -0.7971587777137756,
            -0.17331929504871368
        ],
        [
            0.177475243806839,
            -0.7980183362960815,
            -0.1812303364276886
        ],
        [
            0.1784054934978485,
            -0.7904627323150635,
            -0.18188486993312836
        ],
        [
            0.17044797539710999,
            -0.7803202867507935,
            -0.16209211945533752
        ],
        [
            0.17161090672016144,
            -0.7751684188842773,
            -0.15470615029335022
        ],
        [
            0.17520032823085785,
            -0.7893617153167725,
            -0.1664433479309082
        ],
        [
            0.1738211214542389,
            -0.784367024898529,
            -0.16779513657093048
        ],
        [
            0.17707762122154236,
            -0.7739388942718506,
            -0.17414012551307678
        ],
        [
            0.17856967449188232,
            -0.7788659930229187,
            -0.1737695038318634
        ],
        [
            0.1810780167579651,
            -0.7765188813209534,
            -0.18085068464279175
        ],
        [
            0.17811474204063416,
            -0.7718024253845215,
            -0.17941859364509583
        ],
        [
            0.17260871827602386,
            -0.7776820063591003,
            -0.16603505611419678
        ],
        [
            0.17575806379318237,
            -0.7790577411651611,
            -0.16848225891590118
        ],
        [
            0.17450717091560364,
            -0.7745429277420044,
            -0.1703491508960724
        ],
        [
            0.17064300179481506,
            -0.7740044593811035,
            -0.16859404742717743
        ],
        [
            0.1763463318347931,
            -0.7855319976806641,
            -0.17477235198020935
        ],
        [
            0.17963159084320068,
            -0.7838469743728638,
            -0.18183182179927826
        ],
        [
            0.18200744688510895,
            -0.7816992402076721,
            -0.1895437240600586
        ],
        [
            0.18233057856559753,
            -0.7727859020233154,
            -0.1881224513053894
        ],
        [
            0.17641310393810272,
            -0.7714760303497314,
            -0.13690367341041565
        ],
        [
            0.17788122594356537,
            -0.7754291296005249,
            -0.14539331197738647
        ],
        [
            0.17276012897491455,
            -0.7708384990692139,
            -0.14741303026676178
        ],
        [
            0.1725795865058899,
            -0.7674331068992615,
            -0.14037670195102692
        ],
        [
            0.16811518371105194,
            -0.7729324102401733,
            -0.16457007825374603
        ],
        [
            0.16588859260082245,
            -0.7589280605316162,
            -0.1565706431865692
        ],
        [
            0.16740748286247253,
            -0.7622306942939758,
            -0.1578272581100464
        ],
        [
            0.1660919487476349,
            -0.7608535289764404,
            -0.16482260823249817
        ],
        [
            0.16499221324920654,
            -0.7578779458999634,
            -0.16307532787322998
        ],
        [
            0.16968534886837006,
            -0.7629428505897522,
            -0.12307936698198318
        ],
        [
            0.16827654838562012,
            -0.7597212791442871,
            -0.12938863039016724
        ],
        [
            0.16468201577663422,
            -0.7547670006752014,
            -0.1251073181629181
        ],
        [
            0.1643182635307312,
            -0.757492184638977,
            -0.11816857755184174
        ],
        [
            0.16032454371452332,
            -0.7500054836273193,
            -0.12439986318349838
        ],
        [
            0.15873047709465027,
            -0.7519631385803223,
            -0.1146538257598877
        ],
        [
            0.1481093317270279,
            -0.7384245991706848,
            -0.11637862026691437
        ],
        [
            0.15306265652179718,
            -0.7446537017822266,
            -0.11504718661308289
        ],
        [
            0.15607082843780518,
            -0.7444803714752197,
            -0.12558043003082275
        ],
        [
            0.15271645784378052,
            -0.738067626953125,
            -0.12948307394981384
        ],
        [
            0.1515653431415558,
            -0.7378078699111938,
            -0.14435553550720215
        ],
        [
            0.14882493019104004,
            -0.7352614402770996,
            -0.14958350360393524
        ],
        [
            0.1468736231327057,
            -0.7255042791366577,
            -0.1408940851688385
        ],
        [
            0.14967095851898193,
            -0.730664074420929,
            -0.13544589281082153
        ],
        [
            0.16108763217926025,
            -0.7557095885276794,
            -0.15194743871688843
        ],
        [
            0.1619589924812317,
            -0.7573415040969849,
            -0.14747676253318787
        ],
        [
            0.164153054356575,
            -0.7575788497924805,
            -0.1491357684135437
        ],
        [
            0.1639125496149063,
            -0.7567371129989624,
            -0.1543770432472229
        ],
        [
            0.16303595900535583,
            -0.7583065032958984,
            -0.14369788765907288
        ],
        [
            0.163557231426239,
            -0.7585809826850891,
            -0.1419711709022522
        ],
        [
            0.1646689623594284,
            -0.7590882778167725,
            -0.1432982087135315
        ],
        [
            0.16371411085128784,
            -0.7586678266525269,
            -0.1442573219537735
        ],
        [
            0.16267773509025574,
            -0.7579295635223389,
            -0.14592640101909637
        ],
        [
            0.16163882613182068,
            -0.7559396028518677,
            -0.14622074365615845
        ],
        [
            0.16251513361930847,
            -0.7572964429855347,
            -0.14433692395687103
        ],
        [
            0.16087433695793152,
            -0.7535901069641113,
            -0.15012380480766296
        ],
        [
            0.1563461720943451,
            -0.7473760843276978,
            -0.1631322056055069
        ],
        [
            0.15850672125816345,
            -0.7485556602478027,
            -0.1595519781112671
        ],
        [
            0.15823641419410706,
            -0.7528817057609558,
            -0.16159841418266296
        ],
        [
            0.1564955711364746,
            -0.7521100640296936,
            -0.16484734416007996
        ],
        [
            0.16524836421012878,
            -0.7597610354423523,
            -0.14634695649147034
        ],
        [
            0.16723698377609253,
            -0.7615162134170532,
            -0.14467233419418335
        ],
        [
            0.16791966557502747,
            -0.7619786858558655,
            -0.1503179967403412
        ],
        [
            0.16581377387046814,
            -0.7597689628601074,
            -0.1499001681804657
        ],
        [
            0.16966041922569275,
            -0.7634248733520508,
            -0.14312101900577545
        ],
        [
            0.1661902368068695,
            -0.7606171369552612,
            -0.14168426394462585
        ],
        [
            0.16793671250343323,
            -0.7617404460906982,
            -0.13954395055770874
        ],
        [
            0.16259250044822693,
            -0.756976842880249,
            -0.14175647497177124
        ],
        [
            0.1629105806350708,
            -0.7564069032669067,
            -0.13833756744861603
        ],
        [
            0.16482937335968018,
            -0.7583075761795044,
            -0.1394200474023819
        ],
        [
            0.1607835590839386,
            -0.7531175017356873,
            -0.13894620537757874
        ],
        [
            0.16103187203407288,
            -0.7545678615570068,
            -0.14352074265480042
        ],
        [
            0.15994936227798462,
            -0.7513105273246765,
            -0.14703714847564697
        ],
        [
            0.1586332619190216,
            -0.7478960752487183,
            -0.15177273750305176
        ],
        [
            0.15660881996154785,
            -0.7452375888824463,
            -0.14655041694641113
        ],
        [
            0.1587899625301361,
            -0.7490873336791992,
            -0.14196696877479553
        ],
        [
            0.16976326704025269,
            -0.7660305500030518,
            -0.14991620182991028
        ],
        [
            0.16633550822734833,
            -0.7587996125221252,
            -0.1350516974925995
        ],
        [
            0.170790895819664,
            -0.7645659446716309,
            -0.13482026755809784
        ],
        [
            0.16392728686332703,
            -0.7550979852676392,
            -0.13279545307159424
        ],
        [
            0.16077925264835358,
            -0.7511377334594727,
            -0.13257430493831635
        ],
        [
            0.15728774666786194,
            -0.746616005897522,
            -0.13514310121536255
        ],
        [
            0.1546081155538559,
            -0.741844654083252,
            -0.13945989310741425
        ],
        [
            0.13826653361320496,
            -0.7229442596435547,
            -0.1294502466917038
        ],
        [
            0.1431400030851364,
            -0.7295106649398804,
            -0.12349151074886322
        ],
        [
            0.19990411400794983,
            -0.8265479803085327,
            -0.1717442274093628
        ],
        [
            0.2037595957517624,
            -0.8275394439697266,
            -0.16366519033908844
        ],
        [
            0.19817402958869934,
            -0.8231160640716553,
            -0.1574828177690506
        ],
        [
            0.20040172338485718,
            -0.8252763152122498,
            -0.15676212310791016
        ],
        [
            0.19911503791809082,
            -0.824700117111206,
            -0.1632654219865799
        ],
        [
            0.19736477732658386,
            -0.8224704265594482,
            -0.1620514839887619
        ],
        [
            0.19498056173324585,
            -0.8246797323226929,
            -0.13587936758995056
        ],
        [
            0.19527660310268402,
            -0.8237607479095459,
            -0.14274030923843384
        ],
        [
            0.19305548071861267,
            -0.8212915658950806,
            -0.14035099744796753
        ],
        [
            0.193411186337471,
            -0.8193579912185669,
            -0.1319553554058075
        ],
        [
            0.1898340880870819,
            -0.8109481334686279,
            -0.14706479012966156
        ],
        [
            0.19103051722049713,
            -0.8139052391052246,
            -0.1425633728504181
        ],
        [
            0.19257642328739166,
            -0.8181217908859253,
            -0.14916373789310455
        ],
        [
            0.1917673945426941,
            -0.8159826993942261,
            -0.15246137976646423
        ],
        [
            0.19029657542705536,
            -0.8144670724868774,
            -0.15618708729743958
        ],
        [
            0.18814769387245178,
            -0.8136873841285706,
            -0.16011807322502136
        ],
        [
            0.1861719787120819,
            -0.8093243837356567,
            -0.15755246579647064
        ],
        [
            0.1881544291973114,
            -0.8096195459365845,
            -0.152413010597229
        ],
        [
            0.19585764408111572,
            -0.8247858285903931,
            -0.1689261794090271
        ],
        [
            0.19041910767555237,
            -0.8238787055015564,
            -0.17381440103054047
        ],
        [
            0.1898338794708252,
            -0.821667492389679,
            -0.1712394803762436
        ],
        [
            0.19466139376163483,
            -0.8221954107284546,
            -0.16732528805732727
        ],
        [
            0.17717383801937103,
            -0.8180402517318726,
            -0.1732858270406723
        ],
        [
            0.17964421212673187,
            -0.8197126388549805,
            -0.17393530905246735
        ],
        [
            0.17852962017059326,
            -0.8201603889465332,
            -0.1777190864086151
        ],
        [
            0.17567181587219238,
            -0.8166569471359253,
            -0.1761922687292099
        ],
        [
            0.176236093044281,
            -0.8141038417816162,
            -0.17347535490989685
        ],
        [
            0.17777332663536072,
            -0.8164293766021729,
            -0.17196132242679596
        ],
        [
            0.21333123743534088,
            -0.8784240484237671,
            -0.18451456725597382
        ],
        [
            0.2098691165447235,
            -0.8597468137741089,
            -0.18716734647750854
        ],
        [
            0.21344883739948273,
            -0.8788592219352722,
            -0.16381272673606873
        ],
        [
            0.20898588001728058,
            -0.8755118250846863,
            -0.1464148461818695
        ],
        [
            0.20401644706726074,
            -0.8682846426963806,
            -0.13038386404514313
        ],
        [
            0.17132875323295593,
            -0.7705224752426147,
            -0.11540727317333221
        ],
        [
            0.16514985263347626,
            -0.7657268643379211,
            -0.10781773179769516
        ],
        [
            0.16499480605125427,
            -0.7781245708465576,
            -0.09775489568710327
        ],
        [
            0.15727262198925018,
            -0.7710162997245789,
            -0.0927145928144455
        ],
        [
            0.1578456461429596,
            -0.7583842277526855,
            -0.10346274077892303
        ],
        [
            0.14147470891475677,
            -0.7416094541549683,
            -0.10529008507728577
        ],
        [
            0.15011364221572876,
            -0.7498188018798828,
            -0.10246185958385468
        ],
        [
            0.14794763922691345,
            -0.7638168334960938,
            -0.0893794596195221
        ],
        [
            0.14761883020401,
            -0.7822237014770508,
            -0.07873424887657166
        ],
        [
            0.15628814697265625,
            -0.7855441570281982,
            -0.08461783826351166
        ],
        [
            0.14671041071414948,
            -0.80207759141922,
            -0.07363314181566238
        ],
        [
            0.13536500930786133,
            -0.7799105644226074,
            -0.07295695692300797
        ],
        [
            0.13900615274906158,
            -0.8049972057342529,
            -0.07030223309993744
        ],
        [
            0.11844038218259811,
            -0.7461974620819092,
            -0.07770717889070511
        ],
        [
            0.11571727693080902,
            -0.7385414838790894,
            -0.07181372493505478
        ],
        [
            0.1176922470331192,
            -0.751169741153717,
            -0.05718556046485901
        ],
        [
            0.120700404047966,
            -0.7590044736862183,
            -0.06312888860702515
        ],
        [
            0.16490447521209717,
            -0.7893414497375488,
            -0.09126207232475281
        ],
        [
            0.19258160889148712,
            -0.8418830037117004,
            -0.11540515720844269
        ],
        [
            0.19668452441692352,
            -0.8362805247306824,
            -0.12526829540729523
        ],
        [
            0.18645425140857697,
            -0.8326456546783447,
            -0.10780739039182663
        ],
        [
            0.2015797197818756,
            -0.9027891755104065,
            -0.1240745335817337
        ],
        [
            0.20794332027435303,
            -0.8904807567596436,
            -0.1364532858133316
        ],
        [
            0.20259469747543335,
            -0.880774736404419,
            -0.12219882756471634
        ],
        [
            0.19796216487884521,
            -0.8937426805496216,
            -0.11225169897079468
        ],
        [
            0.19950242340564728,
            -0.9274333715438843,
            -0.1622430980205536
        ],
        [
            0.20994839072227478,
            -0.9045016169548035,
            -0.1738387644290924
        ],
        [
            0.2095111906528473,
            -0.8987810015678406,
            -0.1564568728208542
        ],
        [
            0.2017606645822525,
            -0.9167225360870361,
            -0.14543896913528442
        ],
        [
            0.19084806740283966,
            -0.9011408686637878,
            -0.1035444587469101
        ],
        [
            0.17957830429077148,
            -0.9113782644271851,
            -0.09264374524354935
        ],
        [
            0.1779755800962448,
            -0.928439736366272,
            -0.09702426940202713
        ],
        [
            0.1914859265089035,
            -0.917748212814331,
            -0.11206185817718506
        ],
        [
            0.17160680890083313,
            -0.9487177729606628,
            -0.10918892174959183
        ],
        [
            0.18805575370788574,
            -0.9362950325012207,
            -0.12745147943496704
        ],
        [
            0.12711741030216217,
            -0.7976338863372803,
            -0.06191497668623924
        ],
        [
            0.13161611557006836,
            -0.815842866897583,
            -0.06528293341398239
        ],
        [
            0.12613336741924286,
            -0.7677651643753052,
            -0.07052609324455261
        ],
        [
            0.12287645787000656,
            -0.7827572822570801,
            -0.05815586447715759
        ],
        [
            0.16071857511997223,
            -0.9641603231430054,
            -0.12480831146240234
        ],
        [
            0.1815619170665741,
            -0.950082540512085,
            -0.14600110054016113
        ],
        [
            0.13370752334594727,
            -0.9149513244628906,
            -0.0619838684797287
        ],
        [
            0.1463407576084137,
            -0.926935076713562,
            -0.07218564301729202
        ],
        [
            0.15636685490608215,
            -0.9083022475242615,
            -0.07244433462619781
        ],
        [
            0.14330127835273743,
            -0.899878978729248,
            -0.0629713162779808
        ],
        [
            0.12030749022960663,
            -0.9297463297843933,
            -0.06464947760105133
        ],
        [
