{
    "pred_cam": [
        1.5509531497955322,
        0.23351778090000153,
        0.3435550928115845
    ],
    "pred_smpl_params": {
        "global_orient": [
            [
                [
                    -0.9169483780860901,
                    -0.1812855452299118,
                    -0.3554450273513794
                ],
                [
                    0.20778581500053406,
                    -0.9774551391601562,
                    -0.037503354251384735
                ],
                [
                    -0.34063276648521423,
                    -0.10824508219957352,
                    0.9339444637298584
                ]
            ]
        ],
        "body_pose": [
            [
                [
                    0.9838346242904663,
                    -0.12740203738212585,
                    -0.12584970891475677
                ],
                [
                    0.14856913685798645,
                    0.9730415940284729,
                    0.1764008104801178
                ],
                [
                    0.09998317807912827,
                    -0.19224661588668823,
                    0.9762400388717651
                ]
            ],
            [
                [
                    0.9869776964187622,
                    -0.13532711565494537,
                    -0.08695752918720245
                ],
                [
                    0.14974315464496613,
                    0.9704147577285767,
                    0.18939965963363647
                ],
                [
                    0.058753956109285355,
                    -0.1999545395374298,
                    0.9780420064926147
                ]
            ],
            [
                [
                    0.9930811524391174,
                    0.09918570518493652,
                    0.06286448240280151
                ],
                [
                    -0.07891817390918732,
                    0.9601305723190308,
                    -0.26818108558654785
                ],
                [
                    -0.08695784211158752,
                    0.2613644599914551,
                    0.9613151550292969
                ]
            ],
            [
                [
                    0.961085319519043,
                    -0.17847506701946259,
                    -0.21085913479328156
                ],
                [
                    -0.050177544355392456,
                    0.6378079652786255,
                    -0.7685591578483582
                ],
                [
                    0.2716563045978546,
                    0.7492313981056213,
                    0.6040324568748474
                ]
            ],
            [
                [
                    0.9555864334106445,
                    -0.2890740931034088,
                    0.057365719228982925
                ],
                [
                    0.21899977326393127,
                    0.5662572383880615,
                    -0.7946017384529114
                ],
                [
                    0.1972150206565857,
                    0.7718736529350281,
                    0.6044148802757263
                ]
            ],
            [
                [
                    0.9981979727745056,
                    0.04832061752676964,
                    0.03557870164513588
                ],
                [
                    -0.048479869961738586,
                    0.9988175630569458,
                    0.0036266727838665247
                ],
                [
                    -0.0353613905608654,
                    -0.005344988778233528,
                    0.9993602633476257
                ]
            ],
            [
                [
                    0.9767687320709229,
                    0.05484501272439957,
                    0.2071588784456253
                ],
                [
                    -0.06545104086399078,
                    0.9968544840812683,
                    0.04469054564833641
                ],
                [
                    -0.20405621826648712,
                    -0.057211097329854965,
                    0.9772859811782837
                ]
            ],
            [
                [
                    0.9751502871513367,
                    0.06676676869392395,
                    -0.21124376356601715
                ],
                [
                    -0.023207100108265877,
                    0.9790459871292114,
                    0.2023126780986786
                ],
                [
                    0.22032511234283447,
                    -0.19238294661045074,
                    0.956266462802887
                ]
            ],
            [
                [
                    0.9997972846031189,
                    0.017764247953891754,
                    0.009470544755458832
                ],
                [
                    -0.017347421497106552,
                    0.9989495277404785,
                    -0.04241439700126648
                ],
                [
                    -0.010214055888354778,
                    0.04224151745438576,
                    0.9990552067756653
                ]
            ],
            [
                [
                    0.9928325414657593,
                    -0.11951179802417755,
                    -0.0006096992874518037
                ],
                [
                    0.11867223680019379,
                    0.985228419303894,
                    0.1234581246972084
                ],
                [
                    -0.014154006727039814,
                    -0.12264560908079147,
                    0.9923495650291443
                ]
            ],
            [
                [
                    0.9989257454872131,
                    0.021206991747021675,
                    0.041203077882528305
                ],
                [
                    -0.024946700781583786,
                    0.9954020977020264,
                    0.09247886389493942
                ],
                [
                    -0.03905243054032326,
                    -0.09340739250183105,
                    0.9948618412017822
                ]
            ],
            [
                [
                    0.9564916491508484,
                    0.036662500351667404,
                    0.2894470989704132
                ],
                [
                    -0.046672169119119644,
                    0.9985246658325195,
                    0.02775336243212223
                ],
                [
                    -0.28800255060195923,
                    -0.04005498066544533,
                    0.9567916393280029
                ]
            ],
            [
                [
                    0.9811045527458191,
                    0.10702600330114365,
                    -0.16118113696575165
                ],
                [
                    -0.09479501843452454,
                    0.9921327233314514,
                    0.0817723274230957
                ],
                [
                    0.168664813041687,
                    -0.06494802981615067,
                    0.9835314750671387
                ]
            ],
            [
                [
                    0.9551594257354736,
                    -0.27991968393325806,
                    0.09651617705821991
                ],
                [
                    0.2768872082233429,
                    0.9599049091339111,
                    0.04377322271466255
                ],
                [
                    -0.1048993319272995,
                    -0.015086312778294086,
                    0.9943683743476868
                ]
            ],
            [
                [
                    0.9968556761741638,
                    0.04802088066935539,
                    0.06303008645772934
                ],
                [
                    -0.04045604541897774,
                    0.992396354675293,
                    -0.11624465882778168
                ],
                [
                    -0.06813299655914307,
                    0.1133292019367218,
                    0.9912186861038208
                ]
            ],
            [
                [
                    0.8283330202102661,
                    0.4945165514945984,
                    -0.26328277587890625
                ],
                [
                    -0.48887598514556885,
                    0.8675510883331299,
                    0.09140845388174057
                ],
                [
                    0.27361422777175903,
                    0.052995968610048294,
                    0.9603784680366516
                ]
            ],
            [
                [
                    0.5378667712211609,
                    -0.7968758940696716,
                    0.2751147747039795
                ],
                [
                    0.8245631456375122,
                    0.5652137994766235,
                    0.02508106268942356
                ],
                [
                    -0.17548516392707825,
                    0.21335922181606293,
                    0.961084246635437
                ]
            ],
            [
                [
                    0.692062258720398,
                    -0.15783119201660156,
                    -0.7043713927268982
                ],
                [
                    0.1535518616437912,
                    0.985658586025238,
                    -0.069991834461689
                ],
                [
                    0.7053167223930359,
                    -0.059718821197748184,
                    0.7063723802566528
                ]
            ],
            [
                [
                    0.18670186400413513,
                    0.36158469319343567,
                    0.9134544730186462
                ],
                [
                    -0.1625441610813141,
                    0.9283579587936401,
                    -0.3342616558074951
                ],
                [
                    -0.9688766598701477,
                    -0.08606939017772675,
                    0.23209963738918304
                ]
            ],
            [
                [
                    0.9872837662696838,
                    -0.15895745158195496,
                    0.0018443127628415823
                ],
                [
                    0.1569666862487793,
                    0.9729524254798889,
                    -0.16948463022708893
                ],
                [
                    0.025146421045064926,
                    0.16761890053749084,
                    0.9855311512947083
                ]
            ],
            [
                [
                    0.9903149008750916,
                    0.132171168923378,
                    0.04251077398657799
                ],
                [
                    -0.13479048013687134,
                    0.988663375377655,
                    0.06615340709686279
                ],
                [
                    -0.033285271376371384,
                    -0.07124274969100952,
                    0.9969034790992737
                ]
            ],
            [
                [
                    0.9839787483215332,
                    0.15807195007801056,
                    -0.08245699107646942
                ],
                [
                    -0.14386644959449768,
                    0.9771543145179749,
                    0.15643495321273804
                ],
                [
                    0.10530118644237518,
                    -0.1420658677816391,
                    0.9842403531074524
                ]
            ],
            [
                [
                    0.9774603247642517,
                    -0.20070703327655792,
                    0.06548332422971725
                ],
                [
                    0.19449450075626373,
                    0.9767224788665771,
                    0.0904720351099968
                ],
                [
                    -0.08211740106344223,
                    -0.0756966695189476,
                    0.993743896484375
                ]
            ]
        ],
        "betas": [
            -0.24949291348457336,
            -0.3831996023654938,
            0.22184965014457703,
            0.4509684145450592,
            0.18063484132289886,
            0.006060782819986343,
            0.02672332525253296,
            -0.08800077438354492,
            0.017950400710105896,
            -0.05052542686462402
        ]
    },
    "pred_cam_t": [
        0.23351778090000153,
        0.3435550928115845,
        25.186124801635742
    ],
    "focal_length": [
        5000.0,
        5000.0
    ],
    "pred_keypoints_3d": [
        [
            -0.3205219507217407,
            -0.7492371797561646,
            0.12951712310314178
        ],
        [
            -0.16783858835697174,
            -0.7043602466583252,
            0.01762137934565544
        ],
        [
            0.018677495419979095,
            -0.6816652417182922,
            0.09560030698776245
        ],
        [
            0.15827283263206482,
            -0.4791796803474426,
            0.13054130971431732
        ],
        [
            0.04197017848491669,
            -0.40378791093826294,
            0.3368540406227112
        ],
        [
            -0.2878284156322479,
            -0.5764347910881042,
            -0.05797085911035538
        ],
        [
            -0.4080638587474823,
            -0.35382094979286194,
            -0.08396850526332855
        ],
        [
            -0.5485740900039673,
            -0.24389183521270752,
            0.08090423047542572
        ],
        [
            -0.001846151426434517,
            -0.22716739773750305,
            0.0296313613653183
        ],
        [
            0.07860679924488068,
            -0.15281976759433746,
            0.05939563363790512
        ],
        [
            0.10840558260679245,
            0.20669950544834137,
            0.15245649218559265
        ],
        [
            0.08386915922164917,
            0.46568477153778076,
            -0.1349593997001648
        ],
        [
            -0.04749961942434311,
            -0.1230306476354599,
            0.009841108694672585
        ],
        [
            -0.08003373444080353,
            0.23221446573734283,
            0.08427411317825317
        ],
        [
            -0.060747794806957245,
            0.5152857303619385,
            -0.1791260838508606
        ],
        [
            -0.29666855931282043,
            -0.8047075271606445,
            0.13284055888652802
        ],
        [
            -0.33729106187820435,
            -0.7860409021377563,
            0.08373455703258514
        ],
        [
            -0.2002307027578354,
            -0.8350669741630554,
            0.09950744360685349
        ],
        [
            -0.2934168577194214,
            -0.7945675849914551,
            -0.008339141495525837
        ],
        [
            -0.0841401070356369,
            0.6653001308441162,
            -0.051786184310913086
        ],
        [
            -0.1421758532524109,
            0.6397656202316284,
            -0.10620784759521484
        ],
        [
            -0.05867613106966019,
            0.5115751624107361,
            -0.24969124794006348
        ],
        [
            0.06010598689317703,
            0.5995926260948181,
            0.004669219255447388
        ],
        [
            0.1374419778585434,
            0.5887290239334106,
            -0.032662421464920044
        ],
        [
            0.091334767639637,
            0.4739573001861572,
            -0.2061190903186798
        ],
        [
            0.11337035894393921,
            0.4158652424812317,
            -0.12305918335914612
        ],
        [
            0.106486476957798,
            0.14916187524795532,
            0.15220768749713898
        ],
        [
            0.1367158591747284,
            -0.2884522080421448,
            0.06599556654691696
        ],
        [
            -0.13061974942684174,
            -0.21183574199676514,
            -0.04744020849466324
        ],
        [
            -0.091106116771698,
            0.19587592780590057,
            0.0804954320192337
        ],
        [
            -0.06840521097183228,
            0.4737488627433777,
            -0.18212276697158813
        ],
        [
            0.027500033378601074,
            -0.4315492510795593,
            0.3153572082519531
        ],
        [
            0.15832681953907013,
            -0.5129407644271851,
            0.15965329110622406
        ],
        [
            -0.022022945806384087,
            -0.6961952447891235,
            0.0804310217499733
        ],
        [
            -0.2758147120475769,
            -0.6125537753105164,
            -0.0568765364587307
        ],
        [
            -0.4350123107433319,
            -0.3948022425174713,
            -0.07239013910293579
        ],
        [
            -0.5465564727783203,
            -0.2652513086795807,
            0.08190830051898956
        ],
        [
            -0.16666434705257416,
            -0.7006216645240784,
            0.019592806696891785
        ],
        [
            -0.28357845544815063,
            -0.8562501072883606,
            0.05336784943938255
        ],
        [
            0.002531126607209444,
            -0.2494352161884308,
            0.008663983084261417
        ],
        [
            -0.14654241502285004,
            -0.6512048244476318,
            0.014896083623170853
        ],
        [
            -0.06316067278385162,
            -0.4870215058326721,
            -0.00494413124397397
        ],
        [
            -0.2609916925430298,
            -0.74651038646698,
            0.07284177094697952
        ],
        [
            -0.283007949590683,
            -0.8775259852409363,
            0.05037456005811691
        ]
    ],
    "pred_vertices": [
        [
            -0.36408188939094543,
            -0.8247758150100708,
            0.07631666213274002
        ],
        [
            -0.3584226369857788,
            -0.8117294311523438,
            0.08475372195243835
        ],
        [
            -0.35751381516456604,
            -0.8081778287887573,
            0.07107335329055786
        ],
        [
            -0.36001816391944885,
            -0.8188203573226929,
            0.060423389077186584
        ],
        [
            -0.3554059863090515,
            -0.7991694808006287,
            0.07763969153165817
        ],
        [
            -0.3542960286140442,
            -0.8011929988861084,
            0.08957503736019135
        ],
        [
            -0.3522821366786957,
            -0.8038721084594727,
            0.0591842383146286
        ],
        [
            -0.3519424796104431,
            -0.812122106552124,
            0.04777313396334648
        ],
        [
            -0.3336631953716278,
            -0.7731802463531494,
            0.04679615795612335
        ],
        [
            -0.32794827222824097,
            -0.7708488702774048,
            0.037600498646497726
        ],
        [
            -0.3334053158760071,
            -0.7815859913825989,
            0.03919921815395355
        ],
        [
            -0.3367035686969757,
            -0.7813911437988281,
            0.04880440607666969
        ],
        [
            -0.32009848952293396,
            -0.7508214116096497,
            0.04520409554243088
        ],
        [
            -0.31809529662132263,
            -0.7417159080505371,
            0.0553617998957634
        ],
        [
            -0.3092271089553833,
            -0.735882043838501,
            0.047292616218328476
        ],
        [
            -0.30956369638442993,
            -0.745090901851654,
            0.03737761825323105
        ],
        [
            -0.3202468156814575,
            -0.7567535042762756,
            0.09454100579023361
        ],
        [
            -0.31986674666404724,
            -0.7496348023414612,
            0.0899048000574112
        ],
        [
            -0.32455974817276,
            -0.7546914219856262,
            0.08647148311138153
        ],
        [
            -0.3238193988800049,
            -0.7614707350730896,
            0.09149790555238724
        ],
        [
            -0.3225984275341034,
            -0.7663571834564209,
            0.10578648746013641
        ],
        [
            -0.3232285976409912,
            -0.7720145583152771,
            0.10277645289897919
        ],
        [
            -0.32560694217681885,
            -0.775302529335022,
            0.10968425869941711
        ],
        [
            -0.3258490264415741,
            -0.7684769034385681,
            0.11275705695152283
        ],
        [
            -0.31481456756591797,
            -0.7535499334335327,
            0.09865462779998779
        ],
        [
            -0.31418249011039734,
            -0.7463645935058594,
            0.0934409499168396
        ],
        [
            -0.32084763050079346,
            -0.7627071738243103,
            0.09903080761432648
        ],
        [
            -0.31896209716796875,
            -0.7586930990219116,
            0.10230480134487152
        ],
        [
            -0.3219190835952759,
            -0.7510077953338623,
            0.11136321723461151
        ],
        [
            -0.323869526386261,
            -0.7552106380462646,
            0.10918869823217392
        ],
        [
            -0.32692545652389526,
            -0.7551574110984802,
            0.11634278297424316
        ],
        [
            -0.3233547806739807,
            -0.7506726980209351,
            0.11687906086444855
        ],
        [
            -0.31678465008735657,
            -0.752368688583374,
            0.1031898632645607
        ],
        [
            -0.320356160402298,
            -0.7539936304092407,
            0.10460513830184937
        ],
        [
            -0.31883934140205383,
            -0.7507199048995972,
            0.10804685205221176
        ],
        [
            -0.3147734999656677,
            -0.7501561045646667,
            0.1070031225681305
        ],
        [
            -0.32239314913749695,
            -0.761944055557251,
            0.10815202444791794
        ],
        [
            -0.32639366388320923,
            -0.762337863445282,
            0.11489680409431458
        ],
        [
            -0.3295648396015167,
            -0.7626879215240479,
            0.12252440303564072
        ],
        [
            -0.328631192445755,
            -0.7538909912109375,
            0.12421677261590958
        ],
        [
            -0.3159981966018677,
            -0.7363396883010864,
            0.07771176099777222
        ],
        [
            -0.3189374804496765,
            -0.7427388429641724,
            0.0841357409954071
        ],
        [
            -0.3137853741645813,
            -0.7398051619529724,
            0.08809846639633179
        ],
        [
            -0.3122729957103729,
            -0.7343152165412903,
            0.08275333046913147
        ],
        [
            -0.31172502040863037,
            -0.7480519413948059,
            0.10391402244567871
        ],
        [
            -0.3069438338279724,
            -0.7327390909194946,
            0.10150817036628723
        ],
        [
            -0.30888229608535767,
            -0.7359966039657593,
            0.10135596245527267
        ],
        [
            -0.30846667289733887,
            -0.7372462749481201,
            0.10851718485355377
        ],
        [
            -0.3068908452987671,
            -0.7340542674064636,
            0.10804741084575653
        ],
        [
            -0.3067728877067566,
            -0.7247679233551025,
            0.06829533725976944
        ],
        [
            -0.3059383034706116,
            -0.7240204811096191,
            0.07548689842224121
        ],
        [
            -0.30142080783843994,
            -0.7185158729553223,
            0.07355934381484985
        ],
        [
            -0.3004886209964752,
            -0.718661367893219,
            0.06613079458475113
        ],
        [
            -0.29678118228912354,
            -0.714280366897583,
            0.07486708462238312
        ],
        [
            -0.2939392924308777,
            -0.7130577564239502,
            0.06531217694282532
        ],
        [
            -0.28199273347854614,
            -0.7030048370361328,
            0.0724809393286705
        ],
        [
            -0.2875778377056122,
            -0.7072131633758545,
            0.06869220733642578
        ],
        [
            -0.29219239950180054,
            -0.7102192640304565,
            0.07818174362182617
        ],
        [
            -0.2888418734073639,
            -0.7060391902923584,
            0.08432181924581528
        ],
        [
            -0.28973209857940674,
            -0.7109696865081787,
            0.09885909408330917
        ],
        [
            -0.2876582741737366,
            -0.7105642557144165,
            0.10501508414745331
        ],
        [
            -0.2832031846046448,
            -0.6991328001022339,
            0.10027261823415756
        ],
        [
            -0.2860456109046936,
            -0.701596200466156,
            0.09278804063796997
        ],
        [
            -0.3016777038574219,
            -0.7287540435791016,
            0.09866122901439667
        ],
        [
            -0.3020198941230774,
            -0.7286575436592102,
            0.09385117888450623
        ],
        [
            -0.3044290244579315,
            -0.729138195514679,
            0.09510637074708939
        ],
        [
            -0.30478012561798096,
            -0.7302575707435608,
            0.10033135116100311
        ],
        [
            -0.3026789426803589,
            -0.7280910015106201,
            0.08994609117507935
        ],
        [
            -0.3030310273170471,
            -0.7276270389556885,
            0.08822553604841232
        ],
        [
            -0.304335355758667,
            -0.72841477394104,
            0.08913460373878479
        ],
        [
            -0.303415983915329,
            -0.7286378145217896,
            0.0903678834438324
        ],
        [
            -0.30253857374191284,
            -0.7286632657051086,
            0.09226711839437485
        ],
        [
            -0.30137571692466736,
            -0.727091908454895,
            0.09330646693706512
        ],
        [
            -0.30216652154922485,
            -0.7274631261825562,
            0.09095832705497742
        ],
        [
            -0.30092257261276245,
            -0.7264072895050049,
            0.09782852232456207
        ],
        [
            -0.2977009415626526,
            -0.7252899408340454,
            0.11277849972248077
        ],
        [
            -0.2996377944946289,
            -0.7249799966812134,
            0.1086704209446907
        ],
        [
            -0.3000926673412323,
            -0.7296700477600098,
            0.10910602658987045
        ],
        [
            -0.29848888516426086,
            -0.7302460670471191,
            0.11268243193626404
        ],
        [
            -0.30506765842437744,
            -0.7301235198974609,
            0.09186592698097229
        ],
        [
            -0.30722206830978394,
            -0.730850338935852,
            0.08926275372505188
        ],
        [
            -0.30861207842826843,
            -0.7332130670547485,
            0.09429024159908295
        ],
        [
            -0.30634886026382446,
            -0.7312381267547607,
            0.09486231952905655
        ],
        [
            -0.30949875712394714,
            -0.7318873405456543,
            0.08699852228164673
        ],
        [
            -0.3057442307472229,
            -0.7291073799133301,
            0.0869952067732811
        ],
        [
            -0.3070446848869324,
            -0.7291971445083618,
            0.0844956710934639
        ],
        [
            -0.3018929958343506,
            -0.7262678742408752,
            0.08867810666561127
        ],
        [
            -0.3016749322414398,
            -0.7245638370513916,
            0.08569349348545074
        ],
        [
            -0.3039235770702362,
            -0.72636878490448,
            0.08584679663181305
        ],
        [
            -0.2993564009666443,
            -0.7220673561096191,
            0.08756484091281891
        ],
        [
            -0.3003234267234802,
            -0.7249118089675903,
            0.09124796837568283
        ],
        [
            -0.2994237542152405,
            -0.723299503326416,
            0.0957244336605072
        ],
        [
            -0.2984999716281891,
            -0.7219129800796509,
            0.10150635242462158
        ],
        [
            -0.2956278324127197,
            -0.7179529666900635,
            0.09775128215551376
        ],
        [
            -0.29742366075515747,
            -0.7196715474128723,
            0.0918893963098526
        ],
        [
            -0.3105592727661133,
            -0.7364950180053711,
            0.09246835112571716
        ],
        [
            -0.30467474460601807,
            -0.7253749370574951,
            0.08136159181594849
        ],
        [
            -0.30953043699264526,
            -0.7300239205360413,
            0.07866261154413223
        ],
        [
            -0.30169886350631714,
            -0.7214895486831665,
            0.08081748336553574
        ],
        [
            -0.29826509952545166,
            -0.7181829214096069,
            0.0822865292429924
        ],
        [
            -0.29498642683029175,
            -0.7151473760604858,
            0.08628521859645844
        ],
        [
            -0.2923588156700134,
            -0.712759256362915,
            0.09246110916137695
        ],
        [
            -0.27237385511398315,
            -0.6946697235107422,
            0.0910920575261116
        ],
        [
            -0.2772717773914337,
            -0.6979578733444214,
            0.08252114802598953
        ],
        [
            -0.34806427359580994,
            -0.7961481809616089,
            0.08905897289514542
        ],
        [
            -0.35090309381484985,
            -0.7936314344406128,
            0.08090951293706894
        ],
        [
            -0.34437304735183716,
            -0.7882202863693237,
            0.07730276882648468
        ],
        [
            -0.346882700920105,
            -0.7896904945373535,
            0.07544554769992828
        ],
        [
            -0.34608808159828186,
            -0.7915248870849609,
            0.0820096880197525
        ],
        [
            -0.34407755732536316,
            -0.7894351482391357,
            0.08188289403915405
        ],
        [
            -0.3381897807121277,
            -0.7830466628074646,
            0.05708477646112442
        ],
        [
            -0.33939772844314575,
            -0.7844478487968445,
            0.06373421102762222
        ],
        [
            -0.3367672860622406,
            -0.7814562916755676,
            0.06254766881465912
        ],
        [
            -0.3358423113822937,
            -0.7768392562866211,
            0.0553555004298687
        ],
        [
            -0.3338966965675354,
            -0.7744470834732056,
            0.07255323976278305
        ],
        [
            -0.33467620611190796,
            -0.7754390239715576,
            0.0672805979847908
        ],
        [
            -0.3375070095062256,
            -0.781531572341919,
            0.07188010960817337
        ],
        [
            -0.33696413040161133,
            -0.7808077335357666,
            0.07574968785047531
        ],
        [
            -0.3358922004699707,
            -0.7808366417884827,
            0.0798228532075882
        ],
        [
            -0.33432748913764954,
            -0.7816030383110046,
            0.08381611108779907
        ],
        [
            -0.3315776586532593,
            -0.7770078182220459,
            0.08317332714796066
        ],
        [
            -0.3328324854373932,
            -0.7753411531448364,
            0.07816190272569656
        ],
        [
            -0.34385085105895996,
            -0.7939052581787109,
            0.08770470321178436
        ],
        [
            -0.33909642696380615,
            -0.795234739780426,
            0.09304170310497284
        ],
        [
            -0.33796852827072144,
            -0.7925305366516113,
            0.0915306881070137
        ],
        [
            -0.34217867255210876,
            -0.7910794019699097,
            0.08727384358644485
        ],
        [
            -0.3259541094303131,
            -0.7912673354148865,
            0.09591062366962433
        ],
        [
            -0.32844647765159607,
            -0.7927145957946777,
            0.09573708474636078
        ],
        [
            -0.32789385318756104,
            -0.7945835590362549,
            0.09913994371891022
        ],
        [
            -0.32484525442123413,
            -0.7911540865898132,
            0.09917977452278137
        ],
        [
            -0.3247934877872467,
            -0.7878152132034302,
            0.09756810963153839
        ],
        [
            -0.32622140645980835,
            -0.7892970442771912,
            0.09529273211956024
        ],
        [
            -0.36786454916000366,
            -0.846259355545044,
            0.0816536396741867
        ],
        [
            -0.36286765336990356,
            -0.8305656909942627,
            0.09157079458236694
        ],
        [
            -0.36562085151672363,
            -0.8400789499282837,
            0.06266335397958755
        ],
        [
            -0.35843122005462646,
            -0.832067608833313,
            0.04752792790532112
        ],
        [
            -0.3504893481731415,
            -0.820885419845581,
            0.035486821085214615
        ],
        [
            -0.30806413292884827,
            -0.7289422750473022,
            0.0583103746175766
        ],
        [
            -0.30064231157302856,
            -0.722766637802124,
            0.05344899371266365
        ],
        [
            -0.29984280467033386,
            -0.7310634851455688,
            0.039876699447631836
        ],
        [
            -0.2907940745353699,
            -0.7242066860198975,
            0.03849615529179573
        ],
        [
            -0.2920016646385193,
            -0.7155923247337341,
            0.05269990488886833
        ],
        [
            -0.2737749218940735,
            -0.7035125494003296,
            0.0615915022790432
        ],
        [
            -0.28301936388015747,
            -0.7085198760032654,
            0.05555344000458717
        ],
        [
            -0.28008705377578735,
            -0.7182352542877197,
            0.038872167468070984
        ],
        [
            -0.2799434959888458,
            -0.7318359613418579,
            0.022611267864704132
        ],
        [
            -0.289640337228775,
            -0.73503577709198,
            0.025955593213438988
        ],
        [
            -0.28063470125198364,
            -0.7488373517990112,
            0.011560218408703804
        ],
        [
            -0.26643720269203186,
            -0.729728102684021,
            0.019368605688214302
        ],
        [
            -0.2725066542625427,
            -0.7519253492355347,
            0.008489311672747135
        ],
        [
            -0.2447686344385147,
            -0.7019708752632141,
            0.03635929152369499
        ],
        [
            -0.2389325201511383,
            -0.6932985782623291,
            0.033729005604982376
        ],
        [
            -0.2418568730354309,
            -0.7005140781402588,
            0.01634998247027397
        ],
        [
            -0.24731750786304474,
            -0.7093294262886047,
            0.018661262467503548
        ],
        [
            -0.29957807064056396,
            -0.7394520044326782,
            0.029923997819423676
        ],
        [
            -0.334791898727417,
            -0.7932776212692261,
            0.032740507274866104
        ],
        [
            -0.33936527371406555,
            -0.7903760075569153,
            0.04307600483298302
        ],
        [
            -0.3268876075744629,
            -0.7825636863708496,
            0.029415132477879524
        ],
        [
            -0.3497845232486725,
            -0.8523966073989868,
            0.017904698848724365
        ],
        [
            -0.3562157452106476,
            -0.8437076807022095,
            0.033190056681632996
        ],
        [
            -0.34878939390182495,
            -0.8301830291748047,
            0.02383185550570488
        ],
        [
            -0.343212366104126,
            -0.8402575254440308,
            0.010749883949756622
        ],
        [
            -0.3558320999145508,
            -0.8882657289505005,
            0.044935330748558044
        ],
        [
            -0.3661141097545624,
            -0.8685911893844604,
            0.06311531364917755
        ],
        [
            -0.3615829348564148,
            -0.8578799962997437,
            0.049032602459192276
        ],
        [
            -0.35488852858543396,
            -0.8726271390914917,
            0.0326508991420269
        ],
        [
            -0.3362116813659668,
            -0.8451523780822754,
            -0.0001651695929467678
        ],
        [
            -0.3245975971221924,
            -0.8526322245597839,
            -0.013012083247303963
        ],
        [
            -0.3245685398578644,
            -0.8699818253517151,
            -0.01420203223824501
        ],
        [
            -0.33924275636672974,
            -0.8636373281478882,
            0.0023076185025274754
        ],
        [
            -0.3219132423400879,
            -0.8940494060516357,
            -0.008727987296879292
        ],
        [
            -0.3398444354534149,
            -0.8861981630325317,
            0.01053157914429903
        ],
        [
            -0.2588319778442383,
            -0.743663489818573,
            0.0038595907390117645
        ],
        [
            -0.2656865119934082,
            -0.7610620260238647,
            0.0005154544487595558
        ],
        [
            -0.2553849518299103,
            -0.7190314531326294,
            0.02210831269621849
        ],
        [
            -0.2524683475494385,
            -0.7295956611633301,
            0.005726944655179977
        ],
        [
            -0.31448784470558167,
            -0.9140324592590332,
            0.0017243456095457077
        ],
        [
            -0.33684661984443665,
            -0.906139612197876,
            0.023749321699142456
        ],
        [
            -0.27543818950653076,
            -0.85342937707901,
            -0.037029169499874115
        ],
        [
            -0.29003390669822693,
            -0.8655111193656921,
            -0.03334075212478638
        ],
        [
            -0.29852378368377686,
            -0.8469893932342529,
            -0.027815034613013268
        ],
        [
            -0.2841489911079407,
            -0.8379467725753784,
            -0.031729280948638916
        ],
        [
            -0.26277732849121094,
            -0.86954665184021,
            -0.038595251739025116
