{
    "pred_cam": [
        1.1625936031341553,
        0.04669051617383957,
        0.17511072754859924
    ],
    "pred_smpl_params": {
        "global_orient": [
            [
                [
                    0.9467343091964722,
                    0.11908142268657684,
                    0.2991887032985687
                ],
                [
                    0.09738955646753311,
                    -0.9914844632148743,
                    0.08645163476467133
                ],
                [
                    0.30693572759628296,
                    -0.05270886421203613,
                    -0.9502696394920349
                ]
            ]
        ],
        "body_pose": [
            [
                [
                    0.9959690570831299,
                    0.03741443529725075,
                    -0.0815221294760704
                ],
                [
                    -0.02991618402302265,
                    0.9953709840774536,
                    0.09133286029100418
                ],
                [
                    0.08456192165613174,
                    -0.08852586895227432,
                    0.9924780130386353
                ]
            ],
            [
                [
                    0.9922201037406921,
                    0.10797929018735886,
                    -0.061965011060237885
                ],
                [
                    -0.10258666425943375,
                    0.9911324381828308,
                    0.08445429801940918
                ],
                [
                    0.0705348402261734,
                    -0.07744047045707703,
                    0.9944987893104553
                ]
            ],
            [
                [
                    0.9950346350669861,
                    -0.03630232438445091,
                    0.09267324209213257
                ],
                [
                    0.050898950546979904,
                    0.9857448935508728,
                    -0.16036354005336761
                ],
                [
                    -0.0855305939912796,
                    0.16428422927856445,
                    0.9826980829238892
                ]
            ],
            [
                [
                    0.9833362698554993,
                    -0.08181758224964142,
                    -0.1623443216085434
                ],
                [
                    -0.01925605721771717,
                    0.8411033749580383,
                    -0.5405314564704895
                ],
                [
                    0.18077333271503448,
                    0.5346503257751465,
                    0.8255119919776917
                ]
            ],
            [
                [
                    0.9947313070297241,
                    -0.07447545975446701,
                    0.07044912129640579
                ],
                [
                    0.10052639991044998,
                    0.8433676958084106,
                    -0.5278497934341431
                ],
                [
                    -0.02010265551507473,
                    0.5321506857872009,
                    0.8464109897613525
                ]
            ],
            [
                [
                    0.9932196140289307,
                    0.022166963666677475,
                    0.11412017047405243
                ],
                [
                    -0.014220884069800377,
                    0.99744713306427,
                    -0.06997808068990707
                ],
                [
                    -0.11538004875183105,
                    0.06788071244955063,
                    0.9909992814064026
                ]
            ],
            [
                [
                    0.9888143539428711,
                    0.05251271650195122,
                    0.13960210978984833
                ],
                [
                    -0.06127926707267761,
                    0.996360182762146,
                    0.059255652129650116
                ],
                [
                    -0.13598231971263885,
                    -0.06714753806591034,
                    0.9884331822395325
                ]
            ],
            [
                [
                    0.9886077046394348,
                    -0.05557650700211525,
                    -0.13987906277179718
                ],
                [
                    0.05894509330391884,
                    0.9980598092079163,
                    0.020052308216691017
                ],
                [
                    0.13849322497844696,
                    -0.02806904911994934,
                    0.989965558052063
                ]
            ],
            [
                [
                    0.9956094026565552,
                    0.008148781955242157,
                    0.09324946999549866
                ],
                [
                    -0.0033178047742694616,
                    0.9986495971679688,
                    -0.05184522271156311
                ],
                [
                    -0.09354602545499802,
                    0.05130820721387863,
                    0.9942919611930847
                ]
            ],
            [
                [
                    0.9871211647987366,
                    -0.1562572568655014,
                    0.03428541123867035
                ],
                [
                    0.15014052391052246,
                    0.9788973331451416,
                    0.13862837851047516
                ],
                [
                    -0.05522358790040016,
                    -0.13169537484645844,
                    0.9897508025169373
                ]
            ],
            [
                [
                    0.9925321936607361,
                    0.11769645661115646,
                    -0.03205259516835213
                ],
                [
                    -0.11029958724975586,
                    0.9781489372253418,
                    0.17623461782932281
                ],
                [
                    0.05209440365433693,
                    -0.17138315737247467,
                    0.9838261604309082
                ]
            ],
            [
                [
                    0.993680477142334,
                    0.05288108065724373,
                    0.09900857508182526
                ],
                [
                    -0.04848959669470787,
                    0.9977523684501648,
                    -0.046249162405729294
                ],
                [
                    -0.10123174637556076,
                    0.04115600138902664,
                    0.9940112233161926
                ]
            ],
            [
                [
                    0.9304041862487793,
                    0.3634979724884033,
                    -0.04708873853087425
                ],
                [
                    -0.36475294828414917,
                    0.9308614134788513,
                    -0.02126719430088997
                ],
                [
                    0.03610250726342201,
                    0.03696284070611,
                    0.9986643195152283
                ]
            ],
            [
                [
                    0.8865559101104736,
                    -0.37052667140960693,
                    0.27699899673461914
                ],
                [
                    0.38413816690444946,
                    0.9232590198516846,
                    0.005531241185963154
                ],
                [
                    -0.25779131054878235,
                    0.10150213539600372,
                    0.960854172706604
                ]
            ],
            [
                [
                    0.9917979836463928,
                    0.0889858528971672,
                    0.09175141155719757
                ],
                [
                    -0.05920381098985672,
                    0.9560272097587585,
                    -0.28724008798599243
                ],
                [
                    -0.11327715218067169,
                    0.2794520854949951,
                    0.9534541368484497
                ]
            ],
            [
                [
                    0.4445820450782776,
                    0.8313737511634827,
                    -0.3334134519100189
                ],
                [
                    -0.8948283791542053,
                    0.4289882481098175,
                    -0.12349574267864227
                ],
                [
                    0.04035933315753937,
                    0.3532518446445465,
                    0.9346573352813721
                ]
            ],
            [
                [
                    0.4600200057029724,
                    -0.7337676286697388,
                    0.4999666213989258
                ],
                [
                    0.8283052444458008,
                    0.557468056678772,
                    0.0560339130461216
                ],
                [
                    -0.31983131170272827,
                    0.38834822177886963,
                    0.8642300367355347
                ]
            ],
            [
                [
                    0.1752714365720749,
                    -0.40278202295303345,
                    -0.8983577489852905
                ],
                [
                    0.04557960480451584,
                    0.9148241281509399,
                    -0.40127214789390564
                ],
                [
                    0.9834645390510559,
                    0.029384758323431015,
                    0.17870119214057922
                ]
            ],
            [
                [
                    0.524005651473999,
                    0.20825643837451935,
                    0.8258615732192993
                ],
                [
                    0.125316321849823,
                    0.940240740776062,
                    -0.3166119456291199
                ],
                [
                    -0.8424451947212219,
                    0.26940035820007324,
                    0.46659353375434875
                ]
            ],
            [
                [
                    0.991197407245636,
                    -0.11585233360528946,
                    -0.0640769898891449
                ],
                [
                    0.12297473847866058,
                    0.9849470853805542,
                    0.12147624045610428
                ],
                [
                    0.04903913661837578,
                    -0.12828679382801056,
                    0.9905239343643188
                ]
            ],
            [
                [
                    0.9944283366203308,
                    0.09972106665372849,
                    0.03417622670531273
                ],
                [
                    -0.09841631352901459,
                    0.994421660900116,
                    -0.03794558718800545
                ],
                [
                    -0.03776955232024193,
                    0.03437066823244095,
                    0.9986952543258667
                ]
            ],
            [
                [
                    0.9697701334953308,
                    0.2220601886510849,
                    -0.10116805136203766
                ],
                [
                    -0.20840728282928467,
                    0.9693658351898193,
                    0.1299855262041092
                ],
                [
                    0.12693347036838531,
                    -0.10497193783521652,
                    0.9863409996032715
                ]
            ],
            [
                [
                    0.9745071530342102,
                    -0.22001506388187408,
                    0.043923333287239075
                ],
                [
                    0.209849014878273,
                    0.9631109237670898,
                    0.16846558451652527
                ],
                [
                    -0.07936801016330719,
                    -0.15495362877845764,
                    0.9847284555435181
                ]
            ]
        ],
        "betas": [
            0.0310947448015213,
            0.06966918706893921,
            0.09292757511138916,
            0.6419190168380737,
            0.00789874792098999,
            -0.004397746175527573,
            -0.025520503520965576,
            0.024758458137512207,
            0.10484089702367783,
            -0.05180665850639343
        ]
    },
    "pred_cam_t": [
        0.04669051617383957,
        0.17511072754859924,
        33.59944534301758
    ],
    "focal_length": [
        5000.0,
        5000.0
    ],
    "pred_keypoints_3d": [
        [
            0.20587296783924103,
            -0.7543888092041016,
            -0.18975533545017242
        ],
        [
            0.06803716719150543,
            -0.7334586381912231,
            -0.05627550557255745
        ],
        [
            -0.09019383788108826,
            -0.6276371479034424,
            -0.14295515418052673
        ],
        [
            -0.11396512389183044,
            -0.376356840133667,
            -0.12008298188447952
        ],
        [
            0.09502381086349487,
            -0.23307184875011444,
            -0.14648842811584473
        ],
        [
            0.19679129123687744,
            -0.6415314674377441,
            0.0733625739812851
        ],
        [
            0.14885398745536804,
            -0.41064316034317017,
            0.18348434567451477
        ],
        [
            0.19967138767242432,
            -0.2834690809249878,
            -0.024752706289291382
        ],
        [
            -0.002375780139118433,
            -0.22969752550125122,
            0.02676583267748356
        ],
        [
            -0.07681114226579666,
            -0.14696523547172546,
            0.016005810350179672
        ],
        [
            -0.1898123025894165,
            0.2172989845275879,
            -0.006570722907781601
        ],
        [
            -0.271456778049469,
            0.5300688743591309,
            0.22486267983913422
        ],
        [
            0.04838244989514351,
            -0.13313236832618713,
            0.059106528759002686
        ],
        [
            0.034004759043455124,
            0.24027857184410095,
            0.0536181703209877
        ],
        [
            -0.0384153388440609,
            0.5525792241096497,
            0.28820839524269104
        ],
        [
            0.17812250554561615,
            -0.8063652515411377,
            -0.2089410126209259
        ],
        [
            0.2240438461303711,
            -0.8058878183364868,
            -0.16059015691280365
        ],
        [
            0.08446890860795975,
            -0.844710111618042,
            -0.17868572473526
        ],
        [
            0.187843456864357,
            -0.8435145616531372,
            -0.07263398170471191
        ],
        [
            -0.03095962479710579,
            0.68907630443573,
            0.14101678133010864
        ],
        [
            0.028686366975307465,
            0.678384006023407,
            0.19907215237617493
        ],
        [
            -0.04339073598384857,
            0.5554356575012207,
            0.35691407322883606
        ],
        [
            -0.25857654213905334,
            0.665205180644989,
            0.07839736342430115
        ],
        [
            -0.3355906009674072,
            0.639272928237915,
            0.11205178499221802
        ],
        [
            -0.28817567229270935,
            0.5393165946006775,
            0.29521995782852173
        ],
        [
            -0.2846713960170746,
            0.4714990258216858,
            0.2188691645860672
        ],
        [
            -0.1719031035900116,
            0.15619269013404846,
            -0.012672541663050652
        ],
        [
            -0.135105699300766,
            -0.2776690125465393,
            -0.010638458654284477
        ],
        [
            0.12879346311092377,
            -0.23337993025779724,
            0.0894833356142044
        ],
        [
            0.04840032756328583,
            0.19977286458015442,
            0.051593877375125885
        ],
        [
            -0.0256099421530962,
            0.5111741423606873,
            0.29298263788223267
        ],
        [
            0.09735886752605438,
            -0.2710683047771454,
            -0.14291653037071228
        ],
        [
            -0.10422074049711227,
            -0.3923349976539612,
            -0.15743020176887512
        ],
        [
            -0.05810697376728058,
            -0.6633772253990173,
            -0.12764579057693481
        ],
        [
            0.173583984375,
            -0.673540472984314,
            0.054784663021564484
        ],
        [
            0.1951039880514145,
            -0.4301431179046631,
            0.16436293721199036
        ],
        [
            0.2057652622461319,
            -0.30611640214920044,
            -0.018714722245931625
        ],
        [
            0.07443786412477493,
            -0.7201381921768188,
            -0.058466166257858276
        ],
        [
            0.17013263702392578,
            -0.8807811141014099,
            -0.15136583149433136
        ],
        [
            -0.002662327839061618,
            -0.25585487484931946,
            0.03990187868475914
        ],
        [
            0.057001713663339615,
            -0.6661088466644287,
            -0.03872721642255783
        ],
        [
            0.019007457420229912,
            -0.5047603845596313,
            0.015985611826181412
        ],
        [
            0.15157264471054077,
            -0.7698451280593872,
            -0.13040922582149506
        ],
        [
            0.16939763724803925,
            -0.901289701461792,
            -0.15593430399894714
        ]
    ],
    "pred_vertices": [
        [
            0.25066107511520386,
            -0.8455063104629517,
            -0.16928158700466156
        ],
        [
            0.24496984481811523,
            -0.829930305480957,
            -0.17237365245819092
        ],
        [
            0.2455909103155136,
            -0.8314017653465271,
            -0.15807536244392395
        ],
        [
            0.24782957136631012,
            -0.8449795842170715,
            -0.15184742212295532
        ],
        [
            0.24273225665092468,
            -0.8207167983055115,
            -0.16121390461921692
        ],
        [
            0.2407858967781067,
            -0.8185935020446777,
            -0.1728396862745285
        ],
        [
            0.24134354293346405,
            -0.8312519788742065,
            -0.14481085538864136
        ],
        [
            0.24114130437374115,
            -0.8423506021499634,
            -0.13708683848381042
        ],
        [
            0.22406311333179474,
            -0.8065128326416016,
            -0.12125018239021301
        ],
        [
            0.21916411817073822,
            -0.8073602914810181,
            -0.1112375557422638
        ],
        [
            0.22452569007873535,
            -0.8170759677886963,
            -0.11656884849071503
        ],
        [
            0.22708478569984436,
            -0.8138110041618347,
            -0.1260247528553009
        ],
        [
            0.21131250262260437,
            -0.7859535813331604,
            -0.11120685935020447
        ],
        [
            0.20885677635669708,
            -0.773752748966217,
            -0.11735451221466064
        ],
        [
            0.2009231299161911,
            -0.7708391547203064,
            -0.10706503689289093
        ],
        [
            0.20200490951538086,
            -0.7828956842422485,
            -0.10090377926826477
        ],
        [
            0.2069512903690338,
            -0.7743468880653381,
            -0.1595115214586258
        ],
        [
            0.20751158893108368,
            -0.7691338062286377,
            -0.15257948637008667
        ],
        [
            0.21217088401317596,
            -0.7752758264541626,
            -0.151624858379364
        ],
        [
            0.21058419346809387,
            -0.7799294590950012,
            -0.1585741639137268
        ],
        [
            0.2084694355726242,
            -0.7795369625091553,
            -0.17350827157497406
        ],
        [
            0.20902562141418457,
            -0.7860018610954285,
            -0.17269206047058105
        ],
        [
            0.2107151597738266,
            -0.786686360836029,
            -0.18053945899009705
        ],
        [
            0.2111341804265976,
            -0.7790701985359192,
            -0.18110457062721252
        ],
        [
            0.2013998180627823,
            -0.7697612643241882,
            -0.1616746187210083
        ],
        [
            0.2018130123615265,
            -0.7645746469497681,
            -0.15418115258216858
        ],
        [
            0.20703540742397308,
            -0.7783856391906738,
            -0.16584116220474243
        ],
        [
            0.20535382628440857,
            -0.7734804749488831,
            -0.16722506284713745
        ],
        [
            0.20820017158985138,
            -0.7627502679824829,
            -0.17335298657417297
        ],
        [
            0.21004712581634521,
            -0.7675508260726929,
            -0.17292433977127075
        ],
        [
            0.21271422505378723,
            -0.7649510502815247,
            -0.17986461520195007
        ],
        [
            0.209346204996109,
            -0.7604905962944031,
            -0.17856429517269135
        ],
        [
            0.20355930924415588,
            -0.7669031023979187,
            -0.16548895835876465
        ],
        [
            0.20693933963775635,
            -0.7680171728134155,
            -0.16778850555419922
        ],
        [
            0.20545947551727295,
            -0.7635848522186279,
            -0.16969235241413116
        ],
        [
            0.2014676183462143,
            -0.7633558511734009,
            -0.1681336611509323
        ],
        [
            0.20832058787345886,
            -0.7743754386901855,
            -0.17407947778701782
        ],
        [
            0.2118489146232605,
            -0.7723751664161682,
            -0.1809604912996292
        ],
        [
            0.2144699990749359,
            -0.7699664831161499,
            -0.18853753805160522
        ],
        [
            0.2140771448612213,
            -0.7610455751419067,
            -0.1870519071817398
        ],
        [
            0.20541544258594513,
            -0.760680079460144,
            -0.13611248135566711
        ],
        [
            0.2075684815645218,
            -0.7644487023353577,
            -0.1445634365081787
        ],
        [
            0.20223787426948547,
            -0.760249137878418,
            -0.1468074470758438
        ],
        [
            0.2014496624469757,
            -0.7569283246994019,
            -0.13976481556892395
        ],
        [
            0.19865891337394714,
            -0.7625074982643127,
            -0.16422595083713531
        ],
        [
            0.19502204656600952,
            -0.748734176158905,
            -0.1562615931034088
        ],
        [
            0.19685110449790955,
            -0.7519126534461975,
            -0.15746469795703888
        ],
        [
            0.19580501317977905,
            -0.750559389591217,
            -0.164515420794487
        ],
        [
            0.19439318776130676,
            -0.7476810812950134,
            -0.1628049612045288
        ],
        [
            0.19739022850990295,
            -0.7527812719345093,
            -0.12256668508052826
        ],
        [
            0.19607436656951904,
            -0.7496150732040405,
            -0.12894347310066223
        ],
        [
            0.19191725552082062,
            -0.7449653744697571,
            -0.12479884922504425
        ],
        [
            0.19140493869781494,
            -0.7477929592132568,
            -0.1178639680147171
        ],
        [
            0.18724825978279114,
            -0.740530252456665,
            -0.12424368411302567
        ],
        [
            0.18529772758483887,
            -0.7427277565002441,
            -0.11458554863929749
        ],
        [
            0.17387402057647705,
            -0.7300068140029907,
            -0.11681532859802246
        ],
        [
            0.17915962636470795,
            -0.7358705997467041,
            -0.11523368954658508
        ],
        [
            0.18269804120063782,
            -0.7353118658065796,
            -0.12562118470668793
        ],
        [
            0.17911948263645172,
            -0.7291178703308105,
            -0.12966474890708923
        ],
        [
            0.17861881852149963,
            -0.7288058996200562,
            -0.1446365863084793
        ],
        [
            0.17597229778766632,
            -0.7264137268066406,
            -0.1500086933374405
        ],
        [
            0.1729062795639038,
            -0.7169132232666016,
            -0.1413496434688568
        ],
        [
            0.17586278915405273,
            -0.721886157989502,
            -0.13574698567390442
        ],
        [
            0.1897623986005783,
            -0.7459440231323242,
            -0.15187348425388336
        ],
        [
            0.19052240252494812,
            -0.7475458383560181,
            -0.14736616611480713
        ],
        [
            0.1927984058856964,
            -0.7476177215576172,
            -0.1489204317331314
        ],
        [
            0.19276374578475952,
            -0.7467448711395264,
            -0.15417008101940155
        ],
        [
            0.19146162271499634,
            -0.7484698295593262,
            -0.14352932572364807
        ],
        [
            0.19190770387649536,
            -0.7487331628799438,
            -0.14178162813186646
        ],
        [
            0.1931220293045044,
            -0.7491474747657776,
            -0.14306426048278809
        ],
        [
            0.1921597719192505,
            -0.7487793564796448,
            -0.14407697319984436
        ],
        [
            0.19116900861263275,
            -0.7480964660644531,
            -0.14578527212142944
        ],
        [
            0.19001352787017822,
            -0.7461686730384827,
            -0.146115243434906
        ],
        [
            0.19090983271598816,
            -0.7474821209907532,
            -0.14418244361877441
        ],
        [
            0.1892770677804947,
            -0.7438374757766724,
            -0.15004360675811768
        ],
        [
            0.18498879671096802,
            -0.7378290295600891,
            -0.16324438154697418
        ],
        [
            0.18705134093761444,
            -0.7388935089111328,
            -0.1595619022846222
        ],
        [
            0.18720385432243347,
            -0.743229866027832,
            -0.16165412962436676
        ],
        [
            0.1855708658695221,
            -0.7425331473350525,
            -0.1649763584136963
        ],
        [
            0.1938730776309967,
            -0.7497285604476929,
            -0.14609159529209137
        ],
        [
            0.1959473341703415,
            -0.7513574957847595,
            -0.1443258672952652
        ],
        [
            0.19696035981178284,
            -0.7517086267471313,
            -0.14993317425251007
        ],
        [
            0.19467535614967346,
            -0.7496603727340698,
            -0.14961367845535278
        ],
        [
            0.19838741421699524,
            -0.7531132698059082,
            -0.14265532791614532
        ],
        [
            0.1946614533662796,
            -0.7505804896354675,
            -0.141377255320549
        ],
        [
            0.19637161493301392,
            -0.7515882253646851,
            -0.13913270831108093
        ],
        [
            0.1908247172832489,
            -0.7471849918365479,
            -0.1415943205356598
        ],
        [
            0.19091998040676117,
            -0.7466350197792053,
            -0.13814768195152283
        ],
        [
            0.19301842153072357,
            -0.7483967542648315,
            -0.13915768265724182
        ],
        [
            0.18861961364746094,
            -0.743468701839447,
            -0.13883505761623383
        ],
        [
            0.18920359015464783,
            -0.7448599338531494,
            -0.1434139907360077
        ],
        [
            0.18807584047317505,
            -0.7416393160820007,
            -0.14696747064590454
        ],
        [
            0.18675141036510468,
            -0.7382818460464478,
            -0.15175314247608185
        ],
        [
            0.18427659571170807,
            -0.7358288168907166,
            -0.14660955965518951
        ],
        [
            0.1865086406469345,
            -0.7395507097244263,
            -0.14193174242973328
        ],
        [
            0.1990504264831543,
            -0.7556238174438477,
            -0.14944666624069214
        ],
        [
            0.19433258473873138,
            -0.7488120794296265,
            -0.13470685482025146
        ],
        [
            0.19919446110725403,
            -0.7542338371276855,
            -0.13427987694740295
        ],
        [
            0.19155782461166382,
            -0.7452998161315918,
            -0.13253405690193176
        ],
        [
            0.18814510107040405,
            -0.7415590286254883,
            -0.13243238627910614
        ],
        [
            0.1845501959323883,
            -0.7372457981109619,
            -0.13514994084835052
        ],
        [
            0.181691974401474,
            -0.7326632142066956,
            -0.1395913064479828
        ],
        [
            0.1636052131652832,
            -0.7151607871055603,
            -0.13032759726047516
        ],
        [
            0.16868856549263,
            -0.7213889956474304,
            -0.12412522733211517
        ],
        [
            0.23467980325222015,
            -0.8135391473770142,
            -0.17001605033874512
        ],
        [
            0.23817111551761627,
            -0.8143187761306763,
            -0.161743625998497
        ],
        [
            0.23193055391311646,
            -0.8104295134544373,
            -0.15585549175739288
        ],
        [
            0.23430533707141876,
            -0.8124094009399414,
            -0.1550334095954895
        ],
        [
            0.23329685628414154,
            -0.811862587928772,
            -0.1615862399339676
        ],
        [
            0.23131148517131805,
            -0.8098050951957703,
            -0.16046184301376343
        ],
        [
            0.22778937220573425,
            -0.812374472618103,
            -0.13444477319717407
        ],
        [
            0.22833606600761414,
            -0.8114014863967896,
            -0.1412811130285263
        ],
        [
            0.2258710116147995,
            -0.8091182708740234,
            -0.13898201286792755
        ],
        [
            0.22566944360733032,
            -0.8072139024734497,
            -0.13055899739265442
        ],
        [
            0.2222413867712021,
            -0.798961877822876,
            -0.14580807089805603
        ],
        [
            0.2234504222869873,
            -0.8018609285354614,
            -0.14125299453735352
        ],
        [
            0.2255745381116867,
            -0.805908739566803,
            -0.14780250191688538
        ],
        [
            0.22476941347122192,
            -0.8038070797920227,
            -0.1511385440826416
        ],
        [
            0.22337791323661804,
            -0.8023713827133179,
            -0.15493452548980713
        ],
        [
            0.22140182554721832,
            -0.8017257452011108,
            -0.1589612066745758
        ],
        [
            0.2189631313085556,
            -0.7975350618362427,
            -0.1564931422472
        ],
        [
            0.22071325778961182,
            -0.7977116107940674,
            -0.1512477993965149
        ],
        [
            0.2303336262702942,
            -0.8121573328971863,
            -0.16741225123405457
        ],
        [
            0.22512735426425934,
            -0.8116304874420166,
            -0.17255258560180664
        ],
        [
            0.22420242428779602,
            -0.8094990253448486,
            -0.17001132667064667
        ],
        [
            0.22883370518684387,
            -0.8097051382064819,
            -0.16586074233055115
        ],
        [
            0.2114276885986328,
            -0.8068196773529053,
            -0.17269375920295715
        ],
        [
            0.21404653787612915,
            -0.8082979321479797,
            -0.17321662604808807
        ],
        [
            0.21314860880374908,
            -0.8088047504425049,
            -0.17705431580543518
        ],
        [
            0.20996776223182678,
            -0.8055230379104614,
            -0.1756736785173416
        ],
        [
            0.21019649505615234,
            -0.8029515743255615,
            -0.17292073369026184
        ],
        [
            0.21182318031787872,
            -0.8051784038543701,
            -0.17133623361587524
        ],
        [
            0.2526935636997223,
            -0.8640927076339722,
            -0.18227523565292358
        ],
        [
            0.24788369238376617,
            -0.845694899559021,
            -0.18503205478191376
        ],
        [
            0.2517487704753876,
            -0.8646403551101685,
            -0.1615871787071228
        ],
        [
            0.24616242945194244,
            -0.8617296814918518,
            -0.1444340944290161
        ],
        [
            0.2398732602596283,
            -0.8550673127174377,
            -0.12858879566192627
        ],
        [
            0.19919556379318237,
            -0.7602884769439697,
            -0.11485987156629562
        ],
        [
            0.19230781495571136,
            -0.7560447454452515,
            -0.1075327917933464
        ],
        [
            0.19258274137973785,
            -0.7685098648071289,
            -0.09757094085216522
        ],
        [
            0.18408629298210144,
            -0.7620772123336792,
            -0.09285160154104233
        ],
        [
            0.18427973985671997,
            -0.7493276596069336,
            -0.10349839925765991
        ],
        [
            0.16697712242603302,
            -0.7338448762893677,
            -0.10605499148368835
        ],
        [
            0.17594337463378906,
            -0.7414168119430542,
            -0.10282279551029205
        ],
        [
            0.17412149906158447,
            -0.7556679248809814,
            -0.08991104364395142
        ],
        [
            0.17455735802650452,
            -0.7741612792015076,
            -0.07941475510597229
        ],
        [
            0.18381789326667786,
            -0.776686429977417,
            -0.08487524092197418
        ],
        [
            0.17480683326721191,
            -0.7940979599952698,
            -0.07444939017295837
        ],
        [
            0.16195620596408844,
            -0.7728241086006165,
            -0.07415072619915009
        ],
        [
            0.16714061796665192,
            -0.797630786895752,
            -0.07148031890392303
        ],
        [
            0.14315806329250336,
            -0.7405414581298828,
            -0.07945609092712402
        ],
        [
            0.13966619968414307,
            -0.733238935470581,
            -0.07361117005348206
        ],
        [
            0.14143472909927368,
            -0.745897650718689,
            -0.058965932577848434
        ],
        [
            0.14533731341362,
            -0.7533255815505981,
            -0.06482424587011337
        ],
        [
            0.19300958514213562,
            -0.7797620296478271,
            -0.09113099426031113
        ],
        [
            0.225643128156662,
            -0.8298813700675964,
            -0.11412382125854492
        ],
        [
            0.22983205318450928,
            -0.823878288269043,
            -0.12380697578191757
        ],
        [
            0.21851252019405365,
            -0.8211749792098999,
            -0.10681115835905075
        ],
        [
            0.23966729640960693,
            -0.8897097110748291,
            -0.12261456251144409
        ],
        [
            0.24576452374458313,
            -0.8768500089645386,
            -0.13462895154953003
        ],
        [
            0.23896220326423645,
            -0.8677274584770203,
            -0.1205800250172615
        ],
        [
            0.23481570184230804,
            -0.8811042308807373,
            -0.1109093502163887
        ],
        [
            0.24136842787265778,
            -0.9140785932540894,
            -0.1610351800918579
        ],
        [
            0.2506471872329712,
            -0.8903874158859253,
            -0.17192977666854858
        ],
        [
            0.24892815947532654,
            -0.8848721981048584,
            -0.15454314649105072
        ],
        [
            0.24197718501091003,
            -0.9033766388893127,
            -0.14405599236488342
        ],
        [
            0.22784046828746796,
            -0.8890957236289978,
            -0.1026483029127121
        ],
        [
            0.21686139702796936,
            -0.9002367258071899,
            -0.09233489632606506
        ],
        [
            0.21687233448028564,
            -0.9174079895019531,
            -0.09696848690509796
        ],
        [
            0.23019057512283325,
            -0.9055089354515076,
            -0.11124400794506073
        ],
        [
            0.2126767784357071,
            -0.9380054473876953,
            -0.10950023680925369
        ],
        [
            0.22906158864498138,
            -0.9241653680801392,
            -0.12687231600284576
        ],
        [
            0.154315784573555,
            -0.7912207841873169,
            -0.06361830234527588
        ],
        [
            0.16023030877113342,
            -0.809043824672699,
            -0.06694139540195465
        ],
        [
            0.15179382264614105,
            -0.7614709734916687,
            -0.07200447469949722
        ],
        [
            0.1487654447555542,
            -0.776790976524353,
            -0.05993684381246567
        ],
        [
            0.20385001599788666,
            -0.9541651010513306,
            -0.12576824426651
        ],
        [
            0.2245514988899231,
            -0.9382319450378418,
            -0.14585384726524353
        ],
        [
            0.16989238560199738,
            -0.9075820446014404,
            -0.0638851746916771
        ],
        [
            0.18398749828338623,
            -0.9184610843658447,
            -0.07357679307460785
        ],
        [
            0.19247448444366455,
            -0.8991119861602783,
            -0.07325687259435654
        ],
        [
            0.17828570306301117,
            -0.8918207883834839,
            -0.06433150917291641
        ],
        [
            0.15790189802646637,
            -0.923343300819397,
            -0.06728265434503555
        ],
        [
