{
    "pred_cam": [
        1.1825816631317139,
        0.04720424860715866,
        0.2194034308195114
    ],
    "pred_smpl_params": {
        "global_orient": [
            [
                [
                    0.9394993782043457,
                    0.1475798338651657,
                    0.30912962555885315
                ],
                [
                    0.1394774466753006,
                    -0.9890475869178772,
                    0.048279162496328354
                ],
                [
                    0.31286895275115967,
                    -0.0022416359279304743,
                    -0.9497936367988586
                ]
            ]
        ],
        "body_pose": [
            [
                [
                    0.9932254552841187,
                    0.03747706115245819,
                    -0.1099940836429596
                ],
                [
                    -0.023064034059643745,
                    0.9913118481636047,
                    0.12949486076831818
                ],
                [
                    0.11389151960611343,
                    -0.1260806769132614,
                    0.9854605197906494
                ]
            ],
            [
                [
                    0.9909500479698181,
                    0.11666178703308105,
                    -0.06639248877763748
                ],
                [
                    -0.10996005684137344,
                    0.9891967177391052,
                    0.09694641083478928
                ],
                [
                    0.07698517292737961,
                    -0.08876853436231613,
                    0.9930726885795593
                ]
            ],
            [
                [
                    0.9954060912132263,
                    -0.03701191395521164,
                    0.08830001950263977
                ],
                [
                    0.05316730961203575,
                    0.9806722402572632,
                    -0.1882956624031067
                ],
                [
                    -0.07962419092655182,
                    0.1921253204345703,
                    0.9781349301338196
                ]
            ],
            [
                [
                    0.9852666258811951,
                    -0.08633607625961304,
                    -0.1476338505744934
                ],
                [
                    -0.028170693665742874,
                    0.7695108652114868,
                    -0.6380121111869812
                ],
                [
                    0.1686892956495285,
                    0.6327710151672363,
                    0.7557412385940552
                ]
            ],
            [
                [
                    0.9943780303001404,
                    -0.09675931930541992,
                    0.04301110655069351
                ],
                [
                    0.1041627898812294,
                    0.8208140134811401,
                    -0.5616177916526794
                ],
                [
                    0.019037622958421707,
                    0.5629405379295349,
                    0.8262781500816345
                ]
            ],
            [
                [
                    0.9930770993232727,
                    0.03816648945212364,
                    0.11109116673469543
                ],
                [
                    -0.03248545154929161,
                    0.998091995716095,
                    -0.05250744894146919
                ],
                [
                    -0.11288323253393173,
                    0.048535093665122986,
                    0.9924221634864807
                ]
            ],
            [
                [
                    0.9909383654594421,
                    0.06912922114133835,
                    0.11516197770833969
                ],
                [
                    -0.08072184771299362,
                    0.9917835593223572,
                    0.09924434125423431
                ],
                [
                    -0.10735505819320679,
                    -0.10764112323522568,
                    0.9883766174316406
                ]
            ],
            [
                [
                    0.9852668642997742,
                    -0.09056951105594635,
                    -0.14507384598255157
                ],
                [
                    0.09685374796390533,
                    0.9946164488792419,
                    0.03684227168560028
                ],
                [
                    0.1409560590982437,
                    -0.05035041272640228,
                    0.9887346029281616
                ]
            ],
            [
                [
                    0.9962190985679626,
                    0.0038868586998432875,
                    0.08678911626338959
                ],
                [
                    0.003437795676290989,
                    0.9964524507522583,
                    -0.08408744633197784
                ],
                [
                    -0.08680806308984756,
                    0.08406788855791092,
                    0.9926716089248657
                ]
            ],
            [
                [
                    0.9821509122848511,
                    -0.18078020215034485,
                    0.05194317549467087
                ],
                [
                    0.1682756096124649,
                    0.9678826332092285,
                    0.1867797076702118
                ],
                [
                    -0.08404095470905304,
                    -0.17470508813858032,
                    0.9810277223587036
                ]
            ],
            [
                [
                    0.9848904609680176,
                    0.17054660618305206,
                    -0.03007802926003933
                ],
                [
                    -0.1603788584470749,
                    0.9637652039527893,
                    0.21315553784370422
                ],
                [
                    0.06534111499786377,
                    -0.20511096715927124,
                    0.9765552282333374
                ]
            ],
            [
                [
                    0.9968745708465576,
                    0.03438800200819969,
                    0.07112311571836472
                ],
                [
                    -0.03532346338033676,
                    0.9993045926094055,
                    0.011936810798943043
                ],
                [
                    -0.07066317647695541,
                    -0.014411820098757744,
                    0.9973960518836975
                ]
            ],
            [
                [
                    0.9156917333602905,
                    0.40131592750549316,
                    -0.021312374621629715
                ],
                [
                    -0.4018081724643707,
                    0.9152489304542542,
                    -0.029487688094377518
                ],
                [
                    0.007672251667827368,
                    0.03556511923670769,
                    0.999337911605835
                ]
            ],
            [
                [
                    0.8784646391868591,
                    -0.4153495132923126,
                    0.23618781566619873
                ],
                [
                    0.43050605058670044,
                    0.9024768471717834,
                    -0.014145844615995884
                ],
                [
                    -0.2072785496711731,
                    0.1141069158911705,
                    0.9716044664382935
                ]
            ],
            [
                [
                    0.9922160506248474,
                    0.07472464442253113,
                    0.09961692243814468
                ],
                [
                    -0.04120583087205887,
                    0.951902449131012,
                    -0.3036179542541504
                ],
                [
                    -0.11751333624124527,
                    0.29714980721473694,
                    0.9475719928741455
                ]
            ],
            [
                [
                    0.4585031270980835,
                    0.833382248878479,
                    -0.30862417817115784
                ],
                [
                    -0.88656085729599,
                    0.4529755115509033,
                    -0.09393054991960526
                ],
                [
                    0.06151914224028587,
                    0.3166815936565399,
                    0.9465348124504089
                ]
            ],
            [
                [
                    0.47282424569129944,
                    -0.7276289463043213,
                    0.4969843327999115
                ],
                [
                    0.8304043412208557,
                    0.5566052794456482,
                    0.0248838160187006
                ],
                [
                    -0.2947303056716919,
                    0.400932252407074,
                    0.8674027323722839
                ]
            ],
            [
                [
                    0.18220803141593933,
                    -0.40961137413978577,
                    -0.8938785195350647
                ],
                [
                    0.16422221064567566,
                    0.9090049862861633,
                    -0.38306790590286255
                ],
                [
                    0.969448983669281,
                    -0.07699666172266006,
                    0.23289529979228973
                ]
            ],
            [
                [
                    0.4942856729030609,
                    0.24342530965805054,
                    0.8345213532447815
                ],
                [
                    0.09280234575271606,
                    0.9397305250167847,
                    -0.3290809988975525
                ],
                [
                    -0.864331841468811,
                    0.2401055544614792,
                    0.4419049024581909
                ]
            ],
            [
                [
                    0.9917502999305725,
                    -0.10996204614639282,
                    -0.06587629020214081
                ],
                [
                    0.11595557630062103,
                    0.9886639714241028,
                    0.09538246691226959
                ],
                [
                    0.054641060531139374,
                    -0.10223431885242462,
                    0.9932584762573242
                ]
            ],
            [
                [
                    0.9938126802444458,
                    0.10323287546634674,
                    0.04097989946603775
                ],
                [
                    -0.10129471868276596,
                    0.9937525987625122,
                    -0.04685226082801819
                ],
                [
                    -0.045560576021671295,
                    0.04241132363677025,
                    0.9980608820915222
                ]
            ],
            [
                [
                    0.9707309603691101,
                    0.21355251967906952,
                    -0.10989397764205933
                ],
                [
                    -0.2001608908176422,
                    0.9722356796264648,
                    0.12121661752462387
                ],
                [
                    0.1327289491891861,
                    -0.09567224979400635,
                    0.9865241646766663
                ]
            ],
            [
                [
                    0.9741748571395874,
                    -0.2197321355342865,
                    0.05197271332144737
                ],
                [
                    0.20958927273750305,
                    0.9656045436859131,
                    0.1538836508989334
                ],
                [
                    -0.08399827033281326,
                    -0.13901665806770325,
                    0.9867211580276489
                ]
            ]
        ],
        "betas": [
            0.052839651703834534,
            0.3570597767829895,
            0.6049413681030273,
            1.9428083896636963,
            -0.06978893280029297,
            -0.05009409040212631,
            -0.04383280873298645,
            0.19927465915679932,
            0.12204764038324356,
            -0.020904719829559326
        ]
    },
    "pred_cam_t": [
        0.04720424860715866,
        0.2194034308195114,
        33.03154373168945
    ],
    "focal_length": [
        5000.0,
        5000.0
    ],
    "pred_keypoints_3d": [
        [
            0.23507967591285706,
            -0.787214994430542,
            -0.19265997409820557
        ],
        [
            0.09622178971767426,
            -0.7581462860107422,
            -0.053164880722761154
        ],
        [
            -0.07493078708648682,
            -0.6570903658866882,
            -0.13395485281944275
        ],
        [
            -0.11715171486139297,
            -0.4136597812175751,
            -0.10380060970783234
        ],
        [
            0.0782560184597969,
            -0.2595764994621277,
            -0.14242015779018402
        ],
        [
            0.214625746011734,
            -0.6511815190315247,
            0.08211012184619904
        ],
        [
            0.14945796132087708,
            -0.4225875437259674,
            0.1793631762266159
        ],
        [
            0.2333516627550125,
            -0.29476651549339294,
            -0.01477225124835968
        ],
        [
            -0.0034854852128773928,
            -0.24256637692451477,
            0.023142382502555847
        ],
        [
            -0.07652052491903305,
            -0.16245603561401367,
            0.01000882312655449
        ],
        [
            -0.19961503148078918,
            0.19162797927856445,
            -0.03882354497909546
        ],
        [
            -0.28204095363616943,
            0.5044033527374268,
            0.18091356754302979
        ],
        [
            0.039638347923755646,
            -0.14376017451286316,
            0.05076292157173157
        ],
        [
            0.022785024717450142,
            0.22241732478141785,
            0.009757038205862045
        ],
        [
            -0.05408759415149689,
            0.5205501914024353,
            0.250442773103714
        ],
        [
            0.20634469389915466,
            -0.841101884841919,
            -0.2074100375175476
        ],
        [
            0.25430625677108765,
            -0.8376857042312622,
            -0.16105076670646667
        ],
        [
            0.11346909403800964,
            -0.8785410523414612,
            -0.17185263335704803
        ],
        [
            0.22170902788639069,
            -0.8708745241165161,
            -0.06910885125398636
        ],
        [
            -0.05676575005054474,
            0.651647686958313,
            0.09919533133506775
        ],
        [
            0.004983097314834595,
            0.6464971303939819,
            0.15718421339988708
        ],
        [
            -0.057543836534023285,
            0.5248642563819885,
            0.31909170746803284
        ],
        [
            -0.27710598707199097,
            0.63038170337677,
            0.025096416473388672
        ],
        [
            -0.3519229292869568,
            0.6041992902755737,
            0.06558205187320709
        ],
        [
            -0.296535462141037,
            0.5169327259063721,
            0.2509363293647766
        ],
        [
            -0.2937251329421997,
            0.4459986090660095,
            0.17788226902484894
        ],
        [
            -0.17945803701877594,
            0.13161048293113708,
            -0.041620682924985886
        ],
        [
            -0.1264960765838623,
            -0.2965335249900818,
            -0.01036079041659832
        ],
        [
            0.11920417845249176,
            -0.2413020133972168,
            0.08409552276134491
        ],
        [
            0.036548811942338943,
            0.1831710785627365,
            0.009581148624420166
        ],
        [
            -0.03986607491970062,
            0.48041361570358276,
            0.25471004843711853
        ],
        [
            0.08302958309650421,
            -0.2976517081260681,
            -0.13853409886360168
        ],
        [
            -0.10769869387149811,
            -0.4290068447589874,
            -0.14132262766361237
        ],
        [
            -0.039086416363716125,
            -0.6928898096084595,
            -0.11936657875776291
        ],
        [
            0.19406554102897644,
            -0.686715304851532,
            0.061219215393066406
        ],
        [
            0.19767244160175323,
            -0.44113868474960327,
            0.16510508954524994
        ],
        [
            0.23816609382629395,
            -0.31709644198417664,
            -0.00761330546811223
        ],
        [
            0.09896761924028397,
            -0.741712749004364,
            -0.051885414868593216
        ],
        [
            0.20229090750217438,
            -0.9118300080299377,
            -0.14693455398082733
        ],
        [
            -0.003339665476232767,
            -0.26889824867248535,
            0.03696051239967346
        ],
        [
            0.07650386542081833,
            -0.6875436305999756,
            -0.031351715326309204
        ],
        [
            0.031936321407556534,
            -0.5274426937103271,
            0.017026960849761963
        ],
        [
            0.1818355768918991,
            -0.8004675507545471,
            -0.12930424511432648
        ],
        [
            0.20140530169010162,
            -0.9326596856117249,
            -0.150364488363266
        ]
    ],
    "pred_vertices": [
        [
            0.28109750151634216,
            -0.876169741153717,
            -0.16902568936347961
        ],
        [
            0.27527061104774475,
            -0.8610276579856873,
            -0.17252026498317719
        ],
        [
            0.2764096260070801,
            -0.8619057536125183,
            -0.1582222580909729
        ],
        [
            0.27905362844467163,
            -0.8750352263450623,
            -0.15154024958610535
        ],
        [
            0.27339059114456177,
            -0.8517297506332397,
            -0.16173245012760162
        ],
        [
            0.27096888422966003,
            -0.8501349687576294,
            -0.17336612939834595
        ],
        [
            0.2726169228553772,
            -0.8614095449447632,
            -0.14476096630096436
        ],
        [
            0.2728376090526581,
            -0.8718705177307129,
            -0.13657355308532715
        ],
        [
            0.25578635931015015,
            -0.8361105918884277,
            -0.12174747884273529
        ],
        [
            0.2512710690498352,
            -0.8363988399505615,
            -0.1114473044872284
        ],
        [
            0.2567242383956909,
            -0.846232533454895,
            -0.11652836203575134
        ],
        [
            0.25878816843032837,
            -0.8435790538787842,
            -0.12628036737442017
        ],
        [
            0.2430654913187027,
            -0.815190315246582,
            -0.11215616762638092
        ],
        [
            0.24008384346961975,
            -0.8034077882766724,
            -0.11870437860488892
        ],
        [
            0.23285655677318573,
            -0.7999016642570496,
            -0.10813993215560913
        ],
        [
            0.23458924889564514,
            -0.8116209506988525,
            -0.10146242380142212
        ],
        [
            0.23667335510253906,
            -0.8063122630119324,
            -0.1609417200088501
        ],
        [
            0.23738886415958405,
            -0.800693690776825,
            -0.1541833132505417
        ],
        [
            0.24202534556388855,
            -0.8068081140518188,
            -0.1531408429145813
        ],
        [
            0.24031198024749756,
            -0.8118207454681396,
            -0.15986473858356476
        ],
        [
            0.23809148371219635,
            -0.8120719790458679,
            -0.17501837015151978
        ],
        [
            0.23860155045986176,
            -0.8185151815414429,
            -0.17380070686340332
        ],
        [
            0.24035882949829102,
            -0.8194528222084045,
            -0.1817668080329895
        ],
        [
            0.24079005420207977,
            -0.8117757439613342,
            -0.1828417181968689
        ],
        [
            0.2312687337398529,
            -0.8017228841781616,
            -0.16325154900550842
        ],
        [
            0.2318485975265503,
            -0.7959905862808228,
            -0.1558503359556198
        ],
        [
            0.23670096695423126,
            -0.8106759786605835,
            -0.1672254502773285
        ],
        [
            0.23511123657226562,
            -0.8057363033294678,
            -0.1689290702342987
        ],
        [
            0.2380063533782959,
            -0.7950412034988403,
            -0.17584170401096344
        ],
        [
            0.23984545469284058,
            -0.7998299598693848,
            -0.17525936663150787
        ],
        [
            0.24241046607494354,
            -0.7973911762237549,
            -0.18248116970062256
        ],
        [
            0.23900607228279114,
            -0.7929304838180542,
            -0.1812891960144043
        ],
        [
            0.23345907032489777,
            -0.7989665865898132,
            -0.1674361526966095
        ],
        [
            0.23686547577381134,
            -0.8001607656478882,
            -0.16990137100219727
        ],
        [
            0.23534460365772247,
            -0.7957829833030701,
            -0.17195387184619904
        ],
        [
            0.23136363923549652,
            -0.795499861240387,
            -0.17017775774002075
        ],
        [
            0.23810282349586487,
            -0.8068225979804993,
            -0.17594796419143677
        ],
        [
            0.2415604293346405,
            -0.8049895167350769,
            -0.18314191699028015
        ],
        [
            0.244109645485878,
            -0.8027777671813965,
            -0.191046804189682
        ],
        [
            0.2435758411884308,
            -0.793669581413269,
            -0.18996667861938477
        ],
        [
            0.23584836721420288,
            -0.7911811470985413,
            -0.13785222172737122
        ],
        [
            0.2377161681652069,
            -0.7954862713813782,
            -0.14630848169326782
        ],
        [
            0.23249489068984985,
            -0.7911841869354248,
            -0.14857342839241028
        ],
        [
            0.2319825291633606,
            -0.7873767614364624,
            -0.14156153798103333
        ],
        [
            0.22857360541820526,
            -0.7943804264068604,
            -0.16608598828315735
        ],
        [
            0.2249293476343155,
            -0.7798720598220825,
            -0.15837356448173523
        ],
        [
            0.22688478231430054,
            -0.783149242401123,
            -0.15959642827510834
        ],
        [
            0.2256004512310028,
            -0.7821174263954163,
            -0.16665291786193848
        ],
        [
            0.22403886914253235,
            -0.7791410088539124,
            -0.16491854190826416
        ],
        [
            0.2284117043018341,
            -0.7822725176811218,
            -0.12420712411403656
        ],
        [
            0.2270755022764206,
            -0.7792587280273438,
            -0.13066576421260834
        ],
        [
            0.2229725569486618,
            -0.7742878198623657,
            -0.12640655040740967
        ],
        [
            0.2225348949432373,
            -0.7769438028335571,
            -0.11929590255022049
        ],
        [
            0.21816417574882507,
            -0.7696996927261353,
            -0.12567168474197388
        ],
        [
            0.21649661660194397,
            -0.7715674638748169,
            -0.11580705642700195
        ],
        [
            0.20477691292762756,
            -0.7587347626686096,
            -0.11818909645080566
        ],
        [
            0.21014615893363953,
            -0.7646793127059937,
            -0.11649680137634277
        ],
        [
            0.21349100768566132,
            -0.7644311189651489,
            -0.12710630893707275
        ],
        [
            0.20973631739616394,
            -0.7583047151565552,
            -0.1312900185585022
        ],
        [
            0.2085932344198227,
            -0.7589735984802246,
            -0.14642216265201569
        ],
        [
            0.20579074323177338,
            -0.7568128108978271,
            -0.15196695923805237
        ],
        [
            0.20304766297340393,
            -0.7467116713523865,
            -0.14345791935920715
        ],
        [
            0.20622707903385162,
            -0.7513548135757446,
            -0.13760137557983398
        ],
        [
            0.21969059109687805,
            -0.7768845558166504,
            -0.1537272334098816
        ],
        [
            0.22065167129039764,
            -0.7782303094863892,
            -0.1491546630859375
        ],
        [
            0.22290703654289246,
            -0.7783997058868408,
            -0.1508638858795166
        ],
        [
            0.222640722990036,
            -0.7777996063232422,
            -0.15616744756698608
        ],
        [
            0.22178742289543152,
            -0.778915286064148,
            -0.14522838592529297
        ],
        [
            0.22233939170837402,
            -0.779109537601471,
            -0.14346933364868164
        ],
        [
            0.22352662682533264,
            -0.7796235084533691,
            -0.14487475156784058
        ],
        [
            0.22251182794570923,
            -0.7792966365814209,
            -0.14582934975624084
        ],
        [
            0.22139807045459747,
            -0.7786834239959717,
            -0.14749887585639954
        ],
        [
            0.220160573720932,
            -0.7766950130462646,
            -0.1478220820426941
        ],
        [
            0.22115014493465424,
            -0.7779214382171631,
            -0.1458607316017151
        ],
        [
            0.2192300260066986,
            -0.7745037078857422,
            -0.15181830525398254
        ],
        [
            0.21424560248851776,
            -0.7694195508956909,
            -0.16530606150627136
        ],
        [
            0.21650095283985138,
            -0.770195722579956,
            -0.16156548261642456
        ],
        [
            0.21670764684677124,
            -0.7747932076454163,
            -0.1635773479938507
        ],
        [
            0.21488918364048004,
            -0.7743048667907715,
            -0.166909322142601
        ],
        [
            0.2241792231798172,
            -0.7803863883018494,
            -0.14799466729164124
        ],
        [
            0.22644875943660736,
            -0.7818953990936279,
            -0.1462685465812683
        ],
        [
            0.22730505466461182,
            -0.782495379447937,
            -0.15198659896850586
        ],
        [
            0.22489264607429504,
            -0.7804533839225769,
            -0.1516103744506836
        ],
        [
            0.228938028216362,
            -0.7836288213729858,
            -0.1445559710264206
        ],
        [
            0.2252136766910553,
            -0.7809505462646484,
            -0.14316299557685852
        ],
        [
            0.22697675228118896,
            -0.7818710207939148,
            -0.14092448353767395
        ],
        [
            0.22118471562862396,
            -0.7774698734283447,
            -0.14324265718460083
        ],
        [
            0.2214810848236084,
            -0.7767113447189331,
            -0.13976380228996277
        ],
        [
            0.2235831916332245,
            -0.778609037399292,
            -0.14086298644542694
        ],
        [
            0.21900439262390137,
            -0.773505687713623,
            -0.14043229818344116
        ],
        [
            0.21938194334506989,
            -0.7751812934875488,
            -0.14506444334983826
        ],
        [
            0.21803084015846252,
            -0.772052526473999,
            -0.1486981213092804
        ],
        [
            0.21639516949653625,
            -0.7689909934997559,
            -0.15358665585517883
        ],
        [
            0.21406424045562744,
            -0.7662198543548584,
            -0.14834365248680115
        ],
        [
            0.21662090718746185,
            -0.769707441329956,
            -0.1436012089252472
        ],
        [
            0.22937174141407013,
            -0.786536455154419,
            -0.1514451503753662
        ],
        [
            0.22514113783836365,
            -0.7787302732467651,
            -0.1364322006702423
        ],
        [
            0.22999341785907745,
            -0.784264862537384,
            -0.13602668046951294
        ],
        [
            0.2224007248878479,
            -0.7750066518783569,
            -0.13417963683605194
        ],
        [
            0.21884483098983765,
            -0.7712046504020691,
            -0.13397786021232605
        ],
        [
            0.21495290100574493,
            -0.7669236063957214,
            -0.13673266768455505
        ],
        [
            0.21184112131595612,
            -0.7625749111175537,
            -0.14126451313495636
        ],
        [
            0.19388967752456665,
            -0.7447410821914673,
            -0.13211022317409515
        ],
        [
            0.19918683171272278,
            -0.7505483031272888,
            -0.12579470872879028
        ],
        [
            0.2647325396537781,
            -0.8454722166061401,
            -0.1705523282289505
        ],
        [
            0.26853078603744507,
            -0.8458325862884521,
            -0.16236956417560577
        ],
        [
            0.2623050808906555,
            -0.8419111967086792,
            -0.15648597478866577
        ],
        [
            0.2648332715034485,
            -0.8437652587890625,
            -0.15563540160655975
        ],
        [
            0.26351189613342285,
            -0.8435770273208618,
            -0.1621946543455124
        ],
        [
            0.26151731610298157,
            -0.8415141105651855,
            -0.1610841602087021
        ],
        [
            0.25918757915496826,
            -0.8426789045333862,
            -0.13478206098079681
        ],
        [
            0.2593827247619629,
            -0.8421276807785034,
            -0.14168107509613037
        ],
        [
            0.2569318115711212,
            -0.83973228931427,
            -0.13938376307487488
        ],
        [
            0.2570172846317291,
            -0.8373666405677795,
            -0.13107800483703613
        ],
        [
            0.2528112828731537,
            -0.829843282699585,
            -0.14651289582252502
        ],
        [
            0.25421664118766785,
            -0.8325422406196594,
            -0.1418546736240387
        ],
        [
            0.2563038468360901,
            -0.8368435502052307,
            -0.14828114211559296
        ],
        [
            0.2553011476993561,
            -0.8349419832229614,
            -0.15171723067760468
        ],
        [
            0.25369584560394287,
            -0.8337944149971008,
            -0.155562162399292
        ],
        [
            0.25154057145118713,
            -0.8334360122680664,
            -0.15959054231643677
        ],
        [
            0.24911606311798096,
            -0.8291281461715698,
            -0.15721072256565094
        ],
        [
            0.2510455250740051,
            -0.8289492130279541,
            -0.15196597576141357
        ],
        [
            0.2604113817214966,
            -0.8442434072494507,
            -0.16787804663181305
        ],
        [
            0.25500571727752686,
            -0.8441126942634583,
            -0.17280372977256775
        ],
        [
            0.2541532516479492,
            -0.8418706655502319,
            -0.17028748989105225
        ],
        [
            0.2588444650173187,
            -0.8417965173721313,
            -0.16633401811122894
        ],
        [
            0.24122552573680878,
            -0.8396185636520386,
            -0.1727270483970642
        ],
        [
            0.24382832646369934,
            -0.8411260843276978,
            -0.17322327196598053
        ],
        [
            0.24276259541511536,
            -0.8418744802474976,
            -0.17706143856048584
        ],
        [
            0.23961424827575684,
            -0.8384368419647217,
            -0.17576093971729279
        ],
        [
            0.23996491730213165,
            -0.8356400728225708,
            -0.17312997579574585
        ],
        [
            0.24169178307056427,
            -0.8378090858459473,
            -0.171487495303154
        ],
        [
            0.2831040322780609,
            -0.894889235496521,
            -0.18124154210090637
        ],
        [
            0.27740949392318726,
            -0.8773190975189209,
            -0.18439458310604095
        ],
        [
            0.2827936112880707,
            -0.894739031791687,
            -0.1604325920343399
        ],
        [
            0.27770233154296875,
            -0.891360878944397,
            -0.14342966675758362
        ],
        [
            0.2721881568431854,
            -0.8842663764953613,
            -0.1275249421596527
        ],
        [
            0.23058678209781647,
            -0.7895402908325195,
            -0.11628684401512146
        ],
        [
            0.2238759547472,
            -0.784876823425293,
            -0.10874102264642715
        ],
        [
            0.2249860316514969,
            -0.7970553040504456,
            -0.0982912927865982
        ],
        [
            0.21641020476818085,
            -0.7901779413223267,
            -0.09325093030929565
        ],
        [
            0.21581056714057922,
            -0.7778275012969971,
            -0.1045236736536026
        ],
        [
            0.19791145622730255,
            -0.7626182436943054,
            -0.10729825496673584
        ],
        [
            0.20722611248493195,
            -0.7699543237686157,
            -0.10387694835662842
        ],
        [
            0.20608623325824738,
            -0.7835428714752197,
            -0.09001298248767853
        ],
        [
            0.2074059098958969,
            -0.8017288446426392,
            -0.0785709097981453
        ],
        [
            0.21699562668800354,
            -0.8046054840087891,
            -0.0845828652381897
        ],
        [
            0.20783023536205292,
            -0.8216061592102051,
            -0.07248371839523315
        ],
        [
            0.1943722665309906,
            -0.8003140687942505,
            -0.07259394228458405
        ],
        [
            0.19998320937156677,
            -0.8250541090965271,
            -0.06869564950466156
        ],
        [
            0.17307022213935852,
            -0.7670729160308838,
            -0.07751796394586563
        ],
        [
            0.16895036399364471,
            -0.7586560249328613,
            -0.07089566439390182
        ],
        [
            0.17152008414268494,
            -0.7709803581237793,
            -0.055313870310783386
        ],
        [
            0.17603062093257904,
            -0.7793123722076416,
            -0.06196969747543335
        ],
        [
            0.22614875435829163,
            -0.8080437183380127,
            -0.09136538207530975
        ],
        [
            0.25824862718582153,
            -0.858615517616272,
            -0.11346660554409027
        ],
        [
            0.26192498207092285,
            -0.853171706199646,
            -0.12360556423664093
        ],
        [
            0.25108182430267334,
            -0.8499001264572144,
            -0.10630594193935394
        ],
        [
            0.2728862464427948,
            -0.9176361560821533,
            -0.1202964261174202
        ],
        [
            0.27816492319107056,
            -0.9056828022003174,
            -0.13302770256996155
        ],
        [
            0.2719215154647827,
            -0.8961976766586304,
            -0.11908440291881561
        ],
        [
            0.26846906542778015,
            -0.909058690071106,
            -0.10864222794771194
        ],
        [
            0.2734047472476959,
            -0.9432926177978516,
            -0.15799765288829803
        ],
        [
            0.28172311186790466,
            -0.9203882217407227,
            -0.16982418298721313
        ],
        [
            0.28046494722366333,
            -0.9143131971359253,
            -0.15287530422210693
        ],
        [
            0.2743625044822693,
            -0.9319865107536316,
            -0.14161518216133118
        ],
        [
            0.2618195712566376,
            -0.9166277647018433,
            -0.10014785081148148
        ],
        [
            0.25149422883987427,
            -0.9275695085525513,
            -0.08889737725257874
        ],
        [
            0.2526918053627014,
            -0.9450764656066895,
            -0.09303519129753113
        ],
        [
            0.2646496593952179,
            -0.9328030347824097,
            -0.10818366706371307
        ],
        [
            0.24881047010421753,
            -0.966486394405365,
            -0.10449652373790741
        ],
        [
            0.26363107562065125,
            -0.9525926113128662,
            -0.12329422682523727
        ],
        [
            0.18702249228954315,
            -0.8184583187103271,
            -0.06037108972668648
        ],
        [
            0.1930648684501648,
            -0.8362547159194946,
            -0.06323505938053131
        ],
        [
            0.1831681728363037,
            -0.7884228825569153,
            -0.0699315220117569
        ],
        [
            0.1807727813720703,
            -0.8033018112182617,
            -0.05654711648821831
        ],
        [
            0.24006113409996033,
            -0.9846900701522827,
            -0.11987332999706268
        ],
        [
            0.25891053676605225,
            -0.9678064584732056,
            -0.14179067313671112
        ],
        [
            0.2057906985282898,
            -0.9349331259727478,
            -0.057181648910045624
        ],
        [
            0.22022077441215515,
            -0.9457991123199463,
            -0.06729939579963684
        ],
        [
            0.22762730717658997,
            -0.9261701107025146,
            -0.06850418448448181
        ],
        [
            0.21333074569702148,
            -0.9188734292984009,
            -0.058885641396045685
        ],
        [
            0.19433490931987762,
            -0.9508870840072632,
            -0.059241317212581635
        ],
        [
