{
    "pred_cam": [
        1.1770572662353516,
        0.02283799834549427,
        0.19100841879844666
    ],
    "pred_smpl_params": {
        "global_orient": [
            [
                [
                    0.9415351748466492,
                    0.1741601824760437,
                    0.2884090840816498
                ],
                [
                    0.1563485860824585,
                    -0.9841344952583313,
                    0.0838717371225357
                ],
                [
                    0.29844042658805847,
                    -0.03387583792209625,
                    -0.9538269639015198
                ]
            ]
        ],
        "body_pose": [
            [
                [
                    0.9956669807434082,
                    0.011658845469355583,
                    -0.0922572910785675
                ],
                [
                    -0.002080292673781514,
                    0.9946536421775818,
                    0.10324642807245255
                ],
                [
                    0.09296777844429016,
                    -0.1026071310043335,
                    0.9903680682182312
                ]
            ],
            [
                [
                    0.9923644661903381,
                    0.10127779096364975,
                    -0.07039595395326614
                ],
                [
                    -0.09436667710542679,
                    0.99095618724823,
                    0.0953991487622261
                ],
                [
                    0.07942111045122147,
                    -0.08802769333124161,
                    0.992946982383728
                ]
            ],
            [
                [
                    0.995887041091919,
                    -0.020756619051098824,
                    0.08819261938333511
                ],
                [
                    0.03524330258369446,
                    0.9854902029037476,
                    -0.16603292524814606
                ],
                [
                    -0.08346667885780334,
                    0.1684582680463791,
                    0.982168436050415
                ]
            ],
            [
                [
                    0.9821805953979492,
                    -0.0906987413764,
                    -0.16460609436035156
                ],
                [
                    -0.03008253686130047,
                    0.7886817455291748,
                    -0.6140653491020203
                ],
                [
                    0.18551674485206604,
                    0.6080747246742249,
                    0.7718994617462158
                ]
            ],
            [
                [
                    0.9939795732498169,
                    -0.09853105247020721,
                    0.04791933298110962
                ],
                [
                    0.10834132134914398,
                    0.818684995174408,
                    -0.5639297962188721
                ],
                [
                    0.016333764418959618,
                    0.5657263398170471,
                    0.8244311213493347
                ]
            ],
            [
                [
                    0.9930177330970764,
                    0.040690336376428604,
                    0.11072482913732529
                ],
                [
                    -0.03594176471233368,
                    0.9983603954315186,
                    -0.04455011710524559
                ],
                [
                    -0.1123560443520546,
                    0.04025941342115402,
                    0.9928520321846008
                ]
            ],
            [
                [
                    0.9891508221626282,
                    0.07051742821931839,
                    0.1288715898990631
                ],
                [
                    -0.08079370856285095,
                    0.9938039183616638,
                    0.07632949203252792
                ],
                [
                    -0.12269052863121033,
                    -0.08591340482234955,
                    0.9887193441390991
                ]
            ],
            [
                [
                    0.986711859703064,
                    -0.06875205785036087,
                    -0.14721694588661194
                ],
                [
                    0.07524694502353668,
                    0.9964017271995544,
                    0.039006251841783524
                ],
                [
                    0.14400546252727509,
                    -0.04956555739045143,
                    0.9883347749710083
                ]
            ],
            [
                [
                    0.9962377548217773,
                    0.008497031405568123,
                    0.0862453430891037
                ],
                [
                    -0.002245045267045498,
                    0.9973781704902649,
                    -0.07233025133609772
                ],
                [
                    -0.0866338238120079,
                    0.07186449319124222,
                    0.9936448931694031
                ]
            ],
            [
                [
                    0.9839053750038147,
                    -0.1735614687204361,
                    0.042505405843257904
                ],
                [
                    0.16380257904529572,
                    0.9710979461669922,
                    0.17360146343708038
                ],
                [
                    -0.07140745222568512,
                    -0.16384491324424744,
                    0.9838982820510864
                ]
            ],
            [
                [
                    0.9882071018218994,
                    0.15154054760932922,
                    -0.0219584833830595
                ],
                [
                    -0.14426708221435547,
                    0.9694918990135193,
                    0.19817273318767548
                ],
                [
                    0.051319777965545654,
                    -0.19266782701015472,
                    0.9799211025238037
                ]
            ],
            [
                [
                    0.9986943602561951,
                    0.035047076642513275,
                    0.037166912108659744
                ],
                [
                    -0.03449910879135132,
                    0.9992879033088684,
                    -0.015284287743270397
                ],
                [
                    -0.03767611086368561,
                    0.013982106000185013,
                    0.9991922974586487
                ]
            ],
            [
                [
                    0.9249698519706726,
                    0.37983283400535583,
                    -0.012557500042021275
                ],
                [
                    -0.38000357151031494,
                    0.9248351454734802,
                    -0.016652144491672516
                ],
                [
                    0.005288585554808378,
                    0.020174628123641014,
                    0.9997824430465698
                ]
            ],
            [
                [
                    0.9012252688407898,
                    -0.36775174736976624,
                    0.22924165427684784
                ],
                [
                    0.38159239292144775,
                    0.9241628646850586,
                    -0.01761549338698387
                ],
                [
                    -0.2053784877061844,
                    0.10335239768028259,
                    0.9732102155685425
                ]
            ],
            [
                [
                    0.9973714351654053,
                    0.04659610986709595,
                    0.05548769608139992
                ],
                [
                    -0.028424212709069252,
                    0.9560230374336243,
                    -0.29191088676452637
                ],
                [
                    -0.066649429500103,
                    0.28956642746925354,
                    0.954834520816803
                ]
            ],
            [
                [
                    0.47588953375816345,
                    0.8313679099082947,
                    -0.2869783341884613
                ],
                [
                    -0.8748542666435242,
                    0.4809759557247162,
                    -0.057377271354198456
                ],
                [
                    0.09032804518938065,
                    0.2783694565296173,
                    0.9562171697616577
                ]
            ],
            [
                [
                    0.4532596468925476,
                    -0.7484559416770935,
                    0.48411715030670166
                ],
                [
                    0.8467392325401306,
                    0.5312418341636658,
                    0.028543300926685333
                ],
                [
                    -0.27854666113853455,
                    0.3969835042953491,
                    0.874537467956543
                ]
            ],
            [
                [
                    0.27710697054862976,
                    -0.38074755668640137,
                    -0.8821808099746704
                ],
                [
                    0.2106059342622757,
                    0.9198776483535767,
                    -0.33086279034614563
                ],
                [
                    0.9374736547470093,
                    -0.09410811215639114,
                    0.3350921869277954
                ]
            ],
            [
                [
                    0.4763738512992859,
                    0.2543571889400482,
                    0.8416474461555481
                ],
                [
                    0.1065901517868042,
                    0.9334743022918701,
                    -0.3424386978149414
                ],
                [
                    -0.8727579712867737,
                    0.25284016132354736,
                    0.4175707697868347
                ]
            ],
            [
                [
                    0.992216169834137,
                    -0.116672582924366,
                    -0.04352696239948273
                ],
                [
                    0.12053036689758301,
                    0.9876388907432556,
                    0.10020903497934341
                ],
                [
                    0.03129727393388748,
                    -0.10467534512281418,
                    0.9940138459205627
                ]
            ],
            [
                [
                    0.995042085647583,
                    0.09088728576898575,
                    0.040381841361522675
                ],
                [
                    -0.09012536704540253,
                    0.9957233667373657,
                    -0.020306851714849472
                ],
                [
                    -0.04205477982759476,
                    0.016566744074225426,
                    0.9989778995513916
                ]
            ],
            [
                [
                    0.9707422256469727,
                    0.21742162108421326,
                    -0.10191889852285385
                ],
                [
                    -0.20428143441677094,
                    0.9708491563796997,
                    0.1253836303949356
                ],
                [
                    0.12620897591114044,
                    -0.10089503228664398,
                    0.9868595004081726
                ]
            ],
            [
                [
                    0.974280834197998,
                    -0.2181224226951599,
                    0.0565640889108181
                ],
                [
                    0.20771995186805725,
                    0.966654896736145,
                    0.14976884424686432
                ],
                [
                    -0.0873458981513977,
                    -0.13416741788387299,
                    0.9871017336845398
                ]
            ]
        ],
        "betas": [
            0.03207218647003174,
            0.19467248022556305,
            0.3856438100337982,
            1.2899420261383057,
            -0.014555156230926514,
            -0.010519471019506454,
            -0.0251539945602417,
            0.09103289246559143,
            0.1055922582745552,
            -0.04162362217903137
        ]
    },
    "pred_cam_t": [
        0.02283799834549427,
        0.19100841879844666,
        33.18657684326172
    ],
    "focal_length": [
        5000.0,
        5000.0
    ],
    "pred_keypoints_3d": [
        [
            0.2362825870513916,
            -0.7650998830795288,
            -0.19477596879005432
        ],
        [
            0.10928992927074432,
            -0.7432307004928589,
            -0.047136373817920685
        ],
        [
            -0.06339363753795624,
            -0.6564158797264099,
            -0.13121715188026428
        ],
        [
            -0.12209048122167587,
            -0.4137932062149048,
            -0.1061614379286766
        ],
        [
            0.06766752153635025,
            -0.25234970450401306,
            -0.14987583458423615
        ],
        [
            0.2268819808959961,
            -0.6334367394447327,
            0.08248201012611389
        ],
        [
            0.16807085275650024,
            -0.39927172660827637,
            0.17398510873317719
        ],
        [
            0.2664795517921448,
            -0.25907689332962036,
            -0.005117341876029968
        ],
        [
            -0.0029046032577753067,
            -0.23632685840129852,
            0.0250935647636652
        ],
        [
            -0.08029314875602722,
            -0.15795600414276123,
            0.014369264245033264
        ],
        [
            -0.2092946618795395,
            0.1975800096988678,
            -0.01834847778081894
        ],
        [
            -0.29111507534980774,
            0.5025362968444824,
            0.217031329870224
        ],
        [
            0.04048620164394379,
            -0.13670489192008972,
            0.05497569590806961
        ],
        [
            0.0174742192029953,
            0.23305711150169373,
            0.03838703781366348
        ],
        [
            -0.0585034042596817,
            0.524849534034729,
            0.2912802994251251
        ],
        [
            0.20996376872062683,
            -0.8203655481338501,
            -0.20638276636600494
        ],
        [
            0.261582612991333,
            -0.8132346272468567,
            -0.16477766633033752
        ],
        [
            0.12381281703710556,
            -0.8624193668365479,
            -0.16181904077529907
        ],
        [
            0.23981133103370667,
            -0.8466233611106873,
            -0.06992968171834946
        ],
        [
            -0.06340304762125015,
            0.6653973460197449,
            0.14840859174728394
        ],
        [
            -0.0015129074454307556,
            0.6565583348274231,
            0.20510107278823853
        ],
        [
            -0.061248116195201874,
            0.525471568107605,
            0.36048731207847595
        ],
        [
            -0.29168957471847534,
            0.6350755095481873,
            0.06749299168586731
        ],
        [
            -0.36553752422332764,
            0.6058849096298218,
            0.10655388236045837
        ],
        [
            -0.3046562969684601,
            0.51219642162323,
            0.2880769371986389
        ],
        [
            -0.30211561918258667,
            0.4440053701400757,
            0.21203947067260742
        ],
        [
            -0.1890726536512375,
            0.13802596926689148,
            -0.023637516424059868
        ],
        [
            -0.12964840233325958,
            -0.29273301362991333,
            -0.009083295240998268
        ],
        [
            0.1248035579919815,
            -0.23251581192016602,
            0.08549971878528595
        ],
        [
            0.03243975341320038,
            0.1941450536251068,
            0.036235399544239044
        ],
        [
            -0.043925028294324875,
            0.48446881771087646,
            0.29412904381752014
        ],
        [
            0.0739491879940033,
            -0.29002511501312256,
            -0.14517080783843994
        ],
        [
            -0.11195074021816254,
            -0.4296844005584717,
            -0.14394420385360718
        ],
        [
            -0.02707110531628132,
            -0.6882562041282654,
            -0.115267813205719
        ],
        [
            0.20739924907684326,
            -0.6683729887008667,
            0.06256278604269028
        ],
        [
            0.2164464294910431,
            -0.41915661096572876,
            0.16137531399726868
        ],
        [
            0.2712823748588562,
            -0.28158038854599,
            0.0005681095644831657
        ],
        [
            0.11268416792154312,
            -0.7293170690536499,
            -0.04773366451263428
        ],
        [
            0.21537630259990692,
            -0.8904631733894348,
            -0.1441834568977356
        ],
        [
            -0.001991122029721737,
            -0.2626301050186157,
            0.038512926548719406
        ],
        [
            0.08935939520597458,
            -0.6761106252670288,
            -0.028701987117528915
        ],
        [
            0.039129383862018585,
            -0.515576958656311,
            0.01783307082951069
        ],
        [
            0.19091084599494934,
            -0.7799144387245178,
            -0.12750393152236938
        ],
        [
            0.21537840366363525,
            -0.911307692527771,
            -0.14739347994327545
        ]
    ],
    "pred_vertices": [
        [
            0.28978386521339417,
            -0.850949227809906,
            -0.17445802688598633
        ],
        [
            0.28265833854675293,
            -0.8360875844955444,
            -0.17766456305980682
        ],
        [
            0.285216361284256,
            -0.8365476131439209,
            -0.1635519117116928
        ],
        [
            0.2892608642578125,
            -0.8495184183120728,
            -0.1568770408630371
        ],
        [
            0.28124675154685974,
            -0.8265367746353149,
            -0.16689643263816833
        ],
        [
            0.27767834067344666,
            -0.8252823352813721,
            -0.17830470204353333
        ],
        [
            0.2826218008995056,
            -0.8359781503677368,
            -0.14982697367668152
        ],
        [
            0.2842475175857544,
            -0.846350371837616,
            -0.14145638048648834
        ],
        [
            0.26666104793548584,
            -0.8110043406486511,
            -0.125742107629776
        ],
        [
            0.26309850811958313,
            -0.8113491535186768,
            -0.11507607251405716
        ],
        [
            0.26863110065460205,
            -0.8209692239761353,
            -0.12046145647764206
        ],
        [
            0.26964759826660156,
            -0.8183614611625671,
            -0.13045300543308258
        ],
        [
            0.2537025511264801,
            -0.7906371355056763,
            -0.11526961624622345
        ],
        [
            0.24952629208564758,
            -0.7791286706924438,
            -0.12172049283981323
        ],
        [
            0.24293017387390137,
            -0.7759340405464172,
            -0.11056423932313919
        ],
        [
            0.24580413103103638,
            -0.7874135971069336,
            -0.10391010344028473
        ],
        [
            0.24236378073692322,
            -0.7829710245132446,
            -0.16338232159614563
        ],
        [
            0.24339373409748077,
            -0.7772259712219238,
            -0.15684321522712708
        ],
        [
            0.24853575229644775,
            -0.7829834222793579,
            -0.15615230798721313
        ],
        [
            0.24644601345062256,
            -0.7882267236709595,
            -0.16258984804153442
        ],
        [
            0.24259933829307556,
            -0.7890046834945679,
            -0.17730098962783813
        ],
        [
            0.24366527795791626,
            -0.7953512668609619,
            -0.1761009395122528
        ],
        [
            0.24455636739730835,
            -0.7964338064193726,
            -0.18410852551460266
        ],
        [
            0.24438250064849854,
            -0.7888203263282776,
            -0.1852666735649109
        ],
        [
            0.23636287450790405,
            -0.7788724899291992,
            -0.16517487168312073
        ],
        [
            0.23732931911945343,
            -0.7730404138565063,
            -0.15801499783992767
        ],
        [
            0.24196021258831024,
            -0.7874756455421448,
            -0.16950452327728271
        ],
        [
            0.2398778349161148,
            -0.7827211618423462,
            -0.17105476558208466
        ],
        [
            0.24125532805919647,
            -0.7722061276435852,
            -0.1782539039850235
        ],
        [
            0.24345190823078156,
            -0.776842474937439,
            -0.1777796894311905
        ],
        [
            0.2450767308473587,
            -0.774512767791748,
            -0.18520964682102203
        ],
        [
            0.24157243967056274,
            -0.7702287435531616,
            -0.18376421928405762
        ],
        [
            0.2378517985343933,
            -0.7761450409889221,
            -0.16953913867473602
        ],
        [
            0.2410290539264679,
            -0.7771816253662109,
            -0.17224031686782837
        ],
        [
            0.23902279138565063,
            -0.7729802131652832,
            -0.17419955134391785
        ],
        [
            0.2352476567029953,
            -0.7729096412658691,
            -0.1720946580171585
        ],
        [
            0.24210020899772644,
            -0.7838611602783203,
            -0.1782590001821518
        ],
        [
            0.24463769793510437,
            -0.7820748686790466,
            -0.18570148944854736
        ],
        [
            0.2462083399295807,
            -0.7799841165542603,
            -0.1937594711780548
        ],
        [
            0.24529467523097992,
            -0.7709701061248779,
            -0.1927701234817505
        ],
        [
            0.2427828311920166,
            -0.7676375508308411,
            -0.14061689376831055
        ],
        [
            0.2440895140171051,
            -0.7719190120697021,
            -0.1491575390100479
        ],
        [
            0.2383618801832199,
            -0.7681052088737488,
            -0.15095089375972748
        ],
        [
            0.2382584512233734,
            -0.7642678618431091,
            -0.14399710297584534
        ],
        [
            0.23289205133914948,
            -0.7718912363052368,
            -0.16783277690410614
        ],
        [
            0.22921839356422424,
            -0.7576781511306763,
            -0.16009750962257385
        ],
        [
            0.23117446899414062,
            -0.7608237266540527,
            -0.16140887141227722
        ],
        [
            0.2291574776172638,
            -0.7600384950637817,
            -0.16833646595478058
        ],
        [
            0.22768361866474152,
            -0.7571446895599365,
            -0.16655227541923523
        ],
        [
            0.23605820536613464,
            -0.7591170072555542,
            -0.12648668885231018
        ],
        [
            0.23385795950889587,
            -0.7564024925231934,
            -0.13285283744335175
        ],
        [
            0.22989964485168457,
            -0.7516881227493286,
            -0.12835267186164856
        ],
        [
            0.23038509488105774,
            -0.7541238069534302,
            -0.1211567297577858
        ],
        [
            0.22503423690795898,
            -0.7474645972251892,
            -0.12726619839668274
        ],
        [
            0.22441264986991882,
            -0.7491637468338013,
            -0.11721193045377731
        ],
        [
            0.21187083423137665,
            -0.7373420000076294,
            -0.11865239590406418
        ],
        [
            0.21771687269210815,
            -0.7427799701690674,
            -0.1173982322216034
        ],
        [
            0.21998518705368042,
            -0.7426327466964722,
            -0.12832605838775635
        ],
        [
            0.21552012860774994,
            -0.7369503974914551,
            -0.13224726915359497
        ],
        [
            0.21298973262310028,
            -0.7378515005111694,
            -0.14725232124328613
        ],
        [
            0.20954684913158417,
            -0.7359951734542847,
            -0.1524682492017746
        ],
        [
            0.2070382535457611,
            -0.7260434031486511,
            -0.1439293920993805
        ],
        [
            0.21103692054748535,
            -0.7304003238677979,
            -0.1383231282234192
        ],
        [
            0.2243211418390274,
            -0.7549304962158203,
            -0.15508581697940826
        ],
        [
            0.2257605642080307,
            -0.7561346888542175,
            -0.15061116218566895
        ],
        [
            0.22783204913139343,
            -0.7561864256858826,
            -0.15249305963516235
        ],
        [
            0.22704631090164185,
            -0.7557123899459839,
            -0.15776121616363525
        ],
        [
            0.22727125883102417,
            -0.7566742897033691,
            -0.1468403935432434
        ],
        [
            0.2279760092496872,
            -0.7567834854125977,
            -0.1451491415500641
        ],
        [
            0.22904817759990692,
            -0.7572360038757324,
            -0.14660680294036865
        ],
        [
            0.22789537906646729,
            -0.7570159435272217,
            -0.14751125872135162
        ],
        [
            0.22662264108657837,
            -0.7565217018127441,
            -0.1490885317325592
        ],
        [
            0.22527238726615906,
            -0.7546709775924683,
            -0.14934580028057098
        ],
        [
            0.22653818130493164,
            -0.7557650804519653,
            -0.1474459320306778
        ],
        [
            0.22386151552200317,
            -0.7526637315750122,
            -0.15327616035938263
        ],
        [
            0.21749922633171082,
            -0.7480006217956543,
            -0.16624613106250763
        ],
        [
            0.22007997334003448,
            -0.7486400604248047,
            -0.16274887323379517
        ],
        [
            0.22033576667308807,
            -0.7531745433807373,
            -0.16465456783771515
        ],
        [
            0.21824730932712555,
            -0.7528282403945923,
            -0.16779498755931854
        ],
        [
            0.22942638397216797,
            -0.7580118179321289,
            -0.14975672960281372
        ],
        [
            0.23190093040466309,
            -0.7593556642532349,
            -0.14817216992378235
        ],
        [
            0.23222167789936066,
            -0.760046124458313,
            -0.15390551090240479
        ],
        [
            0.22980231046676636,
            -0.7581425309181213,
            -0.1533513069152832
        ],
        [
            0.23462878167629242,
            -0.7608585953712463,
            -0.14673027396202087
        ],
        [
            0.23092344403266907,
            -0.758425235748291,
            -0.14505517482757568
        ],
        [
            0.23299533128738403,
            -0.7591449022293091,
            -0.14298757910728455
        ],
        [
            0.22678332030773163,
            -0.7552597522735596,
            -0.14486896991729736
        ],
        [
            0.22732719779014587,
            -0.7544200420379639,
            -0.1414693295955658
        ],
        [
            0.2294076383113861,
            -0.7561560869216919,
            -0.14269524812698364
        ],
        [
            0.22464653849601746,
            -0.7514607310295105,
            -0.14197897911071777
        ],
        [
            0.22472243010997772,
            -0.7531740069389343,
            -0.14656732976436615
        ],
        [
            0.22288653254508972,
            -0.7502699494361877,
            -0.15011802315711975
        ],
        [
            0.22068314254283905,
            -0.74739670753479,
            -0.15489304065704346
        ],
        [
            0.21871471405029297,
            -0.7446953058242798,
            -0.1495455503463745
        ],
        [
            0.22182369232177734,
            -0.7479226589202881,
            -0.1449812352657318
        ],
        [
            0.2346324622631073,
            -0.7638131380081177,
            -0.1535108983516693
        ],
        [
            0.23134231567382812,
            -0.7561266422271729,
            -0.13842704892158508
        ],
        [
            0.23658064007759094,
            -0.7612519264221191,
            -0.1383627951145172
        ],
        [
            0.2286188006401062,
            -0.7525894641876221,
            -0.13603928685188293
        ],
        [
            0.22492492198944092,
            -0.7490744590759277,
            -0.13560977578163147
        ],
        [
            0.22070170938968658,
            -0.7451834082603455,
            -0.1380009651184082
        ],
        [
            0.2169278860092163,
            -0.7411361336708069,
            -0.14236271381378174
        ],
        [
            0.19906355440616608,
            -0.7242891788482666,
            -0.13179723918437958
        ],
        [
            0.20525945723056793,
            -0.7297108173370361,
            -0.12582433223724365
        ],
        [
            0.27150097489356995,
            -0.8207495212554932,
            -0.17503172159194946
        ],
        [
            0.27608758211135864,
            -0.8207026124000549,
            -0.16722843050956726
        ],
        [
            0.27025067806243896,
            -0.816967785358429,
            -0.16085100173950195
        ],
        [
            0.27288535237312317,
            -0.818716287612915,
            -0.16020819544792175
        ],
        [
            0.27101507782936096,
            -0.8186743259429932,
            -0.1666216254234314
        ],
        [
            0.2690010666847229,
            -0.8167169094085693,
            -0.16536851227283478
        ],
        [
            0.269135445356369,
            -0.8175559043884277,
            -0.1389961838722229
        ],
        [
            0.26868388056755066,
            -0.817081093788147,
            -0.14589127898216248
        ],
        [
            0.2663978636264801,
            -0.8147535920143127,
            -0.14340142905712128
        ],
        [
            0.26713529229164124,
            -0.8122513294219971,
            -0.13516759872436523
        ],
        [
            0.2611088752746582,
            -0.8053107261657715,
            -0.15027597546577454
        ],
        [
            0.26311516761779785,
            -0.8078043460845947,
            -0.14573177695274353
        ],
        [
            0.26473286747932434,
            -0.8121501207351685,
            -0.15227562189102173
        ],
        [
            0.2633295953273773,
            -0.8103553652763367,
            -0.15561828017234802
        ],
        [
            0.2613222599029541,
            -0.8093417286872864,
            -0.15929889678955078
        ],
        [
            0.25883886218070984,
            -0.8091351985931396,
            -0.16308248043060303
        ],
        [
            0.2563648819923401,
            -0.8049598932266235,
            -0.16056424379348755
        ],
        [
            0.25876519083976746,
            -0.8046019673347473,
            -0.1555672287940979
        ],
        [
            0.2673826813697815,
            -0.8195788860321045,
            -0.17202046513557434
        ],
        [
            0.2615467607975006,
            -0.8198190927505493,
            -0.1763887256383896
        ],
        [
            0.2607883810997009,
            -0.8175811171531677,
            -0.1738967001438141
        ],
        [
            0.2658630907535553,
            -0.8171514272689819,
            -0.17041300237178802
        ],
        [
            0.24761086702346802,
            -0.8160521984100342,
            -0.1750730276107788
        ],
        [
            0.2502303719520569,
            -0.8174079656600952,
            -0.17582575976848602
        ],
        [
            0.2488672286272049,
            -0.8182954788208008,
            -0.17948922514915466
        ],
        [
            0.24567753076553345,
            -0.8150612711906433,
            -0.17792880535125732
        ],
        [
            0.24607177078723907,
            -0.8122305870056152,
            -0.17539522051811218
        ],
        [
            0.2480543851852417,
            -0.8142351508140564,
            -0.173909991979599
        ],
        [
            0.29169678688049316,
            -0.8699652552604675,
            -0.18637588620185852
        ],
        [
            0.28497037291526794,
            -0.8525381088256836,
            -0.18949630856513977
        ],
        [
            0.29347577691078186,
            -0.8691897392272949,
            -0.1657733917236328
        ],
        [
            0.2898237407207489,
            -0.8656283617019653,
            -0.14829935133457184
        ],
        [
            0.28518930077552795,
            -0.858467698097229,
            -0.13209819793701172
        ],
        [
            0.2393798828125,
            -0.7660049200057983,
            -0.11863312125205994
        ],
        [
            0.23317807912826538,
            -0.7616177797317505,
            -0.11059331148862839
        ],
        [
            0.23576638102531433,
            -0.7734414339065552,
            -0.10008817911148071
        ],
        [
            0.22733549773693085,
            -0.7671478390693665,
            -0.09441293030977249
        ],
        [
            0.22517061233520508,
            -0.7551183700561523,
            -0.1057552769780159
        ],
        [
            0.20641978085041046,
            -0.7411947846412659,
            -0.10683901607990265
        ],
        [
            0.21627074480056763,
            -0.7478325366973877,
            -0.10432566702365875
        ],
        [
            0.21698516607284546,
            -0.761305570602417,
            -0.09035451710224152
        ],
        [
            0.22014302015304565,
            -0.779016375541687,
            -0.07892385125160217
        ],
        [
            0.22934509813785553,
            -0.7812613248825073,
            -0.08566175401210785
        ],
        [
            0.22239574790000916,
            -0.7985982894897461,
            -0.07281412184238434
        ],
        [
            0.20778052508831024,
            -0.7782312631607056,
            -0.07163648307323456
        ],
        [
            0.21520668268203735,
            -0.8023959398269653,
            -0.06828384101390839
        ],
        [
            0.18504540622234344,
            -0.7468099594116211,
            -0.0749044343829155
        ],
        [
            0.1810387670993805,
            -0.7389936447143555,
            -0.06830611824989319
        ],
        [
            0.1847408413887024,
            -0.7507606744766235,
            -0.0530620813369751
        ],
        [
            0.18942874670028687,
            -0.7585471868515015,
            -0.059679076075553894
        ],
        [
            0.23800842463970184,
            -0.7841651439666748,
            -0.09311549365520477
        ],
        [
            0.27100175619125366,
            -0.833385169506073,
            -0.11743234097957611
        ],
        [
            0.2734431028366089,
            -0.8278608918190002,
            -0.12794554233551025
        ],
        [
            0.2641923427581787,
            -0.82475346326828,
            -0.10975915938615799
        ],
        [
            0.2884015440940857,
            -0.8921318650245667,
            -0.12418763339519501
        ],
        [
            0.2917526066303253,
            -0.8799237012863159,
            -0.13755303621292114
        ],
        [
            0.2863059341907501,
            -0.8703422546386719,
            -0.12338268011808395
        ],
        [
            0.2844572365283966,
            -0.8832751512527466,
            -0.11242444068193436
        ],
        [
            0.2870246469974518,
            -0.9188010692596436,
            -0.1611163318157196
        ],
        [
            0.29291003942489624,
            -0.895489513874054,
            -0.17441806197166443
        ],
        [
            0.2928940951824188,
            -0.8890233039855957,
            -0.15739098191261292
        ],
        [
            0.2889321744441986,
            -0.9070315957069397,
            -0.14512088894844055
        ],
        [
            0.279254674911499,
            -0.891114354133606,
            -0.1030002161860466
        ],
        [
            0.2706184387207031,
            -0.9022893905639648,
            -0.09060080349445343
        ],
        [
            0.27186062932014465,
            -0.9197468161582947,
            -0.09436312317848206
        ],
        [
            0.2819448709487915,
            -0.9075744152069092,
            -0.11090856790542603
        ],
        [
            0.2678997218608856,
            -0.9415203928947449,
            -0.10512612015008926
        ],
        [
            0.28043508529663086,
            -0.9275253415107727,
            -0.12531086802482605
        ],
        [
            0.20256589353084564,
            -0.7962798476219177,
            -0.05870799720287323
        ],
        [
            0.20961585640907288,
            -0.8137153387069702,
            -0.06201642006635666
        ],
        [
            0.19651082158088684,
            -0.7670891284942627,
            -0.06794168055057526
        ],
        [
            0.19569560885429382,
            -0.7818139791488647,
            -0.05456288903951645
        ],
        [
            0.25855186581611633,
            -0.9599008560180664,
            -0.11914598941802979
        ],
        [
            0.2747875452041626,
            -0.9433014392852783,
            -0.14285312592983246
        ],
        [
            0.22827476263046265,
            -0.9112383127212524,
            -0.05544597655534744
        ],
        [
            0.2421240210533142,
            -0.9216030836105347,
            -0.0663583055138588
        ],
        [
            0.24866189062595367,
            -0.9017083048820496,
            -0.06849011778831482
        ],
        [
            0.23499903082847595,
            -0.8948941230773926,
            -0.05806361883878708
        ],
        [
            0.21735349297523499,
            -0.9278982877731323,
            -0.056299373507499695
        ],
        [
