{
    "pred_cam": [
        1.1940264701843262,
        0.016069816425442696,
        0.16793882846832275
    ],
    "pred_smpl_params": {
        "global_orient": [
            [
                [
                    0.9465635418891907,
                    0.18393653631210327,
                    0.26492422819137573
                ],
                [
                    0.15827378630638123,
                    -0.9806346893310547,
                    0.11534745991230011
                ],
                [
                    0.2810104787349701,
                    -0.06725313514471054,
                    -0.9573453664779663
                ]
            ]
        ],
        "body_pose": [
            [
                [
                    0.9967366456985474,
                    0.011091316118836403,
                    -0.07995621860027313
                ],
                [
                    -0.0016509646084159613,
                    0.9931092262268066,
                    0.11718053370714188
                ],
                [
                    0.0807049497961998,
                    -0.11666613072156906,
                    0.9898866415023804
                ]
            ],
            [
                [
                    0.9950370788574219,
                    0.0841979905962944,
                    -0.05302782356739044
                ],
                [
                    -0.07807398587465286,
                    0.9910217523574829,
                    0.10853799432516098
                ],
                [
                    0.061690401285886765,
                    -0.10385923087596893,
                    0.9926770329475403
                ]
            ],
            [
                [
                    0.9957520365715027,
                    0.00020432232122402638,
                    0.09207502752542496
                ],
                [
                    0.015692749992012978,
                    0.9849900603294373,
                    -0.17189620435237885
                ],
                [
                    -0.09072811156511307,
                    0.17261090874671936,
                    0.9808026552200317
                ]
            ],
            [
                [
                    0.9817646145820618,
                    -0.08887253701686859,
                    -0.16804736852645874
                ],
                [
                    -0.028668615967035294,
                    0.8046643137931824,
                    -0.5930373668670654
                ],
                [
                    0.18792647123336792,
                    0.5870407819747925,
                    0.7874431014060974
                ]
            ],
            [
                [
                    0.9953156113624573,
                    -0.06738367676734924,
                    0.06932636350393295
                ],
                [
                    0.09404958784580231,
                    0.8409422636032104,
                    -0.5328889489173889
                ],
                [
                    -0.022391457110643387,
                    0.5369129180908203,
                    0.8433403968811035
                ]
            ],
            [
                [
                    0.9935129284858704,
                    0.0463784858584404,
                    0.10383183509111404
                ],
                [
                    -0.041950684040784836,
                    0.9981313347816467,
                    -0.04443017393350601
                ],
                [
                    -0.10569840669631958,
                    0.03978613764047623,
                    0.9936019778251648
                ]
            ],
            [
                [
                    0.9863160252571106,
                    0.05935070663690567,
                    0.15381260216236115
                ],
                [
                    -0.06778254359960556,
                    0.9964383244514465,
                    0.050162848085165024
                ],
                [
                    -0.15028755366802216,
                    -0.05990222096443176,
                    0.9868260025978088
                ]
            ],
            [
                [
                    0.9889822006225586,
                    -0.04484882578253746,
                    -0.141076922416687
                ],
                [
                    0.048159580677747726,
                    0.9986366033554077,
                    0.020139917731285095
                ],
                [
                    0.13998132944107056,
                    -0.02671222575008869,
                    0.9897937178611755
                ]
            ],
            [
                [
                    0.9963220357894897,
                    0.017138898372650146,
                    0.08395601063966751
                ],
                [
                    -0.01363970898091793,
                    0.9990212917327881,
                    -0.04207655414938927
                ],
                [
                    -0.0845949798822403,
                    0.04077666625380516,
                    0.9955806732177734
                ]
            ],
            [
                [
                    0.9885549545288086,
                    -0.1494600772857666,
                    0.02051275596022606
                ],
                [
                    0.14527569711208344,
                    0.9797698855400085,
                    0.13764433562755585
                ],
                [
                    -0.040670111775398254,
                    -0.13308899104595184,
                    0.9902693033218384
                ]
            ],
            [
                [
                    0.9913938045501709,
                    0.12930674850940704,
                    -0.020449135452508926
                ],
                [
                    -0.12382073700428009,
                    0.9768874645233154,
                    0.17423926293849945
                ],
                [
                    0.04250681772828102,
                    -0.1702076941728592,
                    0.9844910502433777
                ]
            ],
            [
                [
                    0.9992157816886902,
                    0.039506278932094574,
                    -0.0026767244562506676
                ],
                [
                    -0.0395670123398304,
                    0.9988027811050415,
                    -0.028764214366674423
                ],
                [
                    0.0015371526824310422,
                    0.02884756587445736,
                    0.9995826482772827
                ]
            ],
            [
                [
                    0.9323669075965881,
                    0.3614514172077179,
                    -0.006690716836601496
                ],
                [
                    -0.36149024963378906,
                    0.9323568940162659,
                    -0.005955214612185955
                ],
                [
                    0.004085614811629057,
                    0.007971074432134628,
                    0.9999598860740662
                ]
            ],
            [
                [
                    0.9125474095344543,
                    -0.341797411441803,
                    0.22457021474838257
                ],
                [
                    0.35201355814933777,
                    0.9359765648841858,
                    -0.005854152143001556
                ],
                [
                    -0.20819152891635895,
                    0.0843939483165741,
                    0.974440336227417
                ]
            ],
            [
                [
                    0.9996816515922546,
                    0.019275814294815063,
                    0.016276879236102104
                ],
                [
                    -0.014806373976171017,
                    0.9706345796585083,
                    -0.24010244011878967
                ],
                [
                    -0.020427076146006584,
                    0.23978503048419952,
                    0.9706109762191772
                ]
            ],
            [
                [
                    0.4892387092113495,
                    0.8313862085342407,
                    -0.2635195255279541
                ],
                [
                    -0.866448163986206,
                    0.49781644344329834,
                    -0.038032278418540955
                ],
                [
                    0.09956483542919159,
                    0.24693284928798676,
                    0.9639041423797607
                ]
            ],
            [
                [
                    0.4373118579387665,
                    -0.7742716073989868,
                    0.4574512839317322
                ],
                [
                    0.8591998815536499,
                    0.5099353194236755,
                    0.04173148050904274
                ],
                [
                    -0.26558205485343933,
                    0.3747924268245697,
                    0.8882548213005066
                ]
            ],
            [
                [
                    0.31528139114379883,
                    -0.36894601583480835,
                    -0.8743433952331543
                ],
                [
                    0.24333010613918304,
                    0.9219604730606079,
                    -0.30129602551460266
                ],
                [
                    0.9172720909118652,
                    -0.11776106059551239,
                    0.3804526627063751
                ]
            ],
            [
                [
                    0.45449262857437134,
                    0.2671211063861847,
                    0.8497544527053833
                ],
                [
                    0.10262677073478699,
                    0.9319201111793518,
                    -0.34784001111984253
                ],
                [
                    -0.8848186731338501,
                    0.24529826641082764,
                    0.3961370587348938
                ]
            ],
            [
                [
                    0.990751326084137,
                    -0.13502216339111328,
                    -0.013450445607304573
                ],
                [
                    0.13568881154060364,
                    0.9863455891609192,
                    0.0933326929807663
                ],
                [
                    0.0006648069247603416,
                    -0.09429455548524857,
                    0.9955441951751709
                ]
            ],
            [
                [
                    0.9950278401374817,
                    0.09424758702516556,
                    0.032204098999500275
                ],
                [
                    -0.09445486962795258,
                    0.9955167174339294,
                    0.00497236056253314
                ],
                [
                    -0.03159108757972717,
                    -0.007989468984305859,
                    0.999468982219696
                ]
            ],
            [
                [
                    0.9682029485702515,
                    0.230072483420372,
                    -0.09823250770568848
                ],
                [
                    -0.21664507687091827,
                    0.9674712419509888,
                    0.1306299865245819
                ],
                [
                    0.12509150803089142,
                    -0.10519476234912872,
                    0.9865525960922241
                ]
            ],
            [
                [
                    0.9723659157752991,
                    -0.22331537306308746,
                    0.06807950884103775
                ],
                [
                    0.21106162667274475,
                    0.9655026197433472,
                    0.15250465273857117
                ],
                [
                    -0.09978757053613663,
                    -0.13392134010791779,
                    0.9859551191329956
                ]
            ]
        ],
        "betas": [
            -0.021361470222473145,
            -0.037404865026474,
            0.015231072902679443,
            0.2596406638622284,
            0.04434394836425781,
            0.022944185882806778,
            0.00340309739112854,
            -0.04096347093582153,
            0.08252839744091034,
            -0.05363515019416809
        ]
    },
    "pred_cam_t": [
        0.016069816425442696,
        0.16793882846832275,
        32.714935302734375
    ],
    "focal_length": [
        5000.0,
        5000.0
    ],
    "pred_keypoints_3d": [
        [
            0.22980697453022003,
            -0.7370564937591553,
            -0.2006794810295105
        ],
        [
            0.11688531190156937,
            -0.7167080640792847,
            -0.046242605894804
        ],
        [
            -0.055902983993291855,
            -0.6415648460388184,
            -0.13084539771080017
        ],
        [
            -0.1244824081659317,
            -0.39843761920928955,
            -0.10640951991081238
        ],
        [
            0.06228138506412506,
            -0.23557743430137634,
            -0.16459688544273376
        ],
        [
            0.23469248414039612,
            -0.6067352294921875,
            0.07686890661716461
        ],
        [
            0.17834429442882538,
            -0.3701833486557007,
            0.16954657435417175
        ],
        [
            0.28709670901298523,
            -0.22429491579532623,
            -3.337860107421875e-05
        ],
        [
            -0.0020009949803352356,
            -0.2257997691631317,
            0.02794986218214035
        ],
        [
            -0.08338088542222977,
            -0.14824199676513672,
            0.01941831037402153
        ],
        [
            -0.2102055847644806,
            0.21147286891937256,
            -0.0022808369249105453
        ],
        [
            -0.30298709869384766,
            0.5206007957458496,
            0.23060676455497742
        ],
        [
            0.044599659740924835,
            -0.12605144083499908,
            0.06007770448923111
        ],
        [
            0.016234954819083214,
            0.24678708612918854,
            0.053057968616485596
        ],
        [
            -0.05918180197477341,
            0.5427616238594055,
            0.3076957166194916
        ],
        [
            0.204861119389534,
            -0.7928436994552612,
            -0.20789983868598938
        ],
        [
            0.25960230827331543,
            -0.782193660736084,
            -0.17150309681892395
        ],
        [
            0.12549863755702972,
            -0.8349822163581848,
            -0.15381135046482086
        ],
        [
            0.247640922665596,
            -0.8115525841712952,
            -0.07399225980043411
        ],
        [
            -0.0623348094522953,
            0.688651442527771,
            0.17039072513580322
        ],
        [
            -0.0008301883935928345,
            0.6768441796302795,
            0.2257004678249359
        ],
        [
            -0.06191021203994751,
            0.5414178967475891,
            0.3770783841609955
        ],
        [
            -0.2991204559803009,
            0.6564992070198059,
            0.08540087938308716
        ],
        [
            -0.3741540312767029,
            0.6260125637054443,
            0.11865891516208649
        ],
        [
            -0.3196720778942108,
            0.529272198677063,
            0.30145567655563354
        ],
        [
            -0.31339678168296814,
            0.46172189712524414,
            0.22524146735668182
        ],
        [
            -0.19063882529735565,
            0.15147008001804352,
            -0.008336815983057022
        ],
        [
            -0.13553521037101746,
            -0.2827218174934387,
            -0.006892410106956959
        ],
        [
            0.1330532431602478,
            -0.2206224501132965,
            0.08893343806266785
        ],
        [
            0.03249124437570572,
            0.20805256068706512,
            0.0505942776799202
        ],
        [
            -0.04449295997619629,
            0.5019508600234985,
            0.31034111976623535
        ],
        [
            0.06916654109954834,
            -0.2727738916873932,
            -0.15958884358406067
        ],
        [
            -0.1156347468495369,
            -0.4148673415184021,
            -0.14516575634479523
        ],
        [
            -0.01963653974235058,
            -0.6700847744941711,
            -0.11455315351486206
        ],
        [
            0.21608713269233704,
            -0.6406890153884888,
            0.058191366493701935
        ],
        [
            0.22694405913352966,
            -0.39062899351119995,
            0.15828648209571838
        ],
        [
            0.2919531464576721,
            -0.246741384267807,
            0.004648697562515736
        ],
        [
            0.12096204608678818,
            -0.7050257921218872,
            -0.04885028302669525
        ],
        [
            0.2175484150648117,
            -0.8600839376449585,
            -0.1420574188232422
        ],
        [
            -0.0006536682485602796,
            -0.2518569529056549,
            0.04169256612658501
        ],
        [
            0.09759150445461273,
            -0.653140664100647,
            -0.03075171448290348
        ],
        [
            0.042246244847774506,
            -0.4948712885379791,
            0.017391713336110115
        ],
        [
            0.19222846627235413,
            -0.7494787573814392,
            -0.130102276802063
        ],
        [
            0.21786561608314514,
            -0.8811277747154236,
            -0.14436203241348267
        ]
    ],
    "pred_vertices": [
        [
            0.28800293803215027,
            -0.8205162286758423,
            -0.1814887523651123
        ],
        [
            0.27994009852409363,
            -0.8059428334236145,
            -0.18483802676200867
        ],
        [
            0.2838473320007324,
            -0.8054975271224976,
            -0.1710464060306549
        ],
        [
            0.28887608647346497,
            -0.8181290030479431,
            -0.1640245020389557
        ],
        [
            0.2791569232940674,
            -0.7956148386001587,
            -0.17449206113815308
        ],
        [
            0.27459150552749634,
            -0.7951048016548157,
            -0.185574471950531
        ],
        [
            0.28246212005615234,
            -0.804169237613678,
            -0.15723483264446259
        ],
        [
            0.2852175533771515,
            -0.8141871094703674,
            -0.14845339953899384
        ],
        [
            0.26809048652648926,
            -0.7781004309654236,
            -0.133172407746315
        ],
        [
            0.2654452919960022,
            -0.7780366539955139,
            -0.12223215401172638
        ],
        [
            0.27071723341941833,
            -0.7878241539001465,
            -0.1275627762079239
        ],
        [
            0.27081403136253357,
            -0.785621702671051,
            -0.13776130974292755
        ],
        [
            0.2555389106273651,
            -0.757583498954773,
            -0.12252800911664963
        ],
        [
            0.25057780742645264,
            -0.7464804649353027,
            -0.12920549511909485
        ],
        [
            0.24462375044822693,
            -0.7430775165557861,
            -0.11764557659626007
        ],
        [
            0.24820563197135925,
            -0.7541340589523315,
            -0.1107092946767807
        ],
        [
            0.2398264855146408,
            -0.7524223327636719,
            -0.16974486410617828
        ],
        [
            0.24128864705562592,
            -0.7463959455490112,
            -0.16368314623832703
        ],
        [
            0.2467348873615265,
            -0.751896321773529,
            -0.16317859292030334
        ],
        [
            0.24418574571609497,
            -0.7575093507766724,
            -0.16909360885620117
        ],
        [
            0.23873476684093475,
            -0.7592757940292358,
            -0.1830374300479889
        ],
        [
            0.24021291732788086,
            -0.7654860019683838,
            -0.1817319393157959
        ],
        [
            0.24014799296855927,
            -0.7670723795890808,
            -0.18957629799842834
        ],
        [
            0.23955048620700836,
            -0.7596114873886108,
            -0.19097599387168884
        ],
        [
            0.23339664936065674,
            -0.7487360239028931,
            -0.1710643470287323
        ],
        [
            0.23486658930778503,
            -0.7426602244377136,
            -0.16440656781196594
        ],
        [
            0.2389112412929535,
            -0.7572498321533203,
            -0.17545482516288757
        ],
        [
            0.23645150661468506,
            -0.7527489066123962,
            -0.17690150439739227
        ],
        [
            0.23651181161403656,
            -0.7428448796272278,
            -0.184498593211174
        ],
        [
            0.23893019556999207,
            -0.747356116771698,
            -0.18400751054286957
        ],
        [
            0.2396678626537323,
            -0.7455288171768188,
            -0.1915874481201172
        ],
        [
            0.23620407283306122,
            -0.7412683963775635,
            -0.1900295913219452
        ],
        [
            0.23421911895275116,
            -0.7463319301605225,
            -0.17555025219917297
        ],
        [
            0.23709183931350708,
            -0.7474038004875183,
            -0.17838037014007568
        ],
        [
            0.2347208857536316,
            -0.7434287667274475,
            -0.180338054895401
        ],
        [
            0.23120760917663574,
            -0.7433722615242004,
            -0.17796459794044495
        ],
        [
            0.2378334254026413,
            -0.7543280720710754,
            -0.18410199880599976
        ],
        [
            0.23945294320583344,
            -0.7529894113540649,
            -0.1916990578174591
        ],
        [
            0.24006861448287964,
            -0.7514214515686035,
            -0.1998175084590912
        ],
        [
            0.2390468716621399,
            -0.742523729801178,
            -0.19919726252555847
        ],
        [
            0.24176934361457825,
            -0.7362710237503052,
            -0.14799584448337555
        ],
        [
            0.2424665093421936,
            -0.7408165335655212,
            -0.15640369057655334
        ],
        [
            0.23635134100914001,
            -0.737436056137085,
            -0.1577785313129425
        ],
        [
            0.23669463396072388,
            -0.7333939075469971,
            -0.15105915069580078
        ],
        [
            0.2293488085269928,
            -0.7422469854354858,
            -0.1736426055431366
        ],
        [
            0.22603823244571686,
            -0.7281112670898438,
            -0.1664007306098938
        ],
        [
            0.22787608206272125,
            -0.7312008142471313,
            -0.16767260432243347
        ],
        [
            0.22518275678157806,
            -0.730871319770813,
            -0.1744307428598404
        ],
        [
            0.22391203045845032,
            -0.7279669046401978,
            -0.17273811995983124
        ],
        [
            0.2359306365251541,
            -0.7276126146316528,
            -0.13376951217651367
        ],
        [
            0.23293033242225647,
            -0.7254185080528259,
            -0.14001818001270294
        ],
        [
            0.22926342487335205,
            -0.7207502722740173,
            -0.13549192249774933
        ],
        [
            0.23060934245586395,
            -0.7226407527923584,
            -0.12828002870082855
        ],
        [
            0.22450000047683716,
            -0.7167237997055054,
            -0.1342630386352539
        ],
        [
            0.22484804689884186,
            -0.7178171873092651,
            -0.12409892678260803
        ],
        [
            0.2119334638118744,
            -0.7068097591400146,
            -0.12482238560914993
        ],
        [
            0.21805304288864136,
            -0.7117705345153809,
            -0.12394246459007263
        ],
        [
            0.21928250789642334,
            -0.712249755859375,
            -0.1350405216217041
        ],
        [
            0.2143138349056244,
            -0.7070782780647278,
            -0.13878795504570007
        ],
        [
            0.21055957674980164,
            -0.708602249622345,
            -0.15347108244895935
        ],
        [
            0.20658767223358154,
            -0.7071118950843811,
            -0.15833723545074463
        ],
        [
            0.2044731080532074,
            -0.6970374584197998,
            -0.15011444687843323
        ],
        [
            0.2090776562690735,
            -0.7010499835014343,
            -0.1447373926639557
        ],
        [
            0.221597358584404,
            -0.7252602577209473,
            -0.16121232509613037
        ],
        [
            0.22345098853111267,
            -0.726213276386261,
            -0.15683993697166443
        ],
        [
            0.22532103955745697,
            -0.7262645959854126,
            -0.15885600447654724
        ],
        [
            0.22406500577926636,
            -0.7260809540748596,
            -0.16405531764030457
        ],
        [
            0.2252664566040039,
            -0.7265328168869019,
            -0.1532619446516037
        ],
        [
            0.22608977556228638,
            -0.7265163660049438,
            -0.15165501832962036
        ],
        [
            0.2270335853099823,
            -0.7269704937934875,
            -0.15311262011528015
        ],
        [
            0.22580939531326294,
            -0.7268702983856201,
            -0.15396934747695923
        ],
        [
            0.22441543638706207,
            -0.726523756980896,
            -0.1554674208164215
        ],
        [
            0.22302502393722534,
            -0.7248157262802124,
            -0.15571846067905426
        ],
        [
            0.22448068857192993,
            -0.7257293462753296,
            -0.15387150645256042
        ],
        [
            0.22121316194534302,
            -0.7231231927871704,
            -0.15960407257080078
        ],
        [
            0.21374836564064026,
            -0.7190729975700378,
            -0.1720992624759674
        ],
        [
            0.21656814217567444,
            -0.7195521593093872,
            -0.168850839138031
        ],
        [
            0.21674764156341553,
            -0.7240264415740967,
            -0.17047828435897827
        ],
        [
            0.2144516259431839,
            -0.723872184753418,
            -0.17342951893806458
        ],
        [
            0.22717538475990295,
            -0.7278985381126404,
            -0.15620794892311096
        ],
        [
            0.2297149896621704,
            -0.7290637493133545,
            -0.154728963971138
        ],
        [
            0.2295048087835312,
            -0.730067789554596,
            -0.160378098487854
        ],
        [
            0.22717633843421936,
            -0.7282109260559082,
            -0.1597314178943634
        ],
        [
            0.23261402547359467,
            -0.7303526401519775,
            -0.15356247127056122
        ],
        [
            0.22901614010334015,
            -0.7280313968658447,
            -0.1517007052898407
        ],
        [
            0.23133781552314758,
            -0.7285467982292175,
            -0.14982068538665771
        ],
        [
            0.22492769360542297,
            -0.7250967621803284,
            -0.15138494968414307
        ],
        [
            0.22568351030349731,
            -0.7240900993347168,
            -0.1481354534626007
        ],
        [
            0.22768299281597137,
            -0.7257259488105774,
            -0.14940722286701202
        ],
        [
            0.22294166684150696,
            -0.7213612794876099,
            -0.14857417345046997
        ],
        [
            0.22271659970283508,
            -0.7232434749603271,
            -0.15301315486431122
        ],
        [
            0.22050879895687103,
            -0.720685601234436,
            -0.15653076767921448
        ],
        [
            0.2178734987974167,
            -0.7180994153022766,
            -0.16124984622001648
        ],
        [
            0.21634407341480255,
            -0.7152500152587891,
            -0.15594720840454102
        ],
        [
            0.21983879804611206,
            -0.7181376218795776,
            -0.15148992836475372
        ],
        [
            0.23214827477931976,
            -0.7335783839225769,
            -0.16003462672233582
        ],
        [
            0.2299249917268753,
            -0.725490152835846,
            -0.14533349871635437
        ],
        [
            0.23536032438278198,
            -0.7303037643432617,
            -0.14546672999858856
        ],
        [
            0.22731833159923553,
            -0.7220360040664673,
            -0.14296264946460724
        ],
        [
            0.22364112734794617,
            -0.7187130451202393,
            -0.14244532585144043
        ],
        [
            0.2192615419626236,
            -0.7151757478713989,
            -0.14458906650543213
        ],
        [
            0.21503189206123352,
            -0.7115077972412109,
            -0.14882318675518036
        ],
        [
            0.19773933291435242,
            -0.6947801113128662,
            -0.13737285137176514
        ],
        [
            0.2045842707157135,
            -0.6997777223587036,
            -0.13166576623916626
        ],
        [
            0.26867368817329407,
            -0.7902246713638306,
            -0.182052344083786
        ],
        [
            0.2739519476890564,
            -0.7896348834037781,
            -0.17472904920578003
        ],
        [
            0.2687397301197052,
            -0.7855480909347534,
            -0.16807883977890015
        ],
        [
            0.2713557481765747,
            -0.7872739434242249,
            -0.16758911311626434
        ],
        [
            0.2689889669418335,
            -0.7875756025314331,
            -0.17378580570220947
        ],
        [
            0.26705753803253174,
            -0.7855924367904663,
            -0.17246972024440765
        ],
        [
            0.2695009708404541,
            -0.7851914167404175,
            -0.14627915620803833
        ],
        [
            0.2684946060180664,
            -0.7849935293197632,
            -0.15313079953193665
        ],
        [
            0.2664310932159424,
            -0.782572865486145,
            -0.15055693686008453
        ],
        [
            0.26780253648757935,
            -0.7796890735626221,
            -0.14253705739974976
        ],
        [
            0.26035064458847046,
            -0.7737220525741577,
            -0.15741679072380066
        ],
        [
            0.26283133029937744,
            -0.7758896350860596,
            -0.15295416116714478
        ],
        [
            0.26389166712760925,
            -0.7805752754211426,
            -0.15941938757896423
        ],
        [
            0.2621721625328064,
            -0.7789658308029175,
            -0.1626986563205719
        ],
        [
            0.2598503828048706,
            -0.7781335115432739,
            -0.1662207692861557
        ],
        [
            0.25705409049987793,
            -0.7781140804290771,
            -0.1697169542312622
        ],
        [
            0.2547011077404022,
            -0.7739217877388,
            -0.16722775995731354
        ],
        [
            0.25753575563430786,
            -0.7733058333396912,
            -0.16254186630249023
        ],
        [
            0.26488351821899414,
            -0.7888074517250061,
            -0.17882512509822845
        ],
        [
            0.2586652636528015,
            -0.7893373370170593,
            -0.18260082602500916
        ],
        [
            0.2580815255641937,
            -0.7870067358016968,
            -0.1802467554807663
        ],
        [
            0.26350584626197815,
            -0.7862609028816223,
            -0.17728063464164734
        ],
        [
            0.24485546350479126,
            -0.7857260704040527,
            -0.18019600212574005
        ],
        [
            0.24742139875888824,
            -0.7870360612869263,
            -0.18116414546966553
        ],
        [
            0.24578940868377686,
            -0.7881187200546265,
            -0.18458092212677002
        ],
        [
            0.24268126487731934,
            -0.7849688529968262,
            -0.18286901712417603
        ],
        [
            0.2431853711605072,
            -0.7820669412612915,
            -0.18053942918777466
        ],
        [
            0.24531960487365723,
            -0.7839101552963257,
            -0.17915725708007812
        ],
        [
            0.2892753481864929,
            -0.8404721021652222,
            -0.19242994487285614
        ],
        [
            0.2821115255355835,
            -0.8229444026947021,
            -0.19615906476974487
        ],
        [
            0.29300549626350403,
            -0.8383351564407349,
            -0.17228661477565765
        ],
        [
            0.2909446656703949,
            -0.8336950540542603,
            -0.15465737879276276
        ],
        [
            0.2872965931892395,
            -0.8256391286849976,
            -0.13852906227111816
        ],
        [
            0.24014097452163696,
            -0.7338594198226929,
            -0.12587136030197144
        ],
        [
            0.2345748245716095,
            -0.7293283939361572,
            -0.11759720742702484
        ],
        [
            0.23819464445114136,
            -0.7404033541679382,
            -0.10675442218780518
        ],
        [
            0.23014536499977112,
            -0.7343486547470093,
            -0.10076804459095001
        ],
        [
            0.22686569392681122,
            -0.7230178713798523,
            -0.11240999400615692
        ],
        [
            0.2077873945236206,
            -0.7099626064300537,
            -0.11209165304899216
        ],
        [
            0.21791397035121918,
            -0.7160252332687378,
            -0.11040670424699783
        ],
        [
            0.22002243995666504,
            -0.728955864906311,
            -0.0961526483297348
        ],
        [
            0.2244095355272293,
            -0.7458521723747253,
            -0.08443727344274521
        ],
        [
            0.23303447663784027,
            -0.7478459477424622,
            -0.09163647890090942
        ],
        [
            0.22806479036808014,
            -0.7648239135742188,
            -0.07790884375572205
        ],
        [
            0.21293041110038757,
            -0.7451658248901367,
            -0.07605225592851639
        ],
        [
            0.2216111421585083,
            -0.7686083316802979,
            -0.07271002233028412
        ],
        [
            0.18986059725284576,
            -0.7153491973876953,
            -0.07812897861003876
        ],
        [
            0.1862829029560089,
            -0.7080308198928833,
            -0.0716465413570404
        ],
        [
            0.19097687304019928,
            -0.7189717292785645,
            -0.05691159516572952
        ],
        [
            0.19550561904907227,
            -0.7262618541717529,
            -0.06331514567136765
        ],
        [
            0.2410901039838791,
            -0.7506585717201233,
            -0.09947212040424347
        ],
        [
            0.2735846936702728,
            -0.8002275228500366,
            -0.12415479123592377
        ],
        [
            0.2749266028404236,
            -0.7951096296310425,
            -0.13514581322669983
        ],
        [
            0.26740407943725586,
            -0.7912110090255737,
            -0.1164124608039856
        ],
        [
            0.2921242117881775,
            -0.8595450520515442,
            -0.12884321808815002
        ],
        [
            0.29387232661247253,
            -0.8476491570472717,
            -0.1431451141834259
        ],
        [
            0.2894393801689148,
            -0.8372856378555298,
            -0.1291857361793518
        ],
        [
            0.2888018786907196,
            -0.849765419960022,
            -0.11739420145750046
        ],
        [
            0.2883731722831726,
            -0.8885204792022705,
            -0.16361820697784424
        ],
        [
            0.2923743724822998,
            -0.8655720949172974,
            -0.1791476011276245
        ],
        [
            0.2937483787536621,
            -0.8579988479614258,
            -0.16242177784442902
        ],
        [
            0.2915216386318207,
            -0.8757343292236328,
            -0.14859256148338318
        ],
        [
            0.2848946452140808,
            -0.8573038578033447,
            -0.1068410575389862
        ],
        [
            0.2776542007923126,
            -0.8679162263870239,
            -0.09309454262256622
        ],
        [
            0.2781260907649994,
            -0.8854066133499146,
            -0.09570489823818207
        ],
        [
            0.2868705093860626,
            -0.8745774626731873,
            -0.113864004611969
        ],
        [
            0.273443341255188,
            -0.9076358675956726,
            -0.10487014055252075
        ],
        [
            0.2843548357486725,
            -0.8949389457702637,
            -0.12664470076560974
        ],
        [
            0.2097114771604538,
            -0.762432336807251,
            -0.06217341870069504
        ],
        [
            0.21729032695293427,
            -0.7796579599380493,
            -0.06544148921966553
        ],
        [
            0.2021184265613556,
            -0.7344887256622314,
            -0.071659617125988
        ],
        [
            0.20270763337612152,
            -0.748619794845581,
            -0.058146897703409195
        ],
        [
            0.26298847794532776,
            -0.925949215888977,
            -0.11679224669933319
        ],
        [
            0.2774188816547394,
            -0.9115653038024902,
            -0.142422616481781
        ],
        [
            0.23849423229694366,
            -0.8756386041641235,
            -0.05510745197534561
        ],
        [
            0.2513524889945984,
            -0.8863919973373413,
            -0.06605243682861328
        ],
        [
            0.25776544213294983,
            -0.8665834069252014,
            -0.0697181224822998
        ],
        [
            0.24502292275428772,
            -0.8594682812690735,
            -0.05903102457523346
        ],
        [
            0.22761496901512146,
            -0.8927475214004517,
            -0.05418279021978378
        ],
