{
    "pred_cam": [
        1.5352009534835815,
        0.2580896019935608,
        0.34466424584388733
    ],
    "pred_smpl_params": {
        "global_orient": [
            [
                [
                    -0.8703064322471619,
                    -0.15618225932121277,
                    -0.46709075570106506
                ],
                [
                    0.2437458485364914,
                    -0.960685670375824,
                    -0.13293248414993286
                ],
                [
                    -0.4279657006263733,
                    -0.22954343259334564,
                    0.8741596937179565
                ]
            ]
        ],
        "body_pose": [
            [
                [
                    0.9866967797279358,
                    -0.10810831934213638,
                    -0.12141691893339157
                ],
                [
                    0.13822457194328308,
                    0.9510193467140198,
                    0.27650701999664307
                ],
                [
                    0.08557713031768799,
                    -0.2896113693714142,
                    0.9533109664916992
                ]
            ],
            [
                [
                    0.9878523945808411,
                    -0.0652451366186142,
                    -0.14103423058986664
                ],
                [
                    0.11775021255016327,
                    0.9065308570861816,
                    0.40538451075553894
                ],
                [
                    0.10140252113342285,
                    -0.41706690192222595,
                    0.9032012820243835
                ]
            ],
            [
                [
                    0.994472324848175,
                    0.09797990322113037,
                    0.037745650857686996
                ],
                [
                    -0.07753617316484451,
                    0.9276782870292664,
                    -0.36524099111557007
                ],
                [
                    -0.07080210745334625,
                    0.3602954149246216,
                    0.9301473498344421
                ]
            ],
            [
                [
                    0.9572685360908508,
                    -0.1881716549396515,
                    -0.21960976719856262
                ],
                [
                    -0.05926569551229477,
                    0.6156101226806641,
                    -0.7858191728591919
                ],
                [
                    0.2830629050731659,
                    0.7652552127838135,
                    0.578152060508728
                ]
            ],
            [
                [
                    0.9184878468513489,
                    -0.3903772532939911,
                    0.06313208490610123
                ],
                [
                    0.17196448147296906,
                    0.2505280673503876,
                    -0.9527139663696289
                ],
                [
                    0.35610151290893555,
                    0.8859126567840576,
                    0.29723799228668213
                ]
            ],
            [
                [
                    0.9987635016441345,
                    0.04156952723860741,
                    0.027268698439002037
                ],
                [
                    -0.04203805327415466,
                    0.998974084854126,
                    0.016839375719428062
                ],
                [
                    -0.026540718972682953,
                    -0.01796487532556057,
                    0.9994863867759705
                ]
            ],
            [
                [
                    0.9815383553504944,
                    0.03288824483752251,
                    0.1884167194366455
                ],
                [
                    -0.04853997379541397,
                    0.9956868290901184,
                    0.07906647771596909
                ],
                [
                    -0.18500371277332306,
                    -0.0867525190114975,
                    0.978901207447052
                ]
            ],
            [
                [
                    0.976708173751831,
                    0.07889261841773987,
                    -0.199541836977005
                ],
                [
                    -0.031247233971953392,
                    0.9723367691040039,
                    0.23148401081562042
                ],
                [
                    0.21228423714637756,
                    -0.21985723078250885,
                    0.9521544575691223
                ]
            ],
            [
                [
                    0.9996896982192993,
                    0.024461934342980385,
                    -0.004698810167610645
                ],
                [
                    -0.02471088245511055,
                    0.9976806044578552,
                    -0.06342469155788422
                ],
                [
                    0.0031364215537905693,
                    0.0635211318731308,
                    0.9979754686355591
                ]
            ],
            [
                [
                    0.9928874969482422,
                    -0.11574432998895645,
                    0.027885179966688156
                ],
                [
                    0.11076261103153229,
                    0.9839164018630981,
                    0.14014343917369843
                ],
                [
                    -0.043657492846250534,
                    -0.136058047413826,
                    0.9897384643554688
                ]
            ],
            [
                [
                    0.9988501071929932,
                    0.04260692745447159,
                    0.021978065371513367
                ],
                [
                    -0.04485662654042244,
                    0.9923760294914246,
                    0.11479431390762329
                ],
                [
                    -0.016919471323490143,
                    -0.11564818769693375,
                    0.9931461215019226
                ]
            ],
            [
                [
                    0.9580329656600952,
                    0.024178797379136086,
                    0.2856365740299225
                ],
                [
                    -0.039517682045698166,
                    0.9980625510215759,
                    0.04805860295891762
                ],
                [
                    -0.28392115235328674,
                    -0.05732942000031471,
                    0.9571323394775391
                ]
            ],
            [
                [
                    0.9651777148246765,
                    0.17488743364810944,
                    -0.19454139471054077
                ],
                [
                    -0.15618768334388733,
                    0.9818329215049744,
                    0.10774751752614975
                ],
                [
                    0.20985083281993866,
                    -0.07361053675413132,
                    0.9749585390090942
                ]
            ],
            [
                [
                    0.9316767454147339,
                    -0.34418708086013794,
                    0.11624838411808014
                ],
                [
                    0.3411160409450531,
                    0.9388956427574158,
                    0.045986756682395935
                ],
                [
                    -0.12497315555810928,
                    -0.0031906040385365486,
                    0.9921549558639526
                ]
            ],
            [
                [
                    0.9964234232902527,
                    0.041345756500959396,
                    0.07369420677423477
                ],
                [
                    -0.02588629350066185,
                    0.9795440435409546,
                    -0.19955813884735107
                ],
                [
                    -0.08043760061264038,
                    0.1969367414712906,
                    0.9771109223365784
                ]
            ],
            [
                [
                    0.8631349205970764,
                    0.43046924471855164,
                    -0.2639969289302826
                ],
                [
                    -0.3924943804740906,
                    0.9008289575576782,
                    0.18562176823616028
                ],
                [
                    0.31772053241729736,
                    -0.056599318981170654,
                    0.9464936852455139
                ]
            ],
            [
                [
                    0.5546131134033203,
                    -0.7819814085960388,
                    0.28444576263427734
                ],
                [
                    0.813906729221344,
                    0.5809087753295898,
                    0.01004264410585165
                ],
                [
                    -0.17309021949768066,
                    0.22594252228736877,
                    0.9586395621299744
                ]
            ],
            [
                [
                    0.7096582055091858,
                    -0.15092788636684418,
                    -0.6881903409957886
                ],
                [
                    0.2613585591316223,
                    0.963485062122345,
                    0.0582084022462368
                ],
                [
                    0.6542758941650391,
                    -0.221172496676445,
                    0.7231913805007935
                ]
            ],
            [
                [
                    0.11721403151750565,
                    0.39504700899124146,
                    0.9111523628234863
                ],
                [
                    -0.19807463884353638,
                    0.9083425998687744,
                    -0.36834773421287537
                ],
                [
                    -0.973153293132782,
                    -0.13730064034461975,
                    0.1847192943096161
                ]
            ],
            [
                [
                    0.9862995147705078,
                    -0.1643761396408081,
                    0.013922619633376598
                ],
                [
                    0.1646457463502884,
                    0.9756341576576233,
                    -0.14501643180847168
                ],
                [
                    0.010253860615193844,
                    0.14532192051410675,
                    0.9893313050270081
                ]
            ],
            [
                [
                    0.9919033050537109,
                    0.11856254935264587,
                    0.04550415650010109
                ],
                [
                    -0.12189901620149612,
                    0.9893664717674255,
                    0.07933898270130157
                ],
                [
                    -0.03561365231871605,
                    -0.0842435210943222,
                    0.9958085417747498
                ]
            ],
            [
                [
                    0.9859844446182251,
                    0.14104019105434418,
                    -0.08911948651075363
                ],
                [
                    -0.12794406712055206,
                    0.9820418357849121,
                    0.13865108788013458
                ],
                [
                    0.10707444697618484,
                    -0.12530551850795746,
                    0.9863232374191284
                ]
            ],
            [
                [
                    0.979073166847229,
                    -0.1815851628780365,
                    0.09188317507505417
                ],
                [
                    0.1760278046131134,
                    0.982209324836731,
                    0.06541489064693451
                ],
                [
                    -0.10212688148021698,
                    -0.047871969640254974,
                    0.9936188459396362
                ]
            ]
        ],
        "betas": [
            -0.2483723759651184,
            -0.4252913296222687,
            0.26516517996788025,
            1.1380709409713745,
            0.26615574955940247,
            0.01520911231637001,
            -0.07518130540847778,
            -0.02798500657081604,
            0.051612451672554016,
            -0.03689506649971008
        ]
    },
    "pred_cam_t": [
        0.2580896019935608,
        0.34466424584388733,
        25.444551467895508
    ],
    "focal_length": [
        5000.0,
        5000.0
    ],
    "pred_keypoints_3d": [
        [
            -0.34299901127815247,
            -0.7439510226249695,
            0.09218169003725052
        ],
        [
            -0.18229253590106964,
            -0.7069768905639648,
            -0.012073949910700321
        ],
        [
            0.005936175584793091,
            -0.6862533092498779,
            0.07812808454036713
        ],
        [
            0.14318782091140747,
            -0.48606956005096436,
            0.1193319708108902
        ],
        [
            0.0090494304895401,
            -0.4243698716163635,
            0.31719693541526794
        ],
        [
            -0.2924312353134155,
            -0.5631488561630249,
            -0.09077988564968109
        ],
        [
            -0.4124394655227661,
            -0.34111809730529785,
            -0.09577250480651855
        ],
        [
            -0.5905376672744751,
            -0.2628098726272583,
            0.04798734188079834
        ],
        [
            -0.002388093387708068,
            -0.23376286029815674,
            0.028686054050922394
        ],
        [
            0.07166628539562225,
            -0.16291290521621704,
            0.07456223666667938
        ],
        [
            0.06704892218112946,
            0.14210045337677002,
            0.28043240308761597
        ],
        [
            0.03744155913591385,
            0.3907541036605835,
            -0.008420407772064209
        ],
        [
            -0.04475099593400955,
            -0.1286185085773468,
            0.014872954227030277
        ],
        [
            -0.10173407196998596,
            0.1987415850162506,
            0.15169061720371246
        ],
        [
            -0.057782016694545746,
            0.5190523862838745,
            -0.051353052258491516
        ],
        [
            -0.3228378891944885,
            -0.8008826971054077,
            0.09751713275909424
        ],
        [
            -0.36034253239631653,
            -0.7806380987167358,
            0.04635601490736008
        ],
        [
            -0.22694075107574463,
            -0.839582085609436,
            0.06907627731561661
        ],
        [
            -0.3140144348144531,
            -0.794900119304657,
            -0.04447111859917641
        ],
        [
            -0.10091064870357513,
            0.6377195119857788,
            0.10155114531517029
        ],
        [
            -0.1518518626689911,
            0.6229332685470581,
            0.03584188222885132
        ],
        [
            -0.048147670924663544,
            0.5288962125778198,
            -0.12012121081352234
        ],
        [
            0.009467154741287231,
            0.5220460891723633,
            0.13409730792045593
        ],
        [
            0.0877334401011467,
            0.511651873588562,
            0.09629416465759277
        ],
        [
            0.045619845390319824,
            0.3993433117866516,
            -0.07909119129180908
        ],
        [
            0.06889984756708145,
            0.34271836280822754,
            0.0041695102117955685
        ],
        [
            0.06906384974718094,
            0.09260307252407074,
            0.2669801115989685
        ],
        [
            0.13198933005332947,
            -0.2976604700088501,
            0.06834176182746887
        ],
        [
            -0.11789681017398834,
            -0.2109028697013855,
            -0.06345899403095245
        ],
        [
            -0.11062981188297272,
            0.16369371116161346,
            0.14038458466529846
        ],
        [
            -0.06431175023317337,
            0.47852015495300293,
            -0.06251434981822968
        ],
        [
            -0.003052997402846813,
            -0.45175206661224365,
            0.2931353449821472
        ],
        [
            0.1411200761795044,
            -0.5203460454940796,
            0.14760936796665192
        ],
        [
            -0.035609640181064606,
            -0.7011861801147461,
            0.05963669344782829
        ],
        [
            -0.2827622890472412,
            -0.6023511290550232,
            -0.09121882915496826
        ],
        [
            -0.4399213194847107,
            -0.3824238181114197,
            -0.09699489176273346
        ],
        [
            -0.5898786187171936,
            -0.28425514698028564,
            0.044768307358026505
        ],
        [
            -0.17903465032577515,
            -0.6989540457725525,
            -0.010765907354652882
        ],
        [
            -0.3115527927875519,
            -0.8554607629776001,
            0.020426101982593536
        ],
        [
            0.006597656756639481,
            -0.2534741163253784,
            0.0023506178986281157
        ],
        [
            -0.1564270704984665,
            -0.6489251852035522,
            -0.012703293934464455
        ],
        [
            -0.06584547460079193,
            -0.49168509244918823,
            -0.02482648193836212
        ],
        [
            -0.28056663274765015,
            -0.7465729713439941,
            0.03773247078061104
        ],
        [
            -0.31220412254333496,
            -0.8766114711761475,
            0.018078621476888657
        ]
    ],
    "pred_vertices": [
        [
            -0.3896561563014984,
            -0.8174152374267578,
            0.039387114346027374
        ],
        [
            -0.3835804760456085,
            -0.8043695688247681,
            0.04763995110988617
        ],
        [
            -0.38190120458602905,
            -0.8013879060745239,
            0.03382197767496109
        ],
        [
            -0.38473573327064514,
            -0.8121909499168396,
            0.023486919701099396
        ],
        [
            -0.3794054090976715,
            -0.7924046516418457,
            0.040208421647548676
        ],
        [
            -0.37891900539398193,
            -0.7940998077392578,
            0.05218680202960968
        ],
        [
            -0.3759767413139343,
            -0.7978450059890747,
            0.021914266049861908
        ],
        [
            -0.3757975697517395,
            -0.8063173294067383,
            0.010811595246195793
        ],
        [
            -0.3545565605163574,
            -0.7688074111938477,
            0.00908428430557251
        ],
        [
            -0.3482446074485779,
            -0.7669045925140381,
            -5.348445847630501e-05
        ],
        [
            -0.3549402952194214,
            -0.7773698568344116,
            0.0018545289058238268
        ],
        [
            -0.35840168595314026,
            -0.7768813371658325,
            0.011396289803087711
        ],
        [
            -0.3391055762767792,
            -0.747727632522583,
            0.007613370660692453
        ],
        [
            -0.33684197068214417,
            -0.7384873628616333,
            0.017605924978852272
        ],
        [
            -0.3274661898612976,
            -0.7334139347076416,
            0.009650660678744316
        ],
        [
            -0.32820841670036316,
            -0.742807149887085,
            -0.00012876233085989952
        ],
        [
            -0.341526061296463,
            -0.7523922920227051,
            0.05711574852466583
        ],
        [
            -0.3404370844364166,
            -0.7453879117965698,
            0.052316777408123016
        ],
        [
            -0.34533455967903137,
            -0.7501999139785767,
            0.04885420203208923
        ],
        [
            -0.34527069330215454,
            -0.7569140195846558,
            0.054070182144641876
        ],
        [
            -0.3451874554157257,
            -0.7616076469421387,
            0.06866531819105148
        ],
        [
            -0.34603819251060486,
            -0.7672901153564453,
            0.06573125720024109
        ],
        [
            -0.3490760028362274,
            -0.7701623439788818,
            0.07268783450126648
        ],
        [
            -0.3490128219127655,
            -0.7632285356521606,
            0.0756218433380127
        ],
        [
            -0.3361719846725464,
            -0.7494117021560669,
            0.061438702046871185
        ],
        [
            -0.3347586393356323,
            -0.7423391342163086,
            0.05606495589017868
        ],
        [
            -0.3427284359931946,
            -0.7582323551177979,
            0.06176865100860596
        ],
        [
            -0.34089142084121704,
            -0.7543109655380249,
            0.06511656939983368
        ],
        [
            -0.3438255488872528,
            -0.7461286783218384,
            0.07399620115756989
        ],
        [
            -0.34597375988960266,
            -0.7502447366714478,
            0.07182421535253525
        ],
        [
            -0.34938615560531616,
            -0.749713122844696,
            0.07888905704021454
        ],
        [
            -0.34548863768577576,
            -0.7454882860183716,
            0.07949395477771759
        ],
        [
            -0.3384152054786682,
            -0.7480702996253967,
            0.06592360138893127
        ],
        [
            -0.3422204256057739,
            -0.7494204044342041,
            0.06724494695663452
        ],
        [
            -0.3406037390232086,
            -0.7461769580841064,
            0.07070332020521164
        ],
        [
            -0.3364082872867584,
            -0.7459378242492676,
            0.06980262696743011
        ],
        [
            -0.3449443280696869,
            -0.7571213245391846,
            0.07091833651065826
        ],
        [
            -0.34928977489471436,
            -0.7569873332977295,
            0.07759521901607513
        ],
        [
            -0.35288065671920776,
            -0.7568751573562622,
            0.08520649373531342
        ],
        [
            -0.35127609968185425,
            -0.7481187582015991,
            0.0867588073015213
        ],
        [
            -0.3352346122264862,
            -0.7325094938278198,
            0.039889633655548096
        ],
        [
            -0.33884966373443604,
            -0.7386102676391602,
            0.046344317495822906
        ],
        [
            -0.3337379992008209,
            -0.7358361482620239,
            0.05052093043923378
        ],
        [
            -0.33167725801467896,
            -0.7305077314376831,
            0.04506123438477516
        ],
        [
            -0.3330274224281311,
            -0.7440274953842163,
            0.06674697995185852
        ],
        [
            -0.32697978615760803,
            -0.7289361357688904,
            0.06412894278764725
        ],
        [
            -0.3292127549648285,
            -0.7320877909660339,
            0.06400284171104431
        ],
        [
            -0.3291454315185547,
            -0.7331670522689819,
            0.07122541964054108
        ],
        [
            -0.32722723484039307,
            -0.7300936579704285,
            0.07070209085941315
        ],
        [
            -0.32493916153907776,
            -0.7216658592224121,
            0.03057495690882206
        ],
        [
            -0.32443609833717346,
            -0.7206872701644897,
            0.03777531534433365
        ],
        [
            -0.3194305896759033,
            -0.7154750823974609,
            0.035863153636455536
        ],
        [
            -0.31813254952430725,
            -0.7160248756408691,
            0.02849494479596615
        ],
        [
            -0.314373254776001,
            -0.7116080522537231,
            0.037275079637765884
        ],
        [
            -0.31110063195228577,
            -0.7109531164169312,
            0.027785634621977806
        ],
        [
            -0.29868942499160767,
            -0.701503336429596,
            0.03528435155749321
        ],
        [
            -0.3044145107269287,
            -0.7054653167724609,
            0.03134322538971901
        ],
        [
            -0.3095846176147461,
            -0.7077856063842773,
            0.04071716591715813
        ],
        [
            -0.30615121126174927,
            -0.7036619186401367,
            0.046929068863391876
        ],
        [
            -0.30794191360473633,
            -0.7081066370010376,
            0.061486441642045975
        ],
        [
            -0.30606865882873535,
            -0.7077126502990723,
            0.06778506189584732
        ],
        [
            -0.30075493454933167,
            -0.6966742277145386,
            0.06294894218444824
        ],
        [
            -0.3033449351787567,
            -0.6992048025131226,
            0.05545932054519653
        ],
        [
            -0.3212030827999115,
            -0.7252918481826782,
            0.06131397932767868
        ],
        [
            -0.32139644026756287,
            -0.7252585887908936,
            0.05645952746272087
        ],
        [
            -0.3239138126373291,
            -0.7255176305770874,
            0.05764918774366379
        ],
        [
            -0.3244920074939728,
            -0.7265163064002991,
            0.06289494037628174
        ],
        [
            -0.321935772895813,
            -0.7246543169021606,
            0.052483297884464264
        ],
        [
            -0.32221174240112305,
            -0.724209189414978,
            0.05072584003210068
        ],
        [
            -0.32361114025115967,
            -0.7249013185501099,
            0.05162695050239563
        ],
        [
            -0.3227645754814148,
            -0.725143551826477,
            0.052822258323431015
        ],
        [
            -0.32191669940948486,
            -0.7251942157745361,
            0.05477992817759514
        ],
        [
            -0.32061758637428284,
            -0.7236843109130859,
            0.05583436042070389
        ],
        [
            -0.32136520743370056,
            -0.7240426540374756,
            0.053505390882492065
        ],
        [
            -0.3202614188194275,
            -0.7229094505310059,
            0.06037816405296326
        ],
        [
            -0.31738653779029846,
            -0.7219293117523193,
            0.07551655173301697
        ],
        [
            -0.319136381149292,
            -0.7214378714561462,
            0.0713113397359848
        ],
        [
            -0.32000410556793213,
            -0.7261297702789307,
            0.07185092568397522
        ],
        [
            -0.3186158537864685,
            -0.7268655300140381,
            0.07553358376026154
        ],
        [
            -0.32463908195495605,
            -0.7266099452972412,
            0.05435095727443695
        ],
        [
            -0.3267112076282501,
            -0.7271763682365417,
            0.05174542963504791
        ],
        [
            -0.3284341096878052,
            -0.7293390035629272,
            0.056842632591724396
        ],
        [
            -0.3260042667388916,
            -0.727523684501648,
            0.05741718038916588
        ],
        [
            -0.32896915078163147,
            -0.7281058430671692,
            0.04936082661151886
        ],
        [
            -0.32503336668014526,
            -0.7255323529243469,
            0.04945482313632965
        ],
        [
            -0.3262726664543152,
            -0.7256860733032227,
            0.04693632572889328
        ],
        [
            -0.3209506869316101,
            -0.7228962182998657,
            0.051183708012104034
        ],
        [
            -0.32054629921913147,
            -0.7212555408477783,
            0.048154957592487335
        ],
        [
            -0.32295578718185425,
            -0.7229090929031372,
            0.048284925520420074
        ],
        [
            -0.3180118203163147,
            -0.7188689708709717,
            0.05005628615617752
        ],
        [
            -0.31928083300590515,
            -0.7216044068336487,
            0.05380970239639282
        ],
        [
            -0.318381667137146,
            -0.7199270725250244,
            0.05831029266119003
        ],
        [
            -0.31749576330184937,
            -0.7185106873512268,
            0.06409642845392227
        ],
        [
            -0.3142107129096985,
            -0.7147761583328247,
            0.06034009903669357
        ],
        [
            -0.3159807324409485,
            -0.7165097594261169,
            0.05443507805466652
        ],
        [
            -0.3305920958518982,
            -0.7326761484146118,
            0.05503074824810028
        ],
        [
            -0.3235127925872803,
            -0.7219477891921997,
            0.04374168440699577
        ],
        [
            -0.32854118943214417,
            -0.7264578342437744,
            0.040954116731882095
        ],
        [
            -0.320224791765213,
            -0.7182294130325317,
            0.04319518059492111
        ],
        [
            -0.3165140748023987,
            -0.7151410579681396,
            0.04470263421535492
        ],
        [
            -0.31295204162597656,
            -0.7123427391052246,
            0.0488448403775692
        ],
        [
            -0.31047868728637695,
            -0.7098817229270935,
            0.05501873046159744
        ],
        [
            -0.28926703333854675,
            -0.693321704864502,
            0.05417318269610405
        ],
        [
            -0.2939736247062683,
            -0.6965972185134888,
            0.0455363392829895
        ],
        [
            -0.3721461892127991,
            -0.789745569229126,
            0.051667045801877975
        ],
        [
            -0.3745555579662323,
            -0.7873133420944214,
            0.04334108531475067
        ],
        [
            -0.36739659309387207,
            -0.7825734615325928,
            0.039842478930950165
        ],
        [
            -0.36992359161376953,
            -0.7837454080581665,
            0.03794421628117561
        ],
        [
            -0.3696053624153137,
            -0.7855507135391235,
            0.04459464177489281
        ],
        [
            -0.3673379123210907,
            -0.7836486101150513,
            0.044451482594013214
        ],
        [
            -0.3602637052536011,
            -0.7783035635948181,
            0.019625546410679817
        ],
        [
            -0.3617057204246521,
            -0.7795560956001282,
            0.0262810867279768
        ],
        [
            -0.35875678062438965,
            -0.7767729759216309,
            0.02515995316207409
        ],
        [
            -0.3573465049266815,
            -0.7722799777984619,
            0.0178560521453619
        ],
        [
            -0.35567885637283325,
            -0.7696200609207153,
            0.0350714735686779
        ],
        [
            -0.3563476502895355,
            -0.7707176208496094,
            0.02979903295636177
        ],
        [
            -0.3598586916923523,
            -0.7764471769332886,
            0.03439688682556152
        ],
        [
            -0.3593846559524536,
            -0.775671124458313,
            0.038275718688964844
        ],
        [
            -0.35842639207839966,
            -0.7757099866867065,
            0.0423831008374691
        ],
        [
            -0.3570406436920166,
            -0.7765327095985413,
            0.04652689769864082
        ],
        [
            -0.35392388701438904,
            -0.7721545100212097,
            0.04577348381280899
        ],
        [
            -0.3548487424850464,
            -0.770496666431427,
            0.04066239297389984
        ],
        [
            -0.3677443861961365,
            -0.7879679799079895,
            0.050362784415483475
        ],
        [
            -0.3632451891899109,
            -0.7895870804786682,
            0.055909596383571625
        ],
        [
            -0.36189180612564087,
            -0.7870180606842041,
            0.0543033704161644
        ],
        [
            -0.3657916784286499,
            -0.7853363752365112,
            0.04988393187522888
        ],
        [
            -0.34995129704475403,
            -0.7866308689117432,
            0.05916866287589073
        ],
        [
            -0.3525408208370209,
            -0.7879191040992737,
            0.05892281234264374
        ],
        [
            -0.35220012068748474,
            -0.7897970080375671,
            0.06239014491438866
        ],
        [
            -0.34892022609710693,
            -0.7865015268325806,
            0.062489863485097885
        ],
        [
            -0.34858646988868713,
            -0.7831453084945679,
            0.06077547371387482
        ],
        [
            -0.3500722348690033,
            -0.784581184387207,
            0.05849374830722809
        ],
        [
            -0.395304411649704,
            -0.8380016088485718,
            0.045231372117996216
        ],
        [
            -0.3894786536693573,
            -0.8229688405990601,
            0.05465240031480789
        ],
        [
            -0.39188241958618164,
            -0.8328391313552856,
            0.026173235848546028
        ],
        [
            -0.3835069239139557,
            -0.8260244131088257,
            0.01110379584133625
        ],
        [
            -0.374532014131546,
            -0.8156901597976685,
            -0.0010750922374427319
        ],
        [
            -0.3261781334877014,
            -0.7261348366737366,
            0.020582696422934532
        ],
        [
            -0.31812751293182373,
            -0.7206180095672607,
            0.01584615372121334
        ],
        [
            -0.31744760274887085,
            -0.7294694185256958,
            0.0023995917290449142
        ],
        [
            -0.30785730481147766,
            -0.7231196761131287,
            0.0012050596997141838
        ],
        [
            -0.30886897444725037,
            -0.7140686511993408,
            0.015305533073842525
        ],
        [
            -0.2902184724807739,
            -0.7029300928115845,
            0.024922452867031097
        ],
        [
            -0.2995572090148926,
            -0.7075209617614746,
            0.018415777012705803
        ],
        [
            -0.2967706322669983,
            -0.7176565527915955,
            0.0017667487263679504
        ],
        [
            -0.29708412289619446,
            -0.7315528392791748,
            -0.014514569193124771
        ],
        [
            -0.30723100900650024,
            -0.734366774559021,
            -0.011252105236053467
        ],
        [
            -0.29843178391456604,
            -0.7489273548126221,
            -0.025430161505937576
        ],
        [
            -0.2831944227218628,
            -0.7301349639892578,
            -0.017346099019050598
        ],
        [
            -0.29023027420043945,
            -0.7526600360870361,
            -0.0283611249178648
        ],
        [
            -0.2605556845664978,
            -0.7025309801101685,
            0.0011442750692367554
        ],
        [
            -0.25427359342575073,
            -0.693706750869751,
            -0.0010618437081575394
        ],
        [
            -0.2563963234424591,
            -0.7010390758514404,
            -0.018984302878379822
        ],
        [
            -0.2624253034591675,
            -0.7100709080696106,
            -0.016896843910217285
        ],
        [
            -0.3176777958869934,
            -0.7380114793777466,
            -0.007456832565367222
        ],
        [
            -0.3569905161857605,
            -0.7889551520347595,
            -0.0041082170791924
        ],
        [
            -0.36173248291015625,
            -0.7855243682861328,
            0.005841100588440895
        ],
        [
            -0.3479638397693634,
            -0.7792216539382935,
            -0.0076315877959132195
        ],
        [
            -0.3757087290287018,
            -0.8473256826400757,
            -0.017462722957134247
        ],
        [
            -0.38163554668426514,
            -0.8380314707756042,
            -0.0028274659998714924
        ],
        [
            -0.37317323684692383,
            -0.825507402420044,
            -0.012210434302687645
        ],
        [
            -0.36811453104019165,
            -0.8362707495689392,
            -0.024842623621225357
        ],
        [
            -0.3855304419994354,
            -0.8817206025123596,
            0.0106331966817379
        ],
        [
            -0.39474454522132874,
            -0.8607587814331055,
            0.027655573561787605
        ],
        [
            -0.3888647258281708,
            -0.8512071371078491,
            0.013443542644381523
        ],
        [
            -0.3828379809856415,
            -0.8667216300964355,
            -0.002019294537603855
        ],
        [
            -0.3610510230064392,
            -0.8420014381408691,
            -0.035260818898677826
        ],
        [
            -0.34975266456604004,
            -0.8508491516113281,
            -0.047543082386255264
        ],
        [
            -0.3515738844871521,
            -0.8681862354278564,
            -0.048292458057403564
        ],
        [
            -0.3660431206226349,
            -0.8597244024276733,
            -0.03238184377551079
        ],
        [
            -0.35115090012550354,
            -0.8922992944717407,
            -0.04197871685028076
        ],
        [
            -0.3688278794288635,
            -0.882175624370575,
            -0.02342190220952034
        ],
        [
            -0.2754077911376953,
            -0.7451573610305786,
            -0.03222071751952171
        ],
        [
            -0.2834717333316803,
            -0.7625033855438232,
            -0.03580860048532486
        ],
        [
            -0.27134835720062256,
            -0.7197180986404419,
            -0.013902347534894943
        ],
        [
            -0.268062561750412,
            -0.7308969497680664,
            -0.03013743832707405
        ],
        [
            -0.34603002667427063,
            -0.9129793643951416,
            -0.030814561992883682
        ],
        [
            -0.3679756224155426,
            -0.9021426439285278,
            -0.009388096630573273
        ],
        [
            -0.29980915784835815,
            -0.8563880324363708,
            -0.07041765749454498
        ],
        [
            -0.3157636523246765,
            -0.8671075701713562,
            -0.06681115925312042
        ],
        [
            -0.32261207699775696,
            -0.8477691411972046,
            -0.06189318373799324
        ],
        [
            -0.3072735071182251,
            -0.8399770259857178,
            -0.06575078517198563
