{
    "pred_cam": [
        1.5227470397949219,
        0.21991439163684845,
        0.3217233717441559
    ],
    "pred_smpl_params": {
        "global_orient": [
            [
                [
                    -0.7726216316223145,
                    -0.05626073107123375,
                    -0.6323689818382263
                ],
                [
                    0.2568320035934448,
                    -0.9386187195777893,
                    -0.23028738796710968
                ],
                [
                    -0.5805971622467041,
                    -0.3403376340866089,
                    0.7396466732025146
                ]
            ]
        ],
        "body_pose": [
            [
                [
                    0.9991758465766907,
                    -0.0379333421587944,
                    -0.01444472000002861
                ],
                [
                    0.04058839753270149,
                    0.9373378157615662,
                    0.3460496962070465
                ],
                [
                    0.00041276091360487044,
                    -0.3463507890701294,
                    0.9381049871444702
                ]
            ],
            [
                [
                    0.989715039730072,
                    0.04058240354061127,
                    -0.137176051735878
                ],
                [
                    0.013910333625972271,
                    0.9270707368850708,
                    0.3746282160282135
                ],
                [
                    0.14237523078918457,
                    -0.3726833164691925,
                    0.9169713258743286
                ]
            ],
            [
                [
                    0.9981666207313538,
                    0.030663607642054558,
                    0.052184779196977615
                ],
                [
                    -0.008745835162699223,
                    0.9261950850486755,
                    -0.3769432008266449
                ],
                [
                    -0.059891730546951294,
                    0.3757956624031067,
                    0.9247651696205139
                ]
            ],
            [
                [
                    0.9958810806274414,
                    0.05705803260207176,
                    -0.07046443969011307
                ],
                [
                    -0.07549840956926346,
                    0.9522035717964172,
                    -0.2959870398044586
                ],
                [
                    0.05020804703235626,
                    0.3000878691673279,
                    0.9525893330574036
                ]
            ],
            [
                [
                    0.9556794166564941,
                    -0.2683931887149811,
                    -0.12100408971309662
                ],
                [
                    0.1283198446035385,
                    0.7496418356895447,
                    -0.6492851376533508
                ],
                [
                    0.2649734616279602,
                    0.6049812436103821,
                    0.7508574724197388
                ]
            ],
            [
                [
                    0.999258279800415,
                    0.006876180414110422,
                    0.037889912724494934
                ],
                [
                    -0.007835816591978073,
                    0.999650776386261,
                    0.025236932560801506
                ],
                [
                    -0.037703145295381546,
                    -0.025515111163258553,
                    0.9989631772041321
                ]
            ],
            [
                [
                    0.9866236448287964,
                    0.036758728325366974,
                    0.1588161587715149
                ],
                [
                    -0.03928940370678902,
                    0.9991456270217896,
                    0.012823275290429592
                ],
                [
                    -0.15820908546447754,
                    -0.01889153942465782,
                    0.9872249364852905
                ]
            ],
            [
                [
                    0.9833722114562988,
                    0.022685615345835686,
                    -0.18017882108688354
                ],
                [
                    0.0001478793565183878,
                    0.9920664429664612,
                    0.12571431696414948
                ],
                [
                    0.18160128593444824,
                    -0.12365062534809113,
                    0.9755672216415405
                ]
            ],
            [
                [
                    0.999585747718811,
                    0.01950572431087494,
                    0.02116030640900135
                ],
                [
                    -0.01794091984629631,
                    0.9972594380378723,
                    -0.07177521288394928
                ],
                [
                    -0.022502344101667404,
                    0.0713658556342125,
                    0.9971962571144104
                ]
            ],
            [
                [
                    0.9921261072158813,
                    -0.10430984199047089,
                    0.06931953132152557
                ],
                [
                    0.09990745037794113,
                    0.9929229021072388,
                    0.06420735269784927
                ],
                [
                    -0.0755264088511467,
                    -0.0567762516438961,
                    0.9955260753631592
                ]
            ],
            [
                [
                    0.9966508150100708,
                    0.08130922168493271,
                    0.008713065646588802
                ],
                [
                    -0.08167951554059982,
                    0.9949637055397034,
                    0.05810036137700081
                ],
                [
                    -0.003945088945329189,
                    -0.05861745402216911,
                    0.9982726573944092
                ]
            ],
            [
                [
                    0.9485918283462524,
                    -0.03776120766997337,
                    0.3142413794994354
                ],
                [
                    0.033592451363801956,
                    0.9992611408233643,
                    0.018672853708267212
                ],
                [
                    -0.31471431255340576,
                    -0.007156779058277607,
                    0.9491594433784485
                ]
            ],
            [
                [
                    0.9384878873825073,
                    0.2897055745124817,
                    -0.18791265785694122
                ],
                [
                    -0.2722778022289276,
                    0.9555244445800781,
                    0.11330430209636688
                ],
                [
                    0.21238002181053162,
                    -0.05517026409506798,
                    0.9756284952163696
                ]
            ],
            [
                [
                    0.9269697666168213,
                    -0.35443922877311707,
                    0.12288107722997665
                ],
                [
                    0.35590651631355286,
                    0.9344621300697327,
                    0.010542062111198902
                ],
                [
                    -0.11856422573328018,
                    0.033962003886699677,
                    0.9923653602600098
                ]
            ],
            [
                [
                    0.981198787689209,
                    0.0778907835483551,
                    0.1765843629837036
                ],
                [
                    -0.019387416541576385,
                    0.9500952959060669,
                    -0.31135690212249756
                ],
                [
                    -0.19202379882335663,
                    0.3020794689655304,
                    0.9337424635887146
                ]
            ],
            [
                [
                    0.8022736310958862,
                    0.5215458869934082,
                    -0.29042547941207886
                ],
                [
                    -0.469422310590744,
                    0.85173100233078,
                    0.23280224204063416
                ],
                [
                    0.3687814772129059,
                    -0.05043886601924896,
                    0.9281466007232666
                ]
            ],
            [
                [
                    0.5549827218055725,
                    -0.7886386513710022,
                    0.26465675234794617
                ],
                [
                    0.810656726360321,
                    0.5841105580329895,
                    0.04062515124678612
                ],
                [
                    -0.18662740290164948,
                    0.19199953973293304,
                    0.9634864926338196
                ]
            ],
            [
                [
                    0.6187525391578674,
                    -0.19380393624305725,
                    -0.7613049149513245
                ],
                [
                    0.37955233454704285,
                    0.9222291111946106,
                    0.0737120732665062
                ],
                [
                    0.6878119111061096,
                    -0.3345646560192108,
                    0.6441903114318848
                ]
            ],
            [
                [
                    0.16627734899520874,
                    0.36645591259002686,
                    0.9154572486877441
                ],
                [
                    -0.30707070231437683,
                    0.901462197303772,
                    -0.30507951974868774
                ],
                [
                    -0.9370482563972473,
                    -0.2303822934627533,
                    0.2624206244945526
                ]
            ],
            [
                [
                    0.9849878549575806,
                    -0.17261555790901184,
                    -0.0016837420407682657
                ],
                [
                    0.1724235862493515,
                    0.9842684268951416,
                    -0.03854565694928169
                ],
                [
                    0.0083108339458704,
                    0.03767668455839157,
                    0.9992554187774658
                ]
            ],
            [
                [
                    0.9927681684494019,
                    0.10410875082015991,
                    0.05977177992463112
                ],
                [
                    -0.11328262835741043,
                    0.9772235155105591,
                    0.17944693565368652
                ],
                [
                    -0.03972839191555977,
                    -0.1849203258752823,
                    0.9819501042366028
                ]
            ],
            [
                [
                    0.9815168976783752,
                    0.1642821878194809,
                    -0.09816349297761917
                ],
                [
                    -0.15111353993415833,
                    0.9800374507904053,
                    0.12919506430625916
                ],
                [
                    0.11742834001779556,
                    -0.11197329312562943,
                    0.9867485761642456
                ]
            ],
            [
                [
                    0.9746657013893127,
                    -0.19206586480140686,
                    0.11461824178695679
                ],
                [
                    0.18268992006778717,
                    0.9792736172676086,
                    0.08745041489601135
                ],
                [
                    -0.12903885543346405,
                    -0.06429532915353775,
                    0.989552915096283
                ]
            ]
        ],
        "betas": [
            -0.29220181703567505,
            -0.3396071493625641,
            0.20293089747428894,
            1.009261965751648,
            0.2996895909309387,
            0.022105339914560318,
            -0.10816231369972229,
            -0.04446840286254883,
            0.08364176750183105,
            -0.03361243009567261
        ]
    },
    "pred_cam_t": [
        0.21991439163684845,
        0.3217233717441559,
        25.652652740478516
    ],
    "focal_length": [
        5000.0,
        5000.0
    ],
    "pred_keypoints_3d": [
        [
            -0.2963103950023651,
            -0.7525616884231567,
            -0.0044857170432806015
        ],
        [
            -0.11951330304145813,
            -0.7141775488853455,
            -0.0625109151005745
        ],
        [
            0.03712541610002518,
            -0.6717631220817566,
            0.06844712048768997
        ],
        [
            0.1361575722694397,
            -0.4555235505104065,
            0.1328807920217514
        ],
        [
            -0.020334452390670776,
            -0.4163229465484619,
            0.3198322057723999
        ],
        [
            -0.22149984538555145,
            -0.5731288194656372,
            -0.164212167263031
        ],
        [
            -0.328037291765213,
            -0.3440040946006775,
            -0.16290383040905
        ],
        [
            -0.5447646379470825,
            -0.3058953881263733,
            -0.06276493519544601
        ],
        [
            -0.002280810382217169,
            -0.23133598268032074,
            0.02813873626291752
        ],
        [
            0.057057373225688934,
            -0.1631670892238617,
            0.09432576596736908
        ],
        [
            0.03567366674542427,
            0.11820363998413086,
            0.3313341438770294
        ],
        [
            0.019563041627407074,
            0.4951900839805603,
            0.26876598596572876
        ],
        [
            -0.04581211507320404,
            -0.12691307067871094,
            0.014402582310140133
        ],
        [
            -0.13846823573112488,
            0.17260879278182983,
            0.19141633808612823
        ],
        [
            -0.08799007534980774,
            0.5315946936607361,
            0.3120878338813782
        ],
        [
            -0.27782735228538513,
            -0.8062998056411743,
            0.017320554703474045
        ],
        [
            -0.29846081137657166,
            -0.7972690463066101,
            -0.04546203464269638
        ],
        [
            -0.177679643034935,
            -0.8430243730545044,
            0.025896772742271423
        ],
        [
            -0.22727026045322418,
            -0.8231754302978516,
            -0.11482609808444977
        ],
        [
            -0.2170335352420807,
            0.5311920046806335,
            0.4644016921520233
        ],
        [
            -0.23002135753631592,
            0.5681957006454468,
            0.39014682173728943
        ],
        [
            -0.05075838044285774,
            0.5811839699745178,
            0.2821633219718933
        ],
        [
            -0.034535422921180725,
            0.5268599390983582,
            0.4546040892601013
        ],
        [
            0.049288369715213776,
            0.5388675332069397,
            0.429140567779541
        ],
        [
            0.03419207036495209,
            0.5414247512817383,
            0.21723231673240662
        ],
        [
            0.05121096596121788,
            0.4480544924736023,
            0.25195813179016113
        ],
        [
            0.03901613876223564,
            0.06545200943946838,
            0.3041643798351288
        ],
        [
            0.1208202987909317,
            -0.29559293389320374,
            0.0891035944223404
        ],
        [
            -0.09616832435131073,
            -0.20287856459617615,
            -0.08465300500392914
        ],
        [
            -0.14098741114139557,
            0.1392340362071991,
            0.16525799036026
        ],
        [
            -0.07972997426986694,
            0.5102150440216064,
            0.27625155448913574
        ],
        [
            -0.024881362915039062,
            -0.4466390907764435,
            0.2962893843650818
        ],
        [
            0.13439840078353882,
            -0.49084630608558655,
            0.1603461056947708
        ],
        [
            0.0030380552634596825,
            -0.6903572082519531,
            0.041599076241254807
        ],
        [
            -0.2085227370262146,
            -0.6125624179840088,
            -0.1610395610332489
        ],
        [
            -0.3549029231071472,
            -0.38414162397384644,
            -0.17943313717842102
        ],
        [
            -0.5416016578674316,
            -0.32586950063705444,
            -0.07211782783269882
        ],
        [
            -0.11906518787145615,
            -0.703207790851593,
            -0.060076333582401276
        ],
        [
            -0.24267923831939697,
            -0.8722499012947083,
            -0.041473668068647385
        ],
        [
            0.011790381744503975,
            -0.24902738630771637,
            0.0019223423441872
        ],
        [
            -0.10139361768960953,
            -0.6489197611808777,
            -0.05594349279999733
        ],
        [
            -0.03082917630672455,
            -0.4879502058029175,
            -0.05062639340758324
        ],
        [
            -0.22070451080799103,
            -0.7598034739494324,
            -0.035127341747283936
        ],
        [
            -0.2427198886871338,
            -0.8928930163383484,
            -0.040682315826416016
        ]
    ],
    "pred_vertices": [
        [
            -0.3242549002170563,
            -0.8376182913780212,
            -0.055015597492456436
        ],
        [
            -0.3212811350822449,
            -0.8226953148841858,
            -0.04746748134493828
        ],
        [
            -0.3152915835380554,
            -0.8220741748809814,
            -0.060705967247486115
        ],
        [
            -0.3145435154438019,
            -0.8345284461975098,
            -0.06883437931537628
        ],
        [
            -0.3150308430194855,
            -0.8116888999938965,
            -0.05542970076203346
        ],
        [
            -0.31818339228630066,
            -0.8115848898887634,
            -0.043915797024965286
        ],
        [
            -0.3061167299747467,
            -0.819850742816925,
            -0.07075164467096329
        ],
        [
            -0.30244356393814087,
            -0.8296696543693542,
            -0.07915642112493515
        ],
        [
            -0.2817322611808777,
            -0.7918424606323242,
            -0.08037836849689484
        ],
        [
            -0.2732677757740021,
            -0.7910960912704468,
            -0.0875365138053894
        ],
        [
            -0.28021323680877686,
            -0.801778256893158,
            -0.08633081614971161
        ],
        [
            -0.2863529324531555,
            -0.7997658252716064,
            -0.07861652225255966
        ],
        [
            -0.26699554920196533,
            -0.7704662680625916,
            -0.08070185780525208
        ],
        [
            -0.26794540882110596,
            -0.7594678401947021,
            -0.07237934321165085
        ],
        [
            -0.2567279636859894,
            -0.7551658153533936,
            -0.07774727046489716
        ],
        [
            -0.25429388880729675,
            -0.7661652565002441,
            -0.08550712466239929
        ],
        [
            -0.28402256965637207,
            -0.7665241360664368,
            -0.03453674167394638
        ],
        [
            -0.28170764446258545,
            -0.7603685855865479,
            -0.03991364315152168
        ],
        [
            -0.2852247655391693,
            -0.7661190032958984,
            -0.04377848654985428
        ],
        [
            -0.28658467531204224,
            -0.7717870473861694,
            -0.037777602672576904
        ],
        [
            -0.2909545302391052,
            -0.7739880084991455,
            -0.023861046880483627
        ],
        [
            -0.2908793091773987,
            -0.7801164388656616,
            -0.025900956243276596
        ],
        [
            -0.29577258229255676,
            -0.7819566130638123,
            -0.01979948580265045
        ],
        [
            -0.29663601517677307,
            -0.7746671438217163,
            -0.01825403980910778
        ],
        [
            -0.280184805393219,
            -0.7624717950820923,
            -0.029437389224767685
        ],
        [
            -0.27744925022125244,
            -0.7563101649284363,
            -0.035232312977313995
        ],
        [
            -0.2863948941230774,
            -0.7715972661972046,
            -0.02962416037917137
        ],
        [
            -0.2858799397945404,
            -0.7670753598213196,
            -0.027117352932691574
        ],
        [
            -0.2914629876613617,
            -0.7576496005058289,
            -0.021143391728401184
        ],
        [
            -0.29278483986854553,
            -0.762264609336853,
            -0.02308543026447296
        ],
        [
            -0.29825082421302795,
            -0.7607713937759399,
            -0.017786262556910515
        ],
        [
            -0.29475995898246765,
            -0.7562180757522583,
            -0.016727054491639137
        ],
        [
            -0.2839411795139313,
            -0.7605092525482178,
            -0.02688489854335785
        ],
        [
            -0.28789323568344116,
            -0.7619468569755554,
            -0.02656196430325508
        ],
        [
            -0.2874729037284851,
            -0.7580000162124634,
            -0.02343699522316456
        ],
        [
            -0.28323954343795776,
            -0.757624626159668,
            -0.02297433279454708
        ],
        [
            -0.29144561290740967,
            -0.7690823078155518,
            -0.022620972245931625
        ],
        [
            -0.29762619733810425,
            -0.7681287527084351,
            -0.017703881487250328
        ],
        [
            -0.3032222390174866,
            -0.7669732570648193,
            -0.011711377650499344
        ],
        [
            -0.30243194103240967,
            -0.7581719160079956,
            -0.01129332184791565
        ],
        [
            -0.2733449935913086,
            -0.7494920492172241,
            -0.05218007415533066
        ],
        [
            -0.2786017656326294,
            -0.7545967102050781,
            -0.04630710557103157
        ],
        [
            -0.2750611901283264,
            -0.7507712841033936,
            -0.04127911850810051
        ],
        [
            -0.2715761363506317,
            -0.7463255524635315,
            -0.046669866889715195
        ],
        [
            -0.2791937291622162,
            -0.7560438513755798,
            -0.025085609406232834
        ],
        [
            -0.2729488015174866,
            -0.7413966655731201,
            -0.028323352336883545
        ],
        [
            -0.27494096755981445,
            -0.744683027267456,
            -0.0285678431391716
        ],
        [
            -0.27701884508132935,
            -0.7445386648178101,
            -0.02164987102150917
        ],
        [
            -0.27512627840042114,
            -0.7414745092391968,
            -0.02205619215965271
        ],
        [
            -0.2609665095806122,
            -0.739782989025116,
            -0.05961529165506363
        ],
        [
            -0.2626277208328247,
            -0.7375338077545166,
            -0.05291450396180153
        ],
        [
            -0.257399320602417,
            -0.7325042486190796,
            -0.05402778834104538
        ],
        [
            -0.25398483872413635,
            -0.7342453002929688,
            -0.06035182625055313
        ],
        [
            -0.2530568242073059,
            -0.7282594442367554,
            -0.051573753356933594
        ],
        [
            -0.2473098784685135,
            -0.7290463447570801,
            -0.059551648795604706
        ],
        [
            -0.23806536197662354,
            -0.7175900936126709,
            -0.050310149788856506
        ],
        [
            -0.24218352138996124,
            -0.7226436138153076,
            -0.055066999047994614
        ],
        [
            -0.24953651428222656,
            -0.7237144708633423,
            -0.04749996215105057
        ],
        [
            -0.24806195497512817,
            -0.7184886336326599,
            -0.04131224751472473
        ],
        [
            -0.2540796399116516,
            -0.720441997051239,
            -0.028033312410116196
        ],
        [
            -0.2540585398674011,
            -0.7189574241638184,
            -0.02168045938014984
        ],
        [
            -0.24785974621772766,
            -0.7085554599761963,
            -0.026328451931476593
        ],
        [
            -0.24796371161937714,
            -0.7125617265701294,
            -0.033299222588539124
        ],
        [
            -0.266366183757782,
            -0.7379566431045532,
            -0.029228605329990387
        ],
        [
            -0.2651880085468292,
            -0.7386651039123535,
            -0.03384767472743988
        ],
        [
            -0.26796188950538635,
            -0.7388430237770081,
            -0.0335087813436985
        ],
        [
            -0.2700362503528595,
            -0.7390180826187134,
            -0.028637632727622986
        ],
        [
            -0.2646101415157318,
            -0.7386958599090576,
            -0.03788486495614052
        ],
        [
            -0.2643515467643738,
            -0.7385845184326172,
            -0.03968198969960213
        ],
        [
            -0.26593223214149475,
            -0.7391838431358337,
            -0.03916441649198532
        ],
        [
            -0.26550358533859253,
            -0.7391107678413391,
            -0.0378744974732399
        ],
        [
            -0.2652525305747986,
            -0.7388261556625366,
            -0.03575615584850311
        ],
        [
            -0.26429080963134766,
            -0.7371729612350464,
            -0.034575484693050385
        ],
        [
            -0.26435190439224243,
            -0.7379328012466431,
            -0.03683895245194435
        ],
        [
            -0.2652854323387146,
            -0.7356793880462646,
            -0.03035132959485054
        ],
        [
            -0.26726728677749634,
            -0.73213791847229,
            -0.015995247289538383
        ],
        [
            -0.26744475960731506,
            -0.7324397563934326,
            -0.019991133362054825
        ],
        [
            -0.2682291567325592,
            -0.7370423078536987,
            -0.018958020955324173
        ],
        [
            -0.26825404167175293,
            -0.7370547652244568,
            -0.01555611751973629
        ],
        [
            -0.2679540514945984,
            -0.7404054403305054,
            -0.0372312068939209
        ],
        [
            -0.26885440945625305,
            -0.7416173219680786,
            -0.03953730687499046
        ],
        [
            -0.2719176113605499,
            -0.7430803179740906,
            -0.03493604436516762
        ],
        [
            -0.26981842517852783,
            -0.741016149520874,
            -0.03395969793200493
        ],
        [
            -0.27029991149902344,
            -0.7430599927902222,
            -0.042357124388217926
        ],
        [
            -0.2666301131248474,
            -0.7402905225753784,
            -0.04149767756462097
        ],
        [
            -0.2672767639160156,
            -0.7409237623214722,
            -0.04456348717212677
        ],
        [
            -0.2632977366447449,
            -0.7371845245361328,
            -0.03907635435461998
        ],
        [
            -0.2620152235031128,
            -0.7361006140708923,
            -0.04205618426203728
        ],
        [
            -0.26436012983322144,
            -0.7377912998199463,
            -0.04241432249546051
        ],
        [
            -0.26019287109375,
            -0.7333465814590454,
            -0.03989122435450554
        ],
        [
            -0.2624525725841522,
            -0.7354577779769897,
            -0.036301497370004654
        ],
        [
            -0.26292845606803894,
            -0.7330589890480042,
            -0.032106488943099976
        ],
        [
            -0.26384952664375305,
            -0.7306414842605591,
            -0.02673526480793953
        ],
        [
            -0.25963956117630005,
            -0.7274549603462219,
            -0.029856683686375618
        ],
        [
            -0.2595444321632385,
            -0.7302490472793579,
            -0.03555063158273697
        ],
        [
            -0.27361372113227844,
            -0.7467817664146423,
            -0.03715656325221062
        ],
        [
            -0.26358041167259216,
            -0.7376130819320679,
            -0.04696039855480194
        ],
        [
            -0.2674347758293152,
            -0.7428025007247925,
            -0.050217948853969574
        ],
        [
            -0.26032012701034546,
            -0.7339306473731995,
            -0.04707014188170433
        ],
        [
            -0.25725284218788147,
            -0.7305076122283936,
            -0.04501264914870262
        ],
        [
            -0.25500181317329407,
            -0.7269922494888306,
            -0.040257275104522705
        ],
        [
            -0.2545700669288635,
            -0.7233405709266663,
            -0.0344812236726284
        ],
        [
            -0.23462650179862976,
            -0.7056279182434082,
            -0.03151920810341835
        ],
        [
            -0.23651716113090515,
            -0.7106541395187378,
            -0.040109358727931976
        ],
        [
            -0.31142061948776245,
            -0.806450605392456,
            -0.042935051023960114
        ],
        [
            -0.31128379702568054,
            -0.8057000041007996,
            -0.05202706158161163
        ],
        [
            -0.30359819531440735,
            -0.800788402557373,
            -0.053849440068006516
        ],
        [
            -0.3050687313079834,
            -0.8026137351989746,
            -0.05553123354911804
        ],
        [
            -0.30708056688308716,
            -0.8032687902450562,
            -0.049618612974882126
        ],
        [
            -0.30490249395370483,
            -0.8009837865829468,
            -0.04933957755565643
        ],
        [
            -0.29056698083877563,
            -0.7996997237205505,
            -0.07137603312730789
        ],
        [
            -0.29400306940078735,
            -0.7998342514038086,
            -0.06539498269557953
        ],
        [
            -0.2908214032649994,
            -0.7971540093421936,
            -0.0659114420413971
        ],
        [
            -0.2872760593891144,
            -0.7938623428344727,
            -0.07300283759832382
        ],
        [
            -0.29081079363822937,
            -0.7883633375167847,
            -0.056934863328933716
        ],
        [
            -0.2898719012737274,
            -0.790404200553894,
            -0.06184080243110657
        ],
        [
            -0.29459792375564575,
            -0.7953695058822632,
            -0.05769726634025574
        ],
        [
            -0.2953290641307831,
            -0.7938705086708069,
            -0.05412735790014267
        ],
        [
            -0.29558834433555603,
            -0.793140172958374,
            -0.050043340772390366
        ],
        [
            -0.2955423593521118,
            -0.7931482791900635,
            -0.04551428183913231
        ],
        [
            -0.2923761010169983,
            -0.7887962460517883,
            -0.04624130204319954
        ],
        [
            -0.29169273376464844,
            -0.7881317734718323,
            -0.051529306918382645
        ],
        [
            -0.30689704418182373,
            -0.8044915199279785,
            -0.04325421527028084
        ],
        [
            -0.30429911613464355,
            -0.8048374652862549,
            -0.03627375140786171
        ],
        [
            -0.30253732204437256,
            -0.8023911714553833,
            -0.038031525909900665
        ],
        [
            -0.304981529712677,
            -0.8017488718032837,
            -0.043628763407468796
        ],
        [
            -0.2923751473426819,
            -0.8004240989685059,
            -0.02998834103345871
        ],
        [
            -0.2948653995990753,
            -0.8018453121185303,
            -0.030720755457878113
        ],
        [
            -0.2955441176891327,
            -0.8030778169631958,
            -0.027053043246269226
        ],
        [
            -0.2924100160598755,
            -0.7996515035629272,
            -0.02661958523094654
        ],
        [
            -0.29165419936180115,
            -0.7966432571411133,
            -0.028822625055909157
        ],
        [
            -0.29231134057044983,
            -0.7985498905181885,
            -0.03111501783132553
        ],
        [
            -0.33067941665649414,
            -0.8578864336013794,
            -0.04663625732064247
        ],
        [
            -0.3288263976573944,
            -0.840893566608429,
            -0.03965415433049202
        ],
        [
            -0.3215206563472748,
            -0.8557679653167725,
            -0.06472353637218475
        ],
        [
            -0.3092986047267914,
            -0.8505676984786987,
            -0.0774267241358757
        ],
        [
            -0.2974197268486023,
            -0.8413703441619873,
            -0.08775751292705536
        ],
        [
            -0.2590116560459137,
            -0.7460237741470337,
            -0.06848420202732086
        ],
        [
            -0.2500588297843933,
            -0.7409462928771973,
            -0.07129644602537155
        ],
        [
            -0.2452450394630432,
            -0.7517836093902588,
            -0.08210651576519012
        ],
        [
            -0.23618513345718384,
            -0.7449637651443481,
            -0.08152497559785843
        ],
        [
            -0.2415362149477005,
            -0.7339621782302856,
            -0.07005801051855087
        ],
        [
            -0.2275564819574356,
            -0.7196366786956787,
            -0.057211026549339294
        ],
        [
            -0.23415695130825043,
            -0.726212739944458,
            -0.06547553837299347
        ],
        [
            -0.22655834257602692,
            -0.7382849454879761,
            -0.07875501364469528
        ],
        [
            -0.22154411673545837,
            -0.7544682025909424,
            -0.09192195534706116
        ],
        [
            -0.23167622089385986,
            -0.757930338382721,
            -0.09138067066669464
        ],
        [
            -0.2190384864807129,
            -0.7734435200691223,
            -0.0996861681342125
        ],
        [
            -0.20849457383155823,
            -0.7517186999320984,
            -0.09077225625514984
        ],
        [
            -0.21057794988155365,
            -0.7767088413238525,
            -0.09951570630073547
        ],
        [
            -0.19691342115402222,
            -0.7207975387573242,
            -0.0689215213060379
        ],
        [
            -0.19229578971862793,
            -0.7121419310569763,
            -0.06962225586175919
        ],
        [
            -0.18841448426246643,
            -0.7210673093795776,
            -0.08639511466026306
        ],
        [
            -0.19277143478393555,
            -0.7303029298782349,
            -0.08552959561347961
        ],
        [
            -0.24223357439041138,
            -0.7618341445922852,
            -0.09000420570373535
        ],
        [
            -0.2802071273326874,
            -0.8136501312255859,
            -0.09031464904546738
        ],
        [
            -0.2878386080265045,
            -0.8093099594116211,
            -0.08314095437526703
        ],
        [
            -0.2706388235092163,
            -0.8044724464416504,
            -0.09308594465255737
        ],
        [
            -0.2926560342311859,
            -0.8754547834396362,
            -0.09767443686723709
        ],
        [
            -0.30311453342437744,
            -0.8641577959060669,
            -0.08755235373973846
        ],
        [
            -0.2925456464290619,
            -0.8529442548751831,
            -0.09624375402927399
        ],
        [
            -0.28386005759239197,
            -0.86493980884552,
            -0.10477758944034576
        ],
        [
            -0.309843510389328,
            -0.9050977230072021,
            -0.06825051456689835
        ],
        [
            -0.3242875039577484,
            -0.8823150396347046,
            -0.05879941210150719
        ],
        [
            -0.31539297103881836,
            -0.8751726150512695,
            -0.07281623780727386
        ],
        [
            -0.30389612913131714,
            -0.8922491669654846,
            -0.08225201070308685
        ],
        [
            -0.2734483778476715,
            -0.8720628619194031,
            -0.11099328100681305
        ],
        [
            -0.2590762972831726,
            -0.8818185925483704,
            -0.11700781434774399
        ],
        [
            -0.2597009837627411,
            -0.8989161252975464,
            -0.1148684024810791
        ],
        [
            -0.27871960401535034,
            -0.8893119692802429,
            -0.10670707374811172
        ],
        [
            -0.26073092222213745,
            -0.9215023517608643,
            -0.10500302165746689
        ],
        [
            -0.28344494104385376,
            -0.9100146889686584,
            -0.09477885812520981
        ],
        [
            -0.19626639783382416,
            -0.7684919834136963,
            -0.09920656681060791
        ],
        [
            -0.20187118649482727,
            -0.7871736288070679,
            -0.10249672830104828
        ],
        [
            -0.19992899894714355,
            -0.7399895191192627,
            -0.08468081057071686
        ],
        [
            -0.19150057435035706,
            -0.7529399394989014,
            -0.09696090221405029
        ],
        [
            -0.25910258293151855,
            -0.9395788311958313,
            -0.08949132263660431
        ],
        [
            -0.28653058409690857,
            -0.9272019863128662,
            -0.07813118398189545
        ],
        [
            -0.20459865033626556,
            -0.8868854641914368,
            -0.12246479094028473
        ],
        [
            -0.22047454118728638,
            -0.8983052372932434,
            -0.12167780846357346
        ],
        [
            -0.22903382778167725,
            -0.8788918256759644,
            -0.12313170731067657
        ],
        [
