{
    "pred_cam": [
        1.5230040550231934,
        0.21924477815628052,
        0.30747321248054504
    ],
    "pred_smpl_params": {
        "global_orient": [
            [
                [
                    -0.7296154499053955,
                    -0.030584154650568962,
                    -0.683173418045044
                ],
                [
                    0.2606348395347595,
                    -0.9360350370407104,
                    -0.23644855618476868
                ],
                [
                    -0.6322426795959473,
                    -0.3505752980709076,
                    0.690916895866394
                ]
            ]
        ],
        "body_pose": [
            [
                [
                    0.9990063905715942,
                    -0.042472630739212036,
                    0.013502335175871849
                ],
                [
                    0.03588353842496872,
                    0.9462298154830933,
                    0.32149890065193176
                ],
                [
                    -0.026431215927004814,
                    -0.3206949532032013,
                    0.946813702583313
                ]
            ],
            [
                [
                    0.9908190369606018,
                    0.06487420946359634,
                    -0.11861280351877213
                ],
                [
                    -0.020456502214074135,
                    0.9391862154006958,
                    0.3427983820438385
                ],
                [
                    0.13363829255104065,
                    -0.3372247517108917,
                    0.9318906664848328
                ]
            ],
            [
                [
                    0.9983870387077332,
                    0.016486963257193565,
                    0.05432787910103798
                ],
                [
                    0.005126888398081064,
                    0.926816463470459,
                    -0.3754795789718628
                ],
                [
                    -0.056542497128248215,
                    0.37515246868133545,
                    0.9252369999885559
                ]
            ],
            [
                [
                    0.9942724704742432,
                    0.10638359189033508,
                    -0.010233704932034016
                ],
                [
                    -0.10606103390455246,
                    0.9703760147094727,
                    -0.21707454323768616
                ],
                [
                    -0.013162628747522831,
                    0.21691665053367615,
                    0.9761013388633728
                ]
            ],
            [
                [
                    0.9805278182029724,
                    -0.15662604570388794,
                    -0.11846310645341873
                ],
                [
                    0.09520332515239716,
                    0.906728982925415,
                    -0.4108271300792694
                ],
                [
                    0.17176014184951782,
                    0.39154934883117676,
                    0.9039843082427979
                ]
            ],
            [
                [
                    0.9991834759712219,
                    -5.33629790879786e-05,
                    0.04040314629673958
                ],
                [
                    -0.0005633315886370838,
                    0.9998835325241089,
                    0.01525198295712471
                ],
                [
                    -0.040399253368377686,
                    -0.015262288972735405,
                    0.9990670680999756
                ]
            ],
            [
                [
                    0.9874436855316162,
                    0.04151656851172447,
                    0.1524186134338379
                ],
                [
                    -0.039632271975278854,
                    0.9990959167480469,
                    -0.015381517820060253
                ],
                [
                    -0.15291941165924072,
                    0.009147689677774906,
                    0.9881963729858398
                ]
            ],
            [
                [
                    0.9835594892501831,
                    -0.004662064369767904,
                    -0.18052412569522858
                ],
                [
                    0.019543014466762543,
                    0.9965434670448303,
                    0.08074138313531876
                ],
                [
                    0.17952372133731842,
                    -0.0829419419169426,
                    0.980250895023346
                ]
            ],
            [
                [
                    0.9995935559272766,
                    0.012492113746702671,
                    0.025624612346291542
                ],
                [
                    -0.010828167200088501,
                    0.9978863000869751,
                    -0.06407683342695236
                ],
                [
                    -0.026370899751782417,
                    0.06377332657575607,
                    0.9976159930229187
                ]
            ],
            [
                [
                    0.9916560649871826,
                    -0.09955979883670807,
                    0.08189088106155396
                ],
                [
                    0.09618424624204636,
                    0.9943820834159851,
                    0.044190581887960434
                ],
                [
                    -0.0858304351568222,
                    -0.03594524413347244,
                    0.9956610798835754
                ]
            ],
            [
                [
                    0.9943211674690247,
                    0.10599823296070099,
                    0.009470043703913689
                ],
                [
                    -0.10627821832895279,
                    0.9936518669128418,
                    0.03689086064696312
                ],
                [
                    -0.005499560851603746,
                    -0.03768782690167427,
                    0.9992743730545044
                ]
            ],
            [
                [
                    0.95038241147995,
                    -0.04326532781124115,
                    0.3080606460571289
                ],
                [
                    0.04599303752183914,
                    0.9989404082298279,
                    -0.0015954009722918272
                ],
                [
                    -0.30766525864601135,
                    0.015684885904192924,
                    0.9513652920722961
                ]
            ],
            [
                [
                    0.939978301525116,
                    0.28616172075271606,
                    -0.1858823448419571
                ],
                [
                    -0.2706109583377838,
                    0.9569681286811829,
                    0.10479336977005005
                ],
                [
                    0.20787134766578674,
                    -0.04820169508457184,
                    0.9769677519798279
                ]
            ],
            [
                [
                    0.9317074418067932,
                    -0.3457391560077667,
                    0.11129094660282135
                ],
                [
                    0.3482213020324707,
                    0.937407374382019,
                    -0.0030728925485163927
                ],
                [
                    -0.1032625287771225,
                    0.04161691665649414,
                    0.993783175945282
                ]
            ],
            [
                [
                    0.9820877313613892,
                    0.08670090138912201,
                    0.16729223728179932
                ],
                [
                    -0.03268375247716904,
                    0.9527743458747864,
                    -0.3019152879714966
                ],
                [
                    -0.18556806445121765,
                    0.29103952646255493,
                    0.9385417103767395
                ]
            ],
            [
                [
                    0.7749261856079102,
                    0.5485727787017822,
                    -0.3139384388923645
                ],
                [
                    -0.4963006377220154,
                    0.8356842398643494,
                    0.2351967692375183
                ],
                [
                    0.39137595891952515,
                    -0.026452291756868362,
                    0.9198506474494934
                ]
            ],
            [
                [
                    0.563448965549469,
                    -0.7868319749832153,
                    0.2518346905708313
                ],
                [
                    0.8061977624893188,
                    0.5902620553970337,
                    0.04044610261917114
                ],
                [
                    -0.1804727464914322,
                    0.1802392601966858,
                    0.9669247269630432
                ]
            ],
            [
                [
                    0.5980615019798279,
                    -0.20176205039024353,
                    -0.7756381034851074
                ],
                [
                    0.3711070418357849,
                    0.9275049567222595,
                    0.044878553599119186
                ],
                [
                    0.710353434085846,
                    -0.3146848976612091,
                    0.6295803189277649
                ]
            ],
            [
                [
                    0.11960986256599426,
                    0.35961979627609253,
                    0.9254010319709778
                ],
                [
                    -0.312617689371109,
                    0.8983210921287537,
                    -0.30868980288505554
                ],
                [
                    -0.9423182010650635,
                    -0.25237441062927246,
                    0.21987156569957733
                ]
            ],
            [
                [
                    0.9839038848876953,
                    -0.17862311005592346,
                    -0.005193190183490515
                ],
                [
                    0.17830105125904083,
                    0.9832377433776855,
                    -0.038108475506305695
                ],
                [
                    0.011913196183741093,
                    0.036569125950336456,
                    0.9992601275444031
                ]
            ],
            [
                [
                    0.9926332831382751,
                    0.10485085844993591,
                    0.06070674583315849
                ],
                [
                    -0.11567370593547821,
                    0.9691917896270752,
                    0.21745537221431732
                ],
                [
                    -0.03603610023856163,
                    -0.22287563979625702,
                    0.9741805195808411
                ]
            ],
            [
                [
                    0.9800625443458557,
                    0.17224033176898956,
                    -0.09904942661523819
                ],
                [
                    -0.15868568420410156,
                    0.9785372614860535,
                    0.1314670592546463
                ],
                [
                    0.11956749856472015,
                    -0.11312820017337799,
                    0.9863597750663757
                ]
            ],
            [
                [
                    0.9725276827812195,
                    -0.19910059869289398,
                    0.12061849981546402
                ],
                [
                    0.18815377354621887,
                    0.9774055480957031,
                    0.09631434082984924
                ],
                [
                    -0.1370694488286972,
                    -0.07097353786230087,
                    0.9880154728889465
                ]
            ]
        ],
        "betas": [
            -0.292977511882782,
            -0.3634449541568756,
            0.06190475821495056,
            0.6119043827056885,
            0.2885100245475769,
            -0.0044332705438137054,
            -0.08809038996696472,
            -0.07077443599700928,
            0.09277369827032089,
            -0.02886304259300232
        ]
    },
    "pred_cam_t": [
        0.21924477815628052,
        0.30747321248054504,
        25.64832305908203
    ],
    "focal_length": [
        5000.0,
        5000.0
    ],
    "pred_keypoints_3d": [
        [
            -0.28155428171157837,
            -0.7454228401184082,
            -0.018453285098075867
        ],
        [
            -0.10337959229946136,
            -0.7072937488555908,
            -0.06699871271848679
        ],
        [
            0.04136115312576294,
            -0.662028431892395,
            0.07339034229516983
        ],
        [
            0.13760653138160706,
            -0.44403380155563354,
            0.141978919506073
        ],
        [
            -0.033685654401779175,
            -0.415058970451355,
            0.3191046714782715
        ],
        [
            -0.20057961344718933,
            -0.5715508460998535,
            -0.17740130424499512
        ],
        [
            -0.3069276213645935,
            -0.34085845947265625,
            -0.17962005734443665
        ],
        [
            -0.5272945761680603,
            -0.3086286783218384,
            -0.08331543952226639
        ],
        [
            -0.0019751659128814936,
            -0.22712722420692444,
            0.028862619772553444
        ],
        [
            0.05295788124203682,
            -0.1597144603729248,
            0.10043934732675552
        ],
        [
            0.03002016991376877,
            0.12516963481903076,
            0.33634743094444275
        ],
        [
            0.01809452846646309,
            0.507575511932373,
            0.38128334283828735
        ],
        [
            -0.045446597039699554,
            -0.12245989590883255,
            0.012229064479470253
        ],
        [
            -0.14475740492343903,
            0.18384525179862976,
            0.17858712375164032
        ],
        [
            -0.10295852273702621,
            0.5320605635643005,
            0.3369649052619934
        ],
        [
            -0.26405811309814453,
            -0.798562228679657,
            0.00545104593038559
        ],
        [
            -0.2809925377368927,
            -0.7906866073608398,
            -0.058585621416568756
        ],
        [
            -0.16469897329807281,
            -0.8341836929321289,
            0.02019529789686203
        ],
        [
            -0.20562463998794556,
            -0.8167991638183594,
            -0.12308550626039505
        ],
        [
            -0.2517262399196625,
            0.5311039686203003,
            0.47078925371170044
        ],
        [
            -0.2525205612182617,
            0.5719716548919678,
            0.3980909585952759
        ],
        [
            -0.059499748051166534,
            0.5812950134277344,
            0.3163381814956665
        ],
        [
            -0.05887557566165924,
            0.4978477954864502,
            0.5614762306213379
        ],
        [
            0.027670644223690033,
            0.5126670598983765,
            0.5506559610366821
        ],
        [
            0.03808484598994255,
            0.5645391345024109,
            0.344160258769989
        ],
        [
            0.051351919770240784,
            0.4654581546783447,
            0.35557571053504944
        ],
        [
            0.03375781700015068,
            0.07155875116586685,
            0.30423974990844727
        ],
        [
            0.11652370542287827,
            -0.292599618434906,
            0.09975650161504745
        ],
        [
            -0.08901624381542206,
            -0.1972399204969406,
            -0.09120622277259827
        ],
        [
            -0.14548487961292267,
            0.15066847205162048,
            0.15127167105674744
        ],
        [
            -0.09015877544879913,
            0.512942373752594,
            0.3010382652282715
        ],
        [
            -0.03480929881334305,
            -0.445665180683136,
            0.29523223638534546
        ],
        [
            0.13481681048870087,
            -0.47975295782089233,
            0.16957184672355652
        ],
        [
            0.009909991174936295,
            -0.6808732748031616,
            0.04482339322566986
        ],
        [
            -0.18731342256069183,
            -0.6100283265113831,
            -0.17213717103004456
        ],
        [
            -0.3332802355289459,
            -0.3815443217754364,
            -0.19727078080177307
        ],
        [
            -0.5232881903648376,
            -0.32853636145591736,
            -0.09265570342540741
        ],
        [
            -0.10414937138557434,
            -0.6971124410629272,
            -0.06437370926141739
        ],
        [
            -0.22438254952430725,
            -0.8651434183120728,
            -0.05012351647019386
        ],
        [
            0.013245554640889168,
            -0.2448219358921051,
            0.0037975208833813667
        ],
        [
            -0.08794797211885452,
            -0.6428117156028748,
            -0.05956829711794853
        ],
        [
            -0.02048148587346077,
            -0.48090898990631104,
            -0.052188288420438766
        ],
        [
            -0.20470833778381348,
            -0.7522785663604736,
            -0.04417068883776665
        ],
        [
            -0.22437940537929535,
            -0.8857654333114624,
            -0.04912945628166199
        ]
    ],
    "pred_vertices": [
        [
            -0.3058478832244873,
            -0.831761360168457,
            -0.0692446231842041
        ],
        [
            -0.3035925030708313,
            -0.8166031837463379,
            -0.06169768050312996
        ],
        [
            -0.2967797815799713,
            -0.8160892724990845,
            -0.07459678500890732
        ],
        [
            -0.29523801803588867,
            -0.828690230846405,
            -0.0823938399553299
        ],
        [
            -0.2968662679195404,
            -0.8055869340896606,
            -0.06945018470287323
        ],
        [
            -0.3006677031517029,
            -0.8053874969482422,
            -0.05822181701660156
        ],
        [
            -0.28700459003448486,
            -0.8138325810432434,
            -0.08412621915340424
        ],
        [
            -0.2826577126979828,
            -0.8237637877464294,
            -0.09207521378993988
        ],
        [
            -0.26222169399261475,
            -0.7857586741447449,
            -0.0923910140991211
        ],
        [
            -0.25340506434440613,
            -0.7850956916809082,
            -0.09901051223278046
        ],
        [
            -0.26026391983032227,
            -0.7958530783653259,
            -0.09812387079000473
        ],
        [
            -0.26689574122428894,
            -0.7936967611312866,
            -0.09091223776340485
        ],
        [
            -0.24775710701942444,
            -0.764234721660614,
            -0.09217788279056549
        ],
        [
            -0.24932241439819336,
            -0.7531049251556396,
            -0.08411505818367004
        ],
        [
            -0.237749382853508,
            -0.7488234043121338,
            -0.08875463157892227
        ],
        [
            -0.23469561338424683,
            -0.7599336504936218,
            -0.09613794088363647
        ],
        [
            -0.267578661441803,
            -0.7595674991607666,
            -0.04728344827890396
        ],
        [
            -0.26506131887435913,
            -0.7534973621368408,
            -0.05260137468576431
        ],
        [
            -0.26830393075942993,
            -0.7593502402305603,
            -0.05660577490925789
        ],
        [
            -0.26992693543434143,
            -0.7649307250976562,
            -0.0506245456635952
        ],
        [
            -0.2749321460723877,
            -0.7670016288757324,
            -0.03706410899758339
        ],
        [
            -0.2747424840927124,
            -0.7731636762619019,
            -0.03900054842233658
        ],
        [
            -0.27984943985939026,
            -0.7749853134155273,
            -0.033156879246234894
        ],
        [
            -0.28081798553466797,
            -0.7677006721496582,
            -0.03178511559963226
        ],
        [
            -0.26397839188575745,
            -0.7554469108581543,
            -0.04202692583203316
        ],
        [
            -0.26105016469955444,
            -0.7493813037872314,
            -0.047740623354911804
        ],
        [
            -0.2701253890991211,
            -0.7645953297615051,
            -0.04249382019042969
        ],
        [
            -0.2697485685348511,
            -0.7600773572921753,
            -0.04010513052344322
        ],
        [
            -0.2756456136703491,
            -0.7506412267684937,
            -0.03461407497525215
        ],
        [
            -0.2768038511276245,
            -0.7553154230117798,
            -0.036552924662828445
        ],
        [
            -0.28254371881484985,
            -0.7538618445396423,
            -0.03163706883788109
        ],
        [
            -0.2791808843612671,
            -0.7492352724075317,
            -0.030442625284194946
        ],
        [
            -0.2678476572036743,
            -0.7535240054130554,
            -0.03983507305383682
        ],
        [
            -0.27174752950668335,
            -0.7549937963485718,
            -0.0397353395819664
        ],
        [
            -0.27154749631881714,
            -0.7509768009185791,
            -0.03665775805711746
        ],
        [
            -0.26739299297332764,
            -0.7505704760551453,
            -0.03592886030673981
        ],
        [
            -0.2754492163658142,
            -0.7621105909347534,
            -0.03593103587627411
        ],
        [
            -0.2818472683429718,
            -0.7611850500106812,
            -0.03140149638056755
        ],
        [
            -0.28771159052848816,
            -0.7600234746932983,
            -0.025779355317354202
        ],
        [
            -0.2871399223804474,
            -0.7512170076370239,
            -0.025503957644104958
        ],
        [
            -0.25605741143226624,
            -0.7428405284881592,
            -0.06446812301874161
        ],
        [
            -0.2616105377674103,
            -0.7478674054145813,
            -0.0588822066783905
        ],
        [
            -0.2583744525909424,
            -0.7439556121826172,
            -0.05369976907968521
        ],
        [
            -0.25459879636764526,
            -0.7396140098571777,
            -0.05890345573425293
        ],
        [
            -0.26330098509788513,
            -0.749017596244812,
            -0.037806540727615356
        ],
        [
            -0.25707417726516724,
            -0.7345121502876282,
            -0.04089699685573578
        ],
        [
            -0.2589810788631439,
            -0.7378014922142029,
            -0.0411963053047657
        ],
        [
            -0.26147550344467163,
            -0.7375749349594116,
            -0.03441915661096573
        ],
        [
            -0.2596453130245209,
            -0.7345119118690491,
            -0.03476586937904358
        ],
        [
            -0.2432890087366104,
            -0.7332781553268433,
            -0.07124117016792297
        ],
        [
            -0.24532338976860046,
            -0.7309656143188477,
            -0.06467009335756302
        ],
        [
            -0.24009579420089722,
            -0.7259770631790161,
            -0.06552598625421524
        ],
        [
            -0.236341655254364,
            -0.7277414798736572,
            -0.07160653918981552
        ],
        [
            -0.23604165017604828,
            -0.7216625213623047,
            -0.06286758184432983
        ],
        [
            -0.22984139621257782,
            -0.7225053310394287,
            -0.0704769417643547
        ],
        [
            -0.221310555934906,
            -0.7108888626098633,
            -0.060966525226831436
        ],
        [
            -0.2250857800245285,
            -0.7160126566886902,
            -0.06584182381629944
        ],
        [
            -0.23280595242977142,
            -0.7170735597610474,
            -0.058692850172519684
        ],
        [
            -0.23173066973686218,
            -0.7118058800697327,
            -0.05250449478626251
        ],
        [
            -0.23848043382167816,
            -0.7135722041130066,
            -0.039685215801000595
        ],
        [
            -0.23881074786186218,
            -0.7119871377944946,
            -0.03337836265563965
        ],
        [
            -0.23244410753250122,
            -0.7016469240188599,
            -0.037781972438097
        ],
        [
            -0.23215214908123016,
            -0.7057738304138184,
            -0.04460758715867996
        ],
        [
            -0.2504606246948242,
            -0.7310448884963989,
            -0.04135840758681297
        ],
        [
            -0.2490038275718689,
            -0.7318117618560791,
            -0.045882511883974075
        ],
        [
            -0.2517782747745514,
            -0.7320042252540588,
            -0.04571683332324028
        ],
        [
            -0.2541516125202179,
            -0.7321182489395142,
            -0.04099312797188759
        ],
        [
            -0.24819156527519226,
            -0.7319061160087585,
            -0.04985560476779938
        ],
        [
            -0.2478201687335968,
            -0.7318248748779297,
            -0.0516219362616539
        ],
        [
            -0.24941480159759521,
            -0.7324097156524658,
            -0.05120721086859703
        ],
        [
            -0.2490546852350235,
            -0.7323364019393921,
            -0.049898356199264526
        ],
        [
            -0.24894431233406067,
            -0.7320277690887451,
            -0.047777481377124786
        ],
        [
            -0.24807438254356384,
            -0.7303836345672607,
            -0.0465637668967247
        ],
        [
            -0.2480117380619049,
            -0.7311457395553589,
            -0.04880664125084877
        ],
        [
            -0.24932728707790375,
            -0.7288609147071838,
            -0.04243003576993942
        ],
        [
            -0.25232648849487305,
            -0.7249971032142639,
            -0.028406895697116852
        ],
        [
            -0.25218909978866577,
            -0.725402295589447,
            -0.03230319172143936
        ],
        [
            -0.2529519200325012,
            -0.7299534678459167,
            -0.03125498443841934
        ],
        [
            -0.25324761867523193,
            -0.7298875451087952,
            -0.027948666363954544
        ],
        [
            -0.2515547275543213,
            -0.7336291670799255,
            -0.04946722835302353
        ],
        [
            -0.2522633373737335,
            -0.7348446249961853,
            -0.05171509087085724
        ],
        [
            -0.2555590271949768,
            -0.7362812757492065,
            -0.04730219021439552
        ],
        [
            -0.2535678744316101,
            -0.7341833710670471,
            -0.04623620957136154
        ],
        [
            -0.25353994965553284,
            -0.7363406419754028,
            -0.05457581579685211
        ],
        [
            -0.2499549388885498,
            -0.7335600852966309,
            -0.053542546927928925
        ],
        [
            -0.2504766881465912,
            -0.7342245578765869,
            -0.05668114125728607
        ],
        [
            -0.24683056771755219,
            -0.7304350137710571,
            -0.05097478628158569
        ],
        [
            -0.24537092447280884,
            -0.7293976545333862,
            -0.05386306345462799
        ],
        [
            -0.24767664074897766,
            -0.7310752272605896,
            -0.05434972792863846
        ],
        [
            -0.2437274158000946,
            -0.7266329526901245,
            -0.05164680629968643
        ],
        [
            -0.2461785078048706,
            -0.7286900281906128,
            -0.04819142073392868
        ],
        [
            -0.24693560600280762,
            -0.726264476776123,
            -0.04408200830221176
        ],
        [
            -0.24823597073554993,
            -0.7237544655799866,
            -0.038842350244522095
        ],
        [
            -0.24388134479522705,
            -0.7206193208694458,
            -0.04173843190073967
        ],
        [
            -0.24338212609291077,
            -0.7234989404678345,
            -0.047339048236608505
        ],
        [
            -0.25714677572250366,
            -0.7399797439575195,
            -0.04963336139917374
        ],
        [
            -0.24663087725639343,
            -0.7309533357620239,
            -0.05882105976343155
        ],
        [
            -0.2502686083316803,
            -0.736143171787262,
            -0.06221557408571243
        ],
        [
            -0.24339869618415833,
            -0.7273039817810059,
            -0.05876919627189636
        ],
        [
            -0.24051064252853394,
            -0.723861813545227,
            -0.05658671259880066
        ],
        [
            -0.2386595904827118,
            -0.7202662229537964,
            -0.05175645649433136
        ],
        [
            -0.23856380581855774,
            -0.7165651321411133,
            -0.04607963189482689
        ],
        [
            -0.2190600335597992,
            -0.6985330581665039,
            -0.0422983318567276
        ],
        [
            -0.22042256593704224,
            -0.703711211681366,
            -0.05084329843521118
        ],
        [
            -0.29396429657936096,
            -0.8000888228416443,
            -0.05686579644680023
        ],
        [
            -0.2933177947998047,
            -0.7994816899299622,
            -0.06594811379909515
        ],
        [
            -0.2856443524360657,
            -0.7944055795669556,
            -0.06734608113765717
        ],
        [
            -0.2869325876235962,
            -0.7963145971298218,
            -0.0689941793680191
        ],
        [
            -0.2893262803554535,
            -0.7969001531600952,
            -0.0633055716753006
        ],
        [
            -0.28720250725746155,
            -0.794552206993103,
            -0.06291510164737701
        ],
        [
            -0.2715151011943817,
            -0.7935449481010437,
            -0.083989217877388
        ],
        [
            -0.2753421664237976,
            -0.7935816049575806,
            -0.07826186716556549
        ],
        [
            -0.27219367027282715,
            -0.7908594608306885,
            -0.07862252742052078
        ],
        [
            -0.26819169521331787,
            -0.7876626253128052,
            -0.0854872614145279
        ],
        [
            -0.2728179693222046,
            -0.7819740772247314,
            -0.06978288292884827
        ],
        [
            -0.27157723903656006,
            -0.784072995185852,
            -0.07459710538387299
        ],
        [
            -0.2764557898044586,
            -0.7890439033508301,
            -0.07065226137638092
        ],
        [
            -0.2774215340614319,
            -0.7874788045883179,
            -0.06717242300510406
        ],
        [
            -0.2779407203197479,
            -0.7866623401641846,
            -0.06314084678888321
        ],
        [
            -0.27818161249160767,
            -0.7865536212921143,
            -0.058632027357816696
        ],
        [
            -0.2750379741191864,
            -0.7822040915489197,
            -0.05923702195286751
        ],
        [
            -0.2740411162376404,
            -0.7816430330276489,
            -0.0644671618938446
        ],
        [
            -0.2894645929336548,
            -0.7980582118034363,
            -0.05690983682870865
        ],
        [
            -0.2873029112815857,
            -0.7982114553451538,
            -0.04978078603744507
        ],
        [
            -0.2854601740837097,
            -0.7957603335380554,
            -0.051448527723550797
        ],
        [
            -0.2875959575176239,
            -0.7952375411987305,
            -0.057197801768779755
        ],
        [
            -0.27579426765441895,
            -0.7934762239456177,
            -0.04287603870034218
        ],
        [
            -0.27823206782341003,
            -0.7949256300926208,
            -0.043726690113544464
        ],
        [
            -0.2791169285774231,
            -0.7960748672485352,
            -0.040116481482982635
        ],
        [
            -0.2760410010814667,
            -0.7926655411720276,
            -0.039536748081445694
        ],
        [
            -0.2751825153827667,
            -0.7897080183029175,
            -0.041743867099285126
        ],
        [
            -0.2756642699241638,
            -0.791655421257019,
            -0.044036347419023514
        ],
        [
            -0.3124289810657501,
            -0.852334201335907,
            -0.060783278197050095
        ],
        [
            -0.3114968538284302,
            -0.8349495530128479,
            -0.05405294522643089
        ],
        [
            -0.30205270648002625,
            -0.8503623008728027,
            -0.078338123857975
        ],
        [
            -0.2893271744251251,
            -0.8449580073356628,
            -0.0903833732008934
        ],
        [
            -0.27690911293029785,
            -0.8355382680892944,
            -0.10010829567909241
        ],
        [
            -0.2407124936580658,
            -0.7396137714385986,
            -0.07983171194791794
        ],
        [
            -0.2316768616437912,
            -0.7345359921455383,
            -0.0821504220366478
        ],
        [
            -0.22610291838645935,
            -0.7454164028167725,
            -0.09243633598089218
        ],
        [
            -0.2172289490699768,
            -0.7385877966880798,
            -0.09144626557826996
        ],
        [
            -0.22341804206371307,
            -0.7274990081787109,
            -0.08055312931537628
        ],
        [
            -0.21049083769321442,
            -0.7127712965011597,
            -0.06735949218273163
        ],
        [
            -0.21646103262901306,
            -0.7195900678634644,
            -0.07575470209121704
        ],
        [
            -0.20797964930534363,
            -0.7318289279937744,
            -0.08826768398284912
        ],
        [
            -0.2019500732421875,
            -0.7481542825698853,
            -0.10068418830633163
        ],
        [
            -0.21199029684066772,
            -0.7516112327575684,
            -0.10068711638450623
        ],
        [
            -0.19886834919452667,
            -0.7671656608581543,
            -0.10800321400165558
        ],
        [
            -0.18925009667873383,
            -0.745236873626709,
            -0.09896282851696014
        ],
        [
            -0.19051575660705566,
            -0.7703788876533508,
            -0.10721713304519653
        ],
        [
            -0.1800815761089325,
            -0.7144590616226196,
            -0.07749253511428833
        ],
        [
            -0.17582347989082336,
            -0.7061829566955566,
            -0.07812497764825821
        ],
        [
            -0.17068693041801453,
            -0.7152951955795288,
            -0.09418056160211563
        ],
        [
            -0.17477476596832275,
            -0.7241610288619995,
            -0.0934642031788826
        ],
        [
            -0.2224140465259552,
            -0.7555540800094604,
            -0.09991447627544403
        ],
        [
            -0.25982993841171265,
            -0.8076719641685486,
            -0.10205359756946564
        ],
        [
            -0.2680049538612366,
            -0.8033279180526733,
            -0.09535212814807892
        ],
        [
            -0.25039419531822205,
            -0.7984206676483154,
            -0.10439909249544144
        ],
        [
            -0.2708638310432434,
            -0.870030403137207,
            -0.10912176221609116
        ],
        [
            -0.2821698784828186,
            -0.8585900068283081,
            -0.0998411774635315
        ],
        [
            -0.27125757932662964,
            -0.8473596572875977,
            -0.10804663598537445
        ],
        [
            -0.26187920570373535,
            -0.8593049049377441,
            -0.11584152281284332
        ],
        [
            -0.28934770822525024,
            -0.899605393409729,
            -0.08055818825960159
        ],
        [
            -0.3047897517681122,
            -0.8769208192825317,
            -0.07224051654338837
        ],
        [
            -0.29532045125961304,
            -0.8697718381881714,
            -0.08593406528234482
        ],
        [
            -0.28284406661987305,
            -0.8868091702461243,
            -0.09439820051193237
        ],
        [
            -0.25098150968551636,
            -0.8664909601211548,
            -0.1213880404829979
        ],
        [
            -0.23618055880069733,
            -0.8761143684387207,
            -0.12630969285964966
        ],
        [
            -0.23643630743026733,
            -0.8931388258934021,
            -0.1237645298242569
        ],
        [
            -0.2560591399669647,
            -0.8839098811149597,
            -0.1171068549156189
        ],
        [
            -0.237611323595047,
            -0.91551673412323,
            -0.11374282836914062
        ],
        [
            -0.26114246249198914,
            -0.9043931365013123,
            -0.10524037480354309
        ],
        [
            -0.17651231586933136,
            -0.7620890736579895,
            -0.10630099475383759
        ],
        [
            -0.18167005479335785,
            -0.7807744741439819,
            -0.10956469178199768
        ],
        [
            -0.18152084946632385,
            -0.7335500717163086,
            -0.09279276430606842
        ],
        [
            -0.17221878468990326,
            -0.7466883659362793,
            -0.10409688949584961
        ],
        [
            -0.23667268455028534,
            -0.9330604076385498,
            -0.09788472950458527
        ],
        [
            -0.264858603477478,
            -0.9212437868118286,
            -0.0885930061340332
        ],
        [
            -0.18168966472148895,
            -0.8803485631942749,
            -0.12792721390724182
        ],
        [
            -0.19720876216888428,
            -0.8920150995254517,
            -0.1280101239681244
        ],
        [
            -0.20604395866394043,
            -0.8727952241897583,
            -0.13057856261730194
        ],
        [
