{
    "pred_cam": [
        1.5319645404815674,
        0.21739508211612701,
        0.3120770752429962
    ],
    "pred_smpl_params": {
        "global_orient": [
            [
                [
                    -0.6724891066551208,
                    0.01347554475069046,
                    -0.7399842739105225
                ],
                [
                    0.2510339617729187,
                    -0.9364102482795715,
                    -0.24518930912017822
                ],
                [
                    -0.6962329149246216,
                    -0.35064834356307983,
                    0.6263428926467896
                ]
            ]
        ],
        "body_pose": [
            [
                [
                    0.998596727848053,
                    -0.018849393352866173,
                    0.0494903065264225
                ],
                [
                    0.0026978887617588043,
                    0.9514066576957703,
                    0.30792567133903503
                ],
                [
                    -0.052889611572027206,
                    -0.3073600232601166,
                    0.9501224160194397
                ]
            ],
            [
                [
                    0.9888995885848999,
                    0.11244466155767441,
                    -0.09712809324264526
                ],
                [
                    -0.07607581466436386,
                    0.944669246673584,
                    0.3190806210041046
                ],
                [
                    0.12763284146785736,
                    -0.3081495761871338,
                    0.942737340927124
                ]
            ],
            [
                [
                    0.9982434511184692,
                    -0.005786743946373463,
                    0.058962590992450714
                ],
                [
                    0.026994744315743446,
                    0.9303339123725891,
                    -0.3657187223434448
                ],
                [
                    -0.05273857340216637,
                    0.3666679561138153,
                    0.9288559556007385
                ]
            ],
            [
                [
                    0.9888409972190857,
                    0.14136415719985962,
                    0.047006361186504364
                ],
                [
                    -0.12934622168540955,
                    0.971243143081665,
                    -0.19989041984081268
                ],
                [
                    -0.07391194999217987,
                    0.19157975912094116,
                    0.978689968585968
                ]
            ],
            [
                [
                    0.9940289258956909,
                    -0.07301141321659088,
                    -0.08109091967344284
                ],
                [
                    0.05120766535401344,
                    0.9683772921562195,
                    -0.2441786676645279
                ],
                [
                    0.09635443240404129,
                    0.23856820166110992,
                    0.96633380651474
                ]
            ],
            [
                [
                    0.9988991618156433,
                    -0.014439519494771957,
                    0.044632457196712494
                ],
                [
                    0.01331988163292408,
                    0.9995916485786438,
                    0.025282125920057297
                ],
                [
                    -0.044979289174079895,
                    -0.024659791961312294,
                    0.9986835718154907
                ]
            ],
            [
                [
                    0.9895089268684387,
                    0.03731997683644295,
                    0.13956864178180695
                ],
                [
                    -0.038182854652404785,
                    0.9992645978927612,
                    0.0035086385905742645
                ],
                [
                    -0.1393350511789322,
                    -0.008800950832664967,
                    0.990206241607666
                ]
            ],
            [
                [
                    0.9843848943710327,
                    -0.020324580371379852,
                    -0.17485256493091583
                ],
                [
                    0.03128707408905029,
                    0.9976977109909058,
                    0.060169171541929245
                ],
                [
                    0.17322710156440735,
                    -0.06470023840665817,
                    0.9827544689178467
                ]
            ],
            [
                [
                    0.9992516040802002,
                    0.009795745834708214,
                    0.03742005303502083
                ],
                [
                    -0.006774511653929949,
                    0.9967695474624634,
                    -0.08002815395593643
                ],
                [
                    -0.03808310627937317,
                    0.07971476018428802,
                    0.9960899353027344
                ]
            ],
            [
                [
                    0.9921963810920715,
                    -0.089647576212883,
                    0.08665842562913895
                ],
                [
                    0.08763757348060608,
                    0.9957935810089111,
                    0.026734979823231697
                ],
                [
                    -0.08869063854217529,
                    -0.018931817263364792,
                    0.9958792924880981
                ]
            ],
            [
                [
                    0.9925873875617981,
                    0.12112235277891159,
                    -0.00998526532202959
                ],
                [
                    -0.12071704119443893,
                    0.9920939803123474,
                    0.034306030720472336
                ],
                [
                    0.014061549678444862,
                    -0.03284633904695511,
                    0.999361515045166
                ]
            ],
            [
                [
                    0.9576282501220703,
                    -0.027576006948947906,
                    0.2866837680339813
                ],
                [
                    0.03939364477992058,
                    0.9985916614532471,
                    -0.03553495556116104
                ],
                [
                    -0.2853001356124878,
                    0.04532279819250107,
                    0.9573659300804138
                ]
            ],
            [
                [
                    0.9409806132316589,
                    0.30110296607017517,
                    -0.1545720249414444
                ],
                [
                    -0.28668907284736633,
                    0.9518187642097473,
                    0.1088593453168869
                ],
                [
                    0.17990243434906006,
                    -0.05812041833996773,
                    0.981965959072113
                ]
            ],
            [
                [
                    0.9395984411239624,
                    -0.33192068338394165,
                    0.08356665819883347
                ],
                [
                    0.3335019052028656,
                    0.9427343606948853,
                    -0.005323152523487806
                ],
                [
                    -0.07701430469751358,
                    0.032871268689632416,
                    0.9964879155158997
                ]
            ],
            [
                [
                    0.9825859069824219,
                    0.0846787616610527,
                    0.16539156436920166
                ],
                [
                    -0.02829100750386715,
                    0.9479200839996338,
                    -0.3172493278980255
                ],
                [
                    -0.18364226818084717,
                    0.3070456385612488,
                    0.9338085651397705
                ]
            ],
            [
                [
                    0.7308613061904907,
                    0.6043106913566589,
                    -0.3172544836997986
                ],
                [
                    -0.5392012596130371,
                    0.7962015867233276,
                    0.2744542360305786
                ],
                [
                    0.4184541404247284,
                    -0.029523951932787895,
                    0.9077579975128174
                ]
            ],
            [
                [
                    0.5649807453155518,
                    -0.7939563989639282,
                    0.22456613183021545
                ],
                [
                    0.8036400079727173,
                    0.5911853313446045,
                    0.06828387081623077
                ],
                [
                    -0.18697461485862732,
                    0.1418912410736084,
                    0.9720634818077087
                ]
            ],
            [
                [
                    0.5601626634597778,
                    -0.2192799299955368,
                    -0.7988330125808716
                ],
                [
                    0.42902010679244995,
                    0.9017200469970703,
                    0.053317684680223465
                ],
                [
                    0.7086321711540222,
                    -0.37258195877075195,
                    0.5991854071617126
                ]
            ],
            [
                [
                    0.1345822513103485,
                    0.3621484637260437,
                    0.9223536252975464
                ],
                [
                    -0.39906615018844604,
                    0.8718075156211853,
                    -0.2840738296508789
                ],
                [
                    -0.9069916605949402,
                    -0.3298487961292267,
                    0.2618510127067566
                ]
            ],
            [
                [
                    0.983268678188324,
                    -0.18209011852741241,
                    0.005102576222270727
                ],
                [
                    0.1819252222776413,
                    0.9830338954925537,
                    0.023402592167258263
                ],
                [
                    -0.009277385659515858,
                    -0.022082746028900146,
                    0.9997132420539856
                ]
            ],
            [
                [
                    0.992473304271698,
                    0.11357826739549637,
                    0.04578937962651253
                ],
                [
                    -0.12118357419967651,
                    0.964748203754425,
                    0.23361381888389587
                ],
                [
                    -0.017641767859458923,
                    -0.23740440607070923,
                    0.9712506532669067
                ]
            ],
            [
                [
                    0.9790760278701782,
                    0.175930917263031,
                    -0.10226646065711975
                ],
                [
                    -0.16415564715862274,
                    0.9798227548599243,
                    0.11401853710412979
                ],
                [
                    0.12026239931583405,
                    -0.09484519809484482,
                    0.9882010221481323
                ]
            ],
            [
                [
                    0.9731309413909912,
                    -0.20032642781734467,
                    0.1135142594575882
                ],
                [
                    0.189470112323761,
                    0.9768234491348267,
                    0.09958477318286896
                ],
                [
                    -0.13083283603191376,
                    -0.07540147006511688,
                    0.9885330200195312
                ]
            ]
        ],
        "betas": [
            -0.2694924771785736,
            -0.2425675094127655,
            0.13603049516677856,
            0.7402198314666748,
            0.2542097568511963,
            0.022085580974817276,
            -0.07604220509529114,
            -0.0685015618801117,
            0.11384286731481552,
            -0.027239501476287842
        ]
    },
    "pred_cam_t": [
        0.21739508211612701,
        0.3120770752429962,
        25.498306274414062
    ],
    "focal_length": [
        5000.0,
        5000.0
    ],
    "pred_keypoints_3d": [
        [
            -0.2606818675994873,
            -0.7530398368835449,
            -0.03226182609796524
        ],
        [
            -0.07898451387882233,
            -0.7160661816596985,
            -0.06758180260658264
        ],
        [
            0.049986377358436584,
            -0.6623642444610596,
            0.08348618447780609
        ],
        [
            0.1314193457365036,
            -0.44032853841781616,
            0.15801149606704712
        ],
        [
            -0.034613415598869324,
            -0.42780643701553345,
            0.34234875440597534
        ],
        [
            -0.16583965718746185,
            -0.5865535140037537,
            -0.19403976202011108
        ],
        [
            -0.27069705724716187,
            -0.355025053024292,
            -0.20125235617160797
        ],
        [
            -0.5061829686164856,
            -0.33748477697372437,
            -0.14395123720169067
        ],
        [
            -0.002137322910130024,
            -0.22843191027641296,
            0.02795812487602234
        ],
        [
            0.04498489573597908,
            -0.1600358784198761,
            0.1033238098025322
        ],
        [
            0.016553720459342003,
            0.12290236353874207,
            0.34244856238365173
        ],
        [
            0.003235992044210434,
            0.489785373210907,
            0.46100378036499023
        ],
        [
            -0.0444566048681736,
            -0.1244286522269249,
            0.007635265588760376
        ],
        [
            -0.15346629917621613,
            0.1829119324684143,
            0.16774414479732513
        ],
        [
            -0.11713443696498871,
            0.5194435715675354,
            0.3521149754524231
        ],
        [
            -0.24505352973937988,
            -0.8055866360664368,
            -0.005130589008331299
        ],
        [
            -0.2572089731693268,
            -0.7999390959739685,
            -0.07048837840557098
        ],
        [
            -0.1474909782409668,
            -0.8409852981567383,
            0.01827123761177063
        ],
        [
            -0.17728832364082336,
            -0.8285242319107056,
            -0.1281639039516449
        ],
        [
            -0.2838902771472931,
            0.5171065330505371,
            0.4631210267543793
        ],
        [
            -0.2729373574256897,
            0.5622278451919556,
            0.3938886523246765
        ],
        [
            -0.06932364404201508,
            0.5676765441894531,
            0.34155112504959106
        ],
        [
            -0.09807898104190826,
            0.4517364203929901,
            0.6257359981536865
        ],
        [
            -0.010431423783302307,
            0.46501100063323975,
            0.6282621622085571
        ],
        [
            0.02907869592308998,
            0.55173659324646,
            0.437751442193985
        ],
        [
            0.03878874331712723,
            0.45196428894996643,
            0.4315941333770752
        ],
        [
            0.021018359810113907,
            0.07004193961620331,
            0.30650633573532104
        ],
        [
            0.10770035535097122,
            -0.29231977462768555,
            0.10817936062812805
        ],
        [
            -0.07776057720184326,
            -0.20007039606571198,
            -0.09819345921278
        ],
        [
            -0.15206798911094666,
            0.15020352602005005,
            0.13967931270599365
        ],
        [
            -0.10022343695163727,
            0.5015629529953003,
            0.31732437014579773
        ],
        [
            -0.03446616977453232,
            -0.45819029211997986,
            0.3182278573513031
        ],
        [
            0.13038265705108643,
            -0.47690868377685547,
            0.18434205651283264
        ],
        [
            0.02168136090040207,
            -0.6826819777488708,
            0.05292435362935066
        ],
        [
            -0.15242712199687958,
            -0.6236730813980103,
            -0.184010311961174
        ],
        [
            -0.2935209274291992,
            -0.3954107165336609,
            -0.22518187761306763
        ],
        [
            -0.49951958656311035,
            -0.3562723994255066,
            -0.1544111967086792
        ],
        [
            -0.07978568971157074,
            -0.7058285474777222,
            -0.06650370359420776
        ],
        [
            -0.2019939422607422,
            -0.8741121888160706,
            -0.054977335035800934
        ],
        [
            0.014470631256699562,
            -0.24627985060214996,
            0.004584248177707195
        ],
        [
            -0.06527804583311081,
            -0.6505524516105652,
            -0.061579130589962006
        ],
        [
            -0.007495434023439884,
            -0.48553603887557983,
            -0.051529984921216965
        ],
        [
            -0.1821579486131668,
            -0.7612606287002563,
            -0.051657676696777344
        ],
        [
            -0.2022305130958557,
            -0.8946056365966797,
            -0.05329640209674835
        ]
    ],
    "pred_vertices": [
        [
            -0.2817307114601135,
            -0.8411828875541687,
            -0.08161123842000961
        ],
        [
            -0.27990537881851196,
            -0.8257451057434082,
            -0.07448427379131317
        ],
        [
            -0.27216610312461853,
            -0.8257213234901428,
            -0.08689838647842407
        ],
        [
            -0.27006739377975464,
            -0.8385878801345825,
            -0.09399409592151642
        ],
        [
            -0.2724599540233612,
            -0.8151434659957886,
            -0.0821022167801857
        ],
        [
            -0.27710795402526855,
            -0.8144481182098389,
            -0.0712951198220253
        ],
        [
            -0.2616332173347473,
            -0.8238811492919922,
            -0.09575945138931274
        ],
        [
            -0.25672969222068787,
            -0.834026575088501,
            -0.10293786227703094
        ],
        [
            -0.23592381179332733,
            -0.7963976860046387,
            -0.10291585326194763
        ],
        [
            -0.2265995293855667,
            -0.7960087656974792,
            -0.10887475311756134
        ],
        [
            -0.23365828394889832,
            -0.8067012429237366,
            -0.1082005500793457
        ],
        [
            -0.24080237746238708,
            -0.8042774796485901,
            -0.10158450901508331
        ],
        [
            -0.22134533524513245,
            -0.7749722003936768,
            -0.10232172906398773
        ],
        [
            -0.2234223484992981,
            -0.7635093927383423,
            -0.09483139961957932
        ],
        [
            -0.21149614453315735,
            -0.759447455406189,
            -0.09871819615364075
        ],
        [
            -0.20801334083080292,
            -0.7708621025085449,
            -0.10545286536216736
        ],
        [
            -0.24445000290870667,
            -0.7684773206710815,
            -0.05923359468579292
        ],
        [
            -0.24154192209243774,
            -0.7626017928123474,
            -0.06460445374250412
        ],
        [
            -0.24450521171092987,
            -0.7686121463775635,
            -0.06861008703708649
        ],
        [
            -0.24658240377902985,
            -0.7739653587341309,
            -0.06255976855754852
        ],
        [
            -0.25266319513320923,
            -0.7754982709884644,
            -0.049425624310970306
        ],
        [
            -0.25235727429389954,
            -0.7817404270172119,
            -0.051116615533828735
        ],
        [
            -0.2579233646392822,
            -0.783305287361145,
            -0.04563092440366745
        ],
        [
            -0.25896552205085754,
            -0.7759498953819275,
            -0.04460621252655983
        ],
        [
            -0.2412562370300293,
            -0.764159083366394,
            -0.05388341471552849
        ],
        [
            -0.23788511753082275,
            -0.7582869529724121,
            -0.05963241308927536
        ],
        [
            -0.24739649891853333,
            -0.7733216285705566,
            -0.054486747831106186
        ],
        [
            -0.24721044301986694,
            -0.7687184810638428,
            -0.05229116231203079
        ],
        [
            -0.2534887492656708,
            -0.758979082107544,
            -0.047644633799791336
        ],
        [
            -0.2545056939125061,
            -0.7637413144111633,
            -0.04946919530630112
        ],
        [
            -0.2606434226036072,
            -0.7620626091957092,
            -0.04511023685336113
        ],
        [
            -0.25735029578208923,
            -0.7574106454849243,
            -0.043822064995765686
        ],
        [
            -0.2453080415725708,
            -0.7621285915374756,
            -0.05214535444974899
        ],
        [
            -0.2492167204618454,
            -0.7635780572891235,
            -0.05229071155190468
        ],
        [
            -0.24924376606941223,
            -0.7594083547592163,
            -0.0493866391479969
        ],
        [
            -0.24515795707702637,
            -0.758994460105896,
            -0.04836709797382355
        ],
        [
            -0.25325149297714233,
            -0.7705427408218384,
            -0.048532892018556595
        ],
        [
            -0.25998687744140625,
            -0.7694018483161926,
            -0.0445462130010128
        ],
        [
            -0.26628509163856506,
            -0.7679755091667175,
            -0.039451953023672104
        ],
        [
            -0.2657375931739807,
            -0.7591158151626587,
            -0.03949962183833122
        ],
        [
            -0.23158422112464905,
            -0.752395749092102,
            -0.07620091736316681
        ],
        [
            -0.2375929057598114,
            -0.7572005987167358,
            -0.07086816430091858
        ],
        [
            -0.23475536704063416,
            -0.7530695199966431,
            -0.06560630351305008
        ],
        [
            -0.2305619716644287,
            -0.7489320635795593,
            -0.07068835198879242
        ],
        [
            -0.24090975522994995,
            -0.7575372457504272,
            -0.049976468086242676
        ],
        [
            -0.23436079919338226,
            -0.7431720495223999,
            -0.053176313638687134
        ],
        [
            -0.2362786829471588,
            -0.7464667558670044,
            -0.05347955971956253
        ],
        [
            -0.2392832338809967,
            -0.7459642887115479,
            -0.04694172367453575
        ],
        [
            -0.23739373683929443,
            -0.7429279088973999,
            -0.04726836085319519
        ],
        [
            -0.21825507283210754,
            -0.7431209087371826,
            -0.08234328031539917
        ],
        [
            -0.2207956314086914,
            -0.740526020526886,
            -0.07606442272663116
        ],
        [
            -0.21544510126113892,
            -0.7356098890304565,
            -0.07671904563903809
        ],
        [
            -0.21121546626091003,
            -0.737657904624939,
            -0.08239027857780457
        ],
        [
            -0.21156400442123413,
            -0.7312226295471191,
            -0.0739295706152916
        ],
        [
            -0.20479965209960938,
            -0.7324007749557495,
            -0.0810079276561737
        ],
        [
            -0.1969832181930542,
            -0.7204134464263916,
            -0.07135726511478424
        ],
        [
            -0.20036643743515015,
            -0.7257662415504456,
            -0.07627598196268082
        ],
        [
            -0.20861899852752686,
            -0.7264841794967651,
            -0.06969141215085983
        ],
        [
            -0.20798298716545105,
            -0.7209976315498352,
            -0.06362345814704895
        ],
        [
            -0.215675950050354,
            -0.7222696542739868,
            -0.05132231116294861
        ],
        [
            -0.21647095680236816,
            -0.7204514741897583,
            -0.04510166868567467
        ],
        [
            -0.20979277789592743,
            -0.7102791666984558,
            -0.04942471534013748
        ],
        [
            -0.20897911489009857,
            -0.7146685719490051,
            -0.05600385740399361
        ],
        [
            -0.22762827575206757,
            -0.7397838830947876,
            -0.05319886654615402
        ],
        [
            -0.22584298253059387,
            -0.7407206296920776,
            -0.05757056549191475
        ],
        [
            -0.2286311686038971,
            -0.740898609161377,
            -0.057607509195804596
        ],
        [
            -0.23136423528194427,
            -0.7408151626586914,
            -0.0530850924551487
        ],
        [
            -0.22473372519016266,
            -0.7409672141075134,
            -0.061473868787288666
        ],
        [
            -0.22422534227371216,
            -0.7409635186195374,
            -0.06320880353450775
        ],
        [
            -0.22586175799369812,
            -0.7415246963500977,
            -0.06288611888885498
        ],
        [
            -0.22559551894664764,
            -0.7413984537124634,
            -0.06158099323511124
        ],
        [
            -0.2256380170583725,
            -0.7410095930099487,
            -0.0594688355922699
        ],
        [
            -0.2248375117778778,
            -0.7393193244934082,
            -0.05825245380401611
        ],
        [
            -0.22461718320846558,
            -0.7401655912399292,
            -0.060442160815000534
        ],
        [
            -0.22638699412345886,
            -0.737625241279602,
            -0.054287903010845184
        ],
        [
            -0.23046143352985382,
            -0.733224630355835,
            -0.04073032736778259
        ],
        [
            -0.22998452186584473,
            -0.7337754964828491,
            -0.04453011229634285
        ],
        [
            -0.23086749017238617,
            -0.7383021712303162,
            -0.04337161034345627
        ],
        [
            -0.2314491868019104,
            -0.7381020784378052,
            -0.0401628352701664
        ],
        [
            -0.22817042469978333,
            -0.74266517162323,
            -0.061335280537605286
        ],
        [
            -0.2287181317806244,
            -0.7439397573471069,
            -0.06351514905691147
        ],
        [
            -0.23236003518104553,
            -0.745186448097229,
            -0.059314072132110596
        ],
        [
            -0.23041625320911407,
            -0.7430745363235474,
            -0.05817320942878723
        ],
        [
            -0.22978150844573975,
            -0.7455408573150635,
            -0.0664176419377327
        ],
        [
            -0.22624462842941284,
            -0.7427559494972229,
            -0.0652209147810936
        ],
        [
            -0.2265685498714447,
            -0.7435173988342285,
            -0.06841208785772324
        ],
        [
            -0.2232692539691925,
            -0.739540159702301,
            -0.0625481829047203
        ],
        [
            -0.22159050405025482,
            -0.7386132478713989,
            -0.06536993384361267
        ],
        [
            -0.22387664020061493,
            -0.740302324295044,
            -0.06596061587333679
        ],
        [
            -0.22007621824741364,
            -0.7357690334320068,
            -0.06313325464725494
        ],
        [
            -0.2228051722049713,
            -0.7376877069473267,
            -0.05978621542453766
        ],
        [
            -0.22384707629680634,
            -0.7350926995277405,
            -0.055835530161857605
        ],
        [
            -0.22552460432052612,
            -0.7323744893074036,
            -0.05082074925303459
        ],
        [
            -0.22091743350028992,
            -0.7293781042098999,
            -0.05348939448595047
        ],
        [
            -0.22002802789211273,
            -0.7324713468551636,
            -0.05892200022935867
        ],
        [
            -0.23381325602531433,
            -0.7489771842956543,
            -0.061652086675167084
        ],
        [
            -0.22254237532615662,
            -0.7402936220169067,
            -0.07035407423973083
        ],
        [
            -0.22597914934158325,
            -0.7455694675445557,
            -0.07379882782697678
        ],
        [
            -0.21927854418754578,
            -0.7366609573364258,
            -0.07020607590675354
        ],
        [
            -0.21649792790412903,
            -0.7331674098968506,
            -0.06794437021017075
        ],
        [
            -0.2149868905544281,
            -0.7294151186943054,
            -0.06307408213615417
        ],
        [
            -0.21528542041778564,
            -0.725490927696228,
            -0.057582251727581024
        ],
        [
            -0.19615861773490906,
            -0.7073535919189453,
            -0.05307032912969589
        ],
        [
            -0.19685068726539612,
            -0.7128441333770752,
            -0.061431635171175
        ],
        [
            -0.2703913450241089,
            -0.8092128038406372,
            -0.06953497976064682
        ],
        [
            -0.2690557539463043,
            -0.8089888095855713,
            -0.07856091111898422
        ],
        [
            -0.2612464427947998,
            -0.8039680123329163,
            -0.07949464023113251
        ],
        [
            -0.26240748167037964,
            -0.8059635162353516,
            -0.08111005276441574
        ],
        [
            -0.26524266600608826,
            -0.8063189387321472,
            -0.07567545771598816
        ],
        [
            -0.2631509602069855,
            -0.8039124608039856,
            -0.07520461827516556
        ],
        [
            -0.2459242343902588,
            -0.8038315176963806,
            -0.09506590664386749
        ],
        [
            -0.2501521706581116,
            -0.8036278486251831,
            -0.08964865654706955
        ],
        [
            -0.24696359038352966,
            -0.8009434938430786,
            -0.08984306454658508
        ],
        [
            -0.242401123046875,
            -0.7980198264122009,
            -0.09647180140018463
        ],
        [
            -0.2481638789176941,
            -0.7917131185531616,
            -0.08137531578540802
        ],
        [
            -0.24657979607582092,
            -0.7940218448638916,
            -0.08601272106170654
        ],
        [
            -0.2517653703689575,
            -0.7988055348396301,
            -0.08228211104869843
        ],
        [
            -0.25298282504081726,
            -0.7970882654190063,
            -0.07894542068243027
        ],
        [
            -0.25380516052246094,
            -0.7961136102676392,
            -0.07499036192893982
        ],
        [
            -0.25436931848526,
            -0.7958395481109619,
            -0.07049143314361572
        ],
        [
            -0.2511807084083557,
            -0.7915286421775818,
            -0.07102588564157486
        ],
        [
            -0.24978600442409515,
            -0.7911560535430908,
            -0.07619715481996536
        ],
        [
            -0.26584210991859436,
            -0.807267427444458,
            -0.06928347051143646
        ],
        [
            -0.26423096656799316,
            -0.8071757555007935,
            -0.0620148666203022
        ],
        [
            -0.26224830746650696,
            -0.8047610521316528,
            -0.06362494081258774
        ],
        [
            -0.2639530599117279,
            -0.8044165968894958,
            -0.0695212334394455
        ],
        [
            -0.2531903386116028,
            -0.8022242188453674,
            -0.05438598245382309
        ],
        [
            -0.2555801272392273,
            -0.8036856651306152,
            -0.05538000911474228
        ],
        [
            -0.2567481994628906,
            -0.8047019243240356,
            -0.051806654781103134
        ],
        [
            -0.25368040800094604,
            -0.8012835383415222,
            -0.05109303817152977
        ],
        [
            -0.25262799859046936,
            -0.7984131574630737,
            -0.053352560847997665
        ],
        [
            -0.2529509365558624,
            -0.8004508018493652,
            -0.05561128258705139
        ],
        [
            -0.289032906293869,
            -0.8614602088928223,
            -0.07278589904308319
        ],
        [
            -0.2884133458137512,
            -0.8438447117805481,
            -0.06683327257633209
        ],
        [
            -0.27716583013534546,
            -0.8601757287979126,
            -0.08961765468120575
        ],
        [
            -0.2636723220348358,
            -0.8551390171051025,
            -0.10083868354558945
        ],
        [
            -0.25041064620018005,
            -0.8461583852767944,
            -0.11004623770713806
        ],
        [
            -0.2150650918483734,
            -0.7498252987861633,
            -0.09042313694953918
        ],
        [
            -0.20581269264221191,
            -0.7448815107345581,
            -0.0922374427318573
        ],
        [
            -0.19961875677108765,
            -0.756208062171936,
            -0.10167793929576874
        ],
        [
            -0.19077184796333313,
            -0.7493159770965576,
            -0.10033293068408966
        ],
        [
            -0.1976662576198578,
            -0.7378088235855103,
            -0.09031825512647629
        ],
        [
            -0.18577440083026886,
            -0.7225922346115112,
            -0.07682479918003082
        ],
        [
            -0.19104743003845215,
            -0.7297667264938354,
            -0.08536314964294434
        ],
        [
            -0.1817145049571991,
            -0.7424696087837219,
            -0.09674005210399628
        ],
        [
            -0.17485621571540833,
            -0.7593097686767578,
            -0.10799633711576462
        ],
        [
            -0.18500955402851105,
            -0.7627482414245605,
            -0.10864537954330444
        ],
        [
            -0.17124301195144653,
            -0.7786499261856079,
            -0.11436532437801361
        ],
        [
            -0.16221323609352112,
            -0.7563960552215576,
            -0.1054941713809967
        ],
        [
            -0.16292086243629456,
            -0.7818346619606018,
            -0.11285574734210968
        ],
        [
            -0.15483498573303223,
            -0.7250881195068359,
            -0.08468876034021378
        ],
        [
            -0.15063370764255524,
            -0.7170166969299316,
            -0.085324227809906
        ],
        [
            -0.14379790425300598,
            -0.7265798449516296,
            -0.10049423575401306
        ],
        [
            -0.14800812304019928,
            -0.7352534532546997,
            -0.09979508072137833
        ],
        [
            -0.1954738348722458,
            -0.7666415572166443,
            -0.10848389565944672
        ],
        [
            -0.23293723165988922,
            -0.8185207843780518,
            -0.11178354918956757
        ],
        [
            -0.2416609674692154,
            -0.8139925003051758,
            -0.10580471158027649
        ],
        [
            -0.22335854172706604,
            -0.8094571828842163,
            -0.11371129751205444
        ],
        [
            -0.24398598074913025,
            -0.8808079957962036,
            -0.1171632707118988
        ],
        [
            -0.2559564709663391,
            -0.8690605163574219,
            -0.10924814641475677
        ],
        [
            -0.24429626762866974,
            -0.8583188056945801,
            -0.11696839332580566
        ],
        [
            -0.234458327293396,
            -0.8704606890678406,
            -0.12363412976264954
        ],
        [
            -0.2647005319595337,
            -0.9091848134994507,
            -0.08896977454423904
        ],
        [
            -0.2804828882217407,
            -0.8863369822502136,
            -0.08270704746246338
        ],
        [
            -0.2701786458492279,
            -0.8797334432601929,
            -0.09599991142749786
        ],
        [
            -0.25716304779052734,
            -0.8969350457191467,
            -0.102733314037323
        ],
        [
            -0.22324079275131226,
            -0.8778796195983887,
            -0.12789872288703918
        ],
        [
            -0.20819342136383057,
            -0.8877254128456116,
            -0.13130760192871094
        ],
        [
            -0.20893594622612,
            -0.9047056436538696,
            -0.1281919777393341
        ],
        [
            -0.22877785563468933,
            -0.8950337171554565,
            -0.12346389889717102
        ],
        [
            -0.21097393333911896,
            -0.926624059677124,
            -0.11759202182292938
        ],
        [
            -0.23499298095703125,
            -0.9150954484939575,
            -0.11134199798107147
        ],
        [
            -0.14890603721141815,
            -0.7735877633094788,
            -0.11116749793291092
        ],
        [
            -0.15395589172840118,
            -0.7922488451004028,
            -0.11413580924272537
        ],
        [
            -0.15487302839756012,
            -0.7445058226585388,
            -0.09927774965763092
        ],
        [
            -0.14454786479473114,
            -0.7580868005752563,
            -0.10920314490795135
        ],
        [
            -0.21149177849292755,
            -0.9437899589538574,
            -0.101180300116539
        ],
        [
            -0.24011021852493286,
            -0.9312857389450073,
            -0.09439406543970108
        ],
        [
            -0.1536761373281479,
            -0.8921254873275757,
            -0.12869176268577576
        ],
        [
            -0.16934868693351746,
            -0.9038033485412598,
            -0.12960617244243622
        ],
        [
            -0.17772376537322998,
            -0.8846375942230225,
            -0.13348440825939178
        ],
        [
