{
    "pred_cam": [
        1.2295681238174438,
        -0.047896116971969604,
        0.1907697319984436
    ],
    "pred_smpl_params": {
        "global_orient": [
            [
                [
                    0.9494814276695251,
                    0.29602867364883423,
                    0.1041729748249054
                ],
                [
                    0.2955608367919922,
                    -0.9551091194152832,
                    0.020256225019693375
                ],
                [
                    0.1054929867386818,
                    0.011556543409824371,
                    -0.9943528771400452
                ]
            ]
        ],
        "body_pose": [
            [
                [
                    0.9957072734832764,
                    -0.045744944363832474,
                    -0.0804639533162117
                ],
                [
                    0.072038434445858,
                    0.9288520812988281,
                    0.36337903141975403
                ],
                [
                    0.058116357773542404,
                    -0.36761561036109924,
                    0.9281601905822754
                ]
            ],
            [
                [
                    0.9994003176689148,
                    0.03462538123130798,
                    -0.000345168897183612
                ],
                [
                    -0.033107105642557144,
                    0.9584034085273743,
                    0.2834903597831726
                ],
                [
                    0.010146779008209705,
                    -0.2833089232444763,
                    0.9589750170707703
                ]
            ],
            [
                [
                    0.9970955848693848,
                    0.06052683666348457,
                    0.046226583421230316
                ],
                [
                    -0.0435522124171257,
                    0.9510736465454102,
                    -0.3058793842792511
                ],
                [
                    -0.062478791922330856,
                    0.30297771096229553,
                    0.9509474039077759
                ]
            ],
            [
                [
                    0.9892358779907227,
                    -0.03757839277386665,
                    -0.14142215251922607
                ],
                [
                    -0.0956152155995369,
                    0.565608024597168,
                    -0.8191124796867371
                ],
                [
                    0.11077043414115906,
                    0.8238176107406616,
                    0.5559266805648804
                ]
            ],
            [
                [
                    0.9939190149307251,
                    -0.09268098324537277,
                    0.0594567134976387
                ],
                [
                    0.10686901211738586,
                    0.6818277835845947,
                    -0.7236641645431519
                ],
                [
                    0.026530660688877106,
                    0.7256177663803101,
                    0.6875863075256348
                ]
            ],
            [
                [
                    0.9979356527328491,
                    0.026175828650593758,
                    0.05864563584327698
                ],
                [
                    -0.026871133595705032,
                    0.9995772838592529,
                    0.01109885610640049
                ],
                [
                    -0.05833032354712486,
                    -0.012651818804442883,
                    0.9982171654701233
                ]
            ],
            [
                [
                    0.982282280921936,
                    0.06820165365934372,
                    0.17455631494522095
                ],
                [
                    -0.08917226642370224,
                    0.9893251657485962,
                    0.11525661498308182
                ],
                [
                    -0.16483226418495178,
                    -0.12878014147281647,
                    0.9778782725334167
                ]
            ],
            [
                [
                    0.9898528456687927,
                    -0.01622781716287136,
                    -0.1411667764186859
                ],
                [
                    0.02411985956132412,
                    0.9982292056083679,
                    0.05437567085027695
                ],
                [
                    0.14003439247608185,
                    -0.05722883343696594,
                    0.988491415977478
                ]
            ],
            [
                [
                    0.9991983771324158,
                    0.025085823610424995,
                    0.03119736909866333
                ],
                [
                    -0.02327391505241394,
                    0.9980946183204651,
                    -0.05714476853609085
                ],
                [
                    -0.032571446150541306,
                    0.05637287721037865,
                    0.99787837266922
                ]
            ],
            [
                [
                    0.9847137331962585,
                    -0.17416882514953613,
                    0.0019928435795009136
                ],
                [
                    0.17190606892108917,
                    0.9736361503601074,
                    0.14993628859519958
                ],
                [
                    -0.028054535388946533,
                    -0.14730176329612732,
                    0.9886935949325562
                ]
            ],
            [
                [
                    0.9922771453857422,
                    0.12383759766817093,
                    -0.007086511235684156
                ],
                [
                    -0.11977037787437439,
                    0.971416175365448,
                    0.20495299994945526
                ],
                [
                    0.0322648324072361,
                    -0.2025214433670044,
                    0.9787461161613464
                ]
            ],
            [
                [
                    0.9270482063293457,
                    -0.09132292121648788,
                    -0.3636505603790283
                ],
                [
                    0.10716284066438675,
                    0.9939619302749634,
                    0.023576533421874046
                ],
                [
                    0.35930171608924866,
                    -0.06082640960812569,
                    0.9312370419502258
                ]
            ],
            [
                [
                    0.9295895099639893,
                    0.3652421832084656,
                    -0.04961442947387695
                ],
                [
                    -0.3637959361076355,
                    0.9307863116264343,
                    0.03590773791074753
                ],
                [
                    0.059295449405908585,
                    -0.015329924412071705,
                    0.9981228113174438
                ]
            ],
            [
                [
                    0.8850923180580139,
                    -0.34701457619667053,
                    0.3101491928100586
                ],
                [
                    0.34728339314460754,
                    0.936070442199707,
                    0.05627044662833214
                ],
                [
                    -0.3098481595516205,
                    0.05790512636303902,
                    0.9490211606025696
                ]
            ],
            [
                [
                    0.9408827424049377,
                    -0.16607114672660828,
                    -0.29522886872291565
                ],
                [
                    0.09769900143146515,
                    0.9675770998001099,
                    -0.23291535675525665
                ],
                [
                    0.3243371844291687,
                    0.19030246138572693,
                    0.9266015887260437
                ]
            ],
            [
                [
                    0.6876897215843201,
                    0.7113276124000549,
                    -0.14524416625499725
                ],
                [
                    -0.6988691687583923,
                    0.7027881741523743,
                    0.1329314261674881
                ],
                [
                    0.19663366675376892,
                    0.010091074742376804,
                    0.9804251194000244
                ]
            ],
            [
                [
                    0.3715376555919647,
                    -0.7739052176475525,
                    0.5128649473190308
                ],
                [
                    0.8954291343688965,
                    0.44464609026908875,
                    0.02228330448269844
                ],
                [
                    -0.24528858065605164,
                    0.4509551227092743,
                    0.8581799864768982
                ]
            ],
            [
                [
                    0.764998733997345,
                    -0.30556368827819824,
                    -0.5669283866882324
                ],
                [
                    0.44285163283348083,
                    0.8887202739715576,
                    0.11856936663389206
                ],
                [
                    0.467610239982605,
                    -0.34177058935165405,
                    0.8151892423629761
                ]
            ],
            [
                [
                    0.5023350119590759,
                    0.2869971692562103,
                    0.8156543970108032
                ],
                [
                    0.16406960785388947,
                    0.8945354223251343,
                    -0.4157974421977997
                ],
                [
                    -0.848964512348175,
                    0.3426936864852905,
                    0.4022689461708069
                ]
            ],
            [
                [
                    0.9901931285858154,
                    -0.13070791959762573,
                    0.0493256077170372
                ],
                [
                    0.13163554668426514,
                    0.9911684393882751,
                    -0.016037343069911003
                ],
                [
                    -0.046793777495622635,
                    0.022373070940375328,
                    0.9986540079116821
                ]
            ],
            [
                [
                    0.9959225654602051,
                    0.08331074565649033,
                    0.03460443764925003
                ],
                [
                    -0.08424250036478043,
                    0.9960954785346985,
                    0.02640090510249138
                ],
                [
                    -0.03226984292268753,
                    -0.02920842543244362,
                    0.9990522861480713
                ]
            ],
            [
                [
                    0.9729781150817871,
                    0.2135917991399765,
                    -0.08770474046468735
                ],
                [
                    -0.19976429641246796,
                    0.969182014465332,
                    0.14415447413921356
                ],
                [
                    0.11579206585884094,
                    -0.12273887544870377,
                    0.9856609106063843
                ]
            ],
            [
                [
                    0.9782266020774841,
                    -0.17639678716659546,
                    0.10934772342443466
                ],
                [
                    0.16412334144115448,
                    0.9799877405166626,
                    0.11263936012983322
                ],
                [
                    -0.12702864408493042,
                    -0.09224030375480652,
                    0.9876009225845337
                ]
            ]
        ],
        "betas": [
            0.07138252258300781,
            0.2154635488986969,
            0.07371604442596436,
            0.8375381827354431,
            -0.010964125394821167,
            0.00016287341713905334,
            -0.04759371280670166,
            0.01776622235774994,
            0.14351260662078857,
            -0.06865066289901733
        ]
    },
    "pred_cam_t": [
        -0.047896116971969604,
        0.1907697319984436,
        31.769285202026367
    ],
    "focal_length": [
        5000.0,
        5000.0
    ],
    "pred_keypoints_3d": [
        [
            0.15909792482852936,
            -0.7734127044677734,
            -0.23264861106872559
        ],
        [
            0.1921512931585312,
            -0.6986021995544434,
            -0.058965522795915604
        ],
        [
            -0.008664153516292572,
            -0.6648126840591431,
            -0.09841372072696686
        ],
        [
            -0.09966213256120682,
            -0.43009239435195923,
            -0.0659225583076477
        ],
        [
            0.05197589844465256,
            -0.2366999089717865,
            -0.13633744418621063
        ],
        [
            0.31135937571525574,
            -0.5505606532096863,
            0.017838243395090103
        ],
        [
            0.2933852970600128,
            -0.29847389459609985,
            0.08282719552516937
        ],
        [
            0.4176939129829407,
            -0.093483567237854,
            0.011063501238822937
        ],
        [
            -0.0026223084423691034,
            -0.23123526573181152,
            0.025486033409833908
        ],
        [
            -0.09113027900457382,
            -0.16439750790596008,
            0.02309187687933445
        ],
        [
            -0.2381500005722046,
            0.17184045910835266,
            -0.08707059174776077
        ],
        [
            -0.31664150953292847,
            0.4848072826862335,
            0.1463010609149933
        ],
        [
            0.032375823706388474,
            -0.12469375133514404,
            0.039045169949531555
        ],
        [
            -0.005154114216566086,
            0.22270846366882324,
            -0.09631285071372986
        ],
        [
            -0.08003529906272888,
            0.5181516408920288,
            0.1596621572971344
        ],
        [
            0.15751655399799347,
            -0.8264865279197693,
            -0.20042762160301208
        ],
        [
            0.21159538626670837,
            -0.8047922849655151,
            -0.232596293091774
        ],
        [
            0.1709579974412918,
            -0.8405885696411133,
            -0.09888942539691925
        ],
        [
            0.29350847005844116,
            -0.7917708158493042,
            -0.16803514957427979
        ],
        [
            -0.10512267053127289,
            0.6500067114830017,
            0.010355621576309204
        ],
        [
            -0.039252981543540955,
            0.649198055267334,
            0.06263342499732971
        ],
        [
            -0.07641001045703888,
            0.5224201083183289,
            0.229575514793396
        ],
        [
            -0.34339994192123413,
            0.6092963218688965,
            -0.009083688259124756
        ],
        [
            -0.4097846746444702,
            0.5750985145568848,
            0.03785240650177002
        ],
        [
            -0.3258996605873108,
            0.4962318241596222,
            0.21824708580970764
        ],
        [
            -0.3235165774822235,
            0.4244160056114197,
            0.14485713839530945
        ],
        [
            -0.21612662076950073,
            0.11467757821083069,
            -0.08209355175495148
        ],
        [
            -0.1284412145614624,
            -0.3064892292022705,
            0.02372073382139206
        ],
        [
            0.13267363607883453,
            -0.20630094408988953,
            0.06794904917478561
        ],
        [
            0.011330262757837772,
            0.188219353556633,
            -0.09108327329158783
        ],
        [
            -0.06173501908779144,
            0.4791586101055145,
            0.16273696720600128
        ],
        [
            0.06567858159542084,
            -0.2718183994293213,
            -0.1324511468410492
        ],
        [
            -0.093220554292202,
            -0.44654911756515503,
            -0.10369668155908585
        ],
        [
            0.03515854477882385,
            -0.6853291392326355,
            -0.08495652675628662
        ],
        [
            0.29722824692726135,
            -0.5908113121986389,
            0.005574571900069714
        ],
        [
            0.3373093605041504,
            -0.32126927375793457,
            0.07101501524448395
        ],
        [
            0.42533308267593384,
            -0.11310456693172455,
            0.007901286706328392
        ],
        [
            0.1905689537525177,
            -0.6857889890670776,
            -0.06379109621047974
        ],
        [
            0.2362779974937439,
            -0.8625720739364624,
            -0.164970263838768
        ],
        [
            0.0022697856184095144,
            -0.2560475468635559,
            0.0461510494351387
        ],
        [
            0.16417932510375977,
            -0.636388897895813,
            -0.04134194552898407
        ],
        [
            0.08654561638832092,
            -0.49052226543426514,
            0.017308518290519714
        ],
        [
            0.19903677701950073,
            -0.755121648311615,
            -0.16497184336185455
        ],
        [
            0.24002079665660858,
            -0.883429229259491,
            -0.16047196090221405
        ]
    ],
    "pred_vertices": [
        [
            0.23155130445957184,
            -0.8442169427871704,
            -0.2515261471271515
        ],
        [
            0.22034236788749695,
            -0.8316644430160522,
            -0.25029587745666504
        ],
        [
            0.23344212770462036,
            -0.8261888027191162,
            -0.24722717702388763
        ],
        [
            0.24523305892944336,
            -0.8357402086257935,
            -0.2444254606962204
        ],
        [
            0.22532358765602112,
            -0.8184872269630432,
            -0.24718314409255981
        ],
        [
            0.21347877383232117,
            -0.8222392797470093,
            -0.24902424216270447
        ],
        [
            0.24330008029937744,
            -0.8199804425239563,
            -0.23928424715995789
        ],
        [
            0.25431734323501587,
            -0.8258018493652344,
            -0.23475156724452972
        ],
        [
            0.24593371152877808,
            -0.7862651348114014,
            -0.2219703495502472
        ],
        [
            0.253133624792099,
            -0.7813829779624939,
            -0.21408702433109283
        ],
        [
            0.2555479407310486,
            -0.7923506498336792,
            -0.2196740359067917
        ],
        [
            0.24665763974189758,
            -0.7949539422988892,
            -0.22518612444400787
        ],
        [
            0.2417561411857605,
            -0.762365996837616,
            -0.21062204241752625
        ],
        [
            0.230322003364563,
            -0.7546216249465942,
            -0.21233046054840088
        ],
        [
            0.235687255859375,
            -0.7464934587478638,
            -0.20239126682281494
        ],
        [
            0.24652636051177979,
            -0.7542217969894409,
            -0.19956165552139282
        ],
        [
            0.19354283809661865,
            -0.7756580114364624,
            -0.22207021713256836
        ],
        [
            0.19751279056072235,
            -0.767656683921814,
            -0.2218577116727829
        ],
        [
            0.20246055722236633,
            -0.7728384137153625,
            -0.22479097545146942
        ],
        [
            0.1979442834854126,
            -0.7803488373756409,
            -0.22414161264896393
        ],
        [
            0.18464726209640503,
            -0.7873032093048096,
            -0.22611311078071594
        ],
        [
            0.18846017122268677,
            -0.7925511002540588,
            -0.22507913410663605
        ],
        [
            0.18267817795276642,
            -0.7970854043960571,
            -0.22858195006847382
        ],
        [
            0.17886564135551453,
            -0.7906669974327087,
            -0.23067638278007507
        ],
        [
            0.18771201372146606,
            -0.7724704742431641,
            -0.21849268674850464
        ],
        [
            0.19215133786201477,
            -0.7639428377151489,
            -0.21817313134670258
        ],
        [
            0.18983401358127594,
            -0.7825324535369873,
            -0.22278550267219543
        ],
        [
            0.1862206757068634,
            -0.7787139415740967,
            -0.2230413407087326
        ],
        [
            0.17710697650909424,
            -0.7726046442985535,
            -0.2290835678577423
        ],
        [
            0.18013909459114075,
            -0.7767310738563538,
            -0.22973646223545074
        ],
        [
            0.17383715510368347,
            -0.7780585885047913,
            -0.23451727628707886
        ],
        [
            0.1719689667224884,
            -0.7734608054161072,
            -0.2318282127380371
        ],
        [
            0.1838439702987671,
            -0.7724135518074036,
            -0.22208523750305176
        ],
        [
            0.18344828486442566,
            -0.774611234664917,
            -0.22558513283729553
        ],
        [
            0.1794450879096985,
            -0.7715787291526794,
            -0.22552786767482758
        ],
        [
            0.1795363575220108,
            -0.7703851461410522,
            -0.22154024243354797
        ],
        [
            0.18152961134910583,
            -0.7831977605819702,
            -0.2274065911769867
        ],
        [
            0.17594791948795319,
            -0.7849611043930054,
            -0.23265060782432556
        ],
        [
            0.16939601302146912,
            -0.7866746783256531,
            -0.23756970465183258
        ],
        [
            0.16682589054107666,
            -0.7781164646148682,
            -0.23854224383831024
        ],
        [
            0.20751789212226868,
            -0.7518706917762756,
            -0.21684840321540833
        ],
        [
            0.20207920670509338,
            -0.759674072265625,
            -0.2206067591905594
        ],
        [
            0.196795254945755,
            -0.756389856338501,
            -0.21742574870586395
        ],
        [
            0.20130473375320435,
            -0.7498490214347839,
            -0.21533921360969543
        ],
        [
            0.18188005685806274,
            -0.767214834690094,
            -0.21828705072402954
        ],
        [
            0.18211248517036438,
            -0.7506448030471802,
            -0.21514898538589478
        ],
        [
            0.1829066276550293,
            -0.7541399598121643,
            -0.2168157696723938
        ],
        [
            0.17601144313812256,
            -0.7563992738723755,
            -0.21780908107757568
        ],
        [
            0.17591634392738342,
            -0.7529284358024597,
            -0.21639370918273926
        ],
        [
            0.21341916918754578,
            -0.7375934720039368,
            -0.2069067358970642
        ],
        [
            0.20612812042236328,
            -0.7375568747520447,
            -0.20859047770500183
        ],
        [
            0.2066693902015686,
            -0.7311357259750366,
            -0.2041090726852417
        ],
        [
            0.21401986479759216,
            -0.730171263217926,
            -0.20067031681537628
        ],
        [
            0.204700767993927,
            -0.7261701822280884,
            -0.20026226341724396
        ],
        [
            0.21347370743751526,
            -0.7233253717422485,
            -0.1946888267993927
        ],
        [
            0.2031434029340744,
            -0.7128416299819946,
            -0.18683964014053345
        ],
        [
            0.20848892629146576,
            -0.7173203825950623,
            -0.1902276575565338
        ],
        [
            0.20015916228294373,
            -0.7220003604888916,
            -0.19742050766944885
        ],
        [
            0.19316333532333374,
            -0.7185200452804565,
            -0.19647523760795593
        ],
        [
            0.17875367403030396,
            -0.7261761426925659,
            -0.20022490620613098
        ],
        [
            0.172206848859787,
            -0.7264336347579956,
            -0.199842631816864
        ],
        [
            0.17533943057060242,
            -0.7136918902397156,
            -0.1963595151901245
        ],
        [
            0.18388274312019348,
            -0.7151798009872437,
            -0.1964813470840454
        ],
        [
            0.18292027711868286,
            -0.7456321716308594,
            -0.2092342972755432
        ],
        [
            0.18761909008026123,
            -0.7448546886444092,
            -0.2084634006023407
        ],
        [
            0.18693649768829346,
            -0.7458546161651611,
            -0.21103256940841675
        ],
        [
            0.18200668692588806,
            -0.7477477788925171,
            -0.21244169771671295
        ],
        [
            0.19153445959091187,
            -0.7435833811759949,
            -0.2083456665277481
        ],
        [
            0.19326111674308777,
            -0.7429162263870239,
            -0.20833802223205566
        ],
        [
            0.1926516890525818,
            -0.7440845966339111,
            -0.20971474051475525
        ],
        [
            0.19101184606552124,
            -0.7444627285003662,
            -0.20910516381263733
        ],
        [
            0.18904858827590942,
            -0.7446631193161011,
            -0.20865516364574432
        ],
        [
            0.18768125772476196,
            -0.7430723905563354,
            -0.20794589817523956
        ],
        [
            0.19045931100845337,
            -0.7430301904678345,
            -0.20809154212474823
        ],
        [
            0.1831720769405365,
            -0.7429838180541992,
            -0.20860734581947327
        ],
        [
            0.1685657501220703,
            -0.7438225150108337,
            -0.20966346561908722
        ],
        [
            0.17248409986495972,
            -0.743156909942627,
            -0.21001049876213074
        ],
        [
            0.17250414192676544,
            -0.7480998039245605,
            -0.21000845730304718
        ],
        [
            0.16931508481502533,
            -0.7489593029022217,
            -0.20979392528533936
        ],
        [
            0.19055545330047607,
            -0.7464662194252014,
            -0.21131084859371185
        ],
        [
            0.19336771965026855,
            -0.7469073534011841,
            -0.2123415470123291
        ],
        [
            0.18890300393104553,
            -0.7502174377441406,
            -0.21467895805835724
        ],
        [
            0.18778036534786224,
            -0.7481092214584351,
            -0.21262888610363007
        ],
        [
            0.19604337215423584,
            -0.7478828430175781,
            -0.21398471295833588
        ],
        [
            0.19512540102005005,
            -0.744533121585846,
            -0.21057507395744324
        ],
        [
            0.1984366923570633,
            -0.7442824840545654,
            -0.21170125901699066
        ],
        [
            0.19250348210334778,
            -0.7413473129272461,
            -0.20752568542957306
        ],
        [
            0.19525176286697388,
            -0.7389849424362183,
            -0.2069619596004486
        ],
        [
            0.1956622302532196,
            -0.7412079572677612,
            -0.20890270173549652
        ],
        [
            0.19275018572807312,
            -0.7365620732307434,
            -0.20524632930755615
        ],
        [
            0.18952205777168274,
            -0.7402200102806091,
            -0.20675072073936462
        ],
        [
            0.1848447620868683,
            -0.7392074465751648,
            -0.20700907707214355
        ],
        [
            0.17893154919147491,
            -0.7387167811393738,
            -0.20755955576896667
        ],
        [
            0.18164412677288055,
            -0.7337009906768799,
            -0.20444823801517487
        ],
        [
            0.1879061758518219,
            -0.7347142696380615,
            -0.20460385084152222
        ],
        [
            0.19187477231025696,
            -0.7534295320510864,
            -0.21623632311820984
        ],
        [
            0.20005479454994202,
            -0.7394648194313049,
            -0.2089225947856903
        ],
        [
            0.20429831743240356,
            -0.7445307970046997,
            -0.21222072839736938
        ],
        [
            0.19970780611038208,
            -0.735065221786499,
            -0.20632925629615784
        ],
        [
            0.19743739068508148,
            -0.7315497398376465,
            -0.20350593328475952
        ],
        [
            0.19312432408332825,
            -0.7286444902420044,
            -0.20150971412658691
        ],
        [
            0.1858104169368744,
            -0.7271462082862854,
            -0.2008478194475174
        ],
        [
            0.18177522718906403,
            -0.7065764665603638,
            -0.18478864431381226
        ],
        [
            0.19200022518634796,
            -0.7089622020721436,
            -0.18599659204483032
        ],
        [
            0.21120551228523254,
            -0.8166104555130005,
            -0.2432646006345749
        ],
        [
            0.21996477246284485,
            -0.8133890628814697,
            -0.24430689215660095
        ],
        [
            0.2210208773612976,
            -0.8070200681686401,
            -0.23749348521232605
        ],
        [
            0.22297540307044983,
            -0.8085266947746277,
            -0.23881801962852478
        ],
        [
            0.21728384494781494,
            -0.8110445737838745,
            -0.24012473225593567
        ],
        [
            0.21659597754478455,
            -0.8087501525878906,
            -0.23814542591571808
        ],
        [
            0.23844024538993835,
            -0.7982096672058105,
            -0.2282504141330719
        ],
        [
            0.2323608696460724,
            -0.800704836845398,
            -0.2306167185306549
        ],
        [
            0.23278142511844635,
            -0.7970666885375977,
            -0.22840186953544617
        ],
        [
            0.23894940316677094,
            -0.791393518447876,
            -0.2263702154159546
        ],
        [
            0.2212965190410614,
            -0.7911916971206665,
            -0.22861985862255096
        ],
        [
            0.2269379198551178,
            -0.7914923429489136,
            -0.22806763648986816
        ],
        [
            0.22352051734924316,
            -0.7986060380935669,
            -0.231035053730011
        ],
        [
            0.21942314505577087,
            -0.798382580280304,
            -0.2315150648355484
        ],
        [
            0.2151355743408203,
            -0.7989410758018494,
            -0.23142237961292267
        ],
        [
            0.21108077466487885,
            -0.8000473976135254,
            -0.23082435131072998
        ],
        [
            0.21036571264266968,
            -0.7952225208282471,
            -0.22854283452033997
        ],
        [
            0.21534502506256104,
            -0.7929034233093262,
            -0.22881034016609192
        ],
        [
            0.21099373698234558,
            -0.8140485286712646,
            -0.23908205330371857
        ],
        [
            0.20514145493507385,
            -0.8156560659408569,
            -0.23525919020175934
        ],
        [
            0.20590060949325562,
            -0.8127092123031616,
            -0.2343665063381195
        ],
        [
            0.2107735276222229,
            -0.8110679984092712,
            -0.23767554759979248
        ],
        [
            0.1985267698764801,
            -0.8110305070877075,
            -0.22340109944343567
        ],
        [
            0.1995520293712616,
            -0.8127701282501221,
            -0.22565124928951263
        ],
        [
            0.19627009332180023,
            -0.8152245283126831,
            -0.22549454867839813
        ],
        [
            0.19494204223155975,
            -0.8113272190093994,
            -0.22300252318382263
        ],
        [
            0.1961645781993866,
            -0.8076374530792236,
            -0.22312040627002716
        ],
        [
            0.1989297866821289,
            -0.8088687658309937,
            -0.22381427884101868
        ],
        [
            0.22936850786209106,
            -0.8667392730712891,
            -0.2534440755844116
        ],
        [
            0.21797755360603333,
            -0.8520339727401733,
            -0.2532747983932495
        ],
        [
            0.2468058466911316,
            -0.8572695255279541,
            -0.24763837456703186
        ],
        [
            0.258197158575058,
            -0.846402108669281,
            -0.23819047212600708
        ],
        [
            0.266369104385376,
            -0.8327867984771729,
            -0.22904467582702637
        ],
        [
            0.22397764027118683,
            -0.7406646013259888,
            -0.20481379330158234
        ],
        [
            0.2264842987060547,
            -0.7326159477233887,
            -0.19685304164886475
        ],
        [
            0.240535706281662,
            -0.7391701936721802,
            -0.19212746620178223
        ],
        [
            0.23946338891983032,
            -0.7305487394332886,
            -0.18294738233089447
        ],
        [
            0.22513262927532196,
            -0.7241467237472534,
            -0.18879228830337524
        ],
        [
            0.21223492920398712,
            -0.7119308710098267,
            -0.1745765507221222
        ],
        [
            0.22024378180503845,
            -0.7167842388153076,
            -0.18095695972442627
        ],
        [
            0.2360510528087616,
            -0.7239639759063721,
            -0.1714937835931778
        ],
        [
            0.25196871161460876,
            -0.7356422543525696,
            -0.16532942652702332
        ],
        [
            0.2526383697986603,
            -0.7402182817459106,
            -0.17796874046325684
        ],
        [
            0.2643511891365051,
            -0.75111985206604,
            -0.16088387370109558
        ],
        [
            0.25297680497169495,
            -0.7313157320022583,
            -0.14894893765449524
        ],
        [
            0.266780287027359,
            -0.7518028020858765,
            -0.15098850429058075
        ],
        [
            0.23283988237380981,
            -0.6987924575805664,
            -0.1310890167951584
        ],
        [
            0.23406948149204254,
            -0.687808632850647,
            -0.121464304625988
        ],
        [
            0.24802860617637634,
            -0.6941630840301514,
            -0.11193045228719711
        ],
        [
            0.24873577058315277,
            -0.7040868997573853,
            -0.12319442629814148
        ],
        [
            0.25090304017066956,
            -0.7462935447692871,
            -0.18865619599819183
        ],
        [
            0.2625332474708557,
            -0.8031483888626099,
            -0.21669459342956543
        ],
        [
            0.2535119652748108,
            -0.8026400804519653,
            -0.22482794523239136
        ],
        [
            0.2637414336204529,
            -0.790943443775177,
            -0.21035070717334747
        ],
        [
            0.28627002239227295,
            -0.8600395917892456,
            -0.22046422958374023
        ],
        [
            0.2725387215614319,
            -0.8547611236572266,
            -0.230987548828125
        ],
        [
            0.27821671962738037,
            -0.8396011590957642,
            -0.22363704442977905
        ],
        [
            0.2909198999404907,
            -0.8465792536735535,
            -0.21431756019592285
        ],
        [
            0.2657555937767029,
            -0.8997083902359009,
            -0.22758512198925018
        ],
        [
            0.2485406994819641,
            -0.8849773406982422,
            -0.24372470378875732
        ],
        [
            0.26026326417922974,
            -0.8717654943466187,
            -0.2384013831615448
        ],
        [
            0.275424987077713,
            -0.882561206817627,
            -0.22601006925106049
        ],
        [
            0.2993888258934021,
            -0.8494577407836914,
            -0.20435075461864471
        ],
        [
            0.30995815992355347,
            -0.8535995483398438,
            -0.18928472697734833
        ],
        [
            0.31340551376342773,
            -0.8708583116531372,
            -0.18744297325611115
        ],
        [
            0.3000001311302185,
            -0.8675732016563416,
            -0.20574718713760376
        ],
        [
            0.31028884649276733,
            -0.8948347568511963,
            -0.1830505132675171
        ],
        [
            0.29488974809646606,
            -0.8914176821708679,
            -0.20550766587257385
        ],
        [
            0.2672838568687439,
            -0.7407828569412231,
            -0.13407261669635773
        ],
        [
            0.2734740674495697,
            -0.7582734823226929,
            -0.14077022671699524
        ],
        [
            0.24887585639953613,
            -0.7169012427330017,
            -0.13620814681053162
        ],
        [
            0.26204273104667664,
            -0.7254536151885986,
            -0.12500622868537903
        ],
        [
            0.30084291100502014,
            -0.9162366390228271,
            -0.17589440941810608
        ],
        [
            0.2835078835487366,
            -0.9128237962722778,
            -0.2035670429468155
        ],
        [
            0.3212490379810333,
            -0.8453724980354309,
            -0.1353832632303238
        ],
        [
            0.32307279109954834,
            -0.8593828678131104,
            -0.14979442954063416
        ],
        [
            0.3171299993991852,
            -0.8429693579673767,
            -0.16125211119651794
        ],
        [
            0.31664493680000305,
            -0.8321753144264221,
            -0.14653795957565308
        ],
        [
            0.32165423035621643,
            -0.8604135513305664,
            -0.12213236093521118
        ],
        [
