{
    "pred_cam": [
        1.477273941040039,
        0.15193216502666473,
        0.2965220510959625
    ],
    "pred_smpl_params": {
        "global_orient": [
            [
                [
                    -0.4141556918621063,
                    0.13842643797397614,
                    -0.8996182084083557
                ],
                [
                    0.23298189043998718,
                    -0.9393187761306763,
                    -0.25179269909858704
                ],
                [
                    -0.8798831701278687,
                    -0.3138761818408966,
                    0.35677337646484375
                ]
            ]
        ],
        "body_pose": [
            [
                [
                    0.9955388903617859,
                    0.045734114944934845,
                    0.08252720534801483
                ],
                [
                    -0.061062950640916824,
                    0.9790937304496765,
                    0.19402770698070526
                ],
                [
                    -0.07192818820476532,
                    -0.1982014775276184,
                    0.9775185585021973
                ]
            ],
            [
                [
                    0.9808729290962219,
                    0.16754500567913055,
                    -0.09908046573400497
                ],
                [
                    -0.15922130644321442,
                    0.9834266304969788,
                    0.08672107756137848
                ],
                [
                    0.11196806281805038,
                    -0.06928663700819016,
                    0.9912933111190796
                ]
            ],
            [
                [
                    0.9949045777320862,
                    -0.07959548383951187,
                    0.06188248097896576
                ],
                [
                    0.0921616330742836,
                    0.9668565988540649,
                    -0.23810620605945587
                ],
                [
                    -0.04087930545210838,
                    0.24259613454341888,
                    0.9692656993865967
                ]
            ],
            [
                [
                    0.9679974913597107,
                    0.2276761680841446,
                    0.10556744784116745
                ],
                [
                    -0.208770751953125,
                    0.9639932513237,
                    -0.1647171974182129
                ],
                [
                    -0.13926848769187927,
                    0.13740642368793488,
                    0.9806751608848572
                ]
            ],
            [
                [
                    0.9949559569358826,
                    0.0618932843208313,
                    0.07894229888916016
                ],
                [
                    -0.05986150726675987,
                    0.997818112373352,
                    -0.027851557359099388
                ],
                [
                    -0.08049386739730835,
                    0.022985467687249184,
                    0.9964901208877563
                ]
            ],
            [
                [
                    0.9979445934295654,
                    -0.04666962847113609,
                    0.043915994465351105
                ],
                [
                    0.047691863030195236,
                    0.9986080527305603,
                    -0.022524014115333557
                ],
                [
                    -0.04280368611216545,
                    0.024572152644395828,
                    0.9987812638282776
                ]
            ],
            [
                [
                    0.9920920133590698,
                    0.03719790652394295,
                    0.11987419426441193
                ],
                [
                    -0.035628292709589005,
                    0.9992493987083435,
                    -0.015211380086839199
                ],
                [
                    -0.12035004049539566,
                    0.0108201764523983,
                    0.9926726222038269
                ]
            ],
            [
                [
                    0.9848127961158752,
                    -0.0539931058883667,
                    -0.16501080989837646
                ],
                [
                    0.054942451417446136,
                    0.9984887838363647,
                    0.0011909418972209096
                ],
                [
                    0.16469715535640717,
                    -0.010238953866064548,
                    0.9862910509109497
                ]
            ],
            [
                [
                    0.998603343963623,
                    -0.008276345208287239,
                    0.05218105390667915
                ],
                [
                    0.013131902553141117,
                    0.9955413937568665,
                    -0.0934077724814415
                ],
                [
                    -0.0511753186583519,
                    0.09396255016326904,
                    0.9942596554756165
                ]
            ],
            [
                [
                    0.9909341931343079,
                    -0.07354216277599335,
                    0.11243153363466263
                ],
                [
                    0.07232777774333954,
                    0.9972703456878662,
                    0.014847403392195702
                ],
                [
                    -0.11321655660867691,
                    -0.006580873858183622,
                    0.9935484528541565
                ]
            ],
            [
                [
                    0.9924014806747437,
                    0.12062428146600723,
                    -0.024271424859762192
                ],
                [
                    -0.11952374875545502,
                    0.9919173121452332,
                    0.04259226843714714
                ],
                [
                    0.029212908819317818,
                    -0.03936761990189552,
                    0.9987976551055908
                ]
            ],
            [
                [
                    0.9700472950935364,
                    -0.02167276293039322,
                    0.24194762110710144
                ],
                [
                    0.05772975832223892,
                    0.9880444407463074,
                    -0.14295220375061035
                ],
                [
                    -0.23595686256885529,
                    0.15263795852661133,
                    0.9597010016441345
                ]
            ],
            [
                [
                    0.949259340763092,
                    0.3109080493450165,
                    -0.0473594143986702
                ],
                [
                    -0.30833950638771057,
                    0.949715256690979,
                    0.0544762946665287
                ],
                [
                    0.0619150772690773,
                    -0.03710934892296791,
                    0.9973912835121155
                ]
            ],
            [
                [
                    0.9517408609390259,
                    -0.3059743046760559,
                    0.02385658212006092
                ],
                [
                    0.3066636025905609,
                    0.9511903524398804,
                    -0.03455865755677223
                ],
                [
                    -0.012118090875446796,
                    0.04020683094859123,
                    0.999117910861969
                ]
            ],
            [
                [
                    0.9827380180358887,
                    0.08683145046234131,
                    0.1633596569299698
                ],
                [
                    -0.022661326453089714,
                    0.9328610897064209,
                    -0.35952287912368774
                ],
                [
                    -0.1836097538471222,
                    0.34961482882499695,
                    0.9187257885932922
                ]
            ],
            [
                [
                    0.5846717953681946,
                    0.7459867000579834,
                    -0.3188459575176239
                ],
                [
                    -0.734348475933075,
                    0.653689444065094,
                    0.18281807005405426
                ],
                [
                    0.34480607509613037,
                    0.12725546956062317,
                    0.9300079941749573
                ]
            ],
            [
                [
                    0.5327581763267517,
                    -0.8020799160003662,
                    0.2698824107646942
                ],
                [
                    0.8335387110710144,
                    0.5524494051933289,
                    -0.0035795399453490973
                ],
                [
                    -0.14622528851032257,
                    0.22686448693275452,
                    0.9628866314888
                ]
            ],
            [
                [
                    0.24758818745613098,
                    -0.3001261055469513,
                    -0.9212081432342529
                ],
                [
                    0.2973947525024414,
                    0.9284528493881226,
                    -0.2225572019815445
                ],
                [
                    0.9220935106277466,
                    -0.21885991096496582,
                    0.3191298842430115
                ]
            ],
            [
                [
                    0.03403947129845619,
                    0.35322824120521545,
                    0.934917688369751
                ],
                [
                    -0.23624151945114136,
                    0.9117936491966248,
                    -0.3358902335166931
                ],
                [
                    -0.9710979461669922,
                    -0.20943287014961243,
                    0.11448414623737335
                ]
            ],
            [
                [
                    0.9809989929199219,
                    -0.18974317610263824,
                    -0.04047960788011551
                ],
                [
                    0.19275517761707306,
                    0.9769088625907898,
                    0.092166006565094
                ],
                [
                    0.02205701731145382,
                    -0.09821740537881851,
                    0.9949206113815308
                ]
            ],
            [
                [
                    0.9914577603340149,
                    0.10619623959064484,
                    0.0757233127951622
                ],
                [
                    -0.12159376591444016,
                    0.962613582611084,
                    0.2420540302991867
                ],
                [
                    -0.04718705639243126,
                    -0.24919378757476807,
                    0.9673035144805908
                ]
            ],
            [
                [
                    0.9758968353271484,
                    0.2004919797182083,
                    -0.0861874595284462
                ],
                [
                    -0.19075609743595123,
                    0.9755252003669739,
                    0.10937418788671494
                ],
                [
                    0.1060066819190979,
                    -0.0902971476316452,
                    0.9902570247650146
                ]
            ],
            [
                [
                    0.9711427092552185,
                    -0.2205056995153427,
                    0.09087996929883957
                ],
                [
                    0.2075604647397995,
                    0.9690901041030884,
                    0.13335268199443817
                ],
                [
                    -0.11747591197490692,
                    -0.11064138263463974,
                    0.9868930578231812
                ]
            ]
        ],
        "betas": [
            -0.19353598356246948,
            -0.20757964253425598,
            0.11579659581184387,
            0.46336829662323,
            0.21428339183330536,
            0.06814274191856384,
            -0.023888379335403442,
            -0.11261069774627686,
            0.10604466497898102,
            -0.0225868821144104
        ]
    },
    "pred_cam_t": [
        0.15193216502666473,
        0.2965220510959625,
        26.442285537719727
    ],
    "focal_length": [
        5000.0,
        5000.0
    ],
    "pred_keypoints_3d": [
        [
            -0.17034974694252014,
            -0.7615827322006226,
            -0.07255831360816956
        ],
        [
            0.012379784137010574,
            -0.7253905534744263,
            -0.057863764464855194
        ],
        [
            0.07760314643383026,
            -0.6499456167221069,
            0.11984695494174957
        ],
        [
            0.12228326499462128,
            -0.41399234533309937,
            0.18935084342956543
        ],
        [
            -0.11833040416240692,
            -0.40203773975372314,
            0.25743961334228516
        ],
        [
            -0.028814202174544334,
            -0.6169295907020569,
            -0.22165066003799438
        ],
        [
            -0.09026268124580383,
            -0.371066153049469,
            -0.2595179080963135
        ],
        [
            -0.33084291219711304,
            -0.3927074670791626,
            -0.22005388140678406
        ],
        [
            -0.001985424431040883,
            -0.2268480509519577,
            0.028377771377563477
        ],
        [
            0.017413893714547157,
            -0.1567462980747223,
            0.11465287953615189
        ],
        [
            -0.004134003072977066,
            0.15733584761619568,
            0.31872424483299255
        ],
        [
            -0.0040130093693733215,
            0.5068374872207642,
            0.49206385016441345
        ],
        [
            -0.03717813268303871,
            -0.12330092489719391,
            -0.006499078124761581
        ],
        [
            -0.15258663892745972,
            0.20262731611728668,
            0.11656522750854492
        ],
        [
            -0.13873909413814545,
            0.5205296277999878,
            0.34163177013397217
        ],
        [
            -0.16459831595420837,
            -0.810990571975708,
            -0.03650982305407524
        ],
        [
            -0.1575736403465271,
            -0.8129026889801025,
            -0.1027224063873291
        ],
        [
            -0.07908530533313751,
            -0.8430554866790771,
            0.016824718564748764
        ],
        [
            -0.06586295366287231,
            -0.8473608493804932,
            -0.13146191835403442
        ],
        [
            -0.331769198179245,
            0.5400415658950806,
            0.39630722999572754
        ],
        [
            -0.2925688326358795,
            0.5851572751998901,
            0.3385135233402252
        ],
        [
            -0.08415338397026062,
            0.5600383877754211,
            0.3513024151325226
        ],
        [
            -0.16925396025180817,
            0.48625999689102173,
            0.598798394203186
        ],
        [
            -0.08934931457042694,
            0.4782668352127075,
            0.6368052363395691
        ],
        [
            0.040251582860946655,
            0.5630038976669312,
            0.48922473192214966
        ],
        [
            0.03343452513217926,
            0.4645838737487793,
            0.4713757038116455
        ],
        [
            2.4645589292049408e-05,
            0.10117349773645401,
            0.2842145562171936
        ],
        [
            0.07108131796121597,
            -0.28933149576187134,
            0.14220041036605835
        ],
        [
            -0.03664461150765419,
            -0.200937420129776,
            -0.11594836413860321
        ],
        [
            -0.14579714834690094,
            0.1690974086523056,
            0.08871282637119293
        ],
        [
            -0.11394878476858139,
            0.5014903545379639,
            0.3111530840396881
        ],
        [
            -0.10277533531188965,
            -0.43501198291778564,
            0.2404680848121643
        ],
        [
            0.10946044325828552,
            -0.4476397633552551,
            0.2184470295906067
        ],
        [
            0.06262499839067459,
            -0.674663782119751,
            0.08427344262599945
        ],
        [
            -0.018766606226563454,
            -0.6495350003242493,
            -0.19998569786548615
        ],
        [
            -0.11097576469182968,
            -0.4128333330154419,
            -0.2873433828353882
        ],
        [
            -0.317415326833725,
            -0.4107864201068878,
            -0.22876302897930145
        ],
        [
            0.009623239748179913,
            -0.716980516910553,
            -0.05905301123857498
        ],
        [
            -0.1111825704574585,
            -0.8847513198852539,
            -0.0639125406742096
        ],
        [
            0.01691731996834278,
            -0.24552185833454132,
            0.01238950900733471
        ],
        [
            0.019618529826402664,
            -0.6597628593444824,
            -0.05453620105981827
        ],
        [
            0.04459255933761597,
            -0.48622071743011475,
            -0.04158027097582817
        ],
        [
            -0.0908101424574852,
            -0.7719794511795044,
            -0.06761617213487625
        ],
        [
            -0.1128130853176117,
            -0.9047175645828247,
            -0.06025137007236481
        ]
    ],
    "pred_vertices": [
        [
            -0.1798303872346878,
            -0.8552244901657104,
            -0.11649516224861145
        ],
        [
            -0.17950575053691864,
            -0.8389279842376709,
            -0.11076673120260239
        ],
        [
            -0.16858744621276855,
            -0.8403390049934387,
            -0.12044365704059601
        ],
        [
            -0.1646668016910553,
            -0.8539872765541077,
            -0.1251162886619568
        ],
        [
            -0.16961970925331116,
            -0.8293423652648926,
            -0.11681966483592987
        ],
        [
            -0.1771739423274994,
            -0.8272852897644043,
            -0.10792237520217896
        ],
        [
            -0.1557202786207199,
            -0.8394834399223328,
            -0.1259699910879135
        ],
        [
            -0.1492374986410141,
            -0.8503783345222473,
            -0.13018706440925598
        ],
        [
            -0.1279437243938446,
            -0.8131192922592163,
            -0.1282605677843094
        ],
        [
            -0.11724388599395752,
            -0.8134264945983887,
            -0.13118556141853333
        ],
        [
            -0.12450949847698212,
            -0.8238106966018677,
            -0.13160771131515503
        ],
        [
            -0.13326510787010193,
            -0.8207281827926636,
            -0.12759758532047272
        ],
        [
            -0.11356012523174286,
            -0.791711688041687,
            -0.12570486962795258
        ],
        [
            -0.11730808764696121,
            -0.7794450521469116,
            -0.12029747664928436
        ],
        [
            -0.10458298027515411,
            -0.7758429050445557,
            -0.12086376547813416
        ],
        [
            -0.0997072160243988,
            -0.7879377007484436,
            -0.12504088878631592
        ],
        [
            -0.14766402542591095,
            -0.7802797555923462,
            -0.09176315367221832
        ],
        [
            -0.14328530430793762,
            -0.7750048041343689,
            -0.09683656692504883
        ],
        [
            -0.14524346590042114,
            -0.7814472913742065,
            -0.10086513310670853
        ],
        [
            -0.1490044742822647,
            -0.7861109972000122,
            -0.09500560164451599
        ],
        [
            -0.1584513783454895,
            -0.7860498428344727,
            -0.08405543863773346
        ],
        [
            -0.15793630480766296,
            -0.792451798915863,
            -0.08489105105400085
        ],
        [
            -0.16475486755371094,
            -0.7934246063232422,
            -0.08100156486034393
        ],
        [
            -0.1657784879207611,
            -0.7860085964202881,
            -0.08114947378635406
        ],
        [
            -0.14578214287757874,
            -0.7754641771316528,
            -0.08620882034301758
        ],
        [
            -0.14087143540382385,
            -0.7702853679656982,
            -0.09148421883583069
        ],
        [
            -0.15194746851921082,
            -0.7845173478126526,
            -0.0875898003578186
        ],
        [
            -0.15214130282402039,
            -0.779659628868103,
            -0.08596645295619965
        ],
        [
            -0.15905819833278656,
            -0.7694355845451355,
            -0.08445508778095245
        ],
        [
            -0.1596439778804779,
            -0.7743769884109497,
            -0.08590324223041534
        ],
        [
            -0.1666877269744873,
            -0.7722561955451965,
            -0.08368512243032455
        ],
        [
            -0.1638186275959015,
            -0.7674790620803833,
            -0.08207596838474274
        ],
        [
            -0.1500614583492279,
            -0.7730551958084106,
            -0.08604146540164948
        ],
        [
            -0.15378886461257935,
            -0.7745097279548645,
            -0.08709791302680969
        ],
        [
            -0.15452180802822113,
            -0.7700108885765076,
            -0.08484850823879242
        ],
        [
            -0.1508806347846985,
            -0.7695027589797974,
            -0.082755446434021
        ],
        [
            -0.15897749364376068,
            -0.7810159921646118,
            -0.08386114239692688
        ],
        [
            -0.16646990180015564,
            -0.7794939279556274,
            -0.08210262656211853
        ],
        [
            -0.17386342585086823,
            -0.7775142192840576,
            -0.07919374108314514
        ],
        [
            -0.173142209649086,
            -0.7686553001403809,
            -0.08020957559347153
        ],
        [
            -0.13011547923088074,
            -0.766243040561676,
            -0.10618098080158234
        ],
        [
            -0.1375538408756256,
            -0.7703310251235962,
            -0.10232143104076385
        ],
        [
            -0.13606105744838715,
            -0.7658275365829468,
            -0.09684952348470688
        ],
        [
            -0.1304740309715271,
            -0.7623537182807922,
            -0.10091055184602737
        ],
        [
            -0.1463354527950287,
            -0.7683365941047668,
            -0.08316576480865479
        ],
        [
            -0.13888537883758545,
            -0.7545720934867859,
            -0.08600225299596786
        ],
        [
            -0.14068907499313354,
            -0.7578496932983398,
            -0.0864560604095459
        ],
        [
            -0.1453954428434372,
            -0.7565904855728149,
            -0.08115936070680618
        ],
        [
            -0.14346180856227875,
            -0.7536435127258301,
            -0.08129428327083588
        ],
        [
            -0.11523357033729553,
            -0.7578262090682983,
            -0.1091439351439476
        ],
        [
            -0.11931197345256805,
            -0.7546772956848145,
            -0.10406091809272766
        ],
        [
            -0.11386354267597198,
            -0.749862551689148,
            -0.10369241237640381
        ],
        [
            -0.10826177150011063,
            -0.7524845600128174,
            -0.10771283507347107
        ],
        [
            -0.11085529625415802,
            -0.7452782392501831,
            -0.10046665370464325
        ],
        [
            -0.10238710045814514,
            -0.7471445798873901,
            -0.10522294044494629
        ],
        [
            -0.09752389043569565,
            -0.7341517806053162,
            -0.09516923874616623
        ],
        [
            -0.09939289838075638,
            -0.7400553226470947,
            -0.10019272565841675
        ],
        [
            -0.10916008055210114,
            -0.7401108741760254,
            -0.09608785063028336
        ],
        [
            -0.11021971702575684,
            -0.7340307235717773,
            -0.09070292115211487
        ],
        [
            -0.12100843340158463,
            -0.7338703870773315,
            -0.08095593750476837
        ],
        [
            -0.12339147180318832,
            -0.7314492464065552,
            -0.07550191879272461
        ],
        [
            -0.11565621942281723,
            -0.7217808961868286,
            -0.07888837903738022
        ],
        [
            -0.11317234486341476,
            -0.7268515825271606,
            -0.08444899320602417
        ],
        [
            -0.13231579959392548,
            -0.7514150142669678,
            -0.08432208001613617
        ],
        [
            -0.129377543926239,
            -0.7528802156448364,
            -0.08782979846000671
        ],
        [
            -0.13202062249183655,
            -0.7530533075332642,
            -0.08864007145166397
        ],
        [
            -0.13594986498355865,
            -0.752396285533905,
            -0.08518801629543304
        ],
        [
            -0.1271839290857315,
            -0.7536435723304749,
            -0.09111703932285309
        ],
        [
            -0.12617722153663635,
            -0.7538613080978394,
            -0.09261104464530945
        ],
        [
            -0.12785395979881287,
            -0.7543551921844482,
            -0.09272211045026779
        ],
        [
            -0.12795713543891907,
            -0.7540425062179565,
            -0.09141376614570618
        ],
        [
            -0.12862102687358856,
            -0.7534052133560181,
            -0.08948381245136261
        ],
        [
            -0.12818658351898193,
            -0.751579761505127,
            -0.08832375705242157
        ],
        [
            -0.12736381590366364,
            -0.752721905708313,
            -0.09022070467472076
        ],
        [
            -0.13077345490455627,
            -0.7494232058525085,
            -0.0852142721414566
        ],
        [
            -0.13835933804512024,
            -0.7433604598045349,
            -0.07414372265338898
        ],
        [
            -0.13684117794036865,
            -0.7444760799407959,
            -0.07745353132486343
        ],
        [
            -0.13812381029129028,
            -0.7487677335739136,
            -0.07610838115215302
        ],
        [
            -0.1396278589963913,
            -0.7480490207672119,
            -0.07335361838340759
        ],
        [
            -0.13054636120796204,
            -0.7551364898681641,
            -0.09187377989292145
        ],
        [
            -0.13046926259994507,
            -0.7567362785339355,
            -0.09394650906324387
        ],
        [
            -0.13519561290740967,
            -0.7574173808097839,
            -0.0909418910741806
        ],
        [
            -0.1336195170879364,
            -0.7552241086959839,
            -0.08949656784534454
        ],
        [
            -0.1307213306427002,
            -0.7585986852645874,
            -0.09687221050262451
        ],
        [
            -0.12756749987602234,
            -0.755833625793457,
            -0.09493924677371979
        ],
        [
            -0.1270538866519928,
            -0.7568199634552002,
            -0.09808292984962463
        ],
        [
            -0.1254323422908783,
            -0.7523596286773682,
            -0.09187953919172287
        ],
        [
            -0.12296570092439651,
            -0.7517670392990112,
            -0.09418550878763199
        ],
        [
            -0.12501807510852814,
            -0.7535182237625122,
            -0.0952044427394867
        ],
        [
            -0.12214150279760361,
            -0.7486481070518494,
            -0.09197433292865753
        ],
        [
            -0.1257956326007843,
            -0.7501631379127502,
            -0.08938498795032501
        ],
        [
            -0.12789562344551086,
            -0.7471034526824951,
            -0.08626216650009155
        ],
        [
            -0.1308700442314148,
            -0.7437958717346191,
            -0.08231110125780106
        ],
        [
            -0.1256377398967743,
            -0.7411395907402039,
            -0.08380961418151855
        ],
        [
            -0.12330178171396255,
            -0.7448383569717407,
            -0.08837637305259705
        ],
        [
            -0.13607913255691528,
            -0.7613071203231812,
            -0.09324226528406143
        ],
        [
            -0.12253792583942413,
            -0.7539080381393433,
            -0.09906677901744843
        ],
        [
            -0.1250799298286438,
            -0.7594313621520996,
            -0.10285602509975433
        ],
        [
            -0.11933143436908722,
            -0.7503109574317932,
            -0.09838078916072845
        ],
        [
            -0.11723438650369644,
            -0.746584415435791,
            -0.09582708775997162
        ],
        [
            -0.11723899096250534,
            -0.7423038482666016,
            -0.09128379821777344
        ],
        [
            -0.11898521333932877,
            -0.7377448081970215,
            -0.08646126091480255
        ],
        [
            -0.10169707983732224,
            -0.7189943790435791,
            -0.07892240583896637
        ],
        [
            -0.10013322532176971,
            -0.7254356145858765,
            -0.08650657534599304
        ],
        [
            -0.1710783839225769,
            -0.8217588663101196,
            -0.10483546555042267
        ],
        [
            -0.16714639961719513,
            -0.8226794600486755,
            -0.11302129924297333
        ],
        [
            -0.15912173688411713,
            -0.8178309798240662,
            -0.11216545104980469
        ],
        [
            -0.15984472632408142,
            -0.8201211094856262,
            -0.11377794295549393
        ],
        [
            -0.1642044633626938,
            -0.8196085691452026,
            -0.10948961973190308
        ],
        [
            -0.16219130158424377,
            -0.8172473907470703,
            -0.10865791141986847
        ],
        [
            -0.1399880200624466,
            -0.8195185661315918,
            -0.12270798534154892
        ],
        [
            -0.14557114243507385,
            -0.8186782598495483,
            -0.11871090531349182
        ],
        [
            -0.14242520928382874,
            -0.8160925507545471,
            -0.11831346899271011
        ],
        [
            -0.13605472445487976,
            -0.8139560222625732,
            -0.12370803207159042
        ],
        [
            -0.14576201140880585,
            -0.8059267997741699,
            -0.11153944581747055
        ],
        [
            -0.14300182461738586,
            -0.8088003993034363,
            -0.11529946327209473
        ],
        [
            -0.14904452860355377,
            -0.8131099939346313,
            -0.11258691549301147
        ],
        [
            -0.15110865235328674,
            -0.81098473072052,
            -0.10994333028793335
        ],
        [
            -0.15301477909088135,
            -0.8094937801361084,
            -0.10654304176568985
        ],
        [
            -0.15482857823371887,
            -0.808696985244751,
            -0.10243131220340729
        ],
        [
            -0.15155456960201263,
            -0.8044251203536987,
            -0.10249973833560944
        ],
        [
            -0.1487559974193573,
            -0.8046730756759644,
            -0.10711406171321869
        ],
        [
            -0.16650986671447754,
            -0.8198767900466919,
            -0.10340479761362076
        ],
        [
            -0.16711142659187317,
            -0.8189833164215088,
            -0.096019446849823
        ],
        [
            -0.16459687054157257,
            -0.8167407512664795,
            -0.0972147285938263
        ],
        [
            -0.16457366943359375,
            -0.8170921206474304,
            -0.10339640825986862
        ],
        [
            -0.15841270983219147,
            -0.8131531476974487,
            -0.086013063788414
        ],
        [
            -0.16046595573425293,
            -0.8147538304328918,
            -0.08753451704978943
        ],
        [
            -0.16266241669654846,
            -0.8153152465820312,
            -0.08435849845409393
        ],
        [
            -0.15977585315704346,
            -0.8118601441383362,
            -0.0830766037106514
        ],
        [
            -0.15799754858016968,
            -0.8092700839042664,
            -0.08523193001747131
        ],
        [
            -0.15774594247341156,
            -0.8115541934967041,
            -0.08731716871261597
        ],
        [
            -0.18980905413627625,
            -0.8747920989990234,
            -0.10760492086410522
        ],
        [
            -0.1902506947517395,
            -0.8560953736305237,
            -0.10410682111978531
        ],
        [
            -0.17318205535411835,
            -0.8752672672271729,
            -0.12038055807352066
        ],
        [
            -0.15699321031570435,
            -0.871216893196106,
            -0.12783226370811462
        ],
        [
            -0.1413293033838272,
            -0.863221287727356,
            -0.13370245695114136
        ],
        [
            -0.11008281260728836,
            -0.7653623223304749,
            -0.11513274908065796
        ],
        [
            -0.10051355510950089,
            -0.7606519460678101,
            -0.11478152126073837
        ],
        [
            -0.09228184074163437,
            -0.7728588581085205,
            -0.12087482213973999
        ],
        [
            -0.08400198817253113,
            -0.7658202648162842,
            -0.11782662570476532
        ],
        [
            -0.09308966994285583,
            -0.7533897161483765,
            -0.11155159771442413
        ],
        [
            -0.08537597209215164,
            -0.7365452647209167,
            -0.09718602895736694
        ],
        [
            -0.08798246085643768,
            -0.744806706905365,
            -0.10588794946670532
        ],
        [
            -0.07627256214618683,
            -0.7585413455963135,
            -0.1126389354467392
        ],
        [
            -0.06701724231243134,
            -0.7764827013015747,
            -0.1193840354681015
        ],
        [
            -0.07662305235862732,
            -0.7799638509750366,
            -0.12253490090370178
        ],
        [
            -0.06220237910747528,
            -0.7964024543762207,
            -0.12232473492622375
        ],
        [
            -0.05573169142007828,
            -0.7732448577880859,
            -0.11378812789916992
        ],
        [
            -0.05489155650138855,
            -0.7992202639579773,
            -0.11807261407375336
        ],
        [
            -0.05519885569810867,
            -0.7409812211990356,
            -0.09595869481563568
        ],
        [
            -0.0514068566262722,
            -0.733762264251709,
            -0.09619355201721191
        ],
        [
            -0.039835743606090546,
            -0.7444677352905273,
            -0.10708075761795044
        ],
        [
            -0.04392620921134949,
            -0.7524755001068115,
            -0.10688264667987823
        ],
        [
            -0.08666226267814636,
            -0.7839388251304626,
            -0.12482727319002151
        ],
        [
            -0.12281869351863861,
            -0.8362008929252625,
            -0.13345474004745483
        ],
        [
            -0.1330496370792389,
            -0.8308128118515015,
            -0.13085360825061798
        ],
        [
            -0.11313588917255402,
            -0.8271656632423401,
            -0.13360649347305298
        ],
        [
            -0.13394516706466675,
            -0.8985937833786011,
            -0.1346316784620285
        ],
        [
            -0.14767113327980042,
            -0.8860277533531189,
            -0.13203281164169312
        ],
        [
            -0.1337294727563858,
            -0.8761286735534668,
            -0.13698315620422363
        ],
        [
            -0.12279221415519714,
            -0.8888865113258362,
            -0.13927476108074188
        ],
        [
            -0.162606343626976,
            -0.9238619804382324,
            -0.11055357754230499
        ],
        [
            -0.1788489818572998,
            -0.900777280330658,
            -0.11160961538553238
        ],
        [
            -0.1652117371559143,
            -0.8953608274459839,
            -0.12235245108604431
        ],
        [
            -0.15110819041728973,
            -0.9130720496177673,
            -0.12284716963768005
        ],
        [
            -0.11119161546230316,
            -0.8966834545135498,
            -0.13905294239521027
        ],
        [
            -0.095889613032341,
            -0.9068642854690552,
            -0.13684463500976562
        ],
        [
            -0.0979236364364624,
            -0.923623263835907,
            -0.13238011300563812
        ],
        [
            -0.11798098683357239,
            -0.9134360551834106,
            -0.13444320857524872
        ],
        [
            -0.10325947403907776,
            -0.9441843032836914,
            -0.12033548951148987
        ],
        [
            -0.12778380513191223,
            -0.9322221875190735,
            -0.12262485921382904
        ],
        [
            -0.04174736142158508,
            -0.7907662987709045,
            -0.11324675381183624
        ],
        [
            -0.04629102349281311,
            -0.8096787929534912,
            -0.11541971564292908
        ],
        [
            -0.050551652908325195,
            -0.7610591053962708,
            -0.10746894776821136
        ],
        [
            -0.03787704557180405,
            -0.775492250919342,
            -0.11187060177326202
        ],
        [
            -0.10889957845211029,
            -0.9594959020614624,
            -0.10281556099653244
        ],
        [
            -0.13799823820590973,
            -0.9462217092514038,
            -0.10619130730628967
        ],
        [
            -0.044398754835128784,
            -0.9101628065109253,
            -0.11829666793346405
        ],
        [
            -0.05959814786911011,
            -0.9222656488418579,
            -0.12219692021608353
        ],
        [
            -0.06599512696266174,
            -0.9037162065505981,
            -0.13065987825393677
        ],
        [
