{
    "pred_cam": [
        1.2132935523986816,
        0.03351679444313049,
        0.17227648198604584
    ],
    "pred_smpl_params": {
        "global_orient": [
            [
                [
                    0.9443126320838928,
                    0.2695772051811218,
                    0.18868423998355865
                ],
                [
                    0.2638074457645416,
                    -0.9629750847816467,
                    0.055539388209581375
                ],
                [
                    0.19667036831378937,
                    -0.0026702373288571835,
                    -0.9804660081863403
                ]
            ]
        ],
        "body_pose": [
            [
                [
                    0.9945812225341797,
                    -0.01781889796257019,
                    -0.10242445766925812
                ],
                [
                    0.043281376361846924,
                    0.9667340517044067,
                    0.25209516286849976
                ],
                [
                    0.09452515095472336,
                    -0.25516217947006226,
                    0.962266743183136
                ]
            ],
            [
                [
                    0.997316300868988,
                    0.0615352988243103,
                    -0.03966834396123886
                ],
                [
                    -0.052722010761499405,
                    0.9795730710029602,
                    0.1940540075302124
                ],
                [
                    0.05079921334981918,
                    -0.1914418339729309,
                    0.9801884293556213
                ]
            ],
            [
                [
                    0.9954208731651306,
                    0.028433069586753845,
                    0.09126285463571548
                ],
                [
                    -0.003979560919106007,
                    0.966236412525177,
                    -0.25762659311294556
                ],
                [
                    -0.09550660103559494,
                    0.2560836672782898,
                    0.9619250297546387
                ]
            ],
            [
                [
                    0.9885358214378357,
                    -0.06702257692813873,
                    -0.13529576361179352
                ],
                [
                    -0.058106061071157455,
                    0.6581918001174927,
                    -0.7506045699119568
                ],
                [
                    0.13935799896717072,
                    0.7498610019683838,
                    0.6467517614364624
                ]
            ],
            [
                [
                    0.9929493069648743,
                    -0.11070451140403748,
                    0.04237992689013481
                ],
                [
                    0.11251568794250488,
                    0.7676829099655151,
                    -0.6308749318122864
                ],
                [
                    0.037306349724531174,
                    0.6311953067779541,
                    0.7747262120246887
                ]
            ],
            [
                [
                    0.9944078326225281,
                    0.043871212750673294,
                    0.09606505930423737
                ],
                [
                    -0.040937937796115875,
                    0.9986395835876465,
                    -0.03229612112045288
                ],
                [
                    -0.09735124558210373,
                    0.028182804584503174,
                    0.9948509931564331
                ]
            ],
            [
                [
                    0.9892898797988892,
                    0.06915190815925598,
                    0.12854433059692383
                ],
                [
                    -0.07801945507526398,
                    0.9948127269744873,
                    0.06527411192655563
                ],
                [
                    -0.1233636885881424,
                    -0.07460395991802216,
                    0.9895533323287964
                ]
            ],
            [
                [
                    0.9905288815498352,
                    -0.03033067286014557,
                    -0.13391245901584625
                ],
                [
                    0.036899689584970474,
                    0.9982202649116516,
                    0.046847887337207794
                ],
                [
                    0.13225319981575012,
                    -0.05134551599621773,
                    0.9898852109909058
                ]
            ],
            [
                [
                    0.9976906776428223,
                    0.007481573149561882,
                    0.06750867515802383
                ],
                [
                    -0.002493764739483595,
                    0.9972796440124512,
                    -0.07366780936717987
                ],
                [
                    -0.0678761899471283,
                    0.07332932949066162,
                    0.9949952363967896
                ]
            ],
            [
                [
                    0.9861499071121216,
                    -0.16224941611289978,
                    0.034402091056108475
                ],
                [
                    0.154551699757576,
                    0.9742153882980347,
                    0.1643717885017395
                ],
                [
                    -0.06018427759408951,
                    -0.15677832067012787,
                    0.9857983589172363
                ]
            ],
            [
                [
                    0.9924379587173462,
                    0.11973732709884644,
                    -0.027014072984457016
                ],
                [
                    -0.1119784563779831,
                    0.9733165502548218,
                    0.20028939843177795
                ],
                [
                    0.05027535930275917,
                    -0.19574983417987823,
                    0.979364275932312
                ]
            ],
            [
                [
                    0.9997327923774719,
                    -0.021499233320355415,
                    0.008487625978887081
                ],
                [
                    0.021448476240038872,
                    0.9997518062591553,
                    0.006026824936270714
                ],
                [
                    -0.008615091443061829,
                    -0.005843168590217829,
                    0.9999458193778992
                ]
            ],
            [
                [
                    0.9107822179794312,
                    0.4019596576690674,
                    -0.0943625196814537
                ],
                [
                    -0.40228283405303955,
                    0.9153681993484497,
                    0.01641637645661831
                ],
                [
                    0.0929751768708229,
                    0.02300867810845375,
                    0.9954025745391846
                ]
            ],
            [
                [
                    0.8868721723556519,
                    -0.36862480640411377,
                    0.27852028608322144
                ],
                [
                    0.37938669323921204,
                    0.9250943064689636,
                    0.016319094225764275
                ],
                [
                    -0.26367315649986267,
                    0.09119394421577454,
                    0.9602917432785034
                ]
            ],
            [
                [
                    0.9993671178817749,
                    -0.012081912718713284,
                    0.033457379788160324
                ],
                [
                    0.02112351916730404,
                    0.9583269357681274,
                    -0.28489163517951965
                ],
                [
                    -0.028621075674891472,
                    0.2854180634021759,
                    0.9579756259918213
                ]
            ],
            [
                [
                    0.4825480878353119,
                    0.8319541215896606,
                    -0.2738609313964844
                ],
                [
                    -0.8609474301338196,
                    0.5080148577690125,
                    0.02627790905535221
                ],
                [
                    0.16098742187023163,
                    0.2230994999408722,
                    0.961410403251648
                ]
            ],
            [
                [
                    0.39823564887046814,
                    -0.7712236046791077,
                    0.4966109097003937
                ],
                [
                    0.8674301505088806,
                    0.4926784336566925,
                    0.06951833516359329
                ],
                [
                    -0.2982836663722992,
                    0.4030906558036804,
                    0.8651847243309021
                ]
            ],
            [
                [
                    0.6147974729537964,
                    -0.31032708287239075,
                    -0.7250662446022034
                ],
                [
                    0.29719340801239014,
                    0.9427233934402466,
                    -0.15148799121379852
                ],
                [
                    0.7305477857589722,
                    -0.12235050648450851,
                    0.6718111038208008
                ]
            ],
            [
                [
                    0.5294244289398193,
                    0.252080500125885,
                    0.8100401759147644
                ],
                [
                    0.07026928663253784,
                    0.9385226964950562,
                    -0.33799007534980774
                ],
                [
                    -0.8454418778419495,
                    0.2358611673116684,
                    0.4791633188724518
                ]
            ],
            [
                [
                    0.9923381209373474,
                    -0.1234527975320816,
                    0.004938943311572075
                ],
                [
                    0.12302522361278534,
                    0.9910067915916443,
                    0.05263293907046318
                ],
                [
                    -0.01139221154153347,
                    -0.05162205919623375,
                    0.9986016154289246
                ]
            ],
            [
                [
                    0.9951148629188538,
                    0.0959179624915123,
                    0.023368695750832558
                ],
                [
                    -0.0961388498544693,
                    0.9953314661979675,
                    0.00851721316576004
                ],
                [
                    -0.022442644461989403,
                    -0.010722245089709759,
                    0.999690592288971
                ]
            ],
            [
                [
                    0.971463143825531,
                    0.21018767356872559,
                    -0.10991145670413971
                ],
                [
                    -0.19454365968704224,
                    0.9711770415306091,
                    0.1377239227294922
                ],
                [
                    0.13569135963916779,
                    -0.11241113394498825,
                    0.9843533635139465
                ]
            ],
            [
                [
                    0.9742809534072876,
                    -0.21008533239364624,
                    0.08149117976427078
                ],
                [
                    0.1979546844959259,
                    0.9707432389259338,
                    0.13590975105762482
                ],
                [
                    -0.10765966027975082,
                    -0.11628271639347076,
                    0.9873639941215515
                ]
            ]
        ],
        "betas": [
            0.03870147466659546,
            0.2665889263153076,
            0.22737058997154236,
            1.0766265392303467,
            -0.01895272731781006,
            -0.0188460610806942,
            -0.05349430441856384,
            0.07827860116958618,
            0.11283666640520096,
            -0.06054896116256714
        ]
    },
    "pred_cam_t": [
        0.03351679444313049,
        0.17227648198604584,
        32.1954231262207
    ],
    "focal_length": [
        5000.0,
        5000.0
    ],
    "pred_keypoints_3d": [
        [
            0.2719729244709015,
            -0.7202507257461548,
            -0.23021340370178223
        ],
        [
            0.17614778876304626,
            -0.7107534408569336,
            -0.06089545786380768
        ],
        [
            -0.014461599290370941,
            -0.6540657877922058,
            -0.12575805187225342
        ],
        [
            -0.09028678387403488,
            -0.41615402698516846,
            -0.0896407961845398
        ],
        [
            0.06812456995248795,
            -0.22745281457901,
            -0.15257227420806885
        ],
        [
            0.28936970233917236,
            -0.5757958292961121,
            0.047547198832035065
        ],
        [
            0.20498600602149963,
            -0.34188514947891235,
            0.12205742299556732
        ],
        [
            0.2528344392776489,
            -0.13821956515312195,
            -0.012873589992523193
        ],
        [
            -0.002769745886325836,
            -0.2333480566740036,
            0.0248083658516407
        ],
        [
            -0.08840247243642807,
            -0.16387253999710083,
            0.01809365674853325
        ],
        [
            -0.23442944884300232,
            0.1808147430419922,
            -0.0561973862349987
        ],
        [
            -0.31401491165161133,
            0.49680471420288086,
            0.1688743233680725
        ],
        [
            0.03296786546707153,
            -0.12869997322559357,
            0.04562191665172577
        ],
        [
            -0.005137678235769272,
            0.23238389194011688,
            -0.04032579064369202
        ],
        [
            -0.08201801776885986,
            0.52168869972229,
            0.21865883469581604
        ],
        [
            0.24925899505615234,
            -0.7775834798812866,
            -0.23628921806812286
        ],
        [
            0.3079851567745209,
            -0.7648682594299316,
            -0.20734567940235138
        ],
        [
            0.18032938241958618,
            -0.8272126913070679,
            -0.17449098825454712
        ],
        [
            0.3114776611328125,
            -0.799307107925415,
            -0.11048409342765808
        ],
        [
            -0.10656408965587616,
            0.6625704765319824,
            0.07847151160240173
        ],
        [
            -0.04072316363453865,
            0.6582000255584717,
            0.1302643120288849
        ],
        [
            -0.07929281145334244,
            0.5217034816741943,
            0.2881421148777008
        ],
        [
            -0.33156076073646545,
            0.6199281811714172,
            0.012102723121643066
        ],
        [
            -0.4006037712097168,
            0.5889206528663635,
            0.057112738490104675
        ],
        [
            -0.3244628608226776,
            0.5091493129730225,
            0.23973801732063293
        ],
        [
            -0.3223034143447876,
            0.43678319454193115,
            0.1674519181251526
        ],
        [
            -0.21179898083209991,
            0.12194889038801193,
            -0.05574911832809448
        ],
        [
            -0.12715181708335876,
            -0.3038681149482727,
            0.007532671559602022
        ],
        [
            0.12840691208839417,
            -0.2143174409866333,
            0.07578358799219131
        ],
        [
            0.011281177401542664,
            0.19593951106071472,
            -0.03848443925380707
        ],
        [
            -0.06464242935180664,
            0.48221656680107117,
            0.22048017382621765
        ],
        [
            0.08027264475822449,
            -0.263062447309494,
            -0.15056614577770233
        ],
        [
            -0.08297661691904068,
            -0.4310659170150757,
            -0.12766167521476746
        ],
        [
            0.02696487493813038,
            -0.6791260838508606,
            -0.11229433864355087
        ],
        [
            0.27411171793937683,
            -0.6153284311294556,
            0.032175999134778976
        ],
        [
            0.2539309561252594,
            -0.35291004180908203,
            0.10503102838993073
        ],
        [
            0.2637242078781128,
            -0.15726113319396973,
            -0.01359672099351883
        ],
        [
            0.17724581062793732,
            -0.6954747438430786,
            -0.06320929527282715
        ],
        [
            0.2753252685070038,
            -0.8458480834960938,
            -0.17807559669017792
        ],
        [
            0.00093403912615031,
            -0.25896212458610535,
            0.04201526567339897
        ],
        [
            0.14881199598312378,
            -0.6455509066581726,
            -0.041922274976968765
        ],
        [
            0.07550391554832458,
            -0.49993810057640076,
            0.01597791537642479
        ],
        [
            0.24468252062797546,
            -0.7386326789855957,
            -0.1551351696252823
        ],
        [
            0.27635830640792847,
            -0.8667574524879456,
            -0.1814424693584442
        ]
    ],
    "pred_vertices": [
        [
            0.33649879693984985,
            -0.8002321720123291,
            -0.2235499918460846
        ],
        [
            0.32752156257629395,
            -0.7860780954360962,
            -0.22492264211177826
        ],
        [
            0.33326202630996704,
            -0.7862860560417175,
            -0.21181419491767883
        ],
        [
            0.3398149609565735,
            -0.7988506555557251,
            -0.2063445746898651
        ],
        [
            0.3278009295463562,
            -0.7766396999359131,
            -0.21398736536502838
        ],
        [
            0.3216840922832489,
            -0.775822639465332,
            -0.22422990202903748
        ],
        [
            0.3337674140930176,
            -0.7859106063842773,
            -0.19781343638896942
        ],
        [
            0.338153213262558,
            -0.7959016561508179,
            -0.19009670615196228
        ],
        [
            0.32136014103889465,
            -0.7619396448135376,
            -0.17043577134609222
        ],
        [
            0.3203408122062683,
            -0.7624309062957764,
            -0.15922434628009796
        ],
        [
            0.32552626729011536,
            -0.7716310024261475,
            -0.16599830985069275
        ],
        [
            0.32394880056381226,
            -0.7691474556922913,
            -0.17593282461166382
        ],
        [
            0.30907270312309265,
            -0.7428139448165894,
            -0.1570284068584442
        ],
        [
            0.3024725317955017,
            -0.731849193572998,
            -0.1622427999973297
        ],
        [
            0.29822838306427,
            -0.7292183637619019,
            -0.14980685710906982
        ],
        [
            0.30365902185440063,
            -0.7402966022491455,
            -0.1440926045179367
        ],
        [
            0.28668224811553955,
            -0.736701250076294,
            -0.2012449949979782
        ],
        [
            0.2885703444480896,
            -0.7308506965637207,
            -0.19506946206092834
        ],
        [
            0.2942434549331665,
            -0.7360881567001343,
            -0.19556474685668945
        ],
        [
            0.291316419839859,
            -0.741560697555542,
            -0.2014344334602356
        ],
        [
            0.2844017744064331,
            -0.7429448366165161,
            -0.21496644616127014
        ],
        [
            0.2863399088382721,
            -0.7491666078567505,
            -0.21409165859222412
        ],
        [
            0.2855376601219177,
            -0.7502251863479614,
            -0.22211608290672302
        ],
        [
            0.28429821133613586,
            -0.7426713109016418,
            -0.2231094092130661
        ],
        [
            0.28010034561157227,
            -0.7331345081329346,
            -0.2017216682434082
        ],
        [
            0.2820590138435364,
            -0.7271689176559448,
            -0.19491353631019592
        ],
        [
            0.2853411138057709,
            -0.7413066625595093,
            -0.20717039704322815
        ],
        [
            0.28257858753204346,
            -0.7368365526199341,
            -0.2082577347755432
        ],
        [
            0.28113508224487305,
            -0.7264107465744019,
            -0.21541564166545868
        ],
        [
            0.28383171558380127,
            -0.7308248281478882,
            -0.2155139446258545
        ],
        [
            0.2834981083869934,
            -0.72843998670578,
            -0.2230808138847351
        ],
        [
            0.2799797058105469,
            -0.7245268225669861,
            -0.2208169847726822
        ],
        [
            0.2802450358867645,
            -0.730556309223175,
            -0.20633172988891602
        ],
        [
            0.2827894389629364,
            -0.7313156127929688,
            -0.2096444070339203
        ],
        [
            0.2799728512763977,
            -0.7273603081703186,
            -0.21104198694229126
        ],
        [
            0.27684903144836426,
            -0.7275872826576233,
            -0.2081587314605713
        ],
        [
            0.28320133686065674,
            -0.7378933429718018,
            -0.21579010784626007
        ],
        [
            0.2837531566619873,
            -0.7359636425971985,
            -0.22355124354362488
        ],
        [
            0.28322792053222656,
            -0.7338439226150513,
            -0.2316773235797882
        ],
        [
            0.28166142106056213,
            -0.7250614166259766,
            -0.23039424419403076
        ],
        [
            0.2906172275543213,
            -0.7212067246437073,
            -0.1790114939212799
        ],
        [
            0.2904004752635956,
            -0.7254356145858765,
            -0.18771453201770782
        ],
        [
            0.28416019678115845,
            -0.7220410108566284,
            -0.18818679451942444
        ],
        [
            0.2852337956428528,
            -0.7181516885757446,
            -0.18131253123283386
        ],
        [
            0.27548688650131226,
            -0.7267056703567505,
            -0.20345991849899292
        ],
        [
            0.272241473197937,
            -0.7128825187683105,
            -0.19483841955661774
        ],
        [
            0.2741655111312866,
            -0.7158187627792358,
            -0.19662116467952728
        ],
        [
            0.2705579400062561,
            -0.7153615951538086,
            -0.2028801441192627
        ],
        [
            0.26924318075180054,
            -0.7126176357269287,
            -0.20075002312660217
        ],
        [
            0.2863979935646057,
            -0.7132046222686768,
            -0.16361761093139648
        ],
        [
            0.282670259475708,
            -0.7106626033782959,
            -0.16931842267513275
        ],
        [
            0.27935242652893066,
            -0.7063637971878052,
            -0.16394348442554474
        ],
        [
            0.2816179096698761,
            -0.7086949348449707,
            -0.15706045925617218
        ],
        [
            0.27449727058410645,
            -0.7025750875473022,
            -0.16172978281974792
        ],
        [
            0.2761986553668976,
            -0.7042539119720459,
            -0.15177962183952332
        ],
        [
            0.26254919171333313,
            -0.6937275528907776,
            -0.15012937784194946
        ],
        [
            0.26904839277267456,
            -0.6985464096069336,
            -0.1503460556268692
        ],
        [
            0.2689128518104553,
            -0.6982672214508057,
            -0.1615385115146637
        ],
        [
            0.2631440758705139,
            -0.6931290626525879,
            -0.16424743831157684
        ],
        [
            0.2573850750923157,
            -0.6945556998252869,
            -0.17826974391937256
        ],
        [
            0.25271302461624146,
            -0.6931214332580566,
            -0.1825466752052307
        ],
        [
            0.2511838972568512,
            -0.6834521889686584,
            -0.17348286509513855
        ],
        [
            0.25677362084388733,
            -0.6872252821922302,
            -0.16902878880500793
        ],
        [
            0.26835137605667114,
            -0.7103912234306335,
            -0.18875575065612793
        ],
        [
            0.2708655893802643,
            -0.7113741636276245,
            -0.1847531795501709
        ],
        [
            0.27245476841926575,
            -0.7112509608268738,
            -0.1870465874671936
        ],
        [
            0.27043113112449646,
            -0.7109709978103638,
            -0.19197170436382294
        ],
        [
            0.27324914932250977,
            -0.7116461992263794,
            -0.181450754404068
        ],
        [
            0.2743287682533264,
            -0.7116342782974243,
            -0.17996945977210999
        ],
        [
            0.27507612109184265,
            -0.7120129466056824,
            -0.18162694573402405
        ],
        [
            0.2737354636192322,
            -0.7119484543800354,
            -0.18226832151412964
        ],
        [
            0.2720872163772583,
            -0.7116222977638245,
            -0.18350949883460999
        ],
        [
            0.270529568195343,
            -0.7099490165710449,
            -0.18342575430870056
        ],
        [
            0.2723005712032318,
            -0.7108465433120728,
            -0.18186324834823608
        ],
        [
            0.26806727051734924,
            -0.7081830501556396,
            -0.18687781691551208
        ],
        [
            0.2586112320423126,
            -0.7044929265975952,
            -0.19802960753440857
        ],
        [
            0.26189231872558594,
            -0.7047222852706909,
            -0.19515928626060486
        ],
        [
            0.26215651631355286,
            -0.7092211246490479,
            -0.19713932275772095
        ],
        [
            0.2594640851020813,
            -0.7092605829238892,
            -0.19977042078971863
        ],
        [
            0.2748451232910156,
            -0.7129442691802979,
            -0.18485751748085022
        ],
        [
            0.2776801586151123,
            -0.7139143943786621,
            -0.18383072316646576
        ],
        [
            0.27673742175102234,
            -0.7147027850151062,
            -0.1895056664943695
        ],
        [
            0.2743401527404785,
            -0.7130442261695862,
            -0.18835869431495667
        ],
        [
            0.28080642223358154,
            -0.7151178121566772,
            -0.18312442302703857
        ],
        [
            0.27735722064971924,
            -0.7129870653152466,
            -0.18058112263679504
        ],
        [
            0.2799464464187622,
            -0.7135558128356934,
            -0.17911231517791748
        ],
        [
            0.27308887243270874,
            -0.7102551460266113,
            -0.1794147938489914
        ],
        [
            0.27429938316345215,
            -0.7092960476875305,
            -0.17623619735240936
        ],
        [
            0.27621400356292725,
            -0.7108016014099121,
            -0.1779184341430664
        ],
        [
            0.2712489366531372,
            -0.7067116498947144,
            -0.1760585606098175
        ],
        [
            0.270468533039093,
            -0.7084658145904541,
            -0.18056726455688477
        ],
        [
            0.2675773799419403,
            -0.7058700323104858,
            -0.1835309863090515
        ],
        [
            0.2640778124332428,
            -0.7033542990684509,
            -0.18762454390525818
        ],
        [
            0.26309865713119507,
            -0.700782060623169,
            -0.18193304538726807
        ],
        [
            0.2674524486064911,
            -0.7035924196243286,
            -0.17825961112976074
        ],
        [
            0.27959346771240234,
            -0.7182683944702148,
            -0.18980388343334198
        ],
        [
            0.2790178060531616,
            -0.7105761766433716,
            -0.17421355843544006
        ],
        [
            0.28456956148147583,
            -0.7152272462844849,
            -0.17539796233177185
        ],
        [
            0.27655887603759766,
            -0.7073284387588501,
            -0.1712261140346527
        ],
        [
            0.2727043926715851,
            -0.7042502164840698,
            -0.16989780962467194
        ],
        [
            0.26771724224090576,
            -0.7008440494537354,
            -0.17116990685462952
        ],
        [
            0.26262059807777405,
            -0.6973201036453247,
            -0.1744721680879593
        ],
        [
            0.24598421156406403,
            -0.6823328137397766,
            -0.15987661480903625
        ],
        [
            0.25385546684265137,
            -0.6869461536407471,
            -0.15552791953086853
        ],
        [
            0.3159593641757965,
            -0.7719235420227051,
            -0.21958833932876587
        ],
        [
            0.32221028208732605,
            -0.7713159322738647,
            -0.21302929520606995
        ],
        [
            0.31761109828948975,
            -0.7680031657218933,
            -0.20548102259635925
        ],
        [
            0.3204074203968048,
            -0.769428551197052,
            -0.20540641248226166
        ],
        [
            0.3171965479850769,
            -0.7697744369506836,
            -0.211288183927536
        ],
        [
            0.3153473138809204,
            -0.767889142036438,
            -0.20958051085472107
        ],
        [
            0.32148775458335876,
            -0.7684601545333862,
            -0.18410426378250122
        ],
        [
            0.31946948170661926,
            -0.7680869698524475,
            -0.19067487120628357
        ],
        [
            0.31758490204811096,
            -0.7658928632736206,
            -0.18769003450870514
        ],
        [
            0.31985580921173096,
            -0.7632673382759094,
            -0.17982575297355652
        ],
        [
            0.3099460005760193,
            -0.757133960723877,
            -0.19300106167793274
        ],
        [
            0.31316784024238586,
            -0.759326696395874,
            -0.18909013271331787
        ],
        [
            0.3137471079826355,
            -0.7635576725006104,
            -0.19592098891735077
        ],
        [
            0.31146982312202454,
            -0.7619589567184448,
            -0.19881537556648254
        ],
        [
            0.30858314037323,
            -0.7612264156341553,
            -0.20190013945102692
        ],
        [
            0.3053300678730011,
            -0.7612838745117188,
            -0.20498529076576233
        ],
        [
            0.30307507514953613,
            -0.7573907375335693,
            -0.2019331455230713
        ],
        [
            0.30643871426582336,
            -0.7567641139030457,
            -0.19763091206550598
        ],
        [
            0.31258121132850647,
            -0.7709672451019287,
            -0.21584975719451904
        ],
        [
            0.3059193789958954,
            -0.7717955112457275,
            -0.2186974734067917
        ],
        [
            0.30558687448501587,
            -0.7695757746696472,
            -0.21616047620773315
        ],
        [
            0.3112466037273407,
            -0.7685688734054565,
            -0.21390622854232788
        ],
        [
            0.2924042344093323,
            -0.7693374752998352,
            -0.2142607569694519
        ],
        [
            0.29487690329551697,
            -0.7704412937164307,
            -0.21562007069587708
        ],
        [
            0.2928290367126465,
            -0.7714961171150208,
            -0.2189033031463623
        ],
        [
            0.289833128452301,
            -0.7685593962669373,
            -0.2166104018688202
        ],
        [
            0.290498286485672,
            -0.7657068371772766,
            -0.21414953470230103
        ],
        [
            0.2928972542285919,
            -0.7674786448478699,
            -0.21316957473754883
        ],
        [
            0.3376425504684448,
            -0.8188539147377014,
            -0.2357390820980072
        ],
        [
            0.32878726720809937,
            -0.8024927377700806,
            -0.23729917407035828
        ],
        [
            0.3439069986343384,
            -0.8178611993789673,
            -0.21626295149326324
        ],
        [
            0.3440040946006775,
            -0.8146592378616333,
            -0.19836407899856567
        ],
        [
            0.3423512578010559,
            -0.8077444434165955,
            -0.18145503103733063
        ],
        [
            0.2920023798942566,
            -0.7197327613830566,
            -0.1567545086145401
        ],
        [
            0.287339448928833,
            -0.7158346176147461,
            -0.1474563479423523
        ],
        [
            0.2933550179004669,
            -0.72728431224823,
            -0.13792061805725098
        ],
        [
            0.2858070731163025,
            -0.7217066287994385,
            -0.1303674876689911
        ],
        [
            0.27998408675193787,
            -0.7100623846054077,
            -0.1408386528491974
        ],
        [
            0.26002731919288635,
            -0.6982054114341736,
            -0.13747459650039673
        ],
        [
            0.27083709836006165,
            -0.7036782503128052,
            -0.1372993290424347
        ],
        [
            0.2758263647556305,
            -0.716917097568512,
            -0.12401050329208374
        ],
        [
            0.2831593155860901,
            -0.7341141104698181,
            -0.11382772773504257
        ],
        [
            0.29115766286849976,
            -0.7356569766998291,
            -0.12256111204624176
        ],
        [
            0.28872379660606384,
            -0.7532492876052856,
            -0.10872504115104675
        ],
        [
            0.2723444104194641,
            -0.7344452142715454,
            -0.10387580096721649
        ],
        [
            0.28314486145973206,
            -0.7576161623001099,
            -0.10276350378990173
        ],
        [
            0.2452939748764038,
            -0.7048624753952026,
            -0.1009121984243393
        ],
        [
            0.24132506549358368,
            -0.6970360279083252,
            -0.09311750531196594
        ],
        [
            0.24912887811660767,
            -0.7078567743301392,
            -0.07906508445739746
        ],
        [
            0.2538645565509796,
            -0.7155817747116089,
            -0.08708272874355316
        ],
        [
            0.2982039451599121,
            -0.7377188801765442,
            -0.1317531019449234
        ],
        [
            0.32947278022766113,
            -0.7837313413619995,
            -0.1638319343328476
        ],
        [
            0.32904690504074097,
            -0.7782821655273438,
            -0.17446660995483398
        ],
        [
            0.3240072727203369,
            -0.7756776213645935,
            -0.15462706983089447
        ],
        [
            0.35040995478630066,
            -0.8406153917312622,
            -0.1748688966035843
        ],
        [
            0.34949809312820435,
            -0.8283888697624207,
            -0.1882486790418625
        ],
        [
            0.3464304506778717,
            -0.8192564845085144,
            -0.17342321574687958
        ],
        [
            0.34825944900512695,
            -0.8321444988250732,
            -0.16248339414596558
        ],
        [
            0.3436836302280426,
            -0.8675994277000427,
            -0.2107376754283905
        ],
        [
            0.3442271053791046,
            -0.8439463376998901,
            -0.22490575909614563
        ],
        [
            0.34722498059272766,
            -0.837526261806488,
            -0.2081608772277832
        ],
        [
            0.3479851484298706,
            -0.855622410774231,
            -0.19559478759765625
        ],
        [
            0.3462539613246918,
            -0.8402579426765442,
            -0.15212872624397278
        ],
        [
            0.34175002574920654,
            -0.8520463705062866,
            -0.13838504254817963
        ],
        [
            0.3436053991317749,
            -0.8691697716712952,
            -0.14243239164352417
        ],
        [
            0.34863513708114624,
            -0.8564193844795227,
            -0.1605682671070099
        ],
        [
            0.3395400047302246,
            -0.8912824392318726,
            -0.15244260430335999
        ],
        [
            0.34588438272476196,
            -0.8763483762741089,
            -0.1745050549507141
        ],
        [
            0.2722002863883972,
            -0.7524051666259766,
            -0.0902765691280365
        ],
        [
            0.28038153052330017,
            -0.7690117359161377,
            -0.09540744125843048
        ],
        [
            0.2605324983596802,
            -0.7240447998046875,
            -0.09724224358797073
        ],
        [
            0.2641969919204712,
            -0.7383824586868286,
            -0.08423573523759842
        ],
        [
            0.32896775007247925,
            -0.910281240940094,
            -0.16411548852920532
        ],
        [
            0.3378925621509552,
            -0.8927589058876038,
            -0.19050189852714539
        ],
        [
            0.3093682825565338,
            -0.8647341728210449,
            -0.09530986845493317
        ],
        [
            0.32131463289260864,
            -0.8736664056777954,
            -0.10883612930774689
        ],
        [
            0.3253375291824341,
            -0.8533559441566467,
            -0.11208215355873108
        ],
        [
            0.31375277042388916,
            -0.8478046655654907,
            -0.09907018393278122
        ],
        [
            0.2999570369720459,
            -0.8823938369750977,
            -0.09386990964412689
        ],
        [
            0.3139374554157257,
