{
    "pred_cam": [
        1.4347012042999268,
        0.1294543296098709,
        0.2932319939136505
    ],
    "pred_smpl_params": {
        "global_orient": [
            [
                [
                    -0.2922167181968689,
                    0.15969359874725342,
                    -0.9429248571395874
                ],
                [
                    0.26007017493247986,
                    -0.9355340003967285,
                    -0.23903882503509521
                ],
                [
                    -0.9203113317489624,
                    -0.3150777816772461,
                    0.2318471372127533
                ]
            ]
        ],
        "body_pose": [
            [
                [
                    0.9941744804382324,
                    0.065419040620327,
                    0.0856584906578064
                ],
                [
                    -0.08077682554721832,
                    0.9783980846405029,
                    0.1902952343225479
                ],
                [
                    -0.07135917246341705,
                    -0.19610589742660522,
                    0.977982759475708
                ]
            ],
            [
                [
                    0.9744396209716797,
                    0.20328545570373535,
                    -0.09561602026224136
                ],
                [
                    -0.20048847794532776,
                    0.9789547324180603,
                    0.03810420632362366
                ],
                [
                    0.10134979337453842,
                    -0.017960339784622192,
                    0.9946886897087097
                ]
            ],
            [
                [
                    0.9913499355316162,
                    -0.11675973981618881,
                    0.05993684008717537
                ],
                [
                    0.1264445036649704,
                    0.9720608592033386,
                    -0.19776120781898499
                ],
                [
                    -0.03517170995473862,
                    0.2036292552947998,
                    0.9784160852432251
                ]
            ],
            [
                [
                    0.9635882377624512,
                    0.24604101479053497,
                    0.10469768941402435
                ],
                [
                    -0.22699373960494995,
                    0.9596402645111084,
                    -0.16602495312690735
                ],
                [
                    -0.1413210928440094,
                    0.13621395826339722,
                    0.9805478453636169
                ]
            ],
            [
                [
                    0.9874765872955322,
                    0.10188547521829605,
                    0.12045468389987946
                ],
                [
                    -0.10106748342514038,
                    0.9947959184646606,
                    -0.012896967120468616
                ],
                [
                    -0.12114185094833374,
                    0.0005614023539237678,
                    0.9926350116729736
                ]
            ],
            [
                [
                    0.9964956045150757,
                    -0.07468020915985107,
                    0.03767378255724907
                ],
                [
                    0.07594823837280273,
                    0.9965512156486511,
                    -0.03342996910214424
                ],
                [
                    -0.035047296434640884,
                    0.03617407754063606,
                    0.9987307190895081
                ]
            ],
            [
                [
                    0.9913115501403809,
                    0.04152625799179077,
                    0.12480823695659637
                ],
                [
                    -0.04029013216495514,
                    0.9991109371185303,
                    -0.012413489632308483
                ],
                [
                    -0.12521275877952576,
                    0.007277098949998617,
                    0.9921033382415771
                ]
            ],
            [
                [
                    0.9848207235336304,
                    -0.0674922838807106,
                    -0.15991522371768951
                ],
                [
                    0.06679580360651016,
                    0.9977191686630249,
                    -0.00973303522914648
                ],
                [
                    0.16020739078521729,
                    -0.001096369232982397,
                    0.9870827198028564
                ]
            ],
            [
                [
                    0.9984988570213318,
                    -0.017897440120577812,
                    0.05176520720124245
                ],
                [
                    0.023293938487768173,
                    0.9941355586051941,
                    -0.10560156404972076
                ],
                [
                    -0.04957164451479912,
                    0.10664886981248856,
                    0.9930601119995117
                ]
            ],
            [
                [
                    0.9893388152122498,
                    -0.0869259387254715,
                    0.11684393882751465
                ],
                [
                    0.08499845862388611,
                    0.9961514472961426,
                    0.021388333290815353
                ],
                [
                    -0.11825346946716309,
                    -0.011228751391172409,
                    0.9929198622703552
                ]
            ],
            [
                [
                    0.9932604432106018,
                    0.11253460496664047,
                    -0.027742469683289528
                ],
                [
                    -0.11074850708246231,
                    0.9920849800109863,
                    0.059179291129112244
                ],
                [
                    0.034182604402303696,
                    -0.055708009749650955,
                    0.9978618025779724
                ]
            ],
            [
                [
                    0.9767431020736694,
                    -0.0250102449208498,
                    0.2129494547843933
                ],
                [
                    0.06240636482834816,
                    0.9833357334136963,
                    -0.17075185477733612
                ],
                [
                    -0.20513027906417847,
                    0.18007008731365204,
                    0.9620271921157837
                ]
            ],
            [
                [
                    0.9600838422775269,
                    0.2795657813549042,
                    0.009053988382220268
                ],
                [
                    -0.2795923352241516,
                    0.9601171612739563,
                    0.0017878370126709342
                ],
                [
                    -0.008193071000277996,
                    -0.004247899167239666,
                    0.9999574422836304
                ]
            ],
            [
                [
                    0.9511086344718933,
                    -0.30836328864097595,
                    0.017451651394367218
                ],
                [
                    0.30882182717323303,
                    0.9503306746482849,
                    -0.03873860463500023
                ],
                [
                    -0.004639280494302511,
                    0.042234066873788834,
                    0.9990970492362976
                ]
            ],
            [
                [
                    0.9877511262893677,
                    0.08447659760713577,
                    0.13119198381900787
                ],
                [
                    -0.027418194338679314,
                    0.9216566681861877,
                    -0.38703641295433044
                ],
                [
                    -0.153609499335289,
                    0.3786986470222473,
                    0.9126836061477661
                ]
            ],
            [
                [
                    0.5570570230484009,
                    0.7839969992637634,
                    -0.2739272713661194
                ],
                [
                    -0.7949684262275696,
                    0.5988135933876038,
                    0.09719832241535187
                ],
                [
                    0.24023455381393433,
                    0.1636185199022293,
                    0.9568262100219727
                ]
            ],
            [
                [
                    0.5092123746871948,
                    -0.8016427159309387,
                    0.3131641149520874
                ],
                [
                    0.8482755422592163,
                    0.5289503931999207,
                    -0.02530059404671192
                ],
                [
                    -0.14536622166633606,
                    0.27853283286094666,
                    0.9493619799613953
                ]
            ],
            [
                [
                    -0.008962739259004593,
                    -0.36449646949768066,
                    -0.9311615824699402
                ],
                [
                    0.19592764973640442,
                    0.9125092625617981,
                    -0.3590810000896454
                ],
                [
                    0.9805774092674255,
                    -0.18565866351127625,
                    0.06323635578155518
                ]
            ],
            [
                [
                    -0.042304884642362595,
                    0.3662497401237488,
                    0.9295544624328613
                ],
                [
                    -0.13514384627342224,
                    0.9197389483451843,
                    -0.36853286623954773
                ],
                [
                    -0.9899224042892456,
                    -0.1412143111228943,
                    0.010586947202682495
                ]
            ],
            [
                [
                    0.9794911742210388,
                    -0.18411991000175476,
                    -0.08183537423610687
                ],
                [
                    0.193934366106987,
                    0.9716730117797852,
                    0.13505937159061432
                ],
                [
                    0.05465010926127434,
                    -0.14816012978553772,
                    0.9874523282051086
                ]
            ],
            [
                [
                    0.9886804223060608,
                    0.10843478888273239,
                    0.10369576513767242
                ],
                [
                    -0.1303366720676422,
                    0.9630697965621948,
                    0.2356031984090805
                ],
                [
                    -0.07431868463754654,
                    -0.24645166099071503,
                    0.9663012623786926
                ]
            ],
            [
                [
                    0.9763463735580444,
                    0.20235298573970795,
                    -0.07616429030895233
                ],
                [
                    -0.19406254589557648,
                    0.9754672050476074,
                    0.10393920540809631
                ],
                [
                    0.095328189432621,
                    -0.08670003712177277,
                    0.9916629791259766
                ]
            ],
            [
                [
                    0.9746140837669373,
                    -0.21218515932559967,
                    0.07144787907600403
                ],
                [
                    0.20094075798988342,
                    0.9697152376174927,
                    0.1388351321220398
                ],
                [
                    -0.09874285012483597,
                    -0.12095388770103455,
                    0.9877347946166992
                ]
            ]
        ],
        "betas": [
            -0.1858353614807129,
            -0.21031329035758972,
            0.20326027274131775,
            0.5342997908592224,
            0.22431091964244843,
            0.10270524770021439,
            -0.008018255233764648,
            -0.13994050025939941,
            0.12512972950935364,
            -0.039157330989837646
        ]
    },
    "pred_cam_t": [
        0.1294543296098709,
        0.2932319939136505,
        27.2269229888916
    ],
    "focal_length": [
        5000.0,
        5000.0
    ],
    "pred_keypoints_3d": [
        [
            -0.15151572227478027,
            -0.7615254521369934,
            -0.07461915910243988
        ],
        [
            0.02986946329474449,
            -0.7298226356506348,
            -0.047015413641929626
        ],
        [
            0.07149633765220642,
            -0.6455103754997253,
            0.1342443972826004
        ],
        [
            0.10487033426761627,
            -0.40505772829055786,
            0.1925448626279831
        ],
        [
            -0.14513824880123138,
            -0.4017011523246765,
            0.18863964080810547
        ],
        [
            0.013419521041214466,
            -0.632565438747406,
            -0.21983331441879272
        ],
        [
            -0.0011269832029938698,
            -0.3846437335014343,
            -0.28155818581581116
        ],
        [
            -0.23958562314510345,
            -0.4220817983150482,
            -0.24245063960552216
        ],
        [
            -0.0020346534438431263,
            -0.22819140553474426,
            0.02839004620909691
        ],
        [
            0.007373491767793894,
            -0.1601133793592453,
            0.11810439825057983
        ],
        [
            -0.012210680171847343,
            0.1475881189107895,
            0.3312593102455139
        ],
        [
            -0.004401614889502525,
            0.4801519513130188,
            0.5342311859130859
        ],
        [
            -0.03041268326342106,
            -0.12297672033309937,
            -0.008245855569839478
        ],
        [
            -0.15157493948936462,
            0.20102828741073608,
            0.11290959268808365
        ],
        [
            -0.1554880440235138,
            0.5049145221710205,
            0.3562025725841522
        ],
        [
            -0.15010055899620056,
            -0.8104183673858643,
            -0.03712960705161095
        ],
        [
            -0.13871049880981445,
            -0.8142945766448975,
            -0.10258682817220688
        ],
        [
            -0.06990765035152435,
            -0.8443809747695923,
            0.022537387907505035
        ],
        [
            -0.04670536518096924,
            -0.8528538942337036,
            -0.12423333525657654
        ],
        [
            -0.35337939858436584,
            0.5280113220214844,
            0.3877624273300171
        ],
        [
            -0.3055282235145569,
            0.5744237899780273,
            0.3379799723625183
        ],
        [
            -0.10147921741008759,
            0.5415153503417969,
            0.3748566508293152
        ],
        [
            -0.18469668924808502,
            0.46974995732307434,
            0.6142288446426392
        ],
        [
            -0.11241016536951065,
            0.4516911506652832,
            0.6628180742263794
        ],
        [
            0.04493357241153717,
            0.5314316749572754,
            0.541991114616394
        ],
        [
            0.03149813786149025,
            0.4360203742980957,
            0.515213668346405
        ],
        [
            -0.008283562026917934,
            0.09294336289167404,
            0.2945009171962738
        ],
        [
            0.053052663803100586,
            -0.2946805953979492,
            0.14882922172546387
        ],
        [
            -0.017939331009984016,
            -0.19863957166671753,
            -0.11860354244709015
        ],
        [
            -0.1421658992767334,
            0.16848064959049225,
            0.08468237519264221
        ],
        [
            -0.12792158126831055,
            0.4866463840007782,
            0.32763296365737915
        ],
        [
            -0.12329014390707016,
            -0.43517088890075684,
            0.17868171632289886
        ],
        [
            0.08518111705780029,
            -0.4368820786476135,
            0.22112052142620087
        ],
        [
            0.061142079532146454,
            -0.6722376346588135,
            0.09786663204431534
        ],
        [
            0.020056646317243576,
            -0.6627033352851868,
            -0.1946123242378235
        ],
        [
            -0.02227487787604332,
            -0.4263874888420105,
            -0.3095051646232605
        ],
        [
            -0.2229088544845581,
            -0.4401448965072632,
            -0.2492266595363617
        ],
        [
            0.026648595929145813,
            -0.7221728563308716,
            -0.04846026003360748
        ],
        [
            -0.09795553237199783,
            -0.8868847489356995,
            -0.059019673615694046
        ],
        [
            0.0173560231924057,
            -0.24716775119304657,
            0.014307216741144657
        ],
        [
            0.03762158751487732,
            -0.6650735139846802,
            -0.04540015384554863
        ],
        [
            0.05553304776549339,
            -0.4886336028575897,
            -0.036969710141420364
        ],
        [
            -0.07337674498558044,
            -0.7748026251792908,
            -0.06405878812074661
        ],
        [
            -0.10081688314676285,
            -0.906563401222229,
            -0.05488910898566246
        ]
    ],
    "pred_vertices": [
        [
            -0.16193214058876038,
            -0.8559664487838745,
            -0.11708992719650269
        ],
        [
            -0.16131678223609924,
            -0.8394968509674072,
            -0.1117698922753334
        ],
        [
            -0.1498010754585266,
            -0.8415796160697937,
            -0.12071527540683746
        ],
        [
            -0.14599092304706573,
            -0.8555154800415039,
            -0.1247061938047409
        ],
        [
            -0.15052592754364014,
            -0.8304925560951233,
            -0.11722973734140396
        ],
        [
            -0.15863674879074097,
            -0.8278795480728149,
            -0.10890965908765793
        ],
        [
            -0.13649585843086243,
            -0.8413457870483398,
            -0.1253168135881424
        ],
        [
            -0.13019265234470367,
            -0.8526582717895508,
            -0.12873733043670654
        ],
        [
            -0.10746467113494873,
            -0.8162275552749634,
            -0.12627407908439636
        ],
        [
            -0.09644797444343567,
            -0.8169814348220825,
            -0.1283797025680542
        ],
        [
            -0.10412806272506714,
            -0.8270052075386047,
            -0.129215806722641
        ],
        [
            -0.1131289005279541,
            -0.8235756158828735,
            -0.1258275955915451
        ],
        [
            -0.09242580831050873,
            -0.7954061627388,
            -0.12310197204351425
        ],
        [
            -0.09606577455997467,
            -0.7828517556190491,
            -0.11822585016489029
        ],
        [
            -0.08314509689807892,
            -0.779775857925415,
            -0.11799292266368866
        ],
        [
            -0.07847438752651215,
            -0.7921417355537415,
            -0.1215660348534584
        ],
        [
            -0.1283472329378128,
            -0.7817621231079102,
            -0.09172865748405457
        ],
        [
            -0.12345199286937714,
            -0.7767581939697266,
            -0.0966852679848671
        ],
        [
            -0.1254236102104187,
            -0.7832179665565491,
            -0.10070502758026123
        ],
        [
            -0.12972219288349152,
            -0.7876031398773193,
            -0.09495207667350769
        ],
        [
            -0.13983841240406036,
            -0.7868582010269165,
            -0.08465004712343216
        ],
        [
            -0.13953521847724915,
            -0.7932883501052856,
            -0.08529287576675415
        ],
        [
            -0.14661073684692383,
            -0.7939091920852661,
            -0.08182616531848907
        ],
        [
            -0.14732326567173004,
            -0.7864704132080078,
            -0.08224078267812729
        ],
        [
            -0.1265663504600525,
            -0.7769252061843872,
            -0.08615189045667648
        ],
        [
            -0.12113387882709503,
            -0.772060751914978,
            -0.09127053618431091
        ],
        [
            -0.13307827711105347,
            -0.7857109308242798,
            -0.08776701986789703
        ],
        [
            -0.1331283152103424,
            -0.780785083770752,
            -0.08627887815237045
        ],
        [
            -0.1396867036819458,
            -0.7702603340148926,
            -0.08548514544963837
        ],
        [
            -0.1403602957725525,
            -0.7752045392990112,
            -0.08682583272457123
        ],
        [
            -0.14745113253593445,
            -0.7727447748184204,
            -0.08515653759241104
        ],
        [
            -0.14452289044857025,
            -0.768051028251648,
            -0.08348098397254944
        ],
        [
            -0.1307350993156433,
            -0.7742362022399902,
            -0.08636902272701263
        ],
        [
            -0.13444918394088745,
            -0.7755630016326904,
            -0.08763407915830612
        ],
        [
            -0.13515397906303406,
            -0.7709928750991821,
            -0.08556444197893143
        ],
        [
            -0.13163039088249207,
            -0.7705920934677124,
            -0.08322712779045105
        ],
        [
            -0.140126034617424,
            -0.7817718386650085,
            -0.084593266248703
        ],
        [
            -0.14764688909053802,
            -0.7799423336982727,
            -0.08338512480258942
        ],
        [
            -0.15514042973518372,
            -0.7776082754135132,
            -0.08102824538946152
        ],
        [
            -0.15402501821517944,
            -0.7687957286834717,
            -0.08227097243070602
        ],
        [
            -0.1092853844165802,
            -0.7687697410583496,
            -0.10537604242563248
        ],
        [
            -0.11715605854988098,
            -0.7724132537841797,
            -0.10194581747055054
        ],
        [
            -0.11578136682510376,
            -0.7679553031921387,
            -0.09642401337623596
        ],
        [
            -0.1097908616065979,
            -0.7648268938064575,
            -0.10017776489257812
        ],
        [
            -0.1269952356815338,
            -0.7696520090103149,
            -0.08333480358123779
        ],
        [
            -0.11884986609220505,
            -0.7562854290008545,
            -0.08604617416858673
        ],
        [
            -0.12075060606002808,
            -0.7594866752624512,
            -0.08653976768255234
        ],
        [
            -0.12574565410614014,
            -0.7579045295715332,
            -0.08160196244716644
        ],
        [
            -0.12370001524686813,
            -0.7550519704818726,
            -0.08168689906597137
        ],
        [
            -0.09385794401168823,
            -0.7610658407211304,
            -0.10749176889657974
        ],
        [
            -0.09814074635505676,
            -0.7576853036880493,
            -0.10271844267845154
        ],
        [
            -0.09253180027008057,
            -0.7530702352523804,
            -0.10210677981376648
        ],
        [
            -0.08674776554107666,
            -0.7560211420059204,
            -0.10570250451564789
        ],
        [
            -0.0895451083779335,
            -0.7486087083816528,
            -0.09878271818161011
        ],
        [
            -0.08081307262182236,
            -0.7509036064147949,
            -0.10297691076993942
        ],
        [
            -0.07624561339616776,
            -0.7378761768341064,
            -0.09300901740789413
        ],
        [
            -0.07792682200670242,
            -0.7438260316848755,
            -0.09795936942100525
        ],
        [
            -0.08796992897987366,
            -0.7434050440788269,
            -0.09442341327667236
        ],
        [
            -0.08921070396900177,
            -0.7371745109558105,
            -0.0892733633518219
        ],
        [
            -0.1006048396229744,
            -0.7362565994262695,
            -0.08027030527591705
        ],
        [
            -0.10324132442474365,
            -0.7336304783821106,
            -0.07505666464567184
        ],
        [
            -0.09498653560876846,
            -0.724366307258606,
            -0.07821361720561981
        ],
        [
            -0.09231793880462646,
            -0.7297178506851196,
            -0.08340205252170563
        ],
        [
            -0.11229455471038818,
            -0.7534549236297607,
            -0.0839342251420021
        ],
        [
            -0.1091819629073143,
            -0.7551344037055969,
            -0.08719420433044434
        ],
        [
            -0.11176896095275879,
            -0.7552151679992676,
            -0.0881786048412323
        ],
        [
            -0.11590106040239334,
            -0.754287600517273,
            -0.08504274487495422
        ],
        [
            -0.106794074177742,
            -0.7560843229293823,
            -0.09029190242290497
        ],
        [
            -0.1056913435459137,
            -0.7563883066177368,
            -0.09171080589294434
        ],
        [
            -0.10737964510917664,
            -0.7568097114562988,
            -0.09192055463790894
        ],
        [
            -0.10754591226577759,
            -0.7564138770103455,
            -0.09064420312643051
        ],
        [
            -0.1083214208483696,
            -0.7557045221328735,
            -0.08878286927938461
        ],
        [
            -0.1079065352678299,
            -0.7538620233535767,
            -0.0876585990190506
        ],
        [
            -0.1069982498884201,
            -0.7551323771476746,
            -0.08944401144981384
        ],
        [
            -0.11062047630548477,
            -0.7515233755111694,
            -0.08479245752096176
        ],
        [
            -0.11863541603088379,
            -0.7448645234107971,
            -0.07443235069513321
        ],
        [
            -0.11698268353939056,
            -0.7461788654327393,
            -0.0775735080242157
        ],
        [
            -0.11851973831653595,
            -0.7503620386123657,
            -0.07621699571609497
        ],
        [
            -0.12016704678535461,
            -0.7494426965713501,
            -0.07361878454685211
        ],
        [
            -0.11012476682662964,
            -0.7573573589324951,
            -0.09128373116254807
        ],
        [
            -0.11000056564807892,
            -0.7590897083282471,
            -0.0932808592915535
        ],
        [
            -0.11495383828878403,
            -0.7594703435897827,
            -0.09061703085899353
        ],
        [
            -0.11338941007852554,
            -0.7573299407958984,
            -0.08909855782985687
        ],
        [
            -0.11012829840183258,
            -0.7609727382659912,
            -0.09619852900505066
        ],
        [
            -0.10700012743473053,
            -0.7583402395248413,
            -0.09409578144550323
        ],
        [
            -0.10630817711353302,
            -0.7593737840652466,
            -0.09720379114151001
        ],
        [
            -0.10493649542331696,
            -0.7548898458480835,
            -0.09097114950418472
        ],
        [
            -0.10229495167732239,
            -0.7544463872909546,
            -0.09313060343265533
        ],
        [
            -0.10434408485889435,
            -0.7561480402946472,
            -0.09423408657312393
        ],
        [
            -0.10151565074920654,
            -0.7512907981872559,
            -0.09096334874629974
        ],
        [
            -0.1054098904132843,
            -0.7525945901870728,
            -0.0885886549949646
        ],
        [
            -0.10761261731386185,
            -0.7493648529052734,
            -0.08570181578397751
        ],
        [
            -0.11071252077817917,
            -0.745833694934845,
            -0.08203840255737305
        ],
        [
            -0.10530465096235275,
            -0.7434159517288208,
            -0.08324645459651947
        ],
        [
            -0.10280709713697433,
            -0.7473204731941223,
            -0.08756906539201736
        ],
        [
            -0.11581559479236603,
            -0.7633192539215088,
            -0.092908576130867
        ],
        [
            -0.10164190828800201,
            -0.7566931247711182,
            -0.09794215857982635
        ],
        [
            -0.10416173934936523,
            -0.7621998190879822,
            -0.1017884910106659
        ],
        [
            -0.09833091497421265,
            -0.7532169818878174,
            -0.09712880849838257
        ],
        [
            -0.09626267850399017,
            -0.7495110034942627,
            -0.09453777968883514
        ],
        [
            -0.09645947068929672,
            -0.7451592683792114,
            -0.09008708596229553
        ],
        [
            -0.09837669134140015,
            -0.7403435707092285,
            -0.08552688360214233
        ],
        [
            -0.08101940155029297,
            -0.7220516204833984,
            -0.07744775712490082
        ],
        [
            -0.07917644083499908,
            -0.7288299202919006,
            -0.08472229540348053
        ],
        [
            -0.15253901481628418,
            -0.8224366903305054,
            -0.10556197166442871
        ],
        [
            -0.1480727195739746,
            -0.8237581253051758,
            -0.1134214922785759
        ],
        [
            -0.13985782861709595,
            -0.8192464113235474,
            -0.1121065616607666
        ],
        [
            -0.14060968160629272,
            -0.8215742111206055,
            -0.11370575428009033
        ],
        [
            -0.1452203392982483,
            -0.8207017183303833,
            -0.10978622734546661
        ],
        [
            -0.14313682913780212,
            -0.8184865713119507,
            -0.10882557928562164
        ],
        [
            -0.12013325095176697,
            -0.8219533562660217,
            -0.12134674191474915
        ],
        [
            -0.12593424320220947,
            -0.8207881450653076,
            -0.11771142482757568
        ],
        [
            -0.1227354109287262,
            -0.8183733224868774,
            -0.11717959493398666
        ],
        [
            -0.11593499779701233,
            -0.8166384100914001,
            -0.12223443388938904
        ],
        [
            -0.12613379955291748,
            -0.8078965544700623,
            -0.11086475849151611
        ],
        [
            -0.12324659526348114,
            -0.8110033869743347,
            -0.11437516659498215
        ],
        [
            -0.1295817345380783,
            -0.8149768114089966,
            -0.1119370087981224
        ],
        [
            -0.13173647224903107,
            -0.8126931190490723,
            -0.10947556793689728
        ],
        [
            -0.13383066654205322,
            -0.8110095262527466,
            -0.10626007616519928
        ],
        [
            -0.13589951395988464,
            -0.8100675344467163,
            -0.10226862877607346
        ],
        [
            -0.1324690580368042,
            -0.8058702945709229,
            -0.10223494470119476
        ],
        [
            -0.12937256693840027,
            -0.8063431978225708,
            -0.10667239129543304
        ],
        [
            -0.1478925198316574,
            -0.8207561373710632,
            -0.1038137674331665
        ],
        [
            -0.14900648593902588,
            -0.8197219371795654,
            -0.0964847132563591
        ],
        [
            -0.14626231789588928,
            -0.8176097869873047,
            -0.09755420684814453
        ],
        [
            -0.14584121108055115,
            -0.8181123733520508,
            -0.10373048484325409
        ],
        [
            -0.1407400369644165,
            -0.813983678817749,
            -0.08599857985973358
        ],
        [
            -0.14273571968078613,
            -0.8155713081359863,
            -0.08764535188674927
        ],
        [
            -0.14516980946063995,
            -0.8159545660018921,
            -0.08460831642150879
        ],
        [
            -0.14223253726959229,
            -0.812574028968811,
            -0.08314864337444305
        ],
        [
            -0.14021573960781097,
            -0.8100813031196594,
            -0.08525943011045456
        ],
        [
            -0.13991647958755493,
            -0.8124306201934814,
            -0.08730927109718323
        ],
        [
            -0.17319002747535706,
            -0.8751018047332764,
            -0.10829396545886993
        ],
        [
            -0.17297667264938354,
            -0.8560515642166138,
            -0.10553935170173645
        ],
        [
            -0.15566284954547882,
            -0.8764370083808899,
            -0.11999928951263428
        ],
        [
            -0.13888919353485107,
            -0.8731436729431152,
            -0.12638980150222778
        ],
        [
            -0.12251263856887817,
            -0.8659226298332214,
            -0.13122513890266418
        ],
        [
            -0.08861830830574036,
            -0.7689296007156372,
            -0.11293460428714752
        ],
        [
            -0.07884885370731354,
            -0.7646151781082153,
            -0.11204326152801514
        ],
        [
            -0.0707060694694519,
            -0.7772588729858398,
            -0.11731463670730591
        ],
        [
            -0.0623234361410141,
            -0.7704581022262573,
            -0.11388885974884033
        ],
        [
            -0.07132954895496368,
            -0.7576009631156921,
            -0.10856127738952637
        ],
        [
            -0.064043790102005,
            -0.7407376766204834,
            -0.0942264273762703
        ],
        [
            -0.0662819892168045,
            -0.7491227388381958,
            -0.10281249135732651
        ],
        [
            -0.05462290346622467,
            -0.7633811235427856,
            -0.10839950293302536
        ],
        [
            -0.04562389850616455,
            -0.78175950050354,
            -0.11398173868656158
        ],
        [
            -0.05519592761993408,
            -0.7849458456039429,
            -0.11770765483379364
        ],
        [
            -0.041304007172584534,
            -0.8018921613693237,
            -0.11609708517789841
        ],
        [
            -0.03450663387775421,
            -0.7789049744606018,
            -0.10764932632446289
        ],
        [
            -0.034280925989151,
            -0.8048198223114014,
            -0.11127527803182602
        ],
        [
            -0.034368015825748444,
            -0.7465702295303345,
            -0.09112264215946198
        ],
        [
            -0.030409663915634155,
            -0.7396897077560425,
            -0.09133157134056091
        ],
        [
            -0.017930984497070312,
            -0.7510511875152588,
            -0.10053688287734985
        ],
        [
            -0.022364690899848938,
            -0.758703351020813,
            -0.10051833093166351
        ],
        [
            -0.06525348126888275,
            -0.7886289358139038,
            -0.12055499851703644
        ],
        [
            -0.10275231301784515,
            -0.839730978012085,
            -0.1305283159017563
        ],
        [
            -0.11303526163101196,
            -0.8336806297302246,
            -0.12885963916778564
        ],
        [
            -0.09271439909934998,
            -0.830946683883667,
            -0.13026486337184906
        ],
        [
            -0.11644949018955231,
            -0.9016706943511963,
            -0.1308162808418274
        ],
        [
            -0.1299276053905487,
            -0.8885160684585571,
            -0.12938323616981506
        ],
        [
            -0.1151433140039444,
            -0.8792650699615479,
            -0.1335841566324234
        ],
        [
            -0.1046532690525055,
            -0.8924771547317505,
            -0.13484051823616028
        ],
        [
            -0.14775510132312775,
            -0.925295889377594,
            -0.10811416804790497
        ],
        [
            -0.16282501816749573,
            -0.9016249179840088,
            -0.11078032851219177
        ],
        [
            -0.14837953448295593,
            -0.8968885540962219,
            -0.12080604583024979
        ],
        [
            -0.1349029839038849,
            -0.9151954054832458,
            -0.11977555602788925
        ],
        [
            -0.09349609911441803,
            -0.9007210731506348,
            -0.13349655270576477
        ],
        [
            -0.07864649593830109,
            -0.9114941954612732,
            -0.13009580969810486
        ],
        [
            -0.08167068660259247,
            -0.9282089471817017,
            -0.1255921870470047
        ],
        [
            -0.10115589201450348,
            -0.9171254634857178,
            -0.12911143898963928
        ],
        [
            -0.08852565288543701,
            -0.9481567144393921,
            -0.11343809217214584
        ],
        [
            -0.11247082054615021,
            -0.9353559017181396,
            -0.11761833727359772
        ],
        [
            -0.02109423279762268,
            -0.7967779636383057,
            -0.10548541694879532
        ],
        [
            -0.02633228898048401,
            -0.8156464099884033,
            -0.10754118114709854
        ],
        [
            -0.029292039573192596,
            -0.7668939828872681,
            -0.10147624462842941
        ],
        [
            -0.01664985716342926,
            -0.7818158864974976,
            -0.10415074229240417
        ],
        [
            -0.09609702229499817,
            -0.9629086852073669,
            -0.09584873169660568
        ],
        [
            -0.12440970540046692,
            -0.9484652280807495,
            -0.10162573307752609
        ],
        [
            -0.028469964861869812,
            -0.9160817861557007,
            -0.10809613019227982
        ],
        [
            -0.04404507577419281,
            -0.9278504848480225,
            -0.1126968115568161
        ],
        [
            -0.04915940761566162,
            -0.9092457294464111,
            -0.12198495119810104
