{
    "pred_cam": [
        1.2168797254562378,
        0.041166067123413086,
        0.14945271611213684
    ],
    "pred_smpl_params": {
        "global_orient": [
            [
                [
                    0.9464113116264343,
                    0.2690008580684662,
                    0.17872978746891022
                ],
                [
                    0.25343626737594604,
                    -0.961605429649353,
                    0.10528592765331268
                ],
                [
                    0.2001895308494568,
                    -0.054347168654203415,
                    -0.9782488346099854
                ]
            ]
        ],
        "body_pose": [
            [
                [
                    0.9962700605392456,
                    -0.026407545432448387,
                    -0.08214947581291199
                ],
                [
                    0.04410593956708908,
                    0.9741023778915405,
                    0.2217637300491333
                ],
                [
                    0.07416576892137527,
                    -0.22455985844135284,
                    0.971633791923523
                ]
            ],
            [
                [
                    0.9978163838386536,
                    0.05305847153067589,
                    -0.03933507576584816
                ],
                [
                    -0.045374125242233276,
                    0.9834291934967041,
                    0.17552289366722107
                ],
                [
                    0.04799623414874077,
                    -0.17335481941699982,
                    0.9836892485618591
                ]
            ],
            [
                [
                    0.9953622221946716,
                    0.03208703547716141,
                    0.09068894386291504
                ],
                [
                    -0.010038942098617554,
                    0.972231388092041,
                    -0.23380620777606964
                ],
                [
                    -0.09567278623580933,
                    0.23181143403053284,
                    0.9680445194244385
                ]
            ],
            [
                [
                    0.9879831671714783,
                    -0.06858552992343903,
                    -0.13851109147071838
                ],
                [
                    -0.04957468807697296,
                    0.7081896662712097,
                    -0.7042796015739441
                ],
                [
                    0.1463955193758011,
                    0.7026829719543457,
                    0.6962793469429016
                ]
            ],
            [
                [
                    0.9935338497161865,
                    -0.09614247828722,
                    0.060392145067453384
                ],
                [
                    0.11314531415700912,
                    0.7942909598350525,
                    -0.5969087481498718
                ],
                [
                    0.009419350884854794,
                    0.5998821258544922,
                    0.8000330328941345
                ]
            ],
            [
                [
                    0.9947400093078613,
                    0.048408180475234985,
                    0.09027105569839478
                ],
                [
                    -0.04502161219716072,
                    0.9982173442840576,
                    -0.039182838052511215
                ],
                [
                    -0.09200689196586609,
                    0.0349125899374485,
                    0.9951461553573608
                ]
            ],
            [
                [
                    0.9867040514945984,
                    0.05475793406367302,
                    0.15302467346191406
                ],
                [
                    -0.06172267347574234,
                    0.9972452521324158,
                    0.0411369688808918
                ],
                [
                    -0.15035055577754974,
                    -0.05003511905670166,
                    0.98736572265625
                ]
            ],
            [
                [
                    0.9900438189506531,
                    -0.0026441693771630526,
                    -0.1407349854707718
                ],
                [
                    0.007242271676659584,
                    0.9994561672210693,
                    0.03217003867030144
                ],
                [
                    0.1405733823776245,
                    -0.03286898508667946,
                    0.9895245432853699
                ]
            ],
            [
                [
                    0.9978083968162537,
                    0.015171980485320091,
                    0.06440634280443192
                ],
                [
                    -0.011957003735005856,
                    0.9986770153045654,
                    -0.050012387335300446
                ],
                [
                    -0.06507991999387741,
                    0.04913267493247986,
                    0.9966697096824646
                ]
            ],
            [
                [
                    0.9908038973808289,
                    -0.13426093757152557,
                    0.016781125217676163
                ],
                [
                    0.1310618370771408,
                    0.9831362962722778,
                    0.1275372952222824
                ],
                [
                    -0.0336214117705822,
                    -0.12416508793830872,
                    0.9916917681694031
                ]
            ],
            [
                [
                    0.9955754280090332,
                    0.09122565388679504,
                    -0.022527001798152924
                ],
                [
                    -0.08597952872514725,
                    0.9811122417449951,
                    0.17328110337257385
                ],
                [
                    0.03790919855237007,
                    -0.1705775409936905,
                    0.9846147894859314
                ]
            ],
            [
                [
                    0.9995064735412598,
                    -0.03001669980585575,
                    -0.009267237037420273
                ],
                [
                    0.029591193422675133,
                    0.9986339211463928,
                    -0.043066125363111496
                ],
                [
                    0.010547279380261898,
                    0.042770639061927795,
                    0.999029278755188
                ]
            ],
            [
                [
                    0.9218655824661255,
                    0.37417638301849365,
                    -0.10077609866857529
                ],
                [
                    -0.3740084767341614,
                    0.9271813035011292,
                    0.021273110061883926
                ],
                [
                    0.10139761120080948,
                    0.01808016560971737,
                    0.9946816563606262
                ]
            ],
            [
                [
                    0.9007148742675781,
                    -0.33359283208847046,
                    0.27825966477394104
                ],
                [
                    0.3410324156284332,
                    0.9397763013839722,
                    0.02274726703763008
                ],
                [
                    -0.2690901458263397,
                    0.07440675795078278,
                    0.9602364897727966
                ]
            ],
            [
                [
                    0.999599814414978,
                    -0.021494224667549133,
                    0.018392322584986687
                ],
                [
                    0.025503313168883324,
                    0.9660485982894897,
                    -0.25709861516952515
                ],
                [
                    -0.012241742573678493,
                    0.25746476650238037,
                    0.9662101864814758
                ]
            ],
            [
                [
                    0.4839068651199341,
                    0.8317645192146301,
                    -0.2720332145690918
                ],
                [
                    -0.8599813580513,
                    0.5095457434654236,
                    0.028199635446071625
                ],
                [
                    0.16206882894039154,
                    0.22029748558998108,
                    0.9618746638298035
                ]
            ],
            [
                [
                    0.38457444310188293,
                    -0.791090190410614,
                    0.47568774223327637
                ],
                [
                    0.8757575750350952,
                    0.4755804240703583,
                    0.08289683610200882
                ],
                [
                    -0.2918066382408142,
                    0.38470715284347534,
                    0.8756992816925049
                ]
            ],
            [
                [
                    0.6468847990036011,
                    -0.2899092435836792,
                    -0.7053316235542297
                ],
                [
                    0.25861454010009766,
                    0.9535076022148132,
                    -0.15473127365112305
                ],
                [
                    0.7173970937728882,
                    -0.08231571316719055,
                    0.6917843222618103
                ]
            ],
            [
                [
                    0.5271007418632507,
                    0.2562166154384613,
                    0.8102578520774841
                ],
                [
                    0.08064639568328857,
                    0.934080958366394,
                    -0.3478347063064575
                ],
                [
                    -0.8459674119949341,
                    0.24868832528591156,
                    0.4716918170452118
                ]
            ],
            [
                [
                    0.9923519492149353,
                    -0.12167812883853912,
                    0.02078581601381302
                ],
                [
                    0.12045125663280487,
                    0.9913263320922852,
                    0.0525691919028759
                ],
                [
                    -0.02700204961001873,
                    -0.04966346174478531,
                    0.9984009265899658
                ]
            ],
            [
                [
                    0.9958634376525879,
                    0.08934231847524643,
                    0.01655542105436325
                ],
                [
                    -0.08977345377206802,
                    0.9955841898918152,
                    0.027440158650279045
                ],
                [
                    -0.01403074525296688,
                    -0.028812885284423828,
                    0.9994864463806152
                ]
            ],
            [
                [
                    0.9696325659751892,
                    0.2215164750814438,
                    -0.10364930331707001
                ],
                [
                    -0.205394446849823,
                    0.9676421284675598,
                    0.1465667337179184
                ],
                [
                    0.1327623873949051,
                    -0.12082687765359879,
                    0.9837555885314941
                ]
            ],
            [
                [
                    0.9737928509712219,
                    -0.21152935922145844,
                    0.08356329798698425
                ],
                [
                    0.1975814700126648,
                    0.9687695503234863,
                    0.14982375502586365
                ],
                [
                    -0.1126457005739212,
                    -0.1293867528438568,
                    0.9851751327514648
                ]
            ]
        ],
        "betas": [
            -0.04533204436302185,
            0.02234119176864624,
            -0.03823009133338928,
            0.16534729301929474,
            0.03784281015396118,
            0.02572539821267128,
            -0.016173839569091797,
            -0.049131572246551514,
            0.09788050502538681,
            -0.07682424783706665
        ]
    },
    "pred_cam_t": [
        0.041166067123413086,
        0.14945271611213684,
        32.10054397583008
    ],
    "focal_length": [
        5000.0,
        5000.0
    ],
    "pred_keypoints_3d": [
        [
            0.25719794631004333,
            -0.6915249824523926,
            -0.23270246386528015
        ],
        [
            0.17154279351234436,
            -0.6906619071960449,
            -0.06238836050033569
        ],
        [
            -0.014861106872558594,
            -0.640031635761261,
            -0.1300753504037857
        ],
        [
            -0.09640306979417801,
            -0.40192049741744995,
            -0.09528215229511261
        ],
        [
            0.05975715070962906,
            -0.21183334290981293,
            -0.16154995560646057
        ],
        [
            0.28691962361335754,
            -0.5597663521766663,
            0.041126154363155365
        ],
        [
            0.20903262495994568,
            -0.32383203506469727,
            0.119469054043293
        ],
        [
            0.24919763207435608,
            -0.1166003942489624,
            -0.012257181107997894
        ],
        [
            -0.0019272875506430864,
            -0.2240830957889557,
            0.02760334685444832
        ],
        [
            -0.09049955010414124,
            -0.15480077266693115,
            0.023630492389202118
        ],
        [
            -0.23583833873271942,
            0.19610527157783508,
            -0.02226214110851288
        ],
        [
            -0.31957000494003296,
            0.5052779912948608,
            0.2146795243024826
        ],
        [
            0.037456266582012177,
            -0.11970499157905579,
            0.05333396792411804
        ],
        [
            -0.003535967320203781,
            0.24905851483345032,
            0.0012747719883918762
        ],
        [
            -0.08180171251296997,
            0.5348947048187256,
            0.26714515686035156
        ],
        [
            0.23569273948669434,
            -0.7482991218566895,
            -0.2399081587791443
        ],
        [
            0.29518070816993713,
            -0.7351411581039429,
            -0.21321818232536316
        ],
        [
            0.17142975330352783,
            -0.8007150292396545,
            -0.17656105756759644
        ],
        [
            0.3036446273326874,
            -0.7720269560813904,
            -0.1180436834692955
        ],
        [
            -0.09989146888256073,
            0.6846391558647156,
            0.13584661483764648
        ],
        [
            -0.03557851165533066,
            0.6749335527420044,
            0.18742787837982178
        ],
        [
            -0.08034008741378784,
            0.5311890840530396,
            0.33652397990226746
        ],
        [
            -0.3362162411212921,
            0.6370588541030884,
            0.0669013261795044
        ],
        [
            -0.40577587485313416,
            0.6031535863876343,
            0.1066851019859314
        ],
        [
            -0.3311879634857178,
            0.5140044689178467,
            0.2860012352466583
        ],
        [
            -0.3277699947357178,
            0.4453369379043579,
            0.210665762424469
        ],
        [
            -0.21390117704868317,
            0.13694466650485992,
            -0.025476839393377304
        ],
        [
            -0.13280323147773743,
            -0.29407304525375366,
            0.0062858946621418
        ],
        [
            0.13565562665462494,
            -0.205450639128685,
            0.08007067441940308
        ],
        [
            0.01405105646699667,
            0.21235907077789307,
            0.0008251778781414032
        ],
        [
            -0.06485938280820847,
            0.4948834180831909,
            0.26804694533348083
        ],
        [
            0.07224887609481812,
            -0.24693317711353302,
            -0.1594782918691635
        ],
        [
            -0.08934587240219116,
            -0.41695693135261536,
            -0.13389727473258972
        ],
        [
            0.025305412709712982,
            -0.6628245115280151,
            -0.11627849191427231
        ],
        [
            0.2715666592121124,
            -0.5976474285125732,
            0.02673117071390152
        ],
        [
            0.2574614882469177,
            -0.3349875807762146,
            0.10131190717220306
        ],
        [
            0.26037323474884033,
            -0.13524490594863892,
            -0.014285188168287277
        ],
        [
            0.17408345639705658,
            -0.6775262355804443,
            -0.06721296906471252
        ],
        [
            0.26530033349990845,
            -0.8181372284889221,
            -0.18361063301563263
        ],
        [
            0.0019804893527179956,
            -0.24980752170085907,
            0.04381938278675079
        ],
        [
            0.14691269397735596,
            -0.6284825801849365,
            -0.046743281185626984
        ],
        [
            0.07227691262960434,
            -0.48398715257644653,
            0.013935616239905357
        ],
        [
            0.2343585193157196,
            -0.7117792367935181,
            -0.1583893895149231
        ],
        [
            0.2666053771972656,
            -0.8388632535934448,
            -0.18761421740055084
        ]
    ],
    "pred_vertices": [
        [
            0.32378318905830383,
            -0.7705163955688477,
            -0.23123355209827423
        ],
        [
            0.3142690658569336,
            -0.7563971877098083,
            -0.23192057013511658
        ],
        [
            0.3206107020378113,
            -0.756688117980957,
            -0.21911028027534485
        ],
        [
            0.327673077583313,
            -0.7693785429000854,
            -0.21413756906986237
        ],
        [
            0.31478458642959595,
            -0.7469043731689453,
            -0.22078292071819305
        ],
        [
            0.3082265853881836,
            -0.7460058927536011,
            -0.23074871301651
        ],
        [
            0.32170653343200684,
            -0.7564495801925659,
            -0.2051895558834076
        ],
        [
            0.3267019987106323,
            -0.7666980028152466,
            -0.19784557819366455
        ],
        [
            0.3101974427700043,
            -0.7330332398414612,
            -0.17686551809310913
        ],
        [
            0.30965566635131836,
            -0.7338627576828003,
            -0.16568957269191742
        ],
        [
            0.31462690234184265,
            -0.7428497076034546,
            -0.1728028655052185
        ],
        [
            0.31262126564979553,
            -0.7400535941123962,
            -0.18260347843170166
        ],
        [
            0.29824596643447876,
            -0.7144679427146912,
            -0.16251909732818604
        ],
        [
            0.2913111448287964,
            -0.7034610509872437,
            -0.1672847867012024
        ],
        [
            0.2873276174068451,
            -0.7013764381408691,
            -0.15459677577018738
        ],
        [
            0.29298627376556396,
            -0.7124979496002197,
            -0.14930884540081024
        ],
        [
            0.2738872766494751,
            -0.7075896263122559,
            -0.20550154149532318
        ],
        [
            0.2759638726711273,
            -0.7018896341323853,
            -0.19937321543693542
        ],
        [
            0.2817879021167755,
            -0.7069041132926941,
            -0.20025527477264404
        ],
        [
            0.27864930033683777,
            -0.7123121023178101,
            -0.2060444951057434
        ],
        [
            0.270907998085022,
            -0.7137084007263184,
            -0.21890822052955627
        ],
        [
            0.2730765640735626,
            -0.7198420763015747,
            -0.21838587522506714
        ],
        [
            0.2717212736606598,
            -0.720887303352356,
            -0.22620362043380737
        ],
        [
            0.2702546715736389,
            -0.7134479284286499,
            -0.2268463373184204
        ],
        [
            0.26708322763442993,
            -0.7043575048446655,
            -0.20542389154434204
        ],
        [
            0.2692680060863495,
            -0.6986334323883057,
            -0.1987118273973465
        ],
        [
            0.2722891569137573,
            -0.7121051549911499,
            -0.2113032191991806
        ],
        [
            0.26931872963905334,
            -0.7077950239181519,
            -0.2120058238506317
        ],
        [
            0.2671237587928772,
            -0.6975498795509338,
            -0.21859818696975708
        ],
        [
            0.2699351906776428,
            -0.7018588185310364,
            -0.2189364731311798
        ],
        [
            0.26911357045173645,
            -0.6994830965995789,
            -0.226326122879982
        ],
        [
            0.265663743019104,
            -0.695681095123291,
            -0.22381603717803955
        ],
        [
            0.2668313980102539,
            -0.7017868757247925,
            -0.20981308817863464
        ],
        [
            0.2691826820373535,
            -0.7024198174476624,
            -0.21315011382102966
        ],
        [
            0.2661822438240051,
            -0.6985617876052856,
            -0.21430432796478271
        ],
        [
            0.2632300853729248,
            -0.6989316344261169,
            -0.21135416626930237
        ],
        [
            0.26944655179977417,
            -0.7088123559951782,
            -0.21943171322345734
        ],
        [
            0.2694959044456482,
            -0.7068556547164917,
            -0.22701960802078247
        ],
        [
            0.26845282316207886,
            -0.7047363519668579,
            -0.23490098118782043
        ],
        [
            0.2668653726577759,
            -0.6961264610290527,
            -0.23337677121162415
        ],
        [
            0.27851080894470215,
            -0.6928062438964844,
            -0.18330428004264832
        ],
        [
            0.27798500657081604,
            -0.6967208385467529,
            -0.19204789400100708
        ],
        [
            0.2715608477592468,
            -0.6936987638473511,
            -0.1920672208070755
        ],
        [
            0.27282875776290894,
            -0.6900708675384521,
            -0.18520665168762207
        ],
        [
            0.26216524839401245,
            -0.6982342600822449,
            -0.20671091973781586
        ],
        [
            0.2591630220413208,
            -0.6850162744522095,
            -0.1978333443403244
        ],
        [
            0.260975182056427,
            -0.6878225803375244,
            -0.19966603815555573
        ],
        [
            0.2570507228374481,
            -0.6873453855514526,
            -0.2057361602783203
        ],
        [
            0.25589632987976074,
            -0.6846954822540283,
            -0.20360705256462097
        ],
        [
            0.2747323513031006,
            -0.6856200695037842,
            -0.1676269769668579
        ],
        [
            0.27055972814559937,
            -0.6832020878791809,
            -0.1730477660894394
        ],
        [
            0.26741474866867065,
            -0.6792372465133667,
            -0.16756194829940796
        ],
        [
            0.2701466679573059,
            -0.6814928650856018,
            -0.1608937680721283
        ],
        [
            0.2626623511314392,
            -0.6757340431213379,
            -0.16519443690776825
        ],
        [
            0.26485615968704224,
            -0.677467942237854,
            -0.1553977131843567
        ],
        [
            0.2511698007583618,
            -0.6676594018936157,
            -0.1529187560081482
        ],
        [
            0.257748007774353,
            -0.6720823645591736,
            -0.15356086194515228
        ],
        [
            0.25705617666244507,
            -0.6717320680618286,
            -0.16466113924980164
        ],
        [
            0.25108370184898376,
            -0.66684889793396,
            -0.1670045554637909
        ],
        [
            0.2448006421327591,
            -0.6678808927536011,
            -0.18074175715446472
        ],
        [
            0.23993106186389923,
            -0.6664867401123047,
            -0.18464520573616028
        ],
        [
            0.23854117095470428,
            -0.6572816371917725,
            -0.1754104495048523
        ],
        [
            0.24438361823558807,
            -0.6610621809959412,
            -0.1713532954454422
        ],
        [
            0.25554633140563965,
            -0.6827869415283203,
            -0.19167742133140564
        ],
        [
            0.2582382559776306,
            -0.6838184595108032,
            -0.18782934546470642
        ],
        [
            0.2597067952156067,
            -0.6835750341415405,
            -0.19013242423534393
        ],
        [
            0.25747713446617126,
            -0.6832215189933777,
            -0.1949509084224701
        ],
        [
            0.26072245836257935,
            -0.6841306686401367,
            -0.18470150232315063
        ],
        [
            0.2618352472782135,
            -0.6841076612472534,
            -0.18327723443508148
        ],
        [
            0.2625211477279663,
            -0.6843957304954529,
            -0.1849018782377243
        ],
        [
            0.26113688945770264,
            -0.6843799948692322,
            -0.1855253130197525
        ],
        [
            0.2594563961029053,
            -0.6840840578079224,
            -0.18671119213104248
        ],
        [
            0.25790295004844666,
            -0.6825298070907593,
            -0.18656495213508606
        ],
        [
            0.25976285338401794,
            -0.6833860874176025,
            -0.1850908100605011
        ],
        [
            0.25527408719062805,
            -0.6808077096939087,
            -0.18987399339675903
        ],
        [
            0.24542568624019623,
            -0.6768476963043213,
            -0.20041505992412567
        ],
        [
            0.24876601994037628,
            -0.6771726608276367,
            -0.19774359464645386
        ],
        [
            0.24898597598075867,
            -0.6814789772033691,
            -0.19973212480545044
        ],
        [
            0.24624289572238922,
            -0.68146812915802,
            -0.2022280991077423
        ],
        [
            0.26216697692871094,
            -0.6852337718009949,
            -0.18808966875076294
        ],
        [
            0.2650033235549927,
            -0.6861709356307983,
            -0.1871412694454193
        ],
        [
            0.26380443572998047,
            -0.6868853569030762,
            -0.19270829856395721
        ],
        [
            0.2615000605583191,
            -0.6853018999099731,
            -0.19148221611976624
        ],
        [
            0.2681640088558197,
            -0.687244713306427,
            -0.18667426705360413
        ],
        [
            0.2648109197616577,
            -0.6853430271148682,
            -0.18398387730121613
        ],
        [
            0.2675093710422516,
            -0.6858185529708862,
            -0.18267327547073364
        ],
        [
            0.26062771677970886,
            -0.6828489899635315,
            -0.18269756436347961
        ],
        [
            0.2618981599807739,
            -0.6819606423377991,
            -0.17958858609199524
        ],
        [
            0.263761043548584,
            -0.6832882761955261,
            -0.18132144212722778
        ],
        [
            0.2588748335838318,
            -0.6795470714569092,
            -0.17928867042064667
        ],
        [
            0.25798261165618896,
            -0.6811631917953491,
            -0.18373844027519226
        ],
        [
            0.25495827198028564,
            -0.6786593198776245,
            -0.18654201924800873
        ],
        [
            0.2512997090816498,
            -0.6760979890823364,
            -0.1904498040676117
        ],
        [
            0.25054582953453064,
            -0.6737339496612549,
            -0.18476900458335876
        ],
        [
            0.2550167143344879,
            -0.6765199303627014,
            -0.1812971830368042
        ],
        [
            0.2667701244354248,
            -0.6901921629905701,
            -0.19322198629379272
        ],
        [
            0.26667892932891846,
            -0.6831271648406982,
            -0.17774084210395813
        ],
        [
            0.2723190188407898,
            -0.687441349029541,
            -0.17924228310585022
        ],
        [
            0.2642819881439209,
            -0.6801177859306335,
            -0.17467227578163147
        ],
        [
            0.26048022508621216,
            -0.6772489547729492,
            -0.1732192039489746
        ],
        [
            0.2555373013019562,
            -0.674045205116272,
            -0.174213707447052
        ],
        [
            0.2502633333206177,
            -0.670585036277771,
            -0.17727148532867432
        ],
        [
            0.23404982686042786,
            -0.6563984751701355,
            -0.16165992617607117
        ],
        [
            0.24221132695674896,
            -0.6609930396080017,
            -0.15773998200893402
        ],
        [
            0.30269062519073486,
            -0.7419668436050415,
            -0.22583383321762085
        ],
        [
            0.30921822786331177,
            -0.7413621544837952,
            -0.2195529043674469
        ],
        [
            0.3050091862678528,
            -0.7381389141082764,
            -0.21177858114242554
        ],
        [
            0.3077487647533417,
            -0.73960280418396,
            -0.21184000372886658
        ],
        [
            0.3043382167816162,
            -0.7398114800453186,
            -0.2175794392824173
        ],
        [
            0.30254626274108887,
            -0.7379905581474304,
            -0.21577222645282745
        ],
        [
            0.3097362518310547,
            -0.7391524314880371,
            -0.1906542032957077
        ],
        [
            0.30746522545814514,
            -0.7385902404785156,
            -0.1971329152584076
        ],
        [
            0.3057454824447632,
            -0.7364808917045593,
            -0.1940407156944275
        ],
        [
            0.30833694338798523,
            -0.7340332865715027,
            -0.18622331321239471
        ],
        [
            0.29781079292297363,
            -0.7278372049331665,
            -0.1988810896873474
        ],
        [
            0.3012460172176361,
            -0.7300119400024414,
            -0.19517457485198975
        ],
        [
            0.30146950483322144,
            -0.7341390252113342,
            -0.20208559930324554
        ],
        [
            0.29907330870628357,
            -0.7324961423873901,
            -0.2048308104276657
        ],
        [
            0.2960684299468994,
            -0.7316873073577881,
            -0.20774918794631958
        ],
        [
            0.29272085428237915,
            -0.7316739559173584,
            -0.21064743399620056
        ],
        [
            0.29053694009780884,
            -0.7279297113418579,
            -0.2074454128742218
        ],
        [
            0.2940828800201416,
            -0.7273880839347839,
            -0.20334351062774658
        ],
        [
            0.2994827628135681,
            -0.7409489154815674,
            -0.22197285294532776
        ],
        [
            0.2927130162715912,
            -0.7417774200439453,
            -0.22453372180461884
        ],
        [
            0.2924375832080841,
            -0.7396252751350403,
            -0.22199282050132751
        ],
        [
            0.298239529132843,
            -0.7385549545288086,
            -0.2199927717447281
        ],
        [
            0.2794216275215149,
            -0.7395679950714111,
            -0.21942608058452606
        ],
        [
            0.2818276286125183,
            -0.7405687570571899,
            -0.22095589339733124
        ],
        [
            0.2796885371208191,
            -0.7415705919265747,
            -0.22411315143108368
        ],
        [
            0.27677488327026367,
            -0.7388345003128052,
            -0.2216046154499054
        ],
        [
            0.27746647596359253,
            -0.7360928058624268,
            -0.21911922097206116
        ],
        [
            0.2799137532711029,
            -0.7377997636795044,
            -0.2183021456003189
        ],
        [
            0.32466959953308105,
            -0.7892443537712097,
            -0.24378496408462524
        ],
        [
            0.31566718220710754,
            -0.7724960446357727,
            -0.24496984481811523
        ],
        [
            0.33182060718536377,
            -0.7883297204971313,
            -0.22471658885478973
        ],
        [
            0.3327066898345947,
            -0.7852698564529419,
            -0.2066587507724762
        ],
        [
            0.3314462900161743,
            -0.7785729169845581,
            -0.18957851827144623
        ],
        [
            0.28073838353157043,
            -0.6920432448387146,
            -0.16111111640930176
        ],
        [
            0.2764473557472229,
            -0.6885297298431396,
            -0.15164780616760254
        ],
        [
            0.28282231092453003,
            -0.6999622583389282,
            -0.14253054559230804
        ],
        [
            0.2755661606788635,
            -0.694968581199646,
            -0.1347527652978897
        ],
        [
            0.2693202495574951,
            -0.6832609176635742,
            -0.14471349120140076
        ],
        [
            0.24950900673866272,
            -0.6720535755157471,
            -0.1400774121284485
        ],
        [
            0.2602747976779938,
            -0.6772112250328064,
            -0.1406242549419403
        ],
        [
            0.2659064531326294,
            -0.6907677054405212,
            -0.12807267904281616
        ],
        [
            0.2736964225769043,
            -0.7078754901885986,
            -0.11864984035491943
        ],
        [
            0.2811932861804962,
            -0.7088481783866882,
            -0.12743936479091644
        ],
        [
            0.2799762189388275,
            -0.726794958114624,
            -0.11447041481733322
        ],
        [
            0.26365792751312256,
            -0.7085849046707153,
            -0.10840584337711334
        ],
        [
            0.2748861610889435,
            -0.7313599586486816,
            -0.10861571878194809
        ],
        [
            0.23753264546394348,
            -0.680342972278595,
            -0.10423050820827484
        ],
        [
            0.23409470915794373,
            -0.6734179854393005,
            -0.0966808944940567
        ],
        [
            0.2420537769794464,
            -0.6842479705810547,
            -0.08355150371789932
        ],
        [
            0.24646762013435364,
            -0.6911756992340088,
            -0.09130513668060303
        ],
        [
            0.287848562002182,
            -0.7104010581970215,
            -0.13671675324440002
        ],
        [
            0.31877848505973816,
            -0.7551758289337158,
            -0.1710747629404068
        ],
        [
            0.31779545545578003,
            -0.7493795156478882,
            -0.18155725300312042
        ],
        [
            0.31372565031051636,
            -0.747218132019043,
            -0.1615493893623352
        ],
        [
            0.3404393792152405,
            -0.812265932559967,
            -0.1837165504693985
        ],
        [
            0.3387221395969391,
            -0.7994176745414734,
            -0.19685423374176025
        ],
        [
            0.33604031801223755,
            -0.7904543280601501,
            -0.18180620670318604
        ],
        [
            0.33846333622932434,
            -0.8036665320396423,
            -0.17116479575634003
        ],
        [
            0.3328527510166168,
            -0.8389659523963928,
            -0.21950075030326843
        ],
        [
            0.3323044180870056,
            -0.8147293329238892,
            -0.2336573600769043
        ],
        [
            0.3360142707824707,
            -0.8083878755569458,
            -0.21679893136024475
        ],
        [
            0.33772051334381104,
            -0.8270714282989502,
            -0.20437924563884735
        ],
        [
            0.3372986912727356,
            -0.8121378421783447,
            -0.1606491059064865
        ],
        [
            0.3335235118865967,
            -0.8241883516311646,
            -0.14691944420337677
        ],
        [
            0.334694504737854,
            -0.8412139415740967,
            -0.15086376667022705
        ],
        [
            0.339234322309494,
            -0.8285988569259644,
            -0.16925717890262604
        ],
        [
            0.33019590377807617,
            -0.8630997538566589,
            -0.16099464893341064
        ],
        [
            0.335951030254364,
            -0.8480174541473389,
            -0.1830330789089203
        ],
        [
            0.2644846737384796,
            -0.7265899181365967,
            -0.09560943394899368
        ],
        [
            0.27290457487106323,
            -0.742896318435669,
            -0.10151313245296478
        ],
        [
            0.2525935471057892,
            -0.6988049745559692,
            -0.10135617852210999
        ],
        [
            0.25672999024391174,
            -0.7133665084838867,
            -0.08926525712013245
        ],
        [
            0.31897109746932983,
            -0.8811452388763428,
            -0.1722600907087326
        ],
        [
            0.327393501996994,
            -0.8641146421432495,
            -0.19864080846309662
        ],
        [
            0.3026639521121979,
            -0.8378773927688599,
            -0.1037057489156723
        ],
        [
            0.31395548582077026,
            -0.8465742468833923,
            -0.11738638579845428
        ],
        [
            0.31821468472480774,
            -0.8261470794677734,
            -0.12040863186120987
        ],
        [
            0.3071483075618744,
            -0.8208913803100586,
            -0.10731420665979385
        ],
        [
            0.2932494282722473,
            -0.85589599609375,
            -0.10222059488296509
        ],
        [
            0.30631762742996216,
