{
    "pred_cam": [
        1.2094110250473022,
        0.04093996435403824,
        0.1698298156261444
    ],
    "pred_smpl_params": {
        "global_orient": [
            [
                [
                    0.949768602848053,
                    0.27040454745292664,
                    0.15754662454128265
                ],
                [
                    0.2615285813808441,
                    -0.9622788429260254,
                    0.07498069107532501
                ],
                [
                    0.17187891900539398,
                    -0.030011363327503204,
                    -0.9846607446670532
                ]
            ]
        ],
        "body_pose": [
            [
                [
                    0.9964075088500977,
                    -0.02783544920384884,
                    -0.07998209446668625
                ],
                [
                    0.045171163976192474,
                    0.9735607504844666,
                    0.22391743957996368
                ],
                [
                    0.07163459062576294,
                    -0.22672593593597412,
                    0.971320629119873
                ]
            ],
            [
                [
                    0.9979957938194275,
                    0.05442805588245392,
                    -0.03228113800287247
                ],
                [
                    -0.04757853224873543,
                    0.9817159175872803,
                    0.18431004881858826
                ],
                [
                    0.04172254353761673,
                    -0.18240474164485931,
                    0.9823379516601562
                ]
            ],
            [
                [
                    0.996523380279541,
                    0.030285678803920746,
                    0.0776137188076973
                ],
                [
                    -0.011909743770956993,
                    0.9738048315048218,
                    -0.22707323729991913
                ],
                [
                    -0.08245768398046494,
                    0.22535943984985352,
                    0.9707799553871155
                ]
            ],
            [
                [
                    0.9874918460845947,
                    -0.07044503837823868,
                    -0.14105811715126038
                ],
                [
                    -0.052885446697473526,
                    0.694827139377594,
                    -0.7172297835350037
                ],
                [
                    0.14853626489639282,
                    0.7157184481620789,
                    0.6824105978012085
                ]
            ],
            [
                [
                    0.9933062791824341,
                    -0.09997384250164032,
                    0.05786112695932388
                ],
                [
                    0.11438269168138504,
                    0.7814801931381226,
                    -0.613355815410614
                ],
                [
                    0.016102217137813568,
                    0.6158684492111206,
                    0.787684440612793
                ]
            ],
            [
                [
                    0.9954975247383118,
                    0.03844131529331207,
                    0.08664298802614212
                ],
                [
                    -0.03655644878745079,
                    0.9990614056587219,
                    -0.023237675428390503
                ],
                [
                    -0.08745494484901428,
                    0.01996568776667118,
                    0.9959684610366821
                ]
            ],
            [
                [
                    0.9872257113456726,
                    0.0644327700138092,
                    0.14571820199489594
                ],
                [
                    -0.07335864007472992,
                    0.9956908822059631,
                    0.05672876909375191
                ],
                [
                    -0.14143508672714233,
                    -0.06669379025697708,
                    0.9876983165740967
                ]
            ],
            [
                [
                    0.989378809928894,
                    -0.025459174066781998,
                    -0.14311331510543823
                ],
                [
                    0.029662461951375008,
                    0.9991867542266846,
                    0.02731361798942089
                ],
                [
                    0.1423015296459198,
                    -0.03126860782504082,
                    0.9893293976783752
                ]
            ],
            [
                [
                    0.9983462691307068,
                    0.00915575958788395,
                    0.05675407871603966
                ],
                [
                    -0.0055131614208221436,
                    0.9979340434074402,
                    -0.06400923430919647
                ],
                [
                    -0.057222880423069,
                    0.06359048187732697,
                    0.9963341951370239
                ]
            ],
            [
                [
                    0.9880410432815552,
                    -0.1528049111366272,
                    0.02062741108238697
                ],
                [
                    0.14824411273002625,
                    0.9781907200813293,
                    0.14548805356025696
                ],
                [
                    -0.04240882396697998,
                    -0.14069028198719025,
                    0.9891449809074402
                ]
            ],
            [
                [
                    0.9930691123008728,
                    0.11657200753688812,
                    -0.014987832866609097
                ],
                [
                    -0.11154765635728836,
                    0.9749852418899536,
                    0.19225190579891205
                ],
                [
                    0.037024106830358505,
                    -0.18924759328365326,
                    0.9812310338020325
                ]
            ],
            [
                [
                    0.9972308874130249,
                    -0.04839863255620003,
                    -0.05646334961056709
                ],
                [
                    0.047515518963336945,
                    0.9987278580665588,
                    -0.01688026823103428
                ],
                [
                    0.05720850080251694,
                    0.014150639064610004,
                    0.9982619285583496
                ]
            ],
            [
                [
                    0.9203734993934631,
                    0.3829888105392456,
                    -0.07894378900527954
                ],
                [
                    -0.38346725702285767,
                    0.9235044121742249,
                    0.009611177258193493
                ],
                [
                    0.07658591121435165,
                    0.02142648585140705,
                    0.9968326687812805
                ]
            ],
            [
                [
                    0.9090243577957153,
                    -0.33290383219718933,
                    0.2506985366344452
                ],
                [
                    0.34148290753364563,
                    0.939836859703064,
                    0.009808378294110298
                ],
                [
                    -0.2388809323310852,
                    0.07669321447610855,
                    0.9680155515670776
                ]
            ],
            [
                [
                    0.9987581968307495,
                    -0.0464162677526474,
                    -0.018100067973136902
                ],
                [
                    0.040254320949316025,
                    0.9659022092819214,
                    -0.25575873255729675
                ],
                [
                    0.029354263097047806,
                    0.2547125220298767,
                    0.9665712118148804
                ]
            ],
            [
                [
                    0.4907899796962738,
                    0.8352066874504089,
                    -0.24810287356376648
                ],
                [
                    -0.8573638796806335,
                    0.5136449337005615,
                    0.03310782089829445
                ],
                [
                    0.1550886631011963,
                    0.19646543264389038,
                    0.968167781829834
                ]
            ],
            [
                [
                    0.387012779712677,
                    -0.7900239825248718,
                    0.47548213601112366
                ],
                [
                    0.8845365643501282,
                    0.463725745677948,
                    0.05053296312689781
                ],
                [
                    -0.26041555404663086,
                    0.40102440118789673,
                    0.8782728910446167
                ]
            ],
            [
                [
                    0.6923716068267822,
                    -0.2859967350959778,
                    -0.6624404191970825
                ],
                [
                    0.2802618443965912,
                    0.9526007175445557,
                    -0.11834324896335602
                ],
                [
                    0.6648870706558228,
                    -0.10371927171945572,
                    0.7397076487541199
                ]
            ],
            [
                [
                    0.4822240173816681,
                    0.2881910800933838,
                    0.8272882699966431
                ],
                [
                    0.08469881117343903,
                    0.924579918384552,
                    -0.3714539408683777
                ],
                [
                    -0.8719438910484314,
                    0.24919435381889343,
                    0.42144519090652466
                ]
            ],
            [
                [
                    0.9934167861938477,
                    -0.11291289329528809,
                    0.019333427771925926
                ],
                [
                    0.11204518377780914,
                    0.9928464293479919,
                    0.041254088282585144
                ],
                [
                    -0.0238532405346632,
                    -0.03881628438830376,
                    0.9989616274833679
                ]
            ],
            [
                [
                    0.9957878589630127,
                    0.08864260464906693,
                    0.02343173138797283
                ],
                [
                    -0.08907251060009003,
                    0.9958627223968506,
                    0.01798572577536106
                ],
                [
                    -0.021740486845374107,
                    -0.019997090101242065,
                    0.9995636343955994
                ]
            ],
            [
                [
                    0.9696618318557739,
                    0.22007672488689423,
                    -0.10640508681535721
                ],
                [
                    -0.2037421315908432,
                    0.9681254625320435,
                    0.14567828178405762
                ],
                [
                    0.13507388532161713,
                    -0.1195794865489006,
                    0.983593225479126
                ]
            ],
            [
                [
                    0.9739720821380615,
                    -0.20893731713294983,
                    0.08788388222455978
                ],
                [
                    0.19559988379478455,
                    0.9706512689590454,
                    0.13991698622703552
                ],
                [
                    -0.11453848332166672,
                    -0.1190851628780365,
                    0.9862553477287292
                ]
            ]
        ],
        "betas": [
            -0.003271833062171936,
            0.14342129230499268,
            0.10826697945594788,
            0.5615498423576355,
            0.01057472825050354,
            0.02440020814538002,
            -0.027648210525512695,
            -0.008067458868026733,
            0.10947000235319138,
            -0.07442331314086914
        ]
    },
    "pred_cam_t": [
        0.04093996435403824,
        0.1698298156261444,
        32.29877853393555
    ],
    "focal_length": [
        5000.0,
        5000.0
    ],
    "pred_keypoints_3d": [
        [
            0.23577706515789032,
            -0.7235320806503296,
            -0.23391678929328918
        ],
        [
            0.16915291547775269,
            -0.7043138146400452,
            -0.05403631553053856
        ],
        [
            -0.022431880235671997,
            -0.6556816697120667,
            -0.111745685338974
        ],
        [
            -0.10829474031925201,
            -0.42007750272750854,
            -0.07570445537567139
        ],
        [
            0.04640886187553406,
            -0.2352309376001358,
            -0.15771061182022095
        ],
        [
            0.28876107931137085,
            -0.5691965818405151,
            0.04181545972824097
        ],
        [
            0.21419870853424072,
            -0.3316497206687927,
            0.11725832521915436
        ],
        [
            0.25684040784835815,
            -0.11708530783653259,
            -0.0014941170811653137
        ],
        [
            -0.0022971322759985924,
            -0.2283361405134201,
            0.026341959834098816
        ],
        [
            -0.08987051993608475,
            -0.15910528600215912,
            0.022837921977043152
        ],
        [
            -0.23695844411849976,
            0.18902750313282013,
            -0.03552054241299629
        ],
        [
            -0.3159799873828888,
            0.5022311806678772,
            0.19630493223667145
        ],
        [
            0.03585090488195419,
            -0.123451367020607,
            0.04805129021406174
        ],
        [
            -0.0055601708590984344,
            0.24283452332019806,
            -0.01634868234395981
        ],
        [
            -0.07830557227134705,
            0.5320561528205872,
            0.24622774124145508
        ],
        [
            0.21274806559085846,
            -0.7805954813957214,
            -0.23202702403068542
        ],
        [
            0.2754530608654022,
            -0.7662276029586792,
            -0.2149364948272705
        ],
        [
            0.15684467554092407,
            -0.8247917890548706,
            -0.1558714509010315
        ],
        [
            0.296269029378891,
            -0.7933657169342041,
            -0.11792539060115814
        ],
        [
            -0.10151353478431702,
            0.6767264604568481,
            0.10968455672264099
        ],
        [
            -0.035561129450798035,
            0.6696656942367554,
            0.1604377031326294
        ],
        [
            -0.07518526911735535,
            0.5309603214263916,
            0.3158760666847229
        ],
        [
            -0.3357395827770233,
            0.631237804889679,
            0.04574880003929138
        ],
        [
            -0.40438514947891235,
            0.5983282327651978,
            0.08889219164848328
        ],
        [
            -0.32576894760131836,
            0.512507438659668,
            0.26791390776634216
        ],
        [
            -0.3241201639175415,
            0.44240719079971313,
            0.1939476728439331
        ],
        [
            -0.21479648351669312,
            0.13015800714492798,
            -0.037138208746910095
        ],
        [
            -0.1307048350572586,
            -0.29909318685531616,
            0.010715555399656296
        ],
        [
            0.13363800942897797,
            -0.20878805220127106,
            0.07421386241912842
        ],
        [
            0.01164013147354126,
            0.20625562965869904,
            -0.016154903918504715
        ],
        [
            -0.06121629849076271,
            0.4923188090324402,
            0.24779438972473145
        ],
        [
            0.058609724044799805,
            -0.27058616280555725,
            -0.1540176123380661
        ],
        [
            -0.10272680222988129,
            -0.4364381432533264,
            -0.11436079442501068
        ],
        [
            0.01866421289741993,
            -0.6782026290893555,
            -0.09895075857639313
        ],
        [
            0.2724880874156952,
            -0.6081900596618652,
            0.02827959880232811
        ],
        [
            0.2624422311782837,
            -0.3432133197784424,
            0.09878410398960114
        ],
        [
            0.26780182123184204,
            -0.1356607973575592,
            -0.004375356249511242
        ],
        [
            0.1709146499633789,
            -0.6914588212966919,
            -0.05824209749698639
        ],
        [
            0.24887527525424957,
            -0.8448315262794495,
            -0.17374807596206665
        ],
        [
            0.0019456364680081606,
            -0.2538706958293915,
            0.0429186075925827
        ],
        [
            0.14420512318611145,
            -0.6414679288864136,
            -0.0374336838722229
        ],
        [
            0.07361762225627899,
            -0.49214649200439453,
            0.01858014427125454
        ],
        [
            0.22269383072853088,
            -0.7359009385108948,
            -0.1550668627023697
        ],
        [
            0.24922046065330505,
            -0.8660277128219604,
            -0.17574748396873474
        ]
    ],
    "pred_vertices": [
        [
            0.30100876092910767,
            -0.803386926651001,
            -0.23285678029060364
        ],
        [
            0.29180431365966797,
            -0.789202094078064,
            -0.23373565077781677
        ],
        [
            0.299812376499176,
            -0.7884142398834229,
            -0.22190457582473755
        ],
        [
            0.3072167932987213,
            -0.8007631301879883,
            -0.21663834154605865
        ],
        [
            0.29396459460258484,
            -0.7788506746292114,
            -0.22374995052814484
        ],
        [
            0.2860928773880005,
            -0.7787604331970215,
            -0.23286668956279755
        ],
        [
            0.30272233486175537,
            -0.7869715690612793,
            -0.2082730233669281
        ],
        [
            0.3084239661693573,
            -0.7964797019958496,
            -0.20063599944114685
        ],
        [
            0.29520338773727417,
            -0.760825514793396,
            -0.18116670846939087
        ],
        [
            0.29610246419906616,
            -0.760478138923645,
            -0.1699104756116867
        ],
        [
            0.3001736104488373,
            -0.7701368927955627,
            -0.1767173409461975
        ],
        [
            0.2968958020210266,
            -0.768362283706665,
            -0.1864514946937561
        ],
        [
            0.2854599356651306,
            -0.7406293153762817,
            -0.1671963334083557
        ],
        [
            0.2780274748802185,
            -0.730014443397522,
            -0.17205068469047546
        ],
        [
            0.2759048342704773,
            -0.7265181541442871,
            -0.15917477011680603
        ],
        [
            0.2821742296218872,
            -0.737191915512085,
            -0.153646782040596
        ],
        [
            0.2556104063987732,
            -0.7374917268753052,
            -0.20728807151317596
        ],
        [
            0.2585661709308624,
            -0.7312345504760742,
            -0.20202824473381042
        ],
        [
            0.2641335725784302,
            -0.7364972829818726,
            -0.20314334332942963
        ],
        [
            0.26018956303596497,
            -0.7423808574676514,
            -0.20795685052871704
        ],
        [
            0.25089138746261597,
            -0.7447871565818787,
            -0.21967068314552307
        ],
        [
            0.2530154585838318,
            -0.7509100437164307,
            -0.21875406801700592
        ],
        [
            0.2506940960884094,
            -0.7526469826698303,
            -0.22627165913581848
        ],
        [
            0.24925029277801514,
            -0.7452278137207031,
            -0.2275296449661255
        ],
        [
            0.2489461600780487,
            -0.7340366840362549,
            -0.20674565434455872
        ],
        [
            0.25210925936698914,
            -0.7276396751403809,
            -0.2009143829345703
        ],
        [
            0.2532011866569519,
            -0.7425462007522583,
            -0.21242985129356384
        ],
        [
            0.2502981722354889,
            -0.738158106803894,
            -0.21325653791427612
        ],
        [
            0.24741247296333313,
            -0.7284758687019348,
            -0.2206079065799713
        ],
        [
            0.2500779628753662,
            -0.7328931093215942,
            -0.22086212038993835
        ],
        [
            0.24832570552825928,
            -0.7311859130859375,
            -0.22833871841430664
        ],
        [
            0.24528616666793823,
            -0.7270839214324951,
            -0.22580061852931976
        ],
        [
            0.24819305539131165,
            -0.7318641543388367,
            -0.21140572428703308
        ],
        [
            0.25008121132850647,
            -0.7328805923461914,
            -0.2149817943572998
        ],
        [
            0.24702344834804535,
            -0.7290560007095337,
            -0.21612787246704102
        ],
        [
            0.24449285864830017,
            -0.7290581464767456,
            -0.21276229619979858
        ],
        [
            0.24945831298828125,
            -0.7398704290390015,
            -0.22058573365211487
        ],
        [
            0.24854102730751038,
            -0.7386385798454285,
            -0.22832220792770386
        ],
        [
            0.2465227246284485,
            -0.7372311353683472,
            -0.23624873161315918
        ],
        [
            0.24525275826454163,
            -0.7284212112426758,
            -0.2353912740945816
        ],
        [
            0.2633672058582306,
            -0.7205833196640015,
            -0.18728592991828918
        ],
        [
            0.2615898847579956,
            -0.7253744006156921,
            -0.19554263353347778
        ],
        [
            0.25534290075302124,
            -0.7220876812934875,
            -0.19508248567581177
        ],
        [
            0.2575843334197998,
            -0.7177799940109253,
            -0.18878775835037231
        ],
        [
            0.24407681822776794,
            -0.7278192043304443,
            -0.2080487757921219
        ],
        [
            0.24245956540107727,
            -0.7135477662086487,
            -0.20006239414215088
        ],
        [
            0.24400532245635986,
            -0.7165853977203369,
            -0.20189936459064484
        ],
        [
            0.2393181025981903,
            -0.7166014909744263,
            -0.20743098855018616
        ],
        [
            0.23845210671424866,
            -0.7137168645858765,
            -0.20536375045776367
        ],
        [
            0.2618458867073059,
            -0.7116382122039795,
            -0.1719430536031723
        ],
        [
            0.25710639357566833,
            -0.7095624208450317,
            -0.17707160115242004
        ],
        [
            0.25478091835975647,
            -0.7049343585968018,
            -0.17153987288475037
        ],
        [
            0.258303165435791,
            -0.7066761255264282,
            -0.16497141122817993
        ],
        [
            0.25049126148223877,
            -0.7010141611099243,
            -0.16878032684326172
        ],
        [
            0.25392571091651917,
            -0.7018922567367554,
            -0.1591234803199768
        ],
        [
            0.24085655808448792,
            -0.6914440989494324,
            -0.15585392713546753
        ],
        [
            0.24720649421215057,
            -0.6961337924003601,
            -0.15686073899269104
        ],
        [
            0.2450818419456482,
            -0.6967746019363403,
            -0.1679142415523529
        ],
        [
            0.23895156383514404,
            -0.691938042640686,
            -0.1699608862400055
        ],
        [
            0.2307511866092682,
            -0.6942525506019592,
            -0.18274617195129395
        ],
        [
            0.22541281580924988,
            -0.6930949687957764,
            -0.1861848682165146
        ],
        [
            0.22549638152122498,
            -0.6829123497009277,
            -0.17771494388580322
        ],
        [
            0.2318202555179596,
            -0.6864258050918579,
            -0.17399168014526367
        ],
        [
            0.2396661937236786,
            -0.7106609344482422,
            -0.19362881779670715
        ],
        [
            0.24283410608768463,
            -0.7113668918609619,
            -0.19007059931755066
        ],
        [
            0.24398022890090942,
            -0.7114076614379883,
            -0.1925961971282959
        ],
        [
            0.24111798405647278,
            -0.7114801406860352,
            -0.19710583984851837
        ],
        [
            0.24573826789855957,
            -0.7114019393920898,
            -0.18725532293319702
        ],
        [
            0.24704726040363312,
            -0.7112686038017273,
            -0.18599942326545715
        ],
        [
            0.247493177652359,
            -0.7117589116096497,
            -0.18770144879817963
        ],
        [
            0.24600350856781006,
            -0.7117729187011719,
            -0.18814288079738617
        ],
        [
            0.24417869746685028,
            -0.7115464210510254,
            -0.1890987753868103
        ],
        [
            0.24267511069774628,
            -0.7099149227142334,
            -0.18887768685817719
        ],
        [
            0.24473834037780762,
            -0.7106622457504272,
            -0.18756142258644104
        ],
        [
            0.23964256048202515,
            -0.7084459066390991,
            -0.19196444749832153
        ],
        [
            0.22855274379253387,
            -0.7053290605545044,
            -0.20151257514953613
        ],
        [
            0.23217782378196716,
            -0.7054857611656189,
            -0.1992562711238861
        ],
        [
            0.23208653926849365,
            -0.7100349068641663,
            -0.20088134706020355
        ],
        [
            0.22908252477645874,
            -0.7101640701293945,
            -0.20299360156059265
        ],
        [
            0.24671615660190582,
            -0.7128944396972656,
            -0.19077493250370026
        ],
        [
            0.24964824318885803,
            -0.7138219475746155,
            -0.1901286244392395
        ],
        [
            0.2477027028799057,
            -0.7150523662567139,
            -0.19545206427574158
        ],
        [
            0.24558116495609283,
            -0.7133000493049622,
            -0.1940392553806305
        ],
        [
            0.2528111934661865,
            -0.714959442615509,
            -0.18996547162532806
        ],
        [
            0.24989444017410278,
            -0.7126590013504028,
            -0.1870119422674179
        ],
        [
            0.25279152393341064,
            -0.7130476832389832,
            -0.18600447475910187
        ],
        [
            0.24593910574913025,
            -0.7098900079727173,
            -0.18535643815994263
        ],
        [
            0.2476617693901062,
            -0.708699107170105,
            -0.1825299710035324
        ],
        [
            0.24924519658088684,
            -0.710286021232605,
            -0.18439310789108276
        ],
        [
            0.24471446871757507,
            -0.7061678171157837,
            -0.1820223033428192
        ],
        [
            0.24317847192287445,
            -0.7082325220108032,
            -0.18617349863052368
        ],
        [
            0.23982393741607666,
            -0.7059171795845032,
            -0.18877428770065308
        ],
        [
            0.2356826812028885,
            -0.7036839723587036,
            -0.1923997402191162
        ],
        [
            0.23574776947498322,
            -0.7007040977478027,
            -0.1868744045495987
        ],
        [
            0.24063202738761902,
            -0.7032554745674133,
            -0.18376845121383667
        ],
        [
            0.25056514143943787,
            -0.7184877991676331,
            -0.1960308849811554
        ],
        [
            0.25263550877571106,
            -0.7098250389099121,
            -0.18125413358211517
        ],
        [
            0.2579396069049835,
            -0.7145020961761475,
            -0.18305355310440063
        ],
        [
            0.25073084235191345,
            -0.7064081430435181,
            -0.17814913392066956
        ],
        [
            0.24719485640525818,
            -0.7032836675643921,
            -0.17641681432724
        ],
        [
            0.24223344027996063,
            -0.7000170946121216,
            -0.17699870467185974
        ],
        [
            0.23658570647239685,
            -0.6967514753341675,
            -0.17971186339855194
        ],
        [
            0.22289735078811646,
            -0.6806848049163818,
            -0.163526251912117
        ],
        [
            0.23144876956939697,
            -0.6850724220275879,
            -0.16015422344207764
        ],
        [
            0.28122997283935547,
            -0.7743180990219116,
            -0.22768937051296234
        ],
        [
            0.28858131170272827,
            -0.7732678055763245,
            -0.22236835956573486
        ],
        [
            0.28539788722991943,
            -0.769301176071167,
            -0.2144474983215332
        ],
        [
            0.28805819153785706,
            -0.7708399295806885,
            -0.21472559869289398
        ],
        [
            0.2839738130569458,
            -0.7714853286743164,
            -0.2199368178844452
        ],
        [
            0.28241968154907227,
            -0.7694876194000244,
            -0.21808603405952454
        ],
        [
            0.29293620586395264,
            -0.7682409286499023,
            -0.19414985179901123
        ],
        [
            0.28980591893196106,
            -0.7683117389678955,
            -0.20029349625110626
        ],
        [
            0.28856825828552246,
            -0.7658323049545288,
            -0.19721387326717377
        ],
        [
            0.29217690229415894,
            -0.7626854181289673,
            -0.19008222222328186
        ],
        [
            0.28010761737823486,
            -0.7574663162231445,
            -0.201811283826828
        ],
        [
            0.28399360179901123,
            -0.7593619227409363,
            -0.19836144149303436
        ],
        [
            0.28326353430747986,
            -0.7641526460647583,
            -0.2048467993736267
        ],
        [
            0.2805163264274597,
            -0.7627421617507935,
            -0.20742066204547882
        ],
        [
            0.27713799476623535,
            -0.7621817588806152,
            -0.20999161899089813
        ],
        [
            0.2734531760215759,
            -0.7623831033706665,
            -0.2124306708574295
        ],
        [
            0.2717272639274597,
            -0.758278489112854,
            -0.20935377478599548
        ],
        [
            0.27579331398010254,
            -0.757392168045044,
            -0.20580115914344788
        ],
        [
            0.27853530645370483,
            -0.7729353308677673,
            -0.22357594966888428
        ],
        [
            0.2714953124523163,
            -0.7738839387893677,
            -0.22510989010334015
        ],
        [
            0.2715875506401062,
            -0.7714859843254089,
            -0.22277683019638062
        ],
        [
            0.2775774598121643,
            -0.770352840423584,
            -0.22166460752487183
        ],
        [
            0.2590075731277466,
            -0.7709236145019531,
            -0.21857768297195435
        ],
        [
            0.2611822783946991,
            -0.7721496820449829,
            -0.2202753722667694
        ],
        [
            0.2586022615432739,
            -0.7734295129776001,
            -0.22302429378032684
        ],
        [
            0.25607830286026,
            -0.7703336477279663,
            -0.22047224640846252
        ],
        [
            0.2571437358856201,
            -0.7673277258872986,
            -0.2183992862701416
        ],
        [
            0.25966864824295044,
            -0.7690187096595764,
            -0.21774008870124817
        ],
        [
            0.30002081394195557,
            -0.8231885433197021,
            -0.24352622032165527
        ],
        [
            0.29114198684692383,
            -0.8065881729125977,
            -0.2450023591518402
        ],
        [
            0.3096936047077179,
            -0.8206278085708618,
            -0.22569775581359863
        ],
        [
            0.31292441487312317,
            -0.815973162651062,
            -0.20833523571491241
        ],
        [
            0.3140542805194855,
            -0.8076564073562622,
            -0.1919620931148529
        ],
        [
            0.2685827612876892,
            -0.7176202535629272,
            -0.16563765704631805
        ],
        [
            0.2656504511833191,
            -0.7130054235458374,
            -0.15596593916416168
        ],
        [
            0.2731587290763855,
            -0.7237337827682495,
            -0.14675235748291016
        ],
        [
            0.2670065462589264,
            -0.7177383899688721,
            -0.13839088380336761
        ],
        [
            0.2596017122268677,
            -0.7068305015563965,
            -0.1485607624053955
        ],
        [
            0.24064341187477112,
            -0.6948914527893066,
            -0.1423751413822174
        ],
        [
            0.2511903643608093,
            -0.7002535462379456,
            -0.14380046725273132
        ],
        [
            0.2581556737422943,
            -0.7127701044082642,
            -0.1306847333908081
        ],
        [
            0.26688143610954285,
            -0.7291728258132935,
            -0.1207854151725769
        ],
        [
            0.27350693941116333,
            -0.7310695648193359,
            -0.13062375783920288
        ],
        [
            0.27337324619293213,
            -0.7477891445159912,
            -0.11557576060295105
        ],
        [
            0.2580268085002899,
            -0.7288341522216797,
            -0.10883000493049622
        ],
        [
            0.2689727544784546,
            -0.7516461610794067,
            -0.10838940739631653
        ],
        [
            0.2325855791568756,
            -0.6991320848464966,
            -0.10254955291748047
        ],
        [
            0.22985894978046417,
            -0.6911702156066895,
            -0.09444811940193176
        ],
        [
            0.23890797793865204,
            -0.7012380957603455,
            -0.08124187588691711
        ],
        [
            0.24274088442325592,
            -0.7090541124343872,
            -0.0896536186337471
        ],
        [
            0.27883726358413696,
            -0.7337270975112915,
            -0.1407046914100647
        ],
        [
            0.3042776584625244,
            -0.782281756401062,
            -0.1743198186159134
        ],
        [
            0.3020540475845337,
            -0.7775209546089172,
            -0.18514001369476318
        ],
        [
            0.30071964859962463,
            -0.7733136415481567,
            -0.1649952530860901
        ],
        [
            0.3232336938381195,
            -0.8405531644821167,
            -0.18414682149887085
        ],
        [
            0.31992125511169434,
            -0.8291348218917847,
            -0.1980530470609665
        ],
        [
            0.3194963037967682,
            -0.8186647295951843,
            -0.18379220366477966
        ],
        [
            0.32314854860305786,
            -0.8308324217796326,
            -0.17232371866703033
        ],
        [
            0.31064045429229736,
            -0.8702971935272217,
            -0.21587230265140533
        ],
        [
            0.308512806892395,
            -0.8476865291595459,
            -0.23204711079597473
        ],
        [
            0.3144547939300537,
            -0.8398712873458862,
            -0.21658173203468323
        ],
        [
            0.3175771236419678,
            -0.8571642637252808,
            -0.2028006911277771
        ],
        [
            0.32320570945739746,
            -0.8382481336593628,
            -0.16107416152954102
        ],
        [
            0.32124727964401245,
            -0.848828911781311,
            -0.14582732319831848
        ],
        [
            0.3219956159591675,
            -0.8662043809890747,
            -0.14847306907176971
        ],
        [
            0.3239077031612396,
            -0.8552427291870117,
            -0.16830280423164368
        ],
        [
            0.3160947859287262,
            -0.888922929763794,
            -0.1557864248752594
        ],
        [
            0.31875795125961304,
            -0.8760039806365967,
            -0.17970295250415802
        ],
        [
            0.2602807879447937,
            -0.7454603910446167,
            -0.09415499866008759
        ],
        [
            0.2677709460258484,
            -0.7622584104537964,
            -0.09981721639633179
        ],
        [
            0.24788790941238403,
            -0.717948317527771,
            -0.10051628947257996
        ],
        [
            0.25319308042526245,
            -0.7314611077308655,
            -0.0875115767121315
        ],
        [
            0.3034432530403137,
            -0.9081120491027832,
            -0.1637556105852127
        ],
        [
            0.3080509901046753,
            -0.893413782119751,
            -0.19254301488399506
        ],
        [
            0.2964116930961609,
            -0.8577684760093689,
            -0.09751009941101074
        ],
        [
            0.3058628439903259,
            -0.867906391620636,
            -0.11180000007152557
        ],
        [
            0.3095656633377075,
            -0.8479593396186829,
            -0.11736731231212616
        ],
        [
            0.3003759980201721,
            -0.8412668704986572,
            -0.1032930314540863
        ],
        [
            0.28723645210266113,
            -0.8752721548080444,
            -0.0930519849061966
        ],
        [
