{
    "pred_cam": [
        1.2142558097839355,
        0.04565088450908661,
        0.15769794583320618
    ],
    "pred_smpl_params": {
        "global_orient": [
            [
                [
                    0.9495888352394104,
                    0.26990270614624023,
                    0.15947900712490082
                ],
                [
                    0.25748685002326965,
                    -0.9616632461547852,
                    0.09436266124248505
                ],
                [
                    0.17883382737636566,
                    -0.04854198172688484,
                    -0.9826810956001282
                ]
            ]
        ],
        "body_pose": [
            [
                [
                    0.9968810081481934,
                    -0.02496042102575302,
                    -0.07486812770366669
                ],
                [
                    0.03975440934300423,
                    0.978336751461029,
                    0.20316679775714874
                ],
                [
                    0.06817511469125748,
                    -0.2055094689130783,
                    0.9762775897979736
                ]
            ],
            [
                [
                    0.9981134533882141,
                    0.05064913630485535,
                    -0.03470037505030632
                ],
                [
                    -0.044059935957193375,
                    0.9845138788223267,
                    0.16967977583408356
                ],
                [
                    0.042757127434015274,
                    -0.16783078014850616,
                    0.9848881363868713
                ]
            ],
            [
                [
                    0.9961699843406677,
                    0.029248666018247604,
                    0.08240173012018204
                ],
                [
                    -0.010857531800866127,
                    0.976477861404419,
                    -0.21534422039985657
                ],
                [
                    -0.08676199615001678,
                    0.2136247456073761,
                    0.9730554819107056
                ]
            ],
            [
                [
                    0.9868812561035156,
                    -0.07328958809375763,
                    -0.14385376870632172
                ],
                [
                    -0.04769545793533325,
                    0.7189061641693115,
                    -0.6934688091278076
                ],
                [
                    0.1542414277791977,
                    0.6912326216697693,
                    0.7059794664382935
                ]
            ],
            [
                [
                    0.9935392737388611,
                    -0.09175366163253784,
                    0.06679148972034454
                ],
                [
                    0.11348655819892883,
                    0.7990865707397461,
                    -0.5904079675674438
                ],
                [
                    0.0007999145309440792,
                    0.5941733717918396,
                    0.8043367266654968
                ]
            ],
            [
                [
                    0.9952467083930969,
                    0.043062902987003326,
                    0.08734689652919769
                ],
                [
                    -0.04026899114251137,
                    0.9986271262168884,
                    -0.03350090608000755
                ],
                [
                    -0.08866962790489197,
                    0.02982429787516594,
                    0.9956144690513611
                ]
            ],
            [
                [
                    0.9858276844024658,
                    0.055248431861400604,
                    0.15840265154838562
                ],
                [
                    -0.062203262001276016,
                    0.9972900152206421,
                    0.03928598761558533
                ],
                [
                    -0.1558028906583786,
                    -0.048582375049591064,
                    0.986592710018158
                ]
            ],
            [
                [
                    0.989416241645813,
                    -0.010624676942825317,
                    -0.1447157859802246
                ],
                [
                    0.01362341083586216,
                    0.9997121691703796,
                    0.019746344536542892
                ],
                [
                    0.14446432888507843,
                    -0.021508876234292984,
                    0.9892762303352356
                ]
            ],
            [
                [
                    0.9981071949005127,
                    0.012814873829483986,
                    0.060148339718580246
                ],
                [
                    -0.009782012552022934,
                    0.9986786842346191,
                    -0.05044931545853615
                ],
                [
                    -0.06071536988019943,
                    0.0497654527425766,
                    0.996913731098175
                ]
            ],
            [
                [
                    0.9908831119537354,
                    -0.1341111958026886,
                    0.012835562229156494
                ],
                [
                    0.1314169317483902,
                    0.9831429719924927,
                    0.12711966037750244
                ],
                [
                    -0.029667364433407784,
                    -0.12427393347024918,
                    0.9918042421340942
                ]
            ],
            [
                [
                    0.9950377345085144,
                    0.09827738255262375,
                    -0.015535803511738777
                ],
                [
                    -0.09406440705060959,
                    0.980055034160614,
                    0.17505410313606262
                ],
                [
                    0.03242980316281319,
                    -0.17272408306598663,
                    0.9844361543655396
                ]
            ],
            [
                [
                    0.9983955025672913,
                    -0.03782418370246887,
                    -0.042139504104852676
                ],
                [
                    0.035839904099702835,
                    0.9982569217681885,
                    -0.046888452023267746
                ],
                [
                    0.04383957386016846,
                    0.045302942395210266,
                    0.9980108141899109
                ]
            ],
            [
                [
                    0.9240875840187073,
                    0.3717818856239319,
                    -0.08854614198207855
                ],
                [
                    -0.37195658683776855,
                    0.9281266927719116,
                    0.015136189758777618
                ],
                [
                    0.08780940622091293,
                    0.018948156386613846,
                    0.99595707654953
                ]
            ],
            [
                [
                    0.9078220725059509,
                    -0.3273910880088806,
                    0.2620576024055481
                ],
                [
                    0.33499419689178467,
                    0.9420765042304993,
                    0.016455641016364098
                ],
                [
                    -0.25226572155952454,
                    0.07284897565841675,
                    0.964911937713623
                ]
            ],
            [
                [
                    0.999442458152771,
                    -0.032593224197626114,
                    -0.007252552546560764
                ],
                [
                    0.029646895825862885,
                    0.9661334156990051,
                    -0.25633424520492554
                ],
                [
                    0.015361703000962734,
                    0.25597628951072693,
                    0.9665610194206238
                ]
            ],
            [
                [
                    0.4864177405834198,
                    0.8348175287246704,
                    -0.2578321397304535
                ],
                [
                    -0.8592749238014221,
                    0.5105187296867371,
                    0.03189444541931152
                ],
                [
                    0.15825417637825012,
                    0.20603466033935547,
                    0.9656631350517273
                ]
            ],
            [
                [
                    0.38230857253074646,
                    -0.7967308759689331,
                    0.46803876757621765
                ],
                [
                    0.8844091296195984,
                    0.46224111318588257,
                    0.06444882601499557
                ],
                [
                    -0.2676950991153717,
                    0.3892984390258789,
                    0.8813547492027283
                ]
            ],
            [
                [
                    0.6806390881538391,
                    -0.27976194024086,
                    -0.6770994067192078
                ],
                [
                    0.2585071921348572,
                    0.95648193359375,
                    -0.13533778488636017
                ],
                [
                    0.6854957342147827,
                    -0.08291887491941452,
                    0.7233394384384155
                ]
            ],
            [
                [
                    0.5103551745414734,
                    0.26909396052360535,
                    0.816777765750885
                ],
                [
                    0.09263458102941513,
                    0.927052915096283,
                    -0.3633067011833191
                ],
                [
                    -0.8549598455429077,
                    0.26107731461524963,
                    0.4481988549232483
                ]
            ],
            [
                [
                    0.9932355284690857,
                    -0.11338910460472107,
                    0.025023192167282104
                ],
                [
                    0.11234681308269501,
                    0.992874264717102,
                    0.03973468020558357
                ],
                [
                    -0.029350364580750465,
                    -0.03665461763739586,
                    0.9988968968391418
                ]
            ],
            [
                [
                    0.9964119791984558,
                    0.0825146809220314,
                    0.018825098872184753
                ],
                [
                    -0.08299309760332108,
                    0.9962048530578613,
                    0.026230819523334503
                ],
                [
                    -0.016589228063821793,
                    -0.02769905887544155,
                    0.9994785785675049
                ]
            ],
            [
                [
                    0.9690388441085815,
                    0.22474858164787292,
                    -0.10223428905010223
                ],
                [
                    -0.20844951272010803,
                    0.966597318649292,
                    0.14912542700767517
                ],
                [
                    0.1323351263999939,
                    -0.12319763004779816,
                    0.9835190773010254
                ]
            ],
            [
                [
                    0.9737681150436401,
                    -0.21081219613552094,
                    0.08563772588968277
                ],
                [
                    0.19665353000164032,
                    0.9690331816673279,
                    0.14933909475803375
                ],
                [
                    -0.1144682914018631,
                    -0.12858068943023682,
                    0.9850705862045288
                ]
            ]
        ],
        "betas": [
            -0.04567652940750122,
            0.015682309865951538,
            -0.031735897064208984,
            0.12262968719005585,
            0.040622711181640625,
            0.03907189145684242,
            -0.010157853364944458,
            -0.059754788875579834,
            0.10118655115365982,
            -0.07936477661132812
        ]
    },
    "pred_cam_t": [
        0.04565088450908661,
        0.15769794583320618,
        32.1699104309082
    ],
    "focal_length": [
        5000.0,
        5000.0
    ],
    "pred_keypoints_3d": [
        [
            0.23861774802207947,
            -0.7041279673576355,
            -0.22875091433525085
        ],
        [
            0.167039155960083,
            -0.694504976272583,
            -0.052554916590452194
        ],
        [
            -0.021357648074626923,
            -0.6462964415550232,
            -0.11524263769388199
        ],
        [
            -0.10564323514699936,
            -0.4089171886444092,
            -0.08127932250499725
        ],
        [
            0.04827899485826492,
            -0.22072860598564148,
            -0.15758633613586426
        ],
        [
            0.28637412190437317,
            -0.5616731643676758,
            0.043141014873981476
        ],
        [
            0.21304947137832642,
            -0.32308727502822876,
            0.11798610538244247
        ],
        [
            0.25272607803344727,
            -0.11259377002716064,
            -0.008624337613582611
        ],
        [
            -0.001888978760689497,
            -0.22380554676055908,
            0.027732830494642258
        ],
        [
            -0.09083723276853561,
            -0.15471234917640686,
            0.02462516725063324
        ],
        [
            -0.23741048574447632,
            0.19597172737121582,
            -0.020314842462539673
        ],
        [
            -0.31994545459747314,
            0.5074822902679443,
            0.21435192227363586
        ],
        [
            0.037926532328128815,
            -0.11896359920501709,
            0.05151575058698654
        ],
        [
            -0.007104288786649704,
            0.2500208914279938,
            0.0033332742750644684
        ],
        [
            -0.08138647675514221,
            0.5377168655395508,
            0.26866617798805237
        ],
        [
            0.21700076758861542,
            -0.7612694501876831,
            -0.23089182376861572
        ],
        [
            0.27848875522613525,
            -0.7464631795883179,
            -0.21040832996368408
        ],
        [
            0.15924860537052155,
            -0.8101912140846252,
            -0.15935254096984863
        ],
        [
            0.29574257135391235,
            -0.7779017686843872,
            -0.11436399817466736
        ],
        [
            -0.10235287249088287,
            0.6868857145309448,
            0.13701489567756653
        ],
        [
            -0.037029072642326355,
            0.6774580478668213,
            0.18740233778953552
        ],
        [
            -0.07864706218242645,
            0.5345237851142883,
            0.33812740445137024
        ],
        [
            -0.338344007730484,
            0.6396190524101257,
            0.0672253966331482
        ],
        [
            -0.40749087929725647,
            0.6056130528450012,
            0.10759973526000977
        ],
        [
            -0.33073890209198,
            0.516391396522522,
            0.285961389541626
        ],
        [
            -0.32804399728775024,
            0.44758856296539307,
            0.21104611456394196
        ],
        [
            -0.21546123921871185,
            0.13684774935245514,
            -0.02349671721458435
        ],
        [
            -0.13329020142555237,
            -0.29431623220443726,
            0.009543612599372864
        ],
        [
            0.13693329691886902,
            -0.20409151911735535,
            0.07694806903600693
        ],
        [
            0.01082905288785696,
            0.2133459448814392,
            0.0024969279766082764
        ],
        [
            -0.0642550140619278,
            0.49774715304374695,
            0.2696545720100403
        ],
        [
            0.060802262276411057,
            -0.2558114230632782,
            -0.154634028673172
        ],
        [
            -0.09978202730417252,
            -0.4248775541782379,
            -0.1200036108493805
        ],
        [
            0.019019316881895065,
            -0.6685380935668945,
            -0.1018274575471878
        ],
        [
            0.2702392041683197,
            -0.5997697114944458,
            0.030008569359779358
        ],
        [
            0.2611444592475891,
            -0.3348613381385803,
            0.09943442791700363
        ],
        [
            0.2637203335762024,
            -0.131124809384346,
            -0.011264577507972717
        ],
        [
            0.1695113182067871,
            -0.6820950508117676,
            -0.05793657898902893
        ],
        [
            0.25202035903930664,
            -0.8277935981750488,
            -0.17362064123153687
        ],
        [
            0.0024219071492552757,
            -0.2492394596338272,
            0.04386236518621445
        ],
        [
            0.14323866367340088,
            -0.632440447807312,
            -0.03802249953150749
        ],
        [
            0.07160386443138123,
            -0.48434674739837646,
            0.01897861436009407
        ],
        [
            0.22276589274406433,
            -0.7202118635177612,
            -0.15187938511371613
        ],
        [
            0.25304147601127625,
            -0.8487241268157959,
            -0.17661917209625244
        ]
    ],
    "pred_vertices": [
        [
            0.3057011663913727,
            -0.782710075378418,
            -0.2288355827331543
        ],
        [
            0.2960743010044098,
            -0.7686536908149719,
            -0.22946229577064514
        ],
        [
            0.30354446172714233,
            -0.7682018280029297,
            -0.2172853946685791
        ],
        [
            0.3110755980014801,
            -0.7806339263916016,
            -0.21223831176757812
        ],
        [
            0.2975158393383026,
            -0.7585641145706177,
            -0.21894976496696472
        ],
        [
            0.2900707423686981,
            -0.7582197189331055,
            -0.22836369276046753
        ],
        [
            0.3058459460735321,
            -0.767220139503479,
            -0.2035309225320816
        ],
        [
            0.3115231394767761,
            -0.7770295739173889,
            -0.19608089327812195
        ],
        [
            0.2966929078102112,
            -0.7423228025436401,
            -0.17566373944282532
        ],
        [
            0.2971223294734955,
            -0.7425253987312317,
            -0.16443949937820435
        ],
        [
            0.30158334970474243,
            -0.7518328428268433,
            -0.17143751680850983
        ],
        [
            0.2987002730369568,
            -0.749602198600769,
            -0.18119291961193085
        ],
        [
            0.28594082593917847,
            -0.7230187654495239,
            -0.16129958629608154
        ],
        [
            0.27851951122283936,
            -0.7123187184333801,
            -0.16603049635887146
        ],
        [
            0.2756562829017639,
            -0.7095513939857483,
            -0.15312856435775757
        ],
        [
            0.28182870149612427,
            -0.7203444242477417,
            -0.14777161180973053
        ],
        [
            0.25778335332870483,
            -0.7185789346694946,
            -0.20232847332954407
        ],
        [
            0.26036983728408813,
            -0.7125401496887207,
            -0.19672679901123047
        ],
        [
            0.26613664627075195,
            -0.7175756692886353,
            -0.19785523414611816
        ],
        [
            0.26251986622810364,
            -0.723312258720398,
            -0.20304197072982788
        ],
        [
            0.25367361307144165,
            -0.7254428863525391,
            -0.2150454819202423
        ],
        [
            0.25592905282974243,
            -0.7315288782119751,
            -0.21438652276992798
        ],
        [
            0.2538761496543884,
            -0.7330256700515747,
            -0.22196847200393677
        ],
        [
            0.25230202078819275,
            -0.7256391048431396,
            -0.22288218140602112
        ],
        [
            0.25097259879112244,
            -0.7153908014297485,
            -0.20180687308311462
        ],
        [
            0.253732830286026,
            -0.7092844247817993,
            -0.19564203917980194
        ],
        [
            0.2556940019130707,
            -0.7234281897544861,
            -0.20770391821861267
        ],
        [
            0.25267112255096436,
            -0.7191473245620728,
            -0.20836810767650604
        ],
        [
            0.24979554116725922,
            -0.709318220615387,
            -0.21526791155338287
        ],
        [
            0.2525925040245056,
            -0.7136327028274536,
            -0.21561887860298157
        ],
        [
            0.2510831654071808,
            -0.711690366268158,
            -0.22302067279815674
        ],
        [
            0.24785631895065308,
            -0.7077663540840149,
            -0.22043174505233765
        ],
        [
            0.25031113624572754,
            -0.7130576372146606,
            -0.20629769563674927
        ],
        [
            0.2523554563522339,
            -0.7138620615005493,
            -0.2097862958908081
        ],
        [
            0.2492365539073944,
            -0.710085928440094,
            -0.21087446808815002
        ],
        [
            0.24656981229782104,
            -0.7103093862533569,
            -0.2076546847820282
        ],
        [
            0.2521202266216278,
            -0.7205864787101746,
            -0.2157086431980133
        ],
        [
            0.25146329402923584,
            -0.7190772294998169,
            -0.22334808111190796
        ],
        [
            0.24970300495624542,
            -0.7174186706542969,
            -0.23119720816612244
        ],
        [
            0.2482195794582367,
            -0.7087382078170776,
            -0.23001770675182343
        ],
        [
            0.26428186893463135,
            -0.7025892734527588,
            -0.18142595887184143
        ],
        [
            0.2629827857017517,
            -0.706972062587738,
            -0.18989866971969604
        ],
        [
            0.25657790899276733,
            -0.7039840221405029,
            -0.18949905037879944
        ],
        [
            0.25842976570129395,
            -0.6999866962432861,
            -0.18296964466571808
        ],
        [
            0.2459445595741272,
            -0.7093502283096313,
            -0.20298270881175995
        ],
        [
            0.2436908483505249,
            -0.6956776976585388,
            -0.1945808082818985
        ],
        [
            0.24534502625465393,
            -0.6985713243484497,
            -0.1964188814163208
        ],
        [
            0.24088671803474426,
            -0.6984462738037109,
            -0.2021324783563614
        ],
        [
            0.23991815745830536,
            -0.695688784122467,
            -0.20005226135253906
        ],
        [
            0.26186031103134155,
            -0.694584846496582,
            -0.16584503650665283
        ],
        [
            0.25720861554145813,
            -0.6924803256988525,
            -0.17101341485977173
        ],
        [
            0.2545434534549713,
            -0.6882373690605164,
            -0.1654723584651947
        ],
        [
            0.2578830122947693,
            -0.6901146173477173,
            -0.15892145037651062
        ],
        [
            0.2500467598438263,
            -0.6846374273300171,
            -0.16284486651420593
        ],
        [
            0.25311750173568726,
            -0.6858243942260742,
            -0.1531621515750885
        ],
        [
            0.23970678448677063,
            -0.6759896874427795,
            -0.1500166654586792
        ],
        [
            0.2462044656276703,
            -0.6803929209709167,
            -0.1509820520877838
        ],
        [
            0.24451231956481934,
            -0.6806511878967285,
            -0.162031352519989
        ],
        [
            0.23834702372550964,
            -0.6759487390518188,
            -0.164112389087677
        ],
        [
            0.23082128167152405,
            -0.6777223348617554,
            -0.17722861468791962
        ],
        [
            0.2256191074848175,
            -0.6765499711036682,
            -0.1807563304901123
        ],
        [
            0.22504040598869324,
            -0.6668794751167297,
            -0.1719324290752411
        ],
        [
            0.23125620186328888,
            -0.6704411506652832,
            -0.16817156970500946
        ],
        [
            0.2405986189842224,
            -0.6931599378585815,
            -0.1882421225309372
        ],
        [
            0.24362483620643616,
            -0.6939688920974731,
            -0.1845967173576355
        ],
        [
            0.24487531185150146,
            -0.693846583366394,
            -0.18703630566596985
        ],
        [
            0.24222110211849213,
            -0.6937648057937622,
            -0.19165527820587158
        ],
        [
            0.24637722969055176,
            -0.6940935850143433,
            -0.18169105052947998
        ],
        [
            0.2476109266281128,
            -0.6939852237701416,
            -0.18037629127502441
        ],
        [
            0.24814894795417786,
            -0.6943602561950684,
            -0.18204018473625183
        ],
        [
            0.24669218063354492,
            -0.694391131401062,
            -0.18255046010017395
        ],
        [
            0.24491477012634277,
            -0.6941702365875244,
            -0.1835917979478836
        ],
        [
            0.24337470531463623,
            -0.6926243305206299,
            -0.18338900804519653
        ],
        [
            0.24538272619247437,
            -0.693381667137146,
            -0.18202927708625793
        ],
        [
            0.2404503971338272,
            -0.6911062598228455,
            -0.18653903901576996
        ],
        [
            0.2297394871711731,
            -0.6877098083496094,
            -0.1963621973991394
        ],
        [
            0.23326487839221954,
            -0.6879190802574158,
            -0.1939811408519745
        ],
        [
            0.23333579301834106,
            -0.692314863204956,
            -0.1957513391971588
        ],
        [
            0.2304241955280304,
            -0.6924127340316772,
            -0.1979917585849762
        ],
        [
            0.24752750992774963,
            -0.6953547596931458,
            -0.18514999747276306
        ],
        [
            0.2504304051399231,
            -0.6962457895278931,
            -0.18439334630966187
        ],
        [
            0.24874110519886017,
            -0.6972764730453491,
            -0.18979164958000183
        ],
        [
            0.24655115604400635,
            -0.6956356763839722,
            -0.18844380974769592
        ],
        [
            0.2536097466945648,
            -0.6972814798355103,
            -0.18416708707809448
        ],
        [
            0.25051379203796387,
            -0.6952434778213501,
            -0.1812831461429596
        ],
        [
            0.25335824489593506,
            -0.6956058740615845,
            -0.18019479513168335
        ],
        [
            0.2464551329612732,
            -0.6927050352096558,
            -0.17975600063800812
        ],
        [
            0.24799171090126038,
            -0.6916359663009644,
            -0.17682316899299622
        ],
        [
            0.24969547986984253,
            -0.6930457949638367,
            -0.17864781618118286
        ],
        [
            0.24499720335006714,
            -0.6892340779304504,
            -0.17637935280799866
        ],
        [
            0.24372081458568573,
            -0.6910997033119202,
            -0.1806456595659256
        ],
        [
            0.24044719338417053,
            -0.6887764930725098,
            -0.18330127000808716
        ],
        [
            0.23644444346427917,
            -0.6864465475082397,
            -0.18701083958148956
        ],
        [
            0.23619963228702545,
            -0.6837691068649292,
            -0.18142099678516388
        ],
        [
            0.2409670650959015,
            -0.6863489151000977,
            -0.17820024490356445
        ],
        [
            0.25170406699180603,
            -0.7005540132522583,
            -0.19040101766586304
        ],
        [
            0.25291866064071655,
            -0.6926772594451904,
            -0.17535142600536346
        ],
        [
            0.25843697786331177,
            -0.6970430612564087,
            -0.1771184355020523
        ],
        [
            0.25079023838043213,
            -0.689514696598053,
            -0.17223981022834778
        ],
        [
            0.24712634086608887,
            -0.6865969300270081,
            -0.17059847712516785
        ],
        [
            0.24215351045131683,
            -0.6834874749183655,
            -0.17129699885845184
        ],
        [
            0.23658612370491028,
            -0.6802188754081726,
            -0.17409875988960266
        ],
        [
            0.22185012698173523,
            -0.6652517318725586,
            -0.15789034962654114
        ],
        [
            0.23035666346549988,
            -0.6696377992630005,
            -0.15440046787261963
        ],
        [
            0.28494298458099365,
            -0.7539371252059937,
            -0.22322845458984375
        ],
        [
            0.2920154333114624,
            -0.7529678344726562,
            -0.21757712960243225
        ],
        [
            0.2884739637374878,
            -0.7493513822555542,
            -0.2096482515335083
        ],
        [
            0.2911713123321533,
            -0.750837504863739,
            -0.20986944437026978
        ],
        [
            0.28731444478034973,
            -0.751323938369751,
            -0.21527506411075592
        ],
        [
            0.28565672039985657,
            -0.7494370341300964,
            -0.2134113311767578
        ],
        [
            0.29506638646125793,
            -0.7491614818572998,
            -0.18901701271533966
        ],
        [
            0.2922210395336151,
            -0.7489709854125977,
            -0.19529244303703308
        ],
        [
            0.29080629348754883,
            -0.7466738224029541,
            -0.1921798288822174
        ],
        [
            0.2940601706504822,
            -0.743794322013855,
            -0.184768944978714
        ],
        [
            0.2824070453643799,
            -0.7383306622505188,
            -0.19677779078483582
        ],
        [
            0.2861812114715576,
            -0.740283727645874,
            -0.19326968491077423
        ],
        [
            0.2857920825481415,
            -0.7448015213012695,
            -0.19994498789310455
        ],
        [
            0.2831465005874634,
            -0.7433174252510071,
            -0.20255905389785767
        ],
        [
            0.2798856794834137,
            -0.742676317691803,
            -0.20523934066295624
        ],
        [
            0.2763132154941559,
            -0.7428227663040161,
            -0.20782434940338135
        ],
        [
            0.27437931299209595,
            -0.7389146685600281,
            -0.20465493202209473
        ],
        [
            0.2782730460166931,
            -0.738137423992157,
            -0.20092353224754333
        ],
        [
            0.2820650339126587,
            -0.7527086734771729,
            -0.21917638182640076
        ],
        [
            0.27510866522789,
            -0.7537020444869995,
            -0.22105973958969116
        ],
        [
            0.2750386893749237,
            -0.751415491104126,
            -0.21863441169261932
        ],
        [
            0.2809862494468689,
            -0.7502145767211914,
            -0.21722885966300964
        ],
        [
            0.26231151819229126,
            -0.7512514591217041,
            -0.21491950750350952
        ],
        [
            0.2645758390426636,
            -0.7523361444473267,
            -0.2165992558002472
        ],
        [
            0.2621693015098572,
            -0.7535222768783569,
            -0.219488263130188
        ],
        [
            0.25947433710098267,
            -0.7506543397903442,
            -0.2168896645307541
        ],
        [
            0.2603626251220703,
            -0.7477688789367676,
            -0.21463237702846527
        ],
        [
            0.2628866136074066,
            -0.749417245388031,
            -0.21394868195056915
        ],
        [
            0.3056141436100006,
            -0.8021697998046875,
            -0.24036084115505219
        ],
        [
            0.2964594066143036,
            -0.785474419593811,
            -0.24169757962226868
        ],
        [
            0.3144453167915344,
            -0.8001433610916138,
            -0.222093865275383
        ],
        [
            0.31688392162323,
            -0.7960732579231262,
            -0.20437566936016083
        ],
        [
            0.3170425295829773,
            -0.788413405418396,
            -0.18763235211372375
        ],
        [
            0.2684600353240967,
            -0.7006233930587769,
            -0.15952658653259277
        ],
        [
            0.26502007246017456,
            -0.6965920925140381,
            -0.14989039301872253
        ],
        [
            0.2722509801387787,
            -0.7074923515319824,
            -0.1407788246870041
        ],
        [
            0.2656712532043457,
            -0.7021440863609314,
            -0.1326056718826294
        ],
        [
            0.2585354447364807,
            -0.6910066604614258,
            -0.1426014006137848
        ],
        [
            0.2392183542251587,
            -0.6797270774841309,
            -0.1367509961128235
        ],
        [
            0.2498612105846405,
            -0.6848263144493103,
            -0.13798996806144714
        ],
        [
            0.256565660238266,
            -0.6977382898330688,
            -0.12525686621665955
        ],
        [
            0.2651652693748474,
            -0.7142741084098816,
            -0.11568446457386017
        ],
        [
            0.2719932198524475,
            -0.7155789732933044,
            -0.12509948015213013
        ],
        [
            0.27191421389579773,
            -0.7328935265541077,
            -0.11110104620456696
        ],
        [
            0.2560797333717346,
            -0.7145309448242188,
            -0.10438813269138336
        ],
        [
            0.26738500595092773,
            -0.737147331237793,
            -0.10449451208114624
        ],
        [
            0.23056066036224365,
            -0.6861225366592407,
            -0.09897823631763458
        ],
        [
            0.227727472782135,
            -0.6788908243179321,
            -0.09130115807056427
        ],
        [
            0.23635394871234894,
            -0.6891515851020813,
            -0.07829011976718903
        ],
        [
            0.24032682180404663,
            -0.6963313221931458,
            -0.08623965829610825
        ],
        [
            0.27779561281204224,
            -0.717582643032074,
            -0.13487449288368225
        ],
        [
            0.305879145860672,
            -0.7640848159790039,
            -0.1693907380104065
        ],
        [
            0.303963303565979,
            -0.7588471174240112,
            -0.180071622133255
        ],
        [
            0.3017233610153198,
            -0.7555699348449707,
            -0.1599130630493164
        ],
        [
            0.32673755288124084,
            -0.8217917680740356,
            -0.18070116639137268
        ],
        [
            0.32375216484069824,
            -0.8096727132797241,
            -0.19430267810821533
        ],
        [
            0.3223961889743805,
            -0.7998225688934326,
            -0.17963695526123047
        ],
        [
            0.3258211314678192,
            -0.8124551177024841,
            -0.16852301359176636
        ],
        [
            0.3162603974342346,
            -0.85048907995224,
            -0.21410243213176727
        ],
        [
            0.314267635345459,
            -0.8270833492279053,
            -0.22954271733760834
        ],
        [
            0.31942662596702576,
            -0.8197629451751709,
            -0.21345549821853638
        ],
        [
            0.32237884402275085,
            -0.8377499580383301,
            -0.20019182562828064
        ],
        [
            0.3257006108760834,
            -0.8203790187835693,
            -0.15749239921569824
        ],
        [
            0.3232828974723816,
            -0.8316349387168884,
            -0.14280354976654053
        ],
        [
            0.3241789937019348,
            -0.848861038684845,
            -0.14587467908859253
        ],
        [
            0.32694095373153687,
            -0.8372893333435059,
            -0.16527970135211945
        ],
        [
            0.31893399357795715,
            -0.8713064789772034,
            -0.1543274223804474
        ],
        [
            0.3226216435432434,
            -0.857457160949707,
            -0.17758813500404358
        ],
        [
            0.2580793499946594,
            -0.7317284345626831,
            -0.0906631201505661
        ],
        [
            0.26613086462020874,
            -0.7482036352157593,
            -0.09658055752515793
        ],
        [
            0.2457333505153656,
            -0.704396665096283,
            -0.09660980850458145
        ],
        [
            0.25071924924850464,
            -0.7183462381362915,
            -0.08417068421840668
        ],
        [
            0.3068475127220154,
            -0.8899329900741577,
            -0.16352656483650208
        ],
        [
            0.31281164288520813,
            -0.8744139075279236,
            -0.19145415723323822
        ],
        [
            0.29636114835739136,
            -0.842991828918457,
            -0.09640789031982422
        ],
        [
            0.3065045475959778,
            -0.8524132966995239,
            -0.11048789322376251
        ],
        [
            0.3103604018688202,
            -0.83217453956604,
            -0.11502747237682343
        ],
        [
            0.30043745040893555,
            -0.8262253999710083,
            -0.10133087635040283
        ],
        [
            0.2872336804866791,
            -0.8609446883201599,
            -0.0931062400341034
        ],
        [
            0.2989460229873657,
