{
    "pred_cam": [
        1.1749944686889648,
        0.009176956489682198,
        0.16992557048797607
    ],
    "pred_smpl_params": {
        "global_orient": [
            [
                [
                    0.9598351716995239,
                    0.2684917449951172,
                    0.08141617476940155
                ],
                [
                    0.2658819258213043,
                    -0.9631090760231018,
                    0.0415646992623806
                ],
                [
                    0.08957244455814362,
                    -0.018248172476887703,
                    -0.9958130717277527
                ]
            ]
        ],
        "body_pose": [
            [
                [
                    0.9974766373634338,
                    -0.06571611762046814,
                    -0.026866627857089043
                ],
                [
                    0.07049109786748886,
                    0.9617796540260315,
                    0.2645955979824066
                ],
                [
                    0.008451582863926888,
                    -0.26582175493240356,
                    0.9639851450920105
                ]
            ],
            [
                [
                    0.9999673366546631,
                    0.004201127216219902,
                    -0.0068978252820670605
                ],
                [
                    -0.001894914312288165,
                    0.9522634744644165,
                    0.3052716553211212
                ],
                [
                    0.007851026020944118,
                    -0.3052486479282379,
                    0.9522403478622437
                ]
            ],
            [
                [
                    0.998466968536377,
                    0.04683724418282509,
                    0.029494229704141617
                ],
                [
                    -0.037361759692430496,
                    0.9634699821472168,
                    -0.2651974856853485
                ],
                [
                    -0.04083792492747307,
                    0.26368898153305054,
                    0.9637428522109985
                ]
            ],
            [
                [
                    0.9933918118476868,
                    -0.012490658089518547,
                    -0.11409124732017517
                ],
                [
                    -0.06860843300819397,
                    0.7322768568992615,
                    -0.6775422096252441
                ],
                [
                    0.09200930595397949,
                    0.6808924674987793,
                    0.7265808582305908
                ]
            ],
            [
                [
                    0.9884213805198669,
                    -0.14456604421138763,
                    0.04608582705259323
                ],
                [
                    0.13430199027061462,
                    0.6921890377998352,
                    -0.7091102600097656
                ],
                [
                    0.07061315327882767,
                    0.7070891261100769,
                    0.7035899758338928
                ]
            ],
            [
                [
                    0.9987971186637878,
                    0.005341334734112024,
                    0.048742927610874176
                ],
                [
                    -0.004935004748404026,
                    0.9999521374702454,
                    -0.008452683687210083
                ],
                [
                    -0.0487857386469841,
                    0.008201968856155872,
                    0.9987756609916687
                ]
            ],
            [
                [
                    0.9838923811912537,
                    0.0736139789223671,
                    0.1629006564617157
                ],
                [
                    -0.08427178114652634,
                    0.9946645498275757,
                    0.059503573924303055
                ],
                [
                    -0.15765121579170227,
                    -0.07227305322885513,
                    0.9848464727401733
                ]
            ],
            [
                [
                    0.986918568611145,
                    -0.006247085053473711,
                    -0.16109822690486908
                ],
                [
                    0.01082656905055046,
                    0.9995614290237427,
                    0.027564464136958122
                ],
                [
                    0.16085536777973175,
                    -0.028948022052645683,
                    0.9865533709526062
                ]
            ],
            [
                [
                    0.9997743964195251,
                    -0.010877437889575958,
                    0.01824243925511837
                ],
                [
                    0.011839738115668297,
                    0.9984976053237915,
                    -0.053500786423683167
                ],
                [
                    -0.01763308234512806,
                    0.05370470508933067,
                    0.9984011054039001
                ]
            ],
            [
                [
                    0.9858338832855225,
                    -0.16765984892845154,
                    -0.004667229950428009
                ],
                [
                    0.16659504175186157,
                    0.9755899906158447,
                    0.1430743783712387
                ],
                [
                    -0.019434524700045586,
                    -0.1418250948190689,
                    0.989700973033905
                ]
            ],
            [
                [
                    0.9940395355224609,
                    0.10898381471633911,
                    -0.0028387063648551702
                ],
                [
                    -0.10664162784814835,
                    0.9774270057678223,
                    0.18238428235054016
                ],
                [
                    0.022651560604572296,
                    -0.1809944361448288,
                    0.9832233190536499
                ]
            ],
            [
                [
                    0.9594385027885437,
                    -0.07705007493495941,
                    -0.2711844742298126
                ],
                [
                    0.08161275833845139,
                    0.9966485500335693,
                    0.005570296663790941
                ],
                [
                    0.26984643936157227,
                    -0.027476472780108452,
                    0.9625112414360046
                ]
            ],
            [
                [
                    0.9274654388427734,
                    0.36894214153289795,
                    -0.06074165552854538
                ],
                [
                    -0.3698972165584564,
                    0.9290598034858704,
                    -0.004899182822555304
                ],
                [
                    0.05462511256337166,
                    0.027011992409825325,
                    0.9981415271759033
                ]
            ],
            [
                [
                    0.9287016987800598,
                    -0.30386650562286377,
                    0.2125517725944519
                ],
                [
                    0.302620530128479,
                    0.9523051977157593,
                    0.03918779641389847
                ],
                [
                    -0.21432200074195862,
                    0.027928752824664116,
                    0.9763637185096741
                ]
            ],
            [
                [
                    0.9721658229827881,
                    -0.11474155634641647,
                    -0.20427411794662476
                ],
                [
                    0.07511775195598602,
                    0.9784908890724182,
                    -0.1921273171901703
                ],
                [
                    0.22192534804344177,
                    0.17143501341342926,
                    0.9598745107650757
                ]
            ],
            [
                [
                    0.5015988945960999,
                    0.8354461789131165,
                    -0.22456209361553192
                ],
                [
                    -0.853834867477417,
                    0.5198518633842468,
                    0.026832837611436844
                ],
                [
                    0.13915643095970154,
                    0.17827963829040527,
                    0.9740902185440063
                ]
            ],
            [
                [
                    0.45588546991348267,
                    -0.7743660807609558,
                    0.43877744674682617
                ],
                [
                    0.8620054125785828,
                    0.5068979263305664,
                    -0.001028354512527585
                ],
                [
                    -0.22161905467510223,
                    0.37869739532470703,
                    0.8985951542854309
                ]
            ],
            [
                [
                    0.664654016494751,
                    -0.2778739929199219,
                    -0.6935569047927856
                ],
                [
                    0.25624606013298035,
                    0.9567455649375916,
                    -0.13775329291820526
                ],
                [
                    0.7018354535102844,
                    -0.08616291731595993,
                    0.7071089148521423
                ]
            ],
            [
                [
                    0.18379221856594086,
                    0.4233089089393616,
                    0.8871470093727112
                ],
                [
                    0.07365909963846207,
                    0.8940527439117432,
                    -0.44186413288116455
                ],
                [
                    -0.9802013635635376,
                    0.14655765891075134,
                    0.13313938677310944
                ]
            ],
            [
                [
                    0.9913224577903748,
                    -0.13106806576251984,
                    0.010048028081655502
                ],
                [
                    0.13107848167419434,
                    0.9913719296455383,
                    -0.0003825235180556774
                ],
                [
                    -0.009911195375025272,
                    0.0016962842782959342,
                    0.9999494552612305
                ]
            ],
            [
                [
                    0.986470103263855,
                    0.155950665473938,
                    0.05055781453847885
                ],
                [
                    -0.15584123134613037,
                    0.9877631664276123,
                    -0.006123570259660482
                ],
                [
                    -0.0508941188454628,
                    -0.0018382732523605227,
                    0.9987024068832397
                ]
            ],
            [
                [
                    0.9666649103164673,
                    0.23567967116832733,
                    -0.10007064789533615
                ],
                [
                    -0.21766383945941925,
                    0.962221086025238,
                    0.16356395184993744
                ],
                [
                    0.1348387748003006,
                    -0.1363297700881958,
                    0.9814442992210388
                ]
            ],
            [
                [
                    0.9745171666145325,
                    -0.20547440648078918,
                    0.08998148888349533
                ],
                [
                    0.19256728887557983,
                    0.9720654487609863,
                    0.13418832421302795
                ],
                [
                    -0.11504016816616058,
                    -0.11344131827354431,
                    0.9868621230125427
                ]
            ]
        ],
        "betas": [
            -0.04754689335823059,
            -0.06172880530357361,
            0.02300119400024414,
            0.163678839802742,
            0.0391048789024353,
            0.0291714109480381,
            -0.010659068822860718,
            -0.06301367282867432,
            0.0841481164097786,
            -0.04767310619354248
        ]
    },
    "pred_cam_t": [
        0.009176956489682198,
        0.16992557048797607,
        33.24483871459961
    ],
    "focal_length": [
        5000.0,
        5000.0
    ],
    "pred_keypoints_3d": [
        [
            0.1291418969631195,
            -0.7579619884490967,
            -0.2356538474559784
        ],
        [
            0.1564563363790512,
            -0.6977266669273376,
            -0.05626814439892769
        ],
        [
            -0.042436808347702026,
            -0.6575153470039368,
            -0.07500553131103516
        ],
        [
            -0.14819413423538208,
            -0.4290770888328552,
            -0.0438498929142952
        ],
        [
            0.008227989077568054,
            -0.3045214116573334,
            -0.20082461833953857
        ],
        [
            0.2930307686328888,
            -0.5606710314750671,
            0.005097480490803719
        ],
        [
            0.24000799655914307,
            -0.3209223449230194,
            0.09055804461240768
        ],
        [
            0.25913006067276,
            -0.11520645022392273,
            -0.04723116010427475
        ],
        [
            -0.0018970571691170335,
            -0.22477009892463684,
            0.028282497078180313
        ],
        [
            -0.09137055277824402,
            -0.1557713747024536,
            0.028194554150104523
        ],
        [
            -0.21811825037002563,
            0.18908071517944336,
            -0.07554955035448074
        ],
        [
            -0.2539789080619812,
            0.5112862586975098,
            0.15499773621559143
        ],
        [
            0.039572011679410934,
            -0.11859014630317688,
            0.042986635118722916
        ],
        [
            0.00749945268034935,
            0.24446257948875427,
            -0.039891842752695084
        ],
        [
            -0.07828474044799805,
            0.5576582551002502,
            0.18927662074565887
        ],
        [
            0.11866611987352371,
            -0.8118079900741577,
            -0.20848160982131958
        ],
        [
            0.1780858337879181,
            -0.7938843965530396,
            -0.23224793374538422
        ],
        [
            0.11884047091007233,
            -0.8328039050102234,
            -0.1073935478925705
        ],
        [
            0.2518569231033325,
            -0.7929245233535767,
            -0.15871663391590118
        ],
        [
            -0.09184416383504868,
            0.6884060502052307,
            0.0391136109828949
        ],
        [
            -0.02826552465558052,
            0.6861365437507629,
            0.09330487251281738
        ],
        [
            -0.08018575608730316,
            0.5629658699035645,
            0.2588391602039337
        ],
        [
            -0.27895402908325195,
            0.6384233236312866,
            0.005312591791152954
        ],
        [
            -0.3462662398815155,
            0.6108811497688293,
            0.05367910861968994
        ],
        [
            -0.2564147412776947,
            0.5236168503761292,
            0.22685185074806213
        ],
        [
            -0.2670805752277374,
            0.4526577889919281,
            0.15471819043159485
        ],
        [
            -0.20074835419654846,
            0.1309654414653778,
            -0.07146620750427246
        ],
        [
            -0.1363353133201599,
            -0.2966969609260559,
            0.02822970598936081
        ],
        [
            0.1409197747707367,
            -0.20295895636081696,
            0.06800633668899536
        ],
        [
            0.024850493296980858,
            0.20741286873817444,
            -0.03758767247200012
        ],
        [
            -0.0615537129342556,
            0.5181775093078613,
            0.19577959179878235
        ],
        [
            0.017387613654136658,
            -0.33870288729667664,
            -0.1864320933818817
        ],
        [
            -0.14933863282203674,
            -0.45319506525993347,
            -0.0815848559141159
        ],
        [
            -0.0010795900598168373,
            -0.6779009103775024,
            -0.06889664381742477
        ],
        [
            0.2737574279308319,
            -0.5995446443557739,
            -0.004323932342231274
        ],
        [
            0.2840955853462219,
            -0.3336004614830017,
            0.06305045634508133
        ],
        [
            0.269268661737442,
            -0.1348509043455124,
            -0.05133906751871109
        ],
        [
            0.15735487639904022,
            -0.6871091723442078,
            -0.062007494270801544
        ],
        [
            0.18940101563930511,
            -0.8578966856002808,
            -0.16550284624099731
        ],
        [
            0.0029789265245199203,
            -0.24959515035152435,
            0.04831407591700554
        ],
        [
            0.1353292316198349,
            -0.6366524696350098,
            -0.038678720593452454
        ],
        [
            0.07537906616926193,
            -0.48207515478134155,
            0.023427734151482582
        ],
        [
            0.16160494089126587,
            -0.7475524544715881,
            -0.16342121362686157
        ],
        [
            0.19101303815841675,
            -0.8791208267211914,
            -0.16201409697532654
        ]
    ],
    "pred_vertices": [
        [
            0.196508526802063,
            -0.8344359397888184,
            -0.2513413429260254
        ],
        [
            0.18631891906261444,
            -0.8210024833679199,
            -0.250556617975235
        ],
        [
            0.1992821991443634,
            -0.816927433013916,
            -0.24565383791923523
        ],
        [
            0.20987345278263092,
            -0.8276321887969971,
            -0.2422558069229126
        ],
        [
            0.19191861152648926,
            -0.8082308173179626,
            -0.24604162573814392
        ],
        [
            0.18013525009155273,
            -0.810828447341919,
            -0.24921274185180664
        ],
        [
            0.20864993333816528,
            -0.8118273019790649,
            -0.23653721809387207
        ],
        [
            0.21866059303283691,
            -0.819010317325592,
            -0.23110176622867584
        ],
        [
            0.21228671073913574,
            -0.7793351411819458,
            -0.21674856543540955
        ],
        [
            0.21882808208465576,
            -0.7758538722991943,
            -0.20798982679843903
        ],
        [
            0.22058753669261932,
            -0.7868053317070007,
            -0.21367046236991882
        ],
        [
            0.21247079968452454,
            -0.7878153324127197,
            -0.22030070424079895
        ],
        [
            0.20893768966197968,
            -0.7559670209884644,
            -0.20467299222946167
        ],
        [
            0.19847577810287476,
            -0.747124433517456,
            -0.20723260939121246
        ],
        [
            0.20310571789741516,
            -0.7402464151382446,
            -0.19619329273700714
        ],
        [
            0.21267692744731903,
            -0.7490302324295044,
            -0.19249378144741058
        ],
        [
            0.1615915596485138,
            -0.763818085193634,
            -0.2222902625799179
        ],
        [
            0.16609615087509155,
            -0.7563133239746094,
            -0.22116070985794067
        ],
        [
            0.17093145847320557,
            -0.7617067098617554,
            -0.22385799884796143
        ],
        [
            0.16576239466667175,
            -0.7687286138534546,
            -0.2241801768541336
        ],
        [
            0.15226520597934723,
            -0.7742564082145691,
            -0.22763150930404663
        ],
        [
            0.15541808307170868,
            -0.7798714637756348,
            -0.22666795551776886
        ],
        [
            0.14970949292182922,
            -0.7836592197418213,
            -0.2308349758386612
        ],
        [
            0.14681386947631836,
            -0.7769046425819397,
            -0.2327955663204193
        ],
        [
            0.15575434267520905,
            -0.7603938579559326,
            -0.21885503828525543
        ],
        [
            0.16077914834022522,
            -0.7525795698165894,
            -0.21751099824905396
        ],
        [
            0.1574738323688507,
            -0.7701507806777954,
            -0.22372084856033325
        ],
        [
            0.15423329174518585,
            -0.7660984992980957,
            -0.22383390367031097
        ],
        [
            0.14654025435447693,
            -0.7589729428291321,
            -0.2301681637763977
        ],
        [
            0.14928406476974487,
            -0.7633016109466553,
            -0.23078922927379608
        ],
        [
            0.14354479312896729,
            -0.7638267278671265,
            -0.23613548278808594
        ],
        [
            0.14178749918937683,
            -0.7591860294342041,
            -0.23342964053153992
        ],
        [
            0.15243270993232727,
            -0.7597111463546753,
            -0.22261422872543335
        ],
        [
            0.15228882431983948,
            -0.761656641960144,
            -0.2262033075094223
        ],
        [
            0.14854946732521057,
            -0.7583417892456055,
            -0.22632724046707153
        ],
        [
            0.1482485830783844,
            -0.7574067115783691,
            -0.2223023921251297
        ],
        [
            0.14978668093681335,
            -0.769889235496521,
            -0.22872406244277954
        ],
        [
            0.1447681337594986,
            -0.770905077457428,
            -0.23453879356384277
        ],
        [
            0.13873529434204102,
            -0.771803617477417,
            -0.24006308615207672
        ],
        [
            0.1370384246110916,
            -0.7631127834320068,
            -0.2407817542552948
        ],
        [
            0.17671054601669312,
            -0.742119550704956,
            -0.21404919028282166
        ],
        [
            0.17122969031333923,
            -0.7489889860153198,
            -0.21881920099258423
        ],
        [
            0.16587421298027039,
            -0.7456659078598022,
            -0.2157985121011734
        ],
        [
            0.17059385776519775,
            -0.7398549318313599,
            -0.21280062198638916
        ],
        [
            0.15035614371299744,
            -0.7548081278800964,
            -0.21866917610168457
        ],
        [
            0.1516016274690628,
            -0.7389056086540222,
            -0.21466374397277832
        ],
        [
            0.1522853970527649,
            -0.7422817945480347,
            -0.21631456911563873
        ],
        [
            0.1453707069158554,
            -0.7438297271728516,
            -0.21819821000099182
        ],
        [
            0.14540675282478333,
            -0.7405201196670532,
            -0.2167416214942932
        ],
        [
            0.18247753381729126,
            -0.7294208407402039,
            -0.20258508622646332
        ],
        [
            0.1754470020532608,
            -0.7287918925285339,
            -0.20479179918766022
        ],
        [
            0.17590630054473877,
            -0.7228292226791382,
            -0.20005637407302856
        ],
        [
            0.18277251720428467,
            -0.7226386070251465,
            -0.1960381269454956
        ],
        [
            0.17373664677143097,
            -0.7181399464607239,
            -0.19634786248207092
        ],
        [
            0.18194915354251862,
            -0.7163318395614624,
            -0.1898697018623352
        ],
        [
            0.17166432738304138,
            -0.7056310772895813,
            -0.18247386813163757
        ],
        [
            0.17695653438568115,
            -0.7101967334747314,
            -0.1856568157672882
        ],
        [
            0.16928759217262268,
            -0.7138595581054688,
            -0.1937190145254135
        ],
        [
            0.16250371932983398,
            -0.7098952531814575,
            -0.19325792789459229
        ],
        [
            0.14836442470550537,
            -0.7156546115875244,
            -0.19898244738578796
        ],
        [
            0.14188595116138458,
            -0.7153201103210449,
            -0.19927236437797546
        ],
        [
            0.14540819823741913,
            -0.703323483467102,
            -0.19467288255691528
        ],
        [
            0.1535903811454773,
            -0.70570307970047,
            -0.19405415654182434
        ],
        [
            0.15212827920913696,
            -0.7344298958778381,
            -0.2085789442062378
        ],
        [
            0.1567555069923401,
            -0.7341587543487549,
            -0.20722134411334991
        ],
        [
            0.15632709860801697,
            -0.734879732131958,
            -0.2098812758922577
        ],
        [
            0.15147873759269714,
            -0.7362207174301147,
            -0.21195697784423828
        ],
        [
            0.16064131259918213,
            -0.7333574891090393,
            -0.20656077563762665
        ],
        [
            0.16236846148967743,
            -0.7328453660011292,
            -0.2063140869140625
        ],
        [
            0.16189469397068024,
            -0.7338016033172607,
            -0.20778393745422363
        ],
        [
            0.16025203466415405,
            -0.7340437173843384,
            -0.20735761523246765
        ],
        [
            0.15822118520736694,
            -0.7341076135635376,
            -0.20718622207641602
        ],
        [
            0.1569233238697052,
            -0.7325093746185303,
            -0.20657141506671906
        ],
        [
            0.15958788990974426,
            -0.732755720615387,
            -0.20643815398216248
        ],
        [
            0.1525474488735199,
            -0.7320104837417603,
            -0.20774632692337036
        ],
        [
            0.13810014724731445,
            -0.7312583923339844,
            -0.21046623587608337
        ],
        [
            0.1421002447605133,
            -0.7309993505477905,
            -0.2103857398033142
        ],
        [
            0.14170648157596588,
            -0.7357468605041504,
            -0.2106161117553711
        ],
        [
            0.13837796449661255,
            -0.7362769246101379,
            -0.21081940829753876
        ],
        [
            0.15986812114715576,
            -0.7357711791992188,
            -0.2096499800682068
        ],
        [
            0.16270703077316284,
            -0.7364627718925476,
            -0.21038836240768433
        ],
        [
            0.15835162997245789,
            -0.7391597032546997,
            -0.2133426070213318
        ],
        [
            0.15715757012367249,
            -0.7370930910110474,
            -0.2114352285861969
        ],
        [
            0.1654588282108307,
            -0.7375315427780151,
            -0.21177691221237183
        ],
        [
            0.16436389088630676,
            -0.7344667911529541,
            -0.20833709836006165
        ],
        [
            0.1676693558692932,
            -0.7344411611557007,
            -0.20907695591449738
        ],
        [
            0.1616498827934265,
            -0.7313627600669861,
            -0.20552754402160645
        ],
        [
            0.1644124686717987,
            -0.7293696403503418,
            -0.20448781549930573
        ],
        [
            0.16490691900253296,
            -0.7314013242721558,
            -0.20647740364074707
        ],
        [
            0.16197633743286133,
            -0.72687828540802,
            -0.20301522314548492
        ],
        [
            0.158734992146492,
            -0.7300568222999573,
            -0.20505356788635254
        ],
        [
            0.15425454080104828,
            -0.7286416292190552,
            -0.2058376520872116
        ],
        [
            0.14852860569953918,
            -0.727506160736084,
            -0.20709238946437836
        ],
        [
            0.15119874477386475,
            -0.7230567932128906,
            -0.20344345271587372
        ],
        [
            0.15729695558547974,
            -0.7246494889259338,
            -0.20286959409713745
        ],
        [
            0.16114728152751923,
            -0.7424418926239014,
            -0.2147427201271057
        ],
        [
            0.16938051581382751,
            -0.7301474809646606,
            -0.2058102786540985
        ],
        [
            0.17357486486434937,
            -0.7352092266082764,
            -0.208998441696167
        ],
        [
            0.1690317690372467,
            -0.7259927988052368,
            -0.20306336879730225
        ],
        [
            0.16669657826423645,
            -0.7225308418273926,
            -0.2004505693912506
        ],
        [
            0.16237995028495789,
            -0.7194498777389526,
            -0.19896230101585388
        ],
        [
            0.1553213894367218,
            -0.7172828912734985,
            -0.19895093142986298
        ],
        [
            0.1507759690284729,
            -0.6973692178726196,
            -0.18209907412528992
        ],
        [
            0.16079527139663696,
            -0.7006896138191223,
            -0.18256869912147522
        ],
        [
            0.1778009980916977,
            -0.805054783821106,
            -0.24346843361854553
        ],
        [
            0.18679013848304749,
            -0.8026098012924194,
            -0.2434464544057846
        ],
        [
            0.18765991926193237,
            -0.7966090440750122,
            -0.23635679483413696
        ],
        [
            0.1896737664937973,
            -0.7982521653175354,
            -0.23753583431243896
        ],
        [
            0.18389734625816345,
            -0.8001312017440796,
            -0.23954463005065918
        ],
        [
            0.18318986892700195,
            -0.7978578805923462,
            -0.23760327696800232
        ],
        [
            0.20456288754940033,
            -0.7899960279464722,
            -0.2244451940059662
        ],
        [
            0.19863566756248474,
            -0.7917875051498413,
            -0.22772182524204254
        ],
        [
            0.1990368366241455,
            -0.788432240486145,
            -0.22523753345012665
        ],
        [
            0.2054072618484497,
            -0.7834731340408325,
            -0.22213730216026306
        ],
        [
            0.18823951482772827,
            -0.7816709876060486,
            -0.2264641672372818
        ],
        [
            0.19369465112686157,
            -0.7824960947036743,
            -0.22530898451805115
        ],
        [
            0.19011352956295013,
            -0.7890197038650513,
            -0.22902116179466248
        ],
        [
            0.18617680668830872,
            -0.7883874773979187,
            -0.229950413107872
        ],
        [
            0.18191009759902954,
            -0.7884960174560547,
            -0.2303704023361206
        ],
        [
            0.17766216397285461,
            -0.7892420291900635,
            -0.2303062081336975
        ],
        [
            0.17716045677661896,
            -0.7844897508621216,
            -0.22787508368492126
        ],
        [
            0.18234102427959442,
            -0.7827142477035522,
            -0.2274293601512909
        ],
        [
            0.17735326290130615,
            -0.8025474548339844,
            -0.2392006814479828
        ],
        [
            0.17081615328788757,
            -0.803766131401062,
            -0.23639027774333954
        ],
        [
            0.1717499941587448,
            -0.8008828163146973,
            -0.23519134521484375
        ],
        [
            0.17716917395591736,
            -0.7995513677597046,
            -0.23783762753009796
        ],
        [
            0.16335293650627136,
            -0.7990710735321045,
            -0.22513914108276367
        ],
        [
            0.1644633263349533,
            -0.8007653951644897,
            -0.22734490036964417
        ],
        [
            0.16098888218402863,
            -0.8027584552764893,
            -0.22778335213661194
        ],
        [
            0.15980060398578644,
            -0.799019992351532,
            -0.22519239783287048
        ],
        [
            0.16133002936840057,
            -0.7955623269081116,
            -0.22488723695278168
        ],
        [
            0.16402821242809296,
            -0.7970173358917236,
            -0.2253374308347702
        ],
        [
            0.19262409210205078,
            -0.8569018840789795,
            -0.2546107769012451
        ],
        [
            0.18240895867347717,
            -0.8409000039100647,
            -0.2552907466888428
        ],
        [
            0.20999959111213684,
            -0.8494342565536499,
            -0.24638298153877258
        ],
        [
            0.22120213508605957,
            -0.8401559591293335,
            -0.23515184223651886
        ],
        [
            0.22937007248401642,
            -0.8274685740470886,
            -0.22438064217567444
        ],
        [
            0.19236385822296143,
            -0.7334406971931458,
            -0.19959396123886108
        ],
        [
            0.19454705715179443,
            -0.7262508869171143,
            -0.1911044418811798
        ],
        [
            0.20722348988056183,
            -0.7341324687004089,
            -0.18506765365600586
        ],
        [
            0.20570804178714752,
            -0.7263063788414001,
            -0.17583975195884705
        ],
        [
            0.19291499257087708,
            -0.7183189392089844,
            -0.18292993307113647
        ],
        [
            0.17933346331119537,
            -0.7055572271347046,
            -0.1697213053703308
        ],
        [
            0.18768206238746643,
            -0.7108654975891113,
            -0.17550110816955566
        ],
        [
            0.2016327828168869,
            -0.7200601100921631,
            -0.16501909494400024
        ],
        [
            0.21561753749847412,
            -0.7334086894989014,
            -0.15782244503498077
        ],
        [
            0.21702507138252258,
            -0.7371129989624023,
            -0.1699446439743042
        ],
        [
            0.22622722387313843,
            -0.7499281764030457,
            -0.15326856076717377
        ],
        [
            0.21488970518112183,
            -0.7302075028419495,
            -0.14206001162528992
        ],
        [
            0.22705841064453125,
            -0.7516851425170898,
            -0.14364153146743774
        ],
        [
            0.19586604833602905,
            -0.6982278823852539,
            -0.127008855342865
        ],
        [
            0.19725140929222107,
            -0.688597559928894,
            -0.11833411455154419
        ],
        [
            0.21029740571975708,
            -0.6965751051902771,
            -0.1086336299777031
        ],
        [
            0.21075621247291565,
            -0.7055665254592896,
            -0.11845713108778
        ],
        [
            0.21617355942726135,
            -0.7422561645507812,
            -0.18073081970214844
        ],
        [
            0.22656676173210144,
            -0.7981555461883545,
            -0.2107851505279541
        ],
        [
            0.21857765316963196,
            -0.7962781190872192,
            -0.21973232924938202
        ],
        [
            0.22784972190856934,
            -0.7866883277893066,
            -0.20369812846183777
        ],
        [
            0.24587038159370422,
            -0.857772171497345,
            -0.21481359004974365
        ],
        [
            0.2339348942041397,
            -0.850224494934082,
            -0.22688131034374237
        ],
        [
            0.23999762535095215,
            -0.8359217643737793,
            -0.21804584562778473
        ],
        [
            0.25071969628334045,
            -0.8447868824005127,
            -0.20761623978614807
        ],
        [
            0.2231570929288864,
            -0.8950330018997192,
            -0.22647564113140106
        ],
        [
            0.20923149585723877,
            -0.8777662515640259,
            -0.2440209835767746
        ],
        [
            0.22127585113048553,
            -0.8658297061920166,
            -0.23654456436634064
        ],
        [
            0.23412606120109558,
            -0.878738284111023,
            -0.22303788363933563
        ],
        [
            0.25779908895492554,
            -0.8490099906921387,
            -0.1967574506998062
        ],
        [
            0.2659858167171478,
            -0.8548638224601746,
            -0.18080350756645203
        ],
        [
            0.2672916650772095,
            -0.8723472952842712,
            -0.17901059985160828
        ],
        [
            0.2569657266139984,
            -0.8673703670501709,
            -0.19873811304569244
        ],
        [
            0.261527419090271,
            -0.8960554599761963,
            -0.17627887427806854
        ],
        [
            0.24959522485733032,
            -0.8902994990348816,
            -0.20014914870262146
        ],
        [
            0.22648610174655914,
            -0.7419024705886841,
            -0.12702548503875732
        ],
        [
            0.23221588134765625,
            -0.7592462301254272,
            -0.1334892213344574
        ],
        [
            0.2106718271970749,
            -0.7168679237365723,
            -0.13052062690258026
        ],
        [
            0.22212257981300354,
            -0.7272696495056152,
            -0.11897145956754684
        ],
        [
            0.24912798404693604,
            -0.9160501956939697,
            -0.17129716277122498
        ],
        [
            0.23630192875862122,
            -0.9103802442550659,
            -0.20041435956954956
        ],
        [
            0.27050310373306274,
            -0.8506274223327637,
            -0.12613961100578308
        ],
        [
            0.27310115098953247,
            -0.864082932472229,
            -0.14034044742584229
        ],
        [
            0.2704150080680847,
            -0.846510648727417,
            -0.1517883539199829
        ],
        [
            0.26891568303108215,
            -0.8362802863121033,
            -0.13706526160240173
        ],
        [
            0.26770251989364624,
            -0.8661147356033325,
