{
    "pred_cam": [
        1.4437479972839355,
        0.1319669932126999,
        0.2789939343929291
    ],
    "pred_smpl_params": {
        "global_orient": [
            [
                [
                    -0.22854450345039368,
                    0.1829344928264618,
                    -0.9561915993690491
                ],
                [
                    0.219455748796463,
                    -0.9472256302833557,
                    -0.23367245495319366
                ],
                [
                    -0.9484758973121643,
                    -0.2632462978363037,
                    0.17633718252182007
                ]
            ]
        ],
        "body_pose": [
            [
                [
                    0.9946336150169373,
                    0.061050012707710266,
                    0.08352845907211304
                ],
                [
                    -0.07444735616445541,
                    0.9829610586166382,
                    0.16806289553642273
                ],
                [
                    -0.07184498012065887,
                    -0.17337945103645325,
                    0.9822311401367188
                ]
            ],
            [
                [
                    0.9801896214485168,
                    0.16818837821483612,
                    -0.10459847003221512
                ],
                [
                    -0.1704864352941513,
                    0.98526930809021,
                    -0.013367613777518272
                ],
                [
                    0.10080938786268234,
                    0.03093542344868183,
                    0.99442458152771
                ]
            ],
            [
                [
                    0.9926519393920898,
                    -0.10819517821073532,
                    0.05418488383293152
                ],
                [
                    0.1156400740146637,
                    0.980073094367981,
                    -0.16150593757629395
                ],
                [
                    -0.03563098609447479,
                    0.16658510267734528,
                    0.985383152961731
                ]
            ],
            [
                [
                    0.9719077944755554,
                    0.22496677935123444,
                    0.06917465478181839
                ],
                [
                    -0.21230079233646393,
                    0.9648385643959045,
                    -0.15496738255023956
                ],
                [
                    -0.1016048938035965,
                    0.1359281837940216,
                    0.9854947328567505
                ]
            ],
            [
                [
                    0.9855639934539795,
                    0.09252408891916275,
                    0.14178483188152313
                ],
                [
                    -0.09172267466783524,
                    0.9957099556922913,
                    -0.01219172403216362
                ],
                [
                    -0.14230458438396454,
                    -0.0009891577064990997,
                    0.9898224472999573
                ]
            ],
            [
                [
                    0.9956507682800293,
                    -0.08425643295049667,
                    0.03975453972816467
                ],
                [
                    0.0859757736325264,
                    0.9953373074531555,
                    -0.04372529312968254
                ],
                [
                    -0.0358850359916687,
                    0.046953048557043076,
                    0.9982523918151855
                ]
            ],
            [
                [
                    0.9823383688926697,
                    0.054738305509090424,
                    0.17892739176750183
                ],
                [
                    -0.050787586718797684,
                    0.9983554482460022,
                    -0.026590056717395782
                ],
                [
                    -0.18008862435817719,
                    0.01703314483165741,
                    0.9835028648376465
                ]
            ],
            [
                [
                    0.977524995803833,
                    -0.058565959334373474,
                    -0.20252153277397156
                ],
                [
                    0.05464402586221695,
                    0.9981951713562012,
                    -0.02490776591002941
                ],
                [
                    0.20361477136611938,
                    0.01328137144446373,
                    0.9789609909057617
                ]
            ],
            [
                [
                    0.9986638426780701,
                    -0.0182851180434227,
                    0.04833404719829559
                ],
                [
                    0.02414465881884098,
                    0.9920416474342346,
                    -0.12357330322265625
                ],
                [
                    -0.04568983614444733,
                    0.12457519769668579,
                    0.991157591342926
                ]
            ],
            [
                [
                    0.9928471446037292,
                    -0.09504076093435287,
                    0.07226233929395676
                ],
                [
                    0.09480265527963638,
                    0.9954733848571777,
                    0.00672562001273036
                ],
                [
                    -0.0725744441151619,
                    0.00017314885917585343,
                    0.9973630309104919
                ]
            ],
            [
                [
                    0.9969478249549866,
                    0.07629529386758804,
                    -0.016549808904528618
                ],
                [
                    -0.0748417004942894,
                    0.9943327903747559,
                    0.07550513744354248
                ],
                [
                    0.02221670188009739,
                    -0.07403607666492462,
                    0.9970079660415649
                ]
            ],
            [
                [
                    0.9930648803710938,
                    -0.013613440096378326,
                    0.11677708476781845
                ],
                [
                    0.043118998408317566,
                    0.966231644153595,
                    -0.25404152274131775
                ],
                [
                    -0.10937534272670746,
                    0.2573150098323822,
                    0.9601176977157593
                ]
            ],
            [
                [
                    0.9952512383460999,
                    0.0968182310461998,
                    -0.010059436783194542
                ],
                [
                    -0.09679348021745682,
                    0.9953002333641052,
                    0.0029193342197686434
                ],
                [
                    0.010294804349541664,
                    -0.0019317830447107553,
                    0.9999451637268066
                ]
            ],
            [
                [
                    0.9708961844444275,
                    -0.21677319705486298,
                    0.1018323302268982
                ],
                [
                    0.22235311567783356,
                    0.9738354086875916,
                    -0.046943459659814835
                ],
                [
                    -0.08899184316396713,
                    0.06821996718645096,
                    0.9936932921409607
                ]
            ],
            [
                [
                    0.9993360638618469,
                    0.03639785200357437,
                    -0.001591514446772635
                ],
                [
                    -0.03350328281521797,
                    0.900945782661438,
                    -0.43263640999794006
                ],
                [
                    -0.014313168823719025,
                    0.43240252137184143,
                    0.9015670418739319
                ]
            ],
            [
                [
                    0.7035395503044128,
                    0.6646093726158142,
                    -0.2516474723815918
                ],
                [
                    -0.6697646379470825,
                    0.7384796738624573,
                    0.0778653547167778
                ],
                [
                    0.2375866025686264,
                    0.113763228058815,
                    0.9646815061569214
                ]
            ],
            [
                [
                    0.5238978862762451,
                    -0.747120201587677,
                    0.4090750515460968
                ],
                [
                    0.8400142788887024,
                    0.5327286720275879,
                    -0.10284030437469482
                ],
                [
                    -0.14109192788600922,
                    0.3975067436695099,
                    0.9066870212554932
                ]
            ],
            [
                [
                    0.10961989313364029,
                    -0.2659202516078949,
                    -0.9577420353889465
                ],
                [
                    0.16320154070854187,
                    0.9552872776985168,
                    -0.24655917286872864
                ],
                [
                    0.980483889579773,
                    -0.12927719950675964,
                    0.1481170803308487
                ]
            ],
            [
                [
                    0.029282191768288612,
                    0.3208429217338562,
                    0.9466795921325684
                ],
                [
                    0.1074780598282814,
                    0.9405844211578369,
                    -0.3221015930175781
                ],
                [
                    -0.9937760829925537,
                    0.11117911338806152,
                    -0.006941201165318489
                ]
            ],
            [
                [
                    0.9860638976097107,
                    -0.13923560082912445,
                    -0.09105788916349411
                ],
                [
                    0.14930249750614166,
                    0.9820664525032043,
                    0.11512651294469833
                ],
                [
                    0.07339520007371902,
                    -0.12711726129055023,
                    0.9891685247421265
                ]
            ],
            [
                [
                    0.990509569644928,
                    0.06813604384660721,
                    0.11936542391777039
                ],
                [
                    -0.09864339977502823,
                    0.9571765065193176,
                    0.27218130230903625
                ],
                [
                    -0.09570842236280441,
                    -0.2813728451728821,
                    0.9548136591911316
                ]
            ],
            [
                [
                    0.9818944334983826,
                    0.17775098979473114,
                    -0.06548227369785309
                ],
                [
                    -0.17005442082881927,
                    0.9794216156005859,
                    0.10869605839252472
                ],
                [
                    0.08345558494329453,
                    -0.09559249877929688,
                    0.9919160008430481
                ]
            ],
            [
                [
                    0.983782947063446,
                    -0.1736893355846405,
                    0.044756051152944565
                ],
                [
                    0.16562893986701965,
                    0.9754781126976013,
                    0.14494642615318298
                ],
                [
                    -0.06883420050144196,
                    -0.1351829320192337,
                    0.988426685333252
                ]
            ]
        ],
        "betas": [
            -0.19444340467453003,
            -0.27743974328041077,
            0.2965713441371918,
            0.5738859176635742,
            0.19937776029109955,
            0.15713289380073547,
            0.0027087926864624023,
            -0.16006597876548767,
            0.07621291279792786,
            -0.032953500747680664
        ]
    },
    "pred_cam_t": [
        0.1319669932126999,
        0.2789939343929291,
        27.05631446838379
    ],
    "focal_length": [
        5000.0,
        5000.0
    ],
    "pred_keypoints_3d": [
        [
            -0.13800019025802612,
            -0.7470122575759888,
            -0.03360968083143234
        ],
        [
            0.04487438127398491,
            -0.7348105907440186,
            -0.0264484491199255
        ],
        [
            0.06299459934234619,
            -0.6508793830871582,
            0.1549026072025299
        ],
        [
            0.08744656294584274,
            -0.41628944873809814,
            0.23443308472633362
        ],
        [
            -0.12448447197675705,
            -0.3643694519996643,
            0.11389317363500595
        ],
        [
            0.0355231799185276,
            -0.6616771817207336,
            -0.2019137442111969
        ],
        [
            0.0086751077324152,
            -0.46113160252571106,
            -0.35719284415245056
        ],
        [
            -0.23301231861114502,
            -0.47343572974205017,
            -0.32752853631973267
        ],
        [
            -0.002030299510806799,
            -0.22930365800857544,
            0.028905276209115982
        ],
        [
            0.0007810811512172222,
            -0.1573498249053955,
            0.1164391040802002
        ],
        [
            -0.020002618432044983,
            0.1681830883026123,
            0.2990390658378601
        ],
        [
            -0.013305004686117172,
            0.5177316069602966,
            0.46899235248565674
        ],
        [
            -0.028374044224619865,
            -0.12566713988780975,
            -0.014178682118654251
        ],
        [
            -0.15032139420509338,
            0.20518113672733307,
            0.08166666328907013
        ],
        [
            -0.16555510461330414,
            0.526383101940155,
            0.29926711320877075
        ],
        [
            -0.13726863265037537,
            -0.7977262735366821,
            0.0010852869600057602
        ],
        [
            -0.1362512707710266,
            -0.7988083362579346,
            -0.06528948247432709
        ],
        [
            -0.0545840710401535,
            -0.8444406390190125,
            0.04673822224140167
        ],
        [
            -0.05377937853336334,
            -0.8471136093139648,
            -0.1026560366153717
        ],
        [
            -0.36428385972976685,
            0.5571421384811401,
            0.31708502769470215
        ],
        [
            -0.3119983673095703,
            0.598275899887085,
            0.26674559712409973
        ],
        [
            -0.111933633685112,
            0.5636358261108398,
            0.31852447986602783
        ],
        [
            -0.19666451215744019,
            0.5196182727813721,
            0.5426914691925049
        ],
        [
            -0.1266878843307495,
            0.5052876472473145,
            0.595382809638977
        ],
        [
            0.03766558691859245,
            0.568280816078186,
            0.4745040833950043
        ],
        [
            0.02260390669107437,
            0.4711282551288605,
            0.4566318690776825
        ],
        [
            -0.015299422666430473,
            0.1105729416012764,
            0.2679750323295593
        ],
        [
            0.043946437537670135,
            -0.2901599407196045,
            0.15705399215221405
        ],
        [
            -0.00820053182542324,
            -0.20564435422420502,
            -0.11985677480697632
        ],
        [
            -0.1397409588098526,
            0.171718567609787,
            0.05593905970454216
        ],
        [
            -0.13631539046764374,
            0.5061386823654175,
            0.2738295793533325
        ],
        [
            -0.1076919436454773,
            -0.4022306501865387,
            0.11331383883953094
        ],
        [
            0.055862270295619965,
            -0.44442978501319885,
            0.25137871503829956
        ],
        [
            0.06003259867429733,
            -0.6778393387794495,
            0.11931066960096359
        ],
        [
            0.04168608784675598,
            -0.6868506669998169,
            -0.17726099491119385
        ],
        [
            -0.009939796291291714,
            -0.5092610716819763,
            -0.3675912320613861
        ],
        [
            -0.2180899679660797,
            -0.49381232261657715,
            -0.3262070119380951
        ],
        [
            0.0380854532122612,
            -0.7317594885826111,
            -0.026266489177942276
        ],
        [
            -0.09949490427970886,
            -0.8783435225486755,
            -0.031725261360406876
        ],
        [
            0.017840523272752762,
            -0.24831415712833405,
            0.017783354967832565
        ],
        [
            0.04793645069003105,
            -0.6788690090179443,
            -0.026536403223872185
        ],
        [
            0.0662492886185646,
            -0.49343398213386536,
            -0.022408749908208847
        ],
        [
            -0.06277142465114594,
            -0.7692859768867493,
            -0.03589634969830513
        ],
        [
            -0.10440223664045334,
            -0.8974041938781738,
            -0.02770000323653221
        ]
    ],
    "pred_vertices": [
        [
            -0.16655588150024414,
            -0.8365331292152405,
            -0.07798156142234802
        ],
        [
            -0.16299813985824585,
            -0.8204165101051331,
            -0.07221245765686035
        ],
        [
            -0.15332847833633423,
            -0.8233746290206909,
            -0.0828641727566719
        ],
        [
            -0.15197627246379852,
            -0.8374571800231934,
            -0.08806046098470688
        ],
        [
            -0.15217244625091553,
            -0.8125138282775879,
            -0.0788438618183136
        ],
        [
            -0.1586322784423828,
            -0.8093494772911072,
            -0.0693071037530899
        ],
        [
            -0.14075632393360138,
            -0.8246065378189087,
            -0.08922681957483292
        ],
        [
            -0.13653847575187683,
            -0.8364690542221069,
            -0.09397313743829727
        ],
        [
            -0.10941721498966217,
            -0.802916407585144,
            -0.09380050003528595
        ],
        [
            -0.09898141026496887,
            -0.8048607110977173,
            -0.09743575751781464
        ],
        [
            -0.10774274170398712,
            -0.813759446144104,
            -0.09767105430364609
        ],
        [
            -0.11581429839134216,
            -0.8095986843109131,
            -0.09273191541433334
        ],
        [
            -0.09142306447029114,
            -0.7842915654182434,
            -0.09211377799510956
        ],
        [
            -0.09271208941936493,
            -0.7717504501342773,
            -0.0863482877612114
        ],
        [
            -0.07942888140678406,
            -0.770313024520874,
            -0.08810757100582123
        ],
        [
            -0.07694782316684723,
            -0.7829052209854126,
            -0.09278479218482971
        ],
        [
            -0.1205412745475769,
            -0.7685258984565735,
            -0.05492476373910904
        ],
        [
            -0.11581383645534515,
            -0.7638078331947327,
            -0.06045747548341751
        ],
        [
            -0.1192815899848938,
            -0.7696506381034851,
            -0.06444089859724045
        ],
        [
            -0.12313851714134216,
            -0.7739274501800537,
            -0.058167289942502975
        ],
        [
            -0.13128206133842468,
            -0.772777795791626,
            -0.04625478386878967
        ],
        [
            -0.13188351690769196,
            -0.7791248559951782,
            -0.047177933156490326
        ],
        [
            -0.13838379085063934,
            -0.7791333198547363,
            -0.04265665262937546
        ],
        [
            -0.1382259577512741,
            -0.7716706991195679,
            -0.04272026941180229
        ],
        [
            -0.11721698939800262,
            -0.7644361257553101,
            -0.049388587474823
        ],
        [
            -0.11206057667732239,
            -0.7598505616188049,
            -0.05520720034837723
        ],
        [
            -0.12498357892036438,
            -0.772188127040863,
            -0.05032188817858696
        ],
        [
            -0.12418261170387268,
            -0.7674615979194641,
            -0.048703767359256744
        ],
        [
            -0.12913361191749573,
            -0.7564107179641724,
            -0.0464295893907547
        ],
        [
            -0.1306391954421997,
            -0.7610792517662048,
            -0.04787759482860565
        ],
        [
            -0.13696357607841492,
            -0.7579588890075684,
            -0.04501776397228241
        ],
        [
            -0.13327811658382416,
            -0.7537935972213745,
            -0.0436394065618515
        ],
        [
            -0.12096673250198364,
            -0.7613634467124939,
            -0.04878987371921539
        ],
        [
            -0.1249726414680481,
            -0.762127161026001,
            -0.04952029883861542
        ],
        [
            -0.12477418780326843,
            -0.7576876878738403,
            -0.047189611941576004
        ],
        [
            -0.12091892957687378,
            -0.7578543424606323,
            -0.04541677609086037
        ],
        [
            -0.13089099526405334,
            -0.767749547958374,
            -0.04594600945711136
        ],
        [
            -0.1378452479839325,
            -0.7651429772377014,
            -0.04352739080786705
        ],
        [
            -0.1445644199848175,
            -0.7620879411697388,
            -0.04001634567975998
        ],
        [
            -0.1425248682498932,
            -0.7534090280532837,
            -0.04108055680990219
        ],
        [
            -0.10202869772911072,
            -0.7570797204971313,
            -0.07099227607250214
        ],
        [
            -0.10974889993667603,
            -0.7599338889122009,
            -0.06646143645048141
        ],
        [
            -0.1069888174533844,
            -0.7561479806900024,
            -0.061022061854600906
        ],
        [
            -0.1012476235628128,
            -0.7535272240638733,
            -0.0655759871006012
        ],
        [
            -0.11627717316150665,
            -0.7574477195739746,
            -0.046259261667728424
        ],
        [
            -0.10693490505218506,
            -0.7450737953186035,
            -0.049755342304706573
        ],
        [
            -0.10929673910140991,
            -0.747944712638855,
            -0.05008755996823311
        ],
        [
            -0.11327920854091644,
            -0.746088445186615,
            -0.044367626309394836
        ],
        [
            -0.11092735826969147,
            -0.7435088753700256,
            -0.04467623680830002
        ],
        [
            -0.08611531555652618,
            -0.7511583566665649,
            -0.07528848201036453
        ],
        [
            -0.0892687439918518,
            -0.7475861310958862,
            -0.06972067058086395
        ],
        [
            -0.08303672075271606,
            -0.7437379360198975,
            -0.06984943896532059
        ],
        [
            -0.07813504338264465,
            -0.7471781969070435,
            -0.0745377466082573
        ],
        [
            -0.07908344268798828,
            -0.7398842573165894,
            -0.0669679045677185
        ],
        [
            -0.07123543322086334,
            -0.7430441379547119,
            -0.07267078757286072
        ],
        [
            -0.06392449140548706,
            -0.731488049030304,
            -0.06314834952354431
        ],
        [
            -0.06689558923244476,
            -0.7368399500846863,
            -0.06798034906387329
        ],
        [
            -0.07634489238262177,
            -0.7352510690689087,
            -0.06272107362747192
        ],
        [
            -0.07618476450443268,
            -0.7293472290039062,
            -0.05721692368388176
        ],
        [
            -0.08586856722831726,
            -0.7276903390884399,
            -0.04626668989658356
        ],
        [
            -0.08740076422691345,
            -0.7250921726226807,
            -0.04060631990432739
        ],
        [
            -0.07866764068603516,
            -0.7168054580688477,
            -0.04482819885015488
        ],
        [
            -0.07750126719474792,
            -0.721973717212677,
            -0.05066029727458954
        ],
        [
            -0.09986898303031921,
            -0.7431325912475586,
            -0.04856540262699127
        ],
        [
            -0.09747493267059326,
            -0.744981050491333,
            -0.05232086032629013
        ],
        [
            -0.10015738010406494,
            -0.7447078227996826,
            -0.05288383364677429
        ],
        [
            -0.1036442220211029,
            -0.7434848546981812,
            -0.04911384359002113
        ],
        [
            -0.09570056200027466,
            -0.7459665536880493,
            -0.05583605170249939
        ],
        [
            -0.09485763311386108,
            -0.7462964057922363,
            -0.05743357911705971
        ],
        [
            -0.09661273658275604,
            -0.7465100884437561,
            -0.057375092059373856
        ],
        [
            -0.09646633267402649,
            -0.7462239861488342,
            -0.05599476769566536
        ],
        [
            -0.09687729179859161,
            -0.745553731918335,
            -0.05401158332824707
        ],
        [
            -0.09609860181808472,
            -0.7438396215438843,
            -0.052905336022377014
        ],
        [
            -0.09566117823123932,
            -0.7450621128082275,
            -0.0549205020070076
        ],
        [
            -0.09806738793849945,
            -0.7413883209228516,
            -0.049566566944122314
        ],
        [
            -0.1036633849143982,
            -0.7344784736633301,
            -0.037926167249679565
        ],
        [
            -0.10265958309173584,
            -0.7357733249664307,
            -0.04131123423576355
        ],
        [
            -0.10452127456665039,
            -0.7397959232330322,
            -0.03989805653691292
        ],
        [
            -0.10562913119792938,
            -0.7388855218887329,
            -0.03707141801714897
        ],
        [
            -0.09919410943984985,
            -0.746872067451477,
            -0.0562693253159523
        ],
        [
            -0.09969255328178406,
            -0.7483475208282471,
            -0.05839862301945686
        ],
        [
            -0.10420951247215271,
            -0.7483177185058594,
            -0.05499260500073433
        ],
        [
            -0.10217240452766418,
            -0.7465089559555054,
            -0.05364440381526947
        ],
        [
            -0.10048326849937439,
            -0.7499704360961914,
            -0.061349641531705856
        ],
        [
            -0.0967501550912857,
            -0.7478817701339722,
            -0.0596676766872406
        ],
        [
            -0.09667123854160309,
            -0.7487800121307373,
            -0.06296397745609283
        ],
        [
            -0.09381482005119324,
            -0.744940996170044,
            -0.05676844343543053
        ],
        [
            -0.09149228036403656,
            -0.7446179389953613,
            -0.05936465412378311
        ],
        [
            -0.0938795804977417,
            -0.7460079193115234,
            -0.060161422938108444
        ],
        [
            -0.09001785516738892,
            -0.741747260093689,
            -0.057198554277420044
        ],
        [
            -0.0936705470085144,
            -0.7427593469619751,
            -0.054250530898571014
        ],
        [
            -0.0950360894203186,
            -0.7394922375679016,
            -0.050926726311445236
        ],
        [
            -0.09712532162666321,
            -0.7358896732330322,
            -0.04667522758245468
        ],
        [
            -0.09171590209007263,
            -0.7340185642242432,
            -0.048660844564437866
        ],
        [
            -0.09033635258674622,
            -0.7378954887390137,
            -0.053490832448005676
        ],
        [
            -0.10590097308158875,
            -0.7518364191055298,
            -0.05731967091560364
        ],
        [
            -0.09184861183166504,
            -0.746587872505188,
            -0.06431566178798676
        ],
        [
            -0.09562179446220398,
            -0.7514770030975342,
            -0.0679648220539093
        ],
        [
            -0.0880371630191803,
            -0.7435644865036011,
            -0.06392981112003326
        ],
        [
            -0.0851483941078186,
            -0.7403397560119629,
            -0.06156294792890549
        ],
        [
            -0.08430086076259613,
            -0.7362469434738159,
            -0.05705248937010765
        ],
        [
            -0.08491003513336182,
            -0.7316639423370361,
            -0.05196208506822586
        ],
        [
            -0.0647515058517456,
            -0.7162813544273376,
            -0.04637864604592323
        ],
        [
            -0.06479440629482269,
            -0.722755491733551,
            -0.054172199219465256
        ],
        [
            -0.15152421593666077,
            -0.8049088716506958,
            -0.0666240006685257
        ],
        [
            -0.14839477837085724,
            -0.8062343597412109,
            -0.07513132691383362
        ],
        [
            -0.13940346240997314,
            -0.8030363321304321,
            -0.07479493319988251
        ],
        [
            -0.14073318243026733,
            -0.8049336075782776,
            -0.0763947069644928
        ],
        [
            -0.14463314414024353,
            -0.8038542866706848,
            -0.07182706147432327
        ],
        [
            -0.1420799046754837,
            -0.8021185398101807,
            -0.0710107684135437
        ],
        [
            -0.12176583707332611,
            -0.807488203048706,
            -0.0870683416724205
        ],
        [
            -0.12671992182731628,
            -0.8058691024780273,
            -0.08248500525951385
        ],
        [
            -0.12328675389289856,
            -0.8038582801818848,
            -0.08247276395559311
        ],
        [
            -0.11723151803016663,
            -0.8026304244995117,
            -0.08852676302194595
        ],
        [
            -0.12434324622154236,
            -0.7935327291488647,
            -0.07528586685657501
        ],
        [
            -0.12248466908931732,
            -0.7966639995574951,
            -0.07934936881065369
        ],
        [
            -0.1287122368812561,
            -0.8000750541687012,
            -0.07600367069244385
        ],
        [
            -0.13014541566371918,
            -0.7977322340011597,
            -0.07313460856676102
        ],
        [
            -0.13152314722537994,
            -0.7960100173950195,
            -0.0695648342370987
        ],
        [
            -0.1329435408115387,
            -0.7950277328491211,
            -0.06533189862966537
        ],
        [
            -0.12896651029586792,
            -0.7913374900817871,
            -0.06561906635761261
        ],
        [
            -0.12666726112365723,
            -0.7918702363967896,
            -0.07048773765563965
        ],
        [
            -0.1463795155286789,
            -0.8039251565933228,
            -0.0654526948928833
        ],
        [
            -0.1462426781654358,
            -0.8032494783401489,
            -0.05797741189599037
        ],
        [
            -0.14335277676582336,
            -0.801545262336731,
            -0.05932781100273132
        ],
        [
            -0.14394497871398926,
            -0.8016829490661621,
            -0.06553570926189423
        ],
        [
            -0.1357784867286682,
            -0.7994611859321594,
            -0.04854166507720947
        ],
        [
            -0.13819491863250732,
            -0.8006865978240967,
            -0.049934979528188705
        ],
        [
            -0.1401393562555313,
            -0.8010877966880798,
            -0.0465376116335392
        ],
        [
            -0.13660688698291779,
            -0.7981470823287964,
            -0.04537162929773331
        ],
        [
            -0.13455775380134583,
            -0.7957596778869629,
            -0.04769473522901535
        ],
        [
            -0.13490065932273865,
            -0.7979291677474976,
            -0.04989887773990631
        ],
        [
            -0.17895644903182983,
            -0.8544689416885376,
            -0.06875035911798477
        ],
        [
            -0.1758842021226883,
            -0.8357453942298889,
            -0.06514415144920349
        ],
        [
            -0.1638762652873993,
            -0.8569352626800537,
            -0.08296659588813782
        ],
        [
            -0.14747628569602966,
            -0.8554972410202026,
            -0.09160211682319641
        ],
        [
            -0.13114000856876373,
            -0.8502299785614014,
            -0.09832717478275299
        ],
        [
            -0.08268333971500397,
            -0.7592459917068481,
            -0.08188178390264511
        ],
        [
            -0.07233349978923798,
            -0.7561863660812378,
            -0.08243484795093536
        ],
        [
            -0.06666696071624756,
            -0.7693430185317993,
            -0.08934864401817322
        ],
        [
            -0.056871265172958374,
            -0.7639678716659546,
            -0.08706562221050262
        ],
        [
            -0.06346604228019714,
            -0.7504749298095703,
            -0.07994946837425232
        ],
        [
            -0.0523219108581543,
            -0.7358409762382507,
            -0.06665731966495514
        ],
        [
            -0.056547895073890686,
            -0.7433022260665894,
            -0.0748341828584671
        ],
        [
            -0.047423556447029114,
            -0.7585800886154175,
            -0.08248136937618256
        ],
        [
            -0.04146108031272888,
            -0.7773686051368713,
            -0.08982983976602554
        ],
        [
            -0.05222572386264801,
            -0.7790402173995972,
            -0.09237255156040192
        ],
        [
            -0.04009819030761719,
            -0.7978240251541138,
            -0.09306441247463226
        ],
        [
            -0.028685972094535828,
            -0.7763195037841797,
            -0.08548729121685028
        ],
        [
            -0.032392024993896484,
            -0.8018167018890381,
            -0.08957310020923615
        ],
        [
            -0.02256503701210022,
            -0.7457368969917297,
            -0.07036706805229187
        ],
        [
            -0.01775836944580078,
            -0.7400192022323608,
            -0.071245938539505
        ],
        [
            -0.006282210350036621,
            -0.752192497253418,
            -0.08031180500984192
        ],
        [
            -0.012139156460762024,
            -0.7586981058120728,
            -0.08018758893013
        ],
        [
            -0.06316453218460083,
            -0.7811077833175659,
            -0.09385067224502563
        ],
        [
            -0.10816547274589539,
            -0.8269708156585693,
            -0.09931416809558868
        ],
        [
            -0.11738349497318268,
            -0.8195018768310547,
            -0.09596988558769226
        ],
        [
            -0.09728750586509705,
            -0.8190402388572693,
            -0.10053159296512604
        ],
        [
            -0.1295163631439209,
            -0.8866558074951172,
            -0.10042474418878555
        ],
        [
            -0.14089569449424744,
            -0.8719029426574707,
            -0.09627661108970642
        ],
        [
            -0.12569886445999146,
            -0.864230751991272,
            -0.10219071805477142
        ],
        [
            -0.11728337407112122,
            -0.878669261932373,
            -0.10553237050771713
        ],
        [
            -0.16051645576953888,
            -0.9077320694923401,
            -0.07452128827571869
        ],
        [
            -0.17267169058322906,
            -0.8820285797119141,
            -0.07387885451316833
        ],
        [
            -0.15898333489894867,
            -0.8785719871520996,
            -0.08551138639450073
        ],
        [
            -0.14800246059894562,
            -0.8986572027206421,
            -0.08736775815486908
        ],
        [
            -0.10736158490180969,
            -0.8881919384002686,
            -0.10661332309246063
        ],
        [
            -0.09358823299407959,
            -0.9008752107620239,
            -0.1061854138970375
        ],
        [
            -0.09822392463684082,
            -0.9173871278762817,
            -0.10212575644254684
        ],
        [
            -0.11645179986953735,
            -0.9038652181625366,
            -0.10190017521381378
        ],
        [
            -0.1058584451675415,
            -0.9371419548988342,
            -0.08984480798244476
        ],
        [
            -0.1283825933933258,
            -0.9213555455207825,
            -0.08964689821004868
        ],
        [
            -0.016775071620941162,
            -0.7954708337783813,
            -0.08525693416595459
        ],
        [
            -0.02519877254962921,
            -0.8137007355690002,
            -0.0870412141084671
        ],
        [
            -0.020625591278076172,
            -0.7655526995658875,
            -0.0806068629026413
        ],
        [
            -0.009718596935272217,
            -0.7815613150596619,
            -0.08395291119813919
        ],
        [
            -0.11278370022773743,
            -0.9519818425178528,
            -0.07182658463716507
        ],
        [
            -0.13959351181983948,
            -0.9337985515594482,
            -0.07252688705921173
        ],
        [
            -0.04136580228805542,
            -0.9129570722579956,
            -0.0920923724770546
        ],
        [
            -0.059183359146118164,
            -0.9222159385681152,
            -0.09473350644111633
        ],
        [
            -0.06307077407836914,
            -0.9027307629585266,
