{
    "pred_cam": [
        1.1605544090270996,
        -0.004053553566336632,
        0.17722028493881226
    ],
    "pred_smpl_params": {
        "global_orient": [
            [
                [
                    0.9665344953536987,
                    0.24861115217208862,
                    0.06327452510595322
                ],
                [
                    0.24697037041187286,
                    -0.9684720039367676,
                    0.03267579898238182
                ],
                [
                    0.06940317153930664,
                    -0.015955351293087006,
                    -0.997461199760437
                ]
            ]
        ],
        "body_pose": [
            [
                [
                    0.9981580972671509,
                    -0.0565565824508667,
                    -0.021949538961052895
                ],
                [
                    0.06019306555390358,
                    0.9683882594108582,
                    0.24207639694213867
                ],
                [
                    0.007564662490040064,
                    -0.24295172095298767,
                    0.970008909702301
                ]
            ],
            [
                [
                    0.9999324083328247,
                    -0.008440391160547733,
                    -0.008001654408872128
                ],
                [
                    0.01034723874181509,
                    0.9597451090812683,
                    0.2806818187236786
                ],
                [
                    0.005310485605150461,
                    -0.28074562549591064,
                    0.9597675800323486
                ]
            ],
            [
                [
                    0.9986087679862976,
                    0.044698599725961685,
                    0.027973778545856476
                ],
                [
                    -0.03647299110889435,
                    0.9686445593833923,
                    -0.24575889110565186
                ],
                [
                    -0.03808172792196274,
                    0.24439670145511627,
                    0.968927264213562
                ]
            ],
            [
                [
                    0.9940288662910461,
                    -0.006340199150145054,
                    -0.1089322492480278
                ],
                [
                    -0.06728401780128479,
                    0.7503116726875305,
                    -0.6576512455940247
                ],
                [
                    0.08590282499790192,
                    0.6610538363456726,
                    0.745404839515686
                ]
            ],
            [
                [
                    0.988852858543396,
                    -0.14240503311157227,
                    0.04348187893629074
                ],
                [
                    0.13179802894592285,
                    0.7012780904769897,
                    -0.700598418712616
                ],
                [
                    0.0692758560180664,
                    0.6985197067260742,
                    0.7122295498847961
                ]
            ],
            [
                [
                    0.998950719833374,
                    -0.0012162773637101054,
                    0.04578094556927681
                ],
                [
                    0.0015118577284738421,
                    0.999978244304657,
                    -0.00642233993858099
                ],
                [
                    -0.04577213525772095,
                    0.00648481585085392,
                    0.998930811882019
                ]
            ],
            [
                [
                    0.9835958480834961,
                    0.07469917088747025,
                    0.1641927808523178
                ],
                [
                    -0.08485604077577591,
                    0.9948334097862244,
                    0.055732037872076035
                ],
                [
                    -0.15918131172657013,
                    -0.0687505453824997,
                    0.98485267162323
                ]
            ],
            [
                [
                    0.9863433837890625,
                    -0.007680889219045639,
                    -0.16452272236347198
                ],
                [
                    0.013067414052784443,
                    0.9994125366210938,
                    0.03168303519487381
                ],
                [
                    0.16418272256851196,
                    -0.033400241285562515,
                    0.9858643412590027
                ]
            ],
            [
                [
                    0.9997673034667969,
                    -0.015428567305207253,
                    0.015075242146849632
                ],
                [
                    0.016335127875208855,
                    0.9979431629180908,
                    -0.06198912858963013
                ],
                [
                    -0.014087830670177937,
                    0.06222096458077431,
                    0.9979629516601562
                ]
            ],
            [
                [
                    0.9846012592315674,
                    -0.17476500570774078,
                    0.00418108468875289
                ],
                [
                    0.17206372320652008,
                    0.9730547666549683,
                    0.15348777174949646
                ],
                [
                    -0.030892716720700264,
                    -0.15040485560894012,
                    0.988141655921936
                ]
            ],
            [
                [
                    0.9938207268714905,
                    0.11097081005573273,
                    0.0024164323695003986
                ],
                [
                    -0.10951525717973709,
                    0.976775050163269,
                    0.18416547775268555
                ],
                [
                    0.018076680600643158,
                    -0.18329210579395294,
                    0.9828922748565674
                ]
            ],
            [
                [
                    0.9708961248397827,
                    -0.07282397150993347,
                    -0.22816109657287598
                ],
                [
                    0.07452981173992157,
                    0.997218132019043,
                    -0.0011425595730543137
                ],
                [
                    0.22760958969593048,
                    -0.01589549519121647,
                    0.9736227989196777
                ]
            ],
            [
                [
                    0.9289360046386719,
                    0.36711999773979187,
                    -0.04796771705150604
                ],
                [
                    -0.3683103322982788,
                    0.9295167326927185,
                    -0.018608171492815018
                ],
                [
                    0.03775535896420479,
                    0.0349528044462204,
                    0.9986756443977356
                ]
            ],
            [
                [
                    0.9353207945823669,
                    -0.29841306805610657,
                    0.1900644600391388
                ],
                [
                    0.298397958278656,
                    0.9539890885353088,
                    0.029384678229689598
                ],
                [
                    -0.1900881975889206,
                    0.029230745509266853,
                    0.9813317060470581
                ]
            ],
            [
                [
                    0.9777773022651672,
                    -0.10280251502990723,
                    -0.18271072208881378
                ],
                [
                    0.06258326768875122,
                    0.9749101400375366,
                    -0.21362026035785675
                ],
                [
                    0.20008721947669983,
                    0.19743840396404266,
                    0.9596787095069885
                ]
            ],
            [
                [
                    0.4877868890762329,
                    0.8416891098022461,
                    -0.23156726360321045
                ],
                [
                    -0.8654568791389465,
                    0.5009788870811462,
                    -0.0021166945807635784
                ],
                [
                    0.11422869563102722,
                    0.20144400000572205,
                    0.9728165864944458
                ]
            ],
            [
                [
                    0.4621807038784027,
                    -0.7668668031692505,
                    0.4453137218952179
                ],
                [
                    0.8588935732841492,
                    0.5120639801025391,
                    -0.009609304368495941
                ],
                [
                    -0.2206600457429886,
                    0.386918306350708,
                    0.8953230381011963
                ]
            ],
            [
                [
                    0.6142333149909973,
                    -0.29188284277915955,
                    -0.7331587672233582
                ],
                [
                    0.2264646291732788,
                    0.9551984667778015,
                    -0.19055072963237762
                ],
                [
                    0.7559307217597961,
                    -0.048991937190294266,
                    0.6528158783912659
                ]
            ],
            [
                [
                    0.1298283189535141,
                    0.4346543550491333,
                    0.8911904096603394
                ],
                [
                    0.07460857182741165,
                    0.8919669389724731,
                    -0.4459020495414734
                ],
                [
                    -0.9887255430221558,
                    0.12438113987445831,
                    0.08337362855672836
                ]
            ],
            [
                [
                    0.9911898970603943,
                    -0.13233402371406555,
                    -0.005496746860444546
                ],
                [
                    0.13234859704971313,
                    0.9912003874778748,
                    0.002378474920988083
                ],
                [
                    0.005133624188601971,
                    -0.0030850074253976345,
                    0.9999820590019226
                ]
            ],
            [
                [
                    0.9852240085601807,
                    0.1587507128715515,
                    0.06428021192550659
                ],
                [
                    -0.15877436101436615,
                    0.9873033165931702,
                    -0.004772797226905823
                ],
                [
                    -0.06422176212072372,
                    -0.005503776948899031,
                    0.9979204535484314
                ]
            ],
            [
                [
                    0.9670153260231018,
                    0.23441174626350403,
                    -0.09966212511062622
                ],
                [
                    -0.21628113090991974,
                    0.9623119235038757,
                    0.16485796868801117
                ],
                [
                    0.13455070555210114,
                    -0.13786514103412628,
                    0.9812692403793335
                ]
            ],
            [
                [
                    0.9734787940979004,
                    -0.2102472186088562,
                    0.09019529074430466
                ],
                [
                    0.19805216789245605,
                    0.9718278646469116,
                    0.12777307629585266
                ],
                [
                    -0.11451822519302368,
                    -0.10652101039886475,
                    0.987693727016449
                ]
            ]
        ],
        "betas": [
            -0.03498004376888275,
            -0.0595705509185791,
            0.09323018789291382,
            0.3327264189720154,
            0.035751521587371826,
            0.0377393402159214,
            -0.008929997682571411,
            -0.04608434438705444,
            0.07204331457614899,
            -0.02760174870491028
        ]
    },
    "pred_cam_t": [
        -0.004053553566336632,
        0.17722028493881226,
        33.65848159790039
    ],
    "focal_length": [
        5000.0,
        5000.0
    ],
    "pred_keypoints_3d": [
        [
            0.11781837046146393,
            -0.7652973532676697,
            -0.2322312295436859
        ],
        [
            0.14285022020339966,
            -0.7086337208747864,
            -0.050774864852428436
        ],
        [
            -0.05618405342102051,
            -0.6635938882827759,
            -0.06292304396629333
        ],
        [
            -0.15860317647457123,
            -0.4341679811477661,
            -0.03254912793636322
        ],
        [
            -0.00033898651599884033,
            -0.32599037885665894,
            -0.1988908052444458
        ],
        [
            0.2854446768760681,
            -0.5746941566467285,
            0.005657589063048363
        ],
        [
            0.23871184885501862,
            -0.3361242413520813,
            0.09650853276252747
        ],
        [
            0.24703092873096466,
            -0.13900259137153625,
            -0.053900182247161865
        ],
        [
            -0.002040241379290819,
            -0.22678634524345398,
            0.02807195857167244
        ],
        [
            -0.08973909914493561,
            -0.15584297478199005,
            0.02922259457409382
        ],
        [
            -0.20794609189033508,
            0.19399245083332062,
            -0.06514911353588104
        ],
        [
            -0.22949069738388062,
            0.5148849487304688,
            0.16755922138690948
        ],
        [
            0.04140051454305649,
            -0.12138054519891739,
            0.04114433750510216
        ],
        [
            0.010880336165428162,
            0.2423185408115387,
            -0.03570084646344185
        ],
        [
            -0.07042679190635681,
            0.5576921105384827,
            0.190609872341156
        ],
        [
            0.10434550791978836,
            -0.8194425106048584,
            -0.20669440925121307
        ],
        [
            0.1652149260044098,
            -0.8034311532974243,
            -0.22811776399612427
        ],
        [
            0.10028613358736038,
            -0.8430140614509583,
            -0.10594555735588074
        ],
        [
            0.23659014701843262,
            -0.8074447512626648,
            -0.15247900784015656
        ],
        [
            -0.08386139571666718,
            0.6873852014541626,
            0.039307743310928345
        ],
        [
            -0.019802823662757874,
            0.6847351789474487,
            0.09327569603919983
        ],
        [
            -0.0719306543469429,
            0.563666582107544,
            0.26015007495880127
        ],
        [
            -0.25408101081848145,
            0.6427465081214905,
            0.0185488760471344
        ],
        [
            -0.321455180644989,
            0.6169216632843018,
            0.0682324469089508
        ],
        [
            -0.22989028692245483,
            0.5271854996681213,
            0.2394111156463623
        ],
        [
            -0.24434946477413177,
            0.4567665457725525,
            0.16729208827018738
        ],
        [
            -0.19213245809078217,
            0.1352214813232422,
            -0.06227748095989227
        ],
        [
            -0.13715356588363647,
            -0.295876681804657,
            0.030658399686217308
        ],
        [
            0.1411638855934143,
            -0.20782537758350372,
            0.06419914960861206
        ],
        [
            0.027915844693779945,
            0.20485085248947144,
            -0.033994175493717194
        ],
        [
            -0.05395066365599632,
            0.5182156562805176,
            0.19739064574241638
        ],
        [
            0.0074092922732234,
            -0.3600831627845764,
            -0.18248362839221954
        ],
        [
            -0.16143524646759033,
            -0.4595317840576172,
            -0.06981074064970016
        ],
        [
            -0.01504928432404995,
            -0.6847422122955322,
            -0.058636732399463654
        ],
        [
            0.2646360993385315,
            -0.6133686900138855,
            -0.002577809151262045
        ],
        [
            0.28119683265686035,
            -0.3494120240211487,
            0.06600736826658249
        ],
        [
            0.25662660598754883,
            -0.15944397449493408,
            -0.057532474398612976
        ],
        [
            0.14414265751838684,
            -0.6983094215393066,
            -0.056146517395973206
        ],
        [
            0.17164531350135803,
            -0.8695814609527588,
            -0.16303996741771698
        ],
        [
            0.002723544603213668,
            -0.25159260630607605,
            0.04753933101892471
        ],
        [
            0.1238413155078888,
            -0.6469578742980957,
            -0.032772600650787354
        ],
        [
            0.07030247896909714,
            -0.4879333972930908,
            0.026088768616318703
        ],
        [
            0.1482824683189392,
            -0.758105456829071,
            -0.15852828323841095
        ],
        [
            0.17233042418956757,
            -0.8908834457397461,
            -0.1601063758134842
        ]
    ],
    "pred_vertices": [
        [
            0.18248610198497772,
            -0.8440449833869934,
            -0.2480524778366089
        ],
        [
            0.172836035490036,
            -0.8302682638168335,
            -0.24718669056892395
        ],
        [
            0.1857997626066208,
            -0.8268802165985107,
            -0.24175819754600525
        ],
        [
            0.1958215832710266,
            -0.8380409479141235,
            -0.2383628487586975
        ],
        [
            0.17880935966968536,
            -0.8178958296775818,
            -0.24211855232715607
        ],
        [
            0.16702887415885925,
            -0.8198830485343933,
            -0.24567008018493652
        ],
        [
            0.19508996605873108,
            -0.8223920464515686,
            -0.23222175240516663
        ],
        [
            0.20461907982826233,
            -0.8301000595092773,
            -0.22668451070785522
        ],
        [
            0.19946402311325073,
            -0.7906150817871094,
            -0.21131302416324615
        ],
        [
            0.20586945116519928,
            -0.7876420617103577,
            -0.20229306817054749
        ],
        [
            0.20732173323631287,
            -0.7985230684280396,
            -0.20822632312774658
        ],
        [
            0.19939351081848145,
            -0.7990127801895142,
            -0.21509724855422974
        ],
        [
            0.1966361403465271,
            -0.76747727394104,
            -0.19877317547798157
        ],
        [
            0.1866236925125122,
            -0.7581490874290466,
            -0.20135433971881866
        ],
        [
            0.19119441509246826,
            -0.7517250776290894,
            -0.190066397190094
        ],
        [
            0.20030909776687622,
            -0.7609812617301941,
            -0.18634645640850067
        ],
        [
            0.14960314333438873,
            -0.7729535698890686,
            -0.2178996205329895
        ],
        [
            0.1543593406677246,
            -0.7656561732292175,
            -0.21642948687076569
        ],
        [
            0.15905259549617767,
            -0.7711831331253052,
            -0.21912550926208496
        ],
        [
            0.15362687408924103,
            -0.7779756784439087,
            -0.219792902469635
        ],
        [
            0.14002379775047302,
            -0.7828432321548462,
            -0.22386044263839722
        ],
        [
            0.14290906488895416,
            -0.7886083126068115,
            -0.22293934226036072
        ],
        [
            0.1371932327747345,
            -0.79203861951828,
            -0.22742220759391785
        ],
        [
            0.13464060425758362,
            -0.7851213812828064,
            -0.2293051779270172
        ],
        [
            0.14381827414035797,
            -0.7693703174591064,
            -0.21454626321792603
        ],
        [
            0.1490955352783203,
            -0.761799693107605,
            -0.2128315567970276
        ],
        [
            0.14528386294841766,
            -0.7790654301643372,
            -0.21964773535728455
        ],
        [
            0.14220766723155975,
            -0.7748749852180481,
            -0.21976232528686523
        ],
        [
            0.13503026962280273,
            -0.7672462463378906,
            -0.22621455788612366
        ],
        [
            0.1376156359910965,
            -0.7716699838638306,
            -0.22686615586280823
        ],
        [
            0.13204002380371094,
            -0.7717918753623962,
            -0.23240926861763
        ],
        [
            0.1303771436214447,
            -0.7671459913253784,
            -0.22964030504226685
        ],
        [
            0.14067715406417847,
            -0.768406093120575,
            -0.21843592822551727
        ],
        [
            0.14056998491287231,
            -0.7702629566192627,
            -0.2221090942621231
        ],
        [
            0.13696876168251038,
            -0.7667922973632812,
            -0.22226348519325256
        ],
        [
            0.13656385242938995,
            -0.7659492492675781,
            -0.21819747984409332
        ],
        [
            0.13779319822788239,
            -0.7783277630805969,
            -0.2249152660369873
        ],
        [
            0.13292507827281952,
            -0.778977632522583,
            -0.2309529185295105
        ],
        [
            0.12702468037605286,
            -0.7794696688652039,
            -0.23671290278434753
        ],
        [
            0.12567944824695587,
            -0.7706723213195801,
            -0.2372577041387558
        ],
        [
            0.1653009057044983,
            -0.7520623803138733,
            -0.20866790413856506
        ],
        [
            0.1597343534231186,
            -0.7585790157318115,
            -0.21374118328094482
        ],
        [
            0.15440970659255981,
            -0.7551403641700745,
            -0.21078762412071228
        ],
        [
            0.1592547595500946,
            -0.7495896816253662,
            -0.2075224369764328
        ],
        [
            0.13862915337085724,
            -0.7635364532470703,
            -0.21440404653549194
        ],
        [
            0.14034363627433777,
            -0.747756838798523,
            -0.20997309684753418
        ],
        [
            0.14095458388328552,
            -0.7511293888092041,
            -0.21168798208236694
        ],
        [
            0.13405008614063263,
            -0.7523285150527954,
            -0.21382957696914673
        ],
        [
            0.1341593861579895,
            -0.7490513324737549,
            -0.21227753162384033
        ],
        [
            0.17121422290802002,
            -0.7398616671562195,
            -0.1967630386352539
        ],
        [
            0.16428446769714355,
            -0.7388968467712402,
            -0.19914712011814117
        ],
        [
            0.16482612490653992,
            -0.733045756816864,
            -0.19427260756492615
        ],
        [
            0.17155657708644867,
            -0.7332602143287659,
            -0.19006003439426422
        ],
        [
            0.16267740726470947,
            -0.7283757925033569,
            -0.19052843749523163
        ],
        [
            0.17077159881591797,
            -0.7270771265029907,
            -0.1838000863790512
        ],
        [
            0.1606312394142151,
            -0.7160806655883789,
            -0.17650440335273743
        ],
        [
            0.16586469113826752,
            -0.720819354057312,
            -0.1796068251132965
        ],
        [
            0.1582849770784378,
            -0.7239654064178467,
            -0.1879313588142395
        ],
        [
            0.1516246199607849,
            -0.7196990251541138,
            -0.18758362531661987
        ],
        [
            0.13750764727592468,
            -0.7247112989425659,
            -0.19377924501895905
        ],
        [
            0.1310480386018753,
            -0.724122941493988,
            -0.19424816966056824
        ],
        [
            0.13487608730793,
            -0.7123505473136902,
            -0.1892993152141571
        ],
        [
            0.14290311932563782,
            -0.7150957584381104,
            -0.18854209780693054
        ],
        [
            0.1408465951681137,
            -0.7434747219085693,
            -0.20374245941638947
        ],
        [
            0.14544443786144257,
            -0.7434282302856445,
            -0.20224370062351227
        ],
        [
            0.14507658779621124,
            -0.744066596031189,
            -0.20493382215499878
        ],
        [
            0.14025089144706726,
            -0.7451466917991638,
            -0.20718461275100708
        ],
        [
            0.14935019612312317,
            -0.7428147792816162,
            -0.20143629610538483
        ],
        [
            0.1510954201221466,
            -0.742388129234314,
            -0.20112410187721252
        ],
        [
            0.15063036978244781,
            -0.7432907223701477,
            -0.2026366889476776
        ],
        [
            0.14898812770843506,
            -0.7434484958648682,
            -0.20224535465240479
        ],
        [
            0.14694395661354065,
            -0.7434253692626953,
            -0.20213882625102997
        ],
        [
            0.1456836462020874,
            -0.7417701482772827,
            -0.20152872800827026
        ],
        [
            0.14831218123435974,
            -0.7421607971191406,
            -0.2013329416513443
        ],
        [
            0.14136265218257904,
            -0.7410454154014587,
            -0.20282681286334991
        ],
        [
            0.12700298428535461,
            -0.739668607711792,
            -0.2059190273284912
        ],
        [
            0.1310214251279831,
            -0.7395620346069336,
            -0.20573490858078003
        ],
        [
            0.1304556429386139,
            -0.7443032264709473,
            -0.20609676837921143
        ],
        [
            0.12709613144397736,
            -0.7446895241737366,
            -0.2064034640789032
        ],
        [
            0.14859290421009064,
            -0.7450991868972778,
            -0.20460298657417297
        ],
        [
            0.15142010152339935,
            -0.7459181547164917,
            -0.20530308783054352
        ],
        [
            0.14706096053123474,
            -0.7483406066894531,
            -0.20846128463745117
        ],
        [
            0.14587421715259552,
            -0.7462730407714844,
            -0.20653842389583588
        ],
        [
            0.15419906377792358,
            -0.7470604777336121,
            -0.20660340785980225
        ],
        [
            0.1530989110469818,
            -0.7440474033355713,
            -0.2031315267086029
        ],
        [
            0.1564086675643921,
            -0.7441470623016357,
            -0.20376677811145782
        ],
        [
            0.15040287375450134,
            -0.74088054895401,
            -0.2003183215856552
        ],
        [
            0.15321989357471466,
            -0.7390369176864624,
            -0.19914335012435913
        ],
        [
            0.15370136499404907,
            -0.7410549521446228,
            -0.20116695761680603
        ],
        [
            0.15082621574401855,
            -0.7364455461502075,
            -0.1977003961801529
        ],
        [
            0.14751839637756348,
            -0.7394415140151978,
            -0.19990432262420654
        ],
        [
            0.14311599731445312,
            -0.7377923727035522,
            -0.20080000162124634
        ],
        [
            0.1374739706516266,
            -0.7363778352737427,
            -0.2021835744380951
        ],
        [
            0.1401938796043396,
            -0.7321285009384155,
            -0.19833973050117493
        ],
        [
            0.14621850848197937,
            -0.7339988946914673,
            -0.19764551520347595
        ],
        [
            0.14976142346858978,
            -0.7517260909080505,
            -0.2098364233970642
        ],
        [
            0.15820622444152832,
            -0.7399955987930298,
            -0.20034292340278625
        ],
        [
            0.1622932404279709,
            -0.7451534271240234,
            -0.2035401463508606
        ],
        [
            0.15793415904045105,
            -0.7358740568161011,
            -0.19750875234603882
        ],
        [
            0.1556437611579895,
            -0.7323604226112366,
            -0.19488933682441711
        ],
        [
            0.15132291615009308,
            -0.7291353344917297,
            -0.1934991329908371
        ],
        [
            0.14439471065998077,
            -0.7266326546669006,
            -0.19360339641571045
        ],
        [
            0.14004571735858917,
            -0.7069230079650879,
            -0.17644113302230835
        ],
        [
            0.14991618692874908,
            -0.7106577157974243,
            -0.17679286003112793
        ],
        [
            0.1647886335849762,
            -0.8142185807228088,
            -0.23977798223495483
        ],
        [
            0.17385438084602356,
            -0.8121472597122192,
            -0.23943647742271423
        ],
        [
            0.17474818229675293,
            -0.8064039945602417,
            -0.232112854719162
        ],
        [
            0.1767464578151703,
            -0.8080793619155884,
            -0.23330137133598328
        ],
        [
            0.17094530165195465,
            -0.8096654415130615,
            -0.23552867770195007
        ],
        [
            0.1702735722064972,
            -0.8074333071708679,
            -0.23352669179439545
        ],
        [
            0.19156929850578308,
            -0.8007625341415405,
            -0.2194857895374298
        ],
        [
            0.18566519021987915,
            -0.8022552728652954,
            -0.22296808660030365
        ],
        [
            0.18610186874866486,
            -0.799008846282959,
            -0.22037604451179504
        ],
        [
            0.19258388876914978,
            -0.7943681478500366,
            -0.21697404980659485
        ],
        [
            0.17562082409858704,
            -0.7917635440826416,
            -0.22174254059791565
        ],
        [
            0.1809988170862198,
            -0.7928532361984253,
            -0.2204519510269165
        ],
        [
            0.17730140686035156,
            -0.7991029620170593,
            -0.22442874312400818
        ],
        [
            0.173421710729599,
            -0.7982876300811768,
            -0.2254486382007599
        ],
        [
            0.16916561126708984,
            -0.7982151508331299,
            -0.22599327564239502
        ],
        [
            0.164860799908638,
            -0.798815131187439,
            -0.2260882705450058
        ],
        [
            0.16449807584285736,
            -0.7940813899040222,
            -0.22354213893413544
        ],
        [
            0.16974195837974548,
            -0.7925229668617249,
            -0.2228887379169464
        ],
        [
            0.16433003544807434,
            -0.8118312954902649,
            -0.23539188504219055
        ],
        [
            0.15763433277606964,
            -0.8128882050514221,
            -0.23284912109375
        ],
        [
            0.15867522358894348,
            -0.8100623488426208,
            -0.23149804770946503
        ],
        [
            0.1642265021800995,
            -0.8088810443878174,
            -0.23393461108207703
        ],
        [
            0.15002469718456268,
            -0.8082032203674316,
            -0.22166982293128967
        ],
        [
            0.15114820003509521,
            -0.8098864555358887,
            -0.22388142347335815
        ],
        [
            0.14759741723537445,
            -0.8117199540138245,
            -0.22448225319385529
        ],
        [
            0.14647167921066284,
            -0.8079986572265625,
            -0.22182253003120422
        ],
        [
            0.1481328010559082,
            -0.8046025037765503,
            -0.22138145565986633
        ],
        [
            0.15079347789287567,
            -0.8061646819114685,
            -0.22179529070854187
        ],
        [
            0.17774109542369843,
            -0.8662078380584717,
            -0.25207003951072693
        ],
        [
            0.16824233531951904,
            -0.8498271703720093,
            -0.252500057220459
        ],
        [
            0.19516152143478394,
            -0.8597255945205688,
            -0.24305039644241333
        ],
        [
            0.20636186003684998,
            -0.8512483835220337,
            -0.2312096357345581
        ],
        [
            0.2147480994462967,
            -0.8391821384429932,
            -0.21985405683517456
        ],
        [
            0.1808343231678009,
            -0.7443779110908508,
            -0.1936076581478119
        ],
        [
            0.18304866552352905,
            -0.7374911904335022,
            -0.1848944127559662
        ],
        [
            0.19522616267204285,
            -0.7460452318191528,
            -0.17872190475463867
        ],
        [
            0.19374923408031464,
            -0.7383381128311157,
            -0.16939648985862732
        ],
        [
            0.18146631121635437,
            -0.729668140411377,
            -0.17662492394447327
        ],
        [
            0.1679089069366455,
            -0.7165428400039673,
            -0.1636844277381897
        ],
        [
            0.1762925684452057,
            -0.7221300601959229,
            -0.16926828026771545
        ],
        [
            0.18965616822242737,
            -0.7320442199707031,
            -0.15867042541503906
        ],
        [
            0.2029971182346344,
            -0.746120810508728,
            -0.15139970183372498
        ],
        [
            0.20449021458625793,
            -0.7497141361236572,
            -0.16348621249198914
        ],
        [
            0.21283474564552307,
            -0.7631858587265015,
            -0.14685510098934174
        ],
        [
            0.20185314118862152,
            -0.7431790828704834,
            -0.13573963940143585
        ],
        [
            0.21321497857570648,
            -0.7652307748794556,
            -0.13723108172416687
        ],
        [
            0.18323704600334167,
            -0.7109414339065552,
            -0.12127253413200378
        ],
        [
            0.18463683128356934,
            -0.7014995813369751,
            -0.11281885206699371
        ],
        [
            0.19747614860534668,
            -0.7100478410720825,
            -0.10284467041492462
        ],
        [
            0.19780172407627106,
            -0.7189887166023254,
            -0.11240480095148087
        ],
        [
            0.2037438601255417,
            -0.754615306854248,
            -0.1743575483560562
        ],
        [
            0.21280211210250854,
            -0.810125470161438,
            -0.2055097222328186
        ],
        [
            0.2051740288734436,
            -0.8076803684234619,
            -0.21464276313781738
        ],
        [
            0.214265838265419,
            -0.7989622354507446,
            -0.19806437194347382
        ],
        [
            0.22959832847118378,
            -0.8703601956367493,
            -0.21064290404319763
        ],
        [
            0.21834887564182281,
            -0.862068235874176,
            -0.22287192940711975
        ],
        [
            0.22478044033050537,
            -0.8482539653778076,
            -0.2134513407945633
        ],
        [
            0.23478463292121887,
            -0.8578388690948486,
            -0.20297619700431824
        ],
        [
            0.20567087829113007,
            -0.9063381552696228,
            -0.22410137951374054
        ],
        [
            0.1931280940771103,
            -0.8880269527435303,
            -0.24152910709381104
        ],
        [
            0.20537737011909485,
            -0.8768342137336731,
            -0.23335179686546326
        ],
        [
            0.21718543767929077,
            -0.8905847668647766,
            -0.21983018517494202
        ],
        [
            0.24125510454177856,
            -0.862628698348999,
            -0.1920320838689804
        ],
        [
            0.24873057007789612,
            -0.8692694902420044,
            -0.1760023534297943
        ],
        [
            0.24935054779052734,
            -0.8868850469589233,
            -0.17482513189315796
        ],
        [
            0.23978468775749207,
            -0.8808405995368958,
            -0.1946413218975067
        ],
        [
            0.24260714650154114,
            -0.9104831218719482,
            -0.1729491651058197
        ],
        [
            0.23153391480445862,
            -0.9035186171531677,
            -0.19698038697242737
        ],
        [
            0.21241775155067444,
            -0.7557958364486694,
            -0.12056644260883331
        ],
        [
            0.21765556931495667,
            -0.7733024954795837,
            -0.12705352902412415
        ],
        [
            0.19762356579303741,
            -0.730009138584137,
            -0.12434563040733337
        ],
        [
            0.20844916999340057,
            -0.7410671710968018,
            -0.11262359470129013
        ],
        [
            0.22929847240447998,
            -0.9303017258644104,
            -0.168940007686615
        ],
        [
            0.21741405129432678,
            -0.9230741262435913,
            -0.19823862612247467
        ],
        [
            0.25196266174316406,
            -0.8666470050811768,
            -0.12103590369224548
        ],
        [
            0.2543833255767822,
            -0.8798871040344238,
            -0.1356206089258194
        ],
        [
            0.25268644094467163,
            -0.8618686199188232,
            -0.14658989012241364
        ],
        [
            0.25123488903045654,
            -0.8519107103347778,
            -0.13156969845294952
        ],
        [
            0.24821972846984863,
            -0.8822726011276245,
