{
    "pred_cam": [
        1.4420967102050781,
        0.13276280462741852,
        0.2805628478527069
    ],
    "pred_smpl_params": {
        "global_orient": [
            [
                [
                    -0.2572742700576782,
                    0.1820458620786667,
                    -0.9490359425544739
                ],
                [
                    0.22081778943538666,
                    -0.945034921169281,
                    -0.24113990366458893
                ],
                [
                    -0.94077068567276,
                    -0.2716031074523926,
                    0.20293420553207397
                ]
            ]
        ],
        "body_pose": [
            [
                [
                    0.994621217250824,
                    0.06481079757213593,
                    0.08079768717288971
                ],
                [
                    -0.07875655591487885,
                    0.9798568487167358,
                    0.1835155040025711
                ],
                [
                    -0.06727638095617294,
                    -0.18889173865318298,
                    0.979690670967102
                ]
            ],
            [
                [
                    0.9776201844215393,
                    0.18191812932491302,
                    -0.10566239058971405
                ],
                [
                    -0.18204645812511444,
                    0.9832531213760376,
                    0.008510737679898739
                ],
                [
                    0.1054411306977272,
                    0.010915195569396019,
                    0.9943656325340271
                ]
            ],
            [
                [
                    0.9918095469474792,
                    -0.11235667765140533,
                    0.06074360013008118
                ],
                [
                    0.12135186046361923,
                    0.9772872924804688,
                    -0.17373321950435638
                ],
                [
                    -0.03984386473894119,
                    0.17968161404132843,
                    0.9829175472259521
                ]
            ],
            [
                [
                    0.9731327295303345,
                    0.22117453813552856,
                    0.06398830562829971
                ],
                [
                    -0.20953062176704407,
                    0.9659019112586975,
                    -0.15208688378334045
                ],
                [
                    -0.09544417262077332,
                    0.13459321856498718,
                    0.986293613910675
                ]
            ],
            [
                [
                    0.9875763654708862,
                    0.08778717368841171,
                    0.13033203780651093
                ],
                [
                    -0.0865817740559578,
                    0.9961333274841309,
                    -0.014897475950419903
                ],
                [
                    -0.13113589584827423,
                    0.003428014926612377,
                    0.9913585186004639
                ]
            ],
            [
                [
                    0.9952179789543152,
                    -0.08665597438812256,
                    0.045075979083776474
                ],
                [
                    0.08842314034700394,
                    0.9953267574310303,
                    -0.038807787001132965
                ],
                [
                    -0.04150239750742912,
                    0.04260797053575516,
                    0.9982295036315918
                ]
            ],
            [
                [
                    0.9826269149780273,
                    0.05874311551451683,
                    0.1760501116514206
                ],
                [
                    -0.056004974991083145,
                    0.9982203245162964,
                    -0.020486105233430862
                ],
                [
                    -0.1769402027130127,
                    0.010270516388118267,
                    0.9841680526733398
                ]
            ],
            [
                [
                    0.9781567454338074,
                    -0.05582697317004204,
                    -0.2002314180135727
                ],
                [
                    0.05315176397562027,
                    0.9984110593795776,
                    -0.01871589943766594
                ],
                [
                    0.20095811784267426,
                    0.007664432283490896,
                    0.9795697927474976
                ]
            ],
            [
                [
                    0.9982672929763794,
                    -0.018458785489201546,
                    0.055872540920972824
                ],
                [
                    0.02554195746779442,
                    0.9913358688354492,
                    -0.1288440227508545
                ],
                [
                    -0.05301015079021454,
                    0.13004785776138306,
                    0.9900896549224854
                ]
            ],
            [
                [
                    0.9924973249435425,
                    -0.10326830297708511,
                    0.06545737385749817
                ],
                [
                    0.10299739241600037,
                    0.9946532845497131,
                    0.007509162649512291
                ],
                [
                    -0.0658828467130661,
                    -0.0007108865538612008,
                    0.9978271126747131
                ]
            ],
            [
                [
                    0.9967045187950134,
                    0.0773138478398323,
                    -0.024549536406993866
                ],
                [
                    -0.0751148983836174,
                    0.9939197301864624,
                    0.08050684630870819
                ],
                [
                    0.03062456101179123,
                    -0.07839749753475189,
                    0.996451735496521
                ]
            ],
            [
                [
                    0.9934238791465759,
                    -0.00955556333065033,
                    0.11409492790699005
                ],
                [
                    0.03790250048041344,
                    0.967770516872406,
                    -0.24896518886089325
                ],
                [
                    -0.10803870111703873,
                    0.25165244936943054,
                    0.9617685079574585
                ]
            ],
            [
                [
                    0.9949218034744263,
                    0.1000659242272377,
                    -0.010836195200681686
                ],
                [
                    -0.099943608045578,
                    0.9949289560317993,
                    0.01129692979156971
                ],
                [
                    0.011911682784557343,
                    -0.010156553238630295,
                    0.9998774528503418
                ]
            ],
            [
                [
                    0.9689484238624573,
                    -0.2261407971382141,
                    0.09999604523181915
                ],
                [
                    0.23140646517276764,
                    0.9718395471572876,
                    -0.04448527470231056
                ],
                [
                    -0.0871201753616333,
                    0.06624367088079453,
                    0.9939928650856018
                ]
            ],
            [
                [
                    0.9991530179977417,
                    0.04065815359354019,
                    -0.006330724805593491
                ],
                [
                    -0.03929310664534569,
                    0.8970779180526733,
                    -0.4401218295097351
                ],
                [
                    -0.012215390801429749,
                    0.4399978518486023,
                    0.8979157209396362
                ]
            ],
            [
                [
                    0.7142127156257629,
                    0.6506167054176331,
                    -0.2580660581588745
                ],
                [
                    -0.651048481464386,
                    0.7528979778289795,
                    0.09633523225784302
                ],
                [
                    0.2569747269153595,
                    0.09920968115329742,
                    0.9613123536109924
                ]
            ],
            [
                [
                    0.5278286933898926,
                    -0.747538685798645,
                    0.403215616941452
                ],
                [
                    0.8357713222503662,
                    0.5416816473007202,
                    -0.0898183286190033
                ],
                [
                    -0.15127180516719818,
                    0.3844047486782074,
                    0.9106865525245667
                ]
            ],
            [
                [
                    0.1606660932302475,
                    -0.25289902091026306,
                    -0.9540589451789856
                ],
                [
                    0.19242094457149506,
                    0.9560951590538025,
                    -0.22103454172611237
                ],
                [
                    0.9680705070495605,
                    -0.14806817471981049,
                    0.2022751420736313
                ]
            ],
            [
                [
                    0.073184072971344,
                    0.3129205107688904,
                    0.9469555616378784
                ],
                [
                    0.07169587910175323,
                    0.9453942775726318,
                    -0.3179455101490021
                ],
                [
                    -0.9947380423545837,
                    0.09116135537624359,
                    0.0467526912689209
                ]
            ],
            [
                [
                    0.9876235127449036,
                    -0.1330837607383728,
                    -0.08299652487039566
                ],
                [
                    0.1419754922389984,
                    0.9834579229354858,
                    0.11248718202114105
                ],
                [
                    0.06665337830781937,
                    -0.12287846952676773,
                    0.9901807904243469
                ]
            ],
            [
                [
                    0.9916993975639343,
                    0.06608748435974121,
                    0.11029388755559921
                ],
                [
                    -0.09369546920061111,
                    0.9588797688484192,
                    0.2679004669189453
                ],
                [
                    -0.08805371820926666,
                    -0.27601078152656555,
                    0.9571126103401184
                ]
            ],
            [
                [
                    0.982876181602478,
                    0.17086514830589294,
                    -0.06899024546146393
                ],
                [
                    -0.16363848745822906,
                    0.9814879894256592,
                    0.09951764345169067
                ],
                [
                    0.08471719920635223,
                    -0.08652404695749283,
                    0.992641270160675
                ]
            ],
            [
                [
                    0.9855407476425171,
                    -0.16416867077350616,
                    0.04192844405770302
                ],
                [
                    0.15710163116455078,
                    0.9780591130256653,
                    0.13681907951831818
                ],
                [
                    -0.06346990168094635,
                    -0.1282537579536438,
                    0.9897083044052124
                ]
            ]
        ],
        "betas": [
            -0.1855994164943695,
            -0.24797895550727844,
            0.35941895842552185,
            0.7274459004402161,
            0.18935054540634155,
            0.157191663980484,
            -0.0005758106708526611,
            -0.13825955986976624,
            0.08406122028827667,
            -0.03842136263847351
        ]
    },
    "pred_cam_t": [
        0.13276280462741852,
        0.2805628478527069,
        27.087295532226562
    ],
    "focal_length": [
        5000.0,
        5000.0
    ],
    "pred_keypoints_3d": [
        [
            -0.14222344756126404,
            -0.7499844431877136,
            -0.03113528899848461
        ],
        [
            0.04122326150536537,
            -0.7383540868759155,
            -0.02622920647263527
        ],
        [
            0.06268042325973511,
            -0.6517802476882935,
            0.15458911657333374
        ],
        [
            0.0864119678735733,
            -0.41652196645736694,
            0.23091921210289001
        ],
        [
            -0.13230450451374054,
            -0.35995206236839294,
            0.1261480152606964
        ],
        [
            0.030846018344163895,
            -0.6655483245849609,
            -0.20252582430839539
        ],
        [
            -0.0042086876928806305,
            -0.4689914584159851,
            -0.36071592569351196
        ],
        [
            -0.24666781723499298,
            -0.4825393557548523,
            -0.3407805263996124
        ],
        [
            -0.0021612741984426975,
            -0.2309616655111313,
            0.028528841212391853
        ],
        [
            0.002660396508872509,
            -0.15912611782550812,
            0.11571994423866272
        ],
        [
            -0.020838625729084015,
            0.16144488751888275,
            0.30579131841659546
        ],
        [
            -0.01722869649529457,
            0.5081412196159363,
            0.480173796415329
        ],
        [
            -0.030260447412729263,
            -0.12742456793785095,
            -0.012959638610482216
        ],
        [
            -0.156992569565773,
            0.19908252358436584,
            0.0893358588218689
        ],
        [
            -0.17405246198177338,
            0.5180399417877197,
            0.30896714329719543
        ],
        [
            -0.14124822616577148,
            -0.8009782433509827,
            0.003378620371222496
        ],
        [
            -0.14111265540122986,
            -0.8017063140869141,
            -0.06304678320884705
        ],
        [
            -0.05824244022369385,
            -0.8484897613525391,
            0.04802113026380539
        ],
        [
            -0.05931062996387482,
            -0.8504602909088135,
            -0.10176435112953186
        ],
        [
            -0.3730616569519043,
            0.5412118434906006,
            0.33368900418281555
        ],
        [
            -0.3241449296474457,
            0.5848124027252197,
            0.28180721402168274
        ],
        [
            -0.12116222083568573,
            0.5570982694625854,
            0.3267844319343567
        ],
        [
            -0.19811442494392395,
            0.5023449659347534,
            0.5605692863464355
        ],
        [
            -0.1253850758075714,
            0.4895755350589752,
            0.6100829839706421
        ],
        [
            0.032368239015340805,
            0.5600912570953369,
            0.48493582010269165
        ],
        [
            0.019525300711393356,
            0.46278050541877747,
            0.46576982736587524
        ],
        [
            -0.015849221497774124,
            0.10458257049322128,
            0.2734529972076416
        ],
        [
            0.048165079206228256,
            -0.29174137115478516,
            0.1540137380361557
        ],
        [
            -0.012383325956761837,
            -0.20712721347808838,
            -0.11921727657318115
        ],
        [
            -0.14644157886505127,
            0.16605201363563538,
            0.06314730644226074
        ],
        [
            -0.145084947347641,
            0.49887484312057495,
            0.28258857131004333
        ],
        [
            -0.11653026193380356,
            -0.39794018864631653,
            0.12390515953302383
        ],
        [
            0.05604805424809456,
            -0.44465547800064087,
            0.24924159049987793
        ],
        [
            0.0589086189866066,
            -0.6794559955596924,
            0.11898522078990936
        ],
        [
            0.036873165518045425,
            -0.6907854080200195,
            -0.17769096791744232
        ],
        [
            -0.02157587744295597,
            -0.5175961852073669,
            -0.370267391204834
        ],
        [
            -0.2320227175951004,
            -0.5026923418045044,
            -0.33880823850631714
        ],
        [
            0.03519009053707123,
            -0.7346245050430298,
            -0.025995034724473953
        ],
        [
            -0.10462664067745209,
            -0.8816133737564087,
            -0.030296122655272484
        ],
        [
            0.017806008458137512,
            -0.24986286461353302,
            0.016627581790089607
        ],
        [
            0.04519174247980118,
            -0.6815676093101501,
            -0.02688175067305565
        ],
        [
            0.06397532671689987,
            -0.4962947964668274,
            -0.02415904775261879
        ],
        [
            -0.06692806631326675,
            -0.7727692723274231,
            -0.03441821038722992
        ],
        [
            -0.10957550257444382,
            -0.9006497859954834,
            -0.0263030007481575
        ]
    ],
    "pred_vertices": [
        [
            -0.17180699110031128,
            -0.8390814661979675,
            -0.07551271468400955
        ],
        [
            -0.1680441051721573,
            -0.823009729385376,
            -0.06974738836288452
        ],
        [
            -0.1585538685321808,
            -0.8259819149971008,
            -0.08053086698055267
        ],
        [
            -0.15741689503192902,
            -0.840039074420929,
            -0.08581645041704178
        ],
        [
            -0.15729358792304993,
            -0.8151814937591553,
            -0.07649002224206924
        ],
        [
            -0.16362328827381134,
            -0.8120088577270508,
            -0.06689079850912094
        ],
        [
            -0.14607329666614532,
            -0.8273119926452637,
            -0.08705124258995056
        ],
        [
            -0.14200007915496826,
            -0.8391535878181458,
            -0.09189429879188538
        ],
        [
            -0.1146465390920639,
            -0.8058552742004395,
            -0.09188108891248703
        ],
        [
            -0.10428719222545624,
            -0.807846188545227,
            -0.09567233920097351
        ],
        [
            -0.1131356954574585,
            -0.8166953325271606,
            -0.09583210200071335
        ],
        [
            -0.1210944652557373,
            -0.812508225440979,
            -0.09077136218547821
        ],
        [
            -0.0964646190404892,
            -0.7873813509941101,
            -0.0903329849243164
        ],
        [
            -0.09758493304252625,
            -0.7748504877090454,
            -0.08451330661773682
        ],
        [
            -0.08432185649871826,
            -0.7734799981117249,
            -0.08647964894771576
        ],
        [
            -0.08200880885124207,
            -0.7860799431800842,
            -0.09125033020973206
        ],
        [
            -0.12504255771636963,
            -0.771609902381897,
            -0.05270330607891083
        ],
        [
            -0.12033611536026001,
            -0.7668882608413696,
            -0.05828039348125458
        ],
        [
            -0.1238890290260315,
            -0.7726970911026001,
            -0.062230825424194336
        ],
        [
            -0.1277107447385788,
            -0.7769805192947388,
            -0.05592947453260422
        ],
        [
            -0.13576626777648926,
            -0.7758159637451172,
            -0.04393851011991501
        ],
        [
            -0.13639816641807556,
            -0.7821618318557739,
            -0.04487714171409607
        ],
        [
            -0.1428873986005783,
            -0.7821261882781982,
            -0.04030277580022812
        ],
        [
            -0.14270393550395966,
            -0.7746471166610718,
            -0.0403437465429306
        ],
        [
            -0.12166491150856018,
            -0.7675421237945557,
            -0.04719928279519081
        ],
        [
            -0.11651402711868286,
            -0.7629439830780029,
            -0.05307269096374512
        ],
        [
            -0.1294766664505005,
            -0.7752687335014343,
            -0.048056840896606445
        ],
        [
            -0.12866446375846863,
            -0.770531415939331,
            -0.04644767940044403
        ],
        [
            -0.1335640847682953,
            -0.7594277858734131,
            -0.044083066284656525
        ],
        [
            -0.1351160705089569,
            -0.7640806436538696,
            -0.045531220734119415
        ],
        [
            -0.14141273498535156,
            -0.7608994841575623,
            -0.04260804504156113
        ],
        [
            -0.13767148554325104,
            -0.75677490234375,
            -0.04124490171670914
        ],
        [
            -0.12542486190795898,
            -0.7644349932670593,
            -0.046562597155570984
        ],
        [
            -0.129463329911232,
            -0.7651665806770325,
            -0.047253794968128204
        ],
        [
            -0.1292092204093933,
            -0.7607316970825195,
            -0.044913556426763535
        ],
        [
            -0.1253211796283722,
            -0.7609314918518066,
            -0.043187275528907776
        ],
        [
            -0.1353818029165268,
            -0.7707647085189819,
            -0.043642133474349976
        ],
        [
            -0.142316073179245,
            -0.7680975198745728,
            -0.041137322783470154
        ],
        [
            -0.14900729060173035,
            -0.7649874687194824,
            -0.037551626563072205
        ],
        [
            -0.1469094157218933,
            -0.75630784034729,
            -0.03858993202447891
        ],
        [
            -0.10660982131958008,
            -0.7601643800735474,
            -0.06898815929889679
        ],
        [
            -0.11431130766868591,
            -0.7630006074905396,
            -0.06436607241630554
        ],
        [
            -0.11147946119308472,
            -0.759219765663147,
            -0.05896058678627014
        ],
        [
            -0.10576751828193665,
            -0.7565953731536865,
            -0.06359534710645676
        ],
        [
            -0.12066251039505005,
            -0.7605379819869995,
            -0.04408513754606247
        ],
        [
            -0.11122322082519531,
            -0.7481669187545776,
            -0.047654975205659866
        ],
        [
            -0.11363276839256287,
            -0.7510250210762024,
            -0.047973860055208206
        ],
        [
            -0.11753956973552704,
            -0.7491616606712341,
            -0.04220159351825714
        ],
        [
            -0.11514592170715332,
            -0.7465960383415222,
            -0.04252064973115921
        ],
        [
            -0.09069962799549103,
            -0.7542779445648193,
            -0.07349811494350433
        ],
        [
            -0.09378531575202942,
            -0.750672459602356,
            -0.06790431588888168
        ],
        [
            -0.08750411868095398,
            -0.7468599081039429,
            -0.06810641288757324
        ],
        [
            -0.08265450596809387,
            -0.7503580451011658,
            -0.07284310460090637
        ],
        [
            -0.08344773948192596,
            -0.7430559396743774,
            -0.06524764001369476
        ],
        [
            -0.07568393647670746,
            -0.7462843060493469,
            -0.07105858623981476
        ],
        [
            -0.06817010045051575,
            -0.7348023653030396,
            -0.061582259833812714
        ],
        [
            -0.07123427093029022,
            -0.7401363849639893,
            -0.06639169901609421
        ],
        [
            -0.08062127232551575,
            -0.7384504079818726,
            -0.06101119518280029
        ],
        [
            -0.08035315573215485,
            -0.7325575351715088,
            -0.05548374727368355
        ],
        [
            -0.08992570638656616,
            -0.7308775782585144,
            -0.044395849108695984
        ],
        [
            -0.09139218926429749,
            -0.7282799482345581,
            -0.038689985871315
        ],
        [
            -0.0826464593410492,
            -0.7200244069099426,
            -0.04301217943429947
        ],
        [
            -0.08155128359794617,
            -0.7251964211463928,
            -0.04887402802705765
        ],
        [
            -0.10409665107727051,
            -0.7462776303291321,
            -0.046540264040231705
        ],
        [
            -0.10176166892051697,
            -0.7481192946434021,
            -0.05034201592206955
        ],
        [
            -0.10445946455001831,
            -0.7478283643722534,
            -0.0508696548640728
        ],
        [
            -0.10789315402507782,
            -0.746602475643158,
            -0.04704459011554718
        ],
        [
            -0.10003717243671417,
            -0.7490843534469604,
            -0.05390756577253342
        ],
        [
            -0.09921921789646149,
            -0.7494111061096191,
            -0.055521752685308456
        ],
        [
            -0.1009843647480011,
            -0.7496190667152405,
            -0.055434953421354294
        ],
        [
            -0.1008174866437912,
            -0.7493343353271484,
            -0.054068028926849365
        ],
        [
            -0.10119098424911499,
            -0.748674750328064,
            -0.05206946283578873
        ],
        [
            -0.10037344694137573,
            -0.7469660043716431,
            -0.0509583055973053
        ],
        [
            -0.09997059404850006,
            -0.7481845617294312,
            -0.05298352614045143
        ],
        [
            -0.10228219628334045,
            -0.7445111274719238,
            -0.047579847276210785
        ],
        [
            -0.10770896077156067,
            -0.7376384735107422,
            -0.035810235887765884
        ],
        [
            -0.1067417711019516,
            -0.7389153242111206,
            -0.039218269288539886
        ],
        [
            -0.10863414406776428,
            -0.7429563999176025,
            -0.037795353680849075
        ],
        [
            -0.10970357060432434,
            -0.7420570850372314,
            -0.03495164215564728
        ],
        [
            -0.1035693883895874,
            -0.749969482421875,
            -0.05430807173252106
        ],
        [
            -0.10410887002944946,
            -0.7514382600784302,
            -0.05641999840736389
        ],
        [
            -0.10859522223472595,
            -0.7513983249664307,
            -0.052946895360946655
        ],
        [
            -0.10651242733001709,
            -0.7496128082275391,
            -0.0516120083630085
        ],
        [
            -0.10494151711463928,
            -0.7530460953712463,
            -0.05937772989273071
        ],
        [
            -0.10116586089134216,
            -0.7509759664535522,
            -0.05774039402604103
        ],
        [
            -0.10112985968589783,
            -0.7518637180328369,
            -0.061044055968523026
        ],
        [
            -0.09814535081386566,
            -0.7480607032775879,
            -0.054864414036273956
        ],
        [
            -0.09585429728031158,
            -0.7477343082427979,
            -0.0575031042098999
        ],
        [
            -0.09827370941638947,
            -0.7491119503974915,
            -0.05827116593718529
        ],
        [
            -0.09431067109107971,
            -0.7448805570602417,
            -0.055333130061626434
        ],
        [
            -0.09793701767921448,
            -0.7458929419517517,
            -0.0523248016834259
        ],
        [
            -0.09923171997070312,
            -0.742623507976532,
            -0.048961155116558075
        ],
        [
            -0.10123991966247559,
            -0.7390303611755371,
            -0.044660720974206924
        ],
        [
            -0.09582701325416565,
            -0.7371801137924194,
            -0.04671531170606613
        ],
        [
            -0.09454086422920227,
            -0.7410447597503662,
            -0.0515877828001976
        ],
        [
            -0.11034277081489563,
            -0.7549108266830444,
            -0.0552653968334198
        ],
        [
            -0.09630276262760162,
            -0.7496731281280518,
            -0.0624665841460228
        ],
        [
            -0.1001543402671814,
            -0.7545441389083862,
            -0.06606975197792053
        ],
        [
            -0.09245294332504272,
            -0.7466640472412109,
            -0.06212722137570381
        ],
        [
            -0.0894874632358551,
            -0.7434746026992798,
            -0.059778787195682526
        ],
        [
            -0.08851712942123413,
            -0.7394185662269592,
            -0.05522123724222183
        ],
        [
            -0.0890459418296814,
            -0.7348411679267883,
            -0.0501188263297081
        ],
        [
            -0.0687289834022522,
            -0.719651460647583,
            -0.04473395645618439
        ],
        [
            -0.06887762248516083,
            -0.7261131405830383,
            -0.05253173038363457
        ],
        [
            -0.15643629431724548,
            -0.8076882362365723,
            -0.06422705203294754
        ],
        [
            -0.15341995656490326,
            -0.8089898228645325,
            -0.07279037684202194
        ],
        [
            -0.14440195262432098,
            -0.8058830499649048,
            -0.07251488417387009
        ],
        [
            -0.14576208591461182,
            -0.8077535629272461,
            -0.07410802692174911
        ],
        [
            -0.14960017800331116,
            -0.8066802024841309,
            -0.06948939710855484
        ],
        [
            -0.1470264047384262,
            -0.8049573302268982,
            -0.06869743764400482
        ],
        [
            -0.1269626021385193,
            -0.8103736639022827,
            -0.08505464345216751
        ],
        [
            -0.13183987140655518,
            -0.8087472915649414,
            -0.08040061593055725
        ],
        [
            -0.12838172912597656,
            -0.8067671060562134,
            -0.08040452748537064
        ],
        [
            -0.12239748239517212,
            -0.8055447340011597,
            -0.0865224301815033
        ],
        [
            -0.12925665080547333,
            -0.7964694499969482,
            -0.07315032184123993
        ],
        [
            -0.12746718525886536,
            -0.7995970249176025,
            -0.07724609971046448
        ],
        [
            -0.1336967945098877,
            -0.8029656410217285,
            -0.0738668143749237
        ],
        [
            -0.13507503271102905,
            -0.8006284236907959,
            -0.07096553593873978
        ],
        [
            -0.13639405369758606,
            -0.7989263534545898,
            -0.06736001372337341
        ],
        [
            -0.1377558708190918,
            -0.7979706525802612,
            -0.06309229135513306
        ],
        [
            -0.13374975323677063,
            -0.7943071722984314,
            -0.06342024356126785
        ],
        [
            -0.13150633871555328,
            -0.7948204278945923,
            -0.06831945478916168
        ],
        [
            -0.15128068625926971,
            -0.8067575693130493,
            -0.06311701983213425
        ],
        [
            -0.15103325247764587,
            -0.8061445355415344,
            -0.0556328222155571
        ],
        [
            -0.1481526643037796,
            -0.8044455051422119,
            -0.05702168494462967
        ],
        [
            -0.1488165259361267,
            -0.804540753364563,
            -0.0632140040397644
        ],
        [
            -0.1404329091310501,
            -0.8025038242340088,
            -0.04629538208246231
        ],
        [
            -0.1428767591714859,
            -0.8036999702453613,
            -0.047664009034633636
        ],
        [
            -0.1447826325893402,
            -0.8041157722473145,
            -0.04423855245113373
        ],
        [
            -0.14121319353580475,
            -0.8011937141418457,
            -0.0431058332324028
        ],
        [
            -0.13917440176010132,
            -0.7988011837005615,
            -0.04545553773641586
        ],
        [
            -0.13956183195114136,
            -0.8009583353996277,
            -0.04766344279050827
        ],
        [
            -0.1842433363199234,
            -0.8568724393844604,
            -0.0662616714835167
        ],
        [
            -0.1809566617012024,
            -0.8382962942123413,
            -0.06254693865776062
        ],
        [
            -0.1694042980670929,
            -0.8593918681144714,
            -0.08065581321716309
        ],
        [
            -0.1530808061361313,
            -0.8580868244171143,
            -0.0894622653722763
        ],
        [
            -0.13681304454803467,
            -0.8529739379882812,
            -0.09640274941921234
        ],
        [
            -0.08740440011024475,
            -0.7623889446258545,
            -0.08016310632228851
        ],
        [
            -0.0770176351070404,
            -0.7594053745269775,
            -0.08083683997392654
        ],
        [
            -0.07155624032020569,
            -0.7726052403450012,
            -0.08788032829761505
        ],
        [
            -0.061647266149520874,
            -0.7673124074935913,
            -0.08571029454469681
        ],
        [
            -0.06805495917797089,
            -0.7537738084793091,
            -0.07843421399593353
        ],
        [
            -0.05665251612663269,
            -0.7393216490745544,
            -0.06521621346473694
        ],
        [
            -0.0610223114490509,
            -0.7467091083526611,
            -0.07338394224643707
        ],
        [
            -0.05206678807735443,
            -0.7620326280593872,
            -0.08122987300157547
        ],
        [
            -0.04631313681602478,
            -0.7808390855789185,
            -0.08876379579305649
        ],
        [
            -0.05719231069087982,
            -0.7824132442474365,
            -0.09117342531681061
        ],
        [
            -0.045097872614860535,
            -0.8013262152671814,
            -0.09208917617797852
        ],
        [
            -0.03339254856109619,
            -0.779951810836792,
            -0.08458268642425537
        ],
        [
            -0.03730356693267822,
            -0.8054206371307373,
            -0.08871716260910034
        ],
        [
            -0.026832714676856995,
            -0.7493666410446167,
            -0.06949865072965622
        ],
        [
            -0.02194545418024063,
            -0.7436209917068481,
            -0.07049251347780228
        ],
        [
            -0.010558411478996277,
            -0.7558895349502563,
            -0.07969865947961807
        ],
        [
            -0.016526013612747192,
            -0.762406051158905,
            -0.07945740967988968
        ],
        [
            -0.06822702288627625,
            -0.784379243850708,
            -0.09251420199871063
        ],
        [
            -0.11367729306221008,
            -0.8298629522323608,
            -0.0975385457277298
        ],
        [
            -0.12279894948005676,
            -0.8223632574081421,
            -0.09404799342155457
        ],
        [
            -0.10272715985774994,
            -0.8220328092575073,
            -0.09886015951633453
        ],
        [
            -0.13553473353385925,
            -0.8892698287963867,
            -0.09870171546936035
        ],
        [
            -0.14671802520751953,
            -0.8745062351226807,
            -0.09435201436281204
        ],
        [
            -0.13156144320964813,
            -0.8669446706771851,
            -0.10041562467813492
        ],
        [
            -0.12329405546188354,
            -0.8814151883125305,
            -0.103950135409832
        ],
        [
            -0.16640882194042206,
            -0.9101637601852417,
            -0.07248390465974808
        ],
        [
            -0.17831437289714813,
            -0.8843889236450195,
            -0.07159315049648285
        ],
        [
            -0.1647500991821289,
            -0.8810486793518066,
            -0.08335848897695541
        ],
        [
            -0.15398624539375305,
            -0.9011554718017578,
            -0.08543229103088379
        ],
        [
            -0.1134634017944336,
            -0.8909977674484253,
            -0.10518263280391693
        ],
        [
            -0.09981924295425415,
            -0.9037888646125793,
            -0.10497631877660751
        ],
        [
            -0.10465091466903687,
            -0.9202885031700134,
            -0.10096490383148193
        ],
        [
            -0.12270775437355042,
            -0.906538724899292,
            -0.10047920048236847
        ],
        [
            -0.1123521625995636,
            -0.9400593042373657,
            -0.08873221278190613
        ],
        [
            -0.13467766344547272,
            -0.9240280985832214,
            -0.08812756091356277
        ],
        [
            -0.021534264087677002,
            -0.7992421388626099,
            -0.08451510220766068
        ],
        [
            -0.030123785138130188,
            -0.8173661828041077,
            -0.08630113303661346
        ],
        [
            -0.02512572705745697,
            -0.7692321538925171,
            -0.07975536584854126
        ],
        [
            -0.014293968677520752,
            -0.7853310108184814,
            -0.0832594633102417
        ],
        [
            -0.1192273497581482,
            -0.955073356628418,
            -0.07073316723108292
        ],
        [
            -0.1458323895931244,
            -0.9365140199661255,
            -0.0709308609366417
        ],
        [
            -0.04742887616157532,
            -0.9164749383926392,
            -0.09164170920848846
        ],
        [
            -0.06541880965232849,
            -0.9255106449127197,
            -0.09415201097726822
        ],
        [
            -0.06917637586593628,
            -0.9059605598449707,
