{
    "pred_cam": [
        1.1538728475570679,
        0.010636875405907631,
        0.17447200417518616
    ],
    "pred_smpl_params": {
        "global_orient": [
            [
                [
                    0.974724292755127,
                    0.20988070964813232,
                    0.07656831294298172
                ],
                [
                    0.20691870152950287,
                    -0.9773297309875488,
                    0.04484834149479866
                ],
                [
                    0.08424528688192368,
                    -0.027871349826455116,
                    -0.9960552453994751
                ]
            ]
        ],
        "body_pose": [
            [
                [
                    0.998975932598114,
                    -0.032589200884103775,
                    -0.031386084854602814
                ],
                [
                    0.03844179958105087,
                    0.9771782755851746,
                    0.2089134305715561
                ],
                [
                    0.02386147901415825,
                    -0.20990602672100067,
                    0.9774303436279297
                ]
            ],
            [
                [
                    0.9997457265853882,
                    -0.02166389860212803,
                    0.006268135271966457
                ],
                [
                    0.019660836085677147,
                    0.9733798503875732,
                    0.22835294902324677
                ],
                [
                    -0.011048287153244019,
                    -0.22817163169384003,
                    0.973558247089386
                ]
            ],
            [
                [
                    0.9991452097892761,
                    0.02653983049094677,
                    0.03169352188706398
                ],
                [
                    -0.0190644022077322,
                    0.9761219620704651,
                    -0.21638502180576324
                ],
                [
                    -0.03667956218123436,
                    0.21559584140777588,
                    0.9757935404777527
                ]
            ],
            [
                [
                    0.9936245679855347,
                    -0.014030511491000652,
                    -0.11186342686414719
                ],
                [
                    -0.0623675175011158,
                    0.7581667304039001,
                    -0.649071216583252
                ],
                [
                    0.09391791373491287,
                    0.6519097089767456,
                    0.7524580359458923
                ]
            ],
            [
                [
                    0.9921892285346985,
                    -0.10721182078123093,
                    0.06376594305038452
                ],
                [
                    0.12222427874803543,
                    0.7333718538284302,
                    -0.6687502861022949
                ],
                [
                    0.024933787062764168,
                    0.6713206171989441,
                    0.7407475709915161
                ]
            ],
            [
                [
                    0.998984694480896,
                    0.0018121185712516308,
                    0.04501396790146828
                ],
                [
                    -0.0011461034882813692,
                    0.9998895525932312,
                    -0.014817128889262676
                ],
                [
                    -0.045035846531391144,
                    0.014750495553016663,
                    0.9988764524459839
                ]
            ],
            [
                [
                    0.9839033484458923,
                    0.07303892821073532,
                    0.1630936861038208
                ],
                [
                    -0.08028745651245117,
                    0.9960358738899231,
                    0.03829523175954819
                ],
                [
                    -0.15965010225772858,
                    -0.05077318102121353,
                    0.9858671426773071
                ]
            ],
            [
                [
                    0.985742449760437,
                    -0.01785808429121971,
                    -0.167310431599617
                ],
                [
                    0.02286490797996521,
                    0.999345064163208,
                    0.02804671972990036
                ],
                [
                    0.16670000553131104,
                    -0.031472381204366684,
                    0.9855051636695862
                ]
            ],
            [
                [
                    0.9997138977050781,
                    -0.013703837990760803,
                    0.019603710621595383
                ],
                [
                    0.015114000998437405,
                    0.9971664547920227,
                    -0.07369361817836761
                ],
                [
                    -0.018538273870944977,
                    0.07396882027387619,
                    0.9970882534980774
                ]
            ],
            [
                [
                    0.984673261642456,
                    -0.17428058385849,
                    0.006693998351693153
                ],
                [
                    0.1707935482263565,
                    0.9713247418403625,
                    0.1654021143913269
                ],
                [
                    -0.03532842546701431,
                    -0.1617237627506256,
                    0.9862034916877747
                ]
            ],
            [
                [
                    0.9930692911148071,
                    0.1174364686012268,
                    0.004702193662524223
                ],
                [
                    -0.1161312535405159,
                    0.9743046760559082,
                    0.19298692047595978
                ],
                [
                    0.018082335591316223,
                    -0.19219544529914856,
                    0.9811900854110718
                ]
            ],
            [
                [
                    0.9941490292549133,
                    -0.057459618896245956,
                    -0.09146687388420105
                ],
                [
                    0.054894257336854935,
                    0.9980316758155823,
                    -0.030321862548589706
                ],
                [
                    0.09302911907434464,
                    0.025123441591858864,
                    0.9953464269638062
                ]
            ],
            [
                [
                    0.942876398563385,
                    0.32912373542785645,
                    -0.05159137398004532
                ],
                [
                    -0.3307666480541229,
                    0.9433207511901855,
                    -0.027191132307052612
                ],
                [
                    0.03971796855330467,
                    0.042702581733465195,
                    0.9982980489730835
                ]
            ],
            [
                [
                    0.9498860239982605,
                    -0.2701254189014435,
                    0.1573173701763153
                ],
                [
                    0.2699960172176361,
                    0.96259605884552,
                    0.022605348378419876
                ],
                [
                    -0.15753935277462006,
                    0.02100255712866783,
                    0.987289309501648
                ]
            ],
            [
                [
                    0.995932936668396,
                    -0.047324392944574356,
                    -0.0766683891415596
                ],
                [
                    0.0298573337495327,
                    0.9762169718742371,
                    -0.2147298902273178
                ],
                [
                    0.0850069522857666,
                    0.2115674465894699,
                    0.9736596345901489
                ]
            ],
            [
                [
                    0.4603113532066345,
                    0.8488276600837708,
                    -0.2600095868110657
                ],
                [
                    -0.8823059797286987,
                    0.4698314070701599,
                    -0.028189554810523987
                ],
                [
                    0.09823258966207504,
                    0.24238397181034088,
                    0.9651944637298584
                ]
            ],
            [
                [
                    0.4503314793109894,
                    -0.7800362706184387,
                    0.43444788455963135
                ],
                [
                    0.8602216839790344,
                    0.5094038248062134,
                    0.022945532575249672
                ],
                [
                    -0.23920777440071106,
                    0.363388329744339,
                    0.900404691696167
                ]
            ],
            [
                [
                    0.496687650680542,
                    -0.32212916016578674,
                    -0.805936872959137
                ],
                [
                    0.16528211534023285,
                    0.9466866850852966,
                    -0.2765251696109772
                ],
                [
                    0.8520464897155762,
                    0.0041397069580852985,
                    0.5234497785568237
                ]
            ],
            [
                [
                    0.07321615517139435,
                    0.43273812532424927,
                    0.8985417485237122
                ],
                [
                    0.02606365457177162,
                    0.8998218178749084,
                    -0.43547841906547546
                ],
                [
                    -0.9969755411148071,
                    0.05530334636569023,
                    0.05460275709629059
                ]
            ],
            [
                [
                    0.9895759224891663,
                    -0.142821803689003,
                    -0.01847202703356743
                ],
                [
                    0.14311006665229797,
                    0.989587664604187,
                    0.015353875234723091
                ],
                [
                    0.016086822375655174,
                    -0.017837362363934517,
                    0.9997113347053528
                ]
            ],
            [
                [
                    0.9831854701042175,
                    0.17181964218616486,
                    0.06184253841638565
                ],
                [
                    -0.17292630672454834,
                    0.9848493933677673,
                    0.012970656156539917
                ],
                [
                    -0.05867696925997734,
                    -0.023446757346391678,
                    0.998001754283905
                ]
            ],
            [
                [
                    0.9671819806098938,
                    0.23255321383476257,
                    -0.10236212611198425
                ],
                [
                    -0.21466806530952454,
                    0.9634190201759338,
                    0.16044121980667114
                ],
                [
                    0.13592875003814697,
                    -0.1332019716501236,
                    0.9817232489585876
                ]
            ],
            [
                [
                    0.9718115329742432,
                    -0.2204301804304123,
                    0.08362451195716858
                ],
                [
                    0.20904025435447693,
                    0.9696641564369202,
                    0.1267031729221344
                ],
                [
                    -0.10901688039302826,
                    -0.10565069317817688,
                    0.9884095788002014
                ]
            ]
        ],
        "betas": [
            -0.030071482062339783,
            -0.05768996477127075,
            0.13994956016540527,
            0.36520418524742126,
            0.029489606618881226,
            0.052253637462854385,
            0.006159484386444092,
            -0.051623761653900146,
            0.06539981067180634,
            -0.0408245325088501
        ]
    },
    "pred_cam_t": [
        0.010636875405907631,
        0.17447200417518616,
        33.8533821105957
    ],
    "focal_length": [
        5000.0,
        5000.0
    ],
    "pred_keypoints_3d": [
        [
            0.1298830807209015,
            -0.7565964460372925,
            -0.23895874619483948
        ],
        [
            0.11862196773290634,
            -0.7181111574172974,
            -0.050237201154232025
        ],
        [
            -0.07734431326389313,
            -0.6660948991775513,
            -0.0631907656788826
        ],
        [
            -0.17163430154323578,
            -0.43295860290527344,
            -0.03636980056762695
        ],
        [
            -0.016230344772338867,
            -0.3500756025314331,
            -0.21896080672740936
        ],
        [
            0.268482506275177,
            -0.595834493637085,
            0.00813622772693634
        ],
        [
            0.23627884685993195,
            -0.3579452633857727,
            0.10630317032337189
        ],
        [
            0.23263448476791382,
            -0.1816990226507187,
            -0.06810367107391357
        ],
        [
            -0.002060219179838896,
            -0.22741509974002838,
            0.028064794838428497
        ],
        [
            -0.08685442805290222,
            -0.15292879939079285,
            0.029290419071912766
        ],
        [
            -0.1875813603401184,
            0.2077728509902954,
            -0.041169095784425735
        ],
        [
            -0.21432016789913177,
            0.5210614204406738,
            0.2009878009557724
        ],
        [
            0.04534289985895157,
            -0.12394221127033234,
            0.04323095828294754
        ],
        [
            0.020021110773086548,
            0.24309785664081573,
            -0.017360184341669083
        ],
        [
            -0.051307275891304016,
            0.5528023838996887,
            0.21967963874340057
        ],
        [
            0.1062464714050293,
            -0.8112683296203613,
            -0.2240573912858963
        ],
        [
            0.1717013567686081,
            -0.7997176647186279,
            -0.22736480832099915
        ],
        [
            0.07385838031768799,
            -0.8435448408126831,
            -0.13042736053466797
        ],
        [
            0.21987828612327576,
            -0.8181854486465454,
            -0.13780972361564636
        ],
        [
            -0.06420330703258514,
            0.6895710229873657,
            0.07485216856002808
        ],
        [
            0.0007608383893966675,
            0.6828588247299194,
            0.1274365484714508
        ],
        [
            -0.051758281886577606,
            0.5559841394424438,
            0.2896522283554077
        ],
        [
            -0.22619667649269104,
            0.6543839573860168,
            0.055677980184555054
        ],
        [
            -0.2972964644432068,
            0.6294962167739868,
            0.10045000910758972
        ],
        [
            -0.2182820588350296,
            0.5312358140945435,
            0.2733299136161804
        ],
        [
            -0.2306274175643921,
            0.4636690616607666,
            0.19799883663654327
        ],
        [
            -0.1738300919532776,
            0.1480143815279007,
            -0.0414753183722496
        ],
        [
            -0.13958804309368134,
            -0.2905033528804779,
            0.026668544858694077
        ],
        [
            0.1413402408361435,
            -0.2143722027540207,
            0.06497720628976822
        ],
        [
            0.03641975671052933,
            0.20529840886592865,
            -0.01715094968676567
        ],
        [
            -0.03567228093743324,
            0.5128406286239624,
            0.22505983710289001
        ],
        [
            -0.01021779514849186,
            -0.3837570250034332,
            -0.2005532830953598
        ],
        [
            -0.17731179296970367,
            -0.45991671085357666,
            -0.07278253138065338
        ],
        [
            -0.03719475492835045,
            -0.6876384019851685,
            -0.06049591302871704
        ],
        [
            0.24578887224197388,
            -0.632449209690094,
            0.0006188414990901947
        ],
        [
            0.2766384184360504,
            -0.3736925721168518,
            0.07299555838108063
        ],
        [
            0.24121594429016113,
            -0.20328770577907562,
            -0.06988957524299622
        ],
        [
            0.1210014820098877,
            -0.7096269726753235,
            -0.055221498012542725
        ],
        [
            0.15576022863388062,
            -0.8719587326049805,
            -0.17099963128566742
        ],
        [
            0.0016505613457411528,
            -0.25229984521865845,
            0.04598431661725044
        ],
        [
            0.10330886393785477,
            -0.657785177230835,
            -0.03209363669157028
        ],
        [
            0.057462360709905624,
            -0.49427157640457153,
            0.026216940954327583
        ],
        [
            0.14016185700893402,
            -0.7596496343612671,
            -0.15911288559436798
        ],
        [
            0.15450206398963928,
            -0.8933588266372681,
            -0.17039164900779724
        ]
    ],
    "pred_vertices": [
        [
            0.19025710225105286,
            -0.8398079872131348,
            -0.24751883745193481
        ],
        [
            0.18166515231132507,
            -0.8253834843635559,
            -0.24734356999397278
        ],
        [
            0.19296026229858398,
            -0.8238703608512878,
            -0.23851381242275238
        ],
        [
            0.2009909301996231,
            -0.8360543251037598,
            -0.2341068685054779
        ],
        [
            0.1869824230670929,
            -0.8141657710075378,
            -0.23954305052757263
        ],
        [
            0.17651468515396118,
            -0.8145821690559387,
            -0.24595940113067627
        ],
        [
            0.19980448484420776,
            -0.8211259841918945,
            -0.22656208276748657
        ],
        [
            0.20705409348011017,
            -0.8302555084228516,
            -0.2197469174861908
        ],
        [
            0.20106038451194763,
            -0.7919955253601074,
            -0.20145779848098755
        ],
        [
            0.20515188574790955,
            -0.7905856966972351,
            -0.19095036387443542
        ],
        [
            0.20700213313102722,
            -0.8010302782058716,
            -0.19753886759281158
        ],
        [
            0.20118334889411926,
            -0.7999900579452515,
            -0.2060852348804474
        ],
        [
            0.1967495083808899,
            -0.7699496150016785,
            -0.18771931529045105
        ],
        [
            0.18849220871925354,
            -0.7594449520111084,
            -0.19153127074241638
        ],
        [
            0.1903727501630783,
            -0.754581093788147,
            -0.1789538562297821
        ],
        [
            0.19752809405326843,
            -0.7650001049041748,
            -0.17417337000370026
        ],
        [
            0.15619997680187225,
            -0.7688747644424438,
            -0.2180371731519699
        ],
        [
            0.16085612773895264,
            -0.7622760534286499,
            -0.2146308720111847
        ],
        [
            0.16568797826766968,
            -0.7679795026779175,
            -0.2166789323091507
        ],
        [
            0.16020454466342926,
            -0.7740734815597534,
            -0.21942290663719177
        ],
        [
            0.1477893441915512,
            -0.7770956754684448,
            -0.22735744714736938
        ],
        [
            0.14988954365253448,
            -0.7831915616989136,
            -0.22642368078231812
        ],
        [
            0.14532805979251862,
            -0.7855739593505859,
            -0.23257601261138916
        ],
        [
            0.14387047290802002,
            -0.778303861618042,
            -0.23421546816825867
        ],
        [
            0.1500532627105713,
            -0.7650318145751953,
            -0.21582214534282684
        ],
        [
            0.15513065457344055,
            -0.7583066821098328,
            -0.21196973323822021
        ],
        [
            0.1521240770816803,
            -0.7742664813995361,
            -0.22152628004550934
        ],
        [
            0.14939305186271667,
            -0.7698265314102173,
            -0.221908301115036
        ],
        [
            0.14478284120559692,
            -0.7608969211578369,
            -0.22907620668411255
        ],
        [
            0.14711107313632965,
            -0.7654851675033569,
            -0.22956061363220215
        ],
        [
            0.14321990311145782,
            -0.7645059823989868,
            -0.23629629611968994
        ],
        [
            0.14123591780662537,
            -0.7599499225616455,
            -0.23351845145225525
        ],
        [
            0.1481403410434723,
            -0.7633261680603027,
            -0.22024871408939362
        ],
        [
            0.14886799454689026,
            -0.7648273706436157,
            -0.22403649985790253
        ],
        [
            0.1456916630268097,
            -0.7610080242156982,
            -0.22468936443328857
        ],
        [
            0.14426127076148987,
            -0.7605012655258179,
            -0.22076907753944397
        ],
        [
            0.1462952196598053,
            -0.7722946405410767,
            -0.2283383160829544
        ],
        [
            0.14316155016422272,
            -0.7718731164932251,
            -0.23548650741577148
        ],
        [
            0.13892140984535217,
            -0.7712169885635376,
            -0.24255983531475067
        ],
        [
            0.13836514949798584,
            -0.7622992992401123,
            -0.24244184792041779
        ],
        [
            0.17028474807739258,
            -0.7506330013275146,
            -0.20305374264717102
        ],
        [
            0.1658942848443985,
            -0.7560562491416931,
            -0.20992207527160645
        ],
        [
            0.16016677021980286,
            -0.7524570226669312,
            -0.20796649158000946
        ],
        [
            0.16433849930763245,
            -0.7477499842643738,
            -0.20306330919265747
        ],
        [
            0.14534680545330048,
            -0.75873202085495,
            -0.21632301807403564
        ],
        [
            0.14682216942310333,
            -0.7437163591384888,
            -0.20995518565177917
        ],
        [
            0.14762923121452332,
            -0.7469764947891235,
            -0.21177707612514496
        ],
        [
            0.14147484302520752,
            -0.747247576713562,
            -0.21570628881454468
        ],
        [
            0.14138458669185638,
            -0.744147539138794,
            -0.21385493874549866
        ],
        [
            0.17370975017547607,
            -0.7402405738830566,
            -0.18892288208007812
        ],
        [
            0.1676844209432602,
            -0.7384320497512817,
            -0.19269701838493347
        ],
        [
            0.16730687022209167,
            -0.7331210374832153,
            -0.18733012676239014
        ],
        [
            0.17261937260627747,
            -0.7343894243240356,
            -0.18181844055652618
        ],
        [
            0.16434037685394287,
            -0.728658139705658,
            -0.18392685055732727
        ],
        [
            0.17048315703868866,
            -0.7287686467170715,
            -0.17550143599510193
        ],
        [
            0.15942932665348053,
            -0.7173709869384766,
            -0.16983218491077423
        ],
        [
            0.16500255465507507,
            -0.7223877906799316,
            -0.17205752432346344
        ],
        [
            0.1596466302871704,
            -0.7240535020828247,
            -0.18203027546405792
        ],
        [
            0.15336298942565918,
            -0.7191115617752075,
            -0.1828387826681137
        ],
        [
            0.14136800169944763,
            -0.7220653891563416,
            -0.19254180788993835
        ],
        [
            0.13529670238494873,
            -0.7208328247070312,
            -0.19447506964206696
        ],
        [
            0.13833516836166382,
            -0.709937334060669,
            -0.18755021691322327
        ],
        [
            0.14551705121994019,
            -0.7135399580001831,
            -0.1853487491607666
        ],
        [
            0.14602428674697876,
            -0.7400819063186646,
            -0.20338661968708038
        ],
        [
            0.15007942914962769,
            -0.7406476736068726,
            -0.20080327987670898
        ],
        [
            0.15040867030620575,
            -0.7409944534301758,
            -0.20353326201438904
        ],
        [
            0.1463022232055664,
            -0.7413511872291565,
            -0.20700794458389282
        ],
        [
            0.15366396307945251,
            -0.7405723333358765,
            -0.19896318018436432
        ],
        [
            0.155294269323349,
            -0.740369439125061,
            -0.19816821813583374
        ],
        [
            0.15519708395004272,
            -0.7410644292831421,
            -0.19983509182929993
        ],
        [
            0.15357671678066254,
            -0.7410557866096497,
            -0.19984588027000427
        ],
        [
            0.1515650451183319,
            -0.7408182621002197,
            -0.20026904344558716
        ],
        [
            0.15028956532478333,
            -0.7390879392623901,
            -0.1998339593410492
        ],
        [
            0.1526671051979065,
            -0.7398109436035156,
            -0.1990698128938675
        ],
        [
            0.14651596546173096,
            -0.73778235912323,
            -0.20208708941936493
        ],
        [
            0.13341601192951202,
            -0.734737753868103,
            -0.20843841135501862
        ],
        [
            0.1373624950647354,
            -0.7350019216537476,
            -0.20727908611297607
        ],
        [
            0.13660386204719543,
            -0.7396109104156494,
            -0.20825661718845367
        ],
        [
            0.13328471779823303,
            -0.7396618127822876,
            -0.20944511890411377
        ],
        [
            0.15360477566719055,
            -0.7424342632293701,
            -0.20240944623947144
        ],
        [
            0.156477689743042,
            -0.7434864044189453,
            -0.20248988270759583
        ],
        [
            0.15296918153762817,
            -0.7451228499412537,
            -0.2068556845188141
        ],
        [
            0.15144221484661102,
            -0.7431184649467468,
            -0.20512036979198456
        ],
        [
            0.1594594419002533,
            -0.7447863817214966,
            -0.20312240719795227
        ],
        [
            0.15765473246574402,
            -0.7420442700386047,
            -0.1997634768486023
        ],
        [
            0.16086933016777039,
            -0.742462158203125,
            -0.19958561658859253
        ],
        [
            0.1544988602399826,
            -0.7388782501220703,
            -0.19741612672805786
        ],
        [
            0.15701861679553986,
            -0.737488865852356,
            -0.19537100195884705
        ],
        [
            0.1579054594039917,
            -0.739348828792572,
            -0.19740021228790283
        ],
        [
            0.15450167655944824,
            -0.7347559928894043,
            -0.19435447454452515
        ],
        [
            0.1517055481672287,
            -0.7371597290039062,
            -0.19760233163833618
        ],
        [
            0.1478143334388733,
            -0.7349491119384766,
            -0.19940084218978882
        ],
        [
            0.1428450495004654,
            -0.7328089475631714,
            -0.20196640491485596
        ],
        [
            0.14470209181308746,
            -0.7292604446411133,
            -0.19712574779987335
        ],
        [
            0.15020433068275452,
            -0.7318084239959717,
            -0.19520263373851776
        ],
        [
            0.15558892488479614,
            -0.7486878633499146,
            -0.20785002410411835
        ],
        [
            0.16209852695465088,
            -0.7388389706611633,
            -0.19537654519081116
        ],
        [
            0.16650405526161194,
            -0.7440266609191895,
            -0.1980387568473816
        ],
        [
            0.16134804487228394,
            -0.7349897027015686,
            -0.19229832291603088
        ],
        [
            0.15865109860897064,
            -0.7314842939376831,
            -0.19003459811210632
        ],
        [
            0.1540890336036682,
            -0.7279567718505859,
            -0.18958696722984314
        ],
        [
            0.14780285954475403,
            -0.7246850728988647,
            -0.19097915291786194
        ],
        [
            0.14017698168754578,
            -0.7061356902122498,
            -0.1733960062265396
        ],
        [
            0.1494068205356598,
            -0.7107945084571838,
            -0.17205119132995605
        ],
        [
            0.17339617013931274,
            -0.8092621564865112,
            -0.2401302605867386
        ],
        [
            0.18211251497268677,
            -0.8081563711166382,
            -0.2373732179403305
        ],
        [
            0.18154843151569366,
            -0.8031831383705139,
            -0.22941377758979797
        ],
        [
            0.18377253413200378,
            -0.8049181699752808,
            -0.23024709522724152
        ],
        [
            0.17850683629512787,
            -0.805747389793396,
            -0.23399533331394196
        ],
        [
            0.17755141854286194,
            -0.8036147356033325,
            -0.23199236392974854
        ],
        [
            0.19486035406589508,
            -0.8004893064498901,
            -0.21232137084007263
        ],
        [
            0.18999704718589783,
            -0.8010578155517578,
            -0.21731027960777283
        ],
        [
            0.18987736105918884,
            -0.7981926202774048,
            -0.21431398391723633
        ],
        [
            0.19558191299438477,
            -0.7945483922958374,
            -0.20890933275222778
        ],
        [
            0.1807062327861786,
            -0.7898450493812561,
            -0.21739530563354492
        ],
        [
            0.18541982769966125,
            -0.7916022539138794,
            -0.21495935320854187
        ],
        [
            0.18253254890441895,
            -0.7970022559165955,
            -0.22037658095359802
        ],
        [
            0.1791486144065857,
            -0.7957046031951904,
            -0.22221165895462036
        ],
        [
            0.17520028352737427,
            -0.7951564788818359,
            -0.22378256916999817
        ],
        [
            0.1709681749343872,
            -0.7953399419784546,
            -0.22501179575920105
        ],
        [
            0.17036592960357666,
            -0.7908186316490173,
            -0.22211989760398865
        ],
        [
            0.1753663420677185,
            -0.7898679971694946,
            -0.2200060486793518
        ],
        [
            0.1720348298549652,
            -0.8072682023048401,
            -0.23564453423023224
        ],
        [
            0.16480262577533722,
            -0.8078724145889282,
            -0.23507866263389587
        ],
        [
            0.16568268835544586,
            -0.8052850365638733,
            -0.2331327497959137
        ],
        [
            0.1717686653137207,
            -0.8044461011886597,
            -0.23394447565078735
        ],
        [
            0.15494203567504883,
            -0.8034420013427734,
            -0.22567203640937805
        ],
        [
            0.1564832478761673,
            -0.805004358291626,
            -0.22771111130714417
        ],
        [
            0.1531084030866623,
            -0.8063669204711914,
            -0.22941860556602478
        ],
        [
            0.15159279108047485,
            -0.802852988243103,
            -0.22668352723121643
        ],
        [
            0.1533261239528656,
            -0.7997239828109741,
            -0.22544589638710022
        ],
        [
            0.15588390827178955,
            -0.8015156984329224,
            -0.22535422444343567
        ],
        [
            0.18503445386886597,
            -0.8608769178390503,
            -0.25501835346221924
        ],
        [
            0.17709849774837494,
            -0.8436610698699951,
            -0.255858838558197
        ],
        [
            0.19989538192749023,
            -0.8571610450744629,
            -0.2411753386259079
        ],
        [
            0.20828777551651,
            -0.8509819507598877,
            -0.2260320484638214
        ],
        [
            0.21435843408107758,
            -0.8409191370010376,
            -0.21160505712032318
        ],
        [
            0.18181918561458588,
            -0.745954155921936,
            -0.18410754203796387
        ],
        [
            0.18213433027267456,
            -0.7401976585388184,
            -0.17454320192337036
        ],
        [
            0.1916550099849701,
            -0.750404417514801,
            -0.16659089922904968
        ],
        [
            0.18838092684745789,
            -0.74338299036026,
            -0.15744386613368988
        ],
        [
            0.1788945198059082,
            -0.7329764366149902,
            -0.16637921333312988
        ],
        [
            0.16316553950309753,
            -0.7193603515625,
            -0.15622755885124207
        ],
        [
            0.17249509692192078,
            -0.7254539728164673,
            -0.1600622534751892
        ],
        [
            0.18232068419456482,
            -0.7373577356338501,
            -0.14792391657829285
        ],
        [
            0.19266125559806824,
            -0.7532927989959717,
            -0.13915669918060303
        ],
        [
            0.1964041292667389,
            -0.7561706304550171,
            -0.15036433935165405
        ],
        [
            0.19983115792274475,
            -0.7715941667556763,
            -0.13410896062850952
        ],
        [
            0.18769976496696472,
            -0.7514551877975464,
            -0.12483631819486618
        ],
        [
            0.19742169976234436,
            -0.7745965719223022,
            -0.12532353401184082
        ],
        [
            0.16756649315357208,
            -0.7197436690330505,
            -0.1142977848649025
        ],
        [
            0.167707160115242,
            -0.7113109827041626,
            -0.10627029836177826
        ],
        [
            0.17876094579696655,
            -0.7214235067367554,
            -0.09491066634654999
        ],
        [
            0.17993775010108948,
            -0.7296710014343262,
            -0.10353361815214157
        ],
        [
            0.19820894300937653,
            -0.7600885033607483,
            -0.1612173169851303
        ],
        [
            0.21105068922042847,
            -0.8132198452949524,
            -0.19493086636066437
        ],
        [
            0.2061387002468109,
            -0.8092256784439087,
            -0.2052733302116394
        ],
        [
            0.21101200580596924,
            -0.803101658821106,
            -0.18619421124458313
        ],
        [
            0.22390560805797577,
            -0.8741616010665894,
            -0.2026398479938507
        ],
        [
            0.21684850752353668,
            -0.8637457489967346,
            -0.21637099981307983
        ],
        [
            0.221603661775589,
            -0.8516230583190918,
            -0.20401817560195923
        ],
        [
            0.22775989770889282,
            -0.863067626953125,
            -0.1925954967737198
        ],
        [
            0.20162957906723022,
            -0.9061720371246338,
            -0.22572116553783417
        ],
        [
            0.19558925926685333,
            -0.8851040601730347,
            -0.2434265911579132
        ],
        [
            0.20601479709148407,
            -0.8760310411453247,
            -0.23129242658615112
        ],
        [
            0.2127486914396286,
            -0.8921082019805908,
            -0.21689361333847046
        ],
        [
            0.23073512315750122,
            -0.8693608045578003,
            -0.18097323179244995
        ],
        [
            0.23321202397346497,
            -0.8782097101211548,
            -0.16446322202682495
        ],
        [
            0.2322724461555481,
            -0.8957927227020264,
            -0.16516578197479248
        ],
        [
            0.22867292165756226,
            -0.8870866298675537,
            -0.18592610955238342
        ],
        [
            0.22359944880008698,
            -0.9186980724334717,
            -0.16767746210098267
        ],
        [
            0.21969082951545715,
            -0.9085347652435303,
            -0.19278711080551147
        ],
        [
            0.19326448440551758,
            -0.7666609883308411,
            -0.10942427068948746
        ],
        [
            0.19848847389221191,
            -0.784128725528717,
            -0.1154557392001152
        ],
        [
            0.18136347830295563,
            -0.7393461465835571,
            -0.11487461626529694
        ],
        [
            0.18900224566459656,
            -0.7522644996643066,
            -0.10230737179517746
        ],
        [
            0.20833274722099304,
            -0.9374709129333496,
            -0.16936661303043365
        ],
        [
            0.2049701064825058,
            -0.9263405799865723,
            -0.19970884919166565
        ],
        [
            0.22263236343860626,
            -0.8807744979858398,
            -0.11054405570030212
        ],
        [
            0.2275216281414032,
            -0.8929664492607117,
            -0.1254458874464035
        ],
        [
            0.23010165989398956,
            -0.8738738298416138,
            -0.13433358073234558
        ],
        [
            0.22566968202590942,
            -0.8651106357574463,
            -0.1191687136888504
        ],
        [
            0.21461139619350433,
            -0.8969132304191589,
