{
    "pred_cam": [
        1.1576266288757324,
        0.0026361439377069473,
        0.20987218618392944
    ],
    "pred_smpl_params": {
        "global_orient": [
            [
                [
                    0.9701201319694519,
                    0.23016561567783356,
                    0.07675138115882874
                ],
                [
                    0.23107735812664032,
                    -0.972930371761322,
                    -0.0030965404585003853
                ],
                [
                    0.073961041867733,
                    0.020739523693919182,
                    -0.9970453977584839
                ]
            ]
        ],
        "body_pose": [
            [
                [
                    0.9974567294120789,
                    -0.06200419366359711,
                    -0.0351494662463665
                ],
                [
                    0.06875491142272949,
                    0.9670131206512451,
                    0.24527229368686676
                ],
                [
                    0.018782082945108414,
                    -0.2470652163028717,
                    0.9688168168067932
                ]
            ],
            [
                [
                    0.9998832941055298,
                    -0.012245217338204384,
                    -0.009133939631283283
                ],
                [
                    0.014259155839681625,
                    0.9626469016075134,
                    0.270384281873703
                ],
                [
                    0.005481845233589411,
                    -0.27048295736312866,
                    0.9627091884613037
                ]
            ],
            [
                [
                    0.9988056421279907,
                    0.039033595472574234,
                    0.029390092939138412
                ],
                [
                    -0.03078526072204113,
                    0.9698297381401062,
                    -0.2418316751718521
                ],
                [
                    -0.03794294595718384,
                    0.24063803255558014,
                    0.9698730707168579
                ]
            ],
            [
                [
                    0.9940814971923828,
                    -0.004610448144376278,
                    -0.10853879153728485
                ],
                [
                    -0.0743548572063446,
                    0.6995407938957214,
                    -0.7107136249542236
                ],
                [
                    0.07920406013727188,
                    0.7145777344703674,
                    0.69505774974823
                ]
            ],
            [
                [
                    0.9884849190711975,
                    -0.14574402570724487,
                    0.040697500109672546
                ],
                [
                    0.13047637045383453,
                    0.6847075819969177,
                    -0.7170435786247253
                ],
                [
                    0.07663892954587936,
                    0.7140967845916748,
                    0.6958392858505249
                ]
            ],
            [
                [
                    0.9990383386611938,
                    3.186085814377293e-05,
                    0.043845128268003464
                ],
                [
                    0.00012100004823878407,
                    0.9999939203262329,
                    -0.0034837250132113695
                ],
                [
                    -0.04384497553110123,
                    0.003485680092126131,
                    0.9990322589874268
                ]
            ],
            [
                [
                    0.9854888916015625,
                    0.08610168099403381,
                    0.146281436085701
                ],
                [
                    -0.09687112271785736,
                    0.9929606914520264,
                    0.06815492361783981
                ],
                [
                    -0.139383465051651,
                    -0.0813363566994667,
                    0.9868925213813782
                ]
            ],
            [
                [
                    0.9871727228164673,
                    -0.0400657020509243,
                    -0.15454739332199097
                ],
                [
                    0.04817820340394974,
                    0.9976308345794678,
                    0.049107540398836136
                ],
                [
                    0.15221372246742249,
                    -0.05592343583703041,
                    0.9867642521858215
                ]
            ],
            [
                [
                    0.9997331500053406,
                    -0.017744194716215134,
                    0.01479177176952362
                ],
                [
                    0.01915755681693554,
                    0.9946369528770447,
                    -0.10163850337266922
                ],
                [
                    -0.012908948585391045,
                    0.10189475119113922,
                    0.9947114586830139
                ]
            ],
            [
                [
                    0.9787476658821106,
                    -0.20261594653129578,
                    0.03161868453025818
                ],
                [
                    0.19211572408676147,
                    0.9598920345306396,
                    0.2042028307914734
                ],
                [
                    -0.0717252790927887,
                    -0.19378860294818878,
                    0.9784178137779236
                ]
            ],
            [
                [
                    0.9893372654914856,
                    0.14545540511608124,
                    -0.0073838308453559875
                ],
                [
                    -0.1406235694885254,
                    0.9672092795372009,
                    0.21149751543998718
                ],
                [
                    0.03790516033768654,
                    -0.20820403099060059,
                    0.977350652217865
                ]
            ],
            [
                [
                    0.9847846031188965,
                    -0.07380631566047668,
                    -0.15732787549495697
                ],
                [
                    0.07858109474182129,
                    0.9966105818748474,
                    0.024339603260159492
                ],
                [
                    0.15499819815158844,
                    -0.03633226081728935,
                    0.9872465133666992
                ]
            ],
            [
                [
                    0.9309641718864441,
                    0.36131635308265686,
                    -0.052500005811452866
                ],
                [
                    -0.3632808327674866,
                    0.931050181388855,
                    -0.0342429094016552
                ],
                [
                    0.03650761768221855,
                    0.050951164215803146,
                    0.9980336427688599
                ]
            ],
            [
                [
                    0.9378178119659424,
                    -0.2987573444843292,
                    0.1767531782388687
                ],
                [
                    0.29957830905914307,
                    0.9538025259971619,
                    0.02266225405037403
                ],
                [
                    -0.1753581464290619,
                    0.031698353588581085,
                    0.98399418592453
                ]
            ],
            [
                [
                    0.9856021404266357,
                    -0.08804653584957123,
                    -0.14434733986854553
                ],
                [
                    0.05179142951965332,
                    0.9698914885520935,
                    -0.23796650767326355
                ],
                [
                    0.16095338761806488,
                    0.2270643562078476,
                    0.9604871869087219
                ]
            ],
            [
                [
                    0.47972235083580017,
                    0.8416276574134827,
                    -0.24805107712745667
                ],
                [
                    -0.8704132437705994,
                    0.4921351969242096,
                    -0.013553670607507229
                ],
                [
                    0.11066754162311554,
                    0.2224089354276657,
                    0.9686521291732788
                ]
            ],
            [
                [
                    0.4475659430027008,
                    -0.7640776634216309,
                    0.46461814641952515
                ],
                [
                    0.860568642616272,
                    0.509263277053833,
                    0.008513492532074451
                ],
                [
                    -0.24311795830726624,
                    0.3960254490375519,
                    0.8854701519012451
                ]
            ],
            [
                [
                    0.5737325549125671,
                    -0.3097411096096039,
                    -0.7582159042358398
                ],
                [
                    0.22695055603981018,
                    0.9496065974235535,
                    -0.21619606018066406
                ],
                [
                    0.7869716882705688,
                    -0.048038799315690994,
                    0.6151161193847656
                ]
            ],
            [
                [
                    0.10919026285409927,
                    0.4392852783203125,
                    0.8916871547698975
                ],
                [
                    0.034666821360588074,
                    0.8948221206665039,
                    -0.44507479667663574
                ],
                [
                    -0.9934161901473999,
                    0.07950980961322784,
                    0.08247724175453186
                ]
            ],
            [
                [
                    0.9903308153152466,
                    -0.13711236417293549,
                    -0.021097399294376373
                ],
                [
                    0.1373189389705658,
                    0.9904889464378357,
                    0.00866885669529438
                ],
                [
                    0.01970813423395157,
                    -0.011482108384370804,
                    0.9997398257255554
                ]
            ],
            [
                [
                    0.9838898777961731,
                    0.16087664663791656,
                    0.07797034084796906
                ],
                [
                    -0.16181088984012604,
                    0.9868048429489136,
                    0.005774644669145346
                ],
                [
                    -0.0760125145316124,
                    -0.018298067152500153,
                    0.9969388842582703
                ]
            ],
            [
                [
                    0.970779299736023,
                    0.2193676233291626,
                    -0.09729022532701492
                ],
                [
                    -0.20195885002613068,
                    0.9658161997795105,
                    0.16251705586910248
                ],
                [
                    0.1296154409646988,
                    -0.13811957836151123,
                    0.9818975925445557
                ]
            ],
            [
                [
                    0.9738155007362366,
                    -0.2065517157316208,
                    0.09497259557247162
                ],
                [
                    0.19659963250160217,
                    0.9749076962471008,
                    0.10442033410072327
                ],
                [
                    -0.11415770649909973,
                    -0.08301455527544022,
                    0.9899882078170776
                ]
            ]
        ],
        "betas": [
            0.05003483593463898,
            0.17737595736980438,
            0.4711225926876068,
            1.4383492469787598,
            -0.02690964937210083,
            0.002611730247735977,
            -0.006067335605621338,
            0.0664704293012619,
            0.0686609148979187,
            -0.018777668476104736
        ]
    },
    "pred_cam_t": [
        0.0026361439377069473,
        0.20987218618392944,
        33.74361038208008
    ],
    "focal_length": [
        5000.0,
        5000.0
    ],
    "pred_keypoints_3d": [
        [
            0.1291450560092926,
            -0.7955349683761597,
            -0.2379210740327835
        ],
        [
            0.13718275725841522,
            -0.7380577921867371,
            -0.04969826713204384
        ],
        [
            -0.06441639363765717,
            -0.6868994832038879,
            -0.05843791365623474
        ],
        [
            -0.15799888968467712,
            -0.4562264680862427,
            -0.0324917696416378
        ],
        [
            -0.0011266767978668213,
            -0.36123836040496826,
            -0.20613332092761993
        ],
        [
            0.28306978940963745,
            -0.6043312549591064,
            0.010876283049583435
        ],
        [
            0.24083617329597473,
            -0.36768603324890137,
            0.10359653830528259
        ],
        [
            0.24605269730091095,
            -0.17643998563289642,
            -0.05359824001789093
        ],
        [
            -0.003031298518180847,
            -0.2384490817785263,
            0.025092996656894684
        ],
        [
            -0.08597497642040253,
            -0.1652020514011383,
            0.02396377921104431
        ],
        [
            -0.19507496058940887,
            0.18217170238494873,
            -0.08152684569358826
        ],
        [
            -0.20850308239459991,
            0.5015131235122681,
            0.147324800491333
        ],
        [
            0.03845670074224472,
            -0.13418731093406677,
            0.035502854734659195
        ],
        [
            0.02066008746623993,
            0.22343656420707703,
            -0.05825808271765709
        ],
        [
            -0.05240526795387268,
            0.5303851366043091,
            0.1756710410118103
        ],
        [
            0.1104082241654396,
            -0.8498149514198303,
            -0.21358627080917358
        ],
        [
            0.17414844036102295,
            -0.8367160558700562,
            -0.22813022136688232
        ],
        [
            0.09314848482608795,
            -0.8740044832229614,
            -0.11330792307853699
        ],
        [
            0.2368144392967224,
            -0.8448386788368225,
            -0.14481961727142334
        ],
        [
            -0.06619593501091003,
            0.6601415872573853,
            0.0239546000957489
        ],
        [
            -0.0011804401874542236,
            0.6572595238685608,
            0.07864812016487122
        ],
        [
            -0.05321502685546875,
            0.5362642407417297,
            0.24565348029136658
        ],
        [
            -0.22721323370933533,
            0.6257812976837158,
            -0.007601320743560791
        ],
        [
            -0.29541608691215515,
            0.6034694910049438,
            0.04475975036621094
        ],
        [
            -0.2089400589466095,
            0.5154808163642883,
            0.2188466191291809
        ],
        [
            -0.22509321570396423,
            0.4441775679588318,
            0.14764314889907837
        ],
        [
            -0.18006178736686707,
            0.12347649782896042,
            -0.07737438380718231
        ],
        [
            -0.13261733949184418,
            -0.30437612533569336,
            0.02879311330616474
        ],
        [
            0.13310572504997253,
            -0.22349676489830017,
            0.060962431132793427
        ],
        [
            0.03551013395190239,
            0.18623650074005127,
            -0.05581497400999069
        ],
        [
            -0.0367208868265152,
            0.4910449981689453,
            0.18174371123313904
        ],
        [
            0.005693964660167694,
            -0.3955816626548767,
            -0.18831703066825867
        ],
        [
            -0.16167081892490387,
            -0.48249873518943787,
            -0.06870415806770325
        ],
        [
            -0.022191356867551804,
            -0.7091968059539795,
            -0.05516073852777481
        ],
        [
            0.26121652126312256,
            -0.6439102292060852,
            0.002269261982291937
        ],
        [
            0.28207138180732727,
            -0.38173311948776245,
            0.07122663408517838
        ],
        [
            0.2551724314689636,
            -0.1974145770072937,
            -0.05653609707951546
        ],
        [
            0.13830259442329407,
            -0.7269018888473511,
            -0.05279960855841637
        ],
        [
            0.16953517496585846,
            -0.9034252762794495,
            -0.16507001221179962
        ],
        [
            0.0007239618571475148,
            -0.2634902596473694,
            0.044634852558374405
        ],
        [
            0.11832503229379654,
            -0.6744679808616638,
            -0.028269458562135696
        ],
        [
            0.06773023307323456,
            -0.5119335651397705,
            0.027409514412283897
        ],
        [
            0.15158680081367493,
            -0.7907016277313232,
            -0.1592286080121994
        ],
        [
            0.168927863240242,
            -0.9248392581939697,
            -0.16223208606243134
        ]
    ],
    "pred_vertices": [
        [
            0.19114039838314056,
            -0.8769506216049194,
            -0.24741610884666443
        ],
        [
            0.18235301971435547,
            -0.862828254699707,
            -0.24741151928901672
        ],
        [
            0.19483524560928345,
            -0.8602920770645142,
            -0.24050436913967133
        ],
        [
            0.20375782251358032,
            -0.8718667030334473,
            -0.23629973828792572
        ],
        [
            0.1884441375732422,
            -0.8511698842048645,
            -0.2414589524269104
        ],
        [
            0.1769968420267105,
            -0.852422833442688,
            -0.24622628092765808
        ],
        [
            0.20329520106315613,
            -0.8565576076507568,
            -0.22984614968299866
        ],
        [
            0.21165454387664795,
            -0.8646591305732727,
            -0.22345000505447388
        ],
        [
            0.20684680342674255,
            -0.8256070613861084,
            -0.20763662457466125
        ],
        [
            0.2124498188495636,
            -0.823004424571991,
            -0.19794195890426636
        ],
        [
            0.21399900317192078,
            -0.833827018737793,
            -0.20404893159866333
        ],
        [
            0.20682841539382935,
            -0.8339297771453857,
            -0.21165066957473755
        ],
        [
            0.2038087099790573,
            -0.8023979663848877,
            -0.19514676928520203
        ],
        [
            0.1946047991514206,
            -0.7925467491149902,
            -0.1984480619430542
        ],
        [
            0.19844040274620056,
            -0.7863236665725708,
            -0.18687528371810913
        ],
        [
            0.2067909836769104,
            -0.796106219291687,
            -0.18253327906131744
        ],
        [
            0.15883184969425201,
            -0.8055145740509033,
            -0.2191777229309082
        ],
        [
            0.1637812852859497,
            -0.7983936667442322,
            -0.21701622009277344
        ],
        [
            0.16840854287147522,
            -0.8042070269584656,
            -0.2191902995109558
        ],
        [
            0.1627686321735382,
            -0.8107284307479858,
            -0.220638707280159
        ],
        [
            0.14946623146533966,
            -0.8148019313812256,
            -0.22680462896823883
        ],
        [
            0.15194071829319,
            -0.8207309246063232,
            -0.22549375891685486
        ],
        [
            0.14668196439743042,
            -0.8237423896789551,
            -0.23097527027130127
        ],
        [
            0.144672691822052,
            -0.8166214227676392,
            -0.23318687081336975
        ],
        [
            0.15290741622447968,
            -0.8015356063842773,
            -0.2167052924633026
        ],
        [
            0.15837225317955017,
            -0.794098973274231,
            -0.2141970992088318
        ],
        [
            0.1544121652841568,
            -0.8114145398139954,
            -0.22168245911598206
        ],
        [
            0.1515476405620575,
            -0.8069862127304077,
            -0.22232016921043396
        ],
        [
            0.14560723304748535,
            -0.7987158298492432,
            -0.2298714518547058
        ],
        [
            0.14798970520496368,
            -0.8033007979393005,
            -0.23024718463420868
        ],
        [
            0.14309561252593994,
            -0.8029434084892273,
            -0.2365681231021881
        ],
        [
            0.14133858680725098,
            -0.7982412576675415,
            -0.23390460014343262
        ],
        [
            0.15031099319458008,
            -0.8002958297729492,
            -0.22119921445846558
        ],
        [
            0.15052011609077454,
            -0.8021485805511475,
            -0.22502514719963074
        ],
        [
            0.1471644788980484,
            -0.7984358072280884,
            -0.22558993101119995
        ],
        [
            0.1463472694158554,
            -0.7975746393203735,
            -0.2214958667755127
        ],
        [
            0.14763544499874115,
            -0.8100785613059998,
            -0.22824904322624207
        ],
        [
            0.14347271621227264,
            -0.8103101253509521,
            -0.2350548952817917
        ],
        [
            0.1382220983505249,
            -0.8103187680244446,
            -0.24171194434165955
        ],
        [
            0.1373179405927658,
            -0.8013063669204712,
            -0.24224019050598145
        ],
        [
            0.17453521490097046,
            -0.7851687669754028,
            -0.2079281508922577
        ],
        [
            0.16923026740550995,
            -0.791498064994812,
            -0.21363645792007446
        ],
        [
            0.16380780935287476,
            -0.7876238822937012,
            -0.21143081784248352
        ],
        [
            0.1685861349105835,
            -0.7822080850601196,
            -0.20760869979858398
        ],
        [
            0.14806154370307922,
            -0.7952048778533936,
            -0.2173018753528595
        ],
        [
            0.1500026285648346,
            -0.7791424989700317,
            -0.212356835603714
        ],
        [
            0.1506682187318802,
            -0.7826218605041504,
            -0.214155912399292
        ],
        [
            0.1440163105726242,
            -0.7833927869796753,
            -0.21711388230323792
        ],
        [
            0.14406216144561768,
            -0.7800698280334473,
            -0.215345561504364
        ],
        [
            0.17983388900756836,
            -0.7729756236076355,
            -0.195426806807518
        ],
        [
            0.1733407974243164,
            -0.7714974880218506,
            -0.19869357347488403
        ],
        [
            0.17367902398109436,
            -0.765519917011261,
            -0.19365617632865906
        ],
        [
            0.17982280254364014,
            -0.7662779092788696,
            -0.188600555062294
        ],
        [
            0.171332448720932,
            -0.7605583667755127,
            -0.19004659354686737
        ],
        [
            0.17869946360588074,
            -0.7598562240600586,
            -0.18241119384765625
        ],
        [
            0.16817644238471985,
            -0.7479265928268433,
            -0.17619293928146362
        ],
        [
            0.17356270551681519,
            -0.7531886696815491,
            -0.17866042256355286
        ],
        [
            0.1668001115322113,
            -0.7557344436645508,
            -0.18791213631629944
        ],
        [
            0.16029667854309082,
            -0.7509015798568726,
            -0.18828731775283813
        ],
        [
            0.1466360092163086,
            -0.7553852796554565,
            -0.19586652517318726
        ],
        [
            0.14019571244716644,
            -0.7544754147529602,
            -0.19713713228702545
        ],
        [
            0.14411433041095734,
            -0.7426407337188721,
            -0.19169452786445618
        ],
        [
            0.15193447470664978,
            -0.7457338571548462,
            -0.19016215205192566
        ],
        [
            0.15004274249076843,
            -0.774875283241272,
            -0.20586293935775757
        ],
        [
            0.15447703003883362,
            -0.7750662565231323,
            -0.2038722038269043
        ],
        [
            0.15436488389968872,
            -0.7757231593132019,
            -0.20663079619407654
        ],
        [
            0.1497524231672287,
            -0.7765318155288696,
            -0.2094000279903412
        ],
        [
            0.15838564932346344,
            -0.7746460437774658,
            -0.2026064395904541
        ],
        [
            0.1601463258266449,
            -0.774340033531189,
            -0.20210030674934387
        ],
        [
            0.15976497530937195,
            -0.7752689123153687,
            -0.20371732115745544
        ],
        [
            0.15809842944145203,
            -0.775303840637207,
            -0.20346465706825256
        ],
        [
            0.1560451239347458,
            -0.7751278877258301,
            -0.20355689525604248
        ],
        [
            0.15479588508605957,
            -0.7732936143875122,
            -0.20304539799690247
        ],
        [
            0.1573677659034729,
            -0.7738696932792664,
            -0.2025839388370514
        ],
        [
            0.1506633311510086,
            -0.772246241569519,
            -0.20480448007583618
        ],
        [
            0.13660828769207,
            -0.7703380584716797,
            -0.2093742936849594
        ],
        [
            0.14067195355892181,
            -0.7703298330307007,
            -0.20876041054725647
        ],
        [
            0.1399117410182953,
            -0.775227963924408,
            -0.20930805802345276
        ],
        [
            0.1365247219800949,
            -0.7754707336425781,
            -0.20998430252075195
        ],
        [
            0.1578185111284256,
            -0.7769827842712402,
            -0.20596930384635925
        ],
        [
            0.16071045398712158,
            -0.7779684662818909,
            -0.20646612346172333
        ],
        [
            0.15658433735370636,
            -0.7801122665405273,
            -0.21020400524139404
        ],
        [
            0.15525195002555847,
            -0.7779789566993713,
            -0.208297461271286
        ],
        [
            0.1636275053024292,
            -0.7793121933937073,
            -0.20736825466156006
        ],
        [
            0.16229462623596191,
            -0.7761615514755249,
            -0.2039780169725418
        ],
        [
            0.16564038395881653,
            -0.7764736413955688,
            -0.20421874523162842
        ],
        [
            0.15943577885627747,
            -0.7726858854293823,
            -0.2013128250837326
        ],
        [
            0.16228386759757996,
            -0.7709732055664062,
            -0.19982671737670898
        ],
        [
            0.16286584734916687,
            -0.7731339931488037,
            -0.20183534920215607
        ],
        [
            0.15982864797115326,
            -0.7681161165237427,
            -0.19856306910514832
        ],
        [
            0.15655499696731567,
            -0.7709890604019165,
            -0.20115284621715546
        ],
        [
            0.15232309699058533,
            -0.7689722180366516,
            -0.20248834788799286
        ],
        [
            0.14688937366008759,
            -0.7672566771507263,
            -0.2043798416852951
        ],
        [
            0.14939454197883606,
            -0.7630906105041504,
            -0.20011547207832336
        ],
        [
            0.15528400242328644,
            -0.7653260231018066,
            -0.19890955090522766
        ],
        [
            0.15921151638031006,
            -0.783812403678894,
            -0.21124422550201416
        ],
        [
            0.16735506057739258,
            -0.7722662091255188,
            -0.2005627155303955
        ],
        [
            0.17145580053329468,
            -0.777789831161499,
            -0.20332776010036469
        ],
        [
            0.16702887415885925,
            -0.7679901123046875,
            -0.19768694043159485
        ],
        [
            0.16463245451450348,
            -0.764222264289856,
            -0.1952032744884491
        ],
        [
            0.1601463258266449,
            -0.7606148719787598,
            -0.19425737857818604
        ],
        [
            0.15338727831840515,
            -0.7576851844787598,
            -0.19495072960853577
        ],
        [
            0.14800572395324707,
            -0.7376840114593506,
            -0.178061842918396
        ],
        [
            0.15766173601150513,
            -0.7418648600578308,
            -0.17755256593227386
        ],
        [
            0.17442110180854797,
            -0.8471099138259888,
            -0.24025759100914001
        ],
        [
            0.18350446224212646,
            -0.8455240726470947,
            -0.2389013171195984
        ],
        [
            0.18379363417625427,
            -0.8400706052780151,
            -0.23125679790973663
        ],
        [
            0.18590503931045532,
            -0.8417655825614929,
            -0.23230192065238953
        ],
        [
            0.18024089932441711,
            -0.8430598378181458,
            -0.2351655662059784
        ],
        [
            0.17946283519268036,
            -0.840819239616394,
            -0.23318804800510406
        ],
        [
            0.1995173841714859,
            -0.8353098630905151,
            -0.2168123424053192
        ],
        [
            0.1939227432012558,
            -0.8365416526794434,
            -0.22085851430892944
        ],
        [
            0.1941775381565094,
            -0.8333578109741211,
            -0.2181248664855957
        ],
        [
            0.2004629373550415,
            -0.8290435671806335,
            -0.21398986876010895
        ],
        [
            0.18423205614089966,
            -0.8254463076591492,
            -0.22042390704154968
        ],
        [
            0.18938277661800385,
            -0.8268685936927795,
            -0.21856467425823212
        ],
        [
            0.1859198808670044,
            -0.832834005355835,
            -0.2231108844280243
        ],
        [
            0.18219217658042908,
            -0.8318315744400024,
            -0.22450849413871765
        ],
        [
            0.17799410223960876,
            -0.8316091299057007,
            -0.22548644244670868
        ],
        [
            0.1736532747745514,
            -0.8320618867874146,
            -0.22606858611106873
        ],
        [
            0.17326509952545166,
            -0.8272969126701355,
            -0.22347041964530945
        ],
        [
            0.17850296199321747,
            -0.8259342908859253,
            -0.2221865952014923
        ],
        [
            0.17360834777355194,
            -0.8449503183364868,
            -0.2357669174671173
        ],
        [
            0.16664128005504608,
            -0.8457785248756409,
            -0.23401102423667908
        ],
        [
            0.16770479083061218,
            -0.8430103063583374,
            -0.23243987560272217
        ],
        [
            0.1734885275363922,
            -0.8420520424842834,
            -0.23417332768440247
        ],
        [
            0.15803806483745575,
            -0.8409812450408936,
            -0.22361651062965393
        ],
        [
            0.15935945510864258,
            -0.8427025675773621,
            -0.22568079829216003
        ],
        [
            0.15574264526367188,
            -0.8443800210952759,
            -0.22672036290168762
        ],
        [
            0.15447473526000977,
            -0.8405566215515137,
            -0.2241632342338562
        ],
        [
            0.15626993775367737,
            -0.8371850848197937,
            -0.22352334856987
        ],
        [
            0.15890805423259735,
            -0.8389188051223755,
            -0.22367021441459656
        ],
        [
            0.18568634986877441,
            -0.8983694911003113,
            -0.25255346298217773
        ],
        [
            0.1772136688232422,
            -0.8819040060043335,
            -0.25308990478515625
        ],
        [
            0.20241880416870117,
            -0.8931199312210083,
            -0.24138899147510529
        ],
        [
            0.21255354583263397,
            -0.8857046365737915,
            -0.22817979753017426
        ],
        [
            0.2205316126346588,
            -0.8744305372238159,
            -0.21578174829483032
        ],
        [
            0.18882301449775696,
            -0.7781793475151062,
            -0.1913517713546753
        ],
        [
            0.19045934081077576,
            -0.7713700532913208,
            -0.18227826058864594
        ],
        [
            0.20163214206695557,
            -0.7808140516281128,
            -0.1751924604177475
        ],
        [
            0.19959867000579834,
            -0.7727265357971191,
            -0.1658731997013092
        ],
        [
            0.18834619224071503,
            -0.7632551193237305,
            -0.17411532998085022
        ],
        [
            0.17373478412628174,
            -0.7492161989212036,
            -0.16269336640834808
        ],
        [
            0.18267109990119934,
            -0.755366325378418,
            -0.16731995344161987
        ],
        [
            0.19470921158790588,
            -0.7658848762512207,
            -0.15547966957092285
        ],
        [
            0.20690584182739258,
            -0.7809337377548218,
            -0.14707207679748535
        ],
        [
            0.20939508080482483,
            -0.7848740816116333,
            -0.15923193097114563
        ],
        [
            0.2153620570898056,
            -0.7987163066864014,
            -0.1413244754076004
        ],
        [
            0.20402878522872925,
            -0.777944803237915,
            -0.1313430368900299
        ],
        [
            0.21452802419662476,
            -0.8008511662483215,
            -0.13142067193984985
        ],
        [
            0.18408332765102386,
            -0.7441258430480957,
            -0.11798177659511566
        ],
        [
            0.1847590059041977,
            -0.7341192364692688,
            -0.10912090539932251
        ],
        [
            0.19737279415130615,
            -0.7434051036834717,
            -0.09789197146892548
        ],
        [
            0.1980794370174408,
            -0.7529465556144714,
            -0.1076626181602478
        ],
        [
            0.20943579077720642,
            -0.7899342775344849,
            -0.17027588188648224
        ],
        [
            0.21872512996196747,
            -0.8455088138580322,
            -0.20104515552520752
        ],
        [
            0.21227386593818665,
            -0.8426203727722168,
            -0.21091406047344208
        ],
        [
            0.2198188602924347,
            -0.8346614837646484,
            -0.1931331306695938
        ],
        [
            0.23229216039180756,
            -0.9057044982910156,
            -0.20618540048599243
        ],
        [
            0.22304409742355347,
            -0.8970108032226562,
            -0.2192937731742859
        ],
        [
            0.22922936081886292,
            -0.8838670253753662,
            -0.20883367955684662
        ],
        [
            0.23757517337799072,
            -0.8940417766571045,
            -0.1976955085992813
        ],
        [
            0.20773985981941223,
            -0.9399149417877197,
            -0.22317904233932495
        ],
        [
            0.1985345482826233,
            -0.9208776950836182,
            -0.24096772074699402
        ],
        [
            0.21023307740688324,
            -0.9106920957565308,
            -0.23131893575191498
        ],
        [
            0.2194633036851883,
            -0.9249500036239624,
            -0.21719658374786377
        ],
        [
            0.2421463429927826,
            -0.8992283940315247,
            -0.1863410323858261
        ],
        [
            0.2475455105304718,
            -0.9066470265388489,
            -0.16979944705963135
        ],
        [
            0.24760392308235168,
            -0.9245207905769348,
            -0.16994094848632812
        ],
        [
            0.24019774794578552,
            -0.9168861508369446,
            -0.1901160627603531
        ],
        [
            0.23979505896568298,
            -0.9480079412460327,
            -0.16962170600891113
        ],
        [
            0.2311045378446579,
            -0.9395689964294434,
            -0.19423353672027588
        ],
        [
            0.21234172582626343,
            -0.7915449142456055,
            -0.11479303240776062
        ],
        [
            0.217234268784523,
            -0.8093128204345703,
            -0.12066221982240677
        ],
        [
            0.19862627983093262,
            -0.7643828392028809,
            -0.12000514566898346
        ],
        [
            0.20830556750297546,
            -0.7760313749313354,
            -0.10705987364053726
        ],
        [
            0.2254224270582199,
            -0.9683994054794312,
            -0.16771820187568665
        ],
        [
            0.21610906720161438,
            -0.9586372375488281,
            -0.1977824866771698
        ],
        [
            0.24617668986320496,
            -0.9052672386169434,
            -0.11400958895683289
        ],
        [
            0.24929025769233704,
            -0.9183461666107178,
            -0.12926405668258667
        ],
        [
            0.24903015792369843,
            -0.8999557495117188,
            -0.13949671387672424
        ],
        [
            0.24675747752189636,
            -0.890136182308197,
            -0.12395299226045609
        ],
        [
            0.24067369103431702,
            -0.9206497669219971,
            -0.10276252031326294
