{
    "pred_cam": [
        1.1374237537384033,
        -0.04373013228178024,
        0.1493520736694336
    ],
    "pred_smpl_params": {
        "global_orient": [
            [
                [
                    0.9856405258178711,
                    0.07802794128656387,
                    0.14974811673164368
                ],
                [
                    0.07110685855150223,
                    -0.9961621165275574,
                    0.05103692039847374
                ],
                [
                    0.15315571427345276,
                    -0.039655931293964386,
                    -0.9874060750007629
                ]
            ]
        ],
        "body_pose": [
            [
                [
                    0.9990758895874023,
                    0.0011803428642451763,
                    -0.04296566918492317
                ],
                [
                    0.006424162536859512,
                    0.9842938780784607,
                    0.1764206737279892
                ],
                [
                    0.042499084025621414,
                    -0.17653365433216095,
                    0.983376681804657
                ]
            ],
            [
                [
                    0.9999053478240967,
                    -0.004828067030757666,
                    -0.012884053401648998
                ],
                [
                    0.006981749553233385,
                    0.9849410057067871,
                    0.17275001108646393
                ],
                [
                    0.011855981312692165,
                    -0.17282360792160034,
                    0.9848814606666565
                ]
            ],
            [
                [
                    0.9984224438667297,
                    -0.012701718136668205,
                    0.054692212492227554
                ],
                [
                    0.022917192429304123,
                    0.9814327955245972,
                    -0.19043216109275818
                ],
                [
                    -0.051257915794849396,
                    0.1913851499557495,
                    0.9801756143569946
                ]
            ],
            [
                [
                    0.9925105571746826,
                    -0.021788189187645912,
                    -0.12020060420036316
                ],
                [
                    -0.045174017548561096,
                    0.848753035068512,
                    -0.5268563628196716
                ],
                [
                    0.11349985748529434,
                    0.5283403992652893,
                    0.8414120674133301
                ]
            ],
            [
                [
                    0.9926030039787292,
                    -0.1009589210152626,
                    0.0674278512597084
                ],
                [
                    0.1203312799334526,
                    0.7444249987602234,
                    -0.6567737460136414
                ],
                [
                    0.0161121878772974,
                    0.6600292921066284,
                    0.7510669827461243
                ]
            ],
            [
                [
                    0.9976123571395874,
                    0.011684123426675797,
                    0.06806577742099762
                ],
                [
                    -0.010419628582894802,
                    0.999767005443573,
                    -0.018902963027358055
                ],
                [
                    -0.06827078759670258,
                    0.01814861036837101,
                    0.9975016713142395
                ]
            ],
            [
                [
                    0.9803167581558228,
                    0.10004068166017532,
                    0.17020826041698456
                ],
                [
                    -0.09838736802339554,
                    0.9949827790260315,
                    -0.01814219355583191
                ],
                [
                    -0.17116926610469818,
                    0.0010387500515207648,
                    0.9852410554885864
                ]
            ],
            [
                [
                    0.9862657785415649,
                    -0.005595888011157513,
                    -0.16507183015346527
                ],
                [
                    0.013039235025644302,
                    0.9989445209503174,
                    0.04404257982969284
                ],
                [
                    0.16465115547180176,
                    -0.04559009149670601,
                    0.9852977395057678
                ]
            ],
            [
                [
                    0.9986878633499146,
                    -0.0015865726163610816,
                    0.0511864498257637
                ],
                [
                    0.00533444806933403,
                    0.9973054528236389,
                    -0.07316683232784271
                ],
                [
                    -0.05093244090676308,
                    0.07334388047456741,
                    0.9960052967071533
                ]
            ],
            [
                [
                    0.9784833788871765,
                    -0.2060866355895996,
                    -0.00992537010461092
                ],
                [
                    0.20504319667816162,
                    0.9659212827682495,
                    0.15796585381031036
                ],
                [
                    -0.02296753227710724,
                    -0.15660211443901062,
                    0.9873945713043213
                ]
            ],
            [
                [
                    0.9958994388580322,
                    0.0901399701833725,
                    0.007696128915995359
                ],
                [
                    -0.08994020521640778,
                    0.9773255586624146,
                    0.19169101119041443
                ],
                [
                    0.009757399559020996,
                    -0.1915971338748932,
                    0.9814251661300659
                ]
            ],
            [
                [
                    0.997990071773529,
                    0.0009927192004397511,
                    0.0633632093667984
                ],
                [
                    0.0029464124236255884,
                    0.9980690479278564,
                    -0.06204398721456528
                ],
                [
                    -0.06330245733261108,
                    0.062105972319841385,
                    0.9960600733757019
                ]
            ],
            [
                [
                    0.948357880115509,
                    0.31657829880714417,
                    0.019890163093805313
                ],
                [
                    -0.3152559697628021,
                    0.9476193785667419,
                    -0.051295194774866104
                ],
                [
                    -0.03508724644780159,
                    0.042375702410936356,
                    0.9984855055809021
                ]
            ],
            [
                [
                    0.9585492014884949,
                    -0.2626449465751648,
                    0.11045777052640915
                ],
                [
                    0.2644854187965393,
                    0.9643874168395996,
                    -0.0020896876230835915
                ],
                [
                    -0.10597524046897888,
                    0.0312175415456295,
                    0.9938785433769226
                ]
            ],
            [
                [
                    0.9984866380691528,
                    0.04302186891436577,
                    0.034256819635629654
                ],
                [
                    -0.03419753536581993,
                    0.9735524654388428,
                    -0.22588978707790375
                ],
                [
                    -0.043069012463092804,
                    0.22437644004821777,
                    0.9735503792762756
                ]
            ],
            [
                [
                    0.44865599274635315,
                    0.860217809677124,
                    -0.24234917759895325
                ],
                [
                    -0.8930224776268005,
                    0.44210776686668396,
                    -0.08397354930639267
                ],
                [
                    0.03490890935063362,
                    0.254098504781723,
                    0.9665481448173523
                ]
            ],
            [
                [
                    0.4486842155456543,
                    -0.7944881916046143,
                    0.40923216938972473
                ],
                [
                    0.8616756200790405,
                    0.5060558915138245,
                    0.03771740198135376
                ],
                [
                    -0.23706036806106567,
                    0.33570215106010437,
                    0.9116504192352295
                ]
            ],
            [
                [
                    0.2987980544567108,
                    -0.3768433630466461,
                    -0.8767604827880859
                ],
                [
                    0.13804277777671814,
                    0.9261362552642822,
                    -0.3510211408138275
                ],
                [
                    0.944279670715332,
                    -0.016145996749401093,
                    0.3287482261657715
                ]
            ],
            [
                [
                    0.06607583165168762,
                    0.41215217113494873,
                    0.9087159037590027
                ],
                [
                    0.004402642138302326,
                    0.9105768203735352,
                    -0.41331636905670166
                ],
                [
                    -0.9978049397468567,
                    0.03131098672747612,
                    0.05835256353020668
                ]
            ],
            [
                [
                    0.9869220852851868,
                    -0.15681038796901703,
                    -0.03735410049557686
                ],
                [
                    0.1589369773864746,
                    0.9852684736251831,
                    0.06312788277864456
                ],
                [
                    0.02690470591187477,
                    -0.0682392492890358,
                    0.9973061680793762
                ]
            ],
            [
                [
                    0.9851431846618652,
                    0.16421805322170258,
                    0.05025358870625496
                ],
                [
                    -0.16563118994235992,
                    0.9858617782592773,
                    0.025353675708174706
                ],
                [
                    -0.04537956416606903,
                    -0.03330055996775627,
                    0.9984146356582642
                ]
            ],
            [
                [
                    0.9642470479011536,
                    0.24392734467983246,
                    -0.1035715714097023
                ],
                [
                    -0.22676347196102142,
                    0.9617220163345337,
                    0.1538478285074234
                ],
                [
                    0.13713474571704865,
                    -0.12486106157302856,
                    0.98265141248703
                ]
            ],
            [
                [
                    0.9691851139068604,
                    -0.2369617074728012,
                    0.06730020046234131
                ],
                [
                    0.2259567379951477,
                    0.9639946222305298,
                    0.14020656049251556
                ],
                [
                    -0.09810062497854233,
                    -0.12067917734384537,
                    0.9878323078155518
                ]
            ]
        ],
        "betas": [
            -0.0356764942407608,
            -0.10491907596588135,
            0.07345235347747803,
            0.11095406115055084,
            0.0288640558719635,
            0.04941270127892494,
            0.03100210428237915,
            -0.06732457876205444,
            0.04187841713428497,
            -0.04150313138961792
        ]
    },
    "pred_cam_t": [
        -0.04373013228178024,
        0.1493520736694336,
        34.342960357666016
    ],
    "focal_length": [
        5000.0,
        5000.0
    ],
    "pred_keypoints_3d": [
        [
            0.12019523978233337,
            -0.757375955581665,
            -0.21910718083381653
        ],
        [
            0.04320795461535454,
            -0.7269818782806396,
            -0.045514948666095734
        ],
        [
            -0.13778440654277802,
            -0.6443140506744385,
            -0.08062978833913803
        ],
        [
            -0.19854241609573364,
            -0.3995046615600586,
            -0.05379508435726166
        ],
        [
            -0.023561403155326843,
            -0.34044399857521057,
            -0.22839343547821045
        ],
        [
            0.19998422265052795,
            -0.6376101970672607,
            0.04070991277694702
        ],
        [
            0.18830236792564392,
            -0.4078277349472046,
            0.16161014139652252
        ],
        [
            0.24338902533054352,
            -0.25570616126060486,
            -0.02666400372982025
        ],
        [
            -0.0018386641750112176,
            -0.22494393587112427,
            0.02874273806810379
        ],
        [
            -0.07649175077676773,
            -0.13960634171962738,
            0.025975897908210754
        ],
        [
            -0.1325869858264923,
            0.23541979491710663,
            -0.02021060511469841
        ],
        [
            -0.13616450130939484,
            0.5369431376457214,
            0.23992054164409637
        ],
        [
            0.058770738542079926,
            -0.12905168533325195,
            0.04960501194000244
        ],
        [
            0.07243218272924423,
            0.24231433868408203,
            0.007512800395488739
        ],
        [
            0.027391348034143448,
            0.5825361013412476,
            0.2087145447731018
        ],
        [
            0.0857902392745018,
            -0.8079273104667664,
            -0.2226206660270691
        ],
        [
            0.14697334170341492,
            -0.8076587915420532,
            -0.19633430242538452
        ],
        [
            0.011370882391929626,
            -0.8392459154129028,
            -0.15559670329093933
        ],
        [
            0.14814436435699463,
            -0.8388614654541016,
            -0.09892702847719193
        ],
        [
            0.03597451001405716,
            0.7137588262557983,
            0.05810582637786865
        ],
        [
            0.09752658754587173,
            0.7017204761505127,
            0.11386552453041077
        ],
        [
            0.023050181567668915,
            0.5900353193283081,
            0.27830609679222107
        ],
        [
            -0.125127375125885,
            0.6753624677658081,
            0.10064172744750977
        ],
        [
            -0.20136189460754395,
            0.6584031581878662,
            0.14024502038955688
        ],
        [
            -0.1428082436323166,
            0.5446251034736633,
            0.3124251365661621
        ],
        [
            -0.15878704190254211,
            0.4819025993347168,
            0.23283949494361877
        ],
        [
            -0.12563581764698029,
            0.1742701381444931,
            -0.024035772308707237
        ],
        [
            -0.14697372913360596,
            -0.2680217921733856,
            0.015295440331101418
        ],
        [
            0.14102712273597717,
            -0.23149675130844116,
            0.07459494471549988
        ],
        [
            0.08501638472080231,
            0.2018566131591797,
            0.007956994697451591
        ],
        [
            0.03772429749369621,
            0.5415428280830383,
            0.2184508889913559
        ],
        [
            -0.024261876940727234,
            -0.37518343329429626,
            -0.210788294672966
        ],
        [
            -0.2064456194639206,
            -0.42457276582717896,
            -0.0916895642876625
        ],
        [
            -0.10147970169782639,
            -0.6713124513626099,
            -0.07561932504177094
        ],
        [
            0.17285767197608948,
            -0.6683720946311951,
            0.028798554092645645
        ],
        [
            0.23156636953353882,
            -0.43019476532936096,
            0.1351233869791031
        ],
        [
            0.24772542715072632,
            -0.27950406074523926,
            -0.02475913241505623
        ],
        [
            0.047849178314208984,
            -0.7204565405845642,
            -0.04846223443746567
        ],
        [
            0.09853394329547882,
            -0.8791306614875793,
            -0.1609211415052414
        ],
        [
            -0.002145849633961916,
            -0.2499474734067917,
            0.045341718941926956
        ],
        [
            0.035394638776779175,
            -0.6672950983047485,
            -0.026135344058275223
        ],
        [
            0.013353118672966957,
            -0.496721088886261,
            0.02613912895321846
        ],
        [
            0.09390313923358917,
            -0.7665429711341858,
            -0.1431976705789566
        ],
        [
            0.09499678015708923,
            -0.8999834060668945,
            -0.16329295933246613
        ]
    ],
    "pred_vertices": [
        [
            0.16700612008571625,
            -0.849452018737793,
            -0.21198832988739014
        ],
        [
            0.16093966364860535,
            -0.8337677717208862,
            -0.21363429725170135
        ],
        [
            0.16723935306072235,
            -0.8346204161643982,
            -0.2007431983947754
        ],
        [
            0.17121317982673645,
            -0.8479934930801392,
            -0.19494417309761047
        ],
        [
            0.16361592710018158,
            -0.8239115476608276,
            -0.20300719141960144
        ],
        [
            0.15713876485824585,
            -0.8222579956054688,
            -0.21309354901313782
        ],
        [
            0.16861319541931152,
            -0.8335466384887695,
            -0.18685394525527954
        ],
        [
            0.17113657295703888,
            -0.844096302986145,
            -0.17881056666374207
        ],
        [
            0.16277264058589935,
            -0.8063554167747498,
            -0.16007986664772034
        ],
        [
            0.1621454954147339,
            -0.8062489628791809,
            -0.14879068732261658
        ],
        [
            0.1649296134710312,
            -0.8165936470031738,
            -0.1552184373140335
        ],
        [
            0.16360099613666534,
            -0.814045250415802,
            -0.16516727209091187
        ],
        [
            0.1558118611574173,
            -0.7846812009811401,
            -0.1472214162349701
        ],
        [
            0.15149834752082825,
            -0.7727179527282715,
            -0.15278568863868713
        ],
        [
            0.14824776351451874,
            -0.7689374685287476,
            -0.14031842350959778
        ],
        [
            0.15117166936397552,
            -0.7806375622749329,
            -0.1342463493347168
        ],
        [
            0.13300995528697968,
            -0.775153398513794,
            -0.1908128559589386
        ],
        [
            0.13644130527973175,
            -0.7696516513824463,
            -0.1850852519273758
        ],
        [
            0.14095550775527954,
            -0.7759683728218079,
            -0.18558529019355774
        ],
        [
            0.1365267038345337,
            -0.7808678150177002,
            -0.1909940540790558
        ],
        [
            0.12849104404449463,
            -0.7812647819519043,
            -0.20366419851779938
        ],
        [
            0.12918606400489807,
            -0.7876660823822021,
            -0.20271828770637512
        ],
        [
            0.12746873497962952,
            -0.7889039516448975,
            -0.21041978895664215
        ],
        [
            0.12780000269412994,
            -0.7814395427703857,
            -0.21159029006958008
        ],
        [
            0.1270381659269333,
            -0.7704727649688721,
            -0.1908518671989441
        ],
        [
            0.13058748841285706,
            -0.7650125026702881,
            -0.1845467984676361
        ],
        [
            0.13029752671718597,
            -0.7795218229293823,
            -0.1962696611881256
        ],
        [
            0.12842006981372833,
            -0.7747132778167725,
            -0.19716517627239227
        ],
        [
            0.12865351140499115,
            -0.7647159099578857,
            -0.2044646292924881
        ],
        [
            0.13036005198955536,
            -0.7695897221565247,
            -0.20446521043777466
        ],
        [
            0.13000039756298065,
            -0.7676080465316772,
            -0.2120094895362854
        ],
        [
            0.12760774791240692,
            -0.7628995776176453,
            -0.20980317890644073
        ],
        [
            0.1275223195552826,
            -0.7681196928024292,
            -0.19534821808338165
        ],
        [
            0.129643976688385,
            -0.769532322883606,
            -0.19862809777259827
        ],
        [
            0.12757733464241028,
            -0.7651994228363037,
            -0.2000969797372818
        ],
        [
            0.12458936125040054,
            -0.7646578550338745,
            -0.1971348226070404
        ],
        [
            0.12819454073905945,
            -0.7762327194213867,
            -0.20447233319282532
        ],
        [
            0.12861454486846924,
            -0.7749030590057373,
            -0.21218279004096985
        ],
        [
            0.12795904278755188,
            -0.7731663584709167,
            -0.22022396326065063
        ],
        [
            0.12851779162883759,
            -0.7642999887466431,
            -0.21933242678642273
        ],
        [
            0.1412881314754486,
            -0.7604378461837769,
            -0.16962385177612305
        ],
        [
            0.1397530734539032,
            -0.7646472454071045,
            -0.17807000875473022
        ],
        [
            0.13406077027320862,
            -0.7603727579116821,
            -0.17825429141521454
        ],
        [
            0.13622714579105377,
            -0.7567278146743774,
            -0.17166367173194885
        ],
        [
            0.12372004985809326,
            -0.7634366750717163,
            -0.19253985583782196
        ],
        [
            0.12406116724014282,
            -0.7493151426315308,
            -0.18469518423080444
        ],
        [
            0.12511786818504333,
            -0.75258469581604,
            -0.1862810105085373
        ],
        [
            0.12133896350860596,
            -0.7515758275985718,
            -0.19242413341999054
        ],
        [
            0.12087061256170273,
            -0.7485912442207336,
            -0.19052274525165558
        ],
        [
            0.13947045803070068,
            -0.7516316175460815,
            -0.1545029580593109
        ],
        [
            0.13579675555229187,
            -0.7487392425537109,
            -0.16006934642791748
        ],
        [
            0.13378696143627167,
            -0.7437471151351929,
            -0.15496888756752014
        ],
        [
            0.1360323280096054,
            -0.7461470365524292,
            -0.148173987865448
        ],
        [
            0.1299809366464615,
            -0.739120602607727,
            -0.15292294323444366
        ],
        [
            0.13192695379257202,
            -0.7406682968139648,
            -0.1430341899394989
        ],
        [
            0.12097212672233582,
            -0.7278016805648804,
            -0.14131882786750793
        ],
        [
            0.1263098418712616,
            -0.7336078882217407,
            -0.14161038398742676
        ],
        [
            0.12545296549797058,
            -0.7339096665382385,
            -0.15268145501613617
        ],
        [
            0.12073782086372375,
            -0.7278886437416077,
            -0.15541191399097443
        ],
        [
            0.11424104869365692,
            -0.7281643152236938,
            -0.1690870225429535
        ],
        [
            0.10979574918746948,
            -0.7258613705635071,
            -0.17311982810497284
        ],
        [
            0.11071284115314484,
            -0.7159594297409058,
            -0.1645614057779312
        ],
        [
            0.11552315205335617,
            -0.7208867073059082,
            -0.16023413836956024
        ],
        [
            0.12103235721588135,
            -0.7459651827812195,
            -0.1788157820701599
        ],
        [
            0.12345540523529053,
            -0.7473686933517456,
            -0.17486974596977234
        ],
        [
            0.12492348253726959,
            -0.7476018071174622,
            -0.17718103528022766
        ],
        [
            0.12277521193027496,
            -0.7470451593399048,
            -0.18203890323638916
        ],
        [
            0.1258179098367691,
            -0.7480916976928711,
            -0.17171147465705872
        ],
        [
            0.12693408131599426,
            -0.7482333779335022,
            -0.170285165309906
        ],
        [
            0.12751172482967377,
            -0.7487776279449463,
            -0.17186535894870758
        ],
        [
            0.12617258727550507,
            -0.748458743095398,
            -0.1725054681301117
        ],
        [
            0.12459366768598557,
            -0.747849702835083,
            -0.17372842133045197
        ],
        [
            0.1234702318906784,
            -0.7459600567817688,
            -0.1737108826637268
        ],
        [
            0.12507379055023193,
            -0.7471633553504944,
            -0.1721688210964203
        ],
        [
            0.12128184735774994,
            -0.7438805103302002,
            -0.17717893421649933
        ],
        [
            0.1125430166721344,
            -0.7382931709289551,
            -0.1879604160785675
        ],
        [
            0.11568062007427216,
            -0.7392706871032715,
            -0.18535006046295166
        ],
        [
            0.11484451591968536,
            -0.7436112761497498,
            -0.18699388206005096
        ],
        [
            0.11224032193422318,
            -0.7430309057235718,
            -0.18945948779582977
        ],
        [
            0.12703964114189148,
            -0.749642550945282,
            -0.1749309003353119
        ],
        [
            0.12948474287986755,
            -0.7512146234512329,
            -0.17393481731414795
        ],
        [
            0.12808232009410858,
            -0.7519657015800476,
            -0.17944566905498505
        ],
        [
            0.1262412965297699,
            -0.7497973442077637,
            -0.17837931215763092
        ],
        [
            0.13230104744434357,
            -0.7529658675193787,
            -0.1733473539352417
        ],
        [
            0.12952373921871185,
            -0.7501953840255737,
            -0.17086532711982727
        ],
        [
            0.13211163878440857,
            -0.7511740922927856,
            -0.169444739818573
        ],
        [
            0.1260678768157959,
            -0.7466967701911926,
            -0.16981181502342224
        ],
        [
            0.12753990292549133,
            -0.7459331750869751,
            -0.16676536202430725
        ],
        [
            0.1290169507265091,
            -0.7477803826332092,
            -0.16837668418884277
        ],
        [
            0.12523594498634338,
            -0.7428317070007324,
            -0.16668003797531128
        ],
        [
            0.12389953434467316,
            -0.7444902062416077,
            -0.17099040746688843
        ],
        [
            0.12153078615665436,
            -0.7415121793746948,
            -0.1740095019340515
        ],
        [
            0.1185370534658432,
            -0.7383521199226379,
            -0.17814108729362488
        ],
        [
            0.11846212297677994,
            -0.7354971170425415,
            -0.17266246676445007
        ],
        [
            0.12218920886516571,
            -0.7390830516815186,
            -0.168943852186203
        ],
        [
            0.1302747130393982,
            -0.7558895349502563,
            -0.17961838841438293
        ],
        [
            0.13191957771778107,
            -0.748110830783844,
            -0.1647508442401886
        ],
        [
            0.13639943301677704,
            -0.753731906414032,
            -0.16588899493217468
        ],
        [
            0.13035325706005096,
            -0.7443959712982178,
            -0.16194194555282593
        ],
        [
            0.12738631665706635,
            -0.7406033277511597,
            -0.1607649028301239
        ],
        [
            0.12335065007209778,
            -0.7363462448120117,
            -0.16207265853881836
        ],
        [
            0.1189938485622406,
            -0.73191899061203,
            -0.16540849208831787
        ],
        [
            0.10665202885866165,
            -0.713106095790863,
            -0.1507774442434311
        ],
        [
            0.11366557329893112,
            -0.7193942070007324,
            -0.1466011106967926
        ],
        [
            0.152726411819458,
            -0.8166117668151855,
            -0.20845919847488403
        ],
        [
            0.15934999287128448,
            -0.8171482086181641,
            -0.20225299894809723
        ],
        [
            0.1561458259820938,
            -0.8124813437461853,
            -0.19469435513019562
        ],
        [
            0.15837037563323975,
            -0.8145493268966675,
            -0.19472914934158325
        ],
        [
            0.15506452322006226,
            -0.8143118619918823,
            -0.20038066804409027
        ],
        [
            0.15366795659065247,
            -0.8121188879013062,
            -0.19870495796203613
        ],
        [
            0.16079944372177124,
            -0.8130795955657959,
            -0.17332994937896729
        ],
        [
            0.15862369537353516,
            -0.8125144243240356,
            -0.17992772161960602
        ],
        [
            0.15742702782154083,
            -0.8099251985549927,
            -0.17696109414100647
        ],
        [
            0.1606651395559311,
            -0.8075878024101257,
            -0.1692781150341034
        ],
        [
            0.15171271562576294,
            -0.8000390529632568,
            -0.18255431950092316
        ],
        [
            0.15456023812294006,
            -0.802717924118042,
            -0.178620845079422
        ],
        [
            0.1537591516971588,
            -0.807205319404602,
            -0.18527159094810486
        ],
        [
            0.15174555778503418,
            -0.805242121219635,
            -0.18816471099853516
        ],
        [
            0.14899155497550964,
            -0.8039300441741943,
            -0.19115683436393738
        ],
        [
            0.1456412822008133,
            -0.8033462762832642,
            -0.19407567381858826
        ],
        [
            0.14450789988040924,
            -0.7989281415939331,
            -0.19116590917110443
        ],
        [
            0.14817319810390472,
            -0.7989755868911743,
            -0.1870647370815277
        ],
        [
            0.14986486732959747,
            -0.814661979675293,
            -0.2046011984348297
        ],
        [
            0.14305688440799713,
            -0.8140398263931274,
            -0.2072978913784027
        ],
        [
            0.1433311551809311,
            -0.8117507696151733,
            -0.20479229092597961
        ],
        [
            0.14926645159721375,
            -0.8119356036186218,
            -0.2028629332780838
        ],
        [
            0.13074587285518646,
            -0.8084390163421631,
            -0.20235726237297058
        ],
        [
            0.13282710313796997,
            -0.8101208806037903,
            -0.20375806093215942
        ],
        [
            0.13045397400856018,
            -0.8107434511184692,
            -0.2068789154291153
        ],
        [
            0.12831291556358337,
            -0.807228684425354,
            -0.20458891987800598
        ],
        [
            0.1296859085559845,
            -0.8045512437820435,
            -0.20236662030220032
        ],
        [
            0.13169875741004944,
            -0.806766927242279,
            -0.20142018795013428
        ],
        [
            0.16273283958435059,
            -0.8689464330673218,
            -0.22333896160125732
        ],
        [
            0.15822400152683258,
            -0.8505282402038574,
            -0.2252805382013321
        ],
        [
            0.17046524584293365,
            -0.8684566020965576,
            -0.2042098194360733
        ],
        [
            0.1723061501979828,
            -0.8644189238548279,
            -0.1862870454788208
        ],
        [
            0.17272552847862244,
            -0.8562532067298889,
            -0.16958272457122803
        ],
        [
            0.14394983649253845,
            -0.7588111162185669,
            -0.14754721522331238
        ],
        [
            0.14076203107833862,
            -0.7537927627563477,
            -0.13836950063705444
        ],
        [
            0.14445236325263977,
            -0.765716552734375,
            -0.12843988835811615
        ],
        [
            0.13861939311027527,
            -0.7587417364120483,
            -0.12116749584674835
        ],
        [
            0.13521718978881836,
            -0.7465571761131287,
            -0.1319001317024231
        ],
        [
            0.11870304495096207,
            -0.730583667755127,
            -0.12814614176750183
        ],
        [
            0.12794645130634308,
            -0.7382392883300781,
            -0.1283559799194336
        ],
        [
            0.13047167658805847,
            -0.7519716024398804,
            -0.1148490160703659
        ],
        [
            0.13416941463947296,
            -0.7697864770889282,
            -0.10432223975658417
        ],
        [
            0.14101548492908478,
            -0.7728250026702881,
            -0.11281825602054596
        ],
        [
            0.13603293895721436,
            -0.7892279028892517,
            -0.09886277467012405
        ],
        [
            0.12431752681732178,
            -0.767683744430542,
            -0.09428822994232178
        ],
        [
            0.12981265783309937,
            -0.7922756671905518,
            -0.09280983358621597
        ],
        [
            0.10643002390861511,
            -0.7348358631134033,
            -0.09285303205251694
        ],
        [
            0.1052325889468193,
            -0.7273637056350708,
            -0.08633022755384445
        ],
        [
            0.11099913716316223,
            -0.7394521236419678,
            -0.07284551858901978
        ],
        [
            0.11293851584196091,
            -0.7471107244491577,
            -0.07945197820663452
        ],
        [
            0.14676682651042938,
            -0.7765583992004395,
            -0.12191234529018402
        ],
        [
            0.166195809841156,
            -0.8293452262878418,
            -0.1526617556810379
        ],
        [
            0.16663584113121033,
            -0.824089527130127,
            -0.16346189379692078
        ],
        [
            0.1632223129272461,
            -0.8198615908622742,
            -0.1437540352344513
        ],
        [
            0.17301644384860992,
            -0.8912113308906555,
            -0.16141805052757263
        ],
        [
            0.17400306463241577,
            -0.8790794610977173,
            -0.17562146484851837
        ],
        [
            0.17443068325519562,
            -0.8685787916183472,
            -0.16099345684051514
        ],
        [
            0.173517107963562,
            -0.8813753724098206,
            -0.1495675891637802
        ],
        [
            0.15886463224887848,
            -0.9179268479347229,
            -0.19526544213294983
        ],
        [
            0.16402789950370789,
            -0.8951365947723389,
            -0.21120409667491913
        ],
        [
            0.16938631236553192,
            -0.8886011242866516,
            -0.19489137828350067
        ],
        [
            0.16675804555416107,
            -0.9063912630081177,
            -0.18092244863510132
        ],
        [
            0.17025397717952728,
            -0.8886169195175171,
            -0.13853353261947632
        ],
        [
            0.16404709219932556,
            -0.898593008518219,
            -0.12375513464212418
        ],
        [
            0.16107535362243652,
            -0.9155914783477783,
            -0.12656380236148834
        ],
        [
            0.16816183924674988,
            -0.905667245388031,
            -0.14586512744426727
        ],
        [
            0.1512613296508789,
            -0.9365127086639404,
            -0.13502612709999084
        ],
        [
            0.1602022796869278,
            -0.9248796105384827,
            -0.15810269117355347
        ],
        [
            0.12097068130970001,
            -0.7847052812576294,
            -0.08045154064893723
        ],
        [
            0.12527550756931305,
            -0.8026185035705566,
            -0.08491361886262894
        ],
        [
            0.11637503653764725,
            -0.7557500600814819,
            -0.08848659694194794
        ],
        [
            0.11719433218240738,
            -0.7703728675842285,
            -0.07547380030155182
        ],
        [
            0.13604295253753662,
            -0.9522662162780762,
            -0.14502578973770142
        ],
        [
            0.14784252643585205,
            -0.9395263195037842,
            -0.17244374752044678
        ],
        [
            0.13118258118629456,
            -0.9016247987747192,
            -0.08007434010505676
        ],
        [
            0.14003010094165802,
            -0.9139195084571838,
            -0.09290027618408203
        ],
        [
            0.14891593158245087,
            -0.8951571583747864,
            -0.09752331674098969
        ],
        [
            0.13978615403175354,
            -0.8864026069641113,
            -0.08477304130792618
        ],
        [
            0.11772893369197845,
            -0.9166433811187744,
