{
    "pred_cam": [
        1.4006407260894775,
        0.14213250577449799,
        0.26795661449432373
    ],
    "pred_smpl_params": {
        "global_orient": [
            [
                [
                    -0.3665367662906647,
                    0.1547831892967224,
                    -0.9174382090568542
                ],
                [
                    0.1807882934808731,
                    -0.9554216265678406,
                    -0.23342034220695496
                ],
                [
                    -0.9126698970794678,
                    -0.25141921639442444,
                    0.32221415638923645
                ]
            ]
        ],
        "body_pose": [
            [
                [
                    0.9963590502738953,
                    0.037312548607587814,
                    0.07665734738111496
                ],
                [
                    -0.05057390034198761,
                    0.9825307726860046,
                    0.1790962517261505
                ],
                [
                    -0.06863567233085632,
                    -0.18232104182243347,
                    0.9808404445648193
                ]
            ],
            [
                [
                    0.9825818538665771,
                    0.15696410834789276,
                    -0.09947479516267776
                ],
                [
                    -0.15252338349819183,
                    0.9869922399520874,
                    0.050823550671339035
                ],
                [
                    0.1061583161354065,
                    -0.0347660668194294,
                    0.9937413334846497
                ]
            ],
            [
                [
                    0.9958778619766235,
                    -0.06308068335056305,
                    0.06517884880304337
                ],
                [
                    0.07384489476680756,
                    0.9811190962791443,
                    -0.1787518411874771
                ],
                [
                    -0.052672430872917175,
                    0.18282809853553772,
                    0.981732964515686
                ]
            ],
            [
                [
                    0.9808631539344788,
                    0.19353964924812317,
                    0.02121085859835148
                ],
                [
                    -0.18974365293979645,
                    0.9746329188346863,
                    -0.11869329959154129
                ],
                [
                    -0.04364466294646263,
                    0.11239726096391678,
                    0.992704451084137
                ]
            ],
            [
                [
                    0.9918806552886963,
                    0.04848669096827507,
                    0.11756588518619537
                ],
                [
                    -0.04490578919649124,
                    0.9984486699104309,
                    -0.03292020037770271
                ],
                [
                    -0.11897968500852585,
                    0.027373524382710457,
                    0.9925192594528198
                ]
            ],
            [
                [
                    0.9930591583251953,
                    -0.10540636628866196,
                    0.052183449268341064
                ],
                [
                    0.10804664343595505,
                    0.9928542971611023,
                    -0.05065860226750374
                ],
                [
                    -0.046470820903778076,
                    0.05594522878527641,
                    0.997351884841919
                ]
            ],
            [
                [
                    0.9758115410804749,
                    0.050804004073143005,
                    0.21262820065021515
                ],
                [
                    -0.04400140792131424,
                    0.9983605742454529,
                    -0.03660675883293152
                ],
                [
                    -0.21413938701152802,
                    0.026365358382463455,
                    0.9764472246170044
                ]
            ],
            [
                [
                    0.9696100950241089,
                    -0.062118493020534515,
                    -0.23663802444934845
                ],
                [
                    0.05548427253961563,
                    0.9978598952293396,
                    -0.03459903225302696
                ],
                [
                    0.23828084766864777,
                    0.02041788212954998,
                    0.9709815979003906
                ]
            ],
            [
                [
                    0.9985155463218689,
                    -0.026415903121232986,
                    0.047634903341531754
                ],
                [
                    0.03205545246601105,
                    0.9920358061790466,
                    -0.12180858105421066
                ],
                [
                    -0.044037848711013794,
                    0.12315469235181808,
                    0.991409957408905
                ]
            ],
            [
                [
                    0.996059000492096,
                    -0.08014865219593048,
                    0.03798196464776993
                ],
                [
                    0.08091910183429718,
                    0.9965357184410095,
                    -0.01919885165989399
                ],
                [
                    -0.03631162270903587,
                    0.022196656093001366,
                    0.9990939497947693
                ]
            ],
            [
                [
                    0.9965076446533203,
                    0.08164963871240616,
                    -0.017487630248069763
                ],
                [
                    -0.08058742433786392,
                    0.9952483773231506,
                    0.05464784801006317
                ],
                [
                    0.021866511553525925,
                    -0.05304771661758423,
                    0.9983525276184082
                ]
            ],
            [
                [
                    0.9882569909095764,
                    0.006774755194783211,
                    0.15265050530433655
                ],
                [
                    0.03316105902194977,
                    0.9656977653503418,
                    -0.2575426697731018
                ],
                [
                    -0.1491590440273285,
                    0.2595804035663605,
                    0.9541329145431519
                ]
            ],
            [
                [
                    0.9827688932418823,
                    -0.03846248239278793,
                    -0.1807926595211029
                ],
                [
                    0.05068350210785866,
                    0.9966959953308105,
                    0.06346919387578964
                ],
                [
                    0.17775411903858185,
                    -0.07153874635696411,
                    0.9814712405204773
                ]
            ],
            [
                [
                    0.9550802111625671,
                    -0.22915507853031158,
                    0.1879085749387741
                ],
                [
                    0.23234419524669647,
                    0.972619891166687,
                    0.00518038822337985
                ],
                [
                    -0.18395070731639862,
                    0.038711775094270706,
                    0.9821728467941284
                ]
            ],
            [
                [
                    0.9987579584121704,
                    0.028707725927233696,
                    -0.040723804384469986
                ],
                [
                    -0.0435798354446888,
                    0.8995221853256226,
                    -0.4346960783004761
                ],
                [
                    0.024152830243110657,
                    0.43593090772628784,
                    0.8996559977531433
                ]
            ],
            [
                [
                    0.8222070932388306,
                    0.3903145492076874,
                    -0.4142824709415436
                ],
                [
                    -0.38690486550331116,
                    0.9170917868614197,
                    0.0961623266339302
                ],
                [
                    0.4174686372280121,
                    0.08122255653142929,
                    0.905053973197937
                ]
            ],
            [
                [
                    0.5848426222801208,
                    -0.705251932144165,
                    0.4007229208946228
                ],
                [
                    0.7816184759140015,
                    0.6220620274543762,
                    -0.045950327068567276
                ],
                [
                    -0.21686795353889465,
                    0.3400861322879791,
                    0.9150463342666626
                ]
            ],
            [
                [
                    0.34718120098114014,
                    -0.13067744672298431,
                    -0.9286488890647888
                ],
                [
                    0.0071790581569075584,
                    0.9905852675437927,
                    -0.1367090940475464
                ],
                [
                    0.937770664691925,
                    0.04079602286219597,
                    0.34485071897506714
                ]
            ],
            [
                [
                    0.3010035753250122,
                    0.20616914331912994,
                    0.9310699105262756
                ],
                [
                    0.05716617777943611,
                    0.9706931710243225,
                    -0.23342417180538177
                ],
                [
                    -0.9519080519676208,
                    0.12348722666501999,
                    0.2803962230682373
                ]
            ],
            [
                [
                    0.9918234348297119,
                    -0.08045652508735657,
                    -0.09906097501516342
                ],
                [
                    0.08499433845281601,
                    0.9954760074615479,
                    0.042467232793569565
                ],
                [
                    0.09519606083631516,
                    -0.050539616495370865,
                    0.9941747784614563
                ]
            ],
            [
                [
                    0.9940687417984009,
                    0.032390985637903214,
                    0.10381778329610825
                ],
                [
                    -0.05916864424943924,
                    0.9620474576950073,
                    0.26639020442962646
                ],
                [
                    -0.0912489965558052,
                    -0.2709529399871826,
                    0.9582578539848328
                ]
            ],
            [
                [
                    0.9885427951812744,
                    0.13213445246219635,
                    -0.07296328991651535
                ],
                [
                    -0.1238892450928688,
                    0.9864166378974915,
                    0.10785970836877823
                ],
                [
                    0.08622418344020844,
                    -0.09758457541465759,
                    0.9914851188659668
                ]
            ],
            [
                [
                    0.9899529814720154,
                    -0.1398478001356125,
                    0.02087327092885971
                ],
                [
                    0.1357487291097641,
                    0.9813023805618286,
                    0.13644781708717346
                ],
                [
                    -0.039564911276102066,
                    -0.13224339485168457,
                    0.9904273748397827
                ]
            ]
        ],
        "betas": [
            -0.2051866054534912,
            -0.28734198212623596,
            0.3020675480365753,
            0.6485494375228882,
            0.18771447241306305,
            0.09468869119882584,
            -0.002426356077194214,
            -0.10757699608802795,
            0.06334233283996582,
            -0.0006042718887329102
        ]
    },
    "pred_cam_t": [
        0.14213250577449799,
        0.26795661449432373,
        27.889022827148438
    ],
    "focal_length": [
        5000.0,
        5000.0
    ],
    "pred_keypoints_3d": [
        [
            -0.15281659364700317,
            -0.7434260249137878,
            -0.007197916507720947
        ],
        [
            0.02955586090683937,
            -0.7359166145324707,
            -0.02097146213054657
        ],
        [
            0.0651320144534111,
            -0.6444647908210754,
            0.15527872741222382
        ],
        [
            0.06550370901823044,
            -0.41110143065452576,
            0.24055540561676025
        ],
        [
            -0.1582137644290924,
            -0.3246411383152008,
            0.1741742044687271
        ],
        [
            -0.01508554071187973,
            -0.6784835457801819,
            -0.1893535852432251
        ],
        [
            -0.1673445701599121,
            -0.5717194080352783,
            -0.3633575439453125
        ],
        [
            -0.3819308280944824,
            -0.5523282289505005,
            -0.25001540780067444
        ],
        [
            -0.0020847469568252563,
            -0.2296869158744812,
            0.02882995828986168
        ],
        [
            0.012401772662997246,
            -0.15446297824382782,
            0.11207109689712524
        ],
        [
            -0.00981982983648777,
            0.17404182255268097,
            0.2877689003944397
        ],
        [
            -0.007615474984049797,
            0.5360152721405029,
            0.4274648427963257
        ],
        [
            -0.035682231187820435,
            -0.12816601991653442,
            -0.013621222227811813
        ],
        [
            -0.15268276631832123,
            0.20464518666267395,
            0.07918569445610046
        ],
        [
            -0.1601787507534027,
            0.5427911877632141,
            0.26832711696624756
        ],
        [
            -0.14918546378612518,
            -0.7940645813941956,
            0.02744142711162567
        ],
        [
            -0.15614336729049683,
            -0.7951294183731079,
            -0.03860112279653549
        ],
        [
            -0.06284637749195099,
            -0.8432973623275757,
            0.0636899322271347
        ],
        [
            -0.07967929542064667,
            -0.8459818363189697,
            -0.08525184541940689
        ],
        [
            -0.3553590774536133,
            0.565351128578186,
            0.31420233845710754
        ],
        [
            -0.3146521747112274,
            0.6048056483268738,
            0.2526414394378662
        ],
        [
            -0.10690818727016449,
            0.5850059986114502,
            0.2752639651298523
        ],
        [
            -0.1751955896615982,
            0.5328207015991211,
            0.53436678647995
        ],
        [
            -0.0955752357840538,
            0.5278910398483276,
            0.5726072192192078
        ],
        [
            0.03919420763850212,
            0.5904672145843506,
            0.42036524415016174
        ],
        [
            0.030086196959018707,
            0.49137020111083984,
            0.412937194108963
        ],
        [
            -0.005191344302147627,
            0.11571682244539261,
            0.25891175866127014
        ],
        [
            0.06433840841054916,
            -0.2845391035079956,
            0.151082843542099
        ],
        [
            -0.029077567160129547,
            -0.21215404570102692,
            -0.11806552112102509
        ],
        [
            -0.14451973140239716,
            0.16996227204799652,
            0.054197631776332855
        ],
        [
            -0.13341785967350006,
            0.5222257375717163,
            0.24047550559043884
        ],
        [
            -0.14836116135120392,
            -0.3631354868412018,
            0.16702809929847717
        ],
        [
            0.04038013890385628,
            -0.43922775983810425,
            0.2595585584640503
        ],
        [
            0.05931548774242401,
            -0.6739547252655029,
            0.12097479403018951
        ],
        [
            -0.002510919002816081,
            -0.703420877456665,
            -0.1693168580532074
        ],
        [
            -0.1751760095357895,
            -0.6172035932540894,
            -0.34850648045539856
        ],
        [
            -0.36815619468688965,
            -0.5710000395774841,
            -0.24445635080337524
        ],
        [
            0.023842912167310715,
            -0.7322618961334229,
            -0.017825109884142876
        ],
        [
            -0.11824007332324982,
            -0.8755311369895935,
            -0.009449138306081295
        ],
        [
            0.01746443100273609,
            -0.24876967072486877,
            0.015761246904730797
        ],
        [
            0.027442660182714462,
            -0.6838287711143494,
            -0.021488936617970467
        ],
        [
            0.05605393275618553,
            -0.4947039783000946,
            -0.025702808052301407
        ],
        [
            -0.07872145622968674,
            -0.7673682570457458,
            -0.018253399059176445
        ],
        [
            -0.12302754074335098,
            -0.8943366408348083,
            -0.004720611032098532
        ]
    ],
    "pred_vertices": [
        [
            -0.18825584650039673,
            -0.8319741487503052,
            -0.047375354915857315
        ],
        [
            -0.1837632954120636,
            -0.8159667253494263,
            -0.042240940034389496
        ],
        [
            -0.17556482553482056,
            -0.8191061019897461,
            -0.0539131760597229
        ],
        [
            -0.17528311908245087,
            -0.8332110047340393,
            -0.059212177991867065
        ],
        [
            -0.17390424013137817,
            -0.8081715106964111,
            -0.050248268991708755
        ],
        [
            -0.1790846437215805,
            -0.8048692941665649,
            -0.03996862843632698
        ],
        [
            -0.16393068432807922,
            -0.820644199848175,
            -0.06167569011449814
        ],
        [
            -0.16056287288665771,
            -0.8328108787536621,
            -0.06671910732984543
        ],
        [
            -0.13301558792591095,
            -0.7998148798942566,
            -0.06990840286016464
        ],
        [
            -0.12338949739933014,
            -0.8021633625030518,
            -0.07462136447429657
        ],
        [
            -0.13217845559120178,
            -0.8108190894126892,
            -0.07365232706069946
        ],
        [
            -0.1393880993127823,
            -0.8063148260116577,
            -0.06802761554718018
        ],
        [
            -0.11442635953426361,
            -0.7815808653831482,
            -0.07050185650587082
        ],
        [
            -0.11469447612762451,
            -0.7690293788909912,
            -0.0647459477186203
        ],
        [
            -0.10164788365364075,
            -0.7678965926170349,
            -0.0681927502155304
        ],
        [
            -0.10007324814796448,
            -0.780610203742981,
            -0.07303853332996368
        ],
        [
            -0.13863134384155273,
            -0.7652539014816284,
            -0.030336476862430573
        ],
        [
            -0.1344195157289505,
            -0.760625958442688,
            -0.03637796640396118
        ],
        [
            -0.13850411772727966,
            -0.766352653503418,
            -0.03989645093679428
        ],
        [
            -0.14174991846084595,
            -0.7705707550048828,
            -0.03322494402527809
        ],
        [
            -0.1483888328075409,
            -0.769267201423645,
            -0.020442962646484375
        ],
        [
            -0.1492505967617035,
            -0.7755987644195557,
            -0.021250197663903236
        ],
        [
            -0.15519346296787262,
            -0.7754119634628296,
            -0.016008008271455765
        ],
        [
            -0.1548691987991333,
            -0.7679545283317566,
            -0.016154997050762177
        ],
        [
            -0.1346018761396408,
            -0.7612389326095581,
            -0.025237254798412323
        ],
        [
            -0.13000226020812988,
            -0.7567729949951172,
            -0.03163197636604309
        ],
        [
            -0.14256393909454346,
            -0.7688477635383606,
            -0.025229867547750473
        ],
        [
            -0.14153607189655304,
            -0.7641039490699768,
            -0.02372649498283863
        ],
        [
            -0.1459026336669922,
            -0.7529910802841187,
            -0.020891766995191574
        ],
        [
            -0.14772430062294006,
            -0.7575752139091492,
            -0.02216484770178795
        ],
        [
            -0.15354837477207184,
            -0.7542957067489624,
            -0.018601534888148308
        ],
        [
            -0.14959126710891724,
            -0.7502479553222656,
            -0.017703212797641754
        ],
        [
            -0.13821938633918762,
            -0.7581562995910645,
            -0.024158000946044922
        ],
        [
            -0.14228659868240356,
            -0.7588270902633667,
            -0.02440498024225235
        ],
        [
            -0.14169594645500183,
            -0.7543997168540955,
            -0.02214328572154045
        ],
        [
            -0.1376795768737793,
            -0.7546643018722534,
            -0.020853877067565918
        ],
        [
            -0.1479024589061737,
            -0.7642775177955627,
            -0.020220017060637474
        ],
        [
            -0.15445104241371155,
            -0.761457622051239,
            -0.017010675743222237
        ],
        [
            -0.16063959896564484,
            -0.7581930160522461,
            -0.012783536687493324
        ],
        [
            -0.15846940875053406,
            -0.7495506405830383,
            -0.014050209894776344
        ],
        [
            -0.12174457311630249,
            -0.7542109489440918,
            -0.048444151878356934
        ],
        [
            -0.12895455956459045,
            -0.7569605112075806,
            -0.043031495064496994
        ],
        [
            -0.12553837895393372,
            -0.7531768083572388,
            -0.03801187127828598
        ],
        [
            -0.12028741836547852,
            -0.7506583333015442,
            -0.04321052134037018
        ],
        [
            -0.13316398859024048,
            -0.7543033361434937,
            -0.02224903181195259
        ],
        [
            -0.12387381494045258,
            -0.7421553134918213,
            -0.026825087144970894
        ],
        [
            -0.12636880576610565,
            -0.7449553608894348,
            -0.026898637413978577
        ],
        [
            -0.1296098232269287,
            -0.7430062890052795,
            -0.020768705755472183
        ],
        [
            -0.12721356749534607,
            -0.7404766082763672,
            -0.021348081529140472
        ],
        [
            -0.10628953576087952,
            -0.7485930919647217,
            -0.054712262004613876
        ],
        [
            -0.10872605443000793,
            -0.7448803186416626,
            -0.048848360776901245
        ],
        [
            -0.10243253409862518,
            -0.7411684989929199,
            -0.049762971699237823
        ],
        [
            -0.09815213084220886,
            -0.7447710633277893,
            -0.05499788001179695
        ],
        [
            -0.0980520248413086,
            -0.7373526692390442,
            -0.0474439337849617
        ],
        [
            -0.09103241562843323,
            -0.7407520413398743,
            -0.05397306755185127
        ],
        [
            -0.08241014182567596,
            -0.7294219136238098,
            -0.0454542301595211
        ],
        [
            -0.0860382616519928,
            -0.7346866726875305,
            -0.0498884841799736
        ],
        [
            -0.09474435448646545,
            -0.7327395677566528,
            -0.04362551122903824
        ],
        [
            -0.09382946789264679,
            -0.7268131971359253,
            -0.038251541554927826
        ],
        [
            -0.10211043059825897,
            -0.7250462770462036,
            -0.02609705552458763
        ],
        [
            -0.102924644947052,
            -0.7224184274673462,
            -0.020258992910385132
        ],
        [
            -0.09442326426506042,
            -0.714367151260376,
            -0.02549981325864792
        ],
        [
            -0.09417784214019775,
            -0.7194294929504395,
            -0.03160043805837631
        ],
        [
            -0.11664417386054993,
            -0.7403282523155212,
            -0.026539843529462814
        ],
        [
            -0.11476761102676392,
            -0.7422088384628296,
            -0.03055618330836296
        ],
        [
            -0.11747315526008606,
            -0.7419099807739258,
            -0.03076896257698536
        ],
        [
            -0.12045639753341675,
            -0.7406344413757324,
            -0.026608889922499657
        ],
        [
            -0.11344966292381287,
            -0.743172824382782,
            -0.03428691625595093
        ],
        [
            -0.11281491816043854,
            -0.743511438369751,
            -0.035967424511909485
        ],
        [
            -0.11455497145652771,
            -0.7437119483947754,
            -0.035683125257492065
        ],
        [
            -0.11423641443252563,
            -0.7434929609298706,
            -0.03432425111532211
        ],
        [
            -0.11439579725265503,
            -0.742803692817688,
            -0.03231501579284668
        ],
        [
            -0.11345440149307251,
            -0.7410728931427002,
            -0.03133451193571091
        ],
        [
            -0.11329908668994904,
            -0.7422551512718201,
            -0.03339086100459099
        ],
        [
            -0.11494219303131104,
            -0.7385881543159485,
            -0.027785472571849823
        ],
        [
            -0.11900849640369415,
            -0.7315839529037476,
            -0.01553434319794178
        ],
        [
            -0.11841100454330444,
            -0.7328561544418335,
            -0.01907196082174778
        ],
        [
            -0.1202077865600586,
            -0.7368771433830261,
            -0.01741446740925312
        ],
        [
            -0.12094926834106445,
            -0.7359811067581177,
            -0.014441441744565964
        ],
        [
            -0.11701245605945587,
            -0.7441244125366211,
            -0.03421704098582268
        ],
        [
            -0.11779259145259857,
            -0.7454942464828491,
            -0.03631121665239334
        ],
        [
            -0.12187814712524414,
            -0.7453994154930115,
            -0.032385047525167465
        ],
        [
            -0.11963255703449249,
            -0.7436429262161255,
            -0.031285420060157776
        ],
        [
            -0.11896836757659912,
            -0.747114896774292,
            -0.03915460407733917
        ],
        [
            -0.1150108277797699,
            -0.7450605630874634,
            -0.03793254494667053
        ],
        [
            -0.11534711718559265,
            -0.7459778785705566,
            -0.04119358956813812
        ],
        [
            -0.11167192459106445,
            -0.7421486973762512,
            -0.03545974940061569
        ],
        [
            -0.10966488718986511,
            -0.741849422454834,
            -0.03832799568772316
        ],
        [
            -0.11216533184051514,
            -0.7432258129119873,
            -0.03879665955901146
        ],
        [
            -0.10789227485656738,
            -0.7389742732048035,
            -0.03640136495232582
        ],
        [
            -0.11116763949394226,
            -0.7399630546569824,
            -0.0330042727291584
        ],
        [
            -0.1120409220457077,
            -0.736676812171936,
            -0.029549967497587204
        ],
        [
            -0.11349740624427795,
            -0.733077883720398,
            -0.02506162039935589
        ],
        [
            -0.10830792784690857,
            -0.731316089630127,
            -0.027698900550603867
        ],
        [
            -0.10763433575630188,
            -0.7351587414741516,
            -0.032680194824934006
        ],
        [
            -0.1239691972732544,
            -0.7488665580749512,
            -0.034466419368982315
        ],
        [
            -0.11063006520271301,
            -0.743854820728302,
            -0.043171435594558716
        ],
        [
            -0.11491785943508148,
            -0.7486883401870728,
            -0.046300534158945084
        ],
        [
            -0.10673053562641144,
            -0.7408621311187744,
            -0.04328525438904762
        ],
        [
            -0.10352067649364471,
            -0.737661600112915,
            -0.041333943605422974
        ],
        [
            -0.10200124979019165,
            -0.7335565090179443,
            -0.03700266778469086
        ],
        [
            -0.1018676608800888,
            -0.7290403842926025,
            -0.03183149918913841
        ],
        [
            -0.08078165352344513,
            -0.7143627405166626,
            -0.02864665724337101
        ],
        [
            -0.08195826411247253,
            -0.7206875085830688,
            -0.0365031436085701
        ],
        [
            -0.17159204185009003,
            -0.8008006811141968,
            -0.038091760128736496
        ],
        [
            -0.1694992482662201,
            -0.8021125793457031,
            -0.04691315442323685
        ],
        [
            -0.16049492359161377,
            -0.7992278933525085,
            -0.04759986698627472
        ],
        [
            -0.16197675466537476,
            -0.8009718656539917,
            -0.04911112040281296
        ],
        [
            -0.16535025835037231,
            -0.7998904585838318,
            -0.044039465487003326
        ],
        [
            -0.1627207100391388,
            -0.798204779624939,
            -0.043538909405469894
        ],
        [
            -0.1445479691028595,
            -0.8040757179260254,
            -0.06183701008558273
        ],
        [
            -0.14885473251342773,
            -0.8023654818534851,
            -0.05671015381813049
        ],
        [
            -0.14543117582798004,
            -0.8004043102264404,
            -0.05709679424762726
        ],
        [
            -0.14014790952205658,
            -0.7992997169494629,
            -0.06379479914903641
        ],
        [
            -0.14538538455963135,
            -0.7901344299316406,
            -0.049883633852005005
        ],
        [
            -0.1441245824098587,
            -0.7932199239730835,
            -0.0541255921125412
        ],
        [
            -0.14995062351226807,
            -0.7965667247772217,
            -0.0500456802546978
        ],
        [
            -0.15094931423664093,
            -0.7942444682121277,
            -0.04703759402036667
        ],
        [
            -0.15186303853988647,
            -0.7925158739089966,
            -0.04334811121225357
        ],
        [
            -0.15277442336082458,
            -0.791474461555481,
            -0.03903927281498909
        ],
        [
            -0.1487509310245514,
            -0.7879591584205627,
            -0.039789531379938126
        ],
        [
            -0.14706535637378693,
            -0.788512110710144,
            -0.04485635831952095
        ],
        [
            -0.16639679670333862,
            -0.7999099493026733,
            -0.03758347034454346
        ],
        [
            -0.16534847021102905,
            -0.7992147207260132,
            -0.0301821231842041
        ],
        [
            -0.1625978648662567,
            -0.7976624965667725,
            -0.03185148164629936
        ],
        [
            -0.16388365626335144,
            -0.7978144884109497,
            -0.03792838007211685
        ],
        [
            -0.15384051203727722,
            -0.7958046197891235,
            -0.02202584221959114
        ],
        [
            -0.15641579031944275,
            -0.7969034910202026,
            -0.023106489330530167
        ],
        [
            -0.15791133046150208,
            -0.7973372936248779,
            -0.019487343728542328
        ],
        [
            -0.15424691140651703,
            -0.7944933176040649,
            -0.01877720281481743
        ],
        [
            -0.1524324268102646,
            -0.7921745181083679,
            -0.021349148824810982
        ],
        [
            -0.1531054675579071,
            -0.7942997217178345,
            -0.023465044796466827
        ],
        [
            -0.2001245766878128,
            -0.8492212891578674,
            -0.03701087459921837
        ],
        [
            -0.19648084044456482,
            -0.8307299613952637,
            -0.03339919447898865
        ],
        [
            -0.18716058135032654,
            -0.8520963191986084,
            -0.052601974457502365
        ],
        [
            -0.1715753823518753,
            -0.8513672351837158,
            -0.0630473718047142
        ],
        [
            -0.15621499717235565,
            -0.8467401266098022,
            -0.07170095294713974
        ],
        [
            -0.10383866727352142,
            -0.7567611932754517,
            -0.06164766848087311
        ],
        [
            -0.09354989230632782,
            -0.7539871335029602,
            -0.06347135454416275
        ],
        [
            -0.08910506963729858,
            -0.7672984004020691,
            -0.07088486850261688
        ],
        [
            -0.07896445691585541,
            -0.7622857093811035,
            -0.06976952403783798
        ],
        [
            -0.08436363935470581,
            -0.7484984397888184,
            -0.06199327111244202
        ],
        [
            -0.07142075896263123,
            -0.7343925833702087,
            -0.0501834899187088
        ],
        [
            -0.07675424218177795,
            -0.7416144013404846,
            -0.057751476764678955
        ],
        [
            -0.06897972524166107,
            -0.7572770714759827,
            -0.06632904708385468
        ],
        [
            -0.06431595981121063,
            -0.7762197256088257,
            -0.07430034875869751
        ],
        [
            -0.07532969117164612,
            -0.7775551080703735,
            -0.07561376690864563
        ],
        [
            -0.06389251351356506,
            -0.7968344688415527,
            -0.07749383896589279
        ],
        [
            -0.050996825098991394,
            -0.7755554914474487,
            -0.07151547074317932
        ],
        [
            -0.055849745869636536,
            -0.8010821342468262,
            -0.07484561204910278
        ],
        [
            -0.04228678345680237,
            -0.7452059984207153,
            -0.05764489620923996
        ],
        [
            -0.037288665771484375,
            -0.7395786046981812,
            -0.059249699115753174
        ],
        [
            -0.027223482728004456,
            -0.7520824670791626,
            -0.0693444311618805
        ],
        [
            -0.03333330154418945,
            -0.7584700584411621,
            -0.06831193715333939
        ],
        [
            -0.08646923303604126,
            -0.7792338132858276,
            -0.07579109072685242
        ],
        [
            -0.13306903839111328,
            -0.824094295501709,
            -0.07523083686828613
        ],
        [
            -0.14164626598358154,
            -0.8163105249404907,
            -0.07084643840789795
        ],
        [
            -0.12231385707855225,
            -0.8163334131240845,
            -0.0778885930776596
        ],
        [
            -0.15585505962371826,
            -0.8831481337547302,
            -0.07397935539484024
        ],
        [
            -0.16634154319763184,
            -0.868017315864563,
            -0.06873954832553864
        ],
        [
            -0.1516301929950714,
            -0.8608022332191467,
            -0.07625870406627655
        ],
        [
            -0.14401960372924805,
            -0.8756294250488281,
            -0.08046391606330872
        ],
        [
            -0.1845892071723938,
            -0.9031732082366943,
            -0.04482867196202278
        ],
        [
            -0.19572244584560394,
            -0.8769887685775757,
            -0.042893070727586746
        ],
        [
            -0.18309222161769867,
            -0.8740993142127991,
            -0.055737756192684174
        ],
        [
            -0.17323483526706696,
            -0.894524097442627,
            -0.05901454761624336
        ],
        [
            -0.1345990002155304,
            -0.8853297233581543,
            -0.08305540680885315
        ],
        [
            -0.12139841914176941,
            -0.8982757329940796,
            -0.08414310216903687
        ],
        [
            -0.1261470913887024,
            -0.9146052598953247,
            -0.0794254019856453
        ],
        [
            -0.14383994042873383,
            -0.9006563425064087,
            -0.0772748589515686
        ],
        [
            -0.13303795456886292,
            -0.9342325925827026,
            -0.06649927794933319
        ],
        [
            -0.15482516586780548,
            -0.9176863431930542,
            -0.06362814456224442
        ],
        [
            -0.03949825465679169,
            -0.79509437084198,
            -0.07231251895427704
        ],
        [
            -0.048654764890670776,
            -0.8132076859474182,
            -0.07307624816894531
        ],
        [
            -0.04207812249660492,
            -0.7650266885757446,
            -0.06760561466217041
        ],
        [
            -0.031934693455696106,
            -0.7812121510505676,
            -0.07196870446205139
        ],
        [
            -0.13825231790542603,
            -0.9487650394439697,
            -0.04781204089522362
        ],
        [
            -0.16433753073215485,
            -0.9299036264419556,
            -0.045244134962558746
        ],
        [
            -0.06820085644721985,
            -0.9123749732971191,
            -0.07632527500391006
        ],
        [
            -0.08652466535568237,
            -0.9206318855285645,
            -0.07687950134277344
        ],
        [
            -0.09050649404525757,
