{
    "pred_cam": [
        1.4066662788391113,
        0.13293428719043732,
        0.2664783000946045
    ],
    "pred_smpl_params": {
        "global_orient": [
            [
                [
                    -0.3735044002532959,
                    0.13460220396518707,
                    -0.9178109169006348
                ],
                [
                    0.1924373358488083,
                    -0.9566490054130554,
                    -0.21861068904399872
                ],
                [
                    -0.9074482917785645,
                    -0.2582731246948242,
                    0.33141010999679565
                ]
            ]
        ],
        "body_pose": [
            [
                [
                    0.9968938231468201,
                    0.04078543558716774,
                    0.06737326830625534
                ],
                [
                    -0.05192774906754494,
                    0.9835628271102905,
                    0.17293831706047058
                ],
                [
                    -0.05921247974038124,
                    -0.1758996993303299,
                    0.9826256036758423
                ]
            ],
            [
                [
                    0.9822477698326111,
                    0.16202354431152344,
                    -0.0945395678281784
                ],
                [
                    -0.1583823710680008,
                    0.986357569694519,
                    0.04487476497888565
                ],
                [
                    0.10052058845758438,
                    -0.02910473756492138,
                    0.994509220123291
                ]
            ],
            [
                [
                    0.9974921345710754,
                    -0.04791433364152908,
                    0.05209273099899292
                ],
                [
                    0.055685073137283325,
                    0.9855859279632568,
                    -0.15974852442741394
                ],
                [
                    -0.0436876155436039,
                    0.16224868595600128,
                    0.9857823252677917
                ]
            ],
            [
                [
                    0.9825623631477356,
                    0.1845194697380066,
                    0.022886257618665695
                ],
                [
                    -0.1824006289243698,
                    0.980444073677063,
                    -0.07388812303543091
                ],
                [
                    -0.036072492599487305,
                    0.06842521578073502,
                    0.9970039129257202
                ]
            ],
            [
                [
                    0.9907859563827515,
                    0.04418151080608368,
                    0.1280278116464615
                ],
                [
                    -0.04074906185269356,
                    0.9987394213676453,
                    -0.02930787391960621
                ],
                [
                    -0.1291613131761551,
                    0.023820819333195686,
                    0.9913373589515686
                ]
            ],
            [
                [
                    0.9882839322090149,
                    -0.14848922193050385,
                    0.035297051072120667
                ],
                [
                    0.15039458870887756,
                    0.9868381023406982,
                    -0.05943075194954872
                ],
                [
                    -0.026007650420069695,
                    0.06404294073581696,
                    0.9976082444190979
                ]
            ],
            [
                [
                    0.9719677567481995,
                    0.029913222417235374,
                    0.2332032471895218
                ],
                [
                    -0.021280141547322273,
                    0.9989950060844421,
                    -0.03944848105311394
                ],
                [
                    -0.23414890468120575,
                    0.03338005021214485,
                    0.9716274738311768
                ]
            ],
            [
                [
                    0.967218816280365,
                    -0.07833033055067062,
                    -0.24156178534030914
                ],
                [
                    0.0669243186712265,
                    0.9962366223335266,
                    -0.05507943779230118
                ],
                [
                    0.24496708810329437,
                    0.03710751235485077,
                    0.9688209891319275
                ]
            ],
            [
                [
                    0.9979304671287537,
                    -0.056071311235427856,
                    0.031477540731430054
                ],
                [
                    0.05904648080468178,
                    0.9928974509239197,
                    -0.10328681021928787
                ],
                [
                    -0.025462541729211807,
                    0.10493168979883194,
                    0.9941534399986267
                ]
            ],
            [
                [
                    0.9977724552154541,
                    -0.05477389320731163,
                    0.038078732788562775
                ],
                [
                    0.056139104068279266,
                    0.9977824091911316,
                    -0.035756807774305344
                ],
                [
                    -0.036035750061273575,
                    0.03781485930085182,
                    0.9986347556114197
                ]
            ],
            [
                [
                    0.9968079328536987,
                    0.07684843242168427,
                    -0.021640967577695847
                ],
                [
                    -0.07592309266328812,
                    0.9962806105613708,
                    0.04075058549642563
                ],
                [
                    0.024692095816135406,
                    -0.03897745534777641,
                    0.9989349842071533
                ]
            ],
            [
                [
                    0.9786834120750427,
                    0.019493458792567253,
                    0.204447939991951
                ],
                [
                    0.03762894123792648,
                    0.961613655090332,
                    -0.2718149423599243
                ],
                [
                    -0.20189853012561798,
                    0.2737138867378235,
                    0.9403818249702454
                ]
            ],
            [
                [
                    0.9244982004165649,
                    -0.15623076260089874,
                    -0.3476995825767517
                ],
                [
                    0.19135849177837372,
                    0.979101300239563,
                    0.06886648386716843
                ],
                [
                    0.32967403531074524,
                    -0.13020220398902893,
                    0.9350734949111938
                ]
            ],
            [
                [
                    0.9351945519447327,
                    -0.23804815113544464,
                    0.2621915340423584
                ],
                [
                    0.23699693381786346,
                    0.9708390831947327,
                    0.036111608147621155
                ],
                [
                    -0.26314204931259155,
                    0.028367221355438232,
                    0.964340090751648
                ]
            ],
            [
                [
                    0.9971455931663513,
                    0.02884390577673912,
                    -0.06977635622024536
                ],
                [
                    -0.05626925826072693,
                    0.9000961184501648,
                    -0.43204250931739807
                ],
                [
                    0.05034363642334938,
                    0.4347355365753174,
                    0.8991498947143555
                ]
            ],
            [
                [
                    0.802678644657135,
                    0.20228326320648193,
                    -0.5610601305961609
                ],
                [
                    -0.21612966060638428,
                    0.975440263748169,
                    0.04247768595814705
                ],
                [
                    0.5558730959892273,
                    0.08716581761837006,
                    0.8266844749450684
                ]
            ],
            [
                [
                    0.5863606929779053,
                    -0.6815403699874878,
                    0.43781715631484985
                ],
                [
                    0.7723975777626038,
                    0.6332728862762451,
                    -0.04865625873208046
                ],
                [
                    -0.2440965324640274,
                    0.3666990399360657,
                    0.8977464437484741
                ]
            ],
            [
                [
                    0.18550531566143036,
                    -0.10027983784675598,
                    -0.9775130152702332
                ],
                [
                    -0.20853573083877563,
                    0.9681026339530945,
                    -0.13888885080814362
                ],
                [
                    0.9602607488632202,
                    0.22961102426052094,
                    0.15867625176906586
                ]
            ],
            [
                [
                    0.28084596991539,
                    0.1794261336326599,
                    0.9428317546844482
                ],
                [
                    0.09115634858608246,
                    0.9729414582252502,
                    -0.21230939030647278
                ],
                [
                    -0.9554141163825989,
                    0.14557133615016937,
                    0.2568908631801605
                ]
            ],
            [
                [
                    0.9870405793190002,
                    -0.07414856553077698,
                    -0.14231295883655548
                ],
                [
                    0.07660862058401108,
                    0.9969905018806458,
                    0.01187808159738779
                ],
                [
                    0.14100392162799835,
                    -0.022626547142863274,
                    0.9897505044937134
                ]
            ],
            [
                [
                    0.9920483827590942,
                    0.018295936286449432,
                    0.1245206966996193
                ],
                [
                    -0.05453990399837494,
                    0.9541488885879517,
                    0.2943219840526581
                ],
                [
                    -0.11342637985944748,
                    -0.2987729609012604,
                    0.9475597143173218
                ]
            ],
            [
                [
                    0.9918016791343689,
                    0.11213186383247375,
                    -0.06128467619419098
                ],
                [
                    -0.1051824614405632,
                    0.9887019395828247,
                    0.10679423809051514
                ],
                [
                    0.07256732136011124,
                    -0.09947264194488525,
                    0.9923905730247498
                ]
            ],
            [
                [
                    0.9910816550254822,
                    -0.13278508186340332,
                    -0.011191182769834995
                ],
                [
                    0.13308656215667725,
                    0.9820936322212219,
                    0.13334167003631592
                ],
                [
                    -0.006714997347444296,
                    -0.13364188373088837,
                    0.9910069108009338
                ]
            ]
        ],
        "betas": [
            -0.1792249083518982,
            -0.2534426748752594,
            0.2206098735332489,
            0.5993319153785706,
            0.20661714673042297,
            0.0823480486869812,
            -0.004133731126785278,
            -0.10367375612258911,
            0.11216514557600021,
            0.0048097968101501465
        ]
    },
    "pred_cam_t": [
        0.13293428719043732,
        0.2664783000946045,
        27.76955795288086
    ],
    "focal_length": [
        5000.0,
        5000.0
    ],
    "pred_keypoints_3d": [
        [
            -0.14843611419200897,
            -0.7434477806091309,
            0.00123610720038414
        ],
        [
            0.03292983025312424,
            -0.7338380813598633,
            -0.016683444380760193
        ],
        [
            0.0688469260931015,
            -0.6333414912223816,
            0.15459346771240234
        ],
        [
            0.04610414057970047,
            -0.3967921733856201,
            0.23009063303470612
        ],
        [
            -0.17737722396850586,
            -0.33238571882247925,
            0.1390504688024521
        ],
        [
            -0.03436087816953659,
            -0.6947875618934631,
            -0.17271758615970612
        ],
        [
            -0.26126185059547424,
            -0.6671290993690491,
            -0.28717461228370667
        ],
        [
            -0.37816596031188965,
            -0.5919927954673767,
            -0.08619619905948639
        ],
        [
            -0.0020953917410224676,
            -0.22902700304985046,
            0.028623055666685104
        ],
        [
            0.014798084273934364,
            -0.15454958379268646,
            0.11194361746311188
        ],
        [
            0.0030006421729922295,
            0.17380140721797943,
            0.29126107692718506
        ],
        [
            0.014434433542191982,
            0.5357220768928528,
            0.4341162145137787
        ],
        [
            -0.0341511033475399,
            -0.12672902643680573,
            -0.012874048203229904
        ],
        [
            -0.14223045110702515,
            0.2092423290014267,
            0.083786740899086
        ],
        [
            -0.15566961467266083,
            0.5464795231819153,
            0.2768579125404358
        ],
        [
            -0.14331015944480896,
            -0.7932100892066956,
            0.03728087246417999
        ],
        [
            -0.15167289972305298,
            -0.7963284254074097,
            -0.02860146202147007
        ],
        [
            -0.05539470911026001,
            -0.8404038548469543,
            0.07290206849575043
        ],
        [
            -0.07537974417209625,
            -0.8472650647163391,
            -0.07533476501703262
        ],
        [
            -0.35186767578125,
            0.5678306818008423,
            0.3205427825450897
        ],
        [
            -0.31099697947502136,
            0.6077080965042114,
            0.25916987657546997
        ],
        [
            -0.10287874937057495,
            0.5888993740081787,
            0.28380560874938965
        ],
        [
            -0.15281251072883606,
            0.5402661561965942,
            0.5429720282554626
        ],
        [
            -0.07305005192756653,
            0.5331931710243225,
            0.5800163745880127
        ],
        [
            0.06311173737049103,
            0.5885844826698303,
            0.42623230814933777
        ],
        [
            0.050959356129169464,
            0.4899519681930542,
            0.4191014766693115
        ],
        [
            0.005571555346250534,
            0.11551586538553238,
            0.26185038685798645
        ],
        [
            0.06446991860866547,
            -0.2853178381919861,
            0.14975309371948242
        ],
        [
            -0.03053443878889084,
            -0.2102978229522705,
            -0.11746885627508163
        ],
        [
            -0.1345839500427246,
            0.17408989369869232,
            0.05830215662717819
        ],
        [
            -0.12863148748874664,
            0.5259680151939392,
            0.2484477460384369
        ],
        [
            -0.16407713294029236,
            -0.3709868788719177,
            0.13586434721946716
        ],
        [
            0.02229519560933113,
            -0.42515039443969727,
            0.24832682311534882
        ],
        [
            0.06418267637491226,
            -0.6647979021072388,
            0.12135136872529984
        ],
        [
            -0.016455059871077538,
            -0.7180694937705994,
            -0.1567307859659195
        ],
        [
            -0.2534656226634979,
            -0.7031684517860413,
            -0.2599044144153595
        ],
        [
            -0.36016690731048584,
            -0.6078275442123413,
            -0.08238459378480911
        ],
        [
            0.027004264295101166,
            -0.7298284769058228,
            -0.011308291926980019
        ],
        [
            -0.11211846768856049,
            -0.8749983310699463,
            0.0018912830855697393
        ],
        [
            0.01677989773452282,
            -0.2483326494693756,
            0.015444455668330193
        ],
        [
            0.02382110431790352,
            -0.6856092810630798,
            -0.014888450503349304
        ],
        [
            0.053964219987392426,
            -0.4920561611652374,
            -0.030305633321404457
        ],
        [
            -0.07409998774528503,
            -0.7664742469787598,
            -0.010864434763789177
        ],
        [
            -0.11650577932596207,
            -0.8936660885810852,
            0.007371634244918823
        ]
    ],
    "pred_vertices": [
        [
            -0.1832754760980606,
            -0.8335479497909546,
            -0.035645339637994766
        ],
        [
            -0.17913594841957092,
            -0.8174116611480713,
            -0.031118718907237053
        ],
        [
            -0.1711055338382721,
            -0.8207187652587891,
            -0.042938049882650375
        ],
        [
            -0.1705377846956253,
            -0.8349466323852539,
            -0.047723062336444855
        ],
        [
            -0.1695808470249176,
            -0.8095892667770386,
            -0.03960805758833885
        ],
        [
            -0.17455385625362396,
            -0.806125283241272,
            -0.029171813279390335
        ],
        [
            -0.15963226556777954,
            -0.8221869468688965,
            -0.050921712070703506
        ],
        [
            -0.156086727976799,
            -0.8346553444862366,
            -0.055458586663007736
        ],
        [
            -0.12920810282230377,
            -0.8013458251953125,
            -0.06026922166347504
        ],
        [
            -0.11964845657348633,
            -0.8038117289543152,
            -0.06501772254705429
        ],
        [
            -0.12825164198875427,
            -0.8124029636383057,
            -0.06360885500907898
        ],
        [
            -0.1354091614484787,
            -0.807792603969574,
            -0.0580778531730175
        ],
        [
            -0.11094360053539276,
            -0.7827887535095215,
            -0.06173120066523552
        ],
        [
            -0.11126843094825745,
            -0.7701036930084229,
            -0.056293800473213196
        ],
        [
            -0.09829652309417725,
            -0.768845796585083,
            -0.06010202318429947
        ],
        [
            -0.09662312269210815,
            -0.7817091941833496,
            -0.06464992463588715
        ],
        [
            -0.13455963134765625,
            -0.7657503485679626,
            -0.02157728746533394
        ],
        [
            -0.13052880764007568,
            -0.7611968517303467,
            -0.02782595157623291
        ],
        [
            -0.1346096694469452,
            -0.7670958638191223,
            -0.03109835833311081
        ],
        [
            -0.13767512142658234,
            -0.7711994647979736,
            -0.02426905557513237
        ],
        [
            -0.14401298761367798,
            -0.7695791125297546,
            -0.011401038616895676
        ],
        [
            -0.14480505883693695,
            -0.7759610414505005,
            -0.011991851031780243
        ],
        [
            -0.1506112515926361,
            -0.7757024765014648,
            -0.006620224565267563
        ],
        [
            -0.15038913488388062,
            -0.7682374715805054,
            -0.00700586661696434
        ],
        [
            -0.13045868277549744,
            -0.7615045309066772,
            -0.016703786328434944
        ],
        [
            -0.12607470154762268,
            -0.7571697235107422,
            -0.023314857855439186
        ],
        [
            -0.13830897212028503,
            -0.7692711353302002,
            -0.01632775366306305
        ],
        [
            -0.13731352984905243,
            -0.764390230178833,
            -0.014967860653996468
        ],
        [
            -0.1417393535375595,
            -0.7532438039779663,
            -0.012336049228906631
        ],
        [
            -0.14353060722351074,
            -0.7578974366188049,
            -0.013437097892165184
        ],
        [
            -0.1492680311203003,
            -0.754619836807251,
            -0.009821534156799316
        ],
        [
            -0.14536848664283752,
            -0.7504606246948242,
            -0.00917663425207138
        ],
        [
            -0.13409875333309174,
            -0.7584097385406494,
            -0.01564454659819603
        ],
        [
            -0.1381186544895172,
            -0.7591672539710999,
            -0.01574396714568138
        ],
        [
            -0.13755695521831512,
            -0.7546571493148804,
            -0.013634707778692245
        ],
        [
            -0.13353997468948364,
            -0.7548393607139587,
            -0.012447251006960869
        ],
        [
            -0.14357078075408936,
            -0.7645952701568604,
            -0.01131790317595005
        ],
        [
            -0.15006200969219208,
            -0.7617745995521545,
            -0.008035041391849518
        ],
        [
            -0.15617723762989044,
            -0.7584683895111084,
            -0.0037493258714675903
        ],
        [
            -0.15417411923408508,
            -0.7497756481170654,
            -0.005291629582643509
        ],
        [
            -0.11818982660770416,
            -0.754967212677002,
            -0.040284402668476105
        ],
        [
            -0.1252250224351883,
            -0.7577269077301025,
            -0.03468867018818855
        ],
        [
            -0.12180042266845703,
            -0.753730297088623,
            -0.029857423156499863
        ],
        [
            -0.1166885495185852,
            -0.7512767314910889,
            -0.03519659861922264
        ],
        [
            -0.12907637655735016,
            -0.7544269561767578,
            -0.013955419883131981
        ],
        [
            -0.12004625797271729,
            -0.7422952651977539,
            -0.01902582123875618
        ],
        [
            -0.1225036084651947,
            -0.7451225519180298,
            -0.018983446061611176
        ],
        [
            -0.12563391029834747,
            -0.7430583238601685,
            -0.012846872210502625
        ],
        [
            -0.123288094997406,
            -0.7405064105987549,
            -0.013546289876103401
        ],
        [
            -0.10294979810714722,
            -0.7492737174034119,
            -0.047040726989507675
        ],
        [
            -0.105328768491745,
            -0.7454252243041992,
            -0.04122842848300934
        ],
        [
            -0.09912179410457611,
            -0.7415941953659058,
            -0.04241408035159111
        ],
        [
            -0.09488290548324585,
            -0.7452797293663025,
            -0.04764937981963158
        ],
        [
            -0.09473499655723572,
            -0.7375861406326294,
            -0.04034097120165825
        ],
        [
            -0.08785814046859741,
            -0.7410405278205872,
            -0.04691299796104431
        ],
        [
            -0.07931829988956451,
            -0.7292966842651367,
            -0.038997434079647064
        ],
        [
            -0.0829034149646759,
            -0.7347421050071716,
            -0.043161891400814056
        ],
        [
            -0.09142500162124634,
            -0.7327452898025513,
            -0.03679614141583443
        ],
        [
            -0.090518519282341,
            -0.7266168594360352,
            -0.03165227174758911
        ],
        [
            -0.09855712950229645,
            -0.724738359451294,
            -0.019333848729729652
        ],
        [
            -0.09928017854690552,
            -0.7219696640968323,
            -0.01353897899389267
        ],
        [
            -0.09089529514312744,
            -0.7139284610748291,
            -0.01917419396340847
        ],
        [
            -0.09081010520458221,
            -0.7190569639205933,
            -0.025210658088326454
        ],
        [
            -0.11285194754600525,
            -0.7403805255889893,
            -0.018955431878566742
        ],
        [
            -0.11104974150657654,
            -0.742340087890625,
            -0.02296093851327896
        ],
        [
            -0.11374485492706299,
            -0.7421021461486816,
            -0.023103198036551476
        ],
        [
            -0.11665275692939758,
            -0.7407673597335815,
            -0.0189242921769619
        ],
        [
            -0.10980832576751709,
            -0.74337238073349,
            -0.026675377041101456
        ],
        [
            -0.10921065509319305,
            -0.7437498569488525,
            -0.028350166976451874
        ],
        [
            -0.11092238128185272,
            -0.7439824342727661,
            -0.02801763266324997
        ],
        [
            -0.11058351397514343,
            -0.7437711954116821,
            -0.0266839899122715
        ],
        [
            -0.11072266101837158,
            -0.7430091500282288,
            -0.024699978530406952
        ],
        [
            -0.10981151461601257,
            -0.7412008047103882,
            -0.023825829848647118
        ],
        [
            -0.10968798398971558,
            -0.7424079179763794,
            -0.025820109993219376
        ],
        [
            -0.11124838888645172,
            -0.7386512756347656,
            -0.020310454070568085
        ],
        [
            -0.11512857675552368,
            -0.7313418388366699,
            -0.008156195282936096
        ],
        [
            -0.11461909115314484,
            -0.7327295541763306,
            -0.011683272197842598
        ],
        [
            -0.1162940263748169,
            -0.736742377281189,
            -0.009861752390861511
        ],
        [
            -0.11696231365203857,
            -0.7357099056243896,
            -0.0068977586925029755
        ],
        [
            -0.11333459615707397,
            -0.7444186806678772,
            -0.02648685686290264
        ],
        [
            -0.11412984132766724,
            -0.7458363175392151,
            -0.028526658192276955
        ],
        [
            -0.11813163757324219,
            -0.7456936240196228,
            -0.02453702874481678
        ],
        [
            -0.11588865518569946,
            -0.7438704967498779,
            -0.023522794246673584
        ],
        [
            -0.11534008383750916,
            -0.7475792169570923,
            -0.03129630163311958
        ],
        [
            -0.11141568422317505,
            -0.7453969717025757,
            -0.030204061418771744
        ],
        [
            -0.11178833246231079,
            -0.746391773223877,
            -0.033408522605895996
        ],
        [
            -0.10809800028800964,
            -0.7423199415206909,
            -0.02792801521718502
        ],
        [
            -0.10614930093288422,
            -0.7420538663864136,
            -0.030839502811431885
        ],
        [
            -0.10862475633621216,
            -0.7435155510902405,
            -0.03118702955543995
        ],
        [
            -0.10442708432674408,
            -0.7390559911727905,
            -0.029090233147144318
        ],
        [
            -0.10758382081985474,
            -0.7400369644165039,
            -0.025592627003788948
        ],
        [
            -0.10842485725879669,
            -0.7366772890090942,
            -0.022220080718398094
        ],
        [
            -0.10980448126792908,
            -0.7330081462860107,
            -0.017782071605324745
        ],
        [
            -0.1047087013721466,
            -0.73121577501297,
            -0.020586974918842316
        ],
        [
            -0.10412244498729706,
            -0.7351493239402771,
            -0.025494003668427467
        ],
        [
            -0.12022900581359863,
            -0.7492182850837708,
            -0.02647879160940647
        ],
        [
            -0.10714268684387207,
            -0.7442677021026611,
            -0.035562485456466675
        ],
        [
            -0.11138863861560822,
            -0.7493268251419067,
            -0.03842908516526222
        ],
        [
            -0.10329774022102356,
            -0.7411847710609436,
            -0.035866983234882355
        ],
        [
            -0.10012346506118774,
            -0.7378197908401489,
            -0.034131210297346115
        ],
        [
            -0.09854483604431152,
            -0.7334929704666138,
            -0.02998248115181923
        ],
        [
            -0.0983438640832901,
            -0.7288796901702881,
            -0.024927213788032532
        ],
        [
            -0.07730117440223694,
            -0.7137998342514038,
            -0.022612040862441063
        ],
        [
            -0.07867515087127686,
            -0.7202289700508118,
            -0.030346784740686417
        ],
        [
            -0.16711798310279846,
            -0.8019357919692993,
            -0.027641598135232925
        ],
        [
            -0.16517844796180725,
            -0.8034451007843018,
            -0.03642906993627548
        ],
        [
            -0.15623021125793457,
            -0.8004935383796692,
            -0.03742058575153351
        ],
        [
            -0.1576865017414093,
            -0.8022847771644592,
            -0.03888517990708351
        ],
        [
            -0.16101574897766113,
            -0.8010834455490112,
            -0.033756621181964874
        ],
        [
            -0.15840843319892883,
            -0.7994036078453064,
            -0.033336952328681946
        ],
        [
            -0.14045169949531555,
            -0.8055154085159302,
            -0.05188421159982681
        ],
        [
            -0.14467346668243408,
            -0.8037593364715576,
            -0.04669368639588356
        ],
        [
            -0.14132553339004517,
            -0.8017401695251465,
            -0.04718686640262604
        ],
        [
            -0.1362093836069107,
            -0.800745964050293,
            -0.054003309458494186
        ],
        [
            -0.1413191854953766,
            -0.7912888526916504,
            -0.04026707634329796
        ],
        [
            -0.14010778069496155,
            -0.7944386005401611,
            -0.04443952068686485
        ],
        [
            -0.14574873447418213,
            -0.7978417873382568,
            -0.04013076797127724
        ],
        [
            -0.14670976996421814,
            -0.7954868078231812,
            -0.037165358662605286
        ],
        [
            -0.14759838581085205,
            -0.7936607599258423,
            -0.03353177756071091
        ],
        [
            -0.1484486162662506,
            -0.792474627494812,
            -0.02925095334649086
        ],
        [
            -0.14449968934059143,
            -0.7889305353164673,
            -0.030192328616976738
        ],
        [
            -0.14291921257972717,
            -0.7895906567573547,
            -0.03527333587408066
        ],
        [
            -0.1618862748146057,
            -0.8010231256484985,
            -0.027304649353027344
        ],
        [
            -0.1607508361339569,
            -0.8000568151473999,
            -0.019919831305742264
        ],
        [
            -0.15800246596336365,
            -0.7986026406288147,
            -0.021709857508540154
        ],
        [
            -0.15939432382583618,
            -0.7989900708198547,
            -0.027745148167014122
        ],
        [
            -0.14918692409992218,
            -0.7962483763694763,
            -0.012118341401219368
        ],
        [
            -0.1517351120710373,
            -0.7974004149436951,
            -0.013127140700817108
        ],
        [
            -0.15312212705612183,
            -0.7977869510650635,
            -0.009446024894714355
        ],
        [
            -0.14954280853271484,
            -0.794854462146759,
            -0.008880097419023514
        ],
        [
            -0.1478601098060608,
            -0.7925770878791809,
            -0.01156688667833805
        ],
        [
            -0.14855721592903137,
            -0.7947681546211243,
            -0.013609206303954124
        ],
        [
            -0.19462430477142334,
            -0.8507110476493835,
            -0.02447904273867607
        ],
        [
            -0.19143259525299072,
            -0.8319551944732666,
            -0.0214814655482769
        ],
        [
            -0.18194560706615448,
            -0.8539208173751831,
            -0.04015117511153221
        ],
        [
            -0.1664896011352539,
            -0.8533082008361816,
            -0.05084638670086861
        ],
        [
            -0.1515071541070938,
            -0.8486976027488708,
            -0.059922873973846436
        ],
        [
            -0.10052643716335297,
            -0.7575674057006836,
            -0.05378956347703934
        ],
        [
            -0.09031224250793457,
            -0.7546919584274292,
            -0.05594991520047188
        ],
        [
            -0.08587078750133514,
            -0.7680888772010803,
            -0.06312526762485504
        ],
        [
            -0.07585182785987854,
            -0.7628893852233887,
            -0.06234104558825493
        ],
        [
            -0.08127908408641815,
            -0.7489446997642517,
            -0.05483761802315712
        ],
        [
            -0.06835503876209259,
            -0.7343921065330505,
            -0.04370594397187233
        ],
        [
            -0.07373206317424774,
            -0.7418410778045654,
            -0.05093427002429962
        ],
        [
            -0.06596031785011292,
            -0.7576382160186768,
            -0.05927976593375206
        ],
        [
            -0.06120593845844269,
            -0.7767734527587891,
            -0.06681167334318161
        ],
        [
            -0.0720626711845398,
            -0.778281569480896,
            -0.06788063794374466
        ],
        [
            -0.060513824224472046,
            -0.7975015044212341,
            -0.06938302516937256
        ],
        [
            -0.047876253724098206,
            -0.7758758664131165,
            -0.06420104205608368
        ],
        [
            -0.052352696657180786,
            -0.8015621900558472,
            -0.0667126327753067
        ],
        [
            -0.03928494453430176,
            -0.7454152703285217,
            -0.05138426646590233
        ],
        [
            -0.034269899129867554,
            -0.739777684211731,
            -0.053328774869441986
        ],
        [
            -0.024454578757286072,
            -0.7524176239967346,
            -0.06334061175584793
        ],
        [
            -0.030481047928333282,
            -0.7587577104568481,
            -0.061851389706134796
        ],
        [
            -0.08310841023921967,
            -0.7802157402038574,
            -0.0677238330245018
        ],
        [
            -0.12891986966133118,
            -0.8258332014083862,
            -0.06483109295368195
        ],
        [
            -0.1375633180141449,
            -0.8179296255111694,
            -0.06049051880836487
        ],
        [
            -0.11835110187530518,
            -0.8178648948669434,
            -0.06804636120796204
        ],
        [
            -0.15065234899520874,
            -0.8851816654205322,
            -0.06128504499793053
        ],
        [
            -0.1613171398639679,
            -0.8700615167617798,
            -0.05617247894406319
        ],
        [
            -0.14675016701221466,
            -0.8628658056259155,
            -0.06427281349897385
        ],
        [
            -0.13903212547302246,
            -0.8776981234550476,
            -0.06810407340526581
        ],
        [
            -0.178738072514534,
            -0.9046878814697266,
            -0.031200002878904343
        ],
        [
            -0.19000989198684692,
            -0.8786500096321106,
            -0.029759708791971207
        ],
        [
            -0.17763711512088776,
            -0.8759292364120483,
            -0.042757708579301834
        ],
        [
            -0.1675930917263031,
            -0.8962464332580566,
            -0.045794226229190826
        ],
        [
            -0.12953102588653564,
            -0.887227475643158,
            -0.07080158591270447
        ],
        [
            -0.1162044107913971,
            -0.8999862670898438,
            -0.07179541885852814
        ],
        [
            -0.12071910500526428,
            -0.916292667388916,
            -0.06664551049470901
        ],
        [
            -0.1385846883058548,
            -0.9025349617004395,
            -0.06454510241746902
        ],
        [
            -0.12702715396881104,
            -0.9356393814086914,
            -0.05323655903339386
        ],
        [
            -0.14909511804580688,
            -0.9192876219749451,
            -0.050266243517398834
        ],
        [
            -0.03606089949607849,
            -0.7952896952629089,
            -0.06459389626979828
        ],
        [
            -0.04496555030345917,
            -0.8136587142944336,
            -0.06465250253677368
        ],
        [
            -0.039113208651542664,
            -0.7652406096458435,
            -0.06067422777414322
        ],
        [
            -0.02880026400089264,
            -0.7812719941139221,
            -0.06485636532306671
        ],
        [
            -0.13172194361686707,
            -0.9495676755905151,
            -0.03399379923939705
        ],
        [
            -0.15805482864379883,
            -0.9310997724533081,
            -0.03131480515003204
        ],
        [
            -0.06272819638252258,
            -0.9133017063140869,
            -0.06492511928081512
        ],
        [
            -0.08098477125167847,
            -0.9216102361679077,
            -0.06484688073396683
        ],
        [
