{
    "pred_cam": [
        1.3910908699035645,
        0.13697737455368042,
        0.26372408866882324
    ],
    "pred_smpl_params": {
        "global_orient": [
            [
                [
                    -0.40085285902023315,
                    0.12471229583024979,
                    -0.9076143503189087
                ],
                [
                    0.16342738270759583,
                    -0.9650670886039734,
                    -0.2047852724790573
                ],
                [
                    -0.9014479517936707,
                    -0.23041780292987823,
                    0.36646848917007446
                ]
            ]
        ],
        "body_pose": [
            [
                [
                    0.9976552724838257,
                    0.020226942375302315,
                    0.06538309901952744
                ],
                [
                    -0.030685333535075188,
                    0.9861243963241577,
                    0.1631474494934082
                ],
                [
                    -0.061175890266895294,
                    -0.1647711992263794,
                    0.9844328761100769
                ]
            ],
            [
                [
                    0.9869897961616516,
                    0.13058780133724213,
                    -0.09379714727401733
                ],
                [
                    -0.12703673541545868,
                    0.9909695386886597,
                    0.0429072305560112
                ],
                [
                    0.09855327755212784,
                    -0.03043331764638424,
                    0.9946662783622742
                ]
            ],
            [
                [
                    0.9983331561088562,
                    -0.02966814674437046,
                    0.04950440302491188
                ],
                [
                    0.03762800619006157,
                    0.9849786758422852,
                    -0.1685262769460678
                ],
                [
                    -0.04376091808080673,
                    0.1701081246137619,
                    0.9844532012939453
                ]
            ],
            [
                [
                    0.9860295057296753,
                    0.16638368368148804,
                    0.007892063818871975
                ],
                [
                    -0.16560351848602295,
                    0.9843015670776367,
                    -0.06104074791073799
                ],
                [
                    -0.01792435348033905,
                    0.05888102576136589,
                    0.9981040954589844
                ]
            ],
            [
                [
                    0.9919760227203369,
                    0.03313086926937103,
                    0.122008316218853
                ],
                [
                    -0.029467066749930382,
                    0.9990625977516174,
                    -0.03171246498823166
                ],
                [
                    -0.12294459342956543,
                    0.027862774208188057,
                    0.9920223951339722
                ]
            ],
            [
                [
                    0.9871589541435242,
                    -0.15700370073318481,
                    0.0294440109282732
                ],
                [
                    0.15871138870716095,
                    0.9848840832710266,
                    -0.06938356161117554
                ],
                [
                    -0.018105458468198776,
                    0.07316571474075317,
                    0.9971554279327393
                ]
            ],
            [
                [
                    0.9692118763923645,
                    0.042350348085165024,
                    0.24255885183811188
                ],
                [
                    -0.03167588263750076,
                    0.9983574151992798,
                    -0.04774164408445358
                ],
                [
                    -0.2441822737455368,
                    0.0385885089635849,
                    0.9689613580703735
                ]
            ],
            [
                [
                    0.9673858880996704,
                    -0.0784563198685646,
                    -0.2408507913351059
                ],
                [
                    0.0655994564294815,
                    0.9959825277328491,
                    -0.06095530837774277
                ],
                [
                    0.2446655035018921,
                    0.04316762462258339,
                    0.9686461091041565
                ]
            ],
            [
                [
                    0.9976726174354553,
                    -0.06510970741510391,
                    0.020248431712388992
                ],
                [
                    0.06666387617588043,
                    0.9937938451766968,
                    -0.0890488401055336
                ],
                [
                    -0.014324823394417763,
                    0.09019143879413605,
                    0.9958213567733765
                ]
            ],
            [
                [
                    0.9976406693458557,
                    -0.06041038781404495,
                    0.0326155461370945
                ],
                [
                    0.061613187193870544,
                    0.9974057674407959,
                    -0.03722473978996277
                ],
                [
                    -0.030282167717814445,
                    0.039146456867456436,
                    0.9987746477127075
                ]
            ],
            [
                [
                    0.9972505569458008,
                    0.07103081792593002,
                    -0.021118691191077232
                ],
                [
                    -0.07036199420690536,
                    0.9970431923866272,
                    0.030885163694620132
                ],
                [
                    0.023250048980116844,
                    -0.02931429259479046,
                    0.9992997646331787
                ]
            ],
            [
                [
                    0.9785758852958679,
                    0.029945475980639458,
                    0.2036973088979721
                ],
                [
                    0.03105352446436882,
                    0.956580400466919,
                    -0.28980985283851624
                ],
                [
                    -0.20353132486343384,
                    0.2899264395236969,
                    0.9351565837860107
                ]
            ],
            [
                [
                    0.9158158302307129,
                    -0.17852431535720825,
                    -0.35973671078681946
                ],
                [
                    0.21725983917713165,
                    0.9736053347587585,
                    0.06993383169174194
                ],
                [
                    0.3377567231655121,
                    -0.14220285415649414,
                    0.9304293394088745
                ]
            ],
            [
                [
                    0.9239807724952698,
                    -0.24448250234127045,
                    0.29408806562423706
                ],
                [
                    0.24080120027065277,
                    0.9693235158920288,
                    0.049260757863521576
                ],
                [
                    -0.2971099019050598,
                    0.025300757959485054,
                    0.9545079469680786
                ]
            ],
            [
                [
                    0.9950060248374939,
                    0.03234118968248367,
                    -0.09443066269159317
                ],
                [
                    -0.06942165642976761,
                    0.9039874076843262,
                    -0.42188560962677
                ],
                [
                    0.07171984016895294,
                    0.4263342320919037,
                    0.9017180800437927
                ]
            ],
            [
                [
                    0.824614405632019,
                    0.14471611380577087,
                    -0.5468714237213135
                ],
                [
                    -0.1471143662929535,
                    0.9883221983909607,
                    0.03970497101545334
                ],
                [
                    0.5462311506271362,
                    0.047711364924907684,
                    0.8362745642662048
                ]
            ],
            [
                [
                    0.5898807048797607,
                    -0.6644971370697021,
                    0.45878568291664124
                ],
                [
                    0.7571125030517578,
                    0.6526787877082825,
                    -0.028123948723077774
                ],
                [
                    -0.28075143694877625,
                    0.3639421761035919,
                    0.8881016969680786
                ]
            ],
            [
                [
                    0.14276571571826935,
                    -0.08952903002500534,
                    -0.9856989979743958
                ],
                [
                    -0.19216589629650116,
                    0.9744421243667603,
                    -0.11633932590484619
                ],
                [
                    0.9709223508834839,
                    0.20602698624134064,
                    0.12191250175237656
                ]
            ],
            [
                [
                    0.3042474389076233,
                    0.17045332491397858,
                    0.9372188448905945
                ],
                [
                    0.08938221633434296,
                    0.9744118452072144,
                    -0.2062336504459381
                ],
                [
                    -0.9483904242515564,
                    0.14651675522327423,
                    0.2812268137931824
                ]
            ],
            [
                [
                    0.9866001009941101,
                    -0.06964657455682755,
                    -0.14754527807235718
                ],
                [
                    0.0730866938829422,
                    0.9971628189086914,
                    0.01801733300089836
                ],
                [
                    0.1458718180656433,
                    -0.028559498488903046,
                    0.9888911843299866
                ]
            ],
            [
                [
                    0.9918814897537231,
                    0.014043137431144714,
                    0.1263880431652069
                ],
                [
                    -0.05128152668476105,
                    0.9536580443382263,
                    0.29649049043655396
                ],
                [
                    -0.11636731028556824,
                    -0.3005647659301758,
                    0.946635901927948
                ]
            ],
            [
                [
                    0.9922817349433899,
                    0.1096482053399086,
                    -0.057915281504392624
                ],
                [
                    -0.1032450869679451,
                    0.9892144203186035,
                    0.10389977693557739
                ],
                [
                    0.06868306547403336,
                    -0.09711839258670807,
                    0.992900013923645
                ]
            ],
            [
                [
                    0.9909893274307251,
                    -0.13313736021518707,
                    -0.014651212841272354
                ],
                [
                    0.13391444087028503,
                    0.9826647639274597,
                    0.1282058209180832
                ],
                [
                    -0.002671752357855439,
                    -0.1290125995874405,
                    0.9916393160820007
                ]
            ]
        ],
        "betas": [
            -0.15547296404838562,
            -0.2243330180644989,
            0.11756086349487305,
            0.4933672845363617,
            0.20073620975017548,
            0.07205227017402649,
            0.006120234727859497,
            -0.10447758436203003,
            0.1106439158320427,
            0.0002478063106536865
        ]
    },
    "pred_cam_t": [
        0.13697737455368042,
        0.26372408866882324,
        28.080480575561523
    ],
    "focal_length": [
        5000.0,
        5000.0
    ],
    "pred_keypoints_3d": [
        [
            -0.15302622318267822,
            -0.7368285059928894,
            0.026685312390327454
        ],
        [
            0.026835331693291664,
            -0.7316760420799255,
            -0.00299694761633873
        ],
        [
            0.06957104802131653,
            -0.6253942847251892,
            0.1629161536693573
        ],
        [
            0.03660230338573456,
            -0.3871111273765564,
            0.23226377367973328
        ],
        [
            -0.19129003584384918,
            -0.32989758253097534,
            0.14458829164505005
        ],
        [
            -0.0487702339887619,
            -0.6997076869010925,
            -0.1544319987297058
        ],
        [
            -0.2845831513404846,
            -0.6980553269386292,
            -0.2557089328765869
        ],
        [
            -0.38614964485168457,
            -0.6197628974914551,
            -0.046603769063949585
        ],
        [
            -0.0020527145825326443,
            -0.22770312428474426,
            0.028518682345747948
        ],
        [
            0.017606323584914207,
            -0.1506473571062088,
            0.10872172564268112
        ],
        [
            0.006505204364657402,
            0.18922822177410126,
            0.2685292959213257
        ],
        [
            0.016435232013463974,
            0.5622977018356323,
            0.3848056495189667
        ],
        [
            -0.03511777147650719,
            -0.1268390417098999,
            -0.015394458547234535
        ],
        [
            -0.13929498195648193,
            0.21618959307670593,
            0.06533320248126984
        ],
        [
            -0.15230461955070496,
            0.5677635669708252,
            0.23478709161281586
        ],
        [
            -0.14659512042999268,
            -0.7864145040512085,
            0.06271933019161224
        ],
        [
            -0.15928693115711212,
            -0.7898716926574707,
            -0.0024540312588214874
        ],
        [
            -0.05759806931018829,
            -0.8352007865905762,
            0.09288245439529419
        ],
        [
            -0.0872199535369873,
            -0.8426706790924072,
            -0.053558770567178726
        ],
        [
            -0.3474201261997223,
            0.5915094614028931,
            0.2831379771232605
        ],
        [
            -0.30873769521713257,
            0.6277099847793579,
            0.21811294555664062
        ],
        [
            -0.09949512779712677,
            0.6110096573829651,
            0.2373630851507187
        ],
        [
            -0.14814789593219757,
            0.5744508504867554,
            0.49797073006629944
        ],
        [
            -0.06724531948566437,
            0.5708440542221069,
            0.5330193042755127
        ],
        [
            0.0646747574210167,
            0.6146446466445923,
            0.3716002404689789
        ],
        [
            0.053250305354595184,
            0.5156096816062927,
            0.37207257747650146
        ],
        [
            0.009015400893986225,
            0.12883470952510834,
            0.24265985190868378
        ],
        [
            0.0681736022233963,
            -0.28006619215011597,
            0.1496744006872177
        ],
        [
            -0.03482777997851372,
            -0.2139156013727188,
            -0.11669199168682098
        ],
        [
            -0.13234081864356995,
            0.17944487929344177,
            0.04175208508968353
        ],
        [
            -0.12576930224895477,
            0.5455424189567566,
            0.20712679624557495
        ],
        [
            -0.17721989750862122,
            -0.36830878257751465,
            0.14189670979976654
        ],
        [
            0.014487028121948242,
            -0.41554155945777893,
            0.25151991844177246
        ],
        [
            0.06372706592082977,
            -0.6582063436508179,
            0.13093608617782593
        ],
        [
            -0.02954651229083538,
            -0.7224094867706299,
            -0.13937237858772278
        ],
        [
            -0.27236688137054443,
            -0.7312992811203003,
            -0.22745850682258606
        ],
        [
            -0.3667874336242676,
            -0.6343459486961365,
            -0.04371877759695053
        ],
        [
            0.021229609847068787,
            -0.7271456718444824,
            0.002872668206691742
        ],
        [
            -0.11943590641021729,
            -0.8689892292022705,
            0.02598782815039158
        ],
        [
            0.01650746911764145,
            -0.24743637442588806,
            0.015844810754060745
        ],
        [
            0.01749526336789131,
            -0.6842082142829895,
            -0.0016249120235443115
        ],
        [
            0.049324192106723785,
            -0.4909741282463074,
            -0.025542862713336945
        ],
        [
            -0.08021213859319687,
            -0.7613560557365417,
            0.009849884547293186
        ],
        [
            -0.12387427687644958,
            -0.887518048286438,
            0.03193584829568863
        ]
    ],
    "pred_vertices": [
        [
            -0.19192858040332794,
            -0.8265001773834229,
            -0.0071615539491176605
        ],
        [
            -0.18724611401557922,
            -0.8104184865951538,
            -0.00304272398352623
        ],
        [
            -0.18002371490001678,
            -0.8139755725860596,
            -0.015314366668462753
        ],
        [
            -0.18006017804145813,
            -0.8281905651092529,
            -0.020029012113809586
        ],
        [
            -0.17810901999473572,
            -0.802844762802124,
            -0.012175610288977623
        ],
        [
            -0.18235114216804504,
            -0.7992299795150757,
            -0.0014607198536396027
        ],
        [
            -0.1691438853740692,
            -0.81573486328125,
            -0.023985156789422035
        ],
        [
            -0.16617828607559204,
            -0.8282715082168579,
            -0.028658241033554077
        ],
        [
            -0.13902974128723145,
            -0.7955718636512756,
            -0.03547690436244011
        ],
        [
            -0.12982916831970215,
            -0.7982765436172485,
            -0.040785547345876694
        ],
        [
            -0.13847899436950684,
            -0.8066790103912354,
            -0.0387720949947834
        ],
        [
            -0.14520490169525146,
            -0.801878809928894,
            -0.03282589837908745
        ],
        [
            -0.12051814794540405,
            -0.7773785591125488,
            -0.038262661546468735
        ],
        [
            -0.12024301290512085,
            -0.7646543979644775,
            -0.032911136746406555
        ],
        [
            -0.10749933123588562,
            -0.7637249231338501,
            -0.03753527253866196
        ],
        [
            -0.10638603568077087,
            -0.7766578793525696,
            -0.04209590330719948
        ],
        [
            -0.14116859436035156,
            -0.7595416307449341,
            0.003183431923389435
        ],
        [
            -0.13745686411857605,
            -0.7551177740097046,
            -0.0033516548573970795
        ],
        [
            -0.14187242090702057,
            -0.7609542608261108,
            -0.00630684569478035
        ],
        [
            -0.1445612907409668,
            -0.764954149723053,
            0.0007453709840774536
        ],
        [
            -0.1500091403722763,
            -0.7631082534790039,
            0.013999350368976593
        ],
        [
            -0.1509714126586914,
            -0.7694887518882751,
            0.013514366000890732
        ],
        [
            -0.15639951825141907,
            -0.7690631151199341,
            0.019257552921772003
        ],
        [
            -0.15604227781295776,
            -0.7615943551063538,
            0.01879207044839859
        ],
        [
            -0.13668756186962128,
            -0.7553228139877319,
            0.007740087807178497
        ],
        [
            -0.13264666497707367,
            -0.7511250972747803,
            0.0008279979228973389
        ],
        [
            -0.1446351408958435,
            -0.7629489898681641,
            0.00869494304060936
        ],
        [
            -0.14344650506973267,
            -0.758086085319519,
            0.009963396936655045
        ],
        [
            -0.14744620025157928,
            -0.7468076944351196,
            0.012783534824848175
        ],
        [
            -0.14940664172172546,
            -0.7514317631721497,
            0.011835388839244843
        ],
        [
            -0.15480723977088928,
            -0.7480248212814331,
            0.015801601111888885
        ],
        [
            -0.15079504251480103,
            -0.743942379951477,
            0.016152746975421906
        ],
        [
            -0.14015868306159973,
            -0.7521750926971436,
            0.00903591513633728
        ],
        [
            -0.14417684078216553,
            -0.7528544664382935,
            0.0092107392847538
        ],
        [
            -0.14338746666908264,
            -0.7483348846435547,
            0.011241257190704346
        ],
        [
            -0.13932326436042786,
            -0.7485826015472412,
            0.012164492160081863
        ],
        [
            -0.14943766593933105,
            -0.7581461668014526,
            0.014030184596776962
        ],
        [
            -0.15563242137432098,
            -0.7551547288894653,
            0.01770416647195816
        ],
        [
            -0.16137799620628357,
            -0.7516807913780212,
            0.02234780043363571
        ],
        [
            -0.15929697453975677,
            -0.7430516481399536,
            0.02060714364051819
        ],
        [
            -0.12581408023834229,
            -0.7492547035217285,
            -0.0166174229234457
        ],
        [
            -0.13252145051956177,
            -0.7518353462219238,
            -0.01055373065173626
        ],
        [
            -0.12872600555419922,
            -0.7478471994400024,
            -0.005997862666845322
        ],
        [
            -0.12391433119773865,
            -0.7455449104309082,
            -0.011668793857097626
        ],
        [
            -0.13496798276901245,
            -0.7482751607894897,
            0.01035623624920845
        ],
        [
            -0.12602797150611877,
            -0.7363855242729187,
            0.004623580724000931
        ],
        [
            -0.12853871285915375,
            -0.7391575574874878,
            0.004844218492507935
        ],
        [
            -0.131220743060112,
            -0.7369821071624756,
            0.011151168495416641
        ],
        [
            -0.12887455523014069,
            -0.7344814538955688,
            0.010277971625328064
        ],
        [
            -0.11091658473014832,
            -0.7439335584640503,
            -0.024367423728108406
        ],
        [
            -0.11284801363945007,
            -0.7399709820747375,
            -0.018455706536769867
        ],
        [
            -0.10664790868759155,
            -0.7362900972366333,
            -0.020062532275915146
        ],
        [
            -0.10283192992210388,
            -0.7401158809661865,
            -0.025524454191327095
        ],
        [
            -0.10208652913570404,
            -0.7323163747787476,
            -0.018337763845920563
        ],
        [
            -0.09570121765136719,
            -0.7359930276870728,
            -0.02529255673289299
        ],
        [
            -0.08643962442874908,
            -0.7243459224700928,
            -0.018111279234290123
        ],
        [
            -0.09039734303951263,
            -0.7297672033309937,
            -0.0219523124396801
        ],
        [
            -0.09846663475036621,
            -0.7274977564811707,
            -0.01507594995200634
        ],
        [
            -0.09710201621055603,
            -0.7213425040245056,
            -0.0100775808095932
        ],
        [
            -0.1042497456073761,
            -0.719251275062561,
            0.002741720527410507
        ],
        [
            -0.10453009605407715,
            -0.7164226174354553,
            0.008531518280506134
        ],
        [
            -0.09634266793727875,
            -0.708602786064148,
            0.002286486327648163
        ],
        [
            -0.09680576622486115,
            -0.7137272953987122,
            -0.003717612475156784
        ],
        [
            -0.11882014572620392,
            -0.7345860004425049,
            0.004190236330032349
        ],
        [
            -0.11732268333435059,
            -0.7366165518760681,
            9.885802865028381e-05
        ],
        [
            -0.12000901997089386,
            -0.7363293766975403,
            0.00013197585940361023
        ],
        [
            -0.12260951101779938,
            -0.7349040508270264,
            0.004476360976696014
        ],
        [
            -0.11634206771850586,
            -0.7377040386199951,
            -0.0036741159856319427
        ],
        [
            -0.11586174368858337,
            -0.7381103038787842,
            -0.005379971116781235
        ],
        [
            -0.11754745244979858,
            -0.7383023500442505,
            -0.004933018237352371
        ],
        [
            -0.1171138733625412,
            -0.7381129860877991,
            -0.0036100633442401886
        ],
        [
            -0.1171140968799591,
            -0.7373269200325012,
            -0.0016326680779457092
        ],
        [
            -0.11611926555633545,
            -0.735526978969574,
            -0.000839676707983017
        ],
        [
            -0.11615270376205444,
            -0.7367368936538696,
            -0.0028365440666675568
        ],
        [
            -0.11726844310760498,
            -0.7329186797142029,
            0.0027329586446285248
        ],
        [
            -0.12020984292030334,
            -0.7254358530044556,
            0.015035506337881088
        ],
        [
            -0.11996716260910034,
            -0.7268445491790771,
            0.011476855725049973
        ],
        [
            -0.1216002106666565,
            -0.7308117151260376,
            0.013443846255540848
        ],
        [
            -0.12204605340957642,
            -0.7297551035881042,
            0.01645251363515854
        ],
        [
            -0.11984908580780029,
            -0.738726019859314,
            -0.0032127201557159424
        ],
        [
            -0.12081742286682129,
            -0.7400908470153809,
            -0.005220696330070496
        ],
        [
            -0.12455303966999054,
            -0.7398356199264526,
            -0.000988975167274475
        ],
        [
            -0.12220802903175354,
            -0.7380548715591431,
            -0.00013138353824615479
        ],
        [
            -0.12224245071411133,
            -0.7418413162231445,
            -0.007890153676271439
        ],
        [
            -0.1182088553905487,
            -0.7397251129150391,
            -0.0070703402161598206
        ],
        [
            -0.11881105601787567,
            -0.7407551407814026,
            -0.010228928178548813
        ],
        [
            -0.11469969153404236,
            -0.7366981506347656,
            -0.00504293292760849
        ],
        [
            -0.11293917894363403,
            -0.7364902496337891,
            -0.008077818900346756
        ],
        [
            -0.11545711755752563,
            -0.7379025220870972,
            -0.008251957595348358
        ],
        [
            -0.11105531454086304,
            -0.7335168719291687,
            -0.006471298635005951
        ],
        [
            -0.11400160193443298,
            -0.7343998551368713,
            -0.002776317298412323
        ],
        [
            -0.11454898118972778,
            -0.730998694896698,
            0.0006117112934589386
        ],
        [
            -0.11555740237236023,
            -0.727270245552063,
            0.005092918872833252
        ],
        [
            -0.11061674356460571,
            -0.7256070971488953,
            0.0019501782953739166
        ],
        [
            -0.11043766140937805,
            -0.7295900583267212,
            -0.00294344499707222
        ],
        [
            -0.1268470287322998,
            -0.7433489561080933,
            -0.002749357372522354
        ],
        [
            -0.1142728179693222,
            -0.7387247085571289,
            -0.012701870873570442
        ],
        [
            -0.11879409849643707,
            -0.7437255382537842,
            -0.01524476520717144
        ],
        [
            -0.11039406061172485,
            -0.735732913017273,
            -0.013276206329464912
        ],
        [
            -0.10706022381782532,
            -0.7324122190475464,
            -0.011783728376030922
        ],
        [
            -0.10514093935489655,
            -0.7280372381210327,
            -0.007818073034286499
        ],
        [
            -0.1044912338256836,
            -0.7234283685684204,
            -0.0028093941509723663
        ],
        [
            -0.08300693333148956,
            -0.7087619304656982,
            -0.002069525420665741
        ],
        [
            -0.08505633473396301,
            -0.7151914834976196,
            -0.009651022031903267
        ],
        [
            -0.17477628588676453,
            -0.7951421737670898,
            -0.0004638172686100006
        ],
        [
            -0.1734132170677185,
            -0.7967771887779236,
            -0.009336026385426521
        ],
        [
            -0.16448219120502472,
            -0.7940077781677246,
            -0.010924506932497025
        ],
        [
            -0.1660744696855545,
            -0.7957407236099243,
            -0.012302558869123459
        ],
        [
            -0.1690489947795868,
            -0.7944762706756592,
            -0.006962861865758896
        ],
        [
            -0.16637876629829407,
            -0.7928644418716431,
            -0.0067170970141887665
        ],
        [
            -0.14978338778018951,
            -0.79947829246521,
            -0.026318978518247604
        ],
        [
            -0.15361742675304413,
            -0.7975881099700928,
            -0.020884312689304352
        ],
        [
            -0.15028713643550873,
            -0.7956287860870361,
            -0.021627122536301613
        ],
        [
            -0.14560294151306152,
            -0.7947965860366821,
            -0.028773244470357895
        ],
        [
            -0.14961719512939453,
            -0.7851358652114868,
            -0.01481640711426735
        ],
        [
            -0.14874586462974548,
            -0.7883398532867432,
            -0.01903573051095009
        ],
        [
            -0.15415430068969727,
            -0.7916125655174255,
            -0.014325806871056557
        ],
        [
            -0.15486522018909454,
            -0.7892212867736816,
            -0.011317085474729538
        ],
        [
            -0.1554921269416809,
            -0.7873430252075195,
            -0.007648639380931854
        ],
        [
            -0.15604865550994873,
            -0.7860861420631409,
            -0.0033461935818195343
        ],
        [
            -0.1520843505859375,
            -0.7826575040817261,
            -0.00455118715763092
        ],
        [
            -0.15084868669509888,
            -0.7833867073059082,
            -0.009721685200929642
        ],
        [
            -0.16950899362564087,
            -0.7943559885025024,
            -0.00046654045581817627
        ],
        [
            -0.167883038520813,
            -0.7933303117752075,
            0.00681748241186142
        ],
        [
            -0.16521425545215607,
            -0.7919920682907104,
            0.004859037697315216
        ],
        [
            -0.1669960618019104,
            -0.7924156188964844,
            -0.0010742247104644775
        ],
        [
            -0.15574312210083008,
            -0.7897156476974487,
            0.01384587213397026
        ],
        [
            -0.15837326645851135,
            -0.7908244132995605,
            0.013012897223234177
        ],
        [
            -0.15952414274215698,
            -0.791161298751831,
            0.016783908009529114
        ],
        [
            -0.15586519241333008,
            -0.7882916927337646,
            0.017091628164052963
        ],
        [
            -0.15430909395217896,
            -0.7860770225524902,
            0.014285445213317871
        ],
        [
            -0.1551697552204132,
            -0.7882708311080933,
            0.012308578938245773
        ],
        [
            -0.20291781425476074,
            -0.8432973623275757,
            0.004822134971618652
        ],
        [
            -0.19918543100357056,
            -0.8245910406112671,
            0.0074883028864860535
        ],
        [
            -0.19141001999378204,
            -0.8468103408813477,
            -0.01161627285182476
        ],
        [
            -0.1766330748796463,
            -0.8465728163719177,
            -0.023280326277017593
        ],
        [
            -0.16214339435100555,
            -0.8423838019371033,
            -0.033311065286397934
        ],
        [
            -0.10909515619277954,
            -0.752334475517273,
            -0.031181946396827698
        ],
        [
            -0.09898205101490021,
            -0.7496979236602783,
            -0.034002870321273804
        ],
        [
            -0.09527571499347687,
            -0.7632347345352173,
            -0.041351817548274994
        ],
        [
            -0.08512555062770844,
            -0.7582476139068604,
            -0.0412505567073822
        ],
        [
            -0.08978383243083954,
            -0.744118869304657,
            -0.033536408096551895
        ],
        [
            -0.07590915262699127,
            -0.7297717928886414,
            -0.023502441123127937
        ],
        [
            -0.08187326788902283,
            -0.7371577024459839,
            -0.030227169394493103
        ],
        [
            -0.07496193051338196,
            -0.753205418586731,
            -0.03889897093176842
        ],
        [
            -0.07109646499156952,
            -0.7725183963775635,
            -0.04649662971496582
        ],
        [
            -0.08201994001865387,
            -0.7737962007522583,
            -0.04686770588159561
        ],
        [
            -0.07102532684803009,
            -0.79326331615448,
            -0.04883019998669624
        ],
        [
            -0.057625800371170044,
            -0.7719083428382874,
            -0.0447927825152874
        ],
        [
            -0.06278163194656372,
            -0.7975043654441833,
            -0.04670725390315056
        ],
        [
            -0.04759892076253891,
            -0.7418256402015686,
            -0.033206507563591
        ],
        [
            -0.042643606662750244,
            -0.7365370988845825,
            -0.03565877303481102
        ],
        [
            -0.0336960032582283,
            -0.7494714260101318,
            -0.04591881111264229
        ],
        [
            -0.039756178855895996,
            -0.7554105520248413,
            -0.043912023305892944
        ],
        [
            -0.09306511282920837,
            -0.7754827737808228,
            -0.046016186475753784
        ],
        [
            -0.13948309421539307,
            -0.8201082944869995,
            -0.03981946036219597
        ],
        [
            -0.14768260717391968,
            -0.8120182156562805,
            -0.0349762849509716
        ],
        [
            -0.1289772391319275,
            -0.8123524188995361,
            -0.04376447945833206
        ],
        [
            -0.1621064692735672,
            -0.8788905739784241,
            -0.034458450973033905
        ],
        [
            -0.17210441827774048,
            -0.8635026812553406,
            -0.02872304618358612
        ],
        [
            -0.15795791149139404,
            -0.8566904067993164,
            -0.03784968703985214
        ],
        [
            -0.15080919861793518,
            -0.8717134594917297,
            -0.04205458611249924
        ],
        [
            -0.18858733773231506,
            -0.897628128528595,
            -0.002446357160806656
        ],
        [
            -0.1991986483335495,
            -0.8713325262069702,
            -0.0004952475428581238
        ],
        [
            -0.18759895861148834,
            -0.8689754009246826,
            -0.014260441064834595
        ],
        [
            -0.17823518812656403,
            -0.8895353078842163,
            -0.01781555637717247
        ],
        [
            -0.1417127102613449,
            -0.8814074993133545,
            -0.04533681645989418
        ],
        [
            -0.12873126566410065,
            -0.8944346308708191,
            -0.047132257372140884
        ],
        [
            -0.13319577276706696,
            -0.910577654838562,
            -0.041497353464365005
        ],
        [
            -0.15063969790935516,
            -0.8965089917182922,
            -0.03834903985261917
        ],
        [
            -0.13898220658302307,
            -0.9296855330467224,
            -0.02753007411956787
        ],
        [
            -0.16056185960769653,
            -0.9129070043563843,
            -0.023307453840970993
        ],
        [
            -0.04629598557949066,
            -0.791588306427002,
            -0.045718636363744736
        ],
        [
            -0.05554188787937164,
            -0.8097517490386963,
            -0.04495815932750702
        ],
        [
            -0.048411279916763306,
            -0.7615399360656738,
            -0.04204424098134041
        ],
        [
            -0.03876039385795593,
            -0.7777925729751587,
            -0.04659682512283325
        ],
        [
            -0.1427009403705597,
            -0.9433037042617798,
            -0.007919266819953918
        ],
        [
            -0.1685074418783188,
            -0.9243580102920532,
            -0.0037347152829170227
        ],
        [
            -0.07520949840545654,
            -0.9087652564048767,
            -0.04351349547505379
        ],
        [
            -0.09359988570213318,
            -0.9166321754455566,
            -0.04220348224043846
