{
    "pred_cam": [
        1.1492393016815186,
        0.00035298801958560944,
        0.17632648348808289
    ],
    "pred_smpl_params": {
        "global_orient": [
            [
                [
                    0.9733771085739136,
                    0.170731782913208,
                    0.15292984247207642
                ],
                [
                    0.1616365611553192,
                    -0.9843542575836182,
                    0.07014474272727966
                ],
                [
                    0.16251309216022491,
                    -0.043558236211538315,
                    -0.9857444167137146
                ]
            ]
        ],
        "body_pose": [
            [
                [
                    0.9985204935073853,
                    0.01935693249106407,
                    -0.05081578344106674
                ],
                [
                    -0.01142369769513607,
                    0.9883146286010742,
                    0.15199895203113556
                ],
                [
                    0.05316421762108803,
                    -0.1511935591697693,
                    0.987073540687561
                ]
            ],
            [
                [
                    0.9996117353439331,
                    0.011286981403827667,
                    -0.025474118068814278
                ],
                [
                    -0.007215436547994614,
                    0.9879505038261414,
                    0.1546015590429306
                ],
                [
                    0.026912152767181396,
                    -0.15435773134231567,
                    0.9876483678817749
                ]
            ],
            [
                [
                    0.9979709386825562,
                    -0.0030707097612321377,
                    0.06359784305095673
                ],
                [
                    0.013869276270270348,
                    0.9853360652923584,
                    -0.17006029188632965
                ],
                [
                    -0.06214304268360138,
                    0.17059727013111115,
                    0.9833793640136719
                ]
            ],
            [
                [
                    0.9902628660202026,
                    -0.037477876991033554,
                    -0.13407057523727417
                ],
                [
                    -0.046155668795108795,
                    0.8202133178710938,
                    -0.5701926946640015
                ],
                [
                    0.1313360631465912,
                    0.5708287358283997,
                    0.810496985912323
                ]
            ],
            [
                [
                    0.9925717711448669,
                    -0.10655069351196289,
                    0.058721546083688736
                ],
                [
                    0.12002119421958923,
                    0.7786178588867188,
                    -0.6159131526947021
                ],
                [
                    0.019904324784874916,
                    0.6183858513832092,
                    0.7856224775314331
                ]
            ],
            [
                [
                    0.9967983365058899,
                    0.016981791704893112,
                    0.07813277095556259
                ],
                [
                    -0.014813857153058052,
                    0.999491274356842,
                    -0.028243325650691986
                ],
                [
                    -0.07857265323400497,
                    0.026995452120900154,
                    0.9965428113937378
                ]
            ],
            [
                [
                    0.9815484285354614,
                    0.07559395581483841,
                    0.175636425614357
                ],
                [
                    -0.0776534155011177,
                    0.9969685077667236,
                    0.004872684832662344
                ],
                [
                    -0.1747356355190277,
                    -0.01842154935002327,
                    0.9844430088996887
                ]
            ],
            [
                [
                    0.9853082299232483,
                    -0.01244769524782896,
                    -0.17033100128173828
                ],
                [
                    0.016162727028131485,
                    0.9996603727340698,
                    0.02044132724404335
                ],
                [
                    0.17001871764659882,
                    -0.02289402298629284,
                    0.9851747751235962
                ]
            ],
            [
                [
                    0.998152494430542,
                    0.0006764853606000543,
                    0.06075549125671387
                ],
                [
                    0.003545057959854603,
                    0.9975861310958862,
                    -0.06934934854507446
                ],
                [
                    -0.06065575033426285,
                    0.06943660229444504,
                    0.9957407116889954
                ]
            ],
            [
                [
                    0.9854769110679626,
                    -0.169311985373497,
                    -0.012988880276679993
                ],
                [
                    0.16934776306152344,
                    0.9742810726165771,
                    0.14865314960479736
                ],
                [
                    -0.01251394022256136,
                    -0.14869387447834015,
                    0.9888041019439697
                ]
            ],
            [
                [
                    0.995250940322876,
                    0.09724973887205124,
                    -0.004253259394317865
                ],
                [
                    -0.09478896111249924,
                    0.978158175945282,
                    0.18499122560024261
                ],
                [
                    0.022150704637169838,
                    -0.183709517121315,
                    0.98273104429245
                ]
            ],
            [
                [
                    0.9997780919075012,
                    0.017585033550858498,
                    -0.011605331674218178
                ],
                [
                    -0.018521422520279884,
                    0.996102511882782,
                    -0.08623621612787247
                ],
                [
                    0.010043633170425892,
                    0.08643200993537903,
                    0.9962071776390076
                ]
            ],
            [
                [
                    0.9471722841262817,
                    0.3207211494445801,
                    -0.0015880403807386756
                ],
                [
                    -0.3206554353237152,
                    0.9468517899513245,
                    -0.02552839368581772
                ],
                [
                    -0.0066838571801781654,
                    0.024689001962542534,
                    0.9996727705001831
                ]
            ],
            [
                [
                    0.9513354301452637,
                    -0.27668270468711853,
                    0.13567398488521576
                ],
                [
                    0.28014305233955383,
                    0.9599347114562988,
                    -0.0067271022126078606
                ],
                [
                    -0.12837688624858856,
                    0.04440785571932793,
                    0.9907306432723999
                ]
            ],
            [
                [
                    0.9996050000190735,
                    0.022111596539616585,
                    -0.017348194494843483
                ],
                [
                    -0.025933219119906425,
                    0.9635972380638123,
                    -0.2660972774028778
                ],
                [
                    0.010832839645445347,
                    0.26644203066825867,
                    0.9637900590896606
                ]
            ],
            [
                [
                    0.45550626516342163,
                    0.8505613207817078,
                    -0.2627919614315033
                ],
                [
                    -0.8866675496101379,
                    0.4598565697669983,
                    -0.04850393161177635
                ],
                [
                    0.07959102839231491,
                    0.2551029324531555,
                    0.9636326432228088
                ]
            ],
            [
                [
                    0.4607188105583191,
                    -0.7841883301734924,
                    0.4156763255596161
                ],
                [
                    0.8573875427246094,
                    0.5142855048179626,
                    0.019924424588680267
                ],
                [
                    -0.22940081357955933,
                    0.3472161591053009,
                    0.9092943072319031
                ]
            ],
            [
                [
                    0.34715035557746887,
                    -0.35716477036476135,
                    -0.8671332001686096
                ],
                [
                    0.15863987803459167,
                    0.933676540851593,
                    -0.3210631012916565
                ],
                [
                    0.9242943525314331,
                    -0.026104742661118507,
                    0.3807867169380188
                ]
            ],
            [
                [
                    0.12332136183977127,
                    0.40213271975517273,
                    0.9072381854057312
                ],
                [
                    0.05123857781291008,
                    0.9104169607162476,
                    -0.41050654649734497
                ],
                [
                    -0.9910430312156677,
                    0.0971098244190216,
                    0.09166914969682693
                ]
            ],
            [
                [
                    0.9888488054275513,
                    -0.14568458497524261,
                    -0.030887795612215996
                ],
                [
                    0.14736661314964294,
                    0.9871436953544617,
                    0.06189143657684326
                ],
                [
                    0.021474061533808708,
                    -0.06575310230255127,
                    0.9976049065589905
                ]
            ],
            [
                [
                    0.9871131181716919,
                    0.14974457025527954,
                    0.056428391486406326
                ],
                [
                    -0.1513240933418274,
                    0.9881725311279297,
                    0.024819515645503998
                ],
                [
                    -0.052044399082660675,
                    -0.03303864598274231,
                    0.9980980157852173
                ]
            ],
            [
                [
                    0.9657703042030334,
                    0.23907898366451263,
                    -0.1006428673863411
                ],
                [
                    -0.22344918549060822,
                    0.9638178944587708,
                    0.1453460156917572
                ],
                [
                    0.13175058364868164,
                    -0.11788229644298553,
                    0.984248697757721
                ]
            ],
            [
                [
                    0.9718573093414307,
                    -0.22626401484012604,
                    0.0655580535531044
                ],
                [
                    0.21570008993148804,
                    0.9665955305099487,
                    0.13844341039657593
                ],
                [
                    -0.0946928858757019,
                    -0.1204063817858696,
                    0.9881981015205383
                ]
            ]
        ],
        "betas": [
            -0.06042763590812683,
            -0.12377893924713135,
            0.037063777446746826,
            0.10031965374946594,
            0.04891824722290039,
            0.05594197288155556,
            0.007654517889022827,
            -0.07011604309082031,
            0.05311909317970276,
            -0.04392769932746887
        ]
    },
    "pred_cam_t": [
        0.00035298801958560944,
        0.17632648348808289,
        33.98987579345703
    ],
    "focal_length": [
        5000.0,
        5000.0
    ],
    "pred_keypoints_3d": [
        [
            0.1645464301109314,
            -0.7355040311813354,
            -0.2157115489244461
        ],
        [
            0.09457249939441681,
            -0.7196078300476074,
            -0.039287224411964417
        ],
        [
            -0.09139575064182281,
            -0.6533253192901611,
            -0.08485229313373566
        ],
        [
            -0.17690704762935638,
            -0.41595739126205444,
            -0.06095174700021744
        ],
        [
            0.005363449454307556,
            -0.32259148359298706,
            -0.2109222412109375
        ],
        [
            0.2384541779756546,
            -0.6131512522697449,
            0.05063438415527344
        ],
        [
            0.20572899281978607,
            -0.3766624331474304,
            0.1526927649974823
        ],
        [
            0.2562835216522217,
            -0.22551168501377106,
            -0.03720457851886749
        ],
        [
            -0.0018114957492798567,
            -0.22443586587905884,
            0.028788916766643524
        ],
        [
            -0.0840836763381958,
            -0.14652051031589508,
            0.02571782097220421
        ],
        [
            -0.18127091228961945,
            0.22016657888889313,
            -0.012575026601552963
        ],
        [
            -0.21337367594242096,
            0.5279479622840881,
            0.23686449229717255
        ],
        [
            0.0495033860206604,
            -0.12355276942253113,
            0.050671592354774475
        ],
        [
            0.020543348044157028,
            0.247228741645813,
            0.01852818951010704
        ],
        [
            -0.054818328469991684,
            0.5637861490249634,
            0.24605408310890198
        ],
        [
            0.13946165144443512,
            -0.791183590888977,
            -0.21820488572120667
        ],
        [
            0.20141568779945374,
            -0.7803610563278198,
            -0.19664472341537476
        ],
        [
            0.07753216475248337,
            -0.836418628692627,
            -0.14707157015800476
        ],
        [
            0.21572831273078918,
            -0.8126282691955566,
            -0.10047441720962524
        ],
        [
            -0.06330668181180954,
            0.702520489692688,
            0.10311144590377808
        ],
        [
            0.00042512640357017517,
            0.6943438649177551,
            0.15661314129829407
        ],
        [
            -0.05720774084329605,
            0.5663585662841797,
            0.315666139125824
        ],
        [
            -0.22028756141662598,
            0.6657078266143799,
            0.0959809422492981
        ],
        [
            -0.2927086055278778,
            0.6404519081115723,
            0.13778704404830933
        ],
        [
            -0.21944890916347504,
            0.5359375476837158,
            0.3093700408935547
        ],
        [
            -0.23000438511371613,
            0.47065460681915283,
            0.23181474208831787
        ],
        [
            -0.16788581013679504,
            0.15968865156173706,
            -0.017140965908765793
        ],
        [
            -0.14167866110801697,
            -0.2809488773345947,
            0.013117579743266106
        ],
        [
            0.14092481136322021,
            -0.21748550236225128,
            0.075136199593544
        ],
        [
            0.03742452710866928,
            0.20859314501285553,
            0.01770048402249813
        ],
        [
            -0.03953001648187637,
            0.523485541343689,
            0.2522456645965576
        ],
        [
            0.007692543789744377,
            -0.35816922783851624,
            -0.19530995190143585
        ],
        [
            -0.17848561704158783,
            -0.44012516736984253,
            -0.09952349960803986
        ],
        [
            -0.053258080035448074,
            -0.6780351996421814,
            -0.0769825279712677
        ],
        [
            0.2150591015815735,
            -0.6459784507751465,
            0.03784693032503128
        ],
        [
            0.2510727643966675,
            -0.3967403173446655,
            0.12894099950790405
        ],
        [
            0.2627112865447998,
            -0.248479962348938,
            -0.03454144671559334
        ],
        [
            0.09862542152404785,
            -0.7115703821182251,
            -0.042925428599119186
        ],
        [
            0.16951973736286163,
            -0.8600407838821411,
            -0.15995171666145325
        ],
        [
            0.0004445384256541729,
            -0.24935013055801392,
            0.04462773725390434
        ],
        [
            0.0803757980465889,
            -0.6596593260765076,
            -0.02209659479558468
        ],
        [
            0.03895170986652374,
            -0.4933432638645172,
            0.027970578521490097
        ],
        [
            0.14663457870483398,
            -0.750114917755127,
            -0.13901874423027039
        ],
        [
            0.16936782002449036,
            -0.8809106349945068,
            -0.16288098692893982
        ]
    ],
    "pred_vertices": [
        [
            0.2272738814353943,
            -0.8177794218063354,
            -0.21491871774196625
        ],
        [
            0.21841591596603394,
            -0.8033508062362671,
            -0.21561670303344727
        ],
        [
            0.22576461732387543,
            -0.8032639622688293,
            -0.20330682396888733
        ],
        [
            0.23248448967933655,
            -0.8158961534500122,
            -0.19817519187927246
        ],
        [
            0.22015336155891418,
            -0.793340802192688,
            -0.20499366521835327
        ],
        [
            0.21272610127925873,
            -0.7926257848739624,
            -0.21453922986984253
        ],
        [
            0.22795513272285461,
            -0.8022526502609253,
            -0.18950903415679932
        ],
        [
            0.23292343318462372,
            -0.8123337030410767,
            -0.18195213377475739
        ],
        [
            0.21958431601524353,
            -0.7769569754600525,
            -0.1616276651620865
        ],
        [
            0.21978622674942017,
            -0.7771800756454468,
            -0.1503673493862152
        ],
        [
            0.22387254238128662,
            -0.7867306470870972,
            -0.15724040567874908
        ],
        [
            0.22135095298290253,
            -0.7842949628829956,
            -0.16702648997306824
        ],
        [
            0.20988740026950836,
            -0.7571479082107544,
            -0.14754906296730042
        ],
        [
            0.20313939452171326,
            -0.7460427284240723,
            -0.15242469310760498
        ],
        [
            0.2002507895231247,
            -0.7431299090385437,
            -0.13957899808883667
        ],
        [
            0.2056371420621872,
            -0.7542099356651306,
            -0.13409581780433655
        ],
        [
            0.18242982029914856,
            -0.751110315322876,
            -0.189059779047966
        ],
        [
            0.18532313406467438,
            -0.7451785802841187,
            -0.18344268202781677
        ],
        [
            0.19082877039909363,
            -0.7505376935005188,
            -0.1845046579837799
        ],
        [
            0.18689018487930298,
            -0.7560754418373108,
            -0.18971377611160278
        ],
        [
            0.17806726694107056,
            -0.7577266693115234,
            -0.2017291784286499
        ],
        [
            0.17994602024555206,
            -0.7639071941375732,
            -0.20105761289596558
        ],
        [
            0.17785939574241638,
            -0.7653167843818665,
            -0.20862804353237152
        ],
        [
            0.1767941266298294,
            -0.7578959465026855,
            -0.20957255363464355
        ],
        [
            0.17573948204517365,
            -0.7476245760917664,
            -0.18848082423210144
        ],
        [
            0.17882093787193298,
            -0.7416936159133911,
            -0.18230576813220978
        ],
        [
            0.18008442223072052,
            -0.755818247795105,
            -0.194412499666214
        ],
        [
            0.1773638278245926,
            -0.7514171600341797,
            -0.19502952694892883
        ],
        [
            0.17526216804981232,
            -0.7414340376853943,
            -0.20199361443519592
        ],
        [
            0.17779751121997833,
            -0.7459050416946411,
            -0.20228157937526703
        ],
        [
            0.17649047076702118,
            -0.743905246257782,
            -0.20970255136489868
        ],
        [
            0.17349350452423096,
            -0.739759087562561,
            -0.2071782350540161
        ],
        [
            0.17543481290340424,
            -0.7451573610305786,
            -0.1929486095905304
        ],
        [
            0.17750756442546844,
            -0.746088981628418,
            -0.19642071425914764
        ],
        [
            0.17461037635803223,
            -0.7421709299087524,
            -0.1975870430469513
        ],
        [
            0.17182642221450806,
            -0.742250919342041,
            -0.19438855350017548
        ],
        [
            0.17682725191116333,
            -0.7528197765350342,
            -0.20235246419906616
        ],
        [
            0.17638631165027618,
            -0.7513160705566406,
            -0.21001169085502625
        ],
        [
            0.1748329997062683,
            -0.7495948076248169,
            -0.2179085910320282
        ],
        [
            0.1739097684621811,
            -0.7407978773117065,
            -0.2167784869670868
        ],
        [
            0.18969564139842987,
            -0.7355175018310547,
            -0.16806486248970032
        ],
        [
            0.1882396936416626,
            -0.7397720813751221,
            -0.17652705311775208
        ],
        [
            0.18191330134868622,
            -0.7366093397140503,
            -0.17614533007144928
        ],
        [
            0.18392345309257507,
            -0.7327591776847839,
            -0.1696118861436844
        ],
        [
            0.17114059627056122,
            -0.7412859201431274,
            -0.18971318006515503
        ],
        [
            0.1696912795305252,
            -0.7275161147117615,
            -0.18146583437919617
        ],
        [
            0.17116311192512512,
            -0.730494499206543,
            -0.18323591351509094
        ],
        [
            0.16679783165454865,
            -0.7300752401351929,
            -0.1890411078929901
        ],
        [
            0.16599147021770477,
            -0.7272711992263794,
            -0.18701490759849548
        ],
        [
            0.18755251169204712,
            -0.7274739742279053,
            -0.15254610776901245
        ],
        [
            0.18302159011363983,
            -0.725195050239563,
            -0.15775853395462036
        ],
        [
            0.18058744072914124,
            -0.7207635045051575,
            -0.15233218669891357
        ],
        [
            0.18375708162784576,
            -0.7228431701660156,
            -0.14574073255062103
        ],
        [
            0.17630407214164734,
            -0.7169957160949707,
            -0.14982156455516815
        ],
        [
            0.17924906313419342,
            -0.7183744311332703,
            -0.14008936285972595
        ],
        [
            0.16654908657073975,
            -0.7077937126159668,
            -0.13722112774848938
        ],
        [
            0.17270877957344055,
            -0.7125394344329834,
            -0.1380470097064972
        ],
        [
            0.1710229516029358,
            -0.7127300500869751,
            -0.14909791946411133
        ],
        [
            0.16517865657806396,
            -0.707671582698822,
            -0.1513165831565857
        ],
        [
            0.1576763391494751,
            -0.7088147401809692,
            -0.1645185947418213
        ],
        [
            0.15261273086071014,
            -0.7072957754135132,
            -0.16812042891979218
        ],
        [
            0.15256527066230774,
            -0.6976088285446167,
            -0.15937559306621552
        ],
        [
            0.15849930047988892,
            -0.7016598582267761,
            -0.15553727746009827
        ],
        [
            0.1666034311056137,
            -0.7248786091804504,
            -0.17524805665016174
        ],
        [
            0.16952422261238098,
            -0.7258912324905396,
            -0.1715385913848877
        ],
        [
            0.17081092298030853,
            -0.72581946849823,
            -0.1739547997713089
        ],
        [
            0.1682325303554535,
            -0.7255662083625793,
            -0.17862528562545776
        ],
        [
            0.17220193147659302,
            -0.7262120246887207,
            -0.1685923933982849
        ],
        [
            0.1734219789505005,
            -0.726172149181366,
            -0.167258620262146
        ],
        [
            0.1739586442708969,
            -0.7265767455101013,
            -0.1688934713602066
        ],
        [
            0.17252230644226074,
            -0.7264930009841919,
            -0.16942237317562103
        ],
        [
            0.170781210064888,
            -0.726163923740387,
            -0.17050692439079285
        ],
        [
            0.16936282813549042,
            -0.7245157957077026,
            -0.17034800350666046
        ],
        [
            0.1712789386510849,
            -0.7254301905632019,
            -0.16896402835845947
        ],
        [
            0.16658471524715424,
            -0.722817063331604,
            -0.17357516288757324
        ],
        [
            0.1562715768814087,
            -0.7186769843101501,
            -0.1835256814956665
        ],
        [
            0.15969297289848328,
            -0.7191432118415833,
            -0.18115058541297913
        ],
        [
            0.15950043499469757,
            -0.7235103845596313,
            -0.18287691473960876
        ],
        [
            0.1566789299249649,
            -0.7233642339706421,
            -0.18514549732208252
        ],
        [
            0.17339733242988586,
            -0.727466344833374,
            -0.17195996642112732
        ],
        [
            0.17615658044815063,
            -0.7285776138305664,
            -0.1711772233247757
        ],
        [
            0.17448246479034424,
            -0.7294754385948181,
            -0.17658913135528564
        ],
        [
            0.17239321768283844,
            -0.7277047634124756,
            -0.1753162443637848
        ],
        [
            0.17925769090652466,
            -0.7297775745391846,
            -0.17087236046791077
        ],
        [
            0.17625108361244202,
            -0.7276092767715454,
            -0.16809195280075073
        ],
        [
            0.1790984719991684,
            -0.7281153202056885,
            -0.1669284850358963
        ],
        [
            0.17235228419303894,
            -0.724825382232666,
            -0.16667324304580688
        ],
        [
            0.1739012598991394,
            -0.7238540649414062,
            -0.16372066736221313
        ],
        [
            0.175530344247818,
            -0.7253682613372803,
            -0.1654990017414093
        ],
        [
            0.17111791670322418,
            -0.7212375402450562,
            -0.16336408257484436
        ],
        [
            0.16976599395275116,
            -0.7230377197265625,
            -0.1676228940486908
        ],
        [
            0.1667013317346573,
            -0.7204955816268921,
            -0.17037108540534973
        ],
        [
            0.16290432214736938,
            -0.7178707718849182,
            -0.17417046427726746
        ],
        [
            0.1627732515335083,
            -0.7151733636856079,
            -0.1686202585697174
        ],
        [
            0.16732949018478394,
            -0.71807461977005,
            -0.16528917849063873
        ],
        [
            0.1773148626089096,
            -0.7328991889953613,
            -0.1770871877670288
        ],
        [
            0.1787237524986267,
            -0.7252122759819031,
            -0.1621187925338745
        ],
        [
            0.18402579426765442,
            -0.7298884987831116,
            -0.16377411782741547
        ],
        [
            0.17677223682403564,
            -0.7218999862670898,
            -0.15907719731330872
        ],
        [
            0.1733168661594391,
            -0.7187536954879761,
            -0.1575450301170349
        ],
        [
            0.16861236095428467,
            -0.7153427600860596,
            -0.15840962529182434
        ],
        [
            0.16326865553855896,
            -0.7117148637771606,
            -0.16130372881889343
        ],
        [
            0.14934363961219788,
            -0.6957398653030396,
            -0.14532750844955444
        ],
        [
            0.15761761367321014,
            -0.7007790803909302,
            -0.14177563786506653
        ],
        [
            0.20773665606975555,
            -0.787970781326294,
            -0.20943859219551086
        ],
        [
            0.2148199826478958,
            -0.787408709526062,
            -0.20374499261379242
        ],
        [
            0.2113831788301468,
            -0.7836019992828369,
            -0.19581067562103271
        ],
        [
            0.21393424272537231,
            -0.7852035760879517,
            -0.19604739546775818
        ],
        [
            0.21022434532642365,
            -0.7854518890380859,
            -0.2014809548854828
        ],
        [
            0.20858125388622284,
            -0.7836062908172607,
            -0.19962401688098907
        ],
        [
            0.21774929761886597,
            -0.7836938500404358,
            -0.17492814362049103
        ],
        [
            0.21497198939323425,
            -0.7834139466285706,
            -0.18130509555339813
        ],
        [
            0.21363402903079987,
            -0.7811022996902466,
            -0.17820221185684204
        ],
        [
            0.21701723337173462,
            -0.7783488035202026,
            -0.17072129249572754
        ],
        [
            0.20583997666835785,
            -0.7723103761672974,
            -0.18303897976875305
        ],
        [
            0.20944051444530487,
            -0.7744887471199036,
            -0.179432213306427
        ],
        [
            0.20886178314685822,
            -0.7789586186408997,
            -0.18610188364982605
        ],
        [
            0.20631377398967743,
            -0.7773298621177673,
            -0.1887730360031128
        ],
        [
            0.2031465768814087,
            -0.7764743566513062,
            -0.19151759147644043
        ],
        [
            0.19955338537693024,
            -0.776439368724823,
            -0.19417190551757812
        ],
        [
            0.19786421954631805,
            -0.7723627090454102,
            -0.19105011224746704
        ],
        [
            0.20179255306720734,
            -0.7718201875686646,
            -0.18723829090595245
        ],
        [
            0.20485278964042664,
            -0.7866349816322327,
            -0.2053368240594864
        ],
        [
            0.1978590190410614,
            -0.7872133851051331,
            -0.20745891332626343
        ],
        [
            0.1978990137577057,
            -0.7849458456039429,
            -0.20493286848068237
        ],
        [
            0.20390315353870392,
            -0.7841060161590576,
            -0.20345810055732727
        ],
        [
            0.1851327121257782,
            -0.7840250730514526,
            -0.20145100355148315
        ],
        [
            0.18736697733402252,
            -0.7852778434753418,
            -0.20306436717510223
        ],
        [
            0.18490183353424072,
            -0.7862947583198547,
            -0.20599596202373505
        ],
        [
            0.18234364688396454,
            -0.7832543849945068,
            -0.2034500241279602
        ],
        [
            0.18338066339492798,
            -0.7804120779037476,
            -0.20123134553432465
        ],
        [
            0.18582677841186523,
            -0.7822260856628418,
            -0.20051270723342896
        ],
        [
            0.2258104383945465,
            -0.8374337553977966,
            -0.22650155425071716
        ],
        [
            0.21794754266738892,
            -0.8200920820236206,
            -0.2277441918849945
        ],
        [
            0.2347017228603363,
            -0.8358778357505798,
            -0.20802557468414307
        ],
        [
            0.23710854351520538,
            -0.8318644762039185,
            -0.19015194475650787
        ],
        [
            0.23742443323135376,
            -0.824068546295166,
            -0.17326121032238007
        ],
        [
            0.1937166154384613,
            -0.7338458299636841,
            -0.14613446593284607
        ],
        [
            0.19045549631118774,
            -0.7296568155288696,
            -0.13655531406402588
        ],
        [
            0.19689957797527313,
            -0.7408910989761353,
            -0.12729567289352417
        ],
        [
            0.19055680930614471,
            -0.7352806329727173,
            -0.11930473148822784
        ],
        [
            0.18431499600410461,
            -0.723767876625061,
            -0.12940585613250732
        ],
        [
            0.16596107184886932,
            -0.7111663222312927,
            -0.12390388548374176
        ],
        [
            0.17612655460834503,
            -0.7170543074607849,
            -0.12498793005943298
        ],
        [
            0.1818954050540924,
            -0.7303346395492554,
            -0.11209803819656372
        ],
        [
            0.18925133347511292,
            -0.7473022937774658,
            -0.10239382088184357
        ],
        [
            0.19596658647060394,
            -0.7488448619842529,
            -0.11162631958723068
        ],
        [
            0.1948484480381012,
            -0.7662237882614136,
            -0.09765659272670746
        ],
        [
            0.18015961349010468,
            -0.747111439704895,
            -0.09131491184234619
        ],
        [
            0.18976916372776031,
            -0.7703666687011719,
            -0.0911068320274353
        ],
        [
            0.1580212414264679,
            -0.7178942561149597,
            -0.08741135895252228
        ],
        [
            0.15621277689933777,
            -0.7110716104507446,
            -0.08045990020036697
        ],
        [
            0.16353023052215576,
            -0.7222747206687927,
            -0.06729684770107269
        ],
        [
            0.1665506511926651,
            -0.7291502952575684,
            -0.07448909431695938
        ],
        [
            0.2015708088874817,
            -0.7512000799179077,
            -0.12127244472503662
        ],
        [
            0.2274632304906845,
            -0.7991859316825867,
            -0.15507622063159943
        ],
        [
            0.22611914575099945,
            -0.7937283515930176,
            -0.16582801938056946
        ],
        [
            0.22366739809513092,
            -0.7905186414718628,
            -0.1457737684249878
        ],
        [
            0.24464403092861176,
            -0.8585958480834961,
            -0.166093647480011
        ],
        [
            0.24232010543346405,
            -0.8461927175521851,
            -0.17997144162654877
        ],
        [
            0.2419448345899582,
            -0.836082935333252,
            -0.16516217589378357
        ],
        [
            0.24422939121723175,
            -0.8490391969680786,
            -0.15401403605937958
        ],
        [
            0.23290808498859406,
            -0.8868290185928345,
            -0.19970759749412537
        ],
        [
            0.23261523246765137,
            -0.8632385730743408,
            -0.21529315412044525
        ],
        [
            0.2379527986049652,
            -0.8561117053031921,
            -0.19915874302387238
        ],
        [
            0.23966172337532043,
            -0.8743307590484619,
            -0.18562185764312744
        ],
        [
            0.24328212440013885,
            -0.8569384813308716,
            -0.14297999441623688
        ],
        [
            0.2401336282491684,
            -0.8680870532989502,
            -0.12803567945957184
        ],
        [
            0.23999261856079102,
            -0.8853927850723267,
            -0.13117454946041107
        ],
        [
            0.2436998039484024,
            -0.8740112781524658,
            -0.15064950287342072
        ],
        [
            0.2334008514881134,
            -0.9075629711151123,
            -0.13954836130142212
        ],
        [
            0.23831743001937866,
            -0.8940551280975342,
            -0.1628958135843277
        ],
        [
            0.1804562360048294,
            -0.7646214962005615,
            -0.07765337079763412
        ],
        [
            0.18756583333015442,
            -0.7814262509346008,
            -0.08319331705570221
        ],
        [
            0.17097152769565582,
            -0.7367933988571167,
            -0.08421251177787781
        ],
        [
            0.17441724240779877,
            -0.7513418197631836,
            -0.07168789207935333
        ],
        [
            0.2203826755285263,
            -0.9255016446113586,
            -0.14893531799316406
        ],
        [
            0.2276579886674881,
            -0.9104252457618713,
            -0.17679694294929504
        ],
        [
            0.21166540682315826,
            -0.8776922225952148,
            -0.08215241134166718
        ],
        [
            0.22157195210456848,
            -0.8879501819610596,
            -0.09598734974861145
        ],
        [
            0.22665473818778992,
            -0.8678617477416992,
            -0.10064809024333954
        ],
        [
            0.217001810669899,
            -0.861137330532074,
            -0.08703897893428802
        ],
        [
            0.20146074891090393,
            -0.8950084447860718,
