{
    "pred_cam": [
        1.3990058898925781,
        0.1595250815153122,
        0.26416346430778503
    ],
    "pred_smpl_params": {
        "global_orient": [
            [
                [
                    -0.42075875401496887,
                    0.1180582046508789,
                    -0.8994578123092651
                ],
                [
                    0.15685078501701355,
                    -0.9670956134796143,
                    -0.20030947029590607
                ],
                [
                    -0.8935099244117737,
                    -0.2253625988960266,
                    0.38839641213417053
                ]
            ]
        ],
        "body_pose": [
            [
                [
                    0.9975307583808899,
                    0.035630226135253906,
                    0.060521677136421204
                ],
                [
                    -0.045740675181150436,
                    0.9835253357887268,
                    0.17488791048526764
                ],
                [
                    -0.05329330265522003,
                    -0.17722436785697937,
                    0.982726514339447
                ]
            ],
            [
                [
                    0.985289454460144,
                    0.13835710287094116,
                    -0.10030931234359741
                ],
                [
                    -0.13200601935386658,
                    0.9889523983001709,
                    0.06743574887514114
                ],
                [
                    0.10853134840726852,
                    -0.053202301263809204,
                    0.9926683306694031
                ]
            ],
            [
                [
                    0.9978317618370056,
                    -0.026272345334291458,
                    0.06034485623240471
                ],
                [
                    0.03707002475857735,
                    0.9819526672363281,
                    -0.18545807898044586
                ],
                [
                    -0.054383378475904465,
                    0.18729296326637268,
                    0.9807974696159363
                ]
            ],
            [
                [
                    0.9882044792175293,
                    0.15313641726970673,
                    -0.0010341629385948181
                ],
                [
                    -0.15290169417858124,
                    0.9862684607505798,
                    -0.0624142587184906
                ],
                [
                    -0.00853793229907751,
                    0.061836179345846176,
                    0.9980497360229492
                ]
            ],
            [
                [
                    0.996748149394989,
                    0.015405118465423584,
                    0.07909424602985382
                ],
                [
                    -0.010897054336965084,
                    0.9983081817626953,
                    -0.05711447820067406
                ],
                [
                    -0.0798402801156044,
                    0.0560668483376503,
                    0.9952297210693359
                ]
            ],
            [
                [
                    0.9865901470184326,
                    -0.1597042828798294,
                    0.033681903034448624
                ],
                [
                    0.16132354736328125,
                    0.9854984879493713,
                    -0.05260658264160156
                ],
                [
                    -0.024791967123746872,
                    0.057334817945957184,
                    0.9980471730232239
                ]
            ],
            [
                [
                    0.9682018160820007,
                    0.04080452024936676,
                    0.246820330619812
                ],
                [
                    -0.03447636961936951,
                    0.9989579319953918,
                    -0.029908038675785065
                ],
                [
                    -0.24778349697589874,
                    0.020447546616196632,
                    0.9685996770858765
                ]
            ],
            [
                [
                    0.9692885279655457,
                    -0.06914928555488586,
                    -0.2360045611858368
                ],
                [
                    0.06033509597182274,
                    0.997191309928894,
                    -0.044376011937856674
                ],
                [
                    0.23841024935245514,
                    0.028773797675967216,
                    0.9707382321357727
                ]
            ],
            [
                [
                    0.9974154829978943,
                    -0.06695856153964996,
                    0.02605435624718666
                ],
                [
                    0.0690888985991478,
                    0.9933619499206543,
                    -0.09197145700454712
                ],
                [
                    -0.019723130390048027,
                    0.09353382885456085,
                    0.9954206943511963
                ]
            ],
            [
                [
                    0.996924638748169,
                    -0.0748458281159401,
                    0.02322305552661419
                ],
                [
                    0.07568252831697464,
                    0.9964255690574646,
                    -0.03752683475613594
                ],
                [
                    -0.02033131942152977,
                    0.039169006049633026,
                    0.9990257024765015
                ]
            ],
            [
                [
                    0.9972185492515564,
                    0.06966540962457657,
                    -0.026492200791835785
                ],
                [
                    -0.068648561835289,
                    0.9969347715377808,
                    0.03752945363521576
                ],
                [
                    0.029025498777627945,
                    -0.035606417804956436,
                    0.9989442825317383
                ]
            ],
            [
                [
                    0.9770201444625854,
                    0.047437284141778946,
                    0.20780132710933685
                ],
                [
                    0.011368770152330399,
                    0.9619341492652893,
                    -0.27304476499557495
                ],
                [
                    -0.21284370124340057,
                    0.26913267374038696,
                    0.9392897486686707
                ]
            ],
            [
                [
                    0.8998824954032898,
                    -0.2112291306257248,
                    -0.38156747817993164
                ],
                [
                    0.258894681930542,
                    0.962783932685852,
                    0.07759255170822144
                ],
                [
                    0.35097724199295044,
                    -0.16860997676849365,
                    0.9210785031318665
                ]
            ],
            [
                [
                    0.9138688445091248,
                    -0.23423387110233307,
                    0.3316296935081482
                ],
                [
                    0.22793631255626678,
                    0.9719254374504089,
                    0.058360129594802856
                ],
                [
                    -0.3359892964363098,
                    0.022256961092352867,
                    0.9416027665138245
                ]
            ],
            [
                [
                    0.993418276309967,
                    0.044708386063575745,
                    -0.10545749217271805
                ],
                [
                    -0.08259958773851395,
                    0.9174693822860718,
                    -0.3891366124153137
                ],
                [
                    0.07935634255409241,
                    0.3952861726284027,
                    0.9151237607002258
                ]
            ],
            [
                [
                    0.8209983706474304,
                    0.12931159138679504,
                    -0.5560935735702515
                ],
                [
                    -0.11229764670133591,
                    0.9915608167648315,
                    0.06478045135736465
                ],
                [
                    0.5597773790359497,
                    0.009263423271477222,
                    0.8285912275314331
                ]
            ],
            [
                [
                    0.5832516551017761,
                    -0.6625707745552063,
                    0.46991226077079773
                ],
                [
                    0.7497701644897461,
                    0.6616941094398499,
                    0.0023716583382338285
                ],
                [
                    -0.31250953674316406,
                    0.3509429097175598,
                    0.8827099800109863
                ]
            ],
            [
                [
                    0.1269182413816452,
                    -0.10034044086933136,
                    -0.9868250489234924
                ],
                [
                    -0.15005186200141907,
                    0.9814788699150085,
                    -0.11909542232751846
                ],
                [
                    0.9804979562759399,
                    0.1631903052330017,
                    0.10951130092144012
                ]
            ],
            [
                [
                    0.38139644265174866,
                    0.1698826104402542,
                    0.9086675643920898
                ],
                [
                    0.06717339903116226,
                    0.9752767086029053,
                    -0.21053051948547363
                ],
                [
                    -0.9219677448272705,
                    0.14133387804031372,
                    0.3605554699897766
                ]
            ],
            [
                [
                    0.9867899417877197,
                    -0.07615450769662857,
                    -0.14298972487449646
                ],
                [
                    0.07954618334770203,
                    0.9966660141944885,
                    0.018146570771932602
                ],
                [
                    0.14113105833530426,
                    -0.029281143099069595,
                    0.9895578026771545
                ]
            ],
            [
                [
                    0.9926382899284363,
                    0.023012381047010422,
                    0.1189105361700058
                ],
                [
                    -0.05616908520460129,
                    0.9572885632514954,
                    0.2836257517337799
                ],
                [
                    -0.10730480402708054,
                    -0.28821685910224915,
                    0.951533854007721
                ]
            ],
            [
                [
                    0.9935912489891052,
                    0.09833239018917084,
                    -0.0557410903275013
                ],
                [
                    -0.09305726736783981,
                    0.9915463328361511,
                    0.09042198210954666
                ],
                [
                    0.0641612857580185,
                    -0.08465538918972015,
                    0.9943423271179199
                ]
            ],
            [
                [
                    0.9928860664367676,
                    -0.11755947023630142,
                    -0.018892861902713776
                ],
                [
                    0.11896082013845444,
                    0.9861540198326111,
                    0.11553618311882019
                ],
                [
                    0.0050488985143601894,
                    -0.11696178466081619,
                    0.9931235313415527
                ]
            ]
        ],
        "betas": [
            -0.15224137902259827,
            -0.20543643832206726,
            0.2027280032634735,
            0.6588383913040161,
            0.19814984500408173,
            0.07593938708305359,
            -0.010993510484695435,
            -0.09420520067214966,
            0.12479471415281296,
            0.004446834325790405
        ]
    },
    "pred_cam_t": [
        0.1595250815153122,
        0.26416346430778503,
        27.921611785888672
    ],
    "focal_length": [
        5000.0,
        5000.0
    ],
    "pred_keypoints_3d": [
        [
            -0.1607295572757721,
            -0.7476561665534973,
            0.03127618879079819
        ],
        [
            0.02087591029703617,
            -0.7360787391662598,
            0.0017817504703998566
        ],
        [
            0.0609075091779232,
            -0.6280575394630432,
            0.16678814589977264
        ],
        [
            0.015280861407518387,
            -0.39165759086608887,
            0.23308755457401276
        ],
        [
            -0.21216575801372528,
            -0.32807764410972595,
            0.1501404196023941
        ],
        [
            -0.05501551181077957,
            -0.7082564234733582,
            -0.14763307571411133
        ],
        [
            -0.2949417233467102,
            -0.7234982252120972,
            -0.2359783947467804
        ],
        [
            -0.38644319772720337,
            -0.6554174423217773,
            -0.0192081481218338
        ],
        [
            -0.002183353528380394,
            -0.22958824038505554,
            0.02822555974125862
        ],
        [
            0.019325101748108864,
            -0.1517987698316574,
            0.10695284605026245
        ],
        [
            0.006054755300283432,
            0.18588338792324066,
            0.2695294916629791
        ],
        [
            0.016363292932510376,
            0.5609511137008667,
            0.37562012672424316
        ],
        [
            -0.035826608538627625,
            -0.1289922297000885,
            -0.015382003039121628
        ],
        [
            -0.13971513509750366,
            0.21168360114097595,
            0.0714394748210907
        ],
        [
            -0.1508207619190216,
            0.5630382299423218,
            0.23921531438827515
        ],
        [
            -0.15204717218875885,
            -0.798067033290863,
            0.06590700149536133
        ],
        [
            -0.16440197825431824,
            -0.8001775741577148,
            0.0005347505211830139
        ],
        [
            -0.06083756685256958,
            -0.8437225818634033,
            0.0951991081237793
        ],
        [
            -0.08975984156131744,
            -0.8483556509017944,
            -0.051946938037872314
        ],
        [
            -0.3450034260749817,
            0.5814091563224792,
            0.29291999340057373
        ],
        [
            -0.3092763423919678,
            0.618611216545105,
            0.22653229534626007
        ],
        [
            -0.09902410209178925,
            0.6077492237091064,
            0.24028129875659943
        ],
        [
            -0.14116649329662323,
            0.5691789388656616,
            0.49913284182548523
        ],
        [
            -0.05792458727955818,
            0.5685359835624695,
            0.5285333395004272
        ],
        [
            0.062343303114175797,
            0.6144112348556519,
            0.3590431809425354
        ],
        [
            0.05332335829734802,
            0.5149600505828857,
            0.3614406883716583
        ],
        [
            0.008509531617164612,
            0.12579131126403809,
            0.24408648908138275
        ],
        [
            0.070927694439888,
            -0.28066855669021606,
            0.14724186062812805
        ],
        [
            -0.037873804569244385,
            -0.21670249104499817,
            -0.11575993150472641
        ],
        [
            -0.13336624205112457,
            0.1753389686346054,
            0.04759674146771431
        ],
        [
            -0.12489855289459229,
            0.5412901639938354,
            0.2110985517501831
        ],
        [
            -0.1991477757692337,
            -0.3663637638092041,
            0.14566843211650848
        ],
        [
            -0.005874049849808216,
            -0.42059266567230225,
            0.2517748475074768
        ],
        [
            0.055938720703125,
            -0.6613690853118896,
            0.1348353624343872
        ],
        [
            -0.035501040518283844,
            -0.7299014925956726,
            -0.1330626904964447
        ],
        [
            -0.27887654304504395,
            -0.7556537389755249,
            -0.20854412019252777
        ],
        [
            -0.3660939931869507,
            -0.668470025062561,
            -0.01764601096510887
        ],
        [
            0.015420891344547272,
            -0.731475293636322,
            0.007810117676854134
        ],
        [
            -0.1211947500705719,
            -0.8782281279563904,
            0.026804542168974876
        ],
        [
            0.01636723056435585,
            -0.24914664030075073,
            0.015161738730967045
        ],
        [
            0.011002137325704098,
            -0.6892678141593933,
            0.0033704545348882675
        ],
        [
            0.04445280134677887,
            -0.49510788917541504,
            -0.02392861619591713
        ],
        [
            -0.08628669381141663,
            -0.7685446739196777,
            0.013766106218099594
        ],
        [
            -0.12475760281085968,
            -0.8972241282463074,
            0.032206274569034576
        ]
    ],
    "pred_vertices": [
        [
            -0.19529524445533752,
            -0.8379881978034973,
            -0.00534188374876976
        ],
        [
            -0.19130735099315643,
            -0.8218523263931274,
            -0.0007386375218629837
        ],
        [
            -0.18395023047924042,
            -0.8246932029724121,
            -0.013113557361066341
        ],
        [
            -0.1834188848733902,
            -0.8387327194213867,
            -0.018251566216349602
        ],
        [
            -0.182551771402359,
            -0.8136006593704224,
            -0.00959983840584755
        ],
        [
            -0.18699268996715546,
            -0.8105334639549255,
            0.0011955443769693375
        ],
        [
            -0.17301246523857117,
            -0.8257337212562561,
            -0.0217739325016737
        ],
        [
            -0.1694941222667694,
            -0.8380011320114136,
            -0.026776406913995743
        ],
        [
            -0.1437731683254242,
            -0.8040245771408081,
            -0.03255649283528328
        ],
        [
            -0.1344236582517624,
            -0.8061728477478027,
            -0.03792053461074829
        ],
        [
            -0.14272645115852356,
            -0.8149669170379639,
            -0.03616347163915634
        ],
        [
            -0.14968031644821167,
            -0.8106489181518555,
            -0.030099378898739815
        ],
        [
            -0.12605533003807068,
            -0.784946084022522,
            -0.0347980260848999
        ],
        [
            -0.12636932730674744,
            -0.7723679542541504,
            -0.029115719720721245
        ],
        [
            -0.11369359493255615,
            -0.7707439064979553,
            -0.0337202325463295
        ],
        [
            -0.1119990199804306,
            -0.7835068702697754,
            -0.0386153943836689
        ],
        [
            -0.14765605330467224,
            -0.7692258358001709,
            0.007153617218136787
        ],
        [
            -0.14409148693084717,
            -0.7644631266593933,
            0.0007409024983644485
        ],
        [
            -0.14821583032608032,
            -0.7704127430915833,
            -0.0023832283914089203
        ],
        [
            -0.1507737934589386,
            -0.7747184038162231,
            0.00454750657081604
        ],
        [
            -0.15642297267913818,
            -0.7734670639038086,
            0.017846930772066116
        ],
        [
            -0.15707087516784668,
            -0.7798715829849243,
            0.0171637162566185
        ],
        [
            -0.1625780165195465,
            -0.779832124710083,
            0.022890213876962662
        ],
        [
            -0.16258633136749268,
            -0.7723292708396912,
            0.0226452499628067
        ],
        [
            -0.1434353142976761,
            -0.764910101890564,
            0.01184377446770668
        ],
        [
            -0.13950185477733612,
            -0.7603425979614258,
            0.005041994154453278
        ],
        [
            -0.151011660695076,
            -0.7729370594024658,
            0.012567060068249702
        ],
        [
            -0.15008361637592316,
            -0.7680447101593018,
            0.01398845948278904
        ],
        [
            -0.15465006232261658,
            -0.7570058107376099,
            0.017116729170084
        ],
        [
            -0.1563907414674759,
            -0.7616806030273438,
            0.016033081337809563
        ],
        [
            -0.16198945045471191,
            -0.7586166858673096,
            0.020059145987033844
        ],
        [
            -0.15814706683158875,
            -0.7543715238571167,
            0.02055000141263008
        ],
        [
            -0.1470845639705658,
            -0.7619564533233643,
            0.013219250366091728
        ],
        [
            -0.15108805894851685,
            -0.7628133296966553,
            0.013369081541895866
        ],
        [
            -0.1505122035741806,
            -0.7583242654800415,
            0.015527311712503433
        ],
        [
            -0.1464340090751648,
            -0.7584075927734375,
            0.016445357352495193
        ],
        [
            -0.15612199902534485,
            -0.7684741020202637,
            0.018016137182712555
        ],
        [
            -0.16249260306358337,
            -0.7658381462097168,
            0.021747037768363953
        ],
        [
            -0.16845694184303284,
            -0.7627302408218384,
            0.026454363018274307
        ],
        [
            -0.16673094034194946,
            -0.753961443901062,
            0.024989066645503044
        ],
        [
            -0.13264970481395721,
            -0.7577004432678223,
            -0.01235966570675373
        ],
        [
            -0.1392742097377777,
            -0.7607647180557251,
            -0.006384562700986862
        ],
        [
            -0.13569097220897675,
            -0.7566977739334106,
            -0.0016967914998531342
        ],
        [
            -0.1309596300125122,
            -0.754011869430542,
            -0.007311210036277771
        ],
        [
            -0.14206629991531372,
            -0.7578396797180176,
            0.014647644013166428
        ],
        [
            -0.13356620073318481,
            -0.7453633546829224,
            0.009269675239920616
        ],
        [
            -0.13597984611988068,
            -0.7482527494430542,
            0.00940191000699997
        ],
        [
            -0.13879215717315674,
            -0.7463684678077698,
            0.015765942633152008
        ],
        [
            -0.1365223228931427,
            -0.7437350749969482,
            0.014975272119045258
        ],
        [
            -0.11797752976417542,
            -0.7514734268188477,
            -0.019954336807131767
        ],
        [
            -0.1201203316450119,
            -0.7477313876152039,
            -0.013945568352937698
        ],
        [
            -0.11407428979873657,
            -0.7437219619750977,
            -0.015443841926753521
        ],
        [
            -0.11005322635173798,
            -0.7472478151321411,
            -0.021002687513828278
        ],
        [
            -0.10964931547641754,
            -0.7395496964454651,
            -0.013603141531348228
        ],
        [
            -0.10308028757572174,
            -0.7427785992622375,
            -0.020653024315834045
        ],
        [
            -0.09426462650299072,
            -0.7308831214904785,
            -0.013134025037288666
        ],
        [
            -0.0980096161365509,
            -0.7363932132720947,
            -0.01712755486369133
        ],
        [
            -0.10623331367969513,
            -0.7346315383911133,
            -0.010205034166574478
        ],
        [
            -0.10513867437839508,
            -0.7285304665565491,
            -0.005041394382715225
        ],
        [
            -0.11250415444374084,
            -0.7271310091018677,
            0.007844369858503342
        ],
        [
            -0.11296698451042175,
            -0.7244229912757874,
            0.013741211965680122
        ],
        [
            -0.1050480306148529,
            -0.7160428762435913,
            0.007697548717260361
        ],
        [
            -0.1052137166261673,
            -0.7210502624511719,
            0.0015319585800170898
        ],
        [
            -0.12641113996505737,
            -0.7432198524475098,
            0.00888817012310028
        ],
        [
            -0.12481015920639038,
            -0.7450722455978394,
            0.0047335755079984665
        ],
        [
            -0.12752024829387665,
            -0.7449079751968384,
            0.004772491753101349
        ],
        [
            -0.13020023703575134,
            -0.743720293045044,
            0.009162448346614838
        ],
        [
            -0.12377174198627472,
            -0.7460116147994995,
            0.0009111687541007996
        ],
        [
            -0.12327499687671661,
            -0.7463499903678894,
            -0.000806981697678566
        ],
        [
            -0.12495827674865723,
            -0.7466307878494263,
            -0.00036251917481422424
        ],
        [
            -0.12454596161842346,
            -0.74647057056427,
            0.000948932021856308
        ],
        [
            -0.12457381188869476,
            -0.7457399368286133,
            0.0029533319175243378
        ],
        [
            -0.12365031242370605,
            -0.7439072132110596,
            0.003801722079515457
        ],
        [
            -0.12362045049667358,
            -0.7450580596923828,
            0.0017803069204092026
        ],
        [
            -0.12492668628692627,
            -0.7414411902427673,
            0.007453303784132004
        ],
        [
            -0.12827648222446442,
            -0.7344233989715576,
            0.0200343020260334
        ],
        [
            -0.12793630361557007,
            -0.7357193827629089,
            0.01640697568655014
        ],
        [
            -0.12942111492156982,
            -0.7398340702056885,
            0.018267478793859482
        ],
        [
            -0.1299353539943695,
            -0.7388812303543091,
            0.02132207155227661
        ],
        [
            -0.12726935744285583,
            -0.7472193241119385,
            0.0013362877070903778
        ],
        [
            -0.1281600445508957,
            -0.748562216758728,
            -0.0006960164755582809
        ],
        [
            -0.13192646205425262,
            -0.7485865354537964,
            0.0035439077764749527
        ],
        [
            -0.12965138256549835,
            -0.7467280030250549,
            0.004463823512196541
        ],
        [
            -0.12949295341968536,
            -0.7503196001052856,
            -0.0034363139420747757
        ],
        [
            -0.12555590271949768,
            -0.7480258941650391,
            -0.0025473926216363907
        ],
        [
            -0.1260823905467987,
            -0.7490095496177673,
            -0.005736235529184341
        ],
        [
            -0.12216229736804962,
            -0.744891881942749,
            -0.00042915157973766327
        ],
        [
            -0.12040957808494568,
            -0.7445126175880432,
            -0.003468655049800873
        ],
        [
            -0.12287025153636932,
            -0.746042013168335,
            -0.003682183101773262
        ],
        [
            -0.11863696575164795,
            -0.7415077686309814,
            -0.001765301451086998
        ],
        [
            -0.12155263125896454,
            -0.742620587348938,
            0.001902436837553978
        ],
        [
            -0.1222478449344635,
            -0.7393341660499573,
            0.0054013971239328384
        ],
        [
            -0.12343528866767883,
            -0.7357707619667053,
            0.00999477505683899
        ],
        [
            -0.11855015158653259,
            -0.7337973117828369,
            0.006888769567012787
        ],
        [
            -0.11818380653858185,
            -0.7376444339752197,
            0.0018749833106994629
        ],
        [
            -0.1340520977973938,
            -0.7521780729293823,
            0.0016859956085681915
        ],
        [
            -0.1216328889131546,
            -0.7466909289360046,
            -0.008161792531609535
        ],
        [
            -0.12590621411800385,
            -0.7518476247787476,
            -0.010843725875020027
        ],
        [
            -0.11788541078567505,
            -0.7434971928596497,
            -0.008653571829199791
        ],
        [
            -0.11468878388404846,
            -0.7400593757629395,
            -0.007062189280986786
        ],
        [
            -0.11290749907493591,
            -0.7356853485107422,
            -0.0029511451721191406
        ],
        [
            -0.11250340938568115,
            -0.7311927080154419,
            0.002169545739889145
        ],
        [
            -0.09157983958721161,
            -0.7155797481536865,
            0.0033570490777492523
        ],
        [
            -0.093266561627388,
            -0.7218955755233765,
            -0.004399755969643593
        ],
        [
            -0.1796143651008606,
            -0.8061273097991943,
            0.0023337751626968384
        ],
        [
            -0.17815721035003662,
            -0.8074371814727783,
            -0.006565874442458153
        ],
        [
            -0.1693686991930008,
            -0.8042494654655457,
            -0.00805201567709446
        ],
        [
            -0.17086315155029297,
            -0.8060026168823242,
            -0.009490890428423882
        ],
        [
            -0.1739042103290558,
            -0.8050452470779419,
            -0.004113761708140373
        ],
        [
            -0.1713312268257141,
            -0.8033185601234436,
            -0.003818633034825325
        ],
        [
            -0.15438345074653625,
            -0.8086445927619934,
            -0.023581448942422867
        ],
        [
            -0.15832555294036865,
            -0.8070657253265381,
            -0.01811828836798668
        ],
        [
            -0.15505361557006836,
            -0.804948091506958,
            -0.018765922635793686
        ],
        [
            -0.15037792921066284,
            -0.8037205934524536,
            -0.025854390114545822
        ],
        [
            -0.15487828850746155,
            -0.7946265935897827,
            -0.011659422889351845
        ],
        [
            -0.15382499992847443,
            -0.7976746559143066,
            -0.015955161303281784
        ],
        [
            -0.15914469957351685,
            -0.8013116121292114,
            -0.011385219171643257
        ],
        [
            -0.15997539460659027,
            -0.7990422248840332,
            -0.008305465802550316
        ],
        [
            -0.16071832180023193,
            -0.7973040342330933,
            -0.0045769102871418
        ],
        [
            -0.1613338589668274,
            -0.7962011098861694,
            -0.0002175886183977127
        ],
        [
            -0.1575227975845337,
            -0.7925674915313721,
            -0.0013276711106300354
        ],
        [
            -0.1562281996011734,
            -0.7930850982666016,
            -0.006526358425617218
        ],
        [
            -0.17440062761306763,
            -0.8051246404647827,
            0.0023464299738407135
        ],
        [
            -0.17283424735069275,
            -0.8042409420013428,
            0.009673817083239555
        ],
        [
            -0.1702391803264618,
            -0.8027534484863281,
            0.007746664807200432
        ],
        [
            -0.17197200655937195,
            -0.8030872344970703,
            0.0018032453954219818
        ],
        [
            -0.16092772781848907,
            -0.8003318905830383,
            0.016861144453287125
        ],
        [
            -0.16349658370018005,
            -0.8015282154083252,
            0.015983905643224716
        ],
        [
            -0.16464701294898987,
            -0.8020300269126892,
            0.01974518597126007
        ],
        [
            -0.16111814975738525,
            -0.7990000247955322,
            0.02015550434589386
        ],
        [
            -0.15968281030654907,
            -0.7966364622116089,
            0.017414463683962822
        ],
        [
            -0.16043642163276672,
            -0.7988161444664001,
            0.015372291207313538
        ],
        [
            -0.2056051790714264,
            -0.8555202484130859,
            0.0061119236052036285
        ],
        [
            -0.20263198018074036,
            -0.8367905616760254,
            0.009355597198009491
        ],
        [
            -0.19398969411849976,
            -0.857979416847229,
            -0.010423397645354271
        ],
        [
            -0.17917919158935547,
            -0.8568097949028015,
            -0.021998926997184753
        ],
        [
            -0.1648617684841156,
            -0.8518168926239014,
            -0.03187817707657814
        ],
        [
            -0.11578972637653351,
            -0.7595929503440857,
            -0.027031444013118744
        ],
        [
            -0.10577152669429779,
            -0.7564417719841003,
            -0.029742585495114326
        ],
        [
            -0.10147646069526672,
            -0.7696411609649658,
            -0.037446122616529465
        ],
        [
            -0.09149764478206635,
            -0.7642385959625244,
            -0.03717910498380661
        ],
        [
            -0.0967780351638794,
            -0.7504705190658569,
            -0.029088398441672325
        ],
        [
            -0.08338002860546112,
            -0.7358449697494507,
            -0.018601704388856888
        ],
        [
            -0.08911584317684174,
            -0.743278980255127,
            -0.02555745095014572
        ],
        [
            -0.08145156502723694,
            -0.758869469165802,
            -0.034637484699487686
        ],
        [
            -0.07677948474884033,
            -0.7778726816177368,
            -0.04274994134902954
        ],
        [
            -0.08770357072353363,
            -0.7795208692550659,
            -0.0432123988866806
        ],
        [
            -0.07581134140491486,
            -0.7985752820968628,
            -0.045616451650857925
        ],
        [
            -0.06319832801818848,
            -0.7769204378128052,
            -0.04096201807260513
        ],
        [
            -0.06731733679771423,
            -0.8026037216186523,
            -0.04363083466887474
        ],
        [
            -0.053563907742500305,
            -0.7466485500335693,
            -0.028805255889892578
        ],
        [
            -0.048461318016052246,
            -0.7411210536956787,
            -0.03127477690577507
        ],
        [
            -0.0393153578042984,
            -0.7538703680038452,
            -0.04181339964270592
        ],
        [
            -0.045402586460113525,
            -0.7599290609359741,
            -0.03981913626194
        ],
        [
            -0.09873421490192413,
            -0.7816875576972961,
            -0.042445484548807144
        ],
        [
            -0.1431789994239807,
            -0.8284016847610474,
            -0.037614669650793076
        ],
        [
            -0.15173132717609406,
            -0.82081139087677,
            -0.03253324702382088
        ],
        [
            -0.1328987181186676,
            -0.820096492767334,
            -0.041304655373096466
        ],
        [
            -0.1633545458316803,
            -0.8881632089614868,
            -0.034168995916843414
        ],
        [
            -0.17399126291275024,
            -0.8734205961227417,
            -0.027967270463705063
        ],
        [
            -0.1600930392742157,
            -0.865760087966919,
            -0.03690576180815697
        ],
        [
            -0.15228840708732605,
            -0.8803178071975708,
            -0.0415499284863472
        ],
        [
            -0.18902625143527985,
            -0.9088380336761475,
            -0.0026712268590927124
        ],
        [
            -0.20069190859794617,
            -0.8830771446228027,
            -7.672235369682312e-06
        ],
        [
            -0.18920904397964478,
            -0.879866361618042,
            -0.013647062703967094
        ],
        [
            -0.17899882793426514,
            -0.8998868465423584,
            -0.017802946269512177
        ],
        [
            -0.1427384465932846,
            -0.889487624168396,
            -0.045069873332977295
        ],
        [
            -0.1291971653699875,
            -0.9018743634223938,
            -0.047160591930150986
        ],
        [
            -0.1330750584602356,
            -0.9183632731437683,
            -0.042002733796834946
        ],
        [
            -0.1511460840702057,
            -0.9050978422164917,
            -0.03855012729763985
        ],
        [
            -0.13815093040466309,
            -0.9380284547805786,
            -0.028638547286391258
        ],
        [
            -0.16041484475135803,
            -0.9223212003707886,
            -0.023920821025967598
        ],
        [
            -0.05100145936012268,
            -0.7962698936462402,
            -0.04240090772509575
        ],
        [
            -0.0595698356628418,
            -0.8147123456001282,
            -0.04215201362967491
        ],
        [
            -0.05410212278366089,
            -0.7663363814353943,
            -0.037994932383298874
        ],
        [
            -0.043855488300323486,
            -0.7822617292404175,
            -0.04299303516745567
        ],
        [
            -0.14135496318340302,
            -0.9524573087692261,
            -0.009423162788152695
        ],
        [
            -0.16797204315662384,
            -0.9347066283226013,
            -0.0047282874584198
        ],
        [
            -0.0749838650226593,
            -0.9141526222229004,
            -0.0438518151640892
        ],
        [
            -0.09313318133354187,
            -0.9227388501167297,
            -0.04289131611585617
        ],
        [
