{
    "pred_cam": [
        1.1748005151748657,
        0.015600429847836494,
        0.1849832832813263
    ],
    "pred_smpl_params": {
        "global_orient": [
            [
                [
                    0.9737869501113892,
                    0.1897459328174591,
                    0.12544092535972595
                ],
                [
                    0.18450751900672913,
                    -0.9814415574073792,
                    0.05224401131272316
                ],
                [
                    0.13302601873874664,
                    -0.027729744091629982,
                    -0.990724503993988
                ]
            ]
        ],
        "body_pose": [
            [
                [
                    0.9983400702476501,
                    0.017673708498477936,
                    -0.0548153892159462
                ],
                [
                    -0.007475612219423056,
                    0.9834657907485962,
                    0.18093974888324738
                ],
                [
                    0.05710693448781967,
                    -0.18022963404655457,
                    0.9819654226303101
                ]
            ],
            [
                [
                    0.9999615550041199,
                    0.003911883104592562,
                    -0.007857273332774639
                ],
                [
                    -0.002434350084513426,
                    0.9836755990982056,
                    0.17993399500846863
                ],
                [
                    0.008432894013822079,
                    -0.1799079179763794,
                    0.9836472868919373
                ]
            ],
            [
                [
                    0.9986299276351929,
                    -7.662919233553112e-05,
                    0.05232801288366318
                ],
                [
                    0.010366532020270824,
                    0.9804691672325134,
                    -0.19639940559864044
                ],
                [
                    -0.051290955394506454,
                    0.19667279720306396,
                    0.9791266322135925
                ]
            ],
            [
                [
                    0.9920226335525513,
                    -0.03339123725891113,
                    -0.12155672907829285
                ],
                [
                    -0.047098882496356964,
                    0.7962693572044373,
                    -0.6031060218811035
                ],
                [
                    0.11693035811185837,
                    0.6040200591087341,
                    0.7883445620536804
                ]
            ],
            [
                [
                    0.9937635064125061,
                    -0.09251805394887924,
                    0.062245842069387436
                ],
                [
                    0.11103910952806473,
                    0.7698874473571777,
                    -0.6284453868865967
                ],
                [
                    0.010220253840088844,
                    0.6314377784729004,
                    0.7753591537475586
                ]
            ],
            [
                [
                    0.9977599382400513,
                    0.015439861454069614,
                    0.06509000062942505
                ],
                [
                    -0.013957756571471691,
                    0.9996342658996582,
                    -0.023163672536611557
                ],
                [
                    -0.06542383879423141,
                    0.022203274071216583,
                    0.9976105093955994
                ]
            ],
            [
                [
                    0.9836732745170593,
                    0.07479672878980637,
                    0.16368353366851807
                ],
                [
                    -0.07884936779737473,
                    0.9967167973518372,
                    0.018394486978650093
                ],
                [
                    -0.1617702841758728,
                    -0.031000511720776558,
                    0.9863413572311401
                ]
            ],
            [
                [
                    0.9856530427932739,
                    -0.02443758025765419,
                    -0.1670057326555252
                ],
                [
                    0.029417017474770546,
                    0.999191403388977,
                    0.027407197281718254
                ],
                [
                    0.1662009358406067,
                    -0.03192679584026337,
                    0.9855749011039734
                ]
            ],
            [
                [
                    0.9989509582519531,
                    -0.001589287305250764,
                    0.04576519876718521
                ],
                [
                    0.005267740227282047,
                    0.9967512488365173,
                    -0.08036867529153824
                ],
                [
                    -0.04548879340291023,
                    0.08052544295787811,
                    0.995714008808136
                ]
            ],
            [
                [
                    0.9846486449241638,
                    -0.17446309328079224,
                    0.005446234717965126
                ],
                [
                    0.17114311456680298,
                    0.9711037278175354,
                    0.16633571684360504
                ],
                [
                    -0.0343082994222641,
                    -0.16285015642642975,
                    0.9860541224479675
                ]
            ],
            [
                [
                    0.9930359721183777,
                    0.11780797690153122,
                    0.0008530264021828771
                ],
                [
                    -0.11575265973806381,
                    0.9743126630783081,
                    0.1931738555431366
                ],
                [
                    0.021926304325461388,
                    -0.19192735850811005,
                    0.9811640977859497
                ]
            ],
            [
                [
                    0.9999995231628418,
                    -0.0007892788271419704,
                    0.000566015369258821
                ],
                [
                    0.0008236163994297385,
                    0.9979833364486694,
                    -0.06347049027681351
                ],
                [
                    -0.0005147777847014368,
                    0.06347092986106873,
                    0.9979835152626038
                ]
            ],
            [
                [
                    0.9408911466598511,
                    0.33869773149490356,
                    -0.0027485147584229708
                ],
                [
                    -0.33859050273895264,
                    0.9403168559074402,
                    -0.0340692438185215
                ],
                [
                    -0.008954701945185661,
                    0.032986074686050415,
                    0.9994156360626221
                ]
            ],
            [
                [
                    0.9492138028144836,
                    -0.29008394479751587,
                    0.12183823436498642
                ],
                [
                    0.2923104465007782,
                    0.9563234448432922,
                    -0.0004190160252619535
                ],
                [
                    -0.11639519780874252,
                    0.03601232171058655,
                    0.9925499558448792
                ]
            ],
            [
                [
                    0.9999014139175415,
                    0.01380968652665615,
                    -0.002562375273555517
                ],
                [
                    -0.013991222716867924,
                    0.9633232951164246,
                    -0.2679785490036011
                ],
                [
                    -0.0012323007686063647,
                    0.2679879665374756,
                    0.9634215235710144
                ]
            ],
            [
                [
                    0.44660401344299316,
                    0.8569679856300354,
                    -0.25719794631004333
                ],
                [
                    -0.8921324014663696,
                    0.4484071433544159,
                    -0.055052585899829865
                ],
                [
                    0.0681510865688324,
                    0.2540413439273834,
                    0.9647893309593201
                ]
            ],
            [
                [
                    0.45581185817718506,
                    -0.783136248588562,
                    0.4230048954486847
                ],
                [
                    0.8597441911697388,
                    0.5103899240493774,
                    0.018494395539164543
                ],
                [
                    -0.2303810566663742,
                    0.35524603724479675,
                    0.9059386253356934
                ]
            ],
            [
                [
                    0.33682113885879517,
                    -0.3714999556541443,
                    -0.8651816844940186
                ],
                [
                    0.17799901962280273,
                    0.9274268746376038,
                    -0.32893115282058716
                ],
                [
                    0.9245906472206116,
                    -0.043210528790950775,
                    0.37850362062454224
                ]
            ],
            [
                [
                    0.08333540707826614,
                    0.4193328619003296,
                    0.9039995670318604
                ],
                [
                    0.02158275991678238,
                    0.9061827659606934,
                    -0.4223352074623108
                ],
                [
                    -0.9962878227233887,
                    0.05470629036426544,
                    0.06646674871444702
                ]
            ],
            [
                [
                    0.9875588417053223,
                    -0.15306542813777924,
                    -0.036033887416124344
                ],
                [
                    0.15499384701251984,
                    0.9861658811569214,
                    0.05876956880092621
                ],
                [
                    0.026539798825979233,
                    -0.06362344324588776,
                    0.9976210594177246
                ]
            ],
            [
                [
                    0.984144389629364,
                    0.16474299132823944,
                    0.06572362035512924
                ],
                [
                    -0.1668398082256317,
                    0.9855930209159851,
                    0.027766717597842216
                ],
                [
                    -0.06020236387848854,
                    -0.038291774690151215,
                    0.9974515438079834
                ]
            ],
            [
                [
                    0.9662419557571411,
                    0.236424058675766,
                    -0.1023719385266304
                ],
                [
                    -0.2202029526233673,
                    0.9641273617744446,
                    0.14821971952915192
                ],
                [
                    0.1337422877550125,
                    -0.1206735223531723,
                    0.9836415648460388
                ]
            ],
            [
                [
                    0.9701205492019653,
                    -0.23108820617198944,
                    0.07392019033432007
                ],
                [
                    0.22027622163295746,
                    0.9666112065315247,
                    0.130924254655838
                ],
                [
                    -0.10170713812112808,
                    -0.11072946339845657,
                    0.9886326193809509
                ]
            ]
        ],
        "betas": [
            -0.036059752106666565,
            -0.1038464903831482,
            0.11980944871902466,
            0.3813023865222931,
            0.04176539182662964,
            0.054982367902994156,
            0.011232733726501465,
            -0.0399782657623291,
            0.0595584362745285,
            -0.029222756624221802
        ]
    },
    "pred_cam_t": [
        0.015600429847836494,
        0.1849832832813263,
        33.25032424926758
    ],
    "focal_length": [
        5000.0,
        5000.0
    ],
    "pred_keypoints_3d": [
        [
            0.16660577058792114,
            -0.7407387495040894,
            -0.226321280002594
        ],
        [
            0.10606023669242859,
            -0.7227016687393188,
            -0.045096855610609055
        ],
        [
            -0.08683981001377106,
            -0.6616524457931519,
            -0.07521925866603851
        ],
        [
            -0.1750982105731964,
            -0.42692142724990845,
            -0.044155530631542206
        ],
        [
            -0.008463829755783081,
            -0.33999234437942505,
            -0.2141703963279724
        ],
        [
            0.25190240144729614,
            -0.608839213848114,
            0.03685130178928375
        ],
        [
            0.20971627533435822,
            -0.37672823667526245,
            0.14401449263095856
        ],
        [
            0.24343395233154297,
            -0.22200627624988556,
            -0.04655051231384277
        ],
        [
            -0.0020649374928325415,
            -0.22757098078727722,
            0.028293702751398087
        ],
        [
            -0.08526146411895752,
            -0.15125036239624023,
            0.02606738545000553
        ],
        [
            -0.18662086129188538,
            0.21147924661636353,
            -0.027501096948981285
        ],
        [
            -0.22653543949127197,
            0.5241132974624634,
            0.21271903812885284
        ],
        [
            0.0468796081840992,
            -0.12530337274074554,
            0.046650733798742294
        ],
        [
            0.012366652488708496,
            0.2418534904718399,
            -0.003685344010591507
        ],
        [
            -0.06341154873371124,
            0.5581074953079224,
            0.22203782200813293
        ],
        [
            0.1408817619085312,
            -0.7964094281196594,
            -0.22662362456321716
        ],
        [
            0.20414935052394867,
            -0.7858773469924927,
            -0.20880486071109772
        ],
        [
            0.0825200155377388,
            -0.8406553268432617,
            -0.15160077810287476
        ],
        [
            0.22398506104946136,
            -0.8174383640289307,
            -0.11306501179933548
        ],
        [
            -0.07758669555187225,
            0.6925737857818604,
            0.07528239488601685
        ],
        [
            -0.012546051293611526,
            0.6870185136795044,
            0.1279928982257843
        ],
        [
            -0.06433951109647751,
            0.5624494552612305,
            0.29181158542633057
        ],
        [
            -0.23447316884994507,
            0.6567866802215576,
            0.06680822372436523
        ],
        [
            -0.30709919333457947,
            0.6314590573310852,
            0.10913804173469543
        ],
        [
            -0.2329978048801422,
            0.5344897508621216,
            0.28489530086517334
        ],
        [
            -0.24200287461280823,
            0.4666171967983246,
            0.2092667818069458
        ],
        [
            -0.17218953371047974,
            0.15133897960186005,
            -0.02971503883600235
        ],
        [
            -0.1400260031223297,
            -0.28746867179870605,
            0.018526557832956314
        ],
        [
            0.14026488363742828,
            -0.2173456847667694,
            0.07102391123771667
        ],
        [
            0.029553264379501343,
            0.20381659269332886,
            -0.0035137804225087166
        ],
        [
            -0.04728923738002777,
            0.5184349417686462,
            0.228559672832489
        ],
        [
            -0.004708822816610336,
            -0.37523192167282104,
            -0.19732800126075745
        ],
        [
            -0.1796177327632904,
            -0.4519861936569214,
            -0.08229292929172516
        ],
        [
            -0.04686867445707321,
            -0.6851088404655457,
            -0.07068252563476562
        ],
        [
            0.22878962755203247,
            -0.6436817049980164,
            0.025249097496271133
        ],
        [
            0.2549547851085663,
            -0.3938428461551666,
            0.11733882129192352
        ],
        [
            0.25111860036849976,
            -0.24474531412124634,
            -0.044284313917160034
        ],
        [
            0.1091664582490921,
            -0.7137822508811951,
            -0.04792230576276779
        ],
        [
            0.17385292053222656,
            -0.864936888217926,
            -0.17001110315322876
        ],
        [
            0.0009169412078335881,
            -0.25242725014686584,
            0.045111943036317825
        ],
        [
            0.09015186131000519,
            -0.6620944738388062,
            -0.025218728929758072
        ],
        [
            0.046766288578510284,
            -0.49762678146362305,
            0.027652833610773087
        ],
        [
            0.15277573466300964,
            -0.7546932697296143,
            -0.14809608459472656
        ],
        [
            0.1733281910419464,
            -0.8859230279922485,
            -0.17266879975795746
        ]
    ],
    "pred_vertices": [
        [
            0.22866928577423096,
            -0.82332444190979,
            -0.22837531566619873
        ],
        [
            0.21995751559734344,
            -0.8088887333869934,
            -0.22868824005126953
        ],
        [
            0.2280372530221939,
            -0.8088172674179077,
            -0.21678897738456726
        ],
        [
            0.23487460613250732,
            -0.821438193321228,
            -0.21195721626281738
        ],
        [
            0.22240203619003296,
            -0.7989075779914856,
            -0.21820726990699768
        ],
        [
            0.21439938247203827,
            -0.7982231974601746,
            -0.2272924780845642
        ],
        [
            0.23105274140834808,
            -0.80774986743927,
            -0.2031114548444748
        ],
        [
            0.23632901906967163,
            -0.8177627325057983,
            -0.19579002261161804
        ],
        [
            0.2243822067975998,
            -0.7822359800338745,
            -0.17488780617713928
        ],
        [
            0.2252563238143921,
            -0.7823288440704346,
            -0.16361543536186218
        ],
        [
            0.22894956171512604,
            -0.7919666767120361,
            -0.17072251439094543
        ],
        [
            0.22584550082683563,
            -0.7896430492401123,
            -0.1803426742553711
        ],
        [
            0.21567052602767944,
            -0.7622312307357788,
            -0.16040265560150146
        ],
        [
            0.20868678390979767,
            -0.7511265277862549,
            -0.16494324803352356
        ],
        [
            0.20665720105171204,
            -0.7480377554893494,
            -0.1519796997308731
        ],
        [
            0.2123420536518097,
            -0.7591139078140259,
            -0.14674146473407745
        ],
        [
            0.18583273887634277,
            -0.7563631534576416,
            -0.2003917098045349
        ],
        [
            0.18909162282943726,
            -0.7503790259361267,
            -0.19497330486774445
        ],
        [
            0.19446450471878052,
            -0.755824089050293,
            -0.19628849625587463
        ],
        [
            0.19019724428653717,
            -0.7613780498504639,
            -0.20124268531799316
        ],
        [
            0.18072886765003204,
            -0.7630603313446045,
            -0.21282660961151123
        ],
        [
            0.1825893372297287,
            -0.7692607641220093,
            -0.21217507123947144
        ],
        [
            0.1801050752401352,
            -0.7706875801086426,
            -0.21965816617012024
        ],
        [
            0.17904751002788544,
            -0.7632499933242798,
            -0.22063949704170227
        ],
        [
            0.17923733592033386,
            -0.7527687549591064,
            -0.19951613247394562
        ],
        [
            0.18272125720977783,
            -0.7467663288116455,
            -0.19353461265563965
        ],
        [
            0.18315228819847107,
            -0.7611061930656433,
            -0.20560498535633087
        ],
        [
            0.1804642230272293,
            -0.7566767334938049,
            -0.20615485310554504
        ],
        [
            0.17807620763778687,
            -0.7466932535171509,
            -0.2131478637456894
        ],
        [
            0.18055342137813568,
            -0.7512019872665405,
            -0.21353402733802795
        ],
        [
            0.1788470447063446,
            -0.7492193579673767,
            -0.2209208905696869
        ],
        [
            0.1760099083185196,
            -0.7450262308120728,
            -0.21826167404651642
        ],
        [
            0.17872339487075806,
            -0.7503572702407837,
            -0.20403778553009033
        ],
        [
            0.18060466647148132,
            -0.7513425350189209,
            -0.20764002203941345
        ],
        [
            0.17767341434955597,
            -0.7474045753479004,
            -0.20868244767189026
        ],
        [
            0.17506814002990723,
            -0.747423529624939,
            -0.20531663298606873
        ],
        [
            0.17952604591846466,
            -0.7581284046173096,
            -0.21346816420555115
        ],
        [
            0.1786753535270691,
            -0.7566568851470947,
            -0.22114378213882446
        ],
        [
            0.17669157683849335,
            -0.7549577951431274,
            -0.2290087640285492
        ],
        [
            0.17588815093040466,
            -0.7461239099502563,
            -0.2278957962989807
        ],
        [
            0.1944475769996643,
            -0.7405470013618469,
            -0.17989706993103027
        ],
        [
            0.19245705008506775,
            -0.744901180267334,
            -0.18825563788414001
        ],
        [
            0.18621507287025452,
            -0.7416183948516846,
            -0.1875622570514679
        ],
        [
            0.18864668905735016,
            -0.7376906275749207,
            -0.18116512894630432
        ],
        [
            0.1746523529291153,
            -0.7463729381561279,
            -0.20056767761707306
        ],
        [
            0.17376497387886047,
            -0.7324001789093018,
            -0.19229330122470856
        ],
        [
            0.17513439059257507,
            -0.7354247570037842,
            -0.19415810704231262
        ],
        [
            0.17044241726398468,
            -0.7350115776062012,
            -0.19972234964370728
        ],
        [
            0.16974052786827087,
            -0.7321732044219971,
            -0.19763153791427612
        ],
        [
            0.19331982731819153,
            -0.7322505116462708,
            -0.1643161028623581
        ],
        [
            0.18855080008506775,
            -0.729926586151123,
            -0.1693149358034134
        ],
        [
            0.18647508323192596,
            -0.7253809571266174,
            -0.16375333070755005
        ],
        [
            0.18997403979301453,
            -0.7274768352508545,
            -0.15730822086334229
        ],
        [
            0.1823682188987732,
            -0.7214903831481934,
            -0.16100114583969116
        ],
        [
            0.18584921956062317,
            -0.7228493094444275,
            -0.1514127254486084
        ],
        [
            0.17331849038600922,
            -0.7120512127876282,
            -0.14790034294128418
        ],
        [
            0.1794239580631256,
            -0.7168897390365601,
            -0.14902585744857788
        ],
        [
            0.17714065313339233,
            -0.7171268463134766,
            -0.1600051373243332
        ],
        [
            0.17119303345680237,
            -0.7119833827018738,
            -0.16193585097789764
        ],
        [
            0.16285425424575806,
            -0.7132492065429688,
            -0.17468415200710297
        ],
        [
            0.1575784981250763,
            -0.711705207824707,
            -0.17805951833724976
        ],
        [
            0.1581287980079651,
            -0.7018706798553467,
            -0.1693679243326187
        ],
        [
            0.1642937958240509,
            -0.7059366106987,
            -0.16583552956581116
        ],
        [
            0.17103268206119537,
            -0.7296544313430786,
            -0.18587565422058105
        ],
        [
            0.17417357861995697,
            -0.7306509017944336,
            -0.18232344090938568
        ],
        [
            0.17532016336917877,
            -0.7306191921234131,
            -0.18482881784439087
        ],
        [
            0.1724568009376526,
            -0.7303943634033203,
            -0.18934863805770874
        ],
        [
            0.17704442143440247,
            -0.7309514284133911,
            -0.1795174777507782
        ],
        [
            0.17835694551467896,
            -0.7309145927429199,
            -0.17825588583946228
        ],
        [
            0.17878735065460205,
            -0.7313511371612549,
            -0.17993682622909546
        ],
        [
            0.17731523513793945,
            -0.731255054473877,
            -0.18037532269954681
        ],
        [
            0.17550349235534668,
            -0.7309166193008423,
            -0.18135365843772888
        ],
        [
            0.17409807443618774,
            -0.7292331457138062,
            -0.18111273646354675
        ],
        [
            0.17609965801239014,
            -0.7301549315452576,
            -0.17983099818229675
        ],
        [
            0.17113205790519714,
            -0.7275290489196777,
            -0.1841898262500763
        ],
        [
            0.1602373868227005,
            -0.7234646081924438,
            -0.19360119104385376
        ],
        [
            0.16379395127296448,
            -0.7238947153091431,
            -0.1914074569940567
        ],
        [
            0.16347579658031464,
            -0.7283201813697815,
            -0.19311150908470154
        ],
        [
            0.1605270802974701,
            -0.7281990051269531,
            -0.1952267289161682
        ],
        [
            0.17804314196109772,
            -0.7322918176651001,
            -0.18298088014125824
        ],
        [
            0.1808512806892395,
            -0.7333993911743164,
            -0.18236853182315826
        ],
        [
            0.17884603142738342,
            -0.734330415725708,
            -0.18769890069961548
        ],
        [
            0.1768263876438141,
            -0.7325327396392822,
            -0.1862952709197998
        ],
        [
            0.1839582771062851,
            -0.7346447706222534,
            -0.18221256136894226
        ],
        [
            0.18113894760608673,
            -0.7323966026306152,
            -0.1792643666267395
        ],
        [
            0.1840580403804779,
            -0.7329435348510742,
            -0.17825119197368622
        ],
        [
            0.17732438445091248,
            -0.729527473449707,
            -0.17760267853736877
        ],
        [
            0.17907768487930298,
            -0.7285292148590088,
            -0.1747468113899231
        ],
        [
            0.18059155344963074,
            -0.730100154876709,
            -0.17662371695041656
        ],
        [
            0.17631351947784424,
            -0.7258594036102295,
            -0.17422395944595337
        ],
        [
            0.17467263340950012,
            -0.7277100086212158,
            -0.17840054631233215
        ],
        [
            0.1714455783367157,
            -0.7251478433609009,
            -0.18098095059394836
        ],
        [
            0.16741690039634705,
            -0.7225341796875,
            -0.18457090854644775
        ],
        [
            0.16763821244239807,
            -0.7197551727294922,
            -0.17901411652565002
        ],
        [
            0.1723995953798294,
            -0.7226693630218506,
            -0.17593827843666077
        ],
        [
            0.18162314593791962,
            -0.737851619720459,
            -0.18832162022590637
        ],
        [
            0.18399947881698608,
            -0.7299290895462036,
            -0.17343607544898987
        ],
        [
            0.18914121389389038,
            -0.7347246408462524,
            -0.1753615140914917
        ],
        [
            0.18226124346256256,
            -0.7265322804450989,
            -0.17028558254241943
        ],
        [
            0.178907573223114,
            -0.7233144640922546,
            -0.16854408383369446
        ],
        [
            0.17414626479148865,
            -0.7198275327682495,
            -0.1691688597202301
        ],
        [
            0.1686217486858368,
            -0.7161756753921509,
            -0.17175400257110596
        ],
        [
            0.1556510180234909,
            -0.6999226808547974,
            -0.15510088205337524
        ],
        [
            0.16412478685379028,
            -0.7049768567085266,
            -0.15200868248939514
        ],
        [
            0.20968885719776154,
            -0.793610692024231,
            -0.22188113629817963
        ],
        [
            0.21711739897727966,
            -0.7930552363395691,
            -0.2166227400302887
        ],
        [
            0.21414200961589813,
            -0.789189875125885,
            -0.20852506160736084
        ],
        [
            0.21666552126407623,
            -0.7907814979553223,
            -0.20890580117702484
        ],
        [
            0.2126392126083374,
            -0.7910774946212769,
            -0.21410687267780304
        ],
        [
            0.2111135572195053,
            -0.7892055511474609,
            -0.2121676802635193
        ],
        [
            0.2217588722705841,
            -0.7891252040863037,
            -0.18803033232688904
        ],
        [
            0.21859210729599,
            -0.7889150381088257,
            -0.19423756003379822
        ],
        [
            0.2174442708492279,
            -0.7865564227104187,
            -0.19106632471084595
        ],
        [
            0.22128050029277802,
            -0.7837404608726501,
            -0.18380752205848694
        ],
        [
            0.2094181776046753,
            -0.7777063846588135,
            -0.1955076903104782
        ],
        [
            0.21321938931941986,
            -0.779890775680542,
            -0.19209137558937073
        ],
        [
            0.2122410535812378,
            -0.7843984365463257,
            -0.19871234893798828
        ],
        [
            0.20953381061553955,
            -0.7827813029289246,
            -0.20124685764312744
        ],
        [
            0.20620745420455933,
            -0.7819454073905945,
            -0.2038121521472931
        ],
        [
            0.20245738327503204,
            -0.78192538022995,
            -0.20625877380371094
        ],
        [
            0.2009826898574829,
            -0.7778003215789795,
            -0.2030676007270813
        ],
        [
            0.20513197779655457,
            -0.7772394418716431,
            -0.19947446882724762
        ],
        [
            0.20704372227191925,
            -0.7922747135162354,
            -0.21764495968818665
        ],
        [
            0.19994397461414337,
            -0.7928363084793091,
            -0.21935725212097168
        ],
        [
            0.20015078783035278,
            -0.7905421257019043,
            -0.21685189008712769
        ],
        [
            0.20620982348918915,
            -0.7897253632545471,
            -0.21571867167949677
        ],
        [
            0.18761445581912994,
            -0.7895205616950989,
            -0.21267427504062653
        ],
        [
            0.18974515795707703,
            -0.7908099889755249,
            -0.21438626945018768
        ],
        [
            0.18708500266075134,
            -0.7918388247489929,
            -0.21717259287834167
        ],
        [
            0.18470342457294464,
            -0.7887311577796936,
            -0.2145216166973114
        ],
        [
            0.18590731918811798,
            -0.7858507037162781,
            -0.21240155398845673
        ],
        [
            0.18838009238243103,
            -0.7876929044723511,
            -0.21180453896522522
        ],
        [
            0.2263558804988861,
            -0.8429926633834839,
            -0.2397657036781311
        ],
        [
            0.2185247838497162,
            -0.8257540464401245,
            -0.24052518606185913
        ],
        [
            0.23631487786769867,
            -0.8414891958236694,
            -0.22175228595733643
        ],
        [
            0.23977579176425934,
            -0.8374519944190979,
            -0.20412608981132507
        ],
        [
            0.2411949336528778,
            -0.8295411467552185,
            -0.1873149275779724
        ],
        [
            0.19979941844940186,
            -0.7386773824691772,
            -0.15822122991085052
        ],
        [
            0.19713452458381653,
            -0.7343554496765137,
            -0.14845699071884155
        ],
        [
            0.20409825444221497,
            -0.745638370513916,
            -0.13951322436332703
        ],
        [
            0.19824963808059692,
            -0.7398128509521484,
            -0.13114438951015472
        ],
        [
            0.19145390391349792,
            -0.7282764315605164,
            -0.1409706324338913
        ],
        [
            0.17335224151611328,
            -0.7154197096824646,
            -0.13456860184669495
        ],
        [
            0.18351203203201294,
            -0.7214088439941406,
            -0.13614562153816223
        ],
        [
            0.1899958848953247,
            -0.734646201133728,
            -0.12341873347759247
        ],
        [
            0.19791442155838013,
            -0.751662015914917,
            -0.11398424208164215
        ],
        [
            0.20414012670516968,
            -0.7534123659133911,
            -0.1236952692270279
        ],
        [
            0.20367203652858734,
            -0.7706387042999268,
            -0.10933437943458557
        ],
        [
            0.18935240805149078,
            -0.7512874603271484,
            -0.10230977088212967
        ],
        [
            0.19888687133789062,
            -0.7747257947921753,
            -0.10237682610750198
        ],
        [
            0.16695106029510498,
            -0.7214550971984863,
            -0.09717293083667755
        ],
        [
            0.16534321010112762,
            -0.7142288684844971,
            -0.08999055624008179
        ],
        [
            0.1737290322780609,
            -0.7254444360733032,
            -0.07709275186061859
        ],
        [
            0.1764076054096222,
            -0.7326879501342773,
            -0.08457845449447632
        ],
        [
            0.20911788940429688,
            -0.7559467554092407,
            -0.13370999693870544
        ],
        [
            0.23258757591247559,
            -0.8043341636657715,
            -0.1686895340681076
        ],
        [
            0.23069548606872559,
            -0.7989709377288818,
            -0.17938154935836792
        ],
        [
            0.22940844297409058,
            -0.7956671714782715,
            -0.15919789671897888
        ],
        [
            0.24848344922065735,
            -0.863876461982727,
            -0.1804661750793457
        ],
        [
            0.2454492747783661,
            -0.8516495227813721,
            -0.1942373514175415
        ],
        [
            0.24607205390930176,
            -0.8414833545684814,
            -0.17948299646377563
        ],
        [
            0.24893245100975037,
            -0.854369580745697,
            -0.1684301793575287
        ],
        [
            0.2345649003982544,
            -0.8921677470207214,
            -0.21324309706687927
        ],
        [
            0.23356007039546967,
            -0.8687314987182617,
            -0.22882023453712463
        ],
        [
            0.23982957005500793,
            -0.8616042137145996,
            -0.21309968829154968
        ],
        [
            0.24219658970832825,
            -0.879642128944397,
            -0.19965150952339172
        ],
        [
            0.24844186007976532,
            -0.8621829152107239,
            -0.15737773478031158
        ],
        [
            0.2461410015821457,
            -0.8732796907424927,
            -0.14221087098121643
        ],
        [
            0.2459106743335724,
            -0.8906176090240479,
            -0.14541728794574738
        ],
        [
            0.24840159714221954,
            -0.879153311252594,
            -0.16502484679222107
        ],
        [
            0.23881112039089203,
            -0.9128413200378418,
            -0.15330366790294647
        ],
        [
            0.24228498339653015,
            -0.8993455767631531,
            -0.17695863544940948
        ],
        [
            0.19033870100975037,
            -0.7687628269195557,
            -0.0883851945400238
        ],
        [
            0.19703364372253418,
            -0.7857383489608765,
            -0.09417418390512466
        ],
        [
            0.18037666380405426,
            -0.7406870126724243,
            -0.09467596560716629
        ],
        [
            0.1846315711736679,
            -0.7551803588867188,
            -0.08208420872688293
        ],
        [
            0.22524146735668182,
            -0.9310522079467773,
            -0.16190050542354584
        ],
        [
            0.23069967329502106,
            -0.9157884120941162,
            -0.19020655751228333
        ],
        [
            0.2205689400434494,
            -0.8825968503952026,
            -0.0944298505783081
        ],
        [
            0.22964860498905182,
            -0.8929529190063477,
            -0.10888795554637909
        ],
        [
            0.23436877131462097,
            -0.872865617275238,
            -0.11394675076007843
        ],
        [
            0.22559091448783875,
            -0.8660457730293274,
            -0.09967301785945892
        ],
        [
            0.2105407565832138,
