{
    "pred_cam": [
        1.4001206159591675,
        0.14063270390033722,
        0.2608855962753296
    ],
    "pred_smpl_params": {
        "global_orient": [
            [
                [
                    -0.39469796419143677,
                    0.11007199436426163,
                    -0.9121938347816467
                ],
                [
                    0.1670619547367096,
                    -0.9676519632339478,
                    -0.18905015289783478
                ],
                [
                    -0.9034953117370605,
                    -0.2270106077194214,
                    0.3635414242744446
                ]
            ]
        ],
        "body_pose": [
            [
                [
                    0.9969810247421265,
                    0.03090634010732174,
                    0.07122936844825745
                ],
                [
                    -0.0428677536547184,
                    0.9839773774147034,
                    0.1730632781982422
                ],
                [
                    -0.06473933160305023,
                    -0.1755942404270172,
                    0.9823316335678101
                ]
            ],
            [
                [
                    0.9872172474861145,
                    0.12937916815280914,
                    -0.09307607263326645
                ],
                [
                    -0.12520402669906616,
                    0.9909002780914307,
                    0.049403369426727295
                ],
                [
                    0.09862086176872253,
                    -0.03711836040019989,
                    0.9944326281547546
                ]
            ],
            [
                [
                    0.9981777667999268,
                    -0.02160169929265976,
                    0.05634318292140961
                ],
                [
                    0.03177478536963463,
                    0.9819508194923401,
                    -0.18644806742668152
                ],
                [
                    -0.05129864439368248,
                    0.18789860606193542,
                    0.9808478951454163
                ]
            ],
            [
                [
                    0.9858620762825012,
                    0.16540881991386414,
                    0.02675657346844673
                ],
                [
                    -0.1636999398469925,
                    0.9848712086677551,
                    -0.05684150010347366
                ],
                [
                    -0.03575386852025986,
                    0.05165782943367958,
                    0.998024582862854
                ]
            ],
            [
                [
                    0.993390679359436,
                    0.032053086906671524,
                    0.11021610349416733
                ],
                [
                    -0.02877802588045597,
                    0.9990994334220886,
                    -0.031178683042526245
                ],
                [
                    -0.11111622303724289,
                    0.02780080959200859,
                    0.9934185147285461
                ]
            ],
            [
                [
                    0.9845220446586609,
                    -0.17202624678611755,
                    0.033516354858875275
                ],
                [
                    0.17382925748825073,
                    0.9828512072563171,
                    -0.061538323760032654
                ],
                [
                    -0.02235538326203823,
                    0.06641195714473724,
                    0.9975418448448181
                ]
            ],
            [
                [
                    0.9671033024787903,
                    0.036193523555994034,
                    0.2517962157726288
                ],
                [
                    -0.0280302744358778,
                    0.9989610314369202,
                    -0.03593283146619797
                ],
                [
                    -0.25283512473106384,
                    0.02769283950328827,
                    0.9671130180358887
                ]
            ],
            [
                [
                    0.9681001305580139,
                    -0.07778386026620865,
                    -0.23818473517894745
                ],
                [
                    0.06405827403068542,
                    0.9958371520042419,
                    -0.06484557688236237
                ],
                [
                    0.2422371357679367,
                    0.047519296407699585,
                    0.969052791595459
                ]
            ],
            [
                [
                    0.9972273707389832,
                    -0.07157823443412781,
                    0.020348835736513138
                ],
                [
                    0.07300305366516113,
                    0.9940314888954163,
                    -0.08106686919927597
                ],
                [
                    -0.0144247617572546,
                    0.08232763409614563,
                    0.9965008497238159
                ]
            ],
            [
                [
                    0.9976337552070618,
                    -0.06131240352988243,
                    0.031106671318411827
                ],
                [
                    0.06272285431623459,
                    0.9969425797462463,
                    -0.046597920358181
                ],
                [
                    -0.028154533356428146,
                    0.04843876138329506,
                    0.9984292387962341
                ]
            ],
            [
                [
                    0.9974454641342163,
                    0.06650923937559128,
                    -0.026061121374368668
                ],
                [
                    -0.0658150315284729,
                    0.9974759817123413,
                    0.02664741687476635
                ],
                [
                    0.027767639607191086,
                    -0.02486412785947323,
                    0.9993051886558533
                ]
            ],
            [
                [
                    0.983416736125946,
                    0.03667503967881203,
                    0.17761316895484924
                ],
                [
                    0.019404325634241104,
                    0.9524403810501099,
                    -0.30410653352737427
                ],
                [
                    -0.18031907081604004,
                    0.30250993371009827,
                    0.9359341859817505
                ]
            ],
            [
                [
                    0.9005793333053589,
                    -0.2018837183713913,
                    -0.3849673867225647
                ],
                [
                    0.2524477243423462,
                    0.9638609290122986,
                    0.08510169386863708
                ],
                [
                    0.3538743555545807,
                    -0.1738249510526657,
                    0.9189983010292053
                ]
            ],
            [
                [
                    0.9109044671058655,
                    -0.2440919131040573,
                    0.33267417550086975
                ],
                [
                    0.23570553958415985,
                    0.969579815864563,
                    0.06601462513208389
                ],
                [
                    -0.33866778016090393,
                    0.018280118703842163,
                    0.9407284259796143
                ]
            ],
            [
                [
                    0.9909259080886841,
                    0.02220754325389862,
                    -0.13256226480007172
                ],
                [
                    -0.07387378066778183,
                    0.9139202833175659,
                    -0.3991144597530365
                ],
                [
                    0.1122879907488823,
                    0.40528571605682373,
                    0.9072678685188293
                ]
            ],
            [
                [
                    0.8054988980293274,
                    0.11586248874664307,
                    -0.5811604261398315
                ],
                [
                    -0.09270339459180832,
                    0.9932630062103271,
                    0.06953229755163193
                ],
                [
                    0.5853012800216675,
                    -0.002132631838321686,
                    0.8108131289482117
                ]
            ],
            [
                [
                    0.589897871017456,
                    -0.649681031703949,
                    0.47951552271842957
                ],
                [
                    0.7408949732780457,
                    0.6716192960739136,
                    -0.0014891446335241199
                ],
                [
                    -0.3210843801498413,
                    0.3561490774154663,
                    0.8775321841239929
                ]
            ],
            [
                [
                    0.08968782424926758,
                    -0.09480272233486176,
                    -0.9914476871490479
                ],
                [
                    -0.1285034567117691,
                    0.9860374927520752,
                    -0.10591000318527222
                ],
                [
                    0.987645149230957,
                    0.1369032859802246,
                    0.07625307887792587
                ]
            ],
            [
                [
                    0.35572177171707153,
                    0.1663135141134262,
                    0.919674813747406
                ],
                [
                    0.06301189213991165,
                    0.9775319695472717,
                    -0.20114876329898834
                ],
                [
                    -0.9324652552604675,
                    0.12950344383716583,
                    0.33724966645240784
                ]
            ],
            [
                [
                    0.9863823056221008,
                    -0.06922309100627899,
                    -0.14919190108776093
                ],
                [
                    0.07413989305496216,
                    0.9968646168708801,
                    0.027643801644444466
                ],
                [
                    0.14681054651737213,
                    -0.03832842409610748,
                    0.9884217977523804
                ]
            ],
            [
                [
                    0.9923402667045593,
                    0.017975149676203728,
                    0.12222021073102951
                ],
                [
                    -0.05199408158659935,
                    0.9582321047782898,
                    0.2812255918979645
                ],
                [
                    -0.11206025630235672,
                    -0.28542619943618774,
                    0.9518269300460815
                ]
            ],
            [
                [
                    0.9927074313163757,
                    0.10653136670589447,
                    -0.05641830340027809
                ],
                [
                    -0.10119044035673141,
                    0.9907605051994324,
                    0.09030002355575562
                ],
                [
                    0.06551681458950043,
                    -0.08393251150846481,
                    0.9943152666091919
                ]
            ],
            [
                [
                    0.9917437434196472,
                    -0.126851424574852,
                    -0.01878976635634899
                ],
                [
                    0.12820234894752502,
                    0.9841161370277405,
                    0.12279893457889557
                ],
                [
                    0.0029140941333025694,
                    -0.12419397383928299,
                    0.9922536611557007
                ]
            ]
        ],
        "betas": [
            -0.13082396984100342,
            -0.19937428832054138,
            0.10504168272018433,
            0.49465495347976685,
            0.2036748081445694,
            0.049719665199518204,
            -0.004760295152664185,
            -0.10445600748062134,
            0.11362072080373764,
            0.0017160475254058838
        ]
    },
    "pred_cam_t": [
        0.14063270390033722,
        0.2608855962753296,
        27.899381637573242
    ],
    "focal_length": [
        5000.0,
        5000.0
    ],
    "pred_keypoints_3d": [
        [
            -0.16414353251457214,
            -0.7331082820892334,
            0.03863728046417236
        ],
        [
            0.015403078868985176,
            -0.7319889664649963,
            0.0024801865220069885
        ],
        [
            0.05411456897854805,
            -0.6230155229568481,
            0.167275071144104
        ],
        [
            0.005607303231954575,
            -0.38566046953201294,
            0.23227782547473907
        ],
        [
            -0.22212672233581543,
            -0.32999885082244873,
            0.14171861112117767
        ],
        [
            -0.058283429592847824,
            -0.7041598558425903,
            -0.14815866947174072
        ],
        [
            -0.3011520206928253,
            -0.7199142575263977,
            -0.2312111258506775
        ],
        [
            -0.37915319204330444,
            -0.6562002301216125,
            -0.006954014301300049
        ],
        [
            -0.0020712751429528,
            -0.22785143554210663,
            0.028389345854520798
        ],
        [
            0.018547650426626205,
            -0.1508379429578781,
            0.10834047198295593
        ],
        [
            0.009782299399375916,
            0.18999893963336945,
            0.26805171370506287
        ],
        [
            0.022012099623680115,
            0.5641451478004456,
            0.38343605399131775
        ],
        [
            -0.03327026218175888,
            -0.1265873908996582,
            -0.015895817428827286
        ],
        [
            -0.13451823592185974,
            0.2172888219356537,
            0.06837749481201172
        ],
        [
            -0.14762459695339203,
            0.5668752193450928,
            0.24376970529556274
        ],
        [
            -0.15694308280944824,
            -0.7835519313812256,
            0.073458731174469
        ],
        [
            -0.17266592383384705,
            -0.7855519652366638,
            0.008825458586215973
        ],
        [
            -0.06772318482398987,
            -0.8344932794570923,
            0.09872996062040329
        ],
        [
            -0.10372558236122131,
            -0.8387080430984497,
            -0.04661979526281357
        ],
        [
            -0.34452587366104126,
            0.5914685726165771,
            0.28502941131591797
        ],
        [
            -0.30322638154029846,
            0.6284749507904053,
            0.22197845578193665
        ],
        [
            -0.09455552697181702,
            0.6096146702766418,
            0.24893565475940704
        ],
        [
            -0.14222320914268494,
            0.57835853099823,
            0.4978061616420746
        ],
        [
            -0.060978055000305176,
            0.5743635892868042,
            0.5320826768875122
        ],
        [
            0.07079315930604935,
            0.6160770654678345,
            0.36982062458992004
        ],
        [
            0.0586109533905983,
            0.5170648097991943,
            0.37058836221694946
        ],
        [
            0.011763321235775948,
            0.1294347494840622,
            0.2423529028892517
        ],
        [
            0.06698988378047943,
            -0.2807113230228424,
            0.1496778428554535
        ],
        [
            -0.03368786722421646,
            -0.21366974711418152,
            -0.11696188151836395
        ],
        [
            -0.12774932384490967,
            0.18065762519836426,
            0.044411975890398026
        ],
        [
            -0.120613232254982,
            0.5446609854698181,
            0.21653500199317932
        ],
        [
            -0.20780101418495178,
            -0.36808639764785767,
            0.13843749463558197
        ],
        [
            -0.01569679006934166,
            -0.4147419333457947,
            0.2506777048110962
        ],
        [
            0.0493878498673439,
            -0.6565900444984436,
            0.13562838733196259
        ],
        [
            -0.03951387107372284,
            -0.725910484790802,
            -0.13299717009067535
        ],
        [
            -0.28428417444229126,
            -0.7523142099380493,
            -0.20492234826087952
        ],
        [
            -0.35874244570732117,
            -0.6695468425750732,
            -0.0069777024909853935
        ],
        [
            0.009812350384891033,
            -0.7268466949462891,
            0.00828377902507782
        ],
        [
            -0.13308574259281158,
            -0.8658536672592163,
            0.03401012346148491
        ],
        [
            0.016503697261214256,
            -0.24762433767318726,
            0.015760647132992744
        ],
        [
            0.005762783344835043,
            -0.6849343776702881,
            0.003699257969856262
        ],
        [
            0.04217933490872383,
            -0.4917294681072235,
            -0.024076787754893303
        ],
        [
            -0.0925954282283783,
            -0.7585331201553345,
            0.01791352592408657
        ],
        [
            -0.1375766098499298,
            -0.884437084197998,
            0.03994201868772507
        ]
    ],
    "pred_vertices": [
        [
            -0.20605987310409546,
            -0.8214819431304932,
            0.004856761544942856
        ],
        [
            -0.20092426240444183,
            -0.8055474758148193,
            0.009056780487298965
        ],
        [
            -0.19431275129318237,
            -0.8089771270751953,
            -0.0036202892661094666
        ],
        [
            -0.19483178853988647,
            -0.8231164216995239,
            -0.0085507333278656
        ],
        [
            -0.19207461178302765,
            -0.7979570627212524,
            -0.0003255978226661682
        ],
        [
            -0.19579890370368958,
            -0.7945078611373901,
            0.01062709465622902
        ],
        [
            -0.18386578559875488,
            -0.8107995986938477,
            -0.012776939198374748
        ],
        [
            -0.18135948479175568,
            -0.8232849836349487,
            -0.017784807831048965
        ],
        [
            -0.15392780303955078,
            -0.7910388112068176,
            -0.02521698921918869
        ],
        [
            -0.14496639370918274,
            -0.7938281297683716,
            -0.030957840383052826
        ],
        [
            -0.15370070934295654,
            -0.8020554184913635,
            -0.028772465884685516
        ],
        [
            -0.16010978817939758,
            -0.7972614765167236,
            -0.02242209017276764
        ],
        [
            -0.13515356183052063,
            -0.773133397102356,
            -0.028517968952655792
        ],
        [
            -0.13443587720394135,
            -0.760499119758606,
            -0.02299419604241848
        ],
        [
            -0.12185007333755493,
            -0.7597318291664124,
            -0.02819615602493286
        ],
        [
            -0.12117983400821686,
            -0.7726221680641174,
            -0.033008087426424026
        ],
        [
            -0.15376634895801544,
            -0.7556066513061523,
            0.014206252992153168
        ],
        [
            -0.15026439726352692,
            -0.7511178255081177,
            0.007541529834270477
        ],
        [
            -0.15491515398025513,
            -0.7568312883377075,
            0.004697613418102264
        ],
        [
            -0.15736296772956848,
            -0.7609177827835083,
            0.011821307241916656
        ],
        [
            -0.16217029094696045,
            -0.7592117786407471,
            0.025366101413965225
        ],
        [
            -0.16326728463172913,
            -0.7655729055404663,
            0.024804316461086273
        ],
        [
            -0.16842544078826904,
            -0.765150785446167,
            0.030806321650743484
        ],
        [
            -0.16795703768730164,
            -0.7576649785041809,
            0.030455611646175385
        ],
        [
            -0.14903393387794495,
            -0.7515289187431335,
            0.0186324380338192
        ],
        [
            -0.14520657062530518,
            -0.7472665905952454,
            0.011552982032299042
        ],
        [
            -0.15704217553138733,
            -0.7590637803077698,
            0.019830673933029175
        ],
        [
            -0.1557082235813141,
            -0.7542316913604736,
            0.021121922880411148
        ],
        [
            -0.15936525166034698,
            -0.742920458316803,
            0.024332445114850998
        ],
        [
            -0.1614491045475006,
            -0.7474923133850098,
            0.02339250221848488
        ],
        [
            -0.16660380363464355,
            -0.744067907333374,
            0.027656856924295425
        ],
        [
            -0.16250839829444885,
            -0.7400718927383423,
            0.02790350466966629
        ],
        [
            -0.1523580402135849,
            -0.7483622431755066,
            0.02014770358800888
        ],
        [
            -0.15636439621448517,
            -0.7489762902259827,
            0.020506806671619415
        ],
        [
            -0.15540795028209686,
            -0.7445045709609985,
            0.022573720663785934
        ],
        [
            -0.15132981538772583,
            -0.7448287010192871,
            0.02328585833311081
        ],
        [
            -0.16150698065757751,
            -0.7542672157287598,
            0.025461073964834213
        ],
        [
            -0.16747093200683594,
            -0.7512201070785522,
            0.02947322279214859
        ],
        [
            -0.1729622483253479,
            -0.7477131485939026,
            0.03442785143852234
        ],
        [
            -0.17078766226768494,
            -0.7390917539596558,
            0.03274719417095184
        ],
        [
            -0.13904064893722534,
            -0.7452535629272461,
            -0.006209611892700195
        ],
        [
            -0.14555490016937256,
            -0.7478156089782715,
            0.00013436749577522278
        ],
        [
            -0.1415124535560608,
            -0.7439435124397278,
            0.004574146121740341
        ],
        [
            -0.13688455522060394,
            -0.741635799407959,
            -0.001299045979976654
        ],
        [
            -0.14705277979373932,
            -0.7445523738861084,
            0.021251484751701355
        ],
        [
            -0.1381029486656189,
            -0.7327480912208557,
            0.01526755839586258
        ],
        [
            -0.140674889087677,
            -0.7354599237442017,
            0.015560120344161987
        ],
        [
            -0.1430424153804779,
            -0.7333447933197021,
            0.02203209325671196
        ],
        [
            -0.14067530632019043,
            -0.7308815717697144,
            0.021085917949676514
        ],
        [
            -0.12434029579162598,
            -0.7400707006454468,
            -0.01455743983387947
        ],
        [
            -0.1259841024875641,
            -0.7361370921134949,
            -0.008506566286087036
        ],
        [
            -0.11975640058517456,
            -0.7325477004051208,
            -0.010351553559303284
        ],
        [
            -0.11619843542575836,
            -0.7363737225532532,
            -0.016047624871134758
        ],
        [
            -0.1150323897600174,
            -0.7286486029624939,
            -0.008808208629488945
        ],
        [
            -0.10894908010959625,
            -0.7323487997055054,
            -0.01613234169781208
        ],
        [
            -0.09911692142486572,
            -0.720994770526886,
            -0.009276507422327995
        ],
        [
            -0.10335616767406464,
            -0.726281464099884,
            -0.012977741658687592
        ],
        [
            -0.11118558049201965,
            -0.7239364981651306,
            -0.00567033514380455
        ],
        [
            -0.10950374603271484,
            -0.7178982496261597,
            -0.0006511062383651733
        ],
        [
            -0.11609768867492676,
            -0.7159324884414673,
            0.01257946714758873
        ],
        [
            -0.11609193682670593,
            -0.7131656408309937,
            0.01843899115920067
        ],
        [
            -0.10799983143806458,
            -0.7053763270378113,
            0.011884856969118118
        ],
        [
            -0.10880377888679504,
            -0.7103869915008545,
            0.005814604461193085
        ],
        [
            -0.1308833658695221,
            -0.7310758233070374,
            0.01452624425292015
        ],
        [
            -0.12960195541381836,
            -0.7330672740936279,
            0.010328195989131927
        ],
        [
            -0.13228152692317963,
            -0.732730507850647,
            0.010497193783521652
        ],
        [
            -0.13466748595237732,
            -0.7313334345817566,
            0.014992289245128632
        ],
        [
            -0.12880554795265198,
            -0.7340952157974243,
            0.006482616066932678
        ],
        [
            -0.12840595841407776,
            -0.7344809770584106,
            0.004747282713651657
        ],
        [
            -0.13007564842700958,
            -0.7346493601799011,
            0.00527741014957428
        ],
        [
            -0.12957707047462463,
            -0.7345151901245117,
            0.006575379520654678
        ],
        [
            -0.12947523593902588,
            -0.7337656617164612,
            0.008567113429307938
        ],
        [
            -0.12841211259365082,
            -0.7319939136505127,
            0.0093378946185112
        ],
        [
            -0.12855729460716248,
            -0.7331513166427612,
            0.0073257386684417725
        ],
        [
            -0.1293540894985199,
            -0.7294278144836426,
            0.01300988718867302
        ],
        [
            -0.13164937496185303,
            -0.722069501876831,
            0.02557704597711563
        ],
        [
            -0.1315821260213852,
            -0.7234373092651367,
            0.021984238177537918
        ],
        [
            -0.1332157552242279,
            -0.7274115681648254,
            0.023975051939487457
        ],
        [
            -0.13351452350616455,
            -0.7263801097869873,
            0.027017325162887573
        ],
        [
            -0.132298082113266,
            -0.7350913286209106,
            0.0070897117257118225
        ],
        [
            -0.1334022879600525,
            -0.7363660335540771,
            0.0051186904311180115
        ],
        [
            -0.1369565725326538,
            -0.7361113429069519,
            0.00953424721956253
        ],
        [
            -0.13452637195587158,
            -0.7344074845314026,
            0.010319478809833527
        ],
        [
            -0.1349792629480362,
            -0.7380407452583313,
            0.0024753734469413757
        ],
        [
            -0.13085982203483582,
            -0.7360174655914307,
            0.0031435713171958923
        ],
        [
            -0.13161224126815796,
            -0.7369729280471802,
            -2.1748244762420654e-05
        ],
        [
            -0.127201110124588,
            -0.733089804649353,
            0.005043387413024902
        ],
        [
            -0.12557470798492432,
            -0.7328366041183472,
            0.0019188448786735535
        ],
        [
            -0.12812617421150208,
            -0.7342059016227722,
            0.0018489956855773926
        ],
        [
            -0.12355127930641174,
            -0.7299449443817139,
            0.0034848153591156006
        ],
        [
            -0.12636247277259827,
            -0.7308446764945984,
            0.007309217005968094
        ],
        [
            -0.12668810784816742,
            -0.727502703666687,
            0.010790977627038956
        ],
        [
            -0.12743353843688965,
            -0.7238379716873169,
            0.01538267731666565
        ],
        [
            -0.12259583175182343,
            -0.7222001552581787,
            0.01201801747083664
        ],
        [
            -0.12270186841487885,
            -0.7261003255844116,
            0.007047433406114578
        ],
        [
            -0.13939139246940613,
            -0.7395464181900024,
            0.007809009402990341
        ],
        [
            -0.12715530395507812,
            -0.7349531054496765,
            -0.002679981291294098
        ],
        [
            -0.13187569379806519,
            -0.7398436069488525,
            -0.00508556142449379
        ],
        [
            -0.12323939800262451,
            -0.7320207357406616,
            -0.003393009305000305
        ],
        [
            -0.11976641416549683,
            -0.7287900447845459,
            -0.0020160339772701263
        ],
        [
            -0.11758449673652649,
            -0.724495530128479,
            0.0019282698631286621
        ],
        [
            -0.11663314700126648,
            -0.7200169563293457,
            0.006975654512643814
        ],
        [
            -0.09481273591518402,
            -0.7057204246520996,
            0.0068466924130916595
        ],
        [
            -0.09724961221218109,
            -0.7119826078414917,
            -0.0007330141961574554
        ],
        [
            -0.18812379240989685,
            -0.790533185005188,
            0.011373154819011688
        ],
        [
            -0.18715086579322815,
            -0.792057454586029,
            0.0024341121315956116
        ],
        [
            -0.17825134098529816,
            -0.7894341945648193,
            0.0005081146955490112
        ],
        [
            -0.17994725704193115,
            -0.7911057472229004,
            -0.0008193477988243103
        ],
        [
            -0.18266604840755463,
            -0.789880633354187,
            0.004656542092561722
        ],
        [
            -0.1799549162387848,
            -0.7883425951004028,
            0.004817582666873932
        ],
        [
            -0.1643591672182083,
            -0.7949141263961792,
            -0.015671871602535248
        ],
        [
            -0.16791312396526337,
            -0.7930411100387573,
            -0.010032210499048233
        ],
        [
            -0.16459597647190094,
            -0.7911193370819092,
            -0.010897375643253326
        ],
        [
            -0.1602039635181427,
            -0.7902538180351257,
            -0.018236082047224045
        ],
        [
            -0.16344544291496277,
            -0.780754566192627,
            -0.00393097847700119
        ],
        [
            -0.16281218826770782,
            -0.7839018106460571,
            -0.008250124752521515
        ],
        [
            -0.168070450425148,
            -0.7871741056442261,
            -0.003343723714351654
        ],
        [
            -0.16860108077526093,
            -0.7848246097564697,
            -0.0002522207796573639
        ],
        [
            -0.1690535992383957,
            -0.7829893827438354,
            0.003482285887002945
        ],
        [
            -0.16940517723560333,
            -0.7817811369895935,
            0.007840357720851898
        ],
        [
            -0.16542083024978638,
            -0.778420627117157,
            0.006514616310596466
        ],
        [
            -0.16442304849624634,
            -0.7790783643722534,
            0.0012656375765800476
        ],
        [
            -0.18284334242343903,
            -0.7898628115653992,
            0.011150747537612915
        ],
        [
            -0.18088874220848083,
            -0.7889904379844666,
            0.018383335322141647
        ],
        [
            -0.1782742142677307,
            -0.7876943349838257,
            0.016327735036611557
        ],
        [
            -0.18031488358974457,
            -0.7879980802536011,
            0.010475270450115204
        ],
        [
            -0.16837278008460999,
            -0.785756528377533,
            0.024962585419416428
        ],
        [
            -0.1710580736398697,
            -0.7868009209632874,
            0.024221591651439667
        ],
        [
            -0.1720375418663025,
            -0.7872100472450256,
            0.028047263622283936
        ],
        [
            -0.16831861436367035,
            -0.7843895554542542,
            0.028248749673366547
        ],
        [
            -0.16685321927070618,
            -0.7821507453918457,
            0.02540602535009384
        ],
        [
            -0.16783860325813293,
            -0.7842952013015747,
            0.023425742983818054
        ],
        [
            -0.21691244840621948,
            -0.8383054733276367,
            0.017080344259738922
        ],
        [
            -0.21267008781433105,
            -0.8196982741355896,
            0.01987713947892189
        ],
        [
            -0.2061953842639923,
            -0.8416647911071777,
            4.936009645462036e-05
        ],
        [
            -0.19189105927944183,
            -0.8414533138275146,
            -0.012237563729286194
        ],
        [
            -0.17777876555919647,
            -0.8374061584472656,
            -0.022874554619193077
        ],
        [
            -0.12295287847518921,
            -0.7483934760093689,
            -0.02159286104142666
        ],
        [
            -0.11287674307823181,
            -0.7458945512771606,
            -0.024837173521518707
        ],
        [
            -0.1097455769777298,
            -0.7594030499458313,
            -0.03255097195506096
        ],
        [
            -0.09942010045051575,
            -0.7546257376670837,
            -0.03284372016787529
        ],
        [
            -0.10349039733409882,
            -0.740487277507782,
            -0.024730246514081955
        ],
        [
            -0.08879050612449646,
            -0.7266514897346497,
            -0.015225036069750786
        ],
        [
            -0.09521591663360596,
            -0.7337798476219177,
            -0.021717075258493423
        ],
        [
            -0.08890524506568909,
            -0.7499019503593445,
            -0.030856477096676826
        ],
        [
            -0.08576953411102295,
            -0.7692090272903442,
            -0.0388081856071949
        ],
        [
            -0.09689368307590485,
            -0.7701751589775085,
            -0.03879021480679512
        ],
        [
            -0.08623357117176056,
            -0.7899478673934937,
            -0.04139086231589317
        ],
        [
            -0.0719958245754242,
            -0.7690415382385254,
            -0.03775184229016304
        ],
        [
            -0.0778558999300003,
            -0.7944313287734985,
            -0.0397917740046978
        ],
        [
            -0.06014682352542877,
            -0.7395260334014893,
            -0.027024567127227783
        ],
        [
            -0.054841071367263794,
            -0.7345637083053589,
            -0.029866639524698257
        ],
        [
            -0.04635018855333328,
            -0.7477076053619385,
            -0.04011764004826546
        ],
        [
            -0.05289595574140549,
            -0.7532303333282471,
            -0.037867795675992966
        ],
        [
            -0.10798460245132446,
            -0.7716425657272339,
            -0.03748859837651253
        ],
        [
            -0.1549941897392273,
            -0.8154624700546265,
            -0.030034895986318588
        ],
        [
            -0.16285255551338196,
            -0.8073055148124695,
            -0.0246098842471838
        ],
        [
            -0.14447347819805145,
            -0.8078215718269348,
            -0.03430920094251633
        ],
        [
            -0.17852793633937836,
            -0.8739032745361328,
            -0.024730965495109558
        ],
        [
            -0.18796828389167786,
            -0.858423113822937,
            -0.018186252564191818
        ],
        [
            -0.17407436668872833,
            -0.8517194986343384,
            -0.027898943051695824
        ],
        [
            -0.1674037128686905,
            -0.8667933940887451,
            -0.03272544592618942
        ],
        [
            -0.20393723249435425,
            -0.8926846981048584,
            0.008158672600984573
        ],
        [
            -0.21388772130012512,
            -0.8662441968917847,
            0.011090543121099472
        ],
        [
            -0.20286989212036133,
            -0.863856315612793,
            -0.003131043165922165
        ],
        [
            -0.19412446022033691,
            -0.8844993114471436,
            -0.007530387490987778
        ],
        [
            -0.15866044163703918,
            -0.8765555620193481,
            -0.03655582293868065
        ],
        [
            -0.14597108960151672,
            -0.8897940516471863,
            -0.03915812447667122
        ],
        [
            -0.15054716169834137,
            -0.9059751033782959,
            -0.033556681126356125
        ],
        [
            -0.16759297251701355,
            -0.8916239738464355,
            -0.029462669044733047
        ],
        [
            -0.15610915422439575,
            -0.925182580947876,
            -0.019693564623594284
        ],
        [
            -0.17722168564796448,
            -0.9081180095672607,
            -0.014233175665140152
        ],
        [
            -0.06097337603569031,
            -0.7889947891235352,
            -0.03937916457653046
        ],
        [
            -0.07075504958629608,
            -0.8068950176239014,
            -0.03852272778749466
        ],
        [
            -0.06203682720661163,
            -0.7590045928955078,
            -0.03560015559196472
        ],
        [
            -0.05281256139278412,
            -0.7754629850387573,
            -0.0404314287006855
        ],
        [
            -0.1592673659324646,
            -0.9391045570373535,
            -0.00016700848937034607
        ],
        [
            -0.18455550074577332,
            -0.9197723269462585,
            0.005470968782901764
        ],
        [
            -0.0925045907497406,
            -0.9052520990371704,
            -0.03808252513408661
        ],
        [
            -0.11105918884277344,
            -0.9127258658409119,
            -0.03621958941221237
        ],
        [
            -0.11543913185596466,
