{
    "pred_cam": [
        1.1725797653198242,
        0.016971001401543617,
        0.17956328392028809
    ],
    "pred_smpl_params": {
        "global_orient": [
            [
                [
                    0.9748105406761169,
                    0.18844321370124817,
                    0.11930457502603531
                ],
                [
                    0.18150067329406738,
                    -0.9811261296272278,
                    0.06670145690441132
                ],
                [
                    0.12962226569652557,
                    -0.0433674231171608,
                    -0.990614652633667
                ]
            ]
        ],
        "body_pose": [
            [
                [
                    0.9985899329185486,
                    0.01956724002957344,
                    -0.04934856295585632
                ],
                [
                    -0.01073908619582653,
                    0.9848306179046631,
                    0.17318588495254517
                ],
                [
                    0.051988743245601654,
                    -0.1724117249250412,
                    0.9836520552635193
                ]
            ],
            [
                [
                    0.9999834895133972,
                    -0.002329194685444236,
                    -0.005249357782304287
                ],
                [
                    0.0031794465612620115,
                    0.9857324361801147,
                    0.1682898849248886
                ],
                [
                    0.004782479256391525,
                    -0.16830380260944366,
                    0.9857235550880432
                ]
            ],
            [
                [
                    0.9985530376434326,
                    0.003497244557365775,
                    0.05366327241063118
                ],
                [
                    0.0066854399628937244,
                    0.9820690751075745,
                    -0.18840299546718597
                ],
                [
                    -0.05335993319749832,
                    0.1884891241788864,
                    0.9806246757507324
                ]
            ],
            [
                [
                    0.9918734431266785,
                    -0.032963696867227554,
                    -0.12288408726453781
                ],
                [
                    -0.045193351805210114,
                    0.8115803003311157,
                    -0.5824903249740601
                ],
                [
                    0.1189313605427742,
                    0.5833101868629456,
                    0.8034952282905579
                ]
            ],
            [
                [
                    0.9942287802696228,
                    -0.08359933644533157,
                    0.06723345816135406
                ],
                [
                    0.10726319253444672,
                    0.7860111594200134,
                    -0.6088358163833618
                ],
                [
                    -0.0019479739712551236,
                    0.6125337481498718,
                    0.7904420495033264
                ]
            ],
            [
                [
                    0.9977970123291016,
                    0.016593871638178825,
                    0.06423166394233704
                ],
                [
                    -0.015035835094749928,
                    0.9995827078819275,
                    -0.024664370343089104
                ],
                [
                    -0.06461413949728012,
                    0.023644261062145233,
                    0.9976301193237305
                ]
            ],
            [
                [
                    0.9824848175048828,
                    0.07387078553438187,
                    0.1710750162601471
                ],
                [
                    -0.07689016312360764,
                    0.9969779253005981,
                    0.011082113720476627
                ],
                [
                    -0.16973939538002014,
                    -0.024041995406150818,
                    0.9851956367492676
                ]
            ],
            [
                [
                    0.9855990409851074,
                    -0.022233841940760612,
                    -0.16763144731521606
                ],
                [
                    0.02542121522128582,
                    0.9995341300964355,
                    0.01689211279153824
                ],
                [
                    0.16717776656150818,
                    -0.020910244435071945,
                    0.9857050776481628
                ]
            ],
            [
                [
                    0.9989176988601685,
                    0.0015194070292636752,
                    0.04648769646883011
                ],
                [
                    0.0018272015731781721,
                    0.9974128603935242,
                    -0.07186207920312881
                ],
                [
                    -0.04647661745548248,
                    0.07186924666166306,
                    0.9963305592536926
                ]
            ],
            [
                [
                    0.9854731559753418,
                    -0.1696498841047287,
                    -0.007837549783289433
                ],
                [
                    0.1687915325164795,
                    0.9733015298843384,
                    0.1555427610874176
                ],
                [
                    -0.018759509548544884,
                    -0.1546061486005783,
                    0.9877979755401611
                ]
            ],
            [
                [
                    0.9936550855636597,
                    0.11246530711650848,
                    0.0010244743898510933
                ],
                [
                    -0.1106647327542305,
                    0.976040244102478,
                    0.1873466819524765
                ],
                [
                    0.020070070400834084,
                    -0.18627136945724487,
                    0.9822933077812195
                ]
            ],
            [
                [
                    0.9995664358139038,
                    0.004423532169312239,
                    -0.029107900336384773
                ],
                [
                    -0.006524316966533661,
                    0.9973486661911011,
                    -0.07247825711965561
                ],
                [
                    0.02871011570096016,
                    0.07263675332069397,
                    0.9969450831413269
                ]
            ],
            [
                [
                    0.9425930976867676,
                    0.3339296877384186,
                    -0.0030237804166972637
                ],
                [
                    -0.3338128328323364,
                    0.941932737827301,
                    -0.036491770297288895
                ],
                [
                    -0.009337488561868668,
                    0.03540626913309097,
                    0.9993293285369873
                ]
            ],
            [
                [
                    0.9511432647705078,
                    -0.28171971440315247,
                    0.12633463740348816
                ],
                [
                    0.2839640974998474,
                    0.9588348865509033,
                    0.00025447120424360037
                ],
                [
                    -0.12120574712753296,
                    0.03563246130943298,
                    0.9919876456260681
                ]
            ],
            [
                [
                    0.9996258616447449,
                    0.010514412075281143,
                    -0.025250639766454697
                ],
                [
                    -0.016735639423131943,
                    0.9653081893920898,
                    -0.2605765163898468
                ],
                [
                    0.021634835749864578,
                    0.2609016001224518,
                    0.9651229977607727
                ]
            ],
            [
                [
                    0.44453564286231995,
                    0.8575965166091919,
                    -0.25868186354637146
                ],
                [
                    -0.8932808637619019,
                    0.44589298963546753,
                    -0.05682206153869629
                ],
                [
                    0.0666140466928482,
                    0.25633499026298523,
                    0.9642898440361023
                ]
            ],
            [
                [
                    0.45187801122665405,
                    -0.7898450493812561,
                    0.4146699011325836
                ],
                [
                    0.8627512454986572,
                    0.5051489472389221,
                    0.022020211443305016
                ],
                [
                    -0.22686262428760529,
                    0.34780648350715637,
                    0.9097055196762085
                ]
            ],
            [
                [
                    0.3319450616836548,
                    -0.36647987365722656,
                    -0.8691978454589844
                ],
                [
                    0.16377823054790497,
                    0.9298413395881653,
                    -0.32950231432914734
                ],
                [
                    0.9289720058441162,
                    -0.032979048788547516,
                    0.36867767572402954
                ]
            ],
            [
                [
                    0.08315835148096085,
                    0.41514021158218384,
                    0.9059488773345947
                ],
                [
                    0.026780273765325546,
                    0.9078383445739746,
                    -0.4184642732143402
                ],
                [
                    -0.9961764812469482,
                    0.05906035751104355,
                    0.06437677145004272
                ]
            ],
            [
                [
                    0.9878400564193726,
                    -0.1519152820110321,
                    -0.03307407349348068
                ],
                [
                    0.15372812747955322,
                    0.98618084192276,
                    0.06176559999585152
                ],
                [
                    0.02323387935757637,
                    -0.06609894335269928,
                    0.9975425601005554
                ]
            ],
            [
                [
                    0.9844182133674622,
                    0.16480471193790436,
                    0.061321187764406204
                ],
                [
                    -0.16714420914649963,
                    0.9853048324584961,
                    0.03517390415072441
                ],
                [
                    -0.05462323874235153,
                    -0.044875308871269226,
                    0.9974981546401978
                ]
            ],
            [
                [
                    0.9656193852424622,
                    0.24018388986587524,
                    -0.0994529277086258
                ],
                [
                    -0.2241586446762085,
                    0.9630388617515564,
                    0.14936190843582153
                ],
                [
                    0.131651371717453,
                    -0.12193351984024048,
                    0.9837682843208313
                ]
            ],
            [
                [
                    0.97038733959198,
                    -0.23093006014823914,
                    0.07085057348012924
                ],
                [
                    0.22000984847545624,
                    0.9660506844520569,
                    0.13543136417865753
                ],
                [
                    -0.09972042590379715,
                    -0.11583304405212402,
                    0.9882502555847168
                ]
            ]
        ],
        "betas": [
            -0.08314171433448792,
            -0.13345080614089966,
            0.04639437794685364,
            0.1410215049982071,
            0.04910275340080261,
            0.060933563858270645,
            0.011493533849716187,
            -0.06299498677253723,
            0.05611391365528107,
            -0.039879947900772095
        ]
    },
    "pred_cam_t": [
        0.016971001401543617,
        0.17956328392028809,
        33.313297271728516
    ],
    "focal_length": [
        5000.0,
        5000.0
    ],
    "pred_keypoints_3d": [
        [
            0.15884742140769958,
            -0.7331126928329468,
            -0.22786226868629456
        ],
        [
            0.10571831464767456,
            -0.715694010257721,
            -0.0456850491464138
        ],
        [
            -0.08568668365478516,
            -0.6565912365913391,
            -0.07698217034339905
        ],
        [
            -0.17525847256183624,
            -0.42215627431869507,
            -0.04573873430490494
        ],
        [
            -0.008910849690437317,
            -0.3346841037273407,
            -0.21557027101516724
        ],
        [
            0.25092509388923645,
            -0.6025718450546265,
            0.03455239161849022
        ],
        [
            0.2085113823413849,
            -0.37097877264022827,
            0.1427842527627945
        ],
        [
            0.23778468370437622,
            -0.2172122299671173,
            -0.0488317608833313
        ],
        [
            -0.0018342644907534122,
            -0.2245652973651886,
            0.028737351298332214
        ],
        [
            -0.08556515723466873,
            -0.14833515882492065,
            0.027919193729758263
        ],
        [
            -0.1852031797170639,
            0.21636641025543213,
            -0.01469304971396923
        ],
        [
            -0.22637338936328888,
            0.5282370448112488,
            0.22666531801223755
        ],
        [
            0.04809558391571045,
            -0.12265916913747787,
            0.048330921679735184
        ],
        [
            0.011997219175100327,
            0.24576789140701294,
            0.007195528596639633
        ],
        [
            -0.06431053578853607,
            0.5625424981117249,
            0.23241007328033447
        ],
        [
            0.13497969508171082,
            -0.7893400192260742,
            -0.2267121970653534
        ],
        [
            0.19850999116897583,
            -0.7766715288162231,
            -0.21181604266166687
        ],
        [
            0.08187718689441681,
            -0.8344169855117798,
            -0.1489388644695282
        ],
        [
            0.22342926263809204,
            -0.8064917325973511,
            -0.11691077053546906
        ],
        [
            -0.07796961069107056,
            0.698156476020813,
            0.08738783001899719
        ],
        [
            -0.013116482645273209,
            0.6920775771141052,
            0.13964620232582092
        ],
        [
            -0.06543119996786118,
            0.5663288831710815,
            0.3020341992378235
        ],
        [
            -0.23318442702293396,
            0.6629992723464966,
            0.08341974020004272
        ],
        [
            -0.3059043288230896,
            0.6374417543411255,
            0.124550461769104
        ],
        [
            -0.23330745100975037,
            0.5376591682434082,
            0.298855721950531
        ],
        [
            -0.2417958825826645,
            0.47079965472221375,
            0.22277186810970306
        ],
        [
            -0.17110928893089294,
            0.15605276823043823,
            -0.018287478014826775
        ],
        [
            -0.14103694260120392,
            -0.28398871421813965,
            0.01822473108768463
        ],
        [
            0.1419164091348648,
            -0.21459944546222687,
            0.07078370451927185
        ],
        [
            0.029504891484975815,
            0.20769861340522766,
            0.006727071478962898
        ],
        [
            -0.048213355243206024,
            0.5228126645088196,
            0.23889586329460144
        ],
        [
            -0.005137686617672443,
            -0.3698973059654236,
            -0.19906483590602875
        ],
        [
            -0.17981566488742828,
            -0.4471079707145691,
            -0.08388858288526535
        ],
        [
            -0.046123605221509933,
            -0.6796438694000244,
            -0.07198061048984528
        ],
        [
            0.22791039943695068,
            -0.6369571685791016,
            0.023125801235437393
        ],
        [
            0.25361302495002747,
            -0.3877575397491455,
            0.1159408837556839
        ],
        [
            0.2457696497440338,
            -0.23983164131641388,
            -0.04660108685493469
        ],
        [
            0.10907892882823944,
            -0.7071942090988159,
            -0.04939946532249451
        ],
        [
            0.17249026894569397,
            -0.8562276363372803,
            -0.17059238255023956
        ],
        [
            0.0012854530941694975,
            -0.24937157332897186,
            0.04493869096040726
        ],
        [
            0.09018038958311081,
            -0.6559881567955017,
            -0.026986975222826004
        ],
        [
            0.04621995612978935,
            -0.49214497208595276,
            0.02638588659465313
        ],
        [
            0.1491936296224594,
            -0.7464462518692017,
            -0.14952459931373596
        ],
        [
            0.1724875569343567,
            -0.8771893978118896,
            -0.17307665944099426
        ]
    ],
    "pred_vertices": [
        [
            0.22337907552719116,
            -0.813795804977417,
            -0.23190079629421234
        ],
        [
            0.21416480839252472,
            -0.7996268272399902,
            -0.23199813067913055
        ],
        [
            0.22274480760097504,
            -0.7991254925727844,
            -0.22048410773277283
        ],
        [
            0.2301851361989975,
            -0.8114916086196899,
            -0.21578560769557953
        ],
        [
            0.21671664714813232,
            -0.7893812656402588,
            -0.22174641489982605
        ],
        [
            0.20831558108329773,
            -0.7890670895576477,
            -0.23049408197402954
        ],
        [
            0.22629445791244507,
            -0.797767162322998,
            -0.20698554813861847
        ],
        [
            0.23221027851104736,
            -0.8075445890426636,
            -0.19978567957878113
        ],
        [
            0.22007860243320465,
            -0.772088885307312,
            -0.17887331545352936
        ],
        [
            0.22141504287719727,
            -0.7720516920089722,
            -0.1676584631204605
        ],
        [
            0.22510087490081787,
            -0.7816390991210938,
            -0.17476792633533478
        ],
        [
            0.22154219448566437,
            -0.7794962525367737,
            -0.18428528308868408
        ],
        [
            0.2113952934741974,
            -0.7522289752960205,
            -0.16422143578529358
        ],
        [
            0.20390179753303528,
            -0.7413985729217529,
            -0.16860318183898926
        ],
        [
            0.20227010548114777,
            -0.738288164138794,
            -0.15556812286376953
        ],
        [
            0.2084614485502243,
            -0.7491135597229004,
            -0.1504533439874649
        ],
        [
            0.17970818281173706,
            -0.7476783394813538,
            -0.20290282368659973
        ],
        [
            0.1830252707004547,
            -0.7415575981140137,
            -0.19772034883499146
        ],
        [
            0.18851667642593384,
            -0.7468177676200867,
            -0.19923023879528046
        ],
        [
            0.18419909477233887,
            -0.75255286693573,
            -0.20391295850276947
        ],
        [
            0.17426002025604248,
            -0.7546826601028442,
            -0.21491692960262299
        ],
        [
            0.17635540664196014,
            -0.7608002424240112,
            -0.21432578563690186
        ],
        [
            0.1735408455133438,
            -0.762418806552887,
            -0.22160324454307556
        ],
        [
            0.17220307886600494,
            -0.7550523281097412,
            -0.22257594764232635
        ],
        [
            0.17302484810352325,
            -0.744332492351532,
            -0.20171518623828888
        ],
        [
            0.17659664154052734,
            -0.738194465637207,
            -0.19598907232284546
        ],
        [
            0.17693950235843658,
            -0.7525557279586792,
            -0.20789819955825806
        ],
        [
            0.17409074306488037,
            -0.7482452392578125,
            -0.20831425487995148
        ],
        [
            0.17103344202041626,
            -0.738486647605896,
            -0.2152024209499359
        ],
        [
            0.17363376915454865,
            -0.7429051399230957,
            -0.21566079556941986
        ],
        [
            0.17151974141597748,
            -0.7411034107208252,
            -0.2229452133178711
        ],
        [
            0.16869281232357025,
            -0.7369769811630249,
            -0.22020858526229858
        ],
        [
            0.17221495509147644,
            -0.7420105934143066,
            -0.20617178082466125
        ],
        [
            0.17394611239433289,
            -0.7429685592651367,
            -0.20981156826019287
        ],
        [
            0.1708478331565857,
            -0.7391501665115356,
            -0.21075092256069183
        ],
        [
            0.16841407120227814,
            -0.7392220497131348,
            -0.2072901725769043
        ],
        [
            0.1728324443101883,
            -0.7498316764831543,
            -0.2155095338821411
        ],
        [
            0.17157360911369324,
            -0.7485083341598511,
            -0.22309982776641846
        ],
        [
            0.1691795140504837,
            -0.7469971179962158,
            -0.23082351684570312
        ],
        [
            0.16817966103553772,
            -0.7382152080535889,
            -0.2297748476266861
        ],
        [
            0.18870773911476135,
            -0.7314841747283936,
            -0.1830078363418579
        ],
        [
            0.18649019300937653,
            -0.7359468936920166,
            -0.19122329354286194
        ],
        [
            0.1801719218492508,
            -0.7329139709472656,
            -0.19025222957134247
        ],
        [
            0.1827411651611328,
            -0.7288894653320312,
            -0.18401432037353516
        ],
        [
            0.16820158064365387,
            -0.7381553649902344,
            -0.20257943868637085
        ],
        [
            0.16728413105010986,
            -0.7242501974105835,
            -0.19444972276687622
        ],
        [
            0.16864073276519775,
            -0.7272273898124695,
            -0.19632022082805634
        ],
        [
            0.16369503736495972,
            -0.7270346879959106,
            -0.20166030526161194
        ],
        [
            0.163030743598938,
            -0.7242101430892944,
            -0.19960331916809082
        ],
        [
            0.18796305358409882,
            -0.723182201385498,
            -0.16747334599494934
        ],
        [
            0.18288114666938782,
            -0.7211092710494995,
            -0.17225322127342224
        ],
        [
            0.1809140145778656,
            -0.7166237831115723,
            -0.166671484708786
        ],
        [
            0.18478697538375854,
            -0.7184888124465942,
            -0.16038170456886292
        ],
        [
            0.17686522006988525,
            -0.712876558303833,
            -0.16379232704639435
        ],
        [
            0.18080073595046997,
            -0.7139904499053955,
            -0.15435807406902313
        ],
        [
            0.16821391880512238,
            -0.7036758065223694,
            -0.15039247274398804
        ],
        [
            0.17436720430850983,
            -0.708267331123352,
            -0.15174925327301025
        ],
        [
            0.17159725725650787,
            -0.7087192535400391,
            -0.16260480880737305
        ],
        [
            0.16544795036315918,
            -0.7038475275039673,
            -0.16431672871112823
        ],
        [
            0.15661300718784332,
            -0.7054464817047119,
            -0.17668792605400085
        ],
        [
            0.1511712670326233,
            -0.7041041851043701,
            -0.1798030436038971
        ],
        [
            0.15179914236068726,
            -0.6942519545555115,
            -0.17125064134597778
        ],
        [
            0.15822164714336395,
            -0.6980909705162048,
            -0.16795331239700317
        ],
        [
            0.16475510597229004,
            -0.7215441465377808,
            -0.18798667192459106
        ],
        [
            0.16806377470493317,
            -0.7224068641662598,
            -0.18457478284835815
        ],
        [
            0.16909083724021912,
            -0.7223575115203857,
            -0.187114879488945
        ],
        [
            0.16603738069534302,
            -0.7222672700881958,
            -0.19150440394878387
        ],
        [
            0.17103619873523712,
            -0.7225940227508545,
            -0.18191111087799072
        ],
        [
            0.1723848283290863,
            -0.7224996089935303,
            -0.1807122379541397
        ],
        [
            0.17275813221931458,
            -0.722927451133728,
            -0.1823883056640625
        ],
        [
            0.17126034200191498,
            -0.722893476486206,
            -0.18277376890182495
        ],
        [
            0.16941280663013458,
            -0.7226287126541138,
            -0.1836797297000885
        ],
        [
            0.16798263788223267,
            -0.7210126519203186,
            -0.18340247869491577
        ],
        [
            0.17006462812423706,
            -0.7218444347381592,
            -0.182198166847229
        ],
        [
            0.16484495997428894,
            -0.7194560766220093,
            -0.1863585114479065
        ],
        [
            0.15352050960063934,
            -0.715768575668335,
            -0.1952972114086151
        ],
        [
            0.15713661909103394,
            -0.7161014080047607,
            -0.1932649314403534
        ],
        [
            0.15687228739261627,
            -0.7205032110214233,
            -0.19488869607448578
        ],
        [
            0.15387266874313354,
            -0.7204742431640625,
            -0.1968696117401123
        ],
        [
            0.1719255894422531,
            -0.7239131927490234,
            -0.18537044525146484
        ],
        [
            0.17476168274879456,
            -0.7249234318733215,
            -0.18485581874847412
        ],
        [
            0.1725599765777588,
            -0.7259770631790161,
            -0.19006112217903137
        ],
        [
            0.17057198286056519,
            -0.7242328524589539,
            -0.18860286474227905
        ],
        [
            0.17789451777935028,
            -0.7260503172874451,
            -0.18485355377197266
        ],
        [
            0.17514482140541077,
            -0.7238907814025879,
            -0.18181073665618896
        ],
        [
            0.17814111709594727,
            -0.7243133783340454,
            -0.180930033326149
        ],
        [
            0.17135405540466309,
            -0.7211611866950989,
            -0.18004092574119568
        ],
        [
            0.1731746941804886,
            -0.7200870513916016,
            -0.17728091776371002
        ],
        [
            0.17464616894721985,
            -0.7216007709503174,
            -0.1791948676109314
        ],
        [
            0.17038504779338837,
            -0.7175343036651611,
            -0.17667821049690247
        ],
        [
            0.16864386200904846,
            -0.7194584608078003,
            -0.18074935674667358
        ],
        [
            0.1652495414018631,
            -0.7170580625534058,
            -0.18321126699447632
        ],
        [
            0.16101671755313873,
            -0.7146074175834656,
            -0.18665370345115662
        ],
        [
            0.16140210628509521,
            -0.7117886543273926,
            -0.1811661720275879
        ],
        [
            0.16634270548820496,
            -0.7145110368728638,
            -0.17825959622859955
        ],
        [
            0.17543958127498627,
            -0.7293543815612793,
            -0.19078178703784943
        ],
        [
            0.17816241085529327,
            -0.7213032841682434,
            -0.1761605590581894
        ],
        [
            0.18337392807006836,
            -0.7258985042572021,
            -0.17826524376869202
        ],
        [
            0.1764584183692932,
            -0.7179721593856812,
            -0.17298635840415955
        ],
        [
            0.173113152384758,
            -0.7148737907409668,
            -0.17115384340286255
        ],
        [
            0.1683121770620346,
            -0.7115764617919922,
            -0.171594500541687
        ],
        [
            0.16257615387439728,
            -0.708149790763855,
            -0.1739940643310547
        ],
        [
            0.1499806046485901,
            -0.6921800374984741,
            -0.15694871544837952
        ],
        [
            0.15871964395046234,
            -0.696948230266571,
            -0.1541488766670227
        ],
        [
            0.20371776819229126,
            -0.7844306230545044,
            -0.2249816507101059
        ],
        [
            0.21134212613105774,
            -0.7835848331451416,
            -0.22006091475486755
        ],
        [
            0.20863378047943115,
            -0.779679536819458,
            -0.21190689504146576
        ],
        [
            0.2111470103263855,
            -0.7812216281890869,
            -0.21237686276435852
        ],
        [
            0.20694904029369354,
            -0.7816787958145142,
            -0.2173888087272644
        ],
        [
            0.20545156300067902,
            -0.7798354029655457,
            -0.21541182696819305
        ],
        [
            0.21709750592708588,
            -0.7791720032691956,
            -0.1917988359928131
        ],
        [
            0.21367478370666504,
            -0.7791072726249695,
            -0.197867289185524
        ],
        [
            0.21262261271476746,
            -0.7767398357391357,
            -0.19468821585178375
        ],
        [
            0.2166704386472702,
            -0.7737441062927246,
            -0.1876358836889267
        ],
        [
            0.20415760576725006,
            -0.768222451210022,
            -0.19888094067573547
        ],
        [
            0.20817457139492035,
            -0.7702380418777466,
            -0.19561517238616943
        ],
        [
            0.20701202750205994,
            -0.7748678922653198,
            -0.20211833715438843
        ],
        [
            0.2041567713022232,
            -0.7733564376831055,
            -0.20455017685890198
        ],
        [
            0.20070868730545044,
            -0.7726331353187561,
            -0.20697727799415588
        ],
        [
            0.19687232375144958,
            -0.7727346420288086,
            -0.20924684405326843
        ],
        [
            0.19540205597877502,
            -0.7686347961425781,
            -0.20605304837226868
        ],
        [
            0.19968408346176147,
            -0.7679191827774048,
            -0.2026674449443817
        ],
        [
            0.2012275904417038,
            -0.783077597618103,
            -0.22066493332386017
        ],
        [
            0.19408352673053741,
            -0.7838533520698547,
            -0.22205114364624023
        ],
        [
            0.19432128965854645,
            -0.7815327644348145,
            -0.21959629654884338
        ],
        [
            0.20040962100028992,
            -0.7805187106132507,
            -0.2187555432319641
        ],
        [
            0.18196722865104675,
            -0.7808113694190979,
            -0.21486417949199677
        ],
        [
            0.18405497074127197,
            -0.7820508480072021,
            -0.21666327118873596
        ],
        [
            0.1813206672668457,
            -0.7831869125366211,
            -0.21930581331253052
        ],
        [
            0.17896801233291626,
            -0.780142068862915,
            -0.21658384799957275
        ],
        [
            0.18015886843204498,
            -0.7772246599197388,
            -0.21454840898513794
        ],
        [
            0.18270419538021088,
            -0.7789731025695801,
            -0.21404173970222473
        ],
        [
            0.22118166089057922,
            -0.8337763547897339,
            -0.24292299151420593
        ],
        [
            0.21285538375377655,
            -0.8166322708129883,
            -0.2436635047197342
        ],
        [
            0.2318752408027649,
            -0.8316634297370911,
            -0.22542989253997803
        ],
        [
            0.2359970211982727,
            -0.8272005915641785,
            -0.20801609754562378
        ],
        [
            0.23779362440109253,
            -0.8190087080001831,
            -0.19137704372406006
        ],
        [
            0.19488374888896942,
            -0.729284405708313,
            -0.16159947216510773
        ],
        [
            0.19252203404903412,
            -0.7249679565429688,
            -0.15179142355918884
        ],
        [
            0.20015138387680054,
            -0.7358690500259399,
            -0.1430312991142273
        ],
        [
            0.1945039927959442,
            -0.7302412986755371,
            -0.13449323177337646
        ],
        [
            0.18701979517936707,
            -0.71906977891922,
            -0.14412616193294525
        ],
        [
            0.16901147365570068,
            -0.7068477272987366,
            -0.13696978986263275
        ],
        [
            0.17914552986621857,
            -0.712474524974823,
            -0.1389819085597992
        ],
        [
            0.186448872089386,
            -0.725399374961853,
            -0.12647603452205658
        ],
        [
            0.19511032104492188,
            -0.7420109510421753,
            -0.11728924512863159
        ],
        [
            0.2010231763124466,
            -0.7435330152511597,
            -0.12718389928340912
        ],
        [
            0.20163880288600922,
            -0.7606770992279053,
            -0.11280182749032974
        ],
        [
            0.187138631939888,
            -0.7418543696403503,
            -0.1052321046590805
        ],
        [
            0.1973339468240738,
            -0.7648217082023621,
            -0.10564127564430237
        ],
        [
            0.16476865112781525,
            -0.7129279375076294,
            -0.09918546676635742
        ],
        [
            0.16341018676757812,
            -0.7059246301651001,
            -0.09196354448795319
        ],
        [
            0.17211182415485382,
            -0.7168048620223999,
            -0.0794132724404335
        ],
        [
            0.17472735047340393,
            -0.7237712740898132,
            -0.08697710186243057
        ],
        [
            0.20564541220664978,
            -0.745942234992981,
            -0.13733336329460144
        ],
        [
            0.22914594411849976,
            -0.7939363121986389,
            -0.17272642254829407
        ],
        [
            0.22662757337093353,
            -0.7887378334999084,
            -0.1834075152873993
        ],
        [
            0.22618772089481354,
            -0.7851914763450623,
            -0.1632498949766159
        ],
        [
            0.2464713603258133,
            -0.8532184958457947,
            -0.18433988094329834
        ],
        [
            0.2424418330192566,
            -0.8411706686019897,
            -0.19813643395900726
        ],
        [
            0.24338389933109283,
            -0.8307658433914185,
            -0.183564692735672
        ],
        [
            0.24708682298660278,
            -0.8434411287307739,
            -0.1724657416343689
        ],
        [
            0.23212316632270813,
            -0.8823994994163513,
            -0.2160208523273468
        ],
        [
            0.22966568171977997,
            -0.8591872453689575,
            -0.23194973170757294
        ],
        [
            0.23643842339515686,
            -0.8515928983688354,
            -0.21659253537654877
        ],
        [
            0.23997613787651062,
            -0.8694401979446411,
            -0.2029607743024826
        ],
        [
            0.2473994940519333,
            -0.8511353731155396,
            -0.1612754464149475
        ],
        [
            0.24608951807022095,
            -0.8620485067367554,
            -0.14586514234542847
        ],
        [
            0.24605101346969604,
            -0.879409909248352,
            -0.14868298172950745
        ],
        [
            0.24744991958141327,
            -0.8683303594589233,
            -0.16859328746795654
        ],
        [
            0.23920726776123047,
            -0.9018627405166626,
            -0.1559096872806549
        ],
        [
            0.24142108857631683,
            -0.888717532157898,
            -0.1798691302537918
        ],
        [
            0.18927107751369476,
            -0.7590180039405823,
            -0.09128976613283157
        ],
        [
            0.19624026119709015,
            -0.7757282853126526,
            -0.0973011702299118
        ],
        [
            0.17845222353935242,
            -0.7315573692321777,
            -0.0971938967704773
        ],
        [
            0.18342359364032745,
            -0.7457888126373291,
            -0.08481629192829132
        ],
        [
            0.22575411200523376,
            -0.9202709197998047,
            -0.16360406577587128
        ],
        [
            0.2297849953174591,
            -0.9055942296981812,
            -0.19229409098625183
        ],
        [
            0.2226555496454239,
            -0.8713863492012024,
            -0.09722121059894562
        ],
        [
            0.23141659796237946,
            -0.8816903829574585,
            -0.11176601052284241
        ],
        [
            0.2354716956615448,
            -0.8615801334381104,
            -0.1172982007265091
        ],
        [
            0.22707848250865936,
            -0.8548308610916138,
            -0.10288459062576294
        ],
        [
            0.2132871299982071,
            -0.8888261914253235,
