{
    "pred_cam": [
        1.1760236024856567,
        0.021858328953385353,
        0.17641869187355042
    ],
    "pred_smpl_params": {
        "global_orient": [
            [
                [
                    0.9753385782241821,
                    0.199293851852417,
                    0.09485132992267609
                ],
                [
                    0.1935356855392456,
                    -0.9788333177566528,
                    0.0665530189871788
                ],
                [
                    0.10610724240541458,
                    -0.04655459523200989,
                    -0.993264377117157
                ]
            ]
        ],
        "body_pose": [
            [
                [
                    0.9989871978759766,
                    0.008883324451744556,
                    -0.044109050184488297
                ],
                [
                    -0.0007835192373022437,
                    0.9836027026176453,
                    0.18034696578979492
                ],
                [
                    0.044987864792346954,
                    -0.1801297515630722,
                    0.9826134443283081
                ]
            ],
            [
                [
                    0.9999244213104248,
                    -0.011254720389842987,
                    0.0049627129919826984
                ],
                [
                    0.010216559283435345,
                    0.984613299369812,
                    0.17444834113121033
                ],
                [
                    -0.006849716417491436,
                    -0.17438441514968872,
                    0.984653890132904
                ]
            ],
            [
                [
                    0.9988451600074768,
                    0.01464672852307558,
                    0.045759256929159164
                ],
                [
                    -0.005701435264199972,
                    0.9818050265312195,
                    -0.18980620801448822
                ],
                [
                    -0.04770670831203461,
                    0.18932610750198364,
                    0.9807547330856323
                ]
            ],
            [
                [
                    0.9916961193084717,
                    -0.03702635318040848,
                    -0.12315846234560013
                ],
                [
                    -0.045669712126255035,
                    0.7938451766967773,
                    -0.6064027547836304
                ],
                [
                    0.1202215850353241,
                    0.6069917678833008,
                    0.7855622172355652
                ]
            ],
            [
                [
                    0.9936360120773315,
                    -0.08491581678390503,
                    0.07400500774383545
                ],
                [
                    0.11250601708889008,
                    0.7800600528717041,
                    -0.6155068278312683
                ],
                [
                    -0.0054620783776044846,
                    0.619915783405304,
                    0.7846493124961853
                ]
            ],
            [
                [
                    0.9980843663215637,
                    0.009817024692893028,
                    0.06108331307768822
                ],
                [
                    -0.008537396788597107,
                    0.9997393488883972,
                    -0.021174712106585503
                ],
                [
                    -0.061275262385606766,
                    0.020612657070159912,
                    0.9979080557823181
                ]
            ],
            [
                [
                    0.981762707233429,
                    0.08025535196065903,
                    0.17234022915363312
                ],
                [
                    -0.08574076741933823,
                    0.9960134625434875,
                    0.02461223676800728
                ],
                [
                    -0.16967791318893433,
                    -0.038939956575632095,
                    0.9847300052642822
                ]
            ],
            [
                [
                    0.9868965744972229,
                    -0.0191157516092062,
                    -0.16021794080734253
                ],
                [
                    0.020145472139120102,
                    0.9997855424880981,
                    0.004805054981261492
                ],
                [
                    0.16009171307086945,
                    -0.007969759404659271,
                    0.9870700240135193
                ]
            ],
            [
                [
                    0.9992099404335022,
                    -0.0016473253490403295,
                    0.03971011936664581
                ],
                [
                    0.004367789253592491,
                    0.9976401925086975,
                    -0.06851890683174133
                ],
                [
                    -0.0395035445690155,
                    0.06863820552825928,
                    0.9968591928482056
                ]
            ],
            [
                [
                    0.9844165444374084,
                    -0.17415592074394226,
                    -0.024369189515709877
                ],
                [
                    0.17583493888378143,
                    0.9728542566299438,
                    0.150455042719841
                ],
                [
                    -0.0024949691724032164,
                    -0.1523953676223755,
                    0.988316535949707
                ]
            ],
            [
                [
                    0.9934879541397095,
                    0.11322786659002304,
                    -0.012692440301179886
                ],
                [
                    -0.108675517141819,
                    0.9751728773117065,
                    0.19294415414333344
                ],
                [
                    0.03422398120164871,
                    -0.1903083473443985,
                    0.9811276197433472
                ]
            ],
            [
                [
                    0.9890412092208862,
                    -0.004919256083667278,
                    -0.14755767583847046
                ],
                [
                    -0.002007633913308382,
                    0.9989042282104492,
                    -0.046757981181144714
                ],
                [
                    0.14762599766254425,
                    0.046541810035705566,
                    0.9879475831985474
                ]
            ],
            [
                [
                    0.9445235729217529,
                    0.3279259204864502,
                    -0.01843242533504963
                ],
                [
                    -0.32841625809669495,
                    0.9436801075935364,
                    -0.04013105109333992
                ],
                [
                    0.004234300926327705,
                    0.043958235532045364,
                    0.9990243315696716
                ]
            ],
            [
                [
                    0.9482512474060059,
                    -0.2734132409095764,
                    0.1614461988210678
                ],
                [
                    0.2758309245109558,
                    0.9611754417419434,
                    0.007687347941100597
                ],
                [
                    -0.15727995336055756,
                    0.03724231943488121,
                    0.9868516325950623
                ]
            ],
            [
                [
                    0.9929043650627136,
                    -0.025442779064178467,
                    -0.11616159975528717
                ],
                [
                    -0.001800574129447341,
                    0.9735143780708313,
                    -0.2286185920238495
                ],
                [
                    0.11890167742967606,
                    0.2272055745124817,
                    0.9665608406066895
                ]
            ],
            [
                [
                    0.4265410006046295,
                    0.8651500344276428,
                    -0.26377660036087036
                ],
                [
                    -0.9017180800437927,
                    0.4294832944869995,
                    -0.049482427537441254
                ],
                [
                    0.0704779177904129,
                    0.25895845890045166,
                    0.9633136987686157
                ]
            ],
            [
                [
                    0.43565499782562256,
                    -0.791478157043457,
                    0.42868053913116455
                ],
                [
                    0.8723936676979065,
                    0.4885597825050354,
                    0.015446798875927925
                ],
                [
                    -0.22166188061237335,
                    0.3672487139701843,
                    0.9033240675926208
                ]
            ],
            [
                [
                    0.3921242654323578,
                    -0.3396815061569214,
                    -0.854900598526001
                ],
                [
                    0.15687955915927887,
                    0.9404075741767883,
                    -0.30169913172721863
                ],
                [
                    0.9064366221427917,
                    -0.01581287570297718,
                    0.4220457077026367
                ]
            ],
            [
                [
                    0.11589410901069641,
                    0.4217730760574341,
                    0.8992641568183899
                ],
                [
                    0.06611474603414536,
                    0.900081217288971,
                    -0.4306769371032715
                ],
                [
                    -0.9910587072372437,
                    0.10936753451824188,
                    0.07642868906259537
                ]
            ],
            [
                [
                    0.9894090294837952,
                    -0.14314298331737518,
                    -0.02407917194068432
                ],
                [
                    0.14430677890777588,
                    0.9879029989242554,
                    0.05677255615592003
                ],
                [
                    0.015661293640732765,
                    -0.05964607000350952,
                    0.9980966448783875
                ]
            ],
            [
                [
                    0.984099268913269,
                    0.16863596439361572,
                    0.05577180162072182
                ],
                [
                    -0.16984137892723083,
                    0.9853142499923706,
                    0.017596103250980377
                ],
                [
                    -0.051985424011945724,
                    -0.026788674294948578,
                    0.9982883930206299
                ]
            ],
            [
                [
                    0.9650533199310303,
                    0.24201664328575134,
                    -0.10049845278263092
                ],
                [
                    -0.22565259039402008,
                    0.9624535441398621,
                    0.15087758004665375
                ],
                [
                    0.1332399845123291,
                    -0.12292718142271042,
                    0.9834306836128235
                ]
            ],
            [
                [
                    0.9732246398925781,
                    -0.2208782285451889,
                    0.06361225992441177
                ],
                [
                    0.21002498269081116,
                    0.9669793248176575,
                    0.14436224102973938
                ],
                [
                    -0.09339822083711624,
                    -0.1271367371082306,
                    0.9874780774116516
                ]
            ]
        ],
        "betas": [
            -0.07884693145751953,
            -0.113322913646698,
            0.05981069803237915,
            0.13736464083194733,
            0.049501657485961914,
            0.06856927275657654,
            0.010781705379486084,
            -0.07480168342590332,
            0.06342178583145142,
            -0.04650476574897766
        ]
    },
    "pred_cam_t": [
        0.021858328953385353,
        0.17641869187355042,
        33.21574401855469
    ],
    "focal_length": [
        5000.0,
        5000.0
    ],
    "pred_keypoints_3d": [
        [
            0.12889087200164795,
            -0.7484752535820007,
            -0.23372918367385864
        ],
        [
            0.11195947229862213,
            -0.7143495082855225,
            -0.04661303758621216
        ],
        [
            -0.0803741067647934,
            -0.6582001447677612,
            -0.07426050305366516
        ],
        [
            -0.1691029667854309,
            -0.4234580099582672,
            -0.04212421551346779
        ],
        [
            0.001982852816581726,
            -0.326175332069397,
            -0.20178405940532684
        ],
        [
            0.2586686313152313,
            -0.5979226231575012,
            0.02507559396326542
        ],
        [
            0.21339498460292816,
            -0.3659436106681824,
            0.13157305121421814
        ],
        [
            0.22412599623203278,
            -0.20237554609775543,
            -0.053897425532341
        ],
        [
            -0.0018359562382102013,
            -0.2246071994304657,
            0.02863578125834465
        ],
        [
            -0.08646506071090698,
            -0.14937511086463928,
            0.029786165803670883
        ],
        [
            -0.1881348192691803,
            0.21499162912368774,
            -0.013389699161052704
        ],
        [
            -0.2273980677127838,
            0.525687575340271,
            0.23019316792488098
        ],
        [
            0.04726320505142212,
            -0.122050441801548,
            0.04696932062506676
        ],
        [
            0.009972844272851944,
            0.24631232023239136,
            0.003903966397047043
        ],
        [
            -0.0608670748770237,
            0.5582112073898315,
            0.2379845231771469
        ],
        [
            0.11026227474212646,
            -0.8052949905395508,
            -0.22065959870815277
        ],
        [
            0.17430827021598816,
            -0.7876619100570679,
            -0.22260496020317078
        ],
        [
            0.08007140457630157,
            -0.8425379991531372,
            -0.12853942811489105
        ],
        [
            0.22258873283863068,
            -0.8037371635437012,
            -0.13288810849189758
        ],
        [
            -0.07880792766809464,
            0.6949034333229065,
            0.09471219778060913
        ],
        [
            -0.01246083527803421,
            0.6891149282455444,
            0.14510932564735413
        ],
        [
            -0.06042850762605667,
            0.5612032413482666,
            0.30766773223876953
        ],
        [
            -0.23552295565605164,
            0.6632328033447266,
            0.08895468711853027
        ],
        [
            -0.3073216676712036,
            0.6364836692810059,
            0.13066384196281433
        ],
        [
            -0.23411695659160614,
            0.533889889717102,
            0.3025718033313751
        ],
        [
            -0.24278977513313293,
            0.4681737422943115,
            0.22598883509635925
        ],
        [
            -0.1738494634628296,
            0.15477244555950165,
            -0.017025142908096313
        ],
        [
            -0.14057272672653198,
            -0.2857770323753357,
            0.02161126397550106
        ],
        [
            0.14251282811164856,
            -0.21291610598564148,
            0.06737828999757767
        ],
        [
            0.027492890134453773,
            0.20857252180576324,
            0.0030817175284028053
        ],
        [
            -0.04465479776263237,
            0.518410325050354,
            0.24334055185317993
        ],
        [
            0.006295090541243553,
            -0.3614892363548279,
            -0.18625211715698242
        ],
        [
            -0.17241589725017548,
            -0.44766032695770264,
            -0.0804925411939621
        ],
        [
            -0.04076944291591644,
            -0.681362509727478,
            -0.06831089407205582
        ],
        [
            0.23506712913513184,
            -0.6327791810035706,
            0.014585791155695915
        ],
        [
            0.25739675760269165,
            -0.3806954026222229,
            0.10234598815441132
        ],
        [
            0.23340949416160583,
            -0.22428905963897705,
            -0.053136855363845825
        ],
        [
            0.1151185929775238,
            -0.705758810043335,
            -0.05210768058896065
        ],
        [
            0.1646239012479782,
            -0.8624255061149597,
            -0.16771730780601501
        ],
        [
            0.0018080463632941246,
            -0.24935972690582275,
            0.04487978667020798
        ],
        [
            0.09649043530225754,
            -0.6547951102256775,
            -0.02937297895550728
        ],
        [
            0.051157087087631226,
            -0.49116039276123047,
            0.025924794375896454
        ],
        [
            0.1386100947856903,
            -0.7520825862884521,
            -0.15454594790935516
        ],
        [
            0.16534417867660522,
            -0.8836615681648254,
            -0.16777312755584717
        ]
    ],
    "pred_vertices": [
        [
            0.1969468891620636,
            -0.8256696462631226,
            -0.24327349662780762
        ],
        [
            0.1869458109140396,
            -0.8120669722557068,
            -0.24288666248321533
        ],
        [
            0.19789128005504608,
            -0.809645414352417,
            -0.23386389017105103
        ],
        [
            0.20708273351192474,
            -0.8210734128952026,
            -0.2295704185962677
        ],
        [
            0.19095563888549805,
            -0.8005328178405762,
            -0.2347356081008911
        ],
        [
            0.18073904514312744,
            -0.8017460107803345,
            -0.24136638641357422
        ],
        [
            0.20423242449760437,
            -0.8065260052680969,
            -0.22172772884368896
        ],
        [
            0.21228140592575073,
            -0.815047562122345,
            -0.21501220762729645
        ],
        [
            0.20246976613998413,
            -0.7779426574707031,
            -0.1960950791835785
        ],
        [
            0.20622855424880981,
            -0.776442289352417,
            -0.18547621369361877
        ],
        [
            0.20912714302539825,
            -0.7864865064620972,
            -0.1921636015176773
        ],
        [
            0.20335882902145386,
            -0.7857991456985474,
            -0.2008604109287262
        ],
        [
            0.19592948257923126,
            -0.7567962408065796,
            -0.1819440722465515
        ],
        [
            0.18684706091880798,
            -0.7469825744628906,
            -0.18571704626083374
        ],
        [
            0.18802204728126526,
            -0.742352306842804,
            -0.1729535162448883
        ],
        [
            0.19596414268016815,
            -0.752156138420105,
            -0.16825294494628906
        ],
        [
            0.15588968992233276,
            -0.758706271648407,
            -0.21284911036491394
        ],
        [
            0.1599036157131195,
            -0.7518019080162048,
            -0.20926427841186523
        ],
        [
            0.1652747094631195,
            -0.7569394707679749,
            -0.2114069163799286
        ],
        [
            0.16039440035820007,
            -0.7634481191635132,
            -0.21432389318943024
        ],
        [
            0.1484087109565735,
            -0.7674345970153809,
            -0.2223851978778839
        ],
        [
            0.15104657411575317,
            -0.7733185291290283,
            -0.22160553932189941
        ],
        [
            0.14677011966705322,
            -0.7759976387023926,
            -0.22778353095054626
        ],
        [
            0.14469954371452332,
            -0.7688703536987305,
            -0.22926224768161774
        ],
        [
            0.14938387274742126,
            -0.7555850148200989,
            -0.21053650975227356
        ],
        [
            0.15380311012268066,
            -0.7485311031341553,
            -0.20650885999202728
        ],
        [
            0.15238028764724731,
            -0.7643452882766724,
            -0.21648254990577698
        ],
        [
            0.1492604911327362,
            -0.7602118253707886,
            -0.21672466397285461
        ],
        [
            0.1439523696899414,
            -0.7515997290611267,
            -0.22371500730514526
        ],
        [
            0.1466963291168213,
            -0.7559100389480591,
            -0.22426480054855347
        ],
        [
            0.14283064007759094,
            -0.7551693916320801,
            -0.2310100495815277
        ],
        [
            0.14041511714458466,
            -0.750895619392395,
            -0.22817757725715637
        ],
        [
            0.14739152789115906,
            -0.7539117932319641,
            -0.214913010597229
        ],
        [
            0.14829865097999573,
            -0.7552232146263123,
            -0.21871203184127808
        ],
        [
            0.14480525255203247,
            -0.7517082691192627,
            -0.21932712197303772
        ],
        [
            0.14327901601791382,
            -0.7514585256576538,
            -0.2154178023338318
        ],
        [
            0.14647676050662994,
            -0.7627804279327393,
            -0.22321069240570068
        ],
        [
            0.14341872930526733,
            -0.762506365776062,
            -0.23036347329616547
        ],
        [
            0.1392562985420227,
            -0.7621042132377625,
            -0.2374526858329773
        ],
        [
            0.13790816068649292,
            -0.7533036470413208,
            -0.23717375099658966
        ],
        [
            0.1680806577205658,
            -0.7396973371505737,
            -0.19729793071746826
        ],
        [
            0.1643088161945343,
            -0.745263934135437,
            -0.20434360206127167
        ],
        [
            0.15821434557437897,
            -0.7423907518386841,
            -0.2023126184940338
        ],
        [
            0.16186237335205078,
            -0.7375003099441528,
            -0.19724982976913452
        ],
        [
            0.1441350132226944,
            -0.7497649192810059,
            -0.21094128489494324
        ],
        [
            0.14418911933898926,
            -0.7349697351455688,
            -0.20430022478103638
        ],
        [
            0.1452864110469818,
            -0.738074541091919,
            -0.20614445209503174
        ],
        [
            0.1392371654510498,
            -0.7388097047805786,
            -0.21018476784229279
        ],
        [
            0.1388750970363617,
            -0.7357882857322693,
            -0.20832084119319916
        ],
        [
            0.17030122876167297,
            -0.7295600175857544,
            -0.18286511301994324
        ],
        [
            0.16414526104927063,
            -0.72831130027771,
            -0.18663311004638672
        ],
        [
            0.1632159799337387,
            -0.723258376121521,
            -0.1811867356300354
        ],
        [
            0.16858351230621338,
            -0.7241329550743103,
            -0.17564857006072998
        ],
        [
            0.15984514355659485,
            -0.7193117141723633,
            -0.17776021361351013
        ],
        [
            0.16589941084384918,
            -0.7190578579902649,
            -0.16924935579299927
        ],
        [
            0.15398500859737396,
            -0.7090158462524414,
            -0.16357171535491943
        ],
        [
            0.1599227637052536,
            -0.7134039402008057,
            -0.1657928228378296
        ],
        [
            0.1547825038433075,
            -0.7152855396270752,
            -0.17585489153862
        ],
        [
            0.14813187718391418,
            -0.7110089063644409,
            -0.17666596174240112
        ],
        [
            0.13662627339363098,
            -0.7145950794219971,
            -0.18666720390319824
        ],
        [
            0.13051959872245789,
            -0.7138642072677612,
            -0.1886393129825592
        ],
        [
            0.13251540064811707,
            -0.7030225396156311,
            -0.18147987127304077
        ],
        [
            0.13987742364406586,
            -0.7061152458190918,
            -0.1791943609714508
        ],
        [
            0.14298105239868164,
            -0.7316359281539917,
            -0.19770927727222443
        ],
        [
            0.147025465965271,
            -0.7319054007530212,
            -0.1950637698173523
        ],
        [
            0.14741772413253784,
            -0.732134222984314,
            -0.1977798044681549
        ],
        [
            0.14342913031578064,
            -0.7327483296394348,
            -0.201351597905159
        ],
        [
            0.15053024888038635,
            -0.7315798401832581,
            -0.19315478205680847
        ],
        [
            0.15209868550300598,
            -0.7312626838684082,
            -0.1923215091228485
        ],
        [
            0.1520967334508896,
            -0.7318921685218811,
            -0.1939919888973236
        ],
        [
            0.15050417184829712,
            -0.7320101261138916,
            -0.19403281807899475
        ],
        [
            0.1485006958246231,
            -0.7319551706314087,
            -0.19450132548809052
        ],
        [
            0.14707988500595093,
            -0.7303876876831055,
            -0.19406822323799133
        ],
        [
            0.149480938911438,
            -0.7309250831604004,
            -0.1932758390903473
        ],
        [
            0.14324666559696198,
            -0.7293855547904968,
            -0.19637125730514526
        ],
        [
            0.13005656003952026,
            -0.7273045778274536,
            -0.2029120922088623
        ],
        [
            0.1339799463748932,
            -0.7272818088531494,
            -0.2016776204109192
        ],
        [
            0.13365355134010315,
            -0.7318534851074219,
            -0.20275086164474487
        ],
        [
            0.13037651777267456,
            -0.732153058052063,
            -0.20401400327682495
        ],
        [
            0.1506972312927246,
            -0.7332837581634521,
            -0.19660300016403198
        ],
        [
            0.15361681580543518,
            -0.7340894937515259,
            -0.19663837552070618
        ],
        [
            0.1503528654575348,
            -0.7359050512313843,
            -0.20108312368392944
        ],
        [
            0.1486472189426422,
            -0.7341010570526123,
            -0.19936493039131165
        ],
        [
            0.15670523047447205,
            -0.7350596189498901,
            -0.19726109504699707
        ],
        [
            0.15460729598999023,
            -0.7326448559761047,
            -0.19388644397258759
        ],
        [
            0.15783941745758057,
            -0.7327545881271362,
            -0.19367530941963196
        ],
        [
            0.15117907524108887,
            -0.7298885583877563,
            -0.1915670782327652
        ],
        [
            0.15350639820098877,
            -0.7283486127853394,
            -0.1894417405128479
        ],
        [
            0.15457478165626526,
            -0.7300373315811157,
            -0.1914786696434021
        ],
        [
            0.1507740318775177,
            -0.7259119749069214,
            -0.18844561278820038
        ],
        [
            0.14828146994113922,
            -0.7284393310546875,
            -0.19179823994636536
        ],
        [
            0.1442508101463318,
            -0.7265673875808716,
            -0.19364236295223236
        ],
        [
            0.13917803764343262,
            -0.7247967720031738,
            -0.1962820589542389
        ],
        [
            0.14064455032348633,
            -0.7212599515914917,
            -0.19135992228984833
        ],
        [
            0.14628943800926208,
            -0.7233496904373169,
            -0.18935546278953552
        ],
        [
            0.15329772233963013,
            -0.7391347885131836,
            -0.20211374759674072
        ],
        [
            0.15866409242153168,
            -0.7291876077651978,
            -0.18937760591506958
        ],
        [
            0.16358351707458496,
            -0.7337948083877563,
            -0.19210284948349
        ],
        [
            0.15752506256103516,
            -0.7255541086196899,
            -0.18624937534332275
        ],
        [
            0.1545196771621704,
            -0.7224167585372925,
            -0.1839931309223175
        ],
        [
            0.1497020125389099,
            -0.7194256782531738,
            -0.18358081579208374
        ],
        [
            0.14323139190673828,
            -0.716670036315918,
            -0.18504875898361206
        ],
        [
            0.13400788605213165,
            -0.6993476152420044,
            -0.16732504963874817
        ],
        [
            0.14353027939796448,
            -0.7033205032348633,
            -0.16584953665733337
        ],
        [
            0.17706918716430664,
            -0.796699047088623,
            -0.23556071519851685
        ],
        [
            0.18556025624275208,
            -0.7948694229125977,
            -0.23262470960617065
        ],
        [
            0.18446125090122223,
            -0.7901554107666016,
            -0.22455964982509613
        ],
        [
            0.18682783842086792,
            -0.7916617393493652,
            -0.22540268301963806
        ],
        [
            0.18174457550048828,
            -0.7928668260574341,
            -0.22926661372184753
        ],
        [
            0.18057751655578613,
            -0.7909013032913208,
            -0.22721511125564575
        ],
        [
            0.1972101926803589,
            -0.786673903465271,
            -0.20719771087169647
        ],
        [
            0.19249899685382843,
            -0.7875341176986694,
            -0.21228981018066406
        ],
        [
            0.19209320843219757,
            -0.784784197807312,
            -0.209262877702713
        ],
        [
            0.1973714828491211,
            -0.7807652950286865,
            -0.20369236171245575
        ],
        [
            0.18225736916065216,
            -0.7772736549377441,
            -0.2123415768146515
        ],
        [
            0.18707844614982605,
            -0.7786544561386108,
            -0.20986393094062805
        ],
        [
            0.1847544014453888,
            -0.7841653227806091,
            -0.2153823971748352
        ],
        [
            0.1812995970249176,
            -0.783115029335022,
            -0.21726170182228088
        ],
        [
            0.17734259366989136,
            -0.7828718423843384,
            -0.2189122438430786
        ],
        [
            0.17314742505550385,
            -0.7834182977676392,
            -0.2202196717262268
        ],
        [
            0.1720917969942093,
            -0.7790365815162659,
            -0.21725550293922424
        ],
        [
            0.17696960270404816,
            -0.7776828408241272,
            -0.21504941582679749
        ],
        [
            0.1754843294620514,
            -0.7949329614639282,
            -0.23100867867469788
        ],
        [
            0.1683243215084076,
            -0.7962170839309692,
            -0.2305745780467987
        ],
        [
            0.16892197728157043,
            -0.7936171293258667,
            -0.2285478711128235
        ],
        [
            0.1749357283115387,
            -0.7922000885009766,
            -0.22927245497703552
        ],
        [
            0.15792936086654663,
            -0.7929419279098511,
            -0.2211921513080597
        ],
        [
            0.1596454381942749,
            -0.7943071126937866,
            -0.2232620120048523
        ],
        [
            0.15646174550056458,
            -0.7959212064743042,
            -0.22504070401191711
        ],
        [
            0.15455912053585052,
            -0.7926499843597412,
            -0.222231924533844
        ],
        [
            0.15595769882202148,
            -0.7894266843795776,
            -0.2208833396434784
        ],
        [
            0.15867963433265686,
            -0.7909626960754395,
            -0.22079315781593323
        ],
        [
            0.19389857351779938,
            -0.8470301032066345,
            -0.2512294054031372
        ],
        [
            0.18438667058944702,
            -0.8303840160369873,
            -0.2519935965538025
        ],
        [
            0.20814695954322815,
            -0.8420683145523071,
            -0.23713618516921997
        ],
        [
            0.21570266783237457,
            -0.8352652788162231,
            -0.22173523902893066
        ],
        [
            0.22051572799682617,
            -0.8250209093093872,
            -0.20692791044712067
        ],
        [
            0.1788145899772644,
            -0.7345354557037354,
            -0.17805171012878418
        ],
        [
            0.17846517264842987,
            -0.7290995121002197,
            -0.16837342083454132
        ],
        [
            0.18867164850234985,
            -0.7384873628616333,
            -0.16047540307044983
        ],
        [
            0.18470005691051483,
            -0.7321970462799072,
            -0.1512424349784851
        ],
        [
            0.17453314363956451,
            -0.7225973606109619,
            -0.1601104885339737
        ],
        [
            0.15797902643680573,
            -0.7108191251754761,
            -0.14995276927947998
        ],
        [
            0.1676068902015686,
            -0.7159768342971802,
            -0.15374210476875305
        ],
        [
            0.1781575083732605,
            -0.7271599769592285,
            -0.14171262085437775
        ],
        [
            0.1895064413547516,
            -0.7422013282775879,
            -0.13311082124710083
        ],
        [
            0.1935839056968689,
            -0.7442727088928223,
            -0.14429564774036407
        ],
        [
            0.19816097617149353,
            -0.7598373293876648,
            -0.1283753365278244
        ],
        [
            0.18450048565864563,
            -0.7413026094436646,
            -0.11887725442647934
        ],
        [
            0.19600170850753784,
            -0.7632601261138916,
            -0.119720458984375
        ],
        [
            0.16314835846424103,
            -0.7122927308082581,
            -0.10844042152166367
        ],
        [
            0.16306817531585693,
            -0.7046014666557312,
            -0.10046084225177765
        ],
        [
            0.1737026870250702,
            -0.7142626047134399,
            -0.08888739347457886
        ],
        [
            0.1754729002714157,
            -0.7215858697891235,
            -0.0975109338760376
        ],
        [
            0.1959320455789566,
            -0.7475707530975342,
            -0.15516045689582825
        ],
        [
            0.2142786830663681,
            -0.7984076738357544,
            -0.18960975110530853
        ],
        [
            0.20906156301498413,
            -0.7946159839630127,
            -0.2000734508037567
        ],
        [
            0.21311752498149872,
            -0.7885071635246277,
            -0.1807769238948822
        ],
        [
            0.2332189828157425,
            -0.8575881719589233,
            -0.19838839769363403
        ],
        [
            0.22531536221504211,
            -0.8475160598754883,
            -0.21210870146751404
        ],
        [
            0.2287067472934723,
            -0.8352979421615601,
            -0.19938437640666962
        ],
        [
            0.2357872724533081,
            -0.8463388681411743,
            -0.1880498230457306
        ],
        [
            0.21437935531139374,
            -0.8911323547363281,
            -0.22234991192817688
        ],
        [
            0.20654845237731934,
            -0.8703818321228027,
            -0.23980584740638733
        ],
        [
            0.21604318916797638,
            -0.8604871034622192,
            -0.22738733887672424
        ],
        [
            0.2239970862865448,
            -0.8762340545654297,
            -0.21305590867996216
        ],
        [
            0.23921583592891693,
            -0.8525769710540771,
            -0.17650315165519714
        ],
        [
            0.24229753017425537,
            -0.8614680171012878,
            -0.16002929210662842
        ],
        [
            0.24292150139808655,
            -0.8790874481201172,
            -0.1609134078025818
        ],
        [
            0.2389003485441208,
            -0.8704856038093567,
            -0.18167631328105927
        ],
        [
            0.23630057275295258,
            -0.9024962186813354,
            -0.16384753584861755
        ],
        [
            0.2320336103439331,
            -0.8923546671867371,
            -0.18894456326961517
        ],
        [
            0.1909668892621994,
            -0.7563242316246033,
            -0.10373082756996155
        ],
        [
            0.19770610332489014,
            -0.7729655504226685,
            -0.11010966449975967
        ],
        [
            0.1775921881198883,
            -0.730328381061554,
            -0.10883714258670807
        ],
        [
            0.1855391263961792,
            -0.7429978251457214,
            -0.09641993790864944
        ],
        [
            0.22280436754226685,
            -0.9223049879074097,
            -0.16612131893634796
        ],
        [
            0.21918311715126038,
            -0.911185085773468,
            -0.19641819596290588
        ],
        [
            0.23093311488628387,
            -0.8659470081329346,
            -0.10647895932197571
        ],
        [
            0.2371807098388672,
            -0.8774130344390869,
            -0.1214885413646698
        ],
        [
            0.23824943602085114,
            -0.858028769493103,
            -0.12999339401721954
        ],
        [
            0.232707679271698,
            -0.8500428199768066,
            -0.11477130651473999
        ],
        [
            0.22430041432380676,
            -0.8830612301826477,
            -0.09784024953842163
