{
    "pred_cam": [
        1.3947532176971436,
        0.14061765372753143,
        0.26372504234313965
    ],
    "pred_smpl_params": {
        "global_orient": [
            [
                [
                    -0.38190343976020813,
                    0.10508915781974792,
                    -0.9182080626487732
                ],
                [
                    0.17841671407222748,
                    -0.9664419889450073,
                    -0.18481706082820892
                ],
                [
                    -0.9068170785903931,
                    -0.23440591990947723,
                    0.3503378629684448
                ]
            ]
        ],
        "body_pose": [
            [
                [
                    0.9970284700393677,
                    0.035541970282793045,
                    0.06834443658590317
                ],
                [
                    -0.04750526323914528,
                    0.9820967316627502,
                    0.182289257645607
                ],
                [
                    -0.06064191833138466,
                    -0.18499431014060974,
                    0.9808668494224548
                ]
            ],
            [
                [
                    0.9850307106971741,
                    0.14700670540332794,
                    -0.09001915901899338
                ],
                [
                    -0.14209240674972534,
                    0.9881056547164917,
                    0.05879583582282066
                ],
                [
                    0.0975918248295784,
                    -0.04512466862797737,
                    0.9942029714584351
                ]
            ],
            [
                [
                    0.9981201887130737,
                    -0.025662334635853767,
                    0.05565372481942177
                ],
                [
                    0.035715844482183456,
                    0.9815280437469482,
                    -0.18795481324195862
                ],
                [
                    -0.049802329391241074,
                    0.1895892471075058,
                    0.9805995225906372
                ]
            ],
            [
                [
                    0.9846906065940857,
                    0.17103926837444305,
                    0.033616259694099426
                ],
                [
                    -0.16878977417945862,
                    0.983754575252533,
                    -0.06113084405660629
                ],
                [
                    -0.043525923043489456,
                    0.05452088266611099,
                    0.9975635409355164
                ]
            ],
            [
                [
                    0.9933898448944092,
                    0.03603217750787735,
                    0.10898803919553757
                ],
                [
                    -0.03312508016824722,
                    0.9990485310554504,
                    -0.028367960825562477
                ],
                [
                    -0.10990649461746216,
                    0.024570204317569733,
                    0.9936382174491882
                ]
            ],
            [
                [
                    0.9844534397125244,
                    -0.17251914739608765,
                    0.0329945832490921
                ],
                [
                    0.17436392605304718,
                    0.9825254082679749,
                    -0.06512369215488434
                ],
                [
                    -0.02118293195962906,
                    0.06986431032419205,
                    0.9973316192626953
                ]
            ],
            [
                [
                    0.9687451720237732,
                    0.03167767450213432,
                    0.2460269182920456
                ],
                [
                    -0.02403760701417923,
                    0.9991328716278076,
                    -0.03399577736854553
                ],
                [
                    -0.24689048528671265,
                    0.02701934613287449,
                    0.9686666131019592
                ]
            ],
            [
                [
                    0.968964695930481,
                    -0.07908107340335846,
                    -0.2342083901166916
                ],
                [
                    0.06593728065490723,
                    0.9958049654960632,
                    -0.06344108283519745
                ],
                [
                    0.23824286460876465,
                    0.04602910950779915,
                    0.9701142311096191
                ]
            ],
            [
                [
                    0.9969757199287415,
                    -0.07514233142137527,
                    0.01982831582427025
                ],
                [
                    0.07649632543325424,
                    0.9938663244247437,
                    -0.07986320555210114
                ],
                [
                    -0.013705587945878506,
                    0.08113846182823181,
                    0.9966087341308594
                ]
            ],
            [
                [
                    0.9979968070983887,
                    -0.054903220385313034,
                    0.03143400698900223
                ],
                [
                    0.056343190371990204,
                    0.9973084926605225,
                    -0.04691838100552559
                ],
                [
                    -0.02877342700958252,
                    0.04859548062086105,
                    0.9984040856361389
                ]
            ],
            [
                [
                    0.9972817897796631,
                    0.06807509064674377,
                    -0.0281936377286911
                ],
                [
                    -0.06737374514341354,
                    0.9974115490913391,
                    0.025121524930000305
                ],
                [
                    0.0298308078199625,
                    -0.023153726011514664,
                    0.9992868304252625
                ]
            ],
            [
                [
                    0.9825741052627563,
                    0.037563927471637726,
                    0.18203605711460114
                ],
                [
                    0.018655752763152122,
                    0.9544894099235535,
                    -0.2976609766483307
                ],
                [
                    -0.18493278324604034,
                    0.29586997628211975,
                    0.9371557831764221
                ]
            ],
            [
                [
                    0.8952827453613281,
                    -0.1880294382572174,
                    -0.40387341380119324
                ],
                [
                    0.23931406438350677,
                    0.9676410555839539,
                    0.07999717444181442
                ],
                [
                    0.3757626712322235,
                    -0.16827267408370972,
                    0.9113104343414307
                ]
            ],
            [
                [
                    0.9004669785499573,
                    -0.25482675433158875,
                    0.3524523079395294
                ],
                [
                    0.24679304659366608,
                    0.9666528105735779,
                    0.06837808340787888
                ],
                [
                    -0.3581235706806183,
                    0.025410572066903114,
                    0.93332839012146
                ]
            ],
            [
                [
                    0.9919055700302124,
                    0.024373458698391914,
                    -0.1246161162853241
                ],
                [
                    -0.07387716323137283,
                    0.908973753452301,
                    -0.410254567861557
                ],
                [
                    0.10327346622943878,
                    0.4161401093006134,
                    0.9034167528152466
                ]
            ],
            [
                [
                    0.8017773032188416,
                    0.11794440448284149,
                    -0.5858688354492188
                ],
                [
                    -0.10861770808696747,
                    0.9927635192871094,
                    0.05121241509914398
                ],
                [
                    0.5876694917678833,
                    0.022574735805392265,
                    0.8087860941886902
                ]
            ],
            [
                [
                    0.5988332033157349,
                    -0.6354610919952393,
                    0.4874299168586731
                ],
                [
                    0.725249171257019,
                    0.6884554624557495,
                    0.00653097964823246
                ],
                [
                    -0.33972400426864624,
                    0.34959718585014343,
                    0.8731376528739929
                ]
            ],
            [
                [
                    0.10477174073457718,
                    -0.09327498823404312,
                    -0.9901123642921448
                ],
                [
                    -0.17356744408607483,
                    0.9785966873168945,
                    -0.1105566993355751
                ],
                [
                    0.9792329668998718,
                    0.18343450129032135,
                    0.08633977919816971
                ]
            ],
            [
                [
                    0.40507036447525024,
                    0.15232634544372559,
                    0.9015069007873535
                ],
                [
                    0.05888301134109497,
                    0.9796299338340759,
                    -0.1919843554496765
                ],
                [
                    -0.9123874306678772,
                    0.13085061311721802,
                    0.3878496289253235
                ]
            ],
            [
                [
                    0.9855127334594727,
                    -0.07311313599348068,
                    -0.15303301811218262
                ],
                [
                    0.07871115207672119,
                    0.9964203238487244,
                    0.030839301645755768
                ],
                [
                    0.15023046731948853,
                    -0.04243793338537216,
                    0.9877397418022156
                ]
            ],
            [
                [
                    0.9919989109039307,
                    0.02285025827586651,
                    0.12416128069162369
                ],
                [
                    -0.0555572509765625,
                    0.962146520614624,
                    0.26680973172187805
                ],
                [
                    -0.11336467415094376,
                    -0.2715730369091034,
                    0.9557178020477295
                ]
            ],
            [
                [
                    0.9928876757621765,
                    0.10387463867664337,
                    -0.058174025267362595
                ],
                [
                    -0.09834035485982895,
                    0.990979015827179,
                    0.09104854613542557
                ],
                [
                    0.06710686534643173,
                    -0.08468011766672134,
                    0.994145929813385
                ]
            ],
            [
                [
                    0.9921503067016602,
                    -0.12390037626028061,
                    -0.016927145421504974
                ],
                [
                    0.12504464387893677,
                    0.9843645095825195,
                    0.12405761331319809
                ],
                [
                    0.0012916974956169724,
                    -0.12520043551921844,
                    0.9921306371688843
                ]
            ]
        ],
        "betas": [
            -0.12796464562416077,
            -0.19917640089988708,
            0.09736871719360352,
            0.529231071472168,
            0.20107723772525787,
            0.05085704103112221,
            -0.008471965789794922,
            -0.09879696369171143,
            0.13108736276626587,
            0.004353821277618408
        ]
    },
    "pred_cam_t": [
        0.14061765372753143,
        0.26372504234313965,
        28.006746292114258
    ],
    "focal_length": [
        5000.0,
        5000.0
    ],
    "pred_keypoints_3d": [
        [
            -0.16868062317371368,
            -0.7319231033325195,
            0.033454395830631256
        ],
        [
            0.011194810271263123,
            -0.7322983145713806,
            0.0008773766458034515
        ],
        [
            0.04734326899051666,
            -0.6221198439598083,
            0.1661399006843567
        ],
        [
            -0.007174238562583923,
            -0.38577744364738464,
            0.22991937398910522
        ],
        [
            -0.23255497217178345,
            -0.3218836188316345,
            0.13888877630233765
        ],
        [
            -0.0628393217921257,
            -0.7024024724960327,
            -0.15021242201328278
        ],
        [
            -0.30684739351272583,
            -0.7076929211616516,
            -0.23123715817928314
        ],
        [
            -0.3834671974182129,
            -0.6289150714874268,
            -0.011271089315414429
        ],
        [
            -0.002112210262566805,
            -0.22815386950969696,
            0.028330184519290924
        ],
        [
            0.018095683306455612,
            -0.15202993154525757,
            0.1091044470667839
        ],
        [
            0.00990156177431345,
            0.18400859832763672,
            0.278382271528244
        ],
        [
            0.02311796322464943,
            0.5538389682769775,
            0.4063648581504822
        ],
        [
            -0.03185737133026123,
            -0.12627765536308289,
            -0.015303324908018112
        ],
        [
            -0.1340215504169464,
            0.21600213646888733,
            0.0734236091375351
        ],
        [
            -0.14703252911567688,
            0.5616929531097412,
            0.2560667395591736
        ],
        [
            -0.16280612349510193,
            -0.7823396921157837,
            0.06868915259838104
        ],
        [
            -0.17715489864349365,
            -0.7844484448432922,
            0.003724459558725357
        ],
        [
            -0.07473830878734589,
            -0.834244966506958,
            0.09619951993227005
        ],
        [
            -0.10761816799640656,
            -0.838703989982605,
            -0.049947164952754974
        ],
        [
            -0.3442735970020294,
            0.5857739448547363,
            0.29570743441581726
        ],
        [
            -0.30234503746032715,
            0.6241581439971924,
            0.23390799760818481
        ],
        [
            -0.09385474771261215,
            0.6039139032363892,
            0.2624729871749878
        ],
        [
            -0.14290514588356018,
            0.5652642250061035,
            0.5187092423439026
        ],
        [
            -0.06215088069438934,
            0.5596297979354858,
            0.5539553761482239
        ],
        [
            0.07233923673629761,
            0.6057530641555786,
            0.3951696455478668
        ],
        [
            0.059504956007003784,
            0.5068845748901367,
            0.392417848110199
        ],
        [
            0.011677379719913006,
            0.12415540218353271,
            0.2509206235408783
        ],
        [
            0.06504420936107635,
            -0.28272491693496704,
            0.14954087138175964
        ],
        [
            -0.03166623413562775,
            -0.2125633805990219,
            -0.11728252470493317
        ],
        [
            -0.12705491483211517,
            0.17964854836463928,
            0.048929598182439804
        ],
        [
            -0.11991153657436371,
            0.5397518873214722,
            0.22860991954803467
        ],
        [
            -0.21933656930923462,
            -0.36015602946281433,
            0.13482998311519623
        ],
        [
            -0.02834179811179638,
            -0.4146953821182251,
            0.2476578652858734
        ],
        [
            0.04315135255455971,
            -0.6563838720321655,
            0.13466152548789978
        ],
        [
            -0.04399264603853226,
            -0.7247632741928101,
            -0.13526681065559387
        ],
        [
            -0.2914833426475525,
            -0.7401007413864136,
            -0.20423203706741333
        ],
        [
            -0.3638182282447815,
            -0.643312931060791,
            -0.010462399572134018
        ],
        [
            0.004872920922935009,
            -0.726678729057312,
            0.006501968950033188
        ],
        [
            -0.13917408883571625,
            -0.8650692105293274,
            0.03018985316157341
        ],
        [
            0.01653137430548668,
            -0.2481352835893631,
            0.015543579123914242
        ],
        [
            0.0006901081651449203,
            -0.6842913627624512,
            0.002113115042448044
        ],
        [
            0.04048638790845871,
            -0.49208369851112366,
            -0.025491753593087196
        ],
        [
            -0.09697383642196655,
            -0.7583034038543701,
            0.014466392807662487
        ],
        [
            -0.1440126597881317,
            -0.8835386037826538,
            0.036101292818784714
        ]
    ],
    "pred_vertices": [
        [
            -0.21086034178733826,
            -0.8200056552886963,
            -0.0007764585316181183
        ],
        [
            -0.2056443691253662,
            -0.8041096925735474,
            0.003446374088525772
        ],
        [
            -0.19878798723220825,
            -0.8076738119125366,
            -0.009073726832866669
        ],
        [
            -0.19936351478099823,
            -0.8218492269515991,
            -0.013933144509792328
        ],
        [
            -0.19650568068027496,
            -0.7966412305831909,
            -0.005782250314950943
        ],
        [
            -0.20042318105697632,
            -0.7930966019630432,
            0.005047984421253204
        ],
        [
            -0.18817543983459473,
            -0.8096482753753662,
            -0.018002653494477272
        ],
        [
            -0.1856994330883026,
            -0.8222343921661377,
            -0.02285703271627426
        ],
        [
            -0.15773853659629822,
            -0.7903150916099548,
            -0.02986181527376175
        ],
        [
            -0.14871028065681458,
            -0.7932523488998413,
            -0.03540385514497757
        ],
        [
            -0.15759313106536865,
            -0.801367998123169,
            -0.03334948420524597
        ],
        [
            -0.16405831277370453,
            -0.7964540123939514,
            -0.02717694826424122
        ],
        [
            -0.1386902928352356,
            -0.7726528644561768,
            -0.03281368687748909
        ],
        [
            -0.13795001804828644,
            -0.7599961757659912,
            -0.027335887774825096
        ],
        [
            -0.12525756657123566,
            -0.7593916058540344,
            -0.03227853402495384
        ],
        [
            -0.12463036179542542,
            -0.7723235487937927,
            -0.03702608123421669
        ],
        [
            -0.15801742672920227,
            -0.7547144293785095,
            0.00940096378326416
        ],
        [
            -0.15432244539260864,
            -0.7502931356430054,
            0.0027950257062911987
        ],
        [
            -0.1589643955230713,
            -0.7559733390808105,
            -0.00012111291289329529
        ],
        [
            -0.16162434220314026,
            -0.759994387626648,
            0.006958909332752228
        ],
        [
            -0.1667223423719406,
            -0.7581530809402466,
            0.020372267812490463
        ],
        [
            -0.16788218915462494,
            -0.7645039558410645,
            0.019813477993011475
        ],
        [
            -0.1731739640235901,
            -0.7639873027801514,
            0.0256991945207119
        ],
        [
            -0.17261096835136414,
            -0.7565068602561951,
            0.025324851274490356
        ],
        [
            -0.1533450186252594,
            -0.7506581544876099,
            0.013907134532928467
        ],
        [
            -0.14932096004486084,
            -0.7464663982391357,
            0.00689312070608139
        ],
        [
            -0.16146577894687653,
            -0.7581057548522949,
            0.014960251748561859
        ],
        [
            -0.16010694205760956,
            -0.7532647848129272,
            0.01625484600663185
        ],
        [
            -0.16371376812458038,
            -0.7418871521949768,
            0.01933171972632408
        ],
        [
            -0.16583600640296936,
            -0.7464411854743958,
            0.01836347207427025
        ],
        [
            -0.17104651033878326,
            -0.742918074131012,
            0.02248678356409073
        ],
        [
            -0.16690203547477722,
            -0.7389721870422363,
            0.022807881236076355
        ],
        [
            -0.15667293965816498,
            -0.7474246025085449,
            0.015314452350139618
        ],
        [
            -0.1606995165348053,
            -0.7479931116104126,
            0.015587568283081055
        ],
        [
            -0.1597360223531723,
            -0.7435173988342285,
            0.017650969326496124
        ],
        [
            -0.15567439794540405,
            -0.7438845634460449,
            0.01845609024167061
        ],
        [
            -0.16601145267486572,
            -0.7531985640525818,
            0.02044789120554924
        ],
        [
            -0.1720346212387085,
            -0.750056266784668,
            0.02431606501340866
        ],
        [
            -0.17759160697460175,
            -0.746454119682312,
            0.029131412506103516
        ],
        [
            -0.1752796769142151,
            -0.7378589510917664,
            0.027457818388938904
        ],
        [
            -0.14275220036506653,
            -0.7446029782295227,
            -0.010733915492892265
        ],
        [
            -0.14942404627799988,
            -0.7470664978027344,
            -0.0045333243906497955
        ],
        [
            -0.14544284343719482,
            -0.7432067394256592,
            -2.3715198040008545e-05
        ],
        [
            -0.14066500961780548,
            -0.7409740686416626,
            -0.005802322179079056
        ],
        [
            -0.15134239196777344,
            -0.7436721324920654,
            0.01652069389820099
        ],
        [
            -0.142134428024292,
            -0.7319743633270264,
            0.010680556297302246
        ],
        [
            -0.14474809169769287,
            -0.7346612215042114,
            0.010927494615316391
        ],
        [
            -0.14722788333892822,
            -0.7324903011322021,
            0.017336513847112656
        ],
        [
            -0.1448076069355011,
            -0.7300540208816528,
            0.01643335074186325
        ],
        [
            -0.12782162427902222,
            -0.7396217584609985,
            -0.018786292523145676
        ],
        [
            -0.12955334782600403,
            -0.7356309294700623,
            -0.01279282383620739
        ],
        [
            -0.12325015664100647,
            -0.7321199774742126,
            -0.01451999694108963
        ],
        [
            -0.11961126327514648,
            -0.7360243797302246,
            -0.02011754922568798
        ],
        [
            -0.11850781738758087,
            -0.7282781600952148,
            -0.012877514585852623
        ],
        [
            -0.11233124136924744,
            -0.7320833802223206,
            -0.02005177177488804
        ],
        [
            -0.10252940654754639,
            -0.7207833528518677,
            -0.013017667457461357
        ],
        [
            -0.1067434549331665,
            -0.726059079170227,
            -0.016795624047517776
        ],
        [
            -0.11467254161834717,
            -0.7235862016677856,
            -0.009672706946730614
        ],
        [
            -0.11301682889461517,
            -0.7175371646881104,
            -0.004640262573957443
        ],
        [
            -0.11986204981803894,
            -0.7154238224029541,
            0.00840892642736435
        ],
        [
            -0.1199505627155304,
            -0.7126407623291016,
            0.014264538884162903
        ],
        [
            -0.11162860691547394,
            -0.7049708962440491,
            0.007861427962779999
        ],
        [
            -0.11236055195331573,
            -0.7100023031234741,
            0.0018115155398845673
        ],
        [
            -0.13487735390663147,
            -0.7304027080535889,
            0.010106056928634644
        ],
        [
            -0.13353434205055237,
            -0.7324213981628418,
            0.005941383540630341
        ],
        [
            -0.13621371984481812,
            -0.7320559024810791,
            0.006047967821359634
        ],
        [
            -0.13867658376693726,
            -0.7306122183799744,
            0.010481394827365875
        ],
        [
            -0.13267028331756592,
            -0.7334694266319275,
            0.0021103955805301666
        ],
        [
            -0.13224172592163086,
            -0.7338661551475525,
            0.00038548558950424194
        ],
        [
            -0.13392433524131775,
            -0.7340153455734253,
            0.0008804574608802795
        ],
        [
            -0.13345257937908173,
            -0.7338700294494629,
            0.0021759234368801117
        ],
        [
            -0.1333826631307602,
            -0.7331142425537109,
            0.0041687749326229095
        ],
        [
            -0.13231083750724792,
            -0.7313501834869385,
            0.004959419369697571
        ],
        [
            -0.13242889940738678,
            -0.7325224280357361,
            0.0029566586017608643
        ],
        [
            -0.13329820334911346,
            -0.7287578582763672,
            0.008600737899541855
        ],
        [
            -0.13577304780483246,
            -0.7213277816772461,
            0.021091576665639877
        ],
        [
            -0.1356402039527893,
            -0.72271728515625,
            0.01751101016998291
        ],
        [
            -0.13736331462860107,
            -0.7266651391983032,
            0.019483201205730438
        ],
        [
            -0.1377137303352356,
            -0.7256119847297668,
            0.0225081630051136
        ],
        [
            -0.13619190454483032,
            -0.7344039678573608,
            0.0026283152401447296
        ],
        [
            -0.13726863265037537,
            -0.7357007265090942,
            0.0006622821092605591
        ],
        [
            -0.14091193675994873,
            -0.7353882193565369,
            0.0049953460693359375
        ],
        [
            -0.1384781152009964,
            -0.7337056398391724,
            0.005828961730003357
        ],
        [
            -0.13880622386932373,
            -0.7373711466789246,
            -0.002013895660638809
        ],
        [
            -0.13468074798583984,
            -0.7353832721710205,
            -0.0012648031115531921
        ],
        [
            -0.13536998629570007,
            -0.7363469004631042,
            -0.004440128803253174
        ],
        [
            -0.13102325797080994,
            -0.7324877977371216,
            0.0007036365568637848
        ],
        [
            -0.1293289214372635,
            -0.7322698831558228,
            -0.0023868121206760406
        ],
        [
            -0.13189686834812164,
            -0.7336126565933228,
            -0.0025054551661014557
        ],
        [
            -0.12730532884597778,
            -0.7293887138366699,
            -0.000790085643529892
        ],
        [
            -0.13020136952400208,
            -0.7302423715591431,
            0.0029796063899993896
        ],
        [
            -0.1305588185787201,
            -0.7268807291984558,
            0.00643998384475708
        ],
        [
            -0.13135118782520294,
            -0.7231906056404114,
            0.01099957525730133
        ],
        [
            -0.1264222264289856,
            -0.7216251492500305,
            0.007736317813396454
        ],
        [
            -0.12647907435894012,
            -0.7255383729934692,
            0.0027771294116973877
        ],
        [
            -0.1433451920747757,
            -0.7388021349906921,
            0.003228098154067993
        ],
        [
            -0.130840465426445,
            -0.7343918681144714,
            -0.007008939981460571
        ],
        [
            -0.13555780053138733,
            -0.7392514944076538,
            -0.00948653370141983
        ],
        [
            -0.12687531113624573,
            -0.7315058708190918,
            -0.007651966065168381
        ],
        [
            -0.12339523434638977,
            -0.7283047437667847,
            -0.0062134601175785065
        ],
        [
            -0.12122675776481628,
            -0.7240335941314697,
            -0.0022112540900707245
        ],
        [
            -0.12032335996627808,
            -0.7195296287536621,
            0.0028138011693954468
        ],
        [
            -0.098360076546669,
            -0.7054929733276367,
            0.0031291507184505463
        ],
        [
            -0.10071197152137756,
            -0.7117565870285034,
            -0.004468657076358795
        ],
        [
            -0.1927124559879303,
            -0.7892387509346008,
            0.005950838327407837
        ],
        [
            -0.19156304001808167,
            -0.7907963991165161,
            -0.0029565542936325073
        ],
        [
            -0.1826052963733673,
            -0.7882906198501587,
            -0.004700031131505966
        ],
        [
            -0.18428638577461243,
            -0.7899547219276428,
            -0.006051741540431976
        ],
        [
            -0.18710747361183167,
            -0.7886627316474915,
            -0.0006453432142734528
        ],
        [
            -0.1843915581703186,
            -0.787140965461731,
            -0.00043921545147895813
        ],
        [
            -0.16842353343963623,
            -0.7940095663070679,
            -0.020551612600684166
        ],
        [
            -0.17207755148410797,
            -0.7920652627944946,
            -0.015000339597463608
        ],
        [
            -0.16871467232704163,
            -0.7901993989944458,
            -0.015784261748194695
        ],
        [
            -0.16415414214134216,
            -0.7894229292869568,
            -0.023025598376989365
        ],
        [
            -0.16759420931339264,
            -0.7798106670379639,
            -0.008841119706630707
        ],
        [
            -0.1669078916311264,
            -0.7829872369766235,
            -0.01312761940062046
        ],
        [
            -0.17230500280857086,
            -0.7861686944961548,
            -0.008328815922141075
        ],
        [
            -0.1728772670030594,
            -0.7837998270988464,
            -0.0052653104066848755
        ],
        [
            -0.17339324951171875,
            -0.7819385528564453,
            -0.001553557813167572
        ],
        [
            -0.17382101714611053,
            -0.7807192802429199,
            0.002797730267047882
        ],
        [
            -0.1697739064693451,
            -0.7773994207382202,
            0.001531645655632019
        ],
        [
            -0.16866734623908997,
            -0.7780944108963013,
            -0.003689926117658615
        ],
        [
            -0.1874338984489441,
            -0.7886136770248413,
            0.005838125944137573
        ],
        [
            -0.18562832474708557,
            -0.7877445220947266,
            0.013115037232637405
        ],
        [
            -0.18295833468437195,
            -0.7864660024642944,
            0.011101480573415756
        ],
        [
            -0.18486791849136353,
            -0.7867773771286011,
            0.005202896893024445
        ],
        [
            -0.17322319746017456,
            -0.7846214771270752,
            0.019949868321418762
        ],
        [
            -0.17590676248073578,
            -0.7856332063674927,
            0.019152767956256866
        ],
        [
            -0.17697657644748688,
            -0.7860081791877747,
            0.0229593925178051
        ],
        [
            -0.17322282493114471,
            -0.7832363843917847,
            0.02323225513100624
        ],
        [
            -0.17166799306869507,
            -0.7810279130935669,
            0.02040347084403038
        ],
        [
            -0.17263710498809814,
            -0.7831695675849915,
            0.01841156557202339
        ],
        [
            -0.2221883088350296,
            -0.8366371393203735,
            0.011296011507511139
        ],
        [
            -0.21779735386371613,
            -0.8180388808250427,
            0.014097470790147781
        ],
        [
            -0.21110256016254425,
            -0.840226411819458,
            -0.005459867417812347
        ],
        [
            -0.19654929637908936,
            -0.8402689695358276,
            -0.017427366226911545
        ],
        [
            -0.18220141530036926,
            -0.8364413976669312,
            -0.027769487351179123
        ],
        [
            -0.12637938559055328,
            -0.7479954957962036,
            -0.02574925497174263
        ],
        [
            -0.116207554936409,
            -0.745636522769928,
            -0.028781265020370483
        ],
        [
            -0.11306339502334595,
            -0.7592164278030396,
            -0.03636891767382622
        ],
        [
            -0.10269857943058014,
            -0.7545521855354309,
            -0.036470167338848114
        ],
        [
            -0.10678417980670929,
            -0.7403324842453003,
            -0.028492536395788193
        ],
        [
            -0.09218765795230865,
            -0.726594090461731,
            -0.018716569989919662
        ],
        [
            -0.09854009747505188,
            -0.733694314956665,
            -0.02533925324678421
        ],
        [
            -0.09222269058227539,
            -0.749902069568634,
            -0.03432006388902664
        ],
        [
            -0.08911842107772827,
            -0.7692868709564209,
            -0.04215027764439583
        ],
        [
            -0.10021016001701355,
            -0.7701679468154907,
            -0.0423232801258564
        ],
        [
            -0.08972659707069397,
            -0.7900536060333252,
            -0.044675931334495544
        ],
        [
            -0.07543231546878815,
            -0.7692553997039795,
            -0.04078527167439461
        ],
        [
            -0.08147740364074707,
            -0.7946144342422485,
            -0.042861852794885635
        ],
        [
            -0.06366077065467834,
            -0.7397222518920898,
            -0.029709501191973686
        ],
        [
            -0.058302074670791626,
            -0.7347190380096436,
            -0.03243665769696236
        ],
        [
            -0.04975459724664688,
            -0.7479521036148071,
            -0.0426170751452446
        ],
        [
            -0.05633280426263809,
            -0.7535144686698914,
            -0.04044799879193306
        ],
        [
            -0.11133956909179688,
            -0.7715209722518921,
            -0.04123641178011894
        ],
        [
            -0.1590002179145813,
            -0.8147798776626587,
            -0.034584399312734604
        ],
        [
            -0.166890487074852,
            -0.8064882755279541,
            -0.02937127649784088
        ],
        [
            -0.14830797910690308,
            -0.8072752952575684,
            -0.038693271577358246
        ],
        [
            -0.1833907961845398,
            -0.8728625774383545,
            -0.029505547136068344
        ],
        [
            -0.19281867146492004,
            -0.8572629690170288,
            -0.02328362688422203
        ],
        [
            -0.17858178913593292,
            -0.850802481174469,
            -0.03267896547913551
        ],
        [
            -0.1719958335161209,
            -0.865951657295227,
            -0.0373106487095356
        ],
        [
            -0.2097518891096115,
            -0.8911306858062744,
            0.002924032509326935
        ],
        [
            -0.2194214016199112,
            -0.8645758032798767,
            0.005484636873006821
        ],
        [
            -0.20806723833084106,
            -0.8624048829078674,
            -0.008531235158443451
        ],
        [
            -0.1994718760251999,
            -0.8831342458724976,
            -0.01260494813323021
        ],
        [
            -0.1632748246192932,
            -0.8758448362350464,
            -0.040882401168346405
        ],
        [
            -0.15072780847549438,
            -0.8892189860343933,
            -0.04310247302055359
        ],
        [
            -0.15567350387573242,
            -0.9053415656089783,
            -0.03755398839712143
        ],
        [
            -0.1725964993238449,
            -0.8907432556152344,
            -0.03393452614545822
        ],
        [
            -0.16180454194545746,
            -0.9244227409362793,
            -0.023782219737768173
        ],
        [
            -0.18278290331363678,
            -0.9070335626602173,
            -0.01883111707866192
        ],
        [
            -0.06458847224712372,
            -0.7893415689468384,
            -0.04208507016301155
        ],
        [
            -0.07454128563404083,
            -0.8071825504302979,
            -0.041362214833498
        ],
        [
            -0.06549152731895447,
            -0.7592695951461792,
            -0.03835265338420868
        ],
        [
            -0.05633673071861267,
            -0.7758114337921143,
            -0.043025173246860504
        ],
        [
            -0.16557703912258148,
            -0.9382408261299133,
            -0.0042351000010967255
        ],
        [
            -0.19070200622081757,
            -0.9185110330581665,
            0.0007847696542739868
        ],
        [
            -0.09747448563575745,
            -0.9053667187690735,
            -0.040915876626968384
        ],
        [
            -0.11617577075958252,
            -0.912575364112854,
            -0.03939777985215187
        ],
        [
