{
    "pred_cam": [
        1.4082558155059814,
        0.13616816699504852,
        0.26770028471946716
    ],
    "pred_smpl_params": {
        "global_orient": [
            [
                [
                    -0.37036070227622986,
                    0.10740310698747635,
                    -0.9226579070091248
                ],
                [
                    0.17444323003292084,
                    -0.9675778150558472,
                    -0.18265467882156372
                ],
                [
                    -0.9123609662055969,
                    -0.22859951853752136,
                    0.3396170437335968
                ]
            ]
        ],
        "body_pose": [
            [
                [
                    0.9968443512916565,
                    0.02727571129798889,
                    0.07454740256071091
                ],
                [
                    -0.04054422304034233,
                    0.9823251962661743,
                    0.1827384978532791
                ],
                [
                    -0.06824547797441483,
                    -0.1851843148469925,
                    0.9803311824798584
                ]
            ],
            [
                [
                    0.9850665926933289,
                    0.14594781398773193,
                    -0.09134052693843842
                ],
                [
                    -0.1416727602481842,
                    0.9885631203651428,
                    0.05169134959578514
                ],
                [
                    0.09784010052680969,
                    -0.03797895833849907,
                    0.9944773316383362
                ]
            ],
            [
                [
                    0.9980865120887756,
                    -0.02433605119585991,
                    0.05684196576476097
                ],
                [
                    0.034559737890958786,
                    0.9818531274795532,
                    -0.18646743893623352
                ],
                [
                    -0.05127257481217384,
                    0.18807509541511536,
                    0.9808154106140137
                ]
            ],
            [
                [
                    0.9835411310195923,
                    0.17536292970180511,
                    0.0435267835855484
                ],
                [
                    -0.17128045856952667,
                    0.9815986156463623,
                    -0.08442230522632599
                ],
                [
                    -0.05753037706017494,
                    0.07557752728462219,
                    0.9954788684844971
                ]
            ],
            [
                [
                    0.9936111569404602,
                    0.03419826552271843,
                    0.10755182057619095
                ],
                [
                    -0.031115902587771416,
                    0.9990591406822205,
                    -0.030208520591259003
                ],
                [
                    -0.10848371684551239,
                    0.02666894905269146,
                    0.993740439414978
                ]
            ],
            [
                [
                    0.98395836353302,
                    -0.17472262680530548,
                    0.0360260084271431
                ],
                [
                    0.1768770068883896,
                    0.9817841649055481,
                    -0.06938599795103073
                ],
                [
                    -0.023246457800269127,
                    0.07464510947465897,
                    0.9969391822814941
                ]
            ],
            [
                [
                    0.9690453410148621,
                    0.022979283705353737,
                    0.24581095576286316
                ],
                [
                    -0.01651807315647602,
                    0.9994625449180603,
                    -0.028315069153904915
                ],
                [
                    -0.24632951617240906,
                    0.02337825857102871,
                    0.9689040780067444
                ]
            ],
            [
                [
                    0.970184862613678,
                    -0.07448825985193253,
                    -0.23063606023788452
                ],
                [
                    0.06159346178174019,
                    0.9961348176002502,
                    -0.0626237541437149
                ],
                [
                    0.23440933227539062,
                    0.0465509369969368,
                    0.97102290391922
                ]
            ],
            [
                [
                    0.9968796968460083,
                    -0.0760805681347847,
                    0.021040769293904305
                ],
                [
                    0.07749414443969727,
                    0.9939790368080139,
                    -0.07746145129203796
                ],
                [
                    -0.015020773746073246,
                    0.07885027676820755,
                    0.9967733025550842
                ]
            ],
            [
                [
                    0.9984948635101318,
                    -0.04677082970738411,
                    0.0286469254642725
                ],
                [
                    0.04807563126087189,
                    0.9977518916130066,
                    -0.046690117567777634
                ],
                [
                    -0.026398785412311554,
                    0.04799704998731613,
                    0.9984986782073975
                ]
            ],
            [
                [
                    0.9974126219749451,
                    0.06149497628211975,
                    -0.03723461180925369
                ],
                [
                    -0.06070656701922417,
                    0.9979143142700195,
                    0.021948061883449554
                ],
                [
                    0.0385066494345665,
                    -0.01963088847696781,
                    0.9990654587745667
                ]
            ],
            [
                [
                    0.9858788251876831,
                    0.039567407220602036,
                    0.1627187430858612
                ],
                [
                    0.011979593895375729,
                    0.9525317549705505,
                    -0.30420368909835815
                ],
                [
                    -0.16703130304813385,
                    0.30185726284980774,
                    0.938606858253479
                ]
            ],
            [
                [
                    0.8970756530761719,
                    -0.17833037674427032,
                    -0.40429389476776123
                ],
                [
                    0.2295846939086914,
                    0.9698601365089417,
                    0.08162213861942291
                ],
                [
                    0.3775528371334076,
                    -0.16604092717170715,
                    0.9109798669815063
                ]
            ],
            [
                [
                    0.8930731415748596,
                    -0.27077797055244446,
                    0.3593045175075531
                ],
                [
                    0.26232337951660156,
                    0.9622061848640442,
                    0.07311422377824783
                ],
                [
                    -0.3655227720737457,
                    0.02895764261484146,
                    0.9303519129753113
                ]
            ],
            [
                [
                    0.9902009963989258,
                    0.01487344317138195,
                    -0.13885498046875
                ],
                [
                    -0.0714045986533165,
                    0.9084301590919495,
                    -0.4118932783603668
                ],
                [
                    0.1200137734413147,
                    0.4177720248699188,
                    0.9005904793739319
                ]
            ],
            [
                [
                    0.7933885455131531,
                    0.13623861968517303,
                    -0.5932737588882446
                ],
                [
                    -0.12631025910377502,
                    0.9902650117874146,
                    0.05848785117268562
                ],
                [
                    0.5954666137695312,
                    0.028532925993204117,
                    0.8028732538223267
                ]
            ],
            [
                [
                    0.5972207188606262,
                    -0.6383959054946899,
                    0.4855698049068451
                ],
                [
                    0.720484733581543,
                    0.6930204629898071,
                    0.024987157434225082
                ],
                [
                    -0.3524615168571472,
                    0.33492279052734375,
                    0.8738406896591187
                ]
            ],
            [
                [
                    0.0995064303278923,
                    -0.10020789504051208,
                    -0.9899783134460449
                ],
                [
                    -0.16288124024868011,
                    0.979855477809906,
                    -0.1155550628900528
                ],
                [
                    0.9816151261329651,
                    0.17274737358093262,
                    0.08117993175983429
                ]
            ],
            [
                [
                    0.43867480754852295,
                    0.14897075295448303,
                    0.8862122297286987
                ],
                [
                    0.03596721589565277,
                    0.9824633002281189,
                    -0.18295414745807648
                ],
                [
                    -0.8979257941246033,
                    0.11213195323944092,
                    0.4256238341331482
                ]
            ],
            [
                [
                    0.986562967300415,
                    -0.06614530086517334,
                    -0.14939281344413757
                ],
                [
                    0.07321053743362427,
                    0.996419370174408,
                    0.042293574661016464
                ],
                [
                    0.14606036245822906,
                    -0.052662406116724014,
                    0.9878729581832886
                ]
            ],
            [
                [
                    0.9926843047142029,
                    0.025091934949159622,
                    0.11810238659381866
                ],
                [
                    -0.05591939389705658,
                    0.9624792337417603,
                    0.26553091406822205
                ],
                [
                    -0.1070084199309349,
                    -0.27019259333610535,
                    0.9568411707878113
                ]
            ],
            [
                [
                    0.9924523830413818,
                    0.10723091661930084,
                    -0.059495676308870316
                ],
                [
                    -0.10165955126285553,
                    0.9907515645027161,
                    0.08987069129943848
                ],
                [
                    0.06858234852552414,
                    -0.08314408361911774,
                    0.9941747784614563
                ]
            ],
            [
                [
                    0.9920401573181152,
                    -0.12470093369483948,
                    -0.017493372783064842
                ],
                [
                    0.12591023743152618,
                    0.9842245578765869,
                    0.12429224699735641
                ],
                [
                    0.0017180497525259852,
                    -0.1255054920911789,
                    0.9920914173126221
                ]
            ]
        ],
        "betas": [
            -0.14098551869392395,
            -0.1828654706478119,
            0.09545707702636719,
            0.5022983551025391,
            0.20140084624290466,
            0.04502144828438759,
            -0.00564989447593689,
            -0.100300133228302,
            0.12493070214986801,
            -0.0035383105278015137
        ]
    },
    "pred_cam_t": [
        0.13616816699504852,
        0.26770028471946716,
        27.73821258544922
    ],
    "focal_length": [
        5000.0,
        5000.0
    ],
    "pred_keypoints_3d": [
        [
            -0.16812138259410858,
            -0.7282785773277283,
            0.03801950067281723
        ],
        [
            0.010972516611218452,
            -0.7310093641281128,
            0.003738764673471451
        ],
        [
            0.04365604370832443,
            -0.6181315183639526,
            0.16833224892616272
        ],
        [
            -0.016509003937244415,
            -0.38130849599838257,
            0.22455713152885437
        ],
        [
            -0.24363359808921814,
            -0.3183727264404297,
            0.13751280307769775
        ],
        [
            -0.06056298688054085,
            -0.7013508677482605,
            -0.1489209234714508
        ],
        [
            -0.3036497235298157,
            -0.6996682286262512,
            -0.2325911819934845
        ],
        [
            -0.37953081727027893,
            -0.6240768432617188,
            -0.011415988206863403
        ],
        [
            -0.0020805164240300655,
            -0.22763724625110626,
            0.02822791412472725
        ],
        [
            0.017214549705386162,
            -0.15120358765125275,
            0.10886834561824799
        ],
        [
            0.0094270259141922,
            0.18631865084171295,
            0.2752598822116852
        ],
        [
            0.024028398096561432,
            0.5573863387107849,
            0.39926788210868835
        ],
        [
            -0.03115551359951496,
            -0.12599831819534302,
            -0.016298238188028336
        ],
        [
            -0.13513967394828796,
            0.21725547313690186,
            0.0667540580034256
        ],
        [
            -0.14364738762378693,
            0.565298318862915,
            0.24504752457141876
        ],
        [
            -0.16255663335323334,
            -0.7789033055305481,
            0.07287846505641937
        ],
        [
            -0.17794588208198547,
            -0.7804266810417175,
            0.008182894438505173
        ],
        [
            -0.07512575387954712,
            -0.8323121666908264,
            0.09866125881671906
        ],
        [
            -0.11009962856769562,
            -0.835497260093689,
            -0.0467880554497242
        ],
        [
            -0.34104809165000916,
            0.5937049388885498,
            0.27880778908729553
        ],
        [
            -0.2969892621040344,
            0.6306021809577942,
            0.21773608028888702
        ],
        [
            -0.08975807577371597,
            0.6063427925109863,
            0.25207650661468506
        ],
        [
            -0.1428922414779663,
            0.5710527896881104,
            0.5100715160369873
        ],
        [
            -0.06248464435338974,
            0.5654155611991882,
            0.5457125902175903
        ],
        [
            0.07375543564558029,
            0.6085642576217651,
            0.3880690336227417
        ],
        [
            0.060126107186079025,
            0.5098665952682495,
            0.3861716389656067
        ],
        [
            0.011116179637610912,
            0.12609978020191193,
            0.24825266003608704
        ],
        [
            0.0632840245962143,
            -0.28169167041778564,
            0.1505340188741684
        ],
        [
            -0.029674559831619263,
            -0.21283632516860962,
            -0.11779813468456268
        ],
        [
            -0.12792687118053436,
            0.18062789738178253,
            0.042844321578741074
        ],
        [
            -0.11650356650352478,
            0.542305588722229,
            0.218490868806839
        ],
        [
            -0.2308308482170105,
            -0.3566403090953827,
            0.13385771214962006
        ],
        [
            -0.03695477172732353,
            -0.4100061058998108,
            0.24317464232444763
        ],
        [
            0.04015592485666275,
            -0.6532526016235352,
            0.13711318373680115
        ],
        [
            -0.04233182221651077,
            -0.7233908176422119,
            -0.13335661590099335
        ],
        [
            -0.2891295254230499,
            -0.7329592704772949,
            -0.2060348093509674
        ],
        [
            -0.36029040813446045,
            -0.6388680934906006,
            -0.010947153903543949
        ],
        [
            0.004245039075613022,
            -0.7247593998908997,
            0.009287286549806595
        ],
        [
            -0.14088718593120575,
            -0.8617734909057617,
            0.03360947594046593
        ],
        [
            0.016651757061481476,
            -0.24775440990924835,
            0.015792788937687874
        ],
        [
            9.612413123250008e-05,
            -0.682136595249176,
            0.004301298409700394
        ],
        [
            0.04084937274456024,
            -0.4912012815475464,
            -0.02398310974240303
        ],
        [
            -0.09740141779184341,
            -0.7556023001670837,
            0.017813632264733315
        ],
        [
            -0.14594627916812897,
            -0.8801270723342896,
            0.03957072272896767
        ]
    ],
    "pred_vertices": [
        [
            -0.2122534215450287,
            -0.8154809474945068,
            0.003991231322288513
        ],
        [
            -0.20670361816883087,
            -0.7997007369995117,
            0.008243031799793243
        ],
        [
            -0.20009435713291168,
            -0.8032956719398499,
            -0.004398677498102188
        ],
        [
            -0.2009759098291397,
            -0.8174484968185425,
            -0.009331468492746353
        ],
        [
            -0.19758860766887665,
            -0.7923157215118408,
            -0.0010714121162891388
        ],
        [
            -0.20129479467868805,
            -0.7887660264968872,
            0.009809095412492752
        ],
        [
            -0.18966661393642426,
            -0.8053970336914062,
            -0.01349172368645668
        ],
        [
            -0.18747976422309875,
            -0.8179817199707031,
            -0.01846856251358986
        ],
        [
            -0.15912312269210815,
            -0.7864742279052734,
            -0.025692462921142578
        ],
        [
            -0.15022969245910645,
            -0.7895369529724121,
            -0.0313774012029171
        ],
        [
            -0.15921443700790405,
            -0.7975260615348816,
            -0.029251880943775177
        ],
        [
            -0.16551460325717926,
            -0.7925344705581665,
            -0.022960050031542778
        ],
        [
            -0.1398189663887024,
            -0.769122302532196,
            -0.02884875424206257
        ],
        [
            -0.1388111114501953,
            -0.7565070390701294,
            -0.023330293595790863
        ],
        [
            -0.1261688470840454,
            -0.7560961246490479,
            -0.028445474803447723
        ],
        [
            -0.12581534683704376,
            -0.769008219242096,
            -0.03325783461332321
        ],
        [
            -0.15824393928050995,
            -0.7510757446289062,
            0.013723332434892654
        ],
        [
            -0.15459221601486206,
            -0.7466803789138794,
            0.007073666900396347
        ],
        [
            -0.15936197340488434,
            -0.7522634267807007,
            0.0042080022394657135
        ],
        [
            -0.16197359561920166,
            -0.7562758326530457,
            0.01131439208984375
        ],
        [
            -0.16681939363479614,
            -0.7544363737106323,
            0.0248064324259758
        ],
        [
            -0.16809988021850586,
            -0.7607594728469849,
            0.024234440177679062
        ],
        [
            -0.17327868938446045,
            -0.7601914405822754,
            0.030203673988580704
        ],
        [
            -0.1725921630859375,
            -0.7527227997779846,
            0.029855147004127502
        ],
        [
            -0.15344028174877167,
            -0.7471238970756531,
            0.01817355677485466
        ],
        [
            -0.14946910738945007,
            -0.7429620027542114,
            0.011099278926849365
        ],
        [
            -0.16165560483932495,
            -0.7544384002685547,
            0.019318409264087677
        ],
        [
            -0.16018782556056976,
            -0.7496457099914551,
            0.02061845362186432
        ],
        [
            -0.163542240858078,
            -0.7382307052612305,
            0.023797698318958282
        ],
        [
            -0.16575424373149872,
            -0.7427408695220947,
            0.022844698280096054
        ],
        [
            -0.1708364188671112,
            -0.739161491394043,
            0.027061618864536285
        ],
        [
            -0.16662603616714478,
            -0.7352950572967529,
            0.027333810925483704
        ],
        [
            -0.15666626393795013,
            -0.743868887424469,
            0.01965763419866562
        ],
        [
            -0.16068828105926514,
            -0.7443697452545166,
            0.01999213546514511
        ],
        [
            -0.15961959958076477,
            -0.7399187684059143,
            0.022052347660064697
        ],
        [
            -0.15556201338768005,
            -0.7403547763824463,
            0.022779248654842377
        ],
        [
            -0.1660114824771881,
            -0.7495079040527344,
            0.02490362524986267
        ],
        [
            -0.17191363871097565,
            -0.7462868094444275,
            0.028875481337308884
        ],
        [
            -0.17732883989810944,
            -0.7426222562789917,
            0.03378487378358841
        ],
        [
            -0.17490079998970032,
            -0.7340697646141052,
            0.03211028873920441
        ],
        [
            -0.14313361048698425,
            -0.7411279678344727,
            -0.006616612896323204
        ],
        [
            -0.1497495174407959,
            -0.7435059547424316,
            -0.0003174319863319397
        ],
        [
            -0.1456473171710968,
            -0.7397319078445435,
            0.004134714603424072
        ],
        [
            -0.14091645181179047,
            -0.7375587821006775,
            -0.0017072521150112152
        ],
        [
            -0.15126557648181915,
            -0.7402147054672241,
            0.02077459916472435
        ],
        [
            -0.14197567105293274,
            -0.7286744117736816,
            0.014830216765403748
        ],
        [
            -0.14462457597255707,
            -0.7313077449798584,
            0.015108481049537659
        ],
        [
            -0.146964430809021,
            -0.7291349172592163,
            0.021562989801168442
        ],
        [
            -0.14452892541885376,
            -0.7267423868179321,
            0.020628467202186584
        ],
        [
            -0.12822985649108887,
            -0.7363702654838562,
            -0.014852698892354965
        ],
        [
            -0.12981873750686646,
            -0.7323814034461975,
            -0.008824056014418602
        ],
        [
            -0.1234777420759201,
            -0.7289843559265137,
            -0.010630788281559944
        ],
        [
            -0.11997081339359283,
            -0.7329102754592896,
            -0.01629692316055298
        ],
        [
            -0.11865895986557007,
            -0.7252298593521118,
            -0.009061872959136963
        ],
        [
            -0.11261582374572754,
            -0.7290953993797302,
            -0.016347592696547508
        ],
        [
            -0.1025296300649643,
            -0.7180147767066956,
            -0.00946333073079586
        ],
        [
            -0.10688367486000061,
            -0.7231993079185486,
            -0.013171950355172157
        ],
        [
            -0.11470724642276764,
            -0.7206262350082397,
            -0.005914201959967613
        ],
        [
            -0.11288425326347351,
            -0.7146503925323486,
            -0.000889308750629425
        ],
        [
            -0.11950242519378662,
            -0.7125093936920166,
            0.012278478592634201
        ],
        [
            -0.11945722997188568,
            -0.7097635269165039,
            0.01813562586903572
        ],
        [
            -0.1111246645450592,
            -0.7022073268890381,
            0.011634480208158493
        ],
        [
            -0.1120164692401886,
            -0.7071740627288818,
            0.005579657852649689
        ],
        [
            -0.1347198188304901,
            -0.7272108793258667,
            0.014142237603664398
        ],
        [
            -0.1334722340106964,
            -0.7292280197143555,
            0.00995352491736412
        ],
        [
            -0.13613775372505188,
            -0.7288200259208679,
            0.010105710476636887
        ],
        [
            -0.13850951194763184,
            -0.7273607850074768,
            0.014579970389604568
        ],
        [
            -0.1326795220375061,
            -0.7302654981613159,
            0.006115097552537918
        ],
        [
            -0.13227954506874084,
            -0.7306575775146484,
            0.0043845996260643005
        ],
        [
            -0.13395389914512634,
            -0.7307812571525574,
            0.0049049220979213715
        ],
        [
            -0.13345730304718018,
            -0.7306569814682007,
            0.006192974746227264
        ],
        [
            -0.13335034251213074,
            -0.7299148440361023,
            0.00818369910120964
        ],
        [
            -0.13224199414253235,
            -0.7281769514083862,
            0.008961368352174759
        ],
        [
            -0.13241088390350342,
            -0.7293302416801453,
            0.006956461817026138
        ],
        [
            -0.13313300907611847,
            -0.7255933284759521,
            0.012623094022274017
        ],
        [
            -0.13530439138412476,
            -0.7182024717330933,
            0.025160204619169235
        ],
        [
            -0.13524360954761505,
            -0.7195686101913452,
            0.02157548815011978
        ],
        [
            -0.1369985044002533,
            -0.7234857678413391,
            0.02355901151895523
        ],
        [
            -0.13728845119476318,
            -0.7224520444869995,
            0.026594188064336777
        ],
        [
            -0.1361895501613617,
            -0.7311596274375916,
            0.006686847656965256
        ],
        [
            -0.1373244822025299,
            -0.7324061989784241,
            0.004732389003038406
        ],
        [
            -0.14089623093605042,
            -0.7320550680160522,
            0.009115565568208694
        ],
        [
            -0.13842487335205078,
            -0.7304269075393677,
            0.00991971418261528
        ],
        [
            -0.13893082737922668,
            -0.7340283989906311,
            0.0020778700709342957
        ],
        [
            -0.13476121425628662,
            -0.7321224808692932,
            0.00276859849691391
        ],
        [
            -0.13551762700080872,
            -0.7330603003501892,
            -0.00039725005626678467
        ],
        [
            -0.13103967905044556,
            -0.729304313659668,
            0.0046857669949531555
        ],
        [
            -0.12938901782035828,
            -0.7290924787521362,
            0.0015770606696605682
        ],
        [
            -0.1319749355316162,
            -0.7303889989852905,
            0.0014935806393623352
        ],
        [
            -0.12729787826538086,
            -0.7262670993804932,
            0.003148552030324936
        ],
        [
            -0.1301567107439041,
            -0.72709059715271,
            0.006952010095119476
        ],
        [
            -0.13040786981582642,
            -0.7237522602081299,
            0.010430794209241867
        ],
        [
            -0.13107362389564514,
            -0.7200809717178345,
            0.015011262148618698
        ],
        [
            -0.12617069482803345,
            -0.7185858488082886,
            0.011683180928230286
        ],
        [
            -0.12636159360408783,
            -0.7224612236022949,
            0.006714001297950745
        ],
        [
            -0.14340972900390625,
            -0.7354170680046082,
            0.007372401654720306
        ],
        [
            -0.1310029923915863,
            -0.7311521768569946,
            -0.0030270367860794067
        ],
        [
            -0.13583815097808838,
            -0.7359040379524231,
            -0.005455203354358673
        ],
        [
            -0.12700334191322327,
            -0.7283382415771484,
            -0.0037169158458709717
        ],
        [
            -0.12345448136329651,
            -0.7252110838890076,
            -0.002327069640159607
        ],
        [
            -0.12116622924804688,
            -0.7210090160369873,
            0.0016576945781707764
        ],
        [
            -0.12011225521564484,
            -0.7165645360946655,
            0.006680566817522049
        ],
        [
            -0.09796179831027985,
            -0.7028957605361938,
            0.006671596318483353
        ],
        [
            -0.10048863291740417,
            -0.7090676426887512,
            -0.0009104050695896149
        ],
        [
            -0.19351525604724884,
            -0.7850187420845032,
            0.010617133229970932
        ],
        [
            -0.1925165057182312,
            -0.7865572571754456,
            0.0016975514590740204
        ],
        [
            -0.18356011807918549,
            -0.7841746807098389,
            -0.0001647546887397766
        ],
        [
            -0.18529012799263,
            -0.785798192024231,
            -0.0014987848699092865
        ],
        [
            -0.18800458312034607,
            -0.7844959497451782,
            0.003953173756599426
        ],
        [
            -0.1852719783782959,
            -0.7830073833465576,
            0.004119399935007095
        ],
        [
            -0.16973885893821716,
            -0.7900453209877014,
            -0.016258276998996735
        ],
        [
            -0.17327210307121277,
            -0.7880597114562988,
            -0.01064775139093399
        ],
        [
            -0.16990402340888977,
            -0.7862443923950195,
            -0.011481178924441338
        ],
        [
            -0.1654382348060608,
            -0.7855134010314941,
            -0.01878354139626026
        ],
        [
            -0.16850584745407104,
            -0.7759184241294861,
            -0.004502728581428528
        ],
        [
            -0.16794471442699432,
            -0.7790819406509399,
            -0.008818654343485832
        ],
        [
            -0.17330121994018555,
            -0.7822009921073914,
            -0.0039435215294361115
        ],
        [
            -0.1737854778766632,
            -0.7798389792442322,
            -0.0008614659309387207
        ],
        [
            -0.17422246932983398,
            -0.7779790759086609,
            0.002865932881832123
        ],
        [
            -0.17456550896167755,
            -0.7767691612243652,
            0.007224481552839279
        ],
        [
            -0.17048390209674835,
            -0.7735204696655273,
            0.00592409074306488
        ],
        [
            -0.1694680005311966,
            -0.7742105722427368,
            0.0006821565330028534
        ],
        [
            -0.18823391199111938,
            -0.7844667434692383,
            0.010436899960041046
        ],
        [
            -0.186315655708313,
            -0.7836567163467407,
            0.01767817512154579
        ],
        [
            -0.1836552768945694,
            -0.7824059724807739,
            0.0156414732336998
        ],
        [
            -0.18565574288368225,
            -0.782665491104126,
            0.009771149605512619
        ],
        [
            -0.17374959588050842,
            -0.78077232837677,
            0.024349790066480637
        ],
        [
            -0.17646566033363342,
            -0.7817319631576538,
            0.02358698844909668
        ],
        [
            -0.17748303711414337,
            -0.7821100950241089,
            0.027404896914958954
        ],
        [
            -0.17367655038833618,
            -0.7794023752212524,
            0.02763570472598076
        ],
        [
            -0.17211702466011047,
            -0.7772200107574463,
            0.024799667298793793
        ],
        [
            -0.17315010726451874,
            -0.7793331146240234,
            0.022810831665992737
        ],
        [
            -0.22366644442081451,
            -0.8319768309593201,
            0.01615232229232788
        ],
        [
            -0.218967005610466,
            -0.8134540319442749,
            0.018980178982019424
        ],
        [
            -0.21288453042507172,
            -0.8356496095657349,
            -0.0007986761629581451
        ],
        [
            -0.198524609208107,
            -0.8358374238014221,
            -0.01297115720808506
        ],
        [
            -0.1842876374721527,
            -0.8322016000747681,
            -0.02351745031774044
        ],
        [
            -0.12701258063316345,
            -0.7447178363800049,
            -0.02185855247080326
        ],
        [
            -0.11684027314186096,
            -0.7425124049186707,
            -0.02503310516476631
        ],
        [
            -0.11400982737541199,
            -0.7560969591140747,
            -0.03270796313881874
        ],
        [
            -0.10354897379875183,
            -0.7516137361526489,
            -0.03295151889324188
        ],
        [
            -0.10730093717575073,
            -0.7373820543289185,
            -0.02487785741686821
        ],
        [
            -0.09233054518699646,
            -0.7239691019058228,
            -0.0153531264513731
        ],
        [
            -0.09888088703155518,
            -0.7309219837188721,
            -0.021857798099517822
        ],
        [
            -0.09292572736740112,
            -0.7471796274185181,
            -0.03094228357076645
        ],
        [
            -0.09024585783481598,
            -0.766553521156311,
            -0.03883078321814537
        ],
        [
            -0.10141806304454803,
            -0.7672420740127563,
            -0.03886723518371582
        ],
        [
            -0.09122110903263092,
            -0.787284791469574,
            -0.041426900774240494
        ],
        [
            -0.07647620141506195,
            -0.7667717337608337,
            -0.03769521787762642
        ],
        [
            -0.08299864828586578,
            -0.791962742805481,
            -0.03978542983531952
        ],
        [
            -0.0639345645904541,
            -0.7375430464744568,
            -0.02693762816488743
        ],
        [
            -0.05845075845718384,
            -0.732711911201477,
            -0.02975577488541603
        ],
        [
            -0.050051718950271606,
            -0.7459705471992493,
            -0.03983605280518532
        ],
        [
            -0.05684228241443634,
            -0.7513678073883057,
            -0.037649113684892654
        ],
        [
            -0.1125648021697998,
            -0.7683992385864258,
            -0.03764047473669052
        ],
        [
            -0.16082531213760376,
            -0.8109052777290344,
            -0.030562561005353928
        ],
        [
            -0.1685182750225067,
            -0.8025331497192383,
            -0.025142909958958626
        ],
        [
            -0.1500956118106842,
            -0.8035675287246704,
            -0.03475983440876007
        ],
        [
            -0.18609462678432465,
            -0.8685770034790039,
            -0.025492096319794655
        ],
        [
            -0.19522441923618317,
            -0.8528249263763428,
            -0.019060824066400528
        ],
        [
            -0.1809958666563034,
            -0.8465898633003235,
            -0.028613246977329254
        ],
        [
            -0.17470060288906097,
            -0.8618133664131165,
            -0.0334395207464695
        ],
        [
            -0.2122247815132141,
            -0.8865776658058167,
            0.007258947938680649
        ],
        [
            -0.2214132696390152,
            -0.8598995804786682,
            0.010129503905773163
        ],
        [
            -0.21024951338768005,
            -0.8578224182128906,
            -0.004075903445482254
        ],
        [
            -0.20207539200782776,
            -0.8786592483520508,
            -0.008395906537771225
        ],
        [
            -0.1662001758813858,
            -0.8717958331108093,
            -0.03717105835676193
        ],
        [
            -0.15388323366641998,
            -0.8853426575660706,
            -0.03964078053832054
        ],
        [
            -0.1589864045381546,
            -0.9014251232147217,
            -0.03405860438942909
        ],
        [
            -0.17563559114933014,
            -0.8866127729415894,
            -0.030162088572978973
        ],
        [
            -0.16521354019641876,
            -0.9204407930374146,
            -0.02028723433613777
        ],
        [
            -0.1858333945274353,
            -0.9027617573738098,
            -0.014961298555135727
        ],
        [
            -0.06594200432300568,
            -0.7869749069213867,
            -0.03919028490781784
        ],
        [
            -0.07623730599880219,
            -0.8046059608459473,
            -0.03844909369945526
        ],
        [
            -0.06620888411998749,
            -0.7569620609283447,
            -0.0354694239795208
        ],
        [
            -0.05734260380268097,
            -0.773587703704834,
            -0.04016582667827606
        ],
        [
            -0.1688687801361084,
            -0.9342494010925293,
            -0.0007302165031433105
        ],
        [
            -0.19364425539970398,
            -0.9142071008682251,
            0.004694707691669464
        ],
        [
            -0.10082852840423584,
            -0.9022863507270813,
            -0.03825169801712036
        ],
        [
            -0.11962556838989258,
            -0.9092165231704712,
            -0.036532625555992126
        ],
        [
            -0.12338677048683167,
