{
    "pred_cam": [
        1.184277057647705,
        0.005504900589585304,
        0.17406880855560303
    ],
    "pred_smpl_params": {
        "global_orient": [
            [
                [
                    0.9733207821846008,
                    0.20998138189315796,
                    0.09248993545770645
                ],
                [
                    0.20309527218341827,
                    -0.9760028123855591,
                    0.07855507731437683
                ],
                [
                    0.10676553845405579,
                    -0.05767502635717392,
                    -0.9926100373268127
                ]
            ]
        ],
        "body_pose": [
            [
                [
                    0.9990958571434021,
                    0.005162243731319904,
                    -0.04219893738627434
                ],
                [
                    0.0026730368845164776,
                    0.9830088019371033,
                    0.18353894352912903
                ],
                [
                    0.042429398745298386,
                    -0.18348580598831177,
                    0.9821062088012695
                ]
            ],
            [
                [
                    0.9997058510780334,
                    -0.022242272272706032,
                    0.009671787731349468
                ],
                [
                    0.020005466416478157,
                    0.981644868850708,
                    0.18966606259346008
                ],
                [
                    -0.013712859712541103,
                    -0.189416766166687,
                    0.9818010926246643
                ]
            ],
            [
                [
                    0.9987528920173645,
                    0.022246023640036583,
                    0.044696565717458725
                ],
                [
                    -0.013046180829405785,
                    0.9804268479347229,
                    -0.1964508593082428
                ],
                [
                    -0.048191964626312256,
                    0.1956227421760559,
                    0.9794943928718567
                ]
            ],
            [
                [
                    0.9915333390235901,
                    -0.04053456336259842,
                    -0.1233636885881424
                ],
                [
                    -0.03902542591094971,
                    0.8130895495414734,
                    -0.5808292031288147
                ],
                [
                    0.12384935468435287,
                    0.5807257890701294,
                    0.804623544216156
                ]
            ],
            [
                [
                    0.9937514662742615,
                    -0.08523866534233093,
                    0.07205810397863388
                ],
                [
                    0.1115509569644928,
                    0.7804097533226013,
                    -0.6152373552322388
                ],
                [
                    -0.0037928286474198103,
                    0.61943119764328,
                    0.7850418090820312
                ]
            ],
            [
                [
                    0.9983112812042236,
                    0.003107109572738409,
                    0.05800880491733551
                ],
                [
                    -0.001840616692788899,
                    0.9997590184211731,
                    -0.021873464807868004
                ],
                [
                    -0.05806279182434082,
                    0.02172975242137909,
                    0.9980764389038086
                ]
            ],
            [
                [
                    0.9816364049911499,
                    0.08263255655765533,
                    0.1719353049993515
                ],
                [
                    -0.08718877285718918,
                    0.996008574962616,
                    0.01910579949617386
                ],
                [
                    -0.16967028379440308,
                    -0.03374578431248665,
                    0.9849228858947754
                ]
            ],
            [
                [
                    0.986997127532959,
                    -0.01923765242099762,
                    -0.15958184003829956
                ],
                [
                    0.01945694349706173,
                    0.9998106360435486,
                    -0.00018852560606319457
                ],
                [
                    0.15955527126789093,
                    -0.002918897196650505,
                    0.9871845245361328
                ]
            ],
            [
                [
                    0.999395489692688,
                    -0.0078443493694067,
                    0.03386799991130829
                ],
                [
                    0.010089101269841194,
                    0.9977270364761353,
                    -0.0666259154677391
                ],
                [
                    -0.033268384635448456,
                    0.06692734360694885,
                    0.9972030520439148
                ]
            ],
            [
                [
                    0.9833489060401917,
                    -0.1790357232093811,
                    -0.031163332983851433
                ],
                [
                    0.18167948722839355,
                    0.9724741578102112,
                    0.1458992213010788
                ],
                [
                    0.004184362478554249,
                    -0.14913158118724823,
                    0.9888085126876831
                ]
            ],
            [
                [
                    0.9940370321273804,
                    0.10877923667430878,
                    -0.007579202298074961
                ],
                [
                    -0.10536164790391922,
                    0.9760633707046509,
                    0.19026099145412445
                ],
                [
                    0.028094222769141197,
                    -0.18832792341709137,
                    0.9817042946815491
                ]
            ],
            [
                [
                    0.9885779023170471,
                    -0.023939356207847595,
                    -0.1487971544265747
                ],
                [
                    0.018886186182498932,
                    0.9991989731788635,
                    -0.03528100997209549
                ],
                [
                    0.1495225727558136,
                    0.03206781670451164,
                    0.9882381558418274
                ]
            ],
            [
                [
                    0.9425190091133118,
                    0.3329223096370697,
                    -0.028645744547247887
                ],
                [
                    -0.33392569422721863,
                    0.9415695071220398,
                    -0.04405098408460617
                ],
                [
                    0.01230640523135662,
                    0.05108444765210152,
                    0.998618483543396
                ]
            ],
            [
                [
                    0.9491119384765625,
                    -0.2705133855342865,
                    0.16127322614192963
                ],
                [
                    0.2727510929107666,
                    0.9620468616485596,
                    0.008527327328920364
                ],
                [
                    -0.15745915472507477,
                    0.035894062370061874,
                    0.9868729710578918
                ]
            ],
            [
                [
                    0.9928255677223206,
                    -0.03539269417524338,
                    -0.11421447992324829
                ],
                [
                    0.009560281410813332,
                    0.9756279587745667,
                    -0.21922293305397034
                ],
                [
                    0.11918973922729492,
                    0.21655817329883575,
                    0.9689667224884033
                ]
            ],
            [
                [
                    0.42519766092300415,
                    0.8657425045967102,
                    -0.2640015184879303
                ],
                [
                    -0.9030756950378418,
                    0.4252978265285492,
                    -0.059799790382385254
                ],
                [
                    0.06050805002450943,
                    0.26384007930755615,
                    0.9626666903495789
                ]
            ],
            [
                [
                    0.44466423988342285,
                    -0.7900136709213257,
                    0.4220806062221527
                ],
                [
                    0.868910551071167,
                    0.49485090374946594,
                    0.010816952213644981
                ],
                [
                    -0.2174125611782074,
                    0.3619403839111328,
                    0.9064937233924866
                ]
            ],
            [
                [
                    0.4623537063598633,
                    -0.31533241271972656,
                    -0.828730583190918
                ],
                [
                    0.12180063128471375,
                    0.9483546018600464,
                    -0.2928960621356964
                ],
                [
                    0.8782901167869568,
                    0.03448165953159332,
                    0.4768829643726349
                ]
            ],
            [
                [
                    0.14381541311740875,
                    0.4099288582801819,
                    0.9007083773612976
                ],
                [
                    0.0627286359667778,
                    0.9045634269714355,
                    -0.4216992259025574
                ],
                [
                    -0.9876144528388977,
                    0.1171470507979393,
                    0.10437588393688202
                ]
            ],
            [
                [
                    0.990381121635437,
                    -0.1360204815864563,
                    -0.02537023089826107
                ],
                [
                    0.1372946947813034,
                    0.9888260960578918,
                    0.05807795003056526
                ],
                [
                    0.017186956480145454,
                    -0.06100250408053398,
                    0.9979895949363708
                ]
            ],
            [
                [
                    0.984376847743988,
                    0.167861208319664,
                    0.053149208426475525
                ],
                [
                    -0.16900835931301117,
                    0.9854530096054077,
                    0.01784755103290081
                ],
                [
                    -0.04938013479113579,
                    -0.026551377028226852,
                    0.9984270930290222
                ]
            ],
            [
                [
                    0.9645573496818542,
                    0.24361452460289001,
                    -0.1013956144452095
                ],
                [
                    -0.22616587579250336,
                    0.9612019658088684,
                    0.1579238325357437
                ],
                [
                    0.13593418896198273,
                    -0.12939436733722687,
                    0.9822317361831665
                ]
            ],
            [
                [
                    0.9734237194061279,
                    -0.2204168289899826,
                    0.062150824815034866
                ],
                [
                    0.20933838188648224,
                    0.9664552807807922,
                    0.14880040287971497
                ],
                [
                    -0.09286411106586456,
                    -0.13183528184890747,
                    0.986912190914154
                ]
            ]
        ],
        "betas": [
            -0.07845824956893921,
            -0.13615277409553528,
            0.0409887433052063,
            0.07459491491317749,
            0.043433964252471924,
            0.060159359127283096,
            0.009713172912597656,
            -0.07242429256439209,
            0.04490645229816437,
            -0.03345945477485657
        ]
    },
    "pred_cam_t": [
        0.005504900589585304,
        0.17406880855560303,
        32.984256744384766
    ],
    "focal_length": [
        5000.0,
        5000.0
    ],
    "pred_keypoints_3d": [
        [
            0.12969936430454254,
            -0.7447010278701782,
            -0.24131684005260468
        ],
        [
            0.11730921268463135,
            -0.7101835012435913,
            -0.05392736941576004
        ],
        [
            -0.07582060992717743,
            -0.6559252142906189,
            -0.07821816205978394
        ],
        [
            -0.16939839720726013,
            -0.42352384328842163,
            -0.041711676865816116
        ],
        [
            -0.006814196705818176,
            -0.31427857279777527,
            -0.2026577740907669
        ],
        [
            0.26407143473625183,
            -0.5926513671875,
            0.016620008274912834
        ],
        [
            0.21611854434013367,
            -0.3644261062145233,
            0.13012638688087463
        ],
        [
            0.20772412419319153,
            -0.1836131513118744,
            -0.038796424865722656
        ],
        [
            -0.0017798806075006723,
            -0.22402377426624298,
            0.028892558068037033
        ],
        [
            -0.08745115250349045,
            -0.14976423978805542,
            0.03085455298423767
        ],
        [
            -0.1885424256324768,
            0.21482551097869873,
            -0.01353752613067627
        ],
        [
            -0.22920706868171692,
            0.5263748168945312,
            0.2293042689561844
        ],
        [
            0.04646730795502663,
            -0.1210823506116867,
            0.04819900542497635
        ],
        [
            0.00642608106136322,
            0.24761195480823517,
            0.008407264947891235
        ],
        [
            -0.06647439301013947,
            0.5650049448013306,
            0.2349182665348053
        ],
        [
            0.11019891500473022,
            -0.8010053634643555,
            -0.22751718759536743
        ],
        [
            0.1745471954345703,
            -0.7847312092781067,
            -0.23100870847702026
        ],
        [
            0.08136318624019623,
            -0.8370935320854187,
            -0.13459543883800507
        ],
        [
            0.2245587706565857,
            -0.8012332320213318,
            -0.14224007725715637
        ],
        [
            -0.08468743413686752,
            0.6993290185928345,
            0.08933839201927185
        ],
        [
            -0.018138635903596878,
            0.6945534944534302,
            0.13965171575546265
        ],
        [
            -0.06641359627246857,
            0.5694029927253723,
            0.3046334385871887
        ],
        [
            -0.23622140288352966,
            0.6644706726074219,
            0.08867555856704712
        ],
        [
            -0.30852437019348145,
            0.6377747654914856,
            0.1295226812362671
        ],
        [
            -0.23629914224147797,
            0.5344289541244507,
            0.3016241788864136
        ],
        [
            -0.24462243914604187,
            0.46879348158836365,
            0.2250785529613495
        ],
        [
            -0.17429840564727783,
            0.1545758992433548,
            -0.017011800780892372
        ],
        [
            -0.1406192183494568,
            -0.2867233157157898,
            0.021691910922527313
        ],
        [
            0.14291761815547943,
            -0.2111721634864807,
            0.0678815171122551
        ],
        [
            0.024333056062459946,
            0.20979076623916626,
            0.007544649764895439
        ],
        [
            -0.0502919927239418,
            0.5253498554229736,
            0.24130579829216003
        ],
        [
            -0.0006775818765163422,
            -0.34982722997665405,
            -0.18867629766464233
        ],
        [
            -0.17294296622276306,
            -0.44699057936668396,
            -0.08031689375638962
        ],
        [
            -0.036233752965927124,
            -0.6786403656005859,
            -0.07304447889328003
        ],
        [
            0.24078962206840515,
            -0.6282381415367126,
            0.006297921296209097
        ],
        [
            0.25909876823425293,
            -0.3761920928955078,
            0.09843350946903229
        ],
        [
            0.2180967926979065,
            -0.20484989881515503,
            -0.04076775163412094
        ],
        [
            0.12042932212352753,
            -0.7016153335571289,
            -0.059573084115982056
        ],
        [
            0.1644907146692276,
            -0.8589835166931152,
            -0.17541103065013885
        ],
        [
            0.0020263209007680416,
            -0.24895495176315308,
            0.0451597198843956
        ],
        [
            0.1016964539885521,
            -0.6511158347129822,
            -0.03589069843292236
        ],
        [
            0.05513107776641846,
            -0.4888172745704651,
            0.02312958985567093
        ],
        [
            0.1410815268754959,
            -0.7481009364128113,
            -0.16237272322177887
        ],
        [
            0.16476841270923615,
            -0.8802852630615234,
            -0.17531117796897888
        ]
    ],
    "pred_vertices": [
        [
            0.1958858072757721,
            -0.8233835697174072,
            -0.2518128752708435
        ],
        [
            0.1862165927886963,
            -0.8095437288284302,
            -0.25134599208831787
        ],
        [
            0.1973937451839447,
            -0.8073103427886963,
            -0.24256819486618042
        ],
        [
            0.20642796158790588,
            -0.8189399242401123,
            -0.2384028136730194
        ],
        [
            0.19067031145095825,
            -0.7980189323425293,
            -0.2433696985244751
        ],
        [
            0.18026354908943176,
            -0.799088716506958,
            -0.2497667372226715
        ],
        [
            0.20407813787460327,
            -0.804236650466919,
            -0.23060613870620728
        ],
        [
            0.21207764744758606,
            -0.812895655632019,
            -0.22401010990142822
        ],
        [
            0.20350979268550873,
            -0.7754217386245728,
            -0.20517802238464355
        ],
        [
            0.20753511786460876,
            -0.7739554643630981,
            -0.19468140602111816
        ],
        [
            0.21005351841449738,
            -0.7841091156005859,
            -0.2013481706380844
        ],
        [
            0.20412155985832214,
            -0.7833299040794373,
            -0.20990025997161865
        ],
        [
            0.19775280356407166,
            -0.7540401220321655,
            -0.19100069999694824
        ],
        [
            0.18877792358398438,
            -0.7440739274024963,
            -0.19464507699012756
        ],
        [
            0.19033467769622803,
            -0.73939049243927,
            -0.18191936612129211
        ],
        [
            0.19816994667053223,
            -0.749335765838623,
            -0.17732781171798706
        ],
        [
            0.15697908401489258,
            -0.7553038597106934,
            -0.22105805575847626
        ],
        [
            0.16120922565460205,
            -0.7484610080718994,
            -0.21760423481464386
        ],
        [
            0.16642996668815613,
            -0.7537301182746887,
            -0.21982364356517792
        ],
        [
            0.16135460138320923,
            -0.7601553201675415,
            -0.22259825468063354
        ],
        [
            0.14910125732421875,
            -0.7639553546905518,
            -0.230329692363739
        ],
        [
            0.15164561569690704,
            -0.7698856592178345,
            -0.22957786917686462
        ],
        [
            0.1471644639968872,
            -0.7725174427032471,
            -0.23562335968017578
        ],
        [
            0.14520221948623657,
            -0.7653640508651733,
            -0.23709577322006226
        ],
        [
            0.15058018267154694,
            -0.7520322203636169,
            -0.2186206877231598
        ],
        [
            0.15522833168506622,
            -0.7450472712516785,
            -0.21473613381385803
        ],
        [
            0.15327268838882446,
            -0.7608999013900757,
            -0.2245674878358841
        ],
        [
            0.15022428333759308,
            -0.7567021250724792,
            -0.22475609183311462
        ],
        [
            0.14491501450538635,
            -0.7480621337890625,
            -0.2316427230834961
        ],
        [
            0.14756566286087036,
            -0.7524323463439941,
            -0.23223170638084412
        ],
        [
            0.14355319738388062,
            -0.7516611218452454,
            -0.23887422680854797
        ],
        [
            0.1412927210330963,
            -0.7473195791244507,
            -0.23601895570755005
        ],
        [
            0.14850527048110962,
            -0.7503741979598999,
            -0.22293493151664734
        ],
        [
            0.14929881691932678,
            -0.7517349720001221,
            -0.22673040628433228
        ],
        [
            0.1458604335784912,
            -0.7481586933135986,
            -0.22728468477725983
        ],
        [
            0.14443320035934448,
            -0.7478431463241577,
            -0.22335407137870789
        ],
        [
            0.1472325474023819,
            -0.7592727541923523,
            -0.2311394363641739
        ],
        [
            0.14401309192180634,
            -0.7589917778968811,
            -0.2382042407989502
        ],
        [
            0.13969022035598755,
            -0.7585536241531372,
            -0.24517865478992462
        ],
        [
            0.1385287642478943,
            -0.7497392892837524,
            -0.24492678046226501
        ],
        [
            0.16989155113697052,
            -0.7364586591720581,
            -0.205879807472229
        ],
        [
            0.16583947837352753,
            -0.7419910430908203,
            -0.2128145396709442
        ],
        [
            0.159854918718338,
            -0.7389736175537109,
            -0.2106705904006958
        ],
        [
            0.1637151837348938,
            -0.7341324090957642,
            -0.20571090281009674
        ],
        [
            0.14543205499649048,
            -0.7461255788803101,
            -0.21892470121383667
        ],
        [
            0.1459389477968216,
            -0.7312836647033691,
            -0.21236996352672577
        ],
        [
            0.14693552255630493,
            -0.7344255447387695,
            -0.21422185003757477
        ],
        [
            0.14077623188495636,
            -0.7350682020187378,
            -0.21811670064926147
        ],
        [
            0.1405152678489685,
            -0.7320228815078735,
            -0.2162645161151886
        ],
        [
            0.17265121638774872,
            -0.7262860536575317,
            -0.19153913855552673
        ],
        [
            0.1664315164089203,
            -0.7249287366867065,
            -0.19518575072288513
        ],
        [
            0.16572976112365723,
            -0.7198210954666138,
            -0.18975014984607697
        ],
        [
            0.17121551930904388,
            -0.7207647562026978,
            -0.18431663513183594
        ],
        [
            0.16253456473350525,
            -0.7157580256462097,
            -0.1862710565328598
        ],
        [
            0.16877806186676025,
            -0.7155683040618896,
            -0.17789360880851746
        ],
        [
            0.15717005729675293,
            -0.7052638530731201,
            -0.172000914812088
        ],
        [
            0.16298805177211761,
            -0.7097641229629517,
            -0.17433248460292816
        ],
        [
            0.15760035812854767,
            -0.7116116285324097,
            -0.18428097665309906
        ],
        [
            0.15102070569992065,
            -0.7072032690048218,
            -0.18497291207313538
        ],
        [
            0.13918858766555786,
            -0.7106353044509888,
            -0.19471439719200134
        ],
        [
            0.1330476999282837,
            -0.709790050983429,
            -0.19656091928482056
        ],
        [
            0.13541589677333832,
            -0.6989491581916809,
            -0.18949228525161743
        ],
        [
            0.14280098676681519,
            -0.7021628618240356,
            -0.18734502792358398
        ],
        [
            0.14494693279266357,
            -0.7278785109519958,
            -0.20578184723854065
        ],
        [
            0.14904460310935974,
            -0.7282088994979858,
            -0.20322805643081665
        ],
        [
            0.14937037229537964,
            -0.7284682393074036,
            -0.20594827830791473
        ],
        [
            0.14528444409370422,
            -0.7290300726890564,
            -0.20942306518554688
        ],
        [
            0.15260198712348938,
            -0.7279360890388489,
            -0.20140281319618225
        ],
        [
            0.15419548749923706,
            -0.727644681930542,
            -0.2006092071533203
        ],
        [
            0.15414246916770935,
            -0.7282881736755371,
            -0.20227357745170593
        ],
        [
            0.15253646671772003,
            -0.7283772826194763,
            -0.20227792859077454
        ],
        [
            0.15052473545074463,
            -0.7282840013504028,
            -0.20270127058029175
        ],
        [
            0.1491459459066391,
            -0.7266877293586731,
            -0.20224499702453613
        ],
        [
            0.15156415104866028,
            -0.7272615432739258,
            -0.20150408148765564
        ],
        [
            0.14527937769889832,
            -0.7256299257278442,
            -0.20446407794952393
        ],
        [
            0.1319933831691742,
            -0.7233200669288635,
            -0.2107156217098236
        ],
        [
            0.13593900203704834,
            -0.7233701944351196,
            -0.2095719575881958
        ],
        [
            0.13549189269542694,
            -0.727940559387207,
            -0.21060535311698914
        ],
        [
            0.13218942284584045,
            -0.7281789779663086,
            -0.21178939938545227
        ],
        [
            0.15264853835105896,
            -0.7296721935272217,
            -0.2048383355140686
        ],
        [
            0.15555661916732788,
            -0.7305380702018738,
            -0.2049374133348465
        ],
        [
            0.1521540731191635,
            -0.7323259711265564,
            -0.2092934548854828
        ],
        [
            0.15052485466003418,
            -0.730470597743988,
            -0.20754754543304443
        ],
        [
            0.15860581398010254,
            -0.7315826416015625,
            -0.2056245505809784
        ],
        [
            0.15663646161556244,
            -0.7290946245193481,
            -0.20221945643424988
        ],
        [
            0.15987826883792877,
            -0.7292689085006714,
            -0.20207253098487854
        ],
        [
            0.1533227115869522,
            -0.7262474894523621,
            -0.19984301924705505
        ],
        [
            0.15572811663150787,
            -0.7247418165206909,
            -0.1977783739566803
        ],
        [
            0.1567150056362152,
            -0.7264680862426758,
            -0.19982954859733582
        ],
        [
            0.15307193994522095,
            -0.7222437858581543,
            -0.1967361569404602
        ],
        [
            0.15044951438903809,
            -0.724745512008667,
            -0.20001477003097534
        ],
        [
            0.14641651511192322,
            -0.7228115200996399,
            -0.20177412033081055
        ],
        [
            0.14131613075733185,
            -0.7209595441818237,
            -0.20431071519851685
        ],
        [
            0.14296935498714447,
            -0.7174175381660461,
            -0.19944673776626587
        ],
        [
            0.14861705899238586,
            -0.7196065187454224,
            -0.19755327701568604
        ],
        [
            0.1550128012895584,
            -0.7356157302856445,
            -0.21037262678146362
        ],
        [
            0.16086718440055847,
            -0.7257005572319031,
            -0.1978149116039276
        ],
        [
            0.1656312495470047,
            -0.7304301261901855,
            -0.20061619579792023
        ],
        [
            0.159874826669693,
            -0.7220194339752197,
            -0.19468489289283752
        ],
        [
            0.15698692202568054,
            -0.7188009023666382,
            -0.19238582253456116
        ],
        [
            0.15226960182189941,
            -0.7156896591186523,
            -0.19187627732753754
        ],
        [
            0.14579305052757263,
            -0.7128323316574097,
            -0.19322189688682556
        ],
        [
            0.13727857172489166,
            -0.6952393054962158,
            -0.17536985874176025
        ],
        [
            0.14678876101970673,
            -0.6993693113327026,
            -0.17407135665416718
        ],
        [
            0.17682147026062012,
            -0.7939313650131226,
            -0.2439175844192505
        ],
        [
            0.18541976809501648,
            -0.7922513484954834,
            -0.24117827415466309
        ],
        [
            0.18461328744888306,
            -0.7874507904052734,
            -0.23315292596817017
        ],
        [
            0.186918705701828,
            -0.7890200614929199,
            -0.23402917385101318
        ],
        [
            0.18172721564769745,
            -0.7901402711868286,
            -0.23776841163635254
        ],
        [
            0.18064959347248077,
            -0.788117527961731,
            -0.23571930825710297
        ],
        [
            0.1978038251399994,
            -0.7841212749481201,
            -0.21610161662101746
        ],
        [
            0.1929645538330078,
            -0.7849209308624268,
            -0.2210867702960968
        ],
        [
            0.192697674036026,
            -0.7821321487426758,
            -0.21807803213596344
        ],
        [
            0.1981792449951172,
            -0.7781879901885986,
            -0.21265186369419098
        ],
        [
            0.18294671177864075,
            -0.7744479179382324,
            -0.22099179029464722
        ],
        [
            0.18779993057250977,
            -0.7758992314338684,
            -0.2186158001422882
        ],
        [
            0.18522699177265167,
            -0.7814046740531921,
            -0.22404569387435913
        ],
        [
            0.18175405263900757,
            -0.7802996039390564,
            -0.22585490345954895
        ],
        [
            0.1777677983045578,
            -0.7799869775772095,
            -0.22740855813026428
        ],
        [
            0.17354856431484222,
            -0.7804481983184814,
            -0.22861972451210022
        ],
        [
            0.17264680564403534,
            -0.7760311365127563,
            -0.22566275298595428
        ],
        [
            0.1775914430618286,
            -0.7747690677642822,
            -0.22357876598834991
        ],
        [
            0.17537197470664978,
            -0.7920730113983154,
            -0.2393750101327896
        ],
        [
            0.16820408403873444,
            -0.7931980490684509,
            -0.23877613246440887
        ],
        [
            0.1688990294933319,
            -0.7906006574630737,
            -0.23678499460220337
        ],
        [
            0.17492476105690002,
            -0.7893072366714478,
            -0.23765245079994202
        ],
        [
            0.15810689330101013,
            -0.7896444201469421,
            -0.2291945517063141
        ],
        [
            0.1597382128238678,
            -0.7910580635070801,
            -0.23129165172576904
        ],
        [
            0.15648189187049866,
            -0.7926075458526611,
            -0.23298963904380798
        ],
        [
            0.154727965593338,
            -0.78928542137146,
            -0.23016411066055298
        ],
        [
            0.1562252938747406,
            -0.7860890626907349,
            -0.2288675457239151
        ],
        [
            0.15890797972679138,
            -0.7876807451248169,
            -0.22882604598999023
        ],
        [
            0.1922532021999359,
            -0.8447697758674622,
            -0.25957831740379333
        ],
        [
            0.18303285539150238,
            -0.8279033899307251,
            -0.26027971506118774
        ],
        [
            0.20688994228839874,
            -0.8400272130966187,
            -0.2458573281764984
        ],
        [
            0.21496617794036865,
            -0.8332962989807129,
            -0.23067894577980042
        ],
        [
            0.22028067708015442,
            -0.8230376243591309,
            -0.21606473624706268
        ],
        [
            0.18117350339889526,
            -0.7314136028289795,
            -0.18686971068382263
        ],
        [
            0.18115761876106262,
            -0.7258992195129395,
            -0.17721563577651978
        ],
        [
            0.19134578108787537,
            -0.7354543805122375,
            -0.16947665810585022
        ],
        [
            0.18769899010658264,
            -0.7290370464324951,
            -0.1601771116256714
        ],
        [
            0.1775454878807068,
            -0.7192443609237671,
            -0.16890588402748108
        ],
        [
            0.16138041019439697,
            -0.7071149945259094,
            -0.1584092378616333
        ],
        [
            0.17086029052734375,
            -0.7124390602111816,
            -0.1624070107936859
        ],
        [
            0.18142594397068024,
            -0.723832368850708,
            -0.1505221128463745
        ],
        [
            0.19263850152492523,
            -0.7390847206115723,
            -0.14208394289016724
        ],
        [
            0.19648149609565735,
            -0.7412740588188171,
            -0.15334457159042358
        ],
        [
            0.2010679692029953,
            -0.7568473815917969,
            -0.13747161626815796
        ],
        [
            0.18791015446186066,
            -0.7380182147026062,
            -0.1277180165052414
        ],
        [
            0.19903016090393066,
            -0.7601748108863831,
            -0.12877309322357178
        ],
        [
            0.16713932156562805,
            -0.7083766460418701,
            -0.11673243343830109
        ],
        [
            0.1672472059726715,
            -0.7005177140235901,
            -0.10864958167076111
        ],
        [
            0.17807134985923767,
            -0.7103300094604492,
            -0.09737246483564377
        ],
        [
            0.179605633020401,
            -0.7178391218185425,
            -0.10609042644500732
        ],
        [
            0.1985163390636444,
            -0.7446838617324829,
            -0.16426189243793488
        ],
        [
            0.2149936854839325,
            -0.7961167097091675,
            -0.19883953034877777
        ],
        [
            0.20962995290756226,
            -0.7922706604003906,
            -0.20919421315193176
        ],
        [
            0.21430762112140656,
            -0.7861031889915466,
            -0.1900409460067749
        ],
        [
            0.23246628046035767,
            -0.8558447360992432,
            -0.20758859813213348
        ],
        [
            0.22455118596553802,
            -0.845641016960144,
            -0.2212057113647461
        ],
        [
            0.22843077778816223,
            -0.8334071636199951,
            -0.20863090455532074
        ],
        [
            0.23552924394607544,
            -0.8445567488670349,
            -0.19739055633544922
        ],
        [
            0.2124364972114563,
            -0.8891220092773438,
            -0.23088978230953217
        ],
        [
            0.20468655228614807,
            -0.8683019280433655,
            -0.24837124347686768
        ],
        [
            0.21466492116451263,
            -0.8585355281829834,
            -0.23621177673339844
        ],
        [
            0.2226044237613678,
            -0.8743578195571899,
            -0.2219441533088684
        ],
        [
            0.23912420868873596,
            -0.8508262634277344,
            -0.1858728528022766
        ],
        [
            0.2423419952392578,
            -0.8596658706665039,
            -0.16946300864219666
        ],
        [
            0.24251726269721985,
            -0.877281904220581,
            -0.17021027207374573
        ],
        [
            0.23824068903923035,
            -0.868755578994751,
            -0.19092363119125366
        ],
        [
            0.23536105453968048,
            -0.9005719423294067,
            -0.17284664511680603
        ],
        [
            0.23078498244285583,
            -0.8904983997344971,
            -0.1978887915611267
        ],
        [
            0.1945003867149353,
            -0.7530014514923096,
            -0.11265344172716141
        ],
        [
            0.20082169771194458,
            -0.7698140740394592,
            -0.11915678530931473
        ],
        [
            0.1813795119524002,
            -0.7267848253250122,
            -0.11750844120979309
        ],
        [
            0.18944032490253448,
            -0.7395020723342896,
            -0.10524153709411621
        ],
        [
            0.22139866650104523,
            -0.9200501441955566,
            -0.174673393368721
        ],
        [
            0.2173537015914917,
            -0.9090894460678101,
            -0.20490819215774536
        ],
        [
            0.2320670783519745,
            -0.8636427521705627,
            -0.1157124787569046
        ],
        [
            0.23773610591888428,
            -0.8752856254577637,
            -0.13073725998401642
        ],
        [
            0.2390679270029068,
            -0.8559701442718506,
            -0.13938185572624207
        ],
        [
            0.23405294120311737,
            -0.847785234451294,
            -0.12411901354789734
        ],
        [
            0.22520121932029724,
            -0.8805540800094604,
