{
    "pred_cam": [
        1.1855266094207764,
        0.011170992627739906,
        0.1792576014995575
    ],
    "pred_smpl_params": {
        "global_orient": [
            [
                [
                    0.9735794067382812,
                    0.20748642086982727,
                    0.09535431861877441
                ],
                [
                    0.20129336416721344,
                    -0.976980984210968,
                    0.07063349336385727
                ],
                [
                    0.10781484842300415,
                    -0.049573127180337906,
                    -0.9929342269897461
                ]
            ]
        ],
        "body_pose": [
            [
                [
                    0.9991973638534546,
                    0.004688522778451443,
                    -0.039782553911209106
                ],
                [
                    0.003066208679229021,
                    0.9812612533569336,
                    0.19265763461589813
                ],
                [
                    0.03994035720825195,
                    -0.1926249861717224,
                    0.9804592728614807
                ]
            ],
            [
                [
                    0.9998345375061035,
                    -0.01516636647284031,
                    0.010042548179626465
                ],
                [
                    0.012942444533109665,
                    0.9810922145843506,
                    0.19310767948627472
                ],
                [
                    -0.012781405821442604,
                    -0.19294574856758118,
                    0.9811261892318726
                ]
            ],
            [
                [
                    0.9988395571708679,
                    0.019696390256285667,
                    0.04395070672035217
                ],
                [
                    -0.010618937201797962,
                    0.9801594018936157,
                    -0.19792599976062775
                ],
                [
                    -0.04697712883353233,
                    0.19722959399223328,
                    0.9792311191558838
                ]
            ],
            [
                [
                    0.9923696517944336,
                    -0.033652279525995255,
                    -0.11861687153577805
                ],
                [
                    -0.042937442660331726,
                    0.8074929118156433,
                    -0.5883125066757202
                ],
                [
                    0.11558033525943756,
                    0.5889165997505188,
                    0.7998865246772766
                ]
            ],
            [
                [
                    0.9936280846595764,
                    -0.08499034494161606,
                    0.07402568310499191
                ],
                [
                    0.11260809004306793,
                    0.7762921452522278,
                    -0.6202338337898254
                ],
                [
                    -0.004751674365252256,
                    0.6246176362037659,
                    0.7809162735939026
                ]
            ],
            [
                [
                    0.9983689188957214,
                    0.0032013815362006426,
                    0.05700233578681946
                ],
                [
                    -0.0019081768114119768,
                    0.9997398853302002,
                    -0.022726865485310555
                ],
                [
                    -0.05706026777625084,
                    0.022581025958061218,
                    0.9981153607368469
                ]
            ],
            [
                [
                    0.9817148447036743,
                    0.07934971898794174,
                    0.17303048074245453
                ],
                [
                    -0.08389420807361603,
                    0.9962915778160095,
                    0.019099142402410507
                ],
                [
                    -0.17087331414222717,
                    -0.03326616808772087,
                    0.9847311973571777
                ]
            ],
            [
                [
                    0.9870654940605164,
                    -0.020062461495399475,
                    -0.15905703604221344
                ],
                [
                    0.020196503028273582,
                    0.9997957348823547,
                    -0.0007739470456726849
                ],
                [
                    0.15904006361961365,
                    -0.002448457758873701,
                    0.9872690439224243
                ]
            ],
            [
                [
                    0.9993805289268494,
                    -0.005954082123935223,
                    0.03468608856201172
                ],
                [
                    0.008393332362174988,
                    0.997468888759613,
                    -0.07060808688402176
                ],
                [
                    -0.034177884459495544,
                    0.07085547596216202,
                    0.9969009757041931
                ]
            ],
            [
                [
                    0.9838970303535461,
                    -0.1763010323047638,
                    -0.02940494567155838
                ],
                [
                    0.1787087768316269,
                    0.973235547542572,
                    0.14448411762714386
                ],
                [
                    0.0031452360562980175,
                    -0.14741240441799164,
                    0.9890701174736023
                ]
            ],
            [
                [
                    0.9938903450965881,
                    0.10978804528713226,
                    -0.011331373825669289
                ],
                [
                    -0.10556437820196152,
                    0.9755500555038452,
                    0.19276492297649384
                ],
                [
                    0.0322176069021225,
                    -0.19039104878902435,
                    0.9811794757843018
                ]
            ],
            [
                [
                    0.9910053610801697,
                    -0.01835026405751705,
                    -0.13255806267261505
                ],
                [
                    0.011447792872786522,
                    0.9985474944114685,
                    -0.052647024393081665
                ],
                [
                    0.13333162665367126,
                    0.05065598711371422,
                    0.9897760152816772
                ]
            ],
            [
                [
                    0.9424470067024231,
                    0.3329477906227112,
                    -0.030649080872535706
                ],
                [
                    -0.3339737355709076,
                    0.9417867660522461,
                    -0.03872146084904671
                ],
                [
                    0.015972672030329704,
                    0.046728912740945816,
                    0.9987799525260925
                ]
            ],
            [
                [
                    0.9478219151496887,
                    -0.27736586332321167,
                    0.15716803073883057
                ],
                [
                    0.2796693742275238,
                    0.9600654244422913,
                    0.007715299259871244
                ],
                [
                    -0.15303154289722443,
                    0.03664235398173332,
                    0.9875417947769165
                ]
            ],
            [
                [
                    0.9943407773971558,
                    -0.025305980816483498,
                    -0.10317970812320709
                ],
                [
                    0.0006736405775882304,
                    0.9726980924606323,
                    -0.23207329213619232
                ],
                [
                    0.1062355488538742,
                    0.23069043457508087,
                    0.9672104120254517
                ]
            ],
            [
                [
                    0.42444509267807007,
                    0.8634073138237,
                    -0.2727162539958954
                ],
                [
                    -0.9026444554328918,
                    0.4271867871284485,
                    -0.05238722264766693
                ],
                [
                    0.07126926630735397,
                    0.2684013247489929,
                    0.9606671333312988
                ]
            ],
            [
                [
                    0.43899914622306824,
                    -0.7946445345878601,
                    0.41930875182151794
                ],
                [
                    0.8713926076889038,
                    0.4902963936328888,
                    0.016862886026501656
                ],
                [
                    -0.21898557245731354,
                    0.35797974467277527,
                    0.9076870679855347
                ]
            ],
            [
                [
                    0.45460638403892517,
                    -0.3208792209625244,
                    -0.8308848738670349
                ],
                [
                    0.12396920472383499,
                    0.946567714214325,
                    -0.2977268695831299
                ],
                [
                    0.8820230960845947,
                    0.03234441205859184,
                    0.47009485960006714
                ]
            ],
            [
                [
                    0.15776677429676056,
                    0.40875542163848877,
                    0.8989041447639465
                ],
                [
                    0.05062394589185715,
                    0.9057594537734985,
                    -0.4207577407360077
                ],
                [
                    -0.986177921295166,
                    0.11188767105340958,
                    0.1222059354186058
                ]
            ],
            [
                [
                    0.990280270576477,
                    -0.1368652582168579,
                    -0.02475765347480774
                ],
                [
                    0.13801802694797516,
                    0.9890007972717285,
                    0.05318202078342438
                ],
                [
                    0.017206570133566856,
                    -0.0560821071267128,
                    0.9982778429985046
                ]
            ],
            [
                [
                    0.9849334359169006,
                    0.16560013592243195,
                    0.049827940762043
                ],
                [
                    -0.16673709452152252,
                    0.9858071208000183,
                    0.01956978440284729
                ],
                [
                    -0.04587998613715172,
                    -0.02758309803903103,
                    0.9985660910606384
                ]
            ],
            [
                [
                    0.9640904664993286,
                    0.2448238879442215,
                    -0.1029113382101059
                ],
                [
                    -0.2272639125585556,
                    0.9610498547554016,
                    0.15727119147777557
                ],
                [
                    0.13740667700767517,
                    -0.12823563814163208,
                    0.9821786284446716
                ]
            ],
            [
                [
                    0.9728800058364868,
                    -0.22249038517475128,
                    0.06326653808355331
                ],
                [
                    0.21112024784088135,
                    0.9658585786819458,
                    0.1501515954732895
                ],
                [
                    -0.09451381117105484,
                    -0.1327226161956787,
                    0.9866366982460022
                ]
            ]
        ],
        "betas": [
            -0.07680034637451172,
            -0.13210457563400269,
            0.05105587840080261,
            0.08543694019317627,
            0.04471480846405029,
            0.06167447939515114,
            0.00817379355430603,
            -0.07276302576065063,
            0.05013445019721985,
            -0.034542083740234375
        ]
    },
    "pred_cam_t": [
        0.011170992627739906,
        0.1792576014995575,
        32.949493408203125
    ],
    "focal_length": [
        5000.0,
        5000.0
    ],
    "pred_keypoints_3d": [
        [
            0.13239458203315735,
            -0.7403489351272583,
            -0.23944059014320374
        ],
        [
            0.11585995554924011,
            -0.7112837433815002,
            -0.051699794828891754
        ],
        [
            -0.07746247202157974,
            -0.6561388373374939,
            -0.07557772845029831
        ],
        [
            -0.1676754206418991,
            -0.4225739538669586,
            -0.038152262568473816
        ],
        [
            -0.009236901998519897,
            -0.3128664493560791,
            -0.20286040008068085
        ],
        [
            0.26283830404281616,
            -0.5937502980232239,
            0.01857384853065014
        ],
        [
            0.21582236886024475,
            -0.36331284046173096,
            0.12791137397289276
        ],
        [
            0.2079065442085266,
            -0.1871642768383026,
            -0.045888498425483704
        ],
        [
            -0.0017889599548652768,
            -0.2241867184638977,
            0.02886356972157955
        ],
        [
            -0.08724541962146759,
            -0.1496632993221283,
            0.030043642967939377
        ],
        [
            -0.18962937593460083,
            0.21396085619926453,
            -0.01906454935669899
        ],
        [
            -0.23235732316970825,
            0.5266262292861938,
            0.2219591736793518
        ],
        [
            0.04665510356426239,
            -0.12121520191431046,
            0.04752236604690552
        ],
        [
            0.008341770619153976,
            0.24691426753997803,
            0.0014459602534770966
        ],
        [
            -0.06754955649375916,
            0.565479576587677,
            0.2252892255783081
        ],
        [
            0.11280939728021622,
            -0.797153115272522,
            -0.22818401455879211
        ],
        [
            0.17713725566864014,
            -0.7804960012435913,
            -0.22939668595790863
        ],
        [
            0.08166297525167465,
            -0.8367084264755249,
            -0.1373472511768341
        ],
        [
            0.22485730051994324,
            -0.8000420331954956,
            -0.14008618891239166
        ],
        [
            -0.08358561992645264,
            0.6991320848464966,
            0.07878291606903076
        ],
        [
            -0.01772318407893181,
            0.6944392323493958,
            0.13000687956809998
        ],
        [
            -0.0683019682765007,
            0.5701760053634644,
            0.2949331998825073
        ],
        [
            -0.23951455950737,
            0.66392982006073,
            0.0804799497127533
        ],
        [
            -0.3117275834083557,
            0.6371688842773438,
            0.12141433358192444
        ],
        [
            -0.2396879643201828,
            0.5350373387336731,
            0.2942126393318176
        ],
        [
            -0.24754688143730164,
            0.4689760208129883,
            0.21797099709510803
        ],
        [
            -0.17510439455509186,
            0.15379253029823303,
            -0.02185206487774849
        ],
        [
            -0.14070671796798706,
            -0.2866055369377136,
            0.02190634235739708
        ],
        [
            0.1428542137145996,
            -0.21149539947509766,
            0.06837500631809235
        ],
        [
            0.026153715327382088,
            0.2090914249420166,
            0.0011996999382972717
        ],
        [
            -0.051393575966358185,
            0.5258328914642334,
            0.23203465342521667
        ],
        [
            -0.0027717938646674156,
            -0.3484232425689697,
            -0.1892370730638504
        ],
        [
            -0.17207218706607819,
            -0.44602492451667786,
            -0.07662507146596909
        ],
        [
            -0.03764111176133156,
            -0.6790080070495605,
            -0.07069285959005356
        ],
        [
            0.23954813182353973,
            -0.6291131377220154,
            0.0084262415766716
        ],
        [
            0.2586824595928192,
            -0.37592917680740356,
            0.0963703840970993
        ],
        [
            0.2180820107460022,
            -0.20845788717269897,
            -0.04733395576477051
        ],
        [
            0.11881226301193237,
            -0.7024661302566528,
            -0.05714429169893265
        ],
        [
            0.16603825986385345,
            -0.8567670583724976,
            -0.17686042189598083
        ],
        [
            0.0019445138750597835,
            -0.2490706741809845,
            0.045491840690374374
        ],
        [
            0.1002577394247055,
            -0.6518015265464783,
            -0.03359178081154823
        ],
        [
            0.05423026159405708,
            -0.4895540475845337,
            0.02482113614678383
        ],
        [
            0.1416565477848053,
            -0.7464662194252014,
            -0.1604296714067459
        ],
        [
            0.16645541787147522,
            -0.8779934644699097,
            -0.17751231789588928
        ]
    ],
    "pred_vertices": [
        [
            0.1992298662662506,
            -0.8183313012123108,
            -0.25111711025238037
        ],
        [
            0.18945439159870148,
            -0.8045529127120972,
            -0.25037407875061035
        ],
        [
            0.20039360225200653,
            -0.8026009798049927,
            -0.24124431610107422
        ],
        [
            0.20937788486480713,
            -0.814314603805542,
            -0.23727472126483917
        ],
        [
            0.19363418221473694,
            -0.7933007478713989,
            -0.2418806552886963
        ],
        [
            0.18342062830924988,
            -0.7941684126853943,
            -0.2485615313053131
        ],
        [
            0.2067570984363556,
            -0.799913763999939,
            -0.22901323437690735
        ],
        [
            0.21463271975517273,
            -0.8087520599365234,
            -0.22252735495567322
        ],
        [
            0.20534250140190125,
            -0.7720181345939636,
            -0.20254448056221008
        ],
        [
            0.20909950137138367,
            -0.7709066867828369,
            -0.191926509141922
        ],
        [
            0.2118363380432129,
            -0.7808364629745483,
            -0.1988980621099472
        ],
        [
            0.20612598955631256,
            -0.7797685861587524,
            -0.2075440138578415
        ],
        [
            0.19908833503723145,
            -0.7511982917785645,
            -0.18781323730945587
        ],
        [
            0.1901693344116211,
            -0.7411338686943054,
            -0.19131410121917725
        ],
        [
            0.1913592517375946,
            -0.7368993163108826,
            -0.17841652035713196
        ],
        [
            0.1991310864686966,
            -0.7469675540924072,
            -0.17398208379745483
        ],
        [
            0.15915550291538239,
            -0.7515568733215332,
            -0.21885666251182556
        ],
        [
            0.16325153410434723,
            -0.7448194026947021,
            -0.2150694578886032
        ],
        [
            0.16855473816394806,
            -0.7499808669090271,
            -0.2173406183719635
        ],
        [
            0.16359293460845947,
            -0.7563254833221436,
            -0.22045737504959106
        ],
        [
            0.15158051252365112,
            -0.7599050998687744,
            -0.2286403775215149
        ],
        [
            0.1541317105293274,
            -0.765848696231842,
            -0.22803719341754913
        ],
        [
            0.1498301774263382,
            -0.7682758569717407,
            -0.23429560661315918
        ],
        [
            0.14787372946739197,
            -0.7610840797424316,
            -0.23555782437324524
        ],
        [
            0.15268322825431824,
            -0.74840247631073,
            -0.21646469831466675
        ],
        [
            0.15718404948711395,
            -0.7415472865104675,
            -0.2122265100479126
        ],
        [
            0.15557861328125,
            -0.7570317983627319,
            -0.22265249490737915
        ],
        [
            0.15251709520816803,
            -0.7528598308563232,
            -0.22277460992336273
        ],
        [
            0.1473630666732788,
            -0.7439865469932556,
            -0.22949883341789246
        ],
        [
            0.15004819631576538,
            -0.7483205795288086,
            -0.2301734983921051
        ],
        [
            0.14622049033641815,
            -0.7473242282867432,
            -0.23689129948616028
        ],
        [
            0.14385926723480225,
            -0.7430943250656128,
            -0.23393888771533966
        ],
        [
            0.15073175728321075,
            -0.7465996742248535,
            -0.22077569365501404
        ],
        [
            0.1516374945640564,
            -0.747819185256958,
            -0.22459876537322998
        ],
        [
            0.14819739758968353,
            -0.7442352175712585,
            -0.22511568665504456
        ],
        [
            0.1466609090566635,
            -0.7440675497055054,
            -0.22121328115463257
        ],
        [
            0.14972105622291565,
            -0.7552053332328796,
            -0.22932372987270355
        ],
        [
            0.14669452607631683,
            -0.754677414894104,
            -0.23646607995033264
        ],
        [
            0.14255817234516144,
            -0.7540055513381958,
            -0.2435336709022522
        ],
        [
            0.14134353399276733,
            -0.7452131509780884,
            -0.24300208687782288
        ],
        [
            0.1715613454580307,
            -0.7331991195678711,
            -0.202739879488945
        ],
        [
            0.16773051023483276,
            -0.7385003566741943,
            -0.2099463939666748
        ],
        [
            0.16167229413986206,
            -0.7355955839157104,
            -0.20784860849380493
        ],
        [
            0.16537442803382874,
            -0.7309130430221558,
            -0.20263653993606567
        ],
        [
            0.1475207358598709,
            -0.742520272731781,
            -0.21669596433639526
        ],
        [
            0.14776483178138733,
            -0.7279396057128906,
            -0.20962807536125183
        ],
        [
            0.14882627129554749,
            -0.7310061454772949,
            -0.21155500411987305
        ],
        [
            0.1427808403968811,
            -0.7315322160720825,
            -0.21562796831130981
        ],
        [
            0.1424543261528015,
            -0.7285606861114502,
            -0.21368277072906494
        ],
        [
            0.1738831251859665,
            -0.7235293388366699,
            -0.18801623582839966
        ],
        [
            0.167757049202919,
            -0.722072422504425,
            -0.19175991415977478
        ],
        [
            0.16687878966331482,
            -0.7171715497970581,
            -0.18618157505989075
        ],
        [
            0.17220857739448547,
            -0.7182942628860474,
            -0.18066716194152832
        ],
        [
            0.1635415405035019,
            -0.7132800817489624,
            -0.18267418444156647
        ],
        [
            0.1695573329925537,
            -0.7133660316467285,
            -0.17416396737098694
        ],
        [
            0.15773747861385345,
            -0.703316330909729,
            -0.16823440790176392
        ],
        [
            0.1636376827955246,
            -0.7077215909957886,
            -0.1705707460641861
        ],
        [
            0.15852144360542297,
            -0.7092404365539551,
            -0.1806652545928955
        ],
        [
            0.1519259214401245,
            -0.7048434615135193,
            -0.181364506483078
        ],
        [
            0.14040887355804443,
            -0.70797199010849,
            -0.19145134091377258
        ],
        [
            0.13432328402996063,
            -0.7071017026901245,
            -0.19341038167476654
        ],
        [
            0.1364220678806305,
            -0.6965075731277466,
            -0.18594172596931458
        ],
        [
            0.14374157786369324,
            -0.6997619867324829,
            -0.18375912308692932
        ],
        [
            0.1465759575366974,
            -0.7247655391693115,
            -0.20295783877372742
        ],
        [
            0.15060772001743317,
            -0.7251686453819275,
            -0.2003154307603836
        ],
        [
            0.15100926160812378,
            -0.7253245115280151,
            -0.20302912592887878
        ],
        [
            0.14702364802360535,
            -0.7257784008979797,
            -0.2066207230091095
        ],
        [
            0.15411338210105896,
            -0.7249449491500854,
            -0.19839447736740112
        ],
        [
            0.15568456053733826,
            -0.7246719598770142,
            -0.19754990935325623
        ],
        [
            0.15568117797374725,
            -0.7252539992332458,
            -0.19923309981822968
        ],
        [
            0.15408450365066528,
            -0.7253490090370178,
            -0.19927501678466797
        ],
        [
            0.15208138525485992,
            -0.7252508401870728,
            -0.1997499018907547
        ],
        [
            0.15067824721336365,
            -0.7236802577972412,
            -0.1992759108543396
        ],
        [
            0.15307238698005676,
            -0.7242721319198608,
            -0.1985020935535431
        ],
        [
            0.14686724543571472,
            -0.722558856010437,
            -0.20155566930770874
        ],
        [
            0.13374166190624237,
            -0.7201112508773804,
            -0.2080504149198532
        ],
        [
            0.13765443861484528,
            -0.7201639413833618,
            -0.20681217312812805
        ],
        [
            0.13726294040679932,
            -0.7246932983398438,
            -0.20800986886024475
        ],
        [
            0.1339941769838333,
            -0.7249252796173096,
            -0.20928698778152466
        ],
        [
            0.1542707085609436,
            -0.7265634536743164,
            -0.2018771469593048
        ],
        [
            0.1571790724992752,
            -0.7273983955383301,
            -0.20193520188331604
        ],
        [
            0.15390314161777496,
            -0.7290438413619995,
            -0.2064293920993805
        ],
        [
            0.15221619606018066,
            -0.7272632122039795,
            -0.20466697216033936
        ],
        [
            0.16025733947753906,
            -0.7283945083618164,
            -0.20258000493049622
        ],
        [
            0.15817996859550476,
            -0.7260472178459167,
            -0.1991465985774994
        ],
        [
            0.16141191124916077,
            -0.7262212038040161,
            -0.19893626868724823
        ],
        [
            0.15478025376796722,
            -0.7233115434646606,
            -0.19676153361797333
        ],
        [
            0.1571214199066162,
            -0.7218711972236633,
            -0.19458840787410736
        ],
        [
            0.15817710757255554,
            -0.7235115766525269,
            -0.19666928052902222
        ],
        [
            0.1544191688299179,
            -0.7194243669509888,
            -0.19353416562080383
        ],
        [
            0.15189999341964722,
            -0.7218190431594849,
            -0.19695666432380676
        ],
        [
            0.1479029506444931,
            -0.7198398113250732,
            -0.1987530142068863
        ],
        [
            0.14286497235298157,
            -0.7179195284843445,
            -0.2013484090566635
        ],
        [
            0.1443600356578827,
            -0.7145520448684692,
            -0.19632863998413086
        ],
        [
            0.14996783435344696,
            -0.7167787551879883,
            -0.19437560439109802
        ],
        [
            0.15680642426013947,
            -0.7322930097579956,
            -0.20755311846733093
        ],
        [
            0.16227319836616516,
            -0.7227846384048462,
            -0.1945352852344513
        ],
        [
            0.167134627699852,
            -0.7273800373077393,
            -0.19738388061523438
        ],
        [
            0.16117197275161743,
            -0.7192292213439941,
            -0.1913112998008728
        ],
        [
            0.15819741785526276,
            -0.7161182761192322,
            -0.18898099660873413
        ],
        [
            0.1534162163734436,
            -0.7130736112594604,
            -0.18850858509540558
        ],
        [
            0.14697960019111633,
            -0.7101852893829346,
            -0.1898883879184723
        ],
        [
            0.13788282871246338,
            -0.6932539939880371,
            -0.17169947922229767
        ],
        [
            0.14736251533031464,
            -0.697394073009491,
            -0.1703578531742096
        ],
        [
            0.17979997396469116,
            -0.7892353534698486,
            -0.24259689450263977
        ],
        [
            0.1883111447095871,
            -0.7876209020614624,
            -0.239585742354393
        ],
        [
            0.18726332485675812,
            -0.783108651638031,
            -0.23140740394592285
        ],
        [
            0.18960323929786682,
            -0.784616231918335,
            -0.232280895113945
        ],
        [
            0.1845155507326126,
            -0.7856491208076477,
            -0.2361903339624405
        ],
        [
            0.18337535858154297,
            -0.7836935520172119,
            -0.23409684002399445
        ],
        [
            0.19999046623706818,
            -0.78034907579422,
            -0.21390357613563538
        ],
        [
            0.19528545439243317,
            -0.780988335609436,
            -0.21903005242347717
        ],
        [
            0.19490769505500793,
            -0.7783237099647522,
            -0.21592742204666138
        ],
        [
            0.2002289891242981,
            -0.7745469212532043,
            -0.2102324664592743
        ],
        [
            0.18519467115402222,
            -0.7705926895141602,
            -0.21880309283733368
        ],
        [
            0.1899869441986084,
            -0.7721083164215088,
            -0.2163652926683426
        ],
        [
            0.18759888410568237,
            -0.777414083480835,
            -0.22204309701919556
        ],
        [
            0.1841731071472168,
            -0.7762587666511536,
            -0.22389420866966248
        ],
        [
            0.18022851645946503,
            -0.7759078741073608,
            -0.22553490102291107
        ],
        [
            0.176039457321167,
            -0.7763471603393555,
            -0.22687092423439026
        ],
        [
            0.17504382133483887,
            -0.772050142288208,
            -0.223775714635849
        ],
        [
            0.17992213368415833,
            -0.7708439826965332,
            -0.2215220332145691
        ],
        [
            0.1782270073890686,
            -0.7875509858131409,
            -0.23801535367965698
        ],
        [
            0.17104722559452057,
            -0.7887308597564697,
            -0.23764851689338684
        ],
        [
            0.17167706787586212,
            -0.7861998081207275,
            -0.23554128408432007
        ],
        [
            0.17771776020526886,
            -0.7848494052886963,
            -0.23620456457138062
        ],
        [
            0.1606823205947876,
            -0.7855736613273621,
            -0.22819378972053528
        ],
        [
            0.16237691044807434,
            -0.7868976593017578,
            -0.23030471801757812
        ],
        [
            0.15917715430259705,
            -0.7883988618850708,
            -0.23214200139045715
        ],
        [
            0.15732824802398682,
            -0.7851947546005249,
            -0.22923490405082703
        ],
        [
            0.15877367556095123,
            -0.7820475101470947,
            -0.227772518992424
        ],
        [
            0.1614634394645691,
            -0.783625602722168,
            -0.2277226746082306
        ],
        [
            0.19589559733867645,
            -0.8393937349319458,
            -0.2597581446170807
        ],
        [
            0.18660777807235718,
            -0.8226065039634705,
            -0.2600726783275604
        ],
        [
            0.21013782918453217,
            -0.8351233005523682,
            -0.24547749757766724
        ],
        [
            0.2177594006061554,
            -0.8289166688919067,
            -0.2298332154750824
        ],
        [
            0.22266891598701477,
            -0.8191559314727783,
            -0.21474212408065796
        ],
        [
            0.18229863047599792,
            -0.728786051273346,
            -0.1833200752735138
        ],
        [
            0.18199458718299866,
            -0.7236344814300537,
            -0.17350438237190247
        ],
        [
            0.192016139626503,
            -0.7334157228469849,
            -0.16584794223308563
        ],
        [
            0.18810434639453888,
            -0.7273378968238831,
            -0.15647926926612854
        ],
        [
            0.1781136691570282,
            -0.7173077464103699,
            -0.16510936617851257
        ],
        [
            0.16164810955524445,
            -0.7055312395095825,
            -0.1547144055366516
        ],
        [
            0.17124956846237183,
            -0.7107372879981995,
            -0.15861281752586365
        ],
        [
            0.18161964416503906,
            -0.722434401512146,
            -0.14689664542675018
        ],
        [
            0.19274404644966125,
            -0.737885594367981,
            -0.13867507874965668
        ],
        [
            0.19680145382881165,
            -0.739743173122406,
            -0.14985391497612
        ],
        [
            0.20114515721797943,
            -0.7557815313339233,
            -0.13442401587963104
        ],
        [
            0.1876845359802246,
            -0.737259566783905,
            -0.12452764809131622
        ],
        [
            0.19888414442539215,
            -0.7594192624092102,
            -0.1259380429983139
        ],
        [
            0.1665036678314209,
            -0.7082330584526062,
            -0.11371342837810516
        ],
        [
            0.1664469838142395,
            -0.700709342956543,
            -0.10569405555725098
        ],
        [
            0.177109032869339,
            -0.7107086777687073,
            -0.09438316524028778
        ],
        [
            0.17877957224845886,
            -0.7179378271102905,
            -0.10302123427391052
        ],
        [
            0.1991233080625534,
            -0.7427642345428467,
            -0.16077405214309692
        ],
        [
            0.2167930006980896,
            -0.7928719520568848,
            -0.19668908417224884
        ],
        [
            0.21169044077396393,
            -0.7887028455734253,
            -0.20703376829624176
        ],
        [
            0.2157931625843048,
            -0.7832322120666504,
            -0.18757861852645874
        ],
        [
            0.23481443524360657,
            -0.8521712422370911,
            -0.2071286141872406
        ],
        [
            0.2271975427865982,
            -0.8415381908416748,
            -0.22059416770935059
        ],
        [
            0.23067742586135864,
            -0.8297693729400635,
            -0.2074846625328064
        ],
        [
            0.23754921555519104,
            -0.8412680625915527,
            -0.19646728038787842
        ],
        [
            0.2155713438987732,
            -0.8846831321716309,
            -0.23215869069099426
        ],
        [
            0.20817561447620392,
            -0.8632688522338867,
            -0.24906222522258759
        ],
        [
            0.21778613328933716,
            -0.85392165184021,
            -0.23629535734653473
        ],
        [
            0.22541144490242004,
            -0.870211124420166,
            -0.2224104106426239
        ],
        [
            0.24086296558380127,
            -0.8479031920433044,
            -0.18509016931056976
        ],
        [
            0.24369975924491882,
            -0.857321560382843,
            -0.16893532872200012
        ],
        [
            0.24399858713150024,
            -0.8748952150344849,
            -0.1703028678894043
        ],
        [
            0.2402568757534027,
            -0.8656556606292725,
            -0.1908113658428192
        ],
        [
            0.2370477318763733,
            -0.898118257522583,
            -0.1739589422941208
        ],
        [
            0.23306691646575928,
            -0.8871607780456543,
            -0.1987319439649582
        ],
        [
            0.1938723772764206,
            -0.7528043985366821,
            -0.10985542088747025
        ],
        [
            0.20043328404426575,
            -0.7694123387336731,
            -0.1166265532374382
        ],
        [
            0.18080560863018036,
            -0.726447582244873,
            -0.11439545452594757
        ],
        [
            0.18861174583435059,
            -0.7395352125167847,
            -0.10232395678758621
        ],
        [
            0.2232334017753601,
            -0.9175851345062256,
            -0.17684157192707062
        ],
        [
            0.21992778778076172,
            -0.9055608510971069,
            -0.20676855742931366
        ],
        [
            0.23205703496932983,
            -0.8632335066795349,
            -0.11561888456344604
        ],
        [
            0.238160640001297,
            -0.874326229095459,
            -0.13090142607688904
        ],
        [
            0.2396363914012909,
            -0.8547035455703735,
            -0.13880394399166107
        ],
        [
            0.23416605591773987,
            -0.8470745086669922,
            -0.12339887022972107
        ],
        [
            0.22505724430084229,
            -0.8804961442947388,
            -0.10746313631534576
        ],
        [
