{
    "pred_cam": [
        1.4121320247650146,
        0.13917838037014008,
        0.26805850863456726
    ],
    "pred_smpl_params": {
        "global_orient": [
            [
                [
                    -0.3512999713420868,
                    0.10579756647348404,
                    -0.9302661418914795
                ],
                [
                    0.18898263573646545,
                    -0.9651309847831726,
                    -0.18112890422344208
                ],
                [
                    -0.9169917702674866,
                    -0.23943473398685455,
                    0.31905657052993774
                ]
            ]
        ],
        "body_pose": [
            [
                [
                    0.9960748553276062,
                    0.04670445993542671,
                    0.07519090920686722
                ],
                [
                    -0.059736959636211395,
                    0.981543242931366,
                    0.18167132139205933
                ],
                [
                    -0.06531825661659241,
                    -0.18544989824295044,
                    0.9804805517196655
                ]
            ],
            [
                [
                    0.9843192100524902,
                    0.15478476881980896,
                    -0.08460114151239395
                ],
                [
                    -0.15116485953330994,
                    0.9873581528663635,
                    0.04767680540680885
                ],
                [
                    0.09091126918792725,
                    -0.03414047509431839,
                    0.9952735900878906
                ]
            ],
            [
                [
                    0.9978299140930176,
                    -0.027042271569371223,
                    0.060034316033124924
                ],
                [
                    0.03781367465853691,
                    0.9817716479301453,
                    -0.18626455962657928
                ],
                [
                    -0.05390297621488571,
                    0.1881304830312729,
                    0.9806636571884155
                ]
            ],
            [
                [
                    0.9817337989807129,
                    0.1843285858631134,
                    0.04713618755340576
                ],
                [
                    -0.1792973279953003,
                    0.9792064428329468,
                    -0.09490610659122467
                ],
                [
                    -0.0636499673128128,
                    0.08472112566232681,
                    0.9943696856498718
                ]
            ],
            [
                [
                    0.992442786693573,
                    0.041918061673641205,
                    0.11532653868198395
                ],
                [
                    -0.03818589821457863,
                    0.9986788630485535,
                    -0.03438383713364601
                ],
                [
                    -0.11661548912525177,
                    0.029720142483711243,
                    0.9927322864532471
                ]
            ],
            [
                [
                    0.9836440086364746,
                    -0.17562095820903778,
                    0.04002007097005844
                ],
                [
                    0.17807020246982574,
                    0.9815763831138611,
                    -0.06927322596311569
                ],
                [
                    -0.0271169263869524,
                    0.07526658475399017,
                    0.996794581413269
                ]
            ],
            [
                [
                    0.9687994718551636,
                    0.00990188866853714,
                    0.2476479411125183
                ],
                [
                    -0.005847940221428871,
                    0.9998366832733154,
                    -0.017100058495998383
                ],
                [
                    -0.2477768212556839,
                    0.01511829812079668,
                    0.9686991572380066
                ]
            ],
            [
                [
                    0.9702696800231934,
                    -0.07309793680906296,
                    -0.23072370886802673
                ],
                [
                    0.060475483536720276,
                    0.9962841868400574,
                    -0.06132347881793976
                ],
                [
                    0.23434899747371674,
                    0.045547183603048325,
                    0.9710849523544312
                ]
            ],
            [
                [
                    0.9968815445899963,
                    -0.0753212496638298,
                    0.023533273488283157
                ],
                [
                    0.07694623619318008,
                    0.9939666390419006,
                    -0.07816486805677414
                ],
                [
                    -0.017503809183835983,
                    0.07973191887140274,
                    0.9966626763343811
                ]
            ],
            [
                [
                    0.998788595199585,
                    -0.03974033519625664,
                    0.029015956446528435
                ],
                [
                    0.04114257171750069,
                    0.997929036617279,
                    -0.04944562911987305
                ],
                [
                    -0.02699088305234909,
                    0.050579529255628586,
                    0.9983551502227783
                ]
            ],
            [
                [
                    0.9975408315658569,
                    0.05916948243975639,
                    -0.037564657628536224
                ],
                [
                    -0.05855773761868477,
                    0.9981361627578735,
                    0.01718166470527649
                ],
                [
                    0.03851127251982689,
                    -0.01493971236050129,
                    0.9991464018821716
                ]
            ],
            [
                [
                    0.988051176071167,
                    0.0380779430270195,
                    0.14934776723384857
                ],
                [
                    0.009725028648972511,
                    0.9516671895980835,
                    -0.3069770932197571
                ],
                [
                    -0.15381842851638794,
                    0.3047615587711334,
                    0.9399255514144897
                ]
            ],
            [
                [
                    0.8933921456336975,
                    -0.17115546762943268,
                    -0.4153989255428314
                ],
                [
                    0.22767356038093567,
                    0.9695534110069275,
                    0.09017212688922882
                ],
                [
                    0.387317955493927,
                    -0.17513442039489746,
                    0.9051589965820312
                ]
            ],
            [
                [
                    0.8820647597312927,
                    -0.275219589471817,
                    0.3823818564414978
                ],
                [
                    0.2618434727191925,
                    0.9611128568649292,
                    0.08775042742490768
                ],
                [
                    -0.39166274666786194,
                    0.022722627967596054,
                    0.9198282361030579
                ]
            ],
            [
                [
                    0.9896101355552673,
                    0.006995039992034435,
                    -0.14360666275024414
                ],
                [
                    -0.0664992704987526,
                    0.9078290462493896,
                    -0.41403403878211975
                ],
                [
                    0.1274741291999817,
                    0.4192820191383362,
                    0.8988620042800903
                ]
            ],
            [
                [
                    0.7772316932678223,
                    0.14429543912410736,
                    -0.6124457120895386
                ],
                [
                    -0.1321467012166977,
                    0.9890750646591187,
                    0.06532890349626541
                ],
                [
                    0.6151813864707947,
                    0.030156981199979782,
                    0.7878086566925049
                ]
            ],
            [
                [
                    0.6006937026977539,
                    -0.620414137840271,
                    0.5042353868484497
                ],
                [
                    0.6951751708984375,
                    0.7168225049972534,
                    0.05382312461733818
                ],
                [
                    -0.39483994245529175,
                    0.3182007074356079,
                    0.8618872761726379
                ]
            ],
            [
                [
                    0.1034812182188034,
                    -0.10298260301351547,
                    -0.9892856478691101
                ],
                [
                    -0.14835989475250244,
                    0.9819004535675049,
                    -0.11773253232240677
                ],
                [
                    0.9835043549537659,
                    0.15895339846611023,
                    0.08632976561784744
                ]
            ],
            [
                [
                    0.4974217116832733,
                    0.13427674770355225,
                    0.8570539951324463
                ],
                [
                    0.013225676491856575,
                    0.9866597056388855,
                    -0.16225840151309967
                ],
                [
                    -0.8674080967903137,
                    0.09204597026109695,
                    0.4890100657939911
                ]
            ],
            [
                [
                    0.9867097735404968,
                    -0.06601151823997498,
                    -0.14848004281520844
                ],
                [
                    0.07456713914871216,
                    0.9958168268203735,
                    0.05280672758817673
                ],
                [
                    0.1443730890750885,
                    -0.06317664682865143,
                    0.9875044822692871
                ]
            ],
            [
                [
                    0.9929859638214111,
                    0.03070865012705326,
                    0.11417453736066818
                ],
                [
                    -0.0595865435898304,
                    0.964055061340332,
                    0.258934885263443
                ],
                [
                    -0.10211899876594543,
                    -0.2639220058917999,
                    0.9591229557991028
                ]
            ],
            [
                [
                    0.9927789568901062,
                    0.10443706810474396,
                    -0.05901621654629707
                ],
                [
                    -0.09927129745483398,
                    0.9914605021476746,
                    0.08456609398126602
                ],
                [
                    0.06734407693147659,
                    -0.07809681445360184,
                    0.99466872215271
                ]
            ],
            [
                [
                    0.9926429390907288,
                    -0.12001808732748032,
                    -0.015988022089004517
                ],
                [
                    0.1210656389594078,
                    0.985758364200592,
                    0.1167193129658699
                ],
                [
                    0.0017518979730084538,
                    -0.11779621243476868,
                    0.993036150932312
                ]
            ]
        ],
        "betas": [
            -0.1358032524585724,
            -0.1851464807987213,
            0.08489689230918884,
            0.5101340413093567,
            0.20694845914840698,
            0.028926346451044083,
            -0.016294538974761963,
            -0.0958520770072937,
            0.1330384612083435,
            -0.014913439750671387
        ]
    },
    "pred_cam_t": [
        0.13917838037014008,
        0.26805850863456726,
        27.662073135375977
    ],
    "focal_length": [
        5000.0,
        5000.0
    ],
    "pred_keypoints_3d": [
        [
            -0.17129570245742798,
            -0.7262037992477417,
            0.030792422592639923
        ],
        [
            0.00805971771478653,
            -0.7309213876724243,
            -0.001420721411705017
        ],
        [
            0.034232497215270996,
            -0.6192825436592102,
            0.16507762670516968
        ],
        [
            -0.043011486530303955,
            -0.3873409330844879,
            0.22131341695785522
        ],
        [
            -0.2703838348388672,
            -0.3236962556838989,
            0.13507695496082306
        ],
        [
            -0.05936451256275177,
            -0.698954164981842,
            -0.15572717785835266
        ],
        [
            -0.3030397295951843,
            -0.6919045448303223,
            -0.2377271056175232
        ],
        [
            -0.37760502099990845,
            -0.624012291431427,
            -0.01348806917667389
        ],
        [
            -0.0020827881526201963,
            -0.22772452235221863,
            0.028232473880052567
        ],
        [
            0.016102593392133713,
            -0.152500718832016,
            0.11024360358715057
        ],
        [
            0.00953264907002449,
            0.18161672353744507,
            0.28346705436706543
        ],
        [
            0.029482435435056686,
            0.5488942861557007,
            0.41777974367141724
        ],
        [
            -0.029642971232533455,
            -0.1253170520067215,
            -0.015471618622541428
        ],
        [
            -0.13080814480781555,
            0.21643023192882538,
            0.0768362283706665
        ],
        [
            -0.13312631845474243,
            0.5577908158302307,
            0.26791778206825256
        ],
        [
            -0.1666785329580307,
            -0.7773464918136597,
            0.0651058703660965
        ],
        [
            -0.18163397908210754,
            -0.7778677940368652,
            0.00027175992727279663
        ],
        [
            -0.08026309311389923,
            -0.8323097825050354,
            0.09094537794589996
        ],
        [
            -0.11405731737613678,
            -0.8333074450492859,
            -0.05488836020231247
        ],
        [
            -0.3307185173034668,
            0.5882229804992676,
            0.2984677255153656
        ],
        [
            -0.2849040925502777,
            0.6264676451683044,
            0.23957444727420807
        ],
        [
            -0.07863234728574753,
            0.5974795818328857,
            0.2769734859466553
        ],
        [
            -0.1401778757572174,
            0.5637142658233643,
            0.5245527625083923
        ],
        [
            -0.06089724600315094,
            0.5551057457923889,
            0.5619565844535828
        ],
        [
            0.08071551471948624,
            0.599189043045044,
            0.40939629077911377
        ],
        [
            0.06481704860925674,
            0.5008473992347717,
            0.4043930172920227
        ],
        [
            0.01086049061268568,
            0.12205194681882858,
            0.2551845908164978
        ],
        [
            0.06034693121910095,
            -0.2837468087673187,
            0.15091156959533691
        ],
        [
            -0.026894252747297287,
            -0.21058695018291473,
            -0.11818859726190567
        ],
        [
            -0.12375474721193314,
            0.18036215007305145,
            0.05183923617005348
        ],
        [
            -0.10624954104423523,
            0.5350381731987,
            0.24078436195850372
        ],
        [
            -0.25757306814193726,
            -0.3616284132003784,
            0.13022585213184357
        ],
        [
            -0.06215403974056244,
            -0.41694700717926025,
            0.23884537816047668
        ],
        [
            0.03196842223405838,
            -0.6545150876045227,
            0.13358458876609802
        ],
        [
            -0.04183980077505112,
            -0.7210346460342407,
            -0.13987942039966583
        ],
        [
            -0.28863275051116943,
            -0.7261526584625244,
            -0.21242086589336395
        ],
        [
            -0.35861748456954956,
            -0.638995885848999,
            -0.013660005293786526
        ],
        [
            0.0009715617634356022,
            -0.7244070768356323,
            0.0037583671510219574
        ],
        [
            -0.14596325159072876,
            -0.8600708842277527,
            0.025046706199645996
        ],
        [
            0.016604140400886536,
            -0.24769647419452667,
            0.015775315463542938
        ],
        [
            -0.003454562509432435,
            -0.6815820336341858,
            -0.0007129162549972534
        ],
        [
            0.039893195033073425,
            -0.49094492197036743,
            -0.026137690991163254
        ],
        [
            -0.10085828602313995,
            -0.7542954087257385,
            0.01081908494234085
        ],
        [
            -0.15134087204933167,
            -0.8783867359161377,
            0.030801735818386078
        ]
    ],
    "pred_vertices": [
        [
            -0.21638552844524384,
            -0.8124032020568848,
            -0.004649382084608078
        ],
        [
            -0.21061868965625763,
            -0.7967627048492432,
            -0.00013924390077590942
        ],
        [
            -0.20397479832172394,
            -0.8002846837043762,
            -0.012793619185686111
        ],
        [
            -0.20501673221588135,
            -0.8143893480300903,
            -0.01789386384189129
        ],
        [
            -0.20134907960891724,
            -0.7893592119216919,
            -0.00929577648639679
        ],
        [
            -0.2050965577363968,
            -0.7858946323394775,
            0.0015749633312225342
        ],
        [
            -0.19350752234458923,
            -0.8024294376373291,
            -0.021820172667503357
        ],
        [
            -0.19145768880844116,
            -0.8150146007537842,
            -0.026903949677944183
        ],
        [
            -0.1625918447971344,
            -0.7838035225868225,
            -0.03354416787624359
        ],
        [
            -0.15370282530784607,
            -0.7869479656219482,
            -0.039186690002679825
        ],
        [
            -0.16282419860363007,
            -0.7948218584060669,
            -0.03723682463169098
        ],
        [
            -0.16910958290100098,
            -0.7898083925247192,
            -0.030942518264055252
        ],
        [
            -0.14298111200332642,
            -0.7667040824890137,
            -0.036343690007925034
        ],
        [
            -0.14185306429862976,
            -0.7541618943214417,
            -0.030684782192111015
        ],
        [
            -0.12914681434631348,
            -0.7538725733757019,
            -0.03571370616555214
        ],
        [
            -0.12893424928188324,
            -0.7667419910430908,
            -0.04066435992717743
        ],
        [
            -0.16155138611793518,
            -0.748873233795166,
            0.006323479115962982
        ],
        [
            -0.1577843427658081,
            -0.744449257850647,
            -0.00026488304138183594
        ],
        [
            -0.16260839998722076,
            -0.749930739402771,
            -0.0032256804406642914
        ],
        [
            -0.16534054279327393,
            -0.7539864778518677,
            0.003822874277830124
        ],
        [
            -0.17026785016059875,
            -0.752234160900116,
            0.017296504229307175
        ],
        [
            -0.17163915932178497,
            -0.7585306167602539,
            0.016637615859508514
        ],
        [
            -0.17685338854789734,
            -0.7579600811004639,
            0.022578023374080658
        ],
        [
            -0.17605280876159668,
            -0.750497043132782,
            0.02232292667031288
        ],
        [
            -0.1567373424768448,
            -0.7450377941131592,
            0.010853338986635208
        ],
        [
            -0.15264573693275452,
            -0.7408492565155029,
            0.0038319341838359833
        ],
        [
            -0.1650591790676117,
            -0.752251923084259,
            0.01185675710439682
        ],
        [
            -0.1635359525680542,
            -0.7474900484085083,
            0.013213466852903366
        ],
        [
            -0.16674576699733734,
            -0.7360744476318359,
            0.016510706394910812
        ],
        [
            -0.1690213829278946,
            -0.7405378222465515,
            0.015480779111385345
        ],
        [
            -0.174083411693573,
            -0.7369281053543091,
            0.019695237278938293
        ],
        [
            -0.16981622576713562,
            -0.7331339120864868,
            0.02005195990204811
        ],
        [
            -0.15992237627506256,
            -0.7417590618133545,
            0.012344207614660263
        ],
        [
            -0.16395270824432373,
            -0.7422058582305908,
            0.01264454796910286
        ],
        [
            -0.1628369688987732,
            -0.7377966642379761,
            0.014763884246349335
        ],
        [
            -0.15879365801811218,
            -0.7382928133010864,
            0.015508763492107391
        ],
        [
            -0.16939246654510498,
            -0.7473213076591492,
            0.01744820922613144
        ],
        [
            -0.1752745509147644,
            -0.7440586090087891,
            0.02142024040222168
        ],
        [
            -0.18067842721939087,
            -0.7403685450553894,
            0.026327136904001236
        ],
        [
            -0.17811216413974762,
            -0.7318320274353027,
            0.02477150410413742
        ],
        [
            -0.14611932635307312,
            -0.7389036417007446,
            -0.01383051648736
        ],
        [
            -0.15283054113388062,
            -0.7412539124488831,
            -0.007607411593198776
        ],
        [
            -0.14871568977832794,
            -0.7375894784927368,
            -0.003080572932958603
        ],
        [
            -0.14389586448669434,
            -0.7354207038879395,
            -0.008867437019944191
        ],
        [
            -0.15447893738746643,
            -0.7381886839866638,
            0.01352621242403984
        ],
        [
            -0.14497101306915283,
            -0.7267183065414429,
            0.007763005793094635
        ],
        [
            -0.1476665437221527,
            -0.7293099761009216,
            0.007992185652256012
        ],
        [
            -0.1500278264284134,
            -0.7271790504455566,
            0.01445910707116127
        ],
        [
            -0.1475464403629303,
            -0.7248156070709229,
            0.013567861169576645
        ],
        [
            -0.13105720281600952,
            -0.7342711091041565,
            -0.021907992660999298
        ],
        [
            -0.13265547156333923,
            -0.7303209900856018,
            -0.01584225334227085
        ],
        [
            -0.1262395977973938,
            -0.7269987463951111,
            -0.017571795731782913
        ],
        [
            -0.12271812558174133,
            -0.7309104204177856,
            -0.023263517767190933
        ],
        [
            -0.12137570977210999,
            -0.7233209609985352,
            -0.015932373702526093
        ],
        [
            -0.11529766023159027,
            -0.7271915674209595,
            -0.023231472820043564
        ],
        [
            -0.10510468482971191,
            -0.7163323760032654,
            -0.01615442894399166
        ],
        [
            -0.10950237512588501,
            -0.721417248249054,
            -0.01995174214243889
        ],
        [
            -0.1173928827047348,
            -0.7187995910644531,
            -0.012711288407444954
        ],
        [
            -0.11553482711315155,
            -0.7129076719284058,
            -0.007607106119394302
        ],
        [
            -0.12224265933036804,
            -0.7108355164527893,
            0.005550030618906021
        ],
        [
            -0.12221109867095947,
            -0.7081595659255981,
            0.011449411511421204
        ],
        [
            -0.11371536552906036,
            -0.7006421089172363,
            0.00508074089884758
        ],
        [
            -0.11461970210075378,
            -0.7055149674415588,
            -0.0010385997593402863
        ],
        [
            -0.13768567144870758,
            -0.7253600358963013,
            0.007156640291213989
        ],
        [
            -0.1364341676235199,
            -0.7273464202880859,
            0.0029504895210266113
        ],
        [
            -0.1390925943851471,
            -0.7269051671028137,
            0.003090381622314453
        ],
        [
            -0.1414804756641388,
            -0.7254638075828552,
            0.007566042244434357
        ],
        [
            -0.13562016189098358,
            -0.7283467054367065,
            -0.0008966512978076935
        ],
        [
            -0.13520877063274384,
            -0.7287243008613586,
            -0.0026278458535671234
        ],
        [
            -0.13689027726650238,
            -0.7288316488265991,
            -0.002118624746799469
        ],
        [
            -0.1364040970802307,
            -0.7287273406982422,
            -0.0008370578289031982
        ],
        [
            -0.1363053321838379,
            -0.7280105352401733,
            0.0011641941964626312
        ],
        [
            -0.1351793110370636,
            -0.7262933850288391,
            0.0019679367542266846
        ],
        [
            -0.13534557819366455,
            -0.7274231910705566,
            -4.400685429573059e-05
        ],
        [
            -0.13606411218643188,
            -0.7237393856048584,
            0.005654338747262955
        ],
        [
            -0.1382453739643097,
            -0.7164580821990967,
            0.018264781683683395
        ],
        [
            -0.1381622850894928,
            -0.7177929878234863,
            0.014670107513666153
        ],
        [
            -0.13999301195144653,
            -0.7217041254043579,
            0.016600869596004486
        ],
        [
            -0.1403014212846756,
            -0.7206951975822449,
            0.019638512283563614
        ],
        [
            -0.13914737105369568,
            -0.7291960716247559,
            -0.0003753863275051117
        ],
        [
            -0.1402854174375534,
            -0.7304043769836426,
            -0.0023316778242588043
        ],
        [
            -0.1438921093940735,
            -0.7300485372543335,
            0.0020272359251976013
        ],
        [
            -0.14140093326568604,
            -0.7284734845161438,
            0.0028733424842357635
        ],
        [
            -0.14189177751541138,
            -0.7319670915603638,
            -0.005024909973144531
        ],
        [
            -0.1376960277557373,
            -0.7301374673843384,
            -0.004277568310499191
        ],
        [
            -0.1384373903274536,
            -0.7310254573822021,
            -0.007468661293387413
        ],
        [
            -0.13395419716835022,
            -0.7273873686790466,
            -0.0023082345724105835
        ],
        [
            -0.13227294385433197,
            -0.7271577715873718,
            -0.005405362695455551
        ],
        [
            -0.13487544655799866,
            -0.7284221649169922,
            -0.005516465753316879
        ],
        [
            -0.13015590608119965,
            -0.7243788838386536,
            -0.0037904642522335052
        ],
        [
            -0.13306383788585663,
            -0.7252095937728882,
            -1.3355165719985962e-05
        ],
        [
            -0.13329452276229858,
            -0.7219110727310181,
            0.003507353365421295
        ],
        [
            -0.13394469022750854,
            -0.7182873487472534,
            0.008128281682729721
        ],
        [
            -0.1289900541305542,
            -0.7168219089508057,
            0.004848096519708633
        ],
        [
            -0.1291975975036621,
            -0.7206276655197144,
            -0.0001750551164150238
        ],
        [
            -0.14643827080726624,
            -0.7333500385284424,
            0.00021722912788391113
        ],
        [
            -0.13387846946716309,
            -0.7291398644447327,
            -0.010044537484645844
        ],
        [
            -0.13876107335090637,
            -0.7337912321090698,
            -0.012560723349452019
        ],
        [
            -0.12983176112174988,
            -0.7263708710670471,
            -0.010678354650735855
        ],
        [
            -0.12624937295913696,
            -0.7233058214187622,
            -0.009235445410013199
        ],
        [
            -0.123933345079422,
            -0.7191793918609619,
            -0.005172520875930786
        ],
        [
            -0.12285596132278442,
            -0.7148172855377197,
            -0.00010215118527412415
        ],
        [
            -0.1005263477563858,
            -0.7014654874801636,
            0.00019825994968414307
        ],
        [
            -0.10304155945777893,
            -0.7075033187866211,
            -0.007476266473531723
        ],
        [
            -0.19726672768592834,
            -0.7822661995887756,
            0.002506926655769348
        ],
        [
            -0.1962067186832428,
            -0.78371262550354,
            -0.006417613476514816
        ],
        [
            -0.18720653653144836,
            -0.7814527153968811,
            -0.008171897381544113
        ],
        [
            -0.1889464110136032,
            -0.7830363512039185,
            -0.009530160576105118
        ],
        [
            -0.19169169664382935,
            -0.7817418575286865,
            -0.004092834889888763
        ],
        [
            -0.18894214928150177,
            -0.7803028225898743,
            -0.0038893967866897583
        ],
        [
            -0.17335447669029236,
            -0.7873318195343018,
            -0.02425052598118782
        ],
        [
            -0.17690105736255646,
            -0.7853603959083557,
            -0.018640538677573204
        ],
        [
            -0.17350703477859497,
            -0.7835850715637207,
            -0.01942347176373005
        ],
        [
            -0.16896921396255493,
            -0.7828338146209717,
            -0.02668658085167408
        ],
        [
            -0.17202898859977722,
            -0.7733516097068787,
            -0.012312227860093117
        ],
        [
            -0.17148186266422272,
            -0.7764712572097778,
            -0.01666543260216713
        ],
        [
            -0.1769084632396698,
            -0.7795746326446533,
            -0.011858144775032997
        ],
        [
            -0.1773851215839386,
            -0.7772396802902222,
            -0.008751573041081429
        ],
        [
            -0.17783892154693604,
            -0.7754061222076416,
            -0.005004458129405975
        ],
        [
            -0.1781955063343048,
            -0.7742462158203125,
            -0.0006233043968677521
        ],
        [
            -0.17405834794044495,
            -0.7710388898849487,
            -0.0018624365329742432
        ],
        [
            -0.1730111688375473,
            -0.7716853022575378,
            -0.0071114785969257355
        ],
        [
            -0.19198180735111237,
            -0.7817822694778442,
            0.002377152442932129
        ],
        [
            -0.19011583924293518,
            -0.7810944318771362,
            0.009649690240621567
        ],
        [
            -0.18742424249649048,
            -0.7798478007316589,
            0.007645606994628906
        ],
        [
            -0.18937218189239502,
            -0.780021071434021,
            0.0017542093992233276
        ],
        [
            -0.17756247520446777,
            -0.7784675359725952,
            0.016471445560455322
        ],
        [
            -0.18028965592384338,
            -0.7793747782707214,
            0.01567094773054123
        ],
        [
            -0.18134057521820068,
            -0.7797931432723999,
            0.019483603537082672
        ],
        [
            -0.17749132215976715,
            -0.7771366834640503,
            0.019777942448854446
        ],
        [
            -0.17587852478027344,
            -0.7749466896057129,
            0.016973871737718582
        ],
        [
            -0.17692521214485168,
            -0.7770220041275024,
            0.01495053619146347
        ],
        [
            -0.22815145552158356,
            -0.8288722038269043,
            0.007263701409101486
        ],
        [
            -0.22321315109729767,
            -0.8104285597801208,
            0.01034615933895111
        ],
        [
            -0.21725265681743622,
            -0.8325044512748718,
            -0.009628437459468842
        ],
        [
            -0.20278814435005188,
            -0.8327476978302002,
            -0.02170107327401638
        ],
        [
            -0.18842574954032898,
            -0.8292273283004761,
            -0.03208562731742859
        ],
        [
            -0.12988778948783875,
            -0.742550790309906,
            -0.029002580791711807
        ],
        [
            -0.11963926255702972,
            -0.7404567003250122,
            -0.0320865735411644
        ],
        [
            -0.11692386865615845,
            -0.7539995908737183,
            -0.03988482430577278
        ],
        [
            -0.10636864602565765,
            -0.7496705055236816,
            -0.0400087870657444
        ],
        [
            -0.10999990999698639,
            -0.7354662418365479,
            -0.031806766986846924
        ],
        [
            -0.09489953517913818,
            -0.722393810749054,
            -0.02203115075826645
        ],
        [
            -0.10148954391479492,
            -0.7291743159294128,
            -0.02866562083363533
        ],
        [
            -0.09565851092338562,
            -0.7454311847686768,
            -0.03786603361368179
        ],
        [
            -0.09319177269935608,
            -0.7647598385810852,
            -0.04592447355389595
        ],
        [
            -0.10443086922168732,
            -0.765268087387085,
            -0.046077657490968704
        ],
        [
            -0.0944320559501648,
            -0.7854750156402588,
            -0.04876604303717613
        ],
        [
            -0.07937797904014587,
            -0.765217661857605,
            -0.04468681663274765
        ],
        [
            -0.08627268671989441,
            -0.7902841567993164,
            -0.0471273697912693
        ],
        [
            -0.06631423532962799,
            -0.7362801432609558,
            -0.033632792532444
        ],
        [
            -0.06061464548110962,
            -0.7315067052841187,
            -0.03637302294373512
        ],
        [
            -0.0521659180521965,
            -0.7447637319564819,
            -0.046390634030103683
        ],
        [
            -0.05922483652830124,
            -0.750085711479187,
            -0.044344183057546616
        ],
        [
            -0.11562025547027588,
            -0.7662779092788696,
            -0.04494542255997658
        ],
        [
            -0.16458812355995178,
            -0.8081803321838379,
            -0.03872969001531601
        ],
        [
            -0.17223183810710907,
            -0.7997562885284424,
            -0.03323648124933243
        ],
        [
            -0.15372055768966675,
            -0.8009443283081055,
            -0.04277009144425392
        ],
        [
            -0.190751314163208,
            -0.8655334711074829,
            -0.0345492921769619
        ],
        [
            -0.199745312333107,
            -0.8497174978256226,
            -0.027990832924842834
        ],
        [
            -0.18530553579330444,
            -0.8436012268066406,
            -0.03736501187086105
        ],
        [
            -0.17918553948402405,
            -0.8588561415672302,
            -0.04235680028796196
        ],
        [
            -0.21743693947792053,
            -0.8834977746009827,
            -0.002192024141550064
        ],
        [
            -0.22622966766357422,
            -0.8567256927490234,
            0.0009412132203578949
        ],
        [
            -0.21491900086402893,
            -0.8546465635299683,
            -0.013177063316106796
        ],
        [
            -0.20704376697540283,
            -0.8755436539649963,
            -0.017693612724542618
        ],
        [
            -0.17079292237758636,
            -0.8689008951187134,
            -0.046090975403785706
        ],
        [
            -0.15863627195358276,
            -0.8825980424880981,
            -0.04859824851155281
        ],
        [
            -0.16404874622821808,
            -0.8987042903900146,
            -0.04322580620646477
        ],
        [
            -0.1805148720741272,
            -0.8836698532104492,
            -0.0393369235098362
        ],
        [
            -0.17070795595645905,
            -0.9177881479263306,
            -0.029749145731329918
        ],
        [
            -0.19112196564674377,
            -0.8998522162437439,
            -0.024397138506174088
        ],
        [
            -0.06904979050159454,
            -0.7855449914932251,
            -0.04628802090883255
        ],
        [
            -0.07967309653759003,
            -0.8030462265014648,
            -0.04586624726653099
        ],
        [
            -0.06885316967964172,
            -0.7555683851242065,
            -0.042326390743255615
        ],
        [
            -0.06011822819709778,
            -0.7722536325454712,
            -0.0470261313021183
        ],
        [
            -0.1747327446937561,
            -0.9317885637283325,
            -0.010365460067987442
        ],
        [
            -0.19927994906902313,
            -0.9114139080047607,
            -0.0049287378787994385
        ],
        [
            -0.10579097270965576,
            -0.9003667831420898,
            -0.04702433571219444
        ],
        [
            -0.12473967671394348,
            -0.9070108532905579,
            -0.04557206854224205
        ],
        [
