{
    "pred_cam": [
        1.4155817031860352,
        0.1551762819290161,
        0.2622547447681427
    ],
    "pred_smpl_params": {
        "global_orient": [
            [
                [
                    -0.34939366579055786,
                    0.10402490198612213,
                    -0.9311835765838623
                ],
                [
                    0.20465637743473053,
                    -0.9613488912582397,
                    -0.18418480455875397
                ],
                [
                    -0.9143521189689636,
                    -0.2549256682395935,
                    0.3145998418331146
                ]
            ]
        ],
        "body_pose": [
            [
                [
                    0.9952269196510315,
                    0.0640135109424591,
                    0.07365913689136505
                ],
                [
                    -0.07614926248788834,
                    0.9814509749412537,
                    0.17594116926193237
                ],
                [
                    -0.06103022024035454,
                    -0.18071046471595764,
                    0.9816409945487976
                ]
            ],
            [
                [
                    0.9834793210029602,
                    0.16003365814685822,
                    -0.08460290729999542
                ],
                [
                    -0.1556670218706131,
                    0.9862236976623535,
                    0.05595172196626663
                ],
                [
                    0.09239155054092407,
                    -0.04185747727751732,
                    0.9948425889015198
                ]
            ],
            [
                [
                    0.9975435733795166,
                    -0.038381777703762054,
                    0.058598220348358154
                ],
                [
                    0.0488182008266449,
                    0.9808387160301208,
                    -0.18860572576522827
                ],
                [
                    -0.05023638531565666,
                    0.19100306928157806,
                    0.9803031086921692
                ]
            ],
            [
                [
                    0.9806383848190308,
                    0.18818549811840057,
                    0.0541711300611496
                ],
                [
                    -0.18381308019161224,
                    0.9799574613571167,
                    -0.07678640633821487
                ],
                [
                    -0.06753548979759216,
                    0.06534233689308167,
                    0.9955748319625854
                ]
            ],
            [
                [
                    0.9946473240852356,
                    0.042446576058864594,
                    0.09420744329690933
                ],
                [
                    -0.039377085864543915,
                    0.9986388087272644,
                    -0.03420610725879669
                ],
                [
                    -0.09553112834692001,
                    0.030313394963741302,
                    0.9949648380279541
                ]
            ],
            [
                [
                    0.9833328723907471,
                    -0.1778588742017746,
                    0.037719473242759705
                ],
                [
                    0.18013326823711395,
                    0.9811916947364807,
                    -0.06938952207565308
                ],
                [
                    -0.024668490514159203,
                    0.07502752542495728,
                    0.9968763589859009
                ]
            ],
            [
                [
                    0.9693591594696045,
                    0.00880577601492405,
                    0.24548985064029694
                ],
                [
                    -0.004596035927534103,
                    0.9998325705528259,
                    -0.017715921625494957
                ],
                [
                    -0.2456047236919403,
                    0.01604480855166912,
                    0.9692373275756836
                ]
            ],
            [
                [
                    0.9703478217124939,
                    -0.07141348719596863,
                    -0.23092271387577057
                ],
                [
                    0.06009320169687271,
                    0.9966375231742859,
                    -0.055698540061712265
                ],
                [
                    0.23412390053272247,
                    0.04017006605863571,
                    0.9713765382766724
                ]
            ],
            [
                [
                    0.9965383410453796,
                    -0.08039279282093048,
                    0.021175889298319817
                ],
                [
                    0.08180908858776093,
                    0.9936089515686035,
                    -0.07777207344770432
                ],
                [
                    -0.014788240194320679,
                    0.07923522591590881,
                    0.996746301651001
                ]
            ],
            [
                [
                    0.9986370801925659,
                    -0.03904134780168533,
                    0.03464018553495407
                ],
                [
                    0.04084014147520065,
                    0.9977677464485168,
                    -0.05283523350954056
                ],
                [
                    -0.03250010311603546,
                    0.05417792126536369,
                    0.9980023503303528
                ]
            ],
            [
                [
                    0.9976645112037659,
                    0.06141095235943794,
                    -0.029904883354902267
                ],
                [
                    -0.0610889233648777,
                    0.9980652928352356,
                    0.011566714383661747
                ],
                [
                    0.03055735118687153,
                    -0.009712842293083668,
                    0.9994858503341675
                ]
            ],
            [
                [
                    0.9831478595733643,
                    0.03958883881568909,
                    0.17847439646720886
                ],
                [
                    0.018179364502429962,
                    0.9502596259117126,
                    -0.31092801690101624
                ],
                [
                    -0.18190628290176392,
                    0.30893272161483765,
                    0.9335260391235352
                ]
            ],
            [
                [
                    0.8858504295349121,
                    -0.15041816234588623,
                    -0.4389116168022156
                ],
                [
                    0.2109457403421402,
                    0.9731351733207703,
                    0.09224905073642731
                ],
                [
                    0.4132443964481354,
                    -0.17430540919303894,
                    0.8937822580337524
                ]
            ],
            [
                [
                    0.8702201247215271,
                    -0.2848282754421234,
                    0.4019823670387268
                ],
                [
                    0.2717679738998413,
                    0.958094596862793,
                    0.090537428855896
                ],
                [
                    -0.4109247028827667,
                    0.030458439141511917,
                    0.911160409450531
                ]
            ],
            [
                [
                    0.9930045008659363,
                    0.022603940218687057,
                    -0.11589252948760986
                ],
                [
                    -0.07143948972225189,
                    0.8964918851852417,
                    -0.43726274371147156
                ],
                [
                    0.09401284903287888,
                    0.44248318672180176,
                    0.8918352723121643
                ]
            ],
            [
                [
                    0.7692420482635498,
                    0.14776821434497833,
                    -0.6216358542442322
                ],
                [
                    -0.12728136777877808,
                    0.9888303875923157,
                    0.07754934579133987
                ],
                [
                    0.6261517405509949,
                    0.019468484446406364,
                    0.7794580459594727
                ]
            ],
            [
                [
                    0.5988537669181824,
                    -0.6064022779464722,
                    0.5231161117553711
                ],
                [
                    0.6823195219039917,
                    0.7283197641372681,
                    0.06316979229450226
                ],
                [
                    -0.4193021059036255,
                    0.3191028833389282,
                    0.8499171733856201
                ]
            ],
            [
                [
                    0.1660475730895996,
                    -0.09237629920244217,
                    -0.981781542301178
                ],
                [
                    -0.13195891678333282,
                    0.984566867351532,
                    -0.11495645344257355
                ],
                [
                    0.9772487878799438,
                    0.14864309132099152,
                    0.15129506587982178
                ]
            ],
            [
                [
                    0.5354368090629578,
                    0.1277545690536499,
                    0.8348569273948669
                ],
                [
                    0.002426709746941924,
                    0.9882564544677734,
                    -0.15278498828411102
                ],
                [
                    -0.8445717692375183,
                    0.08383265137672424,
                    0.5288388729095459
                ]
            ],
            [
                [
                    0.9868807792663574,
                    -0.0693063884973526,
                    -0.14581766724586487
                ],
                [
                    0.07677306979894638,
                    0.9959771633148193,
                    0.046210356056690216
                ],
                [
                    0.14202839136123657,
                    -0.056798990815877914,
                    0.9882315993309021
                ]
            ],
            [
                [
                    0.9933971762657166,
                    0.027997957542538643,
                    0.11125685274600983
                ],
                [
                    -0.05628860369324684,
                    0.9639638066291809,
                    0.2600102424621582
                ],
                [
                    -0.0999678298830986,
                    -0.2645559310913086,
                    0.9591748714447021
                ]
            ],
            [
                [
                    0.9937245845794678,
                    0.09717045724391937,
                    -0.05540171265602112
                ],
                [
                    -0.09243883937597275,
                    0.9923047423362732,
                    0.08237940818071365
                ],
                [
                    0.06298022717237473,
                    -0.07674117386341095,
                    0.9950599670410156
                ]
            ],
            [
                [
                    0.9933631420135498,
                    -0.11465992778539658,
                    -0.009099422954022884
                ],
                [
                    0.11496596783399582,
                    0.9873469471931458,
                    0.10921970009803772
                ],
                [
                    -0.0035388346295803785,
                    -0.10954093933105469,
                    0.9939760565757751
                ]
            ]
        ],
        "betas": [
            -0.12213978171348572,
            -0.16385316848754883,
            0.0918719470500946,
            0.598677396774292,
            0.21012146770954132,
            0.028674397617578506,
            -0.029036670923233032,
            -0.07630515098571777,
            0.14736129343509674,
            -0.02262592315673828
        ]
    },
    "pred_cam_t": [
        0.1551762819290161,
        0.2622547447681427,
        27.594663619995117
    ],
    "focal_length": [
        5000.0,
        5000.0
    ],
    "pred_keypoints_3d": [
        [
            -0.17253050208091736,
            -0.7254613637924194,
            0.02039368450641632
        ],
        [
            0.007650766521692276,
            -0.7324014902114868,
            -0.0037110522389411926
        ],
        [
            0.03271811455488205,
            -0.6187582612037659,
            0.16234099864959717
        ],
        [
            -0.053265802562236786,
            -0.38891610503196716,
            0.2143363654613495
        ],
        [
            -0.2806956171989441,
            -0.3241075277328491,
            0.12879608571529388
        ],
        [
            -0.06287459284067154,
            -0.6987943649291992,
            -0.15771925449371338
        ],
        [
            -0.30998164415359497,
            -0.6878108978271484,
            -0.22849349677562714
        ],
        [
            -0.38923197984695435,
            -0.6293266415596008,
            -0.0030287355184555054
        ],
        [
            -0.0021662600338459015,
            -0.22863194346427917,
            0.027962055057287216
        ],
        [
            0.016047606244683266,
            -0.15472763776779175,
            0.11087137460708618
        ],
        [
            0.007889293134212494,
            0.17502138018608093,
            0.2921248972415924
        ],
        [
            0.02585751563310623,
            0.5392107963562012,
            0.43454474210739136
        ],
        [
            -0.02922818437218666,
            -0.12551912665367126,
            -0.013817992061376572
        ],
        [
            -0.126393124461174,
            0.21421021223068237,
            0.08917897939682007
        ],
        [
            -0.13053904473781586,
            0.5474344491958618,
            0.29389268159866333
        ],
        [
            -0.1706346720457077,
            -0.7757346630096436,
            0.05635525658726692
        ],
        [
            -0.1820654571056366,
            -0.777897834777832,
            -0.009196421131491661
        ],
        [
            -0.08652810752391815,
            -0.8314019441604614,
            0.08855624496936798
        ],
        [
            -0.1126803457736969,
            -0.8359963893890381,
            -0.058996494859457016
        ],
        [
            -0.32856374979019165,
            0.5761641263961792,
            0.32509708404541016
        ],
        [
            -0.28255972266197205,
            0.6167335510253906,
            0.26792415976524353
        ],
        [
            -0.07622101157903671,
            0.5867581367492676,
            0.30461743474006653
        ],
        [
            -0.1425926387310028,
            0.5489761233329773,
            0.5440831780433655
        ],
        [
            -0.06261724978685379,
            0.5400505065917969,
            0.5803264379501343
        ],
        [
            0.0762472078204155,
            0.5903513431549072,
            0.42670363187789917
        ],
        [
            0.06157054007053375,
            0.49182581901550293,
            0.4194316267967224
        ],
        [
            0.009281441569328308,
            0.11603313684463501,
            0.26248231530189514
        ],
        [
            0.05989566072821617,
            -0.28658080101013184,
            0.14904502034187317
        ],
        [
            -0.02677518129348755,
            -0.20919135212898254,
            -0.11766739189624786
        ],
        [
            -0.11962816119194031,
            0.1786445528268814,
            0.06303784996271133
        ],
        [
            -0.1035672128200531,
            0.5257354378700256,
            0.26588696241378784
        ],
        [
            -0.268220454454422,
            -0.36196213960647583,
            0.12370970845222473
        ],
        [
            -0.07152716815471649,
            -0.41871178150177,
            0.23168089985847473
        ],
        [
            0.030596084892749786,
            -0.6545904278755188,
            0.1310042440891266
        ],
        [
            -0.04450774937868118,
            -0.7214193940162659,
            -0.142499178647995
        ],
        [
            -0.29488351941108704,
            -0.7225896120071411,
            -0.2047979086637497
        ],
        [
            -0.3703738749027252,
            -0.6440441608428955,
            -0.003324538469314575
        ],
        [
            -1.4272518455982208e-06,
            -0.7253074049949646,
            0.0010107830166816711
        ],
        [
            -0.14939327538013458,
            -0.8598877787590027,
            0.019905343651771545
        ],
        [
            0.016423624008893967,
            -0.2484593540430069,
            0.01513024140149355
        ],
        [
            -0.005148754920810461,
            -0.681872546672821,
            -0.0032076500356197357
        ],
        [
            0.03927546739578247,
            -0.4918820858001709,
            -0.02905723825097084
        ],
        [
            -0.10139315575361252,
            -0.7553220391273499,
            0.005212437827140093
        ],
        [
            -0.1554415076971054,
            -0.8778696656227112,
            0.02571077086031437
        ]
    ],
    "pred_vertices": [
        [
            -0.21715497970581055,
            -0.8119122982025146,
            -0.015026623383164406
        ],
        [
            -0.21136996150016785,
            -0.7962406873703003,
            -0.01065494678914547
        ],
        [
            -0.2040870636701584,
            -0.8002504706382751,
            -0.022803492844104767
        ],
        [
            -0.2051265835762024,
            -0.8144622445106506,
            -0.02752137929201126
        ],
        [
            -0.20149393379688263,
            -0.7892566323280334,
            -0.019512660801410675
        ],
        [
            -0.20577272772789001,
            -0.7854076027870178,
            -0.008988600224256516
        ],
        [
            -0.19319561123847961,
            -0.8028265833854675,
            -0.031190767884254456
        ],
        [
            -0.19109958410263062,
            -0.8155981302261353,
            -0.03574942424893379
        ],
        [
            -0.16133302450180054,
            -0.785080075263977,
            -0.041731368750333786
        ],
        [
            -0.15228110551834106,
            -0.788524866104126,
            -0.046805351972579956
        ],
        [
            -0.16164393723011017,
            -0.7961792349815369,
            -0.04509654641151428
        ],
        [
            -0.16811832785606384,
            -0.7908798456192017,
            -0.039312880486249924
        ],
        [
            -0.141327366232872,
            -0.7683894634246826,
            -0.04386735334992409
        ],
        [
            -0.14024975895881653,
            -0.7557241916656494,
            -0.03848027065396309
        ],
        [
            -0.1273355633020401,
            -0.7557523846626282,
            -0.0428268127143383
        ],
        [
            -0.1270986646413803,
            -0.7687718868255615,
            -0.047430120408535004
        ],
        [
            -0.16177716851234436,
            -0.7490947246551514,
            -0.002809349447488785
        ],
        [
            -0.15757480263710022,
            -0.7449195981025696,
            -0.009282194077968597
        ],
        [
            -0.16232076287269592,
            -0.7504190802574158,
            -0.012344250455498695
        ],
        [
            -0.1655082106590271,
            -0.7542226314544678,
            -0.005369927734136581
        ],
        [
            -0.17119699716567993,
            -0.7519506216049194,
            0.007717691361904144
        ],
        [
            -0.17263391613960266,
            -0.7582501173019409,
            0.007152862846851349
        ],
        [
            -0.17819073796272278,
            -0.7573996782302856,
            0.012761816382408142
        ],
        [
            -0.17724207043647766,
            -0.7499511241912842,
            0.01235707476735115
        ],
        [
            -0.1571778655052185,
            -0.7451694011688232,
            0.0018521584570407867
        ],
        [
            -0.1526229977607727,
            -0.7412462830543518,
            -0.00500812754034996
        ],
        [
            -0.16565288603305817,
            -0.7522528767585754,
            0.0025976039469242096
        ],
        [
            -0.16416114568710327,
            -0.7474267482757568,
            0.0038883984088897705
        ],
        [
            -0.167372465133667,
            -0.7358382344245911,
            0.006680414080619812
        ],
        [
            -0.16967564821243286,
            -0.7403003573417664,
            0.005645822733640671
        ],
        [
            -0.17491382360458374,
            -0.7364585399627686,
            0.009448207914829254
        ],
        [
            -0.17059147357940674,
            -0.7327194809913635,
            0.009951531887054443
        ],
        [
            -0.16042643785476685,
            -0.741748034954071,
            0.0030255652964115143
        ],
        [
            -0.16448697447776794,
            -0.742128849029541,
            0.0031176023185253143
        ],
        [
            -0.16340874135494232,
            -0.7376667857170105,
            0.0051765963435173035
        ],
        [
            -0.15941312909126282,
            -0.7381975650787354,
            0.006161492317914963
        ],
        [
            -0.17027296125888824,
            -0.7470180988311768,
            0.007751643657684326
        ],
        [
            -0.17632287740707397,
            -0.7435289025306702,
            0.011299587786197662
        ],
        [
            -0.1819216012954712,
            -0.7395941019058228,
            0.015794459730386734
        ],
        [
            -0.17910946905612946,
            -0.7311400771141052,
            0.01417011022567749
        ],
        [
            -0.14514295756816864,
            -0.7398986220359802,
            -0.02231411263346672
        ],
        [
            -0.15220457315444946,
            -0.7419835329055786,
            -0.016432642936706543
        ],
        [
            -0.14829227328300476,
            -0.7382215857505798,
            -0.011785261332988739
        ],
        [
            -0.1431431770324707,
            -0.7362710237503052,
            -0.017355740070343018
        ],
        [
            -0.1549852192401886,
            -0.7382161021232605,
            0.004434444010257721
        ],
        [
            -0.14495849609375,
            -0.7270352840423584,
            -0.001074962317943573
        ],
        [
            -0.14771658182144165,
            -0.729589581489563,
            -0.0009306035935878754
        ],
        [
            -0.15038001537322998,
            -0.7272367477416992,
            0.0053254663944244385
        ],
        [
            -0.14779280126094818,
            -0.7249361276626587,
            0.004519294947385788
        ],
        [
            -0.12962029874324799,
            -0.7356916666030884,
            -0.029685594141483307
        ],
        [
            -0.13146817684173584,
            -0.7315255403518677,
            -0.023845013231039047
        ],
        [
            -0.12491679191589355,
            -0.7283480167388916,
            -0.0253005251288414
        ],
        [
            -0.12117886543273926,
            -0.7324945330619812,
            -0.030660226941108704
        ],
        [
            -0.12005728483200073,
            -0.7247157096862793,
            -0.023454491049051285
        ],
        [
            -0.11374156177043915,
            -0.7288936376571655,
            -0.03029078245162964
        ],
        [
            -0.10377281904220581,
            -0.7179341316223145,
            -0.02290669083595276
        ],
        [
            -0.10804484784603119,
            -0.7231001853942871,
            -0.02681911177933216
        ],
        [
            -0.1161634624004364,
            -0.7201648354530334,
            -0.020104818046092987
        ],
        [
            -0.11444565653800964,
            -0.7141439318656921,
            -0.015053566545248032
        ],
        [
            -0.12178994715213776,
            -0.7116026878356934,
            -0.002402212470769882
        ],
        [
            -0.12201657891273499,
            -0.7087796330451965,
            0.0034163855016231537
        ],
        [
            -0.11306878924369812,
            -0.7015613913536072,
            -0.0026438236236572266
        ],
        [
            -0.11373245716094971,
            -0.7065831422805786,
            -0.008652450516819954
        ],
        [
            -0.137599915266037,
            -0.725835919380188,
            -0.0012854784727096558
        ],
        [
            -0.1361744999885559,
            -0.7279453277587891,
            -0.00536760501563549
        ],
        [
            -0.13883346319198608,
            -0.7274574041366577,
            -0.005396237596869469
        ],
        [
            -0.1414186805486679,
            -0.7258641719818115,
            -0.0010983012616634369
        ],
        [
            -0.13518492877483368,
            -0.7290569543838501,
            -0.009150238707661629
        ],
        [
            -0.13469615578651428,
            -0.7294882535934448,
            -0.010848242789506912
        ],
        [
            -0.13640452921390533,
            -0.7295560836791992,
            -0.01043250784277916
        ],
        [
            -0.1359972357749939,
            -0.729413628578186,
            -0.00914733111858368
        ],
        [
            -0.13598357141017914,
            -0.7286450266838074,
            -0.0071542877703905106
        ],
        [
            -0.13485762476921082,
            -0.7269271016120911,
            -0.0063204411417245865
        ],
        [
            -0.1349371373653412,
            -0.728111743927002,
            -0.008297339081764221
        ],
        [
            -0.13588154315948486,
            -0.7242554426193237,
            -0.0027565211057662964
        ],
        [
            -0.13858389854431152,
            -0.7166165113449097,
            0.009529758244752884
        ],
        [
            -0.13832327723503113,
            -0.7180606722831726,
            0.00599253922700882
        ],
        [
            -0.14033111929893494,
            -0.7218946218490601,
            0.007917419075965881
        ],
        [
            -0.1407860517501831,
            -0.7207839488983154,
            0.01088431105017662
        ],
        [
            -0.1387893706560135,
            -0.72980135679245,
            -0.008835779502987862
        ],
        [
            -0.13981516659259796,
            -0.7310933470726013,
            -0.010787319391965866
        ],
        [
            -0.14363761246204376,
            -0.7305668592453003,
            -0.006646169349551201
        ],
        [
            -0.141160786151886,
            -0.7289993762969971,
            -0.005699262022972107
        ],
        [
            -0.14130297303199768,
            -0.7327159643173218,
            -0.013536948710680008
        ],
        [
            -0.13712504506111145,
            -0.7309133410453796,
            -0.01260232925415039
        ],
        [
            -0.13771313428878784,
            -0.7318747639656067,
            -0.01580311730504036
        ],
        [
            -0.13342833518981934,
            -0.7281674742698669,
            -0.010482784360647202
        ],
        [
            -0.13157901167869568,
            -0.7280645966529846,
            -0.013491006568074226
        ],
        [
            -0.1342046856880188,
            -0.7292830944061279,
            -0.01372261717915535
        ],
        [
            -0.12949278950691223,
            -0.7252680659294128,
            -0.011818679049611092
        ],
        [
            -0.1326015293598175,
            -0.7259467244148254,
            -0.008185973390936852
        ],
        [
            -0.13294732570648193,
            -0.7225415110588074,
            -0.004771482199430466
        ],
        [
            -0.13376235961914062,
            -0.71878582239151,
            -0.0002932511270046234
        ],
        [
            -0.12861058115959167,
            -0.7174918055534363,
            -0.0033224374055862427
        ],
        [
            -0.1286407858133316,
            -0.721431314945221,
            -0.00824742391705513
        ],
        [
            -0.14615699648857117,
            -0.7338742017745972,
            -0.00850515253841877
        ],
        [
            -0.13298431038856506,
            -0.7301495671272278,
            -0.01816495880484581
        ],
        [
            -0.13779696822166443,
            -0.7348045706748962,
            -0.020810987800359726
        ],
        [
            -0.12885428965091705,
            -0.727465033531189,
            -0.018641849979758263
        ],
        [
            -0.12528806924819946,
            -0.724421501159668,
            -0.01706557720899582
        ],
        [
            -0.12305858731269836,
            -0.7202276587486267,
            -0.012958761304616928
        ],
        [
            -0.12217825651168823,
            -0.715729832649231,
            -0.007975639775395393
        ],
        [
            -0.09969189763069153,
            -0.7027102708816528,
            -0.006728213280439377
        ],
        [
            -0.1019321084022522,
            -0.70891273021698,
            -0.01435023732483387
        ],
        [
            -0.19793084263801575,
            -0.7819457054138184,
            -0.00770522840321064
        ],
        [
            -0.19641338288784027,
            -0.7836467027664185,
            -0.016524985432624817
        ],
        [
            -0.18727725744247437,
            -0.781609058380127,
            -0.01782243326306343
        ],
        [
            -0.18895253539085388,
            -0.783224880695343,
            -0.01922420971095562
        ],
        [
            -0.19198864698410034,
            -0.7816990613937378,
            -0.013994358479976654
        ],
        [
            -0.1892133355140686,
            -0.7803084850311279,
            -0.013677647337317467
        ],
        [
            -0.1726742535829544,
            -0.7881633639335632,
            -0.03294628858566284
        ],
        [
            -0.1764792799949646,
            -0.7859838008880615,
            -0.027592135593295097
        ],
        [
            -0.17299675941467285,
            -0.7842956185340881,
            -0.02820490300655365
        ],
        [
            -0.16806219518184662,
            -0.7838133573532104,
            -0.03522883728146553
        ],
        [
            -0.17169737815856934,
            -0.7738919258117676,
            -0.021310459822416306
        ],
        [
            -0.1709723025560379,
            -0.7771464586257935,
            -0.02552839182317257
        ],
        [
            -0.17672798037528992,
            -0.7800071239471436,
            -0.020983640104532242
        ],
        [
            -0.1773236095905304,
            -0.7775809168815613,
            -0.017978336662054062
        ],
        [
            -0.17793457210063934,
            -0.7756437063217163,
            -0.014315910637378693
        ],
        [
            -0.1784919649362564,
            -0.7743712663650513,
            -0.009978219866752625
        ],
        [
            -0.17423951625823975,
            -0.7712594270706177,
            -0.011095056310296059
        ],
        [
            -0.17291788756847382,
            -0.7720748782157898,
            -0.016250401735305786
        ],
        [
            -0.19263559579849243,
            -0.7815587520599365,
            -0.007569378241896629
        ],
        [
            -0.19113768637180328,
            -0.7807079553604126,
            -0.0002059340476989746
        ],
        [
            -0.18832264840602875,
            -0.7795462608337402,
            -0.0021203458309173584
        ],
        [
            -0.1899459809064865,
            -0.77986741065979,
            -0.008099352940917015
        ],
        [
            -0.1789146065711975,
            -0.7780939340591431,
            0.0072051770985126495
        ],
        [
            -0.18161576986312866,
            -0.7789732217788696,
            0.006282433867454529
        ],
        [
            -0.1828906238079071,
            -0.7792611122131348,
            0.01004783809185028
        ],
        [
            -0.1790027916431427,
            -0.7766645550727844,
            0.01047055795788765
        ],
        [
            -0.1772015392780304,
            -0.7745770215988159,
            0.007686585187911987
        ],
        [
            -0.17817364633083344,
            -0.776694655418396,
            0.0056689828634262085
        ],
        [
            -0.2298605889081955,
            -0.8278033137321472,
            -0.003300093114376068
        ],
        [
            -0.22479347884655,
            -0.8093938231468201,
            -0.00043673813343048096
        ],
        [
            -0.21809695661067963,
            -0.8321541547775269,
            -0.019383341073989868
        ],
        [
            -0.20302708446979523,
            -0.8330143094062805,
            -0.03062676265835762
        ],
        [
            -0.18810471892356873,
            -0.8300307989120483,
            -0.040319960564374924
        ],
        [
            -0.1282321810722351,
            -0.744210958480835,
            -0.03647807240486145
        ],
        [
            -0.11781811714172363,
            -0.7423678636550903,
            -0.039043378084897995
        ],
        [
            -0.11494900286197662,
            -0.7561661601066589,
            -0.046346962451934814
        ],
        [
            -0.10439395904541016,
            -0.7519641518592834,
            -0.046042513102293015
        ],
        [
            -0.10818083584308624,
            -0.7374905943870544,
            -0.03836476430296898
        ],
        [
            -0.09352327883243561,
            -0.7242591977119446,
            -0.028069691732525826
        ],
        [
            -0.09983572363853455,
            -0.7311902642250061,
            -0.0349312350153923
        ],
        [
            -0.09385567903518677,
            -0.7477150559425354,
            -0.04352211952209473
        ],
        [
            -0.0912853479385376,
            -0.7673101425170898,
            -0.05106364190578461
        ],
        [
            -0.10238595306873322,
            -0.7677570581436157,
            -0.05165344104170799
        ],
        [
            -0.09267556667327881,
            -0.7881107330322266,
            -0.05344099551439285
        ],
        [
            -0.07775597274303436,
            -0.7677868008613586,
            -0.04909338429570198
        ],
        [
            -0.08476951718330383,
            -0.7929834723472595,
            -0.051216620951890945
        ],
        [
            -0.06559920310974121,
            -0.7386060953140259,
            -0.03752565011382103
        ],
        [
            -0.06001432240009308,
            -0.7338520288467407,
            -0.03996388241648674
        ],
        [
            -0.05133144557476044,
            -0.7473294138908386,
            -0.04969320446252823
        ],
        [
            -0.05820050090551376,
            -0.7526929378509521,
            -0.047816649079322815
        ],
        [
            -0.11360310018062592,
            -0.7686225771903992,
            -0.05103916674852371
        ],
        [
            -0.16358569264411926,
            -0.8094910383224487,
            -0.046310897916555405
        ],
        [
            -0.1713324785232544,
            -0.8008368015289307,
            -0.04150378331542015
        ],
        [
            -0.15234853327274323,
            -0.8025851845741272,
            -0.04998638480901718
        ],
        [
            -0.1909654438495636,
            -0.866247296333313,
            -0.04187742620706558
        ],
        [
            -0.19996483623981476,
            -0.8501938581466675,
            -0.03626330941915512
        ],
        [
            -0.18497388064861298,
            -0.8445752263069153,
            -0.04500298574566841
        ],
        [
            -0.17889566719532013,
            -0.8600267171859741,
            -0.04926064610481262
        ],
        [
            -0.2197222262620926,
            -0.8827618360519409,
            -0.010517971590161324
        ],
        [
            -0.22817358374595642,
            -0.8557740449905396,
            -0.008689170703291893
        ],
        [
            -0.21610133349895477,
            -0.8543672561645508,
            -0.022209130227565765
        ],
        [
            -0.2083640843629837,
            -0.8754580616950989,
            -0.025652192533016205
        ],
        [
            -0.17047402262687683,
            -0.870341420173645,
            -0.05224248021841049
        ],
        [
            -0.158516064286232,
            -0.8842754364013672,
            -0.05365202575922012
        ],
        [
            -0.1645403504371643,
            -0.900134801864624,
            -0.04816611856222153
        ],
        [
            -0.18086908757686615,
            -0.884665846824646,
            -0.04562096297740936
        ],
        [
            -0.1723623126745224,
            -0.9187702536582947,
            -0.03458786755800247
        ],
        [
            -0.19264058768749237,
            -0.9002605676651001,
            -0.030816223472356796
        ],
        [
            -0.06772871315479279,
            -0.7883514761924744,
            -0.049565017223358154
        ],
        [
            -0.0784507542848587,
            -0.8058032989501953,
            -0.04918855056166649
        ],
        [
            -0.06759172677993774,
            -0.7581068873405457,
            -0.046194229274988174
        ],
        [
            -0.058880895376205444,
            -0.7750019431114197,
            -0.050224147737026215
        ],
        [
            -0.17775040864944458,
            -0.9322291612625122,
            -0.01508118212223053
        ],
        [
            -0.20209436118602753,
            -0.9111427068710327,
            -0.011494476348161697
        ],
        [
            -0.10615807771682739,
            -0.902926504611969,
            -0.04886874929070473
        ],
        [
            -0.12529206275939941,
            -0.9091755151748657,
            -0.04820762202143669
        ],
        [
