{
    "pred_cam": [
        1.4238075017929077,
        0.13658373057842255,
        0.2688753306865692
    ],
    "pred_smpl_params": {
        "global_orient": [
            [
                [
                    -0.3462187647819519,
                    0.10712967813014984,
                    -0.9320170283317566
                ],
                [
                    0.19114413857460022,
                    -0.9645648002624512,
                    -0.18187563121318817
                ],
                [
                    -0.9184750318527222,
                    -0.24111835658550262,
                    0.3134732246398926
                ]
            ]
        ],
        "body_pose": [
            [
                [
                    0.9958750605583191,
                    0.04217015206813812,
                    0.08034103363752365
                ],
                [
                    -0.05572865530848503,
                    0.9830237030982971,
                    0.17481091618537903
                ],
                [
                    -0.07160532474517822,
                    -0.1785670965909958,
                    0.9813188910484314
                ]
            ],
            [
                [
                    0.9840859174728394,
                    0.15647856891155243,
                    -0.08419794589281082
                ],
                [
                    -0.15354718267917633,
                    0.9873202443122864,
                    0.04027253016829491
                ],
                [
                    0.08943213522434235,
                    -0.026703277602791786,
                    0.9956347942352295
                ]
            ],
            [
                [
                    0.9978115558624268,
                    -0.02913561649620533,
                    0.05935690551996231
                ],
                [
                    0.03942639380693436,
                    0.9828110933303833,
                    -0.18035484850406647
                ],
                [
                    -0.05308188125491142,
                    0.1823003739118576,
                    0.9818089604377747
                ]
            ],
            [
                [
                    0.9805099964141846,
                    0.18892070651054382,
                    0.05393504351377487
                ],
                [
                    -0.1826397329568863,
                    0.9776471257209778,
                    -0.1041569784283638
                ],
                [
                    -0.07240686565637589,
                    0.09227629005908966,
                    0.993097186088562
                ]
            ],
            [
                [
                    0.9920582175254822,
                    0.0414971224963665,
                    0.11873745173215866
                ],
                [
                    -0.03797484189271927,
                    0.9987733364105225,
                    -0.031775716692209244
                ],
                [
                    -0.11991040408611298,
                    0.027014320716261864,
                    0.9924171566963196
                ]
            ],
            [
                [
                    0.9834092855453491,
                    -0.17642737925052643,
                    0.0421849824488163
                ],
                [
                    0.17914070188999176,
                    0.9811261892318726,
                    -0.07280117273330688
                ],
                [
                    -0.02854466810822487,
                    0.07915040105581284,
                    0.9964539408683777
                ]
            ],
            [
                [
                    0.9683898091316223,
                    0.0037483421619981527,
                    0.24941371381282806
                ],
                [
                    -0.0003986625524703413,
                    0.9999091029167175,
                    -0.013479480519890785
                ],
                [
                    -0.24944156408309937,
                    0.012953965924680233,
                    0.9683032631874084
                ]
            ],
            [
                [
                    0.9700691103935242,
                    -0.07302764058113098,
                    -0.231587752699852
                ],
                [
                    0.060430265963077545,
                    0.9963043332099915,
                    -0.061040401458740234
                ],
                [
                    0.2351894974708557,
                    0.04521849751472473,
                    0.9708971381187439
                ]
            ],
            [
                [
                    0.9967618584632874,
                    -0.07694442570209503,
                    0.02335507608950138
                ],
                [
                    0.07842568308115005,
                    0.9943850040435791,
                    -0.07104753702878952
                ],
                [
                    -0.017757227644324303,
                    0.07264909893274307,
                    0.9971994757652283
                ]
            ],
            [
                [
                    0.9989444017410278,
                    -0.03556104004383087,
                    0.029079562053084373
                ],
                [
                    0.037051063030958176,
                    0.997937798500061,
                    -0.052414942532777786
                ],
                [
                    -0.027155663818120956,
                    0.05343703553080559,
                    0.9982019662857056
                ]
            ],
            [
                [
                    0.9975299835205078,
                    0.05846381559967995,
                    -0.03893246129155159
                ],
                [
                    -0.058058056980371475,
                    0.9982473254203796,
                    0.011472783051431179
                ],
                [
                    0.03953496366739273,
                    -0.009184103459119797,
                    0.9991759061813354
                ]
            ],
            [
                [
                    0.9879205822944641,
                    0.04040493071079254,
                    0.14960047602653503
                ],
                [
                    0.008769878186285496,
                    0.949282705783844,
                    -0.314301460981369
                ],
                [
                    -0.1547124683856964,
                    0.31181687116622925,
                    0.9374615550041199
                ]
            ],
            [
                [
                    0.8938699960708618,
                    -0.15750086307525635,
                    -0.4197496175765991
                ],
                [
                    0.21353499591350555,
                    0.9728080034255981,
                    0.08970692753791809
                ],
                [
                    0.3942068815231323,
                    -0.16981759667396545,
                    0.903195858001709
                ]
            ],
            [
                [
                    0.8725278377532959,
                    -0.28278276324272156,
                    0.39840829372406006
                ],
                [
                    0.26937082409858704,
                    0.9587669372558594,
                    0.09058349579572678
                ],
                [
                    -0.4075961112976074,
                    0.028282951563596725,
                    0.9127242565155029
                ]
            ],
            [
                [
                    0.9901831150054932,
                    0.011947671882808208,
                    -0.1392647624015808
                ],
                [
                    -0.07082371413707733,
                    0.9018566608428955,
                    -0.4261908233165741
                ],
                [
                    0.12050485610961914,
                    0.4318701922893524,
                    0.8938494324684143
                ]
            ],
            [
                [
                    0.7755483984947205,
                    0.1550726443529129,
                    -0.6119455695152283
                ],
                [
                    -0.14706167578697205,
                    0.9870705008506775,
                    0.06375456601381302
                ],
                [
                    0.6139200329780579,
                    0.0405488982796669,
                    0.7883262038230896
                ]
            ],
            [
                [
                    0.6060920357704163,
                    -0.6075658798217773,
                    0.5133383274078369
                ],
                [
                    0.6780445575714111,
                    0.7320624589920044,
                    0.06588000804185867
                ],
                [
                    -0.4158221185207367,
                    0.308136910200119,
                    0.8556539416313171
                ]
            ],
            [
                [
                    0.11496655642986298,
                    -0.1053161695599556,
                    -0.9877707958221436
                ],
                [
                    -0.14890912175178528,
                    0.9813013076782227,
                    -0.1219579204916954
                ],
                [
                    0.9821450114250183,
                    0.16110919415950775,
                    0.0971342921257019
                ]
            ],
            [
                [
                    0.5291295051574707,
                    0.12257638573646545,
                    0.8396410346031189
                ],
                [
                    0.0037769791670143604,
                    0.9891613125801086,
                    -0.14678454399108887
                ],
                [
                    -0.8485326766967773,
                    0.08083933591842651,
                    0.5229314565658569
                ]
            ],
            [
                [
                    0.9868242740631104,
                    -0.06217123195528984,
                    -0.14937350153923035
                ],
                [
                    0.07162386178970337,
                    0.9956997632980347,
                    0.05875391140580177
                ],
                [
                    0.14507834613323212,
                    -0.06867849826812744,
                    0.9870336651802063
                ]
            ],
            [
                [
                    0.9931681752204895,
                    0.032338932156562805,
                    0.11212088167667389
                ],
                [
                    -0.059691090136766434,
                    0.9664026498794556,
                    0.2500057518482208
                ],
                [
                    -0.10026900470256805,
                    -0.2549903690814972,
                    0.9617307186126709
                ]
            ],
            [
                [
                    0.9926168322563171,
                    0.10548466444015503,
                    -0.0598730631172657
                ],
                [
                    -0.10027594864368439,
                    0.9913910031318665,
                    0.0841938704252243
                ],
                [
                    0.06823877990245819,
                    -0.0775684267282486,
                    0.9946489930152893
                ]
            ],
            [
                [
                    0.9925236105918884,
                    -0.12114688754081726,
                    -0.014837524853646755
                ],
                [
                    0.12205138057470322,
                    0.9855793714523315,
                    0.11720415949821472
                ],
                [
                    0.0004246373719070107,
                    -0.1181388571858406,
                    0.9929969310760498
                ]
            ]
        ],
        "betas": [
            -0.1432281732559204,
            -0.18422141671180725,
            0.0646141767501831,
            0.48142579197883606,
            0.20407314598560333,
            0.02634802833199501,
            -0.014537841081619263,
            -0.09337687492370605,
            0.12686291337013245,
            -0.017529845237731934
        ]
    },
    "pred_cam_t": [
        0.13658373057842255,
        0.2688753306865692,
        27.435239791870117
    ],
    "focal_length": [
        5000.0,
        5000.0
    ],
    "pred_keypoints_3d": [
        [
            -0.1676071286201477,
            -0.7239430546760559,
            0.027537699788808823
        ],
        [
            0.011464372277259827,
            -0.7296320796012878,
            -0.0021025631576776505
        ],
        [
            0.033559419214725494,
            -0.6170181035995483,
            0.16434863209724426
        ],
        [
            -0.05419619381427765,
            -0.3883528709411621,
            0.2186773419380188
        ],
        [
            -0.2824385166168213,
            -0.3265113830566406,
            0.13341139256954193
        ],
        [
            -0.05593442916870117,
            -0.6970628499984741,
            -0.15708985924720764
        ],
        [
            -0.298904150724411,
            -0.6852437257766724,
            -0.24066013097763062
        ],
        [
            -0.37668052315711975,
            -0.6192852854728699,
            -0.01696617901325226
        ],
        [
            -0.0020572151988744736,
            -0.22723758220672607,
            0.028232183307409286
        ],
        [
            0.01568332128226757,
            -0.1522667109966278,
            0.11053191125392914
        ],
        [
            0.010958682745695114,
            0.1816822588443756,
            0.2841946482658386
        ],
        [
            0.03221960738301277,
            0.5485268235206604,
            0.41956204175949097
        ],
        [
            -0.029381031170487404,
            -0.1247827410697937,
            -0.015428334474563599
        ],
        [
            -0.12908858060836792,
            0.21800386905670166,
            0.07488416135311127
        ],
        [
            -0.127633199095726,
            0.5593955516815186,
            0.26598626375198364
        ],
        [
            -0.1641673594713211,
            -0.7750338912010193,
            0.06196869537234306
        ],
        [
            -0.17800481617450714,
            -0.7754800319671631,
            -0.003076709806919098
        ],
        [
            -0.0788361132144928,
            -0.8308850526809692,
            0.08931435644626617
        ],
        [
            -0.11013883352279663,
            -0.831682562828064,
            -0.056919366121292114
        ],
        [
            -0.32508111000061035,
            0.5932660102844238,
            0.2929331362247467
        ],
        [
            -0.2776868939399719,
            0.6305856108665466,
            0.2348254919052124
        ],
        [
            -0.07262438535690308,
            0.5980238318443298,
            0.27570611238479614
        ],
        [
            -0.1380155086517334,
            0.5643745064735413,
            0.5252377390861511
        ],
        [
            -0.059089384973049164,
            0.5551643967628479,
            0.563052237033844
        ],
        [
            0.08377422392368317,
            0.5983810424804688,
            0.41157272458076477
        ],
        [
            0.0672716498374939,
            0.5001643896102905,
            0.40633052587509155
        ],
        [
            0.012038779444992542,
            0.12207690626382828,
            0.25572627782821655
        ],
        [
            0.05949443578720093,
            -0.28357768058776855,
            0.15116818249225616
        ],
        [
            -0.026133429259061813,
            -0.20991666615009308,
            -0.11831524968147278
        ],
        [
            -0.12211424112319946,
            0.18177522718906403,
            0.050022948533296585
        ],
        [
            -0.10087625682353973,
            0.5360686779022217,
            0.23918426036834717
        ],
        [
            -0.2693887948989868,
            -0.36413705348968506,
            0.12820817530155182
        ],
        [
            -0.0722755417227745,
            -0.41825389862060547,
            0.23603671789169312
        ],
        [
            0.03222261369228363,
            -0.6527591943740845,
            0.13308222591876984
        ],
        [
            -0.03825169801712036,
            -0.7191143035888672,
            -0.14120697975158691
        ],
        [
            -0.2850959897041321,
            -0.7200144529342651,
            -0.21571169793605804
        ],
        [
            -0.35791802406311035,
            -0.6344277858734131,
            -0.01712707057595253
        ],
        [
            0.0036540189757943153,
            -0.7228684425354004,
            0.0028516799211502075
        ],
        [
            -0.14368601143360138,
            -0.8580178022384644,
            0.022391533479094505
        ],
        [
            0.016559051349759102,
            -0.24728503823280334,
            0.015839923173189163
        ],
        [
            -0.0014427322894334793,
            -0.6797863841056824,
            -0.0016019996255636215
        ],
        [
            0.04101889207959175,
            -0.48951226472854614,
            -0.02653023786842823
        ],
        [
            -0.09726358950138092,
            -0.752734899520874,
            0.008847787044942379
        ],
        [
            -0.14940303564071655,
            -0.8761851787567139,
            0.02803885191679001
        ]
    ],
    "pred_vertices": [
        [
            -0.21303671598434448,
            -0.8096771240234375,
            -0.00858345814049244
        ],
        [
            -0.20717604458332062,
            -0.7941005229949951,
            -0.003964271396398544
        ],
        [
            -0.20033757388591766,
            -0.7977079749107361,
            -0.016488397493958473
        ],
        [
            -0.2014433741569519,
            -0.8117961883544922,
            -0.021597253158688545
        ],
        [
            -0.1976666897535324,
            -0.786789059638977,
            -0.012958863750100136
        ],
        [
            -0.20157703757286072,
            -0.7832695841789246,
            -0.0021826736629009247
        ],
        [
            -0.18974612653255463,
            -0.7999647855758667,
            -0.025327783077955246
        ],
        [
            -0.18774794042110443,
            -0.8125725388526917,
            -0.030369581654667854
        ],
        [
            -0.15844015777111053,
            -0.7816665768623352,
            -0.03653412684798241
        ],
        [
            -0.14951689541339874,
            -0.7849202156066895,
            -0.04201316833496094
        ],
        [
            -0.15874367952346802,
            -0.7927060127258301,
            -0.0402066670358181
        ],
        [
            -0.16507449746131897,
            -0.7876048684120178,
            -0.034041907638311386
        ],
        [
            -0.13861455023288727,
            -0.7647902965545654,
            -0.03898616507649422
        ],
        [
            -0.137449711561203,
            -0.7522628307342529,
            -0.03331692889332771
        ],
        [
            -0.12466168403625488,
            -0.752116858959198,
            -0.038108132779598236
        ],
        [
            -0.12449467182159424,
            -0.7649896144866943,
            -0.043044041842222214
        ],
        [
            -0.1577012836933136,
            -0.7467330694198608,
            0.003301117569208145
        ],
        [
            -0.15378130972385406,
            -0.7423589825630188,
            -0.0032195188105106354
        ],
        [
            -0.15861093997955322,
            -0.747783899307251,
            -0.006256600841879845
        ],
        [
            -0.16150546073913574,
            -0.7517995834350586,
            0.0007420331239700317
        ],
        [
            -0.16664525866508484,
            -0.7499834299087524,
            0.014110974967479706
        ],
        [
            -0.16808117926120758,
            -0.7562607526779175,
            0.013436146080493927
        ],
        [
            -0.17338433861732483,
            -0.7556282877922058,
            0.019284967333078384
        ],
        [
            -0.17248839139938354,
            -0.7481808662414551,
            0.01903604343533516
        ],
        [
            -0.15292544662952423,
            -0.7429475784301758,
            0.007902860641479492
        ],
        [
            -0.14867743849754333,
            -0.7388153076171875,
            0.0009603574872016907
        ],
        [
            -0.16134008765220642,
            -0.7500633001327515,
            0.008767381310462952
        ],
        [
            -0.15978753566741943,
            -0.7453252077102661,
            0.010143406689167023
        ],
        [
            -0.16291838884353638,
            -0.7338751554489136,
            0.013371817767620087
        ],
        [
            -0.1652318835258484,
            -0.7383110523223877,
            0.01230035349726677
        ],
        [
            -0.17032544314861298,
            -0.7346410155296326,
            0.016415663063526154
        ],
        [
            -0.1660189926624298,
            -0.7308976650238037,
            0.01684848591685295
        ],
        [
            -0.15609876811504364,
            -0.7396363019943237,
            0.009326186031103134
        ],
        [
            -0.16013598442077637,
            -0.7400393486022949,
            0.009554427117109299
        ],
        [
            -0.15900662541389465,
            -0.7356381416320801,
            0.011688556522130966
        ],
        [
            -0.15498466789722443,
            -0.736174464225769,
            0.012503493577241898
        ],
        [
            -0.1657141149044037,
            -0.7450873255729675,
            0.014268305152654648
        ],
        [
            -0.1716238409280777,
            -0.7417551279067993,
            0.01813255250453949
        ],
        [
            -0.17705771327018738,
            -0.7380024790763855,
            0.022937651723623276
        ],
        [
            -0.17437201738357544,
            -0.7294999361038208,
            0.02141588181257248
        ],
        [
            -0.14185190200805664,
            -0.7369505167007446,
            -0.016568943858146667
        ],
        [
            -0.14868351817131042,
            -0.7392240762710571,
            -0.010473806411027908
        ],
        [
            -0.14460957050323486,
            -0.735603392124176,
            -0.005880797281861305
        ],
        [
            -0.13967427611351013,
            -0.7334927916526794,
            -0.011576071381568909
        ],
        [
            -0.15064068138599396,
            -0.7361313700675964,
            0.010605931282043457
        ],
        [
            -0.1409357488155365,
            -0.724783182144165,
            0.005008433014154434
        ],
        [
            -0.1436549723148346,
            -0.7273449897766113,
            0.005191858857870102
        ],
        [
            -0.14609834551811218,
            -0.7251845598220825,
            0.011609397828578949
        ],
        [
            -0.14358413219451904,
            -0.7228497266769409,
            0.01075996458530426
        ],
        [
            -0.12661302089691162,
            -0.7324988842010498,
            -0.024366023018956184
        ],
        [
            -0.12826719880104065,
            -0.7285334467887878,
            -0.01833546906709671
        ],
        [
            -0.12179431319236755,
            -0.7252941727638245,
            -0.019945204257965088
        ],
        [
            -0.11822426319122314,
            -0.7292383909225464,
            -0.02556413598358631
        ],
        [
            -0.11692646145820618,
            -0.7216758728027344,
            -0.018210768699645996
        ],
        [
            -0.11078706383705139,
            -0.7256143689155579,
            -0.025391854345798492
        ],
        [
            -0.1006302535533905,
            -0.7148654460906982,
            -0.018145719543099403
        ],
        [
            -0.1050066202878952,
            -0.7199106812477112,
            -0.022011343389749527
        ],
        [
            -0.11295661330223083,
            -0.7172054648399353,
            -0.01491810567677021
        ],
        [
            -0.11111733317375183,
            -0.7113379240036011,
            -0.00978742353618145
        ],
        [
            -0.1180153489112854,
            -0.7091867923736572,
            0.003213636577129364
        ],
        [
            -0.11804470419883728,
            -0.7065231800079346,
            0.009097538888454437
        ],
        [
            -0.10937881469726562,
            -0.6991137862205505,
            0.0028969980776309967
        ],
        [
            -0.11022931337356567,
            -0.7039588689804077,
            -0.003217879682779312
        ],
        [
            -0.13363227248191833,
            -0.723505437374115,
            0.004536792635917664
        ],
        [
            -0.13233491778373718,
            -0.7255063056945801,
            0.00035904720425605774
        ],
        [
            -0.13498608767986298,
            -0.7250359058380127,
            0.0004485808312892914
        ],
        [
            -0.13743150234222412,
            -0.723566472530365,
            0.004874218255281448
        ],
        [
            -0.13146597146987915,
            -0.7265187501907349,
            -0.003465067595243454
        ],
        [
            -0.13102850317955017,
            -0.7269023656845093,
            -0.005186663940548897
        ],
        [
            -0.13271623849868774,
            -0.7269879579544067,
            -0.004711044952273369
        ],
        [
            -0.13225746154785156,
            -0.726889431476593,
            -0.003424357622861862
        ],
        [
            -0.13218694925308228,
            -0.7261717915534973,
            -0.0014232061803340912
        ],
        [
            -0.131056547164917,
            -0.7244709134101868,
            -0.0005978606641292572
        ],
        [
            -0.13119831681251526,
            -0.7255983352661133,
            -0.002607639878988266
        ],
        [
            -0.1319752335548401,
            -0.7219058871269226,
            0.0030653029680252075
        ],
        [
            -0.1342872977256775,
            -0.7145994305610657,
            0.015608564019203186
        ],
        [
            -0.13415156304836273,
            -0.715936541557312,
            0.012024708092212677
        ],
        [
            -0.1360536813735962,
            -0.719814658164978,
            0.013920925557613373
        ],
        [
            -0.13640597462654114,
            -0.7188036441802979,
            0.016945932060480118
        ],
        [
            -0.13501259684562683,
            -0.7273278832435608,
            -0.0030141212046146393
        ],
        [
            -0.13611701130867004,
            -0.7285224795341492,
            -0.0049848128110170364
        ],
        [
            -0.139789417386055,
            -0.7281252145767212,
            -0.0006997808814048767
        ],
        [
            -0.1373002827167511,
            -0.7265768051147461,
            0.00019174441695213318
        ],
        [
            -0.13769623637199402,
            -0.7300658226013184,
            -0.007705865427851677
        ],
        [
            -0.13349801301956177,
            -0.7282869815826416,
            -0.006881650537252426
        ],
        [
            -0.1341973841190338,
            -0.729170024394989,
            -0.010080164298415184
        ],
        [
            -0.12976810336112976,
            -0.7255838513374329,
            -0.00484202615916729
        ],
        [
            -0.128029465675354,
            -0.7253799438476562,
            -0.0079027209430933
        ],
        [
            -0.1306416094303131,
            -0.7266092300415039,
            -0.008064394816756248
        ],
        [
            -0.12591885030269623,
            -0.7226239442825317,
            -0.006252128630876541
        ],
        [
            -0.12889766693115234,
            -0.7234160304069519,
            -0.002534441649913788
        ],
        [
            -0.1291537582874298,
            -0.7201144099235535,
            0.0009747892618179321
        ],
        [
            -0.12984195351600647,
            -0.7164813280105591,
            0.005571424961090088
        ],
        [
            -0.12482134997844696,
            -0.7150802612304688,
            0.002388894557952881
        ],
        [
            -0.12498573958873749,
            -0.7188820838928223,
            -0.002627737820148468
        ],
        [
            -0.14234399795532227,
            -0.73139888048172,
            -0.002550385892391205
        ],
        [
            -0.12957754731178284,
            -0.7273392081260681,
            -0.012568691745400429
        ],
        [
            -0.13446426391601562,
            -0.7319203615188599,
            -0.015171470120549202
        ],
        [
            -0.12549325823783875,
            -0.7246249318122864,
            -0.013125218451023102
        ],
        [
            -0.1219111979007721,
            -0.7216024398803711,
            -0.011616675183176994
        ],
        [
            -0.11961290240287781,
            -0.7174997925758362,
            -0.007513290271162987
        ],
        [
            -0.11858010292053223,
            -0.7131552696228027,
            -0.002440415322780609
        ],
        [
            -0.09616649150848389,
            -0.7000501751899719,
            -0.0017474628984928131
        ],
        [
            -0.09861132502555847,
            -0.7060515284538269,
            -0.009449506178498268
        ],
        [
            -0.19373056292533875,
            -0.7797248363494873,
            -0.0011158138513565063
        ],
        [
            -0.19252456724643707,
            -0.7811874151229858,
            -0.010013625025749207
        ],
        [
            -0.18347342312335968,
            -0.7790257930755615,
            -0.011608246713876724
        ],
        [
            -0.1852000653743744,
            -0.7805843949317932,
            -0.012997955083847046
        ],
        [
            -0.18803495168685913,
            -0.7792567610740662,
            -0.007611146196722984
        ],
        [
            -0.18527354300022125,
            -0.7778480052947998,
            -0.007362788543105125
        ],
        [
            -0.16941127181053162,
            -0.7850790023803711,
            -0.02742777392268181
        ],
        [
            -0.17303238809108734,
            -0.7830584049224854,
            -0.02188539318740368
        ],
        [
            -0.16960842907428741,
            -0.7813243865966797,
            -0.022605832666158676
        ],
        [
            -0.16493502259254456,
            -0.7806308269500732,
            -0.02979058027267456
        ],
        [
            -0.16814593970775604,
            -0.7711044549942017,
            -0.015483463183045387
        ],
        [
            -0.1675596535205841,
            -0.7742323875427246,
            -0.019821884110569954
        ],
        [
            -0.17309191823005676,
            -0.7772737145423889,
            -0.015107184648513794
        ],
        [
            -0.17359530925750732,
            -0.7749317288398743,
            -0.012015020474791527
        ],
        [
            -0.17409676313400269,
            -0.7730820178985596,
            -0.008282655850052834
        ],
        [
            -0.17450833320617676,
            -0.7719144821166992,
            -0.0039090365171432495
        ],
        [
            -0.1703239232301712,
            -0.7687567472457886,
            -0.0050786882638931274
        ],
        [
            -0.16919566690921783,
            -0.7694244980812073,
            -0.010307136923074722
        ],
        [
            -0.18844223022460938,
            -0.7792928218841553,
            -0.0011506453156471252
        ],
        [
            -0.18669293820858002,
            -0.7786135077476501,
            0.00615234300494194
        ],
        [
            -0.18395645916461945,
            -0.7773904204368591,
            0.004195753484964371
        ],
        [
            -0.1858029067516327,
            -0.7775614857673645,
            -0.0017306096851825714
        ],
        [
            -0.17422308027744293,
            -0.7761131525039673,
            0.013188641518354416
        ],
        [
            -0.17695097625255585,
            -0.776986837387085,
            0.012340560555458069
        ],
        [
            -0.1780744045972824,
            -0.777387261390686,
            0.016132980585098267
        ],
        [
            -0.17419330775737762,
            -0.7747821807861328,
            0.016492292284965515
        ],
        [
            -0.17250311374664307,
            -0.7726218700408936,
            0.013716477900743484
        ],
        [
            -0.17353852093219757,
            -0.7746855616569519,
            0.011675380170345306
        ],
        [
            -0.22520048916339874,
            -0.8259867429733276,
            0.0031504854559898376
        ],
        [
            -0.2201400101184845,
            -0.8075913190841675,
            0.006309527903795242
        ],
        [
            -0.21401488780975342,
            -0.8297708034515381,
            -0.013528773561120033
        ],
        [
            -0.19935382902622223,
            -0.8301690816879272,
            -0.02534479647874832
        ],
        [
            -0.18478630483150482,
            -0.8268076181411743,
            -0.03548073023557663
        ],
        [
            -0.12540671229362488,
            -0.7407865524291992,
            -0.031425841152668
        ],
        [
            -0.11509740352630615,
            -0.7388111352920532,
            -0.03432229533791542
        ],
        [
            -0.11238014698028564,
            -0.7523708343505859,
            -0.04206148907542229
        ],
        [
            -0.10181871056556702,
            -0.7481567859649658,
            -0.042007625102996826
        ],
        [
            -0.10544048249721527,
            -0.7339333295822144,
            -0.03387342393398285
        ],
        [
            -0.09044665098190308,
            -0.7209835052490234,
            -0.023883506655693054
        ],
        [
            -0.09696343541145325,
            -0.7277248501777649,
            -0.0306085292249918
        ],
        [
            -0.09116524457931519,
            -0.7440047860145569,
            -0.03972257673740387
        ],
        [
            -0.08874398469924927,
            -0.7633419632911682,
            -0.047736961394548416
        ],
        [
            -0.09992049634456635,
            -0.763766884803772,
            -0.04803171008825302
        ],
        [
            -0.0901336520910263,
            -0.784042239189148,
            -0.05058315023779869
        ],
        [
            -0.07504786550998688,
            -0.7638769745826721,
            -0.046304456889629364
        ],
        [
            -0.08210143446922302,
            -0.7889086008071899,
            -0.0488053597509861
        ],
        [
            -0.062297746539115906,
            -0.7351077795028687,
            -0.034971851855516434
        ],
        [
            -0.056684330105781555,
            -0.730415940284729,
            -0.037589531391859055
        ],
        [
            -0.048120707273483276,
            -0.7436261177062988,
            -0.04750876501202583
        ],
        [
            -0.05510932207107544,
            -0.7489045858383179,
            -0.045579444617033005
        ],
        [
            -0.11111097037792206,
            -0.7646638751029968,
            -0.04709085449576378
        ],
        [
            -0.1606036275625229,
            -0.8060353994369507,
            -0.04172743856906891
        ],
        [
            -0.168258935213089,
            -0.7975442409515381,
            -0.0363728329539299
        ],
        [
            -0.14961294829845428,
            -0.7989250421524048,
            -0.04557348042726517
        ],
        [
            -0.18746773898601532,
            -0.8630775213241577,
            -0.03798281401395798
        ],
        [
            -0.19642452895641327,
            -0.8471469879150391,
            -0.03160141035914421
        ],
        [
            -0.1817394345998764,
            -0.8412235379219055,
            -0.040708474814891815
        ],
        [
            -0.17569391429424286,
            -0.8565366268157959,
            -0.04560180753469467
        ],
        [
            -0.21490605175495148,
            -0.8807088732719421,
            -0.006064753979444504
        ],
        [
            -0.22346433997154236,
            -0.853846549987793,
            -0.0031139999628067017
        ],
        [
            -0.2118837535381317,
            -0.8519086241722107,
            -0.017058048397302628
        ],
        [
            -0.2041603922843933,
            -0.8728857040405273,
            -0.02140565775334835
        ],
        [
            -0.16734477877616882,
            -0.8666688203811646,
            -0.04916663095355034
        ],
        [
            -0.1553039699792862,
            -0.8804799318313599,
            -0.051436103880405426
        ],
        [
            -0.16095727682113647,
            -0.8965283632278442,
            -0.0461207814514637
        ],
        [
            -0.17732907831668854,
            -0.881345272064209,
            -0.042562469840049744
        ],
        [
            -0.1680692434310913,
            -0.9155436754226685,
            -0.032754912972450256
        ],
        [
            -0.188373863697052,
            -0.8973710536956787,
            -0.02778981253504753
        ],
        [
            -0.0649164468050003,
            -0.7842766046524048,
            -0.04767701402306557
        ],
        [
            -0.07565124332904816,
            -0.8017202615737915,
            -0.047393616288900375
        ],
        [
            -0.06463761627674103,
            -0.7543116807937622,
            -0.04374098405241966
        ],
        [
            -0.05597403645515442,
            -0.7710188627243042,
            -0.0482826866209507
        ],
        [
            -0.17257022857666016,
            -0.9294506311416626,
            -0.013423938304185867
        ],
        [
            -0.197001650929451,
            -0.9088151454925537,
            -0.008461665362119675
        ],
        [
            -0.10268554091453552,
            -0.8987725973129272,
            -0.048923131078481674
        ],
        [
            -0.12171134352684021,
            -0.9052168130874634,
            -0.04778037592768669
        ],
