{
    "pred_cam": [
        1.1907017230987549,
        0.009520763531327248,
        0.16572776436805725
    ],
    "pred_smpl_params": {
        "global_orient": [
            [
                [
                    0.9643124341964722,
                    0.211955726146698,
                    0.15867048501968384
                ],
                [
                    0.19899432361125946,
                    -0.9755082130432129,
                    0.09372799098491669
                ],
                [
                    0.17465054988861084,
                    -0.05880853533744812,
                    -0.9828726649284363
                ]
            ]
        ],
        "body_pose": [
            [
                [
                    0.9970438480377197,
                    0.014568096958100796,
                    -0.07544033974409103
                ],
                [
                    -0.0013823675690218806,
                    0.9851028323173523,
                    0.17196093499660492
                ],
                [
                    0.07682163268327713,
                    -0.17134831845760345,
                    0.9822108745574951
                ]
            ],
            [
                [
                    0.9996899962425232,
                    -0.013623427599668503,
                    -0.020840631797909737
                ],
                [
                    0.016967782750725746,
                    0.9853306412696838,
                    0.16981035470962524
                ],
                [
                    0.01822151616215706,
                    -0.17011132836341858,
                    0.9852563738822937
                ]
            ],
            [
                [
                    0.9972984790802002,
                    0.013353805057704449,
                    0.07223281264305115
                ],
                [
                    0.0013849587412551045,
                    0.9797440767288208,
                    -0.2002488374710083
                ],
                [
                    -0.07344376295804977,
                    0.19980786740779877,
                    0.9770787954330444
                ]
            ],
            [
                [
                    0.9872384667396545,
                    -0.06525031477212906,
                    -0.14526739716529846
                ],
                [
                    -0.03556118533015251,
                    0.798839807510376,
                    -0.6004918217658997
                ],
                [
                    0.1552276313304901,
                    0.5979944467544556,
                    0.7863250374794006
                ]
            ],
            [
                [
                    0.993186354637146,
                    -0.10223317891359329,
                    0.055938396602869034
                ],
                [
                    0.1149924024939537,
                    0.7818667888641357,
                    -0.6127488613128662
                ],
                [
                    0.018906887620687485,
                    0.6150063872337341,
                    0.7882954478263855
                ]
            ],
            [
                [
                    0.9959816336631775,
                    0.03650806099176407,
                    0.08177942037582397
                ],
                [
                    -0.03408980742096901,
                    0.9989448189735413,
                    -0.03077450953423977
                ],
                [
                    -0.08281665295362473,
                    0.027862997725605965,
                    0.996175229549408
                ]
            ],
            [
                [
                    0.9809752106666565,
                    0.06082559749484062,
                    0.18435779213905334
                ],
                [
                    -0.061353035271167755,
                    0.9981120824813843,
                    -0.002847449854016304
                ],
                [
                    -0.18418292701244354,
                    -0.008517633192241192,
                    0.9828550219535828
                ]
            ],
            [
                [
                    0.9856175184249878,
                    0.010800514370203018,
                    -0.16864635050296783
                ],
                [
                    -0.005601325072348118,
                    0.9994951486587524,
                    0.031274449080228806
                ],
                [
                    0.16889898478984833,
                    -0.02988000214099884,
                    0.9851804375648499
                ]
            ],
            [
                [
                    0.9984226822853088,
                    0.009908587671816349,
                    0.0552629791200161
                ],
                [
                    -0.006360999308526516,
                    0.9979293346405029,
                    -0.06400483101606369
                ],
                [
                    -0.0557827427983284,
                    0.06355234235525131,
                    0.996418297290802
                ]
            ],
            [
                [
                    0.9898544549942017,
                    -0.14162132143974304,
                    -0.011469290591776371
                ],
                [
                    0.1418977677822113,
                    0.9811820387840271,
                    0.13094575703144073
                ],
                [
                    -0.00729124853387475,
                    -0.1312447190284729,
                    0.9913231730461121
                ]
            ],
            [
                [
                    0.9971677660942078,
                    0.0739227905869484,
                    0.013852745294570923
                ],
                [
                    -0.07519422471523285,
                    0.9836251139640808,
                    0.16379091143608093
                ],
                [
                    -0.001518028904683888,
                    -0.1643686592578888,
                    0.9863978028297424
                ]
            ],
            [
                [
                    0.9999728202819824,
                    -0.005846725776791573,
                    0.004473553970456123
                ],
                [
                    0.006207192316651344,
                    0.9963333606719971,
                    -0.08532943576574326
                ],
                [
                    -0.003958253189921379,
                    0.08535489439964294,
                    0.9963425993919373
                ]
            ],
            [
                [
                    0.9302800893783569,
                    0.363523930311203,
                    -0.04928865283727646
                ],
                [
                    -0.36388832330703735,
                    0.9314410090446472,
                    0.001685827854089439
                ],
                [
                    0.046522315591573715,
                    0.016367271542549133,
                    0.9987831115722656
                ]
            ],
            [
                [
                    0.9301537871360779,
                    -0.3088768720626831,
                    0.19851718842983246
                ],
                [
                    0.31573885679244995,
                    0.9488411545753479,
                    -0.003075784770771861
                ],
                [
                    -0.18741124868392944,
                    0.06554054468870163,
                    0.9800926446914673
                ]
            ],
            [
                [
                    0.9998720288276672,
                    0.007729438133537769,
                    0.013999666087329388
                ],
                [
                    -0.0032387152314186096,
                    0.9551662802696228,
                    -0.2960520386695862
                ],
                [
                    -0.01566033624112606,
                    0.2959688603878021,
                    0.9550690650939941
                ]
            ],
            [
                [
                    0.48648110032081604,
                    0.8359689712524414,
                    -0.2539527118206024
                ],
                [
                    -0.8646038770675659,
                    0.5024488568305969,
                    -0.00229093455709517
                ],
                [
                    0.12568309903144836,
                    0.2206829935312271,
                    0.9672138690948486
                ]
            ],
            [
                [
                    0.43398991227149963,
                    -0.7854834794998169,
                    0.44121259450912476
                ],
                [
                    0.8720694184303284,
                    0.48920607566833496,
                    0.013131923042237759
                ],
                [
                    -0.2261587679386139,
                    0.37906885147094727,
                    0.8973066210746765
                ]
            ],
            [
                [
                    0.6203582882881165,
                    -0.28677135705947876,
                    -0.7300122380256653
                ],
                [
                    0.21403877437114716,
                    0.9573303461074829,
                    -0.19418056309223175
                ],
                [
                    0.754548192024231,
                    -0.03578939288854599,
                    0.6552680134773254
                ]
            ],
            [
                [
                    0.4087839126586914,
                    0.297976553440094,
                    0.8626155853271484
                ],
                [
                    0.12018869817256927,
                    0.9193867444992065,
                    -0.37454327940940857
                ],
                [
                    -0.904682457447052,
                    0.2567839026451111,
                    0.3400171101093292
                ]
            ],
            [
                [
                    0.9928829669952393,
                    -0.1190938726067543,
                    -0.000339739111950621
                ],
                [
                    0.11904626339673996,
                    0.9923968315124512,
                    0.031249631196260452
                ],
                [
                    -0.0033844837453216314,
                    -0.03106766939163208,
                    0.9995115995407104
                ]
            ],
            [
                [
                    0.9955087304115295,
                    0.08639732748270035,
                    0.03870124742388725
                ],
                [
                    -0.08737655729055405,
                    0.9958772659301758,
                    0.024366069585084915
                ],
                [
                    -0.0364365354180336,
                    -0.02763821929693222,
                    0.998953640460968
                ]
            ],
            [
                [
                    0.9666491150856018,
                    0.23630580306053162,
                    -0.09873788058757782
                ],
                [
                    -0.21941857039928436,
                    0.9629868865013123,
                    0.15656234323978424
                ],
                [
                    0.1320798695087433,
                    -0.12967590987682343,
                    0.9827203154563904
                ]
            ],
            [
                [
                    0.9711678624153137,
                    -0.22267594933509827,
                    0.08513778448104858
                ],
                [
                    0.20849284529685974,
                    0.9665128588676453,
                    0.1496116667985916
                ],
                [
                    -0.11560168117284775,
                    -0.12754741311073303,
                    0.9850725531578064
                ]
            ]
        ],
        "betas": [
            -0.062033772468566895,
            -0.0837329626083374,
            -0.05314859747886658,
            0.03782111406326294,
            0.050178319215774536,
            0.035359177738428116,
            -0.011217564344406128,
            -0.05739116668701172,
            0.07039950788021088,
            -0.04798021912574768
        ]
    },
    "pred_cam_t": [
        0.009520763531327248,
        0.16572776436805725,
        32.8062858581543
    ],
    "focal_length": [
        5000.0,
        5000.0
    ],
    "pred_keypoints_3d": [
        [
            0.20605191588401794,
            -0.7043849229812622,
            -0.22714431583881378
        ],
        [
            0.12979334592819214,
            -0.7048584222793579,
            -0.05436589568853378
        ],
        [
            -0.05859312787652016,
            -0.6472902297973633,
            -0.10661765933036804
        ],
        [
            -0.14920367300510406,
            -0.41312745213508606,
            -0.0683136135339737
        ],
        [
            0.012569516897201538,
            -0.24039915204048157,
            -0.16161291301250458
        ],
        [
            0.2615955173969269,
            -0.5841953158378601,
            0.040293268859386444
        ],
        [
            0.20849771797657013,
            -0.34602439403533936,
            0.13072247803211212
        ],
        [
            0.25397005677223206,
            -0.14363928139209747,
            -0.005925193428993225
        ],
        [
            -0.001784707885235548,
            -0.22314439713954926,
            0.02850988507270813
        ],
        [
            -0.08703306317329407,
            -0.1488642692565918,
            0.026141120120882988
        ],
        [
            -0.18929006159305573,
            0.21722355484962463,
            -0.011555815115571022
        ],
        [
            -0.23234543204307556,
            0.5243880152702332,
            0.23812653124332428
        ],
        [
            0.044982440769672394,
            -0.12087893486022949,
            0.05272215977311134
        ],
        [
            0.004315569996833801,
            0.24943888187408447,
            0.01859147474169731
        ],
        [
            -0.06653720885515213,
            0.5595572590827942,
            0.25748252868652344
        ],
        [
            0.18367218971252441,
            -0.760409414768219,
            -0.23553383350372314
        ],
        [
            0.24425193667411804,
            -0.7489490509033203,
            -0.2107997089624405
        ],
        [
            0.12146614491939545,
            -0.8143482804298401,
            -0.1712683141231537
        ],
        [
            0.25641152262687683,
            -0.7891831398010254,
            -0.11760982125997543
        ],
        [
            -0.08083924651145935,
            0.7038277387619019,
            0.12010666728019714
        ],
        [
            -0.015850383788347244,
            0.6942288875579834,
            0.17113173007965088
        ],
        [
            -0.06561984121799469,
            0.5597270727157593,
            0.3271528482437134
        ],
        [
            -0.23876139521598816,
            0.6622962951660156,
            0.09692510962486267
        ],
        [
            -0.311734139919281,
            0.6346027851104736,
            0.13575148582458496
        ],
        [
            -0.24117249250411987,
            0.5319274067878723,
            0.3101266324520111
        ],
        [
            -0.2476760298013687,
            0.4661392569541931,
            0.23240916430950165
        ],
        [
            -0.1746836006641388,
            0.1564270704984665,
            -0.01621238701045513
        ],
        [
            -0.13905569911003113,
            -0.28508710861206055,
            0.010475557297468185
        ],
        [
            0.13955308496952057,
            -0.21120180189609528,
            0.07658416032791138
        ],
        [
            0.022046618163585663,
            0.21143792569637299,
            0.01730978488922119
        ],
        [
            -0.05045808106660843,
            0.5191917419433594,
            0.26186230778694153
        ],
        [
            0.022653687745332718,
            -0.2766570448875427,
            -0.1569790542125702
        ],
        [
            -0.14567679166793823,
            -0.42985329031944275,
            -0.10785913467407227
        ],
        [
            -0.01921059936285019,
            -0.6709688901901245,
            -0.09675678610801697
        ],
        [
            0.2422422468662262,
            -0.6202070713043213,
            0.027140319347381592
        ],
        [
            0.2551441490650177,
            -0.36049753427505493,
            0.10909786075353622
        ],
        [
            0.2632923722267151,
            -0.16385647654533386,
            -0.008787203580141068
        ],
        [
            0.13319285213947296,
            -0.6940769553184509,
            -0.058446742594242096
        ],
        [
            0.2146773636341095,
            -0.8328145742416382,
            -0.1827235221862793
        ],
        [
            0.0009787636809051037,
            -0.2482389360666275,
            0.04415549710392952
        ],
        [
            0.11056673526763916,
            -0.6436586976051331,
            -0.03707993030548096
        ],
        [
            0.0530291348695755,
            -0.4880417287349701,
            0.019849754869937897
        ],
        [
            0.18616485595703125,
            -0.7265051007270813,
            -0.15307863056659698
        ],
        [
            0.2156766653060913,
            -0.8532143235206604,
            -0.1874733865261078
        ]
    ],
    "pred_vertices": [
        [
            0.27207180857658386,
            -0.783997654914856,
            -0.231256902217865
        ],
        [
            0.2626397907733917,
            -0.7697718143463135,
            -0.2310582995414734
        ],
        [
            0.26944029331207275,
            -0.7705750465393066,
            -0.21853458881378174
        ],
        [
            0.2765618562698364,
            -0.78343266248703,
            -0.21430133283138275
        ],
        [
            0.26366209983825684,
            -0.760643720626831,
            -0.2196071445941925
        ],
        [
            0.2566206157207489,
            -0.7593045830726624,
            -0.22930540144443512
        ],
        [
            0.2710898816585541,
            -0.7707623243331909,
            -0.2046402245759964
        ],
        [
            0.2762520909309387,
            -0.7812315821647644,
            -0.19783033430576324
        ],
        [
            0.26095888018608093,
            -0.7480986714363098,
            -0.1750374138355255
        ],
        [
            0.2608520984649658,
            -0.7492854595184326,
            -0.16395525634288788
        ],
        [
            0.26547691226005554,
            -0.758114755153656,
            -0.17147423326969147
        ],
        [
            0.2631255090236664,
            -0.7549479603767395,
            -0.18107236921787262
        ],
        [
            0.2498375028371811,
            -0.7299778461456299,
            -0.15970759093761444
        ],
        [
            0.24277006089687347,
            -0.7187767624855042,
            -0.1638127565383911
        ],
        [
            0.23930881917476654,
            -0.717105507850647,
            -0.15091478824615479
        ],
        [
            0.24502483010292053,
            -0.7284111976623535,
            -0.146223783493042
        ],
        [
            0.22367501258850098,
            -0.7214442491531372,
            -0.20132558047771454
        ],
        [
            0.22607043385505676,
            -0.7159581780433655,
            -0.19513393938541412
        ],
        [
            0.23183812201023102,
            -0.7209690809249878,
            -0.19644400477409363
        ],
        [
            0.22836831212043762,
            -0.7261652946472168,
            -0.2022365927696228
        ],
        [
            0.22007718682289124,
            -0.7271130681037903,
            -0.21471145749092102
        ],
        [
            0.22222204506397247,
            -0.7332568168640137,
            -0.2145148515701294
        ],
        [
            0.22048485279083252,
            -0.7340548634529114,
            -0.2222667634487152
        ],
        [
            0.2190825641155243,
            -0.7266209125518799,
            -0.22257597744464874
        ],
        [
            0.21684789657592773,
            -0.7182585597038269,
            -0.20075079798698425
        ],
        [
            0.2193935513496399,
            -0.7127835750579834,
            -0.19401369988918304
        ],
        [
            0.22175268828868866,
            -0.7257505655288696,
            -0.20714926719665527
        ],
        [
            0.2188429832458496,
            -0.7214336395263672,
            -0.2075279951095581
        ],
        [
            0.21652404963970184,
            -0.7109941244125366,
            -0.21365603804588318
        ],
        [
            0.2192884236574173,
            -0.7152978777885437,
            -0.21425113081932068
        ],
        [
            0.21815477311611176,
            -0.7126951217651367,
            -0.22148819267749786
        ],
        [
            0.21486647427082062,
            -0.7089343070983887,
            -0.21873095631599426
        ],
        [
            0.21653105318546295,
            -0.7154926657676697,
            -0.20500653982162476
        ],
        [
            0.21876586973667145,
            -0.7160272598266602,
            -0.20845255255699158
        ],
        [
            0.21573853492736816,
            -0.7121337652206421,
            -0.20936404168605804
        ],
        [
            0.21286547183990479,
            -0.712588906288147,
            -0.20630332827568054
        ],
        [
            0.2186439335346222,
            -0.722203254699707,
            -0.21495577692985535
        ],
        [
            0.21840587258338928,
            -0.7200310826301575,
            -0.22245746850967407
        ],
        [
            0.21704405546188354,
            -0.717677652835846,
            -0.23018869757652283
        ],
        [
            0.21564479172229767,
            -0.7091062664985657,
            -0.2283337414264679
        ],
        [
            0.22942796349525452,
            -0.7074745297431946,
            -0.17894604802131653
        ],
        [
            0.22845903038978577,
            -0.7110481262207031,
            -0.18774431943893433
        ],
        [
            0.2220248281955719,
            -0.7081146836280823,
            -0.187358558177948
        ],
        [
            0.22362840175628662,
            -0.7047545313835144,
            -0.18047566711902618
        ],
        [
            0.21197573840618134,
            -0.7120692729949951,
            -0.20162951946258545
        ],
        [
            0.20955774188041687,
            -0.6991554498672485,
            -0.19230473041534424
        ],
        [
            0.21123969554901123,
            -0.701919674873352,
            -0.19426539540290833
        ],
        [
            0.20707131922245026,
            -0.7011886239051819,
            -0.200140118598938
        ],
        [
            0.20605629682540894,
            -0.6985942125320435,
            -0.19791251420974731
        ],
        [
            0.22639384865760803,
            -0.7008834481239319,
            -0.16294170916080475
        ],
        [
            0.2219759225845337,
            -0.6983045935630798,
            -0.16808649897575378
        ],
        [
            0.21912583708763123,
            -0.694503664970398,
            -0.16240882873535156
        ],
        [
            0.222156822681427,
            -0.6970244646072388,
            -0.15594838559627533
        ],
        [
            0.2145778238773346,
            -0.6911649703979492,
            -0.15978758037090302
        ],
        [
            0.21721889078617096,
            -0.693270206451416,
            -0.15018105506896973
        ],
        [
            0.20388080179691315,
            -0.6835044622421265,
            -0.14693506062030792
        ],
        [
            0.21033425629138947,
            -0.6879285573959351,
            -0.1479436457157135
        ],
        [
            0.20905712246894836,
            -0.68721604347229,
            -0.15893015265464783
        ],
        [
            0.20305490493774414,
            -0.6822452545166016,
            -0.1608836054801941
        ],
        [
            0.19606919586658478,
            -0.6825954914093018,
            -0.17426453530788422
        ],
        [
            0.19109180569648743,
            -0.6810358762741089,
            -0.17785942554473877
        ],
        [
            0.19024048745632172,
            -0.672184944152832,
            -0.16838493943214417
        ],
        [
            0.19625738263130188,
            -0.6762298941612244,
            -0.16475039720535278
        ],
        [
            0.20616573095321655,
            -0.6971399784088135,
            -0.18599176406860352
        ],
        [
            0.20899829268455505,
            -0.6983319520950317,
            -0.18230433762073517
        ],
        [
            0.21037323772907257,
            -0.6980023384094238,
            -0.1846400499343872
        ],
        [
            0.20794516801834106,
            -0.6974563598632812,
            -0.18933266401290894
        ],
        [
            0.21160021424293518,
            -0.6987828016281128,
            -0.1793077439069748
        ],
        [
            0.21277283132076263,
            -0.698810338973999,
            -0.17793278396129608
        ],
        [
            0.21338847279548645,
            -0.6990417838096619,
            -0.17957419157028198
        ],
        [
            0.21196138858795166,
            -0.6989772319793701,
            -0.18013626337051392
        ],
        [
            0.21023987233638763,
            -0.6986308097839355,
            -0.18124912679195404
        ],
        [
            0.20871901512145996,
            -0.6970850229263306,
            -0.18100415170192719
        ],
        [
            0.21063987910747528,
            -0.6980222463607788,
            -0.1796431690454483
        ],
        [
            0.2059774398803711,
            -0.6952359676361084,
            -0.18414458632469177
        ],
        [
            0.19582238793373108,
            -0.6907938122749329,
            -0.19402998685836792
        ],
        [
            0.19920432567596436,
            -0.6912578344345093,
            -0.19156508147716522
        ],
        [
            0.19928410649299622,
            -0.6954587697982788,
            -0.1936659961938858
        ],
        [
            0.19651244580745697,
            -0.6953218579292297,
            -0.1960124969482422
        ],
        [
            0.21293413639068604,
            -0.6997320055961609,
            -0.1827375739812851
        ],
        [
            0.21575769782066345,
            -0.7007553577423096,
            -0.18193906545639038
        ],
        [
            0.21431343257427216,
            -0.7012714147567749,
            -0.18744167685508728
        ],
        [
            0.21209725737571716,
            -0.699693500995636,
            -0.18609683215618134
        ],
        [
            0.21891318261623383,
            -0.7018548250198364,
            -0.18163371086120605
        ],
        [
            0.21570298075675964,
            -0.7000375390052795,
            -0.17878255248069763
        ],
        [
            0.21850666403770447,
            -0.700573205947876,
            -0.1776036024093628
        ],
        [
            0.2116062045097351,
            -0.6975810527801514,
            -0.17728009819984436
        ],
        [
            0.213009774684906,
            -0.6968264579772949,
            -0.1742059886455536
        ],
        [
            0.21478210389614105,
            -0.6980864405632019,
            -0.17604106664657593
        ],
        [
            0.21006296575069427,
            -0.6943888664245605,
            -0.17373958230018616
        ],
        [
            0.20895513892173767,
            -0.695841372013092,
            -0.17817354202270508
        ],
        [
            0.20586895942687988,
            -0.6932140588760376,
            -0.18078136444091797
        ],
        [
            0.20209228992462158,
            -0.6904597282409668,
            -0.1844482421875
        ],
        [
            0.2016223669052124,
            -0.6882814764976501,
            -0.1787155270576477
        ],
        [
            0.20619094371795654,
            -0.6912477016448975,
            -0.17551308870315552
        ],
        [
            0.21727940440177917,
            -0.7045538425445557,
            -0.18817465007305145
        ],
        [
            0.21784557402133942,
            -0.6980926990509033,
            -0.1725737601518631
        ],
        [
            0.22341009974479675,
            -0.7023617625236511,
            -0.1744356006383896
        ],
        [
            0.2156221568584442,
            -0.6951707601547241,
            -0.16934539377689362
        ],
        [
            0.21194225549697876,
            -0.6923482418060303,
            -0.16768816113471985
        ],
        [
            0.2071135938167572,
            -0.689111053943634,
            -0.16842879354953766
        ],
        [
            0.20168057084083557,
            -0.6854777932167053,
            -0.17115148901939392
        ],
        [
            0.18645206093788147,
            -0.6716335415840149,
            -0.1545184701681137
        ],
        [
            0.19483685493469238,
            -0.6765514612197876,
            -0.1511598825454712
        ],
        [
            0.2512766420841217,
            -0.7553778290748596,
            -0.22400854527950287
        ],
        [
            0.2580890655517578,
            -0.7550151944160461,
            -0.217992901802063
        ],
        [
            0.25422048568725586,
            -0.7520500421524048,
            -0.20989862084388733
        ],
        [
            0.2568804621696472,
            -0.7535028457641602,
            -0.2101489007472992
        ],
        [
            0.25333383679389954,
            -0.7534711956977844,
            -0.21575254201889038
        ],
        [
            0.25157296657562256,
            -0.7517751455307007,
            -0.21377940475940704
        ],
        [
            0.2597993016242981,
            -0.753770112991333,
            -0.18897949159145355
        ],
        [
            0.2572355270385742,
            -0.753017783164978,
            -0.1953580677509308
        ],
        [
            0.2557006776332855,
            -0.7510031461715698,
            -0.19213518500328064
        ],
        [
            0.2587012052536011,
            -0.7487853765487671,
            -0.18435552716255188
        ],
        [
            0.24768048524856567,
            -0.7421520948410034,
            -0.19639277458190918
        ],
        [
            0.2512581944465637,
            -0.7444673776626587,
            -0.192904993891716
        ],
        [
            0.25112003087997437,
            -0.7483603358268738,
            -0.19992150366306305
        ],
        [
            0.24861736595630646,
            -0.746602475643158,
            -0.20251154899597168
        ],
        [
            0.24550384283065796,
            -0.7456568479537964,
            -0.2052585929632187
        ],
        [
            0.24204009771347046,
            -0.7455189228057861,
            -0.20802679657936096
        ],
        [
            0.24003508687019348,
            -0.7418543100357056,
            -0.20459960401058197
        ],
        [
            0.24376527965068817,
            -0.7414982318878174,
            -0.20064467191696167
        ],
        [
            0.24822917580604553,
            -0.7544316053390503,
            -0.21994662284851074
        ],
        [
            0.24132801592350006,
            -0.7551121711730957,
            -0.22229477763175964
        ],
        [
            0.24118632078170776,
            -0.7530609369277954,
            -0.21962571144104004
        ],
        [
            0.24709413945674896,
            -0.7521113753318787,
            -0.2178460955619812
        ],
        [
            0.22826790809631348,
            -0.7529922127723694,
            -0.21650569140911102
        ],
        [
            0.23060566186904907,
            -0.753980278968811,
            -0.21817424893379211
        ],
        [
            0.22831249237060547,
            -0.7548524141311646,
            -0.22126919031143188
        ],
        [
            0.22553950548171997,
            -0.7521671056747437,
            -0.21853508055210114
        ],
        [
            0.226346954703331,
            -0.7495155334472656,
            -0.2159837782382965
        ],
        [
            0.22882427275180817,
            -0.7512639760971069,
            -0.21533873677253723
        ],
        [
            0.2721928656101227,
            -0.8023655414581299,
            -0.24455949664115906
        ],
        [
            0.2633843421936035,
            -0.7854664325714111,
            -0.2447877824306488
        ],
        [
            0.2801203727722168,
            -0.8021872043609619,
            -0.22578875720500946
        ],
        [
            0.2817000448703766,
            -0.7997127771377563,
            -0.20754027366638184
        ],
        [
            0.2811221182346344,
            -0.7934141159057617,
            -0.19015872478485107
        ],
        [
            0.23260249197483063,
            -0.7075624465942383,
            -0.156870499253273
        ],
        [
            0.2288087159395218,
            -0.7043588161468506,
            -0.14716693758964539
        ],
        [
            0.23540499806404114,
            -0.7160828709602356,
            -0.13866829872131348
        ],
        [
            0.22860807180404663,
            -0.7113948464393616,
            -0.13053619861602783
        ],
        [
            0.22214937210083008,
            -0.6993585824966431,
            -0.13986697793006897
        ],
        [
            0.2030259668827057,
            -0.6879821419715881,
            -0.13417473435401917
        ],
        [
            0.2135315090417862,
            -0.6933498382568359,
            -0.13528752326965332
        ],
        [
            0.2195497453212738,
            -0.7072916626930237,
            -0.12339544296264648
        ],
        [
            0.22742959856987,
            -0.7246518731117249,
            -0.11476528644561768
        ],
        [
            0.2343776375055313,
            -0.7254089713096619,
            -0.12383032590150833
        ],
        [
            0.23364746570587158,
            -0.7437281012535095,
            -0.11146260052919388
        ],
        [
            0.21808704733848572,
            -0.7254757285118103,
            -0.10432399064302444
        ],
        [
            0.2286895364522934,
            -0.7484807968139648,
            -0.10562942177057266
        ],
        [
            0.19406147301197052,
            -0.6973627805709839,
            -0.09974668174982071
        ],
        [
            0.1916394978761673,
            -0.690894365310669,
            -0.09264810383319855
        ],
        [
            0.19936907291412354,
            -0.7022651433944702,
            -0.07992351055145264
        ],
        [
            0.20290206372737885,
            -0.7088500261306763,
            -0.08733536303043365
        ],
        [
            0.24042776226997375,
            -0.7266826629638672,
            -0.13336241245269775
        ],
        [
            0.2694353759288788,
            -0.7705672383308411,
            -0.17036974430084229
        ],
        [
            0.2682011127471924,
            -0.7643694877624512,
            -0.18056602776050568
        ],
        [
            0.2649858891963959,
            -0.7628879547119141,
            -0.1604689359664917
        ],
        [
            0.28972354531288147,
            -0.8277906179428101,
            -0.18571573495864868
        ],
        [
            0.2875007688999176,
            -0.8144433498382568,
            -0.19839942455291748
        ],
        [
            0.2858525812625885,
            -0.8057622909545898,
            -0.18294435739517212
        ],
        [
            0.28844910860061646,
            -0.8194530606269836,
            -0.1728684902191162
        ],
        [
            0.2805396020412445,
            -0.8533406853675842,
            -0.2220887988805771
        ],
        [
            0.2798423767089844,
            -0.8284690380096436,
            -0.23556512594223022
        ],
        [
            0.28426656126976013,
            -0.8227438926696777,
            -0.21860213577747345
        ],
        [
            0.2861899137496948,
            -0.8419681787490845,
            -0.20676769316196442
        ],
        [
            0.2876487076282501,
            -0.8283237814903259,
            -0.16257239878177643
        ],
        [
            0.2843899130821228,
            -0.8408026695251465,
            -0.14900726079940796
        ],
        [
            0.28503531217575073,
            -0.8576946258544922,
            -0.15348203480243683
        ],
        [
            0.2889784574508667,
            -0.8446015119552612,
            -0.17174258828163147
        ],
        [
            0.2797873318195343,
            -0.8793387413024902,
            -0.16409000754356384
        ],
        [
            0.2849574089050293,
            -0.8635772466659546,
            -0.185910165309906
        ],
        [
            0.21881476044654846,
            -0.743942379951477,
            -0.09227453172206879
        ],
        [
            0.22666394710540771,
            -0.760208249092102,
            -0.09887053072452545
        ],
        [
            0.208007350564003,
            -0.7159147262573242,
            -0.09713205695152283
        ],
        [
            0.21191948652267456,
            -0.7310224771499634,
            -0.08568499237298965
        ],
        [
            0.26789745688438416,
            -0.8967797756195068,
            -0.17543889582157135
        ],
        [
            0.2755008935928345,
            -0.8790675401687622,
            -0.20159858465194702
        ],
        [
            0.2549598217010498,
            -0.855533242225647,
            -0.10520724952220917
        ],
        [
            0.26558971405029297,
            -0.8640168309211731,
            -0.11953714489936829
        ],
        [
            0.2701110243797302,
            -0.843491792678833,
            -0.12208013236522675
        ],
        [
            0.25970524549484253,
            -0.8384166955947876,
            -0.10843202471733093
        ],
        [
            0.24531005322933197,
            -0.8735315203666687,
