{
    "pred_cam": [
        1.408926010131836,
        0.154902383685112,
        0.26766473054885864
    ],
    "pred_smpl_params": {
        "global_orient": [
            [
                [
                    -0.3364630341529846,
                    0.10259151458740234,
                    -0.9360917210578918
                ],
                [
                    0.20175355672836304,
                    -0.9631129503250122,
                    -0.17806999385356903
                ],
                [
                    -0.9198305606842041,
                    -0.24877378344535828,
                    0.3033536970615387
                ]
            ]
        ],
        "body_pose": [
            [
                [
                    0.995222270488739,
                    0.0574098564684391,
                    0.07897338271141052
                ],
                [
                    -0.07096149772405624,
                    0.9808824062347412,
                    0.18120184540748596
                ],
                [
                    -0.06706083565950394,
                    -0.18594017624855042,
                    0.9802699089050293
                ]
            ],
            [
                [
                    0.9840590357780457,
                    0.1544429063796997,
                    -0.08817700296640396
                ],
                [
                    -0.1511206477880478,
                    0.9875698089599609,
                    0.043225549161434174
                ],
                [
                    0.09375681728124619,
                    -0.029211128130555153,
                    0.9951664805412292
                ]
            ],
            [
                [
                    0.9974702000617981,
                    -0.03394892066717148,
                    0.06245456635951996
                ],
                [
                    0.04510677978396416,
                    0.981328010559082,
                    -0.18697796761989594
                ],
                [
                    -0.054940707981586456,
                    0.1893220990896225,
                    0.9803767800331116
                ]
            ],
            [
                [
                    0.9789117574691772,
                    0.1933288723230362,
                    0.06599830836057663
                ],
                [
                    -0.18766844272613525,
                    0.9786925315856934,
                    -0.08331582695245743
                ],
                [
                    -0.08069939911365509,
                    0.06917303800582886,
                    0.9943353533744812
                ]
            ],
            [
                [
                    0.9945025444030762,
                    0.03635521978139877,
                    0.09819841384887695
                ],
                [
                    -0.033397018909454346,
                    0.9989423751831055,
                    -0.03160296753048897
                ],
                [
                    -0.09924349188804626,
                    0.02814970165491104,
                    0.9946649074554443
                ]
            ],
            [
                [
                    0.9840455651283264,
                    -0.17323420941829681,
                    0.04054991528391838
                ],
                [
                    0.17569120228290558,
                    0.9820976853370667,
                    -0.06794661283493042
                ],
                [
                    -0.028053302317857742,
                    0.07398682087659836,
                    0.9968646168708801
                ]
            ],
            [
                [
                    0.9680957794189453,
                    0.004825348034501076,
                    0.2505342364311218
                ],
                [
                    9.322279947809875e-05,
                    0.9998075366020203,
                    -0.019616957753896713
                ],
                [
                    -0.25058069825172424,
                    0.01901445910334587,
                    0.9679089784622192
                ]
            ],
            [
                [
                    0.9690684080123901,
                    -0.0698842778801918,
                    -0.23669107258319855
                ],
                [
                    0.05767691507935524,
                    0.9966420531272888,
                    -0.05812099203467369
                ],
                [
                    0.2399580031633377,
                    0.042671602219343185,
                    0.9698450565338135
                ]
            ],
            [
                [
                    0.9969524145126343,
                    -0.07381211221218109,
                    0.025254614651203156
                ],
                [
                    0.07543600350618362,
                    0.9946267604827881,
                    -0.07090146839618683
                ],
                [
                    -0.019885528832674026,
                    0.07259048521518707,
                    0.9971636533737183
                ]
            ],
            [
                [
                    0.9988031983375549,
                    -0.03686120733618736,
                    0.03214485943317413
                ],
                [
                    0.03859354928135872,
                    0.997737467288971,
                    -0.05504985153675079
                ],
                [
                    -0.030042925849556923,
                    0.056224558502435684,
                    0.9979659914970398
                ]
            ],
            [
                [
                    0.9980258941650391,
                    0.05598646029829979,
                    -0.028459670022130013
                ],
                [
                    -0.05589839443564415,
                    0.9984288811683655,
                    0.003882171818986535
                ],
                [
                    0.028632307425141335,
                    -0.002283658366650343,
                    0.9995874166488647
                ]
            ],
            [
                [
                    0.984982430934906,
                    0.03855767101049423,
                    0.1682942658662796
                ],
                [
                    0.015979886054992676,
                    0.9502017498016357,
                    -0.3112255930900574
                ],
                [
                    -0.17191362380981445,
                    0.30924102663993835,
                    0.9353159070014954
                ]
            ],
            [
                [
                    0.8852412700653076,
                    -0.15298549830913544,
                    -0.4392530918121338
                ],
                [
                    0.21422764658927917,
                    0.9723379015922546,
                    0.09308880567550659
                ],
                [
                    0.4128611981868744,
                    -0.17650620639324188,
                    0.8935273885726929
                ]
            ],
            [
                [
                    0.8673849701881409,
                    -0.27052998542785645,
                    0.4176805317401886
                ],
                [
                    0.25429725646972656,
                    0.9624226093292236,
                    0.09526555985212326
                ],
                [
                    -0.4277574121952057,
                    0.023583123460412025,
                    0.9035859107971191
                ]
            ],
            [
                [
                    0.9925331473350525,
                    0.01872236467897892,
                    -0.12053006887435913
                ],
                [
                    -0.06918834894895554,
                    0.9002148509025574,
                    -0.4299141466617584
                ],
                [
                    0.1004539504647255,
                    0.4350432753562927,
                    0.8947884440422058
                ]
            ],
            [
                [
                    0.769971489906311,
                    0.14513133466243744,
                    -0.6213539838790894
                ],
                [
                    -0.12806004285812378,
                    0.9891244173049927,
                    0.07234258949756622
                ],
                [
                    0.6250956058502197,
                    0.023868899792432785,
                    0.7801831364631653
                ]
            ],
            [
                [
                    0.6044659614562988,
                    -0.5961157083511353,
                    0.5284572243690491
                ],
                [
                    0.6647439002990723,
                    0.743010938167572,
                    0.07778391242027283
                ],
                [
                    -0.43901771306991577,
                    0.3042709529399872,
                    0.8453891277313232
                ]
            ],
            [
                [
                    0.1618722528219223,
                    -0.08585892617702484,
                    -0.9830695986747742
                ],
                [
                    -0.13981951773166656,
                    0.9841618537902832,
                    -0.10897701978683472
                ],
                [
                    0.9768561720848083,
                    0.15509267151355743,
                    0.1473037451505661
                ]
            ],
            [
                [
                    0.5655163526535034,
                    0.10957293212413788,
                    0.8174258470535278
                ],
                [
                    -0.0003201118379365653,
                    0.9911641478538513,
                    -0.13264045119285583
                ],
                [
                    -0.824737012386322,
                    0.07474866509437561,
                    0.5605546236038208
                ]
            ],
            [
                [
                    0.9865842461585999,
                    -0.06347791105508804,
                    -0.15040598809719086
                ],
                [
                    0.07237213104963303,
                    0.9958922863006592,
                    0.054412905126810074
                ],
                [
                    0.14633415639400482,
                    -0.06456811726093292,
                    0.9871256947517395
                ]
            ],
            [
                [
                    0.9933931827545166,
                    0.027849595993757248,
                    0.1113303005695343
                ],
                [
                    -0.055392786860466,
                    0.9659776091575623,
                    0.2526242434978485
                ],
                [
                    -0.10050708055496216,
                    -0.25712209939956665,
                    0.9611382484436035
                ]
            ],
            [
                [
                    0.993147075176239,
                    0.10189300030469894,
                    -0.05724292993545532
                ],
                [
                    -0.09686095267534256,
                    0.9916868805885315,
                    0.08470571786165237
                ],
                [
                    0.06539798527956009,
                    -0.07858062535524368,
                    0.9947603940963745
                ]
            ],
            [
                [
                    0.9930602312088013,
                    -0.11729231476783752,
                    -0.008599434047937393
                ],
                [
                    0.11751555651426315,
                    0.9867458343505859,
                    0.11190537363290787
                ],
                [
                    -0.004640183877199888,
                    -0.11213933676481247,
                    0.9936817288398743
                ]
            ]
        ],
        "betas": [
            -0.1224164068698883,
            -0.18523290753364563,
            0.06871578097343445,
            0.5228654146194458,
            0.21516865491867065,
            0.012197230011224747,
            -0.02327623963356018,
            -0.08259248733520508,
            0.13448572158813477,
            -0.018981754779815674
        ]
    },
    "pred_cam_t": [
        0.154902383685112,
        0.26766473054885864,
        27.725019454956055
    ],
    "focal_length": [
        5000.0,
        5000.0
    ],
    "pred_keypoints_3d": [
        [
            -0.17366184294223785,
            -0.7248470783233643,
            0.016657792031764984
        ],
        [
            0.0067451875656843185,
            -0.7312269806861877,
            -0.005563773214817047
        ],
        [
            0.025684425607323647,
            -0.6213116645812988,
            0.1624320149421692
        ],
        [
            -0.07042143493890762,
            -0.39629143476486206,
            0.21875229477882385
        ],
        [
            -0.2968200147151947,
            -0.32904085516929626,
            0.13196134567260742
        ],
        [
            -0.05979341268539429,
            -0.6962153911590576,
            -0.16065898537635803
        ],
        [
            -0.3050938844680786,
            -0.6850828528404236,
            -0.2379857301712036
        ],
        [
            -0.38921862840652466,
            -0.6258554458618164,
            -0.014389842748641968
        ],
        [
            -0.0020957509987056255,
            -0.22791121900081635,
            0.028211155906319618
        ],
        [
            0.015394071117043495,
            -0.15373213589191437,
            0.11128639429807663
        ],
        [
            0.010360995307564735,
            0.1790519803762436,
            0.28755608201026917
        ],
        [
            0.03056204877793789,
            0.5460601449012756,
            0.4233665466308594
        ],
        [
            -0.028295744210481644,
            -0.1248306855559349,
            -0.014678051695227623
        ],
        [
            -0.12733103334903717,
            0.21605831384658813,
            0.08373800665140152
        ],
        [
            -0.1335683912038803,
            0.5502276420593262,
            0.2875816822052002
        ],
        [
            -0.17192411422729492,
            -0.7756659984588623,
            0.051772478967905045
        ],
        [
            -0.18274497985839844,
            -0.7767636775970459,
            -0.013908028602600098
        ],
        [
            -0.08789367973804474,
            -0.8315416574478149,
            0.08374085277318954
        ],
        [
            -0.11264042556285858,
            -0.8337584733963013,
            -0.0640333741903305
        ],
        [
            -0.33198708295822144,
            0.5823627710342407,
            0.312181293964386
        ],
        [
            -0.2835719883441925,
            0.6219285726547241,
            0.25630491971969604
        ],
        [
            -0.07894894480705261,
            0.5888043642044067,
            0.2997748851776123
        ],
        [
            -0.1384691447019577,
            0.5602962374687195,
            0.5314821004867554
        ],
        [
            -0.05896785110235214,
            0.5511337518692017,
            0.5685452222824097
        ],
        [
            0.08160212635993958,
            0.5964191555976868,
            0.4148712754249573
        ],
        [
            0.06591204553842545,
            0.49788451194763184,
            0.40959107875823975
        ],
        [
            0.011410006321966648,
            0.11953351646661758,
            0.25880154967308044
        ],
        [
            0.05807282030582428,
            -0.2855933904647827,
            0.15107187628746033
        ],
        [
            -0.024567222222685814,
            -0.2089393138885498,
            -0.11840119957923889
        ],
        [
            -0.1201806589961052,
            0.18042603135108948,
            0.0579143650829792
        ],
        [
            -0.1060221791267395,
            0.5281156301498413,
            0.2604503035545349
        ],
        [
            -0.28430795669555664,
            -0.36660322546958923,
            0.12570756673812866
        ],
        [
            -0.08811633288860321,
            -0.4266458749771118,
            0.23477327823638916
        ],
        [
            0.024902017787098885,
            -0.656436026096344,
            0.13082405924797058
        ],
        [
            -0.041936904191970825,
            -0.7189062833786011,
            -0.14522135257720947
        ],
        [
            -0.29071176052093506,
            -0.7200167179107666,
            -0.21411126852035522
        ],
        [
            -0.3704666495323181,
            -0.6408149003982544,
            -0.01429680548608303
        ],
        [
            -0.0013153147883713245,
            -0.7246714234352112,
            -0.0010229405015707016
        ],
        [
            -0.1499461531639099,
            -0.8591477870941162,
            0.014064130373299122
        ],
        [
            0.01664668507874012,
            -0.2478213906288147,
            0.01574583537876606
        ],
        [
            -0.006684664636850357,
            -0.6814776659011841,
            -0.0046861786395311356
        ],
        [
            0.038769565522670746,
            -0.490938663482666,
            -0.027509000152349472
        ],
        [
            -0.102364182472229,
            -0.7541147470474243,
            0.0015880626160651445
        ],
        [
            -0.15597905218601227,
            -0.8772557377815247,
            0.01953992433845997
        ]
    ],
    "pred_vertices": [
        [
            -0.2176012396812439,
            -0.8109133243560791,
            -0.020675547420978546
        ],
        [
            -0.21191881597042084,
            -0.7952765822410583,
            -0.015945948660373688
        ],
        [
            -0.20450010895729065,
            -0.7990518808364868,
            -0.028105534613132477
        ],
        [
            -0.2054450660943985,
            -0.8131827712059021,
            -0.03310365602374077
        ],
        [
            -0.20198702812194824,
            -0.7880713939666748,
            -0.024591952562332153
        ],
        [
            -0.20638713240623474,
            -0.7844337224960327,
            -0.014035826548933983
        ],
        [
            -0.19352541863918304,
            -0.8014315366744995,
            -0.036429256200790405
        ],
        [
            -0.19133882224559784,
            -0.8141141533851624,
            -0.041213661432266235
        ],
        [
            -0.16166162490844727,
            -0.7833285331726074,
            -0.046387121081352234
        ],
        [
            -0.15254279971122742,
            -0.7866636514663696,
            -0.05143362283706665
        ],
        [
            -0.16186261177062988,
            -0.7943940162658691,
            -0.04995095357298851
        ],
        [
            -0.16842979192733765,
            -0.7892116904258728,
            -0.04412952437996864
        ],
        [
            -0.14170797169208527,
            -0.7665018439292908,
            -0.04807379096746445
        ],
        [
            -0.14075031876564026,
            -0.75392746925354,
            -0.0424715131521225
        ],
        [
            -0.12777401506900787,
            -0.7538405656814575,
            -0.04668807610869408
        ],
        [
            -0.12742413580417633,
            -0.7667847871780396,
            -0.051487378776073456
        ],
        [
            -0.16265077888965607,
            -0.7479822635650635,
            -0.0068674590438604355
        ],
        [
            -0.15840588510036469,
            -0.7436860203742981,
            -0.01323709450662136
        ],
        [
            -0.16310396790504456,
            -0.7491450309753418,
            -0.016439834609627724
        ],
        [
            -0.16634288430213928,
            -0.753078043460846,
            -0.009553354233503342
        ],
        [
            -0.1721271574497223,
            -0.7510713338851929,
            0.0035329610109329224
        ],
        [
            -0.17354196310043335,
            -0.7573598623275757,
            0.002847038209438324
        ],
        [
            -0.17913374304771423,
            -0.756641149520874,
            0.008432570844888687
        ],
        [
            -0.17820578813552856,
            -0.7491910457611084,
            0.008161414414644241
        ],
        [
            -0.15810085833072662,
            -0.7441296577453613,
            -0.0020909346640110016
        ],
        [
            -0.1535024791955948,
            -0.7400789856910706,
            -0.008849991485476494
        ],
        [
            -0.16655948758125305,
            -0.7512472867965698,
            -0.0015444718301296234
        ],
        [
            -0.16507701575756073,
            -0.7464563846588135,
            -0.00015693902969360352
        ],
        [
            -0.16834169626235962,
            -0.7349547147750854,
            0.0028156638145446777
        ],
        [
            -0.17062221467494965,
            -0.7394007444381714,
            0.0016766339540481567
        ],
        [
            -0.17590056359767914,
            -0.7356581687927246,
            0.005502596497535706
        ],
        [
            -0.171596497297287,
            -0.7319165468215942,
            0.006110146641731262
        ],
        [
            -0.1613507866859436,
            -0.7407639026641846,
            -0.0008777491748332977
        ],
        [
            -0.1654047667980194,
            -0.7411626577377319,
            -0.0008299574255943298
        ],
        [
            -0.16436180472373962,
            -0.7367387413978577,
            0.0013182535767555237
        ],
        [
            -0.16037613153457642,
            -0.7372655868530273,
            0.002328053116798401
        ],
        [
            -0.17121116816997528,
            -0.7461539506912231,
            0.0036693401634693146
        ],
        [
            -0.1772974133491516,
            -0.7427586317062378,
            0.007224764674901962
        ],
        [
            -0.18294328451156616,
            -0.7389312982559204,
            0.011735819280147552
        ],
        [
            -0.18015538156032562,
            -0.7304465770721436,
            0.010275129228830338
        ],
        [
            -0.14586931467056274,
            -0.738406777381897,
            -0.02606312185525894
        ],
        [
            -0.1529790759086609,
            -0.7406160831451416,
            -0.02028081752359867
        ],
        [
            -0.1491190642118454,
            -0.7369332313537598,
            -0.015529092401266098
        ],
        [
            -0.14392250776290894,
            -0.7348761558532715,
            -0.02101529762148857
        ],
        [
            -0.15594163537025452,
            -0.7372404336929321,
            0.0006389878690242767
        ],
        [
            -0.14592665433883667,
            -0.725940465927124,
            -0.004592960700392723
        ],
        [
            -0.14866748452186584,
            -0.728505551815033,
            -0.004517922177910805
        ],
        [
            -0.1514011025428772,
            -0.7262706160545349,
            0.0017579905688762665
        ],
        [
            -0.1488276720046997,
            -0.723944365978241,
            0.0010112673044204712
        ],
        [
            -0.13028353452682495,
            -0.7340394258499146,
            -0.03321634978055954
        ],
        [
            -0.1322004348039627,
            -0.7299897074699402,
            -0.027307186275720596
        ],
        [
            -0.1256527155637741,
            -0.7267680764198303,
            -0.028646163642406464
        ],
        [
            -0.12184575200080872,
            -0.7307857275009155,
            -0.034060824662446976
        ],
        [
            -0.12084239721298218,
            -0.7231197357177734,
            -0.026706773787736893
        ],
        [
            -0.11443085968494415,
            -0.7271433472633362,
            -0.03356163576245308
        ],
        [
            -0.10457226634025574,
            -0.7162861824035645,
            -0.025900568813085556
        ],
        [
            -0.10878980159759521,
            -0.721389651298523,
            -0.029944434762001038
        ],
        [
            -0.11700630187988281,
            -0.7186082601547241,
            -0.02325127273797989
        ],
        [
            -0.11536785960197449,
            -0.7126732468605042,
            -0.018086068332195282
        ],
        [
            -0.12285006046295166,
            -0.7103971838951111,
            -0.0054383594542741776
        ],
        [
            -0.12314186990261078,
            -0.7076716423034668,
            0.0004231557250022888
        ],
        [
            -0.11416152119636536,
            -0.7003181576728821,
            -0.005431417375802994
        ],
        [
            -0.11474709212779999,
            -0.7052156329154968,
            -0.011549672111868858
        ],
        [
            -0.13858798146247864,
            -0.7246989011764526,
            -0.004715258255600929
        ],
        [
            -0.13711366057395935,
            -0.7267388701438904,
            -0.008816465735435486
        ],
        [
            -0.13977006077766418,
            -0.7262635827064514,
            -0.008859425783157349
        ],
        [
            -0.14240571856498718,
            -0.7247518301010132,
            -0.004558797925710678
        ],
        [
            -0.13607892394065857,
            -0.7277877926826477,
            -0.012602444738149643
        ],
        [
            -0.1355684995651245,
            -0.7281891107559204,
            -0.014300743117928505
        ],
        [
            -0.13727888464927673,
            -0.7282692193984985,
            -0.013904569670557976
        ],
        [
            -0.136885404586792,
            -0.7281506061553955,
            -0.012605991214513779
        ],
        [
            -0.1368977576494217,
            -0.7274135947227478,
            -0.010604074224829674
        ],
        [
            -0.13579291105270386,
            -0.7257034778594971,
            -0.009734632447361946
        ],
        [
            -0.13584640622138977,
            -0.7268548011779785,
            -0.0117343720048666
        ],
        [
            -0.13686534762382507,
            -0.7230972051620483,
            -0.006136281415820122
        ],
        [
            -0.1397228091955185,
            -0.7156590819358826,
            0.006240256130695343
        ],
        [
            -0.13942119479179382,
            -0.7170465588569641,
            0.002685811370611191
        ],
        [
            -0.1414264738559723,
            -0.7209107875823975,
            0.004525832831859589
        ],
        [
            -0.14191357791423798,
            -0.7198535799980164,
            0.007504299283027649
        ],
        [
            -0.1396670937538147,
            -0.7285596132278442,
            -0.012330476194620132
        ],
        [
            -0.14067424833774567,
            -0.7298082113265991,
            -0.01432131789624691
        ],
        [
            -0.14453625679016113,
            -0.7293674945831299,
            -0.010209141299128532
        ],
        [
            -0.1420804262161255,
            -0.7278071641921997,
            -0.009211970493197441
        ],
        [
            -0.14212974905967712,
            -0.7313852906227112,
            -0.017111223191022873
        ],
        [
            -0.13796809315681458,
            -0.7295937538146973,
            -0.01610119827091694
        ],
        [
            -0.13851559162139893,
            -0.7305030822753906,
            -0.019330915063619614
        ],
        [
            -0.13431541621685028,
            -0.7268685698509216,
            -0.013904403895139694
        ],
        [
            -0.1324353814125061,
            -0.7267056107521057,
            -0.016891518607735634
        ],
        [
            -0.1350482851266861,
            -0.7279335260391235,
            -0.01716643013060093
        ],
        [
            -0.13038723170757294,
            -0.7239290475845337,
            -0.0151569414883852
        ],
        [
            -0.13353100419044495,
            -0.7246790528297424,
            -0.011569146066904068
        ],
        [
            -0.13392791152000427,
            -0.7213369011878967,
            -0.008100653067231178
        ],
        [
            -0.1348072588443756,
            -0.7176567912101746,
            -0.003568749874830246
        ],
        [
            -0.12963473796844482,
            -0.716295599937439,
            -0.0065263062715530396
        ],
        [
            -0.12959504127502441,
            -0.720147967338562,
            -0.011519050225615501
        ],
        [
            -0.14701712131500244,
            -0.7326493263244629,
            -0.012153016403317451
        ],
        [
            -0.13377854228019714,
            -0.7287213802337646,
            -0.021613333374261856
        ],
        [
            -0.13854652643203735,
            -0.7333351969718933,
            -0.024392925202846527
        ],
        [
            -0.1296607404947281,
            -0.7260136604309082,
            -0.022003550082445145
        ],
        [
            -0.1261352002620697,
            -0.7229739427566528,
            -0.020346060395240784
        ],
        [
            -0.12397927045822144,
            -0.7188178300857544,
            -0.016173506155610085
        ],
        [
            -0.12316589057445526,
            -0.7144283056259155,
            -0.011088954284787178
        ],
        [
            -0.10073849558830261,
            -0.7013298273086548,
            -0.009424349293112755
        ],
        [
            -0.10286678373813629,
            -0.7073895931243896,
            -0.017192726954817772
        ],
        [
            -0.19858527183532715,
            -0.7809175252914429,
            -0.012627555057406425
        ],
        [
            -0.19696809351444244,
            -0.7824641466140747,
            -0.021456871181726456
        ],
        [
            -0.18784330785274506,
            -0.7803531885147095,
            -0.022651473060250282
        ],
        [
            -0.1895013451576233,
            -0.7819477915763855,
            -0.024094268679618835
        ],
        [
            -0.19258993864059448,
            -0.7805231809616089,
            -0.018865365535020828
        ],
        [
            -0.18983082473278046,
            -0.7791232466697693,
            -0.018503116443753242
        ],
        [
            -0.17305968701839447,
            -0.7866239547729492,
            -0.037746891379356384
        ],
        [
            -0.17693129181861877,
            -0.7845374345779419,
            -0.03239293396472931
        ],
        [
            -0.1734568178653717,
            -0.7828227877616882,
            -0.03295503184199333
        ],
        [
            -0.16845712065696716,
            -0.7822093963623047,
            -0.03992977365851402
        ],
        [
            -0.17229272425174713,
            -0.7725218534469604,
            -0.025877978652715683
        ],
        [
            -0.17151081562042236,
            -0.7756977081298828,
            -0.03015037253499031
        ],
        [
            -0.1772824376821518,
            -0.7786687612533569,
            -0.025683078914880753
        ],
        [
            -0.17792192101478577,
            -0.7762942314147949,
            -0.022644290700554848
        ],
        [
            -0.17858348786830902,
            -0.7744116187095642,
            -0.018957871943712234
        ],
        [
            -0.1791878491640091,
            -0.7732076048851013,
            -0.014610281214118004
        ],
        [
            -0.17494477331638336,
            -0.7700616121292114,
            -0.015633676201105118
        ],
        [
            -0.17357556521892548,
            -0.770788311958313,
            -0.020792663097381592
        ],
        [
            -0.19330176711082458,
            -0.7804845571517944,
            -0.012441586703062057
        ],
        [
            -0.19187673926353455,
            -0.7797470092773438,
            -0.00505504384636879
        ],
        [
            -0.18905051052570343,
            -0.7785475254058838,
            -0.00691620260477066
        ],
        [
            -0.19062143564224243,
            -0.7787758111953735,
            -0.012919379398226738
        ],
        [
            -0.17973220348358154,
            -0.7772185802459717,
            0.0025160759687423706
        ],
        [
            -0.18242166936397552,
            -0.7780916690826416,
            0.0015542246401309967
        ],
        [
            -0.18372772634029388,
            -0.7784506678581238,
            0.005304429680109024
        ],
        [
            -0.17985375225543976,
            -0.7758499383926392,
            0.005804803222417831
        ],
        [
            -0.1780354082584381,
            -0.7737175226211548,
            0.0030782371759414673
        ],
        [
            -0.17898038029670715,
            -0.7758028507232666,
            0.0010160282254219055
        ],
        [
            -0.23038432002067566,
            -0.8270664811134338,
            -0.009317697957158089
        ],
        [
            -0.22540676593780518,
            -0.8086400032043457,
            -0.006106356158852577
        ],
        [
            -0.2184443175792694,
            -0.8310551047325134,
            -0.025398194789886475
        ],
        [
            -0.20324759185314178,
            -0.8316401243209839,
            -0.03654875606298447
        ],
        [
            -0.1882244050502777,
            -0.8284329175949097,
            -0.046035781502723694
        ],
        [
            -0.12878860533237457,
            -0.7424208521842957,
            -0.040151093155145645
        ],
        [
            -0.11835786700248718,
            -0.7404875755310059,
            -0.04258887842297554
        ],
        [
            -0.1153426319360733,
            -0.754141628742218,
            -0.05008574202656746
        ],
        [
            -0.10481224954128265,
            -0.7499155402183533,
            -0.04960574209690094
        ],
        [
            -0.10874459147453308,
            -0.7355780005455017,
            -0.0417366623878479
        ],
        [
            -0.09420466423034668,
            -0.7224670648574829,
            -0.031107332557439804
        ],
        [
            -0.10043895244598389,
            -0.7293026447296143,
            -0.0381237156689167
        ],
        [
            -0.0942993015050888,
            -0.7456803917884827,
            -0.046902742236852646
        ],
        [
            -0.09158055484294891,
            -0.7651493549346924,
            -0.05470476299524307
        ],
        [
            -0.10267312824726105,
            -0.7656083703041077,
            -0.0554395467042923
        ],
        [
            -0.09289690852165222,
            -0.7859220504760742,
            -0.05742988735437393
        ],
        [
            -0.07804843783378601,
            -0.765622079372406,
            -0.05264738202095032
        ],
        [
            -0.08499778807163239,
            -0.7907862663269043,
            -0.055233683437108994
        ],
        [
            -0.06593019515275955,
            -0.7366048097610474,
            -0.04062819853425026
        ],
        [
            -0.06027340888977051,
            -0.7318363189697266,
            -0.042953431606292725
        ],
        [
            -0.051435984671115875,
            -0.7451550960540771,
            -0.052702806890010834
        ],
        [
            -0.05838904529809952,
            -0.7505218386650085,
            -0.05099913850426674
        ],
        [
            -0.11388382315635681,
            -0.7665258646011353,
            -0.05495497211813927
        ],
        [
            -0.16372458636760712,
            -0.8077357411384583,
            -0.0513993576169014
        ],
        [
            -0.17156486213207245,
            -0.799175500869751,
            -0.04649931192398071
        ],
        [
            -0.15250197052955627,
            -0.8006848096847534,
            -0.0548686757683754
        ],
        [
            -0.19092901051044464,
            -0.8646965026855469,
            -0.04824529215693474
        ],
        [
            -0.2000885158777237,
            -0.8487207889556885,
            -0.042462289333343506
        ],
        [
            -0.18498565256595612,
            -0.8428950905799866,
            -0.050956130027770996
        ],
        [
            -0.1787908524274826,
            -0.8582738637924194,
            -0.05543292313814163
        ],
        [
            -0.21990394592285156,
            -0.881858229637146,
            -0.01743205636739731
        ],
        [
            -0.22850677371025085,
            -0.8549275994300842,
            -0.015203451737761497
        ],
        [
            -0.21629396080970764,
            -0.8532236814498901,
            -0.028623200953006744
        ],
        [
            -0.20843283832073212,
            -0.8742421269416809,
            -0.032367244362831116
        ],
        [
            -0.1703062653541565,
            -0.868494987487793,
            -0.058509618043899536
        ],
        [
            -0.15824712812900543,
            -0.8823479413986206,
            -0.06004106253385544
        ],
        [
            -0.16421480476856232,
            -0.8983210325241089,
            -0.05484428629279137
        ],
        [
            -0.18067258596420288,
            -0.8830199241638184,
            -0.05220340937376022
        ],
        [
            -0.17206846177577972,
            -0.917222797870636,
            -0.04164912551641464
        ],
        [
            -0.19249963760375977,
            -0.8988916873931885,
            -0.037781450897455215
        ],
        [
            -0.06793351471424103,
            -0.7861313819885254,
            -0.053359661251306534
        ],
        [
            -0.07864734530448914,
            -0.8036355972290039,
            -0.05336722731590271
        ],
        [
            -0.06786170601844788,
            -0.755973219871521,
            -0.04955487325787544
        ],
        [
            -0.05906525254249573,
            -0.7727680802345276,
            -0.05371250957250595
        ],
        [
            -0.1775549054145813,
            -0.9309797286987305,
            -0.02242167294025421
        ],
        [
            -0.20207534730434418,
            -0.9101265072822571,
            -0.018724728375673294
        ],
        [
            -0.10582315921783447,
            -0.9008432626724243,
            -0.05502752214670181
        ],
        [
            -0.12493285536766052,
            -0.9071717262268066,
