{
    "pred_cam": [
        1.187316656112671,
        0.018523545935750008,
        0.16776525974273682
    ],
    "pred_smpl_params": {
        "global_orient": [
            [
                [
                    0.9615976214408875,
                    0.21220910549163818,
                    0.17406126856803894
                ],
                [
                    0.19807206094264984,
                    -0.9755608439445496,
                    0.095123291015625
                ],
                [
                    0.18999339640140533,
                    -0.05699365586042404,
                    -0.9801296591758728
                ]
            ]
        ],
        "body_pose": [
            [
                [
                    0.9967268705368042,
                    0.018061330541968346,
                    -0.07879936695098877
                ],
                [
                    -0.004542796406894922,
                    0.9856969118118286,
                    0.168466717004776
                ],
                [
                    0.08071502298116684,
                    -0.16755732893943787,
                    0.9825526475906372
                ]
            ],
            [
                [
                    0.9994981288909912,
                    -0.010697176679968834,
                    -0.029817942529916763
                ],
                [
                    0.015429251827299595,
                    0.9864560961723328,
                    0.16329824924468994
                ],
                [
                    0.02766726166009903,
                    -0.16367636620998383,
                    0.9861260652542114
                ]
            ],
            [
                [
                    0.9968478679656982,
                    0.009931335225701332,
                    0.07871232181787491
                ],
                [
                    0.006095457822084427,
                    0.9796141386032104,
                    -0.20079582929611206
                ],
                [
                    -0.07910187542438507,
                    0.2006426900625229,
                    0.9764657020568848
                ]
            ],
            [
                [
                    0.987041711807251,
                    -0.06397463381290436,
                    -0.14715927839279175
                ],
                [
                    -0.034783393144607544,
                    0.8099796175956726,
                    -0.5854255557060242
                ],
                [
                    0.1566484123468399,
                    0.5829581618309021,
                    0.7972584366798401
                ]
            ],
            [
                [
                    0.9933639764785767,
                    -0.10367807000875473,
                    0.04978843405842781
                ],
                [
                    0.1123565211892128,
                    0.7822737693786621,
                    -0.6127182841300964
                ],
                [
                    0.024577265605330467,
                    0.6142463684082031,
                    0.7887315154075623
                ]
            ],
            [
                [
                    0.9958520531654358,
                    0.03351563960313797,
                    0.08459003269672394
                ],
                [
                    -0.03078857809305191,
                    0.9989697337150574,
                    -0.033340148627758026
                ],
                [
                    -0.08562029898166656,
                    0.030597444623708725,
                    0.9958579540252686
                ]
            ],
            [
                [
                    0.9829076528549194,
                    0.05637698620557785,
                    0.17525486648082733
                ],
                [
                    -0.05644812434911728,
                    0.9983950257301331,
                    -0.004583130124956369
                ],
                [
                    -0.1752319633960724,
                    -0.005388013552874327,
                    0.9845125079154968
                ]
            ],
            [
                [
                    0.9864943623542786,
                    0.005447686184197664,
                    -0.16370494663715363
                ],
                [
                    0.0007100112270563841,
                    0.9992951154708862,
                    0.03753266856074333
                ],
                [
                    0.16379402577877045,
                    -0.03714199364185333,
                    0.9857951402664185
                ]
            ],
            [
                [
                    0.9980803728103638,
                    0.007666691206395626,
                    0.061455972492694855
                ],
                [
                    -0.003629842307418585,
                    0.9978439211845398,
                    -0.06553124636411667
                ],
                [
                    -0.06182587519288063,
                    0.06518237292766571,
                    0.9959562420845032
                ]
            ],
            [
                [
                    0.9902656674385071,
                    -0.13917331397533417,
                    0.002175216795876622
                ],
                [
                    0.13747543096542358,
                    0.9803912043571472,
                    0.1411862075328827
                ],
                [
                    -0.02178191766142845,
                    -0.1395128071308136,
                    0.9899806380271912
                ]
            ],
            [
                [
                    0.9966771602630615,
                    0.08007814735174179,
                    0.014902789145708084
                ],
                [
                    -0.08142352104187012,
                    0.9844253063201904,
                    0.15581102669239044
                ],
                [
                    -0.002193625085055828,
                    -0.1565067321062088,
                    0.9876744747161865
                ]
            ],
            [
                [
                    0.9989729523658752,
                    0.01064386498183012,
                    0.044043079018592834
                ],
                [
                    -0.007104611489921808,
                    0.9967896938323975,
                    -0.07974870502948761
                ],
                [
                    -0.04475051909685135,
                    0.07935389131307602,
                    0.9958415627479553
                ]
            ],
            [
                [
                    0.9354283213615417,
                    0.35047537088394165,
                    -0.04627084359526634
                ],
                [
                    -0.3510361909866333,
                    0.9363518357276917,
                    -0.004343072883784771
                ],
                [
                    0.041803646832704544,
                    0.020305372774600983,
                    0.9989195466041565
                ]
            ],
            [
                [
                    0.9251192212104797,
                    -0.3171009123325348,
                    0.20880937576293945
                ],
                [
                    0.3244519829750061,
                    0.94590163230896,
                    -0.0010082010412588716
                ],
                [
                    -0.1971934288740158,
                    0.06868132948875427,
                    0.9779558181762695
                ]
            ],
            [
                [
                    0.9992228746414185,
                    0.02467191033065319,
                    0.030736999586224556
                ],
                [
                    -0.015226506628096104,
                    0.9609416723251343,
                    -0.27633199095726013
                ],
                [
                    -0.03635410591959953,
                    0.2756492793560028,
                    0.9605705738067627
                ]
            ],
            [
                [
                    0.47071313858032227,
                    0.8417866826057434,
                    -0.264242947101593
                ],
                [
                    -0.8745597004890442,
                    0.4847228229045868,
                    -0.013750862330198288
                ],
                [
                    0.11650928854942322,
                    0.2375689595937729,
                    0.9643580913543701
                ]
            ],
            [
                [
                    0.42040929198265076,
                    -0.7912549376487732,
                    0.4440402686595917
                ],
                [
                    0.8751811981201172,
                    0.4827593266963959,
                    0.03164418786764145
                ],
                [
                    -0.2394031435251236,
                    0.3753121793270111,
                    0.8954479694366455
                ]
            ],
            [
                [
                    0.5227442383766174,
                    -0.3184756636619568,
                    -0.7907664775848389
                ],
                [
                    0.20913809537887573,
                    0.9471592307090759,
                    -0.2432088702917099
                ],
                [
                    0.8264379501342773,
                    -0.038243379443883896,
                    0.5617274045944214
                ]
            ],
            [
                [
                    0.44037941098213196,
                    0.2814848721027374,
                    0.8525445461273193
                ],
                [
                    0.10171222686767578,
                    0.9278254508972168,
                    -0.3588795065879822
                ],
                [
                    -0.8920316696166992,
                    0.24475733935832977,
                    0.37996476888656616
                ]
            ],
            [
                [
                    0.991285502910614,
                    -0.1316903978586197,
                    -0.0032710384111851454
                ],
                [
                    0.13169299066066742,
                    0.9900972247123718,
                    0.048625681549310684
                ],
                [
                    -0.0031648892909288406,
                    -0.04863270744681358,
                    0.9988117218017578
                ]
            ],
            [
                [
                    0.995178759098053,
                    0.09080782532691956,
                    0.03705807402729988
                ],
                [
                    -0.09160827845335007,
                    0.9955840706825256,
                    0.020502256229519844
                ],
                [
                    -0.03503265976905823,
                    -0.023798232898116112,
                    0.9991028904914856
                ]
            ],
            [
                [
                    0.9668499231338501,
                    0.2355339229106903,
                    -0.09861554950475693
                ],
                [
                    -0.21881987154483795,
                    0.9633093476295471,
                    0.15541209280490875
                ],
                [
                    0.13160210847854614,
                    -0.12868112325668335,
                    0.9829150438308716
                ]
            ],
            [
                [
                    0.9705409407615662,
                    -0.22650867700576782,
                    0.08212186396121979
                ],
                [
                    0.21261322498321533,
                    0.9655036330223083,
                    0.15032711625099182
                ],
                [
                    -0.1133393719792366,
                    -0.12843844294548035,
                    0.9852195382118225
                ]
            ]
        ],
        "betas": [
            -0.03601740300655365,
            -0.09923040866851807,
            -0.04569154977798462,
            0.06309238076210022,
            0.05145984888076782,
            0.03042614832520485,
            -0.0022008121013641357,
            -0.05850669741630554,
            0.06713001430034637,
            -0.04448294639587402
        ]
    },
    "pred_cam_t": [
        0.018523545935750008,
        0.16776525974273682,
        32.89981460571289
    ],
    "focal_length": [
        5000.0,
        5000.0
    ],
    "pred_keypoints_3d": [
        [
            0.21987412869930267,
            -0.7068448066711426,
            -0.22163327038288116
        ],
        [
            0.1286381483078003,
            -0.7067959308624268,
            -0.05514039471745491
        ],
        [
            -0.05808662623167038,
            -0.6449167728424072,
            -0.11215174198150635
        ],
        [
            -0.1399780958890915,
            -0.4074891209602356,
            -0.07279980927705765
        ],
        [
            0.02386954426765442,
            -0.23384606838226318,
            -0.16143235564231873
        ],
        [
            0.2599709928035736,
            -0.589963436126709,
            0.044675178825855255
        ],
        [
            0.20539411902427673,
            -0.3538455367088318,
            0.1401435136795044
        ],
        [
            0.2558971047401428,
            -0.16628247499465942,
            -0.015223801136016846
        ],
        [
            -0.001817493000999093,
            -0.22384250164031982,
            0.028632627800107002
        ],
        [
            -0.08701133728027344,
            -0.1493869125843048,
            0.024981867522001266
        ],
        [
            -0.19004234671592712,
            0.2169388234615326,
            -0.011164050549268723
        ],
        [
            -0.23434200882911682,
            0.5232024788856506,
            0.240071102976799
        ],
        [
            0.044632572680711746,
            -0.12151258438825607,
            0.053650349378585815
        ],
        [
            0.0032346211373806,
            0.24903863668441772,
            0.020446762442588806
        ],
        [
            -0.07210192084312439,
            0.5626828670501709,
            0.2539653778076172
        ],
        [
            0.19705699384212494,
            -0.7624551057815552,
            -0.2322411835193634
        ],
        [
            0.2553057074546814,
            -0.7524915933609009,
            -0.2016938030719757
        ],
        [
            0.1273869276046753,
            -0.8149487972259521,
            -0.17426258325576782
        ],
        [
            0.25748002529144287,
            -0.7930141091346741,
            -0.10783474147319794
        ],
        [
            -0.08559822291135788,
            0.7048101425170898,
            0.11383244395256042
        ],
        [
            -0.021078292280435562,
            0.6962002515792847,
            0.1658737063407898
        ],
        [
            -0.07191508263349533,
            0.5639349222183228,
            0.32376620173454285
        ],
        [
            -0.24004988372325897,
            0.6613007187843323,
            0.0985974371433258
        ],
        [
            -0.3134564161300659,
            0.6336351037025452,
            0.13717696070671082
        ],
        [
            -0.24323388934135437,
            0.530806303024292,
            0.31212684512138367
        ],
        [
            -0.2496120035648346,
            0.4649377465248108,
            0.23407620191574097
        ],
        [
            -0.17532727122306824,
            0.15617313981056213,
            -0.016098063439130783
        ],
        [
            -0.13892780244350433,
            -0.28564080595970154,
            0.008462014608085155
        ],
        [
            0.1389119029045105,
            -0.21200555562973022,
            0.07897874712944031
        ],
        [
            0.021044522523880005,
            0.21092985570430756,
            0.01939351111650467
        ],
        [
            -0.0559125617146492,
            0.5224428772926331,
            0.25910377502441406
        ],
        [
            0.033596064895391464,
            -0.270401269197464,
            -0.1579057276248932
        ],
        [
            -0.13654103875160217,
            -0.4234796166419983,
            -0.11267796158790588
        ],
        [
            -0.018672320991754532,
            -0.6695260405540466,
            -0.10164664685726166
        ],
        [
            0.2403605729341507,
            -0.62531977891922,
            0.030820025131106377
        ],
        [
            0.2523466944694519,
            -0.3690086305141449,
            0.11886140704154968
        ],
        [
            0.2646581828594208,
            -0.1872512698173523,
            -0.016145793721079826
        ],
        [
            0.13229918479919434,
            -0.6959512829780579,
            -0.059146732091903687
        ],
        [
            0.22115594148635864,
            -0.8356605768203735,
            -0.1767602115869522
        ],
        [
            0.0007138794171623886,
            -0.24893628060817719,
            0.04435471072793007
        ],
        [
            0.10976871848106384,
            -0.6454511284828186,
            -0.03778459504246712
        ],
        [
            0.05259650945663452,
            -0.4895974099636078,
            0.01978212781250477
        ],
        [
            0.1922609508037567,
            -0.7286150455474854,
            -0.14954690635204315
        ],
        [
            0.22221586108207703,
            -0.8561460375785828,
            -0.1813899129629135
        ]
    ],
    "pred_vertices": [
        [
            0.28411734104156494,
            -0.7881385684013367,
            -0.21950367093086243
        ],
        [
            0.27502432465553284,
            -0.7736976146697998,
            -0.22019660472869873
        ],
        [
            0.28056690096855164,
            -0.7746210098266602,
            -0.20703759789466858
        ],
        [
            0.2869894504547119,
            -0.7876209616661072,
            -0.20218481123447418
        ],
        [
            0.27511775493621826,
            -0.7645539045333862,
            -0.20867925882339478
        ],
        [
            0.2690892815589905,
            -0.7630928158760071,
            -0.21899297833442688
        ],
        [
            0.2809068262577057,
            -0.7748013734817505,
            -0.19306938350200653
        ],
        [
            0.2851816415786743,
            -0.7854419350624084,
            -0.1858532726764679
        ],
        [
            0.2685041129589081,
            -0.7519937753677368,
            -0.16449867188930511
        ],
        [
            0.2673380374908447,
            -0.7532013654708862,
            -0.15348055958747864
        ],
        [
            0.2723948359489441,
            -0.7621243596076965,
            -0.16055449843406677
        ],
        [
            0.27104148268699646,
            -0.7588840126991272,
            -0.17029881477355957
        ],
        [
            0.2564290761947632,
            -0.7335687875747681,
            -0.15031000971794128
        ],
        [
            0.25006240606307983,
            -0.7221828699111938,
            -0.1550413966178894
        ],
        [
            0.24543099105358124,
            -0.7204131484031677,
            -0.14256402850151062
        ],
        [
            0.25039756298065186,
            -0.7318779230117798,
            -0.1373669058084488
        ],
        [
            0.23454482853412628,
            -0.7244268655776978,
            -0.19422245025634766
        ],
        [
            0.23646441102027893,
            -0.7189879417419434,
            -0.18781369924545288
        ],
        [
            0.24220651388168335,
            -0.7241561412811279,
            -0.1885680854320526
        ],
        [
            0.239192396402359,
            -0.7292656302452087,
            -0.19467605650424957
        ],
        [
            0.2320995330810547,
            -0.7299880981445312,
            -0.20791012048721313
        ],
        [
            0.2340739369392395,
            -0.7361863851547241,
            -0.20751610398292542
        ],
        [
            0.2330717146396637,
            -0.7369382381439209,
            -0.21540933847427368
        ],
        [
            0.23189105093479156,
            -0.7294647693634033,
            -0.21584519743919373
        ],
        [
            0.22777993977069855,
            -0.7210544347763062,
            -0.19429954886436462
        ],
        [
            0.22978277504444122,
            -0.7156517505645752,
            -0.18732669949531555
        ],
        [
            0.23310720920562744,
            -0.7286734580993652,
            -0.20021823048591614
        ],
        [
            0.23030680418014526,
            -0.7242845296859741,
            -0.20086324214935303
        ],
        [
            0.22887778282165527,
            -0.7137478590011597,
            -0.2071869671344757
        ],
        [
            0.231575146317482,
            -0.7181214094161987,
            -0.20751643180847168
        ],
        [
            0.231223464012146,
            -0.7154890894889832,
            -0.2148330807685852
        ],
        [
            0.22777006030082703,
            -0.7116324305534363,
            -0.21239647269248962
        ],
        [
            0.227948397397995,
            -0.7182544469833374,
            -0.19854500889778137
        ],
        [
            0.23049433529376984,
            -0.7188504934310913,
            -0.20177100598812103
        ],
        [
            0.22766640782356262,
            -0.7148767709732056,
            -0.20296862721443176
        ],
        [
            0.22449076175689697,
            -0.7152566909790039,
            -0.2002028226852417
        ],
        [
            0.23082225024700165,
            -0.7250493764877319,
            -0.20827211439609528
        ],
        [
            0.2313794642686844,
            -0.7228516340255737,
            -0.21577662229537964
        ],
        [
            0.23082810640335083,
            -0.7204493284225464,
            -0.22362279891967773
        ],
        [
            0.22944208979606628,
            -0.7118205428123474,
            -0.22189758718013763
        ],
        [
            0.23846539855003357,
            -0.7105697393417358,
            -0.1713724434375763
        ],
        [
            0.23827829957008362,
            -0.7141427397727966,
            -0.18020585179328918
        ],
        [
            0.2318725883960724,
            -0.7110491991043091,
            -0.1804417222738266
        ],
        [
            0.23288783431053162,
            -0.7077239751815796,
            -0.17343664169311523
        ],
        [
            0.2231408655643463,
            -0.7147202491760254,
            -0.19563022255897522
        ],
        [
            0.2201099991798401,
            -0.7017207145690918,
            -0.186587393283844
        ],
        [
            0.22191166877746582,
            -0.704535961151123,
            -0.18837383389472961
        ],
        [
            0.218350350856781,
            -0.7036910057067871,
            -0.19463756680488586
        ],
        [
            0.2171774059534073,
            -0.7010637521743774,
            -0.19251999258995056
        ],
        [
            0.234072744846344,
            -0.703882098197937,
            -0.15574000775814056
        ],
        [
            0.2302037924528122,
            -0.7012110948562622,
            -0.1612762063741684
        ],
        [
            0.226914644241333,
            -0.6973145604133606,
            -0.15591207146644592
        ],
        [
            0.22926193475723267,
            -0.6998907923698425,
            -0.14921893179416656
        ],
        [
            0.22217470407485962,
            -0.6938118934631348,
            -0.15377593040466309
        ],
        [
            0.2238621860742569,
            -0.6959620118141174,
            -0.1439780443906784
        ],
        [
            0.2104252427816391,
            -0.685791552066803,
            -0.14198364317417145
        ],
        [
            0.2168734222650528,
            -0.6904103755950928,
            -0.14239825308322906
        ],
        [
            0.21665796637535095,
            -0.689689576625824,
            -0.15344473719596863
        ],
        [
            0.2109535038471222,
            -0.684535801410675,
            -0.15595409274101257
        ],
        [
            0.2053236961364746,
            -0.6847580075263977,
            -0.16992709040641785
        ],
        [
            0.20073343813419342,
            -0.6830669641494751,
            -0.17399799823760986
        ],
        [
            0.19914588332176208,
            -0.6741189956665039,
            -0.16463162004947662
        ],
        [
            0.20467980206012726,
            -0.678309440612793,
            -0.16045552492141724
        ],
        [
            0.21619188785552979,
            -0.6996184587478638,
            -0.1806417554616928
        ],
        [
            0.2186390608549118,
            -0.7008869647979736,
            -0.17669261991977692
        ],
        [
            0.22024321556091309,
            -0.7005930542945862,
            -0.17888367176055908
        ],
        [
            0.21829412877559662,
            -0.6999807357788086,
            -0.1837945580482483
        ],
        [
            0.2209312468767166,
            -0.7014235258102417,
            -0.17345334589481354
        ],
        [
            0.2219659984111786,
            -0.7014879584312439,
            -0.17196838557720184
        ],
        [
            0.22273385524749756,
            -0.701732873916626,
            -0.17354318499565125
        ],
        [
            0.2213936150074005,
            -0.7016327977180481,
            -0.1742258369922638
        ],
        [
            0.21979187428951263,
            -0.7012364864349365,
            -0.1755053997039795
        ],
        [
            0.21828782558441162,
            -0.6996381282806396,
            -0.1754094958305359
        ],
        [
            0.2200276404619217,
            -0.700628399848938,
            -0.17388257384300232
        ],
        [
            0.21590077877044678,
            -0.6977057456970215,
            -0.1788076013326645
        ],
        [
            0.20677101612091064,
            -0.6930006742477417,
            -0.18965095281600952
        ],
        [
            0.20993353426456451,
            -0.6935442686080933,
            -0.18686716258525848
        ],
        [
            0.21011444926261902,
            -0.6977580785751343,
            -0.18895158171653748
        ],
        [
            0.20754042267799377,
            -0.6975488662719727,
            -0.19156314432621002
        ],
        [
            0.2225663810968399,
            -0.70240318775177,
            -0.1767168641090393
        ],
        [
            0.2252812683582306,
            -0.7035015821456909,
            -0.17566844820976257
        ],
        [
            0.22436624765396118,
            -0.7039679288864136,
            -0.18128514289855957
        ],
        [
            0.2220604419708252,
            -0.7023303508758545,
            -0.18017053604125977
        ],
        [
            0.22838129103183746,
            -0.7046946287155151,
            -0.17503589391708374
        ],
        [
            0.22494180500507355,
            -0.7027980089187622,
            -0.17252595722675323
        ],
        [
            0.22756920754909515,
            -0.703413724899292,
            -0.17106881737709045
        ],
        [
            0.22076913714408875,
            -0.7002213001251221,
            -0.1714329570531845
        ],
        [
            0.221887469291687,
            -0.6995097398757935,
            -0.1682336926460266
        ],
        [
            0.22380205988883972,
            -0.7008277773857117,
            -0.1698852926492691
        ],
        [
            0.21896550059318542,
            -0.6969761848449707,
            -0.1680571734905243
        ],
        [
            0.2182568907737732,
            -0.6983963251113892,
            -0.17257776856422424
        ],
        [
            0.21548649668693542,
            -0.6956758499145508,
            -0.17547732591629028
        ],
        [
            0.21213865280151367,
            -0.6928105354309082,
            -0.17949178814888
        ],
        [
            0.21116146445274353,
            -0.6906214356422424,
            -0.1738237738609314
        ],
        [
            0.2153448462486267,
            -0.693711519241333,
            -0.17019769549369812
        ],
        [
            0.2272794544696808,
            -0.7073491811752319,
            -0.18170732259750366
        ],
        [
            0.22652679681777954,
            -0.7009068727493286,
            -0.1661321073770523
        ],
        [
            0.23214587569236755,
            -0.7053202986717224,
            -0.1674479842185974
        ],
        [
            0.22406981885433197,
            -0.697914719581604,
            -0.16313758492469788
        ],
        [
            0.220310777425766,
            -0.6949644684791565,
            -0.16185492277145386
        ],
        [
            0.2155778855085373,
            -0.691565990447998,
            -0.16308900713920593
        ],
        [
            0.21054589748382568,
            -0.6877943873405457,
            -0.16628944873809814
        ],
        [
            0.19399221241474152,
            -0.6734623312950134,
            -0.15114068984985352
        ],
        [
            0.20190446078777313,
            -0.6785726547241211,
            -0.14703430235385895
        ],
        [
            0.26338016986846924,
            -0.7590217590332031,
            -0.21419456601142883
        ],
        [
            0.2695627808570862,
            -0.7588266134262085,
            -0.2075689733028412
        ],
        [
            0.26504194736480713,
            -0.7557495832443237,
            -0.19987547397613525
        ],
        [
            0.2677070200443268,
            -0.7572729587554932,
            -0.1998777985572815
        ],
        [
            0.2646717131137848,
            -0.7571578025817871,
            -0.20578578114509583
        ],
        [
            0.26279526948928833,
            -0.7554062008857727,
            -0.2039950042963028
        ],
        [
            0.2685450315475464,
            -0.7576432228088379,
            -0.1784624457359314
        ],
        [
            0.2666335105895996,
            -0.756818413734436,
            -0.18506744503974915
        ],
        [
            0.2648007571697235,
            -0.7547942996025085,
            -0.1820080578327179
        ],
        [
            0.26709574460983276,
            -0.7526499629020691,
            -0.17396052181720734
        ],
        [
            0.2574467658996582,
            -0.7457419633865356,
            -0.18701104819774628
        ],
        [
            0.26060351729393005,
            -0.7481585741043091,
            -0.18319225311279297
        ],
        [
            0.2610739767551422,
            -0.7520415782928467,
            -0.19019709527492523
        ],
        [
            0.25887393951416016,
            -0.7502195835113525,
            -0.19301097095012665
        ],
        [
            0.25606998801231384,
            -0.749191164970398,
            -0.19605772197246552
        ],
        [
            0.25285962224006653,
            -0.7489720582962036,
            -0.19915111362934113
        ],
        [
            0.25064489245414734,
            -0.7452533841133118,
            -0.19592103362083435
        ],
        [
            0.2539931535720825,
            -0.7449889183044434,
            -0.19161191582679749
        ],
        [
            0.2599935531616211,
            -0.7580262422561646,
            -0.21041566133499146
        ],
        [
            0.2533353269100189,
            -0.7585234642028809,
            -0.2134494185447693
        ],
        [
            0.25298866629600525,
            -0.7564833164215088,
            -0.2107880711555481
        ],
        [
            0.25872182846069336,
            -0.7556910514831543,
            -0.20843738317489624
        ],
        [
            0.23982203006744385,
            -0.7560930252075195,
            -0.20893026888370514
        ],
        [
            0.2422928810119629,
            -0.7571297883987427,
            -0.21036621928215027
        ],
        [
            0.2402920126914978,
            -0.757933497428894,
            -0.21367302536964417
        ],
        [
            0.23731496930122375,
            -0.7551903128623962,
            -0.21120987832546234
        ],
        [
            0.23794615268707275,
            -0.7525644302368164,
            -0.20860157907009125
        ],
        [
            0.24031507968902588,
            -0.7543849349021912,
            -0.2077198624610901
        ],
        [
            0.28501996397972107,
            -0.8065552711486816,
            -0.2327989637851715
        ],
        [
            0.27665236592292786,
            -0.7893571853637695,
            -0.2337740659713745
        ],
        [
            0.29113245010375977,
            -0.8065273761749268,
            -0.21328085660934448
        ],
        [
            0.29104986786842346,
            -0.804057240486145,
            -0.19498702883720398
        ],
        [
            0.28901946544647217,
            -0.7977666854858398,
            -0.1777365505695343
        ],
        [
            0.23954030871391296,
            -0.7106907963752747,
            -0.14912837743759155
        ],
        [
            0.23489470779895782,
            -0.7074065208435059,
            -0.1398533135652542
        ],
        [
            0.24037712812423706,
            -0.7192943096160889,
            -0.13077984750270844
        ],
        [
            0.2329505980014801,
            -0.7144057154655457,
            -0.12336251139640808
        ],
        [
            0.22766762971878052,
            -0.702183723449707,
            -0.13324300944805145
        ],
        [
            0.20826701819896698,
            -0.6902017593383789,
            -0.12938448786735535
        ],
        [
            0.21878787875175476,
            -0.6958939433097839,
            -0.1295318901538849
        ],
        [
            0.22341838479042053,
            -0.7099741101264954,
            -0.11711901426315308
        ],
        [
            0.23013556003570557,
            -0.7275872230529785,
            -0.10779014974832535
        ],
        [
            0.23771542310714722,
            -0.7285498380661011,
            -0.11612966656684875
        ],
        [
            0.23556336760520935,
            -0.7468479871749878,
            -0.10391019284725189
        ],
        [
            0.21988552808761597,
            -0.7281830906867981,
            -0.09837755560874939
        ],
        [
            0.22999081015586853,
            -0.7515108585357666,
            -0.09860705584287643
        ],
        [
            0.19585692882537842,
            -0.6997026801109314,
            -0.09629379212856293
        ],
        [
            0.19296839833259583,
            -0.6932852268218994,
            -0.08958737552165985
        ],
        [
            0.1998886913061142,
            -0.704903244972229,
            -0.07635034620761871
        ],
        [
            0.20368734002113342,
            -0.7114745378494263,
            -0.0832546204328537
        ],
        [
            0.24463164806365967,
            -0.7300251722335815,
            -0.12503167986869812
        ],
        [
            0.2760767936706543,
            -0.7746338844299316,
            -0.15906855463981628
        ],
        [
            0.27589523792266846,
            -0.7683919668197632,
            -0.16934779286384583
        ],
        [
            0.27072781324386597,
            -0.7668894529342651,
            -0.14962729811668396
        ],
        [
            0.29647108912467957,
            -0.8322831392288208,
            -0.17259317636489868
        ],
        [
            0.2958236336708069,
            -0.8188819885253906,
            -0.18547093868255615
        ],
        [
            0.29284748435020447,
            -0.8102138042449951,
            -0.17010748386383057
        ],
        [
            0.2942155599594116,
            -0.823946475982666,
            -0.15986034274101257
        ],
        [
            0.2900354266166687,
            -0.8576116561889648,
            -0.20975366234779358
        ],
        [
            0.29118987917900085,
            -0.832756757736206,
            -0.22310107946395874
        ],
        [
            0.2941605746746063,
            -0.8271008729934692,
            -0.20581749081611633
        ],
        [
            0.29448190331459045,
            -0.8463380932807922,
            -0.19390147924423218
        ],
        [
            0.2921593487262726,
            -0.8327617049217224,
            -0.1497238278388977
        ],
        [
            0.2872750759124756,
            -0.8451881408691406,
            -0.1365869641304016
        ],
        [
            0.28800150752067566,
            -0.8621200323104858,
            -0.1410430371761322
        ],
        [
            0.2940036952495575,
            -0.849096417427063,
            -0.158817321062088
        ],
        [
            0.28328466415405273,
            -0.8836004734039307,
            -0.1521269977092743
        ],
        [
            0.29084786772727966,
            -0.8679883480072021,
            -0.1733705997467041
        ],
        [
            0.21909120678901672,
            -0.7468762397766113,
            -0.08641472458839417
        ],
        [
            0.2270628809928894,
            -0.7633465528488159,
            -0.09216400235891342
        ],
        [
            0.20934918522834778,
            -0.7185184955596924,
            -0.0923948734998703
        ],
        [
            0.21213339269161224,
            -0.7337988615036011,
            -0.08063609898090363
        ],
        [
            0.2721547484397888,
            -0.9008793830871582,
            -0.16461190581321716
        ],
        [
            0.2826051115989685,
            -0.8832560777664185,
            -0.1899261772632599
        ],
        [
            0.25354522466659546,
            -0.8592147827148438,
            -0.0956147313117981
        ],
        [
            0.26530584692955017,
            -0.8679625988006592,
            -0.10899478197097778
        ],
        [
            0.2704734802246094,
            -0.8475295901298523,
            -0.11104333400726318
        ],
        [
            0.2589324712753296,
            -0.8422192335128784,
            -0.09834703803062439
        ],
        [
            0.243425652384758,
            -0.8769588470458984,
            -0.09518638253211975
        ],
        [
