{
    "pred_cam": [
        1.410370945930481,
        0.1478758603334427,
        0.2653096914291382
    ],
    "pred_smpl_params": {
        "global_orient": [
            [
                [
                    -0.3353428244590759,
                    0.10506770014762878,
                    -0.9362189769744873
                ],
                [
                    0.19164752960205078,
                    -0.9653741717338562,
                    -0.17698559165000916
                ],
                [
                    -0.9223971366882324,
                    -0.23877489566802979,
                    0.30359533429145813
                ]
            ]
        ],
        "body_pose": [
            [
                [
                    0.9958218932151794,
                    0.03795769810676575,
                    0.08305380493402481
                ],
                [
                    -0.05218356102705002,
                    0.9829227924346924,
                    0.1764645129442215
                ],
                [
                    -0.07493728399276733,
                    -0.18006128072738647,
                    0.9807968139648438
                ]
            ],
            [
                [
                    0.9845362305641174,
                    0.15101046860218048,
                    -0.08879382908344269
                ],
                [
                    -0.14852547645568848,
                    0.9883240461349487,
                    0.033995624631643295
                ],
                [
                    0.09289077669382095,
                    -0.020281776785850525,
                    0.9954697489738464
                ]
            ],
            [
                [
                    0.9976604580879211,
                    -0.030690202489495277,
                    0.06108776852488518
                ],
                [
                    0.041281621903181076,
                    0.9827109575271606,
                    -0.18048535287380219
                ],
                [
                    -0.054492488503456116,
                    0.18258491158485413,
                    0.9816787838935852
                ]
            ],
            [
                [
                    0.9788076877593994,
                    0.19528791308403015,
                    0.06162938103079796
                ],
                [
                    -0.18808679282665253,
                    0.9763516187667847,
                    -0.1065872460603714
                ],
                [
                    -0.08098715543746948,
                    0.09273674339056015,
                    0.9923915266990662
                ]
            ],
            [
                [
                    0.9927878379821777,
                    0.037647005170583725,
                    0.11381947994232178
                ],
                [
                    -0.03406402841210365,
                    0.9988659620285034,
                    -0.03326299041509628
                ],
                [
                    -0.11494265496730804,
                    0.029145950451493263,
                    0.9929443597793579
                ]
            ],
            [
                [
                    0.984422504901886,
                    -0.17100359499454498,
                    0.04086633771657944
                ],
                [
                    0.1736638844013214,
                    0.9820061326026917,
                    -0.0741947591304779
                ],
                [
                    -0.02744342014193535,
                    0.0801360011100769,
                    0.996406078338623
                ]
            ],
            [
                [
                    0.9680657386779785,
                    0.00719915796071291,
                    0.2505928874015808
                ],
                [
                    -0.0023038433864712715,
                    0.9998008608818054,
                    -0.01982269436120987
                ],
                [
                    -0.2506856918334961,
                    0.018612340092658997,
                    0.9678895473480225
                ]
            ],
            [
                [
                    0.9693570733070374,
                    -0.07049185037612915,
                    -0.23532482981681824
                ],
                [
                    0.0582134872674942,
                    0.9965751767158508,
                    -0.0587305910885334
                ],
                [
                    0.2386588603258133,
                    0.04323183745145798,
                    0.9701407551765442
                ]
            ],
            [
                [
                    0.9970867037773132,
                    -0.07234417647123337,
                    0.024171972647309303
                ],
                [
                    0.07389727234840393,
                    0.9947258830070496,
                    -0.0711311399936676
                ],
                [
                    -0.01889856345951557,
                    0.07271017134189606,
                    0.9971739649772644
                ]
            ],
            [
                [
                    0.998727023601532,
                    -0.0383777916431427,
                    0.032732490450143814
                ],
                [
                    0.03997650370001793,
                    0.9979652166366577,
                    -0.049672987312078476
                ],
                [
                    -0.030759543180465698,
                    0.05091828852891922,
                    0.9982290267944336
                ]
            ],
            [
                [
                    0.9978070855140686,
                    0.05715259164571762,
                    -0.033383809030056
                ],
                [
                    -0.056979190558195114,
                    0.9983566403388977,
                    0.006122548133134842
                ],
                [
                    0.03367886319756508,
                    -0.004206939600408077,
                    0.9994238615036011
                ]
            ],
            [
                [
                    0.9861451983451843,
                    0.039736732840538025,
                    0.16105464100837708
                ],
                [
                    0.013899963349103928,
                    0.9476767778396606,
                    -0.3189287781715393
                ],
                [
                    -0.16530092060565948,
                    0.3167487382888794,
                    0.9339945912361145
                ]
            ],
            [
                [
                    0.8949311375617981,
                    -0.14857839047908783,
                    -0.4207407534122467
                ],
                [
                    0.20680594444274902,
                    0.973655641078949,
                    0.09605171531438828
                ],
                [
                    0.3953854441642761,
                    -0.17297135293483734,
                    0.9020816683769226
                ]
            ],
            [
                [
                    0.8730876445770264,
                    -0.2790054976940155,
                    0.3998423218727112
                ],
                [
                    0.26310110092163086,
                    0.9600396752357483,
                    0.09540262818336487
                ],
                [
                    -0.41048234701156616,
                    0.021904101595282555,
                    0.9116054177284241
                ]
            ],
            [
                [
                    0.9923665523529053,
                    0.015605520457029343,
                    -0.12233207374811172
                ],
                [
                    -0.06749479472637177,
                    0.8989365696907043,
                    -0.43284809589385986
                ],
                [
                    0.10321395844221115,
                    0.43780073523521423,
                    0.8931278586387634
                ]
            ],
            [
                [
                    0.7735249400138855,
                    0.14628009498119354,
                    -0.616653323173523
                ],
                [
                    -0.13055294752120972,
                    0.9889086484909058,
                    0.07082051783800125
                ],
                [
                    0.620173454284668,
                    0.025724461302161217,
                    0.7840427756309509
                ]
            ],
            [
                [
                    0.6071175336837769,
                    -0.5991646647453308,
                    0.5219290256500244
                ],
                [
                    0.6674204468727112,
                    0.7409689426422119,
                    0.0742625743150711
                ],
                [
                    -0.43122875690460205,
                    0.3032599985599518,
                    0.8497499823570251
                ]
            ],
            [
                [
                    0.13039930164813995,
                    -0.09901822358369827,
                    -0.9865045547485352
                ],
                [
                    -0.1305045783519745,
                    0.9846287965774536,
                    -0.11608043313026428
                ],
                [
                    0.9828348755836487,
                    0.14388014376163483,
                    0.11547257751226425
                ]
            ],
            [
                [
                    0.5419305562973022,
                    0.11541067808866501,
                    0.8324611783027649
                ],
                [
                    0.00032934037153609097,
                    0.9904968738555908,
                    -0.13753482699394226
                ],
                [
                    -0.8404232263565063,
                    0.07480849325656891,
                    0.5367425084114075
                ]
            ],
            [
                [
                    0.9865657687187195,
                    -0.06346878409385681,
                    -0.15053191781044006
                ],
                [
                    0.07284088432788849,
                    0.9956799745559692,
                    0.05758070945739746
                ],
                [
                    0.14622704684734344,
                    -0.0677720308303833,
                    0.9869269132614136
                ]
            ],
            [
                [
                    0.9934861660003662,
                    0.028302369639277458,
                    0.1103820726275444
                ],
                [
                    -0.05540543422102928,
                    0.9664323329925537,
                    0.25087594985961914
                ],
                [
                    -0.0995764210820198,
                    -0.255357563495636,
                    0.9617052674293518
                ]
            ],
            [
                [
                    0.9927672743797302,
                    0.10543711483478546,
                    -0.05741262435913086
                ],
                [
                    -0.10047473013401031,
                    0.9914403557777405,
                    0.0833718478679657
                ],
                [
                    0.06571167707443237,
                    -0.07700031995773315,
                    0.9948633313179016
                ]
            ],
            [
                [
                    0.992743194103241,
                    -0.1198493093252182,
                    -0.009856232441961765
                ],
                [
                    0.12019547075033188,
                    0.9863671064376831,
                    0.11239613592624664
                ],
                [
                    -0.003748735412955284,
                    -0.11276516318321228,
                    0.9936145544052124
                ]
            ]
        ],
        "betas": [
            -0.13154083490371704,
            -0.18843558430671692,
            0.05841138958930969,
            0.47886136174201965,
            0.2026589810848236,
            0.005594942718744278,
            -0.017660975456237793,
            -0.08293020725250244,
            0.11826439946889877,
            -0.01175004243850708
        ]
    },
    "pred_cam_t": [
        0.1478758603334427,
        0.2653096914291382,
        27.696613311767578
    ],
    "focal_length": [
        5000.0,
        5000.0
    ],
    "pred_keypoints_3d": [
        [
            -0.1714659035205841,
            -0.7218679189682007,
            0.020524311810731888
        ],
        [
            0.00843014009296894,
            -0.7302207350730896,
            -0.0029156170785427094
        ],
        [
            0.029224419966340065,
            -0.619358241558075,
            0.16473369300365448
        ],
        [
            -0.06301464885473251,
            -0.39280539751052856,
            0.2213171124458313
        ],
        [
            -0.29107916355133057,
            -0.330002099275589,
            0.13571228086948395
        ],
        [
            -0.05666127800941467,
            -0.6954483389854431,
            -0.15917253494262695
        ],
        [
            -0.29967838525772095,
            -0.683961808681488,
            -0.24323445558547974
        ],
        [
            -0.38257306814193726,
            -0.6272434592247009,
            -0.018628984689712524
        ],
        [
            -0.00205713021568954,
            -0.2273142784833908,
            0.028286587446928024
        ],
        [
            0.015126719139516354,
            -0.1523197889328003,
            0.1107245534658432
        ],
        [
            0.011784205213189125,
            0.18343016505241394,
            0.28149017691612244
        ],
        [
            0.034858524799346924,
            0.5522671341896057,
            0.4120576083660126
        ],
        [
            -0.02847135253250599,
            -0.12477032095193863,
            -0.015794306993484497
        ],
        [
            -0.12847666442394257,
            0.21893808245658875,
            0.07174065709114075
        ],
        [
            -0.12783578038215637,
            0.5600237846374512,
            0.26407432556152344
        ],
        [
            -0.1700938493013382,
            -0.7725699543952942,
            0.05568023398518562
        ],
        [
            -0.18147701025009155,
            -0.7736278772354126,
            -0.009852683171629906
        ],
        [
            -0.08657628297805786,
            -0.8294065594673157,
            0.08695168793201447
        ],
        [
            -0.11255753040313721,
            -0.8315231204032898,
            -0.060416512191295624
        ],
        [
            -0.32543882727622986,
            0.5968321561813354,
            0.2873263359069824
        ],
        [
            -0.27619946002960205,
            0.6336960792541504,
            0.23041890561580658
        ],
        [
            -0.07243343442678452,
            0.5979263186454773,
            0.27503758668899536
        ],
        [
            -0.13534733653068542,
            0.5702820420265198,
            0.5175742506980896
        ],
        [
            -0.05648285150527954,
            0.5608552694320679,
            0.5556944012641907
        ],
        [
            0.08665817975997925,
            0.6018012762069702,
            0.4034579396247864
        ],
        [
            0.06970473378896713,
            0.5034328699111938,
            0.39950886368751526
        ],
        [
            0.01266343891620636,
            0.12346158921718597,
            0.25353556871414185
        ],
        [
            0.057860784232616425,
            -0.2837981581687927,
            0.15210992097854614
        ],
        [
            -0.02430257573723793,
            -0.21010944247245789,
            -0.11859424412250519
        ],
        [
            -0.12131878733634949,
            0.18263234198093414,
            0.04707534238696098
        ],
        [
            -0.10073583573102951,
            0.5365263223648071,
            0.23774534463882446
        ],
        [
            -0.2780200242996216,
            -0.36750131845474243,
            0.12999188899993896
        ],
        [
            -0.08080076426267624,
            -0.42303967475891113,
            0.2380393147468567
        ],
        [
            0.027797652408480644,
            -0.6547005772590637,
            0.1332208812236786
        ],
        [
            -0.03924570605158806,
            -0.7180266976356506,
            -0.1431092619895935
        ],
        [
            -0.28568530082702637,
            -0.7191913723945618,
            -0.21921224892139435
        ],
        [
            -0.36366650462150574,
            -0.642177939414978,
            -0.01892876997590065
        ],
        [
            0.0008519771508872509,
            -0.7234139442443848,
            0.0016418267041444778
        ],
        [
            -0.1494288146495819,
            -0.8563834428787231,
            0.017900586128234863
        ],
        [
            0.016665326431393623,
            -0.24746698141098022,
            0.016162382438778877
        ],
        [
            -0.004041699692606926,
            -0.6802027225494385,
            -0.002466075122356415
        ],
        [
            0.04021190479397774,
            -0.49019861221313477,
            -0.025537382811307907
        ],
        [
            -0.10079948604106903,
            -0.751973032951355,
            0.004927710629999638
        ],
        [
            -0.1556631624698639,
            -0.874377965927124,
            0.023483887314796448
        ]
    ],
    "pred_vertices": [
        [
            -0.2168421596288681,
            -0.8073630928993225,
            -0.01630634069442749
        ],
        [
            -0.21090534329414368,
            -0.7918171882629395,
            -0.01163225993514061
        ],
        [
            -0.20365183055400848,
            -0.7956942319869995,
            -0.023847535252571106
        ],
        [
            -0.2047983705997467,
            -0.8098046779632568,
            -0.028828905895352364
        ],
        [
            -0.2009546309709549,
            -0.7847594022750854,
            -0.0203569233417511
        ],
        [
            -0.2052181363105774,
            -0.7810471057891846,
            -0.009773360565304756
        ],
        [
            -0.19277508556842804,
            -0.7982185482978821,
            -0.03225677087903023
        ],
        [
            -0.19078952074050903,
            -0.8109098672866821,
            -0.037061404436826706
        ],
        [
            -0.160759836435318,
            -0.7805097103118896,
            -0.042479220777750015
        ],
        [
            -0.15171468257904053,
            -0.78395676612854,
            -0.047588273882865906
        ],
        [
            -0.16111457347869873,
            -0.7915907502174377,
            -0.04603736102581024
        ],
        [
            -0.16758593916893005,
            -0.7863239049911499,
            -0.040168385952711105
        ],
        [
            -0.14061301946640015,
            -0.7639404535293579,
            -0.044364750385284424
        ],
        [
            -0.13945549726486206,
            -0.7513736486434937,
            -0.038789696991443634
        ],
        [
            -0.12650790810585022,
            -0.7514646053314209,
            -0.043085649609565735
        ],
        [
            -0.12635864317417145,
            -0.7643990516662598,
            -0.04787459224462509
        ],
        [
            -0.1609707474708557,
            -0.7451179027557373,
            -0.0030493494123220444
        ],
        [
            -0.15673373639583588,
            -0.7408820986747742,
            -0.009456852450966835
        ],
        [
            -0.16153186559677124,
            -0.7462732791900635,
            -0.012612082064151764
        ],
        [
            -0.16475099325180054,
            -0.7501599788665771,
            -0.005689362064003944
        ],
        [
            -0.17038804292678833,
            -0.7480924129486084,
            0.007440626621246338
        ],
        [
            -0.1718927025794983,
            -0.7543576955795288,
            0.006784573197364807
        ],
        [
            -0.1774127185344696,
            -0.7535701394081116,
            0.012414954602718353
        ],
        [
            -0.17639008164405823,
            -0.746139645576477,
            0.012117169797420502
        ],
        [
            -0.1563199758529663,
            -0.741336464881897,
            0.0016822852194309235
        ],
        [
            -0.15174178779125214,
            -0.7373533248901367,
            -0.005120677873492241
        ],
        [
            -0.16486856341362,
            -0.7483230233192444,
            0.0023099221289157867
        ],
        [
            -0.16331006586551666,
            -0.743586003780365,
            0.0036816559731960297
        ],
        [
            -0.16639089584350586,
            -0.7320454716682434,
            0.006652936339378357
        ],
        [
            -0.16873520612716675,
            -0.7364603877067566,
            0.005542352795600891
        ],
        [
            -0.1739303022623062,
            -0.7326578497886658,
            0.009412966668605804
        ],
        [
            -0.169577494263649,
            -0.7289734482765198,
            0.009974002838134766
        ],
        [
            -0.15951135754585266,
            -0.7379529476165771,
            0.0029313936829566956
        ],
        [
            -0.16356557607650757,
            -0.738297164440155,
            0.0030090510845184326
        ],
        [
            -0.162447988986969,
            -0.7338850498199463,
            0.00513877347111702
        ],
        [
            -0.15846306085586548,
            -0.7344656586647034,
            0.0061180442571640015
        ],
        [
            -0.16939635574817657,
            -0.7432070374488831,
            0.007569722831249237
        ],
        [
            -0.175401970744133,
            -0.7397348880767822,
            0.011164870113134384
        ],
        [
            -0.1809551864862442,
            -0.7358390092849731,
            0.015716224908828735
        ],
        [
            -0.1780794858932495,
            -0.7273958325386047,
            0.014205865561962128
        ],
        [
            -0.14424388110637665,
            -0.7357924580574036,
            -0.02238703891634941
        ],
        [
            -0.15133053064346313,
            -0.7378999590873718,
            -0.01653832010924816
        ],
        [
            -0.14737746119499207,
            -0.7342787981033325,
            -0.011833390220999718
        ],
        [
            -0.1422031968832016,
            -0.7323001027107239,
            -0.017358480021357536
        ],
        [
            -0.15404850244522095,
            -0.7345080971717834,
            0.004394467920064926
        ],
        [
            -0.14395853877067566,
            -0.7233671545982361,
            -0.0009363293647766113
        ],
        [
            -0.14672183990478516,
            -0.7258906364440918,
            -0.0008323304355144501
        ],
        [
            -0.14937281608581543,
            -0.723614513874054,
            0.00545848160982132
        ],
        [
            -0.1467878818511963,
            -0.7213271856307983,
            0.0046839118003845215
        ],
        [
            -0.12866505980491638,
            -0.7316409349441528,
            -0.029650375247001648
        ],
        [
            -0.13047713041305542,
            -0.7275799512863159,
            -0.023733897134661674
        ],
        [
            -0.12390127778053284,
            -0.7244495749473572,
            -0.02512420527637005
        ],
        [
            -0.12019519507884979,
            -0.728505551815033,
            -0.03055323287844658
        ],
        [
            -0.11904603242874146,
            -0.7208685278892517,
            -0.023230189457535744
        ],
        [
            -0.11272643506526947,
            -0.7249734997749329,
            -0.030117668211460114
        ],
        [
            -0.10268183052539825,
            -0.7142584323883057,
            -0.022569600492715836
        ],
        [
            -0.10699370503425598,
            -0.7192986607551575,
            -0.026560479775071144
        ],
        [
            -0.11513024568557739,
            -0.7164136171340942,
            -0.019820144400000572
        ],
        [
            -0.11338385939598083,
            -0.7105030417442322,
            -0.014682922512292862
        ],
        [
            -0.12072007358074188,
            -0.7081252336502075,
            -0.001986023038625717
        ],
        [
            -0.12092199921607971,
            -0.7053999304771423,
            0.0038576126098632812
        ],
        [
            -0.11191898584365845,
            -0.6981738209724426,
            -0.0020695440471172333
        ],
        [
            -0.11262252926826477,
            -0.7030575275421143,
            -0.008167257532477379
        ],
        [
            -0.1366133987903595,
            -0.7221984267234802,
            -0.0011324342340230942
        ],
        [
            -0.1351950615644455,
            -0.7242677807807922,
            -0.005234451964497566
        ],
        [
            -0.1378406584262848,
            -0.7237579226493835,
            -0.005255190655589104
        ],
        [
            -0.14042475819587708,
            -0.7222027778625488,
            -0.0009428784251213074
        ],
        [
            -0.13420021533966064,
            -0.725340723991394,
            -0.009010743349790573
        ],
        [
            -0.13370536267757416,
            -0.7257516384124756,
            -0.010709863156080246
        ],
        [
            -0.13541066646575928,
            -0.7258073687553406,
            -0.010301897302269936
        ],
        [
            -0.13500458002090454,
            -0.7256964445114136,
            -0.008996939286589622
        ],
        [
            -0.1349976360797882,
            -0.7249540090560913,
            -0.00700126588344574
        ],
        [
            -0.13387158513069153,
            -0.7232570648193359,
            -0.0061494652181863785
        ],
        [
            -0.1339522898197174,
            -0.7244097590446472,
            -0.008150527253746986
        ],
        [
            -0.13488560914993286,
            -0.7206307649612427,
            -0.002554919570684433
        ],
        [
            -0.13754649460315704,
            -0.7131521105766296,
            0.009807135909795761
        ],
        [
            -0.13729438185691833,
            -0.7145295739173889,
            0.006249174475669861
        ],
        [
            -0.1393275111913681,
            -0.7183616757392883,
            0.008112218230962753
        ],
        [
            -0.13977742195129395,
            -0.7173148393630981,
            0.011101845651865005
        ],
        [
            -0.13778671622276306,
            -0.7260878682136536,
            -0.00869293324649334
        ],
        [
            -0.13882240653038025,
            -0.7272956371307373,
            -0.010695325210690498
        ],
        [
            -0.1426456868648529,
            -0.7267954349517822,
            -0.006560053676366806
        ],
        [
            -0.14016687870025635,
            -0.7252702116966248,
            -0.005587371066212654
        ],
        [
            -0.1403237283229828,
            -0.7288480997085571,
            -0.013462064787745476
        ],
        [
            -0.13613122701644897,
            -0.7271232604980469,
            -0.012488964945077896
        ],
        [
            -0.13672758638858795,
            -0.728034496307373,
            -0.015705624595284462
        ],
        [
            -0.13243867456912994,
            -0.7244464755058289,
            -0.010327460244297981
        ],
        [
            -0.13058114051818848,
            -0.724309504032135,
            -0.01332305558025837
        ],
        [
            -0.13320568203926086,
            -0.7255035638809204,
            -0.013576092198491096
        ],
        [
            -0.12849247455596924,
            -0.7215559482574463,
            -0.011616000905632973
        ],
        [
            -0.13161976635456085,
            -0.7222598791122437,
            -0.008009001612663269
        ],
        [
            -0.13195395469665527,
            -0.7189066410064697,
            -0.0045511554926633835
        ],
        [
            -0.13275347650051117,
            -0.7152084708213806,
            -2.5819987058639526e-05
        ],
        [
            -0.12759186327457428,
            -0.7139215469360352,
            -0.0030184313654899597
        ],
        [
            -0.1276341676712036,
            -0.7177793383598328,
            -0.007997201755642891
        ],
        [
            -0.14518743753433228,
            -0.73005610704422,
            -0.008471131324768066
        ],
        [
            -0.13198576867580414,
            -0.7263025045394897,
            -0.018029741942882538
        ],
        [
            -0.13684076070785522,
            -0.7308374047279358,
            -0.02077127993106842
        ],
        [
            -0.1278408169746399,
            -0.7236531376838684,
            -0.0184532031416893
        ],
        [
            -0.12427085638046265,
            -0.7206597924232483,
            -0.01683087646961212
        ],
        [
            -0.12204864621162415,
            -0.7165285348892212,
            -0.012693308293819427
        ],
        [
            -0.12113918364048004,
            -0.7121473550796509,
            -0.007621685042977333
        ],
        [
            -0.09856016933917999,
            -0.6993404030799866,
            -0.006163323298096657
        ],
        [
            -0.10082781314849854,
            -0.7053762078285217,
            -0.013897096738219261
        ],
        [
            -0.19735494256019592,
            -0.7776170372962952,
            -0.008437247946858406
        ],
        [
            -0.19583560526371002,
            -0.7792055606842041,
            -0.017274610698223114
        ],
        [
            -0.1866920292377472,
            -0.777198076248169,
            -0.01854419894516468
        ],
        [
            -0.18838059902191162,
            -0.7787522077560425,
            -0.019978493452072144
        ],
        [
            -0.1914098858833313,
            -0.7773081660270691,
            -0.014721332117915154
        ],
        [
            -0.18863031268119812,
            -0.7759458422660828,
            -0.014382034540176392
        ],
        [
            -0.17213201522827148,
            -0.7836641669273376,
            -0.033738743513822556
        ],
        [
            -0.1759275197982788,
            -0.7815232276916504,
            -0.028358496725559235
        ],
        [
            -0.17244510352611542,
            -0.779850959777832,
            -0.0289628729224205
        ],
        [
            -0.16749846935272217,
            -0.7793086171150208,
            -0.035980671644210815
        ],
        [
            -0.17109057307243347,
            -0.7695651054382324,
            -0.021912675350904465
        ],
        [
            -0.1703898012638092,
            -0.7727545499801636,
            -0.026187334209680557
        ],
        [
            -0.17614716291427612,
            -0.7756489515304565,
            -0.021658003330230713
        ],
        [
            -0.17672884464263916,
            -0.7732625007629395,
            -0.018617086112499237
        ],
        [
            -0.1773371696472168,
            -0.7713639736175537,
            -0.014929331839084625
        ],
        [
            -0.17789211869239807,
            -0.7701391577720642,
            -0.01058993674814701
        ],
        [
            -0.1736191213130951,
            -0.7670605182647705,
            -0.011638220399618149
        ],
        [
            -0.17230448126792908,
            -0.7678115367889404,
            -0.016807345673441887
        ],
        [
            -0.19206121563911438,
            -0.7772603034973145,
            -0.008281450718641281
        ],
        [
            -0.19057203829288483,
            -0.776522159576416,
            -0.0009245947003364563
        ],
        [
            -0.18774616718292236,
            -0.775364100933075,
            -0.0027913302183151245
        ],
        [
            -0.189371258020401,
            -0.7755844593048096,
            -0.008779365569353104
        ],
        [
            -0.1783335655927658,
            -0.7741219997406006,
            0.006544321775436401
        ],
        [
            -0.18104179203510284,
            -0.7749656438827515,
            0.005605936050415039
        ],
        [
            -0.18231654167175293,
            -0.7753024101257324,
            0.009360592812299728
        ],
        [
            -0.17841005325317383,
            -0.7727510333061218,
            0.009827468544244766
        ],
        [
            -0.1765824407339096,
            -0.7706519365310669,
            0.00709177553653717
        ],
        [
            -0.17757117748260498,
            -0.7727250456809998,
            0.005040321499109268
        ],
        [
            -0.22968605160713196,
            -0.8233311176300049,
            -0.004834258928894997
        ],
        [
            -0.224480539560318,
            -0.8049871325492859,
            -0.0016996785998344421
        ],
        [
            -0.21795707941055298,
            -0.827484667301178,
            -0.021031713113188744
        ],
        [
            -0.20285186171531677,
            -0.8282531499862671,
            -0.03228513151407242
        ],
        [
            -0.18786290287971497,
            -0.8252543807029724,
            -0.04190056025981903
        ],
        [
            -0.12732715904712677,
            -0.740037202835083,
            -0.03656751662492752
        ],
        [
            -0.11689771711826324,
            -0.7382398247718811,
            -0.039083316922187805
        ],
        [
            -0.11410212516784668,
            -0.7519298791885376,
            -0.0465770922601223
        ],
        [
            -0.1035180389881134,
            -0.7478354573249817,
            -0.04617592319846153
        ],
        [
            -0.10720863938331604,
            -0.7334660291671753,
            -0.03831326588988304
        ],
        [
            -0.09243576228618622,
            -0.7205328941345215,
            -0.027850251644849777
        ],
        [
            -0.09879511594772339,
            -0.7272986769676208,
            -0.034780196845531464
        ],
        [
            -0.09293937683105469,
            -0.7437405586242676,
            -0.043553344905376434
        ],
        [
            -0.09051784873008728,
            -0.7632150053977966,
            -0.05133266746997833
        ],
        [
            -0.10163161158561707,
            -0.7635444402694702,
            -0.051991287618875504
        ],
        [
            -0.09211111068725586,
            -0.7839491367340088,
            -0.05401315912604332
        ],
        [
            -0.0769689679145813,
            -0.7638293504714966,
            -0.049390219151973724
        ],
        [
            -0.08425313234329224,
            -0.7888875603675842,
            -0.05187876150012016
        ],
        [
            -0.06449918448925018,
            -0.7350068688392639,
            -0.03757259249687195
        ],
        [
            -0.058851443231105804,
            -0.7303578853607178,
            -0.03994837775826454
        ],
        [
            -0.05017003417015076,
            -0.7437167763710022,
            -0.04964829981327057
        ],
        [
            -0.05715714395046234,
            -0.7489793300628662,
            -0.04791989177465439
        ],
        [
            -0.11283975839614868,
            -0.7643029689788818,
            -0.05143599584698677
        ],
        [
            -0.16313640773296356,
            -0.8048917651176453,
            -0.047470226883888245
        ],
        [
            -0.1708415150642395,
            -0.7962454557418823,
            -0.04251820594072342
        ],
        [
            -0.15189267694950104,
            -0.7980000972747803,
            -0.05098123103380203
        ],
        [
            -0.19100762903690338,
            -0.8615068197250366,
            -0.04405632242560387
        ],
        [
            -0.19993729889392853,
            -0.8453691005706787,
            -0.03820083662867546
        ],
        [
            -0.18484516441822052,
            -0.8397715091705322,
            -0.0468241423368454
        ],
        [
            -0.17886744439601898,
            -0.855239987373352,
            -0.05131642892956734
        ],
        [
            -0.21993549168109894,
            -0.8783236145973206,
            -0.01298069953918457
        ],
        [
            -0.2281644642353058,
            -0.8512825965881348,
            -0.010680343955755234
        ],
        [
            -0.21603752672672272,
            -0.8497151136398315,
            -0.024204138666391373
        ],
        [
            -0.20849063992500305,
            -0.8708639144897461,
            -0.028008494526147842
        ],
        [
            -0.17053820192813873,
            -0.8655416965484619,
            -0.05442832410335541
        ],
        [
            -0.1586366593837738,
            -0.8795660138130188,
            -0.05607428401708603
        ],
        [
            -0.164717435836792,
            -0.8954586982727051,
            -0.05078524351119995
        ],
        [
            -0.18099544942378998,
            -0.879980742931366,
            -0.048034437000751495
        ],
        [
            -0.17265337705612183,
            -0.9142415523529053,
            -0.037468746304512024
        ],
        [
            -0.1928500235080719,
            -0.8956785798072815,
            -0.03348680958151817
        ],
        [
            -0.06713059544563293,
            -0.7844120264053345,
            -0.05015476420521736
        ],
        [
            -0.07805407047271729,
            -0.8017817139625549,
            -0.05007609724998474
        ],
        [
            -0.0666654109954834,
            -0.75430828332901,
            -0.04641817510128021
        ],
        [
            -0.05809815227985382,
            -0.7711758613586426,
            -0.050565287470817566
        ],
        [
            -0.17811164259910583,
            -0.9278684258460999,
            -0.018169989809393883
        ],
        [
            -0.20240093767642975,
            -0.9067626595497131,
            -0.014365866780281067
        ],
        [
            -0.10641410946846008,
            -0.8986268043518066,
            -0.05139153078198433
        ],
        [
            -0.12556985020637512,
            -0.9047636985778809,
            -0.05085741728544235
