{
    "pred_cam": [
        1.1884620189666748,
        0.015192406252026558,
        0.1472207009792328
    ],
    "pred_smpl_params": {
        "global_orient": [
            [
                [
                    0.9598363041877747,
                    0.2119443714618683,
                    0.1838311105966568
                ],
                [
                    0.19653159379959106,
                    -0.9755303263664246,
                    0.09856883436441422
                ],
                [
                    0.20022395253181458,
                    -0.05848132073879242,
                    -0.978003203868866
                ]
            ]
        ],
        "body_pose": [
            [
                [
                    0.9959686398506165,
                    0.025687778368592262,
                    -0.08594545722007751
                ],
                [
                    -0.009380845353007317,
                    0.9826931953430176,
                    0.18500308692455292
                ],
                [
                    0.08921033143997192,
                    -0.18345102667808533,
                    0.9789725542068481
                ]
            ],
            [
                [
                    0.9993529319763184,
                    -0.005956799723207951,
                    -0.035468533635139465
                ],
                [
                    0.01172469463199377,
                    0.9862720966339111,
                    0.16471123695373535
                ],
                [
                    0.03400047495961189,
                    -0.16502055525779724,
                    0.9857037663459778
                ]
            ],
            [
                [
                    0.9964012503623962,
                    0.015910005196928978,
                    0.08325450867414474
                ],
                [
                    0.0027798041701316833,
                    0.9755635261535645,
                    -0.2196999341249466
                ],
                [
                    -0.08471549302339554,
                    0.21914073824882507,
                    0.972008466720581
                ]
            ],
            [
                [
                    0.9873791337013245,
                    -0.05846608057618141,
                    -0.14718708395957947
                ],
                [
                    -0.0423104465007782,
                    0.7982053160667419,
                    -0.6008977293968201
                ],
                [
                    0.1526176482439041,
                    0.5995415449142456,
                    0.785657525062561
                ]
            ],
            [
                [
                    0.9934589266777039,
                    -0.10584934800863266,
                    0.04283951222896576
                ],
                [
                    0.11003391444683075,
                    0.7870902419090271,
                    -0.6069443225860596
                ],
                [
                    0.030526084825396538,
                    0.6076880693435669,
                    0.7935888171195984
                ]
            ],
            [
                [
                    0.9956026673316956,
                    0.031325068324804306,
                    0.08828390389680862
                ],
                [
                    -0.02833087556064129,
                    0.9989868402481079,
                    -0.03496713191270828
                ],
                [
                    -0.08928979933261871,
                    0.03231221064925194,
                    0.9954814314842224
                ]
            ],
            [
                [
                    0.9839339256286621,
                    0.04784264415502548,
                    0.17200341820716858
                ],
                [
                    -0.04881007969379425,
                    0.9988071322441101,
                    0.0013969390420243144
                ],
                [
                    -0.1717313975095749,
                    -0.009769988246262074,
                    0.9850954413414001
                ]
            ],
            [
                [
                    0.9883488416671753,
                    0.009832838550209999,
                    -0.1518879532814026
                ],
                [
                    -0.004818531218916178,
                    0.9994322061538696,
                    0.033346135169267654
                ],
                [
                    0.1521296203136444,
                    -0.03222573921084404,
                    0.9878350496292114
                ]
            ],
            [
                [
                    0.997785747051239,
                    0.007068817038089037,
                    0.06613358110189438
                ],
                [
                    -0.0028713434003293514,
                    0.9979871511459351,
                    -0.0633506029844284
                ],
                [
                    -0.06644828617572784,
                    0.06302043050527573,
                    0.9957976341247559
                ]
            ],
            [
                [
                    0.992246150970459,
                    -0.12428752332925797,
                    0.00018282150267623365
                ],
                [
                    0.1229904517531395,
                    0.9821012616157532,
                    0.14265520870685577
                ],
                [
                    -0.017909808084368706,
                    -0.14152662456035614,
                    0.989772379398346
                ]
            ],
            [
                [
                    0.9971321821212769,
                    0.07546162605285645,
                    0.00573613028973341
                ],
                [
                    -0.07546290755271912,
                    0.9856925010681152,
                    0.15071728825569153
                ],
                [
                    0.005719313398003578,
                    -0.15071794390678406,
                    0.9885602593421936
                ]
            ],
            [
                [
                    0.9998029470443726,
                    0.010831899009644985,
                    0.016632376238703728
                ],
                [
                    -0.009529372677206993,
                    0.9970249533653259,
                    -0.07648783177137375
                ],
                [
                    -0.017411403357982635,
                    0.07631427049636841,
                    0.9969317317008972
                ]
            ],
            [
                [
                    0.9368847608566284,
                    0.3460948169231415,
                    -0.04965217784047127
                ],
                [
                    -0.3463965952396393,
                    0.9380843639373779,
                    0.002668096451088786
                ],
                [
                    0.047501347959041595,
                    0.014699645340442657,
                    0.9987630248069763
                ]
            ],
            [
                [
                    0.9146770238876343,
                    -0.32927021384239197,
                    0.23440754413604736
                ],
                [
                    0.33750593662261963,
                    0.9413086175918579,
                    0.005272833630442619
                ],
                [
                    -0.22238604724407196,
                    0.07429099828004837,
                    0.9721240401268005
                ]
            ],
            [
                [
                    0.9998537302017212,
                    0.008547423407435417,
                    0.014813529327511787
                ],
                [
                    -0.004285955335944891,
                    0.9637435078620911,
                    -0.2667961120605469
                ],
                [
                    -0.016556859016418457,
                    0.2666935920715332,
                    0.9636391997337341
                ]
            ],
            [
                [
                    0.45679786801338196,
                    0.8457563519477844,
                    -0.27573883533477783
                ],
                [
                    -0.879530131816864,
                    0.47583702206611633,
                    0.002446935046464205
                ],
                [
                    0.13327625393867493,
                    0.24140283465385437,
                    0.9612295031547546
                ]
            ],
            [
                [
                    0.39871424436569214,
                    -0.802431583404541,
                    0.44399377703666687
                ],
                [
                    0.8811625242233276,
                    0.46936652064323425,
                    0.05698828771710396
                ],
                [
                    -0.2541249990463257,
                    0.36850863695144653,
                    0.8942157626152039
                ]
            ],
            [
                [
                    0.4869370758533478,
                    -0.3282744586467743,
                    -0.8093999624252319
                ],
                [
                    0.2354079931974411,
                    0.9417169094085693,
                    -0.24031725525856018
                ],
                [
                    0.8411155939102173,
                    -0.07351978868246078,
                    0.535835325717926
                ]
            ],
            [
                [
                    0.5655903816223145,
                    0.2260562777519226,
                    0.7930989861488342
                ],
                [
                    0.09295163303613663,
                    0.9380953907966614,
                    -0.3336719572544098
                ],
                [
                    -0.8194311857223511,
                    0.262441486120224,
                    0.5095654129981995
                ]
            ],
            [
                [
                    0.990902841091156,
                    -0.1345682293176651,
                    0.0017035865457728505
                ],
                [
                    0.1339503973722458,
                    0.9874175786972046,
                    0.08404702693223953
                ],
                [
                    -0.012992208823561668,
                    -0.08305424451828003,
                    0.9964603781700134
                ]
            ],
            [
                [
                    0.9966435432434082,
                    0.07799108326435089,
                    0.02488185465335846
                ],
                [
                    -0.07856429368257523,
                    0.9966447949409485,
                    0.022955231368541718
                ],
                [
                    -0.023008063435554504,
                    -0.024833006784319878,
                    0.9994269013404846
                ]
            ],
            [
                [
                    0.9670383334159851,
                    0.23557227849960327,
                    -0.09665656089782715
                ],
                [
                    -0.22025133669376373,
                    0.9643455743789673,
                    0.14672113955020905
                ],
                [
                    0.12777374684810638,
                    -0.12059623748064041,
                    0.984444260597229
                ]
            ],
            [
                [
                    0.9709251523017883,
                    -0.2233746498823166,
                    0.08607044070959091
                ],
                [
                    0.20861737430095673,
                    0.9658910036087036,
                    0.1534057855606079
                ],
                [
                    -0.11740162968635559,
                    -0.13098974525928497,
                    0.9844077229499817
                ]
            ]
        ],
        "betas": [
            -0.011067554354667664,
            -0.08632835745811462,
            -0.07779288291931152,
            0.05506026744842529,
            0.04294246435165405,
            0.032250139862298965,
            0.00833478569984436,
            -0.0648047924041748,
            0.06671686470508575,
            -0.044202327728271484
        ]
    },
    "pred_cam_t": [
        0.015192406252026558,
        0.1472207009792328,
        32.86811065673828
    ],
    "focal_length": [
        5000.0,
        5000.0
    ],
    "pred_keypoints_3d": [
        [
            0.22019687294960022,
            -0.7023658156394958,
            -0.23104192316532135
        ],
        [
            0.13161179423332214,
            -0.7040191888809204,
            -0.0628962442278862
        ],
        [
            -0.053672730922698975,
            -0.6385636329650879,
            -0.12343025207519531
        ],
        [
            -0.1255221962928772,
            -0.39855536818504333,
            -0.07757848501205444
        ],
        [
            0.023706331849098206,
            -0.20341476798057556,
            -0.14679807424545288
        ],
        [
            0.2612180709838867,
            -0.589756190776825,
            0.04213573783636093
        ],
        [
            0.20369870960712433,
            -0.3532685935497284,
            0.1363324224948883
        ],
        [
            0.2644306421279907,
            -0.17194072902202606,
            -0.023645520210266113
        ],
        [
            -0.001843995414674282,
            -0.22388842701911926,
            0.028568435460329056
        ],
        [
            -0.08685983717441559,
            -0.14932182431221008,
            0.02439109981060028
        ],
        [
            -0.19106410443782806,
            0.2173900008201599,
            -0.012198254466056824
        ],
        [
            -0.23621316254138947,
            0.5263161659240723,
            0.2369442731142044
        ],
        [
            0.044343337416648865,
            -0.12169379740953445,
            0.05440216511487961
        ],
        [
            0.002252977341413498,
            0.24893561005592346,
            0.01526675745844841
        ],
        [
            -0.07723572850227356,
            0.5613974332809448,
            0.2504326105117798
        ],
        [
            0.1974012553691864,
            -0.7582491636276245,
            -0.2410317361354828
        ],
        [
            0.2564057409763336,
            -0.7478833198547363,
            -0.21197333931922913
        ],
        [
            0.12956546247005463,
            -0.8112121820449829,
            -0.1814902275800705
        ],
        [
            0.26117613911628723,
            -0.7885081768035889,
            -0.1180412694811821
        ],
        [
            -0.09174706041812897,
            0.7028452157974243,
            0.10970821976661682
        ],
        [
            -0.027161719277501106,
            0.6955262422561646,
            0.16193926334381104
        ],
        [
            -0.07700438052415848,
            0.5625698566436768,
            0.3202976584434509
        ],
        [
            -0.24133041501045227,
            0.6644892692565918,
            0.09453654289245605
        ],
        [
            -0.3147299587726593,
            0.6365792751312256,
            0.1331597864627838
        ],
        [
            -0.24574363231658936,
            0.5340052247047424,
            0.30897751450538635
        ],
        [
            -0.25137901306152344,
            0.4677112102508545,
            0.23121964931488037
        ],
        [
            -0.17613205313682556,
            0.15636929869651794,
            -0.017096316441893578
        ],
        [
            -0.13854825496673584,
            -0.28550732135772705,
            0.007040077354758978
        ],
        [
            0.13826927542686462,
            -0.2122843712568283,
            0.08062811940908432
        ],
        [
            0.020097745582461357,
            0.21094849705696106,
            0.014630485326051712
        ],
        [
            -0.06058369576931,
            0.5212283134460449,
            0.2553449273109436
        ],
        [
            0.03643267974257469,
            -0.2389807403087616,
            -0.14765863120555878
        ],
        [
            -0.12222128361463547,
            -0.4120849370956421,
            -0.1175248920917511
        ],
        [
            -0.014336816035211086,
            -0.6643978357315063,
            -0.11198931932449341
        ],
        [
            0.24159547686576843,
            -0.6243585348129272,
            0.0268055722117424
        ],
        [
            0.2511812150478363,
            -0.3689102828502655,
            0.11701591312885284
        ],
        [
            0.27317410707473755,
            -0.19298407435417175,
            -0.023321649059653282
        ],
        [
            0.13511696457862854,
            -0.6925776600837708,
            -0.06702332198619843
        ],
        [
            0.2234344482421875,
            -0.831268846988678,
            -0.18628017604351044
        ],
        [
            0.0005113662336952984,
            -0.24902699887752533,
            0.0444951169192791
        ],
        [
            0.11245209723711014,
            -0.6424382925033569,
            -0.04490436613559723
        ],
        [
            0.05385402962565422,
            -0.48898670077323914,
            0.01625833474099636
        ],
        [
            0.19456277787685394,
            -0.7243684530258179,
            -0.15834814310073853
        ],
        [
            0.2244611382484436,
            -0.851786732673645,
            -0.19100482761859894
        ]
    ],
    "pred_vertices": [
        [
            0.2850414216518402,
            -0.7834295630455017,
            -0.2304779291152954
        ],
        [
            0.27579522132873535,
            -0.7690038681030273,
            -0.23095262050628662
        ],
        [
            0.28170356154441833,
            -0.7698855400085449,
            -0.21791109442710876
        ],
        [
            0.2883351445198059,
            -0.78289395570755,
            -0.2132076472043991
        ],
        [
            0.27610328793525696,
            -0.7598501443862915,
            -0.21944624185562134
        ],
        [
            0.26984331011772156,
            -0.7584179639816284,
            -0.22961698472499847
        ],
        [
            0.28237903118133545,
            -0.7700971364974976,
            -0.20395874977111816
        ],
        [
            0.2868935763835907,
            -0.7807250022888184,
            -0.19688177108764648
        ],
        [
            0.27055442333221436,
            -0.7473811507225037,
            -0.17504549026489258
        ],
        [
            0.2696543335914612,
            -0.748630166053772,
            -0.16398246586322784
        ],
        [
            0.2746400833129883,
            -0.7574743032455444,
            -0.17119967937469482
        ],
        [
            0.27301114797592163,
            -0.7542589902877808,
            -0.18094828724861145
        ],
        [
            0.25868114829063416,
            -0.729010820388794,
            -0.16051508486270905
        ],
        [
            0.2521635591983795,
            -0.7176238298416138,
            -0.1650947481393814
        ],
        [
            0.24782447516918182,
            -0.7158949375152588,
            -0.15247251093387604
        ],
        [
            0.2529843747615814,
            -0.7273690700531006,
            -0.14740584790706635
        ],
        [
            0.23564089834690094,
            -0.7199270725250244,
            -0.20398429036140442
        ],
        [
            0.23771917819976807,
            -0.7144675254821777,
            -0.1976017951965332
        ],
        [
            0.24345895648002625,
            -0.7196170687675476,
            -0.19850414991378784
        ],
        [
            0.24030742049217224,
            -0.7247475385665894,
            -0.20454920828342438
        ],
        [
            0.23289570212364197,
            -0.7255046367645264,
            -0.21762683987617493
        ],
        [
            0.2349223494529724,
            -0.7316969633102417,
            -0.2172868400812149
        ],
        [
            0.2337156981229782,
            -0.7324510812759399,
            -0.22515816986560822
        ],
        [
            0.23249207437038422,
            -0.7249667644500732,
            -0.22555869817733765
        ],
        [
            0.2288699746131897,
            -0.7165728807449341,
            -0.20390629768371582
        ],
        [
            0.23104096949100494,
            -0.7111412286758423,
            -0.19695231318473816
        ],
        [
            0.2340746521949768,
            -0.7241849303245544,
            -0.20995545387268066
        ],
        [
            0.23124617338180542,
            -0.7198095321655273,
            -0.21053645014762878
        ],
        [
            0.22960321605205536,
            -0.7092578411102295,
            -0.2168143093585968
        ],
        [
            0.23230686783790588,
            -0.7136160135269165,
            -0.21721622347831726
        ],
        [
            0.23176975548267365,
            -0.7109835147857666,
            -0.22452481091022491
        ],
        [
            0.22835081815719604,
            -0.7071484327316284,
            -0.22199872136116028
        ],
        [
            0.22891756892204285,
            -0.7137963771820068,
            -0.20815271139144897
        ],
        [
            0.23137956857681274,
            -0.7143769860267639,
            -0.21144217252731323
        ],
        [
            0.22851026058197021,
            -0.7104067802429199,
            -0.21256142854690552
        ],
        [
            0.22541770339012146,
            -0.7108006477355957,
            -0.20972105860710144
        ],
        [
            0.23158344626426697,
            -0.7205749154090881,
            -0.21795585751533508
        ],
        [
            0.23193930089473724,
            -0.718353271484375,
            -0.22547504305839539
        ],
        [
            0.23119166493415833,
            -0.7159285545349121,
            -0.2333144247531891
        ],
        [
            0.22979937493801117,
            -0.7073014974594116,
            -0.23154550790786743
        ],
        [
            0.2400924116373062,
            -0.7060390114784241,
            -0.1811521053314209
        ],
        [
            0.23970864713191986,
            -0.7096223831176758,
            -0.19000431895256042
        ],
        [
            0.23328223824501038,
            -0.7065228819847107,
            -0.19009292125701904
        ],
        [
            0.23445555567741394,
            -0.7032026052474976,
            -0.183085098862648
        ],
        [
            0.2241862714290619,
            -0.7102560997009277,
            -0.20510703325271606
        ],
        [
            0.2213122546672821,
            -0.6972622871398926,
            -0.19594433903694153
        ],
        [
            0.2230946123600006,
            -0.7000647783279419,
            -0.1977916657924652
        ],
        [
            0.21937152743339539,
            -0.69923335313797,
            -0.2039755880832672
        ],
        [
            0.21823400259017944,
            -0.6966109275817871,
            -0.2018161118030548
        ],
        [
            0.23604482412338257,
            -0.6993767023086548,
            -0.16536474227905273
        ],
        [
            0.23203474283218384,
            -0.6967009902000427,
            -0.1708276867866516
        ],
        [
            0.22885307669639587,
            -0.6928262710571289,
            -0.16535642743110657
        ],
        [
            0.23137851059436798,
            -0.6953967809677124,
            -0.15868772566318512
        ],
        [
            0.22416746616363525,
            -0.6893000602722168,
            -0.16308239102363586
        ],
        [
            0.22610150277614594,
            -0.6914536356925964,
            -0.15328046679496765
        ],
        [
            0.21265444159507751,
            -0.6813026666641235,
            -0.15091922879219055
        ],
        [
            0.21911868453025818,
            -0.685932457447052,
            -0.15150994062423706
        ],
        [
            0.2186388075351715,
            -0.6851752996444702,
            -0.16261257231235504
        ],
        [
            0.2128458321094513,
            -0.6800469756126404,
            -0.16498258709907532
        ],
        [
            0.20684337615966797,
            -0.6803439855575562,
            -0.1788666546344757
        ],
        [
            0.2021360844373703,
            -0.678673267364502,
            -0.1828385591506958
        ],
        [
            0.20075660943984985,
            -0.6696956753730774,
            -0.17340224981307983
        ],
        [
            0.2064153254032135,
            -0.6738390922546387,
            -0.16933822631835938
        ],
        [
            0.2175142914056778,
            -0.695174515247345,
            -0.1898857206106186
        ],
        [
            0.22007113695144653,
            -0.6964332461357117,
            -0.18599453568458557
        ],
        [
            0.22161588072776794,
            -0.6961367726325989,
            -0.18822616338729858
        ],
        [
            0.21954098343849182,
            -0.6955247521400452,
            -0.19309638440608978
        ],
        [
            0.22245195508003235,
            -0.6969567537307739,
            -0.18280330300331116
        ],
        [
            0.2235213965177536,
            -0.6970206499099731,
            -0.18134209513664246
        ],
        [
            0.22424788773059845,
            -0.6972649097442627,
            -0.18294081091880798
        ],
        [
            0.22289952635765076,
            -0.6971790790557861,
            -0.18358008563518524
        ],
        [
            0.22126394510269165,
            -0.6967886686325073,
            -0.18482288718223572
        ],
        [
            0.21975496411323547,
            -0.6951874494552612,
            -0.18468843400478363
        ],
        [
            0.22153517603874207,
            -0.6961615085601807,
            -0.1832088977098465
        ],
        [
            0.21727046370506287,
            -0.6932588815689087,
            -0.18803051114082336
        ],
        [
            0.20785348117351532,
            -0.6885946989059448,
            -0.19868840277194977
        ],
        [
            0.21107159554958344,
            -0.6891184449195862,
            -0.19595682621002197
        ],
        [
            0.21121910214424133,
            -0.6933393478393555,
            -0.19805945456027985
        ],
        [
            0.20859795808792114,
            -0.693153977394104,
            -0.20062392950057983
        ],
        [
            0.22402361035346985,
            -0.6979542970657349,
            -0.1861087530851364
        ],
        [
            0.2267531305551529,
            -0.6990140676498413,
            -0.18513944745063782
        ],
        [
            0.22570306062698364,
            -0.6994777917861938,
            -0.19074219465255737
        ],
        [
            0.2234075963497162,
            -0.6978617906570435,
            -0.18956467509269714
        ],
        [
            0.22988785803318024,
            -0.7002004384994507,
            -0.18457302451133728
        ],
        [
            0.22649098932743073,
            -0.6983168125152588,
            -0.1819756031036377
        ],
        [
            0.22917288541793823,
            -0.6989339590072632,
            -0.18057368695735931
        ],
        [
            0.22233659029006958,
            -0.6957476735115051,
            -0.18077214062213898
        ],
        [
            0.2235392928123474,
            -0.6950215101242065,
            -0.17759233713150024
        ],
        [
            0.22541004419326782,
            -0.6963465213775635,
            -0.17929548025131226
        ],
        [
            0.22060033679008484,
            -0.6925058364868164,
            -0.17733711004257202
        ],
        [
            0.21979233622550964,
            -0.6939256191253662,
            -0.18185538053512573
        ],
        [
            0.21691903471946716,
            -0.6912223696708679,
            -0.18468667566776276
        ],
        [
            0.21344973146915436,
            -0.688378632068634,
            -0.1886177659034729
        ],
        [
            0.21260002255439758,
            -0.6861968040466309,
            -0.1829097718000412
        ],
        [
            0.21690253913402557,
            -0.6892567276954651,
            -0.17938755452632904
        ],
        [
            0.22863759100437164,
            -0.7028553485870361,
            -0.19124145805835724
        ],
        [
            0.22824184596538544,
            -0.6963962912559509,
            -0.17560496926307678
        ],
        [
            0.23384913802146912,
            -0.7007966041564941,
            -0.1770641803741455
        ],
        [
            0.22584813833236694,
            -0.693412184715271,
            -0.17253978550434113
        ],
        [
            0.22210802137851715,
            -0.6904641389846802,
            -0.17115572094917297
        ],
        [
            0.21731343865394592,
            -0.6870830059051514,
            -0.17226363718509674
        ],
        [
            0.21217072010040283,
            -0.6833523511886597,
            -0.17533980309963226
        ],
        [
            0.19596430659294128,
            -0.6690524816513062,
            -0.15974904596805573
        ],
        [
            0.20397472381591797,
            -0.6741100549697876,
            -0.15578719973564148
        ],
        [
            0.264205664396286,
            -0.7543478012084961,
            -0.22467339038848877
        ],
        [
            0.27053141593933105,
            -0.7541487216949463,
            -0.2181926965713501
        ],
        [
            0.266197144985199,
            -0.751088559627533,
            -0.21039298176765442
        ],
        [
            0.2688453495502472,
            -0.7526059150695801,
            -0.21045610308647156
        ],
        [
            0.26568490266799927,
            -0.7524900436401367,
            -0.21630102396011353
        ],
        [
            0.2638620138168335,
            -0.7507238388061523,
            -0.21446561813354492
        ],
        [
            0.27028289437294006,
            -0.7530403137207031,
            -0.18904805183410645
        ],
        [
            0.26819461584091187,
            -0.7521951198577881,
            -0.19560661911964417
        ],
        [
            0.2664254903793335,
            -0.7501790523529053,
            -0.19250334799289703
        ],
        [
            0.2689111530780792,
            -0.7480378150939941,
            -0.18450045585632324
        ],
        [
            0.25888335704803467,
            -0.7411527633666992,
            -0.19732199609279633
        ],
        [
            0.26216012239456177,
            -0.7435588836669922,
            -0.19357924163341522
        ],
        [
            0.262459397315979,
            -0.7474488019943237,
            -0.2005968987941742
        ],
        [
            0.26018136739730835,
            -0.7456241250038147,
            -0.20335586369037628
        ],
        [
            0.25730589032173157,
            -0.7445962429046631,
            -0.20635628700256348
        ],
        [
            0.2540048360824585,
            -0.7443828582763672,
            -0.20937618613243103
        ],
        [
            0.2518559396266937,
            -0.7406923174858093,
            -0.20608443021774292
        ],
        [
            0.2553127706050873,
            -0.7404112815856934,
            -0.2018468976020813
        ],
        [
            0.26091331243515015,
            -0.7533830404281616,
            -0.22080543637275696
        ],
        [
            0.2541842460632324,
            -0.7539162635803223,
            -0.22367486357688904
        ],
        [
            0.25389957427978516,
            -0.7518956065177917,
            -0.22100967168807983
        ],
        [
            0.259686678647995,
            -0.7510706186294556,
            -0.21879251301288605
        ],
        [
            0.2407420575618744,
            -0.7516046762466431,
            -0.21882084012031555
        ],
        [
            0.24319133162498474,
            -0.7526171207427979,
            -0.22032517194747925
        ],
        [
            0.24111026525497437,
            -0.753442645072937,
            -0.22358094155788422
        ],
        [
            0.2381601780653,
            -0.7507098913192749,
            -0.2210375964641571
        ],
        [
            0.23885156214237213,
            -0.7480883002281189,
            -0.21843963861465454
        ],
        [
            0.24125516414642334,
            -0.7498990893363953,
            -0.21761111915111542
        ],
        [
            0.28572407364845276,
            -0.8018448352813721,
            -0.24381567537784576
        ],
        [
            0.2772393822669983,
            -0.7845841646194458,
            -0.24457356333732605
        ],
        [
            0.2923174798488617,
            -0.8017192482948303,
            -0.22442084550857544
        ],
        [
            0.292693167924881,
            -0.7991911172866821,
            -0.20614971220493317
        ],
        [
            0.2910371422767639,
            -0.7930309772491455,
            -0.18884438276290894
        ],
        [
            0.24171531200408936,
            -0.7061606645584106,
            -0.15888340771198273
        ],
        [
            0.23725959658622742,
            -0.7029132843017578,
            -0.14946956932544708
        ],
        [
            0.2430347055196762,
            -0.7148113250732422,
            -0.1405322253704071
        ],
        [
            0.23575639724731445,
            -0.7099457383155823,
            -0.13286402821540833
        ],
        [
            0.23016613721847534,
            -0.6977071762084961,
            -0.1426255851984024
        ],
        [
            0.21079164743423462,
            -0.6858153939247131,
            -0.13821180164813995
        ],
        [
            0.22134551405906677,
            -0.6914706230163574,
            -0.13863611221313477
        ],
        [
            0.2263115495443344,
            -0.7055752277374268,
            -0.12630629539489746
        ],
        [
            0.23333194851875305,
            -0.7232259511947632,
            -0.11718371510505676
        ],
        [
            0.24078787863254547,
            -0.7241362929344177,
            -0.12579526007175446
        ],
        [
            0.2389473170042038,
            -0.7425190210342407,
            -0.113465815782547
        ],
        [
            0.22331809997558594,
            -0.7239353656768799,
            -0.10737959295511246
        ],
        [
            0.23359623551368713,
            -0.7471842765808105,
            -0.10790737718343735
        ],
        [
            0.19895344972610474,
            -0.6955618858337402,
            -0.10415294766426086
        ],
        [
            0.19605667889118195,
            -0.6892667412757874,
            -0.09709298610687256
        ],
        [
            0.20312252640724182,
            -0.7010190486907959,
            -0.08403241634368896
        ],
        [
            0.20700955390930176,
            -0.707412600517273,
            -0.09130439162254333
        ],
        [
            0.24751177430152893,
            -0.7255595922470093,
            -0.13490472733974457
        ],
        [
            0.27840492129325867,
            -0.770044207572937,
            -0.16976827383041382
        ],
        [
            0.2779111862182617,
            -0.7637641429901123,
            -0.18013861775398254
        ],
        [
            0.2732481360435486,
            -0.7623063325881958,
            -0.16018016636371613
        ],
        [
            0.2989561855792999,
            -0.8273832201957703,
            -0.18393927812576294
        ],
        [
            0.29799818992614746,
            -0.8139756917953491,
            -0.19680318236351013
        ],
        [
            0.29521316289901733,
            -0.8054319024085999,
            -0.18129834532737732
        ],
        [
            0.2970183193683624,
            -0.8191361427307129,
            -0.17105518281459808
        ],
        [
            0.2916281223297119,
            -0.852683424949646,
            -0.2209497094154358
        ],
        [
            0.2922508418560028,
            -0.8278693556785583,
            -0.2342296540737152
        ],
        [
            0.29572322964668274,
            -0.8221710324287415,
            -0.21703432500362396
        ],
        [
            0.2964313328266144,
            -0.8413881063461304,
            -0.2051929235458374
        ],
        [
            0.2952196002006531,
            -0.827933669090271,
            -0.16092203557491302
        ],
        [
            0.29067859053611755,
            -0.8404042720794678,
            -0.1477065533399582
        ],
        [
            0.2914433181285858,
            -0.857367753982544,
            -0.15223422646522522
        ],
        [
            0.2969496548175812,
            -0.8442530632019043,
            -0.1701349914073944
        ],
        [
            0.2865801453590393,
            -0.8787678480148315,
            -0.16321247816085815
        ],
        [
            0.2935253977775574,
            -0.8631144762039185,
            -0.18465274572372437
        ],
        [
            0.22280876338481903,
            -0.7427382469177246,
            -0.095363549888134
        ],
        [
            0.2308446764945984,
            -0.7591402530670166,
            -0.10145295411348343
        ],
        [
            0.21272461116313934,
            -0.7143495678901672,
            -0.10083993524312973
        ],
        [
            0.21572953462600708,
            -0.7297241687774658,
            -0.08920063078403473
        ],
        [
            0.27527356147766113,
            -0.8961762189865112,
            -0.17547067999839783
        ],
        [
            0.28501367568969727,
            -0.8784046769142151,
            -0.20104825496673584
        ],
        [
            0.2580243945121765,
            -0.8546469807624817,
            -0.10576033592224121
        ],
        [
            0.269601970911026,
            -0.863258957862854,
            -0.11953684687614441
        ],
        [
            0.27453306317329407,
            -0.8428348302841187,
            -0.12165208905935287
        ],
        [
            0.26320308446884155,
            -0.8376765847206116,
            -0.1085895448923111
        ],
        [
            0.24814000725746155,
            -0.8724676370620728,
