{
    "pred_cam": [
        1.4397318363189697,
        0.1380724459886551,
        0.26246652007102966
    ],
    "pred_smpl_params": {
        "global_orient": [
            [
                [
                    -0.3204053044319153,
                    0.10853902250528336,
                    -0.941041886806488
                ],
                [
                    0.2013014256954193,
                    -0.9629231691360474,
                    -0.1796017736196518
                ],
                [
                    -0.9256447553634644,
                    -0.24697843194007874,
                    0.28667664527893066
                ]
            ]
        ],
        "body_pose": [
            [
                [
                    0.9966920614242554,
                    0.03197796642780304,
                    0.07471536844968796
                ],
                [
                    -0.04463982209563255,
                    0.9836464524269104,
                    0.1744905412197113
                ],
                [
                    -0.06791365146636963,
                    -0.17724861204624176,
                    0.9818201065063477
                ]
            ],
            [
                [
                    0.9859069585800171,
                    0.14460502564907074,
                    -0.08412439376115799
                ],
                [
                    -0.14266039431095123,
                    0.9893550276756287,
                    0.028717586770653725
                ],
                [
                    0.08738159388303757,
                    -0.0163116492331028,
                    0.9960414171218872
                ]
            ],
            [
                [
                    0.9979985356330872,
                    -0.03116486594080925,
                    0.05502379313111305
                ],
                [
                    0.03994181379675865,
                    0.985246479511261,
                    -0.16641514003276825
                ],
                [
                    -0.04902569577097893,
                    0.16827982664108276,
                    0.9845193028450012
                ]
            ],
            [
                [
                    0.9807448387145996,
                    0.19035297632217407,
                    0.043649088591337204
                ],
                [
                    -0.18481028079986572,
                    0.9768643975257874,
                    -0.10761500149965286
                ],
                [
                    -0.06312408298254013,
                    0.097476065158844,
                    0.9932339191436768
                ]
            ],
            [
                [
                    0.9903750419616699,
                    0.04344070330262184,
                    0.13141624629497528
                ],
                [
                    -0.04021542891860008,
                    0.9988235235214233,
                    -0.027098825201392174
                ],
                [
                    -0.13243882358074188,
                    0.02155303582549095,
                    0.9909569025039673
                ]
            ],
            [
                [
                    0.9866523742675781,
                    -0.15854981541633606,
                    0.03713532164692879
                ],
                [
                    0.16107194125652313,
                    0.983739972114563,
                    -0.0794445350766182
                ],
                [
                    -0.023935584351420403,
                    0.0843655988574028,
                    0.9961473345756531
                ]
            ],
            [
                [
                    0.9698447585105896,
                    0.0150830689817667,
                    0.2432563304901123
                ],
                [
                    -0.009632409550249577,
                    0.9996755123138428,
                    -0.023581048473715782
                ],
                [
                    -0.24353307485580444,
                    0.020526813343167305,
                    0.9696753621101379
                ]
            ],
            [
                [
                    0.9706612229347229,
                    -0.0656379982829094,
                    -0.23131869733333588
                ],
                [
                    0.054325755685567856,
                    0.9970104098320007,
                    -0.054945267736911774
                ],
                [
                    0.23423364758491516,
                    0.04076668620109558,
                    0.971325159072876
                ]
            ],
            [
                [
                    0.997793972492218,
                    -0.06268247961997986,
                    0.021865177899599075
                ],
                [
                    0.0643499568104744,
                    0.9941739439964294,
                    -0.08647122979164124
                ],
                [
                    -0.01631755940616131,
                    0.08768749237060547,
                    0.9960143566131592
                ]
            ],
            [
                [
                    0.9984611868858337,
                    -0.039878424257040024,
                    0.03853442519903183
                ],
                [
                    0.04149255529046059,
                    0.9982540011405945,
                    -0.04203806817531586
                ],
                [
                    -0.03679073601961136,
                    0.04357227310538292,
                    0.9983725547790527
                ]
            ],
            [
                [
                    0.9976873993873596,
                    0.059087954461574554,
                    -0.03359092026948929
                ],
                [
                    -0.05840051546692848,
                    0.9980704188346863,
                    0.02109038271009922
                ],
                [
                    0.03477229177951813,
                    -0.01907988265156746,
                    0.9992130398750305
                ]
            ],
            [
                [
                    0.9875011444091797,
                    0.03844669833779335,
                    0.1528508961200714
                ],
                [
                    0.015006721019744873,
                    0.9424511194229126,
                    -0.3340071737766266
                ],
                [
                    -0.1568959504365921,
                    0.3321262300014496,
                    0.9300945997238159
                ]
            ],
            [
                [
                    0.9086374640464783,
                    -0.15083344280719757,
                    -0.3893934488296509
                ],
                [
                    0.20362885296344757,
                    0.9741491079330444,
                    0.09782017022371292
                ],
                [
                    0.3645727336406708,
                    -0.16817480325698853,
                    0.9158624410629272
                ]
            ],
            [
                [
                    0.9052679538726807,
                    -0.26552683115005493,
                    0.33164048194885254
                ],
                [
                    0.2528875172138214,
                    0.964051365852356,
                    0.08156582713127136
                ],
                [
                    -0.34137633442878723,
                    0.010028796270489693,
                    0.939873218536377
                ]
            ],
            [
                [
                    0.9930172562599182,
                    0.0013365717604756355,
                    -0.11796200275421143
                ],
                [
                    -0.05436047539114952,
                    0.892630934715271,
                    -0.4474985599517822
                ],
                [
                    0.10469841957092285,
                    0.4507862329483032,
                    0.8864705562591553
                ]
            ],
            [
                [
                    0.7754279375076294,
                    0.15304361283779144,
                    -0.6126084923744202
                ],
                [
                    -0.1339559555053711,
                    0.9879711270332336,
                    0.07725884765386581
                ],
                [
                    0.6170634031295776,
                    0.022153912112116814,
                    0.7866015434265137
                ]
            ],
            [
                [
                    0.5949221253395081,
                    -0.6205175518989563,
                    0.5109066367149353
                ],
                [
                    0.7107752561569214,
                    0.7029352784156799,
                    0.02608642913401127
                ],
                [
                    -0.3753213584423065,
                    0.3476203978061676,
                    0.8592402935028076
                ]
            ],
            [
                [
                    0.08407337218523026,
                    -0.12026700377464294,
                    -0.9891752600669861
                ],
                [
                    -0.10036969929933548,
                    0.9866189956665039,
                    -0.1284869760274887
                ],
                [
                    0.9913917779922485,
                    0.11008556187152863,
                    0.07087722420692444
                ]
            ],
            [
                [
                    0.32863396406173706,
                    0.17006632685661316,
                    0.9290194511413574
                ],
                [
                    0.034949831664562225,
                    0.9807906150817871,
                    -0.19190680980682373
                ],
                [
                    -0.9438104629516602,
                    0.09553617984056473,
                    0.31637731194496155
                ]
            ],
            [
                [
                    0.9857039451599121,
                    -0.08052805066108704,
                    -0.1479969322681427
                ],
                [
                    0.08743973821401596,
                    0.9953342080116272,
                    0.04079393297433853
                ],
                [
                    0.14402134716510773,
                    -0.05315155163407326,
                    0.988146185874939
                ]
            ],
            [
                [
                    0.9918226003646851,
                    0.030494941398501396,
                    0.1239277720451355
                ],
                [
                    -0.06460552662611008,
                    0.9573936462402344,
                    0.28146687150001526
                ],
                [
                    -0.11006434261798859,
                    -0.2871715724468231,
                    0.9515348076820374
                ]
            ],
            [
                [
                    0.9924707412719727,
                    0.10999580472707748,
                    -0.05387892946600914
                ],
                [
                    -0.10520192980766296,
                    0.9908175468444824,
                    0.084930419921875
                ],
                [
                    0.06272617727518082,
                    -0.07862277328968048,
                    0.9949291944503784
                ]
            ],
            [
                [
                    0.9917609691619873,
                    -0.1277962327003479,
                    -0.008852824568748474
                ],
                [
                    0.12799721956253052,
                    0.9857757091522217,
                    0.10891783982515335
                ],
                [
                    -0.0051923892460763454,
                    -0.10915359109640121,
                    0.9940114617347717
                ]
            ]
        ],
        "betas": [
            -0.13606318831443787,
            -0.19717594981193542,
            0.11257156729698181,
            0.5172456502914429,
            0.19165579974651337,
            0.012300465255975723,
            -0.0181829035282135,
            -0.0795283317565918,
            0.10364960879087448,
            -0.012437522411346436
        ]
    },
    "pred_cam_t": [
        0.1380724459886551,
        0.26246652007102966,
        27.13178825378418
    ],
    "focal_length": [
        5000.0,
        5000.0
    ],
    "pred_keypoints_3d": [
        [
            -0.17022399604320526,
            -0.717941164970398,
            0.009681448340415955
        ],
        [
            0.009020457044243813,
            -0.7319715023040771,
            -0.013955777511000633
        ],
        [
            0.03683117404580116,
            -0.6288420557975769,
            0.15780293941497803
        ],
        [
            -0.02855588123202324,
            -0.3969547152519226,
            0.22712892293930054
        ],
        [
            -0.25162211060523987,
            -0.35624027252197266,
            0.11900196969509125
        ],
        [
            -0.05180519074201584,
            -0.6915545463562012,
            -0.17121031880378723
        ],
        [
            -0.29013100266456604,
            -0.6747404336929321,
            -0.26598381996154785
        ],
        [
            -0.3727981746196747,
            -0.6333548426628113,
            -0.03833720088005066
        ],
        [
            -0.0020700611639767885,
            -0.22791631519794464,
            0.028350096195936203
        ],
        [
            0.013761435635387897,
            -0.15372219681739807,
            0.11185474693775177
        ],
        [
            0.008206748403608799,
            0.18117037415504456,
            0.28341275453567505
        ],
        [
            0.028787240386009216,
            0.5478156208992004,
            0.419167160987854
        ],
        [
            -0.02778760716319084,
            -0.12484470754861832,
            -0.015059314668178558
        ],
        [
            -0.12891153991222382,
            0.21820476651191711,
            0.07198751717805862
        ],
        [
            -0.12927165627479553,
            0.560111403465271,
            0.2619189918041229
        ],
        [
            -0.17072805762290955,
            -0.7691794633865356,
            0.04391440004110336
        ],
        [
            -0.182468444108963,
            -0.7686116695404053,
            -0.02152729406952858
        ],
        [
            -0.08939257264137268,
            -0.829861581325531,
            0.07365265488624573
        ],
        [
            -0.11635278165340424,
            -0.8283588290214539,
            -0.07359878718852997
        ],
        [
            -0.3267609775066376,
            0.5955082178115845,
            0.28775328397750854
        ],
        [
            -0.27837201952934265,
            0.6324689388275146,
            0.23010499775409698
        ],
        [
            -0.07414151728153229,
            0.5985119342803955,
            0.2722848653793335
        ],
        [
            -0.14553190767765045,
            0.5646294355392456,
            0.5171775221824646
        ],
        [
            -0.06854753941297531,
            0.5539771318435669,
            0.5588496327400208
        ],
        [
            0.08116792887449265,
            0.5974057912826538,
            0.4136359989643097
        ],
        [
            0.06378713995218277,
            0.4991562068462372,
            0.40744543075561523
        ],
        [
            0.009599440731108189,
            0.12152254581451416,
            0.2549930214881897
        ],
        [
            0.05565799027681351,
            -0.2860841155052185,
            0.15269339084625244
        ],
        [
            -0.022180359810590744,
            -0.2092028111219406,
            -0.11848456412553787
        ],
        [
            -0.12128747999668121,
            0.1818874180316925,
            0.04741886630654335
        ],
        [
            -0.10213802754878998,
            0.5367488861083984,
            0.2354089915752411
        ],
        [
            -0.23431384563446045,
            -0.3931638300418854,
            0.11637379974126816
        ],
        [
            -0.049726128578186035,
            -0.4279370605945587,
            0.24259774386882782
        ],
        [
            0.03311759606003761,
            -0.6617841124534607,
            0.12479284405708313
        ],
        [
            -0.035550836473703384,
            -0.714728593826294,
            -0.15476983785629272
        ],
        [
            -0.2769412100315094,
            -0.7115265130996704,
            -0.2427205741405487
        ],
        [
            -0.3533927798271179,
            -0.6481961011886597,
            -0.03973148763179779
        ],
        [
            0.002863283734768629,
            -0.7256191372871399,
            -0.00924602523446083
        ],
        [
            -0.15369845926761627,
            -0.8531442284584045,
            0.004539235029369593
        ],
        [
            0.016608305275440216,
            -0.2480887472629547,
            0.016461525112390518
        ],
        [
            -1.1697644367814064e-05,
            -0.6822305917739868,
            -0.012363269925117493
        ],
        [
            0.043341346085071564,
            -0.4916163682937622,
            -0.028404176235198975
        ],
        [
            -0.10103273391723633,
            -0.750542163848877,
            -0.006764266174286604
        ],
        [
            -0.16061609983444214,
            -0.8709412813186646,
            0.00989942904561758
        ]
    ],
    "pred_vertices": [
        [
            -0.21937645971775055,
            -0.8006551861763,
            -0.028368085622787476
        ],
        [
            -0.2127382457256317,
            -0.7854687571525574,
            -0.023499425500631332
        ],
        [
            -0.20576447248458862,
            -0.7894517183303833,
            -0.035825081169605255
        ],
        [
            -0.20747974514961243,
            -0.8034208416938782,
            -0.041015252470970154
        ],
        [
            -0.20253847539424896,
            -0.7787623405456543,
            -0.03216640278697014
        ],
        [
            -0.20655596256256104,
            -0.7750341892242432,
            -0.021444322541356087
        ],
        [
            -0.19500239193439484,
            -0.7922985553741455,
            -0.04434927925467491
        ],
        [
            -0.19354745745658875,
            -0.8049104809761047,
            -0.04941311851143837
        ],
        [
            -0.1622828245162964,
            -0.7757024168968201,
            -0.05444789677858353
        ],
        [
            -0.153343066573143,
            -0.7793697118759155,
            -0.05968349054455757
        ],
        [
            -0.16308602690696716,
            -0.786659836769104,
            -0.058259546756744385
        ],
        [
            -0.16933949291706085,
            -0.7812935709953308,
            -0.05220508202910423
        ],
        [
            -0.14148545265197754,
            -0.7599669694900513,
            -0.056172117590904236
        ],
        [
            -0.13976414501667023,
            -0.7475743293762207,
            -0.050374068319797516
        ],
        [
            -0.12684808671474457,
            -0.7481164336204529,
            -0.05475244298577309
        ],
        [
            -0.12727315723896027,
            -0.7609159350395203,
            -0.05979866907000542
        ],
        [
            -0.16079431772232056,
            -0.7411127686500549,
            -0.014395695179700851
        ],
        [
            -0.1564304530620575,
            -0.7369261384010315,
            -0.020753169432282448
        ],
        [
            -0.1614839732646942,
            -0.742043673992157,
            -0.02398078143596649
        ],
        [
            -0.16479986906051636,
            -0.7459365129470825,
            -0.017094910144805908
        ],
        [
            -0.17026419937610626,
            -0.7439113855361938,
            -0.0038777589797973633
        ],
        [
            -0.17201587557792664,
            -0.7500954866409302,
            -0.004619870334863663
        ],
        [
            -0.17747417092323303,
            -0.7491883635520935,
            0.001042887568473816
        ],
        [
            -0.1761585772037506,
            -0.7418072819709778,
            0.0008627884089946747
        ],
        [
            -0.1559390425682068,
            -0.7376487255096436,
            -0.009617891162633896
        ],
        [
            -0.15125936269760132,
            -0.7337194085121155,
            -0.016383860260248184
        ],
        [
            -0.16477318108081818,
            -0.7442575097084045,
            -0.009055092930793762
        ],
        [
            -0.16302722692489624,
            -0.7396450042724609,
            -0.00761457160115242
        ],
        [
            -0.16562721133232117,
            -0.7280393838882446,
            -0.004442822188138962
        ],
        [
            -0.1681458055973053,
            -0.7323414087295532,
            -0.005606118589639664
        ],
        [
            -0.17315834760665894,
            -0.7284102439880371,
            -0.001617342233657837
        ],
        [
            -0.16867108643054962,
            -0.7249108552932739,
            -0.0010280683636665344
        ],
        [
            -0.15900352597236633,
            -0.7341619729995728,
            -0.008278656750917435
        ],
        [
            -0.16307292878627777,
            -0.7343343496322632,
            -0.0081864595413208
        ],
        [
            -0.16176649928092957,
            -0.7300170660018921,
            -0.005980759859085083
        ],
        [
            -0.15779584646224976,
            -0.7307934761047363,
            -0.005029160529375076
        ],
        [
            -0.16907227039337158,
            -0.7390801310539246,
            -0.0036640465259552
        ],
        [
            -0.17491117119789124,
            -0.7354474067687988,
            2.245977520942688e-05
        ],
        [
            -0.18028461933135986,
            -0.7314278483390808,
            0.004682265222072601
        ],
        [
            -0.17708468437194824,
            -0.7230852246284485,
            0.0032905302941799164
        ],
        [
            -0.14380060136318207,
            -0.7321313619613647,
            -0.03368264064192772
        ],
        [
            -0.15093976259231567,
            -0.7340326309204102,
            -0.027801211923360825
        ],
        [
            -0.14680132269859314,
            -0.7307122945785522,
            -0.02306286059319973
        ],
        [
            -0.1415846049785614,
            -0.728844165802002,
            -0.028589745983481407
        ],
        [
            -0.15339230000972748,
            -0.7309845685958862,
            -0.006785400211811066
        ],
        [
            -0.14289093017578125,
            -0.7201890349388123,
            -0.01198744960129261
        ],
        [
            -0.14574900269508362,
            -0.7225897908210754,
            -0.011907441541552544
        ],
        [
            -0.14826971292495728,
            -0.7203218936920166,
            -0.005564041435718536
        ],
        [
            -0.14559859037399292,
            -0.718143105506897,
            -0.006313800811767578
        ],
        [
            -0.12810693681240082,
            -0.7284716963768005,
            -0.04097587242722511
        ],
        [
            -0.12971794605255127,
            -0.7244724631309509,
            -0.03497433662414551
        ],
        [
            -0.12301596999168396,
            -0.7215714454650879,
            -0.036359753459692
        ],
        [
            -0.11950768530368805,
            -0.7256816029548645,
            -0.04187866300344467
        ],
        [
            -0.11800834536552429,
            -0.7182652950286865,
            -0.03444002568721771
        ],
        [
            -0.11186793446540833,
            -0.7225070595741272,
            -0.041432708501815796
        ],
        [
            -0.10139957070350647,
            -0.7123845815658569,
            -0.03374264016747475
        ],
        [
            -0.10590757429599762,
            -0.7171413898468018,
            -0.03780649974942207
        ],
        [
            -0.11390353739261627,
            -0.7140635251998901,
            -0.030968088656663895
        ],
        [
            -0.11192125082015991,
            -0.7083330750465393,
            -0.025726579129695892
        ],
        [
            -0.1190541684627533,
            -0.7058829069137573,
            -0.012909295037388802
        ],
        [
            -0.11911481618881226,
            -0.7032638788223267,
            -0.007033713161945343
        ],
        [
            -0.10989096760749817,
            -0.6963146924972534,
            -0.012903386726975441
        ],
        [
            -0.11084063351154327,
            -0.7010612487792969,
            -0.019084488973021507
        ],
        [
            -0.13550235331058502,
            -0.719300389289856,
            -0.012223638594150543
        ],
        [
            -0.13418249785900116,
            -0.7213572859764099,
            -0.01636580377817154
        ],
        [
            -0.13680700957775116,
            -0.7207309603691101,
            -0.016361847519874573
        ],
        [
            -0.1393021196126938,
            -0.7191515564918518,
            -0.012004293501377106
        ],
        [
            -0.1332518309354782,
            -0.7224017381668091,
            -0.02015775814652443
        ],
        [
            -0.1327807754278183,
            -0.7228000164031982,
            -0.021871155127882957
        ],
        [
            -0.13448810577392578,
            -0.7227942943572998,
            -0.021453380584716797
        ],
        [
            -0.13406090438365936,
            -0.7227203845977783,
            -0.020124228671193123
        ],
        [
            -0.13401682674884796,
            -0.7220163345336914,
            -0.01811731420457363
        ],
        [
            -0.13282518088817596,
            -0.7203822731971741,
            -0.017251301556825638
        ],
        [
            -0.1329607516527176,
            -0.7215001583099365,
            -0.019285734742879868
        ],
        [
            -0.1337166428565979,
            -0.7177835702896118,
            -0.013606902211904526
        ],
        [
            -0.13598838448524475,
            -0.7104668617248535,
            -0.0011170171201229095
        ],
        [
            -0.13583557307720184,
            -0.7117596864700317,
            -0.004700824618339539
        ],
        [
            -0.1380099058151245,
            -0.7155481576919556,
            -0.00289100781083107
        ],
        [
            -0.13839133083820343,
            -0.7145545482635498,
            0.00012558698654174805
        ],
        [
            -0.13686054944992065,
            -0.7230214476585388,
            -0.01980675756931305
        ],
        [
            -0.13796350359916687,
            -0.7241271138191223,
            -0.021864300593733788
        ],
        [
            -0.14174523949623108,
            -0.7235406637191772,
            -0.017687184736132622
        ],
        [
            -0.13919992744922638,
            -0.7221400737762451,
            -0.016713427379727364
        ],
        [
            -0.1395406574010849,
            -0.7255523800849915,
            -0.02462928369641304
        ],
        [
            -0.13527202606201172,
            -0.7240351438522339,
            -0.023660698905587196
        ],
        [
            -0.1359381079673767,
            -0.7248554229736328,
            -0.026887107640504837
        ],
        [
            -0.13146239519119263,
            -0.7215513586997986,
            -0.02147504687309265
        ],
        [
            -0.12961652874946594,
            -0.7214309573173523,
            -0.024481676518917084
        ],
        [
            -0.13228893280029297,
            -0.7225093245506287,
            -0.024739090353250504
        ],
        [
            -0.1274036467075348,
            -0.7187966108322144,
            -0.022739456966519356
        ],
        [
            -0.1305459886789322,
            -0.7194441556930542,
            -0.019117798656225204
        ],
        [
            -0.13073515892028809,
            -0.7161338329315186,
            -0.015608441084623337
        ],
        [
            -0.1313638687133789,
            -0.7124925851821899,
            -0.011008795350790024
        ],
        [
            -0.12616997957229614,
            -0.7113487720489502,
            -0.014010077342391014
        ],
        [
            -0.12638525664806366,
            -0.7151203155517578,
            -0.019056079909205437
        ],
        [
            -0.14443258941173553,
            -0.7266696095466614,
            -0.01963183470070362
        ],
        [
            -0.13112840056419373,
            -0.7232688069343567,
            -0.029214290902018547
        ],
        [
            -0.13619303703308105,
            -0.7275499105453491,
            -0.03200968727469444
        ],
        [
            -0.12687557935714722,
            -0.7207787036895752,
            -0.029622724279761314
        ],
        [
            -0.12316162884235382,
            -0.717985987663269,
            -0.027971170842647552
        ],
        [
            -0.12079764902591705,
            -0.7140213251113892,
            -0.023793380707502365
        ],
        [
            -0.1196814775466919,
            -0.7097656726837158,
            -0.018615858629345894
        ],
        [
            -0.09661242365837097,
            -0.6979433298110962,
            -0.01708083599805832
        ],
        [
            -0.09920105338096619,
            -0.703755795955658,
            -0.024909712374210358
        ],
        [
            -0.1985296756029129,
            -0.7719719409942627,
            -0.02008397877216339
        ],
        [
            -0.19715678691864014,
            -0.7734845280647278,
            -0.02898688055574894
        ],
        [
            -0.18789441883563995,
            -0.7718526124954224,
            -0.030253488570451736
        ],
        [
            -0.1896708607673645,
            -0.7732878923416138,
            -0.0317133329808712
        ],
        [
            -0.1926022469997406,
            -0.7718310356140137,
            -0.026410844177007675
        ],
        [
            -0.18973854184150696,
            -0.7706296443939209,
            -0.026040812954306602
        ],
        [
            -0.17373451590538025,
            -0.7785707712173462,
            -0.045652877539396286
        ],
        [
            -0.1773902028799057,
            -0.776414155960083,
            -0.04019017890095711
        ],
        [
            -0.17385393381118774,
            -0.7748634219169617,
            -0.04081675782799721
        ],
        [
            -0.16895118355751038,
            -0.7743723392486572,
            -0.04787411540746689
        ],
        [
            -0.17200854420661926,
            -0.7647829651832581,
            -0.03358534350991249
        ],
        [
            -0.17147788405418396,
            -0.7679169774055481,
            -0.03792749345302582
        ],
        [
            -0.1773226410150528,
            -0.7706398963928223,
            -0.03341178968548775
        ],
        [
            -0.1777838170528412,
            -0.7682898640632629,
            -0.030315859243273735
        ],
        [
            -0.17826204001903534,
            -0.7664624452590942,
            -0.026582779362797737
        ],
        [
            -0.17875538766384125,
            -0.7652922868728638,
            -0.0222336333245039
        ],
        [
            -0.17435257136821747,
            -0.7623770236968994,
            -0.023235611617565155
        ],
        [
            -0.1731041669845581,
            -0.7630774974822998,
            -0.02842164784669876
        ],
        [
            -0.19319075345993042,
            -0.7718873620033264,
            -0.01992601528763771
        ],
        [
            -0.19163541495800018,
            -0.7713518738746643,
            -0.012579591944813728
        ],
        [
            -0.18875788152217865,
            -0.7702807188034058,
            -0.014429572969675064
        ],
        [
            -0.19043396413326263,
            -0.7702979445457458,
            -0.02040007710456848
        ],
        [
            -0.17926791310310364,
            -0.7695778608322144,
            -0.005149252712726593
        ],
        [
            -0.18200716376304626,
            -0.7703105211257935,
            -0.006083659827709198
        ],
        [
            -0.18326915800571442,
            -0.7706691026687622,
            -0.0023253001272678375
        ],
        [
            -0.17927657067775726,
            -0.7682714462280273,
            -0.0018444210290908813
        ],
        [
            -0.17736956477165222,
            -0.7661840915679932,
            -0.00454779714345932
        ],
        [
            -0.17845556139945984,
            -0.7681694626808167,
            -0.006626438349485397
        ],
        [
            -0.23271407186985016,
            -0.8162930607795715,
            -0.017152240499854088
        ],
        [
            -0.22672374546527863,
            -0.7983752489089966,
            -0.01376073807477951
        ],
        [
            -0.22132690250873566,
            -0.8206702470779419,
            -0.03349979966878891
        ],
        [
            -0.20628684759140015,
            -0.8218770027160645,
            -0.044811561703681946
        ],
        [
            -0.19121426343917847,
            -0.8192527294158936,
            -0.05451470613479614
        ],
        [
            -0.1271481215953827,
            -0.7368051409721375,
            -0.048037104308605194
        ],
        [
            -0.11665426194667816,
            -0.7353750467300415,
            -0.05060833692550659
        ],
        [
            -0.11448061466217041,
            -0.7490246891975403,
            -0.05836882069706917
        ],
        [
            -0.10369443893432617,
            -0.7453516721725464,
            -0.05795010179281235
        ],
        [
            -0.10674390196800232,
            -0.7310314774513245,
            -0.04981159791350365
        ],
        [
            -0.0914408415555954,
            -0.7188981771469116,
            -0.03917412832379341
        ],
        [
            -0.09804601967334747,
            -0.7252864241600037,
            -0.04618465527892113
        ],
        [
            -0.09290768206119537,
            -0.7417407035827637,
            -0.05527498945593834
        ],
        [
            -0.09131240844726562,
            -0.7610965967178345,
            -0.06342990696430206
        ],
        [
            -0.10252481698989868,
            -0.760974645614624,
            -0.06408722698688507
        ],
        [
            -0.09374390542507172,
            -0.7816571593284607,
            -0.06650139391422272
        ],
        [
            -0.07768598198890686,
            -0.7621829509735107,
            -0.061577972024679184
        ],
        [
            -0.08599025011062622,
            -0.7869300842285156,
            -0.06447165459394455
        ],
        [
            -0.06427064538002014,
            -0.7340481281280518,
            -0.049276940524578094
        ],
        [
            -0.05852580815553665,
            -0.7295666337013245,
            -0.05148845538496971
        ],
        [
            -0.05011461675167084,
            -0.7429602146148682,
            -0.06131710112094879
        ],
        [
            -0.05729055404663086,
            -0.7480486035346985,
            -0.05981830880045891
        ],
        [
            -0.11376087367534637,
            -0.7612816095352173,
            -0.06347247213125229
        ],
        [
            -0.16569578647613525,
            -0.7998137474060059,
            -0.05987205728888512
        ],
        [
            -0.1729876697063446,
            -0.7909592986106873,
            -0.05478227883577347
        ],
        [
            -0.1541919857263565,
            -0.7933422327041626,
            -0.06330723315477371
        ],
        [
            -0.19576260447502136,
            -0.8554114103317261,
            -0.057165101170539856
        ],
        [
            -0.20388606190681458,
            -0.8390262126922607,
            -0.05089718848466873
        ],
        [
            -0.18879231810569763,
            -0.8338394165039062,
            -0.05958198010921478
        ],
        [
            -0.1834782361984253,
            -0.8494802713394165,
            -0.06428910791873932
        ],
        [
            -0.22527366876602173,
            -0.8716779947280884,
            -0.026269465684890747
        ],
        [
            -0.2323952317237854,
            -0.8443512916564941,
            -0.02340734377503395
        ],
        [
            -0.22026364505290985,
            -0.8430396914482117,
            -0.03691888228058815
        ],
        [
            -0.21359217166900635,
            -0.864431619644165,
            -0.04115929454565048
        ],
        [
            -0.17559853196144104,
            -0.8600553870201111,
            -0.06763550639152527
        ],
        [
            -0.16425980627536774,
            -0.8746234178543091,
            -0.06971462070941925
        ],
        [
            -0.17095696926116943,
            -0.890329122543335,
            -0.06472624093294144
        ],
        [
            -0.18657296895980835,
            -0.874193549156189,
            -0.06150796264410019
        ],
        [
            -0.17954736948013306,
            -0.9090313911437988,
            -0.051599763333797455
        ],
        [
            -0.1989663988351822,
            -0.889733612537384,
            -0.04717574268579483
        ],
        [
            -0.06862886250019073,
            -0.7830368280410767,
            -0.0627235472202301
        ],
        [
            -0.08026711642742157,
            -0.8000012040138245,
            -0.0629652589559555
        ],
        [
            -0.06702591478824615,
            -0.7530626058578491,
            -0.05850692093372345
        ],
        [
            -0.05901616811752319,
            -0.7701777815818787,
            -0.06283703446388245
        ],
        [
            -0.18547391891479492,
            -0.9227808713912964,
            -0.03250960633158684
        ],
        [
            -0.20884399116039276,
            -0.9007598161697388,
            -0.028173282742500305
        ],
        [
            -0.112894207239151,
            -0.8958168029785156,
            -0.06557752937078476
        ],
        [
            -0.13224893808364868,
            -0.9012932777404785,
            -0.06504790484905243
        ],
