{
    "pred_cam": [
        1.430448055267334,
        0.1464134305715561,
        0.2591947019100189
    ],
    "pred_smpl_params": {
        "global_orient": [
            [
                [
                    -0.3109886050224304,
                    0.11066088080406189,
                    -0.943949282169342
                ],
                [
                    0.20842598378658295,
                    -0.9610805511474609,
                    -0.1813361495733261
                ],
                [
                    -0.9272781014442444,
                    -0.2531370520591736,
                    0.2758204936981201
                ]
            ]
        ],
        "body_pose": [
            [
                [
                    0.9963022470474243,
                    0.051236312836408615,
                    0.06896886229515076
                ],
                [
                    -0.06278068572282791,
                    0.9821569919586182,
                    0.17727471888065338
                ],
                [
                    -0.05865533649921417,
                    -0.1809491068124771,
                    0.9817418456077576
                ]
            ],
            [
                [
                    0.9833880662918091,
                    0.15816006064414978,
                    -0.08906885236501694
                ],
                [
                    -0.1561005711555481,
                    0.9872952699661255,
                    0.029676441103219986
                ],
                [
                    0.09263087809085846,
                    -0.015279761515557766,
                    0.9955832362174988
                ]
            ],
            [
                [
                    0.9976768493652344,
                    -0.03470223769545555,
                    0.0586220920085907
                ],
                [
                    0.04409625381231308,
                    0.9848955869674683,
                    -0.16744054853916168
                ],
                [
                    -0.05192606523633003,
                    0.1696365922689438,
                    0.984137773513794
                ]
            ],
            [
                [
                    0.9814602136611938,
                    0.18559889495372772,
                    0.04784245416522026
                ],
                [
                    -0.18101580440998077,
                    0.979631245136261,
                    -0.08692435175180435
                ],
                [
                    -0.06300102919340134,
                    0.07665255665779114,
                    0.995065450668335
                ]
            ],
            [
                [
                    0.9920971989631653,
                    0.04777167737483978,
                    0.11602097749710083
                ],
                [
                    -0.04621080309152603,
                    0.9988018274307251,
                    -0.016107777133584023
                ],
                [
                    -0.11665146052837372,
                    0.010619061067700386,
                    0.9931160807609558
                ]
            ],
            [
                [
                    0.986004114151001,
                    -0.1623772829771042,
                    0.03781035915017128
                ],
                [
                    0.16490356624126434,
                    0.9832406640052795,
                    -0.07774674892425537
                ],
                [
                    -0.02455238066613674,
                    0.08289366215467453,
                    0.9962559342384338
                ]
            ],
            [
                [
                    0.971004843711853,
                    0.011425302363932133,
                    0.23878653347492218
                ],
                [
                    -0.006784750614315271,
                    0.9997720718383789,
                    -0.02024681121110916
                ],
                [
                    -0.23896339535713196,
                    0.01803964376449585,
                    0.97086101770401
                ]
            ],
            [
                [
                    0.9711191654205322,
                    -0.06349793076515198,
                    -0.2299901694059372
                ],
                [
                    0.05253340303897858,
                    0.9971854090690613,
                    -0.0534936785697937
                ],
                [
                    0.23273956775665283,
                    0.039866577833890915,
                    0.9717216491699219
                ]
            ],
            [
                [
                    0.9974557757377625,
                    -0.0673159584403038,
                    0.023462718352675438
                ],
                [
                    0.06916209310293198,
                    0.993570864200592,
                    -0.08962979912757874
                ],
                [
                    -0.017278358340263367,
                    0.0910244956612587,
                    0.9956986904144287
                ]
            ],
            [
                [
                    0.9985324740409851,
                    -0.03893524780869484,
                    0.03764350339770317
                ],
                [
                    0.04078366234898567,
                    0.9979336261749268,
                    -0.04964974895119667
                ],
                [
                    -0.03563259541988373,
                    0.05111212283372879,
                    0.9980570673942566
                ]
            ],
            [
                [
                    0.9978784918785095,
                    0.05591922253370285,
                    -0.03333952650427818
                ],
                [
                    -0.05537473410367966,
                    0.9983202815055847,
                    0.017037533223628998
                ],
                [
                    0.03423624858260155,
                    -0.015155221335589886,
                    0.9992988705635071
                ]
            ],
            [
                [
                    0.9872117042541504,
                    0.03869403898715973,
                    0.15464715659618378
                ],
                [
                    0.015393294394016266,
                    0.9424234628677368,
                    -0.3340676426887512
                ],
                [
                    -0.15866951644420624,
                    0.3321760296821594,
                    0.9297758340835571
                ]
            ],
            [
                [
                    0.9026745557785034,
                    -0.1437857300043106,
                    -0.40559136867523193
                ],
                [
                    0.20028212666511536,
                    0.9745968580245972,
                    0.10023990273475647
                ],
                [
                    0.38087499141693115,
                    -0.17171669006347656,
                    0.9085415005683899
                ]
            ],
            [
                [
                    0.8963862061500549,
                    -0.27415385842323303,
                    0.3483264744281769
                ],
                [
                    0.260115385055542,
                    0.961608350276947,
                    0.08746054023504257
                ],
                [
                    -0.358931303024292,
                    0.012206639163196087,
                    0.9332841038703918
                ]
            ],
            [
                [
                    0.99310302734375,
                    -0.0009137464221566916,
                    -0.11724116653203964
                ],
                [
                    -0.05308235436677933,
                    0.8881071209907532,
                    -0.45656102895736694
                ],
                [
                    0.1045398935675621,
                    0.4596356153488159,
                    0.8819333910942078
                ]
            ],
            [
                [
                    0.7670422792434692,
                    0.14990393817424774,
                    -0.6238389015197754
                ],
                [
                    -0.13156822323799133,
                    0.9884096384048462,
                    0.07573769241571426
                ],
                [
                    0.6279617547988892,
                    0.023983357474207878,
                    0.7778745889663696
                ]
            ],
            [
                [
                    0.5917955040931702,
                    -0.6134694218635559,
                    0.5229085087776184
                ],
                [
                    0.7008793950080872,
                    0.7120341062545776,
                    0.04213704168796539
                ],
                [
                    -0.39817845821380615,
                    0.3415593206882477,
                    0.8513466715812683
                ]
            ],
            [
                [
                    0.10587144643068314,
                    -0.1172594502568245,
                    -0.987441897392273
                ],
                [
                    -0.10578648000955582,
                    0.9860593676567078,
                    -0.12843747437000275
                ],
                [
                    0.9887368083000183,
                    0.11805587261915207,
                    0.09199106693267822
                ]
            ],
            [
                [
                    0.36476802825927734,
                    0.16478969156742096,
                    0.9163997769355774
                ],
                [
                    0.014784594066441059,
                    0.9830644726753235,
                    -0.1826624572277069
                ],
                [
                    -0.9309810400009155,
                    0.08017802238464355,
                    0.3561541438102722
                ]
            ],
            [
                [
                    0.9859212636947632,
                    -0.07573249936103821,
                    -0.14907656610012054
                ],
                [
                    0.08355092257261276,
                    0.995399534702301,
                    0.0468921922147274
                ],
                [
                    0.14483951032161713,
                    -0.058687496930360794,
                    0.987713098526001
                ]
            ],
            [
                [
                    0.9919937252998352,
                    0.029684128239750862,
                    0.12274876981973648
                ],
                [
                    -0.06378401070833206,
                    0.9566642045974731,
                    0.2841217517852783
                ],
                [
                    -0.1089954525232315,
                    -0.28967639803886414,
                    0.950898289680481
                ]
            ],
            [
                [
                    0.9930915832519531,
                    0.10400377959012985,
                    -0.05433665215969086
                ],
                [
                    -0.09956672787666321,
                    0.9919040203094482,
                    0.07882183790206909
                ],
                [
                    0.062094513326883316,
                    -0.07286716997623444,
                    0.9954068660736084
                ]
            ],
            [
                [
                    0.9926210641860962,
                    -0.12102962285280228,
                    -0.007439495995640755
                ],
                [
                    0.12115971744060516,
                    0.9874769449234009,
                    0.10104279965162277
                ],
                [
                    -0.004882842302322388,
                    -0.10119856894016266,
                    0.9948543310165405
                ]
            ]
        ],
        "betas": [
            -0.1361088752746582,
            -0.1863725483417511,
            0.13316023349761963,
            0.5969959497451782,
            0.19586610794067383,
            0.014801088720560074,
            -0.026890546083450317,
            -0.07294851541519165,
            0.11971569806337357,
            -0.01838141679763794
        ]
    },
    "pred_cam_t": [
        0.1464134305715561,
        0.2591947019100189,
        27.307876586914062
    ],
    "focal_length": [
        5000.0,
        5000.0
    ],
    "pred_keypoints_3d": [
        [
            -0.1706189662218094,
            -0.7180739641189575,
            0.006123196333646774
        ],
        [
            0.008754251524806023,
            -0.7332804799079895,
            -0.014314263127744198
        ],
        [
            0.0324699804186821,
            -0.6279065608978271,
            0.15722523629665375
        ],
        [
            -0.042398601770401,
            -0.39734897017478943,
            0.22019624710083008
        ],
        [
            -0.2653006315231323,
            -0.3584546446800232,
            0.11146367341279984
        ],
        [
            -0.05094708502292633,
            -0.6929211020469666,
            -0.1724013239145279
        ],
        [
            -0.29059481620788574,
            -0.6754825711250305,
            -0.2631106674671173
        ],
        [
            -0.3743495047092438,
            -0.6320521235466003,
            -0.03636935353279114
        ],
        [
            -0.0021360365208238363,
            -0.22869621217250824,
            0.02815929986536503
        ],
        [
            0.012889543548226357,
            -0.15509682893753052,
            0.1121315062046051
        ],
        [
            0.007832692936062813,
            0.17598435282707214,
            0.29012349247932434
        ],
        [
            0.02548111043870449,
            0.5385149717330933,
            0.435502827167511
        ],
        [
            -0.027233917266130447,
            -0.12532630562782288,
            -0.014512484893202782
        ],
        [
            -0.12856534123420715,
            0.21492165327072144,
            0.08093693852424622
        ],
        [
            -0.1373673975467682,
            0.5511363744735718,
            0.27957531809806824
        ],
        [
            -0.17210477590560913,
            -0.7690994143486023,
            0.04077744483947754
        ],
        [
            -0.1828201562166214,
            -0.7689523100852966,
            -0.02487206645309925
        ],
        [
            -0.09183244407176971,
            -0.8303470015525818,
            0.07239597290754318
        ],
        [
            -0.11640125513076782,
            -0.8297845125198364,
            -0.07543091475963593
        ],
        [
            -0.3357996940612793,
            0.5812079310417175,
            0.3050096035003662
        ],
        [
            -0.2880556583404541,
            0.6206209659576416,
            0.24839158356189728
        ],
        [
            -0.08328738063573837,
            0.5903106927871704,
            0.2911809980869293
        ],
        [
            -0.1483587771654129,
            0.550594687461853,
            0.5352652072906494
        ],
        [
            -0.07087194174528122,
            0.5394597053527832,
            0.5759912133216858
        ],
        [
            0.07722380757331848,
            0.5887230634689331,
            0.4310176372528076
        ],
        [
            0.060943134129047394,
            0.4905588626861572,
            0.42216038703918457
        ],
        [
            0.009091311134397984,
            0.11689676344394684,
            0.26053014397621155
        ],
        [
            0.0541413314640522,
            -0.2877243757247925,
            0.15198910236358643
        ],
        [
            -0.02083458937704563,
            -0.20885545015335083,
            -0.11838997900485992
        ],
        [
            -0.12061973661184311,
            0.17908962070941925,
            0.05548921972513199
        ],
        [
            -0.10964098572731018,
            0.5288954377174377,
            0.25262677669525146
        ],
        [
            -0.24801471829414368,
            -0.39532679319381714,
            0.10909579694271088
        ],
        [
            -0.06277117133140564,
            -0.42847713828086853,
            0.23563694953918457
        ],
        [
            0.029585255309939384,
            -0.661554217338562,
            0.12428869307041168
        ],
        [
            -0.0346561074256897,
            -0.7161726951599121,
            -0.1558748185634613
        ],
        [
            -0.2772311568260193,
            -0.712066650390625,
            -0.23991245031356812
        ],
        [
            -0.35509103536605835,
            -0.6469501256942749,
            -0.03750314190983772
        ],
        [
            0.0022064053919166327,
            -0.7264084219932556,
            -0.00989268533885479
        ],
        [
            -0.1553683876991272,
            -0.8535109162330627,
            0.0024226964451372623
        ],
        [
            0.0165391992777586,
            -0.24878524243831635,
            0.016171380877494812
        ],
        [
            -0.0011141157010570168,
            -0.682830274105072,
            -0.01311822235584259
        ],
        [
            0.04340587556362152,
            -0.4926077723503113,
            -0.029518229886889458
        ],
        [
            -0.10144584625959396,
            -0.7514994144439697,
            -0.00888615008443594
        ],
        [
            -0.16254067420959473,
            -0.8711564540863037,
            0.007814818993210793
        ]
    ],
    "pred_vertices": [
        [
            -0.2198902666568756,
            -0.800656795501709,
            -0.03203357756137848
        ],
        [
            -0.21319639682769775,
            -0.7854702472686768,
            -0.02720644511282444
        ],
        [
            -0.20604857802391052,
            -0.7896239757537842,
            -0.03938595578074455
        ],
        [
            -0.20783208310604095,
            -0.803633451461792,
            -0.044467613101005554
        ],
        [
            -0.20280034840106964,
            -0.7789255976676941,
            -0.03576940298080444
        ],
        [
            -0.2069668173789978,
            -0.7750767469406128,
            -0.025163227692246437
        ],
        [
            -0.19518648087978363,
            -0.7926515340805054,
            -0.047710493206977844
        ],
        [
            -0.19377166032791138,
            -0.8053417205810547,
            -0.05261139199137688
        ],
        [
            -0.16216403245925903,
            -0.7764860987663269,
            -0.057424146682024
        ],
        [
            -0.1531907469034195,
            -0.7802911400794983,
            -0.06248696148395538
        ],
        [
            -0.16303902864456177,
            -0.7874554395675659,
            -0.061146773397922516
        ],
        [
            -0.16932179033756256,
            -0.7819778919219971,
            -0.055237285792827606
        ],
        [
            -0.14117595553398132,
            -0.7609881162643433,
            -0.0589015893638134
        ],
        [
            -0.13943618535995483,
            -0.7485623359680176,
            -0.05318121612071991
        ],
        [
            -0.12646079063415527,
            -0.7492545247077942,
            -0.05737224593758583
        ],
        [
            -0.12692832946777344,
            -0.7621069550514221,
            -0.06232281029224396
        ],
        [
            -0.1609981656074524,
            -0.7416015863418579,
            -0.017582498490810394
        ],
        [
            -0.15649151802062988,
            -0.7375019788742065,
            -0.023911066353321075
        ],
        [
            -0.16153953969478607,
            -0.7426048517227173,
            -0.027171805500984192
        ],
        [
            -0.16500940918922424,
            -0.7464096546173096,
            -0.020311078056693077
        ],
        [
            -0.17067581415176392,
            -0.7441929578781128,
            -0.0072107575833797455
        ],
        [
            -0.172471284866333,
            -0.7503690719604492,
            -0.007937140762805939
        ],
        [
            -0.17802385985851288,
            -0.7493507862091064,
            -0.0023760423064231873
        ],
        [
            -0.17663709819316864,
            -0.7419779896736145,
            -0.002589929848909378
        ],
        [
            -0.15620440244674683,
            -0.7381226420402527,
            -0.01276342198252678
        ],
        [
            -0.1513676941394806,
            -0.7342880368232727,
            -0.019491255283355713
        ],
        [
            -0.16510042548179626,
            -0.7446658611297607,
            -0.012286700308322906
        ],
        [
            -0.1633385568857193,
            -0.7400220632553101,
            -0.010857472196221352
        ],
        [
            -0.1658918559551239,
            -0.7283549308776855,
            -0.007820598781108856
        ],
        [
            -0.16843467950820923,
            -0.7326438426971436,
            -0.008990731090307236
        ],
        [
            -0.17347586154937744,
            -0.7286142706871033,
            -0.005129653960466385
        ],
        [
            -0.1689647138118744,
            -0.725158154964447,
            -0.004489630460739136
        ],
        [
            -0.15925821661949158,
            -0.7345684766769409,
            -0.011518135666847229
        ],
        [
            -0.16333334147930145,
            -0.7347058057785034,
            -0.01148400641977787
        ],
        [
            -0.16202299296855927,
            -0.7303776144981384,
            -0.009296081960201263
        ],
        [
            -0.15807417035102844,
            -0.7311798334121704,
            -0.008278056979179382
        ],
        [
            -0.16945193707942963,
            -0.739352822303772,
            -0.00702967494726181
        ],
        [
            -0.1753203570842743,
            -0.7356240153312683,
            -0.0034652799367904663
        ],
        [
            -0.18073345720767975,
            -0.7315019965171814,
            0.0010713674128055573
        ],
        [
            -0.17742936313152313,
            -0.7232003211975098,
            -0.0003280229866504669
        ],
        [
            -0.1436046063899994,
            -0.732913613319397,
            -0.03669127821922302
        ],
        [
            -0.15085753798484802,
            -0.7347021102905273,
            -0.03091512992978096
        ],
        [
            -0.1467752307653427,
            -0.7313694357872009,
            -0.02613360434770584
        ],
        [
            -0.14144888520240784,
            -0.7295900583267212,
            -0.031597889959812164
        ],
        [
            -0.15363925695419312,
            -0.7314224243164062,
            -0.009963471442461014
        ],
        [
            -0.14293549954891205,
            -0.7207576632499695,
            -0.0150880366563797
        ],
        [
            -0.14582711458206177,
            -0.723131537437439,
            -0.01503591425716877
        ],
        [
            -0.1484258472919464,
            -0.7207862138748169,
            -0.008753761649131775
        ],
        [
            -0.1457115262746811,
            -0.7186408042907715,
            -0.00947565771639347
        ],
        [
            -0.12775465846061707,
            -0.7294521331787109,
            -0.043779030442237854
        ],
        [
            -0.12943610548973083,
            -0.7253671884536743,
            -0.03784038871526718
        ],
        [
            -0.12267661094665527,
            -0.7225415110588074,
            -0.03915251046419144
        ],
        [
            -0.11910317838191986,
            -0.726749062538147,
            -0.04458383470773697
        ],
        [
            -0.11764515936374664,
            -0.7192692756652832,
            -0.03718094527721405
        ],
        [
            -0.11143895983695984,
            -0.7236374020576477,
            -0.0440523587167263
        ],
        [
            -0.10101157426834106,
            -0.7135380506515503,
            -0.03627076372504234
        ],
        [
            -0.10548682510852814,
            -0.7182980179786682,
            -0.04037175700068474
        ],
        [
            -0.11355839669704437,
            -0.715068519115448,
            -0.0336747020483017
        ],
        [
            -0.11160771548748016,
            -0.7093073129653931,
            -0.0284464992582798
        ],
        [
            -0.11893633008003235,
            -0.7066843509674072,
            -0.015760956332087517
        ],
        [
            -0.11907178163528442,
            -0.7040140628814697,
            -0.009894521906971931
        ],
        [
            -0.10968837141990662,
            -0.6971991658210754,
            -0.01568613387644291
        ],
        [
            -0.11056557297706604,
            -0.7019852995872498,
            -0.02184354141354561
        ],
        [
            -0.1355302780866623,
            -0.7199684381484985,
            -0.015201466158032417
        ],
        [
            -0.13416944444179535,
            -0.7220625877380371,
            -0.019312383607029915
        ],
        [
            -0.13679060339927673,
            -0.7214139103889465,
            -0.01935584284365177
        ],
        [
            -0.13933712244033813,
            -0.7197823524475098,
            -0.015047864988446236
        ],
        [
            -0.13319140672683716,
            -0.723135769367218,
            -0.023093216121196747
        ],
        [
            -0.13269969820976257,
            -0.7235518097877502,
            -0.024796856567263603
        ],
        [
            -0.1344161033630371,
            -0.7235293984413147,
            -0.0244026817381382
        ],
        [
            -0.13400673866271973,
            -0.7234424352645874,
            -0.023084700107574463
        ],
        [
            -0.13398434221744537,
            -0.7227256894111633,
            -0.021078521385788918
        ],
        [
            -0.13278423249721527,
            -0.7210946083068848,
            -0.020203422755002975
        ],
        [
            -0.13290202617645264,
            -0.722228467464447,
            -0.02222207747399807
        ],
        [
            -0.13370494544506073,
            -0.7184605002403259,
            -0.016589980572462082
        ],
        [
            -0.13610360026359558,
            -0.7110226154327393,
            -0.004175715148448944
        ],
        [
            -0.1359066665172577,
            -0.7123619318008423,
            -0.007744316011667252
        ],
        [
            -0.13815128803253174,
            -0.716120719909668,
            -0.005936462432146072
        ],
        [
            -0.13856494426727295,
            -0.7150765657424927,
            -0.002941124141216278
        ],
        [
            -0.13681334257125854,
            -0.7236973643302917,
            -0.022810662165284157
        ],
        [
            -0.13790377974510193,
            -0.7248367667198181,
            -0.024852288886904716
        ],
        [
            -0.14174681901931763,
            -0.7241830825805664,
            -0.02073967084288597
        ],
        [
            -0.13919737935066223,
            -0.722800612449646,
            -0.01973113790154457
        ],
        [
            -0.1394442766904831,
            -0.7262730002403259,
            -0.027642378583550453
        ],
        [
            -0.13517829775810242,
            -0.7247819304466248,
            -0.02661450207233429
        ],
        [
            -0.13578954339027405,
            -0.7256118059158325,
            -0.02984766662120819
        ],
        [
            -0.13136997818946838,
            -0.7223109602928162,
            -0.024391014128923416
        ],
        [
            -0.12947435677051544,
            -0.722234308719635,
            -0.02737397886812687
        ],
        [
            -0.1321595460176468,
            -0.7232901453971863,
            -0.02766183763742447
        ],
        [
            -0.12725712358951569,
            -0.7196034789085388,
            -0.025617852807044983
        ],
        [
            -0.13046199083328247,
            -0.7201961278915405,
            -0.022033164277672768
        ],
        [
            -0.13066928088665009,
            -0.716855525970459,
            -0.018549364060163498
        ],
        [
            -0.13133107125759125,
            -0.7131772041320801,
            -0.013985222205519676
        ],
        [
            -0.12607580423355103,
            -0.712104320526123,
            -0.016917042434215546
        ],
        [
            -0.12625466287136078,
            -0.7159083485603333,
            -0.021943125873804092
        ],
        [
            -0.1444261074066162,
            -0.7272915840148926,
            -0.02270517498254776
        ],
        [
            -0.13093560934066772,
            -0.724094808101654,
            -0.03211726248264313
        ],
        [
            -0.1359904259443283,
            -0.7283626794815063,
            -0.03494953364133835
        ],
        [
            -0.1266460418701172,
            -0.7216461300849915,
            -0.032484348863363266
        ],
        [
            -0.12292212247848511,
            -0.7188764214515686,
            -0.03080006316304207
        ],
        [
            -0.12056396901607513,
            -0.7148967981338501,
            -0.026596006006002426
        ],
        [
            -0.11949892342090607,
            -0.71061110496521,
            -0.021448437124490738
        ],
        [
            -0.09636832773685455,
            -0.699009120464325,
            -0.019638555124402046
        ],
        [
            -0.09886609017848969,
            -0.7048560380935669,
            -0.02746088057756424
        ],
        [
            -0.19893509149551392,
            -0.7721070051193237,
            -0.023673882707953453
        ],
        [
            -0.19742220640182495,
            -0.7737034559249878,
            -0.03254100680351257
        ],
        [
            -0.1881294548511505,
            -0.7721948027610779,
            -0.03365199640393257
        ],
        [
            -0.1898999810218811,
            -0.7736411690711975,
            -0.03512823209166527
        ],
        [
            -0.19289828836917877,
            -0.7720831632614136,
            -0.029891591519117355
        ],
        [
            -0.19002880156040192,
            -0.7709091305732727,
            -0.029483206570148468
        ],
        [
            -0.1737949401140213,
            -0.779166042804718,
            -0.04879343509674072
        ],
        [
            -0.1775125116109848,
            -0.7769358158111572,
            -0.04339819401502609
        ],
        [
            -0.17395314574241638,
            -0.7754294872283936,
            -0.04396913945674896
        ],
        [
            -0.16893675923347473,
            -0.7750390768051147,
            -0.05095775052905083
        ],
        [
            -0.17212218046188354,
            -0.7652994990348816,
            -0.036787249147892
        ],
        [
            -0.17155537009239197,
            -0.768477201461792,
            -0.041097160428762436
        ],
        [
            -0.17749422788619995,
            -0.7711032629013062,
            -0.03666267544031143
        ],
        [
            -0.17798075079917908,
            -0.7687234878540039,
            -0.033593278378248215
        ],
        [
            -0.1784989833831787,
            -0.7668617367744446,
            -0.02988092228770256
        ],
        [
            -0.17905187606811523,
            -0.765660285949707,
            -0.025536615401506424
        ],
        [
            -0.17460334300994873,
            -0.7627866864204407,
            -0.0265042781829834
        ],
        [
            -0.1732761263847351,
            -0.7635397911071777,
            -0.03166574612259865
        ],
        [
            -0.19359485805034637,
            -0.7720732092857361,
            -0.02343389205634594
        ],
        [
            -0.19215714931488037,
            -0.7715067863464355,
            -0.016053862869739532
        ],
        [
            -0.1892319768667221,
            -0.7704712152481079,
            -0.0178801529109478
        ],
        [
            -0.19080577790737152,
            -0.7705261707305908,
            -0.02387491799890995
        ],
        [
            -0.17988979816436768,
            -0.7697992324829102,
            -0.008430805057287216
        ],
        [
            -0.18262113630771637,
            -0.7705086469650269,
            -0.009405024349689484
        ],
        [
            -0.1839488297700882,
            -0.7708302736282349,
            -0.00565854087471962
        ],
        [
            -0.1799383908510208,
            -0.7684626579284668,
            -0.005133599042892456
        ],
        [
            -0.1779690980911255,
            -0.7664116024971008,
            -0.007833361625671387
        ],
        [
            -0.1790395975112915,
            -0.768405020236969,
            -0.009912814944982529
        ],
        [
            -0.2335769683122635,
            -0.8160733580589294,
            -0.020896337926387787
        ],
        [
            -0.22746562957763672,
            -0.7981747984886169,
            -0.01754927821457386
        ],
        [
            -0.22195008397102356,
            -0.8207021951675415,
            -0.03698374703526497
        ],
        [
            -0.20675373077392578,
            -0.8221538066864014,
            -0.04804600775241852
        ],
        [
            -0.19153326749801636,
            -0.819776177406311,
            -0.05753650143742561
        ],
        [
            -0.12675988674163818,
            -0.7378638982772827,
            -0.050755977630615234
        ],
        [
            -0.1161995679140091,
            -0.73656165599823,
            -0.05318162590265274
        ],
        [
            -0.11403420567512512,
            -0.7503024339675903,
            -0.06079301983118057
        ],
        [
            -0.10320684313774109,
            -0.7467267513275146,
            -0.060249559581279755
        ],
        [
            -0.10625457763671875,
            -0.7322976589202881,
            -0.05226890742778778
        ],
        [
            -0.09104606509208679,
            -0.7202313542366028,
            -0.04147455468773842
        ],
        [
            -0.09757581353187561,
            -0.7266154885292053,
            -0.048558738082647324
        ],
        [
            -0.09242421388626099,
            -0.7431867718696594,
            -0.05745342746376991
        ],
        [
            -0.09087441861629486,
            -0.7626385688781738,
            -0.06543134152889252
        ],
        [
            -0.10208986699581146,
            -0.7624133229255676,
            -0.06625241786241531
        ],
        [
            -0.09341992437839508,
            -0.7832265496253967,
            -0.06838298588991165
        ],
        [
            -0.07727886736392975,
            -0.7638347148895264,
            -0.06333960592746735
        ],
        [
            -0.08573298156261444,
            -0.7885583639144897,
            -0.066176638007164
        ],
        [
            -0.06387060880661011,
            -0.7356805801391602,
            -0.050972677767276764
        ],
        [
            -0.05804161727428436,
            -0.7312195301055908,
            -0.053095947951078415
        ],
        [
            -0.049492672085762024,
            -0.7447350025177002,
            -0.06271575391292572
        ],
        [
            -0.056757405400276184,
            -0.7498043775558472,
            -0.06129787117242813
        ],
        [
            -0.11336195468902588,
            -0.7626339197158813,
            -0.06579773128032684
        ],
        [
            -0.165753573179245,
            -0.8006014823913574,
            -0.06269501894712448
        ],
        [
            -0.17303693294525146,
            -0.7916244268417358,
            -0.057782407850027084
        ],
        [
            -0.1540999561548233,
            -0.7942698001861572,
            -0.06603556871414185
        ],
        [
            -0.19639334082603455,
            -0.8558652997016907,
            -0.059952788054943085
        ],
        [
            -0.204457089304924,
            -0.8393885493278503,
            -0.053962767124176025
        ],
        [
            -0.18916867673397064,
            -0.8344197273254395,
            -0.06243434175848961
        ],
        [
            -0.18394321203231812,
            -0.8501339554786682,
            -0.06694591045379639
        ],
        [
            -0.22657792270183563,
            -0.871522068977356,
            -0.02938992902636528
        ],
        [
            -0.2334567904472351,
            -0.8441236615180969,
            -0.026899781078100204
        ],
        [
            -0.22112414240837097,
            -0.8430813550949097,
            -0.040237367153167725
        ],
        [
            -0.2145855873823166,
            -0.8645270466804504,
            -0.04415647312998772
        ],
        [
            -0.1761098951101303,
            -0.8608240485191345,
            -0.07006651908159256
        ],
        [
            -0.16490820050239563,
            -0.8755025863647461,
            -0.07180985808372498
        ],
        [
            -0.17190781235694885,
            -0.8911197185516357,
            -0.06682469695806503
        ],
        [
            -0.18736687302589417,
            -0.8747522830963135,
            -0.06401701271533966
        ],
        [
            -0.1809385120868683,
            -0.9096206426620483,
            -0.053725361824035645
        ],
        [
            -0.2002004235982895,
            -0.8900567293167114,
            -0.04975760728120804
        ],
        [
            -0.06833092868328094,
            -0.7847933173179626,
            -0.06412345916032791
        ],
        [
            -0.08013445138931274,
            -0.8016742467880249,
            -0.06443244218826294
        ],
        [
            -0.06657496094703674,
            -0.7547557950019836,
            -0.06013307347893715
        ],
        [
            -0.058580249547958374,
            -0.7719590663909912,
            -0.06418076157569885
        ],
        [
            -0.18736183643341064,
            -0.9232023358345032,
            -0.03461664915084839
        ],
        [
            -0.2105175405740738,
            -0.9008328914642334,
            -0.03080531768500805
        ],
        [
            -0.11380839347839355,
            -0.8972196578979492,
            -0.06675400584936142
        ],
        [
            -0.13326099514961243,
            -0.9024618864059448,
            -0.06650027632713318
        ],
        [
            -0.13469159603118896,
