{
    "pred_cam": [
        1.4404881000518799,
        0.14663319289684296,
        0.2620282471179962
    ],
    "pred_smpl_params": {
        "global_orient": [
            [
                [
                    -0.2990029752254486,
                    0.11139831691980362,
                    -0.9477276802062988
                ],
                [
                    0.21155305206775665,
                    -0.9607104659080505,
                    -0.17966821789741516
                ],
                [
                    -0.9305066466331482,
                    -0.2542160153388977,
                    0.2636886239051819
                ]
            ]
        ],
        "body_pose": [
            [
                [
                    0.9955422878265381,
                    0.04047137871384621,
                    0.08519191294908524
                ],
                [
                    -0.05510693043470383,
                    0.9826381802558899,
                    0.1771593540906906
                ],
                [
                    -0.0765429362654686,
                    -0.18106429278850555,
                    0.980488121509552
                ]
            ],
            [
                [
                    0.9825355410575867,
                    0.16464102268218994,
                    -0.08670233935117722
                ],
                [
                    -0.1631319671869278,
                    0.9863058924674988,
                    0.024260830134153366
                ],
                [
                    0.08950936049222946,
                    -0.009693203493952751,
                    0.9959388375282288
                ]
            ],
            [
                [
                    0.9976209402084351,
                    -0.040119946002960205,
                    0.05606094375252724
                ],
                [
                    0.04880901426076889,
                    0.9853508472442627,
                    -0.16340553760528564
                ],
                [
                    -0.048683878034353256,
                    0.1657530665397644,
                    0.9849648475646973
                ]
            ],
            [
                [
                    0.9756739139556885,
                    0.21007302403450012,
                    0.06268736720085144
                ],
                [
                    -0.20106686651706696,
                    0.9714415669441223,
                    -0.12598949670791626
                ],
                [
                    -0.08736411482095718,
                    0.1103203222155571,
                    0.9900489449501038
                ]
            ],
            [
                [
                    0.9885083436965942,
                    0.05694964528083801,
                    0.14002838730812073
                ],
                [
                    -0.0532817542552948,
                    0.9981344938278198,
                    -0.0298079214990139
                ],
                [
                    -0.1414647251367569,
                    0.022004421800374985,
                    0.9896986484527588
                ]
            ],
            [
                [
                    0.9859148859977722,
                    -0.1634473204612732,
                    0.03545243293046951
                ],
                [
                    0.16576345264911652,
                    0.9831383228302002,
                    -0.0772114172577858
                ],
                [
                    -0.02223464474081993,
                    0.08200059831142426,
                    0.99638432264328
                ]
            ],
            [
                [
                    0.9702863097190857,
                    0.005586429964751005,
                    0.24189536273479462
                ],
                [
                    -0.0013302339939400554,
                    0.9998414516448975,
                    -0.01775493286550045
                ],
                [
                    -0.2419562041759491,
                    0.016905589029192924,
                    0.9701399207115173
                ]
            ],
            [
                [
                    0.96942538022995,
                    -0.06745178997516632,
                    -0.2359333336353302
                ],
                [
                    0.05563455447554588,
                    0.9968570470809937,
                    -0.05639834702014923
                ],
                [
                    0.2389959841966629,
                    0.041547954082489014,
                    0.9701311588287354
                ]
            ],
            [
                [
                    0.9976656436920166,
                    -0.06469754874706268,
                    0.021849287673830986
                ],
                [
                    0.06640911847352982,
                    0.9937474131584167,
                    -0.08975454419851303
                ],
                [
                    -0.015905773267149925,
                    0.09099602699279785,
                    0.9957241415977478
                ]
            ],
            [
                [
                    0.9985025525093079,
                    -0.03255452960729599,
                    0.043965525925159454
                ],
                [
                    0.034589458256959915,
                    0.9983264803886414,
                    -0.0463452972471714
                ],
                [
                    -0.04238319396972656,
                    0.04779663681983948,
                    0.9979575872421265
                ]
            ],
            [
                [
                    0.9977955222129822,
                    0.059407301247119904,
                    -0.02957792580127716
                ],
                [
                    -0.05881667137145996,
                    0.9980592727661133,
                    0.02045389451086521
                ],
                [
                    0.03073563054203987,
                    -0.01866912841796875,
                    0.9993532299995422
                ]
            ],
            [
                [
                    0.9862701892852783,
                    0.03413354977965355,
                    0.1615738868713379
                ],
                [
                    0.023586032912135124,
                    0.9392591714859009,
                    -0.3423972427845001
                ],
                [
                    -0.16344700753688812,
                    0.34150704741477966,
                    0.9255582690238953
                ]
            ],
            [
                [
                    0.9046186804771423,
                    -0.1446838229894638,
                    -0.40091344714164734
                ],
                [
                    0.19983716309070587,
                    0.9748027920722961,
                    0.09911921620368958
                ],
                [
                    0.3764706254005432,
                    -0.16978250443935394,
                    0.9107379913330078
                ]
            ],
            [
                [
                    0.9032381772994995,
                    -0.2623768150806427,
                    0.3395865857601166
                ],
                [
                    0.24869032204151154,
                    0.9649278521537781,
                    0.08406718075275421
                ],
                [
                    -0.3497338593006134,
                    0.008519206196069717,
                    0.9368102550506592
                ]
            ],
            [
                [
                    0.9937296509742737,
                    0.005441633984446526,
                    -0.11167684197425842
                ],
                [
                    -0.056366901844739914,
                    0.8869837522506714,
                    -0.4583476483821869
                ],
                [
                    0.09656138718128204,
                    0.4617685377597809,
                    0.8817287683486938
                ]
            ],
            [
                [
                    0.7644476294517517,
                    0.15468260645866394,
                    -0.6258538961410522
                ],
                [
                    -0.13175977766513824,
                    0.9877841472625732,
                    0.08319766074419022
                ],
                [
                    0.631077766418457,
                    0.018862111493945122,
                    0.7754902243614197
                ]
            ],
            [
                [
                    0.5948073267936707,
                    -0.6140480041503906,
                    0.5187960863113403
                ],
                [
                    0.7024189829826355,
                    0.7108511328697205,
                    0.03603099659085274
                ],
                [
                    -0.3909115493297577,
                    0.3429807424545288,
                    0.8541384339332581
                ]
            ],
            [
                [
                    0.12215791642665863,
                    -0.11066869646310806,
                    -0.9863212704658508
                ],
                [
                    -0.10550966113805771,
                    0.9866847991943359,
                    -0.12377706170082092
                ],
                [
                    0.9868865609169006,
                    0.11918678134679794,
                    0.108854740858078
                ]
            ],
            [
                [
                    0.34568774700164795,
                    0.16446556150913239,
                    0.9238241314888
                ],
                [
                    0.020386381074786186,
                    0.9829714894294739,
                    -0.18262380361557007
                ],
                [
                    -0.9381281137466431,
                    0.08196424692869186,
                    0.3364483416080475
                ]
            ],
            [
                [
                    0.9866516590118408,
                    -0.07290385663509369,
                    -0.1456138789653778
                ],
                [
                    0.07943610846996307,
                    0.9960548877716064,
                    0.03955334424972534
                ],
                [
                    0.14215584099292755,
                    -0.05059237778186798,
                    0.9885504245758057
                ]
            ],
            [
                [
                    0.9924474358558655,
                    0.027990002185106277,
                    0.11943493783473969
                ],
                [
                    -0.061253923922777176,
                    0.9566273093223572,
                    0.2848019003868103
                ],
                [
                    -0.10628312081098557,
                    -0.28996676206588745,
                    0.9511168003082275
                ]
            ],
            [
                [
                    0.9927374124526978,
                    0.10809703171253204,
                    -0.0527966283261776
                ],
                [
                    -0.103521928191185,
                    0.9911728501319885,
                    0.08282268047332764
                ],
                [
                    0.06128346920013428,
                    -0.07675556093454361,
                    0.9951648116111755
                ]
            ],
            [
                [
                    0.9920053482055664,
                    -0.12595023214817047,
                    -0.00786171667277813
                ],
                [
                    0.12607869505882263,
                    0.9864855408668518,
                    0.10464493930339813
                ],
                [
                    -0.005424583796411753,
                    -0.1047995463013649,
                    0.9944785833358765
                ]
            ]
        ],
        "betas": [
            -0.1377837061882019,
            -0.20066455006599426,
            0.11293387413024902,
            0.521486222743988,
            0.19467134773731232,
            0.014448050409555435,
            -0.01989099383354187,
            -0.08619552850723267,
            0.11396268755197525,
            -0.01201280951499939
        ]
    },
    "pred_cam_t": [
        0.14663319289684296,
        0.2620282471179962,
        27.117544174194336
    ],
    "focal_length": [
        5000.0,
        5000.0
    ],
    "pred_keypoints_3d": [
        [
            -0.1683090627193451,
            -0.7153764963150024,
            0.0032632574439048767
        ],
        [
            0.010964427143335342,
            -0.7318576574325562,
            -0.013981601223349571
        ],
        [
            0.033791955560445786,
            -0.6281712651252747,
            0.15787801146507263
        ],
        [
            -0.039403799921274185,
            -0.39803433418273926,
            0.2250555157661438
        ],
        [
            -0.26158371567726135,
            -0.3599574565887451,
            0.11427795886993408
        ],
        [
            -0.047507695853710175,
            -0.6917964816093445,
            -0.17245393991470337
        ],
        [
            -0.28653767704963684,
            -0.6746106147766113,
            -0.2652592360973358
        ],
        [
            -0.3761865496635437,
            -0.6330952644348145,
            -0.04032441973686218
        ],
        [
            -0.0020750979892909527,
            -0.22796811163425446,
            0.028367692604660988
        ],
        [
            0.012088261544704437,
            -0.1546621322631836,
            0.11296415328979492
        ],
        [
            0.008440732955932617,
            0.17545905709266663,
            0.2933428883552551
        ],
        [
            0.03438115119934082,
            0.5358372926712036,
            0.44381585717201233
        ],
        [
            -0.026524368673563004,
            -0.12437927722930908,
            -0.014571590349078178
        ],
        [
            -0.12868686020374298,
            0.21706396341323853,
            0.07690740376710892
        ],
        [
            -0.12621991336345673,
            0.5509780645370483,
            0.28032180666923523
        ],
        [
            -0.17090252041816711,
            -0.7659502625465393,
            0.038392115384340286
        ],
        [
            -0.1802583932876587,
            -0.7663750052452087,
            -0.027429409325122833
        ],
        [
            -0.09170201420783997,
            -0.8273935914039612,
            0.07222989201545715
        ],
        [
            -0.11334846913814545,
            -0.8281266689300537,
            -0.07595185190439224
        ],
        [
            -0.32371413707733154,
            0.5909611582756042,
            0.2990458607673645
        ],
        [
            -0.27182823419570923,
            0.6283353567123413,
            0.24493974447250366
        ],
        [
            -0.07056230306625366,
            0.5873662233352661,
            0.2941262125968933
        ],
        [
            -0.14103402197360992,
            0.5528822541236877,
            0.539586067199707
        ],
        [
            -0.06510000675916672,
            0.5388690233230591,
            0.5821431875228882
        ],
        [
            0.0878722220659256,
            0.5844697952270508,
            0.44096919894218445
        ],
        [
            0.06850773096084595,
            0.48692065477371216,
            0.4307876229286194
        ],
        [
            0.009465587325394154,
            0.11677730828523636,
            0.26324862241744995
        ],
        [
            0.05253976956009865,
            -0.2874763607978821,
            0.1532021462917328
        ],
        [
            -0.018674509599804878,
            -0.2076556533575058,
            -0.11893023550510406
        ],
        [
            -0.120750792324543,
            0.18135696649551392,
            0.05164194852113724
        ],
        [
            -0.09880263358354568,
            0.5277989506721497,
            0.2538880407810211
        ],
        [
            -0.24404573440551758,
            -0.39663249254226685,
            0.1118670254945755
        ],
        [
            -0.06007947400212288,
            -0.4293433129787445,
            0.24002447724342346
        ],
        [
            0.030989758670330048,
            -0.6611517667770386,
            0.12496450543403625
        ],
        [
            -0.031305085867643356,
            -0.7150001525878906,
            -0.15575402975082397
        ],
        [
            -0.2733800709247589,
            -0.711216926574707,
            -0.2421175092458725
        ],
        [
            -0.356916606426239,
            -0.6478336453437805,
            -0.04103085398674011
        ],
        [
            0.004450942389667034,
            -0.7255016565322876,
            -0.009675027802586555
        ],
        [
            -0.15390826761722565,
            -0.8508936166763306,
            0.0012401086278259754
        ],
        [
            0.01680426299571991,
            -0.24806229770183563,
            0.016482407227158546
        ],
        [
            0.0011108923936262727,
            -0.6820423603057861,
            -0.01278889924287796
        ],
        [
            0.04471538960933685,
            -0.4913950562477112,
            -0.02866043522953987
        ],
        [
            -0.09915344417095184,
            -0.7493479251861572,
            -0.009964046999812126
        ],
        [
            -0.16131985187530518,
            -0.8684276342391968,
            0.006629984825849533
        ]
    ],
    "pred_vertices": [
        [
            -0.2174607664346695,
            -0.7979485988616943,
            -0.035037681460380554
        ],
        [
            -0.21072888374328613,
            -0.782791018486023,
            -0.03019397333264351
        ],
        [
            -0.20339016616344452,
            -0.7871047258377075,
            -0.04219214618206024
        ],
        [
            -0.20514188706874847,
            -0.8011440634727478,
            -0.04716423526406288
        ],
        [
            -0.20011402666568756,
            -0.7763912081718445,
            -0.038620397448539734
        ],
        [
            -0.20446030795574188,
            -0.7723888158798218,
            -0.02814863808453083
        ],
        [
            -0.19237075746059418,
            -0.7902703285217285,
            -0.050274044275283813
        ],
        [
            -0.19093213975429535,
            -0.8030381202697754,
            -0.05501122772693634
        ],
        [
            -0.1590098887681961,
            -0.7744013667106628,
            -0.05942763388156891
        ],
        [
            -0.1499890834093094,
            -0.778314471244812,
            -0.06427030265331268
        ],
        [
            -0.15989357233047485,
            -0.7854145765304565,
            -0.06306902319192886
        ],
        [
            -0.1662469357252121,
            -0.7798336148262024,
            -0.05736083164811134
        ],
        [
            -0.13791793584823608,
            -0.7590478658676147,
            -0.06065138801932335
        ],
        [
            -0.13620135188102722,
            -0.7465778589248657,
            -0.055022574961185455
        ],
        [
            -0.12315195798873901,
            -0.7473952174186707,
            -0.05891096964478493
        ],
        [
            -0.12360063195228577,
            -0.7602813839912415,
            -0.06373888999223709
        ],
        [
            -0.1583942174911499,
            -0.739132285118103,
            -0.01998867094516754
        ],
        [
            -0.1537407487630844,
            -0.7351283431053162,
            -0.026252012699842453
        ],
        [
            -0.15875868499279022,
            -0.7402202486991882,
            -0.02957083284854889
        ],
        [
            -0.16238102316856384,
            -0.743934154510498,
            -0.022748863324522972
        ],
        [
            -0.16828124225139618,
            -0.7415803670883179,
            -0.009798774495720863
        ],
        [
            -0.17010778188705444,
            -0.74774569272995,
            -0.010492930188775063
        ],
        [
            -0.17575347423553467,
            -0.7466508150100708,
            -0.005055714398622513
        ],
        [
            -0.1743055284023285,
            -0.7393009066581726,
            -0.005317408591508865
        ],
        [
            -0.15365412831306458,
            -0.7356600761413574,
            -0.015100670978426933
        ],
        [
            -0.1486780345439911,
            -0.7319331169128418,
            -0.021750448271632195
        ],
        [
            -0.1626064032316208,
            -0.7421164512634277,
            -0.014748195186257362
        ],
        [
            -0.160848930478096,
            -0.7374953031539917,
            -0.013345697894692421
        ],
        [
            -0.16335955262184143,
            -0.725807249546051,
            -0.010473556816577911
        ],
        [
            -0.1659102439880371,
            -0.730090856552124,
            -0.011652924120426178
        ],
        [
            -0.1710015833377838,
            -0.7260014414787292,
            -0.00793500430881977
        ],
        [
            -0.16647490859031677,
            -0.722565233707428,
            -0.007239615544676781
        ],
        [
            -0.15671786665916443,
            -0.7320901155471802,
            -0.013963745906949043
        ],
        [
            -0.1607879251241684,
            -0.7321990728378296,
            -0.014019211754202843
        ],
        [
            -0.15948885679244995,
            -0.7278624773025513,
            -0.011845016852021217
        ],
        [
            -0.15556907653808594,
            -0.7286843061447144,
            -0.010733038187026978
        ],
        [
            -0.16702750325202942,
            -0.7367628812789917,
            -0.009644219651818275
        ],
        [
            -0.17292997241020203,
            -0.7329751253128052,
            -0.00623655691742897
        ],
        [
            -0.17839348316192627,
            -0.7287917137145996,
            -0.0018513575196266174
        ],
        [
            -0.17501118779182434,
            -0.7205271124839783,
            -0.0032740645110607147
        ],
        [
            -0.14059233665466309,
            -0.7307603359222412,
            -0.038786664605140686
        ],
        [
            -0.14796946942806244,
            -0.7324387431144714,
            -0.033153630793094635
        ],
        [
            -0.14395023882389069,
            -0.7291015982627869,
            -0.02832503244280815
        ],
        [
            -0.1385127305984497,
            -0.7274091839790344,
            -0.03368891775608063
        ],
        [
            -0.15111355483531952,
            -0.7289790511131287,
            -0.01231907308101654
        ],
        [
            -0.14026176929473877,
            -0.718459963798523,
            -0.017319168895483017
        ],
        [
            -0.14315474033355713,
            -0.7208120822906494,
            -0.01730077899992466
        ],
        [
            -0.14586234092712402,
            -0.7183933258056641,
            -0.011098694056272507
        ],
        [
            -0.1431334912776947,
            -0.7162743210792542,
            -0.011788129806518555
        ],
        [
            -0.12459507584571838,
            -0.7274826765060425,
            -0.04555727541446686
        ],
        [
            -0.12635506689548492,
            -0.7233486175537109,
            -0.03969782963395119
        ],
        [
            -0.11956307291984558,
            -0.7205900549888611,
            -0.04088148847222328
        ],
        [
            -0.11592651903629303,
            -0.7248538732528687,
            -0.04617875814437866
        ],
        [
            -0.11456754803657532,
            -0.7173511981964111,
            -0.0388064943253994
        ],
        [
            -0.10826840996742249,
            -0.7218096256256104,
            -0.045491017401218414
        ],
        [
            -0.09793362021446228,
            -0.7117292881011963,
            -0.03758568316698074
        ],
        [
            -0.10236357152462006,
            -0.716482937335968,
            -0.041732944548130035
        ],
        [
            -0.11051833629608154,
            -0.7131673693656921,
            -0.03524714708328247
        ],
        [
            -0.10862737894058228,
            -0.7073850631713867,
            -0.030025329440832138
        ],
        [
            -0.11617782711982727,
            -0.704586923122406,
            -0.017566092312335968
        ],
        [
            -0.11639949679374695,
            -0.7018741369247437,
            -0.01174331083893776
        ],
        [
            -0.10687294602394104,
            -0.6951831579208374,
            -0.017373334616422653
        ],
        [
            -0.10766509175300598,
            -0.7000236511230469,
            -0.023472294211387634
        ],
        [
            -0.13284878432750702,
            -0.7177129983901978,
            -0.017271682620048523
        ],
        [
            -0.1314208209514618,
            -0.7198600769042969,
            -0.021327655762434006
        ],
        [
            -0.13403268158435822,
            -0.7191884517669678,
            -0.02143685333430767
        ],
        [
            -0.136653333902359,
            -0.717495322227478,
            -0.01720552332699299
        ],
        [
            -0.13037997484207153,
            -0.7209758758544922,
            -0.025067243725061417
        ],
        [
            -0.12985536456108093,
            -0.7214076519012451,
            -0.02675507590174675
        ],
        [
            -0.13157349824905396,
            -0.7213670015335083,
            -0.02640453353524208
        ],
        [
            -0.1312006115913391,
            -0.7212731242179871,
            -0.025069400668144226
        ],
        [
            -0.131215900182724,
            -0.720539927482605,
            -0.023068707436323166
        ],
        [
            -0.13002537190914154,
            -0.7189174890518188,
            -0.022180277854204178
        ],
        [
            -0.13010576367378235,
            -0.7200669050216675,
            -0.024194013327360153
        ],
        [
            -0.13100165128707886,
            -0.7162448167800903,
            -0.018616575747728348
        ],
        [
            -0.13359904289245605,
            -0.7086683511734009,
            -0.006368868052959442
        ],
        [
            -0.1333301067352295,
            -0.7100388407707214,
            -0.009899426251649857
        ],
        [
            -0.13562776148319244,
            -0.7137539386749268,
            -0.00811014324426651
        ],
        [
            -0.13610664010047913,
            -0.7126911878585815,
            -0.0051504746079444885
        ],
        [
            -0.13401903212070465,
            -0.7215107083320618,
            -0.024867136031389236
        ],
        [
            -0.13504865765571594,
            -0.722652792930603,
            -0.02691899985074997
        ],
        [
            -0.13896219432353973,
            -0.7219380140304565,
            -0.022894730791449547
        ],
        [
            -0.1364317089319229,
            -0.7205637693405151,
            -0.021850023418664932
        ],
        [
            -0.13655398786067963,
            -0.7240893840789795,
            -0.029718898236751556
        ],
        [
            -0.1323017030954361,
            -0.7226309776306152,
            -0.028617829084396362
        ],
        [
            -0.13287174701690674,
            -0.7234798073768616,
            -0.031859781593084335
        ],
        [
            -0.12853336334228516,
            -0.7201794981956482,
            -0.026327356696128845
        ],
        [
            -0.12658075988292694,
            -0.7201399207115173,
            -0.029265154153108597
        ],
        [
            -0.12925991415977478,
            -0.7211727499961853,
            -0.029608551412820816
        ],
        [
            -0.12438701093196869,
            -0.7175179123878479,
            -0.027479220181703568
        ],
        [
            -0.12766101956367493,
            -0.7180569171905518,
            -0.02396475523710251
        ],
        [
            -0.12791910767555237,
            -0.7146875262260437,
            -0.02052169293165207
        ],
        [
            -0.12865112721920013,
            -0.7109566330909729,
            -0.016017809510231018
        ],
        [
            -0.12333789467811584,
            -0.7099526524543762,
            -0.01883510872721672
        ],
        [
            -0.12343603372573853,
            -0.7138031721115112,
            -0.02381844073534012
        ],
        [
            -0.141638845205307,
            -0.7250388860702515,
            -0.02489454858005047
        ],
        [
            -0.12795817852020264,
            -0.7220199108123779,
            -0.0340249128639698
        ],
        [
            -0.1329844892024994,
            -0.7262569665908813,
            -0.036926962435245514
        ],
        [
            -0.12365323305130005,
            -0.7196117043495178,
            -0.03431312367320061
        ],
        [
            -0.11995178461074829,
            -0.7168643474578857,
            -0.03256208449602127
        ],
        [
            -0.1176493763923645,
            -0.7128863334655762,
            -0.028340402990579605
        ],
        [
            -0.11666229367256165,
            -0.7085532546043396,
            -0.0232221856713295
        ],
        [
            -0.09350912272930145,
            -0.6970789432525635,
            -0.02101888507604599
        ],
        [
            -0.09589816629886627,
            -0.7029886245727539,
            -0.028814591467380524
        ],
        [
            -0.1964336484670639,
            -0.7694551944732666,
            -0.026532739400863647
        ],
        [
            -0.19476473331451416,
            -0.7711358070373535,
            -0.03535657003521919
        ],
        [
            -0.18542923033237457,
            -0.7696859240531921,
            -0.036299239844083786
        ],
        [
            -0.18716643750667572,
            -0.7711310982704163,
            -0.03778187558054924
        ],
        [
            -0.1902763843536377,
            -0.7695115804672241,
            -0.032635632902383804
        ],
        [
            -0.1874038428068161,
            -0.7683504819869995,
            -0.03218235820531845
        ],
        [
            -0.17083635926246643,
            -0.7769128680229187,
            -0.05104287713766098
        ],
        [
            -0.17464984953403473,
            -0.7745984792709351,
            -0.045760031789541245
        ],
        [
            -0.17106351256370544,
            -0.7731228470802307,
            -0.04626890644431114
        ],
        [
            -0.16590248048305511,
            -0.7728403210639954,
            -0.053143177181482315
        ],
        [
            -0.1693132072687149,
            -0.7629494667053223,
            -0.03915923461318016
        ],
        [
            -0.16868025064468384,
            -0.7661676406860352,
            -0.0434124581515789
        ],
        [
            -0.17472606897354126,
            -0.7687090039253235,
            -0.039076969027519226
        ],
        [
            -0.17525745928287506,
            -0.7662975788116455,
            -0.03605106845498085
        ],
        [
            -0.17583690583705902,
            -0.7643929719924927,
            -0.032376084476709366
        ],
        [
            -0.17646154761314392,
            -0.7631412744522095,
            -0.028064072132110596
        ],
        [
            -0.17198334634304047,
            -0.7603124380111694,
            -0.028966788202524185
        ],
        [
            -0.17056050896644592,
            -0.7611327171325684,
            -0.03408382087945938
        ],
        [
            -0.19110199809074402,
            -0.7694383263587952,
            -0.026181356981396675
        ],
        [
            -0.18980097770690918,
            -0.7688025236129761,
            -0.018784692510962486
        ],
        [
            -0.18684253096580505,
            -0.7677915096282959,
            -0.02055882103741169
        ],
        [
            -0.18830299377441406,
            -0.7678931951522827,
            -0.02658487670123577
        ],
        [
            -0.17767979204654694,
            -0.7670867443084717,
            -0.010953305289149284
        ],
        [
            -0.18039774894714355,
            -0.7677843570709229,
            -0.011974139139056206
        ],
        [
            -0.18180185556411743,
            -0.7680596709251404,
            -0.008257560431957245
        ],
        [
            -0.17778527736663818,
            -0.765723705291748,
            -0.0076761431992053986
        ],
        [
            -0.17574509978294373,
            -0.7637189626693726,
            -0.010352050885558128
        ],
        [
            -0.176791712641716,
            -0.7657192945480347,
            -0.012432105839252472
        ],
        [
            -0.23143446445465088,
            -0.8131588101387024,
            -0.024000102654099464
        ],
        [
            -0.22531640529632568,
            -0.7952924966812134,
            -0.020725009962916374
        ],
        [
            -0.21951766312122345,
            -0.8180713057518005,
            -0.039807479828596115
        ],
        [
            -0.20410354435443878,
            -0.8197489976882935,
            -0.050531551241874695
        ],
        [
            -0.18867512047290802,
            -0.8175378441810608,
            -0.05972140282392502
        ],
        [
            -0.12351426482200623,
            -0.7359602451324463,
            -0.05242375284433365
        ],
        [
            -0.1129210889339447,
            -0.7347474098205566,
            -0.05462965369224548
        ],
        [
            -0.11068105697631836,
            -0.7485635876655579,
            -0.062060244381427765
        ],
        [
            -0.09988823533058167,
            -0.7450485229492188,
            -0.06131817772984505
        ],
        [
            -0.10299602150917053,
            -0.7305519580841064,
            -0.05353514850139618
        ],
        [
            -0.08793658018112183,
            -0.7184523940086365,
            -0.04254455864429474
        ],
        [
            -0.09436957538127899,
            -0.7248754501342773,
            -0.04969438537955284
        ],
        [
            -0.08919279277324677,
            -0.7415447235107422,
            -0.058330487459897995
        ],
        [
            -0.08759380877017975,
            -0.7610411643981934,
            -0.06612230837345123
        ],
        [
            -0.09873314201831818,
            -0.7607840299606323,
            -0.06714623421430588
        ],
        [
            -0.09023559093475342,
            -0.78163081407547,
            -0.0689326822757721
        ],
        [
            -0.07411706447601318,
            -0.7622721791267395,
            -0.06376215815544128
        ],
        [
            -0.0826735645532608,
            -0.786970853805542,
            -0.06649129092693329
        ],
        [
            -0.061095237731933594,
            -0.734126091003418,
            -0.05135871469974518
        ],
        [
            -0.05534021556377411,
            -0.7297624945640564,
            -0.05338994413614273
        ],
        [
            -0.046707600355148315,
            -0.7433329820632935,
            -0.06277431547641754
        ],
        [
            -0.05388323962688446,
            -0.7483532428741455,
            -0.06144789233803749
        ],
        [
            -0.10997214913368225,
            -0.7609165906906128,
            -0.06692522764205933
        ],
        [
            -0.16265524923801422,
            -0.798539400100708,
            -0.06454472243785858
        ],
        [
            -0.16997110843658447,
            -0.7894933223724365,
            -0.059896089136600494
        ],
        [
            -0.15094509720802307,
            -0.7923178672790527,
            -0.06769244372844696
        ],
        [
            -0.19371289014816284,
            -0.8536465167999268,
            -0.06188882887363434
        ],
        [
            -0.20179063081741333,
            -0.8370286226272583,
            -0.05623124912381172
        ],
        [
            -0.18631012737751007,
            -0.832242488861084,
            -0.06442958116531372
        ],
        [
            -0.18108400702476501,
            -0.8480371236801147,
            -0.06865709275007248
        ],
        [
            -0.2246331423521042,
            -0.8688366413116455,
            -0.031853072345256805
        ],
        [
            -0.23139514029026031,
            -0.8413437008857727,
            -0.02974756807088852
        ],
        [
            -0.21875610947608948,
            -0.8404887914657593,
            -0.042813196778297424
        ],
        [
            -0.21229100227355957,
            -0.8620592355728149,
            -0.04641909897327423
        ],
        [
            -0.17326019704341888,
            -0.8588025569915771,
            -0.07151993364095688
        ],
        [
            -0.16211910545825958,
            -0.873571515083313,
            -0.07289822399616241
        ],
        [
            -0.16924980282783508,
            -0.8890807628631592,
            -0.06788510084152222
        ],
        [
            -0.18467780947685242,
            -0.8726420402526855,
            -0.0655706375837326
        ],
        [
            -0.17865890264511108,
            -0.9074338674545288,
            -0.054791830480098724
        ],
        [
            -0.1978750079870224,
            -0.8877242207527161,
            -0.05141978710889816
        ],
        [
            -0.06535333395004272,
            -0.7832669019699097,
            -0.0641707181930542
        ],
        [
            -0.07720117270946503,
            -0.800084114074707,
            -0.06455618888139725
        ],
        [
            -0.06358857452869415,
            -0.7532244920730591,
            -0.06041814759373665
        ],
        [
            -0.05564528703689575,
            -0.7704934477806091,
            -0.06417971849441528
        ],
        [
            -0.185502290725708,
            -0.9207501411437988,
            -0.035676658153533936
        ],
        [
            -0.20862948894500732,
            -0.8982482552528381,
            -0.032593514770269394
        ],
        [
            -0.11129710078239441,
            -0.8955178260803223,
            -0.06652925163507462
        ],
        [
            -0.13072672486305237,
            -0.9006702303886414,
            -0.0665908008813858
        ],
        [
