{
    "pred_cam": [
        1.1998348236083984,
        0.014044547453522682,
        0.163127601146698
    ],
    "pred_smpl_params": {
        "global_orient": [
            [
                [
                    0.9572576880455017,
                    0.20992904901504517,
                    0.19896599650382996
                ],
                [
                    0.19239667057991028,
                    -0.9757997393608093,
                    0.10391483455896378
                ],
                [
                    0.21596573293209076,
                    -0.06119287759065628,
                    -0.974481463432312
                ]
            ]
        ],
        "body_pose": [
            [
                [
                    0.9938138127326965,
                    0.04677555710077286,
                    -0.10072815418243408
                ],
                [
                    -0.02695412188768387,
                    0.9814484715461731,
                    0.18982204794883728
                ],
                [
                    0.10773852467536926,
                    -0.18593274056911469,
                    0.9766378402709961
                ]
            ],
            [
                [
                    0.9992169737815857,
                    0.0033872697968035936,
                    -0.03941988945007324
                ],
                [
                    0.0030738930217921734,
                    0.9866707921028137,
                    0.1626998484134674
                ],
                [
                    0.03944556415081024,
                    -0.16269361972808838,
                    0.9858877658843994
                ]
            ],
            [
                [
                    0.9955247640609741,
                    0.010857896879315376,
                    0.09387454390525818
                ],
                [
                    0.011501536704599857,
                    0.9720708727836609,
                    -0.2344052642583847
                ],
                [
                    -0.09379786252975464,
                    0.23443597555160522,
                    0.9675957560539246
                ]
            ],
            [
                [
                    0.985934853553772,
                    -0.06413299590349197,
                    -0.15433578193187714
                ],
                [
                    -0.042766768485307693,
                    0.7958893179893494,
                    -0.6039298176765442
                ],
                [
                    0.16156600415706635,
                    0.6020358204841614,
                    0.7819522619247437
                ]
            ],
            [
                [
                    0.9940885901451111,
                    -0.10067018121480942,
                    0.04066257178783417
                ],
                [
                    0.1052418053150177,
                    0.8014127612113953,
                    -0.5887799859046936
                ],
                [
                    0.026685092598199844,
                    0.5895788669586182,
                    0.8072699904441833
                ]
            ],
            [
                [
                    0.9949092268943787,
                    0.018709223717451096,
                    0.09902314096689224
                ],
                [
                    -0.014637396670877934,
                    0.9990234375,
                    -0.04168792441487312
                ],
                [
                    -0.09970639646053314,
                    0.040026262402534485,
                    0.9942114949226379
                ]
            ],
            [
                [
                    0.9851031303405762,
                    0.028832482174038887,
                    0.16953018307685852
                ],
                [
                    -0.032441895455121994,
                    0.9993013143539429,
                    0.018559008836746216
                ],
                [
                    -0.16887661814689636,
                    -0.02378242462873459,
                    0.9853502511978149
                ]
            ],
            [
                [
                    0.9889371991157532,
                    0.0025494026485830545,
                    -0.14831320941448212
                ],
                [
                    0.0014287603553384542,
                    0.9996421933174133,
                    0.02671002596616745
                ],
                [
                    0.1483282446861267,
                    -0.02662643976509571,
                    0.9885796904563904
                ]
            ],
            [
                [
                    0.9969416260719299,
                    0.0021477476693689823,
                    0.07812044769525528
                ],
                [
                    0.0020511497277766466,
                    0.9985588192939758,
                    -0.05362910032272339
                ],
                [
                    -0.07812304049730301,
                    0.05362531915307045,
                    0.9955004453659058
                ]
            ],
            [
                [
                    0.9939109683036804,
                    -0.11012532562017441,
                    0.003646023338660598
                ],
                [
                    0.10857226699590683,
                    0.9844632744789124,
                    0.13800033926963806
                ],
                [
                    -0.018786707893013954,
                    -0.13676421344280243,
                    0.9904254078865051
                ]
            ],
            [
                [
                    0.9970058798789978,
                    0.07715462893247604,
                    0.005146599840372801
                ],
                [
                    -0.07713714241981506,
                    0.9877144694328308,
                    0.13590426743030548
                ],
                [
                    0.005402271170169115,
                    -0.13589434325695038,
                    0.9907086491584778
                ]
            ],
            [
                [
                    0.999546468257904,
                    0.0300158578902483,
                    -0.0024137981235980988
                ],
                [
                    -0.030105192214250565,
                    0.9978762865066528,
                    -0.057762958109378815
                ],
                [
                    0.0006748671876266599,
                    0.057809434831142426,
                    0.998327374458313
                ]
            ],
            [
                [
                    0.9339463710784912,
                    0.3524218201637268,
                    -0.05952335521578789
                ],
                [
                    -0.3527849018573761,
                    0.9356929659843445,
                    0.004643424414098263
                ],
                [
                    0.05733202397823334,
                    0.01666223257780075,
                    0.9982161521911621
                ]
            ],
            [
                [
                    0.8899911046028137,
                    -0.35567888617515564,
                    0.2853212058544159
                ],
                [
                    0.36510220170021057,
                    0.9307219386100769,
                    0.021380873396992683
                ],
                [
                    -0.273159384727478,
                    0.0851425975561142,
                    0.9581934213638306
                ]
            ],
            [
                [
                    0.9999008178710938,
                    0.011730833910405636,
                    -0.007803334854543209
                ],
                [
                    -0.01339466217905283,
                    0.9632372856140137,
                    -0.26831772923469543
                ],
                [
                    0.004368877969682217,
                    0.2683956027030945,
                    0.9632988572120667
                ]
            ],
            [
                [
                    0.44823962450027466,
                    0.8469927310943604,
                    -0.2858049273490906
                ],
                [
                    -0.8842171430587769,
                    0.46706894040107727,
                    -0.0025792797096073627
                ],
                [
                    0.13130596280097961,
                    0.2538697421550751,
                    0.958284318447113
                ]
            ],
            [
                [
                    0.42236587405204773,
                    -0.7932228446006775,
                    0.4386393427848816
                ],
                [
                    0.8608907461166382,
                    0.5024999976158142,
                    0.07975488901138306
                ],
                [
                    -0.28367969393730164,
                    0.3439348042011261,
                    0.8951170444488525
                ]
            ],
            [
                [
                    0.4189926087856293,
                    -0.35277947783470154,
                    -0.8366551399230957
                ],
                [
                    0.24327845871448517,
                    0.9313639998435974,
                    -0.270881325006485
                ],
                [
                    0.8747918605804443,
                    -0.09004288911819458,
                    0.4760582745075226
                ]
            ],
            [
                [
                    0.6821529269218445,
                    0.159310445189476,
                    0.7136439085006714
                ],
                [
                    0.0713561400771141,
                    0.9568154215812683,
                    -0.28180232644081116
                ],
                [
                    -0.7277195453643799,
                    0.24315518140792847,
                    0.6413266658782959
                ]
            ],
            [
                [
                    0.9911373257637024,
                    -0.13280946016311646,
                    -0.0028908271342515945
                ],
                [
                    0.13232168555259705,
                    0.9851072430610657,
                    0.10979361832141876
                ],
                [
                    -0.011733857914805412,
                    -0.10920307785272598,
                    0.9939501285552979
                ]
            ],
            [
                [
                    0.9973254203796387,
                    0.07171795517206192,
                    0.014088272117078304
                ],
                [
                    -0.07174666970968246,
                    0.9974216222763062,
                    0.0015445746248587966
                ],
                [
                    -0.013941175304353237,
                    -0.0025512308347970247,
                    0.9998994469642639
                ]
            ],
            [
                [
                    0.9677534699440002,
                    0.23099082708358765,
                    -0.10048133134841919
                ],
                [
                    -0.21627508103847504,
                    0.9664315581321716,
                    0.138690784573555
                ],
                [
                    0.12914462387561798,
                    -0.11248686909675598,
                    0.9852250814437866
                ]
            ],
            [
                [
                    0.9727392792701721,
                    -0.2173464298248291,
                    0.08086399734020233
                ],
                [
                    0.20300917327404022,
                    0.9666527509689331,
                    0.15610821545124054
                ],
                [
                    -0.11209696531295776,
                    -0.13543643057346344,
                    0.9844244122505188
                ]
            ]
        ],
        "betas": [
            -0.004222646355628967,
            -0.07097560167312622,
            -0.12856893241405487,
            0.05435663461685181,
            0.05413484573364258,
            0.028777483850717545,
            -0.006911605596542358,
            -0.057294607162475586,
            0.0839189738035202,
            -0.050850093364715576
        ]
    },
    "pred_cam_t": [
        0.014044547453522682,
        0.163127601146698,
        32.55656433105469
    ],
    "focal_length": [
        5000.0,
        5000.0
    ],
    "pred_keypoints_3d": [
        [
            0.21748508512973785,
            -0.70140141248703,
            -0.23840391635894775
        ],
        [
            0.12571881711483002,
            -0.7022312879562378,
            -0.07217046618461609
        ],
        [
            -0.053291358053684235,
            -0.623520016670227,
            -0.1392534077167511
        ],
        [
            -0.10896490514278412,
            -0.37867194414138794,
            -0.09472271054983139
        ],
        [
            0.03021445870399475,
            -0.17020563781261444,
            -0.14460057020187378
        ],
        [
            0.2552919089794159,
            -0.594901442527771,
            0.040597401559352875
        ],
        [
            0.19817006587982178,
            -0.3598007559776306,
            0.13937193155288696
        ],
        [
            0.26963260769844055,
            -0.18850670754909515,
            -0.027614116668701172
        ],
        [
            -0.0018584654899314046,
            -0.22364160418510437,
            0.028407461941242218
        ],
        [
            -0.08644649386405945,
            -0.1488664299249649,
            0.023503312841057777
        ],
        [
            -0.19265514612197876,
            0.21761454641819,
            -0.012255528941750526
        ],
        [
            -0.24408039450645447,
            0.530742883682251,
            0.23079602420330048
        ],
        [
            0.044099826365709305,
            -0.12186628580093384,
            0.055600132793188095
        ],
        [
            -0.0035064443945884705,
            0.2481837272644043,
            0.01474321261048317
        ],
        [
            -0.08507394045591354,
            0.5603998303413391,
            0.2500414550304413
        ],
        [
            0.19480332732200623,
            -0.7574323415756226,
            -0.24853336811065674
        ],
        [
            0.2533595860004425,
            -0.7470095157623291,
            -0.21851924061775208
        ],
        [
            0.12602724134922028,
            -0.8100985288619995,
            -0.1900482177734375
        ],
        [
            0.25638702511787415,
            -0.7872980833053589,
            -0.12428480386734009
        ],
        [
            -0.10193458199501038,
            0.6988168954849243,
            0.10669049620628357
        ],
        [
            -0.03680940717458725,
            0.693098783493042,
            0.15820220112800598
        ],
        [
            -0.08368705213069916,
            0.562395453453064,
            0.3196786046028137
        ],
        [
            -0.24740156531333923,
            0.6680045127868652,
            0.08692404627799988
        ],
        [
            -0.32118627429008484,
            0.6402192115783691,
            0.12493926286697388
        ],
        [
            -0.2546979784965515,
            0.5390015840530396,
            0.3025173246860504
        ],
        [
            -0.258757621049881,
            0.4717842936515808,
            0.22560927271842957
        ],
        [
            -0.17717275023460388,
            0.15630021691322327,
            -0.017140701413154602
        ],
        [
            -0.1377200037240982,
            -0.28449058532714844,
            0.0044719562865793705
        ],
        [
            0.1374865472316742,
            -0.21259725093841553,
            0.08234025537967682
        ],
        [
            0.014679829590022564,
            0.2102014273405075,
            0.014242347329854965
        ],
        [
            -0.0677575170993805,
            0.5204209089279175,
            0.25466951727867126
        ],
        [
            0.04514693468809128,
            -0.20438243448734283,
            -0.14827582240104675
        ],
        [
            -0.10556285083293915,
            -0.3906674385070801,
            -0.1340113878250122
        ],
        [
            -0.015866976231336594,
            -0.6532778739929199,
            -0.12675841152668
        ],
        [
            0.2350582331418991,
            -0.6283345818519592,
            0.023688893765211105
        ],
        [
            0.24559517204761505,
            -0.37650346755981445,
            0.12143402546644211
        ],
        [
            0.277429461479187,
            -0.20995855331420898,
            -0.026002272963523865
        ],
        [
            0.13003353774547577,
            -0.6892938613891602,
            -0.0763079822063446
        ],
        [
            0.2198774516582489,
            -0.8302210569381714,
            -0.1930316686630249
        ],
        [
            0.0004494818567764014,
            -0.24877656996250153,
            0.044130753725767136
        ],
        [
            0.10838133841753006,
            -0.6388485431671143,
            -0.05369805172085762
        ],
        [
            0.05206028372049332,
            -0.48729434609413147,
            0.011920149438083172
        ],
        [
            0.1907292902469635,
            -0.7230221629142761,
            -0.16604408621788025
        ],
        [
            0.22097502648830414,
            -0.8506764769554138,
            -0.1977400928735733
        ]
    ],
    "pred_vertices": [
        [
            0.282248318195343,
            -0.7826253175735474,
            -0.2363365739583969
        ],
        [
            0.2730085849761963,
            -0.7682247161865234,
            -0.23704969882965088
        ],
        [
            0.2786807715892792,
            -0.7690074443817139,
            -0.22387158870697021
        ],
        [
            0.2852456569671631,
            -0.7819899916648865,
            -0.218970388174057
        ],
        [
            0.27308961749076843,
            -0.7589651346206665,
            -0.22560295462608337
        ],
        [
            0.2670566141605377,
            -0.7576078176498413,
            -0.23587089776992798
        ],
        [
            0.27911853790283203,
            -0.7691593170166016,
            -0.20993807911872864
        ],
        [
            0.2835165560245514,
            -0.7797932624816895,
            -0.20275995135307312
        ],
        [
            0.26685377955436707,
            -0.7463465929031372,
            -0.18132427334785461
        ],
        [
            0.2657485008239746,
            -0.7476088404655457,
            -0.17028039693832397
        ],
        [
            0.270833820104599,
            -0.7564677000045776,
            -0.17737159132957458
        ],
        [
            0.26939865946769714,
            -0.7532590627670288,
            -0.18716545403003693
        ],
        [
            0.2546975612640381,
            -0.727950394153595,
            -0.16705715656280518
        ],
        [
            0.24830195307731628,
            -0.7165665626525879,
            -0.17181244492530823
        ],
        [
            0.24373768270015717,
            -0.714800238609314,
            -0.1592634618282318
        ],
        [
            0.24878092110157013,
            -0.7262845039367676,
            -0.15406090021133423
        ],
        [
            0.23242692649364471,
            -0.7189785242080688,
            -0.21101808547973633
        ],
        [
            0.23442035913467407,
            -0.713498592376709,
            -0.20460641384124756
        ],
        [
            0.24015627801418304,
            -0.718661904335022,
            -0.20539310574531555
        ],
        [
            0.23710888624191284,
            -0.7238054275512695,
            -0.21148495376110077
        ],
        [
            0.22993406653404236,
            -0.7245820760726929,
            -0.22469697892665863
        ],
        [
            0.2319607436656952,
            -0.7307782173156738,
            -0.22430631518363953
        ],
        [
            0.23087362945079803,
            -0.7315548658370972,
            -0.23219618201255798
        ],
        [
            0.22966516017913818,
            -0.7240597009658813,
            -0.23264068365097046
        ],
        [
            0.2256809026002884,
            -0.7155998945236206,
            -0.21107345819473267
        ],
        [
            0.22775186598300934,
            -0.7101426720619202,
            -0.20407713949680328
        ],
        [
            0.2309826761484146,
            -0.7232464551925659,
            -0.21701358258724213
        ],
        [
            0.22815372049808502,
            -0.7188690900802612,
            -0.21764865517616272
        ],
        [
            0.22662639617919922,
            -0.7083098888397217,
            -0.22400756180286407
        ],
        [
            0.2293376326560974,
            -0.7126621603965759,
            -0.22434699535369873
        ],
        [
            0.22894178330898285,
            -0.7100433111190796,
            -0.23167550563812256
        ],
        [
            0.22547763586044312,
            -0.7062055468559265,
            -0.2292163074016571
        ],
        [
            0.22580276429653168,
            -0.7128371596336365,
            -0.21531789004802704
        ],
        [
            0.22831670939922333,
            -0.7134264707565308,
            -0.21856944262981415
        ],
        [
            0.2254786193370819,
            -0.7094521522521973,
            -0.21975061297416687
        ],
        [
            0.22234481573104858,
            -0.7098317742347717,
            -0.21696428954601288
        ],
        [
            0.22863022983074188,
            -0.7196512222290039,
            -0.22505608201026917
        ],
        [
            0.22911207377910614,
            -0.7174323201179504,
            -0.23258930444717407
        ],
        [
            0.22851189970970154,
            -0.715006947517395,
            -0.24045509099960327
        ],
        [
            0.2270953357219696,
            -0.7063618898391724,
            -0.23873811960220337
        ],
        [
            0.2365262508392334,
            -0.7050193548202515,
            -0.188123881816864
        ],
        [
            0.2363097369670868,
            -0.7086369395256042,
            -0.1969628632068634
        ],
        [
            0.2298824042081833,
            -0.7055084705352783,
            -0.19718264043331146
        ],
        [
            0.23093101382255554,
            -0.7021807432174683,
            -0.19015923142433167
        ],
        [
            0.2210250049829483,
            -0.7092790603637695,
            -0.21235719323158264
        ],
        [
            0.2180275171995163,
            -0.6962339282035828,
            -0.20328041911125183
        ],
        [
            0.21984192728996277,
            -0.6990430355072021,
            -0.20509976148605347
        ],
        [
            0.216228187084198,
            -0.6982203722000122,
            -0.21135927736759186
        ],
        [
            0.21505999565124512,
            -0.6955844163894653,
            -0.20922261476516724
        ],
        [
            0.23220501840114594,
            -0.6983236074447632,
            -0.17241260409355164
        ],
        [
            0.22828879952430725,
            -0.6956548690795898,
            -0.17796769738197327
        ],
        [
            0.22502771019935608,
            -0.6917698979377747,
            -0.17255228757858276
        ],
        [
            0.2274450808763504,
            -0.694317102432251,
            -0.16581150889396667
        ],
        [
            0.22032983601093292,
            -0.6882053017616272,
            -0.17036022245883942
        ],
        [
            0.22211313247680664,
            -0.690345823764801,
            -0.16049227118492126
        ],
        [
            0.208711639046669,
            -0.6801416873931885,
            -0.15835732221603394
        ],
        [
            0.2151382863521576,
            -0.6848199367523193,
            -0.1588362604379654
        ],
        [
            0.21482057869434357,
            -0.6840401887893677,
            -0.16999170184135437
        ],
        [
            0.20909394323825836,
            -0.6789050102233887,
            -0.1724688708782196
        ],
        [
            0.2033480703830719,
            -0.6792312860488892,
            -0.18647195398807526
        ],
        [
            0.19870105385780334,
            -0.6775569319725037,
            -0.19054606556892395
        ],
        [
            0.1972040832042694,
            -0.6685407161712646,
            -0.18114276230335236
        ],
        [
            0.20275425910949707,
            -0.672674834728241,
            -0.17695875465869904
        ],
        [
            0.21413785219192505,
            -0.6941298246383667,
            -0.19729718565940857
        ],
        [
            0.21662983298301697,
            -0.6953787803649902,
            -0.19335554540157318
        ],
        [
            0.21820610761642456,
            -0.695099949836731,
            -0.19556131958961487
        ],
        [
            0.21622340381145477,
            -0.6944915056228638,
            -0.20047453045845032
        ],
        [
            0.21895159780979156,
            -0.6958993673324585,
            -0.1901131570339203
        ],
        [
            0.21998724341392517,
            -0.6959693431854248,
            -0.18863452970981598
        ],
        [
            0.2207379937171936,
            -0.6962190270423889,
            -0.19022217392921448
        ],
        [
            0.2194298356771469,
            -0.696125864982605,
            -0.190870463848114
        ],
        [
            0.21782061457633972,
            -0.6957359313964844,
            -0.1921452283859253
        ],
        [
            0.21631430089473724,
            -0.6941249370574951,
            -0.1920413374900818
        ],
        [
            0.2180495709180832,
            -0.695098876953125,
            -0.19053727388381958
        ],
        [
            0.21389023959636688,
            -0.6921987533569336,
            -0.19543644785881042
        ],
        [
            0.2046481966972351,
            -0.6875314712524414,
            -0.20630568265914917
        ],
        [
            0.2078193575143814,
            -0.6880609393119812,
            -0.20349639654159546
        ],
        [
            0.20799292623996735,
            -0.6922857761383057,
            -0.20559102296829224
        ],
        [
            0.20541131496429443,
            -0.6921020150184631,
            -0.20821666717529297
        ],
        [
            0.22058135271072388,
            -0.6969146132469177,
            -0.19337329268455505
        ],
        [
            0.22326786816120148,
            -0.6979742050170898,
            -0.19237905740737915
        ],
        [
            0.2223254293203354,
            -0.6984418630599976,
            -0.1979980617761612
        ],
        [
            0.22000998258590698,
            -0.6968258023262024,
            -0.19686907529830933
        ],
        [
            0.2263985574245453,
            -0.6991707682609558,
            -0.1917393058538437
        ],
        [
            0.2229587286710739,
            -0.6972724199295044,
            -0.1892116665840149
        ],
        [
            0.22559526562690735,
            -0.6979079246520996,
            -0.18774592876434326
        ],
        [
            0.21880415081977844,
            -0.6946834921836853,
            -0.1880846917629242
        ],
        [
            0.21994701027870178,
            -0.6939531564712524,
            -0.1848830282688141
        ],
        [
            0.22183461487293243,
            -0.6952959299087524,
            -0.1865537464618683
        ],
        [
            0.2170252948999405,
            -0.6914252042770386,
            -0.18468323349952698
        ],
        [
            0.21629923582077026,
            -0.6928490400314331,
            -0.18921583890914917
        ],
        [
            0.21347305178642273,
            -0.6901516914367676,
            -0.19210779666900635
        ],
        [
            0.21007782220840454,
            -0.6873118877410889,
            -0.19610536098480225
        ],
        [
            0.2091376930475235,
            -0.6851234436035156,
            -0.19040551781654358
        ],
        [
            0.21337738633155823,
            -0.688169002532959,
            -0.18680432438850403
        ],
        [
            0.2252482771873474,
            -0.701836347579956,
            -0.19841930270195007
        ],
        [
            0.22460009157657623,
            -0.6953374147415161,
            -0.18281090259552002
        ],
        [
            0.23021341860294342,
            -0.6997602581977844,
            -0.18415477871894836
        ],
        [
            0.22216616570949554,
            -0.6923442482948303,
            -0.17979052662849426
        ],
        [
            0.2184319645166397,
            -0.689362645149231,
            -0.17847949266433716
        ],
        [
            0.21364377439022064,
            -0.6859673261642456,
            -0.17968356609344482
        ],
        [
            0.20859241485595703,
            -0.6822499632835388,
            -0.18283486366271973
        ],
        [
            0.1922668218612671,
            -0.6678533554077148,
            -0.16755720973014832
        ],
        [
            0.20014098286628723,
            -0.6729074716567993,
            -0.16340312361717224
        ],
        [
            0.2613571286201477,
            -0.7534921169281006,
            -0.2310332953929901
        ],
        [
            0.2675354480743408,
            -0.7532737255096436,
            -0.2244553118944168
        ],
        [
            0.26309850811958313,
            -0.7501809597015381,
            -0.21675005555152893
        ],
        [
            0.2657475769519806,
            -0.7516946792602539,
            -0.2167658805847168
        ],
        [
            0.26267826557159424,
            -0.7516055703163147,
            -0.2226601541042328
        ],
        [
            0.2608534097671509,
            -0.7498215436935425,
            -0.22087126970291138
        ],
        [
            0.2668249309062958,
            -0.7520870566368103,
            -0.1953117698431015
        ],
        [
            0.26485973596572876,
            -0.7512468695640564,
            -0.20191147923469543
        ],
        [
            0.2630290389060974,
            -0.7492293119430542,
            -0.19885244965553284
        ],
        [
            0.26536092162132263,
            -0.7470641136169434,
            -0.19079619646072388
        ],
        [
            0.25558990240097046,
            -0.7402000427246094,
            -0.20384247601032257
        ],
        [
            0.25879865884780884,
            -0.7426013350486755,
            -0.20003044605255127
        ],
        [
            0.2592065632343292,
            -0.7465341091156006,
            -0.2070220708847046
        ],
        [
            0.25697851181030273,
            -0.7447081804275513,
            -0.2098298817873001
        ],
        [
            0.25417712330818176,
            -0.7436621189117432,
            -0.21291634440422058
        ],
        [
            0.25089550018310547,
            -0.7434660196304321,
            -0.2159934937953949
        ],
        [
            0.24871355295181274,
            -0.739753007888794,
            -0.21276095509529114
        ],
        [
            0.25210845470428467,
            -0.7394589185714722,
            -0.2084449827671051
        ],
        [
            0.25801441073417664,
            -0.752537727355957,
            -0.22722069919109344
        ],
        [
            0.25133129954338074,
            -0.7530708909034729,
            -0.23021578788757324
        ],
        [
            0.25100839138031006,
            -0.7510414123535156,
            -0.22756263613700867
        ],
        [
            0.2567574977874756,
            -0.7502323389053345,
            -0.22523044049739838
        ],
        [
            0.23777778446674347,
            -0.7507272958755493,
            -0.22560882568359375
        ],
        [
            0.24026724696159363,
            -0.7517379522323608,
            -0.2270697057247162
        ],
        [
            0.2382429540157318,
            -0.7525729537010193,
            -0.23035794496536255
        ],
        [
            0.23522192239761353,
            -0.7498295307159424,
            -0.22787505388259888
        ],
        [
            0.23588283360004425,
            -0.747207522392273,
            -0.22527733445167542
        ],
        [
            0.23827676475048065,
            -0.7490285634994507,
            -0.22438465058803558
        ],
        [
            0.28312766551971436,
            -0.8011537790298462,
            -0.2496088594198227
        ],
        [
            0.27466750144958496,
            -0.7837437391281128,
            -0.25061190128326416
        ],
        [
            0.28933969140052795,
            -0.8008934855461121,
            -0.23003801703453064
        ],
        [
            0.28950321674346924,
            -0.7981705665588379,
            -0.21182182431221008
        ],
        [
            0.2875279188156128,
            -0.7920287847518921,
            -0.19456934928894043
        ],
        [
            0.23775231838226318,
            -0.7050706148147583,
            -0.16581836342811584
        ],
        [
            0.23312176764011383,
            -0.7018246650695801,
            -0.1564851999282837
        ],
        [
            0.2387235313653946,
            -0.7136778235435486,
            -0.14740057289600372
        ],
        [
            0.2313455045223236,
            -0.7088159322738647,
            -0.13983453810214996
        ],
        [
            0.22596140205860138,
            -0.6966002583503723,
            -0.14974096417427063
        ],
        [
            0.2066672146320343,
            -0.6847007274627686,
            -0.14561395347118378
        ],
        [
            0.21716341376304626,
            -0.6903753280639648,
            -0.14587238430976868
        ],
        [
            0.22185441851615906,
            -0.7044469714164734,
            -0.13338330388069153
        ],
        [
            0.22862571477890015,
            -0.7221136093139648,
            -0.12413296103477478
        ],
        [
            0.23617605865001678,
            -0.7230236530303955,
            -0.13266518712043762
        ],
        [
            0.23411889374256134,
            -0.7414378523826599,
            -0.12023279070854187
        ],
        [
            0.21850065886974335,
            -0.7228999137878418,
            -0.11444263160228729
        ],
        [
            0.22872738540172577,
            -0.7460907101631165,
            -0.1146935299038887
        ],
        [
            0.19431349635124207,
            -0.6945511102676392,
            -0.1112542375922203
        ],
        [
            0.19139590859413147,
            -0.6883127689361572,
            -0.10403260588645935
        ],
        [
            0.19796328246593475,
            -0.7002456784248352,
            -0.09092190861701965
        ],
        [
            0.2019628882408142,
            -0.7064898014068604,
            -0.09832286834716797
        ],
        [
            0.24308215081691742,
            -0.7244535088539124,
            -0.14166821539402008
        ],
        [
            0.27458715438842773,
            -0.7690761685371399,
            -0.17576304078102112
        ],
        [
            0.27422019839286804,
            -0.7628331184387207,
            -0.1862773597240448
        ],
        [
            0.26924198865890503,
            -0.7613045573234558,
            -0.16631411015987396
        ],
        [
            0.29544010758399963,
            -0.8263065814971924,
            -0.1893693506717682
        ],
        [
            0.29478687047958374,
            -0.8129483461380005,
            -0.20238706469535828
        ],
        [
            0.2916310429573059,
            -0.8044458627700806,
            -0.18685351312160492
        ],
        [
            0.29332420229911804,
            -0.8180678486824036,
            -0.17647793889045715
        ],
        [
            0.2886143624782562,
            -0.851699948310852,
            -0.2264312207698822
        ],
        [
            0.28942275047302246,
            -0.8269869089126587,
            -0.23973381519317627
        ],
        [
            0.29269787669181824,
            -0.8211830854415894,
            -0.22250457108020782
        ],
        [
            0.2931815981864929,
            -0.8403271436691284,
            -0.21060077846050262
        ],
        [
            0.29129576683044434,
            -0.8268080949783325,
            -0.16636301577091217
        ],
        [
            0.28646519780158997,
            -0.8392058610916138,
            -0.15319672226905823
        ],
        [
            0.28732582926750183,
            -0.8562604188919067,
            -0.15771058201789856
        ],
        [
            0.29316020011901855,
            -0.8431923389434814,
            -0.17552626132965088
        ],
        [
            0.28265759348869324,
            -0.877610981464386,
            -0.16863828897476196
        ],
        [
            0.29001447558403015,
            -0.8620320558547974,
            -0.1900961846113205
        ],
        [
            0.21766942739486694,
            -0.7417499423027039,
            -0.10234660655260086
        ],
        [
            0.2257767766714096,
            -0.7581347227096558,
            -0.10831878334283829
        ],
        [
            0.20782437920570374,
            -0.7133662104606628,
            -0.10790476202964783
        ],
        [
            0.2104947417974472,
            -0.7287597060203552,
            -0.0962236151099205
        ],
        [
            0.27159184217453003,
            -0.8950644731521606,
            -0.1810857206583023
        ],
        [
            0.28183358907699585,
            -0.8773467540740967,
            -0.20658892393112183
        ],
        [
            0.25312909483909607,
            -0.853211522102356,
            -0.11162872612476349
        ],
        [
            0.2650120258331299,
            -0.8618475198745728,
            -0.1252516508102417
        ],
        [
            0.26992976665496826,
            -0.8414757251739502,
            -0.1273282915353775
        ],
        [
            0.25835201144218445,
            -0.8363391160964966,
            -0.1143956184387207
        ],
        [
            0.24336330592632294,
            -0.8710639476776123,
