{
    "pred_cam": [
        1.1926885843276978,
        0.012295188382267952,
        0.16942718625068665
    ],
    "pred_smpl_params": {
        "global_orient": [
            [
                [
                    0.9556688666343689,
                    0.21251460909843445,
                    0.20380041003227234
                ],
                [
                    0.20089082419872284,
                    -0.9766324758529663,
                    0.07636671513319016
                ],
                [
                    0.2152671366930008,
                    -0.03203966096043587,
                    -0.9760295152664185
                ]
            ]
        ],
        "body_pose": [
            [
                [
                    0.9934334754943848,
                    0.04404749348759651,
                    -0.10559181123971939
                ],
                [
                    -0.022664789110422134,
                    0.9803948998451233,
                    0.1957346349954605
                ],
                [
                    0.11214330792427063,
                    -0.19205614924430847,
                    0.9749554395675659
                ]
            ],
            [
                [
                    0.9989966154098511,
                    0.01054973341524601,
                    -0.043526023626327515
                ],
                [
                    -0.0027646946255117655,
                    0.9845335483551025,
                    0.1751745045185089
                ],
                [
                    0.044700875878334045,
                    -0.17487840354442596,
                    0.9835748672485352
                ]
            ],
            [
                [
                    0.9959259629249573,
                    0.007730153854936361,
                    0.08984208852052689
                ],
                [
                    0.014233439229428768,
                    0.9703530669212341,
                    -0.24127234518527985
                ],
                [
                    -0.08904360979795456,
                    0.2415681928396225,
                    0.966289758682251
                ]
            ],
            [
                [
                    0.9861142635345459,
                    -0.06491133570671082,
                    -0.15285661816596985
                ],
                [
                    -0.04777209460735321,
                    0.7706598043441772,
                    -0.6354537010192871
                ],
                [
                    0.15904858708381653,
                    0.6339322328567505,
                    0.756857693195343
                ]
            ],
            [
                [
                    0.9928038120269775,
                    -0.1160639077425003,
                    0.029488954693078995
                ],
                [
                    0.10876810550689697,
                    0.7709557414054871,
                    -0.6275322437286377
                ],
                [
                    0.05009916052222252,
                    0.6262239217758179,
                    0.7780318260192871
                ]
            ],
            [
                [
                    0.9947001934051514,
                    0.01568303257226944,
                    0.10161468386650085
                ],
                [
                    -0.012129408307373524,
                    0.999296247959137,
                    -0.035495560616254807
                ],
                [
                    -0.10209984332323074,
                    0.03407491743564606,
                    0.9941903948783875
                ]
            ],
            [
                [
                    0.9876836538314819,
                    0.03825095295906067,
                    0.15171673893928528
                ],
                [
                    -0.04382958635687828,
                    0.9984740018844604,
                    0.033596497029066086
                ],
                [
                    -0.15020011365413666,
                    -0.03983238711953163,
                    0.9878529906272888
                ]
            ],
            [
                [
                    0.9889596104621887,
                    -0.007307413499802351,
                    -0.14800478518009186
                ],
                [
                    0.013389351777732372,
                    0.9991044402122498,
                    0.04013819992542267
                ],
                [
                    0.14757892489433289,
                    -0.04167674854397774,
                    0.9881717562675476
                ]
            ],
            [
                [
                    0.996932327747345,
                    -0.004830010235309601,
                    0.07811902463436127
                ],
                [
                    0.010582715272903442,
                    0.9972468614578247,
                    -0.07339487224817276
                ],
                [
                    -0.07754944264888763,
                    0.07399643212556839,
                    0.9942387342453003
                ]
            ],
            [
                [
                    0.9918019771575928,
                    -0.12695133686065674,
                    0.014569359831511974
                ],
                [
                    0.12295202165842056,
                    0.9791293144226074,
                    0.16182872653007507
                ],
                [
                    -0.0348096638917923,
                    -0.15871070325374603,
                    0.986711323261261
                ]
            ],
            [
                [
                    0.9956350326538086,
                    0.09332074224948883,
                    -0.0014806118560954928
                ],
                [
                    -0.09197495132684708,
                    0.9837256073951721,
                    0.15435189008712769
                ],
                [
                    0.015860751271247864,
                    -0.15354196727275848,
                    0.9880148768424988
                ]
            ],
            [
                [
                    0.9996246099472046,
                    0.026914790272712708,
                    0.005108498968183994
                ],
                [
                    -0.0266551710665226,
                    0.9986106157302856,
                    -0.04545702412724495
                ],
                [
                    -0.006324866786599159,
                    0.04530379921197891,
                    0.9989531636238098
                ]
            ],
            [
                [
                    0.9327711462974548,
                    0.3570871651172638,
                    -0.04926200211048126
                ],
                [
                    -0.3577103018760681,
                    0.9338232278823853,
                    -0.004172446671873331
                ],
                [
                    0.044512078166007996,
                    0.02151346392929554,
                    0.9987770915031433
                ]
            ],
            [
                [
                    0.8885583281517029,
                    -0.37018436193466187,
                    0.2709752023220062
                ],
                [
                    0.38134765625,
                    0.9243500232696533,
                    0.012290066108107567
                ],
                [
                    -0.2550255060195923,
                    0.09241530299186707,
                    0.9625078439712524
                ]
            ],
            [
                [
                    0.9999527335166931,
                    0.009288376197218895,
                    -0.002883526962250471
                ],
                [
                    -0.009724544361233711,
                    0.9593791961669922,
                    -0.2819522023200989
                ],
                [
                    0.00014751976414117962,
                    0.281966894865036,
                    0.9594241976737976
                ]
            ],
            [
                [
                    0.44206154346466064,
                    0.848078727722168,
                    -0.292137086391449
                ],
                [
                    -0.8880879878997803,
                    0.45957088470458984,
                    -0.009711794555187225
                ],
                [
                    0.1260213553905487,
                    0.26373663544654846,
                    0.9563271403312683
                ]
            ],
            [
                [
                    0.41929104924201965,
                    -0.7893072962760925,
                    0.44854089617729187
                ],
                [
                    0.8642937541007996,
                    0.49825242161750793,
                    0.0688536986708641
                ],
                [
                    -0.27783334255218506,
                    0.35880133509635925,
                    0.891106128692627
                ]
            ],
            [
                [
                    0.3812243342399597,
                    -0.36268407106399536,
                    -0.8503694534301758
                ],
                [
                    0.2528769075870514,
                    0.9256619811058044,
                    -0.2814306318759918
                ],
                [
                    0.8892250657081604,
                    -0.10775058716535568,
                    0.44459930062294006
                ]
            ],
            [
                [
                    0.6733274459838867,
                    0.16637279093265533,
                    0.720382034778595
                ],
                [
                    0.0699872374534607,
                    0.955634355545044,
                    -0.2861202657222748
                ],
                [
                    -0.7360243797302246,
                    0.24307018518447876,
                    0.6318108439445496
                ]
            ],
            [
                [
                    0.9906783103942871,
                    -0.1354074627161026,
                    -0.014876813627779484
                ],
                [
                    0.136222243309021,
                    0.9848233461380005,
                    0.10754723846912384
                ],
                [
                    8.833359606796876e-05,
                    -0.10857126116752625,
                    0.9940886497497559
                ]
            ],
            [
                [
                    0.996893048286438,
                    0.07747112214565277,
                    0.014231191948056221
                ],
                [
                    -0.07728178799152374,
                    0.9969192147254944,
                    -0.01340521965175867
                ],
                [
                    -0.015225864946842194,
                    0.012263758108019829,
                    0.9998089671134949
                ]
            ],
            [
                [
                    0.9680260419845581,
                    0.22742897272109985,
                    -0.10583723336458206
                ],
                [
                    -0.2128341943025589,
                    0.9679495096206665,
                    0.1333242803812027
                ],
                [
                    0.13276690244674683,
                    -0.10653560608625412,
                    0.9854049682617188
                ]
            ],
            [
                [
                    0.9725545644760132,
                    -0.21880431473255157,
                    0.07913445681333542
                ],
                [
                    0.2051449567079544,
                    0.9668436646461487,
                    0.15208180248737335
                ],
                [
                    -0.10978680849075317,
                    -0.13167381286621094,
                    0.9851948022842407
                ]
            ]
        ],
        "betas": [
            0.04604716598987579,
            0.05873313546180725,
            0.052665501832962036,
            0.5859192609786987,
            0.022031068801879883,
            0.015834245830774307,
            -0.024714142084121704,
            0.004072710871696472,
            0.10413821786642075,
            -0.042638540267944336
        ]
    },
    "pred_cam_t": [
        0.012295188382267952,
        0.16942718625068665,
        32.75163269042969
    ],
    "focal_length": [
        5000.0,
        5000.0
    ],
    "pred_keypoints_3d": [
        [
            0.22244416177272797,
            -0.7179204821586609,
            -0.23755717277526855
        ],
        [
            0.1282934993505478,
            -0.7154347896575928,
            -0.0698893666267395
        ],
        [
            -0.0538865327835083,
            -0.6347460746765137,
            -0.13368092477321625
        ],
        [
            -0.1084112599492073,
            -0.39156007766723633,
            -0.08516935259103775
        ],
        [
            0.03178829699754715,
            -0.18399904668331146,
            -0.1339648813009262
        ],
        [
            0.2575969696044922,
            -0.6065141558647156,
            0.045021817088127136
        ],
        [
            0.19755330681800842,
            -0.37299132347106934,
            0.1441207230091095
        ],
        [
            0.27020615339279175,
            -0.2069910764694214,
            -0.027618244290351868
        ],
        [
            -0.002346918685361743,
            -0.22931143641471863,
            0.026910455897450447
        ],
        [
            -0.08550453931093216,
            -0.15466216206550598,
            0.020365074276924133
        ],
        [
            -0.1937345564365387,
            0.2084517776966095,
            -0.03245772793889046
        ],
        [
            -0.24075105786323547,
            0.5199650526046753,
            0.21113449335098267
        ],
        [
            0.04132303223013878,
            -0.126988023519516,
            0.051378004252910614
        ],
        [
            -0.004024036228656769,
            0.24037772417068481,
            -0.0038521476089954376
        ],
        [
            -0.08470303565263748,
            0.5505057573318481,
            0.23206502199172974
        ],
        [
            0.19879554212093353,
            -0.7741775512695312,
            -0.2470417469739914
        ],
        [
            0.2575618624687195,
            -0.7643295526504517,
            -0.2170408070087433
        ],
        [
            0.12875927984714508,
            -0.8256685733795166,
            -0.18832211196422577
        ],
        [
            0.2599555552005768,
            -0.8040848970413208,
            -0.12222925573587418
        ],
        [
            -0.10545805096626282,
            0.6854854822158813,
            0.085694819688797
        ],
        [
            -0.03940114751458168,
            0.6820900440216064,
            0.13712289929389954
        ],
        [
            -0.08260561525821686,
            0.5537391901016235,
            0.30171728134155273
        ],
        [
            -0.24785654246807098,
            0.6548362374305725,
            0.06397420167922974
        ],
        [
            -0.32046353816986084,
            0.6271325349807739,
            0.10548949241638184
        ],
        [
            -0.24983306229114532,
            0.5290583372116089,
            0.2829760015010834
        ],
        [
            -0.2553737163543701,
            0.4610839784145355,
            0.20644454658031464
        ],
        [
            -0.17781297862529755,
            0.14760035276412964,
            -0.03549577295780182
        ],
        [
            -0.13460364937782288,
            -0.29116326570510864,
            0.005296621471643448
        ],
        [
            0.13341692090034485,
            -0.21751177310943604,
            0.0800095722079277
        ],
        [
            0.013518338091671467,
            0.20249870419502258,
            -0.0035318806767463684
        ],
        [
            -0.06720095872879028,
            0.5108106732368469,
            0.23669633269309998
        ],
        [
            0.04653320461511612,
            -0.21845155954360962,
            -0.13778862357139587
        ],
        [
            -0.10509960353374481,
            -0.40322384238243103,
            -0.12449875473976135
        ],
        [
            -0.015462341718375683,
            -0.6652665138244629,
            -0.12169686704874039
        ],
        [
            0.23711606860160828,
            -0.6405795812606812,
            0.0274839885532856
        ],
        [
            0.2450847625732422,
            -0.38947951793670654,
            0.12613075971603394
        ],
        [
            0.27773791551589966,
            -0.22863271832466125,
            -0.02507362887263298
        ],
        [
            0.13175413012504578,
            -0.701756477355957,
            -0.072718545794487
        ],
        [
            0.22310853004455566,
            -0.8466071486473083,
            -0.19172018766403198
        ],
        [
            -0.000132770263007842,
            -0.25442299246788025,
            0.04316939041018486
        ],
        [
            0.10951445996761322,
            -0.6509678363800049,
            -0.04927234724164009
        ],
        [
            0.05426274985074997,
            -0.49769094586372375,
            0.014122086577117443
        ],
        [
            0.19484837353229523,
            -0.739103376865387,
            -0.1644180566072464
        ],
        [
            0.22387728095054626,
            -0.8671780228614807,
            -0.19629301130771637
        ]
    ],
    "pred_vertices": [
        [
            0.2859860062599182,
            -0.7998446226119995,
            -0.23482373356819153
        ],
        [
            0.2770562469959259,
            -0.7853807210922241,
            -0.23557031154632568
        ],
        [
            0.28270578384399414,
            -0.7862362861633301,
            -0.2223707139492035
        ],
        [
            0.2890632152557373,
            -0.799233078956604,
            -0.21745967864990234
        ],
        [
            0.27727529406547546,
            -0.7762494087219238,
            -0.22415976226329803
        ],
        [
            0.27124375104904175,
            -0.7748284935951233,
            -0.23444783687591553
        ],
        [
            0.2831276059150696,
            -0.7864301204681396,
            -0.208403542637825
        ],
        [
            0.28731265664100647,
            -0.7970185279846191,
            -0.20121072232723236
        ],
        [
            0.271022766828537,
            -0.7635412216186523,
            -0.1798045039176941
        ],
        [
            0.2698863744735718,
            -0.7647082805633545,
            -0.1687140017747879
        ],
        [
            0.2749481797218323,
            -0.7736102342605591,
            -0.17582285404205322
        ],
        [
            0.2735329270362854,
            -0.770499587059021,
            -0.1856403946876526
        ],
        [
            0.25903281569480896,
            -0.7449227571487427,
            -0.16560572385787964
        ],
        [
            0.25273656845092773,
            -0.7335026264190674,
            -0.1703680455684662
        ],
        [
            0.24832570552825928,
            -0.7315233945846558,
            -0.15781830251216888
        ],
        [
            0.2533436119556427,
            -0.743037223815918,
            -0.15259313583374023
        ],
        [
            0.23687782883644104,
            -0.7359765768051147,
            -0.20971262454986572
        ],
        [
            0.2389283925294876,
            -0.7304548025131226,
            -0.20326513051986694
        ],
        [
            0.24455317854881287,
            -0.7357435822486877,
            -0.20402362942695618
        ],
        [
            0.2414637804031372,
            -0.7408785820007324,
            -0.21013574302196503
        ],
        [
            0.23443730175495148,
            -0.7415339946746826,
            -0.22355137765407562
        ],
        [
            0.23632967472076416,
            -0.7477865219116211,
            -0.22306948900222778
        ],
        [
            0.2353682816028595,
            -0.7485082149505615,
            -0.23105207085609436
        ],
        [
            0.23429708182811737,
            -0.7409418821334839,
            -0.23159250617027283
        ],
        [
            0.23025162518024445,
            -0.7324131727218628,
            -0.2098667174577713
        ],
        [
            0.23237505555152893,
            -0.7268741130828857,
            -0.20281091332435608
        ],
        [
            0.23541802167892456,
            -0.7402483820915222,
            -0.21577319502830505
        ],
        [
            0.2327035367488861,
            -0.7357661724090576,
            -0.21651673316955566
        ],
        [
            0.2314707338809967,
            -0.7250548005104065,
            -0.22303852438926697
        ],
        [
            0.23409703373908997,
            -0.7294682264328003,
            -0.2233503758907318
        ],
        [
            0.2338048666715622,
            -0.7267879247665405,
            -0.23073960840702057
        ],
        [
            0.23037242889404297,
            -0.7228975296020508,
            -0.2283034771680832
        ],
        [
            0.2304973006248474,
            -0.729604959487915,
            -0.21421241760253906
        ],
        [
            0.23304340243339539,
            -0.73023921251297,
            -0.2175142616033554
        ],
        [
            0.23028892278671265,
            -0.7261971831321716,
            -0.21872445940971375
        ],
        [
            0.22712428867816925,
            -0.7265201807022095,
            -0.21590374410152435
        ],
        [
            0.23327580094337463,
            -0.7365132570266724,
            -0.2239971160888672
        ],
        [
            0.23387062549591064,
            -0.7342530488967896,
            -0.2316097468137741
        ],
        [
            0.23338888585567474,
            -0.7317646145820618,
            -0.23957514762878418
        ],
        [
            0.2320452779531479,
            -0.7230285406112671,
            -0.23787526786327362
        ],
        [
            0.24115407466888428,
            -0.721799910068512,
            -0.18672600388526917
        ],
        [
            0.24088948965072632,
            -0.725520133972168,
            -0.19559067487716675
        ],
        [
            0.23457083106040955,
            -0.7221864461898804,
            -0.19587063789367676
        ],
        [
            0.23568376898765564,
            -0.7187694311141968,
            -0.18882107734680176
        ],
        [
            0.22575116157531738,
            -0.7258996963500977,
            -0.21123045682907104
        ],
        [
            0.22286418080329895,
            -0.7125911712646484,
            -0.20209245383739471
        ],
        [
            0.2246919870376587,
            -0.7154554128646851,
            -0.20395150780677795
        ],
        [
            0.22111296653747559,
            -0.7145901322364807,
            -0.21022343635559082
        ],
        [
            0.2199125587940216,
            -0.7119221687316895,
            -0.20803561806678772
        ],
        [
            0.2369655817747116,
            -0.7147625684738159,
            -0.1709858775138855
        ],
        [
            0.23318247497081757,
            -0.7119762897491455,
            -0.17658665776252747
        ],
        [
            0.22995807230472565,
            -0.7079401016235352,
            -0.17111369967460632
        ],
        [
            0.23225566744804382,
            -0.710586667060852,
            -0.1643204391002655
        ],
        [
            0.22526270151138306,
            -0.7042326331138611,
            -0.1688540279865265
        ],
        [
            0.22698508203029633,
            -0.7064114809036255,
            -0.15894103050231934
        ],
        [
            0.21367156505584717,
            -0.6958087086677551,
            -0.1568697988986969
        ],
        [
            0.22003388404846191,
            -0.7007071375846863,
            -0.15729700028896332
        ],
        [
            0.21978522837162018,
            -0.699897289276123,
            -0.1685115396976471
        ],
        [
            0.21413105726242065,
            -0.6945961713790894,
            -0.17102397978305817
        ],
        [
            0.20833604037761688,
            -0.6950390338897705,
            -0.18508276343345642
        ],
        [
            0.20371659100055695,
            -0.6933037638664246,
            -0.18924358487129211
        ],
        [
            0.2023816704750061,
            -0.684090256690979,
            -0.17981746792793274
        ],
        [
            0.2078848034143448,
            -0.6882596015930176,
            -0.17556536197662354
        ],
        [
            0.2189619541168213,
            -0.7103977203369141,
            -0.19603511691093445
        ],
        [
            0.22144025564193726,
            -0.7116567492485046,
            -0.19207260012626648
        ],
        [
            0.22303137183189392,
            -0.7114264965057373,
            -0.19430920481681824
        ],
        [
            0.2210528552532196,
            -0.7108150720596313,
            -0.1992330104112625
        ],
        [
            0.223777174949646,
            -0.7121840119361877,
            -0.18878987431526184
        ],
        [
            0.22483034431934357,
            -0.7122692465782166,
            -0.1873033344745636
        ],
        [
            0.22557669878005981,
            -0.7125589847564697,
            -0.18893131613731384
        ],
        [
            0.22426709532737732,
            -0.7124379277229309,
            -0.18955662846565247
        ],
        [
            0.22264865040779114,
            -0.7120186686515808,
            -0.19082163274288177
        ],
        [
            0.22114978730678558,
            -0.7103368043899536,
            -0.1907019168138504
        ],
        [
            0.22287404537200928,
            -0.7113480567932129,
            -0.1891970932483673
        ],
        [
            0.21874980628490448,
            -0.7083550691604614,
            -0.19410556554794312
        ],
        [
            0.2094980627298355,
            -0.7037302851676941,
            -0.20506997406482697
        ],
        [
            0.21269474923610687,
            -0.7042402029037476,
            -0.20222388207912445
        ],
        [
            0.21283698081970215,
            -0.7085528373718262,
            -0.2043609470129013
        ],
        [
            0.21023079752922058,
            -0.7083654999732971,
            -0.20700368285179138
        ],
        [
            0.22540923953056335,
            -0.71327805519104,
            -0.19211366772651672
        ],
        [
            0.2281249761581421,
            -0.7143641710281372,
            -0.19114455580711365
        ],
        [
            0.22719420492649078,
            -0.7148241996765137,
            -0.19680780172348022
        ],
        [
            0.22485461831092834,
            -0.7131779193878174,
            -0.1956530660390854
        ],
        [
            0.23124299943447113,
            -0.7156373262405396,
            -0.19045650959014893
        ],
        [
            0.22781656682491302,
            -0.7136313915252686,
            -0.18791046738624573
        ],
        [
            0.2304317057132721,
            -0.7143211364746094,
            -0.18642657995224
        ],
        [
            0.22364309430122375,
            -0.7109191417694092,
            -0.18672582507133484
        ],
        [
            0.22483305633068085,
            -0.710167646408081,
            -0.183503195643425
        ],
        [
            0.22670555114746094,
            -0.7116023302078247,
            -0.18520495295524597
        ],
        [
            0.22190558910369873,
            -0.707542896270752,
            -0.18327946960926056
        ],
        [
            0.2211325466632843,
            -0.7090136408805847,
            -0.1878453642129898
        ],
        [
            0.21832375228405,
            -0.7062382698059082,
            -0.1907397359609604
        ],
        [
            0.2149292528629303,
            -0.7033892869949341,
            -0.19474133849143982
        ],
        [
            0.21400095522403717,
            -0.7011221051216125,
            -0.18899565935134888
        ],
        [
            0.21825268864631653,
            -0.7042135000228882,
            -0.18539974093437195
        ],
        [
            0.2300448715686798,
            -0.7183499336242676,
            -0.1972184181213379
        ],
        [
            0.22950148582458496,
            -0.7116260528564453,
            -0.18145494163036346
        ],
        [
            0.23502781987190247,
            -0.716228723526001,
            -0.182798832654953
        ],
        [
            0.22710996866226196,
            -0.7085176706314087,
            -0.17839086055755615
        ],
        [
            0.22338183224201202,
            -0.7054274678230286,
            -0.1770319938659668
        ],
        [
            0.21855883300304413,
            -0.7019120454788208,
            -0.17825092375278473
        ],
        [
            0.21353261172771454,
            -0.6981245279312134,
            -0.18140369653701782
        ],
        [
            0.19734391570091248,
            -0.683356761932373,
            -0.16618691384792328
        ],
        [
            0.20514878630638123,
            -0.6884662508964539,
            -0.16200250387191772
        ],
        [
            0.2655393183231354,
            -0.7708138823509216,
            -0.22960326075553894
        ],
        [
            0.2717174291610718,
            -0.7706682085990906,
            -0.22300447523593903
        ],
        [
            0.2672345042228699,
            -0.7675905227661133,
            -0.2152917981147766
        ],
        [
            0.2699098587036133,
            -0.769091784954071,
            -0.2152993530035019
        ],
        [
            0.26682785153388977,
            -0.7690067291259766,
            -0.22121214866638184
        ],
        [
            0.2650075852870941,
            -0.7672086358070374,
            -0.21941988170146942
        ],
        [
            0.27098849415779114,
            -0.7693732380867004,
            -0.19379593431949615
        ],
        [
            0.2690039873123169,
            -0.7685850858688354,
            -0.20040026307106018
        ],
        [
            0.2671639323234558,
            -0.7665432691574097,
            -0.1973424255847931
        ],
        [
            0.26951703429222107,
            -0.7643481492996216,
            -0.18929128348827362
        ],
        [
            0.2597898244857788,
            -0.7573981285095215,
            -0.20235061645507812
        ],
        [
            0.2629645764827728,
            -0.7598452568054199,
            -0.1985200047492981
        ],
        [
            0.2633870542049408,
            -0.7637836933135986,
            -0.20550556480884552
        ],
        [
            0.2611633241176605,
            -0.7619556188583374,
            -0.20833024382591248
        ],
        [
            0.258360356092453,
            -0.7609204053878784,
            -0.21143731474876404
        ],
        [
            0.25507092475891113,
            -0.7607259750366211,
            -0.21455112099647522
        ],
        [
            0.2529240548610687,
            -0.7569564580917358,
            -0.21131321787834167
        ],
        [
            0.2563157379627228,
            -0.7566578388214111,
            -0.20695877075195312
        ],
        [
            0.2621733844280243,
            -0.769920289516449,
            -0.22576960921287537
        ],
        [
            0.255493700504303,
            -0.7704288363456726,
            -0.22878530621528625
        ],
        [
            0.2551962733268738,
            -0.7683858871459961,
            -0.22610417008399963
        ],
        [
            0.2609163820743561,
            -0.7676366567611694,
            -0.22375565767288208
        ],
        [
            0.2419312745332718,
            -0.7679824233055115,
            -0.22422462701797485
        ],
        [
            0.24442046880722046,
            -0.7690441608428955,
            -0.22565320134162903
        ],
        [
            0.24236689507961273,
            -0.7698843479156494,
            -0.22897189855575562
        ],
        [
            0.23936350643634796,
            -0.7670394778251648,
            -0.22651733458042145
        ],
        [
            0.24007391929626465,
            -0.7643736600875854,
            -0.2239222526550293
        ],
        [
            0.2424628585577011,
            -0.7662391662597656,
            -0.22301454842090607
        ],
        [
            0.28669700026512146,
            -0.818213701248169,
            -0.24807330965995789
        ],
        [
            0.27832427620887756,
            -0.8009747266769409,
            -0.2489302158355713
        ],
        [
            0.2928713262081146,
            -0.8180749416351318,
            -0.2284165322780609
        ],
        [
            0.29296839237213135,
            -0.8154510259628296,
            -0.21026399731636047
        ],
        [
            0.2911730706691742,
            -0.8093481063842773,
            -0.193011075258255
        ],
        [
            0.2424236685037613,
            -0.7216333150863647,
            -0.164381742477417
        ],
        [
            0.23781037330627441,
            -0.7182298898696899,
            -0.1549866497516632
        ],
        [
            0.24338969588279724,
            -0.730197548866272,
            -0.14590437710285187
        ],
        [
            0.23601403832435608,
            -0.7250537276268005,
            -0.1382235288619995
        ],
        [
            0.23067514598369598,
            -0.7127648591995239,
            -0.14818067848682404
        ],
        [
            0.21139322221279144,
            -0.7004952430725098,
            -0.14420823752880096
        ],
        [
            0.2219005823135376,
            -0.7063661813735962,
            -0.14434552192687988
        ],
        [
            0.22647017240524292,
            -0.7204058170318604,
            -0.13166683912277222
        ],
        [
            0.23316937685012817,
            -0.7382135391235352,
            -0.1222958192229271
        ],
        [
            0.24084703624248505,
            -0.7393718361854553,
            -0.13101905584335327
        ],
        [
            0.23831325769424438,
            -0.7577100396156311,
            -0.11818745732307434
        ],
        [
            0.2227875143289566,
            -0.7388615608215332,
            -0.11248460412025452
        ],
        [
            0.23273727297782898,
            -0.7622854709625244,
            -0.1124671921133995
        ],
        [
            0.1981545090675354,
            -0.7097694873809814,
            -0.10911008715629578
        ],
        [
            0.19502434134483337,
            -0.7031607627868652,
            -0.10159169137477875
        ],
        [
            0.2016519457101822,
            -0.7152381539344788,
            -0.08814771473407745
        ],
        [
            0.2057725489139557,
            -0.7218089699745178,
            -0.0958828330039978
        ],
        [
            0.24775877594947815,
            -0.7410227060317993,
            -0.14017146825790405
        ],
        [
            0.2785819470882416,
            -0.7861559391021729,
            -0.17414885759353638
        ],
        [
            0.27832719683647156,
            -0.7799749970436096,
            -0.18469727039337158
        ],
        [
            0.27325400710105896,
            -0.7783814668655396,
            -0.164695143699646
        ],
        [
            0.29868218302726746,
            -0.843237042427063,
            -0.1878768503665924
        ],
        [
            0.298189640045166,
            -0.8300950527191162,
            -0.2009049504995346
        ],
        [
            0.29516440629959106,
            -0.8216063380241394,
            -0.18534132838249207
        ],
        [
            0.2967585027217865,
            -0.8351702690124512,
            -0.17495721578598022
        ],
        [
            0.29147252440452576,
            -0.8684654235839844,
            -0.22508113086223602
        ],
        [
            0.2926042973995209,
            -0.8439638614654541,
            -0.23817221820354462
        ],
        [
            0.29585179686546326,
            -0.8382437229156494,
            -0.22102905809879303
        ],
        [
            0.29607632756233215,
            -0.8571780920028687,
            -0.20923122763633728
        ],
        [
            0.29447072744369507,
            -0.8437808752059937,
            -0.1649821698665619
        ],
        [
            0.2895314395427704,
            -0.8561464548110962,
            -0.15179499983787537
        ],
        [
            0.29069146513938904,
            -0.8732343912124634,
            -0.1565333753824234
        ],
        [
            0.2964054346084595,
            -0.8599287271499634,
            -0.17422735691070557
        ],
        [
            0.2859930992126465,
            -0.894619345664978,
            -0.16749855875968933
        ],
        [
            0.2931838929653168,
            -0.8789514303207397,
            -0.1889808475971222
        ],
        [
            0.22157327830791473,
            -0.7577868700027466,
            -0.10007348656654358
        ],
        [
            0.2294715940952301,
            -0.7743076086044312,
            -0.10598506033420563
        ],
        [
            0.21183007955551147,
            -0.7290149331092834,
            -0.10578233003616333
        ],
        [
            0.21436607837677002,
            -0.744434118270874,
            -0.09376934915781021
        ],
        [
            0.274966835975647,
            -0.9125192761421204,
            -0.18011200428009033
        ],
        [
            0.28493624925613403,
            -0.8942948579788208,
            -0.20565906167030334
        ],
        [
            0.2562483251094818,
            -0.8699291944503784,
            -0.10962972044944763
        ],
        [
            0.2682094871997833,
            -0.878608226776123,
            -0.12353003025054932
        ],
        [
            0.27295324206352234,
            -0.8582615256309509,
            -0.12567400932312012
        ],
        [
            0.26136407256126404,
            -0.8530486822128296,
            -0.11245787143707275
        ],
        [
            0.2465146780014038,
            -0.8875738382339478,
            -0.10924167931079865
        ],
        [
