{
    "pred_cam": [
        1.1918014287948608,
        0.01087876595556736,
        0.1873956024646759
    ],
    "pred_smpl_params": {
        "global_orient": [
            [
                [
                    0.9534862637519836,
                    0.21283762156963348,
                    0.21345724165439606
                ],
                [
                    0.20740759372711182,
                    -0.9770867228507996,
                    0.04778715595602989
                ],
                [
                    0.2187371551990509,
                    -0.0012917426647618413,
                    -0.9757829308509827
                ]
            ]
        ],
        "body_pose": [
            [
                [
                    0.9926055669784546,
                    0.04306838661432266,
                    -0.11348683387041092
                ],
                [
                    -0.01811092533171177,
                    0.9770205616950989,
                    0.21237431466579437
                ],
                [
                    0.12002559006214142,
                    -0.20874859392642975,
                    0.9705760478973389
                ]
            ],
            [
                [
                    0.9980270266532898,
                    0.028880253434181213,
                    -0.055748771876096725
                ],
                [
                    -0.01780274324119091,
                    0.981655478477478,
                    0.18983060121536255
                ],
                [
                    0.060208436101675034,
                    -0.18846359848976135,
                    0.980232834815979
                ]
            ],
            [
                [
                    0.9962304830551147,
                    -0.0065202550031244755,
                    0.08650033921003342
                ],
                [
                    0.028495635837316513,
                    0.9664317965507507,
                    -0.255338191986084
                ],
                [
                    -0.08193180710077286,
                    0.2568405568599701,
                    0.9629746079444885
                ]
            ],
            [
                [
                    0.9879291653633118,
                    -0.059165529906749725,
                    -0.14316260814666748
                ],
                [
                    -0.05005032196640968,
                    0.7527012228965759,
                    -0.6564570665359497
                ],
                [
                    0.14659827947616577,
                    0.6556983590126038,
                    0.7406542301177979
                ]
            ],
            [
                [
                    0.9904637932777405,
                    -0.137239009141922,
                    0.012121099047362804
                ],
                [
                    0.11118406802415848,
                    0.7442574501037598,
                    -0.6585733294487
                ],
                [
                    0.08136074244976044,
                    0.6536407470703125,
                    0.7524188756942749
                ]
            ],
            [
                [
                    0.9943253397941589,
                    0.015730926766991615,
                    0.10521197319030762
                ],
                [
                    -0.012495853006839752,
                    0.999430775642395,
                    -0.03133698180317879
                ],
                [
                    -0.10564503818750381,
                    0.02984444424510002,
                    0.9939559102058411
                ]
            ],
            [
                [
                    0.9905390739440918,
                    0.05264951288700104,
                    0.12672962248325348
                ],
                [
                    -0.05818946287035942,
                    0.9974871277809143,
                    0.04041442275047302
                ],
                [
                    -0.12428337335586548,
                    -0.0474063903093338,
                    0.9911136031150818
                ]
            ],
            [
                [
                    0.9894380569458008,
                    -0.029290227219462395,
                    -0.14196565747261047
                ],
                [
                    0.037450313568115234,
                    0.9977753758430481,
                    0.05515192821621895
                ],
                [
                    0.14003442227840424,
                    -0.059886083006858826,
                    0.9883338809013367
                ]
            ],
            [
                [
                    0.9968081712722778,
                    -0.009652791544795036,
                    0.07924851775169373
                ],
                [
                    0.017038194462656975,
                    0.9955152869224548,
                    -0.0930529236793518
                ],
                [
                    -0.07799489796161652,
                    0.09410616010427475,
                    0.9925022125244141
                ]
            ],
            [
                [
                    0.9878039956092834,
                    -0.15121181309223175,
                    0.03712565824389458
                ],
                [
                    0.14160482585430145,
                    0.9715964198112488,
                    0.18960091471672058
                ],
                [
                    -0.06474105268716812,
                    -0.18203134834766388,
                    0.9811591506004333
                ]
            ],
            [
                [
                    0.99287348985672,
                    0.11887259036302567,
                    -0.008459724485874176
                ],
                [
                    -0.11561556905508041,
                    0.9780188202857971,
                    0.17352895438671112
                ],
                [
                    0.028901604935526848,
                    -0.17131420969963074,
                    0.9847924709320068
                ]
            ],
            [
                [
                    0.9993993639945984,
                    0.02221423014998436,
                    0.026598334312438965
                ],
                [
                    -0.021751515567302704,
                    0.9996091723442078,
                    -0.01756148226559162
                ],
                [
                    -0.026978053152561188,
                    0.016972379758954048,
                    0.9994919896125793
                ]
            ],
            [
                [
                    0.9194192290306091,
                    0.39026427268981934,
                    -0.048601485788822174
                ],
                [
                    -0.3908572196960449,
                    0.9204465746879578,
                    -0.002967805601656437
                ],
                [
                    0.043576840311288834,
                    0.021724898368120193,
                    0.9988138675689697
                ]
            ],
            [
                [
                    0.8772186636924744,
                    -0.4016086757183075,
                    0.26305505633354187
                ],
                [
                    0.4154772460460663,
                    0.9095979928970337,
                    0.003185931360349059
                ],
                [
                    -0.2405538558959961,
                    0.10649862885475159,
                    0.9647756218910217
                ]
            ],
            [
                [
                    0.9995476007461548,
                    0.019271744415163994,
                    0.023093899711966515
                ],
                [
                    -0.011309164576232433,
                    0.952235996723175,
                    -0.3051535189151764
                ],
                [
                    -0.02787167765200138,
                    0.30475425720214844,
                    0.9520231485366821
                ]
            ],
            [
                [
                    0.43274644017219543,
                    0.8482427597045898,
                    -0.30531105399131775
                ],
                [
                    -0.8893849849700928,
                    0.4570653736591339,
                    0.009250203147530556
                ],
                [
                    0.14739352464675903,
                    0.26753607392311096,
                    0.9522078037261963
                ]
            ],
            [
                [
                    0.4210607707500458,
                    -0.78456711769104,
                    0.45515066385269165
                ],
                [
                    0.863717794418335,
                    0.5000340342521667,
                    0.06290791183710098
                ],
                [
                    -0.2769463360309601,
                    0.36663371324539185,
                    0.8881892561912537
                ]
            ],
            [
                [
                    0.35892224311828613,
                    -0.37185949087142944,
                    -0.8560931086540222
                ],
                [
                    0.30124399065971375,
                    0.9142762422561646,
                    -0.2708340287208557
                ],
                [
                    0.8834177851676941,
                    -0.1606845110654831,
                    0.44017452001571655
                ]
            ],
            [
                [
                    0.6915160417556763,
                    0.15537337958812714,
                    0.7054533958435059
                ],
                [
                    0.03929390758275986,
                    0.9670571684837341,
                    -0.25150811672210693
                ],
                [
                    -0.7212914824485779,
                    0.20164193212985992,
                    0.6626303195953369
                ]
            ],
            [
                [
                    0.9899811148643494,
                    -0.13908930122852325,
                    -0.024321891367435455
                ],
                [
                    0.14090777933597565,
                    0.9842395782470703,
                    0.10685200989246368
                ],
                [
                    0.009076599963009357,
                    -0.1092086136341095,
                    0.9939773678779602
                ]
            ],
            [
                [
                    0.9967012405395508,
                    0.08048015087842941,
                    0.010467044077813625
                ],
                [
                    -0.08032460510730743,
                    0.996662974357605,
                    -0.014519255608320236
                ],
                [
                    -0.011600627563893795,
                    0.013630599714815617,
                    0.9998397827148438
                ]
            ],
            [
                [
                    0.9690621495246887,
                    0.22134490311145782,
                    -0.10920140147209167
                ],
                [
                    -0.2074134647846222,
                    0.9701314568519592,
                    0.1257960945367813
                ],
                [
                    0.13378404080867767,
                    -0.09925439953804016,
                    0.9860275983810425
                ]
            ],
            [
                [
                    0.9726753234863281,
                    -0.21814686059951782,
                    0.07946491241455078
                ],
                [
                    0.20532959699630737,
                    0.9680237174034119,
                    0.14411748945713043
                ],
                [
                    -0.10836268961429596,
                    -0.12386302649974823,
                    0.9863647818565369
                ]
            ]
        ],
        "betas": [
            0.11569231748580933,
            0.3009112477302551,
            0.3265163004398346,
            1.4334665536880493,
            -0.05234891176223755,
            -0.026905234903097153,
            -0.04211196303367615,
            0.1292310655117035,
            0.11754494160413742,
            -0.034193217754364014
        ]
    },
    "pred_cam_t": [
        0.01087876595556736,
        0.1873956024646759,
        32.7760124206543
    ],
    "focal_length": [
        5000.0,
        5000.0
    ],
    "pred_keypoints_3d": [
        [
            0.23196877539157867,
            -0.7412394285202026,
            -0.24137738347053528
        ],
        [
            0.12900233268737793,
            -0.7340267300605774,
            -0.07453374564647675
        ],
        [
            -0.05621182918548584,
            -0.6466705203056335,
            -0.13349351286888123
        ],
        [
            -0.10393324494361877,
            -0.40552201867103577,
            -0.07779072225093842
        ],
        [
            0.031225264072418213,
            -0.19507791101932526,
            -0.12526844441890717
        ],
        [
            0.2569708824157715,
            -0.6220096349716187,
            0.045742105692625046
        ],
        [
            0.19079311192035675,
            -0.3873257339000702,
            0.13499514758586884
        ],
        [
            0.2747829258441925,
            -0.22831852734088898,
            -0.03808513283729553
        ],
        [
            -0.0031307325698435307,
            -0.23784880340099335,
            0.024231042712926865
        ],
        [
            -0.08348137140274048,
            -0.16310623288154602,
            0.01632808893918991
        ],
        [
            -0.1963566541671753,
            0.19429561495780945,
            -0.05593159794807434
        ],
        [
            -0.23674911260604858,
            0.5077840089797974,
            0.18252110481262207
        ],
        [
            0.037045687437057495,
            -0.13553059101104736,
            0.046080417931079865
        ],
        [
            -0.0035180188715457916,
            0.2274475395679474,
            -0.028815925121307373
        ],
        [
            -0.08646629750728607,
            0.5405347943305969,
            0.1985202431678772
        ],
        [
            0.20635563135147095,
            -0.797334611415863,
            -0.2516639232635498
        ],
        [
            0.26432159543037415,
            -0.7896882891654968,
            -0.21924075484275818
        ],
        [
            0.13138031959533691,
            -0.8466983437538147,
            -0.1961236298084259
        ],
        [
            0.2613579034805298,
            -0.8298914432525635,
            -0.12425153702497482
        ],
        [
            -0.1093602254986763,
            0.6693928241729736,
            0.04642537236213684
        ],
        [
            -0.042976245284080505,
            0.6694607734680176,
            0.09894084930419922
        ],
        [
            -0.08464916795492172,
            0.5463742613792419,
            0.2679978311061859
        ],
        [
            -0.2482038140296936,
            0.6374266743659973,
            0.02924102544784546
        ],
        [
            -0.31925055384635925,
            0.6110787391662598,
            0.07603707909584045
        ],
        [
            -0.24366208910942078,
            0.518913984298706,
            0.25419577956199646
        ],
        [
            -0.25130337476730347,
            0.4488071799278259,
            0.17938613891601562
        ],
        [
            -0.17933347821235657,
            0.13377435505390167,
            -0.0567036047577858
        ],
        [
            -0.12919223308563232,
            -0.3001713752746582,
            0.005145637318491936
        ],
        [
            0.12644879519939423,
            -0.22650963068008423,
            0.07634216547012329
        ],
        [
            0.012839901261031628,
            0.18932202458381653,
            -0.027185523882508278
        ],
        [
            -0.06896435469388962,
            0.5012258887290955,
            0.20420870184898376
        ],
        [
            0.046176109462976456,
            -0.22936522960662842,
            -0.13138318061828613
        ],
        [
            -0.10188122093677521,
            -0.4163457751274109,
            -0.1168646439909935
        ],
        [
            -0.016835972666740417,
            -0.6792773008346558,
            -0.12248088419437408
        ],
        [
            0.23637819290161133,
            -0.6573734283447266,
            0.02666401118040085
        ],
        [
            0.23879176378250122,
            -0.40412718057632446,
            0.11913041025400162
        ],
        [
            0.2818247675895691,
            -0.24987125396728516,
            -0.0339345708489418
        ],
        [
            0.1312829852104187,
            -0.7181180119514465,
            -0.07464565336704254
        ],
        [
            0.22624345123767853,
            -0.8701911568641663,
            -0.19683194160461426
        ],
        [
            -0.001104994211345911,
            -0.26327645778656006,
            0.040930844843387604
        ],
        [
            0.10824954509735107,
            -0.6664468050003052,
            -0.04992719367146492
        ],
        [
            0.055273864418268204,
            -0.5132489204406738,
            0.012249892577528954
        ],
        [
            0.19976414740085602,
            -0.7623522877693176,
            -0.1684332937002182
        ],
        [
            0.22648963332176208,
            -0.8908105492591858,
            -0.20140257477760315
        ]
    ],
    "pred_vertices": [
        [
            0.2921358346939087,
            -0.8252159357070923,
            -0.23631517589092255
        ],
        [
            0.2839314937591553,
            -0.8105303049087524,
            -0.23727622628211975
        ],
        [
            0.28896570205688477,
            -0.8117758631706238,
            -0.22383318841457367
        ],
        [
            0.294625848531723,
            -0.8249056339263916,
            -0.2188812494277954
        ],
        [
            0.28404727578163147,
            -0.8017674684524536,
            -0.22579392790794373
        ],
        [
            0.2784951627254486,
            -0.8000152111053467,
            -0.23629172146320343
        ],
        [
            0.28882479667663574,
            -0.8122260570526123,
            -0.20983703434467316
        ],
        [
            0.29226791858673096,
            -0.8228168487548828,
            -0.20264476537704468
        ],
        [
            0.2761574387550354,
            -0.7894387245178223,
            -0.1815071702003479
        ],
        [
            0.2745722532272339,
            -0.7905970811843872,
            -0.17044523358345032
        ],
        [
            0.27971190214157104,
            -0.799575924873352,
            -0.17749372124671936
        ],
        [
            0.2787543535232544,
            -0.7964418530464172,
            -0.18731525540351868
        ],
        [
            0.2641674280166626,
            -0.7704790830612183,
            -0.16765393316745758
        ],
        [
            0.25837501883506775,
            -0.7588685750961304,
            -0.17247994244098663
        ],
        [
            0.25375059247016907,
            -0.7566639184951782,
            -0.1601131558418274
        ],
        [
            0.2583637833595276,
            -0.768378496170044,
            -0.15484009683132172
        ],
        [
            0.24410560727119446,
            -0.760657787322998,
            -0.21257437765598297
        ],
        [
            0.24604670703411102,
            -0.7552096247673035,
            -0.20592433214187622
        ],
        [
            0.25142762064933777,
            -0.7607728242874146,
            -0.20649023354053497
        ],
        [
            0.24848049879074097,
            -0.7657463550567627,
            -0.2128211259841919
        ],
        [
            0.24230417609214783,
            -0.7659006118774414,
            -0.2268170714378357
        ],
        [
            0.2438763529062271,
            -0.7722741365432739,
            -0.22620999813079834
        ],
        [
            0.2434542030096054,
            -0.7727710604667664,
            -0.2343732714653015
        ],
        [
            0.2427176684141159,
            -0.7650718092918396,
            -0.23499059677124023
        ],
        [
            0.23777994513511658,
            -0.7566732168197632,
            -0.21311479806900024
        ],
        [
            0.23975443840026855,
            -0.751152515411377,
            -0.20581071078777313
        ],
        [
            0.24284474551677704,
            -0.7648187875747681,
            -0.21885748207569122
        ],
        [
            0.24042513966560364,
            -0.7601209878921509,
            -0.21980290114879608
        ],
        [
            0.2400972843170166,
            -0.7490427494049072,
            -0.22646409273147583
        ],
        [
            0.24253371357917786,
            -0.7535876035690308,
            -0.22669564187526703
        ],
        [
            0.2427665740251541,
            -0.7506968975067139,
            -0.23413223028182983
        ],
        [
            0.23934270441532135,
            -0.7467126250267029,
            -0.23181751370429993
        ],
        [
            0.23847487568855286,
            -0.7537436485290527,
            -0.21753381192684174
        ],
        [
            0.24118831753730774,
            -0.7544487118721008,
            -0.22081758081912994
        ],
        [
            0.23868419229984283,
            -0.7502330541610718,
            -0.2221178412437439
        ],
        [
            0.23536264896392822,
            -0.750449538230896,
            -0.21937918663024902
        ],
        [
            0.241476371884346,
            -0.7607114315032959,
            -0.22736340761184692
        ],
        [
            0.24259799718856812,
            -0.7582757472991943,
            -0.23503395915031433
        ],
        [
            0.24266108870506287,
            -0.7555603981018066,
            -0.2431158721446991
        ],
        [
            0.24146988987922668,
            -0.7466936111450195,
            -0.24137650430202484
        ],
        [
            0.24791938066482544,
            -0.7465367317199707,
            -0.18914514780044556
        ],
        [
            0.24788901209831238,
            -0.7503054141998291,
            -0.19807499647140503
        ],
        [
            0.24183867871761322,
            -0.7465093731880188,
            -0.1986631453037262
        ],
        [
            0.24281401932239532,
            -0.7430654168128967,
            -0.19149360060691833
        ],
        [
            0.2337213009595871,
            -0.7497684955596924,
            -0.2146623134613037
        ],
        [
            0.230807825922966,
            -0.7361398339271545,
            -0.2053595781326294
        ],
        [
            0.23269453644752502,
            -0.7390999794006348,
            -0.207248717546463
        ],
        [
            0.2294464260339737,
            -0.7380280494689941,
            -0.21365013718605042
        ],
        [
            0.22813327610492706,
            -0.7353181838989258,
            -0.21139386296272278
        ],
        [
            0.24342966079711914,
            -0.7391185760498047,
            -0.1734563410282135
        ],
        [
            0.24013513326644897,
            -0.736006498336792,
            -0.17920276522636414
        ],
        [
            0.23680850863456726,
            -0.7317715883255005,
            -0.173720121383667
        ],
        [
            0.238590806722641,
            -0.73470139503479,
            -0.16684286296367645
        ],
        [
            0.2320547103881836,
            -0.7277960181236267,
            -0.171505868434906
        ],
        [
            0.23325778543949127,
            -0.7302042841911316,
            -0.16155751049518585
        ],
        [
            0.22016923129558563,
            -0.7187953591346741,
            -0.1599433869123459
        ],
        [
            0.22635844349861145,
            -0.7241452932357788,
            -0.1601288616657257
        ],
        [
            0.226675882935524,
            -0.7231155633926392,
            -0.17135122418403625
        ],
        [
            0.22130680084228516,
            -0.7174397110939026,
            -0.17403221130371094
        ],
        [
            0.21606218814849854,
            -0.7177865505218506,
            -0.1883457899093628
        ],
        [
            0.211680069565773,
            -0.7158322930335999,
            -0.19278168678283691
        ],
        [
            0.21032512187957764,
            -0.7064365148544312,
            -0.1832513064146042
        ],
        [
            0.21548576653003693,
            -0.7107894420623779,
            -0.17877066135406494
        ],
        [
            0.22665727138519287,
            -0.7338218688964844,
            -0.19932779669761658
        ],
        [
            0.22894150018692017,
            -0.7351775169372559,
            -0.1952677071094513
        ],
        [
            0.2306515872478485,
            -0.735015869140625,
            -0.1974821537733078
        ],
        [
            0.2288888692855835,
            -0.7343087196350098,
            -0.20247691869735718
        ],
        [
            0.23116669058799744,
            -0.7357907295227051,
            -0.19184359908103943
        ],
        [
            0.2321815937757492,
            -0.7359405755996704,
            -0.1903073489665985
        ],
        [
            0.23298396170139313,
            -0.7362785935401917,
            -0.1919717788696289
        ],
        [
            0.23171719908714294,
            -0.7360889911651611,
            -0.1926039159297943
        ],
        [
            0.23013935983181,
            -0.7355835437774658,
            -0.19390618801116943
        ],
        [
            0.22866106033325195,
            -0.7337813377380371,
            -0.1937914937734604
        ],
        [
            0.23028530180454254,
            -0.7348834276199341,
            -0.19224591553211212
        ],
        [
            0.22646264731884003,
            -0.7316324710845947,
            -0.19725832343101501
        ],
        [
            0.21770812571048737,
            -0.7268102765083313,
            -0.20864175260066986
        ],
        [
            0.22080649435520172,
            -0.7273627519607544,
            -0.20563220977783203
        ],
        [
            0.22092662751674652,
            -0.7317876815795898,
            -0.20788884162902832
        ],
        [
            0.21840588748455048,
            -0.7315303087234497,
            -0.21064186096191406
        ],
        [
            0.23294399678707123,
            -0.7369970083236694,
            -0.19520244002342224
        ],
        [
            0.23561958968639374,
            -0.738174557685852,
            -0.19419917464256287
        ],
        [
            0.2349349558353424,
            -0.7385392189025879,
            -0.19995906949043274
        ],
        [
            0.23253244161605835,
            -0.7368179559707642,
            -0.1988365203142166
        ],
        [
            0.23866496980190277,
            -0.7396414279937744,
            -0.19332939386367798
        ],
        [
            0.23519286513328552,
            -0.7374399304389954,
            -0.190863698720932
        ],
        [
            0.23769380152225494,
            -0.7382892966270447,
            -0.18925741314888
        ],
        [
            0.23098309338092804,
            -0.7344864010810852,
            -0.18971356749534607
        ],
        [
            0.23211857676506042,
            -0.733779788017273,
            -0.18640238046646118
        ],
        [
            0.2340194433927536,
            -0.7353518605232239,
            -0.18810102343559265
        ],
        [
            0.2292068898677826,
            -0.7309711575508118,
            -0.18621474504470825
        ],
        [
            0.2285269796848297,
            -0.7324297428131104,
            -0.19087612628936768
        ],
        [
            0.2258976399898529,
            -0.7294533848762512,
            -0.19382718205451965
        ],
        [
            0.22270996868610382,
            -0.7264867424964905,
            -0.19791167974472046
        ],
        [
            0.22159141302108765,
            -0.7241799831390381,
            -0.192102313041687
        ],
        [
            0.22566869854927063,
            -0.727454423904419,
            -0.1884147673845291
        ],
        [
            0.23763099312782288,
            -0.7423262596130371,
            -0.20028910040855408
        ],
        [
            0.23670178651809692,
            -0.7354546785354614,
            -0.18423789739608765
        ],
        [
            0.24204981327056885,
            -0.7404050827026367,
            -0.18543653190135956
        ],
        [
            0.23429250717163086,
            -0.7321904897689819,
            -0.1811550110578537
        ],
        [
            0.2305600345134735,
            -0.728897213935852,
            -0.17982524633407593
        ],
        [
            0.2257431447505951,
            -0.725099503993988,
            -0.18120086193084717
        ],
        [
            0.220974862575531,
            -0.7210959196090698,
            -0.1844637542963028
        ],
        [
            0.20459960401058197,
            -0.7057375907897949,
            -0.16979151964187622
        ],
        [
            0.2120131254196167,
            -0.7110864520072937,
            -0.1653829663991928
        ],
        [
            0.2726620137691498,
            -0.7961528301239014,
            -0.23162566125392914
        ],
        [
            0.2785537838935852,
            -0.7963135242462158,
            -0.22475476562976837
        ],
        [
            0.27375805377960205,
            -0.7932620048522949,
            -0.21720483899116516
        ],
        [
            0.27642956376075745,
            -0.7947974801063538,
            -0.2171253114938736
        ],
        [
            0.2735854685306549,
            -0.7945990562438965,
            -0.22315862774848938
        ],
        [
            0.27173858880996704,
            -0.7927480340003967,
            -0.2214123010635376
        ],
        [
            0.2766392230987549,
            -0.7952376008033752,
            -0.19553504884243011
        ],
        [
            0.27491700649261475,
            -0.794397234916687,
            -0.2021978497505188
        ],
        [
            0.2729494571685791,
            -0.7923263311386108,
            -0.19919468462467194
        ],
        [
            0.27501893043518066,
            -0.790230929851532,
            -0.19104671478271484
        ],
        [
            0.26601463556289673,
            -0.7828265428543091,
            -0.204355388879776
        ],
        [
            0.2689315676689148,
            -0.7854471206665039,
            -0.20041896402835846
        ],
        [
            0.2696421146392822,
            -0.7892939448356628,
            -0.20742344856262207
        ],
        [
            0.26757577061653137,
            -0.7873883247375488,
            -0.21032749116420746
        ],
        [
            0.2649083733558655,
            -0.7862935066223145,
            -0.21355198323726654
        ],
        [
            0.26172563433647156,
            -0.7860146760940552,
            -0.2168392539024353
        ],
        [
            0.25957006216049194,
            -0.7821810245513916,
            -0.2136213779449463
        ],
        [
            0.26277342438697815,
            -0.7819840908050537,
            -0.20907872915267944
        ],
        [
            0.26914334297180176,
            -0.7953640818595886,
            -0.22788867354393005
        ],
        [
            0.26258647441864014,
            -0.7956842184066772,
            -0.23119890689849854
        ],
        [
            0.2622565031051636,
            -0.793657124042511,
            -0.2284490168094635
        ],
        [
            0.26783204078674316,
            -0.7931181192398071,
            -0.2258467823266983
        ],
        [
            0.24888518452644348,
            -0.7929234504699707,
            -0.2271992266178131
        ],
        [
            0.2514093220233917,
            -0.794076144695282,
            -0.22850093245506287
        ],
        [
            0.2494443953037262,
            -0.7948349714279175,
            -0.23196351528167725
        ],
        [
            0.24642446637153625,
            -0.791827917098999,
            -0.22962045669555664
        ],
        [
            0.2471482902765274,
            -0.7891539931297302,
            -0.22695735096931458
        ],
        [
            0.2494508922100067,
            -0.7911434173583984,
            -0.22596043348312378
        ],
        [
            0.2928323745727539,
            -0.8431044816970825,
            -0.24978619813919067
        ],
        [
            0.2848726809024811,
            -0.8260831236839294,
            -0.2504948377609253
        ],
        [
            0.2981313467025757,
            -0.8435729742050171,
            -0.22978034615516663
        ],
        [
            0.2974873483181,
            -0.8412919044494629,
            -0.21173885464668274
        ],
        [
            0.29541221261024475,
            -0.835425615310669,
            -0.19450882077217102
        ],
        [
            0.24838022887706757,
            -0.7463520765304565,
            -0.1667555719614029
        ],
        [
            0.24346427619457245,
            -0.7427753210067749,
            -0.15743711590766907
        ],
        [
            0.24849477410316467,
            -0.7551085948944092,
            -0.14834420382976532
        ],
        [
            0.24094565212726593,
            -0.7495098114013672,
            -0.1407407820224762
        ],
        [
            0.2361978143453598,
            -0.7369098663330078,
            -0.1507921814918518
        ],
        [
            0.21699413657188416,
            -0.7238039970397949,
            -0.14767953753471375
        ],
        [
            0.22743669152259827,
            -0.7301537990570068,
            -0.14730310440063477
        ],
        [
            0.2312084436416626,
            -0.744314432144165,
            -0.13437123596668243
        ],
        [
            0.23721987009048462,
            -0.7625828385353088,
            -0.12482309341430664
        ],
        [
            0.24530524015426636,
            -0.7641794681549072,
            -0.13350506126880646
        ],
        [
            0.2413652390241623,
            -0.7824808359146118,
            -0.12048181891441345
        ],
        [
            0.22616304457187653,
            -0.7629278898239136,
            -0.11535876244306564
        ],
        [
            0.23528416454792023,
            -0.786914587020874,
            -0.11481745541095734
        ],
        [
            0.20116758346557617,
            -0.7323122024536133,
            -0.11242295801639557
        ],
        [
            0.19768264889717102,
            -0.7250725626945496,
            -0.10452070832252502
        ],
        [
            0.2040247619152069,
            -0.7375462651252747,
            -0.09054021537303925
        ],
        [
            0.20829299092292786,
            -0.7447006106376648,
            -0.09868936985731125
        ],
        [
            0.2525225877761841,
            -0.7661737203598022,
            -0.14261209964752197
        ],
        [
            0.28297853469848633,
            -0.8119708895683289,
            -0.17576763033866882
        ],
        [
            0.2833426594734192,
            -0.8058533668518066,
            -0.18624351918697357
        ],
        [
            0.27737149596214294,
            -0.8043087720870972,
            -0.16639630496501923
        ],
        [
            0.3016127645969391,
            -0.8687703013420105,
            -0.1897045075893402
        ],
        [
            0.302087664604187,
            -0.8558384776115417,
            -0.20253637433052063
        ],
        [
            0.29877758026123047,
            -0.8475874662399292,
            -0.18695008754730225
        ],
        [
            0.2996414601802826,
            -0.8611671924591064,
            -0.17669078707695007
        ],
        [
            0.29491209983825684,
            -0.8930261731147766,
            -0.227704256772995
        ],
        [
            0.2973855435848236,
            -0.8687731027603149,
            -0.24003136157989502
        ],
        [
            0.3001033067703247,
            -0.8635222315788269,
            -0.22286537289619446
        ],
        [
            0.29915040731430054,
            -0.8822004795074463,
            -0.21153882145881653
        ],
        [
            0.29645097255706787,
            -0.8696578741073608,
            -0.16717427968978882
        ],
        [
            0.29062357544898987,
            -0.8820528388023376,
            -0.15441668033599854
        ],
        [
            0.2921694815158844,
            -0.8991163372993469,
            -0.15969200432300568
        ],
        [
            0.2986071705818176,
            -0.8852972984313965,
            -0.1767023205757141
        ],
        [
            0.28759056329727173,
            -0.9203406572341919,
            -0.1711883544921875
        ],
        [
            0.29557573795318604,
            -0.9043055772781372,
            -0.19216369092464447
        ],
        [
            0.22371640801429749,
            -0.7821484804153442,
            -0.1028522178530693
        ],
        [
            0.23113590478897095,
            -0.798900842666626,
            -0.10851901769638062
        ],
        [
            0.21468791365623474,
            -0.7524764537811279,
            -0.1088520810008049
        ],
        [
            0.21655581891536713,
            -0.7680849432945251,
            -0.09645650535821915
        ],
        [
            0.2769243121147156,
            -0.9385950565338135,
            -0.1847354769706726
        ],
        [
            0.2877073585987091,
            -0.9193325638771057,
            -0.20965361595153809
        ],
        [
            0.25561919808387756,
            -0.8955882787704468,
            -0.11287328600883484
        ],
        [
            0.26809588074684143,
            -0.9042890667915344,
            -0.12684065103530884
        ],
        [
            0.272951602935791,
            -0.8840371966362,
            -0.12858231365680695
        ],
        [
            0.2609075605869293,
            -0.878728449344635,
            -0.11533540487289429
        ],
        [
            0.24565649032592773,
            -0.9127865433692932,
            -0.11304087936878204
        ],
        [
