{
    "pred_cam": [
        1.1795670986175537,
        0.00010341592133045197,
        0.15238845348358154
    ],
    "pred_smpl_params": {
        "global_orient": [
            [
                [
                    0.9564588665962219,
                    0.20977945625782013,
                    0.20292618870735168
                ],
                [
                    0.19360937178134918,
                    -0.976298987865448,
                    0.09672514349222183
                ],
                [
                    0.21840757131576538,
                    -0.053225208073854446,
                    -0.9744051098823547
                ]
            ]
        ],
        "body_pose": [
            [
                [
                    0.9955185055732727,
                    0.036771830171346664,
                    -0.08712434023618698
                ],
                [
                    -0.01991293579339981,
                    0.9821584224700928,
                    0.1869979053735733
                ],
                [
                    0.09244617074728012,
                    -0.1844249814748764,
                    0.978489100933075
                ]
            ],
            [
                [
                    0.9991968870162964,
                    0.013170515187084675,
                    -0.037843819707632065
                ],
                [
                    -0.006048284471035004,
                    0.9831910133361816,
                    0.18247947096824646
                ],
                [
                    0.039611056447029114,
                    -0.18210402131080627,
                    0.982481062412262
                ]
            ],
            [
                [
                    0.9967116713523865,
                    0.006511344574391842,
                    0.0807681530714035
                ],
                [
                    0.012156330049037933,
                    0.973469614982605,
                    -0.22849293053150177
                ],
                [
                    -0.08011315017938614,
                    0.228723406791687,
                    0.9701893925666809
                ]
            ],
            [
                [
                    0.9881117939949036,
                    -0.05786517634987831,
                    -0.14243145287036896
                ],
                [
                    -0.032289937138557434,
                    0.827680766582489,
                    -0.5602694749832153
                ],
                [
                    0.15030789375305176,
                    0.5582079887390137,
                    0.8159726858139038
                ]
            ],
            [
                [
                    0.9927571415901184,
                    -0.11299958825111389,
                    0.04079541936516762
                ],
                [
                    0.11471230536699295,
                    0.7906989455223083,
                    -0.6013620495796204
                ],
                [
                    0.03569676727056503,
                    0.6016862392425537,
                    0.7979344725608826
                ]
            ],
            [
                [
                    0.995478630065918,
                    0.01967998407781124,
                    0.09292484819889069
                ],
                [
                    -0.01730201579630375,
                    0.9995036721229553,
                    -0.02632700838148594
                ],
                [
                    -0.09339683502912521,
                    0.024600185453891754,
                    0.9953250288963318
                ]
            ],
            [
                [
                    0.9834800958633423,
                    0.06105731055140495,
                    0.17040807008743286
                ],
                [
                    -0.06339764595031738,
                    0.9979535937309265,
                    0.008320894092321396
                ],
                [
                    -0.1695513129234314,
                    -0.018986903131008148,
                    0.9853383898735046
                ]
            ],
            [
                [
                    0.9882346987724304,
                    -0.013863883912563324,
                    -0.15231528878211975
                ],
                [
                    0.018890153616666794,
                    0.9993220567703247,
                    0.03160169720649719
                ],
                [
                    0.15177388489246368,
                    -0.03410715237259865,
                    0.9878266453742981
                ]
            ],
            [
                [
                    0.9974728226661682,
                    -0.0015926937339827418,
                    0.07103034108877182
                ],
                [
                    0.0065103862434625626,
                    0.997591495513916,
                    -0.06905613839626312
                ],
                [
                    -0.07074929028749466,
                    0.06934406608343124,
                    0.9950807690620422
                ]
            ],
            [
                [
                    0.9885724782943726,
                    -0.15038283169269562,
                    -0.010458853095769882
                ],
                [
                    0.15020404756069183,
                    0.9767662882804871,
                    0.15286071598529816
                ],
                [
                    -0.012771767564117908,
                    -0.15268486738204956,
                    0.9881923794746399
                ]
            ],
            [
                [
                    0.9946310520172119,
                    0.10335510224103928,
                    -0.005180964712053537
                ],
                [
                    -0.10128802061080933,
                    0.9825565218925476,
                    0.15595969557762146
                ],
                [
                    0.021209821105003357,
                    -0.15459758043289185,
                    0.9877498745918274
                ]
            ],
            [
                [
                    0.9980158805847168,
                    0.0505220927298069,
                    0.037575315684080124
                ],
                [
                    -0.04853847622871399,
                    0.9974693655967712,
                    -0.05195097252726555
                ],
                [
                    -0.04010489955544472,
                    0.05002404376864433,
                    0.9979425072669983
                ]
            ],
            [
                [
                    0.9290680289268494,
                    0.3699086308479309,
                    0.000551268516574055
                ],
                [
                    -0.3699047267436981,
                    0.9290632009506226,
                    -0.0034714683424681425
                ],
                [
                    -0.0017962894635275006,
                    0.0030213131103664637,
                    0.9999938607215881
                ]
            ],
            [
                [
                    0.9168784618377686,
                    -0.36351510882377625,
                    0.16489563882350922
                ],
                [
                    0.3708072900772095,
                    0.9285931587219238,
                    -0.014722103253006935
                ],
                [
                    -0.1477692425251007,
                    0.07464288920164108,
                    0.9862011075019836
                ]
            ],
            [
                [
                    0.9990701675415039,
                    0.034793734550476074,
                    0.025458475574851036
                ],
                [
                    -0.02636735700070858,
                    0.9603061676025391,
                    -0.27769914269447327
                ],
                [
                    -0.03411012142896652,
                    0.2767696678638458,
                    0.9603306651115417
                ]
            ],
            [
                [
                    0.4611177146434784,
                    0.8423891067504883,
                    -0.2788386642932892
                ],
                [
                    -0.8796401619911194,
                    0.47526565194129944,
                    -0.01886064186692238
                ],
                [
                    0.11663443595170975,
                    0.25397467613220215,
                    0.9601526856422424
                ]
            ],
            [
                [
                    0.47937071323394775,
                    -0.7930763363838196,
                    0.37581050395965576
                ],
                [
                    0.8514037728309631,
                    0.5241274237632751,
                    0.020050080493092537
                ],
                [
                    -0.21287384629249573,
                    0.3103550672531128,
                    0.9264795184135437
                ]
            ],
            [
                [
                    0.2881688177585602,
                    -0.37853917479515076,
                    -0.8795833587646484
                ],
                [
                    0.24211980402469635,
                    0.9175047874450684,
                    -0.31553593277931213
                ],
                [
                    0.9264646768569946,
                    -0.12203693389892578,
                    0.3560481071472168
                ]
            ],
            [
                [
                    0.5487934947013855,
                    0.24989058077335358,
                    0.7977345585823059
                ],
                [
                    0.003235205076634884,
                    0.9536339044570923,
                    -0.3009517192840576
                ],
                [
                    -0.8359516859054565,
                    0.16774119436740875,
                    0.5225396156311035
                ]
            ],
            [
                [
                    0.9884120225906372,
                    -0.1487824022769928,
                    -0.030090633779764175
                ],
                [
                    0.1511608213186264,
                    0.9828490614891052,
                    0.10563161969184875
                ],
                [
                    0.013858426362276077,
                    -0.10895609110593796,
                    0.9939498901367188
                ]
            ],
            [
                [
                    0.9951372146606445,
                    0.09517548233270645,
                    0.025369619950652122
                ],
                [
                    -0.09506860375404358,
                    0.9954562187194824,
                    -0.005388649180531502
                ],
                [
                    -0.025767209008336067,
                    0.0029505910351872444,
                    0.9996637105941772
                ]
            ],
            [
                [
                    0.9650010466575623,
                    0.23847250640392303,
                    -0.10910423845052719
                ],
                [
                    -0.22383470833301544,
                    0.9657646417617798,
                    0.13113634288311005
                ],
                [
                    0.13664141297340393,
                    -0.10212540626525879,
                    0.9853423237800598
                ]
            ],
            [
                [
                    0.9692501425743103,
                    -0.2335524559020996,
                    0.07750771939754486
                ],
                [
                    0.21920032799243927,
                    0.9625765085220337,
                    0.15936662256717682
                ],
                [
                    -0.11182756721973419,
                    -0.13747639954090118,
                    0.9841721653938293
                ]
            ]
        ],
        "betas": [
            -0.0045297592878341675,
            -0.0658421516418457,
            0.027512401342391968,
            0.2971658706665039,
            0.044803082942962646,
            0.026155684143304825,
            -0.012652873992919922,
            -0.018724948167800903,
            0.06999091804027557,
            -0.030868053436279297
        ]
    },
    "pred_cam_t": [
        0.00010341592133045197,
        0.15238845348358154,
        33.115962982177734
    ],
    "focal_length": [
        5000.0,
        5000.0
    ],
    "pred_keypoints_3d": [
        [
            0.2258315235376358,
            -0.7121585607528687,
            -0.23003742098808289
        ],
        [
            0.12494305521249771,
            -0.710861325263977,
            -0.06736510992050171
        ],
        [
            -0.0624549463391304,
            -0.6384490132331848,
            -0.12193585932254791
        ],
        [
            -0.14779391884803772,
            -0.4051970839500427,
            -0.0695883259177208
        ],
        [
            -0.030637063086032867,
            -0.20455783605575562,
            -0.1735968291759491
        ],
        [
            0.25366804003715515,
            -0.6015864014625549,
            0.04668039828538895
        ],
        [
            0.19538244605064392,
            -0.368792325258255,
            0.1474502831697464
        ],
        [
            0.2795637249946594,
            -0.22207333147525787,
            -0.035025954246520996
        ],
        [
            -0.002030694391578436,
            -0.22653304040431976,
            0.028140641748905182
        ],
        [
            -0.08616164326667786,
            -0.151567280292511,
            0.022512977942824364
        ],
        [
            -0.19339533150196075,
            0.21197521686553955,
            -0.024555368348956108
        ],
        [
            -0.24332284927368164,
            0.5268347859382629,
            0.21380853652954102
        ],
        [
            0.04333655536174774,
            -0.12451563775539398,
            0.05467849597334862
        ],
        [
            -0.0001807771623134613,
            0.24437104165554047,
            0.012606598436832428
        ],
        [
            -0.086774542927742,
            0.5677962899208069,
            0.2271745502948761
        ],
        [
            0.20351509749889374,
            -0.7682915925979614,
            -0.24125045537948608
        ],
        [
            0.26013195514678955,
            -0.7579700946807861,
            -0.2076694369316101
        ],
        [
            0.13061711192131042,
            -0.8206442594528198,
            -0.18673372268676758
        ],
        [
            0.2572561204433441,
            -0.7976861596107483,
            -0.11321327090263367
        ],
        [
            -0.09786273539066315,
            0.6995539665222168,
            0.07742699980735779
        ],
        [
            -0.03404230251908302,
            0.6961908340454102,
            0.13181956112384796
        ],
        [
            -0.08927551656961441,
            0.5733324289321899,
            0.2968052327632904
        ],
        [
            -0.2466350495815277,
            0.6605508327484131,
            0.06677886843681335
        ],
        [
            -0.32038718461990356,
            0.6340732574462891,
            0.10653156042098999
        ],
        [
            -0.25319328904151917,
            0.5369225740432739,
            0.2854587137699127
        ],
        [
            -0.25830745697021484,
            0.4683952331542969,
            0.20969414710998535
        ],
        [
            -0.17755670845508575,
            0.15118955075740814,
            -0.02783159352838993
        ],
        [
            -0.13711488246917725,
            -0.2880091071128845,
            0.00498588103801012
        ],
        [
            0.13631559908390045,
            -0.2157287746667862,
            0.08235294371843338
        ],
        [
            0.01779625564813614,
            0.20603913068771362,
            0.012958452105522156
        ],
        [
            -0.07037632167339325,
            0.528208315372467,
            0.23491694033145905
        ],
        [
            -0.015022017993032932,
            -0.23923705518245697,
            -0.17455747723579407
        ],
        [
            -0.14902669191360474,
            -0.41982078552246094,
            -0.1099337488412857
        ],
        [
            -0.02289360947906971,
            -0.66617351770401,
            -0.11316730082035065
        ],
        [
            0.2337726652622223,
            -0.6352643966674805,
            0.02875933237373829
        ],
        [
            0.24380874633789062,
            -0.386793315410614,
            0.13154134154319763
        ],
        [
            0.28600940108299255,
            -0.24448126554489136,
            -0.030502308160066605
        ],
        [
            0.12737339735031128,
            -0.6989555358886719,
            -0.06804601848125458
        ],
        [
            0.22489844262599945,
            -0.8409359455108643,
            -0.18398484587669373
        ],
        [
            0.0002325446403119713,
            -0.2519817352294922,
            0.044197119772434235
        ],
        [
            0.10460864752531052,
            -0.6485129594802856,
            -0.044762592762708664
        ],
        [
            0.052378103137016296,
            -0.49278950691223145,
            0.01451161503791809
        ],
        [
            0.19409549236297607,
            -0.7335180044174194,
            -0.15892860293388367
        ],
        [
            0.22626078128814697,
            -0.8614685535430908,
            -0.1883848011493683
        ]
    ],
    "pred_vertices": [
        [
            0.2901255190372467,
            -0.7932736873626709,
            -0.22364777326583862
        ],
        [
            0.2810080051422119,
            -0.7789433002471924,
            -0.22493082284927368
        ],
        [
            0.28582483530044556,
            -0.7797017693519592,
            -0.21141889691352844
        ],
        [
            0.2920733690261841,
            -0.7925556898117065,
            -0.20615488290786743
        ],
        [
            0.2803739905357361,
            -0.7697540521621704,
            -0.21349671483039856
        ],
        [
            0.27494534850120544,
            -0.7684723138809204,
            -0.22412768006324768
        ],
        [
            0.2854333221912384,
            -0.7797854542732239,
            -0.19745852053165436
        ],
        [
            0.2893526554107666,
            -0.7902831435203552,
            -0.19000518321990967
        ],
        [
            0.27128058671951294,
            -0.75701904296875,
            -0.16974514722824097
        ],
        [
            0.2694959342479706,
            -0.758188009262085,
            -0.1587739884853363
        ],
        [
            0.2750120460987091,
            -0.7671288251876831,
            -0.16549819707870483
        ],
        [
            0.27420076727867126,
            -0.7639472484588623,
            -0.1753280609846115
        ],
        [
            0.2583329975605011,
            -0.7385594248771667,
            -0.15637043118476868
        ],
        [
            0.25224006175994873,
            -0.7271944284439087,
            -0.16151440143585205
        ],
        [
            0.24697162210941315,
            -0.7253119945526123,
            -0.14931578934192657
        ],
        [
            0.25169837474823,
            -0.7367429137229919,
            -0.1437855213880539
        ],
        [
            0.23885062336921692,
            -0.7298274040222168,
            -0.20158728957176208
        ],
        [
            0.24041993916034698,
            -0.7242918610572815,
            -0.195087730884552
        ],
        [
            0.24617281556129456,
            -0.7294893860816956,
            -0.19549769163131714
        ],
        [
            0.2435113489627838,
            -0.734657883644104,
            -0.20174527168273926
        ],
        [
            0.2372603714466095,
            -0.7354564666748047,
            -0.21540382504463196
        ],
        [
            0.23921795189380646,
            -0.7416516542434692,
            -0.21484851837158203
        ],
        [
            0.23866835236549377,
            -0.7424331903457642,
            -0.22280851006507874
        ],
        [
            0.23754997551441193,
            -0.7349330186843872,
            -0.2233826071023941
        ],
        [
            0.2321372777223587,
            -0.7264366149902344,
            -0.20207175612449646
        ],
        [
            0.23375102877616882,
            -0.7209328413009644,
            -0.1949644386768341
        ],
        [
            0.23779195547103882,
            -0.7341170310974121,
            -0.20766417682170868
        ],
        [
            0.23504649102687836,
            -0.729733943939209,
            -0.20848588645458221
        ],
        [
            0.23405690491199493,
            -0.7191171646118164,
            -0.21502551436424255
        ],
        [
            0.2367572784423828,
            -0.7234857082366943,
            -0.2151661217212677
        ],
        [
            0.23687392473220825,
            -0.7208596467971802,
            -0.2225428968667984
        ],
        [
            0.23326167464256287,
            -0.7169965505599976,
            -0.22031962871551514
        ],
        [
            0.23262067139148712,
            -0.7236253023147583,
            -0.206318199634552
        ],
        [
            0.23537667095661163,
            -0.7242339849472046,
            -0.20942261815071106
        ],
        [
            0.23263385891914368,
            -0.7202490568161011,
            -0.2108089029788971
        ],
        [
            0.22928206622600555,
            -0.7206262350082397,
            -0.20821210741996765
        ],
        [
            0.23604150116443634,
            -0.7305048704147339,
            -0.21586909890174866
        ],
        [
            0.2370559424161911,
            -0.728287935256958,
            -0.22340010106563568
        ],
        [
            0.2369941622018814,
            -0.7258697748184204,
            -0.23134581744670868
        ],
        [
            0.2354901134967804,
            -0.7171721458435059,
            -0.2297559678554535
        ],
        [
            0.24154561758041382,
            -0.7156867980957031,
            -0.17852899432182312
        ],
        [
            0.24186405539512634,
            -0.7193727493286133,
            -0.18734732270240784
        ],
        [
            0.23546528816223145,
            -0.7162480354309082,
            -0.18797138333320618
        ],
        [
            0.2360955774784088,
            -0.7128599882125854,
            -0.18091264367103577
        ],
        [
            0.2276226282119751,
            -0.7200517654418945,
            -0.20367759466171265
        ],
        [
            0.22407391667366028,
            -0.706890344619751,
            -0.1948542445898056
        ],
        [
            0.22599650919437408,
            -0.709725022315979,
            -0.19655337929725647
        ],
        [
            0.22279992699623108,
            -0.7088954448699951,
            -0.20303663611412048
        ],
        [
            0.22148168087005615,
            -0.7062503695487976,
            -0.2009764015674591
        ],
        [
            0.23630791902542114,
            -0.7088351249694824,
            -0.16316230595111847
        ],
        [
            0.2327534705400467,
            -0.7061965465545654,
            -0.1689426600933075
        ],
        [
            0.22918036580085754,
            -0.7022297978401184,
            -0.16376051306724548
        ],
        [
            0.23114028573036194,
            -0.7047853469848633,
            -0.15690475702285767
        ],
        [
            0.22431251406669617,
            -0.6986835598945618,
            -0.16188029944896698
        ],
        [
            0.22549167275428772,
            -0.7007933855056763,
            -0.1519513726234436
        ],
        [
            0.21198081970214844,
            -0.6905473470687866,
            -0.1507149338722229
        ],
        [
            0.218415305018425,
            -0.6952293515205383,
            -0.15076413750648499
        ],
        [
            0.2187833935022354,
            -0.694516122341156,
            -0.16186152398586273
        ],
        [
            0.21322643756866455,
            -0.6893357634544373,
            -0.16471612453460693
        ],
        [
            0.20838887989521027,
            -0.689674973487854,
            -0.17903397977352142
        ],
        [
            0.2040063589811325,
            -0.6879890561103821,
            -0.18342816829681396
        ],
        [
            0.2019493281841278,
            -0.6788849830627441,
            -0.17419198155403137
        ],
        [
            0.2072000503540039,
            -0.6830803155899048,
            -0.1696566641330719
        ],
        [
            0.21979552507400513,
            -0.7047697305679321,
            -0.18913361430168152
        ],
        [
            0.22203364968299866,
            -0.7060142755508423,
            -0.18502601981163025
        ],
        [
            0.2237527072429657,
            -0.7057399749755859,
            -0.18714343011379242
        ],
        [
            0.2220877856016159,
            -0.705143928527832,
            -0.1921812891960144
        ],
        [
            0.22414427995681763,
            -0.7065383195877075,
            -0.18163350224494934
        ],
        [
            0.22509326040744781,
            -0.7066110372543335,
            -0.18009334802627563
        ],
        [
            0.2259426712989807,
            -0.7068725228309631,
            -0.18163880705833435
        ],
        [
            0.2246871441602707,
            -0.7067671418190002,
            -0.18235909938812256
        ],
        [
            0.2231561541557312,
            -0.7063707113265991,
            -0.183731347322464
        ],
        [
            0.22164788842201233,
            -0.704736053943634,
            -0.18372175097465515
        ],
        [
            0.22327284514904022,
            -0.7057241201400757,
            -0.18211090564727783
        ],
        [
            0.219449982047081,
            -0.7027958631515503,
            -0.18728064000606537
        ],
        [
            0.21086935698986053,
            -0.6981625556945801,
            -0.19871550798416138
        ],
        [
            0.21387749910354614,
            -0.698673665523529,
            -0.19574205577373505
        ],
        [
            0.21417886018753052,
            -0.7029436826705933,
            -0.19781064987182617
        ],
        [
            0.2117498368024826,
            -0.7027515172958374,
            -0.2005693018436432
        ],
        [
            0.2260025590658188,
            -0.7075614929199219,
            -0.18477970361709595
        ],
        [
            0.22861385345458984,
            -0.7086325287818909,
            -0.1836431622505188
        ],
        [
            0.22802603244781494,
            -0.7091113328933716,
            -0.18932443857192993
        ],
        [
            0.22564402222633362,
            -0.7074767351150513,
            -0.1883424073457718
        ],
        [
            0.23169104754924774,
            -0.7098403573036194,
            -0.182786762714386
        ],
        [
            0.22810427844524384,
            -0.7079256772994995,
            -0.18049141764640808
        ],
        [
            0.2306399792432785,
            -0.7085498571395874,
            -0.17884346842765808
        ],
        [
            0.22387287020683289,
            -0.7053030729293823,
            -0.17961308360099792
        ],
        [
            0.2248215675354004,
            -0.7045636177062988,
            -0.17634737491607666
        ],
        [
            0.22681312263011932,
            -0.7059388160705566,
            -0.17790082097053528
        ],
        [
            0.22190767526626587,
            -0.701982319355011,
            -0.17633098363876343
        ],
        [
            0.2214401662349701,
            -0.7034459114074707,
            -0.18089842796325684
        ],
        [
            0.21881362795829773,
            -0.7007147669792175,
            -0.1839795708656311
        ],
        [
            0.21567213535308838,
            -0.6978614330291748,
            -0.1881984919309616
        ],
        [
            0.21438564360141754,
            -0.6956363916397095,
            -0.18256594240665436
        ],
        [
            0.21839553117752075,
            -0.6986986994743347,
            -0.1786920130252838
        ],
        [
            0.2309611290693283,
            -0.7125422954559326,
            -0.18952055275440216
        ],
        [
            0.2293524444103241,
            -0.7059482336044312,
            -0.17398546636104584
        ],
        [
            0.23503075540065765,
            -0.710396409034729,
            -0.17497135698795319
        ],
        [
            0.22674576938152313,
            -0.7028980255126953,
            -0.1711268424987793
        ],
        [
            0.22293943166732788,
            -0.6998893618583679,
            -0.17005471885204315
        ],
        [
            0.21819421648979187,
            -0.696471631526947,
            -0.17159304022789001
        ],
        [
            0.2133907824754715,
            -0.6927177309989929,
            -0.1750546395778656
        ],
        [
            0.1960800588130951,
            -0.6782175898551941,
            -0.16091474890708923
        ],
        [
            0.20369026064872742,
            -0.6833057403564453,
            -0.15631598234176636
        ],
        [
            0.2689046561717987,
            -0.7644271850585938,
            -0.21962641179561615
        ],
        [
            0.274688184261322,
            -0.7641816139221191,
            -0.21269239485263824
        ],
        [
            0.2697674036026001,
            -0.7610598802566528,
            -0.2053053081035614
        ],
        [
            0.27241063117980957,
            -0.7625716924667358,
            -0.20518401265144348
        ],
        [
            0.26972025632858276,
            -0.7625309228897095,
            -0.21120892465114594
        ],
        [
            0.267771452665329,
            -0.7607534527778625,
            -0.20955577492713928
        ],
        [
            0.27216118574142456,
            -0.76282799243927,
            -0.1836223602294922
        ],
        [
            0.27061107754707336,
            -0.7620517015457153,
            -0.1903495192527771
        ],
        [
            0.26855939626693726,
            -0.7600521445274353,
            -0.18741410970687866
        ],
        [
            0.27039507031440735,
            -0.757817268371582,
            -0.17923502624034882
        ],
        [
            0.2614554464817047,
            -0.7510301470756531,
            -0.1929018646478653
        ],
        [
            0.2644028067588806,
            -0.7534358501434326,
            -0.18887491524219513
        ],
        [
            0.26528501510620117,
            -0.7573667168617249,
            -0.19581109285354614
        ],
        [
            0.2632211446762085,
            -0.755560040473938,
            -0.19876796007156372
        ],
        [
            0.26061153411865234,
            -0.7545331716537476,
            -0.20202091336250305
        ],
        [
            0.2575129568576813,
            -0.7543675303459167,
            -0.20530769228935242
        ],
        [
            0.2551509439945221,
            -0.7506283521652222,
            -0.20221959054470062
        ],
        [
            0.25827884674072266,
            -0.7503030300140381,
            -0.19769349694252014
        ],
        [
            0.26532915234565735,
            -0.7635327577590942,
            -0.21601228415966034
        ],
        [
            0.25885921716690063,
            -0.7640746235847473,
            -0.21944570541381836
        ],
        [
            0.25836479663848877,
            -0.7620357871055603,
            -0.2167930006980896
        ],
        [
            0.2639426290988922,
            -0.7612334489822388,
            -0.21412283182144165
        ],
        [
            0.24505749344825745,
            -0.7616868019104004,
            -0.21569561958312988
        ],
        [
            0.24762828648090363,
            -0.7627250552177429,
            -0.2169801890850067
        ],
        [
            0.24580416083335876,
            -0.7635562419891357,
            -0.22038346529006958
        ],
        [
            0.24264870584011078,
            -0.760775089263916,
            -0.21811805665493011
        ],
        [
            0.24316072463989258,
            -0.7581201195716858,
            -0.2155151665210724
        ],
        [
            0.2454967498779297,
            -0.7599631547927856,
            -0.21447598934173584
        ],
        [
            0.2916777729988098,
            -0.8118553757667542,
            -0.2368161827325821
        ],
        [
            0.28332987427711487,
            -0.7945691347122192,
            -0.23819410800933838
        ],
        [
            0.29674214124679565,
            -0.8115885853767395,
            -0.21681861579418182
        ],
        [
            0.2957089841365814,
            -0.8088326454162598,
            -0.19864164292812347
        ],
        [
            0.2927592694759369,
            -0.802634596824646,
            -0.1815282106399536
        ],
        [
            0.24141943454742432,
            -0.7155758738517761,
            -0.156248539686203
        ],
        [
            0.23623913526535034,
            -0.712275505065918,
            -0.1472349762916565
        ],
        [
            0.24126584827899933,
            -0.7241148948669434,
            -0.13782566785812378
        ],
        [
            0.23342950642108917,
            -0.7191783785820007,
            -0.13077759742736816
        ],
        [
            0.22866682708263397,
            -0.7069848775863647,
            -0.14100182056427002
        ],
        [
            0.20916301012039185,
            -0.694966733455658,
            -0.1382133811712265
        ],
        [
            0.21967898309230804,
            -0.7006983757019043,
            -0.13776974380016327
        ],
        [
            0.2236432433128357,
            -0.7146775126457214,
            -0.1249450296163559
        ],
        [
            0.22988423705101013,
            -0.732284426689148,
            -0.11515684425830841
        ],
        [
            0.23788873851299286,
            -0.7332465648651123,
            -0.12320661544799805
        ],
        [
            0.2350647896528244,
            -0.7516060471534729,
            -0.11075633019208908
        ],
        [
            0.21915030479431152,
            -0.7329959869384766,
            -0.10620208084583282
        ],
        [
            0.2292122095823288,
            -0.75628662109375,
            -0.10556881874799728
        ],
        [
            0.19490626454353333,
            -0.7045866250991821,
            -0.10526683926582336
        ],
        [
            0.1917182058095932,
            -0.6981720924377441,
            -0.09851045906543732
        ],
        [
            0.19792142510414124,
            -0.7100251317024231,
            -0.08492900431156158
        ],
        [
            0.2020183801651001,
            -0.7165178656578064,
            -0.09177745133638382
        ],
        [
            0.2452808916568756,
            -0.7348053455352783,
            -0.13180875778198242
        ],
        [
            0.2787342965602875,
            -0.7795379161834717,
            -0.16357915103435516
        ],
        [
            0.27907463908195496,
            -0.7733526229858398,
            -0.17406663298606873
        ],
        [
            0.2727213501930237,
            -0.7718955278396606,
            -0.15460574626922607
        ],
        [
            0.3001437783241272,
            -0.8369288444519043,
            -0.17578580975532532
        ],
        [
            0.30019432306289673,
            -0.8236129283905029,
            -0.18895462155342102
        ],
        [
            0.296360582113266,
            -0.8150368928909302,
            -0.17359542846679688
        ],
        [
            0.29733550548553467,
            -0.8286494016647339,
            -0.16310760378837585
        ],
        [
            0.2954793870449066,
            -0.8624807596206665,
            -0.21317514777183533
        ],
        [
            0.29714933037757874,
            -0.8378195762634277,
            -0.22640198469161987
        ],
        [
            0.2993517518043518,
            -0.8319685459136963,
            -0.209090918302536
        ],
        [
            0.2990894615650177,
            -0.8510515093803406,
            -0.1971161812543869
        ],
        [
            0.2945158779621124,
            -0.8373609781265259,
            -0.1532181054353714
        ],
        [
            0.28890734910964966,
            -0.8497573733329773,
            -0.14024576544761658
        ],
        [
            0.2901282012462616,
            -0.8668370246887207,
            -0.14474810659885406
        ],
        [
            0.29704466462135315,
            -0.8537076711654663,
            -0.1621873676776886
        ],
        [
            0.28612715005874634,
            -0.8883033990859985,
            -0.15582400560379028
        ],
        [
            0.2947298586368561,
            -0.8727761507034302,
            -0.17683690786361694
        ],
        [
            0.2175065279006958,
            -0.7518802881240845,
            -0.09410293400287628
        ],
        [
            0.22584275901317596,
            -0.7683138251304626,
            -0.09928257018327713
        ],
        [
            0.20815134048461914,
            -0.7234529256820679,
            -0.10072021186351776
        ],
        [
            0.2102360725402832,
            -0.7388213872909546,
            -0.08866827189922333
        ],
        [
            0.275984525680542,
            -0.9060372114181519,
            -0.16888588666915894
        ],
        [
            0.2876130938529968,
            -0.8882195353507996,
            -0.1937481164932251
        ],
        [
            0.2530827224254608,
            -0.8636887073516846,
            -0.10067387670278549
        ],
        [
            0.26581820845603943,
            -0.8724411129951477,
            -0.11351466923952103
        ],
        [
            0.2707720696926117,
            -0.851998507976532,
            -0.11544977128505707
        ],
        [
            0.25844788551330566,
            -0.8467713594436646,
            -0.10318583250045776
        ],
        [
            0.24326013028621674,
            -0.8814972043037415,
            -0.10072720050811768
