{
    "pred_cam": [
        1.1759229898452759,
        0.00578426755964756,
        0.15160688757896423
    ],
    "pred_smpl_params": {
        "global_orient": [
            [
                [
                    0.9591392874717712,
                    0.21019472181797028,
                    0.1893937885761261
                ],
                [
                    0.19146594405174255,
                    -0.9750322103500366,
                    0.11248571425676346
                ],
                [
                    0.20830893516540527,
                    -0.07162700593471527,
                    -0.975436806678772
                ]
            ]
        ],
        "body_pose": [
            [
                [
                    0.9968801736831665,
                    0.02733658254146576,
                    -0.07404440641403198
                ],
                [
                    -0.014391039498150349,
                    0.9853343963623047,
                    0.1700267493724823
                ],
                [
                    0.0776064395904541,
                    -0.16843073070049286,
                    0.9826537370681763
                ]
            ],
            [
                [
                    0.9991558790206909,
                    0.01158195547759533,
                    -0.03941227123141289
                ],
                [
                    -0.00462977634742856,
                    0.9850674271583557,
                    0.17210686206817627
                ],
                [
                    0.04081707075238228,
                    -0.17177912592887878,
                    0.9842895269393921
                ]
            ],
            [
                [
                    0.9968115091323853,
                    0.00990036129951477,
                    0.07917533814907074
                ],
                [
                    0.006545493844896555,
                    0.9787824749946594,
                    -0.2047976553440094
                ],
                [
                    -0.0795229971408844,
                    0.20466291904449463,
                    0.9755968451499939
                ]
            ],
            [
                [
                    0.9884514808654785,
                    -0.05436408519744873,
                    -0.14145033061504364
                ],
                [
                    -0.032153960317373276,
                    0.8369369506835938,
                    -0.5463539361953735
                ],
                [
                    0.1480870544910431,
                    0.544592559337616,
                    0.8255235552787781
                ]
            ],
            [
                [
                    0.9929937124252319,
                    -0.10978461802005768,
                    0.04371344670653343
                ],
                [
                    0.11462421715259552,
                    0.804980993270874,
                    -0.5821226835250854
                ],
                [
                    0.028719620779156685,
                    0.583054780960083,
                    0.8119250535964966
                ]
            ],
            [
                [
                    0.9960095286369324,
                    0.026279296725988388,
                    0.08529133349657059
                ],
                [
                    -0.02442525327205658,
                    0.9994437098503113,
                    -0.022709256038069725
                ],
                [
                    -0.08584066480398178,
                    0.020535368472337723,
                    0.9960973262786865
                ]
            ],
            [
                [
                    0.980426013469696,
                    0.07440868765115738,
                    0.18228597939014435
                ],
                [
                    -0.07480914890766144,
                    0.9971868395805359,
                    -0.004687746521085501
                ],
                [
                    -0.18212199211120605,
                    -0.009040674194693565,
                    0.9832343459129333
                ]
            ],
            [
                [
                    0.9856691956520081,
                    -0.03117557428777218,
                    -0.16578465700149536
                ],
                [
                    0.0355309322476387,
                    0.9990952610969543,
                    0.023370040580630302
                ],
                [
                    0.1649060994386673,
                    -0.028925610706210136,
                    0.9858851432800293
                ]
            ],
            [
                [
                    0.9977695345878601,
                    0.0029394831508398056,
                    0.06668855994939804
                ],
                [
                    0.002045268192887306,
                    0.9972147941589355,
                    -0.07455554604530334
                ],
                [
                    -0.06672196835279465,
                    0.07452564686536789,
                    0.99498450756073
                ]
            ],
            [
                [
                    0.9867163896560669,
                    -0.16128437221050262,
                    -0.019446196034550667
                ],
                [
                    0.16226443648338318,
                    0.9727305769920349,
                    0.16572695970535278
                ],
                [
                    -0.007813251577317715,
                    -0.16668091714382172,
                    0.9859799146652222
                ]
            ],
            [
                [
                    0.9920687675476074,
                    0.1253429353237152,
                    0.009419001638889313
                ],
                [
                    -0.12518887221813202,
                    0.9785586595535278,
                    0.16355620324611664
                ],
                [
                    0.011283571831882,
                    -0.16343815624713898,
                    0.9864889979362488
                ]
            ],
            [
                [
                    0.9984011650085449,
                    0.04555005580186844,
                    0.03346968814730644
                ],
                [
                    -0.043440766632556915,
                    0.9971765279769897,
                    -0.06125331670045853
                ],
                [
                    -0.0361652746796608,
                    0.05970143899321556,
                    0.9975609183311462
                ]
            ],
            [
                [
                    0.9393793940544128,
                    0.3390158712863922,
                    0.05132915452122688
                ],
                [
                    -0.33801937103271484,
                    0.9407444596290588,
                    -0.027252839878201485
                ],
                [
                    -0.057526763528585434,
                    0.008250504732131958,
                    0.9983099102973938
                ]
            ],
            [
                [
                    0.9429039359092712,
                    -0.3182099759578705,
                    0.09835971891880035
                ],
                [
                    0.3221215605735779,
                    0.9463297724723816,
                    -0.026414239779114723
                ],
                [
                    -0.08467544615268707,
                    0.056589871644973755,
                    0.9948003888130188
                ]
            ],
            [
                [
                    0.9990898370742798,
                    0.031039875000715256,
                    0.029260093346238136
                ],
                [
                    -0.022381752729415894,
                    0.9653828740119934,
                    -0.25987496972084045
                ],
                [
                    -0.03631367161870003,
                    0.2589834928512573,
                    0.9651989340782166
                ]
            ],
            [
                [
                    0.47183844447135925,
                    0.845466673374176,
                    -0.25010913610458374
                ],
                [
                    -0.879390299320221,
                    0.47173142433166504,
                    -0.06435950845479965
                ],
                [
                    0.063570536673069,
                    0.25031083822250366,
                    0.9660761952400208
                ]
            ],
            [
                [
                    0.4954833984375,
                    -0.795375406742096,
                    0.34910470247268677
                ],
                [
                    0.8505547046661377,
                    0.5258055329322815,
                    -0.009231965988874435
                ],
                [
                    -0.17621831595897675,
                    0.3015069365501404,
                    0.9370381832122803
                ]
            ],
            [
                [
                    0.15528523921966553,
                    -0.40683144330978394,
                    -0.9002079963684082
                ],
                [
                    0.18725861608982086,
                    0.906862735748291,
                    -0.3775368928909302
                ],
                [
                    0.9699590802192688,
                    -0.10994582623243332,
                    0.21700508892536163
                ]
            ],
            [
                [
                    0.34310799837112427,
                    0.32658135890960693,
                    0.8806936740875244
                ],
                [
                    0.01645425334572792,
                    0.9353768825531006,
                    -0.35326945781707764
                ],
                [
                    -0.9391517639160156,
                    0.13570071756839752,
                    0.3155616521835327
                ]
            ],
            [
                [
                    0.985745906829834,
                    -0.16312871873378754,
                    -0.041158780455589294
                ],
                [
                    0.1664641797542572,
                    0.9811592102050781,
                    0.09806282073259354
                ],
                [
                    0.02438645251095295,
                    -0.10351648926734924,
                    0.9943287372589111
                ]
            ],
            [
                [
                    0.9916897416114807,
                    0.11951197683811188,
                    0.04762747138738632
                ],
                [
                    -0.11980896443128586,
                    0.9927910566329956,
                    0.0034204802941530943
                ],
                [
                    -0.04687533900141716,
                    -0.009098253212869167,
                    0.9988592863082886
                ]
            ],
            [
                [
                    0.9649190902709961,
                    0.2436564564704895,
                    -0.09778836369514465
                ],
                [
                    -0.22946526110172272,
                    0.9636468291282654,
                    0.13685978949069977
                ],
                [
                    0.1275801956653595,
                    -0.10961960256099701,
                    0.9857519268989563
                ]
            ],
            [
                [
                    0.9681137800216675,
                    -0.23961782455444336,
                    0.07306887209415436
                ],
                [
                    0.22650760412216187,
                    0.9618775844573975,
                    0.15325096249580383
                ],
                [
                    -0.10700497031211853,
                    -0.13181370496749878,
                    0.9854822158813477
                ]
            ]
        ],
        "betas": [
            -0.04196460545063019,
            -0.15671980381011963,
            0.028614699840545654,
            0.12013541162014008,
            0.05910402536392212,
            0.03614560142159462,
            0.014276742935180664,
            -0.05827808380126953,
            0.038822099566459656,
            -0.029314517974853516
        ]
    },
    "pred_cam_t": [
        0.00578426755964756,
        0.15160688757896423,
        33.21858596801758
    ],
    "focal_length": [
        5000.0,
        5000.0
    ],
    "pred_keypoints_3d": [
        [
            0.22304150462150574,
            -0.7104811072349548,
            -0.22804275155067444
        ],
        [
            0.12607719004154205,
            -0.7084475755691528,
            -0.0633537620306015
        ],
        [
            -0.06357505917549133,
            -0.6475762724876404,
            -0.11280688643455505
        ],
        [
            -0.1724693775177002,
            -0.42456454038619995,
            -0.0608280785381794
        ],
        [
            -0.0446813702583313,
            -0.2525866627693176,
            -0.19718778133392334
        ],
        [
            0.2542895972728729,
            -0.6013756990432739,
            0.048786647617816925
        ],
        [
            0.19692526757717133,
            -0.37838423252105713,
            0.16904045641422272
        ],
        [
            0.277529239654541,
            -0.2448023408651352,
            -0.02388179302215576
        ],
        [
            -0.0018292495515197515,
            -0.2249317765235901,
            0.02899191528558731
        ],
        [
            -0.08693873882293701,
            -0.14999666810035706,
            0.025177525356411934
        ],
        [
            -0.1952180713415146,
            0.21390649676322937,
            -0.009891832247376442
        ],
        [
            -0.2430582344532013,
            0.5273297429084778,
            0.23006415367126465
        ],
        [
            0.04472152888774872,
            -0.1229996532201767,
            0.05644854158163071
        ],
        [
            0.0015533529222011566,
            0.2467406541109085,
            0.028726141899824142
        ],
        [
            -0.08446326851844788,
            0.565318763256073,
            0.24977661669254303
        ],
        [
            0.2007725089788437,
            -0.7666604518890381,
            -0.23803254961967468
        ],
        [
            0.2579658627510071,
            -0.7557085752487183,
            -0.20579373836517334
        ],
        [
            0.12945352494716644,
            -0.8183566331863403,
            -0.18103691935539246
        ],
        [
            0.2573448419570923,
            -0.7938188910484314,
            -0.11080291122198105
        ],
        [
            -0.09382343292236328,
            0.7018616199493408,
            0.10495707392692566
        ],
        [
            -0.03049144335091114,
            0.69638991355896,
            0.1597137749195099
        ],
        [
            -0.08816154301166534,
            0.5688546895980835,
            0.31973695755004883
        ],
        [
            -0.24862085282802582,
            0.6619405746459961,
            0.08544754981994629
        ],
        [
            -0.32213687896728516,
            0.6356991529464722,
            0.12559664249420166
        ],
        [
            -0.25110235810279846,
            0.5373337864875793,
            0.30223503708839417
        ],
        [
            -0.25792551040649414,
            0.46950384974479675,
            0.2262362241744995
        ],
        [
            -0.17974431812763214,
            0.15355685353279114,
            -0.014666983857750893
        ],
        [
            -0.1388966143131256,
            -0.28642627596855164,
            0.005991906858980656
        ],
        [
            0.13884992897510529,
            -0.2142263948917389,
            0.08183969557285309
        ],
        [
            0.019794613122940063,
            0.2087526172399521,
            0.028036726638674736
        ],
        [
            -0.06833550333976746,
            0.5256987810134888,
            0.25708138942718506
        ],
        [
            -0.031233273446559906,
            -0.2885386347770691,
            -0.19154292345046997
        ],
        [
            -0.17394216358661652,
            -0.4423202872276306,
            -0.1018732488155365
        ],
        [
            -0.02370699867606163,
            -0.6717187762260437,
            -0.10546255111694336
        ],
        [
            0.23462660610675812,
            -0.6343289017677307,
            0.030851241201162338
        ],
        [
            0.24563145637512207,
            -0.396212637424469,
            0.15193460881710052
        ],
        [
            0.28305596113204956,
            -0.2681628167629242,
            -0.018448268994688988
        ],
        [
            0.1285388469696045,
            -0.6995470523834229,
            -0.06388217955827713
        ],
        [
            0.22340169548988342,
            -0.8385689854621887,
            -0.17967911064624786
        ],
        [
            0.0007440026965923607,
            -0.250412255525589,
            0.0445082001388073
        ],
        [
            0.10505778342485428,
            -0.6504521369934082,
            -0.040229521691799164
        ],
        [
            0.05245920270681381,
            -0.49096179008483887,
            0.015725325793027878
        ],
        [
            0.19304808974266052,
            -0.7307837009429932,
            -0.15618588030338287
        ],
        [
            0.22471433877944946,
            -0.8592406511306763,
            -0.18379662930965424
        ]
    ],
    "pred_vertices": [
        [
            0.28783220052719116,
            -0.7911547422409058,
            -0.2218436598777771
        ],
        [
            0.27864930033683777,
            -0.7769105434417725,
            -0.22315409779548645
        ],
        [
            0.28377509117126465,
            -0.7774221897125244,
            -0.20973536372184753
        ],
        [
            0.29012754559516907,
            -0.7901471853256226,
            -0.20436780154705048
        ],
        [
            0.2781805396080017,
            -0.7675401568412781,
            -0.2118040919303894
        ],
        [
            0.27243518829345703,
            -0.7664933204650879,
            -0.22236377000808716
        ],
        [
            0.28368210792541504,
            -0.7772108316421509,
            -0.19576194882392883
        ],
        [
            0.2877933979034424,
            -0.7876211404800415,
            -0.18819835782051086
        ],
        [
            0.2699939012527466,
            -0.7540576457977295,
            -0.16814100742340088
        ],
        [
            0.2683894634246826,
            -0.7550305724143982,
            -0.15706321597099304
        ],
        [
            0.2737957835197449,
            -0.7640652656555176,
            -0.16371937096118927
        ],
        [
            0.2727970480918884,
            -0.7610430717468262,
            -0.17361506819725037
        ],
        [
            0.2573373317718506,
            -0.7354425191879272,
            -0.15479344129562378
        ],
        [
            0.25109604001045227,
            -0.7241929769515991,
            -0.1600182056427002
        ],
        [
            0.24602225422859192,
            -0.7221776247024536,
            -0.14774225652217865
        ],
        [
            0.25085514783859253,
            -0.7334628701210022,
            -0.1421152651309967
        ],
        [
            0.23685821890830994,
            -0.7274812459945679,
            -0.19972576200962067
        ],
        [
            0.23855066299438477,
            -0.7218374013900757,
            -0.19337627291679382
        ],
        [
            0.24434906244277954,
            -0.7269936800003052,
            -0.1938307285308838
        ],
        [
            0.24155022203922272,
            -0.73227858543396,
            -0.19992220401763916
        ],
        [
            0.23491661250591278,
            -0.7333734035491943,
            -0.21333488821983337
        ],
        [
            0.23691272735595703,
            -0.7395257949829102,
            -0.21274834871292114
        ],
        [
            0.23613227903842926,
            -0.740485668182373,
            -0.22062838077545166
        ],
        [
            0.23498226702213287,
            -0.7330397367477417,
            -0.22128254175186157
        ],
        [
            0.23006512224674225,
            -0.7242034673690796,
            -0.20004868507385254
        ],
        [
            0.23182374238967896,
            -0.718611478805542,
            -0.1931023895740509
        ],
        [
            0.23565983772277832,
            -0.7318742275238037,
            -0.2056766301393509
        ],
        [
            0.23285835981369019,
            -0.7275558710098267,
            -0.2064555585384369
        ],
        [
            0.23165225982666016,
            -0.7171200513839722,
            -0.21308854222297668
        ],
        [
            0.2343558967113495,
            -0.7214787006378174,
            -0.21321366727352142
        ],
        [
            0.23426245152950287,
            -0.7190208435058594,
            -0.22062556445598602
        ],
        [
            0.23070670664310455,
            -0.7151222229003906,
            -0.21838584542274475
        ],
        [
            0.23042258620262146,
            -0.7214517593383789,
            -0.20432637631893158
        ],
        [
            0.2331126630306244,
            -0.7220940589904785,
            -0.20746058225631714
        ],
        [
            0.23030978441238403,
            -0.7181719541549683,
            -0.20885658264160156
        ],
        [
            0.22699730098247528,
            -0.7185441255569458,
            -0.2061942219734192
        ],
        [
            0.23362484574317932,
            -0.7284706830978394,
            -0.2138238549232483
        ],
        [
            0.23444297909736633,
            -0.7264324426651001,
            -0.22137540578842163
        ],
        [
            0.23416560888290405,
            -0.7242034673690796,
            -0.2293340563774109
        ],
        [
            0.23272393643856049,
            -0.7154989242553711,
            -0.22786067426204681
        ],
        [
            0.2399870753288269,
            -0.7130345106124878,
            -0.17699000239372253
        ],
        [
            0.2401256412267685,
            -0.7168134450912476,
            -0.18575969338417053
        ],
        [
            0.2336510866880417,
            -0.7138499617576599,
            -0.18624356389045715
        ],
        [
            0.23440921306610107,
            -0.7103821039199829,
            -0.17927107214927673
        ],
        [
            0.225453719496727,
            -0.7179151773452759,
            -0.2016579955816269
        ],
        [
            0.22209493815898895,
            -0.704691469669342,
            -0.19302479922771454
        ],
        [
            0.22395965456962585,
            -0.7075369358062744,
            -0.19469404220581055
        ],
        [
            0.2206164002418518,
            -0.7068270444869995,
            -0.20112542808055878
        ],
        [
            0.2193673700094223,
            -0.7041592597961426,
            -0.1991085410118103
        ],
        [
            0.23502948880195618,
            -0.7060675621032715,
            -0.1616377830505371
        ],
        [
            0.2312861680984497,
            -0.7036119699478149,
            -0.16736546158790588
        ],
        [
            0.2278226613998413,
            -0.6995853185653687,
            -0.16220568120479584
        ],
        [
            0.2299807220697403,
            -0.7019686698913574,
            -0.1553671956062317
        ],
        [
            0.22301523387432098,
            -0.6960601806640625,
            -0.16030508279800415
        ],
        [
            0.22441157698631287,
            -0.697960615158081,
            -0.15037190914154053
        ],
        [
            0.21091406047344208,
            -0.6878523826599121,
            -0.14902742207050323
        ],
        [
            0.2173626571893692,
            -0.6924121379852295,
            -0.14912673830986023
        ],
        [
            0.21748772263526917,
            -0.6919556260108948,
            -0.16022628545761108
        ],
        [
            0.2118658721446991,
            -0.6868748068809509,
            -0.1630655825138092
        ],
        [
            0.20672160387039185,
            -0.6873747110366821,
            -0.1772778481245041
        ],
        [
            0.20224407315254211,
            -0.6857664585113525,
            -0.1815836876630783
        ],
        [
            0.2003498673439026,
            -0.676572322845459,
            -0.17247439920902252
        ],
        [
            0.2057236284017563,
            -0.6807222962379456,
            -0.16799378395080566
        ],
        [
            0.21794384717941284,
            -0.7025198936462402,
            -0.18727990984916687
        ],
        [
            0.22026027739048004,
            -0.7037068605422974,
            -0.18319609761238098
        ],
        [
            0.221927672624588,
            -0.7034505605697632,
            -0.18534812331199646
        ],
        [
            0.22016559541225433,
            -0.7029294967651367,
            -0.190364807844162
        ],
        [
            0.22241394221782684,
            -0.7042014598846436,
            -0.17985299229621887
        ],
        [
            0.22338850796222687,
            -0.7042500972747803,
            -0.17833271622657776
        ],
        [
            0.22420953214168549,
            -0.7045209407806396,
            -0.1798764169216156
        ],
        [
            0.22292004525661469,
            -0.7044228911399841,
            -0.18059667944908142
        ],
        [
            0.22137196362018585,
            -0.7040513753890991,
            -0.18194706737995148
        ],
        [
            0.2198840230703354,
            -0.7024266123771667,
            -0.18194106221199036
        ],
        [
            0.22154353559017181,
            -0.703401505947113,
            -0.18033325672149658
        ],
        [
            0.21761450171470642,
            -0.700560986995697,
            -0.1854938566684723
        ],
        [
            0.20881401002407074,
            -0.6960585713386536,
            -0.19678735733032227
        ],
        [
            0.2118816375732422,
            -0.6965494155883789,
            -0.19389966130256653
        ],
        [
            0.2121422439813614,
            -0.7008234262466431,
            -0.19587938487529755
        ],
        [
            0.20965780317783356,
            -0.7006449699401855,
            -0.19858163595199585
        ],
        [
            0.2241940200328827,
            -0.7052233219146729,
            -0.18300649523735046
        ],
        [
            0.2268395870923996,
            -0.7062835693359375,
            -0.18187928199768066
        ],
        [
            0.22613008320331573,
            -0.7068469524383545,
            -0.18753132224082947
        ],
        [
            0.223789781332016,
            -0.7051997184753418,
            -0.18653815984725952
        ],
        [
            0.2299191653728485,
            -0.7074463367462158,
            -0.18109260499477386
        ],
        [
            0.22638165950775146,
            -0.7055529356002808,
            -0.1787596344947815
        ],
        [
            0.22896628081798553,
            -0.7061098217964172,
            -0.17715796828269958
        ],
        [
            0.2221842259168625,
            -0.7029479742050171,
            -0.1778607815504074
        ],
        [
            0.22318123281002045,
            -0.7021641731262207,
            -0.1746341437101364
        ],
        [
            0.2251441478729248,
            -0.7035427689552307,
            -0.17619389295578003
        ],
        [
            0.22029465436935425,
            -0.6995906829833984,
            -0.17461425065994263
        ],
        [
            0.2197483628988266,
            -0.7011136412620544,
            -0.17913593351840973
        ],
        [
            0.21707770228385925,
            -0.6984407305717468,
            -0.18221673369407654
        ],
        [
            0.21385273337364197,
            -0.695641040802002,
            -0.1864321529865265
        ],
        [
            0.21268831193447113,
            -0.6933432817459106,
            -0.18083131313323975
        ],
        [
            0.21676334738731384,
            -0.6963433027267456,
            -0.17697075009346008
        ],
        [
            0.229082390666008,
            -0.7102200984954834,
            -0.18772399425506592
        ],
        [
            0.22774866223335266,
            -0.7034997344017029,
            -0.17232438921928406
        ],
        [
            0.23344838619232178,
            -0.7078871726989746,
            -0.17335614562034607
        ],
        [
            0.2251930683851242,
            -0.7004273533821106,
            -0.16948053240776062
        ],
        [
            0.22142286598682404,
            -0.6974219679832458,
            -0.1684015691280365
        ],
        [
            0.21672210097312927,
            -0.694037914276123,
            -0.1699058562517166
        ],
        [
            0.21182730793952942,
            -0.6903419494628906,
            -0.17336049675941467
        ],
        [
            0.1947382539510727,
            -0.6756985187530518,
            -0.15906643867492676
        ],
        [
            0.2025078535079956,
            -0.6807279586791992,
            -0.15455833077430725
        ],
        [
            0.26650676131248474,
            -0.7623095512390137,
            -0.21779736876487732
        ],
        [
            0.27247196435928345,
            -0.7619236707687378,
            -0.21101143956184387
        ],
        [
            0.26772040128707886,
            -0.7586630582809448,
            -0.20356988906860352
        ],
        [
            0.27036115527153015,
            -0.7601842880249023,
            -0.20348390936851501
        ],
        [
            0.26754435896873474,
            -0.7602295875549316,
            -0.20943765342235565
        ],
        [
            0.26560649275779724,
            -0.7584891319274902,
            -0.2077842801809311
        ],
        [
            0.2705489993095398,
            -0.7600619792938232,
            -0.18191218376159668
        ],
        [
            0.26886212825775146,
            -0.7594090104103088,
            -0.188636913895607
        ],
        [
            0.26689818501472473,
            -0.7573720216751099,
            -0.18568217754364014
        ],
        [
            0.2689172327518463,
            -0.7549998760223389,
            -0.17757639288902283
        ],
        [
            0.25968149304389954,
            -0.7484738826751709,
            -0.19120441377162933
        ],
        [
            0.2627203166484833,
            -0.750803530216217,
            -0.1871892809867859
        ],
        [
            0.2634376287460327,
            -0.7548415660858154,
            -0.19408847391605377
        ],
        [
            0.2613016664981842,
            -0.7530878782272339,
            -0.19704021513462067
        ],
        [
            0.258624404668808,
            -0.7521111965179443,
            -0.200246199965477
        ],
        [
            0.25547176599502563,
            -0.7520060539245605,
            -0.2034606635570526
        ],
        [
            0.2531624138355255,
            -0.7482050061225891,
            -0.20040163397789001
        ],
        [
            0.25639501214027405,
            -0.7478036880493164,
            -0.19595542550086975
        ],
        [
            0.26299214363098145,
            -0.7613467574119568,
            -0.2141367793083191
        ],
        [
            0.2564702332019806,
            -0.7619563341140747,
            -0.21743424236774445
        ],
        [
            0.2560063600540161,
            -0.7598835229873657,
            -0.2148037999868393
        ],
        [
            0.2616519033908844,
            -0.7590142488479614,
            -0.2122880518436432
        ],
        [
            0.2427801489830017,
            -0.7594860792160034,
            -0.2134341299533844
        ],
        [
            0.24531181156635284,
            -0.7605600357055664,
            -0.2147396206855774
        ],
        [
            0.24342010915279388,
            -0.7614299058914185,
            -0.21807679533958435
        ],
        [
            0.2403220385313034,
            -0.7586361169815063,
            -0.21580959856510162
        ],
        [
            0.24087978899478912,
            -0.7559330463409424,
            -0.21329504251480103
        ],
        [
            0.24324071407318115,
            -0.7577507495880127,
            -0.21227878332138062
        ],
        [
            0.2890474498271942,
            -0.8101792335510254,
            -0.2346794456243515
        ],
        [
            0.28076863288879395,
            -0.792766809463501,
            -0.23614105582237244
        ],
        [
            0.2946390211582184,
            -0.809503972530365,
            -0.21478357911109924
        ],
        [
            0.2939893305301666,
            -0.8063948750495911,
            -0.19663088023662567
        ],
        [
            0.2912915349006653,
            -0.799835205078125,
            -0.17952388525009155
        ],
        [
            0.24030780792236328,
            -0.7126368284225464,
            -0.15472343564033508
        ],
        [
            0.23533184826374054,
            -0.7092152237892151,
            -0.14566375315189362
        ],
        [
            0.2405506670475006,
            -0.7208452224731445,
            -0.13616114854812622
        ],
        [
            0.2328253835439682,
            -0.7158746123313904,
            -0.1290823370218277
        ],
        [
            0.2278764843940735,
            -0.7038882374763489,
            -0.13937146961688995
        ],
        [
            0.20838089287281036,
            -0.6919524669647217,
            -0.13633307814598083
        ],
        [
            0.21889829635620117,
            -0.6975857019424438,
            -0.136053204536438
        ],
        [
            0.22312381863594055,
            -0.7113961577415466,
            -0.12316945195198059
        ],
        [
            0.22955794632434845,
            -0.728777289390564,
            -0.11328141391277313
        ],
        [
            0.23743432760238647,
            -0.7297151684761047,
            -0.1213751882314682
        ],
        [
            0.23498891294002533,
            -0.747871994972229,
            -0.10871607065200806
        ],
        [
            0.21901828050613403,
            -0.7293858528137207,
            -0.104093037545681
        ],
        [
            0.22920723259449005,
            -0.7524811029434204,
            -0.10336869955062866
        ],
        [
            0.19495126605033875,
            -0.7012771964073181,
            -0.10316675901412964
        ],
        [
            0.19188231229782104,
            -0.6948994398117065,
            -0.09658700972795486
        ],
        [
            0.19832155108451843,
            -0.706589937210083,
            -0.08309923112392426
        ],
        [
            0.20232735574245453,
            -0.7130334377288818,
            -0.08972980082035065
        ],
        [
            0.24463161826133728,
            -0.7313703298568726,
            -0.13004490733146667
        ],
        [
            0.27762898802757263,
            -0.7764538526535034,
            -0.16166993975639343
        ],
        [
            0.277744323015213,
            -0.7703542709350586,
            -0.1722433865070343
        ],
        [
            0.27179306745529175,
            -0.7686704397201538,
            -0.15275242924690247
        ],
        [
            0.29875290393829346,
            -0.83443284034729,
            -0.17329195141792297
        ],
        [
            0.29831621050834656,
            -0.8211890459060669,
            -0.18675123155117035
        ],
        [
            0.29500627517700195,
            -0.8122354745864868,
            -0.1714453101158142
        ],
        [
            0.296130895614624,
            -0.8257613182067871,
            -0.16079950332641602
        ],
        [
            0.2934380769729614,
            -0.8607931733131409,
            -0.21007278561592102
        ],
        [
            0.2947186231613159,
            -0.8362714052200317,
            -0.22384507954120636
        ],
        [
            0.29722046852111816,
            -0.8299997448921204,
            -0.20671646296977997
        ],
        [
            0.2973538637161255,
            -0.8490358591079712,
            -0.19427341222763062
        ],
        [
            0.2935585081577301,
            -0.834376335144043,
            -0.1506727784872055
        ],
        [
            0.2883167266845703,
            -0.846595287322998,
            -0.13722485303878784
        ],
        [
            0.289310097694397,
            -0.8637417554855347,
            -0.1413673609495163
        ],
        [
            0.2958388924598694,
            -0.8510117530822754,
            -0.15930968523025513
        ],
        [
            0.28499558568000793,
            -0.8853998184204102,
            -0.15190377831459045
        ],
        [
            0.2932366132736206,
            -0.8703707456588745,
            -0.17337781190872192
        ],
        [
            0.21774901449680328,
            -0.7479636669158936,
            -0.09173658490180969
        ],
        [
            0.22612687945365906,
            -0.7643784284591675,
            -0.09680701047182083
        ],
        [
            0.20828574895858765,
            -0.7199122905731201,
            -0.09857574850320816
        ],
        [
            0.2106015682220459,
            -0.7351177930831909,
            -0.08642569929361343
        ],
        [
            0.274535208940506,
            -0.9031989574432373,
            -0.16440126299858093
        ],
        [
            0.2857406735420227,
            -0.8860679864883423,
            -0.1897679567337036
        ],
        [
            0.25324419140815735,
            -0.8598237037658691,
            -0.0970085859298706
        ],
        [
            0.26565054059028625,
            -0.8689108490943909,
            -0.1098121628165245
        ],
        [
            0.27066877484321594,
            -0.8484210968017578,
            -0.11230979114770889
        ],
        [
            0.25867852568626404,
            -0.8429540395736694,
            -0.09996853023767471
        ],
        [
            0.2433461993932724,
            -0.8776799440383911,
            -0.09645403921604156
        ],
        [
