{
    "pred_cam": [
        1.1566967964172363,
        0.025339113548398018,
        0.14938539266586304
    ],
    "pred_smpl_params": {
        "global_orient": [
            [
                [
                    0.9696741700172424,
                    0.2078254520893097,
                    0.1286102831363678
                ],
                [
                    0.19778972864151,
                    -0.9764152765274048,
                    0.08655877411365509
                ],
                [
                    0.14356616139411926,
                    -0.05849601328372955,
                    -0.9879103899002075
                ]
            ]
        ],
        "body_pose": [
            [
                [
                    0.9989007711410522,
                    0.008137437514960766,
                    -0.04616188257932663
                ],
                [
                    -0.0001251957000931725,
                    0.9852752685546875,
                    0.17097559571266174
                ],
                [
                    0.046873461455106735,
                    -0.17078189551830292,
                    0.9841932654380798
                ]
            ],
            [
                [
                    0.9997753500938416,
                    -0.010227658785879612,
                    -0.018564509227871895
                ],
                [
                    0.013239292427897453,
                    0.9853296279907227,
                    0.17014740407466888
                ],
                [
                    0.016551954671740532,
                    -0.170354962348938,
                    0.9852436780929565
                ]
            ],
            [
                [
                    0.9982565641403198,
                    0.012532343156635761,
                    0.0576779879629612
                ],
                [
                    -0.001802823506295681,
                    0.9832168221473694,
                    -0.18243226408958435
                ],
                [
                    -0.05899626389145851,
                    0.182010218501091,
                    0.9815252423286438
                ]
            ],
            [
                [
                    0.9922346472740173,
                    -0.02913091704249382,
                    -0.12092044949531555
                ],
                [
                    -0.042743880301713943,
                    0.8331136107444763,
                    -0.5514476895332336
                ],
                [
                    0.11680465191602707,
                    0.5523341298103333,
                    0.8253990411758423
                ]
            ],
            [
                [
                    0.9934960007667542,
                    -0.09735181927680969,
                    0.05906128138303757
                ],
                [
                    0.1135646402835846,
                    0.8093980550765991,
                    -0.5761750936508179
                ],
                [
                    0.008287611417472363,
                    0.579135000705719,
                    0.8151894807815552
                ]
            ],
            [
                [
                    0.9978137016296387,
                    0.002328871050849557,
                    0.06604865193367004
                ],
                [
                    -0.00019561454246286303,
                    0.9994786381721497,
                    -0.0322863794863224
                ],
                [
                    -0.06608940660953522,
                    0.03220286965370178,
                    0.9972939491271973
                ]
            ],
            [
                [
                    0.9785269498825073,
                    0.09381197392940521,
                    0.18353234231472015
                ],
                [
                    -0.09380704164505005,
                    0.995552122592926,
                    -0.00872853584587574
                ],
                [
                    -0.18353486061096191,
                    -0.008675521239638329,
                    0.9829748272895813
                ]
            ],
            [
                [
                    0.9844188094139099,
                    -0.04703832045197487,
                    -0.16943137347698212
                ],
                [
                    0.047689344733953476,
                    0.9988622665405273,
                    -0.00022727203031536192
                ],
                [
                    0.1692492812871933,
                    -0.007856341078877449,
                    0.9855420589447021
                ]
            ],
            [
                [
                    0.9987893104553223,
                    -0.014457512646913528,
                    0.04702058434486389
                ],
                [
                    0.01797860488295555,
                    0.9969954490661621,
                    -0.07534481585025787
                ],
                [
                    -0.04579000920057297,
                    0.0760989561676979,
                    0.9960483312606812
                ]
            ],
            [
                [
                    0.9819115400314331,
                    -0.18755534291267395,
                    -0.025933854281902313
                ],
                [
                    0.18915054202079773,
                    0.9655621647834778,
                    0.17863838374614716
                ],
                [
                    -0.00846383348107338,
                    -0.18031252920627594,
                    0.9835728406906128
                ]
            ],
            [
                [
                    0.9904038310050964,
                    0.1382037252187729,
                    9.165799565380439e-05
                ],
                [
                    -0.1359943002462387,
                    0.9744517803192139,
                    0.17874354124069214
                ],
                [
                    0.02461371012032032,
                    -0.17704074084758759,
                    0.9838957190513611
                ]
            ],
            [
                [
                    0.999941885471344,
                    0.006652470678091049,
                    -0.008488088846206665
                ],
                [
                    -0.007271545473486185,
                    0.9971480369567871,
                    -0.07511965930461884
                ],
                [
                    0.007964149117469788,
                    0.07517700642347336,
                    0.9971384406089783
                ]
            ],
            [
                [
                    0.9589439034461975,
                    0.28119218349456787,
                    0.036844778805971146
                ],
                [
                    -0.27809903025627136,
                    0.9578425884246826,
                    -0.07210003584623337
                ],
                [
                    -0.05556546896696091,
                    0.058893389999866486,
                    0.9967165589332581
                ]
            ],
            [
                [
                    0.959653913974762,
                    -0.262358158826828,
                    0.10115514695644379
                ],
                [
                    0.26613032817840576,
                    0.9635981917381287,
                    -0.025556279346346855
                ],
                [
                    -0.09076801687479019,
                    0.05144564062356949,
                    0.9945422410964966
                ]
            ],
            [
                [
                    0.999870777130127,
                    0.012493019923567772,
                    -0.010110813193023205
                ],
                [
                    -0.014532108791172504,
                    0.9714623689651489,
                    -0.23674830794334412
                ],
                [
                    0.006864568684250116,
                    0.23686467111110687,
                    0.9715183973312378
                ]
            ],
            [
                [
                    0.4214349091053009,
                    0.8659891486167908,
                    -0.26917561888694763
                ],
                [
                    -0.9068521857261658,
                    0.40131449699401855,
                    -0.1287083476781845
                ],
                [
                    -0.003435953054577112,
                    0.2983446717262268,
                    0.9544520974159241
                ]
            ],
            [
                [
                    0.44812753796577454,
                    -0.8110271096229553,
                    0.37605416774749756
                ],
                [
                    0.8793736100196838,
                    0.47561636567115784,
                    -0.022161059081554413
                ],
                [
                    -0.1608843058347702,
                    0.3406231105327606,
                    0.9263326525688171
                ]
            ],
            [
                [
                    -0.013996239751577377,
                    -0.43345269560813904,
                    -0.9010677337646484
                ],
                [
                    0.035406693816185,
                    0.9003759622573853,
                    -0.43366995453834534
                ],
                [
                    0.9992750287055969,
                    -0.03797357156872749,
                    0.0027452490758150816
                ]
            ],
            [
                [
                    0.11356472223997116,
                    0.4002702236175537,
                    0.9093332290649414
                ],
                [
                    0.08382226526737213,
                    0.9081311225891113,
                    -0.4102094769477844
                ],
                [
                    -0.9899883270263672,
                    0.12280769646167755,
                    0.06958010047674179
                ]
            ],
            [
                [
                    0.9825513958930969,
                    -0.1730191558599472,
                    -0.06824290752410889
                ],
                [
                    0.1790308952331543,
                    0.9792543053627014,
                    0.09491512924432755
                ],
                [
                    0.05040502920746803,
                    -0.10547658801078796,
                    0.9931434392929077
                ]
            ],
            [
                [
                    0.9845974445343018,
                    0.16124227643013,
                    0.06759294867515564
                ],
                [
                    -0.16182053089141846,
                    0.9868152141571045,
                    0.003132689744234085
                ],
                [
                    -0.06619663536548615,
                    -0.014022366143763065,
                    0.9977080225944519
                ]
            ],
            [
                [
                    0.9638053774833679,
                    0.24938756227493286,
                    -0.09426037967205048
                ],
                [
                    -0.23383279144763947,
                    0.9605631232261658,
                    0.15046824514865875
                ],
                [
                    0.1280679553747177,
                    -0.12298094481229782,
                    0.9841108918190002
                ]
            ],
            [
                [
                    0.9691028594970703,
                    -0.2408522516489029,
                    0.05319774150848389
                ],
                [
                    0.22957970201969147,
                    0.9596326351165771,
                    0.16247588396072388
                ],
                [
                    -0.09018296748399734,
                    -0.14524270594120026,
                    0.985277533531189
                ]
            ]
        ],
        "betas": [
            -0.06101351976394653,
            -0.15138006210327148,
            0.0812845528125763,
            0.09297141432762146,
            0.034212857484817505,
            0.07044222950935364,
            0.03499490022659302,
            -0.08967190980911255,
            0.03571330010890961,
            -0.03208288550376892
        ]
    },
    "pred_cam_t": [
        0.025339113548398018,
        0.14938539266586304,
        33.77073287963867
    ],
    "focal_length": [
        5000.0,
        5000.0
    ],
    "pred_keypoints_3d": [
        [
            0.17297904193401337,
            -0.7266963124275208,
            -0.23512053489685059
        ],
        [
            0.1129688024520874,
            -0.7133144736289978,
            -0.05409654974937439
        ],
        [
            -0.07843591272830963,
            -0.6561650633811951,
            -0.08386725187301636
        ],
        [
            -0.17913252115249634,
            -0.43119698762893677,
            -0.02600954845547676
        ],
        [
            -0.020052820444107056,
            -0.30923014879226685,
            -0.18129931390285492
        ],
        [
            0.257943332195282,
            -0.6092363595962524,
            0.03154488652944565
        ],
        [
            0.21614079177379608,
            -0.39541155099868774,
            0.1722349226474762
        ],
        [
            0.21963785588741302,
            -0.28838038444519043,
            -0.051102906465530396
        ],
        [
            -0.0018023895099759102,
            -0.22474472224712372,
            0.029052268713712692
        ],
        [
            -0.0872841626405716,
            -0.1499696671962738,
            0.02847754955291748
        ],
        [
            -0.19063743948936462,
            0.21496692299842834,
            -0.00860917940735817
        ],
        [
            -0.2291048765182495,
            0.5337730646133423,
            0.225380077958107
        ],
        [
            0.04619663581252098,
            -0.12200140208005905,
            0.05090447515249252
        ],
        [
            0.007330428808927536,
            0.24752628803253174,
            0.017309196293354034
        ],
        [
            -0.07729104161262512,
            0.5675351619720459,
            0.23628729581832886
        ],
        [
            0.14798375964164734,
            -0.7826330065727234,
            -0.23609822988510132
        ],
        [
            0.21106676757335663,
            -0.7716236114501953,
            -0.21814940869808197
        ],
        [
            0.09080401808023453,
            -0.8281921744346619,
            -0.16153651475906372
        ],
        [
            0.23120330274105072,
            -0.803510308265686,
            -0.12290780246257782
        ],
        [
            -0.08824244141578674,
            0.7030134201049805,
            0.09115064144134521
        ],
        [
            -0.024467922747135162,
            0.6979901790618896,
            0.14532184600830078
        ],
        [
            -0.08157619833946228,
            0.5716683268547058,
            0.30624523758888245
        ],
        [
            -0.2365555316209793,
            0.667667031288147,
            0.08080819249153137
        ],
        [
            -0.30899375677108765,
            0.6433441042900085,
            0.12361028790473938
        ],
        [
            -0.2344907969236374,
            0.5444087386131287,
            0.2976940870285034
        ],
        [
            -0.24475997686386108,
            0.47644487023353577,
            0.22298145294189453
        ],
        [
            -0.1761704385280609,
            0.15443357825279236,
            -0.012763659469783306
        ],
        [
            -0.14035801589488983,
            -0.2867787480354309,
            0.016001857817173004
        ],
        [
            0.1416967213153839,
            -0.21264734864234924,
            0.072987861931324
        ],
        [
            0.02527431584894657,
            0.20969857275485992,
            0.01668030209839344
        ],
        [
            -0.061331912875175476,
            0.5281649827957153,
            0.24399405717849731
        ],
        [
            -0.01370061095803976,
            -0.3462744355201721,
            -0.16905857622623444
        ],
        [
            -0.18326497077941895,
            -0.45141252875328064,
            -0.0673370361328125
        ],
        [
            -0.03900982066988945,
            -0.6787371635437012,
            -0.07918183505535126
        ],
        [
            0.23454077541828156,
            -0.6419123411178589,
            0.018977683037519455
        ],
        [
            0.2610355019569397,
            -0.4102044403553009,
            0.14454981684684753
        ],
        [
            0.22834771871566772,
            -0.31139957904815674,
            -0.04431167244911194
        ],
        [
            0.11625246703624725,
            -0.7065799236297607,
            -0.0583362802863121
        ],
        [
            0.18171164393424988,
            -0.8513525724411011,
            -0.17945002019405365
        ],
        [
            0.0015309724258258939,
            -0.24973848462104797,
            0.04492705315351486
        ],
        [
            0.09726445376873016,
            -0.6575729846954346,
            -0.033342499285936356
        ],
        [
            0.052523549646139145,
            -0.4918507933616638,
            0.023973800241947174
        ],
        [
            0.1596151888370514,
            -0.7414551973342896,
            -0.1574641317129135
        ],
        [
            0.18147125840187073,
            -0.8723955750465393,
            -0.18241305649280548
        ]
    ],
    "pred_vertices": [
        [
            0.23609983921051025,
            -0.80873703956604,
            -0.23800817131996155
        ],
        [
            0.2272617220878601,
            -0.7943457365036011,
            -0.23832103610038757
        ],
        [
            0.23535795509815216,
            -0.794213593006134,
            -0.22634515166282654
        ],
        [
            0.24225197732448578,
            -0.8068007230758667,
            -0.22151370346546173
        ],
        [
            0.22947627305984497,
            -0.7843526601791382,
            -0.22767505049705505
        ],
        [
            0.22136995196342468,
            -0.7838172912597656,
            -0.23677954077720642
        ],
        [
            0.2383609116077423,
            -0.7930734157562256,
            -0.2126871794462204
        ],
        [
            0.24369099736213684,
            -0.8031865358352661,
            -0.20548228919506073
        ],
        [
            0.23137648403644562,
            -0.7679280042648315,
            -0.18425831198692322
        ],
        [
            0.23215936124324799,
            -0.7681671380996704,
            -0.1729280799627304
        ],
        [
            0.2359871119260788,
            -0.7776069641113281,
            -0.18003174662590027
        ],
        [
            0.2329048365354538,
            -0.7752463817596436,
            -0.18971750140190125
        ],
        [
            0.22241371870040894,
            -0.7481672763824463,
            -0.1696823686361313
        ],
        [
            0.2153235673904419,
            -0.7371076345443726,
            -0.17418190836906433
        ],
        [
            0.2131468653678894,
            -0.7342067956924438,
            -0.16118042171001434
        ],
        [
            0.21891401708126068,
            -0.7452318668365479,
            -0.15600532293319702
        ],
        [
            0.19247588515281677,
            -0.7422908544540405,
            -0.20958960056304932
        ],
        [
            0.19570238888263702,
            -0.7362979650497437,
            -0.2041655033826828
        ],
        [
            0.2011624574661255,
            -0.7416561841964722,
            -0.20554497838020325
        ],
        [
            0.19692716002464294,
            -0.7472295761108398,
            -0.21049760282039642
        ],
        [
            0.18742211163043976,
            -0.7489593625068665,
            -0.2219337373971939
        ],
        [
            0.18936803936958313,
            -0.755122184753418,
            -0.2213931530714035
        ],
        [
            0.18679414689540863,
            -0.7565600872039795,
            -0.22878096997737885
        ],
        [
            0.18568408489227295,
            -0.749150276184082,
            -0.2296677678823471
        ],
        [
            0.1858106553554535,
            -0.7388542890548706,
            -0.2085517793893814
        ],
        [
            0.18925349414348602,
            -0.7328939437866211,
            -0.2025747001171112
        ],
        [
            0.18985754251480103,
            -0.7470051050186157,
            -0.21478822827339172
        ],
        [
            0.18709096312522888,
            -0.7426577806472778,
            -0.21519052982330322
        ],
        [
            0.18457886576652527,
            -0.7326521873474121,
            -0.22200939059257507
        ],
        [
            0.18707509338855743,
            -0.7371177077293396,
            -0.22243157029151917
        ],
        [
            0.18532730638980865,
            -0.735153079032898,
            -0.22976765036582947
        ],
        [
            0.1824680119752884,
            -0.7309957146644592,
            -0.22707313299179077
        ],
        [
            0.18527357280254364,
            -0.7363878488540649,
            -0.21297302842140198
        ],
        [
            0.18715664744377136,
            -0.7373065948486328,
            -0.21655690670013428
        ],
        [
            0.18418748676776886,
            -0.7334074974060059,
            -0.21755912899971008
        ],
        [
            0.18157078325748444,
            -0.733519971370697,
            -0.2142130732536316
        ],
        [
            0.18608811497688293,
            -0.7440731525421143,
            -0.2224353551864624
        ],
        [
            0.18521437048912048,
            -0.7425803542137146,
            -0.23005831241607666
        ],
        [
            0.18317657709121704,
            -0.7408713698387146,
            -0.23786869645118713
        ],
        [
            0.18234661221504211,
            -0.7320475578308105,
            -0.23672330379486084
        ],
        [
            0.20094211399555206,
            -0.7266263961791992,
            -0.18901464343070984
        ],
        [
            0.19901838898658752,
            -0.7309014201164246,
            -0.19738399982452393
        ],
        [
            0.19266031682491302,
            -0.7278280854225159,
            -0.1965792179107666
        ],
        [
            0.1950257122516632,
            -0.7239960432052612,
            -0.1901635080575943
        ],
        [
            0.1811363399028778,
            -0.7325549125671387,
            -0.20949521660804749
        ],
        [
            0.18012183904647827,
            -0.7187681198120117,
            -0.20120269060134888
        ],
        [
            0.18150436878204346,
            -0.7217450141906738,
            -0.2030564546585083
        ],
        [
            0.17680266499519348,
            -0.7213369607925415,
            -0.20861318707466125
        ],
        [
            0.17610417306423187,
            -0.7185255289077759,
            -0.2065543830394745
        ],
        [
            0.19965475797653198,
            -0.7186346650123596,
            -0.17336872220039368
        ],
        [
            0.19477258622646332,
            -0.7164393663406372,
            -0.17828986048698425
        ],
        [
            0.192641943693161,
            -0.7119784355163574,
            -0.17275407910346985
        ],
        [
            0.19623488187789917,
            -0.7139902114868164,
            -0.16637279093265533
        ],
        [
            0.18852370977401733,
            -0.7081589698791504,
            -0.17004728317260742
        ],
        [
            0.19205263257026672,
            -0.7094590663909912,
            -0.16049782931804657
        ],
        [
            0.17949075996875763,
            -0.6988707780838013,
            -0.1569090485572815
        ],
        [
            0.1856115162372589,
            -0.7035959959030151,
            -0.15808384120464325
        ],
        [
            0.18327869474887848,
            -0.7038739323616028,
            -0.16901710629463196
        ],
        [
            0.17729632556438446,
            -0.698820173740387,
            -0.1709178239107132
        ],
        [
            0.16900049149990082,
            -0.7000367641448975,
            -0.18362313508987427
        ],
        [
            0.163720965385437,
            -0.6985246539115906,
            -0.1869463175535202
        ],
        [
            0.1641303449869156,
            -0.6887654066085815,
            -0.17821387946605682
        ],
        [
            0.1703270971775055,
            -0.6928039789199829,
            -0.17477209866046906
        ],
        [
            0.17734481394290924,
            -0.7161471843719482,
            -0.19482550024986267
        ],
        [
            0.18048441410064697,
            -0.7171621322631836,
            -0.19127744436264038
        ],
        [
            0.18161875009536743,
            -0.7170900106430054,
            -0.19376277923583984
        ],
        [
            0.17878437042236328,
            -0.7168182134628296,
            -0.1982928067445755
        ],
        [
            0.18330341577529907,
            -0.7175257205963135,
            -0.1884661465883255
        ],
        [
            0.18459534645080566,
            -0.7175092101097107,
            -0.18719398975372314
        ],
        [
            0.18503718078136444,
            -0.7179049849510193,
            -0.18886326253414154
        ],
        [
            0.18357937037944794,
            -0.7178138494491577,
            -0.18929219245910645
        ],
        [
            0.18178819119930267,
            -0.7174701690673828,
            -0.1902906894683838
        ],
        [
            0.1804053783416748,
            -0.7157890796661377,
            -0.19006948173046112
        ],
        [
            0.1823802888393402,
            -0.7167257070541382,
            -0.1887945532798767
        ],
        [
            0.1774396002292633,
            -0.7140886783599854,
            -0.19315117597579956
        ],
        [
            0.16653591394424438,
            -0.709983229637146,
            -0.20249275863170624
        ],
        [
            0.17007321119308472,
            -0.7104312181472778,
            -0.20033112168312073
        ],
        [
            0.16978797316551208,
            -0.7147963047027588,
            -0.202032208442688
        ],
        [
            0.16686153411865234,
            -0.7146555185317993,
            -0.20414456725120544
        ],
        [
            0.18434379994869232,
            -0.7187826633453369,
            -0.19187037646770477
        ],
        [
            0.1871245950460434,
            -0.7198569774627686,
            -0.19128099083900452
        ],
        [
            0.18515479564666748,
            -0.7207274436950684,
            -0.19660210609436035
        ],
        [
            0.18312974274158478,
            -0.7189656496047974,
            -0.195215106010437
        ],
        [
            0.19025351107120514,
            -0.7210538387298584,
            -0.19113846123218536
        ],
        [
            0.18738077580928802,
            -0.7189286947250366,
            -0.1881933957338333
        ],
        [
            0.19032824039459229,
            -0.719437837600708,
            -0.18717285990715027
        ],
        [
            0.18356484174728394,
            -0.716131865978241,
            -0.18655548989772797
        ],
        [
            0.18527844548225403,
            -0.715158224105835,
            -0.18368744850158691
        ],
        [
            0.1868000626564026,
            -0.7167046070098877,
            -0.18555165827274323
        ],
        [
            0.1825476735830307,
            -0.7125041484832764,
            -0.18319842219352722
        ],
        [
            0.18096862733364105,
            -0.714294970035553,
            -0.18738806247711182
        ],
        [
            0.17774125933647156,
            -0.7117475271224976,
            -0.18997368216514587
        ],
        [
            0.17370034754276276,
            -0.7091193199157715,
            -0.19355575740337372
        ],
        [
            0.17388783395290375,
            -0.7064224481582642,
            -0.1880049854516983
        ],
        [
            0.17865978181362152,
            -0.7093101739883423,
            -0.18493425846099854
        ],
        [
            0.188004732131958,
            -0.7241604328155518,
            -0.1972300410270691
        ],
        [
            0.19019939005374908,
            -0.7165163159370422,
            -0.1823536455631256
        ],
        [
            0.195439875125885,
            -0.7211597561836243,
            -0.18433327972888947
        ],
        [
            0.18841557204723358,
            -0.7131928205490112,
            -0.17920690774917603
        ],
        [
            0.18506622314453125,
            -0.7099937200546265,
            -0.17751231789588928
        ],
        [
            0.18033866584300995,
            -0.7065324783325195,
            -0.17818555235862732
        ],
        [
            0.1747893989086151,
            -0.7029228210449219,
            -0.18073409795761108
        ],
        [
            0.16166864335536957,
            -0.6868255138397217,
            -0.16392740607261658
        ],
        [
            0.17022107541561127,
            -0.6918175220489502,
            -0.160927876830101
        ],
        [
            0.2166999727487564,
            -0.7790815830230713,
            -0.23131853342056274
        ],
        [
            0.22408655285835266,
            -0.7785162925720215,
            -0.22606974840164185
        ],
        [
            0.22118446230888367,
            -0.7746314406394958,
            -0.2179572582244873
        ],
        [
            0.22366708517074585,
            -0.7762289643287659,
            -0.21835580468177795
        ],
        [
            0.2196946144104004,
            -0.7765105962753296,
            -0.22354450821876526
        ],
        [
            0.21815747022628784,
            -0.7746832966804504,
            -0.2216077297925949
        ],
        [
            0.22877007722854614,
            -0.7747455835342407,
            -0.1973901242017746
        ],
        [
            0.22561195492744446,
            -0.7744914293289185,
            -0.20362627506256104
        ],
        [
            0.22445380687713623,
            -0.772201657295227,
            -0.20045572519302368
        ],
        [
            0.2282717227935791,
            -0.7694168090820312,
            -0.19316443800926208
        ],
        [
            0.2163366675376892,
            -0.76344895362854,
            -0.20488271117210388
        ],
        [
            0.22016821801662445,
            -0.7656161189079285,
            -0.2014772593975067
        ],
        [
            0.2191978543996811,
            -0.7701019644737244,
            -0.20808574557304382
        ],
        [
            0.21647396683692932,
            -0.7684798240661621,
            -0.21061593294143677
        ],
        [
            0.21317440271377563,
            -0.7676141262054443,
            -0.21320989727973938
        ],
        [
            0.209407776594162,
            -0.7675955295562744,
            -0.21566183865070343
        ],
        [
            0.2079017460346222,
            -0.7635099291801453,
            -0.21245235204696655
        ],
        [
            0.2120634913444519,
            -0.7629400491714478,
            -0.20886072516441345
        ],
        [
            0.21406902372837067,
            -0.777794599533081,
            -0.2270227074623108
        ],
        [
            0.2069799304008484,
            -0.7784010171890259,
            -0.2287939041852951
        ],
        [
            0.20715822279453278,
            -0.7761725187301636,
            -0.22623339295387268
        ],
        [
            0.21323974430561066,
            -0.7753154039382935,
            -0.22510868310928345
        ],
        [
            0.19461077451705933,
            -0.7752480506896973,
            -0.22205302119255066
        ],
        [
            0.19676727056503296,
            -0.7765110731124878,
            -0.22376498579978943
        ],
        [
            0.19413429498672485,
            -0.7775083780288696,
            -0.2265423834323883
        ],
        [
            0.19167524576187134,
            -0.7744805812835693,
            -0.2238774299621582
        ],
        [
            0.1928485929965973,
            -0.7716256976127625,
            -0.22176966071128845
        ],
        [
            0.19535963237285614,
            -0.7734491229057312,
            -0.22117933630943298
        ],
        [
            0.2339085340499878,
            -0.8287939429283142,
            -0.24950695037841797
        ],
        [
            0.2261546105146408,
            -0.8109768629074097,
            -0.2502117156982422
        ],
        [
            0.2439819872379303,
            -0.8270477056503296,
            -0.2313559353351593
        ],
        [
            0.2473740130662918,
            -0.8228352069854736,
            -0.21378065645694733
        ],
        [
            0.24853122234344482,
            -0.8150387406349182,
            -0.19690358638763428
        ],
        [
            0.2062072902917862,
            -0.7249304056167603,
            -0.16735577583312988
        ],
        [
            0.20346714556217194,
            -0.7207603454589844,
            -0.15759563446044922
        ],
        [
            0.2105247676372528,
            -0.731934666633606,
            -0.1487373262643814
        ],
        [
            0.20461377501487732,
            -0.7262763977050781,
            -0.140396848320961
        ],
        [
            0.19776639342308044,
            -0.7147986888885498,
            -0.1501067578792572
        ],
        [
            0.1796376258134842,
            -0.7021925449371338,
            -0.14355596899986267
        ],
        [
            0.18979769945144653,
            -0.7080504894256592,
            -0.14524614810943604
        ],
        [
            0.19638489186763763,
            -0.7212677597999573,
            -0.13268698751926422
        ],
        [
            0.2043905407190323,
            -0.7382640838623047,
            -0.12344694882631302
        ],
        [
            0.21057669818401337,
            -0.7398024797439575,
            -0.13305772840976715
        ],
        [
            0.2103598415851593,
            -0.7571014165878296,
            -0.11898544430732727
        ],
        [
            0.19594553112983704,
            -0.7381338477134705,
            -0.11185631901025772
        ],
        [
            0.20575833320617676,
            -0.761178731918335,
            -0.11205023527145386
        ],
        [
            0.17343857884407043,
            -0.7092007398605347,
            -0.10649336874485016
        ],
        [
            0.17183610796928406,
            -0.7024021148681641,
            -0.09933459758758545
        ],
        [
            0.18027257919311523,
            -0.7137686014175415,
            -0.08681349456310272
        ],
        [
            0.18298257887363434,
            -0.7205089330673218,
            -0.09420371055603027
        ],
        [
            0.2155512571334839,
            -0.7422209978103638,
            -0.1429874151945114
        ],
        [
            0.23980775475502014,
            -0.7901023030281067,
            -0.1779654175043106
        ],
        [
            0.23783963918685913,
            -0.7844972014427185,
            -0.18877458572387695
        ],
        [
            0.23648595809936523,
            -0.7814754247665405,
            -0.16850967705249786
        ],
        [
            0.256428599357605,
            -0.8496460318565369,
            -0.1901639997959137
        ],
        [
            0.2531370222568512,
            -0.8371635675430298,
            -0.20408816635608673
        ],
        [
            0.2536836266517639,
            -0.8271030187606812,
            -0.18900948762893677
        ],
        [
            0.2567996680736542,
            -0.8400657176971436,
            -0.17806664109230042
        ],
        [
            0.24266020953655243,
            -0.878058671951294,
            -0.222987562417984
        ],
        [
            0.2412843555212021,
            -0.8545503616333008,
            -0.23831287026405334
        ],
        [
            0.24761511385440826,
            -0.8471742272377014,
            -0.22270289063453674
        ],
        [
            0.25019901990890503,
            -0.8654235601425171,
            -0.20922636985778809
        ],
        [
            0.2562994956970215,
            -0.8479524850845337,
            -0.16711238026618958
        ],
        [
            0.2540983557701111,
            -0.8591539859771729,
            -0.1519031822681427
        ],
        [
            0.25389668345451355,
            -0.8765166997909546,
            -0.15499958395957947
        ],
        [
            0.25635838508605957,
            -0.865142285823822,
            -0.1747729629278183
        ],
        [
            0.2469068467617035,
            -0.8985370397567749,
            -0.16274036467075348
        ],
        [
            0.250395268201828,
            -0.8852304816246033,
            -0.18650037050247192
        ],
        [
            0.1971135139465332,
            -0.7556992769241333,
            -0.09820227324962616
        ],
        [
            0.20406709611415863,
            -0.7725006937980652,
            -0.10415483266115189
        ],
        [
            0.186985582113266,
            -0.7280046343803406,
            -0.10420125722885132
        ],
        [
            0.19131998717784882,
            -0.7426093816757202,
            -0.09190680086612701
        ],
        [
            0.23347528278827667,
            -0.9166162610054016,
            -0.17150911688804626
        ],
        [
            0.2390742301940918,
            -0.901544988155365,
            -0.1997281312942505
        ],
        [
            0.22850292921066284,
            -0.8686453104019165,
            -0.10427704453468323
        ],
        [
            0.2376641184091568,
            -0.8789883852005005,
            -0.11882878839969635
        ],
        [
            0.2423344999551773,
            -0.8588036298751831,
            -0.12386162579059601
        ],
        [
            0.23354171216487885,
            -0.852200984954834,
            -0.10949230194091797
        ],
        [
            0.21876823902130127,
            -0.8859930038452148,
