{
    "pred_cam": [
        1.1601176261901855,
        0.028276139870285988,
        0.15575110912322998
    ],
    "pred_smpl_params": {
        "global_orient": [
            [
                [
                    0.9692245721817017,
                    0.20905864238739014,
                    0.1299935281276703
                ],
                [
                    0.1989586502313614,
                    -0.976183295249939,
                    0.08649622648954391
                ],
                [
                    0.1449802964925766,
                    -0.05797091871500015,
                    -0.987734854221344
                ]
            ]
        ],
        "body_pose": [
            [
                [
                    0.9987359642982483,
                    0.011426269076764584,
                    -0.048948828130960464
                ],
                [
                    -0.002621501451358199,
                    0.98433518409729,
                    0.17628806829452515
                ],
                [
                    0.05019636079668999,
                    -0.17593689262866974,
                    0.9831209182739258
                ]
            ],
            [
                [
                    0.9997686147689819,
                    -0.005336563102900982,
                    -0.020841430872678757
                ],
                [
                    0.008820656687021255,
                    0.985257625579834,
                    0.17084982991218567
                ],
                [
                    0.019622432067990303,
                    -0.1709941029548645,
                    0.9850767254829407
                ]
            ],
            [
                [
                    0.9979867339134216,
                    0.010907592251896858,
                    0.06247800216078758
                ],
                [
                    0.00075125927105546,
                    0.9829979538917542,
                    -0.18361496925354004
                ],
                [
                    -0.06341854482889175,
                    0.1832922399044037,
                    0.9810107350349426
                ]
            ],
            [
                [
                    0.991981029510498,
                    -0.0321858786046505,
                    -0.12222009152173996
                ],
                [
                    -0.04200420901179314,
                    0.8281052112579346,
                    -0.5589967966079712
                ],
                [
                    0.1192028671503067,
                    0.5596479773521423,
                    0.8201127052307129
                ]
            ],
            [
                [
                    0.9932103753089905,
                    -0.10121351480484009,
                    0.05734871327877045
                ],
                [
                    0.11580973118543625,
                    0.8136148452758789,
                    -0.5697534680366516
                ],
                [
                    0.011006981134414673,
                    0.5725266337394714,
                    0.8198122382164001
                ]
            ],
            [
                [
                    0.9975473880767822,
                    0.003680610563606024,
                    0.06989707797765732
                ],
                [
                    -0.0013864822685718536,
                    0.9994596242904663,
                    -0.032841674983501434
                ],
                [
                    -0.069980189204216,
                    0.0326642170548439,
                    0.9970134496688843
                ]
            ],
            [
                [
                    0.9789173007011414,
                    0.09154704958200455,
                    0.18259218335151672
                ],
                [
                    -0.09261089563369751,
                    0.9956986904144287,
                    -0.002709908876568079
                ],
                [
                    -0.18205487728118896,
                    -0.014257259666919708,
                    0.9831849336624146
                ]
            ],
            [
                [
                    0.9849103093147278,
                    -0.044585973024368286,
                    -0.16722328960895538
                ],
                [
                    0.045639924705028534,
                    0.9989549517631531,
                    0.0024628648534417152
                ],
                [
                    0.16693872213363647,
                    -0.010057758539915085,
                    0.9859159588813782
                ]
            ],
            [
                [
                    0.99857497215271,
                    -0.013073942624032497,
                    0.05174019932746887
                ],
                [
                    0.016907401382923126,
                    0.9970880746841431,
                    -0.07436072826385498
                ],
                [
                    -0.05061734840273857,
                    0.07512956112623215,
                    0.9958882331848145
                ]
            ],
            [
                [
                    0.9820770025253296,
                    -0.18658363819122314,
                    -0.02667124569416046
                ],
                [
                    0.18835698068141937,
                    0.9664413928985596,
                    0.1746789813041687
                ],
                [
                    -0.0068160430528223515,
                    -0.17657190561294556,
                    0.9842641949653625
                ]
            ],
            [
                [
                    0.9903332591056824,
                    0.13865096867084503,
                    -0.003990279044955969
                ],
                [
                    -0.135773167014122,
                    0.974862277507782,
                    0.17666101455688477
                ],
                [
                    0.028384195640683174,
                    -0.17441150546073914,
                    0.9842635989189148
                ]
            ],
            [
                [
                    0.9997594952583313,
                    0.011291734874248505,
                    -0.018799329176545143
                ],
                [
                    -0.012595864944159985,
                    0.9974135756492615,
                    -0.07076369225978851
                ],
                [
                    0.017951661720871925,
                    0.07098346948623657,
                    0.9973159432411194
                ]
            ],
            [
                [
                    0.9582204222679138,
                    0.28408077359199524,
                    0.03334365040063858
                ],
                [
                    -0.2814473509788513,
                    0.9572224020957947,
                    -0.06717614829540253
                ],
                [
                    -0.051000744104385376,
                    0.05498506873846054,
                    0.9971838593482971
                ]
            ],
            [
                [
                    0.9588134288787842,
                    -0.262515127658844,
                    0.10845523327589035
                ],
                [
                    0.2664501965045929,
                    0.9635674953460693,
                    -0.023281468078494072
                ],
                [
                    -0.09839219599962234,
                    0.05122050642967224,
                    0.9938286542892456
                ]
            ],
            [
                [
                    0.9997734427452087,
                    0.011035838164389133,
                    -0.0182010717689991
                ],
                [
                    -0.01496707834303379,
                    0.9724843502044678,
                    -0.23248673975467682
                ],
                [
                    0.01513457391411066,
                    0.2327064871788025,
                    0.9724292159080505
                ]
            ],
            [
                [
                    0.4224734902381897,
                    0.8647481799125671,
                    -0.2715265154838562
                ],
                [
                    -0.9063624143600464,
                    0.40466251969337463,
                    -0.12147200852632523
                ],
                [
                    0.004833902698010206,
                    0.29742011427879333,
                    0.9547344446182251
                ]
            ],
            [
                [
                    0.45266473293304443,
                    -0.8084779977798462,
                    0.3761090934276581
                ],
                [
                    0.8754538297653198,
                    0.4830605089664459,
                    -0.01527049858123064
                ],
                [
                    -0.16933755576610565,
                    0.33617857098579407,
                    0.9264496564865112
                ]
            ],
            [
                [
                    0.0012636508326977491,
                    -0.43134605884552,
                    -0.9021856784820557
                ],
                [
                    0.04359573498368263,
                    0.9013524055480957,
                    -0.4308865964412689
                ],
                [
                    0.9990484714508057,
                    -0.03878695145249367,
                    0.019943842664361
                ]
            ],
            [
                [
                    0.11499883979558945,
                    0.4006422460079193,
                    0.9089890718460083
                ],
                [
                    0.07612437754869461,
                    0.9088147282600403,
                    -0.4101961851119995
                ],
                [
                    -0.9904446005821228,
                    0.11636831611394882,
                    0.07401399314403534
                ]
            ],
            [
                [
                    0.9837341904640198,
                    -0.16718822717666626,
                    -0.06568922102451324
                ],
                [
                    0.17310798168182373,
                    0.9799994230270386,
                    0.09815730899572372
                ],
                [
                    0.04796464368700981,
                    -0.10793203860521317,
                    0.9930005669593811
                ]
            ],
            [
                [
                    0.9846652150154114,
                    0.16090267896652222,
                    0.06741464138031006
                ],
                [
                    -0.16148683428764343,
                    0.9868695139884949,
                    0.0032713438849896193
                ],
                [
                    -0.06600307673215866,
                    -0.01410775538533926,
                    0.9977197647094727
                ]
            ],
            [
                [
                    0.964219331741333,
                    0.24731487035751343,
                    -0.0954803004860878
                ],
                [
                    -0.2318834662437439,
                    0.961354672908783,
                    0.1484159529209137
                ],
                [
                    0.12849590182304382,
                    -0.12096521258354187,
                    0.9843049645423889
                ]
            ],
            [
                [
                    0.9697721600532532,
                    -0.23841771483421326,
                    0.05195194110274315
                ],
                [
                    0.22739805281162262,
                    0.9602398872375488,
                    0.16195537149906158
                ],
                [
                    -0.08849935233592987,
                    -0.14524602890014648,
                    0.9854296445846558
                ]
            ]
        ],
        "betas": [
            -0.06104251742362976,
            -0.1444873809814453,
            0.06691932678222656,
            0.08717769384384155,
            0.03331470489501953,
            0.06366649270057678,
            0.03353431820869446,
            -0.08509770035743713,
            0.04110424220561981,
            -0.034987449645996094
        ]
    },
    "pred_cam_t": [
        0.028276139870285988,
        0.15575110912322998,
        33.6711540222168
    ],
    "focal_length": [
        5000.0,
        5000.0
    ],
    "pred_keypoints_3d": [
        [
            0.17423462867736816,
            -0.7271394729614258,
            -0.23515860736370087
        ],
        [
            0.1134805828332901,
            -0.7126803994178772,
            -0.054372332990169525
        ],
        [
            -0.07715313881635666,
            -0.6548242568969727,
            -0.08725614845752716
        ],
        [
            -0.17824450135231018,
            -0.4289852976799011,
            -0.03324485197663307
        ],
        [
            -0.01664319634437561,
            -0.30868369340896606,
            -0.18737228214740753
        ],
        [
            0.25736284255981445,
            -0.6087499856948853,
            0.03357173502445221
        ],
        [
            0.2142481505870819,
            -0.3932855725288391,
            0.1715089976787567
        ],
        [
            0.2226410210132599,
            -0.2849278151988983,
            -0.05114540457725525
        ],
        [
            -0.0018020812422037125,
            -0.22456926107406616,
            0.028997350484132767
        ],
        [
            -0.0873270332813263,
            -0.14992491900920868,
            0.028306229040026665
        ],
        [
            -0.19281816482543945,
            0.21443219482898712,
            -0.00945502333343029
        ],
        [
            -0.23130032420158386,
            0.535549521446228,
            0.22152012586593628
        ],
        [
            0.046009697020053864,
            -0.12181094288825989,
            0.05091500282287598
        ],
        [
            0.00590972974896431,
            0.2474772334098816,
            0.014951083809137344
        ],
        [
            -0.07833914458751678,
            0.5669832825660706,
            0.23500053584575653
        ],
        [
            0.1496654450893402,
            -0.7832789421081543,
            -0.2355712652206421
        ],
        [
            0.21264417469501495,
            -0.7715821266174316,
            -0.21764841675758362
        ],
        [
            0.09273921698331833,
            -0.8284639120101929,
            -0.1606396734714508
        ],
        [
            0.23284582793712616,
            -0.802312970161438,
            -0.12199600785970688
        ],
        [
            -0.09026028215885162,
            0.7019532322883606,
            0.08947473764419556
        ],
        [
            -0.026186343282461166,
            0.6972514986991882,
            0.14327964186668396
        ],
        [
            -0.08219243586063385,
            0.5712600350379944,
            0.3049372732639313
        ],
        [
            -0.23935766518115997,
            0.667854368686676,
            0.07528921961784363
        ],
        [
            -0.3115367889404297,
            0.6436710953712463,
            0.11856794357299805
        ],
        [
            -0.2366817593574524,
            0.5469818115234375,
            0.2936992645263672
        ],
        [
            -0.24681439995765686,
            0.4781251847743988,
            0.21970412135124207
        ],
        [
            -0.17804884910583496,
            0.15382225811481476,
            -0.013434097170829773
        ],
        [
            -0.14008331298828125,
            -0.2867276072502136,
            0.015704967081546783
        ],
        [
            0.1415935754776001,
            -0.2123059779405594,
            0.07315477728843689
        ],
        [
            0.023919105529785156,
            0.20972953736782074,
            0.014471032656729221
        ],
        [
            -0.06225147843360901,
            0.5276463627815247,
            0.24254274368286133
        ],
        [
            -0.010483766905963421,
            -0.34559038281440735,
            -0.1747184544801712
        ],
        [
            -0.18166378140449524,
            -0.4495573043823242,
            -0.07438824325799942
        ],
        [
            -0.03791823610663414,
            -0.6776456832885742,
            -0.08190789818763733
        ],
        [
            0.23408448696136475,
            -0.6412684321403503,
            0.020503204315900803
        ],
        [
            0.259458988904953,
            -0.4084705710411072,
            0.14450323581695557
        ],
        [
            0.23111450672149658,
            -0.3079601526260376,
            -0.04433584585785866
        ],
        [
            0.11689835786819458,
            -0.7057970762252808,
            -0.05854841321706772
        ],
        [
            0.183837428689003,
            -0.8511110544204712,
            -0.1781265139579773
        ],
        [
            0.0016026709927245975,
            -0.24956631660461426,
            0.044887736439704895
        ],
        [
            0.09763236343860626,
            -0.6567097902297974,
            -0.03385324031114578
        ],
        [
            0.05234227329492569,
            -0.491439551115036,
            0.023525966331362724
        ],
        [
            0.1609019935131073,
            -0.7411637902259827,
            -0.15735669434070587
        ],
        [
            0.1837320625782013,
            -0.8721916675567627,
            -0.18086916208267212
        ]
    ],
    "pred_vertices": [
        [
            0.237955704331398,
            -0.8087238073348999,
            -0.23701660335063934
        ],
        [
            0.22901034355163574,
            -0.7944070100784302,
            -0.23749276995658875
        ],
        [
            0.23708879947662354,
            -0.7940757870674133,
            -0.22551897168159485
        ],
        [
            0.24408242106437683,
            -0.8065605163574219,
            -0.22054274380207062
        ],
        [
            0.23114007711410522,
            -0.7842811346054077,
            -0.22697003185749054
        ],
        [
            0.2230544090270996,
            -0.7839081287384033,
            -0.23609225451946259
        ],
        [
            0.240059033036232,
            -0.7927786707878113,
            -0.2118718922138214
        ],
        [
            0.2454666644334793,
            -0.8027665615081787,
            -0.20454192161560059
        ],
        [
            0.23285144567489624,
            -0.7673916220664978,
            -0.18374556303024292
        ],
        [
            0.23361113667488098,
            -0.7675091028213501,
            -0.1724110245704651
        ],
        [
            0.23751547932624817,
            -0.7769962549209595,
            -0.179403617978096
        ],
        [
            0.23443755507469177,
            -0.7747564315795898,
            -0.18912449479103088
        ],
        [
            0.2237117737531662,
            -0.7475475072860718,
            -0.16937991976737976
        ],
        [
            0.21655890345573425,
            -0.7365866899490356,
            -0.17401257157325745
        ],
        [
            0.21433895826339722,
            -0.7335701584815979,
            -0.16103586554527283
        ],
        [
            0.2201712727546692,
            -0.7445029020309448,
            -0.1557363122701645
        ],
        [
            0.1938081979751587,
            -0.7423099279403687,
            -0.20942670106887817
        ],
        [
            0.19698482751846313,
            -0.7362394332885742,
            -0.2040562927722931
        ],
        [
            0.20248407125473022,
            -0.7415686845779419,
            -0.20536848902702332
        ],
        [
            0.19829913973808289,
            -0.747224748134613,
            -0.21027685701847076
        ],
        [
            0.18882015347480774,
            -0.7491469979286194,
            -0.22171369194984436
        ],
        [
            0.19081035256385803,
            -0.7552894949913025,
            -0.22110238671302795
        ],
        [
            0.1882604956626892,
            -0.7568243741989136,
            -0.22848135232925415
        ],
        [
            0.18709588050842285,
            -0.7494298219680786,
            -0.22945135831832886
        ],
        [
            0.18712009489536285,
            -0.7389090657234192,
            -0.20844852924346924
        ],
        [
            0.19051390886306763,
            -0.7328583598136902,
            -0.20252080261707306
        ],
        [
            0.19123169779777527,
            -0.7471015453338623,
            -0.2145843207836151
        ],
        [
            0.18843227624893188,
            -0.74277663230896,
            -0.21504127979278564
        ],
        [
            0.18585214018821716,
            -0.7328615188598633,
            -0.2219727337360382
        ],
        [
            0.18838343024253845,
            -0.7373130917549133,
            -0.2223435938358307
        ],
        [
            0.18663351237773895,
            -0.7354367971420288,
            -0.2297060191631317
        ],
        [
            0.1837390959262848,
            -0.7312771081924438,
            -0.22705772519111633
        ],
        [
            0.18656417727470398,
            -0.7364993095397949,
            -0.21289795637130737
        ],
        [
            0.18845605850219727,
            -0.7374408841133118,
            -0.21646851301193237
        ],
        [
            0.1854614019393921,
            -0.7335730195045471,
            -0.21751675009727478
        ],
        [
            0.1828458309173584,
            -0.7336694002151489,
            -0.2141738086938858
        ],
        [
            0.1874541938304901,
            -0.7442747950553894,
            -0.22227706015110016
        ],
        [
            0.1865755319595337,
            -0.7428672313690186,
            -0.22991733253002167
        ],
        [
            0.18454232811927795,
            -0.741253137588501,
            -0.23775146901607513
        ],
        [
            0.18364116549491882,
            -0.7324278950691223,
            -0.23669442534446716
        ],
        [
            0.20212456583976746,
            -0.7263737320899963,
            -0.18898427486419678
        ],
        [
            0.2002497911453247,
            -0.7307476997375488,
            -0.19732069969177246
        ],
        [
            0.19387292861938477,
            -0.7277027368545532,
            -0.1965668499469757
        ],
        [
            0.1961980015039444,
            -0.7237874269485474,
            -0.19018033146858215
        ],
        [
            0.1824016273021698,
            -0.7326548099517822,
            -0.20946481823921204
        ],
        [
            0.18127764761447906,
            -0.718788206577301,
            -0.2013050615787506
        ],
        [
            0.182684063911438,
            -0.7217718362808228,
            -0.20313076674938202
        ],
        [
            0.1779884696006775,
            -0.7214581966400146,
            -0.20870201289653778
        ],
        [
            0.17726737260818481,
            -0.7186315059661865,
            -0.2066691517829895
        ],
        [
            0.2007502317428589,
            -0.7182289361953735,
            -0.17341384291648865
        ],
        [
            0.19586677849292755,
            -0.7161118984222412,
            -0.17837443947792053
        ],
        [
            0.19369669258594513,
            -0.7116130590438843,
            -0.17287936806678772
        ],
        [
            0.1972905695438385,
            -0.7135364413261414,
            -0.16645881533622742
        ],
        [
            0.18955285847187042,
            -0.7077915668487549,
            -0.17020589113235474
        ],
        [
            0.1930716335773468,
            -0.7089739441871643,
            -0.16062350571155548
        ],
        [
            0.1804438829421997,
            -0.6984426379203796,
            -0.15714770555496216
        ],
        [
            0.18659251928329468,
            -0.7031363248825073,
            -0.15826931595802307
        ],
        [
            0.18428435921669006,
            -0.7035298347473145,
            -0.1692245900630951
        ],
        [
            0.17827606201171875,
            -0.6985408067703247,
            -0.17118556797504425
        ],
        [
            0.17001423239707947,
            -0.699952244758606,
            -0.18391838669776917
        ],
        [
            0.16472706198692322,
            -0.6985088586807251,
            -0.18727272748947144
        ],
        [
            0.16506057977676392,
            -0.6886627078056335,
            -0.178623229265213
        ],
        [
            0.17127439379692078,
            -0.6926167607307434,
            -0.17511650919914246
        ],
        [
            0.17847827076911926,
            -0.7161193490028381,
            -0.19495397806167603
        ],
        [
            0.18161824345588684,
            -0.7170741558074951,
            -0.1913883090019226
        ],
        [
            0.1827547401189804,
            -0.7170217633247375,
            -0.1938745677471161
        ],
        [
            0.17992646992206573,
            -0.7168192267417908,
            -0.1984153389930725
        ],
        [
            0.18443569540977478,
            -0.7173835039138794,
            -0.18856802582740784
        ],
        [
            0.1857234388589859,
            -0.7173429727554321,
            -0.18729476630687714
        ],
        [
            0.18617042899131775,
            -0.7177544832229614,
            -0.18895986676216125
        ],
        [
            0.18471606075763702,
            -0.7176790237426758,
            -0.189395010471344
        ],
        [
            0.18292464315891266,
            -0.7173603177070618,
            -0.1903986632823944
        ],
        [
            0.18152984976768494,
            -0.7156873941421509,
            -0.1901952028274536
        ],
        [
            0.1835073083639145,
            -0.7165942192077637,
            -0.1889052838087082
        ],
        [
            0.1785566657781601,
            -0.7140418291091919,
            -0.19329974055290222
        ],
        [
            0.16763821244239807,
            -0.7101083993911743,
            -0.20271584391593933
        ],
        [
            0.171177476644516,
            -0.7105104923248291,
            -0.20053651928901672
        ],
        [
            0.1709260493516922,
            -0.7148969173431396,
            -0.2021985799074173
        ],
        [
            0.16799820959568024,
            -0.7147988677024841,
            -0.20431961119174957
        ],
        [
            0.1854865401983261,
            -0.7186713218688965,
            -0.19196262955665588
        ],
        [
            0.18827269971370697,
            -0.7197185158729553,
            -0.19135615229606628
        ],
        [
            0.18631824851036072,
            -0.7206598520278931,
            -0.1966755986213684
        ],
        [
            0.18427994847297668,
            -0.7189000844955444,
            -0.19530686736106873
        ],
        [
            0.1914091557264328,
            -0.720889687538147,
            -0.19119898974895477
        ],
        [
            0.18851768970489502,
            -0.7187529802322388,
            -0.18827608227729797
        ],
        [
            0.19146278500556946,
            -0.7192289233207703,
            -0.18724343180656433
        ],
        [
            0.1846848577260971,
            -0.715965986251831,
            -0.18667063117027283
        ],
        [
            0.18638570606708527,
            -0.7149468660354614,
            -0.1838098168373108
        ],
        [
            0.18791858851909637,
            -0.7165023684501648,
            -0.18565678596496582
        ],
        [
            0.18363593518733978,
            -0.7123122811317444,
            -0.18334712088108063
        ],
        [
            0.18207740783691406,
            -0.7141602039337158,
            -0.18752294778823853
        ],
        [
            0.17883601784706116,
            -0.7116652727127075,
            -0.19013923406600952
        ],
        [
            0.17478439211845398,
            -0.7091060876846313,
            -0.19375687837600708
        ],
        [
            0.17494513094425201,
            -0.7063501477241516,
            -0.18822777271270752
        ],
        [
            0.17972970008850098,
            -0.7091691493988037,
            -0.18511845171451569
        ],
        [
            0.18918907642364502,
            -0.7240766286849976,
            -0.197264164686203
        ],
        [
            0.19130811095237732,
            -0.7162569761276245,
            -0.18245336413383484
        ],
        [
            0.19658032059669495,
            -0.720887303352356,
            -0.18437345325946808
        ],
        [
            0.18949779868125916,
            -0.7129137516021729,
            -0.17934130132198334
        ],
        [
            0.18612615764141083,
            -0.7097235918045044,
            -0.177679181098938
        ],
        [
            0.18137815594673157,
            -0.706303596496582,
            -0.17838290333747864
        ],
        [
            0.17581404745578766,
            -0.7027677297592163,
            -0.1809827834367752
        ],
        [
            0.16257616877555847,
            -0.6866095066070557,
            -0.1643448770046234
        ],
        [
            0.17114406824111938,
            -0.6915045380592346,
            -0.16125768423080444
        ],
        [
            0.21834233403205872,
            -0.7791521549224854,
            -0.23070144653320312
        ],
        [
            0.22571703791618347,
            -0.7784735560417175,
            -0.22544372081756592
        ],
        [
            0.22277046740055084,
            -0.7745270133018494,
            -0.21738630533218384
        ],
        [
            0.2252703309059143,
            -0.7761115431785583,
            -0.21775957942008972
        ],
        [
            0.2213004231452942,
            -0.7764794826507568,
            -0.22295157611370087
        ],
        [
            0.21975135803222656,
            -0.77463698387146,
            -0.22104448080062866
        ],
        [
            0.23032614588737488,
            -0.7743613719940186,
            -0.19681456685066223
        ],
        [
            0.22718054056167603,
            -0.7741928100585938,
            -0.20305763185024261
        ],
        [
            0.22600017488002777,
            -0.7718769907951355,
            -0.1999134123325348
        ],
        [
            0.22977566719055176,
            -0.7689932584762573,
            -0.1926420032978058
        ],
        [
            0.21782633662223816,
            -0.76323002576828,
            -0.2044505774974823
        ],
        [
            0.2216668725013733,
            -0.7653337717056274,
            -0.20101147890090942
        ],
        [
            0.22074344754219055,
            -0.7698965072631836,
            -0.20757968723773956
        ],
        [
            0.21801158785820007,
            -0.7683209776878357,
            -0.21013426780700684
        ],
        [
            0.21470864117145538,
            -0.7675080299377441,
            -0.2127457857131958
        ],
        [
            0.210944265127182,
            -0.7675440311431885,
            -0.21520334482192993
        ],
        [
            0.20940303802490234,
            -0.7634356021881104,
            -0.2120431363582611
        ],
        [
            0.213555708527565,
            -0.7627952098846436,
            -0.20844849944114685
        ],
        [
            0.21569746732711792,
            -0.7778365612030029,
            -0.22643432021141052
        ],
        [
            0.2086142897605896,
            -0.778511106967926,
            -0.22820770740509033
        ],
        [
            0.20877352356910706,
            -0.776249885559082,
            -0.2256772518157959
        ],
        [
            0.21484574675559998,
            -0.7753354907035828,
            -0.22455012798309326
        ],
        [
            0.19620653986930847,
            -0.7753788828849792,
            -0.22153106331825256
        ],
        [
            0.19837480783462524,
            -0.7766423225402832,
            -0.2232259213924408
        ],
        [
            0.19575393199920654,
            -0.7776913642883301,
            -0.22599682211875916
        ],
        [
            0.19326816499233246,
            -0.7746536135673523,
            -0.22336986660957336
        ],
        [
            0.19441792368888855,
            -0.7717685699462891,
            -0.22129091620445251
        ],
        [
            0.19694048166275024,
            -0.7735653519630432,
            -0.22067594528198242
        ],
        [
            0.23594610393047333,
            -0.8288925886154175,
            -0.2482926845550537
        ],
        [
            0.22804848849773407,
            -0.8111722469329834,
            -0.24921804666519165
        ],
        [
            0.24597126245498657,
            -0.8268728256225586,
            -0.2301683872938156
        ],
        [
            0.24930721521377563,
            -0.8224493265151978,
            -0.21263591945171356
        ],
        [
            0.25040358304977417,
            -0.8144712448120117,
            -0.1958354115486145
        ],
        [
            0.2073371708393097,
            -0.7244126200675964,
            -0.1673191785812378
        ],
        [
            0.2045499086380005,
            -0.7201616764068604,
            -0.15759700536727905
        ],
        [
            0.21167244017124176,
            -0.7311923503875732,
            -0.14861321449279785
        ],
        [
            0.20570144057273865,
            -0.7255071401596069,
            -0.14032043516635895
        ],
        [
            0.1987946629524231,
            -0.7141736149787903,
            -0.15016226470470428
        ],
        [
            0.1805790513753891,
            -0.7016743421554565,
            -0.14372585713863373
        ],
        [
            0.19076958298683167,
            -0.7074571847915649,
            -0.145357146859169
        ],
        [
            0.19740061461925507,
            -0.7205190658569336,
            -0.13264714181423187
        ],
        [
            0.20548048615455627,
            -0.7373738288879395,
            -0.12324073165655136
        ],
        [
            0.21172794699668884,
            -0.7389286756515503,
            -0.1328410506248474
        ],
        [
            0.21158245205879211,
            -0.7561190128326416,
            -0.11858925968408585
        ],
        [
            0.1970047950744629,
            -0.7372361421585083,
            -0.11161156743764877
        ],
        [
            0.2070055454969406,
            -0.7601677179336548,
            -0.1116044744849205
        ],
        [
            0.17434832453727722,
            -0.708412766456604,
            -0.10628952085971832
        ],
        [
            0.17269760370254517,
            -0.7015877962112427,
            -0.09906958788633347
        ],
        [
            0.18107309937477112,
            -0.7128407955169678,
            -0.08645777404308319
        ],
        [
            0.18387678265571594,
            -0.7195727825164795,
            -0.09389785677194595
        ],
        [
            0.21675793826580048,
            -0.7413935661315918,
            -0.14275051653385162
        ],
        [
            0.24143216013908386,
            -0.7894405126571655,
            -0.17719343304634094
        ],
        [
            0.2394275963306427,
            -0.7839726209640503,
            -0.18807195127010345
        ],
        [
            0.23802050948143005,
            -0.7807413935661316,
            -0.1678348332643509
        ],
        [
            0.25855758786201477,
            -0.8489481210708618,
            -0.18871639668941498
        ],
        [
            0.2552003860473633,
            -0.8366334438323975,
            -0.20276978611946106
        ],
        [
            0.2556338906288147,
            -0.826417088508606,
            -0.1878107637166977
        ],
        [
            0.25882184505462646,
            -0.8392338156700134,
            -0.17671653628349304
        ],
        [
            0.24505114555358887,
            -0.8777943849563599,
            -0.22124844789505005
        ],
        [
            0.24350886046886444,
            -0.8544732332229614,
            -0.23683615028858185
        ],
        [
            0.24975916743278503,
            -0.8468891382217407,
            -0.22128809988498688
        ],
        [
            0.2524748742580414,
            -0.8649613857269287,
            -0.20762166380882263
        ],
        [
            0.25837674736976624,
            -0.8470085859298706,
            -0.16567131876945496
        ],
        [
            0.25623422861099243,
            -0.8580586910247803,
            -0.15035027265548706
        ],
        [
            0.2561597228050232,
            -0.875458836555481,
            -0.1532806158065796
        ],
        [
            0.2585830092430115,
            -0.8642723560333252,
            -0.1731533408164978
        ],
        [
            0.24934932589530945,
            -0.8975945711135864,
            -0.16080588102340698
        ],
        [
            0.25277358293533325,
            -0.8845139145851135,
            -0.18468886613845825
        ],
        [
            0.1982860267162323,
            -0.7546619176864624,
            -0.09776991605758667
        ],
        [
            0.20539775490760803,
            -0.7714086174964905,
            -0.10358601063489914
        ],
        [
            0.18797315657138824,
            -0.7271099090576172,
            -0.10394001752138138
        ],
        [
            0.19235211610794067,
            -0.7415884137153625,
            -0.09151805937290192
        ],
        [
            0.23606595396995544,
            -0.9158524870872498,
            -0.16939915716648102
        ],
        [
            0.24159830808639526,
            -0.9010561108589172,
            -0.19775862991809845
        ],
        [
            0.23060479760169983,
            -0.8672629594802856,
            -0.10270270705223083
        ],
        [
            0.23989251255989075,
            -0.8776694536209106,
            -0.11710219085216522
        ],
        [
            0.24440403282642365,
            -0.8575152158737183,
            -0.12233805656433105
        ],
        [
            0.23551411926746368,
            -0.8508352041244507,
            -0.10807150602340698
        ],
        [
            0.2209957093000412,
            -0.8846489191055298,
