{
    "pred_cam": [
        1.1547613143920898,
        0.022701630368828773,
        0.15042558312416077
    ],
    "pred_smpl_params": {
        "global_orient": [
            [
                [
                    0.9708271026611328,
                    0.20858849585056305,
                    0.11826032400131226
                ],
                [
                    0.1993928998708725,
                    -0.9762252569198608,
                    0.08501018583774567
                ],
                [
                    0.1331808716058731,
                    -0.05894992873072624,
                    -0.9893370270729065
                ]
            ]
        ],
        "body_pose": [
            [
                [
                    0.9990899562835693,
                    0.0017523585120216012,
                    -0.04261656850576401
                ],
                [
                    0.005710211582481861,
                    0.9846659302711487,
                    0.17435713112354279
                ],
                [
                    0.04226861894130707,
                    -0.17444181442260742,
                    0.9837598204612732
                ]
            ],
            [
                [
                    0.9997881054878235,
                    -0.012988939881324768,
                    -0.015968404710292816
                ],
                [
                    0.015559470281004906,
                    0.9847714304924011,
                    0.17315655946731567
                ],
                [
                    0.013476107269525528,
                    -0.17336833477020264,
                    0.9847648739814758
                ]
            ],
            [
                [
                    0.9985905289649963,
                    0.014414386823773384,
                    0.05108033865690231
                ],
                [
                    -0.0045723263174295425,
                    0.9822002649307251,
                    -0.1877812147140503
                ],
                [
                    -0.052877869457006454,
                    0.1872829794883728,
                    0.9808818101882935
                ]
            ],
            [
                [
                    0.9928709268569946,
                    -0.026866378262639046,
                    -0.11612774431705475
                ],
                [
                    -0.03933461010456085,
                    0.845836877822876,
                    -0.5319894552230835
                ],
                [
                    0.11251773685216904,
                    0.5327646136283875,
                    0.8387500643730164
                ]
            ],
            [
                [
                    0.9939798712730408,
                    -0.09525055438280106,
                    0.054143186658620834
                ],
                [
                    0.10912107676267624,
                    0.816277801990509,
                    -0.5672593116760254
                ],
                [
                    0.009835884906351566,
                    0.5697524547576904,
                    0.8217575550079346
                ]
            ],
            [
                [
                    0.9982295036315918,
                    -0.00461737671867013,
                    0.05930115655064583
                ],
                [
                    0.006423803977668285,
                    0.9995200037956238,
                    -0.030307523906230927
                ],
                [
                    -0.05913274735212326,
                    0.030634799972176552,
                    0.9977800250053406
                ]
            ],
            [
                [
                    0.978814423084259,
                    0.09878590703010559,
                    0.179342120885849
                ],
                [
                    -0.09851734340190887,
                    0.9950807094573975,
                    -0.010425467044115067
                ],
                [
                    -0.17948977649211884,
                    -0.007463716436177492,
                    0.9837314486503601
                ]
            ],
            [
                [
                    0.9846298098564148,
                    -0.05113236978650093,
                    -0.16700145602226257
                ],
                [
                    0.05137954652309418,
                    0.9986751675605774,
                    -0.002843138761818409
                ],
                [
                    0.1669255793094635,
                    -0.005781016778200865,
                    0.9859524965286255
                ]
            ],
            [
                [
                    0.9990028142929077,
                    -0.01882953941822052,
                    0.04048468917608261
                ],
                [
                    0.022126764059066772,
                    0.9963369369506836,
                    -0.08260195702314377
                ],
                [
                    -0.03878103196620941,
                    0.08341536670923233,
                    0.9957600235939026
                ]
            ],
            [
                [
                    0.9805024862289429,
                    -0.1954229772090912,
                    -0.02060645818710327
                ],
                [
                    0.19587740302085876,
                    0.9635921716690063,
                    0.18199506402015686
                ],
                [
                    -0.01570979133248329,
                    -0.18248297274112701,
                    0.9830834865570068
                ]
            ],
            [
                [
                    0.9896015524864197,
                    0.1438126116991043,
                    -0.0025954539887607098
                ],
                [
                    -0.1409563273191452,
                    0.9732237458229065,
                    0.18156775832176208
                ],
                [
                    0.028637690469622612,
                    -0.17931388318538666,
                    0.9833750128746033
                ]
            ],
            [
                [
                    0.9999264478683472,
                    -0.010382594540715218,
                    -0.006274321582168341
                ],
                [
                    0.009861547499895096,
                    0.9969019889831543,
                    -0.07803291082382202
                ],
                [
                    0.007065067533403635,
                    0.07796529680490494,
                    0.9969310760498047
                ]
            ],
            [
                [
                    0.9590215086936951,
                    0.28040674328804016,
                    0.040618326514959335
                ],
                [
                    -0.2767881751060486,
                    0.9578261971473694,
                    -0.0771838128566742
                ],
                [
                    -0.06054815277457237,
                    0.06277826428413391,
                    0.9961891770362854
                ]
            ],
            [
                [
                    0.9604657888412476,
                    -0.2645869255065918,
                    0.08659861981868744
                ],
                [
                    0.26764845848083496,
                    0.9631743431091309,
                    -0.025679659098386765
                ],
                [
                    -0.07661507278680801,
                    0.047842416912317276,
                    0.9959123134613037
                ]
            ],
            [
                [
                    0.9999738335609436,
                    0.0014585938770323992,
                    -0.0070795826613903046
                ],
                [
                    -0.0030498183332383633,
                    0.9731178283691406,
                    -0.23028779029846191
                ],
                [
                    0.006553368177264929,
                    0.23030336201190948,
                    0.9730967879295349
                ]
            ],
            [
                [
                    0.41151776909828186,
                    0.8693877458572388,
                    -0.27352896332740784
                ],
                [
                    -0.9113779664039612,
                    0.39037051796913147,
                    -0.13038811087608337
                ],
                [
                    -0.006580185145139694,
                    0.3029453158378601,
                    0.9529852271080017
                ]
            ],
            [
                [
                    0.43528303503990173,
                    -0.820776641368866,
                    0.36993828415870667
                ],
                [
                    0.8864330649375916,
                    0.4625536799430847,
                    -0.016748817637562752
                ],
                [
                    -0.15736927092075348,
                    0.3352160155773163,
                    0.9289053082466125
                ]
            ],
            [
                [
                    -0.03790587559342384,
                    -0.44269055128097534,
                    -0.8958728909492493
                ],
                [
                    0.027442585676908493,
                    0.8957178592681885,
                    -0.44377511739730835
                ],
                [
                    0.9989044666290283,
                    -0.041406746953725815,
                    -0.02180439606308937
                ]
            ],
            [
                [
                    0.10826271027326584,
                    0.4067009389400482,
                    0.907123863697052
                ],
                [
                    0.054153282195329666,
                    0.908719539642334,
                    -0.41387948393821716
                ],
                [
                    -0.992646336555481,
                    0.09393145143985748,
                    0.07635624706745148
                ]
            ],
            [
                [
                    0.9816420078277588,
                    -0.1758914291858673,
                    -0.07376377284526825
                ],
                [
                    0.18288107216358185,
                    0.9778143763542175,
                    0.10214488953351974
                ],
                [
                    0.054160866886377335,
                    -0.11375971883535385,
                    0.9920308589935303
                ]
            ],
            [
                [
                    0.983913004398346,
                    0.1658506840467453,
                    0.06639855355024338
                ],
                [
                    -0.16700878739356995,
                    0.9858793020248413,
                    0.012249608524143696
                ],
                [
                    -0.06342935562133789,
                    -0.023141689598560333,
                    0.9977179765701294
                ]
            ],
            [
                [
                    0.9630643129348755,
                    0.25129616260528564,
                    -0.09673351049423218
                ],
                [
                    -0.23526421189308167,
                    0.9600194692611694,
                    0.15170173346996307
                ],
                [
                    0.13098810613155365,
                    -0.12334059178829193,
                    0.9836814999580383
                ]
            ],
            [
                [
                    0.9682037234306335,
                    -0.24371899664402008,
                    0.05641363933682442
                ],
                [
                    0.23189251124858856,
                    0.9589720368385315,
                    0.16309037804603577
                ],
                [
                    -0.09384733438491821,
                    -0.1448228359222412,
                    0.9849969148635864
                ]
            ]
        ],
        "betas": [
            -0.037359818816185,
            -0.135919451713562,
            0.11393123865127563,
            0.14840222895145416,
            0.02666229009628296,
            0.07283717393875122,
            0.03932392597198486,
            -0.08517831563949585,
            0.03834110498428345,
            -0.0345151424407959
        ]
    },
    "pred_cam_t": [
        0.022701630368828773,
        0.15042558312416077,
        33.827335357666016
    ],
    "focal_length": [
        5000.0,
        5000.0
    ],
    "pred_keypoints_3d": [
        [
            0.16431228816509247,
            -0.7280254364013672,
            -0.24271073937416077
        ],
        [
            0.11184802651405334,
            -0.714995801448822,
            -0.058662958443164825
        ],
        [
            -0.08122994750738144,
            -0.6580580472946167,
            -0.08000656962394714
        ],
        [
            -0.17692622542381287,
            -0.4328952133655548,
            -0.014406673610210419
        ],
        [
            -0.031355276703834534,
            -0.31266361474990845,
            -0.184006005525589
        ],
        [
            0.2596683204174042,
            -0.6113529801368713,
            0.02321898378431797
        ],
        [
            0.2196759283542633,
            -0.39949899911880493,
            0.1676885336637497
        ],
        [
            0.2136300802230835,
            -0.2953215539455414,
            -0.05723889172077179
        ],
        [
            -0.0018623711075633764,
            -0.22566872835159302,
            0.02894330769777298
        ],
        [
            -0.08732213824987411,
            -0.15089596807956696,
            0.029190799221396446
        ],
        [
            -0.19053266942501068,
            0.21436284482479095,
            -0.008717341348528862
        ],
        [
            -0.22753214836120605,
            0.5371356010437012,
            0.22063882648944855
        ],
        [
            0.04601937532424927,
            -0.12274631857872009,
            0.050119370222091675
        ],
        [
            0.008928563445806503,
            0.24711817502975464,
            0.015188701450824738
        ],
        [
            -0.07442677021026611,
            0.5735214948654175,
            0.22569233179092407
        ],
        [
            0.13775771856307983,
            -0.7833691835403442,
            -0.24280020594596863
        ],
        [
            0.20190754532814026,
            -0.7741371393203735,
            -0.22766458988189697
        ],
        [
            0.08273796737194061,
            -0.8279942274093628,
            -0.16603299975395203
        ],
        [
            0.22553537786006927,
            -0.8071783781051636,
            -0.13344253599643707
        ],
        [
            -0.08458681404590607,
            0.705613374710083,
            0.07687821984291077
        ],
        [
            -0.02076070010662079,
            0.7015451192855835,
            0.13142475485801697
        ],
        [
            -0.07907077670097351,
            0.5796289443969727,
            0.2956569790840149
        ],
        [
            -0.23591738939285278,
            0.6691967248916626,
            0.07400906085968018
        ],
        [
            -0.30817195773124695,
            0.6454442143440247,
            0.11783158779144287
        ],
        [
            -0.23232190310955048,
            0.5488423109054565,
            0.29291677474975586
        ],
        [
            -0.24318327009677887,
            0.4797494411468506,
            0.21924705803394318
        ],
        [
            -0.17606903612613678,
            0.15361997485160828,
            -0.012632389552891254
        ],
        [
            -0.1403045952320099,
            -0.2880491614341736,
            0.01773865707218647
        ],
        [
            0.14167657494544983,
            -0.21353235840797424,
            0.07147720456123352
        ],
        [
            0.026655495166778564,
            0.20902171730995178,
            0.014792055822908878
        ],
        [
            -0.05881042778491974,
            0.5342975854873657,
            0.23453152179718018
        ],
        [
            -0.024107661098241806,
            -0.3497980237007141,
            -0.17211318016052246
        ],
        [
            -0.18405228853225708,
            -0.45333927869796753,
            -0.05551374703645706
        ],
        [
            -0.041275136172771454,
            -0.6802685856819153,
            -0.07716871052980423
        ],
        [
            0.2356971651315689,
            -0.6441339254379272,
            0.010985856875777245
        ],
        [
            0.26397204399108887,
            -0.4136871099472046,
            0.13857689499855042
        ],
        [
            0.22287937998771667,
            -0.31829604506492615,
            -0.050377257168293
        ],
        [
            0.11468220502138138,
            -0.7083423137664795,
            -0.0626600831747055
        ],
        [
            0.17217065393924713,
            -0.8533332347869873,
            -0.18826079368591309
        ],
        [
            0.0015495779225602746,
            -0.2507811188697815,
            0.04495422914624214
        ],
        [
            0.09659109264612198,
            -0.6594245433807373,
            -0.03637846186757088
        ],
        [
            0.05384161323308945,
            -0.49356594681739807,
            0.023013966158032417
        ],
        [
            0.1538974493741989,
            -0.7430822849273682,
            -0.16450288891792297
        ],
        [
            0.1712036430835724,
            -0.874424397945404,
            -0.19129206240177155
        ]
    ],
    "pred_vertices": [
        [
            0.2250940501689911,
            -0.8116959929466248,
            -0.2488689422607422
        ],
        [
            0.21666395664215088,
            -0.7970530986785889,
            -0.24872943758964539
        ],
        [
            0.22530697286128998,
            -0.7972484827041626,
            -0.23709584772586823
        ],
        [
            0.23202192783355713,
            -0.8100606203079224,
            -0.2326529622077942
        ],
        [
            0.21962271630764008,
            -0.7872313261032104,
            -0.23809146881103516
        ],
        [
            0.21110790967941284,
            -0.7864330410957336,
            -0.2468307763338089
        ],
        [
            0.228952556848526,
            -0.7962889671325684,
            -0.22356930375099182
        ],
        [
            0.23429283499717712,
            -0.8065615892410278,
            -0.21668215095996857
        ],
        [
            0.22383272647857666,
            -0.7712016701698303,
            -0.1946612000465393
        ],
        [
            0.22511440515518188,
            -0.771538257598877,
            -0.18335548043251038
        ],
        [
            0.2284250557422638,
            -0.7810198068618774,
            -0.1907203197479248
        ],
        [
            0.22497287392616272,
            -0.7785216569900513,
            -0.20024029910564423
        ],
        [
            0.216056689620018,
            -0.7512972950935364,
            -0.17955534160137177
        ],
        [
            0.2090526521205902,
            -0.7400165796279907,
            -0.18366621434688568
        ],
        [
            0.20755091309547424,
            -0.7371352910995483,
            -0.170545756816864
        ],
        [
            0.21327121555805206,
            -0.748357892036438,
            -0.1657048463821411
        ],
        [
            0.1845002919435501,
            -0.7443379163742065,
            -0.21812871098518372
        ],
        [
            0.1881358027458191,
            -0.7384476661682129,
            -0.21281111240386963
        ],
        [
            0.19338075816631317,
            -0.7439604997634888,
            -0.21446162462234497
        ],
        [
            0.188774973154068,
            -0.7493948936462402,
            -0.21926012635231018
        ],
        [
            0.17873969674110413,
            -0.7507977485656738,
            -0.23028269410133362
        ],
        [
            0.18054667115211487,
            -0.757018506526947,
            -0.22985905408859253
        ],
        [
            0.17761284112930298,
            -0.7583276033401489,
            -0.23714226484298706
        ],
        [
            0.17666423320770264,
            -0.7508789300918579,
            -0.23794227838516235
        ],
        [
            0.177981898188591,
            -0.7407156825065613,
            -0.21678376197814941
        ],
        [
            0.18185725808143616,
            -0.7348684072494507,
            -0.2109144926071167
        ],
        [
            0.18152809143066406,
            -0.748954176902771,
            -0.22324049472808838
        ],
        [
            0.17887525260448456,
            -0.7445278167724609,
            -0.22349858283996582
        ],
        [
            0.17633512616157532,
            -0.7343947887420654,
            -0.23014512658119202
        ],
        [
            0.1786830723285675,
            -0.7389330863952637,
            -0.23070260882377625
        ],
        [
            0.17666660249233246,
            -0.7368682622909546,
            -0.23794567584991455
        ],
        [
            0.17403867840766907,
            -0.7326499223709106,
            -0.23510557413101196
        ],
        [
            0.17732760310173035,
            -0.7382190823554993,
            -0.22115948796272278
        ],
        [
            0.17902512848377228,
            -0.7391711473464966,
            -0.22483018040657043
        ],
        [
            0.1761218011379242,
            -0.7351788282394409,
            -0.22567793726921082
        ],
        [
            0.17365504801273346,
            -0.7352385520935059,
            -0.2222198247909546
        ],
        [
            0.17751488089561462,
            -0.7458715438842773,
            -0.23069888353347778
        ],
        [
            0.1763458251953125,
            -0.7442964315414429,
            -0.23827257752418518
        ],
        [
            0.17400303483009338,
            -0.7424691915512085,
            -0.245986670255661
        ],
        [
            0.17346647381782532,
            -0.7336277961730957,
            -0.24475976824760437
        ],
        [
            0.19431781768798828,
            -0.7289998531341553,
            -0.1978043168783188
        ],
        [
            0.19189795851707458,
            -0.7331810593605042,
            -0.20612585544586182
        ],
        [
            0.18567410111427307,
            -0.7299237251281738,
            -0.20502784848213196
        ],
        [
            0.18843239545822144,
            -0.7261899709701538,
            -0.1986813247203827
        ],
        [
            0.17346195876598358,
            -0.73427814245224,
            -0.21747292578220367
        ],
        [
            0.173187717795372,
            -0.7204947471618652,
            -0.209026038646698
        ],
        [
            0.1744140386581421,
            -0.7234987020492554,
            -0.2109714150428772
        ],
        [
            0.16947823762893677,
            -0.7229268550872803,
            -0.21631479263305664
        ],
        [
            0.1689380407333374,
            -0.720110297203064,
            -0.21419624984264374
        ],
        [
            0.19395402073860168,
            -0.7210513353347778,
            -0.18203364312648773
        ],
        [
            0.18892812728881836,
            -0.7186709642410278,
            -0.18674150109291077
        ],
        [
            0.18716761469841003,
            -0.7141749262809753,
            -0.1810704618692398
        ],
        [
            0.19097653031349182,
            -0.7163384556770325,
            -0.1748429834842682
        ],
        [
            0.18328022956848145,
            -0.7102246880531311,
            -0.17814823985099792
        ],
        [
            0.1871907263994217,
            -0.711682915687561,
            -0.1687469184398651
        ],
        [
            0.17504353821277618,
            -0.7007520198822021,
            -0.1645391881465912
        ],
        [
            0.18099722266197205,
            -0.7056400775909424,
            -0.16600379347801208
        ],
        [
            0.17819291353225708,
            -0.705787181854248,
            -0.17685875296592712
        ],
        [
            0.17225861549377441,
            -0.7005480527877808,
            -0.1784738451242447
        ],
        [
            0.16334135830402374,
            -0.7015146017074585,
            -0.19082003831863403
        ],
        [
            0.15794748067855835,
            -0.6998395919799805,
            -0.19391568005084991
        ],
        [
            0.15900731086730957,
            -0.6901102662086487,
            -0.18513652682304382
        ],
        [
            0.16526581346988678,
            -0.694319486618042,
            -0.1819927841424942
        ],
        [
            0.17074263095855713,
            -0.717837929725647,
            -0.20250198245048523
        ],
        [
            0.17401739954948425,
            -0.7189533710479736,
            -0.19910119473934174
        ],
        [
            0.1750396341085434,
            -0.7188997268676758,
            -0.20163896679878235
        ],
        [
            0.17200660705566406,
            -0.7185276746749878,
            -0.20603926479816437
        ],
        [
            0.17695941030979156,
            -0.7194018363952637,
            -0.19641590118408203
        ],
        [
            0.17831268906593323,
            -0.7194286584854126,
            -0.19520170986652374
        ],
        [
            0.17866459488868713,
            -0.7198328971862793,
            -0.19689728319644928
        ],
        [
            0.17718413472175598,
            -0.719703733921051,
            -0.1972513049840927
        ],
        [
            0.17535696923732758,
            -0.7193034887313843,
            -0.19816690683364868
        ],
        [
            0.17403048276901245,
            -0.7175775766372681,
            -0.19787102937698364
        ],
        [
            0.17604395747184753,
            -0.7185699939727783,
            -0.19669553637504578
        ],
        [
            0.1709701269865036,
            -0.7157776355743408,
            -0.20080937445163727
        ],
        [
            0.1597694307565689,
            -0.7113471031188965,
            -0.20964087545871735
        ],
        [
            0.16337494552135468,
            -0.7118874788284302,
            -0.20764495432376862
        ],
        [
            0.16289322078227997,
            -0.7162511944770813,
            -0.20936158299446106
        ],
        [
            0.15989726781845093,
            -0.716023325920105,
            -0.21133795380592346
        ],
        [
            0.17782358825206757,
            -0.720686674118042,
            -0.19987240433692932
        ],
        [
            0.18059426546096802,
            -0.7218238115310669,
            -0.19943279027938843
        ],
        [
            0.1783616840839386,
            -0.7226084470748901,
            -0.20467689633369446
        ],
        [
            0.17643724381923676,
            -0.7208065986633301,
            -0.2031792402267456
        ],
        [
            0.1836954951286316,
            -0.723112940788269,
            -0.19942685961723328
        ],
        [
            0.18101565539836884,
            -0.7209233045578003,
            -0.1963403820991516
        ],
        [
            0.1840132772922516,
            -0.7215204238891602,
            -0.1954461634159088
        ],
        [
            0.17734842002391815,
            -0.7180161476135254,
            -0.19450463354587555
        ],
        [
            0.17922450602054596,
            -0.7170989513397217,
            -0.19170598685741425
        ],
        [
            0.18061858415603638,
            -0.7186874151229858,
            -0.1936521828174591
        ],
        [
            0.17658451199531555,
            -0.7143656015396118,
            -0.1910712569952011
        ],
        [
            0.1747615784406662,
            -0.7160995006561279,
            -0.19520550966262817
        ],
        [
            0.17147983610630035,
            -0.7134484052658081,
            -0.1976267397403717
        ],
        [
            0.1673400104045868,
            -0.7106956243515015,
            -0.20100823044776917
        ],
        [
            0.16784979403018951,
            -0.7080280184745789,
            -0.19544437527656555
        ],
        [
            0.17269186675548553,
            -0.711058497428894,
            -0.19260895252227783
        ],
        [
            0.18110772967338562,
            -0.7261280417442322,
            -0.20544889569282532
        ],
        [
            0.18417449295520782,
            -0.718597412109375,
            -0.1906062215566635
        ],
        [
            0.18919062614440918,
            -0.7233858108520508,
            -0.19285009801387787
        ],
        [
            0.18262428045272827,
            -0.7152338027954102,
            -0.18735066056251526
        ],
        [
            0.17943644523620605,
            -0.7119418382644653,
            -0.18547692894935608
        ],
        [
            0.1747654676437378,
            -0.7083308100700378,
            -0.18592242896556854
        ],
        [
            0.16918382048606873,
            -0.7045670747756958,
            -0.18819567561149597
        ],
        [
            0.1571914702653885,
            -0.6882023215293884,
            -0.17069974541664124
        ],
        [
            0.16575855016708374,
            -0.6934159398078918,
            -0.16811512410640717
        ],
        [
            0.20677846670150757,
            -0.781619668006897,
            -0.24112026393413544
        ],
        [
            0.21441930532455444,
            -0.7813106775283813,
            -0.23619094491004944
        ],
        [
            0.21197505295276642,
            -0.7773979902267456,
            -0.22794626653194427
        ],
        [
            0.21437372267246246,
            -0.7790619134902954,
            -0.22846823930740356
        ],
        [
            0.21018873155117035,
            -0.7792004346847534,
            -0.2334701418876648
        ],
        [
            0.20878444612026215,
            -0.77733314037323,
            -0.23146241903305054
        ],
        [
            0.22049033641815186,
            -0.7778695821762085,
            -0.20771591365337372
        ],
        [
            0.2170526385307312,
            -0.7774970531463623,
            -0.21380825340747833
        ],
        [
            0.21610203385353088,
            -0.7751948237419128,
            -0.210576593875885
        ],
        [
            0.22031919658184052,
            -0.7725557088851929,
            -0.20344117283821106
        ],
        [
            0.20800773799419403,
            -0.7661919593811035,
            -0.2145867645740509
        ],
        [
            0.21194151043891907,
            -0.7684860229492188,
            -0.21136564016342163
        ],
        [
            0.21055284142494202,
            -0.7728956937789917,
            -0.2179562747478485
        ],
        [
            0.20775413513183594,
            -0.771185576915741,
            -0.22035273909568787
        ],
        [
            0.2043602019548416,
            -0.770219087600708,
            -0.2227894812822342
        ],
        [
            0.200490802526474,
            -0.7700817584991455,
            -0.22508034110069275
        ],
        [
            0.19923655688762665,
            -0.7659862041473389,
            -0.2217721790075302
        ],
        [
            0.20356975495815277,
            -0.7655462026596069,
            -0.21836188435554504
        ],
        [
            0.20436641573905945,
            -0.7803109884262085,
            -0.23669829964637756
        ],
        [
            0.19719837605953217,
            -0.78072190284729,
            -0.23817411065101624
        ],
        [
            0.19754791259765625,
            -0.7785264253616333,
            -0.2355932593345642
        ],
        [
            0.20368871092796326,
            -0.7778306007385254,
            -0.23473255336284637
        ],
        [
            0.1852211356163025,
            -0.7773125171661377,
            -0.23085877299308777
        ],
        [
            0.18726563453674316,
            -0.778618335723877,
            -0.23266810178756714
        ],
        [
            0.18447786569595337,
            -0.7795250415802002,
            -0.23533454537391663
        ],
        [
            0.18222318589687347,
            -0.776447594165802,
            -0.23254847526550293
        ],
        [
            0.18357577919960022,
            -0.7736353278160095,
            -0.23048120737075806
        ],
        [
            0.18606159090995789,
            -0.7755356431007385,
            -0.2300117462873459
        ],
        [
            0.22181770205497742,
            -0.8316332101821899,
            -0.26042038202285767
        ],
        [
            0.2145490050315857,
            -0.8136075735092163,
            -0.26060307025909424
        ],
        [
            0.23276469111442566,
            -0.8303067684173584,
            -0.24268318712711334
        ],
        [
            0.23703354597091675,
            -0.8263148069381714,
            -0.22526425123214722
        ],
        [
            0.23915530741214752,
            -0.8186728954315186,
            -0.20840242505073547
        ],
        [
            0.2005939781665802,
            -0.7275874614715576,
            -0.17635196447372437
        ],
        [
            0.19840407371520996,
            -0.7233942747116089,
            -0.1664237231016159
        ],
        [
            0.20557019114494324,
            -0.7348583936691284,
            -0.1579618901014328
        ],
        [
            0.20016862452030182,
            -0.72905433177948,
            -0.14928914606571198
        ],
        [
            0.19319671392440796,
            -0.7172813415527344,
            -0.1586272120475769
        ],
        [
            0.17560939490795135,
            -0.7042121887207031,
            -0.1512097716331482
        ],
        [
            0.18558867275714874,
            -0.7103266716003418,
            -0.1533673107624054
        ],
        [
            0.19237644970417023,
            -0.7238450050354004,
            -0.14115412533283234
        ],
        [
            0.2003672569990158,
            -0.7411640286445618,
            -0.13238155841827393
        ],
        [
            0.2061469852924347,
            -0.7428170442581177,
            -0.14232754707336426
        ],
        [
            0.20604579150676727,
            -0.7601959109306335,
            -0.12828178703784943
        ],
        [
            0.19237551093101501,
            -0.7408742904663086,
            -0.12036006152629852
        ],
        [
            0.20163527131080627,
            -0.7641891241073608,
            -0.12111114710569382
        ],
        [
            0.17050866782665253,
            -0.7113012671470642,
            -0.11368036270141602
        ],
        [
            0.16921217739582062,
            -0.7044527530670166,
            -0.10630442202091217
        ],
        [
            0.17800608277320862,
            -0.7161175012588501,
            -0.09418043494224548
        ],
        [
            0.18036408722400665,
            -0.7229323387145996,
            -0.10182581096887589
        ],
        [
            0.2105848342180252,
            -0.7453364133834839,
            -0.15251991152763367
        ],
        [
            0.23200519382953644,
            -0.793586254119873,
            -0.18889227509498596
        ],
        [
            0.22972455620765686,
            -0.7878519296646118,
            -0.19958530366420746
        ],
        [
            0.2293630987405777,
            -0.7849646806716919,
            -0.1792079657316208
        ],
        [
            0.24638447165489197,
            -0.8534835577011108,
            -0.20227524638175964
        ],
        [
            0.24284468591213226,
            -0.8408173322677612,
            -0.2159729152917862
        ],
        [
            0.24433843791484833,
            -0.8309030532836914,
            -0.20083650946617126
        ],
        [
            0.24761316180229187,
            -0.8440359234809875,
            -0.19013766944408417
        ],
        [
            0.23037399351596832,
            -0.8812605142593384,
            -0.23464706540107727
        ],
        [
            0.228965163230896,
            -0.8576325178146362,
            -0.24970388412475586
        ],
        [
            0.23622015118598938,
            -0.8505484461784363,
            -0.23438209295272827
        ],
        [
            0.23888231813907623,
            -0.8689258098602295,
            -0.22116459906101227
        ],
        [
            0.24732160568237305,
            -0.8519867062568665,
            -0.1792525053024292
        ],
        [
            0.2454991638660431,
            -0.8632626533508301,
            -0.1640438586473465
        ],
        [
            0.24474212527275085,
            -0.8805994391441345,
            -0.16729576885700226
        ],
        [
            0.2466123402118683,
            -0.8690773248672485,
            -0.18705397844314575
        ],
        [
            0.23686377704143524,
            -0.9023654460906982,
            -0.17486214637756348
        ],
        [
            0.23960967361927032,
            -0.8889530897140503,
            -0.1986488699913025
        ],
        [
            0.19366922974586487,
            -0.7585811614990234,
            -0.106800876557827
        ],
        [
            0.20000678300857544,
            -0.7755258679389954,
            -0.11319208890199661
        ],
        [
            0.18388596177101135,
            -0.73050856590271,
            -0.11215552687644958
        ],
        [
            0.1883939951658249,
            -0.7453311681747437,
            -0.10008758306503296
        ],
        [
            0.22259975969791412,
            -0.9201223254203796,
            -0.18317347764968872
        ],
        [
            0.22727620601654053,
            -0.9048793911933899,
            -0.21148714423179626
        ],
        [
            0.22184303402900696,
            -0.8724814653396606,
            -0.1152864396572113
        ],
        [
            0.23010964691638947,
            -0.8829439878463745,
            -0.13036267459392548
        ],
        [
            0.23502624034881592,
            -0.862822949886322,
            -0.13545957207679749
        ],
        [
            0.22706550359725952,
            -0.8561207056045532,
            -0.12058177590370178
        ],
        [
            0.21186649799346924,
