{
    "pred_cam": [
        1.4237476587295532,
        0.1461215317249298,
        0.28257477283477783
    ],
    "pred_smpl_params": {
        "global_orient": [
            [
                [
                    -0.3361158072948456,
                    0.10648243874311447,
                    -0.9357818365097046
                ],
                [
                    0.20992055535316467,
                    -0.9601234197616577,
                    -0.1846519112586975
                ],
                [
                    -0.918128252029419,
                    -0.2585042715072632,
                    0.3003598153591156
                ]
            ]
        ],
        "body_pose": [
            [
                [
                    0.9973434209823608,
                    0.021795235574245453,
                    0.0695057064294815
                ],
                [
                    -0.034538447856903076,
                    0.9816017746925354,
                    0.18778958916664124
                ],
                [
                    -0.06413400918245316,
                    -0.18969133496284485,
                    0.9797468185424805
                ]
            ],
            [
                [
                    0.9871277213096619,
                    0.13452839851379395,
                    -0.08649241179227829
                ],
                [
                    -0.13162337243556976,
                    0.9905526638031006,
                    0.03848152607679367
                ],
                [
                    0.09085214138031006,
                    -0.02660175785422325,
                    0.9955090880393982
                ]
            ],
            [
                [
                    0.9977478384971619,
                    -0.036328379064798355,
                    0.056386902928352356
                ],
                [
                    0.04616650566458702,
                    0.9817709922790527,
                    -0.18437573313713074
                ],
                [
                    -0.04866094887256622,
                    0.1865636706352234,
                    0.9812370538711548
                ]
            ],
            [
                [
                    0.9809996485710144,
                    0.188714861869812,
                    0.04501625895500183
                ],
                [
                    -0.18318861722946167,
                    0.9774123430252075,
                    -0.10539039969444275
                ],
                [
                    -0.06388817727565765,
                    0.0951414704322815,
                    0.9934116005897522
                ]
            ],
            [
                [
                    0.9889368414878845,
                    0.043206702917814255,
                    0.1419055163860321
                ],
                [
                    -0.03985247761011124,
                    0.9988568425178528,
                    -0.02639586851000786
                ],
                [
                    -0.1428837776184082,
                    0.020448558032512665,
                    0.989528238773346
                ]
            ],
            [
                [
                    0.9907259941101074,
                    -0.13398970663547516,
                    0.022557290270924568
                ],
                [
                    0.13506223261356354,
                    0.9892657995223999,
                    -0.055779024958610535
                ],
                [
                    -0.014841342344880104,
                    0.05830836296081543,
                    0.998188316822052
                ]
            ],
            [
                [
                    0.9748032093048096,
                    0.04455754905939102,
                    0.21857093274593353
                ],
                [
                    -0.03766597434878349,
                    0.9986560940742493,
                    -0.03559817001223564
                ],
                [
                    -0.21986337006092072,
                    0.026468517258763313,
                    0.9751714468002319
                ]
            ],
            [
                [
                    0.972241222858429,
                    -0.08127173781394958,
                    -0.21941255033016205
                ],
                [
                    0.07522570341825485,
                    0.9965242147445679,
                    -0.03578520938754082
                ],
                [
                    0.22155824303627014,
                    0.01828639581799507,
                    0.9749756455421448
                ]
            ],
            [
                [
                    0.9981570243835449,
                    -0.05790535360574722,
                    0.0181512963026762
                ],
                [
                    0.059184230864048004,
                    0.9950056076049805,
                    -0.08038033545017242
                ],
                [
                    -0.01340619008988142,
                    0.08130647242069244,
                    0.9965988993644714
                ]
            ],
            [
                [
                    0.9959458708763123,
                    -0.06404127925634384,
                    0.06317100673913956
                ],
                [
                    0.06588464975357056,
                    0.99744713306427,
                    -0.02754017524421215
                ],
                [
                    -0.061246033757925034,
                    0.03159052133560181,
                    0.9976226687431335
                ]
            ],
            [
                [
                    0.9958780407905579,
                    0.09070242196321487,
                    0.00011399052891647443
                ],
                [
                    -0.09063918888568878,
                    0.9951354265213013,
                    0.038600530475378036
                ],
                [
                    0.003387724980711937,
                    -0.03845175355672836,
                    0.9992547035217285
                ]
            ],
            [
                [
                    0.9386570453643799,
                    0.009481686167418957,
                    0.34472182393074036
                ],
                [
                    0.05348577722907066,
                    0.983522891998291,
                    -0.1726907193660736
                ],
                [
                    -0.3406791687011719,
                    0.18053506314754486,
                    0.9226835370063782
                ]
            ],
            [
                [
                    0.9038290977478027,
                    -0.12467292696237564,
                    -0.4093284010887146
                ],
                [
                    0.18072952330112457,
                    0.9783241748809814,
                    0.10108771920204163
                ],
                [
                    0.3878529369831085,
                    -0.1653437316417694,
                    0.9067699313163757
                ]
            ],
            [
                [
                    0.9291535019874573,
                    -0.26282066106796265,
                    0.25999805331230164
                ],
                [
                    0.25480496883392334,
                    0.9648252129554749,
                    0.0647045373916626
                ],
                [
                    -0.2678583860397339,
                    0.006128354463726282,
                    0.9634387493133545
                ]
            ],
            [
                [
                    0.9942424893379211,
                    0.08701495826244354,
                    0.06253185868263245
                ],
                [
                    -0.05900561809539795,
                    0.9317229390144348,
                    -0.3583444356918335
                ],
                [
                    -0.08944369107484818,
                    0.35259154438972473,
                    0.9314929246902466
                ]
            ],
            [
                [
                    0.779547393321991,
                    0.1569589376449585,
                    -0.6063576936721802
                ],
                [
                    -0.14828884601593018,
                    0.9868188500404358,
                    0.06479974091053009
                ],
                [
                    0.6085361242294312,
                    0.03940163180232048,
                    0.792547345161438
                ]
            ],
            [
                [
                    0.5891688466072083,
                    -0.6630235314369202,
                    0.4618223011493683
                ],
                [
                    0.7654430270195007,
                    0.6410464644432068,
                    -0.05618232861161232
                ],
                [
                    -0.25879934430122375,
                    0.38659951090812683,
                    0.8851913213729858
                ]
            ],
            [
                [
                    0.14555689692497253,
                    -0.11187033355236053,
                    -0.9830046892166138
                ],
                [
                    -0.14169946312904358,
                    0.9809855222702026,
                    -0.13262248039245605
                ],
                [
                    0.9791498780250549,
                    0.15859538316726685,
                    0.12693724036216736
                ]
            ],
            [
                [
                    0.2397284060716629,
                    0.2004447877407074,
                    0.9499222040176392
                ],
                [
                    0.08706708997488022,
                    0.9700722694396973,
                    -0.22666950523853302
                ],
                [
                    -0.9669279456138611,
                    0.13704608380794525,
                    0.21510173380374908
                ]
            ],
            [
                [
                    0.9825302362442017,
                    -0.11135295033454895,
                    -0.1491139978170395
                ],
                [
                    0.10825735330581665,
                    0.9937072992324829,
                    -0.028743864968419075
                ],
                [
                    0.1513763815164566,
                    0.012099024839699268,
                    0.988402247428894
                ]
            ],
            [
                [
                    0.9900991916656494,
                    0.01675504632294178,
                    0.1393660604953766
                ],
                [
                    -0.05784723162651062,
                    0.9533251523971558,
                    0.2963525652885437
                ],
                [
                    -0.1278957724571228,
                    -0.30148038268089294,
                    0.9448556900024414
                ]
            ],
            [
                [
                    0.9940907955169678,
                    0.0971653014421463,
                    -0.04839729145169258
                ],
                [
                    -0.0923270508646965,
                    0.9913025498390198,
                    0.09378086775541306
                ],
                [
                    0.05708860978484154,
                    -0.08875832706689835,
                    0.9944157004356384
                ]
            ],
            [
                [
                    0.990440845489502,
                    -0.1378893256187439,
                    -0.0036620525643229485
                ],
                [
                    0.13734440505504608,
                    0.9833711385726929,
                    0.11881782114505768
                ],
                [
                    -0.012782554142177105,
                    -0.11818499118089676,
                    0.9929092526435852
                ]
            ]
        ],
        "betas": [
            -0.17465388774871826,
            -0.20963481068611145,
            0.2509630024433136,
            0.6873854994773865,
            0.21026383340358734,
            0.012930396944284439,
            -0.010042756795883179,
            -0.049742043018341064,
            0.1171070858836174,
            -0.00834733247756958
        ]
    },
    "pred_cam_t": [
        0.1461215317249298,
        0.28257477283477783,
        27.43639373779297
    ],
    "focal_length": [
        5000.0,
        5000.0
    ],
    "pred_keypoints_3d": [
        [
            -0.17397372424602509,
            -0.7692527174949646,
            -0.04773905128240585
        ],
        [
            0.008709907531738281,
            -0.7354151606559753,
            -0.025152258574962616
        ],
        [
            0.04841535910964012,
            -0.639093816280365,
            0.1489642709493637
        ],
        [
            0.024912936612963676,
            -0.4041925370693207,
            0.228862464427948
        ],
        [
            -0.19649651646614075,
            -0.34618109464645386,
            0.12894180417060852
        ],
        [
            -0.05930231511592865,
            -0.6867920756340027,
            -0.17898845672607422
        ],
        [
            -0.2994704246520996,
            -0.6609066724777222,
            -0.26259905099868774
        ],
        [
            -0.38527387380599976,
            -0.6194226145744324,
            -0.03764818608760834
        ],
        [
            -0.002154955407604575,
            -0.2296704351902008,
            0.02819698303937912
        ],
        [
            0.014864616096019745,
            -0.1561773419380188,
            0.11199194192886353
        ],
        [
            0.00651312991976738,
            0.1762610375881195,
            0.283934623003006
        ],
        [
            0.023211903870105743,
            0.540328860282898,
            0.42029523849487305
        ],
        [
            -0.028693411499261856,
            -0.1261810064315796,
            -0.01352253183722496
        ],
        [
            -0.134110227227211,
            0.21269825100898743,
            0.07591161131858826
        ],
        [
            -0.13864962756633759,
            0.5518511533737183,
            0.2657632827758789
        ],
        [
            -0.1706719994544983,
            -0.8165110945701599,
            -0.00803857110440731
        ],
        [
            -0.16053283214569092,
            -0.8229883313179016,
            -0.07355950772762299
        ],
        [
            -0.08802609145641327,
            -0.8467845320701599,
            0.052434105426073074
        ],
        [
            -0.06784763932228088,
            -0.8609911203384399,
            -0.09525405615568161
        ],
        [
            -0.33567267656326294,
            0.5827199220657349,
            0.2996332049369812
        ],
        [
            -0.28943967819213867,
            0.6210145354270935,
            0.24123124778270721
        ],
        [
            -0.084165558218956,
            0.5917660593986511,
            0.2755834460258484
        ],
        [
            -0.15280328691005707,
            0.5523844957351685,
            0.5124914646148682
        ],
        [
            -0.07767853885889053,
            0.5423361659049988,
            0.5576996207237244
        ],
        [
            0.0740891695022583,
            0.5913183093070984,
            0.41581523418426514
        ],
        [
            0.05891430005431175,
            0.49280068278312683,
            0.4086035490036011
        ],
        [
            0.008514163084328175,
            0.11732640862464905,
            0.2553856372833252
        ],
        [
            0.05796794220805168,
            -0.2888534665107727,
            0.15096168220043182
        ],
        [
            -0.02423860691487789,
            -0.20951105654239655,
            -0.11797021329402924
        ],
        [
            -0.1265859752893448,
            0.17724230885505676,
            0.05124983191490173
        ],
        [
            -0.11131080985069275,
            0.5298479199409485,
            0.2391667366027832
        ],
        [
            -0.18105484545230865,
            -0.38413265347480774,
            0.12574157118797302
        ],
        [
            0.0005545184249058366,
            -0.43351036310195923,
            0.2455812692642212
        ],
        [
            0.04164664447307587,
            -0.6693616509437561,
            0.1150309294462204
        ],
        [
            -0.04022669419646263,
            -0.7130786180496216,
            -0.1650439351797104
        ],
        [
            -0.2867758870124817,
            -0.6987209320068359,
            -0.2406415343284607
        ],
        [
            -0.36609023809432983,
            -0.6340490579605103,
            -0.038345545530319214
        ],
        [
            0.004808555357158184,
            -0.7304803729057312,
            -0.020552240312099457
        ],
        [
            -0.11805927008390427,
            -0.8925403356552124,
            -0.0282356645911932
        ],
        [
            0.016681263223290443,
            -0.24959853291511536,
            0.01583978161215782
        ],
        [
            0.0009698383510112762,
            -0.6852582693099976,
            -0.02173629403114319
        ],
        [
            0.04185732454061508,
            -0.4940219223499298,
            -0.03153366968035698
        ],
        [
            -0.09416304528713226,
            -0.780028223991394,
            -0.038336195051670074
        ],
        [
            -0.12044978886842728,
            -0.9120211005210876,
            -0.023147407919168472
        ]
    ],
    "pred_vertices": [
        [
            -0.18285542726516724,
            -0.8649476766586304,
            -0.0856986790895462
        ],
        [
            -0.18275371193885803,
            -0.8484585285186768,
            -0.08134844899177551
        ],
        [
            -0.17144092917442322,
            -0.8506208658218384,
            -0.09044785052537918
        ],
        [
            -0.16738641262054443,
            -0.8644771575927734,
            -0.09388069808483124
        ],
        [
            -0.1726721227169037,
            -0.8393388390541077,
            -0.08771389722824097
        ],
        [
            -0.18061181902885437,
            -0.8365880250930786,
            -0.07905365526676178
        ],
        [
            -0.1582392454147339,
            -0.8502240180969238,
            -0.0951828807592392
        ],
        [
            -0.1516977846622467,
            -0.8620367050170898,
            -0.09766866266727448
        ],
        [
            -0.1300678849220276,
            -0.8248182535171509,
            -0.09779934585094452
        ],
        [
            -0.11938010156154633,
            -0.8257365226745605,
            -0.09984951466321945
        ],
        [
            -0.1265801042318344,
            -0.8356051445007324,
            -0.09991860389709473
        ],
        [
            -0.13549798727035522,
            -0.8321084380149841,
            -0.0968034565448761
        ],
        [
            -0.11540728062391281,
            -0.8032611608505249,
            -0.09601638466119766
        ],
        [
            -0.1190635934472084,
            -0.7906792163848877,
            -0.09162965416908264
        ],
        [
            -0.10611949115991592,
            -0.7872498631477356,
            -0.09209689497947693
        ],
        [
            -0.10131077468395233,
            -0.7997749447822571,
            -0.09520198404788971
        ],
        [
            -0.1508989781141281,
            -0.7895362377166748,
            -0.06459450721740723
        ],
        [
            -0.14607562124729156,
            -0.784557044506073,
            -0.06975995004177094
        ],
        [
            -0.14807918667793274,
            -0.791206419467926,
            -0.07350864261388779
        ],
        [
            -0.15220889449119568,
            -0.7955522537231445,
            -0.06755296140909195
        ],
        [
            -0.16213810443878174,
            -0.7946234941482544,
            -0.05704322084784508
        ],
        [
            -0.16167661547660828,
            -0.8010916113853455,
            -0.05736486241221428
        ],
        [
            -0.16871272027492523,
            -0.8016743659973145,
            -0.05375205725431442
        ],
        [
            -0.16961699724197388,
            -0.7942690253257751,
            -0.05454811453819275
        ],
        [
            -0.14909788966178894,
            -0.7843997478485107,
            -0.05923538655042648
        ],
        [
            -0.1437765508890152,
            -0.7795994877815247,
            -0.0646011084318161
        ],
        [
            -0.1553763449192047,
            -0.7934813499450684,
            -0.06034383177757263
        ],
        [
            -0.1556551158428192,
            -0.7884256839752197,
            -0.05910126119852066
        ],
        [
            -0.1624118536710739,
            -0.7780916690826416,
            -0.058484144508838654
        ],
        [
            -0.16307006776332855,
            -0.7830408215522766,
            -0.059681475162506104
        ],
        [
            -0.17007145285606384,
            -0.7806911468505859,
            -0.057925477623939514
        ],
        [
            -0.1671726256608963,
            -0.7758522033691406,
            -0.056571707129478455
        ],
        [
            -0.1534407138824463,
            -0.7819472551345825,
            -0.05941581726074219
        ],
        [
            -0.15712350606918335,
            -0.7834253907203674,
            -0.06046786531805992
        ],
        [
            -0.15788021683692932,
            -0.7788152694702148,
            -0.05859144777059555
        ],
        [
            -0.15434318780899048,
            -0.7782340049743652,
            -0.056403353810310364
        ],
        [
            -0.162599116563797,
            -0.7896314263343811,
            -0.05721106380224228
        ],
        [
            -0.1701413244009018,
            -0.7878639698028564,
            -0.05594746395945549
        ],
        [
            -0.17764559388160706,
            -0.7855269908905029,
            -0.053578395396471024
        ],
        [
            -0.17671598494052887,
            -0.7766082882881165,
            -0.0550810731947422
        ],
        [
            -0.13218331336975098,
            -0.7765724658966064,
            -0.07889850437641144
        ],
        [
            -0.139848530292511,
            -0.7804428935050964,
            -0.07519204914569855
        ],
        [
            -0.13855433464050293,
            -0.7756551504135132,
            -0.06995541602373123
        ],
        [
            -0.1327153593301773,
            -0.7724622488021851,
            -0.07391504943370819
        ],
        [
            -0.1497626155614853,
            -0.7770599126815796,
            -0.056708961725234985
        ],
        [
            -0.14170360565185547,
            -0.7635949850082397,
            -0.05991869792342186
        ],
        [
            -0.1436096876859665,
            -0.7668407559394836,
            -0.06033306196331978
        ],
        [
            -0.14855805039405823,
            -0.7651851177215576,
            -0.05538758262991905
        ],
        [
            -0.14650066196918488,
            -0.7622570991516113,
            -0.05558396875858307
        ],
        [
            -0.11694993823766708,
            -0.7684186697006226,
            -0.08190355449914932
        ],
        [
            -0.12125357985496521,
            -0.7649019360542297,
            -0.07717253267765045
        ],
        [
            -0.11571460962295532,
            -0.7600066661834717,
            -0.07695923745632172
        ],
        [
            -0.10989812016487122,
            -0.7629737854003906,
            -0.08065278828144073
        ],
        [
            -0.11272232234477997,
            -0.7551027536392212,
            -0.07402531802654266
        ],
        [
            -0.10417038947343826,
            -0.7573786973953247,
            -0.07830548286437988
        ],
        [
            -0.09977896511554718,
            -0.7438633441925049,
            -0.06898179650306702
        ],
        [
            -0.10137660801410675,
            -0.7500056028366089,
            -0.07369104027748108
        ],
        [
            -0.1111910492181778,
            -0.7495513558387756,
            -0.0700409784913063
        ],
        [
            -0.11253444105386734,
            -0.7430647015571594,
            -0.06526769697666168
        ],
        [
            -0.12375354766845703,
            -0.7424030303955078,
            -0.05574878305196762
        ],
        [
            -0.12642773985862732,
            -0.7395917177200317,
            -0.05053667724132538
        ],
        [
            -0.11807537823915482,
            -0.730212926864624,
            -0.05414457991719246
        ],
        [
            -0.11564784497022629,
            -0.7354533672332764,
            -0.05965280905365944
        ],
        [
            -0.13510477542877197,
            -0.7604036331176758,
            -0.05814371258020401
        ],
        [
            -0.13203230500221252,
            -0.7621417045593262,
            -0.06140900403261185
        ],
        [
            -0.13461601734161377,
            -0.7623782157897949,
            -0.06226842850446701
        ],
        [
            -0.1386920064687729,
            -0.7614612579345703,
            -0.059069909155368805
        ],
        [
            -0.12971726059913635,
            -0.7630898356437683,
            -0.06457220762968063
        ],
        [
            -0.12867289781570435,
            -0.763412356376648,
            -0.06599579751491547
        ],
        [
            -0.13033956289291382,
            -0.7639298439025879,
            -0.0661201924085617
        ],
        [
            -0.13046669960021973,
            -0.7636303901672363,
            -0.06479489803314209
        ],
        [
            -0.13122671842575073,
            -0.762820839881897,
            -0.0629652664065361
        ],
        [
            -0.13086360692977905,
            -0.760838508605957,
            -0.06200079992413521
        ],
        [
            -0.13000278174877167,
            -0.7620605230331421,
            -0.06377138942480087
        ],
        [
            -0.13355191051959991,
            -0.7584468722343445,
            -0.05915180221199989
        ],
        [
            -0.14162662625312805,
            -0.7515754699707031,
            -0.04880940169095993
        ],
        [
            -0.13995710015296936,
            -0.752932608127594,
            -0.052036721259355545
        ],
        [
            -0.14139777421951294,
            -0.7571707963943481,
            -0.050452448427677155
        ],
        [
            -0.14299821853637695,
            -0.7562137842178345,
            -0.04780750721693039
        ],
        [
            -0.13309024274349213,
            -0.7647297382354736,
            -0.0652662068605423
        ],
        [
            -0.13295117020606995,
            -0.7663466930389404,
            -0.06732790172100067
        ],
        [
            -0.1378345787525177,
            -0.766787588596344,
            -0.06453683972358704
        ],
        [
            -0.13626354932785034,
            -0.7645334601402283,
            -0.06310966610908508
        ],
        [
            -0.13310597836971283,
            -0.7684122323989868,
            -0.07018035650253296
        ],
        [
            -0.13001763820648193,
            -0.7655019760131836,
            -0.06824714690446854
        ],
        [
            -0.12936931848526,
            -0.7666816115379333,
            -0.07130321860313416
        ],
        [
            -0.12794607877731323,
            -0.7617873549461365,
            -0.06538145989179611
        ],
        [
            -0.12535721063613892,
            -0.7613109946250916,
            -0.0676717460155487
        ],
        [
            -0.12738889455795288,
            -0.7632032036781311,
            -0.06857413053512573
        ],
        [
            -0.12465519458055496,
            -0.7579559683799744,
            -0.06574232131242752
        ],
        [
            -0.12838590145111084,
            -0.7593623995780945,
            -0.06315063685178757
        ],
        [
            -0.13057789206504822,
            -0.7560737133026123,
            -0.06034550070762634
        ],
        [
            -0.13362523913383484,
            -0.7525526285171509,
            -0.05666282773017883
        ],
        [
            -0.1282992660999298,
            -0.7499759197235107,
            -0.058146990835666656
        ],
        [
            -0.12586215138435364,
            -0.7539200186729431,
            -0.06245257705450058
        ],
        [
            -0.13878768682479858,
            -0.7707474231719971,
            -0.06665371358394623
        ],
        [
            -0.1246786043047905,
            -0.7638740539550781,
            -0.07229753583669662
        ],
        [
            -0.1271219551563263,
            -0.7697066068649292,
            -0.07578475028276443
        ],
        [
            -0.12143785506486893,
            -0.7601531744003296,
            -0.0717862993478775
        ],
        [
            -0.11942507326602936,
            -0.7561545372009277,
            -0.06949889659881592
        ],
        [
            -0.11953771859407425,
            -0.7514263987541199,
            -0.06540349125862122
        ],
        [
            -0.12139611691236496,
            -0.7466657161712646,
            -0.06080751121044159
        ],
        [
            -0.10401412099599838,
            -0.7278878688812256,
            -0.053589995950460434
        ],
        [
            -0.10245935618877411,
            -0.7345856428146362,
            -0.06103072315454483
        ],
        [
            -0.17455041408538818,
            -0.8311772346496582,
            -0.07603871822357178
        ],
        [
            -0.17021958529949188,
            -0.8325543403625488,
            -0.08388814330101013
        ],
        [
            -0.16197261214256287,
            -0.8280384540557861,
            -0.08289508521556854
        ],
        [
            -0.16259443759918213,
            -0.8301472663879395,
            -0.08452396839857101
        ],
        [
            -0.16733390092849731,
            -0.8294304609298706,
            -0.08047477155923843
        ],
        [
            -0.1652565896511078,
            -0.8272745013237,
            -0.0795661136507988
        ],
        [
            -0.1422959864139557,
            -0.830620527267456,
            -0.09234807640314102
        ],
        [
            -0.14800310134887695,
            -0.8294976353645325,
            -0.08861808478832245
        ],
        [
            -0.14494730532169342,
            -0.8269109725952148,
            -0.08827295899391174
        ],
        [
            -0.13839688897132874,
            -0.8252229690551758,
            -0.0935085266828537
        ],
        [
            -0.14843805134296417,
            -0.8163917064666748,
            -0.08241084218025208
        ],
        [
            -0.1456315517425537,
            -0.8194054365158081,
            -0.08583518117666245
        ],
        [
            -0.1517050415277481,
            -0.8236463665962219,
            -0.0830138698220253
        ],
        [
            -0.15378102660179138,
            -0.8214282989501953,
            -0.08056908845901489
        ],
        [
            -0.15587389469146729,
            -0.8197200298309326,
            -0.07744327187538147
        ],
        [
            -0.1579393446445465,
            -0.818581223487854,
            -0.07359715551137924
        ],
        [
            -0.15454724431037903,
            -0.8144127130508423,
            -0.0737808421254158
        ],
        [
            -0.15159037709236145,
            -0.8149292469024658,
            -0.07821187376976013
        ],
        [
            -0.1698428988456726,
            -0.8294181823730469,
            -0.07454368472099304
        ],
        [
            -0.17084605991840363,
            -0.8279838562011719,
            -0.06721985340118408
        ],
        [
            -0.1680554747581482,
            -0.8261481523513794,
            -0.06838792562484741
        ],
        [
            -0.1676969826221466,
            -0.8269754648208618,
            -0.07448290288448334
        ],
        [
            -0.16266584396362305,
            -0.8218772411346436,
            -0.057199716567993164
        ],
        [
            -0.1646059900522232,
            -0.8234862089157104,
            -0.05871898680925369
        ],
        [
            -0.16685780882835388,
            -0.8239642381668091,
            -0.055520199239254
        ],
        [
            -0.16410863399505615,
            -0.820447564125061,
            -0.05431187152862549
        ],
        [
            -0.16225212812423706,
            -0.8179879188537598,
            -0.05663908272981644
        ],
        [
            -0.16200664639472961,
            -0.820351779460907,
            -0.05858621001243591
        ],
        [
            -0.1936277151107788,
            -0.8835294246673584,
            -0.0763205885887146
        ],
        [
            -0.1945093870162964,
            -0.8645576238632202,
            -0.07398347556591034
        ],
        [
            -0.1769528090953827,
            -0.8850511312484741,
            -0.08798480778932571
        ],
        [
            -0.15967261791229248,
            -0.8820886611938477,
            -0.0944276675581932
        ],
        [
            -0.1438661813735962,
            -0.8751994967460632,
            -0.09978783130645752
        ],
        [
            -0.11166976392269135,
            -0.7763508558273315,
            -0.08726471662521362
        ],
        [
            -0.10196841508150101,
            -0.7717709541320801,
            -0.08687369525432587
        ],
        [
            -0.09382002055644989,
            -0.7844189405441284,
            -0.09188389778137207
        ],
        [
            -0.0855821818113327,
            -0.7774101495742798,
            -0.08886013925075531
        ],
        [
            -0.09475233405828476,
            -0.764302670955658,
            -0.08381515741348267
        ],
        [
            -0.08750440925359726,
            -0.7471178770065308,
            -0.0699673667550087
        ],
        [
            -0.08982712030410767,
            -0.7556182146072388,
            -0.07830329239368439
        ],
        [
            -0.07806328684091568,
            -0.7701725959777832,
            -0.08363451063632965
        ],
        [
            -0.06870223581790924,
            -0.7887001037597656,
            -0.08884561061859131
        ],
        [
            -0.07802893221378326,
            -0.7921311259269714,
            -0.09233775734901428
        ],
        [
            -0.06416846811771393,
            -0.8091275691986084,
            -0.08985873311758041
        ],
        [
            -0.05742858350276947,
            -0.7854240536689758,
            -0.08263543248176575
        ],
        [
            -0.05686880648136139,
            -0.8118209838867188,
            -0.0848962664604187
        ],
        [
            -0.056479163467884064,
            -0.7525262832641602,
            -0.06751059740781784
        ],
        [
            -0.05181781202554703,
            -0.7453008890151978,
            -0.0682135745882988
        ],
        [
            -0.040188245475292206,
            -0.7572596073150635,
            -0.07755644619464874
        ],
        [
            -0.04497656226158142,
            -0.7650308609008789,
            -0.07671733945608139
        ],
        [
            -0.08807723224163055,
            -0.7960760593414307,
            -0.09478984773159027
        ],
        [
            -0.12489743530750275,
            -0.8487164974212646,
            -0.10051458328962326
        ],
        [
            -0.13534094393253326,
            -0.8424960374832153,
            -0.09908390045166016
        ],
        [
            -0.11517621576786041,
            -0.8392674922943115,
            -0.1012897938489914
        ],
        [
            -0.13701876997947693,
            -0.9107975363731384,
            -0.09824888408184052
        ],
        [
            -0.15079861879348755,
            -0.8977238535881042,
            -0.09705600887537003
        ],
        [
            -0.13600653409957886,
            -0.8883578181266785,
            -0.10179639607667923
        ],
        [
            -0.12538748979568481,
            -0.9016092419624329,
            -0.10244286060333252
        ],
        [
            -0.16830521821975708,
            -0.9339650869369507,
            -0.07497988641262054
        ],
        [
            -0.1834336519241333,
            -0.9102451801300049,
            -0.07824253290891647
        ],
        [
            -0.16886241734027863,
            -0.9058225750923157,
            -0.08775411546230316
        ],
        [
            -0.15529289841651917,
            -0.9241573810577393,
            -0.0868566632270813
        ],
        [
            -0.1139909029006958,
            -0.9094367027282715,
            -0.10186842083930969
        ],
        [
            -0.09911563992500305,
            -0.9197123050689697,
            -0.09841780364513397
        ],
        [
            -0.10202881693840027,
            -0.9362528324127197,
            -0.0934276133775711
        ],
        [
            -0.121832475066185,
            -0.9257673621177673,
            -0.09698228538036346
        ],
        [
            -0.10846835374832153,
            -0.9560990333557129,
            -0.08078581839799881
        ],
        [
            -0.13288094103336334,
            -0.9437507390975952,
            -0.08464730530977249
        ],
        [
            -0.04350990056991577,
            -0.80315762758255,
            -0.07982922345399857
        ],
        [
            -0.0485755056142807,
            -0.8226988315582275,
            -0.08062838017940521
        ],
        [
            -0.05213507264852524,
            -0.7732000350952148,
            -0.07694368064403534
        ],
        [
            -0.039323590695858,
            -0.7878541946411133,
            -0.0794762521982193
        ],
        [
            -0.11563652753829956,
            -0.9701876640319824,
            -0.06253436207771301
        ],
        [
            -0.144413560628891,
            -0.9564669132232666,
            -0.06789262592792511
        ],
        [
            -0.04803328216075897,
            -0.9237062931060791,
            -0.07768343389034271
        ],
        [
            -0.06393375992774963,
            -0.9349130392074585,
            -0.08144750446081161
        ],
        [
            -0.06918703019618988,
            -0.9169484376907349,
            -0.09128330647945404
        ],
        [
