{
    "pred_cam": [
        1.407707929611206,
        0.15126252174377441,
        0.27450042963027954
    ],
    "pred_smpl_params": {
        "global_orient": [
            [
                [
                    -0.3394771218299866,
                    0.10466065257787704,
                    -0.9347734451293945
                ],
                [
                    0.2133447378873825,
                    -0.9593227505683899,
                    -0.18488866090774536
                ],
                [
                    -0.916100025177002,
                    -0.2621944844722748,
                    0.3033393323421478
                ]
            ]
        ],
        "body_pose": [
            [
                [
                    0.9973615407943726,
                    0.02133147232234478,
                    0.06938996911048889
                ],
                [
                    -0.034256529062986374,
                    0.9810318350791931,
                    0.19079551100730896
                ],
                [
                    -0.0640038251876831,
                    -0.19266915321350098,
                    0.9791741371154785
                ]
            ],
            [
                [
                    0.9865645170211792,
                    0.13832268118858337,
                    -0.08693312108516693
                ],
                [
                    -0.13514406979084015,
                    0.9899575710296631,
                    0.041471902281045914
                ],
                [
                    0.0917966216802597,
                    -0.0291662085801363,
                    0.9953504800796509
                ]
            ],
            [
                [
                    0.997779369354248,
                    -0.03682059049606323,
                    0.05550437048077583
                ],
                [
                    0.046723220497369766,
                    0.9808126091957092,
                    -0.18927119672298431
                ],
                [
                    -0.04747030884027481,
                    0.19144421815872192,
                    0.9803549647331238
                ]
            ],
            [
                [
                    0.9808732867240906,
                    0.18961462378501892,
                    0.0439763143658638
                ],
                [
                    -0.18476028740406036,
                    0.9780665636062622,
                    -0.0961734727025032
                ],
                [
                    -0.06124767288565636,
                    0.08620891720056534,
                    0.9943926334381104
                ]
            ],
            [
                [
                    0.9883207082748413,
                    0.04507078975439072,
                    0.14557084441184998
                ],
                [
                    -0.04203842207789421,
                    0.9988315105438232,
                    -0.023841870948672295
                ],
                [
                    -0.14647531509399414,
                    0.01744384504854679,
                    0.9890605807304382
                ]
            ],
            [
                [
                    0.990589439868927,
                    -0.13517244160175323,
                    0.021474182605743408
                ],
                [
                    0.1361897885799408,
                    0.9890710711479187,
                    -0.0564868338406086
                ],
                [
                    -0.013604030944406986,
                    0.05887981504201889,
                    0.9981724619865417
                ]
            ],
            [
                [
                    0.9747893214225769,
                    0.04463730379939079,
                    0.21861645579338074
                ],
                [
                    -0.036185357719659805,
                    0.9984403252601624,
                    -0.04251524806022644
                ],
                [
                    -0.22017323970794678,
                    0.03353269025683403,
                    0.9748842120170593
                ]
            ],
            [
                [
                    0.9720826745033264,
                    -0.08304307609796524,
                    -0.219451904296875
                ],
                [
                    0.07583071291446686,
                    0.9962732195854187,
                    -0.04110181704163551
                ],
                [
                    0.22204728424549103,
                    0.023313170298933983,
                    0.9747571349143982
                ]
            ],
            [
                [
                    0.998163104057312,
                    -0.05807965248823166,
                    0.017240948975086212
                ],
                [
                    0.059240855276584625,
                    0.9952722191810608,
                    -0.07696542143821716
                ],
                [
                    -0.012689311988651752,
                    0.07784540206193924,
                    0.9968847036361694
                ]
            ],
            [
                [
                    0.9957446455955505,
                    -0.06317378580570221,
                    0.06709376722574234
                ],
                [
                    0.06538373976945877,
                    0.997370183467865,
                    -0.031267814338207245
                ],
                [
                    -0.06494201719760895,
                    0.035521604120731354,
                    0.9972565770149231
                ]
            ],
            [
                [
                    0.9959701895713806,
                    0.08966410905122757,
                    0.0019150368170812726
                ],
                [
                    -0.08967661112546921,
                    0.9953711628913879,
                    0.03456084802746773
                ],
                [
                    0.0011926947627216578,
                    -0.034593310207128525,
                    0.999400794506073
                ]
            ],
            [
                [
                    0.9362275004386902,
                    0.006624400615692139,
                    0.3513319790363312
                ],
                [
                    0.05771305784583092,
                    0.9833462834358215,
                    -0.17233452200889587
                ],
                [
                    -0.34662264585494995,
                    0.1816207617521286,
                    0.9202535152435303
                ]
            ],
            [
                [
                    0.901520311832428,
                    -0.11632023006677628,
                    -0.41681012511253357
                ],
                [
                    0.1736598163843155,
                    0.9794817566871643,
                    0.10226312279701233
                ],
                [
                    0.39636266231536865,
                    -0.164575457572937,
                    0.9032228589057922
                ]
            ],
            [
                [
                    0.9243559837341309,
                    -0.26717790961265564,
                    0.27236393094062805
                ],
                [
                    0.2593289911746979,
                    0.9635907411575317,
                    0.06512555480003357
                ],
                [
                    -0.27984747290611267,
                    0.01043267548084259,
                    0.9599878191947937
                ]
            ],
            [
                [
                    0.9936835169792175,
                    0.09158529341220856,
                    0.0648476630449295
                ],
                [
                    -0.06187419220805168,
                    0.9292399883270264,
                    -0.3642590045928955
                ],
                [
                    -0.09361980110406876,
                    0.3579457700252533,
                    0.9290372133255005
                ]
            ],
            [
                [
                    0.7797166705131531,
                    0.1555640697479248,
                    -0.6064996719360352
                ],
                [
                    -0.14632447063922882,
                    0.9870942234992981,
                    0.06506980955600739
                ],
                [
                    0.6087948679924011,
                    0.03800969943404198,
                    0.7924166321754456
                ]
            ],
            [
                [
                    0.5886710286140442,
                    -0.657757043838501,
                    0.4699171185493469
                ],
                [
                    0.761963427066803,
                    0.6456226706504822,
                    -0.05082368105649948
                ],
                [
                    -0.26995953917503357,
                    0.38797810673713684,
                    0.8812461495399475
                ]
            ],
            [
                [
                    0.17847241461277008,
                    -0.09424209594726562,
                    -0.9794212579727173
                ],
                [
                    -0.14455817639827728,
                    0.9820898175239563,
                    -0.12084059417247772
                ],
                [
                    0.9732679724693298,
                    0.16315004229545593,
                    0.16165247559547424
                ]
            ],
            [
                [
                    0.26157325506210327,
                    0.18973711133003235,
                    0.9463505148887634
                ],
                [
                    0.08693885058164597,
                    0.9718701243400574,
                    -0.2188837081193924
                ],
                [
                    -0.9612601399421692,
                    0.13952875137329102,
                    0.23771969974040985
                ]
            ],
            [
                [
                    0.9827767610549927,
                    -0.11092648655176163,
                    -0.14780090749263763
                ],
                [
                    0.1079377681016922,
                    0.9937600493431091,
                    -0.02811598964035511
                ],
                [
                    0.14999742805957794,
                    0.011678443290293217,
                    0.9886174201965332
                ]
            ],
            [
                [
                    0.990404486656189,
                    0.015332701615989208,
                    0.13734599947929382
                ],
                [
                    -0.0567232221364975,
                    0.9513559937477112,
                    0.30282697081565857
                ],
                [
                    -0.12602178752422333,
                    -0.3077118992805481,
                    0.943096935749054
                ]
            ],
            [
                [
                    0.9938971996307373,
                    0.09936793893575668,
                    -0.04789876565337181
                ],
                [
                    -0.09438903629779816,
                    0.9908080101013184,
                    0.09690304100513458
                ],
                [
                    0.05708753690123558,
                    -0.09179054945707321,
                    0.9941405653953552
                ]
            ],
            [
                [
                    0.9902147054672241,
                    -0.13955222070217133,
                    -0.0003280531382188201
                ],
                [
                    0.13857442140579224,
                    0.9829933047294617,
                    0.12050426751375198
                ],
                [
                    -0.016494162380695343,
                    -0.11937054991722107,
                    0.9927127957344055
                ]
            ]
        ],
        "betas": [
            -0.1709529161453247,
            -0.22425976395606995,
            0.20157453417778015,
            0.6351907253265381,
            0.21755051612854004,
            0.0030803419649600983,
            -0.012860894203186035,
            -0.05094665288925171,
            0.11622347682714462,
            -0.006380438804626465
        ]
    },
    "pred_cam_t": [
        0.15126252174377441,
        0.27450042963027954,
        27.749008178710938
    ],
    "focal_length": [
        5000.0,
        5000.0
    ],
    "pred_keypoints_3d": [
        [
            -0.17514047026634216,
            -0.7665054202079773,
            -0.048311714082956314
        ],
        [
            0.007264208048582077,
            -0.7337244749069214,
            -0.025677938014268875
        ],
        [
            0.04723314940929413,
            -0.6371855735778809,
            0.1484353244304657
        ],
        [
            0.0206911638379097,
            -0.4019277095794678,
            0.22733134031295776
        ],
        [
            -0.20014065504074097,
            -0.3411615490913391,
            0.12709520757198334
        ],
        [
            -0.06266139447689056,
            -0.6842524409294128,
            -0.1788301169872284
        ],
        [
            -0.30427461862564087,
            -0.656603217124939,
            -0.2584885060787201
        ],
        [
            -0.39397305250167847,
            -0.6154477000236511,
            -0.03472808003425598
        ],
        [
            -0.002117213560268283,
            -0.2290540188550949,
            0.02833155170083046
        ],
        [
            0.0152859752997756,
            -0.15593251585960388,
            0.11244478821754456
        ],
        [
            0.007600254844874144,
            0.17537647485733032,
            0.2870942950248718
        ],
        [
            0.024125151336193085,
            0.5382723212242126,
            0.4276077151298523
        ],
        [
            -0.028820563107728958,
            -0.12542274594306946,
            -0.013056974858045578
        ],
        [
            -0.13461606204509735,
            0.21317511796951294,
            0.07816056907176971
        ],
        [
            -0.14244744181632996,
            0.5512248277664185,
            0.2706279754638672
        ],
        [
            -0.1723679155111313,
            -0.8137117624282837,
            -0.008527267724275589
        ],
        [
            -0.16203252971172333,
            -0.8203610181808472,
            -0.07401170581579208
        ],
        [
            -0.09016047418117523,
            -0.8445334434509277,
            0.0523248165845871
        ],
        [
            -0.06957775354385376,
            -0.8590891361236572,
            -0.09529820084571838
        ],
        [
            -0.33960723876953125,
            0.5813685655593872,
            0.30555903911590576
        ],
        [
            -0.29363536834716797,
            0.6199789047241211,
            0.24722309410572052
        ],
        [
            -0.08809851855039597,
            0.5913208723068237,
            0.28042739629745483
        ],
        [
            -0.1516714096069336,
            0.5504864454269409,
            0.5203353762626648
        ],
        [
            -0.07653026282787323,
            0.5396844148635864,
            0.5653842687606812
        ],
        [
            0.07516584545373917,
            0.5891151428222656,
            0.4233510196208954
        ],
        [
            0.05982957035303116,
            0.49075859785079956,
            0.41535016894340515
        ],
        [
            0.00955880992114544,
            0.1166153997182846,
            0.25799229741096497
        ],
        [
            0.058631278574466705,
            -0.28874722123146057,
            0.15087899565696716
        ],
        [
            -0.024686116725206375,
            -0.2083105444908142,
            -0.11799785494804382
        ],
        [
            -0.12701159715652466,
            0.17779111862182617,
            0.05326249077916145
        ],
        [
            -0.11497941613197327,
            0.5295764803886414,
            0.2437589168548584
        ],
        [
            -0.185388445854187,
            -0.3793178200721741,
            0.12404347211122513
        ],
        [
            -0.0034920345060527325,
            -0.43111732602119446,
            0.24391862750053406
        ],
        [
            0.040440648794174194,
            -0.6675832271575928,
            0.11452047526836395
        ],
        [
            -0.04322711378335953,
            -0.7108498811721802,
            -0.1653342843055725
        ],
        [
            -0.2917649447917938,
            -0.6944618225097656,
            -0.23698236048221588
        ],
        [
            -0.37509897351264954,
            -0.630355954170227,
            -0.03505153954029083
        ],
        [
            0.003015817143023014,
            -0.7286517024040222,
            -0.021114826202392578
        ],
        [
            -0.12024962902069092,
            -0.8901801109313965,
            -0.028409136459231377
        ],
        [
            0.016800103709101677,
            -0.2489555925130844,
            0.015771346166729927
        ],
        [
            -0.0010160657111555338,
            -0.6832864284515381,
            -0.02211412973701954
        ],
        [
            0.040994346141815186,
            -0.4925879240036011,
            -0.032078638672828674
        ],
        [
            -0.09549562633037567,
            -0.7778291702270508,
            -0.03859870880842209
        ],
        [
            -0.12280590832233429,
            -0.9096181392669678,
            -0.023337705060839653
        ]
    ],
    "pred_vertices": [
        [
            -0.1845901906490326,
            -0.8622428178787231,
            -0.08612848818302155
        ],
        [
            -0.18440505862236023,
            -0.8457196354866028,
            -0.08181513845920563
        ],
        [
            -0.17306306958198547,
            -0.8479785919189453,
            -0.09085698425769806
        ],
        [
            -0.1690966933965683,
            -0.861884355545044,
            -0.0942549854516983
        ],
        [
            -0.1742335557937622,
            -0.8366628885269165,
            -0.0881681963801384
        ],
        [
            -0.18218985199928284,
            -0.8338388204574585,
            -0.07955951988697052
        ],
        [
            -0.1598445177078247,
            -0.8476818799972534,
            -0.09554793685674667
        ],
        [
            -0.15338234603405,
            -0.8595596551895142,
            -0.09798930585384369
        ],
        [
            -0.1314973384141922,
            -0.8224622011184692,
            -0.09811805188655853
        ],
        [
            -0.1208314299583435,
            -0.8234748244285583,
            -0.10014207661151886
        ],
        [
            -0.12809886038303375,
            -0.8332973718643188,
            -0.10019491612911224
        ],
        [
            -0.13698427379131317,
            -0.8297137022018433,
            -0.09712497889995575
        ],
        [
            -0.11668910086154938,
            -0.8010092377662659,
            -0.0963132232427597
        ],
        [
            -0.12027319520711899,
            -0.7883893847465515,
            -0.09195726364850998
        ],
        [
            -0.10730398446321487,
            -0.785057008266449,
            -0.09237043559551239
        ],
        [
            -0.10256768763065338,
            -0.797626256942749,
            -0.09543860703706741
        ],
        [
            -0.15217867493629456,
            -0.7869658470153809,
            -0.06506089121103287
        ],
        [
            -0.1473044753074646,
            -0.7820326685905457,
            -0.07020825892686844
        ],
        [
            -0.14934289455413818,
            -0.788673996925354,
            -0.07395847886800766
        ],
        [
            -0.1535230576992035,
            -0.7929806709289551,
            -0.06801773607730865
        ],
        [
            -0.1634703278541565,
            -0.7919600605964661,
            -0.05754765868186951
        ],
        [
            -0.163059800863266,
            -0.7984350919723511,
            -0.057861294597387314
        ],
        [
            -0.17010805010795593,
            -0.798961877822876,
            -0.054268285632133484
        ],
        [
            -0.17094692587852478,
            -0.7915500402450562,
            -0.05507345497608185
        ],
        [
            -0.15035974979400635,
            -0.7818304300308228,
            -0.05969897657632828
        ],
        [
            -0.14499327540397644,
            -0.7770808935165405,
            -0.06504076719284058
        ],
        [
            -0.15669476985931396,
            -0.7908735275268555,
            -0.06082335114479065
        ],
        [
            -0.15693862736225128,
            -0.7858065366744995,
            -0.05959181487560272
        ],
        [
            -0.16361156105995178,
            -0.7754302024841309,
            -0.058999836444854736
        ],
        [
            -0.1643041968345642,
            -0.7803778648376465,
            -0.06020073592662811
        ],
        [
            -0.17128896713256836,
            -0.7779744863510132,
            -0.05847245454788208
        ],
        [
            -0.1683599054813385,
            -0.7731528282165527,
            -0.05711086094379425
        ],
        [
            -0.15467771887779236,
            -0.7793440222740173,
            -0.05990348011255264
        ],
        [
            -0.1583615243434906,
            -0.7808002829551697,
            -0.06096725910902023
        ],
        [
            -0.1590905785560608,
            -0.7761802673339844,
            -0.059096015989780426
        ],
        [
            -0.15556243062019348,
            -0.775619626045227,
            -0.05689249187707901
        ],
        [
            -0.16389183700084686,
            -0.7869638204574585,
            -0.05772602930665016
        ],
        [
            -0.1714184284210205,
            -0.785140872001648,
            -0.05648627504706383
        ],
        [
            -0.17890235781669617,
            -0.7827476263046265,
            -0.054142065346241
        ],
        [
            -0.17790433764457703,
            -0.7738426923751831,
            -0.05564844608306885
        ],
        [
            -0.13334035873413086,
            -0.7741613388061523,
            -0.07929369807243347
        ],
        [
            -0.14103880524635315,
            -0.7779697179794312,
            -0.07561814785003662
        ],
        [
            -0.1397322118282318,
            -0.7731788158416748,
            -0.07038165628910065
        ],
        [
            -0.13386152684688568,
            -0.7700344324111938,
            -0.07431960105895996
        ],
        [
            -0.1509799063205719,
            -0.7744803428649902,
            -0.05718284100294113
        ],
        [
            -0.14282232522964478,
            -0.7610824704170227,
            -0.06037134304642677
        ],
        [
            -0.14474554359912872,
            -0.7643173933029175,
            -0.06078801304101944
        ],
        [
            -0.14969855546951294,
            -0.7626190781593323,
            -0.0558617040514946
        ],
        [
            -0.14762434363365173,
            -0.7597049474716187,
            -0.05605607479810715
        ],
        [
            -0.11804509162902832,
            -0.7661314010620117,
            -0.08224320411682129
        ],
        [
            -0.12233667075634003,
            -0.7625732421875,
            -0.07753132283687592
        ],
        [
            -0.11676846444606781,
            -0.7577264308929443,
            -0.07729721069335938
        ],
        [
            -0.1109686866402626,
            -0.7607438564300537,
            -0.0809636190533638
        ],
        [
            -0.113758385181427,
            -0.7528491616249084,
            -0.07434575259685516
        ],
        [
            -0.10522414743900299,
            -0.7551995515823364,
            -0.07858936488628387
        ],
        [
            -0.10077500343322754,
            -0.741706132888794,
            -0.0692608654499054
        ],
        [
            -0.10240175575017929,
            -0.747844934463501,
            -0.07396995276212692
        ],
        [
            -0.11220167577266693,
            -0.7473070025444031,
            -0.07035483419895172
        ],
        [
            -0.11350812017917633,
            -0.7408058643341064,
            -0.06558619439601898
        ],
        [
            -0.12474661320447922,
            -0.7400336265563965,
            -0.056131511926651
        ],
        [
            -0.12740667164325714,
            -0.7372022867202759,
            -0.05092844367027283
        ],
        [
            -0.11897877603769302,
            -0.7278966903686523,
            -0.05450288951396942
        ],
        [
            -0.11657613515853882,
            -0.7331640124320984,
            -0.0599868968129158
        ],
        [
            -0.1362135261297226,
            -0.7579392194747925,
            -0.058567553758621216
        ],
        [
            -0.13314586877822876,
            -0.7597026824951172,
            -0.06182184815406799
        ],
        [
            -0.1357249617576599,
            -0.759920597076416,
            -0.06269341707229614
        ],
        [
            -0.13980278372764587,
            -0.7589714527130127,
            -0.05951088294386864
        ],
        [
            -0.1308317482471466,
            -0.7606686353683472,
            -0.06497851759195328
        ],
        [
            -0.12978607416152954,
            -0.7610005140304565,
            -0.06639599055051804
        ],
        [
            -0.13145194947719574,
            -0.7615042328834534,
            -0.06652939319610596
        ],
        [
            -0.1315840780735016,
            -0.7612016201019287,
            -0.06520575284957886
        ],
        [
            -0.13234557211399078,
            -0.7603859901428223,
            -0.0633777305483818
        ],
        [
            -0.13197076320648193,
            -0.7584108114242554,
            -0.0624072290956974
        ],
        [
            -0.13111448287963867,
            -0.7596390247344971,
            -0.06417578458786011
        ],
        [
            -0.13464964926242828,
            -0.7559975385665894,
            -0.059569090604782104
        ],
        [
            -0.14270544052124023,
            -0.7490469217300415,
            -0.04927220940589905
        ],
        [
            -0.14103464782238007,
            -0.7504256963729858,
            -0.05248471349477768
        ],
        [
            -0.14250576496124268,
            -0.7546473741531372,
            -0.05090222507715225
        ],
        [
            -0.14410778880119324,
            -0.7536724805831909,
            -0.04827231541275978
        ],
        [
            -0.13421016931533813,
            -0.7622779607772827,
            -0.06569089740514755
        ],
        [
            -0.13406920433044434,
            -0.7639074325561523,
            -0.06774117052555084
        ],
        [
            -0.1389595866203308,
            -0.7643140554428101,
            -0.06496565043926239
        ],
        [
            -0.13738080859184265,
            -0.7620676755905151,
            -0.06353668123483658
        ],
        [
            -0.13423186540603638,
            -0.7659745812416077,
            -0.07059387117624283
        ],
        [
            -0.13113465905189514,
            -0.7630836963653564,
            -0.06865080446004868
        ],
        [
            -0.13048699498176575,
            -0.764269232749939,
            -0.07170496881008148
        ],
        [
            -0.12905195355415344,
            -0.7593846917152405,
            -0.06577801704406738
        ],
        [
            -0.12645255029201508,
            -0.7589337825775146,
            -0.0680551826953888
        ],
        [
            -0.12849316000938416,
            -0.7608064413070679,
            -0.06896860152482986
        ],
        [
            -0.12573516368865967,
            -0.7555843591690063,
            -0.06612209975719452
        ],
        [
            -0.12948060035705566,
            -0.756958544254303,
            -0.06354477256536484
        ],
        [
            -0.13165661692619324,
            -0.7536532282829285,
            -0.06074962392449379
        ],
        [
            -0.13469025492668152,
            -0.7501044273376465,
            -0.057085223495960236
        ],
        [
            -0.1293439269065857,
            -0.7475713491439819,
            -0.05854668468236923
        ],
        [
            -0.12692207098007202,
            -0.7515385150909424,
            -0.06283674389123917
        ],
        [
            -0.13993695378303528,
            -0.7682626247406006,
            -0.06708750128746033
        ],
        [
            -0.12577569484710693,
            -0.7615058422088623,
            -0.07267773151397705
        ],
        [
            -0.12824475765228271,
            -0.7673232555389404,
            -0.07616782933473587
        ],
        [
            -0.12251274287700653,
            -0.757814347743988,
            -0.072151780128479
        ],
        [
            -0.1204831451177597,
            -0.7538319826126099,
            -0.06985418498516083
        ],
        [
            -0.12056675553321838,
            -0.7491039037704468,
            -0.06575632095336914
        ],
        [
            -0.12240750342607498,
            -0.7443197965621948,
            -0.061178382486104965
        ],
        [
            -0.10492267459630966,
            -0.7256646156311035,
            -0.053907983005046844
        ],
        [
            -0.10339795798063278,
            -0.7323929071426392,
            -0.06133221834897995
        ],
        [
            -0.17610123753547668,
            -0.828465461730957,
            -0.07652951776981354
        ],
        [
            -0.17175030708312988,
            -0.8298789262771606,
            -0.08436425030231476
        ],
        [
            -0.16347889602184296,
            -0.8254175186157227,
            -0.08334861695766449
        ],
        [
            -0.16410762071609497,
            -0.8275314569473267,
            -0.0849684476852417
        ],
        [
            -0.1688600480556488,
            -0.8267669677734375,
            -0.08094536513090134
        ],
        [
            -0.16676825284957886,
            -0.8246184587478638,
            -0.080036960542202
        ],
        [
            -0.14378613233566284,
            -0.828164279460907,
            -0.09270529448986053
        ],
        [
            -0.14949814975261688,
            -0.826989471912384,
            -0.08900415152311325
        ],
        [
            -0.14642629027366638,
            -0.8244228363037109,
            -0.08864888548851013
        ],
        [
            -0.1398465633392334,
            -0.8227896690368652,
            -0.09386253356933594
        ],
        [
            -0.14985673129558563,
            -0.813872218132019,
            -0.0828188955783844
        ],
        [
            -0.14706264436244965,
            -0.8169105648994446,
            -0.08622675389051437
        ],
        [
            -0.15317603945732117,
            -0.8211040496826172,
            -0.0834217518568039
        ],
        [
            -0.15524306893348694,
            -0.8188666105270386,
            -0.08099433779716492
        ],
        [
            -0.15733018517494202,
            -0.8171375393867493,
            -0.07788097858428955
        ],
        [
            -0.15939797461032867,
            -0.8159777522087097,
            -0.07404673844575882
        ],
        [
            -0.1559750735759735,
            -0.8118351697921753,
            -0.07422678172588348
        ],
        [
            -0.1530078947544098,
            -0.8123834133148193,
            -0.0786389634013176
        ],
        [
            -0.17139405012130737,
            -0.8267273902893066,
            -0.07502865791320801
        ],
        [
            -0.17240601778030396,
            -0.8252743482589722,
            -0.06770598143339157
        ],
        [
            -0.16960278153419495,
            -0.8234546184539795,
            -0.06886899471282959
        ],
        [
            -0.16922985017299652,
            -0.8242935538291931,
            -0.07496608048677444
        ],
        [
            -0.16421018540859222,
            -0.8192043304443359,
            -0.05767037346959114
        ],
        [
            -0.1661628931760788,
            -0.8207982778549194,
            -0.05919266492128372
        ],
        [
            -0.1684299111366272,
            -0.8212522268295288,
            -0.05600496381521225
        ],
        [
            -0.1656535267829895,
            -0.8177608251571655,
            -0.05479421466588974
        ],
        [
            -0.1637655794620514,
            -0.8153200149536133,
            -0.05711779743432999
        ],
        [
            -0.16352999210357666,
            -0.817687451839447,
            -0.05905764549970627
        ],
        [
            -0.19554290175437927,
            -0.8807333111763,
            -0.07677284628152847
        ],
        [
            -0.19633525609970093,
            -0.8617359399795532,
            -0.07446329295635223
        ],
        [
            -0.17883726954460144,
            -0.8823964595794678,
            -0.08835241198539734
        ],
        [
            -0.16151663661003113,
            -0.8795762658119202,
            -0.09476102143526077
        ],
        [
            -0.14565852284431458,
            -0.8727835416793823,
            -0.10006211698055267
        ],
        [
            -0.11279887706041336,
            -0.7741146087646484,
            -0.08757369965314865
        ],
        [
            -0.10307664424180984,
            -0.7696136236190796,
            -0.08714580535888672
        ],
        [
            -0.09498871117830276,
            -0.7823196649551392,
            -0.09210924804210663
        ],
        [
            -0.08673602342605591,
            -0.7753764390945435,
            -0.08907162398099899
        ],
        [
            -0.09583941102027893,
            -0.7622010707855225,
            -0.08406687527894974
        ],
        [
            -0.08855361491441727,
            -0.7450404167175293,
            -0.07023227214813232
        ],
        [
            -0.09089932590723038,
            -0.7535435557365417,
            -0.0785616785287857
        ],
        [
            -0.07922664284706116,
            -0.7681820392608643,
            -0.08386138826608658
        ],
        [
            -0.06995996832847595,
            -0.7867720723152161,
            -0.08902798593044281
        ],
        [
            -0.0792580246925354,
            -0.7901458740234375,
            -0.09250514209270477
        ],
        [
            -0.0655701756477356,
            -0.8072357177734375,
            -0.08999951183795929
        ],
        [
            -0.058752819895744324,
            -0.7835544347763062,
            -0.0828230232000351
        ],
        [
            -0.05834750831127167,
            -0.8099836707115173,
            -0.08501289784908295
        ],
        [
            -0.05790027230978012,
            -0.7507014274597168,
            -0.06772469729185104
        ],
        [
            -0.05331414192914963,
            -0.7435249090194702,
            -0.06843338906764984
        ],
        [
            -0.04175017029047012,
            -0.7555239200592041,
            -0.07779601216316223
        ],
        [
            -0.04646299034357071,
            -0.7632635831832886,
            -0.0769212394952774
        ],
        [
            -0.08931097388267517,
            -0.7940210103988647,
            -0.09498444944620132
        ],
        [
            -0.1265137791633606,
            -0.8464188575744629,
            -0.10075566172599792
        ],
        [
            -0.13690322637557983,
            -0.8401241302490234,
            -0.09937449544668198
        ],
        [
            -0.11671313643455505,
            -0.8370320796966553,
            -0.10153746604919434
        ],
        [
            -0.13907572627067566,
            -0.9084204435348511,
            -0.09845609962940216
        ],
        [
            -0.15275061130523682,
            -0.8952646255493164,
            -0.09736587852239609
        ],
        [
            -0.1378890573978424,
            -0.8860000371932983,
            -0.10202421247959137
        ],
        [
            -0.12736345827579498,
            -0.8993231058120728,
            -0.10263127833604813
        ],
        [
            -0.17060483992099762,
            -0.9313340783119202,
            -0.0752943754196167
        ],
        [
            -0.1855819821357727,
            -0.9075092673301697,
            -0.07866731286048889
        ],
        [
            -0.17092466354370117,
            -0.9032189846038818,
            -0.08813925832509995
        ],
        [
            -0.15748630464076996,
            -0.9216365814208984,
            -0.08714291453361511
        ],
        [
            -0.11601467430591583,
            -0.9072501063346863,
            -0.1020340844988823
        ],
        [
            -0.10125505924224854,
            -0.9176170229911804,
            -0.0984976589679718
        ],
        [
            -0.10427746176719666,
            -0.9341141581535339,
            -0.0934683158993721
        ],
        [
            -0.12398543953895569,
            -0.9235198497772217,
            -0.09712759405374527
        ],
        [
            -0.11090534925460815,
            -0.953916072845459,
            -0.08081912249326706
        ],
        [
            -0.13520541787147522,
            -0.9413902163505554,
            -0.08480996638536453
        ],
        [
            -0.04499940574169159,
            -0.8013812303543091,
            -0.07994814962148666
        ],
        [
            -0.050150856375694275,
            -0.8209099769592285,
            -0.08070386946201324
        ],
        [
            -0.05353012681007385,
            -0.7713751196861267,
            -0.07712055742740631
        ],
        [
            -0.04082411527633667,
            -0.7860981822013855,
            -0.07963329553604126
        ],
        [
            -0.11822912096977234,
            -0.9678946733474731,
            -0.06258007884025574
        ],
        [
            -0.14688295125961304,
            -0.9539914131164551,
            -0.06806708872318268
        ],
        [
            -0.05029904842376709,
            -0.9219493865966797,
            -0.07757540047168732
        ],
        [
            -0.06625685095787048,
            -0.9330230951309204,
            -0.08135073632001877
        ],
        [
            -0.07132449746131897,
            -0.9150593280792236,
            -0.09128007292747498
