{
    "pred_cam": [
        1.4199568033218384,
        0.14578096568584442,
        0.27818477153778076
    ],
    "pred_smpl_params": {
        "global_orient": [
            [
                [
                    -0.33150050044059753,
                    0.10848455131053925,
                    -0.937197208404541
                ],
                [
                    0.21397414803504944,
                    -0.958836555480957,
                    -0.18667522072792053
                ],
                [
                    -0.918870210647583,
                    -0.2624189257621765,
                    0.29464191198349
                ]
            ]
        ],
        "body_pose": [
            [
                [
                    0.9970707297325134,
                    0.025344407185912132,
                    0.07216367870569229
                ],
                [
                    -0.03838372975587845,
                    0.9818959832191467,
                    0.18549105525016785
                ],
                [
                    -0.0661560669541359,
                    -0.18771763145923615,
                    0.9799925684928894
                ]
            ],
            [
                [
                    0.9872270226478577,
                    0.1357208639383316,
                    -0.08344323188066483
                ],
                [
                    -0.13331514596939087,
                    0.9904977679252625,
                    0.03378255292773247
                ],
                [
                    0.08723533153533936,
                    -0.02222679927945137,
                    0.9959397912025452
                ]
            ],
            [
                [
                    0.9977793097496033,
                    -0.038389403373003006,
                    0.0544307716190815
                ],
                [
                    0.04777243733406067,
                    0.9819160103797913,
                    -0.18319033086299896
                ],
                [
                    -0.046413883566856384,
                    0.18538381159305573,
                    0.9815694093704224
                ]
            ],
            [
                [
                    0.9800179600715637,
                    0.19372324645519257,
                    0.04512297734618187
                ],
                [
                    -0.1880093514919281,
                    0.9762294888496399,
                    -0.10783486813306808
                ],
                [
                    -0.06494051218032837,
                    0.09719657152891159,
                    0.9931442141532898
                ]
            ],
            [
                [
                    0.9868749976158142,
                    0.04714567959308624,
                    0.1544506698846817
                ],
                [
                    -0.0430314727127552,
                    0.9986269474029541,
                    -0.02987528033554554
                ],
                [
                    -0.15564708411693573,
                    0.022836927324533463,
                    0.9875487089157104
                ]
            ],
            [
                [
                    0.9903131127357483,
                    -0.13715171813964844,
                    0.02166600711643696
                ],
                [
                    0.13817833364009857,
                    0.9887910485267639,
                    -0.05655943974852562
                ],
                [
                    -0.01366593036800623,
                    0.05900532379746437,
                    0.9981641173362732
                ]
            ],
            [
                [
                    0.9749417304992676,
                    0.040239669382572174,
                    0.21879057586193085
                ],
                [
                    -0.03223179280757904,
                    0.9986777901649475,
                    -0.040048882365226746
                ],
                [
                    -0.22011281549930573,
                    0.0319933146238327,
                    0.9749496579170227
                ]
            ],
            [
                [
                    0.9720679521560669,
                    -0.08098702132701874,
                    -0.22028392553329468
                ],
                [
                    0.07376550883054733,
                    0.996439516544342,
                    -0.04082721844315529
                ],
                [
                    0.22280609607696533,
                    0.02343747392296791,
                    0.9745809435844421
                ]
            ],
            [
                [
                    0.9981337189674377,
                    -0.05858372896909714,
                    0.017237326130270958
                ],
                [
                    0.05972316861152649,
                    0.9953637719154358,
                    -0.07539381831884384
                ],
                [
                    -0.012740557081997395,
                    0.0762825757265091,
                    0.9970049262046814
                ]
            ],
            [
                [
                    0.9961763024330139,
                    -0.05830950289964676,
                    0.06506064534187317
                ],
                [
                    0.06051574647426605,
                    0.997639000415802,
                    -0.0324694849550724
                ],
                [
                    -0.06301375478506088,
                    0.03628252074122429,
                    0.9973529577255249
                ]
            ],
            [
                [
                    0.9962972402572632,
                    0.08597513288259506,
                    -8.214853005483747e-05
                ],
                [
                    -0.08591257035732269,
                    0.995607852935791,
                    0.037201590836048126
                ],
                [
                    0.003280199598520994,
                    -0.03705678880214691,
                    0.9993076920509338
                ]
            ],
            [
                [
                    0.9374499917030334,
                    0.007469860836863518,
                    0.34803977608680725
                ],
                [
                    0.05670112371444702,
                    0.9831426739692688,
                    -0.1738261580467224
                ],
                [
                    -0.3434711694717407,
                    0.18268758058547974,
                    0.921223521232605
                ]
            ],
            [
                [
                    0.9010277390480042,
                    -0.11961685866117477,
                    -0.4169422388076782
                ],
                [
                    0.17567549645900726,
                    0.979494571685791,
                    0.09863343089818954
                ],
                [
                    0.39659440517425537,
                    -0.16211798787117004,
                    0.903565526008606
                ]
            ],
            [
                [
                    0.9252704977989197,
                    -0.26751044392585754,
                    0.2689099609851837
                ],
                [
                    0.2604202330112457,
                    0.9634765982627869,
                    0.062403224408626556
                ],
                [
                    -0.2757819592952728,
                    0.012289734557271004,
                    0.9611415863037109
                ]
            ],
            [
                [
                    0.9943242073059082,
                    0.0903472900390625,
                    0.05618412792682648
                ],
                [
                    -0.06363510340452194,
                    0.9282457828521729,
                    -0.3664836585521698
                ],
                [
                    -0.08526349067687988,
                    0.36082831025123596,
                    0.9287264943122864
                ]
            ],
            [
                [
                    0.7772466540336609,
                    0.1614956557750702,
                    -0.6081175208091736
                ],
                [
                    -0.15391448140144348,
                    0.9859365820884705,
                    0.06511076539754868
                ],
                [
                    0.610080361366272,
                    0.04299094155430794,
                    0.791172444820404
                ]
            ],
            [
                [
                    0.5839751958847046,
                    -0.6668675541877747,
                    0.46288302540779114
                ],
                [
                    0.7686797976493835,
                    0.6375797390937805,
                    -0.05121944472193718
                ],
                [
                    -0.26096829771995544,
                    0.3857196867465973,
                    0.8849383592605591
                ]
            ],
            [
                [
                    0.18023236095905304,
                    -0.09539319574832916,
                    -0.978987455368042
                ],
                [
                    -0.15286584198474884,
                    0.9804769158363342,
                    -0.12368106096982956
                ],
                [
                    0.9716730117797852,
                    0.17194509506225586,
                    0.16213130950927734
                ]
            ],
            [
                [
                    0.23920173943042755,
                    0.19745224714279175,
                    0.9506813883781433
                ],
                [
                    0.07957130670547485,
                    0.9718253016471863,
                    -0.2218647450208664
                ],
                [
                    -0.9677039384841919,
                    0.12871739268302917,
                    0.21675077080726624
                ]
            ],
            [
                [
                    0.9831576943397522,
                    -0.10808619111776352,
                    -0.14737141132354736
                ],
                [
                    0.10463479906320572,
                    0.9940274953842163,
                    -0.030997540801763535
                ],
                [
                    0.14984165132045746,
                    0.015055293217301369,
                    0.9885953664779663
                ]
            ],
            [
                [
                    0.9902847409248352,
                    0.016972720623016357,
                    0.13801515102386475
                ],
                [
                    -0.058510519564151764,
                    0.9512427449226379,
                    0.30284279584884644
                ],
                [
                    -0.1261458545923233,
                    -0.3079758882522583,
                    0.942994236946106
                ]
            ],
            [
                [
                    0.9936007261276245,
                    0.10164826363325119,
                    -0.04924633726477623
                ],
                [
                    -0.09642830491065979,
                    0.9904273748397827,
                    0.09876848757266998
                ],
                [
                    0.05881456658244133,
                    -0.09338770061731339,
                    0.9938911199569702
                ]
            ],
            [
                [
                    0.9898177981376648,
                    -0.14226874709129333,
                    -0.004504231736063957
                ],
                [
                    0.14173883199691772,
                    0.9822382926940918,
                    0.12295585125684738
                ],
                [
                    -0.0130685456097126,
                    -0.1223423182964325,
                    0.9924019575119019
                ]
            ]
        ],
        "betas": [
            -0.17001411318778992,
            -0.21833989024162292,
            0.19318196177482605,
            0.5994323492050171,
            0.2140262871980667,
            0.009749744087457657,
            -0.015695542097091675,
            -0.054654449224472046,
            0.1156536117196083,
            -0.005773991346359253
        ]
    },
    "pred_cam_t": [
        0.14578096568584442,
        0.27818477153778076,
        27.509639739990234
    ],
    "focal_length": [
        5000.0,
        5000.0
    ],
    "pred_keypoints_3d": [
        [
            -0.17026887834072113,
            -0.7668020725250244,
            -0.048733100295066833
        ],
        [
            0.011687850579619408,
            -0.7330282926559448,
            -0.025859346613287926
        ],
        [
            0.04934252053499222,
            -0.63616943359375,
            0.14845958352088928
        ],
        [
            0.023035705089569092,
            -0.3999960124492645,
            0.22519508004188538
        ],
        [
            -0.1991174817085266,
            -0.3460110127925873,
            0.12366848438978195
        ],
        [
            -0.05737766623497009,
            -0.6845380663871765,
            -0.17932729423046112
        ],
        [
            -0.2985459864139557,
            -0.6572079658508301,
            -0.260916143655777
        ],
        [
            -0.3901500105857849,
            -0.6135322451591492,
            -0.038295745849609375
        ],
        [
            -0.0020913949701935053,
            -0.22868788242340088,
            0.02835356816649437
        ],
        [
            0.014461101964116096,
            -0.15565438568592072,
            0.11276541650295258
        ],
        [
            0.006661818362772465,
            0.17651255428791046,
            0.2863781452178955
        ],
        [
            0.026118583977222443,
            0.5399009585380554,
            0.42615097761154175
        ],
        [
            -0.02858574129641056,
            -0.12503239512443542,
            -0.013216700404882431
        ],
        [
            -0.13354425132274628,
            0.2140287458896637,
            0.07846806943416595
        ],
        [
            -0.13683274388313293,
            0.5515329837799072,
            0.2726861238479614
        ],
        [
            -0.16725221276283264,
            -0.8142216205596924,
            -0.009274412877857685
        ],
        [
            -0.1569501757621765,
            -0.8204149007797241,
            -0.07479013502597809
        ],
        [
            -0.08487305045127869,
            -0.8449711203575134,
            0.0512060672044754
        ],
        [
            -0.0643598735332489,
            -0.8585271835327148,
            -0.09637846797704697
        ],
        [
            -0.33370810747146606,
            0.5845528244972229,
            0.3062525987625122
        ],
        [
            -0.28683027625083923,
            0.6226282119750977,
            0.24834784865379333
        ],
        [
            -0.08193725347518921,
            0.5907456874847412,
            0.2829434871673584
        ],
        [
            -0.1509048342704773,
            0.554680585861206,
            0.5160427093505859
        ],
        [
            -0.07670323550701141,
            0.5431312918663025,
            0.5622856020927429
        ],
        [
            0.07795663177967072,
            0.590023934841156,
            0.4226280748844147
        ],
        [
            0.061316028237342834,
            0.4917972683906555,
            0.4146227538585663
        ],
        [
            0.008596409112215042,
            0.11763302981853485,
            0.25740113854408264
        ],
        [
            0.05742791295051575,
            -0.28841811418533325,
            0.15153032541275024
        ],
        [
            -0.023524301126599312,
            -0.20773833990097046,
            -0.11823581159114838
        ],
        [
            -0.12599344551563263,
            0.1786719262599945,
            0.05346894636750221
        ],
        [
            -0.10955454409122467,
            0.5295069217681885,
            0.24583546817302704
        ],
        [
            -0.18340839445590973,
            -0.3838668465614319,
            0.12131121754646301
        ],
        [
            -0.0010751103982329369,
            -0.4293283522129059,
            0.24218091368675232
        ],
        [
            0.043173156678676605,
            -0.6665806174278259,
            0.11443156003952026
        ],
        [
            -0.03788241744041443,
            -0.7108206748962402,
            -0.1656753122806549
        ],
        [
            -0.2861518859863281,
            -0.6949480772018433,
            -0.23902496695518494
        ],
        [
            -0.3712514638900757,
            -0.6283501982688904,
            -0.03835214301943779
        ],
        [
            0.007248263340443373,
            -0.7281119227409363,
            -0.021184934303164482
        ],
        [
            -0.11475689709186554,
            -0.890279233455658,
            -0.029670847579836845
        ],
        [
            0.01679179072380066,
            -0.24851927161216736,
            0.01596609316766262
        ],
        [
            0.0028716044034808874,
            -0.6828022003173828,
            -0.022302109748125076
        ],
        [
            0.04304949939250946,
            -0.4916679859161377,
            -0.03196045756340027
        ],
        [
            -0.09068026393651962,
            -0.7777489423751831,
            -0.03922342509031296
        ],
        [
            -0.11722034960985184,
            -0.9097307920455933,
            -0.024698076769709587
        ]
    ],
    "pred_vertices": [
        [
            -0.17933641374111176,
            -0.8623287677764893,
            -0.08715042471885681
        ],
        [
            -0.17921006679534912,
            -0.8458566665649414,
            -0.08271601796150208
        ],
        [
            -0.16787564754486084,
            -0.8480020761489868,
            -0.0917811393737793
        ],
        [
            -0.16382655501365662,
            -0.8618589639663696,
            -0.09527592360973358
        ],
        [
            -0.16908517479896545,
            -0.8367089033126831,
            -0.08902061730623245
        ],
        [
            -0.17704743146896362,
            -0.8339695930480957,
            -0.08038359880447388
        ],
        [
            -0.15465718507766724,
            -0.8476080894470215,
            -0.09647718071937561
        ],
        [
            -0.14812122285366058,
            -0.8594297766685486,
            -0.0990171879529953
        ],
        [
            -0.12643767893314362,
            -0.8222185969352722,
            -0.09892624616622925
        ],
        [
            -0.1157664805650711,
            -0.8231664896011353,
            -0.10096071660518646
        ],
        [
            -0.12298141419887543,
            -0.8330234289169312,
            -0.10107287019491196
        ],
        [
            -0.13188639283180237,
            -0.8295025825500488,
            -0.09797809273004532
        ],
        [
            -0.11172853410243988,
            -0.8007104396820068,
            -0.09700582921504974
        ],
        [
            -0.11537078022956848,
            -0.7881383299827576,
            -0.09256407618522644
        ],
        [
            -0.1024133637547493,
            -0.784740686416626,
            -0.09295809268951416
        ],
        [
            -0.0976189523935318,
            -0.7972608804702759,
            -0.09610562026500702
        ],
        [
            -0.14724506437778473,
            -0.7870322465896606,
            -0.06564052402973175
        ],
        [
            -0.14240576326847076,
            -0.7820459604263306,
            -0.07076351344585419
        ],
        [
            -0.14441567659378052,
            -0.7886707782745361,
            -0.07455460727214813
        ],
        [
            -0.14856785535812378,
            -0.7930330038070679,
            -0.06863519549369812
        ],
        [
            -0.15850189328193665,
            -0.7921274900436401,
            -0.05814544856548309
        ],
        [
            -0.15806445479393005,
            -0.7985978126525879,
            -0.058498382568359375
        ],
        [
            -0.16509996354579926,
            -0.7991838455200195,
            -0.054899826645851135
        ],
        [
            -0.16597074270248413,
            -0.7917726635932922,
            -0.05565687641501427
        ],
        [
            -0.14543840289115906,
            -0.7819257378578186,
            -0.060245025902986526
        ],
        [
            -0.1401067078113556,
            -0.7771245837211609,
            -0.06556688249111176
        ],
        [
            -0.15173619985580444,
            -0.7909853458404541,
            -0.06142406910657883
        ],
        [
            -0.15200048685073853,
            -0.7859307527542114,
            -0.060157038271427155
        ],
        [
            -0.15871001780033112,
            -0.7755938768386841,
            -0.05949114263057709
        ],
        [
            -0.15938016772270203,
            -0.7805377244949341,
            -0.06071924418210983
        ],
        [
            -0.16637226939201355,
            -0.7781827449798584,
            -0.05896200239658356
        ],
        [
            -0.16346493363380432,
            -0.7733564376831055,
            -0.05758114159107208
        ],
        [
            -0.149769127368927,
            -0.7794612050056458,
            -0.06042211502790451
        ],
        [
            -0.15344417095184326,
            -0.7809253931045532,
            -0.06149115040898323
        ],
        [
            -0.15419209003448486,
            -0.7763218879699707,
            -0.05959106236696243
        ],
        [
            -0.15066352486610413,
            -0.775761067867279,
            -0.05739161744713783
        ],
        [
            -0.15894310176372528,
            -0.7871354818344116,
            -0.05828407406806946
        ],
        [
            -0.1664694845676422,
            -0.78536057472229,
            -0.05702179670333862
        ],
        [
            -0.17395514249801636,
            -0.7830227613449097,
            -0.054652757942676544
        ],
        [
            -0.17300111055374146,
            -0.7741072177886963,
            -0.05610908195376396
        ],
        [
            -0.12849000096321106,
            -0.7740617990493774,
            -0.07980877161026001
        ],
        [
            -0.1361684799194336,
            -0.777924120426178,
            -0.07614874839782715
        ],
        [
            -0.13487373292446136,
            -0.7731664776802063,
            -0.0708850771188736
        ],
        [
            -0.12902340292930603,
            -0.769973635673523,
            -0.07480655610561371
        ],
        [
            -0.14608800411224365,
            -0.7746049165725708,
            -0.057678572833538055
        ],
        [
            -0.1380074918270111,
            -0.7611615657806396,
            -0.06080217659473419
        ],
        [
            -0.139911487698555,
            -0.7643990516662598,
            -0.061233118176460266
        ],
        [
            -0.1448640078306198,
            -0.762757420539856,
            -0.0562913715839386
        ],
        [
            -0.1428089290857315,
            -0.7598353624343872,
            -0.056474581360816956
        ],
        [
            -0.11323589831590652,
            -0.765948474407196,
            -0.08271272480487823
        ],
        [
            -0.1175374910235405,
            -0.7624454498291016,
            -0.07797572016716003
        ],
        [
            -0.11199405789375305,
            -0.7575782537460327,
            -0.07771889865398407
        ],
        [
            -0.10618340969085693,
            -0.7605412602424622,
            -0.08140814304351807
        ],
        [
            -0.10900633037090302,
            -0.7527164816856384,
            -0.0747503861784935
        ],
        [
            -0.10046016424894333,
            -0.7549983859062195,
            -0.07901433110237122
        ],
        [
            -0.0960737094283104,
            -0.741562008857727,
            -0.06963827461004257
        ],
        [
            -0.09767074882984161,
            -0.7476704120635986,
            -0.07436840981245041
        ],
        [
            -0.10747212916612625,
            -0.7472004890441895,
            -0.07073638588190079
        ],
        [
            -0.10880740731954575,
            -0.7407439351081848,
            -0.06593076884746552
        ],
        [
            -0.12003776431083679,
            -0.7400755882263184,
            -0.05645579472184181
        ],
        [
            -0.12270060181617737,
            -0.7372920513153076,
            -0.05124010890722275
        ],
        [
            -0.11433019489049911,
            -0.7279379367828369,
            -0.05477023497223854
        ],
        [
            -0.11190607398748398,
            -0.7331594228744507,
            -0.06028561666607857
        ],
        [
            -0.13141416013240814,
            -0.7579994201660156,
            -0.05899355188012123
        ],
        [
            -0.1283421516418457,
            -0.7597278356552124,
            -0.06225704029202461
        ],
        [
            -0.13091908395290375,
            -0.7599515914916992,
            -0.06312564760446548
        ],
        [
            -0.1349966824054718,
            -0.7590420842170715,
            -0.05993502587080002
        ],
        [
            -0.12602877616882324,
            -0.7606624364852905,
            -0.06541503965854645
        ],
        [
            -0.12498229742050171,
            -0.7609788179397583,
            -0.06683443486690521
        ],
        [
            -0.12664324045181274,
            -0.7614889144897461,
            -0.0669693797826767
        ],
        [
            -0.1267802119255066,
            -0.7611972093582153,
            -0.06564068049192429
        ],
        [
            -0.12754428386688232,
            -0.7603981494903564,
            -0.06380967050790787
        ],
        [
            -0.12717893719673157,
            -0.7584303617477417,
            -0.06283099949359894
        ],
        [
            -0.1263163685798645,
            -0.7596415281295776,
            -0.06460858881473541
        ],
        [
            -0.12986496090888977,
            -0.7560513019561768,
            -0.0599781796336174
        ],
        [
            -0.13793885707855225,
            -0.7492022514343262,
            -0.049647070467472076
        ],
        [
            -0.1362636387348175,
            -0.7505534887313843,
            -0.052866384387016296
        ],
        [
            -0.13770903646945953,
            -0.7547860145568848,
            -0.05130799114704132
        ],
        [
            -0.13931769132614136,
            -0.7538338899612427,
            -0.04867139458656311
        ],
        [
            -0.12940169870853424,
            -0.7622833251953125,
            -0.06612872332334518
        ],
        [
            -0.1292445808649063,
            -0.7638967037200928,
            -0.06819134950637817
        ],
        [
            -0.13412803411483765,
            -0.7643433213233948,
            -0.06541578471660614
        ],
        [
            -0.13256117701530457,
            -0.7620996236801147,
            -0.06397861987352371
        ],
        [
            -0.12940511107444763,
            -0.7659440040588379,
            -0.07104931771755219
        ],
        [
            -0.12632036209106445,
            -0.7630536556243896,
            -0.069096639752388
        ],
        [
            -0.12567606568336487,
            -0.7642159461975098,
            -0.07215568423271179
        ],
        [
            -0.12425851821899414,
            -0.7593653798103333,
            -0.06621047854423523
        ],
        [
            -0.12166444212198257,
            -0.7588861584663391,
            -0.0684826448559761
        ],
        [
            -0.12369377911090851,
            -0.7607603073120117,
            -0.069403737783432
        ],
        [
            -0.12096329778432846,
            -0.7555515766143799,
            -0.0665353536605835
        ],
        [
            -0.12469767034053802,
            -0.7569600939750671,
            -0.06396538019180298
        ],
        [
            -0.12688657641410828,
            -0.7536873817443848,
            -0.06115167960524559
        ],
        [
            -0.12993408739566803,
            -0.7501771450042725,
            -0.05746716260910034
        ],
        [
            -0.12460446357727051,
            -0.7476115822792053,
            -0.05891668051481247
        ],
        [
            -0.12216687202453613,
            -0.7515380382537842,
            -0.06322889029979706
        ],
        [
            -0.13509339094161987,
            -0.7682809829711914,
            -0.06755854189395905
        ],
        [
            -0.12097574025392532,
            -0.7614258527755737,
            -0.07311426848173141
        ],
        [
            -0.12342046201229095,
            -0.7672297954559326,
            -0.07663888484239578
        ],
        [
            -0.11773326992988586,
            -0.7577242851257324,
            -0.07257093489170074
        ],
        [
            -0.11572276800870895,
            -0.7537527084350586,
            -0.07025714218616486
        ],
        [
            -0.11582827568054199,
            -0.7490578889846802,
            -0.06614060699939728
        ],
        [
            -0.11768857389688492,
            -0.7443137764930725,
            -0.06152819097042084
        ],
        [
            -0.10030164569616318,
            -0.7256324291229248,
            -0.05420038849115372
        ],
        [
            -0.09874340891838074,
            -0.7323095798492432,
            -0.06166520714759827
        ],
        [
            -0.1709856390953064,
            -0.8285830020904541,
            -0.07733973115682602
        ],
        [
            -0.16664057970046997,
            -0.8299241662025452,
            -0.08518551290035248
        ],
        [
            -0.15838408470153809,
            -0.8254263401031494,
            -0.08415201306343079
        ],
        [
            -0.15900197625160217,
            -0.8275322914123535,
            -0.08578841388225555
        ],
        [
            -0.16375818848609924,
            -0.8268183469772339,
            -0.08175282925367355
        ],
        [
            -0.16167473793029785,
            -0.8246639966964722,
            -0.08083450049161911
        ],
        [
            -0.13869550824165344,
            -0.8280115127563477,
            -0.09354403614997864
        ],
        [
            -0.14440977573394775,
            -0.8268888592720032,
            -0.08983264863491058
        ],
        [
            -0.1413494348526001,
            -0.8243087530136108,
            -0.0894712433218956
        ],
        [
            -0.13478010892868042,
            -0.8226125836372375,
            -0.09467461705207825
        ],
        [
            -0.1448245644569397,
            -0.8138185739517212,
            -0.08357252180576324
        ],
        [
            -0.14202070236206055,
            -0.8168185949325562,
            -0.08700250089168549
        ],
        [
            -0.14810994267463684,
            -0.8210611343383789,
            -0.0842125192284584
        ],
        [
            -0.15018434822559357,
            -0.8188503384590149,
            -0.08176948130130768
        ],
        [
            -0.15227636694908142,
            -0.8171489238739014,
            -0.07864450663328171
        ],
        [
            -0.15434104204177856,
            -0.8160216808319092,
            -0.07480397820472717
        ],
        [
            -0.15094628930091858,
            -0.8118609189987183,
            -0.07495647668838501
        ],
        [
            -0.14798268675804138,
            -0.8123688697814941,
            -0.0793762356042862
        ],
        [
            -0.16628782451152802,
            -0.826826274394989,
            -0.0758301392197609
        ],
        [
            -0.16729816794395447,
            -0.8254185914993286,
            -0.06850017607212067
        ],
        [
            -0.16450873017311096,
            -0.823574423789978,
            -0.06965330988168716
        ],
        [
            -0.16414064168930054,
            -0.8243725299835205,
            -0.07575821876525879
        ],
        [
            -0.15912024676799774,
            -0.8193666934967041,
            -0.058437250554561615
        ],
        [
            -0.1610674262046814,
            -0.8209604024887085,
            -0.05996836721897125
        ],
        [
            -0.16332995891571045,
            -0.8214441537857056,
            -0.056782253086566925
        ],
        [
            -0.16056933999061584,
            -0.817947506904602,
            -0.05555296689271927
        ],
        [
            -0.15869250893592834,
            -0.8154869079589844,
            -0.05785640329122543
        ],
        [
            -0.15844780206680298,
            -0.8178406357765198,
            -0.059812236577272415
        ],
        [
            -0.1901686191558838,
            -0.8809232711791992,
            -0.07789091765880585
        ],
        [
            -0.19106027483940125,
            -0.8619649410247803,
            -0.0754639059305191
        ],
        [
            -0.1734512746334076,
            -0.8824523687362671,
            -0.08949624001979828
        ],
        [
            -0.15615418553352356,
            -0.8795044422149658,
            -0.09590709209442139
        ],
        [
            -0.14032599329948425,
            -0.8725798726081848,
            -0.10117332637310028
        ],
        [
            -0.10795566439628601,
            -0.773865818977356,
            -0.08808903396129608
        ],
        [
            -0.09825395792722702,
            -0.7693192958831787,
            -0.08765025436878204
        ],
        [
            -0.09011100977659225,
            -0.7819454669952393,
            -0.09269332885742188
        ],
        [
            -0.08188725262880325,
            -0.7749922275543213,
            -0.08962132036685944
        ],
        [
            -0.09104806929826736,
            -0.7619078755378723,
            -0.08454017341136932
        ],
        [
            -0.08382421731948853,
            -0.7448223233222961,
            -0.07066106051206589
        ],
        [
            -0.08613540977239609,
            -0.7532761096954346,
            -0.07900381088256836
        ],
        [
            -0.0743967741727829,
            -0.7678171396255493,
            -0.08437468111515045
        ],
        [
            -0.06505255401134491,
            -0.7863091230392456,
            -0.08963122218847275
        ],
        [
            -0.0743483155965805,
            -0.7896943688392639,
            -0.09313523769378662
        ],
        [
            -0.06057080626487732,
            -0.8067291378974915,
            -0.0907289981842041
        ],
        [
            -0.05383886396884918,
            -0.7830919623374939,
            -0.08341649919748306
        ],
        [
            -0.05333341658115387,
            -0.8094676733016968,
            -0.08574987947940826
        ],
        [
            -0.05313442647457123,
            -0.7503865957260132,
            -0.06826762855052948
        ],
        [
            -0.04858386889100075,
            -0.7432149648666382,
            -0.06895820796489716
        ],
        [
            -0.03690500557422638,
            -0.7550779581069946,
            -0.07827308773994446
        ],
        [
            -0.041599251329898834,
            -0.7628179788589478,
            -0.07745856046676636
        ],
        [
            -0.08437879383563995,
            -0.7935901880264282,
            -0.09563089162111282
        ],
        [
            -0.12131530046463013,
            -0.846137285232544,
            -0.10170894116163254
        ],
        [
            -0.13174015283584595,
            -0.8399093151092529,
            -0.10027699172496796
        ],
        [
            -0.11158625781536102,
            -0.8366947174072266,
            -0.1024484634399414
        ],
        [
            -0.13354289531707764,
            -0.9082035422325134,
            -0.0997767373919487
        ],
        [
            -0.1472930908203125,
            -0.8951175212860107,
            -0.09860275685787201
        ],
        [
            -0.13249307870864868,
            -0.8857507109642029,
            -0.10322710871696472
        ],
        [
            -0.1218886524438858,
            -0.8990100622177124,
            -0.10389044135808945
        ],
        [
            -0.16492696106433868,
            -0.9314285516738892,
            -0.07676132768392563
        ],
        [
            -0.18005362153053284,
            -0.9076687097549438,
            -0.0799691379070282
        ],
        [
            -0.1654263138771057,
            -0.9032294750213623,
            -0.08941921591758728
        ],
        [
            -0.15188118815422058,
            -0.9215855598449707,
            -0.08854999393224716
        ],
        [
            -0.11049488186836243,
            -0.9068722128868103,
            -0.10336875170469284
        ],
        [
            -0.09566906094551086,
            -0.9171825647354126,
            -0.09991947561502457
        ],
        [
            -0.09858989715576172,
            -0.9337197542190552,
            -0.09498779475688934
        ],
        [
            -0.11834795773029327,
            -0.9232224225997925,
            -0.09854664653539658
        ],
        [
            -0.10509490966796875,
            -0.9536315202713013,
            -0.08244223892688751
        ],
        [
            -0.12946352362632751,
            -0.9412103295326233,
            -0.08634847402572632
        ],
        [
            -0.039996013045310974,
            -0.8008316159248352,
            -0.08065644651651382
        ],
        [
            -0.045068830251693726,
            -0.8203451633453369,
            -0.08152218908071518
        ],
        [
            -0.048650242388248444,
            -0.7709406018257141,
            -0.07769785076379776
        ],
        [
            -0.03586825728416443,
            -0.7855644226074219,
            -0.0802498608827591
        ],
        [
            -0.11231537163257599,
            -0.967716634273529,
            -0.06426849961280823
        ],
        [
            -0.1410456746816635,
            -0.9539666175842285,
            -0.06966578960418701
        ],
        [
            -0.044704973697662354,
            -0.9213480949401855,
            -0.07904661446809769
        ],
        [
            -0.06058382987976074,
            -0.932499885559082,
            -0.08287522196769714
        ],
        [
            -0.06576383113861084,
            -0.9145099520683289,
