{
    "pred_cam": [
        1.1439625024795532,
        0.013535203412175179,
        0.15960779786109924
    ],
    "pred_smpl_params": {
        "global_orient": [
            [
                [
                    0.9791254997253418,
                    0.1985275149345398,
                    0.04358896613121033
                ],
                [
                    0.19479739665985107,
                    -0.9777684807777405,
                    0.07760713249444962
                ],
                [
                    0.05802706256508827,
                    -0.06749611347913742,
                    -0.9960306882858276
                ]
            ]
        ],
        "body_pose": [
            [
                [
                    0.9995490312576294,
                    -0.017855988815426826,
                    -0.02414604276418686
                ],
                [
                    0.022132977843284607,
                    0.9814503788948059,
                    0.1904343068599701
                ],
                [
                    0.02029775269329548,
                    -0.1908828318119049,
                    0.9814029932022095
                ]
            ],
            [
                [
                    0.9999729990959167,
                    -0.0032044420950114727,
                    -0.006615493446588516
                ],
                [
                    0.004434643778949976,
                    0.9807394742965698,
                    0.19527006149291992
                ],
                [
                    0.005862345453351736,
                    -0.19529412686824799,
                    0.9807271957397461
                ]
            ],
            [
                [
                    0.9994327425956726,
                    0.01158964540809393,
                    0.03161797299981117
                ],
                [
                    -0.0048155952244997025,
                    0.9784488677978516,
                    -0.2064332664012909
                ],
                [
                    -0.03332905098795891,
                    0.2061639428138733,
                    0.9779496192932129
                ]
            ],
            [
                [
                    0.9945148825645447,
                    -0.009142489172518253,
                    -0.10419406741857529
                ],
                [
                    -0.04561455920338631,
                    0.8585384488105774,
                    -0.5107161402702332
                ],
                [
                    0.09412387013435364,
                    0.5126676559448242,
                    0.8534122109413147
                ]
            ],
            [
                [
                    0.99480140209198,
                    -0.08747506886720657,
                    0.05213717371225357
                ],
                [
                    0.10153237730264664,
                    0.8126202821731567,
                    -0.5738810300827026
                ],
                [
                    0.00783255323767662,
                    0.576191246509552,
                    0.8172773718833923
                ]
            ],
            [
                [
                    0.999110758304596,
                    -0.008700455538928509,
                    0.041256338357925415
                ],
                [
                    0.009638359770178795,
                    0.9996983408927917,
                    -0.022589460015296936
                ],
                [
                    -0.0410473570227623,
                    0.022967014461755753,
                    0.9988932013511658
                ]
            ],
            [
                [
                    0.9807959794998169,
                    0.09820780903100967,
                    0.1685069054365158
                ],
                [
                    -0.09655033051967621,
                    0.9951648712158203,
                    -0.01802191510796547
                ],
                [
                    -0.16946206986904144,
                    0.001406425260938704,
                    0.9855356812477112
                ]
            ],
            [
                [
                    0.9843607544898987,
                    -0.05799388140439987,
                    -0.16634489595890045
                ],
                [
                    0.05823439359664917,
                    0.9982970356941223,
                    -0.003435495076701045
                ],
                [
                    0.16626085340976715,
                    -0.006305226124823093,
                    0.9860616326332092
                ]
            ],
            [
                [
                    0.9996070265769958,
                    -0.013930604793131351,
                    0.024324238300323486
                ],
                [
                    0.015935255214571953,
                    0.9963158369064331,
                    -0.08426638692617416
                ],
                [
                    -0.023060742765665054,
                    0.0846208855509758,
                    0.9961463212966919
                ]
            ],
            [
                [
                    0.9807024598121643,
                    -0.19543388485908508,
                    -0.005319744348526001
                ],
                [
                    0.19327452778816223,
                    0.9650490283966064,
                    0.17698965966701508
                ],
                [
                    -0.02945595793426037,
                    -0.17460235953330994,
                    0.9841983318328857
                ]
            ],
            [
                [
                    0.9881101846694946,
                    0.15339259803295135,
                    0.010442023165524006
                ],
                [
                    -0.15264546871185303,
                    0.9706442356109619,
                    0.18587398529052734
                ],
                [
                    0.018376201391220093,
                    -0.18525788187980652,
                    0.9825181365013123
                ]
            ],
            [
                [
                    0.999522864818573,
                    -0.028666527941823006,
                    -0.011495955288410187
                ],
                [
                    0.02780974470078945,
                    0.9972423315048218,
                    -0.068806953728199
                ],
                [
                    0.01343670953065157,
                    0.06845443695783615,
                    0.9975637197494507
                ]
            ],
            [
                [
                    0.9528198838233948,
                    0.3020016551017761,
                    0.03048372082412243
                ],
                [
                    -0.29992642998695374,
                    0.9521709084510803,
                    -0.058435555547475815
                ],
                [
                    -0.04667334631085396,
                    0.046535685658454895,
                    0.9978256821632385
                ]
            ],
            [
                [
                    0.959449827671051,
                    -0.27864664793014526,
                    0.04256831854581833
                ],
                [
                    0.28014621138572693,
                    0.959335446357727,
                    -0.034547287970781326
                ],
                [
                    -0.03121081367135048,
                    0.04507174342870712,
                    0.9984960556030273
                ]
            ],
            [
                [
                    0.9998182058334351,
                    -0.013961848802864552,
                    -0.012988164089620113
                ],
                [
                    0.011128775775432587,
                    0.9803155064582825,
                    -0.19712354242801666
                ],
                [
                    0.015484709292650223,
                    0.19694314897060394,
                    0.9802926778793335
                ]
            ],
            [
                [
                    0.4252885580062866,
                    0.8629181385040283,
                    -0.2729504406452179
                ],
                [
                    -0.902965247631073,
                    0.4250456690788269,
                    -0.06316622346639633
                ],
                [
                    0.06150910258293152,
                    0.27332863211631775,
                    0.959952175617218
                ]
            ],
            [
                [
                    0.4241902530193329,
                    -0.8361467719078064,
                    0.34773731231689453
                ],
                [
                    0.8954630494117737,
                    0.44451600313186646,
                    -0.02348332479596138
                ],
                [
                    -0.1349393129348755,
                    0.32134729623794556,
                    0.9372978806495667
                ]
            ],
            [
                [
                    0.155922070145607,
                    -0.4079413115978241,
                    -0.8995956182479858
                ],
                [
                    0.10103119164705276,
                    0.9125444293022156,
                    -0.39630207419395447
                ],
                [
                    0.9825889468193054,
                    -0.029094962403178215,
                    0.18350061774253845
                ]
            ],
            [
                [
                    0.09582065045833588,
                    0.42174291610717773,
                    0.9016380310058594
                ],
                [
                    -0.007253086194396019,
                    0.9060778021812439,
                    -0.42304879426956177
                ],
                [
                    -0.9953721761703491,
                    0.03399715945124626,
                    0.08987990021705627
                ]
            ],
            [
                [
                    0.9823533296585083,
                    -0.18162043392658234,
                    -0.04467441886663437
                ],
                [
                    0.18402932584285736,
                    0.9812369346618652,
                    0.0575089268386364
                ],
                [
                    0.03339139372110367,
                    -0.06471549719572067,
                    0.9973448514938354
                ]
            ],
            [
                [
                    0.9843955039978027,
                    0.1652926504611969,
                    0.06036407873034477
                ],
                [
                    -0.16797693073749542,
                    0.9848761558532715,
                    0.042458195239305496
                ],
                [
                    -0.052433114498853683,
                    -0.051935430616140366,
                    0.9972730278968811
                ]
            ],
            [
                [
                    0.9613340497016907,
                    0.2573556900024414,
                    -0.09800463169813156
                ],
                [
                    -0.23996616899967194,
                    0.9574446678161621,
                    0.16036178171634674
                ],
                [
                    0.13510403037071228,
                    -0.13064344227313995,
                    0.9821808338165283
                ]
            ],
            [
                [
                    0.9661892056465149,
                    -0.24743172526359558,
                    0.07249853760004044
                ],
                [
                    0.23407380282878876,
                    0.9596626162528992,
                    0.15574674308300018
                ],
                [
                    -0.10811083018779755,
                    -0.13351081311702728,
                    0.9851329326629639
                ]
            ]
        ],
        "betas": [
            -0.044551074504852295,
            -0.10030826926231384,
            0.09600096940994263,
            0.06689479947090149,
            0.024779051542282104,
            0.06393358111381531,
            0.03599712252616882,
            -0.08184236288070679,
            0.027133211493492126,
            -0.03724032640457153
        ]
    },
    "pred_cam_t": [
        0.013535203412175179,
        0.15960779786109924,
        34.14665985107422
    ],
    "focal_length": [
        5000.0,
        5000.0
    ],
    "pred_keypoints_3d": [
        [
            0.12658216059207916,
            -0.7324527502059937,
            -0.2587089240550995
        ],
        [
            0.10138854384422302,
            -0.7124406099319458,
            -0.06895633041858673
        ],
        [
            -0.09327135980129242,
            -0.6582517623901367,
            -0.061324380338191986
        ],
        [
            -0.17680522799491882,
            -0.43503865599632263,
            0.025321058928966522
        ],
        [
            -0.0814899429678917,
            -0.3161162734031677,
            -0.17790251970291138
        ],
        [
            0.2567249536514282,
            -0.6046377420425415,
            -0.007344497367739677
        ],
        [
            0.23274339735507965,
            -0.3796410858631134,
            0.12033435702323914
        ],
        [
            0.2197195440530777,
            -0.2512189745903015,
            -0.09149913489818573
        ],
        [
            -0.0017925939755514264,
            -0.2245544195175171,
            0.028802622109651566
        ],
        [
            -0.08664873242378235,
            -0.14939036965370178,
            0.03504153713583946
        ],
        [
            -0.19382742047309875,
            0.21501466631889343,
            -0.006622817367315292
        ],
        [
            -0.22057941555976868,
            0.5427814722061157,
            0.21815073490142822
        ],
        [
            0.04818139970302582,
            -0.12184223532676697,
            0.04565617814660072
        ],
        [
            0.018018033355474472,
            0.24895593523979187,
            0.0058778077363967896
        ],
        [
            -0.05440513417124748,
            0.5850438475608826,
            0.20620237290859222
        ],
        [
            0.09933984279632568,
            -0.7869996428489685,
            -0.25220736861228943
        ],
        [
            0.16519340872764587,
            -0.7786070108413696,
            -0.24727129936218262
        ],
        [
            0.05579535663127899,
            -0.8265520930290222,
            -0.16617809236049652
        ],
        [
            0.20213502645492554,
            -0.8077534437179565,
            -0.15606829524040222
        ],
        [
            -0.06842461228370667,
            0.7132090330123901,
            0.05376225709915161
        ],
        [
            -0.0029720887541770935,
            0.7095431089401245,
            0.1060909628868103
        ],
        [
            -0.056275203824043274,
            0.5936002135276794,
            0.2760838270187378
        ],
        [
            -0.23857375979423523,
            0.671708345413208,
            0.0700567364692688
        ],
        [
            -0.3081759810447693,
            0.6485897302627563,
            0.11823174357414246
        ],
        [
            -0.22108516097068787,
            0.5560847520828247,
            0.29046565294265747
        ],
        [
            -0.23547148704528809,
            0.48529043793678284,
            0.21902981400489807
        ],
        [
            -0.17937761545181274,
            0.15438051521778107,
            -0.009977121837437153
        ],
        [
            -0.14126183092594147,
            -0.28633955121040344,
            0.02925708517432213
        ],
        [
            0.14461643993854523,
            -0.2132226526737213,
            0.06108677387237549
        ],
        [
            0.03502659499645233,
            0.2103540450334549,
            0.005300088785588741
        ],
        [
            -0.039073869585990906,
            0.5458676218986511,
            0.21603859961032867
        ],
        [
            -0.07086467742919922,
            -0.35270005464553833,
            -0.16779187321662903
        ],
        [
            -0.19237488508224487,
            -0.45646849274635315,
            -0.01299639418721199
        ],
        [
            -0.05282030254602432,
            -0.6794224977493286,
            -0.064482182264328
        ],
        [
            0.23211383819580078,
            -0.6380757093429565,
            -0.01681995950639248
        ],
        [
            0.2734292149543762,
            -0.39598363637924194,
            0.0868988186120987
        ],
        [
            0.22833719849586487,
            -0.2741175889968872,
            -0.08809753507375717
        ],
        [
            0.10327109694480896,
            -0.705721914768219,
            -0.07189282774925232
        ],
        [
            0.14026112854480743,
            -0.8551161885261536,
            -0.19993123412132263
        ],
        [
            0.0025575091131031513,
            -0.24977242946624756,
            0.04533933103084564
        ],
        [
            0.08849774301052094,
            -0.6560987830162048,
            -0.043971508741378784
        ],
        [
            0.05229341983795166,
            -0.4917634129524231,
            0.018923645839095116
        ],
        [
            0.12766140699386597,
            -0.7437238693237305,
            -0.17918576300144196
        ],
        [
            0.13848790526390076,
            -0.8764207363128662,
            -0.2016085386276245
        ]
    ],
    "pred_vertices": [
        [
            0.1843394637107849,
            -0.8177367448806763,
            -0.2696073055267334
        ],
        [
            0.17623776197433472,
            -0.8029152154922485,
            -0.26892441511154175
        ],
        [
            0.18651175498962402,
            -0.802771806716919,
            -0.2587600648403168
        ],
        [
            0.19357115030288696,
            -0.8155875205993652,
            -0.25477153062820435
        ],
        [
            0.1809731423854828,
            -0.7926758527755737,
            -0.2593863606452942
        ],
        [
            0.1713014543056488,
            -0.7920718789100647,
            -0.2668091058731079
        ],
        [
            0.19216923415660858,
            -0.8013075590133667,
            -0.2460048943758011
        ],
        [
            0.19828304648399353,
            -0.8113648891448975,
            -0.2394946813583374
        ],
        [
            0.1916881799697876,
            -0.7748253345489502,
            -0.21800115704536438
        ],
        [
            0.19467242062091827,
            -0.7746729850769043,
            -0.20709185302257538
        ],
        [
            0.19671310484409332,
            -0.7845932245254517,
            -0.21439878642559052
        ],
        [
            0.19196446239948273,
            -0.7823922634124756,
            -0.22332508862018585
        ],
        [
            0.18667657673358917,
            -0.7540013790130615,
            -0.2029084861278534
        ],
        [
            0.17934276163578033,
            -0.7427496910095215,
            -0.20647519826889038
        ],
        [
            0.17984889447689056,
            -0.7392298579216003,
            -0.19343215227127075
        ],
        [
            0.18600362539291382,
            -0.7503799200057983,
            -0.1889708936214447
        ],
        [
            0.14991798996925354,
            -0.7479674816131592,
            -0.23670360445976257
        ],
        [
            0.15438446402549744,
            -0.7419456839561462,
            -0.23227456212043762
        ],
        [
            0.15922431647777557,
            -0.7476824522018433,
            -0.2343798130750656
        ],
        [
            0.15387706458568573,
            -0.7532056570053101,
            -0.23818212747573853
        ],
        [
            0.1423228234052658,
            -0.7548666596412659,
            -0.2474738359451294
        ],
        [
            0.14408746361732483,
            -0.7611095905303955,
            -0.24701234698295593
        ],
        [
            0.14008653163909912,
            -0.7626788020133972,
            -0.25370192527770996
        ],
        [
            0.13912194967269897,
            -0.7552542686462402,
            -0.25470784306526184
        ],
        [
            0.1437215507030487,
            -0.7441044449806213,
            -0.2346283495426178
        ],
        [
            0.14852862060070038,
            -0.7381008863449097,
            -0.22968870401382446
        ],
        [
            0.14612479507923126,
            -0.7527614831924438,
            -0.24105766415596008
        ],
        [
            0.14356449246406555,
            -0.7482681274414062,
            -0.24115104973316193
        ],
        [
            0.14018911123275757,
            -0.7384235858917236,
            -0.2477966547012329
        ],
        [
            0.14234419167041779,
            -0.7430551052093506,
            -0.24847248196601868
        ],
        [
            0.13930024206638336,
            -0.7413046956062317,
            -0.25540876388549805
        ],
        [
            0.137213796377182,
            -0.736885666847229,
            -0.2524370849132538
        ],
        [
            0.14246290922164917,
            -0.7418630123138428,
            -0.23893630504608154
        ],
        [
            0.14355288445949554,
            -0.7430400848388672,
            -0.24273504316806793
        ],
        [
            0.14062820374965668,
            -0.7390037775039673,
            -0.24333621561527252
        ],
        [
            0.13873903453350067,
            -0.7388273477554321,
            -0.2395765632390976
        ],
        [
            0.14111867547035217,
            -0.7499577403068542,
            -0.24796810746192932
        ],
        [
            0.13883915543556213,
            -0.7487125396728516,
            -0.25532066822052
        ],
        [
            0.13539990782737732,
            -0.7471984624862671,
            -0.2626505494117737
        ],
        [
            0.13518820703029633,
            -0.738318920135498,
            -0.26179036498069763
        ],
        [
            0.1628780961036682,
            -0.7320112586021423,
            -0.2188081294298172
        ],
        [
            0.15915751457214355,
            -0.7365213632583618,
            -0.22647978365421295
        ],
        [
            0.15327244997024536,
            -0.7329728007316589,
            -0.2246917337179184
        ],
        [
            0.1570073664188385,
            -0.7290205955505371,
            -0.2189941704273224
        ],
        [
            0.13931505382061005,
            -0.7376163005828857,
            -0.23494069278240204
        ],
        [
            0.14054913818836212,
            -0.7235012054443359,
            -0.227165088057518
        ],
        [
            0.14141319692134857,
            -0.72661292552948,
            -0.22913193702697754
        ],
        [
            0.1357436329126358,
            -0.7261807322502136,
            -0.23369625210762024
        ],
        [
            0.13557732105255127,
            -0.7232662439346313,
            -0.23165129125118256
        ],
        [
            0.16500712931156158,
            -0.7233285903930664,
            -0.2035495936870575
        ],
        [
            0.1594133824110031,
            -0.7209921479225159,
            -0.20759734511375427
        ],
        [
            0.15860146284103394,
            -0.716219425201416,
            -0.2019292116165161
        ],
        [
            0.1632336527109146,
            -0.7181860208511353,
            -0.1962188482284546
        ],
        [
            0.15529562532901764,
            -0.7120023369789124,
            -0.19862018525600433
        ],
        [
            0.16050943732261658,
            -0.713122546672821,
            -0.18981638550758362
        ],
        [
            0.1493290662765503,
            -0.7017587423324585,
            -0.18426960706710815
        ],
        [
            0.1549086719751358,
            -0.7068208456039429,
            -0.1864159107208252
        ],
        [
            0.15056197345256805,
            -0.7074066996574402,
            -0.19676822423934937
        ],
        [
            0.14454959332942963,
            -0.7021224498748779,
            -0.19770848751068115
        ],
        [
            0.13387510180473328,
            -0.7035021781921387,
            -0.20861752331256866
        ],
        [
            0.1281033456325531,
            -0.7018276453018188,
            -0.21096166968345642
        ],
        [
            0.13062526285648346,
            -0.6917374134063721,
            -0.20286054909229279
        ],
        [
            0.1372172236442566,
            -0.6959316730499268,
            -0.2004426121711731
        ],
        [
            0.13912919163703918,
            -0.7204722166061401,
            -0.2204824984073639
        ],
        [
            0.1428532898426056,
            -0.7214961051940918,
            -0.21756339073181152
        ],
        [
            0.14348700642585754,
            -0.7215801477432251,
            -0.2202320694923401
        ],
        [
            0.13982734084129333,
            -0.721362829208374,
            -0.22414180636405945
        ],
        [
            0.14616906642913818,
            -0.7218512296676636,
            -0.21535496413707733
        ],
        [
            0.14768725633621216,
            -0.7218343019485474,
            -0.21436867117881775
        ],
        [
            0.14777423441410065,
            -0.722331166267395,
            -0.21606938540935516
        ],
        [
            0.1462380290031433,
            -0.7222322225570679,
            -0.21620775759220123
        ],
        [
            0.14430011808872223,
            -0.7218426465988159,
            -0.21684785187244415
        ],
        [
            0.14305177330970764,
            -0.7201017141342163,
            -0.21642142534255981
        ],
        [
            0.14522787928581238,
            -0.7210286855697632,
            -0.21552520990371704
        ],
        [
            0.1396147608757019,
            -0.7183855772018433,
            -0.2189410924911499
        ],
        [
            0.12738049030303955,
            -0.7140739560127258,
            -0.22624117136001587
        ],
        [
            0.1311795562505722,
            -0.7146152257919312,
            -0.22476398944854736
        ],
        [
            0.13036741316318512,
            -0.7190325260162354,
            -0.2261820137500763
        ],
        [
            0.12717097997665405,
            -0.7188239693641663,
            -0.2276977300643921
        ],
        [
            0.14650022983551025,
            -0.7233530282974243,
            -0.21883955597877502
        ],
        [
            0.14925147593021393,
            -0.7245012521743774,
            -0.2187584489583969
        ],
        [
            0.14622816443443298,
            -0.7255118489265442,
            -0.22356057167053223
        ],
        [
            0.14459285140037537,
            -0.7235919833183289,
            -0.22187024354934692
        ],
        [
            0.1522732377052307,
            -0.7258816957473755,
            -0.2191716432571411
        ],
        [
            0.15015341341495514,
            -0.7234532833099365,
            -0.21582698822021484
        ],
        [
            0.15327489376068115,
            -0.7240688800811768,
            -0.21536710858345032
        ],
        [
            0.14686466753482819,
            -0.7203933000564575,
            -0.21359756588935852
        ],
        [
            0.14915010333061218,
            -0.719380259513855,
            -0.2111682891845703
        ],
        [
            0.15021272003650665,
            -0.7210677862167358,
            -0.21323011815547943
        ],
        [
            0.14667004346847534,
            -0.7166076898574829,
            -0.2102406620979309
        ],
        [
            0.14421406388282776,
            -0.7185002565383911,
            -0.2139579802751541
        ],
        [
            0.14064638316631317,
            -0.7159192562103271,
            -0.21596291661262512
        ],
        [
            0.13610583543777466,
            -0.7132436037063599,
            -0.2188236564397812
        ],
        [
            0.13750173151493073,
            -0.7103311419487,
            -0.21353131532669067
        ],
        [
            0.14263486862182617,
            -0.7133380174636841,
            -0.2112983763217926
        ],
        [
            0.14880923926830292,
            -0.7291051149368286,
            -0.2245868742465973
        ],
        [
            0.1541724056005478,
            -0.7209388017654419,
            -0.21075096726417542
        ],
        [
            0.15868575870990753,
            -0.7259606719017029,
            -0.21346808969974518
        ],
        [
            0.15318366885185242,
            -0.7174069881439209,
            -0.20745940506458282
        ],
        [
            0.15037208795547485,
            -0.713988184928894,
            -0.20526190102100372
        ],
        [
            0.14577126502990723,
            -0.7102934122085571,
            -0.2051052749156952
        ],
        [
            0.13998042047023773,
            -0.7065606713294983,
            -0.20672449469566345
        ],
        [
            0.1310146450996399,
            -0.6891611814498901,
            -0.18835195899009705
        ],
        [
            0.13976772129535675,
            -0.6944092512130737,
            -0.18675798177719116
        ],
        [
            0.16790005564689636,
            -0.7869313359260559,
            -0.2607806921005249
        ],
        [
            0.17621710896492004,
            -0.7865824699401855,
            -0.25705379247665405
        ],
        [
            0.17508187890052795,
            -0.7821994423866272,
            -0.24881133437156677
        ],
        [
            0.17728416621685028,
            -0.7839826345443726,
            -0.2495817095041275
        ],
        [
            0.17245590686798096,
            -0.7842390537261963,
            -0.25387871265411377
        ],
        [
            0.17139768600463867,
            -0.782196044921875,
            -0.251810759305954
        ],
        [
            0.186467245221138,
            -0.7819611430168152,
            -0.23008733987808228
        ],
        [
            0.18220233917236328,
            -0.7817715406417847,
            -0.2356238067150116
        ],
        [
            0.18177904188632965,
            -0.7792627811431885,
            -0.23240089416503906
        ],
        [
            0.18699300289154053,
            -0.7764264345169067,
            -0.22609472274780273
        ],
        [
            0.1733192354440689,
            -0.7702782154083252,
            -0.23558881878852844
        ],
        [
            0.17764508724212646,
            -0.7725057601928711,
            -0.2328694611787796
        ],
        [
            0.17522963881492615,
            -0.7771899104118347,
            -0.23899419605731964
        ],
        [
            0.17214062809944153,
            -0.7755300402641296,
            -0.24102453887462616
        ],
        [
            0.1684359908103943,
            -0.7746052742004395,
            -0.2429543435573578
        ],
        [
            0.16430681943893433,
            -0.7744436264038086,
            -0.24464371800422668
        ],
        [
            0.16361135244369507,
            -0.7702120542526245,
            -0.24138519167900085
        ],
        [
            0.16838304698467255,
            -0.7697349190711975,
            -0.23868702352046967
        ],
        [
            0.1661885380744934,
            -0.7853437066078186,
            -0.25617673993110657
        ],
        [
            0.15889109671115875,
            -0.7855889797210693,
            -0.25654345750808716
        ],
        [
            0.15965500473976135,
            -0.7832883596420288,
            -0.2541794180870056
        ],
        [
            0.1658567488193512,
            -0.7826989889144897,
            -0.2542833089828491
        ],
        [
            0.14823010563850403,
            -0.7815279960632324,
            -0.24771521985530853
        ],
        [
            0.1499376744031906,
            -0.7829554080963135,
            -0.249750018119812
        ],
        [
            0.14677491784095764,
            -0.7839087843894958,
            -0.25192752480506897
        ],
        [
            0.14505548775196075,
            -0.7806541919708252,
            -0.24899959564208984
        ],
        [
            0.14674726128578186,
            -0.7778006792068481,
            -0.2472876012325287
        ],
        [
            0.14921560883522034,
            -0.7797427177429199,
            -0.2470943182706833
        ],
        [
            0.1789621114730835,
            -0.8380690813064575,
            -0.2795258164405823
        ],
        [
            0.17203189432621002,
            -0.8200409412384033,
            -0.279574990272522
        ],
        [
            0.19242461025714874,
            -0.836281418800354,
            -0.26377543807029724
        ],
        [
            0.19935086369514465,
            -0.831631600856781,
            -0.24740779399871826
        ],
        [
            0.20408430695533752,
            -0.8232225775718689,
            -0.23151516914367676
        ],
        [
            0.17228735983371735,
            -0.7297824621200562,
            -0.1985887885093689
        ],
        [
            0.17168974876403809,
            -0.7250491976737976,
            -0.1886613667011261
        ],
        [
            0.17980381846427917,
            -0.7363266944885254,
            -0.18081288039684296
        ],
        [
            0.1758362352848053,
            -0.7300252914428711,
            -0.17166811227798462
        ],
        [
            0.1677999496459961,
            -0.718447208404541,
            -0.18043377995491028
        ],
        [
            0.15168994665145874,
            -0.7047383785247803,
            -0.17092867195606232
        ],
        [
            0.16114161908626556,
            -0.7111015319824219,
            -0.17433640360832214
        ],
        [
            0.16931471228599548,
            -0.7243754863739014,
            -0.16264429688453674
        ],
        [
            0.17815104126930237,
            -0.7414994239807129,
            -0.1544061303138733
        ],
        [
            0.1825215220451355,
            -0.7436250448226929,
            -0.16507011651992798
        ],
        [
            0.18407627940177917,
            -0.7604351043701172,
            -0.1504010707139969
        ],
        [
            0.17197011411190033,
            -0.7405755519866943,
            -0.14122983813285828
        ],
        [
            0.18067002296447754,
            -0.7640484571456909,
            -0.14248427748680115
        ],
        [
            0.15181420743465424,
            -0.7101578712463379,
            -0.13188177347183228
        ],
        [
            0.15165451169013977,
            -0.7030047178268433,
            -0.1242886334657669
        ],
        [
            0.16192206740379333,
            -0.7143599390983582,
            -0.11332211643457413
        ],
        [
            0.16315418481826782,
            -0.7215187549591064,
            -0.12125881761312485
        ],
        [
            0.18534983694553375,
            -0.7466980814933777,
            -0.17571695148944855
        ],
        [
            0.20030012726783752,
            -0.7969812154769897,
            -0.2125619649887085
        ],
        [
            0.19657166302204132,
            -0.7918051481246948,
            -0.2229645699262619
        ],
        [
            0.19934797286987305,
            -0.7879065275192261,
            -0.20302967727184296
        ],
        [
            0.21143007278442383,
            -0.8578490018844604,
            -0.2247314751148224
        ],
        [
            0.20620957016944885,
            -0.8457427024841309,
            -0.2382889837026596
        ],
        [
            0.21013061702251434,
            -0.8351246118545532,
            -0.22421348094940186
        ],
        [
            0.21464619040489197,
            -0.8478342294692993,
            -0.21342100203037262
        ],
        [
            0.19043228030204773,
            -0.8866487741470337,
            -0.25276342034339905
        ],
        [
            0.18718788027763367,
            -0.8637239933013916,
            -0.2688063681125641
        ],
        [
            0.19677433371543884,
            -0.8561902642250061,
            -0.25509849190711975
        ],
        [
            0.20112678408622742,
            -0.8739365339279175,
            -0.2415260672569275
        ],
        [
            0.2159397155046463,
            -0.8552579283714294,
            -0.20221589505672455
        ],
        [
            0.2161499559879303,
            -0.8657183647155762,
            -0.18644967675209045
        ],
        [
            0.2144758403301239,
            -0.883071780204773,
            -0.18863219022750854
        ],
        [
            0.2136898636817932,
            -0.8726258277893066,
            -0.2089252769947052
        ],
        [
            0.20517727732658386,
            -0.9049928784370422,
            -0.19389747083187103
        ],
        [
            0.20463567972183228,
            -0.892784595489502,
            -0.2183055877685547
        ],
        [
            0.17517432570457458,
            -0.7576508522033691,
            -0.12725360691547394
        ],
        [
            0.18027102947235107,
            -0.7747692465782166,
            -0.1338370144367218
        ],
        [
            0.1649959236383438,
            -0.7296183109283447,
            -0.13200777769088745
        ],
        [
            0.1711067259311676,
            -0.7440362572669983,
            -0.12020887434482574
        ],
        [
            0.18955709040164948,
            -0.9226475358009338,
            -0.1989348828792572
        ],
        [
            0.1902531385421753,
            -0.9090145826339722,
            -0.22825045883655548
        ],
        [
            0.1996268332004547,
            -0.8721843957901001,
            -0.13461722433567047
        ],
        [
            0.20549598336219788,
            -0.8834646940231323,
            -0.14997974038124084
        ],
        [
            0.2100154459476471,
            -0.8637806177139282,
            -0.1567501723766327
        ],
        [
            0.20437180995941162,
            -0.856160044670105,
            -0.14136943221092224
        ],
        [
            0.18993137776851654,
            -0.8887802958488464,
