{
    "pred_cam": [
        1.3978571891784668,
        0.15344256162643433,
        0.2736983299255371
    ],
    "pred_smpl_params": {
        "global_orient": [
            [
                [
                    -0.3232875466346741,
                    0.10431134700775146,
                    -0.9405340552330017
                ],
                [
                    0.21886417269706726,
                    -0.9587154388427734,
                    -0.18155744671821594
                ],
                [
                    -0.9206430912017822,
                    -0.26454445719718933,
                    0.28711074590682983
                ]
            ]
        ],
        "body_pose": [
            [
                [
                    0.996590793132782,
                    0.03471019119024277,
                    0.07484664022922516
                ],
                [
                    -0.04844095930457115,
                    0.9805355668067932,
                    0.19027221202850342
                ],
                [
                    -0.06678540259599686,
                    -0.1932491660118103,
                    0.9788740873336792
                ]
            ],
            [
                [
                    0.987082302570343,
                    0.138686865568161,
                    -0.0802161917090416
                ],
                [
                    -0.1358223706483841,
                    0.9899191856384277,
                    0.0401533879339695
                ],
                [
                    0.08497629314661026,
                    -0.02873954176902771,
                    0.9959684610366821
                ]
            ],
            [
                [
                    0.9977350234985352,
                    -0.0422026664018631,
                    0.052380479872226715
                ],
                [
                    0.05143626034259796,
                    0.9804775714874268,
                    -0.1897839903831482
                ],
                [
                    -0.04334849491715431,
                    0.19204838573932648,
                    0.9804275631904602
                ]
            ],
            [
                [
                    0.9779303073883057,
                    0.2019507735967636,
                    0.05355537682771683
                ],
                [
                    -0.19560112059116364,
                    0.975040853023529,
                    -0.10505015403032303
                ],
                [
                    -0.07343364506959915,
                    0.09225624054670334,
                    0.9930238127708435
                ]
            ],
            [
                [
                    0.9868384003639221,
                    0.05144120380282402,
                    0.1533098965883255
                ],
                [
                    -0.04686727002263069,
                    0.9983458518981934,
                    -0.03330305591225624
                ],
                [
                    -0.1547694355249405,
                    0.025679513812065125,
                    0.9876169562339783
                ]
            ],
            [
                [
                    0.9903513193130493,
                    -0.13725891709327698,
                    0.019084731116890907
                ],
                [
                    0.13808302581310272,
                    0.9890469312667847,
                    -0.05214577540755272
                ],
                [
                    -0.011718221940100193,
                    0.05427791550755501,
                    0.9984570741653442
                ]
            ],
            [
                [
                    0.9755408763885498,
                    0.03910328075289726,
                    0.21631211042404175
                ],
                [
                    -0.031150925904512405,
                    0.998711884021759,
                    -0.04005283862352371
                ],
                [
                    -0.21759966015815735,
                    0.032334860414266586,
                    0.9755023717880249
                ]
            ],
            [
                [
                    0.9723129272460938,
                    -0.08273348212242126,
                    -0.21854685246944427
                ],
                [
                    0.07502102851867676,
                    0.9962384104728699,
                    -0.04336988553404808
                ],
                [
                    0.22131289541721344,
                    0.025773491710424423,
                    0.9748622179031372
                ]
            ],
            [
                [
                    0.9982807636260986,
                    -0.05625394731760025,
                    0.01646297611296177
                ],
                [
                    0.0573328472673893,
                    0.9955534338951111,
                    -0.0747414156794548
                ],
                [
                    -0.012185272760689259,
                    0.07555678486824036,
                    0.9970670342445374
                ]
            ],
            [
                [
                    0.9960997700691223,
                    -0.05798574909567833,
                    0.06650400161743164
                ],
                [
                    0.060353200882673264,
                    0.9975923895835876,
                    -0.03415863960981369
                ],
                [
                    -0.06436318159103394,
                    0.03803914785385132,
                    0.9972012042999268
                ]
            ],
            [
                [
                    0.9961873292922974,
                    0.08719170838594437,
                    0.0028983205556869507
                ],
                [
                    -0.08723891526460648,
                    0.9954721331596375,
                    0.03774527087807655
                ],
                [
                    0.00040587710100226104,
                    -0.03785420581698418,
                    0.9992832541465759
                ]
            ],
            [
                [
                    0.9351704716682434,
                    0.003357089590281248,
                    0.35418206453323364
                ],
                [
                    0.05780818313360214,
                    0.9851006865501404,
                    -0.16197198629379272
                ],
                [
                    -0.3494487404823303,
                    0.17194604873657227,
                    0.9210429787635803
                ]
            ],
            [
                [
                    0.8993948101997375,
                    -0.11799871921539307,
                    -0.4209100008010864
                ],
                [
                    0.17496436834335327,
                    0.979559600353241,
                    0.09924989938735962
                ],
                [
                    0.4005950391292572,
                    -0.1629091054201126,
                    0.9016563892364502
                ]
            ],
            [
                [
                    0.925743818283081,
                    -0.26526951789855957,
                    0.26950064301490784
                ],
                [
                    0.2585848569869995,
                    0.9640798568725586,
                    0.06069600209593773
                ],
                [
                    -0.27592089772224426,
                    0.013499846681952477,
                    0.9610856175422668
                ]
            ],
            [
                [
                    0.9937065839767456,
                    0.09464577585458755,
                    0.059911880642175674
                ],
                [
                    -0.06703703105449677,
                    0.9309877753257751,
                    -0.35884225368499756
                ],
                [
                    -0.08974013477563858,
                    0.352567583322525,
                    0.931473433971405
                ]
            ],
            [
                [
                    0.7779444456100464,
                    0.16414903104305267,
                    -0.6065126061439514
                ],
                [
                    -0.15175718069076538,
                    0.9857814311981201,
                    0.07214421033859253
                ],
                [
                    0.6097311973571777,
                    0.0359184667468071,
                    0.7917940020561218
                ]
            ],
            [
                [
                    0.5802260637283325,
                    -0.6716194152832031,
                    0.4607223570346832
                ],
                [
                    0.7725839018821716,
                    0.6329132914543152,
                    -0.050348035991191864
                ],
                [
                    -0.25778257846832275,
                    0.3851599097251892,
                    0.8861151337623596
                ]
            ],
            [
                [
                    0.19747430086135864,
                    -0.08999400585889816,
                    -0.9761684536933899
                ],
                [
                    -0.14674842357635498,
                    0.981843113899231,
                    -0.12020367383956909
                ],
                [
                    0.9692620038986206,
                    0.166988343000412,
                    0.18068230152130127
                ]
            ],
            [
                [
                    0.2431405633687973,
                    0.19793950021266937,
                    0.949580192565918
                ],
                [
                    0.073489710688591,
                    0.9723849296569824,
                    -0.22151021659374237
                ],
                [
                    -0.9672031402587891,
                    0.12364248931407928,
                    0.22187970578670502
                ]
            ],
            [
                [
                    0.983032763004303,
                    -0.10924038290977478,
                    -0.147353857755661
                ],
                [
                    0.10524249076843262,
                    0.9938415884971619,
                    -0.034684017300605774
                ],
                [
                    0.15023528039455414,
                    0.018587637692689896,
                    0.9884755611419678
                ]
            ],
            [
                [
                    0.9905343055725098,
                    0.016821036115288734,
                    0.13623107969760895
                ],
                [
                    -0.058381639420986176,
                    0.9498491883277893,
                    0.30721014738082886
                ],
                [
                    -0.12423139065504074,
                    -0.3122555613517761,
                    0.9418402314186096
                ]
            ],
            [
                [
                    0.9935765266418457,
                    0.10196860134601593,
                    -0.04907049238681793
                ],
                [
                    -0.09673025459051132,
                    0.9903406500816345,
                    0.09934091567993164
                ],
                [
                    0.05872615799307823,
                    -0.09395621716976166,
                    0.9938426613807678
                ]
            ],
            [
                [
                    0.9898543953895569,
                    -0.14208540320396423,
                    0.00026806528330780566
                ],
                [
                    0.14098285138607025,
                    0.9824044108390808,
                    0.12249672412872314
                ],
                [
                    -0.01766834408044815,
                    -0.12121611833572388,
                    0.9924689531326294
                ]
            ]
        ],
        "betas": [
            -0.1624402403831482,
            -0.22563055157661438,
            0.18002751469612122,
            0.6019729971885681,
            0.2218460738658905,
            0.004784587770700455,
            -0.017105132341384888,
            -0.05613511800765991,
            0.11618202179670334,
            -0.009779512882232666
        ]
    },
    "pred_cam_t": [
        0.15344256162643433,
        0.2736983299255371,
        27.944557189941406
    ],
    "focal_length": [
        5000.0,
        5000.0
    ],
    "pred_keypoints_3d": [
        [
            -0.17354905605316162,
            -0.7691552639007568,
            -0.0503716804087162
        ],
        [
            0.00817737728357315,
            -0.7332799434661865,
            -0.02580995112657547
        ],
        [
            0.04611929506063461,
            -0.6370506882667542,
            0.14887206256389618
        ],
        [
            0.022390170022845268,
            -0.4002882242202759,
            0.22506101429462433
        ],
        [
            -0.19992171227931976,
            -0.3437259793281555,
            0.12495026737451553
        ],
        [
            -0.0606488473713398,
            -0.6840341091156006,
            -0.17934001982212067
        ],
        [
            -0.3019770085811615,
            -0.655215859413147,
            -0.2603217363357544
        ],
        [
            -0.3972870707511902,
            -0.6145461201667786,
            -0.0385214239358902
        ],
        [
            -0.0020946175791323185,
            -0.22878731787204742,
            0.028391581028699875
        ],
        [
            0.014284858480095863,
            -0.15611132979393005,
            0.113173708319664
        ],
        [
            0.005355736240744591,
            0.17469120025634766,
            0.28945693373680115
        ],
        [
            0.02580825798213482,
            0.5365216732025146,
            0.43339186906814575
        ],
        [
            -0.027648070827126503,
            -0.12482569366693497,
            -0.013058651238679886
        ],
        [
            -0.1318911463022232,
            0.21342229843139648,
            0.0826009064912796
        ],
        [
            -0.13607245683670044,
            0.5461927652359009,
            0.28502708673477173
        ],
        [
            -0.17024382948875427,
            -0.8165281414985657,
            -0.01078870426863432
        ],
        [
            -0.15910498797893524,
            -0.8226362466812134,
            -0.0762171521782875
        ],
        [
            -0.08803272247314453,
            -0.8459586501121521,
            0.050707243382930756
        ],
        [
            -0.06568443775177002,
            -0.8593719005584717,
            -0.09676819294691086
        ],
        [
            -0.33330777287483215,
            0.5794945955276489,
            0.3169683516025543
        ],
        [
            -0.2855057120323181,
            0.6185780763626099,
            0.26046082377433777
        ],
        [
            -0.08107585459947586,
            0.5848809480667114,
            0.29694095253944397
        ],
        [
            -0.1520114690065384,
            0.5520814061164856,
            0.5216444134712219
        ],
        [
            -0.07839371263980865,
            0.5393574833869934,
            0.5686851739883423
        ],
        [
            0.07811453938484192,
            0.586294949054718,
            0.4308156669139862
        ],
        [
            0.06082405894994736,
            0.4883137047290802,
            0.4216657280921936
        ],
        [
            0.007385718636214733,
            0.1161041110754013,
            0.26002392172813416
        ],
        [
            0.056334078311920166,
            -0.289201557636261,
            0.1517847180366516
        ],
        [
            -0.022196419537067413,
            -0.20707610249519348,
            -0.11847428977489471
        ],
        [
            -0.12430473417043686,
            0.1784311980009079,
            0.057083871215581894
        ],
        [
            -0.10853378474712372,
            0.5246524810791016,
            0.2580206096172333
        ],
        [
            -0.184766486287117,
            -0.38179147243499756,
            0.1226077601313591
        ],
        [
            -0.001986479153856635,
            -0.42940381169319153,
            0.2422034740447998
        ],
        [
            0.03987041860818863,
            -0.6672557592391968,
            0.11470479518175125
        ],
        [
            -0.041151657700538635,
            -0.7105578184127808,
            -0.16580846905708313
        ],
        [
            -0.28976142406463623,
            -0.6932463049888611,
            -0.23882558941841125
        ],
        [
            -0.37848183512687683,
            -0.629393994808197,
            -0.03842472285032272
        ],
        [
            0.003754120320081711,
            -0.7284747362136841,
            -0.02115575410425663
        ],
        [
            -0.1163502186536789,
            -0.8918100595474243,
            -0.030503852292895317
        ],
        [
            0.016906414180994034,
            -0.24860075116157532,
            0.015975678339600563
        ],
        [
            -0.0004250430501997471,
            -0.6830213665962219,
            -0.022201331332325935
        ],
        [
            0.04127868637442589,
            -0.4921194911003113,
            -0.03164958953857422
        ],
        [
            -0.09375617653131485,
            -0.7789389491081238,
            -0.03995043411850929
        ],
        [
            -0.11853303760290146,
            -0.911345362663269,
            -0.02555057406425476
        ]
    ],
    "pred_vertices": [
        [
            -0.18071961402893066,
            -0.8648834824562073,
            -0.0887686014175415
        ],
        [
            -0.1808864027261734,
            -0.8484152555465698,
            -0.08434166014194489
        ],
        [
            -0.16941824555397034,
            -0.8503944873809814,
            -0.09328646212816238
        ],
        [
            -0.16513025760650635,
            -0.8641927242279053,
            -0.09671758115291595
        ],
        [
            -0.17082823812961578,
            -0.8391185998916626,
            -0.09055446088314056
        ],
        [
            -0.17892229557037354,
            -0.8364962339401245,
            -0.08201117813587189
        ],
        [
            -0.15615317225456238,
            -0.8498056530952454,
            -0.09784173965454102
        ],
        [
            -0.14941295981407166,
            -0.86153644323349,
            -0.1002921313047409
        ],
        [
            -0.12829172611236572,
            -0.8240110874176025,
            -0.09999261796474457
        ],
        [
            -0.11758957803249359,
            -0.8248028755187988,
            -0.10192617774009705
        ],
        [
            -0.12465578317642212,
            -0.8347573280334473,
            -0.10210287570953369
        ],
        [
            -0.13363415002822876,
            -0.8313624262809753,
            -0.09910853207111359
        ],
        [
            -0.1139308512210846,
            -0.8022714257240295,
            -0.0979585200548172
        ],
        [
            -0.11780735850334167,
            -0.7897434234619141,
            -0.09357572346925735
        ],
        [
            -0.10490386933088303,
            -0.786146879196167,
            -0.09383818507194519
        ],
        [
            -0.09988678246736526,
            -0.7986066341400146,
            -0.09690959006547928
        ],
        [
            -0.15000085532665253,
            -0.7890748381614685,
            -0.06699789315462112
        ],
        [
            -0.14517566561698914,
            -0.7840253114700317,
            -0.07206901907920837
        ],
        [
            -0.14703378081321716,
            -0.7906925678253174,
            -0.07587116956710815
        ],
        [
            -0.15119215846061707,
            -0.7951061725616455,
            -0.0699995756149292
        ],
        [
            -0.16127023100852966,
            -0.7943270206451416,
            -0.05963052064180374
        ],
        [
            -0.16072490811347961,
            -0.8007938861846924,
            -0.059973910450935364
        ],
        [
            -0.16779780387878418,
            -0.8014823198318481,
            -0.056453920900821686
        ],
        [
            -0.16877812147140503,
            -0.794081449508667,
            -0.057225875556468964
        ],
        [
            -0.14834626019001007,
            -0.783922553062439,
            -0.061591729521751404
        ],
        [
            -0.14302140474319458,
            -0.7790501117706299,
            -0.06685511767864227
        ],
        [
            -0.1544846147298813,
            -0.7930917739868164,
            -0.06282743811607361
        ],
        [
            -0.15484723448753357,
            -0.7880244851112366,
            -0.061580780893564224
        ],
        [
            -0.16173140704631805,
            -0.7777893543243408,
            -0.0609985888004303
        ],
        [
            -0.16230905055999756,
            -0.7827485799789429,
            -0.06222546100616455
        ],
        [
            -0.1693636178970337,
            -0.7804957628250122,
            -0.060552604496479034
        ],
        [
            -0.16654402017593384,
            -0.7756184339523315,
            -0.05914296209812164
        ],
        [
            -0.1527208685874939,
            -0.7815171480178833,
            -0.06183555722236633
        ],
        [
            -0.15636199712753296,
            -0.78304123878479,
            -0.06294385343790054
        ],
        [
            -0.1572033166885376,
            -0.7784465551376343,
            -0.061055317521095276
        ],
        [
            -0.15370893478393555,
            -0.7778270840644836,
            -0.05881522595882416
        ],
        [
            -0.16179786622524261,
            -0.7893352508544922,
            -0.059788890182971954
        ],
        [
            -0.16936896741390228,
            -0.7876733541488647,
            -0.05860890448093414
        ],
        [
            -0.17692123353481293,
            -0.7854456901550293,
            -0.05632314831018448
        ],
        [
            -0.1760861873626709,
            -0.7765139937400818,
            -0.05777312442660332
        ],
        [
            -0.13128331303596497,
            -0.7758370637893677,
            -0.08096976578235626
        ],
        [
            -0.1389462947845459,
            -0.7798134684562683,
            -0.07739420980215073
        ],
        [
            -0.13778844475746155,
            -0.7750135660171509,
            -0.07212226092815399
        ],
        [
            -0.13194245100021362,
            -0.7717351913452148,
            -0.07598529756069183
        ],
        [
            -0.14914491772651672,
            -0.7765927314758301,
            -0.059056758880615234
        ],
        [
            -0.1412237286567688,
            -0.7630133628845215,
            -0.062103256583213806
        ],
        [
            -0.1430765986442566,
            -0.7662861347198486,
            -0.06255166977643967
        ],
        [
            -0.14811444282531738,
            -0.7647123336791992,
            -0.057664692401885986
        ],
        [
            -0.14609649777412415,
            -0.7617543935775757,
            -0.05782543867826462
        ],
        [
            -0.11612164974212646,
            -0.7674942016601562,
            -0.08372275531291962
        ],
        [
            -0.12052922695875168,
            -0.7640416622161865,
            -0.07903949171304703
        ],
        [
            -0.11506398022174835,
            -0.759087324142456,
            -0.07872772961854935
        ],
        [
            -0.10917049646377563,
            -0.7619727849960327,
            -0.08234583586454391
        ],
        [
            -0.11217918992042542,
            -0.7541711330413818,
            -0.07572107017040253
        ],
        [
            -0.1035589724779129,
            -0.7563318014144897,
            -0.07988959550857544
        ],
        [
            -0.09945620596408844,
            -0.7427974343299866,
            -0.07046616822481155
        ],
        [
            -0.1009197011590004,
            -0.7489418983459473,
            -0.07521484792232513
        ],
        [
            -0.11076463013887405,
            -0.748619019985199,
            -0.0716911256313324
        ],
        [
            -0.11224134266376495,
            -0.7421663999557495,
            -0.06690189242362976
        ],
        [
            -0.12360110878944397,
            -0.7416410446166992,
            -0.05756894499063492
        ],
        [
            -0.12637194991111755,
            -0.7388788461685181,
            -0.05237916111946106
        ],
        [
            -0.11808732151985168,
            -0.7293955087661743,
            -0.05582549795508385
        ],
        [
            -0.11551440507173538,
            -0.7346118688583374,
            -0.06129501014947891
        ],
        [
            -0.1346917748451233,
            -0.7597545385360718,
            -0.0602116696536541
        ],
        [
            -0.13155753910541534,
            -0.7614405751228333,
            -0.063444122672081
        ],
        [
            -0.13412481546401978,
            -0.7617039680480957,
            -0.0643438920378685
        ],
        [
            -0.13825185596942902,
            -0.7608521580696106,
            -0.061195001006126404
        ],
        [
            -0.12919732928276062,
            -0.7623436450958252,
            -0.06658448278903961
        ],
        [
            -0.1281319260597229,
            -0.7626458406448364,
            -0.0679924488067627
        ],
        [
            -0.12978419661521912,
            -0.7631821632385254,
            -0.06814591586589813
        ],
        [
            -0.1299458146095276,
            -0.76288902759552,
            -0.06682434678077698
        ],
        [
            -0.13073861598968506,
            -0.7620998620986938,
            -0.06499850749969482
        ],
        [
            -0.13040949404239655,
            -0.7601262331008911,
            -0.06401140242815018
        ],
        [
            -0.12950807809829712,
            -0.7613257169723511,
            -0.06577819585800171
        ],
        [
            -0.13316206634044647,
            -0.7577824592590332,
            -0.06118544191122055
        ],
        [
            -0.1414642333984375,
            -0.7510247230529785,
            -0.05094713345170021
        ],
        [
            -0.13972601294517517,
            -0.7523652911186218,
            -0.054136283695697784
        ],
        [
            -0.14112602174282074,
            -0.7566214203834534,
            -0.052590012550354004
        ],
        [
            -0.14278265833854675,
            -0.7556819915771484,
            -0.04998350143432617
        ],
        [
            -0.13254864513874054,
            -0.7640069723129272,
            -0.0673508569598198
        ],
        [
            -0.1323363184928894,
            -0.765637218952179,
            -0.06938916444778442
        ],
        [
            -0.13724401593208313,
            -0.7661572694778442,
            -0.06666073203086853
        ],
        [
            -0.1357267051935196,
            -0.7638828754425049,
            -0.06521061062812805
        ],
        [
            -0.13243409991264343,
            -0.7676979303359985,
            -0.07224661111831665
        ],
        [
            -0.12941521406173706,
            -0.76474928855896,
            -0.07026681303977966
        ],
        [
            -0.1287149339914322,
            -0.7659051418304443,
            -0.07332257926464081
        ],
        [
            -0.12743747234344482,
            -0.7610212564468384,
            -0.06736087799072266
        ],
        [
            -0.12482529133558273,
            -0.7605082988739014,
            -0.06960567086935043
        ],
        [
            -0.12681767344474792,
            -0.7624149322509766,
            -0.07054930180311203
        ],
        [
            -0.12419043481349945,
            -0.7571611404418945,
            -0.06764764338731766
        ],
        [
            -0.12792956829071045,
            -0.758622407913208,
            -0.0651145875453949
        ],
        [
            -0.13019460439682007,
            -0.7553787231445312,
            -0.06232130900025368
        ],
        [
            -0.13333788514137268,
            -0.7519052028656006,
            -0.05867251753807068
        ],
        [
            -0.12802663445472717,
            -0.749260425567627,
            -0.06006865203380585
        ],
        [
            -0.1254827380180359,
            -0.7531619071960449,
            -0.06435051560401917
        ],
        [
            -0.13812418282032013,
            -0.7701098918914795,
            -0.06881743669509888
        ],
        [
            -0.12404435127973557,
            -0.7630528211593628,
            -0.07422611117362976
        ],
        [
            -0.12635642290115356,
            -0.7689088582992554,
            -0.07776221632957458
        ],
        [
            -0.12086421996355057,
            -0.7592992186546326,
            -0.07365085184574127
        ],
        [
            -0.11893635243177414,
            -0.7552911639213562,
            -0.07131445407867432
        ],
        [
            -0.11914532631635666,
            -0.7505951523780823,
            -0.06718811392784119
        ],
        [
            -0.1211274266242981,
            -0.7458621263504028,
            -0.06261157989501953
        ],
        [
            -0.10407154262065887,
            -0.726889967918396,
            -0.05509711056947708
        ],
        [
            -0.10232747346162796,
            -0.733569324016571,
            -0.06252478808164597
        ],
        [
            -0.17297478020191193,
            -0.8310190439224243,
            -0.07890550792217255
        ],
        [
            -0.1685272604227066,
            -0.8322986364364624,
            -0.08670464158058167
        ],
        [
            -0.16035810112953186,
            -0.8276668787002563,
            -0.08559548854827881
        ],
        [
            -0.16092383861541748,
            -0.8298021554946899,
            -0.08721793442964554
        ],
        [
            -0.1657337099313736,
            -0.8291424512863159,
            -0.08324790745973587
        ],
        [
            -0.16369476914405823,
            -0.8269487619400024,
            -0.08231434971094131
        ],
        [
            -0.14051438868045807,
            -0.8299704194068909,
            -0.09476324170827866
        ],
        [
            -0.1462928056716919,
            -0.8289282321929932,
            -0.09112390875816345
        ],
        [
            -0.14326569437980652,
            -0.8262979984283447,
            -0.09072314202785492
        ],
        [
            -0.13665960729122162,
            -0.8245095014572144,
            -0.09584619104862213
        ],
        [
            -0.14696864783763885,
            -0.8158479332923889,
            -0.08488133549690247
        ],
        [
            -0.14407485723495483,
            -0.8188117742538452,
            -0.08827029168605804
        ],
        [
            -0.15014779567718506,
            -0.8231440782546997,
            -0.08555323630571365
        ],
        [
            -0.15228548645973206,
            -0.8209608793258667,
            -0.08313919603824615
        ],
        [
            -0.15443778038024902,
            -0.8192888498306274,
            -0.08003952354192734
        ],
        [
            -0.15655598044395447,
            -0.8181899189949036,
            -0.07621670514345169
        ],
        [
            -0.15322601795196533,
            -0.8139724731445312,
            -0.07634787261486053
        ],
        [
            -0.1502031683921814,
            -0.8144422769546509,
            -0.08073171228170395
        ],
        [
            -0.16833284497261047,
            -0.8291819095611572,
            -0.0773596465587616
        ],
        [
            -0.1694384515285492,
            -0.8277803659439087,
            -0.0700356513261795
        ],
        [
            -0.16667115688323975,
            -0.8258925080299377,
            -0.07117237150669098
        ],
        [
            -0.16622498631477356,
            -0.8266874551773071,
            -0.07727234065532684
        ],
        [
            -0.16146712005138397,
            -0.8215876817703247,
            -0.05990613251924515
        ],
        [
            -0.1633734107017517,
            -0.8232126235961914,
            -0.06145394593477249
        ],
        [
            -0.16566665470600128,
            -0.8237248063087463,
            -0.05829223245382309
        ],
        [
            -0.16297191381454468,
            -0.8201832175254822,
            -0.05704155191779137
        ],
        [
            -0.16111336648464203,
            -0.8176940679550171,
            -0.05933336541056633
        ],
        [
            -0.16080939769744873,
            -0.8200501799583435,
            -0.0612790510058403
        ],
        [
            -0.1913769543170929,
            -0.8836476802825928,
            -0.07956399023532867
        ],
        [
            -0.1925697922706604,
            -0.8646944165229797,
            -0.07717529684305191
        ],
        [
            -0.17449189722537994,
            -0.8849489688873291,
            -0.0909879058599472
        ],
        [
            -0.15718378126621246,
            -0.8817559480667114,
            -0.09723132103681564
        ],
        [
            -0.14140844345092773,
            -0.874584972858429,
            -0.10233749449253082
        ],
        [
            -0.1106647178530693,
            -0.775346040725708,
            -0.08903668820858002
        ],
        [
            -0.10104046761989594,
            -0.7706525325775146,
            -0.08849340677261353
        ],
        [
            -0.09265629947185516,
            -0.7831723690032959,
            -0.09343405812978745
        ],
        [
            -0.08457370102405548,
            -0.7760893106460571,
            -0.09028087556362152
        ],
        [
            -0.09398545324802399,
            -0.7631209492683411,
            -0.08530932664871216
        ],
        [
            -0.08713452517986298,
            -0.7458934783935547,
            -0.07133591175079346
        ],
        [
            -0.08925711363554001,
            -0.7543944120407104,
            -0.07972051948308945
        ],
        [
            -0.07724037766456604,
            -0.768789529800415,
            -0.08495455980300903
        ],
        [
            -0.067573681473732,
            -0.7871724367141724,
            -0.09009823203086853
        ],
        [
            -0.07676954567432404,
            -0.7906885147094727,
            -0.09369812160730362
        ],
        [
            -0.06279054284095764,
            -0.8075383901596069,
            -0.09113121032714844
        ],
        [
            -0.05648109316825867,
            -0.7838113307952881,
            -0.08375507593154907
        ],
        [
            -0.05557790398597717,
            -0.8101886510848999,
            -0.08606041222810745
        ],
        [
            -0.056265007704496384,
            -0.7509926557540894,
            -0.06857200711965561
        ],
        [
            -0.051738191395998,
            -0.7437044382095337,
            -0.06923441588878632
        ],
        [
            -0.039935387670993805,
            -0.7555162310600281,
            -0.07853171229362488
        ],
        [
            -0.044552430510520935,
            -0.7633445262908936,
            -0.07771569490432739
        ],
        [
            -0.08671441674232483,
            -0.7947423458099365,
            -0.09629280865192413
        ],
        [
            -0.12279899418354034,
            -0.8478389978408813,
            -0.1027129739522934
        ],
        [
            -0.13332082331180573,
            -0.8417674899101257,
            -0.10139648616313934
        ],
        [
            -0.11318658292293549,
            -0.8382564187049866,
            -0.10336234420537949
        ],
        [
            -0.13412374258041382,
            -0.9100905656814575,
            -0.10078874230384827
        ],
        [
            -0.14806678891181946,
            -0.8972337245941162,
            -0.09980183839797974
        ],
        [
            -0.1333630084991455,
            -0.8876345157623291,
            -0.10429257899522781
        ],
        [
            -0.12255367636680603,
            -0.9007248878479004,
            -0.10482169687747955
        ],
        [
            -0.16537638008594513,
            -0.9337359070777893,
            -0.07809345424175262
        ],
        [
            -0.18084311485290527,
            -0.91021728515625,
            -0.08151571452617645
        ],
        [
            -0.16619472205638885,
            -0.9055787920951843,
            -0.09082002937793732
        ],
        [
            -0.1523735225200653,
            -0.9237165451049805,
            -0.08976655453443527
        ],
        [
            -0.11103715002536774,
            -0.9084339141845703,
            -0.10415885597467422
        ],
        [
            -0.09611541032791138,
            -0.9185113310813904,
            -0.1005246490240097
        ],
        [
            -0.09884405136108398,
            -0.9350708723068237,
            -0.09560151398181915
        ],
        [
            -0.11870317161083221,
            -0.9248644709587097,
            -0.09938912838697433
        ],
        [
            -0.10518966615200043,
            -0.9550756216049194,
            -0.08311481773853302
        ],
        [
            -0.1296943873167038,
            -0.9430211186408997,
            -0.08729275315999985
        ],
        [
            -0.04242144525051117,
            -0.8013988733291626,
            -0.08087313920259476
        ],
        [
            -0.04719765484333038,
            -0.82096266746521,
            -0.08174770325422287
        ],
        [
            -0.05150988698005676,
            -0.7715789079666138,
            -0.07797309011220932
        ],
        [
            -0.03852388262748718,
            -0.7860796451568604,
            -0.08047442138195038
        ],
        [
            -0.11238749325275421,
            -0.9692776799201965,
            -0.06500919163227081
        ],
        [
            -0.14125417172908783,
            -0.955938458442688,
            -0.07070856541395187
        ],
        [
            -0.04531727731227875,
            -0.9219209551811218,
            -0.07910771667957306
        ],
        [
            -0.06097966432571411,
            -0.9333057999610901,
            -0.08309613168239594
        ],
        [
            -0.06631913781166077,
            -0.9154077768325806,
            -0.09300670772790909
