{
    "pred_cam": [
        1.4177721738815308,
        0.14696656167507172,
        0.271612286567688
    ],
    "pred_smpl_params": {
        "global_orient": [
            [
                [
                    -0.301295667886734,
                    0.10631631314754486,
                    -0.9475851655006409
                ],
                [
                    0.22620175778865814,
                    -0.957427978515625,
                    -0.17934411764144897
                ],
                [
                    -0.9263118505477905,
                    -0.2683810591697693,
                    0.2644199728965759
                ]
            ]
        ],
        "body_pose": [
            [
                [
                    0.9967944025993347,
                    0.027398910373449326,
                    0.07516762614250183
                ],
                [
                    -0.04127088561654091,
                    0.9809697270393372,
                    0.18972384929656982
                ],
                [
                    -0.06853893399238586,
                    -0.19221791625022888,
                    0.9789559245109558
                ]
            ],
            [
                [
                    0.9860059022903442,
                    0.14490032196044922,
                    -0.08243928104639053
                ],
                [
                    -0.14301809668540955,
                    0.9893145561218262,
                    0.02832784503698349
                ],
                [
                    0.08566310256719589,
                    -0.016141114756464958,
                    0.9961933493614197
                ]
            ],
            [
                [
                    0.9976083636283875,
                    -0.047056645154953,
                    0.05062875524163246
                ],
                [
                    0.05535978078842163,
                    0.9825423359870911,
                    -0.17761127650737762
                ],
                [
                    -0.04138711094856262,
                    0.1799892783164978,
                    0.9827975034713745
                ]
            ],
            [
                [
                    0.9776365756988525,
                    0.2040531039237976,
                    0.050884079188108444
                ],
                [
                    -0.19727151095867157,
                    0.9736580848693848,
                    -0.11434145271778107
                ],
                [
                    -0.07287542521953583,
                    0.10174639523029327,
                    0.992137610912323
                ]
            ],
            [
                [
                    0.9848530292510986,
                    0.0571296326816082,
                    0.16370908915996552
                ],
                [
                    -0.051799226552248,
                    0.9979847073554993,
                    -0.03664965555071831
                ],
                [
                    -0.16547296941280365,
                    0.027614522725343704,
                    0.9858275055885315
                ]
            ],
            [
                [
                    0.991240382194519,
                    -0.13074247539043427,
                    0.018678467720746994
                ],
                [
                    0.1315610110759735,
                    0.989899754524231,
                    -0.05282217264175415
                ],
                [
                    -0.01158370915800333,
                    0.0548168309032917,
                    0.9984292387962341
                ]
            ],
            [
                [
                    0.9757377505302429,
                    0.039811279624700546,
                    0.21529264748096466
                ],
                [
                    -0.03263094276189804,
                    0.9987896084785461,
                    -0.03680494427680969
                ],
                [
                    -0.2164973020553589,
                    0.028886767104268074,
                    0.975855827331543
                ]
            ],
            [
                [
                    0.9716243147850037,
                    -0.08368737250566483,
                    -0.22122961282730103
                ],
                [
                    0.07729779183864594,
                    0.9963064193725586,
                    -0.03739935904741287
                ],
                [
                    0.22354230284690857,
                    0.019237570464611053,
                    0.9745044112205505
                ]
            ],
            [
                [
                    0.998438835144043,
                    -0.05291121080517769,
                    0.017896855250000954
                ],
                [
                    0.05417260155081749,
                    0.9953650832176208,
                    -0.07945848256349564
                ],
                [
                    -0.013609659858047962,
                    0.08030395954847336,
                    0.9966775178909302
                ]
            ],
            [
                [
                    0.9959023594856262,
                    -0.06078910827636719,
                    0.06695551425218582
                ],
                [
                    0.0628347173333168,
                    0.9976060390472412,
                    -0.02888050302863121
                ],
                [
                    -0.06503959745168686,
                    0.03296929970383644,
                    0.9973378777503967
                ]
            ],
            [
                [
                    0.9955772757530212,
                    0.09380161762237549,
                    0.005216903518885374
                ],
                [
                    -0.09393879026174545,
                    0.9946740865707397,
                    0.042413659393787384
                ],
                [
                    -0.001210648799315095,
                    -0.042716141790151596,
                    0.9990864992141724
                ]
            ],
            [
                [
                    0.9409546852111816,
                    -0.00179837248288095,
                    0.33852800726890564
                ],
                [
                    0.061063915491104126,
                    0.9844851493835449,
                    -0.1645001918077469
                ],
                [
                    -0.3329799473285675,
                    0.17545904219150543,
                    0.9264657497406006
                ]
            ],
            [
                [
                    0.9068193435668945,
                    -0.11564941704273224,
                    -0.405344158411026
                ],
                [
                    0.16894403100013733,
                    0.9807273149490356,
                    0.09814167767763138
                ],
                [
                    0.38618209958076477,
                    -0.1574772447347641,
                    0.9088807702064514
                ]
            ],
            [
                [
                    0.9355617165565491,
                    -0.2504618763923645,
                    0.24898391962051392
                ],
                [
                    0.24444568157196045,
                    0.9680836200714111,
                    0.05532090738415718
                ],
                [
                    -0.254893034696579,
                    0.009106915444135666,
                    0.9669262766838074
                ]
            ],
            [
                [
                    0.9947356581687927,
                    0.08276756852865219,
                    0.060420118272304535
                ],
                [
                    -0.05512623116374016,
                    0.9292359948158264,
                    -0.3653514087200165
                ],
                [
                    -0.08638378977775574,
                    0.3600972890853882,
                    0.9289068579673767
                ]
            ],
            [
                [
                    0.7799482941627502,
                    0.1678462028503418,
                    -0.6029165387153625
                ],
                [
                    -0.1605507880449295,
                    0.9847874045372009,
                    0.0664626881480217
                ],
                [
                    0.604900062084198,
                    0.044961296021938324,
                    0.7950310707092285
                ]
            ],
            [
                [
                    0.5905275344848633,
                    -0.6655493378639221,
                    0.45642226934432983
                ],
                [
                    0.7685064673423767,
                    0.6363952159881592,
                    -0.06632430106401443
                ],
                [
                    -0.2463228404521942,
                    0.3899298310279846,
                    0.8872878551483154
                ]
            ],
            [
                [
                    0.16864168643951416,
                    -0.1023896336555481,
                    -0.9803449511528015
                ],
                [
                    -0.14506284892559052,
                    0.9811819791793823,
                    -0.12743116915225983
                ],
                [
                    0.9749444723129272,
                    0.1637018471956253,
                    0.15061524510383606
                ]
            ],
            [
                [
                    0.16628172993659973,
                    0.21362310647964478,
                    0.9626606106758118
                ],
                [
                    0.08128643035888672,
                    0.9699596166610718,
                    -0.22928349673748016
                ],
                [
                    -0.9827221035957336,
                    0.11637689918279648,
                    0.1439218968153
                ]
            ],
            [
                [
                    0.9827643036842346,
                    -0.111517034471035,
                    -0.14743861556053162
                ],
                [
                    0.10765804350376129,
                    0.9936090111732483,
                    -0.0339248888194561
                ],
                [
                    0.15027953684329987,
                    0.01746721938252449,
                    0.9884891510009766
                ]
            ],
            [
                [
                    0.9896188974380493,
                    0.016733573749661446,
                    0.14273898303508759
                ],
                [
                    -0.06019723042845726,
                    0.950137734413147,
                    0.3059648871421814
                ],
                [
                    -0.13050182163715363,
                    -0.31138113141059875,
                    0.9412815570831299
                ]
            ],
            [
                [
                    0.993757963180542,
                    0.10068294405937195,
                    -0.04804385080933571
                ],
                [
                    -0.09567298740148544,
                    0.9906616806983948,
                    0.09713985025882721
                ],
                [
                    0.057375527918338776,
                    -0.09193698316812515,
                    0.9941105842590332
                ]
            ],
            [
                [
                    0.9901189208030701,
                    -0.14022351801395416,
                    -0.0013383686309680343
                ],
                [
                    0.13937850296497345,
                    0.9830124974250793,
                    0.11941512674093246
                ],
                [
                    -0.015429177321493626,
                    -0.11842172592878342,
                    0.9928433895111084
                ]
            ]
        ],
        "betas": [
            -0.17471447587013245,
            -0.2294023334980011,
            0.21588554978370667,
            0.6261317729949951,
            0.211202010512352,
            0.005744878202676773,
            -0.01940995454788208,
            -0.05823275446891785,
            0.09861654788255692,
            -0.0027688443660736084
        ]
    },
    "pred_cam_t": [
        0.14696656167507172,
        0.271612286567688,
        27.55202865600586
    ],
    "focal_length": [
        5000.0,
        5000.0
    ],
    "pred_keypoints_3d": [
        [
            -0.17078055441379547,
            -0.7681403160095215,
            -0.05653021112084389
        ],
        [
            0.010927991941571236,
            -0.7338141798973083,
            -0.03064650297164917
        ],
        [
            0.04626286402344704,
            -0.6417301297187805,
            0.1459980010986328
        ],
        [
            0.026130635291337967,
            -0.4085082411766052,
            0.23221023380756378
        ],
        [
            -0.1936740130186081,
            -0.36080265045166016,
            0.12330257147550583
        ],
        [
            -0.05296196788549423,
            -0.6820918917655945,
            -0.18602332472801208
        ],
        [
            -0.28938987851142883,
            -0.6494393944740295,
            -0.2780076265335083
        ],
        [
            -0.38816526532173157,
            -0.611294686794281,
            -0.05769297480583191
        ],
        [
            -0.002099141478538513,
            -0.2290220558643341,
            0.028406456112861633
        ],
        [
            0.012621056288480759,
            -0.15697124600410461,
            0.11401314288377762
        ],
        [
            0.006263231858611107,
            0.1721450388431549,
            0.29269030690193176
        ],
        [
            0.03218882530927658,
            0.5310165882110596,
            0.44168585538864136
        ],
        [
            -0.026288237422704697,
            -0.12469107657670975,
            -0.012919582426548004
        ],
        [
            -0.13154645264148712,
            0.21359631419181824,
            0.07985271513462067
        ],
        [
            -0.1357666403055191,
            0.5462063550949097,
            0.281541109085083
        ],
        [
            -0.16807785630226135,
            -0.815693736076355,
            -0.017170507460832596
        ],
        [
            -0.15693452954292297,
            -0.8216351270675659,
            -0.08256860822439194
        ],
        [
            -0.08634072542190552,
            -0.8463016748428345,
            0.04424142837524414
        ],
        [
            -0.06392470002174377,
            -0.8593396544456482,
            -0.10315307229757309
        ],
        [
            -0.3331875503063202,
            0.5810049772262573,
            0.3092194199562073
        ],
        [
            -0.28383690118789673,
            0.6196677684783936,
            0.2537538409233093
        ],
        [
            -0.08075077831745148,
            0.5844332575798035,
            0.2945822477340698
        ],
        [
            -0.1472553312778473,
            0.5484806895256042,
            0.525495707988739
        ],
        [
            -0.07519395649433136,
            0.5336513519287109,
            0.5742517709732056
        ],
        [
            0.08543244004249573,
            0.5798993110656738,
            0.4411751627922058
        ],
        [
            0.06625442206859589,
            0.4823695421218872,
            0.430174857378006
        ],
        [
            0.007867591455578804,
            0.11400292068719864,
            0.2627835273742676
        ],
        [
            0.052914246916770935,
            -0.29062706232070923,
            0.1526617407798767
        ],
        [
            -0.018862172961235046,
            -0.2064436674118042,
            -0.11867043375968933
        ],
        [
            -0.12353004515171051,
            0.178651824593544,
            0.05456974729895592
        ],
        [
            -0.10791739821434021,
            0.5244506597518921,
            0.2551073431968689
        ],
        [
            -0.17635256052017212,
            -0.3981986343860626,
            0.12115994840860367
        ],
        [
            0.000996301183477044,
            -0.4384450316429138,
            0.24791620671749115
        ],
        [
            0.040416419506073,
            -0.6709028482437134,
            0.1115449070930481
        ],
        [
            -0.03431558981537819,
            -0.7088565230369568,
            -0.17181043326854706
        ],
        [
            -0.27835142612457275,
            -0.688129186630249,
            -0.25633302330970764
        ],
        [
            -0.36926907300949097,
            -0.6263173222541809,
            -0.05765142664313316
        ],
        [
            0.006626536604017019,
            -0.7294464111328125,
            -0.02626071684062481
        ],
        [
            -0.11502064019441605,
            -0.8914921283721924,
            -0.03709417209029198
        ],
        [
            0.01686839759349823,
            -0.24897868931293488,
            0.01629018969833851
        ],
        [
            0.003006534418091178,
            -0.6839845180511475,
            -0.026851056143641472
        ],
        [
            0.04343196004629135,
            -0.4925837218761444,
            -0.032290950417518616
        ],
        [
            -0.09127195179462433,
            -0.778894305229187,
            -0.04600818082690239
        ],
        [
            -0.11746920645236969,
            -0.9109904766082764,
            -0.03217410668730736
        ]
    ],
    "pred_vertices": [
        [
            -0.17905357480049133,
            -0.8635194301605225,
            -0.09537229686975479
        ],
        [
            -0.17901204526424408,
            -0.8470938205718994,
            -0.09087663888931274
        ],
        [
            -0.1675705760717392,
            -0.8491800427436829,
            -0.09981848299503326
        ],
        [
            -0.16341324150562286,
            -0.8630048036575317,
            -0.10328586399555206
        ],
        [
            -0.1688254177570343,
            -0.8379188776016235,
            -0.09702665358781815
        ],
        [
            -0.17689356207847595,
            -0.8352213501930237,
            -0.08846418559551239
        ],
        [
            -0.15427878499031067,
            -0.8487298488616943,
            -0.10434556007385254
        ],
        [
            -0.14765846729278564,
            -0.8605231046676636,
            -0.10682940483093262
        ],
        [
            -0.1261066496372223,
            -0.8232486248016357,
            -0.10634642094373703
        ],
        [
            -0.1153726726770401,
            -0.8241278529167175,
            -0.10825078934431076
        ],
        [
            -0.12255246937274933,
            -0.8340060114860535,
            -0.10850680619478226
        ],
        [
            -0.13152247667312622,
            -0.83054518699646,
            -0.10549928992986679
        ],
        [
            -0.11148727685213089,
            -0.8017007112503052,
            -0.10418617725372314
        ],
        [
            -0.11522926390171051,
            -0.7891563177108765,
            -0.09974715113639832
        ],
        [
            -0.10227525979280472,
            -0.7857069373130798,
            -0.09997811913490295
        ],
        [
            -0.0974033921957016,
            -0.7981923222541809,
            -0.10310366749763489
        ],
        [
            -0.14746171236038208,
            -0.7882411479949951,
            -0.07321934401988983
        ],
        [
            -0.14256912469863892,
            -0.7832237482070923,
            -0.07826286554336548
        ],
        [
            -0.14450745284557343,
            -0.7898444533348083,
            -0.08210121095180511
        ],
        [
            -0.14872488379478455,
            -0.7942365407943726,
            -0.07624723017215729
        ],
        [
            -0.158787339925766,
            -0.7934012413024902,
            -0.06587538123130798
        ],
        [
            -0.15831705927848816,
            -0.799862802028656,
            -0.066237673163414
        ],
        [
            -0.16539645195007324,
            -0.8004915714263916,
            -0.06273338198661804
        ],
        [
            -0.166289284825325,
            -0.7930856943130493,
            -0.06347662210464478
        ],
        [
            -0.1457342654466629,
            -0.7831552028656006,
            -0.0677797943353653
        ],
        [
            -0.1403510570526123,
            -0.7783167958259583,
            -0.07302475720643997
        ],
        [
            -0.15199361741542816,
            -0.7922267913818359,
            -0.06906450539827347
        ],
        [
            -0.1522846221923828,
            -0.787173867225647,
            -0.06779587268829346
        ],
        [
            -0.15904276072978973,
            -0.7768734693527222,
            -0.06717492640018463
        ],
        [
            -0.1596764326095581,
            -0.7818187475204468,
            -0.06842386722564697
        ],
        [
            -0.16670013964176178,
            -0.7794890403747559,
            -0.0667414665222168
        ],
        [
            -0.16383099555969238,
            -0.7746570706367493,
            -0.06531192362308502
        ],
        [
            -0.15007206797599792,
            -0.7806967496871948,
            -0.06800658255815506
        ],
        [
            -0.15373171865940094,
            -0.7821714282035828,
            -0.06912674754858017
        ],
        [
            -0.15452133119106293,
            -0.7775814533233643,
            -0.06721746921539307
        ],
        [
            -0.1510193943977356,
            -0.7770187854766846,
            -0.06496741622686386
        ],
        [
            -0.1592482626438141,
            -0.7884065508842468,
            -0.06600625813007355
        ],
        [
            -0.16679531335830688,
            -0.7866712808609009,
            -0.06482666730880737
        ],
        [
            -0.17432305216789246,
            -0.7843736410140991,
            -0.06254014372825623
        ],
        [
            -0.17338678240776062,
            -0.775448203086853,
            -0.06396564841270447
        ],
        [
            -0.12855443358421326,
            -0.7751639485359192,
            -0.0871092677116394
        ],
        [
            -0.1362740397453308,
            -0.7790563106536865,
            -0.08355493098497391
        ],
        [
            -0.1350575089454651,
            -0.7743202447891235,
            -0.07826292514801025
        ],
        [
            -0.12916721403598785,
            -0.7710931301116943,
            -0.08210225403308868
        ],
        [
            -0.14644068479537964,
            -0.7758345603942871,
            -0.06520213186740875
        ],
        [
            -0.1383633017539978,
            -0.7623433470726013,
            -0.06819428503513336
        ],
        [
            -0.14025218784809113,
            -0.7655867338180542,
            -0.06865790486335754
        ],
        [
            -0.14527466893196106,
            -0.7639790773391724,
            -0.06377105414867401
        ],
        [
            -0.14322537183761597,
            -0.7610504627227783,
            -0.06391777098178864
        ],
        [
            -0.11328329890966415,
            -0.766987681388855,
            -0.08980856835842133
        ],
        [
            -0.11765711009502411,
            -0.7635204792022705,
            -0.0851125717163086
        ],
        [
            -0.11212754994630814,
            -0.7586262226104736,
            -0.0847778171300888
        ],
        [
            -0.10625500977039337,
            -0.7615553140640259,
            -0.08840562403202057
        ],
        [
            -0.1091822013258934,
            -0.7537751197814941,
            -0.08175758272409439
        ],
        [
            -0.10055771470069885,
            -0.7560039758682251,
            -0.08592335879802704
        ],
        [
            -0.09633569419384003,
            -0.7425939440727234,
            -0.07643617689609528
        ],
        [
            -0.09784544259309769,
            -0.7486772537231445,
            -0.08121684193611145
        ],
        [
            -0.1077146828174591,
            -0.7482726573944092,
            -0.07770736515522003
        ],
        [
            -0.10914163291454315,
            -0.7418375015258789,
            -0.07289960235357285
        ],
        [
            -0.12051430344581604,
            -0.7412096261978149,
            -0.06356026232242584
        ],
        [
            -0.12326012551784515,
            -0.7384470701217651,
            -0.058368783444166183
        ],
        [
            -0.11487512290477753,
            -0.7290631532669067,
            -0.06177690997719765
        ],
        [
            -0.11234628409147263,
            -0.7342857122421265,
            -0.06726959347724915
        ],
        [
            -0.13180430233478546,
            -0.7591749429702759,
            -0.06628638505935669
        ],
        [
            -0.12868112325668335,
            -0.7608824968338013,
            -0.0695151761174202
        ],
        [
            -0.13125190138816833,
            -0.7611103057861328,
            -0.07041918486356735
        ],
        [
            -0.13537615537643433,
            -0.7602236270904541,
            -0.06727544218301773
        ],
        [
            -0.12632346153259277,
            -0.7617977857589722,
            -0.07264919579029083
        ],
        [
            -0.1252560019493103,
            -0.7621062994003296,
            -0.07405872642993927
        ],
        [
            -0.12691852450370789,
            -0.7626231908798218,
            -0.0742151141166687
        ],
        [
            -0.12707173824310303,
            -0.7623269557952881,
            -0.07288230210542679
        ],
        [
            -0.12785878777503967,
            -0.7615370750427246,
            -0.07105819135904312
        ],
        [
            -0.12751033902168274,
            -0.7595716118812561,
            -0.07007046788930893
        ],
        [
            -0.12661974132061005,
            -0.7607802152633667,
            -0.07184398174285889
        ],
        [
            -0.13024267554283142,
            -0.7572104930877686,
            -0.0672442689538002
        ],
        [
            -0.13846994936466217,
            -0.7504144906997681,
            -0.05699899047613144
        ],
        [
            -0.13675686717033386,
            -0.7517604827880859,
            -0.06019414961338043
        ],
        [
            -0.13821101188659668,
            -0.7560056447982788,
            -0.05866594612598419
        ],
        [
            -0.13985088467597961,
            -0.7550581097602844,
            -0.0560518354177475
        ],
        [
            -0.12967798113822937,
            -0.7634143829345703,
            -0.07341325283050537
        ],
        [
            -0.12950095534324646,
            -0.7650377750396729,
            -0.0754786804318428
        ],
        [
            -0.13442113995552063,
            -0.7655097246170044,
            -0.07276128232479095
        ],
        [
            -0.13287930190563202,
            -0.7632635831832886,
            -0.07130072265863419
        ],
        [
            -0.12961700558662415,
            -0.7670742869377136,
            -0.07833778113126755
        ],
        [
            -0.12656129896640778,
            -0.7641804218292236,
            -0.07634352147579193
        ],
        [
            -0.12586671113967896,
            -0.7653250098228455,
            -0.07940319180488586
        ],
        [
            -0.12454274296760559,
            -0.7604898810386658,
            -0.07342210412025452
        ],
        [
            -0.12192092090845108,
            -0.7599932551383972,
            -0.07566319406032562
        ],
        [
            -0.12393517792224884,
            -0.7618746757507324,
            -0.07661310583353043
        ],
        [
            -0.12124958634376526,
            -0.7566615343093872,
            -0.07369683682918549
        ],
        [
            -0.12501510977745056,
            -0.7580949068069458,
            -0.07117150723934174
        ],
        [
            -0.12725208699703217,
            -0.7548365592956543,
            -0.06837781518697739
        ],
        [
            -0.13036364316940308,
            -0.7513464689254761,
            -0.0647185891866684
        ],
        [
            -0.12502023577690125,
            -0.7487553358078003,
            -0.06609868258237839
        ],
        [
            -0.1225091814994812,
            -0.7526637315750122,
            -0.07039190828800201
        ],
        [
            -0.13533350825309753,
            -0.7694368362426758,
            -0.07493298500776291
        ],
        [
            -0.12116394191980362,
            -0.7625236511230469,
            -0.08028896152973175
        ],
        [
            -0.12354514747858047,
            -0.7683323621749878,
            -0.08385585993528366
        ],
        [
            -0.11793583631515503,
            -0.7588080167770386,
            -0.07969772815704346
        ],
        [
            -0.11595841497182846,
            -0.7548375129699707,
            -0.07734799385070801
        ],
        [
            -0.11614203453063965,
            -0.7501703500747681,
            -0.073224276304245
        ],
        [
            -0.11808545887470245,
            -0.7454298734664917,
            -0.06861814111471176
        ],
        [
            -0.10085350275039673,
            -0.7267296314239502,
            -0.061002545058727264
        ],
        [
            -0.09916345775127411,
            -0.7333936095237732,
            -0.06846436858177185
        ],
        [
            -0.1708897203207016,
            -0.8298319578170776,
            -0.08532170206308365
        ],
        [
            -0.16645334661006927,
            -0.8311340808868408,
            -0.09312921017408371
        ],
        [
            -0.15822236239910126,
            -0.826615035533905,
            -0.09197404980659485
        ],
        [
            -0.15882661938667297,
            -0.8287310004234314,
            -0.09361705183982849
        ],
        [
            -0.16362029314041138,
            -0.8280289769172668,
            -0.08964705467224121
        ],
        [
            -0.16155178844928741,
            -0.8258845806121826,
            -0.08868327736854553
        ],
        [
            -0.13840220868587494,
            -0.8290882110595703,
            -0.10113729536533356
        ],
        [
            -0.1441701501607895,
            -0.8280067443847656,
            -0.09748740494251251
        ],
        [
            -0.1411190629005432,
            -0.8254159688949585,
            -0.09709003567695618
        ],
        [
            -0.13449156284332275,
            -0.8236788511276245,
            -0.1022067591547966
        ],
        [
            -0.1447117030620575,
            -0.8149461150169373,
            -0.09120713174343109
        ],
        [
            -0.1418517827987671,
            -0.817928671836853,
            -0.09461069107055664
        ],
        [
            -0.1479688584804535,
            -0.8221973180770874,
            -0.09190556406974792
        ],
        [
            -0.15008708834648132,
            -0.8199993968009949,
            -0.08948127925395966
        ],
        [
            -0.15221920609474182,
            -0.8183184862136841,
            -0.08637260645627975
        ],
        [
            -0.15433931350708008,
            -0.8172174692153931,
            -0.0825551301240921
        ],
        [
            -0.1509557068347931,
            -0.8130311369895935,
            -0.08265573531389236
        ],
        [
            -0.14793440699577332,
            -0.8135133385658264,
            -0.08704262971878052
        ],
        [
            -0.1662149876356125,
            -0.8280695676803589,
            -0.08373455703258514
        ],
        [
            -0.167326420545578,
            -0.8267006874084473,
            -0.0764157623052597
        ],
        [
            -0.1645233929157257,
            -0.8248326778411865,
            -0.07753066718578339
        ],
        [
            -0.16408295929431915,
            -0.8255987167358398,
            -0.08363091200590134
        ],
        [
            -0.15930558741092682,
            -0.8206364512443542,
            -0.0662514939904213
        ],
        [
            -0.16122016310691833,
            -0.8222403526306152,
            -0.06780682504177094
        ],
        [
            -0.16351968050003052,
            -0.82274329662323,
            -0.06464570760726929
        ],
        [
            -0.1607956886291504,
            -0.8192341327667236,
            -0.06338146328926086
        ],
        [
            -0.15890750288963318,
            -0.8167473077774048,
            -0.06565911322832108
        ],
        [
            -0.15863052010536194,
            -0.8190954923629761,
            -0.06761611998081207
        ],
        [
            -0.18989545106887817,
            -0.8822118043899536,
            -0.08624882996082306
        ],
        [
            -0.19083024561405182,
            -0.8632818460464478,
            -0.0838114395737648
        ],
        [
            -0.17301976680755615,
            -0.8836710453033447,
            -0.0976678729057312
        ],
        [
            -0.15566498041152954,
            -0.8806427717208862,
            -0.10387048870325089
        ],
        [
            -0.13978929817676544,
            -0.8736354112625122,
            -0.10890060663223267
        ],
        [
            -0.10791090130805969,
            -0.7748719453811646,
            -0.09514278173446655
        ],
        [
            -0.09822212904691696,
            -0.770279049873352,
            -0.09457780420780182
        ],
        [
            -0.08997641503810883,
            -0.7828689813613892,
            -0.09956551343202591
        ],
        [
            -0.08179464191198349,
            -0.7758796215057373,
            -0.09636234492063522
        ],
        [
            -0.09105624258518219,
            -0.762850821018219,
            -0.09135603159666061
        ],
        [
            -0.08404114097356796,
            -0.7458001375198364,
            -0.07727571576833725
        ],
        [
            -0.08621522039175034,
            -0.7542154788970947,
            -0.08569887280464172
        ],
        [
            -0.07435766607522964,
            -0.7686961889266968,
            -0.09094472229480743
        ],
        [
            -0.06490229070186615,
            -0.7871353030204773,
            -0.09613156318664551
        ],
        [
            -0.07417017221450806,
            -0.790544867515564,
            -0.09982757270336151
        ],
        [
            -0.06034807860851288,
            -0.8075261116027832,
            -0.09726019948720932
        ],
        [
            -0.053723230957984924,
            -0.7838853001594543,
            -0.08971448242664337
        ],
        [
            -0.053142353892326355,
            -0.8102403879165649,
            -0.09217114746570587
        ],
        [
            -0.053124867379665375,
            -0.7510471343994141,
            -0.07444493472576141
        ],
        [
            -0.04850292205810547,
            -0.7437235116958618,
            -0.07503468543291092
        ],
        [
            -0.036623962223529816,
            -0.7555203437805176,
            -0.08419916778802872
        ],
        [
            -0.04140198230743408,
            -0.7634090185165405,
            -0.08351892977952957
        ],
        [
            -0.0841740220785141,
            -0.7944729328155518,
            -0.102460116147995
        ],
        [
            -0.12085956335067749,
            -0.8471051454544067,
            -0.1091538667678833
        ],
        [
            -0.1313055455684662,
            -0.8409155607223511,
            -0.10784879326820374
        ],
        [
            -0.11116014420986176,
            -0.8376370668411255,
            -0.10975312441587448
        ],
        [
            -0.13288083672523499,
            -0.9092748165130615,
            -0.10744250565767288
        ],
        [
            -0.1466769427061081,
            -0.8962199687957764,
            -0.1063680350780487
        ],
        [
            -0.13187499344348907,
            -0.886776328086853,
            -0.11084449291229248
        ],
        [
            -0.12122601270675659,
            -0.900000810623169,
            -0.11137652397155762
        ],
        [
            -0.16446982324123383,
            -0.9326815605163574,
            -0.08491542190313339
        ],
        [
            -0.17964625358581543,
            -0.9089521765708923,
            -0.08821840584278107
        ],
        [
            -0.16492855548858643,
            -0.9044321775436401,
            -0.09747488051652908
        ],
        [
            -0.1513114869594574,
            -0.9227656126022339,
            -0.09650151431560516
        ],
        [
            -0.10982206463813782,
            -0.9078457355499268,
            -0.11070464551448822
        ],
        [
            -0.09497500956058502,
            -0.9181296825408936,
            -0.10711701959371567
        ],
        [
            -0.09790976345539093,
            -0.9346950054168701,
            -0.10231300443410873
        ],
        [
            -0.11764660477638245,
            -0.9242087006568909,
            -0.10604012757539749
        ],
        [
            -0.10450010001659393,
            -0.9546828866004944,
            -0.08989741653203964
        ],
        [
            -0.12885741889476776,
            -0.9423297047615051,
            -0.09404996037483215
        ],
        [
            -0.039829567074775696,
            -0.8015426993370056,
            -0.08689403533935547
        ],
        [
            -0.04486836493015289,
            -0.8210757970809937,
            -0.08792779594659805
        ],
        [
            -0.048541322350502014,
            -0.7716689109802246,
            -0.08390437066555023
        ],
        [
            -0.035658352077007294,
            -0.7862337827682495,
            -0.08634841442108154
        ],
        [
            -0.1119086742401123,
            -0.9688923358917236,
            -0.07186067849397659
        ],
        [
            -0.1405995488166809,
            -0.955185055732727,
            -0.07754742354154587
        ],
        [
            -0.04430203139781952,
            -0.9221879243850708,
            -0.08561958372592926
        ],
        [
            -0.06005869805812836,
            -0.9334248304367065,
            -0.08969077467918396
        ],
        [
            -0.06520985066890717,
            -0.9153890609741211,
            -0.09950925409793854
        ],
        [
