{
    "pred_cam": [
        1.1369353532791138,
        0.00802101381123066,
        0.16643473505973816
    ],
    "pred_smpl_params": {
        "global_orient": [
            [
                [
                    0.9797520041465759,
                    0.1969633251428604,
                    0.035936642438173294
                ],
                [
                    0.1944524645805359,
                    -0.9788527488708496,
                    0.06352555006742477
                ],
                [
                    0.047688886523246765,
                    -0.05525131896138191,
                    -0.9973329305648804
                ]
            ]
        ],
        "body_pose": [
            [
                [
                    0.9995118379592896,
                    -0.01897824928164482,
                    -0.02481813356280327
                ],
                [
                    0.023554570972919464,
                    0.979610025882721,
                    0.19952292740345
                ],
                [
                    0.0205254964530468,
                    -0.20001009106636047,
                    0.9795788526535034
                ]
            ],
            [
                [
                    0.9999701976776123,
                    0.001134040649048984,
                    -0.007632898632436991
                ],
                [
                    0.00043571763671934605,
                    0.9792665243148804,
                    0.20257553458213806
                ],
                [
                    0.007704372517764568,
                    -0.20257283747196198,
                    0.9792368412017822
                ]
            ],
            [
                [
                    0.9995095133781433,
                    0.009612840600311756,
                    0.02980716899037361
                ],
                [
                    -0.0032194340601563454,
                    0.9782248139381409,
                    -0.20752312242984772
                ],
                [
                    -0.03115300089120865,
                    0.20732533931732178,
                    0.9777759313583374
                ]
            ],
            [
                [
                    0.9947708249092102,
                    -0.0032636334653943777,
                    -0.10207974165678024
                ],
                [
                    -0.05233024060726166,
                    0.8420334458351135,
                    -0.5368810296058655
                ],
                [
                    0.08770673722028732,
                    0.5394154787063599,
                    0.8374595046043396
                ]
            ],
            [
                [
                    0.994644820690155,
                    -0.0903019979596138,
                    0.050271034240722656
                ],
                [
                    0.10265547782182693,
                    0.8068233728408813,
                    -0.5818056464195251
                ],
                [
                    0.011978372000157833,
                    0.583850622177124,
                    0.8117727041244507
                ]
            ],
            [
                [
                    0.9991241693496704,
                    -0.01291318703442812,
                    0.03980177640914917
                ],
                [
                    0.013697507791221142,
                    0.9997161030769348,
                    -0.019496407359838486
                ],
                [
                    -0.03953871503472328,
                    0.02002451755106449,
                    0.9990174174308777
                ]
            ],
            [
                [
                    0.9826500415802002,
                    0.08935879915952682,
                    0.16252323985099792
                ],
                [
                    -0.08879077434539795,
                    0.9959920644760132,
                    -0.010769977234303951
                ],
                [
                    -0.16283424198627472,
                    -0.0038474476896226406,
                    0.9866458773612976
                ]
            ],
            [
                [
                    0.9843780994415283,
                    -0.05432785302400589,
                    -0.16747614741325378
                ],
                [
                    0.05475592985749245,
                    0.9984976053237915,
                    -0.0020642010495066643
                ],
                [
                    0.16733668744564056,
                    -0.007138356566429138,
                    0.9858739376068115
                ]
            ],
            [
                [
                    0.9996174573898315,
                    -0.016750546172261238,
                    0.02200983464717865
                ],
                [
                    0.0185740664601326,
                    0.9961699843406677,
                    -0.08544208854436874
                ],
                [
                    -0.020494334399700165,
                    0.08581820875406265,
                    0.9961000084877014
                ]
            ],
            [
                [
                    0.9827971458435059,
                    -0.18465524911880493,
                    0.0035001803189516068
                ],
                [
                    0.18118220567703247,
                    0.9676412343978882,
                    0.17562280595302582
                ],
                [
                    -0.03581659868359566,
                    -0.17196741700172424,
                    0.9844512939453125
                ]
            ],
            [
                [
                    0.9887526631355286,
                    0.148882195353508,
                    0.014224807731807232
                ],
                [
                    -0.14895127713680267,
                    0.9716893434524536,
                    0.1833941638469696
                ],
                [
                    0.013482028618454933,
                    -0.18345026671886444,
                    0.9829366207122803
                ]
            ],
            [
                [
                    0.999111533164978,
                    -0.03939418867230415,
                    -0.014977356418967247
                ],
                [
                    0.038353919982910156,
                    0.9971905946731567,
                    -0.06434132158756256
                ],
                [
                    0.01746995374560356,
                    0.06370970606803894,
                    0.9978155493736267
                ]
            ],
            [
                [
                    0.9514966011047363,
                    0.30732089281082153,
                    0.014425018802285194
                ],
                [
                    -0.30628591775894165,
                    0.9506327509880066,
                    -0.04986274987459183
                ],
                [
                    -0.029036760330200195,
                    0.04302605986595154,
                    0.998651921749115
                ]
            ],
            [
                [
                    0.9569382667541504,
                    -0.2846635580062866,
                    0.05688397213816643
                ],
                [
                    0.2867664694786072,
                    0.9574358463287354,
                    -0.03288577124476433
                ],
                [
                    -0.04510137811303139,
                    0.04778206720948219,
                    0.9978389739990234
                ]
            ],
            [
                [
                    0.9996612071990967,
                    -0.017644327133893967,
                    -0.019134892150759697
                ],
                [
                    0.013116888701915741,
                    0.9764905571937561,
                    -0.21516099572181702
                ],
                [
                    0.022481411695480347,
                    0.21483711898326874,
                    0.9763911962509155
                ]
            ],
            [
                [
                    0.4352231025695801,
                    0.8573886156082153,
                    -0.2747100591659546
                ],
                [
                    -0.8968876600265503,
                    0.4395153522491455,
                    -0.04918179661035538
                ],
                [
                    0.0785713791847229,
                    0.2677890956401825,
                    0.960268497467041
                ]
            ],
            [
                [
                    0.4269407391548157,
                    -0.8283166885375977,
                    0.36278533935546875
                ],
                [
                    0.8931020498275757,
                    0.44912588596343994,
                    -0.02558867633342743
                ],
                [
                    -0.14174073934555054,
                    0.33492913842201233,
                    0.9315214157104492
                ]
            ],
            [
                [
                    0.2239408791065216,
                    -0.39433854818344116,
                    -0.8912616968154907
                ],
                [
                    0.11913181841373444,
                    0.9187052845954895,
                    -0.37654757499694824
                ],
                [
                    0.9672942161560059,
                    -0.021853236481547356,
                    0.2527139484882355
                ]
            ],
            [
                [
                    0.11024172604084015,
                    0.41924187541007996,
                    0.9011565446853638
                ],
                [
                    -0.003525909036397934,
                    0.9068421721458435,
                    -0.4214556813240051
                ],
                [
                    -0.9938985705375671,
                    0.04328460991382599,
                    0.10145005583763123
                ]
            ],
            [
                [
                    0.984433650970459,
                    -0.17079812288284302,
                    -0.041452229022979736
                ],
                [
                    0.172730952501297,
                    0.9837668538093567,
                    0.04865007847547531
                ],
                [
                    0.032469987869262695,
                    -0.05505286529660225,
                    0.997955322265625
                ]
            ],
            [
                [
                    0.9853459000587463,
                    0.15874774754047394,
                    0.062391117215156555
                ],
                [
                    -0.16166077554225922,
                    0.9858301877975464,
                    0.04477284103631973
                ],
                [
                    -0.054399460554122925,
                    -0.05420292913913727,
                    0.9970470070838928
                ]
            ],
            [
                [
                    0.9623212814331055,
                    0.25342893600463867,
                    -0.09854666143655777
                ],
                [
                    -0.23595668375492096,
                    0.9584081768989563,
                    0.16055579483509064
                ],
                [
                    0.1351374238729477,
                    -0.13125354051589966,
                    0.9820948243141174
                ]
            ],
            [
                [
                    0.9667665362358093,
                    -0.24368177354335785,
                    0.07734158635139465
                ],
                [
                    0.2302069067955017,
                    0.9613146185874939,
                    0.1512579768896103
                ],
                [
                    -0.11120840907096863,
                    -0.12842656672000885,
                    0.9854640364646912
                ]
            ]
        ],
        "betas": [
            -0.04524090886116028,
            -0.11367073655128479,
            0.10566213726997375,
            0.14760254323482513,
            0.030243277549743652,
            0.06817954778671265,
            0.031212568283081055,
            -0.07723838090896606,
            0.03109993040561676,
            -0.03027966618537903
        ]
    },
    "pred_cam_t": [
        0.00802101381123066,
        0.16643473505973816,
        34.35771560668945
    ],
    "focal_length": [
        5000.0,
        5000.0
    ],
    "pred_keypoints_3d": [
        [
            0.11737373471260071,
            -0.738419234752655,
            -0.25319063663482666
        ],
        [
            0.09786435961723328,
            -0.7159853577613831,
            -0.06333597004413605
        ],
        [
            -0.09673365950584412,
            -0.6587698459625244,
            -0.054454416036605835
        ],
        [
            -0.17637312412261963,
            -0.43278172612190247,
            0.027581162750720978
        ],
        [
            -0.07680623978376389,
            -0.31576526165008545,
            -0.1743776500225067
        ],
        [
            0.25538933277130127,
            -0.6070414185523987,
            -0.006659870967268944
        ],
        [
            0.23733164370059967,
            -0.37670475244522095,
            0.11152561753988266
        ],
        [
            0.2245706468820572,
            -0.2423405945301056,
            -0.09640192240476608
        ],
        [
            -0.0018593126442283392,
            -0.22537997364997864,
            0.028755884617567062
        ],
        [
            -0.08642353117465973,
            -0.15002226829528809,
            0.03460191190242767
        ],
        [
            -0.1947101652622223,
            0.2125224769115448,
            -0.014172621071338654
        ],
        [
            -0.21899622678756714,
            0.542521059513092,
            0.20633664727210999
        ],
        [
            0.048170045018196106,
            -0.12253405153751373,
            0.04374505579471588
        ],
        [
            0.018877597525715828,
            0.2466321736574173,
            -0.004486840218305588
        ],
        [
            -0.05286619812250137,
            0.5802378058433533,
            0.19881224632263184
        ],
        [
            0.08960062265396118,
            -0.7925483584403992,
            -0.24551448225975037
        ],
        [
            0.15567651391029358,
            -0.7850072383880615,
            -0.24276681244373322
        ],
        [
            0.048159562051296234,
            -0.8311548233032227,
            -0.15797001123428345
        ],
        [
            0.19523362815380096,
            -0.8143548965454102,
            -0.152598574757576
        ],
        [
            -0.06848713755607605,
            0.7083550095558167,
            0.04643324017524719
        ],
        [
            -0.00267791748046875,
            0.7047319412231445,
            0.09828183054924011
        ],
        [
            -0.053761206567287445,
            0.5885473489761353,
            0.2686467170715332
        ],
        [
            -0.23913466930389404,
            0.6693820953369141,
            0.056772202253341675
        ],
        [
            -0.30823197960853577,
            0.6465232372283936,
            0.10592299699783325
        ],
        [
            -0.2186720073223114,
            0.5566665530204773,
            0.2783743143081665
        ],
        [
            -0.23386263847351074,
            0.485002338886261,
            0.20809993147850037
        ],
        [
            -0.18017393350601196,
            0.15196175873279572,
            -0.016419077292084694
        ],
        [
            -0.14112110435962677,
            -0.2870536744594574,
            0.03142336755990982
        ],
        [
            0.14461791515350342,
            -0.21397247910499573,
            0.05995018035173416
        ],
        [
            0.035739123821258545,
            0.20818349719047546,
            -0.004585787653923035
        ],
        [
            -0.037243809551000595,
            0.5410342216491699,
            0.20820078253746033
        ],
        [
            -0.0669197216629982,
            -0.35246407985687256,
            -0.16414719820022583
        ],
        [
            -0.19182327389717102,
            -0.454301655292511,
            -0.01051605585962534
        ],
        [
            -0.0564739964902401,
            -0.6807597875595093,
            -0.05756441131234169
        ],
        [
            0.23056873679161072,
            -0.6408365368843079,
            -0.014992134645581245
        ],
        [
            0.2766994833946228,
            -0.39436107873916626,
            0.0773341953754425
        ],
        [
            0.232717365026474,
            -0.2652088403701782,
            -0.09382996708154678
        ],
        [
            0.09968779981136322,
            -0.7088003754615784,
            -0.06658705323934555
        ],
        [
            0.13122659921646118,
            -0.8610163331031799,
            -0.19447027146816254
        ],
        [
            0.0026115314103662968,
            -0.25049903988838196,
            0.045821867883205414
        ],
        [
            0.08582178503274918,
            -0.6582491397857666,
            -0.03946458548307419
        ],
        [
            0.051564835011959076,
            -0.4932345151901245,
            0.022006843239068985
        ],
        [
            0.12080392241477966,
            -0.7492823600769043,
            -0.17373135685920715
        ],
        [
            0.12905853986740112,
            -0.8822444677352905,
            -0.19600416719913483
        ]
    ],
    "pred_vertices": [
        [
            0.1735558658838272,
            -0.8244726061820984,
            -0.2655372619628906
        ],
        [
            0.16570186614990234,
            -0.8095287084579468,
            -0.26465699076652527
        ],
        [
            0.17630420625209808,
            -0.8095035552978516,
            -0.2548344135284424
        ],
        [
            0.1832866668701172,
            -0.8224281072616577,
            -0.2510150969028473
        ],
        [
            0.17091231048107147,
            -0.7993318438529968,
            -0.2553485035896301
        ],
        [
            0.1610177755355835,
            -0.7985938787460327,
            -0.2624558210372925
        ],
        [
            0.18238025903701782,
            -0.8080923557281494,
            -0.2422538697719574
        ],
        [
            0.1885402947664261,
            -0.8182239532470703,
            -0.23589178919792175
        ],
        [
            0.18317759037017822,
            -0.7814688682556152,
            -0.21437470614910126
        ],
        [
            0.18651893734931946,
            -0.7813059091567993,
            -0.20358821749687195
        ],
        [
            0.1882103979587555,
            -0.7912859916687012,
            -0.21092849969863892
        ],
        [
            0.18319259583950043,
            -0.789066731929779,
            -0.21968957781791687
        ],
        [
            0.17893928289413452,
            -0.7605236172676086,
            -0.19920584559440613
        ],
        [
            0.1716441959142685,
            -0.7491843700408936,
            -0.20257584750652313
        ],
        [
            0.17265614867210388,
            -0.7455976009368896,
            -0.18957269191741943
        ],
        [
            0.17880728840827942,
            -0.7568213939666748,
            -0.18525919318199158
        ],
        [
            0.1411823332309723,
            -0.7541452646255493,
            -0.23183834552764893
        ],
        [
            0.1458759307861328,
            -0.7481623888015747,
            -0.22757992148399353
        ],
        [
            0.15056033432483673,
            -0.7539718151092529,
            -0.22981083393096924
        ],
        [
            0.14501501619815826,
            -0.7594412565231323,
            -0.23341816663742065
        ],
        [
            0.1331482231616974,
            -0.7609976530075073,
            -0.24234622716903687
        ],
        [
            0.13483864068984985,
            -0.7672620415687561,
            -0.24190276861190796
        ],
        [
            0.13061383366584778,
            -0.7688034772872925,
            -0.24847465753555298
        ],
        [
            0.12971967458724976,
            -0.7613682150840759,
            -0.24948950111865997
        ],
        [
            0.13510939478874207,
            -0.7501843571662903,
            -0.22960008680820465
        ],
        [
            0.1401645690202713,
            -0.7442100048065186,
            -0.22484613955020905
        ],
        [
            0.13717348873615265,
            -0.7589156627655029,
            -0.23604491353034973
        ],
        [
            0.13469314575195312,
            -0.7543810606002808,
            -0.23610606789588928
        ],
        [
            0.13123616576194763,
            -0.7445343732833862,
            -0.2426971048116684
        ],
        [
            0.13330768048763275,
            -0.7491960525512695,
            -0.243423730134964
        ],
        [
            0.13006803393363953,
            -0.7474243640899658,
            -0.2502705156803131
        ],
        [
            0.12813371419906616,
            -0.7429684400558472,
            -0.24724988639354706
        ],
        [
            0.13374538719654083,
            -0.7479592561721802,
            -0.2338942587375641
        ],
        [
            0.13469894230365753,
            -0.7491689324378967,
            -0.23772570490837097
        ],
        [
            0.13181082904338837,
            -0.7450979351997375,
            -0.23825056850910187
        ],
        [
            0.13004785776138306,
            -0.7448778748512268,
            -0.2344302535057068
        ],
        [
            0.132013201713562,
            -0.7560693025588989,
            -0.24284860491752625
        ],
        [
            0.12951309978961945,
            -0.7548229098320007,
            -0.2501351833343506
        ],
        [
            0.12586507201194763,
            -0.7532898783683777,
            -0.2573647201061249
        ],
        [
            0.12579578161239624,
            -0.7444043755531311,
            -0.2565298080444336
        ],
        [
            0.15494966506958008,
            -0.7382591366767883,
            -0.21443714201450348
        ],
        [
            0.15090955793857574,
            -0.7427607774734497,
            -0.221969336271286
        ],
        [
            0.1451541930437088,
            -0.7391025424003601,
            -0.2200290560722351
        ],
        [
            0.14913605153560638,
            -0.7351604700088501,
            -0.21447265148162842
        ],
        [
            0.13079851865768433,
            -0.7436364889144897,
            -0.22981521487236023
        ],
        [
            0.13248924911022186,
            -0.7294771671295166,
            -0.2221326231956482
        ],
        [
            0.133249893784523,
            -0.7326117753982544,
            -0.2241215854883194
        ],
        [
            0.12744095921516418,
            -0.7321256399154663,
            -0.22850175201892853
        ],
        [
            0.12737740576267242,
            -0.7291980981826782,
            -0.2264542579650879
        ],
        [
            0.1577170342206955,
            -0.7295057773590088,
            -0.19929683208465576
        ],
        [
            0.15204375982284546,
            -0.7270914316177368,
            -0.20319604873657227
        ],
        [
            0.15148772299289703,
            -0.7222800254821777,
            -0.19751253724098206
        ],
        [
            0.15626861155033112,
            -0.7243022918701172,
            -0.19192349910736084
        ],
        [
            0.14835502207279205,
            -0.7180127501487732,
            -0.19410592317581177
        ],
        [
            0.15383735299110413,
            -0.7191846370697021,
            -0.18545471131801605
        ],
        [
            0.14298115670681,
            -0.7076466083526611,
            -0.17962390184402466
        ],
        [
            0.14843080937862396,
            -0.7127992510795593,
            -0.1819097101688385
        ],
        [
            0.14373789727687836,
            -0.7133485078811646,
            -0.1921263188123703
        ],
        [
            0.1377629041671753,
            -0.7079901695251465,
            -0.1929047405719757
        ],
        [
            0.12669071555137634,
            -0.709274172782898,
            -0.2034495770931244
        ],
        [
            0.1208653599023819,
            -0.7075371742248535,
            -0.2056211233139038
        ],
        [
            0.12380485236644745,
            -0.6974515914916992,
            -0.1976640820503235
        ],
        [
            0.13042718172073364,
            -0.7017211318016052,
            -0.1954350471496582
        ],
        [
            0.1313188672065735,
            -0.7263939380645752,
            -0.2154044508934021
        ],
        [
            0.1351255476474762,
            -0.7274489402770996,
            -0.2126046121120453
        ],
        [
            0.1356729120016098,
            -0.7275539636611938,
            -0.2152961790561676
        ],
        [
            0.1318851113319397,
            -0.7273110151290894,
            -0.2190817892551422
        ],
        [
            0.1385221630334854,
            -0.7278177738189697,
            -0.21051037311553955
        ],
        [
            0.14007775485515594,
            -0.7278114557266235,
            -0.20957684516906738
        ],
        [
            0.1400991678237915,
            -0.7283220887184143,
            -0.21128061413764954
        ],
        [
            0.13855378329753876,
            -0.7282034754753113,
            -0.21136584877967834
        ],
        [
            0.13659517467021942,
            -0.727796196937561,
            -0.2119387984275818
        ],
        [
            0.13537785410881042,
            -0.7260396480560303,
            -0.21147216856479645
        ],
        [
            0.13758167624473572,
            -0.7269861698150635,
            -0.21064740419387817
        ],
        [
            0.13187885284423828,
            -0.7242931127548218,
            -0.21388185024261475
        ],
        [
            0.11947978287935257,
            -0.719872236251831,
            -0.2208101451396942
        ],
        [
            0.12330903112888336,
            -0.7204509377479553,
            -0.21944275498390198
        ],
        [
            0.12239190936088562,
            -0.7248704433441162,
            -0.22082296013832092
        ],
        [
            0.11916111409664154,
            -0.7246364951133728,
            -0.2222394198179245
        ],
        [
            0.13872027397155762,
            -0.729348361492157,
            -0.2140093594789505
        ],
        [
            0.1414577215909958,
            -0.7305334210395813,
            -0.21401424705982208
        ],
        [
            0.1382571905851364,
            -0.7315346002578735,
            -0.2187117040157318
        ],
        [
            0.13670146465301514,
            -0.7295868396759033,
            -0.21696926653385162
        ],
        [
            0.14444532990455627,
            -0.7319532632827759,
            -0.2145194709300995
        ],
        [
            0.14247727394104004,
            -0.7294695377349854,
            -0.2111155390739441
        ],
        [
            0.14561156928539276,
            -0.7301272749900818,
            -0.21076107025146484
        ],
        [
            0.13929638266563416,
            -0.7263561487197876,
            -0.20877990126609802
        ],
        [
            0.14168348908424377,
            -0.7253552675247192,
            -0.20643657445907593
        ],
        [
            0.14265497028827667,
            -0.7270662784576416,
            -0.2085292935371399
        ],
        [
            0.13925927877426147,
            -0.7225507497787476,
            -0.20542670786380768
        ],
        [
            0.1366451382637024,
            -0.7244383692741394,
            -0.20905061066150665
        ],
        [
            0.13304275274276733,
            -0.7218221426010132,
            -0.21094563603401184
        ],
        [
            0.12844201922416687,
            -0.7191094160079956,
            -0.21366465091705322
        ],
        [
            0.1300521194934845,
            -0.7161813974380493,
            -0.20843395590782166
        ],
        [
            0.13522200286388397,
            -0.7192411422729492,
            -0.20635828375816345
        ],
        [
            0.140760138630867,
            -0.7351710796356201,
            -0.21981345117092133
        ],
        [
            0.14670008420944214,
            -0.7269748449325562,
            -0.20618706941604614
        ],
        [
            0.15104635059833527,
            -0.7320830821990967,
            -0.20902299880981445
        ],
        [
            0.1458718478679657,
            -0.7234071493148804,
            -0.20287716388702393
        ],
        [
            0.14317360520362854,
            -0.7199501991271973,
            -0.20058771967887878
        ],
        [
            0.13862302899360657,
            -0.7162133455276489,
            -0.20028933882713318
        ],
        [
            0.1328158974647522,
            -0.7124048471450806,
            -0.20173542201519012
        ],
        [
            0.12469647824764252,
            -0.6948384642601013,
            -0.18321776390075684
        ],
        [
            0.13343147933483124,
            -0.7001989483833313,
            -0.18186336755752563
        ],
        [
            0.15784858167171478,
            -0.7934520244598389,
            -0.25631654262542725
        ],
        [
            0.1663021445274353,
            -0.7931801080703735,
            -0.2528676986694336
        ],
        [
            0.16546280682086945,
            -0.7887786626815796,
            -0.2445959448814392
        ],
        [
            0.16761451959609985,
            -0.7905789613723755,
            -0.24542829394340515
        ],
        [
            0.1626512110233307,
            -0.790791392326355,
            -0.2495768666267395
        ],
        [
            0.1616826355457306,
            -0.7887263298034668,
            -0.2474772334098816
        ],
        [
            0.17746376991271973,
            -0.7885956764221191,
            -0.22626613080501556
        ],
        [
            0.17301280796527863,
            -0.7883817553520203,
            -0.23165054619312286
        ],
        [
            0.17273706197738647,
            -0.7858438491821289,
            -0.22843047976493835
        ],
        [
            0.17819896340370178,
            -0.7830427289009094,
            -0.2223168909549713
        ],
        [
            0.16429933905601501,
            -0.7767501473426819,
            -0.23137447237968445
        ],
        [
            0.16868336498737335,
            -0.7790217399597168,
            -0.22879566252231598
        ],
        [
            0.16599953174591064,
            -0.7837013006210327,
            -0.2348160445690155
        ],
        [
            0.1628689169883728,
            -0.7820098400115967,
            -0.2367473989725113
        ],
        [
            0.15911322832107544,
            -0.7810494303703308,
            -0.23855389654636383
        ],
        [
            0.1549399197101593,
            -0.7808429002761841,
            -0.24011529982089996
        ],
        [
            0.15440785884857178,
            -0.776589035987854,
            -0.2368454784154892
        ],
        [
            0.15926551818847656,
            -0.77616286277771,
            -0.23430325090885162
        ],
        [
            0.1562940776348114,
            -0.7918117046356201,
            -0.25168219208717346
        ],
        [
            0.14898642897605896,
            -0.7919702529907227,
            -0.2517974376678467
        ],
        [
            0.14985992014408112,
            -0.7896574139595032,
            -0.24948060512542725
        ],
        [
            0.156057208776474,
            -0.789150595664978,
            -0.2497805655002594
        ],
        [
            0.13867907226085663,
            -0.7877427935600281,
            -0.24265697598457336
        ],
        [
            0.14029772579669952,
            -0.7891991138458252,
            -0.24474094808101654
        ],
        [
            0.13704591989517212,
            -0.7901351451873779,
            -0.24680301547050476
        ],
        [
            0.135471373796463,
            -0.786837100982666,
            -0.24383758008480072
        ],
        [
            0.13726681470870972,
            -0.7839878797531128,
            -0.2421896755695343
        ],
        [
            0.1397126168012619,
            -0.7859557867050171,
            -0.24207469820976257
        ],
        [
            0.16759814321994781,
            -0.8446974158287048,
            -0.2752012610435486
        ],
        [
            0.16088850796222687,
            -0.8266724348068237,
            -0.27513039112091064
        ],
        [
            0.18154512345790863,
            -0.8430947065353394,
            -0.25990551710128784
        ],
        [
            0.18904221057891846,
            -0.8385403156280518,
            -0.2437770962715149
        ],
        [
            0.194435715675354,
            -0.8301347494125366,
            -0.22811466455459595
        ],
        [
            0.1650659143924713,
            -0.7360565066337585,
            -0.19452817738056183
        ],
        [
            0.16486741602420807,
            -0.7312686443328857,
            -0.18460166454315186
        ],
        [
            0.1730874925851822,
            -0.7426402568817139,
            -0.17696167528629303
        ],
        [
            0.16951656341552734,
            -0.7362405061721802,
            -0.1677038073539734
        ],
        [
            0.16134922206401825,
            -0.7245858907699585,
            -0.17627938091754913
        ],
        [
            0.14572687447071075,
            -0.7106214761734009,
            -0.16635841131210327
        ],
        [
            0.15498945116996765,
            -0.7171306610107422,
            -0.1700049340724945
        ],
        [
            0.16336271166801453,
            -0.7304607629776001,
            -0.15848365426063538
        ],
        [
            0.17224980890750885,
            -0.7476483583450317,
            -0.15040361881256104
        ],
        [
            0.1762474626302719,
            -0.7499206066131592,
            -0.16123953461647034
        ],
        [
            0.17803892493247986,
            -0.7666805982589722,
            -0.14646990597248077
        ],
        [
            0.16651523113250732,
            -0.7465319037437439,
            -0.1369866579771042
        ],
        [
            0.1748274266719818,
            -0.7702130079269409,
            -0.138389453291893
        ],
        [
            0.14707207679748535,
            -0.7155584096908569,
            -0.12727820873260498
        ],
        [
            0.14720933139324188,
            -0.7082377672195435,
            -0.11971180140972137
        ],
        [
            0.1575726419687271,
            -0.7196412086486816,
            -0.1088045984506607
        ],
        [
            0.15850995481014252,
            -0.727005124092102,
            -0.11678946763277054
        ],
        [
            0.1786712259054184,
            -0.7530648708343506,
            -0.1719910204410553
        ],
        [
            0.191634401679039,
            -0.8037227392196655,
            -0.20916171371936798
        ],
        [
            0.18767082691192627,
            -0.7985386252403259,
            -0.21945109963417053
        ],
        [
            0.19116397202014923,
            -0.7946051955223083,
            -0.19963589310646057
        ],
        [
            0.20150765776634216,
            -0.864776074886322,
            -0.2214476317167282
        ],
        [
            0.1960584968328476,
            -0.8526696562767029,
            -0.2348443865776062
        ],
        [
            0.2005392611026764,
            -0.8420628309249878,
            -0.22097176313400269
        ],
        [
            0.2052239179611206,
            -0.8547929525375366,
            -0.21028023958206177
        ],
        [
            0.17926344275474548,
            -0.8933442831039429,
            -0.24874716997146606
        ],
        [
            0.17582270503044128,
            -0.8704284429550171,
            -0.26475194096565247
        ],
        [
            0.18591347336769104,
            -0.8630262613296509,
            -0.25134676694869995
        ],
        [
            0.19045381247997284,
            -0.8807606101036072,
            -0.23789843916893005
        ],
        [
            0.2068100869655609,
            -0.8622058629989624,
            -0.1991013139486313
        ],
        [
            0.20738635957241058,
            -0.8726170063018799,
            -0.1833447813987732
        ],
        [
            0.20544065535068512,
            -0.889967143535614,
            -0.1854623258113861
        ],
        [
            0.2041427195072174,
            -0.8795124888420105,
            -0.20570752024650574
        ],
        [
            0.19571836292743683,
            -0.9118293523788452,
            -0.19040696322917938
        ],
        [
            0.19449931383132935,
            -0.8996045589447021,
            -0.21480146050453186
        ],
        [
            0.1698438972234726,
            -0.7635762691497803,
            -0.12293700873851776
        ],
        [
            0.17452029883861542,
            -0.7808670997619629,
            -0.12962770462036133
        ],
        [
            0.15996135771274567,
            -0.7353214621543884,
            -0.12758730351924896
        ],
        [
            0.16615691781044006,
            -0.7497409582138062,
            -0.11580102890729904
        ],
        [
            0.1796880066394806,
            -0.9293612241744995,
            -0.19489243626594543
        ],
        [
            0.1795581877231598,
            -0.9157108068466187,
            -0.2242506444454193
        ],
        [
            0.19249668717384338,
            -0.8787676095962524,
            -0.13092851638793945
        ],
        [
            0.19771012663841248,
            -0.8901300430297852,
            -0.14645272493362427
        ],
        [
            0.2022676020860672,
            -0.8705334663391113,
            -0.15340246260166168
        ],
        [
            0.19719956815242767,
            -0.8627922534942627,
            -0.13786111772060394
        ],
        [
            0.1827935427427292,
            -0.8951929807662964,
