{
    "pred_cam": [
        1.4107334613800049,
        0.15071217715740204,
        0.2685292363166809
    ],
    "pred_smpl_params": {
        "global_orient": [
            [
                [
                    -0.27992185950279236,
                    0.10981301963329315,
                    -0.9537215828895569
                ],
                [
                    0.22053423523902893,
                    -0.9595139026641846,
                    -0.17520780861377716
                ],
                [
                    -0.9343491792678833,
                    -0.259372740983963,
                    0.24437138438224792
                ]
            ]
        ],
        "body_pose": [
            [
                [
                    0.9964194893836975,
                    0.03294996917247772,
                    0.07786187529563904
                ],
                [
                    -0.04694262146949768,
                    0.9815486669540405,
                    0.18536071479320526
                ],
                [
                    -0.0703175887465477,
                    -0.1883520781993866,
                    0.9795809984207153
                ]
            ],
            [
                [
                    0.9879430532455444,
                    0.13517212867736816,
                    -0.075478196144104
                ],
                [
                    -0.13369378447532654,
                    0.9907239675521851,
                    0.02433037757873535
                ],
                [
                    0.07806684821844101,
                    -0.013946061953902245,
                    0.9968505501747131
                ]
            ],
            [
                [
                    0.9979726672172546,
                    -0.04432729259133339,
                    0.045668721199035645
                ],
                [
                    0.05175463482737541,
                    0.9828524589538574,
                    -0.17698164284229279
                ],
                [
                    -0.03704049810767174,
                    0.17898640036582947,
                    0.9831540584564209
                ]
            ],
            [
                [
                    0.9772365689277649,
                    0.20438538491725922,
                    0.056878190487623215
                ],
                [
                    -0.1963941901922226,
                    0.9729285836219788,
                    -0.12181705236434937
                ],
                [
                    -0.0802360326051712,
                    0.10787355154752731,
                    0.9909214973449707
                ]
            ],
            [
                [
                    0.9843416213989258,
                    0.05789230391383171,
                    0.16649343073368073
                ],
                [
                    -0.05205662176012993,
                    0.9978742003440857,
                    -0.03920716792345047
                ],
                [
                    -0.1684092879295349,
                    0.029926160350441933,
                    0.9852628111839294
                ]
            ],
            [
                [
                    0.9914955496788025,
                    -0.12942327558994293,
                    0.01364222727715969
                ],
                [
                    0.12998735904693604,
                    0.9899544715881348,
                    -0.05561896786093712
                ],
                [
                    -0.006306795869022608,
                    0.05691928043961525,
                    0.9983588457107544
                ]
            ],
            [
                [
                    0.9752037525177002,
                    0.0378730334341526,
                    0.21804417669773102
                ],
                [
                    -0.030496206134557724,
                    0.9988461136817932,
                    -0.03709942102432251
                ],
                [
                    -0.21919766068458557,
                    0.02952997386455536,
                    0.9752334356307983
                ]
            ],
            [
                [
                    0.9718965291976929,
                    -0.07904566824436188,
                    -0.22174067795276642
                ],
                [
                    0.072306327521801,
                    0.9966444373130798,
                    -0.03836089372634888
                ],
                [
                    0.22402890026569366,
                    0.021249566227197647,
                    0.9743507504463196
                ]
            ],
            [
                [
                    0.9985435009002686,
                    -0.05242966115474701,
                    0.012727567926049232
                ],
                [
                    0.05325077474117279,
                    0.9956628680229187,
                    -0.07628702372312546
                ],
                [
                    -0.008672664873301983,
                    0.0768536627292633,
                    0.9970046281814575
                ]
            ],
            [
                [
                    0.996248185634613,
                    -0.0577971488237381,
                    0.0644121840596199
                ],
                [
                    0.059881944209337234,
                    0.9977265000343323,
                    -0.030919093638658524
                ],
                [
                    -0.06247870996594429,
                    0.0346602238714695,
                    0.997444212436676
                ]
            ],
            [
                [
                    0.9961905479431152,
                    0.0869223102927208,
                    0.006988235283643007
                ],
                [
                    -0.0871443897485733,
                    0.9952535629272461,
                    0.04331433027982712
                ],
                [
                    -0.003190085291862488,
                    -0.04375831410288811,
                    0.999036967754364
                ]
            ],
            [
                [
                    0.9417998194694519,
                    -0.004092127550393343,
                    0.3361492455005646
                ],
                [
                    0.06395455449819565,
                    0.9838453531265259,
                    -0.1672065705060959
                ],
                [
                    -0.33003467321395874,
                    0.17897339165210724,
                    0.9268471002578735
                ]
            ],
            [
                [
                    0.9020307660102844,
                    -0.11181061714887619,
                    -0.4169398248195648
                ],
                [
                    0.1661829948425293,
                    0.9813761115074158,
                    0.09635418653488159
                ],
                [
                    0.3984013795852661,
                    -0.1562027484178543,
                    0.9038124680519104
                ]
            ],
            [
                [
                    0.9357170462608337,
                    -0.24370048940181732,
                    0.25503644347190857
                ],
                [
                    0.23729664087295532,
                    0.9698171615600586,
                    0.0560799241065979
                ],
                [
                    -0.2610054314136505,
                    0.008044342510402203,
                    0.9653037786483765
                ]
            ],
            [
                [
                    0.9952489137649536,
                    0.07915200293064117,
                    0.05669672414660454
                ],
                [
                    -0.05283309146761894,
                    0.928178608417511,
                    -0.3683655858039856
                ],
                [
                    -0.08178155869245529,
                    0.36361998319625854,
                    0.9279506206512451
                ]
            ],
            [
                [
                    0.7765094637870789,
                    0.1667327880859375,
                    -0.6076456308364868
                ],
                [
                    -0.15825331211090088,
                    0.9850502610206604,
                    0.06805770844221115
                ],
                [
                    0.609908938407898,
                    0.043314483016729355,
                    0.7912868857383728
                ]
            ],
            [
                [
                    0.5867584347724915,
                    -0.6654375195503235,
                    0.4614190459251404
                ],
                [
                    0.7701614499092102,
                    0.6346144676208496,
                    -0.06415525078773499
                ],
                [
                    -0.25013187527656555,
                    0.3930107653141022,
                    0.8848597407341003
                ]
            ],
            [
                [
                    0.1976477950811386,
                    -0.08703737705945969,
                    -0.9764015078544617
                ],
                [
                    -0.14960554242134094,
                    0.9817039966583252,
                    -0.11779391020536423
                ],
                [
                    0.9687897562980652,
                    0.16935677826404572,
                    0.18101035058498383
                ]
            ],
            [
                [
                    0.16748906672000885,
                    0.21407726407051086,
                    0.9623504281044006
                ],
                [
                    0.08158846944570541,
                    0.969781219959259,
                    -0.22993004322052002
                ],
                [
                    -0.9824920892715454,
                    0.11702746152877808,
                    0.14496152102947235
                ]
            ],
            [
                [
                    0.9832297563552856,
                    -0.10969873517751694,
                    -0.14568987488746643
                ],
                [
                    0.10556645691394806,
                    0.9937667846679688,
                    -0.03582190349698067
                ],
                [
                    0.1487113982439041,
                    0.019841190427541733,
                    0.9886815547943115
                ]
            ],
            [
                [
                    0.9898766875267029,
                    0.01586572453379631,
                    0.14104029536247253
                ],
                [
                    -0.059355489909648895,
                    0.9489361643791199,
                    0.3098338544368744
                ],
                [
                    -0.1289225071668625,
                    -0.3150688409805298,
                    0.9402714967727661
                ]
            ],
            [
                [
                    0.9937842488288879,
                    0.10113410651683807,
                    -0.046526532620191574
                ],
                [
                    -0.09617827087640762,
                    0.9904645681381226,
                    0.09863848239183426
                ],
                [
                    0.0560586042702198,
                    -0.09355053305625916,
                    0.994035005569458
                ]
            ],
            [
                [
                    0.9899554252624512,
                    -0.14137957990169525,
                    0.00023987292661331594
                ],
                [
                    0.14034169912338257,
                    0.9828906655311584,
                    0.11929043382406235
                ],
                [
                    -0.017100997269153595,
                    -0.11805855482816696,
                    0.992859423160553
                ]
            ]
        ],
        "betas": [
            -0.1660686731338501,
            -0.2180873453617096,
            0.1934669315814972,
            0.5918035507202148,
            0.2047789841890335,
            0.005072806030511856,
            -0.0159723162651062,
            -0.057585328817367554,
            0.097772978246212,
            -0.00438496470451355
        ]
    },
    "pred_cam_t": [
        0.15071217715740204,
        0.2685292363166809,
        27.689496994018555
    ],
    "focal_length": [
        5000.0,
        5000.0
    ],
    "pred_keypoints_3d": [
        [
            -0.17032650113105774,
            -0.766637921333313,
            -0.05470087379217148
        ],
        [
            0.011308880522847176,
            -0.7334357500076294,
            -0.02871587872505188
        ],
        [
            0.04470586031675339,
            -0.6420465111732483,
            0.14810127019882202
        ],
        [
            0.022296765819191933,
            -0.408761203289032,
            0.2344924807548523
        ],
        [
            -0.19580812752246857,
            -0.36105209589004517,
            0.12150692194700241
        ],
        [
            -0.052406471222639084,
            -0.6814742088317871,
            -0.18404512107372284
        ],
        [
            -0.29007285833358765,
            -0.6478845477104187,
            -0.2733480632305145
        ],
        [
            -0.3928699791431427,
            -0.608432948589325,
            -0.054785504937171936
        ],
        [
            -0.0020847152918577194,
            -0.22865571081638336,
            0.028381768614053726
        ],
        [
            0.010920379310846329,
            -0.15605996549129486,
            0.1137998104095459
        ],
        [
            0.0008734371513128281,
            0.17638598382472992,
            0.28712359070777893
        ],
        [
            0.02514931932091713,
            0.5379692912101746,
            0.43127793073654175
        ],
        [
            -0.025061780586838722,
            -0.12456339597702026,
            -0.014204703271389008
        ],
        [
            -0.1297191083431244,
            0.2152840793132782,
            0.07562375068664551
        ],
        [
            -0.1333845853805542,
            0.5489799976348877,
            0.27666231989860535
        ],
        [
            -0.1680074781179428,
            -0.8140914440155029,
            -0.015222103334963322
        ],
        [
            -0.1569453477859497,
            -0.8202965259552002,
            -0.08060791343450546
        ],
        [
            -0.08652563393115997,
            -0.845172643661499,
            0.04618449509143829
        ],
        [
            -0.06426192820072174,
            -0.8587918281555176,
            -0.10111930966377258
        ],
        [
            -0.3308355510234833,
            0.5876526832580566,
            0.2988666892051697
        ],
        [
            -0.2793835401535034,
            0.6252517700195312,
            0.2446150779724121
        ],
        [
            -0.07800300419330597,
            0.5862294435501099,
            0.2910240888595581
        ],
        [
            -0.15662223100662231,
            0.5584015846252441,
            0.5093070864677429
        ],
        [
            -0.08633900433778763,
            0.5436140298843384,
            0.560546875
        ],
        [
            0.07893163710832596,
            0.5863183736801147,
            0.4317302107810974
        ],
        [
            0.059169262647628784,
            0.4887217879295349,
            0.42157307267189026
        ],
        [
            0.003060172311961651,
            0.11765062063932419,
            0.2580900490283966
        ],
        [
            0.04989137500524521,
            -0.28950536251068115,
            0.15438583493232727
        ],
        [
            -0.015548651106655598,
            -0.20698191225528717,
            -0.1191219761967659
        ],
        [
            -0.12148276716470718,
            0.1801413893699646,
            0.05056995525956154
        ],
        [
            -0.1052364856004715,
            0.5265854597091675,
            0.25096702575683594
        ],
        [
            -0.1784699261188507,
            -0.39840465784072876,
            0.1196146234869957
        ],
        [
            -0.0029784953221678734,
            -0.43880724906921387,
            0.2495761513710022
        ],
        [
            0.039358951151371,
            -0.670957088470459,
            0.11367060244083405
        ],
        [
            -0.03360549360513687,
            -0.708358645439148,
            -0.16991381347179413
        ],
        [
            -0.27917224168777466,
            -0.6864500641822815,
            -0.25181448459625244
        ],
        [
            -0.37421971559524536,
            -0.6236151456832886,
            -0.054292626678943634
        ],
        [
            0.006660260260105133,
            -0.7292410135269165,
            -0.024448202922940254
        ],
        [
            -0.11562153697013855,
            -0.8903295993804932,
            -0.034964337944984436
        ],
        [
            0.01702827773988247,
            -0.24868787825107574,
            0.01693001203238964
        ],
        [
            0.0028731543570756912,
            -0.6837823390960693,
            -0.02489120326936245
        ],
        [
            0.04429956525564194,
            -0.49244406819343567,
            -0.03022466041147709
        ],
        [
            -0.09100483357906342,
            -0.7779791355133057,
            -0.04419931396842003
        ],
        [
            -0.11822965741157532,
            -0.9097802639007568,
            -0.029978595674037933
        ]
    ],
    "pred_vertices": [
        [
            -0.17940190434455872,
            -0.8620442152023315,
            -0.09329508244991302
        ],
        [
            -0.1792309284210205,
            -0.8456188440322876,
            -0.08883288502693176
        ],
        [
            -0.16780507564544678,
            -0.8478329181671143,
            -0.0977616086602211
        ],
        [
            -0.1637604683637619,
            -0.8616924285888672,
            -0.101193867623806
        ],
        [
            -0.16897419095039368,
            -0.8365486860275269,
            -0.09501834213733673
        ],
        [
            -0.17701047658920288,
            -0.8337533473968506,
            -0.08645793795585632
        ],
        [
            -0.15450569987297058,
            -0.8475054502487183,
            -0.10228372365236282
        ],
        [
            -0.14797863364219666,
            -0.859342098236084,
            -0.104743093252182
        ],
        [
            -0.12615075707435608,
            -0.8222240209579468,
            -0.10439132899045944
        ],
        [
            -0.11543630063533783,
            -0.8231990337371826,
            -0.10629217326641083
        ],
        [
            -0.12268273532390594,
            -0.8330170512199402,
            -0.10652574896812439
        ],
        [
            -0.13162124156951904,
            -0.8294802904129028,
            -0.10352397710084915
        ],
        [
            -0.11134947836399078,
            -0.8007782697677612,
            -0.10229615122079849
        ],
        [
            -0.11498451977968216,
            -0.7881995439529419,
            -0.0978865921497345
        ],
        [
            -0.10199467837810516,
            -0.7848555445671082,
            -0.09812816977500916
        ],
        [
            -0.0972270518541336,
            -0.7973867058753967,
            -0.10122878849506378
        ],
        [
            -0.14720025658607483,
            -0.7869527339935303,
            -0.07135622948408127
        ],
        [
            -0.14227083325386047,
            -0.7819894552230835,
            -0.07641535997390747
        ],
        [
            -0.14426404237747192,
            -0.7886050343513489,
            -0.08023634552955627
        ],
        [
            -0.14851316809654236,
            -0.7929486036300659,
            -0.07436752319335938
        ],
        [
            -0.1585610806941986,
            -0.7920070886611938,
            -0.06399102509021759
        ],
        [
            -0.15814366936683655,
            -0.798475980758667,
            -0.0643349215388298
        ],
        [
            -0.16522648930549622,
            -0.7990374565124512,
            -0.06082602217793465
        ],
        [
            -0.1660565435886383,
            -0.7916239500045776,
            -0.06158779561519623
        ],
        [
            -0.14543354511260986,
            -0.7818609476089478,
            -0.06593076139688492
        ],
        [
            -0.14001625776290894,
            -0.7770794630050659,
            -0.07119090110063553
        ],
        [
            -0.15175846219062805,
            -0.7908915877342224,
            -0.06718404591083527
        ],
        [
            -0.1520102173089981,
            -0.7858327627182007,
            -0.06593280285596848
        ],
        [
            -0.1586759090423584,
            -0.775478720664978,
            -0.06533099710941315
        ],
        [
            -0.15935397148132324,
            -0.7804245948791504,
            -0.06656987220048904
        ],
        [
            -0.16635027527809143,
            -0.7780338525772095,
            -0.06488262116909027
        ],
        [
            -0.1634412556886673,
            -0.7732225656509399,
            -0.06346938759088516
        ],
        [
            -0.14974552392959595,
            -0.779378354549408,
            -0.06615433841943741
        ],
        [
            -0.15341418981552124,
            -0.7808266878128052,
            -0.06726798415184021
        ],
        [
            -0.15416397154331207,
            -0.7762247323989868,
            -0.06536860018968582
        ],
        [
            -0.15065895020961761,
            -0.7756810188293457,
            -0.06312666833400726
        ],
        [
            -0.15897952020168304,
            -0.7870091199874878,
            -0.06413242965936661
        ],
        [
            -0.16650733351707458,
            -0.7852102518081665,
            -0.062950000166893
        ],
        [
            -0.17400848865509033,
            -0.7828449010848999,
            -0.060665007680654526
        ],
        [
            -0.17299610376358032,
            -0.7739347219467163,
            -0.06211162731051445
        ],
        [
            -0.1281948685646057,
            -0.7740657925605774,
            -0.08528229594230652
        ],
        [
            -0.1359436810016632,
            -0.777884840965271,
            -0.08171062916517258
        ],
        [
            -0.13469143211841583,
            -0.7731389999389648,
            -0.07644035667181015
        ],
        [
            -0.12877631187438965,
            -0.7699694633483887,
            -0.08029037714004517
        ],
        [
            -0.1460743546485901,
            -0.7745342254638672,
            -0.06337276101112366
        ],
        [
            -0.13788828253746033,
            -0.7611189484596252,
            -0.06640670448541641
        ],
        [
            -0.13980358839035034,
            -0.7643474340438843,
            -0.06686145067214966
        ],
        [
            -0.1448071151971817,
            -0.7626892924308777,
            -0.06197585165500641
        ],
        [
            -0.14273393154144287,
            -0.7597779035568237,
            -0.062132034450769424
        ],
        [
            -0.11285587400197983,
            -0.7660167217254639,
            -0.08800718188285828
        ],
        [
            -0.11720477044582367,
            -0.7624967694282532,
            -0.08332559466362
        ],
        [
            -0.11163363605737686,
            -0.7576481699943542,
            -0.08300483226776123
        ],
        [
            -0.10578284412622452,
            -0.7606364488601685,
            -0.0866253674030304
        ],
        [
            -0.10865823924541473,
            -0.7528094053268433,
            -0.08000838756561279
        ],
        [
            -0.10004550963640213,
            -0.7551225423812866,
            -0.08416420221328735
        ],
        [
            -0.09572285413742065,
            -0.7417222261428833,
            -0.07472727447748184
        ],
        [
            -0.09727846086025238,
            -0.7478095889091492,
            -0.07948631048202515
        ],
        [
            -0.10714904963970184,
            -0.7473096251487732,
            -0.07597740739583969
        ],
        [
            -0.10852091759443283,
            -0.7408528327941895,
            -0.07118964195251465
        ],
        [
            -0.11986027657985687,
            -0.7401201725006104,
            -0.06182987987995148
        ],
        [
            -0.12257786095142365,
            -0.7373255491256714,
            -0.05664777755737305
        ],
        [
            -0.11411895602941513,
            -0.7280259132385254,
            -0.060086868703365326
        ],
        [
            -0.11165302246809006,
            -0.7332668304443359,
            -0.06557921320199966
        ],
        [
            -0.13130763173103333,
            -0.7579905986785889,
            -0.06451141834259033
        ],
        [
            -0.12820181250572205,
            -0.759730339050293,
            -0.06773587316274643
        ],
        [
            -0.13077187538146973,
            -0.7599420547485352,
            -0.06863737851381302
        ],
        [
            -0.1348821222782135,
            -0.7590163946151733,
            -0.06549207866191864
        ],
        [
            -0.12585391104221344,
            -0.7606692314147949,
            -0.07086898386478424
        ],
        [
            -0.12478917092084885,
            -0.760988175868988,
            -0.07227778434753418
        ],
        [
            -0.12645503878593445,
            -0.761493980884552,
            -0.07243147492408752
        ],
        [
            -0.12660527229309082,
            -0.761195182800293,
            -0.07109076529741287
        ],
        [
            -0.12738555669784546,
            -0.7603940963745117,
            -0.06927028298377991
        ],
        [
            -0.12702201306819916,
            -0.7584288120269775,
            -0.06828904896974564
        ],
        [
            -0.1261432021856308,
            -0.7596466541290283,
            -0.07006612420082092
        ],
        [
            -0.12972968816757202,
            -0.7560399770736694,
            -0.06546832621097565
        ],
        [
            -0.13789086043834686,
            -0.7491617202758789,
            -0.055248815566301346
        ],
        [
            -0.13619080185890198,
            -0.7505247592926025,
            -0.05843707174062729
        ],
        [
            -0.13767749071121216,
            -0.7547529935836792,
            -0.056897033005952835
        ],
        [
            -0.13930749893188477,
            -0.7537908554077148,
            -0.05428938567638397
        ],
        [
            -0.12921926379203796,
            -0.7622689008712769,
            -0.07161838561296463
        ],
        [
            -0.1290578544139862,
            -0.763892412185669,
            -0.07368776947259903
        ],
        [
            -0.13397790491580963,
            -0.7643209099769592,
            -0.0709664523601532
        ],
        [
            -0.13241754472255707,
            -0.7620826959609985,
            -0.06951365619897842
        ],
        [
            -0.12919402122497559,
            -0.7659362554550171,
            -0.07653583586215973
        ],
        [
            -0.12611067295074463,
            -0.7630593776702881,
            -0.07455383241176605
        ],
        [
            -0.12543049454689026,
            -0.7642216086387634,
            -0.07761338353157043
        ],
        [
            -0.1240650936961174,
            -0.7593750357627869,
            -0.07164759933948517
        ],
        [
            -0.12144000828266144,
            -0.7589036226272583,
            -0.07389150559902191
        ],
        [
            -0.12346787750720978,
            -0.7607715725898743,
            -0.07483398914337158
        ],
        [
            -0.12074201554059982,
            -0.7555750608444214,
            -0.07193285971879959
        ],
        [
            -0.12451745569705963,
            -0.7569734454154968,
            -0.0694022998213768
        ],
        [
            -0.12672290205955505,
            -0.7536929845809937,
            -0.06661628186702728
        ],
        [
            -0.1298007071018219,
            -0.7501730918884277,
            -0.0629638135433197
        ],
        [
            -0.12443733960390091,
            -0.7476273775100708,
            -0.0643511489033699
        ],
        [
            -0.12196418642997742,
            -0.7515645027160645,
            -0.06863652914762497
        ],
        [
            -0.1349267065525055,
            -0.7682490348815918,
            -0.07312708348035812
        ],
        [
            -0.1207030788064003,
            -0.7614556550979614,
            -0.07850520312786102
        ],
        [
            -0.1231328547000885,
            -0.7672562599182129,
            -0.08205409348011017
        ],
        [
            -0.11744590103626251,
            -0.757764458656311,
            -0.0779261440038681
        ],
        [
            -0.11543592065572739,
            -0.7538061738014221,
            -0.07558860629796982
        ],
        [
            -0.11559164524078369,
            -0.7491223812103271,
            -0.07149159908294678
        ],
        [
            -0.11747555434703827,
            -0.7443671226501465,
            -0.06688127666711807
        ],
        [
            -0.10009530186653137,
            -0.725796103477478,
            -0.05933897942304611
        ],
        [
            -0.09847704321146011,
            -0.732480525970459,
            -0.06679552793502808
        ],
        [
            -0.1709718257188797,
            -0.8284102082252502,
            -0.08333432674407959
        ],
        [
            -0.16654539108276367,
            -0.8297653198242188,
            -0.09114082157611847
        ],
        [
            -0.15827125310897827,
            -0.8253121376037598,
            -0.08999712020158768
        ],
        [
            -0.15889592468738556,
            -0.8274213075637817,
            -0.09163600206375122
        ],
        [
            -0.1636863797903061,
            -0.8266723155975342,
            -0.087668277323246
        ],
        [
            -0.16159488260746002,
            -0.8245412111282349,
            -0.08670981228351593
        ],
        [
            -0.13848190009593964,
            -0.82796311378479,
            -0.09915447235107422
        ],
        [
            -0.14423546195030212,
            -0.8268287181854248,
            -0.09550373256206512
        ],
        [
            -0.14116643369197845,
            -0.8242549896240234,
            -0.0951271578669548
        ],
        [
            -0.13452908396720886,
            -0.822583794593811,
            -0.10025077313184738
        ],
        [
            -0.1446668803691864,
            -0.8137437105178833,
            -0.08927063643932343
        ],
        [
            -0.141838937997818,
            -0.8167532086372375,
            -0.09267161786556244
        ],
        [
            -0.1479860246181488,
            -0.820968747138977,
            -0.08994288742542267
        ],
        [
            -0.15008299052715302,
            -0.8187506198883057,
            -0.08752454817295074
        ],
        [
            -0.1521974503993988,
            -0.817045271396637,
            -0.08441881835460663
        ],
        [
            -0.15430748462677002,
            -0.8159146308898926,
            -0.0806117057800293
        ],
        [
            -0.15088847279548645,
            -0.8117584586143494,
            -0.08071794360876083
        ],
        [
            -0.14787578582763672,
            -0.8122773170471191,
            -0.08510209619998932
        ],
        [
            -0.16628743708133698,
            -0.826669454574585,
            -0.08174937218427658
        ],
        [
            -0.16738145053386688,
            -0.8252685070037842,
            -0.07443512231111526
        ],
        [
            -0.16456416249275208,
            -0.8234257698059082,
            -0.07555392384529114
        ],
        [
            -0.16413205862045288,
            -0.8242107629776001,
            -0.08165432512760162
        ],
        [
            -0.15930068492889404,
            -0.8192468285560608,
            -0.06428594887256622
        ],
        [
            -0.16122952103614807,
            -0.8208391666412354,
            -0.06583550572395325
        ],
        [
            -0.16353461146354675,
            -0.821318507194519,
            -0.06266807019710541
        ],
        [
            -0.16078147292137146,
            -0.8178249597549438,
            -0.06142141669988632
        ],
        [
            -0.15886464715003967,
            -0.8153622150421143,
            -0.06370382010936737
        ],
        [
            -0.15860696136951447,
            -0.8177157640457153,
            -0.06565268337726593
        ],
        [
            -0.1904127299785614,
            -0.8806053996086121,
            -0.08414015918970108
        ],
        [
            -0.19119901955127716,
            -0.8616816401481628,
            -0.08172940462827682
        ],
        [
            -0.17355014383792877,
            -0.8822450637817383,
            -0.0955350250005722
        ],
        [
            -0.15615785121917725,
            -0.8793795108795166,
            -0.10174095630645752
        ],
        [
            -0.1402260959148407,
            -0.8725029230117798,
            -0.10678884387016296
        ],
        [
            -0.10754314810037613,
            -0.7739624977111816,
            -0.09331762045621872
        ],
        [
            -0.09781763702630997,
            -0.7694391012191772,
            -0.09277532994747162
        ],
        [
            -0.08967551589012146,
            -0.7821036577224731,
            -0.09773455560207367
        ],
        [
            -0.08143490552902222,
            -0.7751709222793579,
            -0.09455861896276474
        ],
        [
            -0.09059643000364304,
            -0.7620590925216675,
            -0.08957807719707489
        ],
        [
            -0.08345628529787064,
            -0.7450366020202637,
            -0.0755661129951477
        ],
        [
            -0.08568442612886429,
            -0.7534530162811279,
            -0.0839526578783989
        ],
        [
            -0.07393794506788254,
            -0.7680361270904541,
            -0.08915632963180542
        ],
        [
            -0.06463286280632019,
            -0.7865620851516724,
            -0.09428299963474274
        ],
        [
            -0.07393893599510193,
            -0.789919912815094,
            -0.0979885682463646
        ],
        [
            -0.06025318801403046,
            -0.8069944977760315,
            -0.09534968435764313
        ],
        [
            -0.053436607122421265,
            -0.7833682298660278,
            -0.08788151293992996
        ],
        [
            -0.05307836830615997,
            -0.8097444176673889,
            -0.09024864435195923
        ],
        [
            -0.05258728563785553,
            -0.7504968047142029,
            -0.07275553792715073
        ],
        [
            -0.047906845808029175,
            -0.7432050704956055,
            -0.07336416095495224
        ],
        [
            -0.03605375438928604,
            -0.7550545930862427,
            -0.08243168890476227
        ],
        [
            -0.04091732203960419,
            -0.762925922870636,
            -0.08174964785575867
        ],
        [
            -0.08396598696708679,
            -0.7937704920768738,
            -0.10060477256774902
        ],
        [
            -0.12108288705348969,
            -0.8461376428604126,
            -0.10710859298706055
        ],
        [
            -0.13148078322410583,
            -0.839871883392334,
            -0.10582158714532852
        ],
        [
            -0.11132222414016724,
            -0.8367345333099365,
            -0.10777460783720016
        ],
        [
            -0.13359707593917847,
            -0.9081764221191406,
            -0.10522109270095825
        ],
        [
            -0.1472865492105484,
            -0.8950146436691284,
            -0.10419054329395294
        ],
        [
            -0.1324184387922287,
            -0.8857028484344482,
            -0.1086890771985054
        ],
        [
            -0.12187038362026215,
            -0.8990100622177124,
            -0.10917894542217255
        ],
        [
            -0.16538405418395996,
            -0.9312647581100464,
            -0.08266355097293854
        ],
        [
            -0.1803954690694809,
            -0.9074361324310303,
            -0.08604886382818222
        ],
        [
            -0.1656191647052765,
            -0.9030627012252808,
            -0.09529464691877365
        ],
        [
            -0.15215356647968292,
            -0.921489953994751,
            -0.09427616745233536
        ],
        [
            -0.11053869128227234,
            -0.9069339036941528,
            -0.10850904881954193
        ],
        [
            -0.09577617049217224,
            -0.917317807674408,
            -0.10490529239177704
        ],
        [
            -0.09884220361709595,
            -0.933833122253418,
            -0.10005071014165878
        ],
        [
            -0.11848290264606476,
            -0.9232127070426941,
            -0.10378371179103851
        ],
        [
            -0.10559970140457153,
            -0.9537542462348938,
            -0.08758136630058289
        ],
        [
            -0.12985633313655853,
            -0.9412117004394531,
            -0.09177598357200623
        ],
        [
            -0.039685338735580444,
            -0.8010966777801514,
            -0.08501867949962616
        ],
        [
            -0.04487736523151398,
            -0.8205970525741577,
            -0.08597776293754578
        ],
        [
            -0.048138514161109924,
            -0.7711539268493652,
            -0.08212083578109741
        ],
        [
            -0.03537103533744812,
            -0.7857930064201355,
            -0.08449636399745941
        ],
        [
            -0.11311154067516327,
            -0.967836856842041,
            -0.06950406730175018
        ],
        [
            -0.1416921615600586,
            -0.9539201855659485,
            -0.07521574199199677
        ],
        [
            -0.04514776170253754,
            -0.9217227101325989,
            -0.08338935673236847
        ],
        [
            -0.06098751723766327,
            -0.9328324794769287,
            -0.08743159472942352
        ],
        [
            -0.06598702073097229,
            -0.9147940278053284,
            -0.09731001406908035
        ],
        [
