{
    "pred_cam": [
        1.4175069332122803,
        0.149237260222435,
        0.2710522413253784
    ],
    "pred_smpl_params": {
        "global_orient": [
            [
                [
                    -0.2848987281322479,
                    0.10902111977338791,
                    -0.9523376822471619
                ],
                [
                    0.2218189388513565,
                    -0.9590455293655396,
                    -0.17614775896072388
                ],
                [
                    -0.9325389862060547,
                    -0.2614308297634125,
                    0.2490479052066803
                ]
            ]
        ],
        "body_pose": [
            [
                [
                    0.996437132358551,
                    0.0317700132727623,
                    0.07812658697366714
                ],
                [
                    -0.04617246985435486,
                    0.9806785583496094,
                    0.19009897112846375
                ],
                [
                    -0.07057762891054153,
                    -0.19302895665168762,
                    0.9786514043807983
                ]
            ],
            [
                [
                    0.9866349697113037,
                    0.14197564125061035,
                    -0.07996468991041183
                ],
                [
                    -0.14030426740646362,
                    0.9897623658180237,
                    0.02617470920085907
                ],
                [
                    0.08286222070455551,
                    -0.014605495147407055,
                    0.9964539408683777
                ]
            ],
            [
                [
                    0.9977397918701172,
                    -0.04585186764597893,
                    0.04912282153964043
                ],
                [
                    0.05386431887745857,
                    0.9827905297279358,
                    -0.17669597268104553
                ],
                [
                    -0.040175601840019226,
                    0.17894254624843597,
                    0.9830390214920044
                ]
            ],
            [
                [
                    0.976643443107605,
                    0.20692546665668488,
                    0.057875100523233414
                ],
                [
                    -0.19843986630439758,
                    0.9719340205192566,
                    -0.126356303691864
                ],
                [
                    -0.08239711076021194,
                    0.1119203194975853,
                    0.9902952313423157
                ]
            ],
            [
                [
                    0.9845200181007385,
                    0.05973164364695549,
                    0.16478034853935242
                ],
                [
                    -0.0545286126434803,
                    0.9978657364845276,
                    -0.035924531519412994
                ],
                [
                    -0.16657449305057526,
                    0.0263831727206707,
                    0.9856758713722229
                ]
            ],
            [
                [
                    0.9916759133338928,
                    -0.12766487896442413,
                    0.01674952730536461
                ],
                [
                    0.12838393449783325,
                    0.9903069734573364,
                    -0.053005512803792953
                ],
                [
                    -0.009820232167840004,
                    0.054714661091566086,
                    0.998453676700592
                ]
            ],
            [
                [
                    0.9754700660705566,
                    0.038011252880096436,
                    0.21682576835155487
                ],
                [
                    -0.03106684982776642,
                    0.998892068862915,
                    -0.03534810245037079
                ],
                [
                    -0.2179291546344757,
                    0.027744924649596214,
                    0.9755702018737793
                ]
            ],
            [
                [
                    0.9717801809310913,
                    -0.07958141714334488,
                    -0.22205853462219238
                ],
                [
                    0.07333365827798843,
                    0.9966482520103455,
                    -0.03625393286347389
                ],
                [
                    0.22419941425323486,
                    0.018946491181850433,
                    0.9743590354919434
                ]
            ],
            [
                [
                    0.9984992146492004,
                    -0.05211266130208969,
                    0.016837481409311295
                ],
                [
                    0.053282737731933594,
                    0.9954677820205688,
                    -0.07877182960510254
                ],
                [
                    -0.01265615876764059,
                    0.07955076545476913,
                    0.9967504739761353
                ]
            ],
            [
                [
                    0.9962286949157715,
                    -0.058588773012161255,
                    0.06399773806333542
                ],
                [
                    0.060599636286497116,
                    0.9977129101753235,
                    -0.029943736270070076
                ],
                [
                    -0.06209700554609299,
                    0.033709049224853516,
                    0.9975007176399231
                ]
            ],
            [
                [
                    0.9959805607795715,
                    0.08930648863315582,
                    0.006855661980807781
                ],
                [
                    -0.08952077478170395,
                    0.9950389862060547,
                    0.043399594724178314
                ],
                [
                    -0.002945785643532872,
                    -0.043838877230882645,
                    0.9990342855453491
                ]
            ],
            [
                [
                    0.9422205686569214,
                    -0.001253758673556149,
                    0.33499062061309814
                ],
                [
                    0.06215989962220192,
                    0.9832812547683716,
                    -0.1711556613445282
                ],
                [
                    -0.32917535305023193,
                    0.18208938837051392,
                    0.9265457391738892
                ]
            ],
            [
                [
                    0.9032795429229736,
                    -0.11201110482215881,
                    -0.4141733944416046
                ],
                [
                    0.16635864973068237,
                    0.9812387228012085,
                    0.09744399785995483
                ],
                [
                    0.3954881727695465,
                    -0.15692049264907837,
                    0.9049668908119202
                ]
            ],
            [
                [
                    0.9378980994224548,
                    -0.23355598747730255,
                    0.25651246309280396
                ],
                [
                    0.22669918835163116,
                    0.9723291993141174,
                    0.05642061308026314
                ],
                [
                    -0.2625919580459595,
                    0.005234376061707735,
                    0.9648926854133606
                ]
            ],
            [
                [
                    0.9947960376739502,
                    0.08031430840492249,
                    0.0626925528049469
                ],
                [
                    -0.05158161744475365,
                    0.9276407361030579,
                    -0.3698946535587311
                ],
                [
                    -0.0878639966249466,
                    0.36473599076271057,
                    0.926956057548523
                ]
            ],
            [
                [
                    0.774800717830658,
                    0.17353461682796478,
                    -0.607922375202179
                ],
                [
                    -0.1648443043231964,
                    0.9837803244590759,
                    0.07073011249303818
                ],
                [
                    0.6103361248970032,
                    0.045410819351673126,
                    0.7908399105072021
                ]
            ],
            [
                [
                    0.5929886698722839,
                    -0.6601665019989014,
                    0.4610256850719452
                ],
                [
                    0.762440025806427,
                    0.6444694399833679,
                    -0.0578300803899765
                ],
                [
                    -0.2589395046234131,
                    0.38579702377319336,
                    0.885500431060791
                ]
            ],
            [
                [
                    0.1986297070980072,
                    -0.09056641906499863,
                    -0.9758810997009277
                ],
                [
                    -0.14677917957305908,
                    0.9817425012588501,
                    -0.12098564952611923
                ],
                [
                    0.969021201133728,
                    0.16727039217948914,
                    0.18170996010303497
                ]
            ],
            [
                [
                    0.1885869801044464,
                    0.20775926113128662,
                    0.9598286151885986
                ],
                [
                    0.0755058228969574,
                    0.9714055061340332,
                    -0.22510047256946564
                ],
                [
                    -0.9791494607925415,
                    0.11492366343736649,
                    0.16750739514827728
                ]
            ],
            [
                [
                    0.9834402203559875,
                    -0.10877767205238342,
                    -0.14495818316936493
                ],
                [
                    0.10555706918239594,
                    0.9939680695533752,
                    -0.029749779030680656
                ],
                [
                    0.1473199427127838,
                    0.01395576260983944,
                    0.9889904260635376
                ]
            ],
            [
                [
                    0.9901014566421509,
                    0.016805754974484444,
                    0.1393434852361679
                ],
                [
                    -0.05880687013268471,
                    0.9511303901672363,
                    0.30313798785209656
                ],
                [
                    -0.12743936479091644,
                    -0.3083317279815674,
                    0.942703902721405
                ]
            ],
            [
                [
                    0.993910551071167,
                    0.09952356666326523,
                    -0.047296423465013504
                ],
                [
                    -0.0946260392665863,
                    0.9908307790756226,
                    0.0964384526014328
                ],
                [
                    0.05646064504981041,
                    -0.09137570858001709,
                    0.9942147135734558
                ]
            ],
            [
                [
                    0.9902874231338501,
                    -0.13903413712978363,
                    0.0005658146692439914
                ],
                [
                    0.13798433542251587,
                    0.9832931756973267,
                    0.11872154474258423
                ],
                [
                    -0.017062708735466003,
                    -0.11749037355184555,
                    0.9929273724555969
                ]
            ]
        ],
        "betas": [
            -0.16709288954734802,
            -0.21890702843666077,
            0.2165246307849884,
            0.6181672811508179,
            0.20181159675121307,
            0.011554155498743057,
            -0.011508047580718994,
            -0.06027579307556152,
            0.09639131277799606,
            -0.002179861068725586
        ]
    },
    "pred_cam_t": [
        0.149237260222435,
        0.2710522413253784,
        27.55718421936035
    ],
    "focal_length": [
        5000.0,
        5000.0
    ],
    "pred_keypoints_3d": [
        [
            -0.17039325833320618,
            -0.7665183544158936,
            -0.05725821107625961
        ],
        [
            0.011141467839479446,
            -0.7342201471328735,
            -0.02943706512451172
        ],
        [
            0.04332973062992096,
            -0.6440098285675049,
            0.14768590033054352
        ],
        [
            0.01774175837635994,
            -0.4129350185394287,
            0.23850911855697632
        ],
        [
            -0.20097507536411285,
            -0.3612687289714813,
            0.1288326233625412
        ],
        [
            -0.0513809509575367,
            -0.6820234060287476,
            -0.18530765175819397
        ],
        [
            -0.2879630923271179,
            -0.6467511653900146,
            -0.27635037899017334
        ],
        [
            -0.39261960983276367,
            -0.6085957288742065,
            -0.05858534574508667
        ],
        [
            -0.0021048919297754765,
            -0.22901137173175812,
            0.02836799994111061
        ],
        [
            0.011288948357105255,
            -0.1565052568912506,
            0.11380259692668915
        ],
        [
            0.002619788981974125,
            0.17439505457878113,
            0.2897585928440094
        ],
        [
            0.02688625082373619,
            0.5343049764633179,
            0.4374469518661499
        ],
        [
            -0.02535625360906124,
            -0.12484412640333176,
            -0.01388736441731453
        ],
        [
            -0.13143132627010345,
            0.2140854001045227,
            0.07689270377159119
        ],
        [
            -0.13429313898086548,
            0.5468456745147705,
            0.27904295921325684
        ],
        [
            -0.16873450577259064,
            -0.8140110373497009,
            -0.017766986042261124
        ],
        [
            -0.15699616074562073,
            -0.8202245235443115,
            -0.08303041756153107
        ],
        [
            -0.08809250593185425,
            -0.8455671072006226,
            0.04458845406770706
        ],
        [
            -0.06430092453956604,
            -0.8592382669448853,
            -0.10253819823265076
        ],
        [
            -0.3317253589630127,
            0.5848372578620911,
            0.30227166414260864
        ],
        [
            -0.2805938720703125,
            0.6228317022323608,
            0.24795018136501312
        ],
        [
            -0.07892986387014389,
            0.5842068195343018,
            0.2932940125465393
        ],
        [
            -0.15418057143688202,
            0.5526356101036072,
            0.5176259279251099
        ],
        [
            -0.08322110772132874,
            0.5377095341682434,
            0.5679115653038025
        ],
        [
            0.08035480976104736,
            0.583019495010376,
            0.4379032552242279
        ],
        [
            0.06102589890360832,
            0.4854103624820709,
            0.42682844400405884
        ],
        [
            0.004618503153324127,
            0.11598091572523117,
            0.26029765605926514
        ],
        [
            0.050574734807014465,
            -0.29000648856163025,
            0.15386679768562317
        ],
        [
            -0.016245033591985703,
            -0.20714636147022247,
            -0.11903904378414154
        ],
        [
            -0.12320470064878464,
            0.17911650240421295,
            0.05175077170133591
        ],
        [
            -0.10624030232429504,
            0.5246367454528809,
            0.25318044424057007
        ],
        [
            -0.18390493094921112,
            -0.3985615074634552,
            0.125692218542099
        ],
        [
            -0.0072059244848787785,
            -0.4433269500732422,
            0.252968966960907
        ],
        [
            0.03814925253391266,
            -0.6726477146148682,
            0.11328878253698349
        ],
        [
            -0.03281420096755028,
            -0.7087748646736145,
            -0.17097775638103485
        ],
        [
            -0.27736443281173706,
            -0.6855733394622803,
            -0.25493061542510986
        ],
        [
            -0.3740383982658386,
            -0.6238529086112976,
            -0.0580650232732296
        ],
        [
            0.006471693515777588,
            -0.7302719950675964,
            -0.025385761633515358
        ],
        [
            -0.11658051609992981,
            -0.8905377984046936,
            -0.03697889670729637
        ],
        [
            0.017019199207425117,
            -0.2490273118019104,
            0.0167172159999609
        ],
        [
            0.002698940224945545,
            -0.6848095655441284,
            -0.025692319497466087
        ],
        [
            0.04395796358585358,
            -0.4931672513484955,
            -0.0305158831179142
        ],
        [
            -0.09123174101114273,
            -0.7783077955245972,
            -0.045849356800317764
        ],
        [
            -0.11934960633516312,
            -0.9099735021591187,
            -0.03204847872257233
        ]
    ],
    "pred_vertices": [
        [
            -0.1795509159564972,
            -0.8618526458740234,
            -0.09599559754133224
        ],
        [
            -0.17932049930095673,
            -0.8454171419143677,
            -0.09152078628540039
        ],
        [
            -0.16782234609127045,
            -0.8476880788803101,
            -0.10033571720123291
        ],
        [
            -0.1638287454843521,
            -0.8615721464157104,
            -0.10373692214488983
        ],
        [
            -0.16895873844623566,
            -0.836400032043457,
            -0.09759118407964706
        ],
        [
            -0.17707335948944092,
            -0.833565890789032,
            -0.08912555873394012
        ],
        [
            -0.15447469055652618,
            -0.8474339246749878,
            -0.1047133207321167
        ],
        [
            -0.14798450469970703,
            -0.859310507774353,
            -0.10709939897060394
        ],
        [
            -0.1259516179561615,
            -0.8223134279251099,
            -0.10648109018802643
        ],
        [
            -0.11522597074508667,
            -0.823345959186554,
            -0.10826989263296127
        ],
        [
            -0.12252551317214966,
            -0.8331280946731567,
            -0.10858525335788727
        ],
        [
            -0.13147403299808502,
            -0.8295456171035767,
            -0.10567429661750793
        ],
        [
            -0.11106526851654053,
            -0.8009508848190308,
            -0.10420750826597214
        ],
        [
            -0.11468083411455154,
            -0.7883514165878296,
            -0.09983929991722107
        ],
        [
            -0.10167533904314041,
            -0.7850754261016846,
            -0.09994145482778549
        ],
        [
            -0.09694176912307739,
            -0.7976326942443848,
            -0.10299362242221832
        ],
        [
            -0.14717203378677368,
            -0.7869600057601929,
            -0.07364307343959808
        ],
        [
            -0.1421629637479782,
            -0.7820175886154175,
            -0.07864978909492493
        ],
        [
            -0.14415079355239868,
            -0.7886182069778442,
            -0.08249536156654358
        ],
        [
            -0.1484856754541397,
            -0.792943000793457,
            -0.0766734629869461
        ],
        [
            -0.15864628553390503,
            -0.791956901550293,
            -0.06640982627868652
        ],
        [
            -0.15825773775577545,
            -0.7984241247177124,
            -0.06675205379724503
        ],
        [
            -0.1653853952884674,
            -0.7989499568939209,
            -0.06332527846097946
        ],
        [
            -0.1661713570356369,
            -0.7915343046188354,
            -0.06409561634063721
        ],
        [
            -0.14543935656547546,
            -0.7818840742111206,
            -0.06819615513086319
        ],
        [
            -0.13993647694587708,
            -0.7771250605583191,
            -0.07339533418416977
        ],
        [
            -0.15179817378520966,
            -0.7908762693405151,
            -0.06952302157878876
        ],
        [
            -0.15204235911369324,
            -0.7858202457427979,
            -0.06827492266893387
        ],
        [
            -0.15866413712501526,
            -0.7754322290420532,
            -0.06774871051311493
        ],
        [
            -0.1593548059463501,
            -0.7803716063499451,
            -0.06899897009134293
        ],
        [
            -0.16636361181735992,
            -0.7779405117034912,
            -0.06739944219589233
        ],
        [
            -0.16344089806079865,
            -0.7731476426124573,
            -0.06594378501176834
        ],
        [
            -0.14974261820316315,
            -0.7793760895729065,
            -0.06847527623176575
        ],
        [
            -0.15340939164161682,
            -0.7808040380477905,
            -0.06963510811328888
        ],
        [
            -0.15415552258491516,
            -0.776199460029602,
            -0.06774256378412247
        ],
        [
            -0.15066993236541748,
            -0.7756736278533936,
            -0.06545864045619965
        ],
        [
            -0.15904323756694794,
            -0.7869561910629272,
            -0.06656219065189362
        ],
        [
            -0.1665782928466797,
            -0.7851165533065796,
            -0.06546729803085327
        ],
        [
            -0.17409592866897583,
            -0.7827104330062866,
            -0.06327074766159058
        ],
        [
            -0.17302058637142181,
            -0.7738029956817627,
            -0.06470513343811035
        ],
        [
            -0.1279531717300415,
            -0.7741546630859375,
            -0.0873672217130661
        ],
        [
            -0.1357613205909729,
            -0.7779370546340942,
            -0.08388426154851913
        ],
        [
            -0.13453876972198486,
            -0.7732039093971252,
            -0.0785919576883316
        ],
        [
            -0.12856683135032654,
            -0.7700597047805786,
            -0.08238017559051514
        ],
        [
            -0.14607492089271545,
            -0.7745516300201416,
            -0.06564638018608093
        ],
        [
            -0.13778647780418396,
            -0.7611731886863708,
            -0.06858313083648682
        ],
        [
            -0.13971364498138428,
            -0.7643922567367554,
            -0.06906172633171082
        ],
        [
            -0.14476320147514343,
            -0.7627090811729431,
            -0.06423278152942657
        ],
        [
            -0.14267206192016602,
            -0.7598082423210144,
            -0.06436235457658768
        ],
        [
            -0.11254434287548065,
            -0.766180694103241,
            -0.08992749452590942
        ],
        [
            -0.11692509800195694,
            -0.7626408934593201,
            -0.08528973162174225
        ],
        [
            -0.11133255809545517,
            -0.7578222751617432,
            -0.08490362763404846
        ],
        [
            -0.10545746982097626,
            -0.760840654373169,
            -0.08846032619476318
        ],
        [
            -0.10836106538772583,
            -0.7530012726783752,
            -0.08186143636703491
        ],
        [
            -0.0997229591012001,
            -0.7553573846817017,
            -0.08592609316110611
        ],
        [
            -0.09543883055448532,
            -0.741977334022522,
            -0.0764138400554657
        ],
        [
            -0.0969720184803009,
            -0.7480610609054565,
            -0.081202432513237
        ],
        [
            -0.10686758905649185,
            -0.7475107312202454,
            -0.0778001993894577
        ],
        [
            -0.10825926810503006,
            -0.7410475611686707,
            -0.07301662862300873
        ],
        [
            -0.1197018250823021,
            -0.7402646541595459,
            -0.06378524005413055
        ],
        [
            -0.12246296554803848,
            -0.7374604940414429,
            -0.05862932652235031
        ],
        [
            -0.11392616480588913,
            -0.7281960248947144,
            -0.06196827441453934
        ],
        [
            -0.11141777038574219,
            -0.7334444522857666,
            -0.06743393838405609
        ],
        [
            -0.13120530545711517,
            -0.7580817937850952,
            -0.06660718470811844
        ],
        [
            -0.12807320058345795,
            -0.7598366737365723,
            -0.06979900598526001
        ],
        [
            -0.13063502311706543,
            -0.7600350379943848,
            -0.07073070108890533
        ],
        [
            -0.13477638363838196,
            -0.7590880393981934,
            -0.06763191521167755
        ],
        [
            -0.12569543719291687,
            -0.7607870697975159,
            -0.07290948927402496
        ],
        [
            -0.12461687624454498,
            -0.7611111402511597,
            -0.07430797815322876
        ],
        [
            -0.12628474831581116,
            -0.7616081237792969,
            -0.07448075711727142
        ],
        [
            -0.1264486312866211,
            -0.7613067626953125,
            -0.07314588874578476
        ],
        [
            -0.12724392116069794,
            -0.760502815246582,
            -0.07133118808269501
        ],
        [
            -0.1268802285194397,
            -0.758538007736206,
            -0.07034234702587128
        ],
        [
            -0.12598752975463867,
            -0.7597628831863403,
            -0.07210743427276611
        ],
        [
            -0.1296081840991974,
            -0.7561340928077698,
            -0.06755070388317108
        ],
        [
            -0.13785123825073242,
            -0.7492210268974304,
            -0.05741222947835922
        ],
        [
            -0.13611744344234467,
            -0.7505894303321838,
            -0.060582324862480164
        ],
        [
            -0.13764533400535583,
            -0.7548127174377441,
            -0.05906277894973755
        ],
        [
            -0.13930153846740723,
            -0.7538458108901978,
            -0.05647335201501846
        ],
        [
            -0.12906622886657715,
            -0.7623659372329712,
            -0.07370434701442719
        ],
        [
            -0.1288883090019226,
            -0.7639902234077454,
            -0.07577024400234222
        ],
        [
            -0.13383974134922028,
            -0.7643938064575195,
            -0.07310308516025543
        ],
        [
            -0.1322835385799408,
            -0.7621656656265259,
            -0.0716286301612854
        ],
        [
            -0.1290033459663391,
            -0.7660290598869324,
            -0.07862845063209534
        ],
        [
            -0.12592610716819763,
            -0.76317298412323,
            -0.07660448551177979
        ],
        [
            -0.12521886825561523,
            -0.7643345594406128,
            -0.07966051995754242
        ],
        [
            -0.1238899827003479,
            -0.7595018148422241,
            -0.07366633415222168
        ],
        [
            -0.1212383359670639,
            -0.7590422630310059,
            -0.07588592171669006
        ],
        [
            -0.12326608598232269,
            -0.7609004974365234,
            -0.07685302942991257
        ],
        [
            -0.12054351717233658,
            -0.7557166814804077,
            -0.07391136884689331
        ],
        [
            -0.1243535652756691,
            -0.757096529006958,
            -0.07142163068056107
        ],
        [
            -0.12657424807548523,
            -0.7538024187088013,
            -0.06865726411342621
        ],
        [
            -0.12967467308044434,
            -0.7502659559249878,
            -0.06503784656524658
        ],
        [
            -0.12428272515535355,
            -0.7477493286132812,
            -0.06636089086532593
        ],
        [
            -0.12178269028663635,
            -0.7516967058181763,
            -0.07062436640262604
        ],
        [
            -0.13478682935237885,
            -0.7683161497116089,
            -0.07527659833431244
        ],
        [
            -0.12046849727630615,
            -0.7615896463394165,
            -0.0805022343993187
        ],
        [
            -0.12289196997880936,
            -0.7673699855804443,
            -0.08408469706773758
        ],
        [
            -0.11719843745231628,
            -0.7579148411750793,
            -0.07988408207893372
        ],
        [
            -0.11519206315279007,
            -0.7539689540863037,
            -0.07751507312059402
        ],
        [
            -0.1153637245297432,
            -0.7492855787277222,
            -0.07340607047080994
        ],
        [
            -0.11727973073720932,
            -0.7445210218429565,
            -0.06881476938724518
        ],
        [
            -0.09990357607603073,
            -0.7260394096374512,
            -0.06105460226535797
        ],
        [
            -0.09823120385408401,
            -0.7327262163162231,
            -0.06849320977926254
        ],
        [
            -0.17103588581085205,
            -0.8282618522644043,
            -0.08591651916503906
        ],
        [
            -0.16653457283973694,
            -0.8296321630477905,
            -0.09367929399013519
        ],
        [
            -0.15824967622756958,
            -0.8252277374267578,
            -0.0924367606639862
        ],
        [
            -0.15886175632476807,
            -0.8273322582244873,
            -0.09408364444971085
        ],
        [
            -0.1636945605278015,
            -0.8265604972839355,
            -0.09016643464565277
        ],
        [
            -0.16160693764686584,
            -0.8244358897209167,
            -0.08918662369251251
        ],
        [
            -0.1383727490901947,
            -0.8279883861541748,
            -0.10138189047574997
        ],
        [
            -0.14415955543518066,
            -0.8268214464187622,
            -0.09779298305511475
        ],
        [
            -0.14107823371887207,
            -0.8242709636688232,
            -0.09737010300159454
        ],
        [
            -0.13437801599502563,
            -0.8226344585418701,
            -0.10242274403572083
        ],
        [
            -0.14458900690078735,
            -0.8137434720993042,
            -0.09154471755027771
        ],
        [
            -0.1417386531829834,
            -0.8167678117752075,
            -0.09491484612226486
        ],
        [
            -0.14793621003627777,
            -0.8209453821182251,
            -0.09226157516241074
        ],
        [
            -0.150048166513443,
            -0.8187158107757568,
            -0.08986642956733704
        ],
        [
            -0.15218834578990936,
            -0.8170008659362793,
            -0.0867827832698822
        ],
        [
            -0.15433156490325928,
            -0.815864622592926,
            -0.08299142122268677
        ],
        [
            -0.1508917510509491,
            -0.8117268681526184,
            -0.08306387066841125
        ],
        [
            -0.1478341817855835,
            -0.8122584819793701,
            -0.08741628378629684
        ],
        [
            -0.16636008024215698,
            -0.8265445828437805,
            -0.08428079634904861
        ],
        [
            -0.167523592710495,
            -0.8251482248306274,
            -0.07697489857673645
        ],
        [
            -0.16468895971775055,
            -0.8233143091201782,
            -0.07806526869535446
        ],
        [
            -0.1641947478055954,
            -0.8240969181060791,
            -0.0841604620218277
        ],
        [
            -0.15952447056770325,
            -0.8191829919815063,
            -0.06672745943069458
        ],
        [
            -0.16144618391990662,
            -0.8207612037658691,
            -0.0683010146021843
        ],
        [
            -0.16378909349441528,
            -0.8212316036224365,
            -0.0651596337556839
        ],
        [
            -0.16102567315101624,
            -0.8177564740180969,
            -0.0638759434223175
        ],
        [
            -0.15907201170921326,
            -0.8153035640716553,
            -0.06613793969154358
        ],
        [
            -0.15880846977233887,
            -0.8176557421684265,
            -0.06808708608150482
        ],
        [
            -0.1907661408185959,
            -0.8803501725196838,
            -0.08698529005050659
        ],
        [
            -0.1914614737033844,
            -0.8614165782928467,
            -0.0845700055360794
        ],
        [
            -0.17379344999790192,
            -0.882059633731842,
            -0.09820092469453812
        ],
        [
            -0.15631048381328583,
            -0.8792914748191833,
            -0.104212187230587
        ],
        [
            -0.14028525352478027,
            -0.8725298643112183,
            -0.10908439755439758
        ],
        [
            -0.10721752792596817,
            -0.7741502523422241,
            -0.09518961608409882
        ],
        [
            -0.09747575223445892,
            -0.7696815729141235,
            -0.09453333914279938
        ],
        [
            -0.08934882283210754,
            -0.7823914289474487,
            -0.09941089153289795
        ],
        [
            -0.0811115950345993,
            -0.7755007743835449,
            -0.09614135324954987
        ],
        [
            -0.09025699645280838,
            -0.7623392343521118,
            -0.0912453681230545
        ],
        [
            -0.0831955224275589,
            -0.7453409433364868,
            -0.07712991535663605
        ],
        [
            -0.08537089079618454,
            -0.7537578344345093,
            -0.08555663377046585
        ],
        [
            -0.07364960014820099,
            -0.7683959603309631,
            -0.09065902978181839
        ],
        [
            -0.0643722265958786,
            -0.786972165107727,
            -0.09571245312690735
        ],
        [
            -0.0736473947763443,
            -0.7902878522872925,
            -0.09950672835111618
        ],
        [
            -0.06007760763168335,
            -0.8074396848678589,
            -0.09674406051635742
        ],
        [
            -0.0532359853386879,
            -0.7838306427001953,
            -0.08919959515333176
        ],
        [
            -0.052974700927734375,
            -0.8102227449417114,
            -0.09157420694828033
        ],
        [
            -0.05248308926820755,
            -0.7509660720825195,
            -0.07398223876953125
        ],
        [
            -0.047800496220588684,
            -0.7437136173248291,
            -0.07451286166906357
        ],
        [
            -0.035892173647880554,
            -0.7556087374687195,
            -0.0835014283657074
        ],
        [
            -0.04075980931520462,
            -0.7634552717208862,
            -0.08287788182497025
        ],
        [
            -0.08366793394088745,
            -0.7940876483917236,
            -0.10223175585269928
        ],
        [
            -0.12098667025566101,
            -0.8462625741958618,
            -0.1091642677783966
        ],
        [
            -0.13136884570121765,
            -0.8399375677108765,
            -0.10799206048250198
        ],
        [
            -0.11117205023765564,
            -0.8369100093841553,
            -0.10971326380968094
        ],
        [
            -0.1338895857334137,
            -0.9082300662994385,
            -0.10748474299907684
        ],
        [
            -0.14752207696437836,
            -0.894983172416687,
            -0.10660430043935776
        ],
        [
            -0.1325373351573944,
            -0.8857620358467102,
            -0.1109105572104454
        ],
        [
            -0.12205910682678223,
            -0.899132251739502,
            -0.11131131649017334
        ],
        [
            -0.16606028378009796,
            -0.931145429611206,
            -0.08526522666215897
        ],
        [
            -0.1808769404888153,
            -0.9072265625,
            -0.0887923613190651
        ],
        [
            -0.16597837209701538,
            -0.9029327630996704,
            -0.09788380563259125
        ],
        [
            -0.1526392698287964,
            -0.921439528465271,
            -0.0967302992939949
        ],
        [
            -0.11078561842441559,
            -0.9071147441864014,
            -0.11050131916999817
        ],
        [
            -0.09612704813480377,
            -0.9175797700881958,
            -0.10673178732395172
        ],
        [
            -0.0993533581495285,
            -0.9340927600860596,
            -0.10192395001649857
        ],
        [
            -0.11889272928237915,
            -0.9233551025390625,
            -0.10588499158620834
        ],
        [
            -0.10636702179908752,
            -0.953983724117279,
            -0.08955860882997513
        ],
        [
            -0.13049305975437164,
            -0.9413058757781982,
            -0.09399935603141785
        ],
        [
            -0.03960677981376648,
            -0.8016464710235596,
            -0.0861632451415062
        ],
        [
            -0.04488234221935272,
            -0.8211336135864258,
            -0.0872122123837471
        ],
        [
            -0.04797837883234024,
            -0.7716414332389832,
            -0.08334971219301224
        ],
        [
            -0.03524249047040939,
            -0.7863523960113525,
            -0.0855877548456192
        ],
        [
            -0.11416326463222504,
            -0.968072235584259,
            -0.07157867401838303
        ],
        [
            -0.14259567856788635,
            -0.9539667367935181,
            -0.07758668810129166
        ],
        [
            -0.045736417174339294,
            -0.9222880601882935,
            -0.08467571437358856
        ],
        [
            -0.06160411238670349,
            -0.9333043098449707,
            -0.08890293538570404
        ],
        [
            -0.06638956069946289,
            -0.9152257442474365,
            -0.09880892932415009
        ],
        [
