{
    "pred_cam": [
        1.4241968393325806,
        0.14805367588996887,
        0.2766592800617218
    ],
    "pred_smpl_params": {
        "global_orient": [
            [
                [
                    -0.2747347056865692,
                    0.11031544953584671,
                    -0.9551708102226257
                ],
                [
                    0.22503532469272614,
                    -0.9584296941757202,
                    -0.17541848123073578
                ],
                [
                    -0.9348154067993164,
                    -0.2631407380104065,
                    0.238489031791687
                ]
            ]
        ],
        "body_pose": [
            [
                [
                    0.9960083365440369,
                    0.03487077355384827,
                    0.08216702938079834
                ],
                [
                    -0.050411976873874664,
                    0.9794219732284546,
                    0.19542568922042847
                ],
                [
                    -0.07366155833005905,
                    -0.19878780841827393,
                    0.9772703647613525
                ]
            ],
            [
                [
                    0.9858996272087097,
                    0.1472409963607788,
                    -0.0795106366276741
                ],
                [
                    -0.1461154967546463,
                    0.9890689253807068,
                    0.01982470415532589
                ],
                [
                    0.08156049996614456,
                    -0.00792743545025587,
                    0.9966368675231934
                ]
            ],
            [
                [
                    0.9972418546676636,
                    -0.050490979105234146,
                    0.05439918115735054
                ],
                [
                    0.05935065820813179,
                    0.9825981855392456,
                    -0.17600655555725098
                ],
                [
                    -0.04456579312682152,
                    0.17874974012374878,
                    0.9828847050666809
                ]
            ],
            [
                [
                    0.9743180274963379,
                    0.21476735174655914,
                    0.06767146289348602
                ],
                [
                    -0.2029855102300644,
                    0.9677912592887878,
                    -0.14891938865184784
                ],
                [
                    -0.09747488051652908,
                    0.13135851919651031,
                    0.986531138420105
                ]
            ],
            [
                [
                    0.984487771987915,
                    0.06132293865084648,
                    0.164388045668602
                ],
                [
                    -0.055721867829561234,
                    0.9977047443389893,
                    -0.03847412019968033
                ],
                [
                    -0.16637007892131805,
                    0.02871728502213955,
                    0.9856451749801636
                ]
            ],
            [
                [
                    0.9894530177116394,
                    -0.1434861421585083,
                    0.01986001431941986
                ],
                [
                    0.14440564811229706,
                    0.9878547787666321,
                    -0.057358842343091965
                ],
                [
                    -0.011388611048460007,
                    0.05962177738547325,
                    0.9981561303138733
                ]
            ],
            [
                [
                    0.977132260799408,
                    0.02981097437441349,
                    0.2105322778224945
                ],
                [
                    -0.024589404463768005,
                    0.9993227124214172,
                    -0.027376813814044
                ],
                [
                    -0.21120582520961761,
                    0.021573908627033234,
                    0.9772034883499146
                ]
            ],
            [
                [
                    0.9741055369377136,
                    -0.07653766125440598,
                    -0.21274468302726746
                ],
                [
                    0.06992760300636292,
                    0.9968113303184509,
                    -0.03843456879258156
                ],
                [
                    0.21500802040100098,
                    0.022562602534890175,
                    0.9763515591621399
                ]
            ],
            [
                [
                    0.9980728030204773,
                    -0.05913861095905304,
                    0.01879272423684597
                ],
                [
                    0.06037740409374237,
                    0.9954178333282471,
                    -0.07414677739143372
                ],
                [
                    -0.014321677386760712,
                    0.07513855397701263,
                    0.9970700740814209
                ]
            ],
            [
                [
                    0.9961391687393188,
                    -0.05802968516945839,
                    0.06587477773427963
                ],
                [
                    0.060525666922330856,
                    0.9974974393844604,
                    -0.03654610365629196
                ],
                [
                    -0.06358915567398071,
                    0.040392111986875534,
                    0.9971585273742676
                ]
            ],
            [
                [
                    0.996869683265686,
                    0.07899230718612671,
                    -0.00330007984302938
                ],
                [
                    -0.07874499261379242,
                    0.995746910572052,
                    0.0478266105055809
                ],
                [
                    0.007063977885991335,
                    -0.047417040914297104,
                    0.9988501667976379
                ]
            ],
            [
                [
                    0.9406634569168091,
                    -0.00195472058840096,
                    0.3393353521823883
                ],
                [
                    0.06489155441522598,
                    0.9825654625892639,
                    -0.17422433197498322
                ],
                [
                    -0.33307865262031555,
                    0.18590645492076874,
                    0.9243902564048767
                ]
            ],
            [
                [
                    0.9023209810256958,
                    -0.10239318758249283,
                    -0.41872724890708923
                ],
                [
                    0.15808993577957153,
                    0.9823006391525269,
                    0.10046388953924179
                ],
                [
                    0.40102922916412354,
                    -0.15684723854064941,
                    0.9025378227233887
                ]
            ],
            [
                [
                    0.9231225848197937,
                    -0.2747633457183838,
                    0.26897910237312317
                ],
                [
                    0.2684621512889862,
                    0.9613758325576782,
                    0.06070112809538841
                ],
                [
                    -0.27526843547821045,
                    0.0161761287599802,
                    0.9612312912940979
                ]
            ],
            [
                [
                    0.9952027201652527,
                    0.08419844508171082,
                    0.049821820110082626
                ],
                [
                    -0.05902974307537079,
                    0.922882616519928,
                    -0.3805302679538727
                ],
                [
                    -0.07801973819732666,
                    0.37576377391815186,
                    0.9234254956245422
                ]
            ],
            [
                [
                    0.7656227350234985,
                    0.18619556725025177,
                    -0.6157539486885071
                ],
                [
                    -0.1704164743423462,
                    0.9817026853561401,
                    0.08495909720659256
                ],
                [
                    0.6203063130378723,
                    0.03988804295659065,
                    0.7833446860313416
                ]
            ],
            [
                [
                    0.5697579383850098,
                    -0.6727858781814575,
                    0.4719480872154236
                ],
                [
                    0.7767568826675415,
                    0.6284042000770569,
                    -0.04191536456346512
                ],
                [
                    -0.26837411522865295,
                    0.3904705345630646,
                    0.8806293606758118
                ]
            ],
            [
                [
                    0.191045880317688,
                    -0.1066545620560646,
                    -0.9757695198059082
                ],
                [
                    -0.11548516154289246,
                    0.9847331047058105,
                    -0.1302451342344284
                ],
                [
                    0.9747638702392578,
                    0.13756971061229706,
                    0.17581218481063843
                ]
            ],
            [
                [
                    0.18029262125492096,
                    0.22432605922222137,
                    0.9576911926269531
                ],
                [
                    0.05594832822680473,
                    0.9697311520576477,
                    -0.23767895996570587
                ],
                [
                    -0.9820205569267273,
                    0.09643298387527466,
                    0.1622847020626068
                ]
            ],
            [
                [
                    0.9836788177490234,
                    -0.10651086270809174,
                    -0.1450219452381134
                ],
                [
                    0.10325608402490616,
                    0.9942079782485962,
                    -0.029810123145580292
                ],
                [
                    0.14735707640647888,
                    0.014349189586937428,
                    0.9889792203903198
                ]
            ],
            [
                [
                    0.9910048246383667,
                    0.018852965906262398,
                    0.13249143958091736
                ],
                [
                    -0.05917369946837425,
                    0.9497178792953491,
                    0.3074645400047302
                ],
                [
                    -0.12003286182880402,
                    -0.31253886222839355,
                    0.9422906041145325
                ]
            ],
            [
                [
                    0.9933933615684509,
                    0.10362917929887772,
                    -0.04930168017745018
                ],
                [
                    -0.09867911040782928,
                    0.9906684756278992,
                    0.09401285648345947
                ],
                [
                    0.05858409404754639,
                    -0.08852669596672058,
                    0.9943495392799377
                ]
            ],
            [
                [
                    0.9900797009468079,
                    -0.1404898315668106,
                    -0.002192873740568757
                ],
                [
                    0.13977211713790894,
                    0.9831876158714294,
                    0.11749778687953949
                ],
                [
                    -0.014351239427924156,
                    -0.1166386753320694,
                    0.993070662021637
                ]
            ]
        ],
        "betas": [
            -0.16126295924186707,
            -0.18936887383460999,
            0.19268080592155457,
            0.5902929306030273,
            0.20687001943588257,
            0.008854363113641739,
            -0.023956865072250366,
            -0.052414119243621826,
            0.1064402237534523,
            -0.007614254951477051
        ]
    },
    "pred_cam_t": [
        0.14805367588996887,
        0.2766592800617218,
        27.4277400970459
    ],
    "focal_length": [
        5000.0,
        5000.0
    ],
    "pred_keypoints_3d": [
        [
            -0.16876733303070068,
            -0.764931321144104,
            -0.05332908406853676
        ],
        [
            0.012090694159269333,
            -0.7331527471542358,
            -0.023217568174004555
        ],
        [
            0.03973187133669853,
            -0.6339989900588989,
            0.15198871493339539
        ],
        [
            0.00837692990899086,
            -0.3952482342720032,
            0.21900105476379395
        ],
        [
            -0.20956283807754517,
            -0.36129170656204224,
            0.1004415899515152
        ],
        [
            -0.04813025891780853,
            -0.6843138933181763,
            -0.18136650323867798
        ],
        [
            -0.28481823205947876,
            -0.6484282612800598,
            -0.2729549705982208
        ],
        [
            -0.38910332322120667,
            -0.6177194714546204,
            -0.053512975573539734
        ],
        [
            -0.002091039204970002,
            -0.22857850790023804,
            0.02819615602493286
        ],
        [
            0.010595790110528469,
            -0.15636184811592102,
            0.11387892067432404
        ],
        [
            0.0034596845507621765,
            0.173941969871521,
            0.2921596169471741
        ],
        [
            0.030810309574007988,
            0.5330421328544617,
            0.4427211880683899
        ],
        [
            -0.02461766079068184,
            -0.1242937296628952,
            -0.013971593230962753
        ],
        [
            -0.13292831182479858,
            0.21415691077709198,
            0.07828949391841888
        ],
        [
            -0.1313273012638092,
            0.5447340607643127,
            0.2850962281227112
        ],
        [
            -0.16823601722717285,
            -0.811829149723053,
            -0.013130463659763336
        ],
        [
            -0.15553104877471924,
            -0.8191704750061035,
            -0.07809135317802429
        ],
        [
            -0.0889909416437149,
            -0.8432115912437439,
            0.050878386944532394
        ],
        [
            -0.0629565417766571,
            -0.8593257069587708,
            -0.09550059586763382
        ],
        [
            -0.3284756541252136,
            0.5855987071990967,
            0.3058030903339386
        ],
        [
            -0.2761167883872986,
            0.6230601668357849,
            0.252492219209671
        ],
        [
            -0.07561317831277847,
            0.5808132886886597,
            0.3003294765949249
        ],
        [
            -0.1510400027036667,
            0.5533781051635742,
            0.520933985710144
        ],
        [
            -0.0807994082570076,
            0.5374977588653564,
            0.571773886680603
        ],
        [
            0.08502700179815292,
            0.580664873123169,
            0.4440016746520996
        ],
        [
            0.06437283754348755,
            0.4834524393081665,
            0.4320445656776428
        ],
        [
            0.005149624310433865,
            0.11542317271232605,
            0.2620565593242645
        ],
        [
            0.0488017238676548,
            -0.290002703666687,
            0.15380516648292542
        ],
        [
            -0.01454067137092352,
            -0.20633748173713684,
            -0.11924263834953308
        ],
        [
            -0.12445083260536194,
            0.17921636998653412,
            0.0530119314789772
        ],
        [
            -0.1035279631614685,
            0.5220034718513489,
            0.2592390477657318
        ],
        [
            -0.191306933760643,
            -0.39804762601852417,
            0.10110650956630707
        ],
        [
            -0.01642891950905323,
            -0.4251374900341034,
            0.23555488884449005
        ],
        [
            0.035433877259492874,
            -0.6647661924362183,
            0.11778062582015991
        ],
        [
            -0.02974182553589344,
            -0.7105828523635864,
            -0.16618670523166656
        ],
        [
            -0.27381324768066406,
            -0.6875125765800476,
            -0.2519465684890747
        ],
        [
            -0.37029707431793213,
            -0.6324858665466309,
            -0.05357479304075241
        ],
        [
            0.0070327166467905045,
            -0.7278299927711487,
            -0.018973754718899727
        ],
        [
            -0.11657315492630005,
            -0.8891181945800781,
            -0.03031376376748085
        ],
        [
            0.017016492784023285,
            -0.2486567497253418,
            0.016597041860222816
        ],
        [
            0.0029383343644440174,
            -0.6818556785583496,
            -0.02088891714811325
        ],
        [
            0.044211436063051224,
            -0.49167048931121826,
            -0.029636260122060776
        ],
        [
            -0.0899997130036354,
            -0.7772445678710938,
            -0.04051053524017334
        ],
        [
            -0.11966187506914139,
            -0.9083738327026367,
            -0.025139519944787025
        ]
    ],
    "pred_vertices": [
        [
            -0.17832598090171814,
            -0.8607481718063354,
            -0.09080097079277039
        ],
        [
            -0.17798864841461182,
            -0.8442758917808533,
            -0.08654197305440903
        ],
        [
            -0.1663677990436554,
            -0.8467819690704346,
            -0.09513303637504578
        ],
        [
            -0.16244134306907654,
            -0.86075359582901,
            -0.09823503345251083
        ],
        [
            -0.1674237996339798,
            -0.8354599475860596,
            -0.09256525337696075
        ],
        [
            -0.175662100315094,
            -0.8324178457260132,
            -0.08431018888950348
        ],
        [
            -0.15294404327869415,
            -0.8467329740524292,
            -0.09928940236568451
        ],
        [
            -0.1465369611978531,
            -0.858697772026062,
            -0.10140109807252884
        ],
        [
            -0.1241188645362854,
            -0.8219449520111084,
            -0.10095309466123581
        ],
        [
            -0.11337590217590332,
            -0.8231059908866882,
            -0.10255509614944458
        ],
        [
            -0.12079840898513794,
            -0.8328143358230591,
            -0.1028619185090065
        ],
        [
            -0.12976013123989105,
            -0.8290976285934448,
            -0.10015179216861725
        ],
        [
            -0.10904663801193237,
            -0.800725519657135,
            -0.0987185686826706
        ],
        [
            -0.11260564625263214,
            -0.7880152463912964,
            -0.09458956122398376
        ],
        [
            -0.09957486391067505,
            -0.7848734259605408,
            -0.09450693428516388
        ],
        [
            -0.09491495788097382,
            -0.797527015209198,
            -0.09730185568332672
        ],
        [
            -0.1454932689666748,
            -0.785872220993042,
            -0.06900301575660706
        ],
        [
            -0.14036312699317932,
            -0.7810594439506531,
            -0.07400378584861755
        ],
        [
            -0.14235030114650726,
            -0.7877004742622375,
            -0.0777711570262909
        ],
        [
            -0.1468178629875183,
            -0.7918887734413147,
            -0.07195895910263062
        ],
        [
            -0.15715253353118896,
            -0.7906206846237183,
            -0.061905354261398315
        ],
        [
            -0.15682640671730042,
            -0.7971051931381226,
            -0.06214439123868942
        ],
        [
            -0.16401472687721252,
            -0.797500729560852,
            -0.05883295089006424
        ],
        [
            -0.16470380127429962,
            -0.7900789976119995,
            -0.05971914902329445
        ],
        [
            -0.14381340146064758,
            -0.7807134389877319,
            -0.06362390518188477
        ],
        [
            -0.13818034529685974,
            -0.7760964632034302,
            -0.06880482286214828
        ],
        [
            -0.15022993087768555,
            -0.789673924446106,
            -0.0649128183722496
        ],
        [
            -0.15045365691184998,
            -0.7845810651779175,
            -0.06374800205230713
        ],
        [
            -0.15696179866790771,
            -0.7741028070449829,
            -0.06347976624965668
        ],
        [
            -0.1576821208000183,
            -0.7790592908859253,
            -0.064658023416996
        ],
        [
            -0.16469618678092957,
            -0.7765287160873413,
            -0.06321966648101807
        ],
        [
            -0.16174699366092682,
            -0.7717459201812744,
            -0.06178911030292511
        ],
        [
            -0.14808779954910278,
            -0.778152585029602,
            -0.0640152245759964
        ],
        [
            -0.1517438292503357,
            -0.7795611619949341,
            -0.06520131230354309
        ],
        [
            -0.15247228741645813,
            -0.7749128341674805,
            -0.06339693814516068
        ],
        [
            -0.14902184903621674,
            -0.7743887901306152,
            -0.06108067184686661
        ],
        [
            -0.15749353170394897,
            -0.7856113314628601,
            -0.06213731691241264
        ],
        [
            -0.1650196611881256,
            -0.7836728096008301,
            -0.06119057536125183
        ],
        [
            -0.1725369095802307,
            -0.7811547517776489,
            -0.059147775173187256
        ],
        [
            -0.17134323716163635,
            -0.7722896337509155,
            -0.060690902173519135
        ],
        [
            -0.12593694031238556,
            -0.7734825611114502,
            -0.08260499686002731
        ],
        [
            -0.13384461402893066,
            -0.7771234512329102,
            -0.0792061910033226
        ],
        [
            -0.13266786932945251,
            -0.772309422492981,
            -0.0739794671535492
        ],
        [
            -0.1265999674797058,
            -0.7692874670028687,
            -0.07771305739879608
        ],
        [
            -0.14441154897212982,
            -0.7733291387557983,
            -0.06121011823415756
        ],
        [
            -0.13593292236328125,
            -0.7601128816604614,
            -0.0642099678516388
        ],
        [
            -0.13788637518882751,
            -0.7633099555969238,
            -0.06466808915138245
        ],
        [
            -0.14298687875270844,
            -0.7615047693252563,
            -0.0599493533372879
        ],
        [
            -0.14086274802684784,
            -0.7586385011672974,
            -0.060091227293014526
        ],
        [
            -0.11041131615638733,
            -0.7657052278518677,
            -0.0849989652633667
        ],
        [
            -0.11483103781938553,
            -0.7620459794998169,
            -0.08051100373268127
        ],
        [
            -0.10918841511011124,
            -0.7572925090789795,
            -0.08009660243988037
        ],
        [
            -0.10328884422779083,
            -0.7604272365570068,
            -0.08348233252763748
        ],
        [
            -0.10620279610157013,
            -0.7524774074554443,
            -0.07706625014543533
        ],
        [
            -0.09752604365348816,
            -0.7549864053726196,
            -0.08094585686922073
        ],
        [
            -0.09324949234724045,
            -0.741509199142456,
            -0.07162262499332428
        ],
        [
            -0.09477504342794418,
            -0.7476537227630615,
            -0.0763060450553894
        ],
        [
            -0.10471191257238388,
            -0.7469460964202881,
            -0.07307562977075577
        ],
        [
            -0.1061030775308609,
            -0.7404046058654785,
            -0.06841500103473663
        ],
        [
            -0.1176917627453804,
            -0.7393587827682495,
            -0.05942372977733612
        ],
        [
            -0.12048990279436111,
            -0.7364566326141357,
            -0.05436570197343826
        ],
        [
            -0.11181706190109253,
            -0.727339506149292,
            -0.05770162492990494
        ],
        [
            -0.10926526039838791,
            -0.7327005863189697,
            -0.06300662457942963
        ],
        [
            -0.1293482780456543,
            -0.757071316242218,
            -0.06218171492218971
        ],
        [
            -0.12619078159332275,
            -0.7589015960693359,
            -0.06529440730810165
        ],
        [
            -0.1287367343902588,
            -0.7590844631195068,
            -0.06626356393098831
        ],
        [
            -0.1329112946987152,
            -0.7580534219741821,
            -0.06324660778045654
        ],
        [
            -0.12377987056970596,
            -0.759915292263031,
            -0.06834565103054047
        ],
        [
            -0.12268265336751938,
            -0.7602694034576416,
            -0.06971868872642517
        ],
        [
            -0.12434718757867813,
            -0.760749101638794,
            -0.06991080194711685
        ],
        [
            -0.12453939020633698,
            -0.7604260444641113,
            -0.06860142946243286
        ],
        [
            -0.12535561621189117,
            -0.7595914602279663,
            -0.0668104812502861
        ],
        [
            -0.12498415261507034,
            -0.7576245069503784,
            -0.06584347784519196
        ],
        [
            -0.12407254427671432,
            -0.7588810324668884,
            -0.06756412982940674
        ],
        [
            -0.12772443890571594,
            -0.7551569938659668,
            -0.06313508749008179
        ],
        [
            -0.13603639602661133,
            -0.7480169534683228,
            -0.05324167013168335
        ],
        [
            -0.13426613807678223,
            -0.7494577169418335,
            -0.05635697767138481
        ],
        [
            -0.13586020469665527,
            -0.7536371350288391,
            -0.05479659140110016
        ],
        [
            -0.13755327463150024,
            -0.7526026964187622,
            -0.05225431174039841
        ],
        [
            -0.12716266512870789,
            -0.7614601254463196,
            -0.06918609142303467
        ],
        [
            -0.1269451081752777,
            -0.7631291151046753,
            -0.07119704782962799
        ],
        [
            -0.13194338977336884,
            -0.7634403705596924,
            -0.06861108541488647
        ],
        [
            -0.13038429617881775,
            -0.761214017868042,
            -0.06714297086000443
        ],
        [
            -0.12704500555992126,
            -0.7652008533477783,
            -0.07402946054935455
        ],
        [
            -0.1239716187119484,
            -0.7623512148857117,
            -0.07200134545564651
        ],
        [
            -0.12324056029319763,
            -0.7635581493377686,
            -0.07502014935016632
        ],
        [
            -0.12195160984992981,
            -0.7586637139320374,
            -0.06909061223268509
        ],
        [
            -0.1192614808678627,
            -0.7582638263702393,
            -0.07126222550868988
        ],
        [
            -0.12129123508930206,
            -0.7601063251495361,
            -0.07223862409591675
        ],
        [
            -0.11855929344892502,
            -0.7549290060997009,
            -0.0693267434835434
        ],
        [
            -0.12242428958415985,
            -0.7562306523323059,
            -0.0668887346982956
        ],
        [
            -0.12464684993028641,
            -0.7528819441795349,
            -0.0642089918255806
        ],
        [
            -0.12775984406471252,
            -0.7492672204971313,
            -0.06069929897785187
        ],
        [
            -0.12232251465320587,
            -0.7468267679214478,
            -0.061964936554431915
        ],
        [
            -0.11980249732732773,
            -0.7508593797683716,
            -0.06611960381269455
        ],
        [
            -0.1329110562801361,
            -0.7673748731613159,
            -0.0707416832447052
        ],
        [
            -0.11844926327466965,
            -0.7608752250671387,
            -0.07582426071166992
        ],
        [
            -0.12087118625640869,
            -0.7666834592819214,
            -0.079352006316185
        ],
        [
            -0.11514977365732193,
            -0.7572369575500488,
            -0.07520116120576859
        ],
        [
            -0.11313405632972717,
            -0.7532913684844971,
            -0.07285647839307785
        ],
        [
            -0.1132892370223999,
            -0.7485655546188354,
            -0.06879444420337677
        ],
        [
            -0.11524289846420288,
            -0.7437046766281128,
            -0.06433982402086258
        ],
        [
            -0.097815603017807,
            -0.7252870798110962,
            -0.056618571281433105
        ],
        [
            -0.09606999158859253,
            -0.7321133613586426,
            -0.06388872116804123
        ],
        [
            -0.16961604356765747,
            -0.8271230459213257,
            -0.08109024167060852
        ],
        [
            -0.1649971604347229,
            -0.8286676406860352,
            -0.08874256908893585
        ],
        [
            -0.15668490529060364,
            -0.8243173956871033,
            -0.08741946518421173
        ],
        [
            -0.15728582441806793,
            -0.8264584541320801,
            -0.08904091268777847
        ],
        [
            -0.16218426823616028,
            -0.8255677819252014,
            -0.08522636443376541
        ],
        [
            -0.1600828468799591,
            -0.8234443664550781,
            -0.08424743264913559
        ],
        [
            -0.13672684133052826,
            -0.8273994326591492,
            -0.096011683344841
        ],
        [
            -0.14255684614181519,
            -0.8261138200759888,
            -0.09254080802202225
        ],
        [
            -0.1394529789686203,
            -0.8235937356948853,
            -0.09209655225276947
        ],
        [
            -0.13264572620391846,
            -0.8221055269241333,
            -0.09705132246017456
        ],
        [
            -0.14292865991592407,
            -0.8129528760910034,
            -0.0864776074886322
        ],
        [
            -0.14005668461322784,
            -0.8160624504089355,
            -0.08975012600421906
        ],
        [
            -0.14634744822978973,
            -0.8201298713684082,
            -0.08715617656707764
        ],
        [
            -0.14846673607826233,
            -0.817842960357666,
            -0.08482638746500015
        ],
        [
            -0.15063661336898804,
            -0.8160555362701416,
            -0.08180588483810425
        ],
        [
            -0.15282028913497925,
            -0.8148399591445923,
            -0.07805981487035751
        ],
        [
            -0.1493453085422516,
            -0.8107370138168335,
            -0.07813635468482971
        ],
        [
            -0.14622050523757935,
            -0.8113713264465332,
            -0.082426518201828
        ],
        [
            -0.1649453341960907,
            -0.8254318237304688,
            -0.07940265536308289
        ],
        [
            -0.16621297597885132,
            -0.8239054679870605,
            -0.07213345170021057
        ],
        [
            -0.16334566473960876,
            -0.8221043944358826,
            -0.07321375608444214
        ],
        [
            -0.16275730729103088,
            -0.8229978084564209,
            -0.07928559929132462
        ],
        [
            -0.158308744430542,
            -0.8178434371948242,
            -0.06185279041528702
        ],
        [
            -0.1602279245853424,
            -0.8194252252578735,
            -0.06343818455934525
        ],
        [
            -0.16262894868850708,
            -0.8198198080062866,
            -0.060334719717502594
        ],
        [
            -0.15984588861465454,
            -0.816352903842926,
            -0.05905319005250931
        ],
        [
            -0.15782411396503448,
            -0.8139599561691284,
            -0.0613158717751503
        ],
        [
            -0.15755006670951843,
            -0.8163453340530396,
            -0.06322663277387619
        ],
        [
            -0.1898338794708252,
            -0.8789913654327393,
            -0.08163144439458847
        ],
        [
            -0.19042250514030457,
            -0.8600679039955139,
            -0.07954813539981842
        ],
        [
            -0.17267635464668274,
            -0.881084144115448,
            -0.09252474457025528
        ],
        [
            -0.15510331094264984,
            -0.8785766363143921,
            -0.09826818853616714
        ],
        [
            -0.13894353806972504,
            -0.8720265626907349,
            -0.10301347821950912
        ],
        [
            -0.10508045554161072,
            -0.7738126516342163,
            -0.09002342075109482
        ],
        [
            -0.09529894590377808,
            -0.7694404125213623,
            -0.08926522731781006
        ],
        [
            -0.08722150325775146,
            -0.7823053002357483,
            -0.09381839632987976
        ],
        [
            -0.0789700299501419,
            -0.7754462957382202,
            -0.09052667021751404
        ],
        [
            -0.08805012702941895,
            -0.7621387243270874,
            -0.08598756790161133
        ],
        [
            -0.08104004710912704,
            -0.7450159788131714,
            -0.07208315283060074
        ],
        [
            -0.08316806703805923,
            -0.7535358667373657,
            -0.08037988841533661
        ],
        [
            -0.07151807844638824,
            -0.7683452367782593,
            -0.08505304157733917
        ],
        [
            -0.062361717224121094,
            -0.7870615720748901,
            -0.08966219425201416
        ],
        [
            -0.07161234319210052,
            -0.7903481721878052,
            -0.09351958334445953
        ],
        [
            -0.05823962390422821,
            -0.8075584173202515,
            -0.09030967950820923
        ],
        [
            -0.051297321915626526,
            -0.7839322090148926,
            -0.08300739526748657
        ],
        [
            -0.051246657967567444,
            -0.8103331327438354,
            -0.0849839597940445
        ],
        [
            -0.050621263682842255,
            -0.7509385943412781,
            -0.06842117011547089
        ],
        [
            -0.045926034450531006,
            -0.7437989711761475,
            -0.06903686374425888
        ],
        [
            -0.03392341732978821,
            -0.755861222743988,
            -0.07755599915981293
        ],
        [
            -0.03883901238441467,
            -0.7636046409606934,
            -0.07686561346054077
        ],
        [
            -0.08162423968315125,
            -0.7940921783447266,
            -0.0963568240404129
        ],
        [
            -0.11938019096851349,
            -0.8459358811378479,
            -0.10323864221572876
        ],
        [
            -0.12971065938472748,
            -0.8395295143127441,
            -0.10230328142642975
        ],
        [
            -0.10942918062210083,
            -0.8367214798927307,
            -0.10372068732976913
        ],
        [
            -0.13291752338409424,
            -0.9077253341674805,
            -0.1007876768708229
        ],
        [
            -0.1464102864265442,
            -0.8943748474121094,
            -0.10032349824905396
        ],
        [
            -0.13131187856197357,
            -0.8853786587715149,
            -0.10453163832426071
        ],
        [
            -0.12095656991004944,
            -0.8987990617752075,
            -0.10454129427671432
        ],
        [
            -0.1656559556722641,
            -0.929978609085083,
            -0.07877996563911438
        ],
        [
            -0.18018507957458496,
            -0.9059871435165405,
            -0.08289240300655365
        ],
        [
            -0.1651206761598587,
            -0.9019877314567566,
            -0.09181058406829834
        ],
        [
            -0.1519797146320343,
            -0.9205727577209473,
            -0.09014985710382462
        ],
        [
            -0.10975797474384308,
            -0.9068688154220581,
            -0.10343098640441895
        ],
        [
            -0.0952771008014679,
            -0.9174116849899292,
            -0.0992588996887207
        ],
        [
            -0.09871232509613037,
            -0.9338141083717346,
            -0.09423977136611938
        ],
        [
            -0.11805866658687592,
            -0.9229612350463867,
            -0.09873547405004501
        ],
        [
            -0.10613630712032318,
            -0.9534347057342529,
            -0.0816873237490654
        ],
        [
            -0.13006070256233215,
            -0.9405790567398071,
            -0.08673854172229767
        ],
        [
            -0.03791220486164093,
            -0.8018147349357605,
            -0.07947596907615662
        ],
        [
            -0.04333193600177765,
            -0.8212155103683472,
            -0.08032876253128052
        ],
        [
            -0.0460658073425293,
            -0.7717097997665405,
            -0.07730080187320709
        ],
        [
            -0.033442169427871704,
            -0.7865340709686279,
            -0.07907004654407501
        ],
        [
            -0.11434930562973022,
            -0.9671231508255005,
            -0.06358710676431656
        ],
        [
            -0.1425524652004242,
            -0.9528752565383911,
            -0.07036594301462173
        ],
        [
            -0.045327022671699524,
            -0.92220139503479,
            -0.07628002762794495
        ],
        [
            -0.061201661825180054,
            -0.9331547021865845,
            -0.08059477806091309
        ],
        [
            -0.06564769148826599,
            -0.9152083396911621,
            -0.09087784588336945
        ],
        [
