{
    "pred_cam": [
        1.1630529165267944,
        -0.00328650139272213,
        0.16707980632781982
    ],
    "pred_smpl_params": {
        "global_orient": [
            [
                [
                    0.9786606431007385,
                    0.19410298764705658,
                    0.06743405759334564
                ],
                [
                    0.18890704214572906,
                    -0.9790160059928894,
                    0.07643113285303116
                ],
                [
                    0.08085454255342484,
                    -0.0620613694190979,
                    -0.9947918653488159
                ]
            ]
        ],
        "body_pose": [
            [
                [
                    0.9994304180145264,
                    -0.008587798103690147,
                    -0.03263553977012634
                ],
                [
                    0.014724353328347206,
                    0.981139600276947,
                    0.1927388310432434
                ],
                [
                    0.03036481700837612,
                    -0.19310958683490753,
                    0.9807072281837463
                ]
            ],
            [
                [
                    0.9998838901519775,
                    0.005882910452783108,
                    -0.0140532236546278
                ],
                [
                    -0.0030553017277270555,
                    0.9811286926269531,
                    0.1933317333459854
                ],
                [
                    0.01492537185549736,
                    -0.1932663768529892,
                    0.9810327291488647
                ]
            ],
            [
                [
                    0.9992442727088928,
                    0.0026747393421828747,
                    0.03877769783139229
                ],
                [
                    0.005212549120187759,
                    0.9793974757194519,
                    -0.2018747627735138
                ],
                [
                    -0.038518741726875305,
                    0.20192433893680573,
                    0.9786433577537537
                ]
            ],
            [
                [
                    0.9942557215690613,
                    -0.00679681496694684,
                    -0.10681391507387161
                ],
                [
                    -0.05276726186275482,
                    0.8371366262435913,
                    -0.5444427132606506
                ],
                [
                    0.0931183397769928,
                    0.5469516515731812,
                    0.8319692015647888
                ]
            ],
            [
                [
                    0.9941896796226501,
                    -0.09538988023996353,
                    0.04987557604908943
                ],
                [
                    0.10632576793432236,
                    0.7980170249938965,
                    -0.5931809544563293
                ],
                [
                    0.016781901940703392,
                    0.5950375199317932,
                    0.8035227060317993
                ]
            ],
            [
                [
                    0.9986848831176758,
                    -0.011565543711185455,
                    0.0499463751912117
                ],
                [
                    0.012240812182426453,
                    0.9998375177383423,
                    -0.013235206715762615
                ],
                [
                    -0.04978518187999725,
                    0.01382918655872345,
                    0.9986642003059387
                ]
            ],
            [
                [
                    0.9822971820831299,
                    0.07661774754524231,
                    0.1709447056055069
                ],
                [
                    -0.07862107455730438,
                    0.9968922138214111,
                    0.0049701291136443615
                ],
                [
                    -0.17003263533115387,
                    -0.018321998417377472,
                    0.9852681756019592
                ]
            ],
            [
                [
                    0.9851798415184021,
                    -0.05114864185452461,
                    -0.16372071206569672
                ],
                [
                    0.05306946486234665,
                    0.9985636472702026,
                    0.007377182599157095
                ],
                [
                    0.16310818493366241,
                    -0.015956420451402664,
                    0.9864792227745056
                ]
            ],
            [
                [
                    0.9992704391479492,
                    -0.018858281895518303,
                    0.0332091823220253
                ],
                [
                    0.021666180342435837,
                    0.9960309863090515,
                    -0.08632992208003998
                ],
                [
                    -0.0314493402838707,
                    0.0869864672422409,
                    0.99571293592453
                ]
            ],
            [
                [
                    0.9844194054603577,
                    -0.17576004564762115,
                    0.005181371234357357
                ],
                [
                    0.1720401793718338,
                    0.9688380360603333,
                    0.1781994253396988
                ],
                [
                    -0.036340247839689255,
                    -0.17453157901763916,
                    0.9839807748794556
                ]
            ],
            [
                [
                    0.9890638589859009,
                    0.1459306925535202,
                    0.021376825869083405
                ],
                [
                    -0.14736153185367584,
                    0.9717766046524048,
                    0.18421408534049988
                ],
                [
                    0.006108990870416164,
                    -0.18534959852695465,
                    0.9826536774635315
                ]
            ],
            [
                [
                    0.9991604685783386,
                    -0.0400008000433445,
                    -0.008850546553730965
                ],
                [
                    0.039238493889570236,
                    0.9964876174926758,
                    -0.07397806644439697
                ],
                [
                    0.011778641492128372,
                    0.0735686793923378,
                    0.9972206354141235
                ]
            ],
            [
                [
                    0.9549978375434875,
                    0.291032075881958,
                    0.05726642534136772
                ],
                [
                    -0.288406640291214,
                    0.9562057256698608,
                    -0.04992162063717842
                ],
                [
                    -0.06928727775812149,
                    0.031159022822976112,
                    0.9971100091934204
                ]
            ],
            [
                [
                    0.9594296813011169,
                    -0.2778467833995819,
                    0.047915391623973846
                ],
                [
                    0.2795000374317169,
                    0.9596104025840759,
                    -0.03205602616071701
                ],
                [
                    -0.037073444575071335,
                    0.044147856533527374,
                    0.998336911201477
                ]
            ],
            [
                [
                    0.9997653961181641,
                    -0.021432779729366302,
                    -0.003115565748885274
                ],
                [
                    0.02033202350139618,
                    0.9783545732498169,
                    -0.2059343159198761
                ],
                [
                    0.0074618724174797535,
                    0.2058226615190506,
                    0.9785608053207397
                ]
            ],
            [
                [
                    0.42143625020980835,
                    0.8724381923675537,
                    -0.2474733293056488
                ],
                [
                    -0.9042174220085144,
                    0.42507001757621765,
                    -0.041308242827653885
                ],
                [
                    0.06915459781885147,
                    0.2411784827709198,
                    0.9680137038230896
                ]
            ],
            [
                [
                    0.4090467393398285,
                    -0.8410660028457642,
                    0.3539615571498871
                ],
                [
                    0.9005958437919617,
                    0.43458160758018494,
                    -0.008119613863527775
                ],
                [
                    -0.14699603617191315,
                    0.32209762930870056,
                    0.935224711894989
                ]
            ],
            [
                [
                    0.09531387686729431,
                    -0.42185041308403015,
                    -0.9016414880752563
                ],
                [
                    0.1766309291124344,
                    0.8985595107078552,
                    -0.4017365276813507
                ],
                [
                    0.9796513319015503,
                    -0.12096671015024185,
                    0.16015702486038208
                ]
            ],
            [
                [
                    0.12238030880689621,
                    0.4192177653312683,
                    0.8995996713638306
                ],
                [
                    -0.018535887822508812,
                    0.9072202444076538,
                    -0.4202474057674408
                ],
                [
                    -0.9923101663589478,
                    0.03475513309240341,
                    0.1187964677810669
                ]
            ],
            [
                [
                    0.9822906255722046,
                    -0.18373136222362518,
                    -0.03671574965119362
                ],
                [
                    0.18621458113193512,
                    0.9790091514587402,
                    0.08285670727491379
                ],
                [
                    0.02072167955338955,
                    -0.08822636306285858,
                    0.9958849549293518
                ]
            ],
            [
                [
                    0.9867858290672302,
                    0.15247343480587006,
                    0.0548236183822155
                ],
                [
                    -0.15539932250976562,
                    0.9863871335983276,
                    0.053772520273923874
                ],
                [
                    -0.04587842896580696,
                    -0.06158151105046272,
                    0.9970471262931824
                ]
            ],
            [
                [
                    0.9621896743774414,
                    0.2547946572303772,
                    -0.09628484398126602
                ],
                [
                    -0.23943345248699188,
                    0.9597230553627014,
                    0.1469801962375641
                ],
                [
                    0.12985657155513763,
                    -0.11836900562047958,
                    0.9844419956207275
                ]
            ],
            [
                [
                    0.966604471206665,
                    -0.24401672184467316,
                    0.07830505073070526
                ],
                [
                    0.23114480078220367,
                    0.9620832800865173,
                    0.14480292797088623
                ],
                [
                    -0.1106703132390976,
                    -0.1218673437833786,
                    0.9863572120666504
                ]
            ]
        ],
        "betas": [
            -0.04739990830421448,
            -0.13138079643249512,
            0.08022436499595642,
            0.07239311933517456,
            0.0328747034072876,
            0.07464638352394104,
            0.04450550675392151,
            -0.08559304475784302,
            0.026265308260917664,
            -0.021638453006744385
        ]
    },
    "pred_cam_t": [
        -0.00328650139272213,
        0.16707980632781982,
        33.586177825927734
    ],
    "focal_length": [
        5000.0,
        5000.0
    ],
    "pred_keypoints_3d": [
        [
            0.1272108554840088,
            -0.7352522611618042,
            -0.25125852227211
        ],
        [
            0.09490062296390533,
            -0.7153355479240417,
            -0.06286376714706421
        ],
        [
            -0.09836926311254501,
            -0.655086874961853,
            -0.06461167335510254
        ],
        [
            -0.17444618046283722,
            -0.4266590476036072,
            0.01461714506149292
        ],
        [
            -0.06883636116981506,
            -0.31069308519363403,
            -0.18500582873821259
        ],
        [
            0.25044143199920654,
            -0.6138665080070496,
            0.006713351234793663
        ],
        [
            0.22885240614414215,
            -0.38582754135131836,
            0.12902285158634186
        ],
        [
            0.2635543942451477,
            -0.2738872766494751,
            -0.08949847519397736
        ],
        [
            -0.0018009721534326673,
            -0.22463959455490112,
            0.028966300189495087
        ],
        [
            -0.08639480918645859,
            -0.14895719289779663,
            0.033064939081668854
        ],
        [
            -0.19353803992271423,
            0.2148391306400299,
            -0.010430816560983658
        ],
        [
            -0.22049924731254578,
            0.5373598337173462,
            0.22119735181331635
        ],
        [
            0.048457786440849304,
            -0.12219647318124771,
            0.04683325067162514
        ],
        [
            0.018166106194257736,
            0.2479274570941925,
            0.0047643594443798065
        ],
        [
            -0.05771666392683983,
            0.5761681199073792,
            0.21583129465579987
        ],
        [
            0.09698623418807983,
            -0.7883648872375488,
            -0.24653217196464539
        ],
        [
            0.16292089223861694,
            -0.7834237217903137,
            -0.23879633843898773
        ],
        [
            0.047791965305805206,
            -0.8264731168746948,
            -0.16285483539104462
        ],
        [
            0.19447675347328186,
            -0.8153822422027588,
            -0.14653562009334564
        ],
        [
            -0.0689074769616127,
            0.7061237096786499,
            0.06472426652908325
        ],
        [
            -0.004408355802297592,
            0.7014338374137878,
            0.11810964345932007
        ],
        [
            -0.059884972870349884,
            0.5834673643112183,
            0.2858377993106842
        ],
        [
            -0.2363719642162323,
            0.6678476333618164,
            0.07478320598602295
        ],
        [
            -0.30692940950393677,
            0.644421398639679,
            0.12143665552139282
        ],
        [
            -0.22183744609355927,
            0.5496669411659241,
            0.2937638759613037
        ],
        [
            -0.23564739525318146,
            0.4799882471561432,
            0.2208804339170456
        ],
        [
            -0.17922206223011017,
            0.1546042263507843,
            -0.013838612474501133
        ],
        [
            -0.14161884784698486,
            -0.285439133644104,
            0.026173006743192673
        ],
        [
            0.14421989023685455,
            -0.21387937664985657,
            0.06461960077285767
        ],
        [
            0.03523266315460205,
            0.2096865177154541,
            0.004302875138819218
        ],
        [
            -0.0421258844435215,
            0.5368251800537109,
            0.22454756498336792
        ],
        [
            -0.05988600105047226,
            -0.347719669342041,
            -0.1748306155204773
        ],
        [
            -0.18942730128765106,
            -0.4479173421859741,
            -0.024247221648693085
        ],
        [
            -0.058207616209983826,
            -0.6772739291191101,
            -0.06590630114078522
        ],
        [
            0.22500351071357727,
            -0.6457376480102539,
            -0.004474195651710033
        ],
        [
            0.27195340394973755,
            -0.4064463973045349,
            0.10167670249938965
        ],
        [
            0.2692556381225586,
            -0.2972182035446167,
            -0.08323771506547928
        ],
        [
            0.09685294330120087,
            -0.7092070579528809,
            -0.06553088128566742
        ],
        [
            0.13209527730941772,
            -0.8590993285179138,
            -0.19341148436069489
        ],
        [
            0.0021604590583592653,
            -0.24968937039375305,
            0.04564644396305084
        ],
        [
            0.08242285996675491,
            -0.6588437557220459,
            -0.03851858526468277
        ],
        [
            0.04888960346579552,
            -0.49233800172805786,
            0.020945314317941666
        ],
        [
            0.12431284785270691,
            -0.7473807334899902,
            -0.17200115323066711
        ],
        [
            0.12929847836494446,
            -0.8802441954612732,
            -0.19545786082744598
        ]
    ],
    "pred_vertices": [
        [
            0.180934339761734,
            -0.8233330845832825,
            -0.2608448266983032
        ],
        [
            0.1735280454158783,
            -0.8081017732620239,
            -0.2602713704109192
        ],
        [
            0.18339580297470093,
            -0.8085843324661255,
            -0.24968920648097992
        ],
        [
            0.18959569931030273,
            -0.8218124508857727,
            -0.24557378888130188
        ],
        [
            0.17838358879089355,
            -0.7982096076011658,
            -0.2504333257675171
        ],
        [
            0.16911233961582184,
            -0.7970238924026489,
            -0.258243203163147
        ],
        [
            0.18856650590896606,
            -0.8075461387634277,
            -0.23669908940792084
        ],
        [
            0.1938745379447937,
            -0.8179994821548462,
            -0.23008011281490326
        ],
        [
            0.1883980929851532,
            -0.7813097238540649,
            -0.20840653777122498
        ],
        [
            0.190922349691391,
            -0.7813793420791626,
            -0.19733425974845886
        ],
        [
            0.1927579641342163,
            -0.7913224697113037,
            -0.20471009612083435
        ],
        [
            0.18845820426940918,
            -0.7888374924659729,
            -0.21382774412631989
        ],
        [
            0.18378838896751404,
            -0.7604094743728638,
            -0.19328752160072327
        ],
        [
            0.1772039234638214,
            -0.7487417459487915,
            -0.19702886044979095
        ],
        [
            0.1773456633090973,
            -0.745368480682373,
            -0.18393577635288239
        ],
        [
            0.18272484838962555,
            -0.7568715810775757,
            -0.1793341189622879
        ],
        [
            0.14880973100662231,
            -0.7521660327911377,
            -0.22848919034004211
        ],
        [
            0.15339621901512146,
            -0.7464240789413452,
            -0.22381803393363953
        ],
        [
            0.15802188217639923,
            -0.7523746490478516,
            -0.2258005440235138
        ],
        [
            0.1525549590587616,
            -0.7575782537460327,
            -0.22987067699432373
        ],
        [
            0.1413005292415619,
            -0.758554220199585,
            -0.23965322971343994
        ],
        [
            0.1427185833454132,
            -0.7648788690567017,
            -0.23919528722763062
        ],
        [
            0.13891863822937012,
            -0.7661842107772827,
            -0.2460567057132721
        ],
        [
            0.1383843570947647,
            -0.7587113380432129,
            -0.24700918793678284
        ],
        [
            0.14275407791137695,
            -0.7480055093765259,
            -0.22663244605064392
        ],
        [
            0.14763863384723663,
            -0.7423161268234253,
            -0.22142016887664795
        ],
        [
            0.14496172964572906,
            -0.7567113041877747,
            -0.2330545336008072
        ],
        [
            0.14263790845870972,
            -0.7520906925201416,
            -0.23320534825325012
        ],
        [
            0.14004334807395935,
            -0.7420387864112854,
            -0.2398543357849121
        ],
        [
            0.1419803649187088,
            -0.7467620372772217,
            -0.24049407243728638
        ],
        [
            0.13932916522026062,
            -0.7447909116744995,
            -0.24753224849700928
        ],
        [
            0.1373407393693924,
            -0.7402989864349365,
            -0.2445957362651825
        ],
        [
            0.1417790800333023,
            -0.7456583976745605,
            -0.23095691204071045
        ],
        [
            0.14296817779541016,
            -0.7468522787094116,
            -0.23472127318382263
        ],
        [
            0.1402757316827774,
            -0.7426738142967224,
            -0.23538994789123535
        ],
        [
            0.13823534548282623,
            -0.7424372434616089,
            -0.2317112684249878
        ],
        [
            0.14039373397827148,
            -0.7535847425460815,
            -0.2401321530342102
        ],
        [
            0.13848137855529785,
            -0.7521562576293945,
            -0.24755136668682098
        ],
        [
            0.13542282581329346,
            -0.7504028677940369,
            -0.25499477982521057
        ],
        [
            0.1356285661458969,
            -0.7415441274642944,
            -0.254039466381073
        ],
        [
            0.16182945668697357,
            -0.737052321434021,
            -0.20990827679634094
        ],
        [
            0.1582176685333252,
            -0.7412880659103394,
            -0.2177814245223999
        ],
        [
            0.15244120359420776,
            -0.7374723553657532,
            -0.21618394553661346
        ],
        [
            0.15613582730293274,
            -0.7337706089019775,
            -0.21029317378997803
        ],
        [
            0.13868436217308044,
            -0.7412963509559631,
            -0.22704853117465973
        ],
        [
            0.14030471444129944,
            -0.7273367643356323,
            -0.21906790137290955
        ],
        [
            0.14108815789222717,
            -0.7304706573486328,
            -0.22102928161621094
        ],
        [
            0.13564124703407288,
            -0.7297067046165466,
            -0.22581583261489868
        ],
        [
            0.1355392187833786,
            -0.7268085479736328,
            -0.22374801337718964
        ],
        [
            0.16375696659088135,
            -0.7286328673362732,
            -0.19448243081569672
        ],
        [
            0.15845464169979095,
            -0.7259863615036011,
            -0.1987273395061493
        ],
        [
            0.1576385498046875,
            -0.7212334275245667,
            -0.1930452287197113
        ],
        [
            0.1619236320257187,
            -0.7234776616096497,
            -0.1871814727783203
        ],
        [
            0.15437035262584686,
            -0.7168951034545898,
            -0.18983925879001617
        ],
        [
            0.1591683179140091,
            -0.7183427810668945,
            -0.18084141612052917
        ],
        [
            0.14830777049064636,
            -0.7064522504806519,
            -0.1756407916545868
        ],
        [
            0.15373152494430542,
            -0.7117845416069031,
            -0.17761629819869995
        ],
        [
            0.1497764140367508,
            -0.7120778560638428,
            -0.18813639879226685
        ],
        [
            0.14406903088092804,
            -0.7064834833145142,
            -0.18926918506622314
        ],
        [
            0.1338505744934082,
            -0.7072049379348755,
            -0.20060525834560394
        ],
        [
            0.12827114760875702,
            -0.7052257061004639,
            -0.20314988493919373
        ],
        [
            0.13094934821128845,
            -0.695339024066925,
            -0.1948818862438202
        ],
        [
            0.13717302680015564,
            -0.6998987197875977,
            -0.19223898649215698
        ],
        [
            0.13877134025096893,
            -0.72430419921875,
            -0.21241745352745056
        ],
        [
            0.14231820404529572,
            -0.7255488634109497,
            -0.2093619704246521
        ],
        [
            0.14306387305259705,
            -0.7256391048431396,
            -0.21200038492679596
        ],
        [
            0.13958851993083954,
            -0.7251909971237183,
            -0.21605265140533447
        ],
        [
            0.14551405608654022,
            -0.7261055111885071,
            -0.20702138543128967
        ],
        [
            0.14698967337608337,
            -0.7261799573898315,
            -0.20596981048583984
        ],
        [
            0.14712446928024292,
            -0.7266622185707092,
            -0.20766979455947876
        ],
        [
            0.14562156796455383,
            -0.7264706492424011,
            -0.20787259936332703
        ],
        [
            0.1437261402606964,
            -0.7259759902954102,
            -0.20858952403068542
        ],
        [
            0.14254629611968994,
            -0.7241748571395874,
            -0.20819948613643646
        ],
        [
            0.14461785554885864,
            -0.7252330780029297,
            -0.20722249150276184
        ],
        [
            0.13930830359458923,
            -0.7222563028335571,
            -0.21084117889404297
        ],
        [
            0.1275867372751236,
            -0.717260479927063,
            -0.21857434511184692
        ],
        [
            0.13130882382392883,
            -0.7180097103118896,
            -0.21695643663406372
        ],
        [
            0.13033728301525116,
            -0.7223687171936035,
            -0.2184520661830902
        ],
        [
            0.12720009684562683,
            -0.7219862937927246,
            -0.22009393572807312
        ],
        [
            0.14592137932777405,
            -0.7275750637054443,
            -0.21050319075584412
        ],
        [
            0.14860251545906067,
            -0.7288753986358643,
            -0.21031776070594788
        ],
        [
            0.1457366943359375,
            -0.7296762466430664,
            -0.2152492254972458
        ],
        [
            0.14412714540958405,
            -0.7276946306228638,
            -0.21360790729522705
        ],
        [
            0.1515764743089676,
            -0.73039710521698,
            -0.21062153577804565
        ],
        [
            0.1494373232126236,
            -0.7279081344604492,
            -0.20733922719955444
        ],
        [
            0.15248152613639832,
            -0.7286869883537292,
            -0.2067607343196869
        ],
        [
            0.14620310068130493,
            -0.7247030735015869,
            -0.2052220106124878
        ],
        [
            0.14843304455280304,
            -0.7238360643386841,
            -0.2026880383491516
        ],
        [
            0.1495010256767273,
            -0.7255570888519287,
            -0.20471780002117157
        ],
        [
            0.14604432880878448,
            -0.7209464907646179,
            -0.20183682441711426
        ],
        [
            0.14366501569747925,
            -0.7226649522781372,
            -0.2056787610054016
        ],
        [
            0.14031285047531128,
            -0.7198822498321533,
            -0.20780175924301147
        ],
        [
            0.1360337883234024,
            -0.716949462890625,
            -0.2108132541179657
        ],
        [
            0.13734258711338043,
            -0.7141623497009277,
            -0.20544126629829407
        ],
        [
            0.1422269344329834,
            -0.7174487113952637,
            -0.20303428173065186
        ],
        [
            0.14815644919872284,
            -0.7333850264549255,
            -0.21620972454547882
        ],
        [
            0.15336020290851593,
            -0.7256443500518799,
            -0.20208445191383362
        ],
        [
            0.15772950649261475,
            -0.7308510541915894,
            -0.20467635989189148
        ],
        [
            0.15240570902824402,
            -0.7220982909202576,
            -0.1988028585910797
        ],
        [
            0.149662584066391,
            -0.7185614705085754,
            -0.1966884583234787
        ],
        [
            0.145201176404953,
            -0.7146527767181396,
            -0.196681946516037
        ],
        [
            0.1397170126438141,
            -0.7105827331542969,
            -0.1985069215297699
        ],
        [
            0.13083842396736145,
            -0.6928960084915161,
            -0.18038108944892883
        ],
        [
            0.13919706642627716,
            -0.6986180543899536,
            -0.17846757173538208
        ],
        [
            0.16573035717010498,
            -0.7917537689208984,
            -0.2522895932197571
        ],
        [
            0.17388397455215454,
            -0.7918787002563477,
            -0.24821697175502777
        ],
        [
            0.17263394594192505,
            -0.787511944770813,
            -0.23997360467910767
        ],
        [
            0.1747823804616928,
            -0.7894196510314941,
            -0.24067187309265137
        ],
        [
            0.1701144129037857,
            -0.7893632650375366,
            -0.2451731264591217
        ],
        [
            0.16908761858940125,
            -0.7872925996780396,
            -0.2431202381849289
        ],
        [
            0.18325872719287872,
            -0.7880618572235107,
            -0.22080114483833313
        ],
        [
            0.17923372983932495,
            -0.7875921726226807,
            -0.2264980971813202
        ],
        [
            0.17880365252494812,
            -0.7851011157035828,
            -0.22326606512069702
        ],
        [
            0.18392148613929749,
            -0.7825949192047119,
            -0.21672329306602478
        ],
        [
            0.17096561193466187,
            -0.7756495475769043,
            -0.22668930888175964
        ],
        [
            0.1750461608171463,
            -0.7781330347061157,
            -0.22382506728172302
        ],
        [
            0.17265234887599945,
            -0.7826244831085205,
            -0.2300923615694046
        ],
        [
            0.1697443127632141,
            -0.7807751893997192,
            -0.2322259545326233
        ],
        [
            0.166174054145813,
            -0.7796329259872437,
            -0.23430615663528442
        ],
        [
            0.1621078997850418,
            -0.7792470455169678,
            -0.23616136610507965
        ],
        [
            0.16151094436645508,
            -0.7750132083892822,
            -0.23287303745746613
        ],
        [
            0.1661909818649292,
            -0.7748121023178101,
            -0.22997303307056427
        ],
        [
            0.16391511261463165,
            -0.790108859539032,
            -0.24774011969566345
        ],
        [
            0.15662352740764618,
            -0.7899887561798096,
            -0.24840405583381653
        ],
        [
            0.15741688013076782,
            -0.7877482175827026,
            -0.24599018692970276
        ],
        [
            0.163643941283226,
            -0.7874839305877686,
            -0.24582889676094055
        ],
        [
            0.1458384394645691,
            -0.7854565382003784,
            -0.23997583985328674
        ],
        [
            0.1475549042224884,
            -0.786948561668396,
            -0.24196308851242065
        ],
        [
            0.14444458484649658,
            -0.7877338528633118,
            -0.24427250027656555
        ],
        [
            0.14276456832885742,
            -0.7844144105911255,
            -0.24136857688426971
        ],
        [
            0.14454138278961182,
            -0.7816636562347412,
            -0.23956122994422913
        ],
        [
            0.14690130949020386,
            -0.7837291955947876,
            -0.2392910122871399
        ],
        [
            0.17489928007125854,
            -0.8432878255844116,
            -0.2711543142795563
        ],
        [
            0.16894179582595825,
            -0.8249166011810303,
            -0.2712664306163788
        ],
        [
            0.1877618134021759,
            -0.8423283100128174,
            -0.2548261284828186
        ],
        [
            0.1942175179719925,
            -0.8381866216659546,
            -0.23816829919815063
        ],
        [
            0.19874030351638794,
            -0.8302242755889893,
            -0.22200749814510345
        ],
        [
            0.1704956442117691,
            -0.7354937791824341,
            -0.18929725885391235
        ],
        [
            0.16971653699874878,
            -0.7308312654495239,
            -0.17935843765735626
        ],
        [
            0.1769196093082428,
            -0.7425858974456787,
            -0.17128029465675354
        ],
        [
            0.17289960384368896,
            -0.7361352443695068,
            -0.16225886344909668
        ],
        [
            0.16581758856773376,
            -0.7240956425666809,
            -0.17123058438301086
        ],
        [
            0.14993415772914886,
            -0.7096124291419983,
            -0.1622791588306427
        ],
        [
            0.15925613045692444,
            -0.716446042060852,
            -0.16534149646759033
        ],
        [
            0.16628551483154297,
            -0.7301929593086243,
            -0.1534673124551773
        ],
        [
            0.17395922541618347,
            -0.7478009462356567,
            -0.14501887559890747
        ],
        [
            0.17856399714946747,
            -0.7501270771026611,
            -0.15550072491168976
        ],
        [
            0.17875483632087708,
            -0.7670596241950989,
            -0.14095920324325562
        ],
        [
            0.16729694604873657,
            -0.7465658187866211,
            -0.13212457299232483
        ],
        [
            0.17491139471530914,
            -0.770500123500824,
            -0.13318970799446106
        ],
        [
            0.14805033802986145,
            -0.715157151222229,
            -0.12361505627632141
        ],
        [
            0.14781256020069122,
            -0.708017110824585,
            -0.11610247194766998
        ],
        [
            0.15712127089500427,
            -0.7198680639266968,
            -0.10471034049987793
        ],
        [
            0.1583998054265976,
            -0.7271018028259277,
            -0.11255320906639099
        ],
        [
            0.18171235918998718,
            -0.753265380859375,
            -0.16605277359485626
        ],
        [
            0.1956019401550293,
            -0.803956151008606,
            -0.20290374755859375
        ],
        [
            0.1925514042377472,
            -0.7984858751296997,
            -0.2133864462375641
        ],
        [
            0.19465002417564392,
            -0.7949458360671997,
            -0.19325938820838928
        ],
        [
            0.2040705382823944,
            -0.8652480840682983,
            -0.21534200012683868
        ],
        [
            0.20001155138015747,
            -0.8527592420578003,
            -0.22893813252449036
        ],
        [
            0.20385673642158508,
            -0.842497706413269,
            -0.21458227932453156
        ],
        [
            0.20730794966220856,
            -0.8555001020431519,
            -0.2037847936153412
        ],
        [
            0.1827384978532791,
            -0.8926514387130737,
            -0.24456509947776794
        ],
        [
            0.18131519854068756,
            -0.8694100975990295,
            -0.2603800892829895
        ],
        [
            0.1906997710466385,
            -0.8625122904777527,
            -0.24622631072998047
        ],
        [
            0.19357576966285706,
            -0.8806381225585938,
            -0.23273125290870667
        ],
        [
            0.2077241986989975,
            -0.8631093502044678,
            -0.19263383746147156
        ],
        [
            0.20670899748802185,
            -0.8737407326698303,
            -0.17698803544044495
        ],
        [
            0.2042253166437149,
            -0.890977680683136,
            -0.1793866753578186
        ],
        [
            0.2048603594303131,
            -0.8802913427352905,
            -0.19962318241596222
        ],
        [
            0.19402728974819183,
            -0.9123152494430542,
            -0.18531858921051025
        ],
        [
            0.19514907896518707,
            -0.8999055624008179,
            -0.2096080183982849
        ],
        [
            0.16896280646324158,
            -0.7638982534408569,
            -0.1181805357336998
        ],
        [
            0.17352735996246338,
            -0.7813247442245483,
            -0.12471246719360352
        ],
        [
            0.16042208671569824,
            -0.7352733016014099,
            -0.12319093197584152
        ],
        [
            0.16526351869106293,
            -0.7500582933425903,
            -0.11123736202716827
        ],
        [
            0.17773202061653137,
            -0.929160475730896,
            -0.19120077788829803
        ],
        [
            0.18042369186878204,
            -0.9152822494506836,
            -0.22035300731658936
        ],
        [
            0.18775007128715515,
            -0.8797534704208374,
            -0.12588545680046082
        ],
        [
            0.19363552331924438,
            -0.8912216424942017,
            -0.1411660760641098
        ],
        [
            0.19946998357772827,
            -0.8717379570007324,
            -0.1475267857313156
        ],
        [
            0.19360625743865967,
            -0.8639869689941406,
            -0.13227862119674683
        ],
        [
            0.176920086145401,
            -0.8959542512893677,
