{
    "pred_cam": [
        1.1601500511169434,
        -0.009699350222945213,
        0.1607692539691925
    ],
    "pred_smpl_params": {
        "global_orient": [
            [
                [
                    0.9784870743751526,
                    0.18979305028915405,
                    0.08088023215532303
                ],
                [
                    0.18415069580078125,
                    -0.9802312850952148,
                    0.07235396653413773
                ],
                [
                    0.09301361441612244,
                    -0.055903270840644836,
                    -0.99409419298172
                ]
            ]
        ],
        "body_pose": [
            [
                [
                    0.9992517828941345,
                    0.003925169352442026,
                    -0.03847799822688103
                ],
                [
                    0.0034437330905348063,
                    0.9818569421768188,
                    0.18959185481071472
                ],
                [
                    0.038524068892002106,
                    -0.1895824819803238,
                    0.9811087846755981
                ]
            ],
            [
                [
                    0.9998786449432373,
                    0.00757617736235261,
                    -0.01361155603080988
                ],
                [
                    -0.004642349202185869,
                    0.9789841175079346,
                    0.20388346910476685
                ],
                [
                    0.014870155602693558,
                    -0.20379555225372314,
                    0.9789004921913147
                ]
            ],
            [
                [
                    0.999218761920929,
                    -0.0023171748034656048,
                    0.03945036605000496
                ],
                [
                    0.010382695123553276,
                    0.9786024689674377,
                    -0.2054980844259262
                ],
                [
                    -0.03813004121184349,
                    0.20574717223644257,
                    0.9778620004653931
                ]
            ],
            [
                [
                    0.9938824772834778,
                    -0.016712987795472145,
                    -0.10917174816131592
                ],
                [
                    -0.04394548013806343,
                    0.8470199108123779,
                    -0.529741644859314
                ],
                [
                    0.1013241559267044,
                    0.5312984585762024,
                    0.8411037921905518
                ]
            ],
            [
                [
                    0.9941259026527405,
                    -0.09827177226543427,
                    0.045348264276981354
                ],
                [
                    0.10603521019220352,
                    0.8003865480422974,
                    -0.5900322794914246
                ],
                [
                    0.021687380969524384,
                    0.5913748145103455,
                    0.8061052560806274
                ]
            ],
            [
                [
                    0.9985657930374146,
                    -0.011985824443399906,
                    0.0521802119910717
                ],
                [
                    0.012626158073544502,
                    0.9998487234115601,
                    -0.01195929478853941
                ],
                [
                    -0.05202898010611534,
                    0.012600976973772049,
                    0.9985660910606384
                ]
            ],
            [
                [
                    0.9825385808944702,
                    0.07989881932735443,
                    0.1680299937725067
                ],
                [
                    -0.08074507117271423,
                    0.9967331886291504,
                    -0.0018012495711445808
                ],
                [
                    -0.16762498021125793,
                    -0.011797795072197914,
                    0.9857802391052246
                ]
            ],
            [
                [
                    0.9847598671913147,
                    -0.057089854031801224,
                    -0.16428276896476746
                ],
                [
                    0.057318732142448425,
                    0.9983503222465515,
                    -0.0033507845364511013
                ],
                [
                    0.16420304775238037,
                    -0.006116763688623905,
                    0.9864076375961304
                ]
            ],
            [
                [
                    0.9991477727890015,
                    -0.018791982904076576,
                    0.036752860993146896
                ],
                [
                    0.022045746445655823,
                    0.9956769347190857,
                    -0.09022976458072662
                ],
                [
                    -0.03489837795495987,
                    0.09096309542655945,
                    0.9952426552772522
                ]
            ],
            [
                [
                    0.9837417602539062,
                    -0.17956817150115967,
                    0.002727772807702422
                ],
                [
                    0.1761910617351532,
                    0.9679587483406067,
                    0.17892087996006012
                ],
                [
                    -0.034768860787153244,
                    -0.1755313277244568,
                    0.9838597774505615
                ]
            ],
            [
                [
                    0.9885659217834473,
                    0.1495477259159088,
                    0.019309328868985176
                ],
                [
                    -0.15050008893013,
                    0.9706223011016846,
                    0.18772880733013153
                ],
                [
                    0.009332348592579365,
                    -0.18848836421966553,
                    0.9820310473442078
                ]
            ],
            [
                [
                    0.9994493722915649,
                    -0.03255218639969826,
                    -0.006421328987926245
                ],
                [
                    0.031920913606882095,
                    0.9961568117141724,
                    -0.08156413584947586
                ],
                [
                    0.009051742032170296,
                    0.08131425082683563,
                    0.9966474175453186
                ]
            ],
            [
                [
                    0.9582462310791016,
                    0.2807904779911041,
                    0.05404633283615112
                ],
                [
                    -0.27840012311935425,
                    0.9592779874801636,
                    -0.04774138331413269
                ],
                [
                    -0.06525077670812607,
                    0.030701490119099617,
                    0.9973966479301453
                ]
            ],
            [
                [
                    0.961774468421936,
                    -0.27052637934684753,
                    0.04248885437846184
                ],
                [
                    0.2721315920352936,
                    0.9615082144737244,
                    -0.03803040459752083
                ],
                [
                    -0.030565157532691956,
                    0.04813923314213753,
                    0.9983728528022766
                ]
            ],
            [
                [
                    0.9998472929000854,
                    -0.016545133665204048,
                    -0.005614017136394978
                ],
                [
                    0.015024103224277496,
                    0.9782035946846008,
                    -0.20710381865501404
                ],
                [
                    0.008918209001421928,
                    0.2069878727197647,
                    0.9783027768135071
                ]
            ],
            [
                [
                    0.41508734226226807,
                    0.8734520673751831,
                    -0.2545269727706909
                ],
                [
                    -0.9066076874732971,
                    0.4204702079296112,
                    -0.03559861332178116
                ],
                [
                    0.07592733204364777,
                    0.24553266167640686,
                    0.966410219669342
                ]
            ],
            [
                [
                    0.40631821751594543,
                    -0.8447474837303162,
                    0.3482917845249176
                ],
                [
                    0.9025413393974304,
                    0.43051448464393616,
                    -0.008737031370401382
                ],
                [
                    -0.142564058303833,
                    0.3178977966308594,
                    0.9373453855514526
                ]
            ],
            [
                [
                    0.10285008698701859,
                    -0.4162342846393585,
                    -0.9034216403961182
                ],
                [
                    0.17437686026096344,
                    0.9017179608345032,
                    -0.395597368478775
                ],
                [
                    0.9792928695678711,
                    -0.11684861779212952,
                    0.1653233915567398
                ]
            ],
            [
                [
                    0.11488458514213562,
                    0.4182531535625458,
                    0.9010360240936279
                ],
                [
                    -0.028187664225697517,
                    0.9080489277839661,
                    -0.4179145395755768
                ],
                [
                    -0.9929789304733276,
                    0.02261386066675186,
                    0.1161104068160057
                ]
            ],
            [
                [
                    0.9817138910293579,
                    -0.1862524449825287,
                    -0.03934277594089508
                ],
                [
                    0.18915361166000366,
                    0.9776731133460999,
                    0.09152244031429291
                ],
                [
                    0.021418092772364616,
                    -0.09729067981243134,
                    0.9950255751609802
                ]
            ],
            [
                [
                    0.9858673810958862,
                    0.15799297392368317,
                    0.05571186915040016
                ],
                [
                    -0.1613098680973053,
                    0.9850087761878967,
                    0.06113012135028839
                ],
                [
                    -0.04521854594349861,
                    -0.06925306469202042,
                    0.9965738654136658
                ]
            ],
            [
                [
                    0.9619203209877014,
                    0.25514209270477295,
                    -0.09803921729326248
                ],
                [
                    -0.23955407738685608,
                    0.9596747756004333,
                    0.14709915220737457
                ],
                [
                    0.13161695003509521,
                    -0.11801198124885559,
                    0.9842510223388672
                ]
            ],
            [
                [
                    0.9664877653121948,
                    -0.24502414464950562,
                    0.07657910883426666
                ],
                [
                    0.23218022286891937,
                    0.9615885019302368,
                    0.14642392098903656
                ],
                [
                    -0.109514981508255,
                    -0.12373680621385574,
                    0.9862532615661621
                ]
            ]
        ],
        "betas": [
            -0.045042842626571655,
            -0.11352330446243286,
            0.10127383470535278,
            0.10258045792579651,
            0.027325212955474854,
            0.07358020544052124,
            0.043433547019958496,
            -0.08475247025489807,
            0.02897144854068756,
            -0.030991315841674805
        ]
    },
    "pred_cam_t": [
        -0.009699350222945213,
        0.1607692539691925,
        33.67021179199219
    ],
    "focal_length": [
        5000.0,
        5000.0
    ],
    "pred_keypoints_3d": [
        [
            0.1279170662164688,
            -0.7346924543380737,
            -0.25048333406448364
        ],
        [
            0.09158609807491302,
            -0.7167525291442871,
            -0.06254955381155014
        ],
        [
            -0.1007586419582367,
            -0.6551151275634766,
            -0.0669478327035904
        ],
        [
            -0.17694838345050812,
            -0.42746108770370483,
            0.014173708856105804
        ],
        [
            -0.07101021707057953,
            -0.31147313117980957,
            -0.1852511167526245
        ],
        [
            0.24725762009620667,
            -0.6180819869041443,
            0.00946401059627533
        ],
        [
            0.2278645932674408,
            -0.3892047107219696,
            0.1304895281791687
        ],
        [
            0.2651593089103699,
            -0.27701079845428467,
            -0.08746671676635742
        ],
        [
            -0.0018258255440741777,
            -0.22497031092643738,
            0.028826389461755753
        ],
        [
            -0.08595402538776398,
            -0.1488151252269745,
            0.031607452780008316
        ],
        [
            -0.19081327319145203,
            0.21479648351669312,
            -0.018826816231012344
        ],
        [
            -0.21857333183288574,
            0.5418417453765869,
            0.20621466636657715
        ],
        [
            0.048595741391181946,
            -0.12273382395505905,
            0.047017209231853485
        ],
        [
            0.016127247363328934,
            0.24708524346351624,
            0.003714621067047119
        ],
        [
            -0.05953812226653099,
            0.5799421072006226,
            0.2074546217918396
        ],
        [
            0.09765021502971649,
            -0.7878937721252441,
            -0.24700504541397095
        ],
        [
            0.16339898109436035,
            -0.7829777598381042,
            -0.23774072527885437
        ],
        [
            0.04658887907862663,
            -0.82700514793396,
            -0.1649017035961151
        ],
        [
            0.19290557503700256,
            -0.8159822821617126,
            -0.14516769349575043
        ],
        [
            -0.07119445502758026,
            0.707572340965271,
            0.054394155740737915
        ],
        [
            -0.006436638534069061,
            0.7036761045455933,
            0.10759755969047546
        ],
        [
            -0.06176462024450302,
            0.5884793996810913,
            0.27735161781311035
        ],
        [
            -0.2324187308549881,
            0.6710054874420166,
            0.05828222632408142
        ],
        [
            -0.3033733367919922,
            0.6485838890075684,
            0.10485526919364929
        ],
        [
            -0.22042185068130493,
            0.5550503134727478,
            0.2787102162837982
        ],
        [
            -0.23398396372795105,
            0.48459601402282715,
            0.20685338973999023
        ],
        [
            -0.17676633596420288,
            0.15449270606040955,
            -0.021250339224934578
        ],
        [
            -0.14162380993366241,
            -0.2849302887916565,
            0.02469461038708687
        ],
        [
            0.1435965597629547,
            -0.21468111872673035,
            0.06614674627780914
        ],
        [
            0.03335344046354294,
            0.20877370238304138,
            0.0036162054166197777
        ],
        [
            -0.0440727099776268,
            0.5407445430755615,
            0.21703016757965088
        ],
        [
            -0.0623551681637764,
            -0.34871619939804077,
            -0.17534145712852478
        ],
        [
            -0.19183285534381866,
            -0.4484289884567261,
            -0.024872668087482452
        ],
        [
            -0.060763806104660034,
            -0.6775127649307251,
            -0.06768092513084412
        ],
        [
            0.22157073020935059,
            -0.6492370367050171,
            -0.002082429826259613
        ],
        [
            0.27096790075302124,
            -0.4104084372520447,
            0.10345019400119781
        ],
        [
            0.2707647681236267,
            -0.30042770504951477,
            -0.0812060758471489
        ],
        [
            0.09370909631252289,
            -0.7109377980232239,
            -0.06522972881793976
        ],
        [
            0.1316514015197754,
            -0.8591857552528381,
            -0.193994402885437
        ],
        [
            0.001827583066187799,
            -0.2498745322227478,
            0.04567143693566322
        ],
        [
            0.07949452102184296,
            -0.6606709957122803,
            -0.03824780136346817
        ],
        [
            0.04674185439944267,
            -0.49358078837394714,
            0.021423151716589928
        ],
        [
            0.1232544481754303,
            -0.7476925849914551,
            -0.17143289744853973
        ],
        [
            0.12894682586193085,
            -0.880297064781189,
            -0.19631128013134003
        ]
    ],
    "pred_vertices": [
        [
            0.18192729353904724,
            -0.8226186037063599,
            -0.2598779797554016
        ],
        [
            0.1745126098394394,
            -0.8073841333389282,
            -0.25929421186447144
        ],
        [
            0.18413597345352173,
            -0.8079890608787537,
            -0.24850450456142426
        ],
        [
            0.19027093052864075,
            -0.8212392330169678,
            -0.24441759288311005
        ],
        [
            0.17913812398910522,
            -0.7976067066192627,
            -0.24923941493034363
        ],
        [
            0.17004865407943726,
            -0.7963352203369141,
            -0.2572348415851593
        ],
        [
            0.18901631236076355,
            -0.8070976734161377,
            -0.23538899421691895
        ],
        [
            0.19418975710868835,
            -0.8175902962684631,
            -0.22876811027526855
        ],
        [
            0.18816420435905457,
            -0.7811825275421143,
            -0.20679891109466553
        ],
        [
            0.19044502079486847,
            -0.7813851833343506,
            -0.19569465517997742
        ],
        [
            0.19244259595870972,
            -0.7912483215332031,
            -0.20314139127731323
        ],
        [
            0.18835771083831787,
            -0.7886563539505005,
            -0.21230775117874146
        ],
        [
            0.18319344520568848,
            -0.7604653835296631,
            -0.19155636429786682
        ],
        [
            0.17668884992599487,
            -0.7487595081329346,
            -0.1953004002571106
        ],
        [
            0.17654258012771606,
            -0.7455348968505859,
            -0.1821724772453308
        ],
        [
            0.1818370223045349,
            -0.7570856809616089,
            -0.17759191989898682
        ],
        [
            0.14899808168411255,
            -0.7518535256385803,
            -0.22740939259529114
        ],
        [
            0.1534743458032608,
            -0.7461557388305664,
            -0.22257721424102783
        ],
        [
            0.15815219283103943,
            -0.7520829439163208,
            -0.22452446818351746
        ],
        [
            0.15278515219688416,
            -0.7572470307350159,
            -0.22877046465873718
        ],
        [
            0.14175660908222198,
            -0.7581273317337036,
            -0.2388174831867218
        ],
        [
            0.14317212998867035,
            -0.764457643032074,
            -0.2383960485458374
        ],
        [
            0.13953500986099243,
            -0.7656801342964172,
            -0.24536371231079102
        ],
        [
            0.13901478052139282,
            -0.7581965923309326,
            -0.24624641239643097
        ],
        [
            0.1428956389427185,
            -0.7477192878723145,
            -0.2256413996219635
        ],
        [
            0.14765845239162445,
            -0.7420802116394043,
            -0.22025704383850098
        ],
        [
            0.1452617645263672,
            -0.7563503980636597,
            -0.23210982978343964
        ],
        [
            0.14293190836906433,
            -0.7517372965812683,
            -0.2322675883769989
        ],
        [
            0.1404876559972763,
            -0.7416006922721863,
            -0.23886922001838684
        ],
        [
            0.14244145154953003,
            -0.7463157176971436,
            -0.2395177185535431
        ],
        [
            0.13995422422885895,
            -0.7442634701728821,
            -0.2465919554233551
        ],
        [
            0.13789618015289307,
            -0.7398045063018799,
            -0.24365118145942688
        ],
        [
            0.14202550053596497,
            -0.7453279495239258,
            -0.22996622323989868
        ],
        [
            0.14330051839351654,
            -0.7464778423309326,
            -0.23372000455856323
        ],
        [
            0.1406228393316269,
            -0.7422914505004883,
            -0.23440225422382355
        ],
        [
            0.13849996030330658,
            -0.7420969009399414,
            -0.2307642698287964
        ],
        [
            0.14085695147514343,
            -0.7531492114067078,
            -0.23926183581352234
        ],
        [
            0.13911518454551697,
            -0.75163334608078,
            -0.2467115819454193
        ],
        [
            0.13622936606407166,
            -0.7497918009757996,
            -0.2542058825492859
        ],
        [
            0.13639669120311737,
            -0.74094557762146,
            -0.25314661860466003
        ],
        [
            0.1615932285785675,
            -0.7369300127029419,
            -0.20837612450122833
        ],
        [
            0.1581631302833557,
            -0.7410814762115479,
            -0.21637043356895447
        ],
        [
            0.15234103798866272,
            -0.7372893691062927,
            -0.21486029028892517
        ],
        [
            0.15590408444404602,
            -0.7336503267288208,
            -0.20884822309017181
        ],
        [
            0.13883459568023682,
            -0.7410122156143188,
            -0.22607538104057312
        ],
        [
            0.1402580738067627,
            -0.7271428108215332,
            -0.21789675951004028
        ],
        [
            0.14109060168266296,
            -0.7302536964416504,
            -0.2198798954486847
        ],
        [
            0.1357545107603073,
            -0.7294350862503052,
            -0.22477905452251434
        ],
        [
            0.13560058176517487,
            -0.7265608310699463,
            -0.22267624735832214
        ],
        [
            0.16317294538021088,
            -0.7286791801452637,
            -0.19281822443008423
        ],
        [
            0.1579655408859253,
            -0.7259827852249146,
            -0.1971513032913208
        ],
        [
            0.15702082216739655,
            -0.7212934494018555,
            -0.19143475592136383
        ],
        [
            0.16117322444915771,
            -0.7236142158508301,
            -0.18550129234790802
        ],
        [
            0.15367373824119568,
            -0.716998815536499,
            -0.1882537454366684
        ],
        [
            0.15827621519565582,
            -0.7185571193695068,
            -0.17917339503765106
        ],
        [
            0.147309809923172,
            -0.7067208290100098,
            -0.17408563196659088
        ],
        [
            0.15276944637298584,
            -0.7120431661605835,
            -0.17599643766880035
        ],
        [
            0.14903827011585236,
            -0.7122048735618591,
            -0.18659943342208862
        ],
        [
            0.1433483064174652,
            -0.7066025733947754,
            -0.18779367208480835
        ],
        [
            0.13338756561279297,
            -0.7072051763534546,
            -0.19934235513210297
        ],
        [
            0.1278604418039322,
            -0.7052015066146851,
            -0.20198899507522583
        ],
        [
            0.13035351037979126,
            -0.6954025626182556,
            -0.19355349242687225
        ],
        [
            0.13651326298713684,
            -0.6999860405921936,
            -0.1908358931541443
        ],
        [
            0.13857458531856537,
            -0.7241752743721008,
            -0.21124307811260223
        ],
        [
            0.14205554127693176,
            -0.7254486083984375,
            -0.20812475681304932
        ],
        [
            0.1428602635860443,
            -0.7255106568336487,
            -0.21074625849723816
        ],
        [
            0.1394757181406021,
            -0.725020170211792,
            -0.21486696600914001
        ],
        [
            0.14520549774169922,
            -0.7260252237319946,
            -0.20572125911712646
        ],
        [
            0.14665831625461578,
            -0.7261087894439697,
            -0.20463955402374268
        ],
        [
            0.14683009684085846,
            -0.7265745401382446,
            -0.2063421756029129
        ],
        [
            0.14533771574497223,
            -0.7263817191123962,
            -0.20656922459602356
        ],
        [
            0.143456369638443,
            -0.7258808612823486,
            -0.2073211520910263
        ],
        [
            0.14226394891738892,
            -0.7240842580795288,
            -0.20693586766719818
        ],
        [
            0.1443113386631012,
            -0.7251503467559814,
            -0.20593148469924927
        ],
        [
            0.13908332586288452,
            -0.7221367359161377,
            -0.2096261829137802
        ],
        [
            0.12752094864845276,
            -0.717082679271698,
            -0.21756401658058167
        ],
        [
            0.13121125102043152,
            -0.7178304195404053,
            -0.21587063372135162
        ],
        [
            0.13027597963809967,
            -0.7221775054931641,
            -0.217434823513031
        ],
        [
            0.12717440724372864,
            -0.7217916250228882,
            -0.21914789080619812
        ],
        [
            0.14569337666034698,
            -0.7274692058563232,
            -0.20921052992343903
        ],
        [
            0.14836668968200684,
            -0.7287596464157104,
            -0.20898616313934326
        ],
        [
            0.1456116884946823,
            -0.7295088768005371,
            -0.21398738026618958
        ],
        [
            0.14396141469478607,
            -0.7275470495223999,
            -0.2123582661151886
        ],
        [
            0.15135416388511658,
            -0.7302766442298889,
            -0.20923781394958496
        ],
        [
            0.14913815259933472,
            -0.7278215885162354,
            -0.2059776484966278
        ],
        [
            0.15216819941997528,
            -0.7286133766174316,
            -0.20534434914588928
        ],
        [
            0.1458539366722107,
            -0.7246406674385071,
            -0.20389068126678467
        ],
        [
            0.148030623793602,
            -0.7237985134124756,
            -0.2012995481491089
        ],
        [
            0.1491440385580063,
            -0.7254965305328369,
            -0.20332665741443634
        ],
        [
            0.14561814069747925,
            -0.7209219932556152,
            -0.20046576857566833
        ],
        [
            0.143321692943573,
            -0.7226018905639648,
            -0.20437633991241455
        ],
        [
            0.1400134116411209,
            -0.7197955250740051,
            -0.20654042065143585
        ],
        [
            0.13579949736595154,
            -0.7168322801589966,
            -0.20961041748523712
        ],
        [
            0.13698658347129822,
            -0.7141047716140747,
            -0.20417791604995728
        ],
        [
            0.14182183146476746,
            -0.7174147367477417,
            -0.20170541107654572
        ],
        [
            0.1480524092912674,
            -0.7332179546356201,
            -0.21493853628635406
        ],
        [
            0.15294744074344635,
            -0.72560715675354,
            -0.200611412525177
        ],
        [
            0.15737411379814148,
            -0.7307866811752319,
            -0.20316532254219055
        ],
        [
            0.1519191563129425,
            -0.7220973968505859,
            -0.19731010496616364
        ],
        [
            0.14912644028663635,
            -0.7185888290405273,
            -0.1952139139175415
        ],
        [
            0.1446462720632553,
            -0.7146872878074646,
            -0.19527137279510498
        ],
        [
            0.1392064392566681,
            -0.7106039524078369,
            -0.19715693593025208
        ],
        [
            0.12993602454662323,
            -0.6931135058403015,
            -0.1790277063846588
        ],
        [
            0.13824859261512756,
            -0.6988556385040283,
            -0.17701473832130432
        ],
        [
            0.16652649641036987,
            -0.7911402583122253,
            -0.25129157304763794
        ],
        [
            0.1745879352092743,
            -0.7913066148757935,
            -0.24704310297966003
        ],
        [
            0.17313851416110992,
            -0.7870449423789978,
            -0.23876717686653137
        ],
        [
            0.17531253397464752,
            -0.7889225482940674,
            -0.23944061994552612
        ],
        [
            0.17074054479599,
            -0.7888433337211609,
            -0.24404433369636536
        ],
        [
            0.16966453194618225,
            -0.7867872714996338,
            -0.24198836088180542
        ],
        [
            0.18333761394023895,
            -0.7877991199493408,
            -0.21937207877635956
        ],
        [
            0.17944134771823883,
            -0.7872703075408936,
            -0.22514745593070984
        ],
        [
            0.1789255142211914,
            -0.7848198413848877,
            -0.2218983769416809
        ],
        [
            0.1838870495557785,
            -0.7823805809020996,
            -0.21521911025047302
        ],
        [
            0.17114494740962982,
            -0.7753478288650513,
            -0.22537948191165924
        ],
        [
            0.17516298592090607,
            -0.7778571844100952,
            -0.22245725989341736
        ],
        [
            0.17292889952659607,
            -0.7822749614715576,
            -0.22882238030433655
        ],
        [
            0.17006777226924896,
            -0.7804052233695984,
            -0.23099642992019653
        ],
        [
            0.16653920710086823,
            -0.7792502045631409,
            -0.23313754796981812
        ],
        [
            0.16250699758529663,
            -0.7788505554199219,
            -0.2350781261920929
        ],
        [
            0.16183751821517944,
            -0.7746554613113403,
            -0.23175683617591858
        ],
        [
            0.16645163297653198,
            -0.7744795680046082,
            -0.22875210642814636
        ],
        [
            0.16460798680782318,
            -0.7895662784576416,
            -0.24674822390079498
        ],
        [
            0.15732458233833313,
            -0.7894454002380371,
            -0.24757584929466248
        ],
        [
            0.158065527677536,
            -0.7872326374053955,
            -0.2451116144657135
        ],
        [
            0.16428719460964203,
            -0.7869564294815063,
            -0.24481147527694702
        ],
        [
            0.14633649587631226,
            -0.7850377559661865,
            -0.23932459950447083
        ],
        [
            0.14810045063495636,
            -0.7865028381347656,
            -0.24129223823547363
        ],
        [
            0.14504455029964447,
            -0.7872613072395325,
            -0.24368354678153992
        ],
        [
            0.14329157769680023,
            -0.7839782238006592,
            -0.24077555537223816
        ],
        [
            0.14502525329589844,
            -0.7812491655349731,
            -0.23889371752738953
        ],
        [
            0.14738288521766663,
            -0.7833172082901001,
            -0.23859363794326782
        ],
        [
            0.17617899179458618,
            -0.8424170017242432,
            -0.27056530117988586
        ],
        [
            0.17017701268196106,
            -0.8240829706192017,
            -0.2705863416194916
        ],
        [
            0.1886565238237381,
            -0.8416422605514526,
            -0.25395315885543823
        ],
        [
            0.1947380155324936,
            -0.8376909494400024,
            -0.23709313571453094
        ],
        [
            0.1988886147737503,
            -0.8299081921577454,
            -0.22072818875312805
        ],
        [
            0.1698017716407776,
            -0.7355986833572388,
            -0.18756702542304993
        ],
        [
            0.16879799962043762,
            -0.7310543060302734,
            -0.17759233713150024
        ],
        [
            0.17583689093589783,
            -0.7428988218307495,
            -0.16950710117816925
        ],
        [
            0.17161911725997925,
            -0.7365589141845703,
            -0.16049779951572418
        ],
        [
            0.1647120863199234,
            -0.7244219779968262,
            -0.16948509216308594
        ],
        [
            0.1486673653125763,
            -0.7100309133529663,
            -0.16073809564113617
        ],
        [
            0.15804076194763184,
            -0.7168482542037964,
            -0.1636648178100586
        ],
        [
            0.16483253240585327,
            -0.7307182550430298,
            -0.15178744494915009
        ],
        [
            0.1723327934741974,
            -0.7484261393547058,
            -0.14336732029914856
        ],
        [
            0.1771550327539444,
            -0.750630795955658,
            -0.15378667414188385
        ],
        [
            0.17704036831855774,
            -0.7677379846572876,
            -0.13941213488578796
        ],
        [
            0.16538791358470917,
            -0.7473629713058472,
            -0.13061606884002686
        ],
        [
            0.17300720512866974,
            -0.7712894678115845,
            -0.13175596296787262
        ],
        [
            0.14604546129703522,
            -0.7161588668823242,
            -0.12227092683315277
        ],
        [
            0.14568188786506653,
            -0.709194540977478,
            -0.11473262310028076
        ],
        [
            0.15468138456344604,
            -0.7211921811103821,
            -0.10323511064052582
        ],
        [
            0.15609994530677795,
            -0.7282582521438599,
            -0.11108668148517609
        ],
        [
            0.18053601682186127,
            -0.753636360168457,
            -0.16429705917835236
        ],
        [
            0.19528616964817047,
            -0.803878903388977,
            -0.20140612125396729
        ],
        [
            0.19245648384094238,
            -0.7983052730560303,
            -0.21189458668231964
        ],
        [
            0.19410105049610138,
            -0.7949965596199036,
            -0.19168716669082642
        ],
        [
            0.20408181846141815,
            -0.8649872541427612,
            -0.21436789631843567
        ],
        [
            0.2003244161605835,
            -0.8523602485656738,
            -0.22789394855499268
        ],
        [
            0.20383450388908386,
            -0.8422768115997314,
            -0.21335098147392273
        ],
        [
            0.2070566713809967,
            -0.8553920388221741,
            -0.20263364911079407
        ],
        [
            0.18345960974693298,
            -0.8920670747756958,
            -0.24437232315540314
        ],
        [
            0.1823897361755371,
            -0.8686503171920776,
            -0.259959876537323
        ],
        [
            0.19143755733966827,
            -0.8619281053543091,
            -0.24551507830619812
        ],
        [
            0.19400741159915924,
            -0.8801873326301575,
            -0.2321731299161911
        ],
        [
            0.20723876357078552,
            -0.8631141185760498,
            -0.1915663778781891
        ],
        [
            0.2058963030576706,
            -0.873924970626831,
            -0.17608126997947693
        ],
        [
            0.2035094052553177,
            -0.8911354541778564,
            -0.1787700355052948
        ],
        [
            0.20457327365875244,
            -0.8802106976509094,
            -0.19884003698825836
        ],
        [
            0.1934870481491089,
            -0.9124060869216919,
            -0.18516796827316284
        ],
        [
            0.1951339989900589,
            -0.8997162580490112,
            -0.20925727486610413
        ],
        [
            0.1667034924030304,
            -0.7648873329162598,
            -0.11683209240436554
        ],
        [
            0.17141959071159363,
            -0.7822039127349854,
            -0.1234368160367012
        ],
        [
            0.15832816064357758,
            -0.7362180948257446,
            -0.12173737585544586
        ],
        [
            0.162855863571167,
            -0.751174807548523,
            -0.1098301038146019
        ],
        [
            0.17738300561904907,
            -0.9292320013046265,
            -0.19160979986190796
        ],
        [
            0.18065814673900604,
            -0.9149824380874634,
            -0.2204992175102234
        ],
        [
            0.18584468960762024,
            -0.8805414438247681,
            -0.12548811733722687
        ],
        [
            0.19209547340869904,
            -0.8918191194534302,
            -0.140780970454216
        ],
        [
            0.1980096399784088,
            -0.8722680807113647,
            -0.14676132798194885
        ],
        [
            0.19179357588291168,
            -0.8646841645240784,
            -0.13154439628124237
        ],
        [
            0.17488832771778107,
