{
    "pred_cam": [
        1.166229486465454,
        -0.008676400408148766,
        0.16253945231437683
    ],
    "pred_smpl_params": {
        "global_orient": [
            [
                [
                    0.9779825806617737,
                    0.18922218680381775,
                    0.08800628036260605
                ],
                [
                    0.18295949697494507,
                    -0.9802893996238708,
                    0.07455530017614365
                ],
                [
                    0.10037914663553238,
                    -0.05681220069527626,
                    -0.99332594871521
                ]
            ]
        ],
        "body_pose": [
            [
                [
                    0.9991186857223511,
                    0.007415635511279106,
                    -0.04131368175148964
                ],
                [
                    0.00027410799521021545,
                    0.9830960035324097,
                    0.18309061229228973
                ],
                [
                    0.0419730469584465,
                    -0.18294058740139008,
                    0.9822275638580322
                ]
            ],
            [
                [
                    0.9998437166213989,
                    0.007384545169770718,
                    -0.016063671559095383
                ],
                [
                    -0.0041931006126105785,
                    0.981715202331543,
                    0.19030998647212982
                ],
                [
                    0.017175300046801567,
                    -0.19021287560462952,
                    0.9815927147865295
                ]
            ],
            [
                [
                    0.998977541923523,
                    -0.00035389114054851234,
                    0.04520689696073532
                ],
                [
                    0.009435774758458138,
                    0.9795780777931213,
                    -0.20084229111671448
                ],
                [
                    -0.04421261325478554,
                    0.20106351375579834,
                    0.9785798192024231
                ]
            ],
            [
                [
                    0.9935418367385864,
                    -0.018409868702292442,
                    -0.11196324974298477
                ],
                [
                    -0.04514245316386223,
                    0.8411617279052734,
                    -0.5388961434364319
                ],
                [
                    0.10410019755363464,
                    0.5404701232910156,
                    0.8348982930183411
                ]
            ],
            [
                [
                    0.994291365146637,
                    -0.09565382450819016,
                    0.04727442190051079
                ],
                [
                    0.10505297034978867,
                    0.8001180291175842,
                    -0.5905717015266418
                ],
                [
                    0.018665319308638573,
                    0.5921667814254761,
                    0.8055991530418396
                ]
            ],
            [
                [
                    0.998306155204773,
                    -0.007992490194737911,
                    0.057627882808446884
                ],
                [
                    0.0089960228651762,
                    0.9998119473457336,
                    -0.017175642773509026
                ],
                [
                    -0.05747978016734123,
                    0.017664970830082893,
                    0.9981903433799744
                ]
            ],
            [
                [
                    0.9820419549942017,
                    0.07753533124923706,
                    0.17199385166168213
                ],
                [
                    -0.07862620055675507,
                    0.9969040751457214,
                    -0.0004713770467787981
                ],
                [
                    -0.1714979112148285,
                    -0.013060308061540127,
                    0.9850979447364807
                ]
            ],
            [
                [
                    0.9851102232933044,
                    -0.05137801542878151,
                    -0.16406740248203278
                ],
                [
                    0.05251317098736763,
                    0.9986168742179871,
                    0.0025861449539661407
                ],
                [
                    0.16370759904384613,
                    -0.011163336224853992,
                    0.9864457249641418
                ]
            ],
            [
                [
                    0.9989765286445618,
                    -0.01777634210884571,
                    0.04159342497587204
                ],
                [
                    0.021328384056687355,
                    0.9960169196128845,
                    -0.08657639473676682
                ],
                [
                    -0.039888739585876465,
                    0.08737490326166153,
                    0.9953766465187073
                ]
            ],
            [
                [
                    0.9844405651092529,
                    -0.17569959163665771,
                    0.0025313477963209152
                ],
                [
                    0.17241056263446808,
                    0.968593418598175,
                    0.17916831374168396
                ],
                [
                    -0.03393165394663811,
                    -0.17594413459300995,
                    0.9838151335716248
                ]
            ],
            [
                [
                    0.9893576502799988,
                    0.14431144297122955,
                    0.018594101071357727
                ],
                [
                    -0.1452377289533615,
                    0.9717139601707458,
                    0.18622013926506042
                ],
                [
                    0.008805549703538418,
                    -0.18693886697292328,
                    0.9823321104049683
                ]
            ],
            [
                [
                    0.9997763633728027,
                    -0.020077243447303772,
                    0.0066419849172234535
                ],
                [
                    0.02056771144270897,
                    0.996199369430542,
                    -0.08463931083679199
                ],
                [
                    -0.004917416721582413,
                    0.0847569927573204,
                    0.9963895082473755
                ]
            ],
            [
                [
                    0.9559370875358582,
                    0.28822946548461914,
                    0.0557502917945385
                ],
                [
                    -0.2860793471336365,
                    0.9572184085845947,
                    -0.04349220171570778
                ],
                [
                    -0.06590093672275543,
                    0.025626802816987038,
                    0.9974970817565918
                ]
            ],
            [
                [
                    0.9599314332008362,
                    -0.2752704322338104,
                    0.05251295864582062
                ],
                [
                    0.2772619426250458,
                    0.9601464867591858,
                    -0.03527718409895897
                ],
                [
                    -0.040709368884563446,
                    0.04842353239655495,
                    0.9979968070983887
                ]
            ],
            [
                [
                    0.9999334216117859,
                    -0.009221531450748444,
                    0.006934680510312319
                ],
                [
                    0.010492860339581966,
                    0.976743221282959,
                    -0.2141554355621338
                ],
                [
                    -0.00479856226593256,
                    0.21421395242214203,
                    0.9767749309539795
                ]
            ],
            [
                [
                    0.41378286480903625,
                    0.8740809559822083,
                    -0.25449222326278687
                ],
                [
                    -0.9072694778442383,
                    0.4190034866333008,
                    -0.036030758172273636
                ],
                [
                    0.07513933628797531,
                    0.2458019107580185,
                    0.9664034247398376
                ]
            ],
            [
                [
                    0.4172714054584503,
                    -0.8370224833488464,
                    0.3539460599422455
                ],
                [
                    0.8960103988647461,
                    0.4439874291419983,
                    -0.006362754851579666
                ],
                [
                    -0.15182183682918549,
                    0.31979435682296753,
                    0.9352441430091858
                ]
            ],
            [
                [
                    0.07043174654245377,
                    -0.42222341895103455,
                    -0.90375155210495
                ],
                [
                    0.17595957219600677,
                    0.8970532417297363,
                    -0.40538105368614197
                ],
                [
                    0.9818745255470276,
                    -0.13047204911708832,
                    0.13747528195381165
                ]
            ],
            [
                [
                    0.12320663779973984,
                    0.41302284598350525,
                    0.9023481011390686
                ],
                [
                    -0.01972862333059311,
                    0.9101155996322632,
                    -0.41388440132141113
                ],
                [
                    -0.9921848773956299,
                    0.03319121152162552,
                    0.12028065323829651
                ]
            ],
            [
                [
                    0.9811817407608032,
                    -0.18876446783542633,
                    -0.040624141693115234
                ],
                [
                    0.19185777008533478,
                    0.9768127202987671,
                    0.09501316398382187
                ],
                [
                    0.02174706943333149,
                    -0.1010192483663559,
                    0.9946467280387878
                ]
            ],
            [
                [
                    0.9863247275352478,
                    0.155249685049057,
                    0.0553269162774086
                ],
                [
                    -0.15798676013946533,
                    0.9862203598022461,
                    0.04908744618296623
                ],
                [
                    -0.04694372043013573,
                    -0.057157084345817566,
                    0.9972609281539917
                ]
            ],
            [
                [
                    0.9623727798461914,
                    0.2535809278488159,
                    -0.09764882922172546
                ],
                [
                    -0.23874592781066895,
                    0.9606741666793823,
                    0.14179418981075287
                ],
                [
                    0.12976500391960144,
                    -0.1131456047296524,
                    0.9850680828094482
                ]
            ],
            [
                [
                    0.9665619730949402,
                    -0.24496431648731232,
                    0.0758320689201355
                ],
                [
                    0.2322009801864624,
                    0.9615654349327087,
                    0.14654210209846497
                ],
                [
                    -0.10881508886814117,
                    -0.12403372675180435,
                    0.9862935543060303
                ]
            ]
        ],
        "betas": [
            -0.043835148215293884,
            -0.12531596422195435,
            0.09683480858802795,
            0.10099142789840698,
            0.03302103281021118,
            0.07214856147766113,
            0.04268363118171692,
            -0.08566027879714966,
            0.030994489789009094,
            -0.029405176639556885
        ]
    },
    "pred_cam_t": [
        -0.008676400408148766,
        0.16253945231437683,
        33.494693756103516
    ],
    "focal_length": [
        5000.0,
        5000.0
    ],
    "pred_keypoints_3d": [
        [
            0.13937613368034363,
            -0.7323672771453857,
            -0.24731142818927765
        ],
        [
            0.09355650842189789,
            -0.7167226076126099,
            -0.06136783957481384
        ],
        [
            -0.09876129031181335,
            -0.6542655229568481,
            -0.0711665153503418
        ],
        [
            -0.178105890750885,
            -0.42589300870895386,
            0.004784092307090759
        ],
        [
            -0.06286967545747757,
            -0.30945324897766113,
            -0.18913720548152924
        ],
        [
            0.24725279211997986,
            -0.6174222230911255,
            0.015128109604120255
        ],
        [
            0.22253116965293884,
            -0.3883238434791565,
            0.13475358486175537
        ],
        [
            0.26642289757728577,
            -0.28385958075523376,
            -0.08580626547336578
        ],
        [
            -0.0018223949009552598,
            -0.22501040995121002,
            0.028904732316732407
        ],
        [
            -0.08594828844070435,
            -0.14876790344715118,
            0.03122583031654358
        ],
        [
            -0.19059067964553833,
            0.21552957594394684,
            -0.013762950897216797
        ],
        [
            -0.21989434957504272,
            0.5387252569198608,
            0.21650034189224243
        ],
        [
            0.0486217625439167,
            -0.12283860892057419,
            0.0476626381278038
        ],
        [
            0.015226185321807861,
            0.2471340298652649,
            0.007284205406904221
        ],
        [
            -0.0608944445848465,
            0.5759491324424744,
            0.21721985936164856
        ],
        [
            0.10930821299552917,
            -0.785756528377533,
            -0.2462911605834961
        ],
        [
            0.17440205812454224,
            -0.7806470394134521,
            -0.23329579830169678
        ],
        [
            0.053923409432172775,
            -0.8263574838638306,
            -0.16760683059692383
        ],
        [
            0.19886010885238647,
            -0.8148698806762695,
            -0.1397920697927475
        ],
        [
            -0.07240258902311325,
            0.7060865759849548,
            0.0663788914680481
        ],
        [
            -0.007779013365507126,
            0.7014461755752563,
            0.11967357993125916
        ],
        [
            -0.0630713477730751,
            0.5831390023231506,
            0.28719812631607056
        ],
        [
            -0.23326817154884338,
            0.6694319248199463,
            0.06993162631988525
        ],
        [
            -0.3044735789299011,
            0.6462299823760986,
            0.11568412184715271
        ],
        [
            -0.22226689755916595,
            0.5509911775588989,
            0.28908976912498474
        ],
        [
            -0.23526377975940704,
            0.4813959002494812,
            0.21610793471336365
        ],
        [
            -0.17648771405220032,
            0.15521331131458282,
            -0.016970090568065643
        ],
        [
            -0.14165805280208588,
            -0.28484636545181274,
            0.023292236030101776
        ],
        [
            0.14348125457763672,
            -0.2148623913526535,
            0.06711633503437042
        ],
        [
            0.03253018110990524,
            0.20886105298995972,
            0.00688739400357008
        ],
        [
            -0.04525843262672424,
            0.536594808101654,
            0.22599530220031738
        ],
        [
            -0.05454123765230179,
            -0.3466005027294159,
            -0.17875614762306213
        ],
        [
            -0.19130811095237732,
            -0.44689106941223145,
            -0.03475964441895485
        ],
        [
            -0.058818697929382324,
            -0.6770074367523193,
            -0.07100164890289307
        ],
        [
            0.2219271957874298,
            -0.6486479043960571,
            0.0028699561953544617
        ],
        [
            0.2666068375110626,
            -0.4096161723136902,
            0.10957658290863037
        ],
        [
            0.27178874611854553,
            -0.30712825059890747,
            -0.07852569222450256
        ],
        [
            0.09588659554719925,
            -0.7105127573013306,
            -0.06385470181703568
        ],
        [
            0.1407468467950821,
            -0.8576856851577759,
            -0.19245247542858124
        ],
        [
            0.0017586653120815754,
            -0.2499202936887741,
            0.04550134018063545
        ],
        [
            0.08070795983076096,
            -0.6601558327674866,
            -0.03735344856977463
        ],
        [
            0.046561338007450104,
            -0.4935258626937866,
            0.021664701402187347
        ],
        [
            0.13039618730545044,
            -0.7465360760688782,
            -0.16877003014087677
        ],
        [
            0.13835838437080383,
            -0.8787367939949036,
            -0.1952410340309143
        ]
    ],
    "pred_vertices": [
        [
            0.19435754418373108,
            -0.819861650466919,
            -0.25499582290649414
        ],
        [
            0.18680229783058167,
            -0.8046936392784119,
            -0.2545809745788574
        ],
        [
            0.19580315053462982,
            -0.8053966760635376,
            -0.24328145384788513
        ],
        [
            0.20181749761104584,
            -0.8186525106430054,
            -0.23905928432941437
        ],
        [
            0.19078654050827026,
            -0.7950261235237122,
            -0.24415436387062073
        ],
        [
            0.1821635365486145,
            -0.7936834692955017,
            -0.25261014699935913
        ],
        [
            0.19994673132896423,
            -0.8046619892120361,
            -0.22991451621055603
        ],
        [
            0.20484313368797302,
            -0.8152254819869995,
            -0.223168283700943
        ],
        [
            0.19740918278694153,
            -0.7791562080383301,
            -0.20102879405021667
        ],
        [
            0.19907623529434204,
            -0.7795051336288452,
            -0.18981552124023438
        ],
        [
            0.2015027552843094,
            -0.7892603874206543,
            -0.197272390127182
        ],
        [
            0.19790741801261902,
            -0.7865571975708008,
            -0.20662426948547363
        ],
        [
            0.19145622849464417,
            -0.7586961984634399,
            -0.18581221997737885
        ],
        [
            0.18509723246097565,
            -0.7469704151153564,
            -0.18974238634109497
        ],
        [
            0.18419647216796875,
            -0.7439373731613159,
            -0.17661958932876587
        ],
        [
            0.1893042027950287,
            -0.7555180788040161,
            -0.17190837860107422
        ],
        [
            0.1592525839805603,
            -0.7497729063034058,
            -0.22332873940467834
        ],
        [
            0.16340935230255127,
            -0.7441258430480957,
            -0.21817860007286072
        ],
        [
            0.16822701692581177,
            -0.7499911189079285,
            -0.21995070576667786
        ],
        [
            0.16314218938350677,
            -0.7551193237304688,
            -0.22455638647079468
        ],
        [
            0.15269231796264648,
            -0.7559034824371338,
            -0.23522859811782837
        ],
        [
            0.15411891043186188,
            -0.7622302770614624,
            -0.23482298851013184
        ],
        [
            0.15088310837745667,
            -0.763371467590332,
            -0.24200040102005005
        ],
        [
            0.15036717057228088,
            -0.7558802366256714,
            -0.24280142784118652
        ],
        [
            0.15304242074489594,
            -0.7457017302513123,
            -0.221839040517807
        ],
        [
            0.15744726359844208,
            -0.7401226758956909,
            -0.21612201631069183
        ],
        [
            0.15582332015037537,
            -0.7542111277580261,
            -0.22829878330230713
        ],
        [
            0.1534590721130371,
            -0.7496154308319092,
            -0.22851809859275818
        ],
        [
            0.15133430063724518,
            -0.7393871545791626,
            -0.23511315882205963
        ],
        [
            0.15335725247859955,
            -0.744077205657959,
            -0.23571904003620148
        ],
        [
            0.15125876665115356,
            -0.7419295310974121,
            -0.2428966760635376
        ],
        [
            0.1490054577589035,
            -0.7375274896621704,
            -0.24000823497772217
        ],
        [
            0.15239876508712769,
            -0.743230938911438,
            -0.22617870569229126
        ],
        [
            0.15389400720596313,
            -0.7443175315856934,
            -0.22987815737724304
        ],
        [
            0.15122880041599274,
            -0.7401377558708191,
            -0.23064973950386047
        ],
        [
            0.14889614284038544,
            -0.7400087118148804,
            -0.22712872922420502
        ],
        [
            0.1517949402332306,
            -0.7509245872497559,
            -0.2356438934803009
        ],
        [
            0.15046632289886475,
            -0.7493058443069458,
            -0.24316535890102386
        ],
        [
            0.14798897504806519,
            -0.7473704814910889,
            -0.25078725814819336
        ],
        [
            0.14803504943847656,
            -0.7385344505310059,
            -0.2495930790901184
        ],
        [
            0.17066700756549835,
            -0.7350553274154663,
            -0.20345410704612732
        ],
        [
            0.16772350668907166,
            -0.739108145236969,
            -0.2116653025150299
        ],
        [
            0.1617874652147293,
            -0.7353885769844055,
            -0.21041810512542725
        ],
        [
            0.16498498618602753,
            -0.7318160533905029,
            -0.2041814923286438
        ],
        [
            0.14894622564315796,
            -0.7390046715736389,
            -0.22241029143333435
        ],
        [
            0.149810791015625,
            -0.7252467274665833,
            -0.21400186419487
        ],
        [
            0.15077082812786102,
            -0.728326141834259,
            -0.215969517827034
        ],
        [
            0.14571310579776764,
            -0.7274619936943054,
            -0.22114664316177368
        ],
        [
            0.14542365074157715,
            -0.724618673324585,
            -0.21902255713939667
        ],
        [
            0.17132163047790527,
            -0.727025032043457,
            -0.18774497509002686
        ],
        [
            0.1663323938846588,
            -0.7243123054504395,
            -0.19230496883392334
        ],
        [
            0.16503706574440002,
            -0.7197085618972778,
            -0.186599999666214
        ],
        [
            0.16887083649635315,
            -0.722084641456604,
            -0.18050260841846466
        ],
        [
            0.16146400570869446,
            -0.7154940366744995,
            -0.18356910347938538
        ],
        [
            0.16557154059410095,
            -0.7171517610549927,
            -0.1742948591709137
        ],
        [
            0.1542467474937439,
            -0.7054411172866821,
            -0.1696670949459076
        ],
        [
            0.15984483063220978,
            -0.7107102870941162,
            -0.17135155200958252
        ],
        [
            0.1567005068063736,
            -0.7107501029968262,
            -0.18211190402507782
        ],
        [
            0.15104225277900696,
            -0.7051562070846558,
            -0.18353581428527832
        ],
        [
            0.14177583158016205,
            -0.7056287527084351,
            -0.19559632241725922
        ],
        [
            0.1363944411277771,
            -0.7036234140396118,
            -0.1985073685646057
        ],
        [
            0.1383344531059265,
            -0.693930983543396,
            -0.18983124196529388
        ],
        [
            0.1443476378917694,
            -0.6985248327255249,
            -0.18685469031333923
        ],
        [
            0.14775703847408295,
            -0.7223873734474182,
            -0.2074180543422699
        ],
        [
            0.15106737613677979,
            -0.7236919403076172,
            -0.20412951707839966
        ],
        [
            0.15201961994171143,
            -0.7237087488174438,
            -0.20669987797737122
        ],
        [
            0.14887049794197083,
            -0.7231723070144653,
            -0.2109936773777008
        ],
        [
            0.15407419204711914,
            -0.7242988348007202,
            -0.20156115293502808
        ],
        [
            0.1554632931947708,
            -0.7243943214416504,
            -0.20039962232112885
        ],
        [
            0.1557358056306839,
            -0.7248296737670898,
            -0.20209431648254395
        ],
        [
            0.154269278049469,
            -0.7246319055557251,
            -0.20240244269371033
        ],
        [
            0.15242904424667358,
            -0.7241278886795044,
            -0.20325398445129395
        ],
        [
            0.15120479464530945,
            -0.7223414182662964,
            -0.20291459560394287
        ],
        [
            0.15318787097930908,
            -0.7234227657318115,
            -0.20181196928024292
        ],
        [
            0.14816781878471375,
            -0.7203667163848877,
            -0.20575186610221863
        ],
        [
            0.13700267672538757,
            -0.7152575254440308,
            -0.2142389714717865
        ],
        [
            0.14062219858169556,
            -0.7160099744796753,
            -0.21235784888267517
        ],
        [
            0.13980764150619507,
            -0.720337986946106,
            -0.2140272706747055
        ],
        [
            0.13677632808685303,
            -0.7199453115463257,
            -0.2159041166305542
        ],
        [
            0.15476012229919434,
            -0.7256743907928467,
            -0.20503436028957367
        ],
        [
            0.1574350744485855,
            -0.726963460445404,
            -0.20467248558998108
        ],
        [
            0.154974102973938,
            -0.7276468276977539,
            -0.20982418954372406
        ],
        [
            0.15322259068489075,
            -0.7257163524627686,
            -0.20827126502990723
        ],
        [
            0.1604469120502472,
            -0.7284568548202515,
            -0.2047746479511261
        ],
        [
            0.15802788734436035,
            -0.726071834564209,
            -0.2016150802373886
        ],
        [
            0.16099950671195984,
            -0.7268588542938232,
            -0.20082923769950867
        ],
        [
            0.15460610389709473,
            -0.7229412198066711,
            -0.19968023896217346
        ],
        [
            0.15662364661693573,
            -0.7221342325210571,
            -0.19695937633514404
        ],
        [
            0.15786349773406982,
            -0.7237942814826965,
            -0.19894002377986908
        ],
        [
            0.154152050614357,
            -0.7192724347114563,
            -0.19623185694217682
        ],
        [
            0.1520950049161911,
            -0.7209004163742065,
            -0.20028448104858398
        ],
        [
            0.14889773726463318,
            -0.7180718183517456,
            -0.20259547233581543
        ],
        [
            0.14484429359436035,
            -0.7150795459747314,
            -0.20585185289382935
        ],
        [
            0.1457005739212036,
            -0.7124302983283997,
            -0.20032861828804016
        ],
        [
            0.15041391551494598,
            -0.7157533168792725,
            -0.1976393461227417
        ],
        [
            0.15746574103832245,
            -0.7313343286514282,
            -0.2106848657131195
        ],
        [
            0.1615089625120163,
            -0.7239240407943726,
            -0.19602170586585999
        ],
        [
            0.16611312329769135,
            -0.7290306687355042,
            -0.19839760661125183
        ],
        [
            0.16027085483074188,
            -0.7204702496528625,
            -0.1927410364151001
        ],
        [
            0.15733876824378967,
            -0.7170034646987915,
            -0.19076579809188843
        ],
        [
            0.1528226137161255,
            -0.7131268382072449,
            -0.19103166460990906
        ],
        [
            0.14748837053775787,
            -0.7090305089950562,
            -0.19315029680728912
        ],
        [
            0.13708636164665222,
            -0.6918436288833618,
            -0.1753431111574173
        ],
        [
            0.1453012228012085,
            -0.6975767612457275,
            -0.17297661304473877
        ],
        [
            0.1783069670200348,
            -0.788585901260376,
            -0.2467922866344452
        ],
        [
            0.1861070692539215,
            -0.7887669801712036,
            -0.24211344122886658
        ],
        [
            0.18418137729167938,
            -0.7846395969390869,
            -0.23385927081108093
        ],
        [
            0.18642465770244598,
            -0.7864929437637329,
            -0.234437957406044
        ],
        [
            0.18208959698677063,
            -0.7863724231719971,
            -0.23928911983966827
        ],
        [
            0.18089298903942108,
            -0.7843635082244873,
            -0.2372606247663498
        ],
        [
            0.19328990578651428,
            -0.7856212854385376,
            -0.21393975615501404
        ],
        [
            0.1897163689136505,
            -0.7850269079208374,
            -0.2199118435382843
        ],
        [
            0.18899551033973694,
            -0.7826381921768188,
            -0.21665990352630615
        ],
        [
            0.19357724487781525,
            -0.7802654504776001,
            -0.20968282222747803
        ],
        [
            0.18137414753437042,
            -0.7731547951698303,
            -0.22042806446552277
        ],
        [
            0.18523342907428741,
            -0.7756881713867188,
            -0.2173263281583786
        ],
        [
            0.18338987231254578,
            -0.7800201177597046,
            -0.22386080026626587
        ],
        [
            0.1806439757347107,
            -0.7781332731246948,
            -0.2261626422405243
        ],
        [
            0.1772352159023285,
            -0.7769631147384644,
            -0.22848251461982727
        ],
        [
            0.17330433428287506,
            -0.7765644788742065,
            -0.23063504695892334
        ],
        [
            0.17243173718452454,
            -0.7724155187606812,
            -0.22729867696762085
        ],
        [
            0.17687483131885529,
            -0.7722586393356323,
            -0.22403991222381592
        ],
        [
            0.17613562941551208,
            -0.787093997001648,
            -0.24232885241508484
        ],
        [
            0.16890615224838257,
            -0.787007212638855,
            -0.24355648458003998
        ],
        [
            0.16949336230754852,
            -0.7848219275474548,
            -0.24102400243282318
        ],
        [
            0.17568829655647278,
            -0.7845267653465271,
            -0.2403707504272461
        ],
        [
            0.15744823217391968,
            -0.7827686667442322,
            -0.2358664572238922
        ],
        [
            0.15933111310005188,
            -0.784196138381958,
            -0.2377556711435318
        ],
        [
            0.15642184019088745,
            -0.7849352359771729,
            -0.24032360315322876
        ],
        [
            0.15448381006717682,
            -0.781706690788269,
            -0.23746679723262787
        ],
        [
            0.15608806908130646,
            -0.778997540473938,
            -0.23545271158218384
        ],
        [
            0.1584402173757553,
            -0.7810568809509277,
            -0.23505106568336487
        ],
        [
            0.18935029208660126,
            -0.839526355266571,
            -0.2662569284439087
        ],
        [
            0.18321943283081055,
            -0.8212298154830933,
            -0.2663326859474182
        ],
        [
            0.20087102055549622,
            -0.8389209508895874,
            -0.24894919991493225
        ],
        [
            0.20598651468753815,
            -0.8351669907569885,
            -0.23172292113304138
        ],
        [
            0.2091987133026123,
            -0.8276122212409973,
            -0.21504108607769012
        ],
        [
            0.17769818007946014,
            -0.7339723110198975,
            -0.1822422444820404
        ],
        [
            0.17610475420951843,
            -0.729589581489563,
            -0.17229728400707245
        ],
        [
            0.18275530636310577,
            -0.7414965033531189,
            -0.16399304568767548
        ],
        [
            0.17801690101623535,
            -0.7353029251098633,
            -0.15518943965435028
        ],
        [
            0.17152245342731476,
            -0.7231000661849976,
            -0.16436439752578735
        ],
        [
            0.15493741631507874,
            -0.708861231803894,
            -0.15636377036571503
        ],
        [
            0.16450592875480652,
            -0.7156215310096741,
            -0.15885290503501892
        ],
        [
            0.17078199982643127,
            -0.7295678853988647,
            -0.14683479070663452
        ],
        [
            0.17796695232391357,
            -0.7473410367965698,
            -0.13824032247066498
        ],
        [
            0.1832648366689682,
            -0.749413013458252,
            -0.14835961163043976
        ],
        [
            0.1825692355632782,
            -0.7666919231414795,
            -0.1342725306749344
        ],
        [
            0.17036974430084229,
            -0.7464380264282227,
            -0.12598241865634918
        ],
        [
            0.17815318703651428,
            -0.7703649997711182,
            -0.12695077061653137
        ],
        [
            0.1503537893295288,
            -0.7155085802078247,
            -0.1186634823679924
        ],
        [
            0.14958839118480682,
            -0.7086528539657593,
            -0.11127044260501862
        ],
        [
            0.1582164317369461,
            -0.720686674118042,
            -0.0994812622666359
        ],
        [
            0.15998105704784393,
            -0.7276656627655029,
            -0.10714423656463623
        ],
        [
            0.18724633753299713,
            -0.7522609233856201,
            -0.15867111086845398
        ],
        [
            0.20435741543769836,
            -0.8019041419029236,
            -0.1955694556236267
        ],
        [
            0.20205043256282806,
            -0.7962049245834351,
            -0.20611417293548584
        ],
        [
            0.20252005755901337,
            -0.7931774258613586,
            -0.18581435084342957
        ],
        [
            0.21428976953029633,
            -0.8627492189407349,
            -0.20889559388160706
        ],
        [
            0.21116983890533447,
            -0.8499585390090942,
            -0.2224532663822174
        ],
        [
            0.2138044685125351,
            -0.8400802612304688,
            -0.2075737714767456
        ],
        [
            0.2165236473083496,
            -0.8533201813697815,
            -0.19687968492507935
        ],
        [
            0.1954849362373352,
            -0.8895245790481567,
            -0.24041680991649628
        ],
        [
            0.19512467086315155,
            -0.8658743500709534,
            -0.2556731104850769
        ],
        [
            0.20331797003746033,
            -0.8593087792396545,
            -0.24065186083316803
        ],
        [
            0.20525644719600677,
            -0.8777644634246826,
            -0.22745142877101898
        ],
        [
            0.21613064408302307,
            -0.8611963391304016,
            -0.18591684103012085
        ],
        [
            0.213987797498703,
            -0.8722506761550903,
            -0.17066621780395508
        ],
        [
            0.21186590194702148,
            -0.8894506692886353,
            -0.17370733618736267
        ],
        [
            0.2139771580696106,
            -0.8782237768173218,
            -0.1935662031173706
        ],
        [
            0.20233021676540375,
            -0.9106972217559814,
            -0.18095222115516663
        ],
        [
            0.20524409413337708,
            -0.8976398706436157,
            -0.20477649569511414
        ],
        [
            0.17103157937526703,
            -0.7641769647598267,
            -0.11243554204702377
        ],
        [
            0.17614465951919556,
            -0.7814507484436035,
            -0.11890815943479538
        ],
        [
            0.16275618970394135,
            -0.7354687452316284,
            -0.11756035685539246
        ],
        [
            0.16680623590946198,
            -0.7505420446395874,
            -0.10562507808208466
        ],
        [
            0.18671010434627533,
            -0.927513062953949,
            -0.18852205574512482
        ],
        [
            0.19152027368545532,
            -0.9128227233886719,
            -0.21703632175922394
        ],
        [
            0.19125574827194214,
            -0.8796859979629517,
            -0.12130394577980042
        ],
        [
            0.19836606085300446,
            -0.8907288312911987,
            -0.13641034066677094
        ],
        [
            0.20449596643447876,
            -0.8710485696792603,
            -0.1417839229106903
        ],
        [
            0.19742456078529358,
            -0.8637189865112305,
            -0.12683260440826416
        ],
        [
            0.18012391030788422,
