{
    "pred_cam": [
        1.1653869152069092,
        -0.0030349250882864,
        0.16646942496299744
    ],
    "pred_smpl_params": {
        "global_orient": [
            [
                [
                    0.9775749444961548,
                    0.1913522183895111,
                    0.0879286527633667
                ],
                [
                    0.1837928146123886,
                    -0.9790791273117065,
                    0.08731724321842194
                ],
                [
                    0.10279744863510132,
                    -0.06919850409030914,
                    -0.9922924041748047
                ]
            ]
        ],
        "body_pose": [
            [
                [
                    0.9991573095321655,
                    -9.388437320012599e-05,
                    -0.04104546830058098
                ],
                [
                    0.007902218028903008,
                    0.9817298650741577,
                    0.19011572003364563
                ],
                [
                    0.040277715772390366,
                    -0.19027985632419586,
                    0.9809033274650574
                ]
            ],
            [
                [
                    0.999800443649292,
                    0.0062497626058757305,
                    -0.018973343074321747
                ],
                [
                    -0.002734680660068989,
                    0.9836779832839966,
                    0.1799171268939972
                ],
                [
                    0.019788099452853203,
                    -0.17982934415340424,
                    0.983498752117157
                ]
            ],
            [
                [
                    0.9988737106323242,
                    0.005707628559321165,
                    0.04710305109620094
                ],
                [
                    0.003610893851146102,
                    0.9807150959968567,
                    -0.19540932774543762
                ],
                [
                    -0.0473099984228611,
                    0.19535933434963226,
                    0.9795899391174316
                ]
            ],
            [
                [
                    0.9934741258621216,
                    -0.013909589499235153,
                    -0.1132064089179039
                ],
                [
                    -0.05153558775782585,
                    0.8306984901428223,
                    -0.5543320178985596
                ],
                [
                    0.1017509326338768,
                    0.5565486550331116,
                    0.8245606422424316
                ]
            ],
            [
                [
                    0.994027316570282,
                    -0.09651941806077957,
                    0.050928741693496704
                ],
                [
                    0.10775884240865707,
                    0.7942975759506226,
                    -0.5978958010673523
                ],
                [
                    0.017255984246730804,
                    0.5998127460479736,
                    0.7999542951583862
                ]
            ],
            [
                [
                    0.9984098076820374,
                    -0.008169804699718952,
                    0.055777281522750854
                ],
                [
                    0.009061331860721111,
                    0.9998349547386169,
                    -0.01574956253170967
                ],
                [
                    -0.05563940107822418,
                    0.016229934990406036,
                    0.9983190298080444
                ]
            ],
            [
                [
                    0.9824360609054565,
                    0.07515997439622879,
                    0.17079377174377441
                ],
                [
                    -0.0769226998090744,
                    0.9970301389694214,
                    0.00371699221432209
                ],
                [
                    -0.17000716924667358,
                    -0.016789618879556656,
                    0.9852998852729797
                ]
            ],
            [
                [
                    0.9854692816734314,
                    -0.048436492681503296,
                    -0.16280096769332886
                ],
                [
                    0.051132041960954666,
                    0.9986148476600647,
                    0.012405662797391415
                ],
                [
                    0.16197457909584045,
                    -0.020549746230244637,
                    0.9865809082984924
                ]
            ],
            [
                [
                    0.9990460276603699,
                    -0.017470471560955048,
                    0.04002418741583824
                ],
                [
                    0.020688623189926147,
                    0.9964621663093567,
                    -0.08145609498023987
                ],
                [
                    -0.03845951333642006,
                    0.08220642805099487,
                    0.9958730340003967
                ]
            ],
            [
                [
                    0.9847065210342407,
                    -0.17421545088291168,
                    0.0014509285101667047
                ],
                [
                    0.17100635170936584,
                    0.9680933356285095,
                    0.183172345161438
                ],
                [
                    -0.03331608697772026,
                    -0.18012286722660065,
                    0.9830797910690308
                ]
            ],
            [
                [
                    0.9894639849662781,
                    0.14367008209228516,
                    0.017886793240904808
                ],
                [
                    -0.14450159668922424,
                    0.9723530411720276,
                    0.18343617022037506
                ],
                [
                    0.008962009102106094,
                    -0.18408814072608948,
                    0.9828688502311707
                ]
            ],
            [
                [
                    0.9997156262397766,
                    -0.023429667577147484,
                    0.004441176541149616
                ],
                [
                    0.023686936125159264,
                    0.9971709847450256,
                    -0.07133664190769196
                ],
                [
                    -0.0027572191320359707,
                    0.0714215561747551,
                    0.997442364692688
                ]
            ],
            [
                [
                    0.9556261897087097,
                    0.2890695035457611,
                    0.05672122538089752
                ],
                [
                    -0.2866438627243042,
                    0.956872820854187,
                    -0.04721958562731743
                ],
                [
                    -0.06792474538087845,
                    0.02886548638343811,
                    0.9972727298736572
                ]
            ],
            [
                [
                    0.9576287865638733,
                    -0.2831477224826813,
                    0.052675314247608185
                ],
                [
                    0.2849365770816803,
                    0.9580725431442261,
                    -0.030135873705148697
                ],
                [
                    -0.04193386808037758,
                    0.04386809840798378,
                    0.9981569647789001
                ]
            ],
            [
                [
                    0.9999274611473083,
                    -0.011533071286976337,
                    0.003497322788462043
                ],
                [
                    0.012018606998026371,
                    0.9757596254348755,
                    -0.2185148149728775
                ],
                [
                    -0.0008923968416638672,
                    0.2185409665107727,
                    0.9758274555206299
                ]
            ],
            [
                [
                    0.42308109998703003,
                    0.8692100644111633,
                    -0.2558835744857788
                ],
                [
                    -0.9036718606948853,
                    0.4254019558429718,
                    -0.04909580573439598
                ],
                [
                    0.0661788061261177,
                    0.25200626254081726,
                    0.9654601812362671
                ]
            ],
            [
                [
                    0.4216921925544739,
                    -0.8365734815597534,
                    0.34974348545074463
                ],
                [
                    0.8934507966041565,
                    0.4491516649723053,
                    -0.002896290272474289
                ],
                [
                    -0.15466488897800446,
                    0.31369999051094055,
                    0.9368410110473633
                ]
            ],
            [
                [
                    0.04999139532446861,
                    -0.4309973120689392,
                    -0.9009674191474915
                ],
                [
                    0.16037024557590485,
                    0.8938539624214172,
                    -0.41869616508483887
                ],
                [
                    0.9857902526855469,
                    -0.12355713546276093,
                    0.1138041540980339
                ]
            ],
            [
                [
                    0.12645846605300903,
                    0.4119625985622406,
                    0.902383029460907
                ],
                [
                    -0.024221397936344147,
                    0.9106972217559814,
                    -0.4123639166355133
                ],
                [
                    -0.9916761517524719,
                    0.03028993308544159,
                    0.12514367699623108
                ]
            ],
            [
                [
                    0.9808821678161621,
                    -0.18987993896007538,
                    -0.04261162504553795
                ],
                [
                    0.19295397400856018,
                    0.9774118065834045,
                    0.08622586727142334
                ],
                [
                    0.02527654357254505,
                    -0.09279949963092804,
                    0.9953638911247253
                ]
            ],
            [
                [
                    0.9862634539604187,
                    0.15552091598510742,
                    0.05565592274069786
                ],
                [
                    -0.15805932879447937,
                    0.98642498254776,
                    0.04453118145465851
                ],
                [
                    -0.04797486215829849,
                    -0.052716415375471115,
                    0.997456431388855
                ]
            ],
            [
                [
                    0.9627829194068909,
                    0.25261032581329346,
                    -0.0961095541715622
                ],
                [
                    -0.23784372210502625,
                    0.9607724547386169,
                    0.14264129102230072
                ],
                [
                    0.12837208807468414,
                    -0.11447355151176453,
                    0.9850971102714539
                ]
            ],
            [
                [
                    0.9671330451965332,
                    -0.24305447936058044,
                    0.07468792051076889
                ],
                [
                    0.2307741791009903,
                    0.96236652135849,
                    0.14350612461566925
                ],
                [
                    -0.10675695538520813,
                    -0.1215534582734108,
                    0.9868271350860596
                ]
            ]
        ],
        "betas": [
            -0.060206472873687744,
            -0.13300999999046326,
            0.09310415387153625,
            0.08096915483474731,
            0.03994327783584595,
            0.06764963269233704,
            0.036302536725997925,
            -0.0855780839920044,
            0.024983301758766174,
            -0.027316391468048096
        ]
    },
    "pred_cam_t": [
        -0.0030349250882864,
        0.16646942496299744,
        33.5189094543457
    ],
    "focal_length": [
        5000.0,
        5000.0
    ],
    "pred_keypoints_3d": [
        [
            0.14196452498435974,
            -0.7323163151741028,
            -0.24887710809707642
        ],
        [
            0.09664332866668701,
            -0.7149367332458496,
            -0.06323717534542084
        ],
        [
            -0.09604428708553314,
            -0.6531096696853638,
            -0.07328230142593384
        ],
        [
            -0.1758142113685608,
            -0.42448151111602783,
            0.0008411556482315063
        ],
        [
            -0.06292524188756943,
            -0.3090258538722992,
            -0.19472508132457733
        ],
        [
            0.24930429458618164,
            -0.6146669387817383,
            0.013486979529261589
        ],
        [
            0.22456768155097961,
            -0.3875674307346344,
            0.13642294704914093
        ],
        [
            0.26295432448387146,
            -0.28459349274635315,
            -0.08555451035499573
        ],
        [
            -0.0017887444701045752,
            -0.2246142476797104,
            0.028950564563274384
        ],
        [
            -0.08615276962518692,
            -0.14865031838417053,
            0.03219817206263542
        ],
        [
            -0.191511869430542,
            0.21608972549438477,
            -0.003978516906499863
        ],
        [
            -0.21996280550956726,
            0.5313223600387573,
            0.23657217621803284
        ],
        [
            0.048538848757743835,
            -0.12261684238910675,
            0.04900749400258064
        ],
        [
            0.017389247193932533,
            0.24752314388751984,
            0.011010996997356415
        ],
        [
            -0.058511555194854736,
            0.5706794261932373,
            0.2289716899394989
        ],
        [
            0.11208935081958771,
            -0.7857722043991089,
            -0.24732187390327454
        ],
        [
            0.1771901398897171,
            -0.7803634405136108,
            -0.23464883863925934
        ],
        [
            0.0572696328163147,
            -0.8258281946182251,
            -0.16808459162712097
        ],
        [
            0.20207522809505463,
            -0.8136687278747559,
            -0.14098790287971497
        ],
        [
            -0.06993569433689117,
            0.7034959197044373,
            0.08092376589775085
        ],
        [
            -0.005404572933912277,
            0.6979411244392395,
            0.13410556316375732
        ],
        [
            -0.06054277718067169,
            0.5762943029403687,
            0.29903894662857056
        ],
        [
            -0.23357662558555603,
            0.6653198599815369,
            0.09328004717826843
        ],
        [
            -0.30460578203201294,
            0.6410268545150757,
            0.1385316252708435
        ],
        [
            -0.22224780917167664,
            0.5417159199714661,
            0.309306800365448
        ],
        [
            -0.23535165190696716,
            0.47408753633499146,
            0.2343863844871521
        ],
        [
            -0.17736534774303436,
            0.15598025918006897,
            -0.008656931109726429
        ],
        [
            -0.14164426922798157,
            -0.2847135663032532,
            0.022198647260665894
        ],
        [
            0.1436176598072052,
            -0.21476386487483978,
            0.0674065351486206
        ],
        [
            0.03451353311538696,
            0.2093944549560547,
            0.010220831260085106
        ],
        [
            -0.04285021498799324,
            0.5311672687530518,
            0.23680222034454346
        ],
        [
            -0.05426551774144173,
            -0.3459623456001282,
            -0.18403029441833496
        ],
        [
            -0.18921169638633728,
            -0.44582369923591614,
            -0.038478363305330276
        ],
        [
            -0.05598760396242142,
            -0.6757978796958923,
            -0.07317375391721725
        ],
        [
            0.2243768721818924,
            -0.6462244391441345,
            0.0012434031814336777
        ],
        [
            0.2684142589569092,
            -0.40844663977622986,
            0.1107148826122284
        ],
        [
            0.2683563530445099,
            -0.307849258184433,
            -0.07821664214134216
        ],
        [
            0.09875088185071945,
            -0.7086308598518372,
            -0.06568005681037903
        ],
        [
            0.14395925402641296,
            -0.8571224212646484,
            -0.19291812181472778
        ],
        [
            0.0018384854774922132,
            -0.24978721141815186,
            0.045131947845220566
        ],
        [
            0.08333107829093933,
            -0.6583073139190674,
            -0.03923816978931427
        ],
        [
            0.04798903688788414,
            -0.4921095371246338,
            0.019604690372943878
        ],
        [
            0.13339753448963165,
            -0.745837390422821,
            -0.17026297748088837
        ],
        [
            0.14158979058265686,
            -0.878172755241394,
            -0.19555529952049255
        ]
    ],
    "pred_vertices": [
        [
            0.19717152416706085,
            -0.8196679949760437,
            -0.2560425102710724
        ],
        [
            0.18956604599952698,
            -0.8045527935028076,
            -0.25573229789733887
        ],
        [
            0.19861291348934174,
            -0.8051095008850098,
            -0.24446263909339905
        ],
        [
            0.2046847939491272,
            -0.818318247795105,
            -0.24012765288352966
        ],
        [
            0.19355791807174683,
            -0.7947685122489929,
            -0.24540600180625916
        ],
        [
            0.18488150835037231,
            -0.7935353517532349,
            -0.2538438141345978
        ],
        [
            0.20280197262763977,
            -0.8042391538619995,
            -0.2311284840106964
        ],
        [
            0.20775514841079712,
            -0.8147685527801514,
            -0.22430762648582458
        ],
        [
            0.2003258615732193,
            -0.7785077691078186,
            -0.20248642563819885
        ],
        [
            0.20202939212322235,
            -0.778755784034729,
            -0.19125838577747345
        ],
        [
            0.2044503390789032,
            -0.7885560393333435,
            -0.19863677024841309
        ],
        [
            0.20081079006195068,
            -0.7859443426132202,
            -0.20800741016864777
        ],
        [
            0.194362074136734,
            -0.7579461932182312,
            -0.18741486966609955
        ],
        [
            0.18794509768486023,
            -0.7462886571884155,
            -0.1914314329624176
        ],
        [
            0.18707725405693054,
            -0.7431496381759644,
            -0.17833130061626434
        ],
        [
            0.19223156571388245,
            -0.7546665668487549,
            -0.17353390157222748
        ],
        [
            0.16200491786003113,
            -0.7494605779647827,
            -0.2248682826757431
        ],
        [
            0.16615863144397736,
            -0.7437644004821777,
            -0.2197834849357605
        ],
        [
            0.17098446190357208,
            -0.7496211528778076,
            -0.2215248942375183
        ],
        [
            0.16590377688407898,
            -0.7547991871833801,
            -0.2260718047618866
        ],
        [
            0.1554151177406311,
            -0.7556954026222229,
            -0.23668122291564941
        ],
        [
            0.1568603664636612,
            -0.7620086073875427,
            -0.2362355887889862
        ],
        [
            0.15359526872634888,
            -0.7632269859313965,
            -0.24337704479694366
        ],
        [
            0.15305182337760925,
            -0.7557491064071655,
            -0.2442328780889511
        ],
        [
            0.15579387545585632,
            -0.7454014420509338,
            -0.22338348627090454
        ],
        [
            0.16019845008850098,
            -0.7397735118865967,
            -0.21773295104503632
        ],
        [
            0.15857692062854767,
            -0.7539455890655518,
            -0.22979211807250977
        ],
        [
            0.1561906635761261,
            -0.7493517398834229,
            -0.230026513338089
        ],
        [
            0.1539975106716156,
            -0.7392019033432007,
            -0.236681267619133
        ],
        [
            0.15603196620941162,
            -0.7438843250274658,
            -0.23725944757461548
        ],
        [
            0.15389132499694824,
            -0.7418041229248047,
            -0.24444350600242615
        ],
        [
            0.15164059400558472,
            -0.7373914122581482,
            -0.24157747626304626
        ],
        [
            0.15510928630828857,
            -0.7429590225219727,
            -0.22773365676403046
        ],
        [
            0.15659210085868835,
            -0.7440675497055054,
            -0.2314276546239853
        ],
        [
            0.15390950441360474,
            -0.7399096488952637,
            -0.23221972584724426
        ],
        [
            0.15159228444099426,
            -0.7397648096084595,
            -0.22869010269641876
        ],
        [
            0.15449070930480957,
            -0.7507250308990479,
            -0.23713040351867676
        ],
        [
            0.1531231850385666,
            -0.7491790056228638,
            -0.2446511685848236
        ],
        [
            0.15060465037822723,
            -0.7473211884498596,
            -0.2522681951522827
        ],
        [
            0.15063424408435822,
            -0.7384753227233887,
            -0.25114697217941284
        ],
        [
            0.17343075573444366,
            -0.7345578670501709,
            -0.20517760515213013
        ],
        [
            0.17047107219696045,
            -0.7386840581893921,
            -0.21334099769592285
        ],
        [
            0.16453391313552856,
            -0.7349847555160522,
            -0.21209263801574707
        ],
        [
            0.1677352786064148,
            -0.7313541173934937,
            -0.2059038132429123
        ],
        [
            0.1516590714454651,
            -0.7387244701385498,
            -0.2239842414855957
        ],
        [
            0.15251755714416504,
            -0.7249043583869934,
            -0.21570724248886108
        ],
        [
            0.15347644686698914,
            -0.7279946804046631,
            -0.2176474928855896
        ],
        [
            0.14839540421962738,
            -0.7271947860717773,
            -0.22280487418174744
        ],
        [
            0.14811068773269653,
            -0.7243361473083496,
            -0.220710888504982
        ],
        [
            0.17411449551582336,
            -0.7264096736907959,
            -0.189541295170784
        ],
        [
            0.16909411549568176,
            -0.7237658500671387,
            -0.19409526884555817
        ],
        [
            0.16780851781368256,
            -0.7191241979598999,
            -0.18842750787734985
        ],
        [
            0.1716822236776352,
            -0.7214186191558838,
            -0.18232977390289307
        ],
        [
            0.16424806416034698,
            -0.7149028778076172,
            -0.18540993332862854
        ],
        [
            0.16839316487312317,
            -0.7164537906646729,
            -0.1761445850133896
        ],
        [
            0.15706606209278107,
            -0.7047704458236694,
            -0.17157846689224243
        ],
        [
            0.16266945004463196,
            -0.7100157141685486,
            -0.17323485016822815
        ],
        [
            0.15948882699012756,
            -0.7101648449897766,
            -0.18397265672683716
        ],
        [
            0.15382449328899384,
            -0.7046033143997192,
            -0.1854228377342224
        ],
        [
            0.14451125264167786,
            -0.705195426940918,
            -0.19745886325836182
        ],
        [
            0.1391199231147766,
            -0.7032345533370972,
            -0.20035767555236816
        ],
        [
            0.14105816185474396,
            -0.6934823393821716,
            -0.19177696108818054
        ],
        [
            0.1471044421195984,
            -0.6980295181274414,
            -0.18877336382865906
        ],
        [
            0.15049447119235992,
            -0.7220113277435303,
            -0.2091502696275711
        ],
        [
            0.15381556749343872,
            -0.7232785224914551,
            -0.20586693286895752
        ],
        [
            0.1547536849975586,
            -0.723315417766571,
            -0.20843902230262756
        ],
        [
            0.1515904664993286,
            -0.7228240370750427,
            -0.2127247005701065
        ],
        [
            0.15682163834571838,
            -0.7238595485687256,
            -0.20330503582954407
        ],
        [
            0.15821166336536407,
            -0.7239428758621216,
            -0.20214833319187164
        ],
        [
            0.15847977995872498,
            -0.724389910697937,
            -0.20383836328983307
        ],
        [
            0.15701068937778473,
            -0.7241947650909424,
            -0.20415040850639343
        ],
        [
            0.15517163276672363,
            -0.7237035036087036,
            -0.20499873161315918
        ],
        [
            0.15395104885101318,
            -0.7219165563583374,
            -0.2046714425086975
        ],
        [
            0.15593770146369934,
            -0.7229883670806885,
            -0.2035607397556305
        ],
        [
            0.15090228617191315,
            -0.7199782133102417,
            -0.20751212537288666
        ],
        [
            0.13969570398330688,
            -0.7149641513824463,
            -0.2159799337387085
        ],
        [
            0.1433274894952774,
            -0.7157046794891357,
            -0.21411362290382385
        ],
        [
            0.14251956343650818,
            -0.7200427055358887,
            -0.21574187278747559
        ],
        [
            0.13947421312332153,
            -0.7196602821350098,
            -0.21760135889053345
        ],
        [
            0.15748873353004456,
            -0.7252436876296997,
            -0.2067660093307495
        ],
        [
            0.16017425060272217,
            -0.72653728723526,
            -0.2063986212015152
        ],
        [
            0.15770059823989868,
            -0.727268397808075,
            -0.2115320861339569
        ],
        [
            0.15595459938049316,
            -0.7253309488296509,
            -0.2099914848804474
        ],
        [
            0.1631835401058197,
            -0.7280185222625732,
            -0.20650574564933777
        ],
        [
            0.16077089309692383,
            -0.7256205081939697,
            -0.20335577428340912
        ],
        [
            0.16373950242996216,
            -0.72638338804245,
            -0.20256944000720978
        ],
        [
            0.15735653042793274,
            -0.7224860787391663,
            -0.20143991708755493
        ],
        [
            0.1593729853630066,
            -0.7216544151306152,
            -0.19873318076133728
        ],
        [
            0.1606079339981079,
            -0.7233277559280396,
            -0.20070266723632812
        ],
        [
            0.15690994262695312,
            -0.7187912464141846,
            -0.1980261504650116
        ],
        [
            0.15484988689422607,
            -0.7204548120498657,
            -0.20205551385879517
        ],
        [
            0.15164333581924438,
            -0.7176584005355835,
            -0.20437729358673096
        ],
        [
            0.1475713551044464,
            -0.7147077322006226,
            -0.20764175057411194
        ],
        [
            0.1484397053718567,
            -0.7120161056518555,
            -0.2021481692790985
        ],
        [
            0.15316806733608246,
            -0.7152954936027527,
            -0.19945010542869568
        ],
        [
            0.16019463539123535,
            -0.7309367656707764,
            -0.21236653625965118
        ],
        [
            0.1642569899559021,
            -0.7234275341033936,
            -0.1977953165769577
        ],
        [
            0.16887004673480988,
            -0.7285281419754028,
            -0.20014624297618866
        ],
        [
            0.1630210131406784,
            -0.7199540734291077,
            -0.1945408433675766
        ],
        [
            0.16009676456451416,
            -0.7164773344993591,
            -0.19258935749530792
        ],
        [
            0.15559425950050354,
            -0.712616503238678,
            -0.1928578019142151
        ],
        [
            0.1502385139465332,
            -0.7085534334182739,
            -0.1950063705444336
        ],
        [
            0.13986249268054962,
            -0.6912938356399536,
            -0.17732247710227966
        ],
        [
            0.1481100618839264,
            -0.6969708800315857,
            -0.1749180555343628
        ],
        [
            0.181046724319458,
            -0.7884050011634827,
            -0.24806225299835205
        ],
        [
            0.1888613998889923,
            -0.7885087728500366,
            -0.2434171438217163
        ],
        [
            0.18696938455104828,
            -0.7843143939971924,
            -0.23520494997501373
        ],
        [
            0.18922016024589539,
            -0.786182165145874,
            -0.23577511310577393
        ],
        [
            0.18485888838768005,
            -0.7860972881317139,
            -0.24060431122779846
        ],
        [
            0.1836683750152588,
            -0.7840837240219116,
            -0.2385961264371872
        ],
        [
            0.19615477323532104,
            -0.7850900888442993,
            -0.21532362699508667
        ],
        [
            0.19255711138248444,
            -0.7845587134361267,
            -0.22128982841968536
        ],
        [
            0.1918502300977707,
            -0.7821465730667114,
            -0.21805526316165924
        ],
        [
            0.1964522898197174,
            -0.7797024846076965,
            -0.2111167013645172
        ],
        [
            0.18419596552848816,
            -0.77271568775177,
            -0.22188085317611694
        ],
        [
            0.1880759745836258,
            -0.7752100825309753,
            -0.2187718003988266
        ],
        [
            0.18620698153972626,
            -0.7796083688735962,
            -0.22525903582572937
        ],
        [
            0.18344618380069733,
            -0.7777507305145264,
            -0.22756728529930115
        ],
        [
            0.18003171682357788,
            -0.776603102684021,
            -0.2298882007598877
        ],
        [
            0.17609800398349762,
            -0.7762360572814941,
            -0.2320222556591034
        ],
        [
            0.17522132396697998,
            -0.7720558047294617,
            -0.22872675955295563
        ],
        [
            0.17967703938484192,
            -0.7718590497970581,
            -0.2254888415336609
        ],
        [
            0.1788945198059082,
            -0.7868649363517761,
            -0.24361807107925415
        ],
        [
            0.17166724801063538,
            -0.7868145704269409,
            -0.24481405317783356
        ],
        [
            0.17225420475006104,
            -0.784602165222168,
            -0.24231046438217163
        ],
        [
            0.17845016717910767,
            -0.7842879295349121,
            -0.24168407917022705
        ],
        [
            0.16024132072925568,
            -0.78252112865448,
            -0.23713424801826477
        ],
        [
            0.16211900115013123,
            -0.7839608788490295,
            -0.23901474475860596
        ],
        [
            0.15920311212539673,
            -0.784731388092041,
            -0.2415608912706375
        ],
        [
            0.1572703719139099,
            -0.7814842462539673,
            -0.23873010277748108
        ],
        [
            0.15886932611465454,
            -0.7787535190582275,
            -0.23675236105918884
        ],
        [
            0.1612270027399063,
            -0.7808014154434204,
            -0.23634299635887146
        ],
        [
            0.19216075539588928,
            -0.8394899368286133,
            -0.26707565784454346
        ],
        [
            0.18600156903266907,
            -0.8211565017700195,
            -0.2673321068286896
        ],
        [
            0.20376531779766083,
            -0.8386780023574829,
            -0.2498193085193634
        ],
        [
            0.2089543640613556,
            -0.8347451686859131,
            -0.2326641082763672
        ],
        [
            0.21217438578605652,
            -0.8270516395568848,
            -0.2160852700471878
        ],
        [
            0.18052606284618378,
            -0.7332718968391418,
            -0.18401110172271729
        ],
        [
            0.1789616495370865,
            -0.7288130521774292,
            -0.17409883439540863
        ],
        [
            0.18567022681236267,
            -0.7406035661697388,
            -0.16571660339832306
        ],
        [
            0.18094106018543243,
            -0.734364926815033,
            -0.15695220232009888
        ],
        [
            0.17439717054367065,
            -0.7222793698310852,
            -0.16619820892810822
        ],
        [
            0.1578056514263153,
            -0.7080937623977661,
            -0.1582414209842682
        ],
        [
            0.16737428307533264,
            -0.7148003578186035,
            -0.1607174575328827
        ],
        [
            0.17370375990867615,
            -0.7286122441291809,
            -0.14862275123596191
        ],
        [
            0.18095019459724426,
            -0.7462606430053711,
            -0.13991546630859375
        ],
        [
            0.1862400472164154,
            -0.748380184173584,
            -0.15001161396503448
        ],
        [
            0.18562930822372437,
            -0.7655326128005981,
            -0.13579851388931274
        ],
        [
            0.17336918413639069,
            -0.7452892065048218,
            -0.12763333320617676
        ],
        [
            0.18125462532043457,
            -0.7691344022750854,
            -0.128443643450737
        ],
        [
            0.15326431393623352,
            -0.7142876386642456,
            -0.12042409926652908
        ],
        [
            0.1524796485900879,
            -0.7072618007659912,
            -0.11304119229316711
        ],
        [
            0.16116583347320557,
            -0.7191427946090698,
            -0.10121066868305206
        ],
        [
            0.1629626601934433,
            -0.726272463798523,
            -0.10886317491531372
        ],
        [
            0.19019992649555206,
            -0.7513083219528198,
            -0.16032007336616516
        ],
        [
            0.20732854306697845,
            -0.8012118339538574,
            -0.1968311220407486
        ],
        [
            0.20496834814548492,
            -0.7955842018127441,
            -0.20741675794124603
        ],
        [
            0.20551615953445435,
            -0.7923803925514221,
            -0.18714897334575653
        ],
        [
            0.21743151545524597,
            -0.8621397018432617,
            -0.2096225917339325
        ],
        [
            0.21420788764953613,
            -0.8494536876678467,
            -0.223297119140625
        ],
        [
            0.2168693244457245,
            -0.8394292593002319,
            -0.20850424468517303
        ],
        [
            0.21965783834457397,
            -0.8525731563568115,
            -0.1976960301399231
        ],
        [
            0.19859787821769714,
            -0.8892549276351929,
            -0.24082936346530914
        ],
        [
            0.19806034862995148,
            -0.865736722946167,
            -0.2562747001647949
        ],
        [
            0.20629799365997314,
            -0.8589818477630615,
            -0.24134156107902527
        ],
        [
            0.20837676525115967,
            -0.877336859703064,
            -0.22798040509223938
        ],
        [
            0.21933917701244354,
            -0.8603601455688477,
            -0.18666060268878937
        ],
        [
            0.21728573739528656,
            -0.8712749481201172,
            -0.17128562927246094
        ],
        [
            0.21518859267234802,
            -0.888516902923584,
            -0.17413195967674255
        ],
        [
            0.21719412505626678,
            -0.877484917640686,
            -0.19412466883659363
        ],
        [
            0.20568273961544037,
            -0.9098426103591919,
            -0.1811450719833374
        ],
        [
            0.20847630500793457,
            -0.8970001935958862,
            -0.2051079273223877
        ],
        [
            0.17418773472309113,
            -0.7628325819969177,
            -0.11393780261278152
        ],
        [
            0.17933815717697144,
            -0.7801398038864136,
            -0.12029926478862762
        ],
        [
            0.16574959456920624,
            -0.7342473268508911,
            -0.11924756318330765
        ],
        [
            0.16992224752902985,
            -0.7491310834884644,
            -0.10721489042043686
        ],
        [
            0.190055713057518,
            -0.9267131090164185,
            -0.18849968910217285
        ],
        [
            0.1947740614414215,
            -0.9123286008834839,
            -0.21717551350593567
        ],
        [
            0.1947501003742218,
            -0.8783218860626221,
            -0.12180574238300323
        ],
        [
            0.20182615518569946,
            -0.8894799947738647,
            -0.13682030141353607
        ],
        [
            0.2078930288553238,
            -0.8698328137397766,
            -0.1424124389886856
        ],
        [
            0.20085890591144562,
            -0.8624013662338257,
            -0.12752312421798706
        ],
        [
            0.1837155669927597,
            -0.8947451114654541,
