{
    "pred_cam": [
        1.1594245433807373,
        -0.003031497821211815,
        0.15568417310714722
    ],
    "pred_smpl_params": {
        "global_orient": [
            [
                [
                    0.9781832098960876,
                    0.18874502182006836,
                    0.08679277449846268
                ],
                [
                    0.18131379783153534,
                    -0.9795867800712585,
                    0.0868045911192894
                ],
                [
                    0.10140498727560043,
                    -0.06917406618595123,
                    -0.9924374222755432
                ]
            ]
        ],
        "body_pose": [
            [
                [
                    0.9990143179893494,
                    0.004366611130535603,
                    -0.04417518898844719
                ],
                [
                    0.004509957041591406,
                    0.9800166487693787,
                    0.19886428117752075
                ],
                [
                    0.044160787016153336,
                    -0.19886747002601624,
                    0.979030966758728
                ]
            ],
            [
                [
                    0.9998070597648621,
                    0.009009354747831821,
                    -0.01745428331196308
                ],
                [
                    -0.005579287651926279,
                    0.9822633266448975,
                    0.18742357194423676
                ],
                [
                    0.01883326843380928,
                    -0.1872900277376175,
                    0.9821240901947021
                ]
            ],
            [
                [
                    0.9987227320671082,
                    0.005455333739519119,
                    0.05022985860705376
                ],
                [
                    0.005171764176338911,
                    0.977894127368927,
                    -0.20903658866882324
                ],
                [
                    -0.050259847193956375,
                    0.2090293914079666,
                    0.9766168594360352
                ]
            ],
            [
                [
                    0.9933189153671265,
                    -0.016791220754384995,
                    -0.11417361348867416
                ],
                [
                    -0.04684218764305115,
                    0.8455237150192261,
                    -0.5318792462348938
                ],
                [
                    0.10546737164258957,
                    0.5336738228797913,
                    0.8390881419181824
                ]
            ],
            [
                [
                    0.9945193529129028,
                    -0.09206483513116837,
                    0.04955042526125908
                ],
                [
                    0.10363233834505081,
                    0.8053003549575806,
                    -0.5837393403053284
                ],
                [
                    0.013838889077305794,
                    0.5856751799583435,
                    0.8104276657104492
                ]
            ],
            [
                [
                    0.998253583908081,
                    -0.004499564412981272,
                    0.05890320986509323
                ],
                [
                    0.005598742049187422,
                    0.9998129606246948,
                    -0.01850905455648899
                ],
                [
                    -0.05880891904234886,
                    0.018806513398885727,
                    0.9980920553207397
                ]
            ],
            [
                [
                    0.9821080565452576,
                    0.08328136801719666,
                    0.16890227794647217
                ],
                [
                    -0.08290494233369827,
                    0.9965141415596008,
                    -0.009291935712099075
                ],
                [
                    -0.16908735036849976,
                    -0.0048771514557302,
                    0.9855890274047852
                ]
            ],
            [
                [
                    0.9854100942611694,
                    -0.05371731519699097,
                    -0.16149793565273285
                ],
                [
                    0.054664693772792816,
                    0.9985037446022034,
                    0.0014254235429689288
                ],
                [
                    0.16117972135543823,
                    -0.010232862085103989,
                    0.986872136592865
                ]
            ],
            [
                [
                    0.9989915490150452,
                    -0.015500789508223534,
                    0.04213876277208328
                ],
                [
                    0.018794897943735123,
                    0.9967024922370911,
                    -0.07893595844507217
                ],
                [
                    -0.040776241570711136,
                    0.07964834570884705,
                    0.9959887266159058
                ]
            ],
            [
                [
                    0.9836076498031616,
                    -0.18031471967697144,
                    0.0016204128041863441
                ],
                [
                    0.17724967002868652,
                    0.9684616923332214,
                    0.175112783908844
                ],
                [
                    -0.033144716173410416,
                    -0.17195504903793335,
                    0.9845470786094666
                ]
            ],
            [
                [
                    0.9893820881843567,
                    0.14380763471126556,
                    0.021033691242337227
                ],
                [
                    -0.14519576728343964,
                    0.9716156125068665,
                    0.18676543235778809
                ],
                [
                    0.006421630270779133,
                    -0.18783637881278992,
                    0.9821793437004089
                ]
            ],
            [
                [
                    0.9997016787528992,
                    -0.021736131981015205,
                    0.011144861578941345
                ],
                [
                    0.02239276096224785,
                    0.9977850317955017,
                    -0.06263940781354904
                ],
                [
                    -0.00975863728672266,
                    0.06287027895450592,
                    0.9979740977287292
                ]
            ],
            [
                [
                    0.9519873261451721,
                    0.30221837759017944,
                    0.048828788101673126
                ],
                [
                    -0.30036383867263794,
                    0.9529063701629639,
                    -0.04184507206082344
                ],
                [
                    -0.05917561054229736,
                    0.025169573724269867,
                    0.9979302883148193
                ]
            ],
            [
                [
                    0.9562122821807861,
                    -0.2857949137687683,
                    0.06308133155107498
                ],
                [
                    0.2878943979740143,
                    0.9572820663452148,
                    -0.02697795070707798
                ],
                [
                    -0.05267646908760071,
                    0.043957412242889404,
                    0.9976436495780945
                ]
            ],
            [
                [
                    0.9998976588249207,
                    -0.007526822853833437,
                    0.012171393260359764
                ],
                [
                    0.00984378345310688,
                    0.9790857434272766,
                    -0.20320969820022583
                ],
                [
                    -0.010387309826910496,
                    0.20330868661403656,
                    0.979059636592865
                ]
            ],
            [
                [
                    0.4299710988998413,
                    0.8671820163726807,
                    -0.25123709440231323
                ],
                [
                    -0.9000658392906189,
                    0.43352583050727844,
                    -0.04400825500488281
                ],
                [
                    0.07075461000204086,
                    0.24505223333835602,
                    0.9669244885444641
                ]
            ],
            [
                [
                    0.4323016107082367,
                    -0.8277660608291626,
                    0.35765722393989563
                ],
                [
                    0.8864139318466187,
                    0.4628934860229492,
                    -8.567491022404283e-05
                ],
                [
                    -0.16548627614974976,
                    0.3170693814754486,
                    0.9338529706001282
                ]
            ],
            [
                [
                    0.11039495468139648,
                    -0.4177981913089752,
                    -0.9018080830574036
                ],
                [
                    0.17719294130802155,
                    0.9010909795761108,
                    -0.3957749307155609
                ],
                [
                    0.9779651165008545,
                    -0.1161024421453476,
                    0.17350679636001587
                ]
            ],
            [
                [
                    0.14188723266124725,
                    0.40471842885017395,
                    0.9033665060997009
                ],
                [
                    -0.020432893186807632,
                    0.9136024117469788,
                    -0.4060949683189392
                ],
                [
                    -0.9896719455718994,
                    0.0391613133251667,
                    0.13789808750152588
                ]
            ],
            [
                [
                    0.9820557832717896,
                    -0.18478700518608093,
                    -0.037684664130210876
                ],
                [
                    0.18747463822364807,
                    0.9782613515853882,
                    0.08864475041627884
                ],
                [
                    0.020485052838921547,
                    -0.09411901235580444,
                    0.9953501224517822
                ]
            ],
            [
                [
                    0.9869357943534851,
                    0.15218354761600494,
                    0.052895039319992065
                ],
                [
                    -0.15455769002437592,
                    0.9869982600212097,
                    0.04411810263991356
                ],
                [
                    -0.04549326002597809,
                    -0.05171706900000572,
                    0.9976250529289246
                ]
            ],
            [
                [
                    0.9630052447319031,
                    0.2510088384151459,
                    -0.09805850684642792
                ],
                [
                    -0.23586495220661163,
                    0.9610859155654907,
                    0.1438109278678894
                ],
                [
                    0.13034047186374664,
                    -0.11536210030317307,
                    0.9847349524497986
                ]
            ],
            [
                [
                    0.9673582911491394,
                    -0.241685688495636,
                    0.07619690150022507
                ],
                [
                    0.22898000478744507,
                    0.9624566435813904,
                    0.145757794380188
                ],
                [
                    -0.10856378823518753,
                    -0.12355244904756546,
                    0.9863815903663635
                ]
            ]
        ],
        "betas": [
            -0.04292882978916168,
            -0.12487456202507019,
            0.0665939450263977,
            0.06699132919311523,
            0.0333000123500824,
            0.059309933334589005,
            0.0395241379737854,
            -0.07564908266067505,
            0.018491610884666443,
            -0.023148059844970703
        ]
    },
    "pred_cam_t": [
        -0.003031497821211815,
        0.15568417310714722,
        33.6912841796875
    ],
    "focal_length": [
        5000.0,
        5000.0
    ],
    "pred_keypoints_3d": [
        [
            0.14586709439754486,
            -0.7310525178909302,
            -0.25397276878356934
        ],
        [
            0.09671498090028763,
            -0.7131712436676025,
            -0.06875989586114883
        ],
        [
            -0.09610500186681747,
            -0.650769829750061,
            -0.07977108657360077
        ],
        [
            -0.1779729276895523,
            -0.42204010486602783,
            -0.006981968879699707
        ],
        [
            -0.06071159988641739,
            -0.3021310567855835,
            -0.19776879251003265
        ],
        [
            0.2488972246646881,
            -0.6123002767562866,
            0.010409766808152199
        ],
        [
            0.2220010906457901,
            -0.38525402545928955,
            0.13382349908351898
        ],
        [
            0.2651979923248291,
            -0.26789799332618713,
            -0.08045357465744019
        ],
        [
            -0.001796034281142056,
            -0.2245132476091385,
            0.028920840471982956
        ],
        [
            -0.08591488748788834,
            -0.14833053946495056,
            0.03226735070347786
        ],
        [
            -0.19128108024597168,
            0.2166845202445984,
            -0.006963413208723068
        ],
        [
            -0.2219584733247757,
            0.5384419560432434,
            0.22565020620822906
        ],
        [
            0.04877285659313202,
            -0.12265314906835556,
            0.048856958746910095
        ],
        [
            0.0173250250518322,
            0.2476564347743988,
            0.007174458354711533
        ],
        [
            -0.057550933212041855,
            0.5794879198074341,
            0.213360995054245
        ],
        [
            0.11551260948181152,
            -0.7842891216278076,
            -0.2527487277984619
        ],
        [
            0.18037956953048706,
            -0.779294490814209,
            -0.2385106086730957
        ],
        [
            0.058334313333034515,
            -0.8233793377876282,
            -0.17456677556037903
        ],
        [
            0.20274701714515686,
            -0.8121209144592285,
            -0.14399610459804535
        ],
        [
            -0.06987972557544708,
            0.7092154026031494,
            0.06215938925743103
        ],
        [
            -0.005033116787672043,
            0.7048606872558594,
            0.11516973376274109
        ],
        [
            -0.0594911128282547,
            0.5869812369346619,
            0.28327447175979614
        ],
        [
            -0.2346864938735962,
            0.6703777313232422,
            0.08017641305923462
        ],
        [
            -0.3061577081680298,
            0.6469415426254272,
            0.1254105567932129
        ],
        [
            -0.22451144456863403,
            0.5500261187553406,
            0.2982703447341919
        ],
        [
            -0.23719504475593567,
            0.48096340894699097,
            0.2247263640165329
        ],
        [
            -0.17698779702186584,
            0.15621916949748993,
            -0.010895196348428726
        ],
        [
            -0.14176073670387268,
            -0.2843283414840698,
            0.022601259872317314
        ],
        [
            0.14360761642456055,
            -0.2150059938430786,
            0.06739740073680878
        ],
        [
            0.034400973469018936,
            0.20920638740062714,
            0.0069356877356767654
        ],
        [
            -0.042013462632894516,
            0.5401304960250854,
            0.222459614276886
        ],
        [
            -0.052079472690820694,
            -0.33912038803100586,
            -0.18769431114196777
        ],
        [
            -0.19027414917945862,
            -0.4430069029331207,
            -0.04657984524965286
        ],
        [
            -0.05616018921136856,
            -0.6736686825752258,
            -0.07957853376865387
        ],
        [
            0.22422818839550018,
            -0.644231915473938,
            -0.002297576516866684
        ],
        [
            0.26616227626800537,
            -0.40543079376220703,
            0.10795572400093079
        ],
        [
            0.2708428204059601,
            -0.2912995219230652,
            -0.07455533742904663
        ],
        [
            0.09903068840503693,
            -0.7064452171325684,
            -0.07090574502944946
        ],
        [
            0.14545834064483643,
            -0.8554760217666626,
            -0.19710560142993927
        ],
        [
            0.0017672416288405657,
            -0.24974124133586884,
            0.04534628987312317
        ],
        [
            0.08319053053855896,
            -0.6562507152557373,
            -0.04410165548324585
        ],
        [
            0.04719918966293335,
            -0.4917120337486267,
            0.017342042177915573
        ],
        [
            0.13522611558437347,
            -0.7440170645713806,
            -0.17527012526988983
        ],
        [
            0.14304666221141815,
            -0.8766050338745117,
            -0.1995912790298462
        ]
    ],
    "pred_vertices": [
        [
            0.20050227642059326,
            -0.8189236521720886,
            -0.259101539850235
        ],
        [
            0.19302207231521606,
            -0.8037346005439758,
            -0.2590864598751068
        ],
        [
            0.20176711678504944,
            -0.8042945861816406,
            -0.24759888648986816
        ],
        [
            0.20765314996242523,
            -0.8175053596496582,
            -0.24305513501167297
        ],
        [
            0.19685320556163788,
            -0.793913722038269,
            -0.2487507164478302
        ],
        [
            0.18842634558677673,
            -0.7926921844482422,
            -0.2573939263820648
        ],
        [
            0.20565101504325867,
            -0.8033725023269653,
            -0.2341763973236084
        ],
        [
            0.21037186682224274,
            -0.8138592839241028,
            -0.2271745353937149
        ],
        [
            0.20268161594867706,
            -0.7774128913879395,
            -0.20580169558525085
        ],
        [
            0.20413513481616974,
            -0.7776004672050476,
            -0.19456219673156738
        ],
        [
            0.2066238820552826,
            -0.7874999046325684,
            -0.20179632306098938
        ],
        [
            0.20323699712753296,
            -0.7849047780036926,
            -0.2112506479024887
        ],
        [
            0.19654425978660583,
            -0.7566713094711304,
            -0.19101795554161072
        ],
        [
            0.1903306096792221,
            -0.7449820637702942,
            -0.19525814056396484
        ],
        [
            0.18917517364025116,
            -0.7417448163032532,
            -0.18221083283424377
        ],
        [
            0.1941208392381668,
            -0.7532815933227539,
            -0.1772216409444809
        ],
        [
            0.1651868373155594,
            -0.7481706142425537,
            -0.22932296991348267
        ],
        [
            0.1692495346069336,
            -0.7424758672714233,
            -0.22416764497756958
        ],
        [
            0.17406830191612244,
            -0.748397707939148,
            -0.22573885321617126
        ],
        [
            0.16906872391700745,
            -0.753565788269043,
            -0.23038077354431152
        ],
        [
            0.15884104371070862,
            -0.7544528841972351,
            -0.24125739932060242
        ],
        [
            0.16023270785808563,
            -0.7607831954956055,
            -0.24072113633155823
        ],
        [
            0.15713831782341003,
            -0.7620189189910889,
            -0.24794480204582214
        ],
        [
            0.15666523575782776,
            -0.7545342445373535,
            -0.24887444078922272
        ],
        [
            0.15897248685359955,
            -0.7440309524536133,
            -0.22804898023605347
        ],
        [
            0.1632751226425171,
            -0.738388180732727,
            -0.2223213165998459
        ],
        [
            0.16184476017951965,
            -0.7526702880859375,
            -0.23430509865283966
        ],
        [
            0.15949922800064087,
            -0.7480576634407043,
            -0.23463988304138184
        ],
        [
            0.15754082798957825,
            -0.7379286289215088,
            -0.2414391189813614
        ],
        [
            0.1595601588487625,
            -0.7426376342773438,
            -0.24193021655082703
        ],
        [
            0.15761618316173553,
            -0.740588366985321,
            -0.24918341636657715
        ],
        [
            0.1553250253200531,
            -0.736136257648468,
            -0.24640853703022003
        ],
        [
            0.1584184318780899,
            -0.7416305541992188,
            -0.23243170976638794
        ],
        [
            0.1599770486354828,
            -0.7427879571914673,
            -0.23607811331748962
        ],
        [
            0.15734761953353882,
            -0.73860764503479,
            -0.23697105050086975
        ],
        [
            0.15494947135448456,
            -0.7384042739868164,
            -0.23350563645362854
        ],
        [
            0.15797463059425354,
            -0.7494753003120422,
            -0.24177852272987366
        ],
        [
            0.15680167078971863,
            -0.7479639053344727,
            -0.24935007095336914
        ],
        [
            0.1544831395149231,
            -0.7461318969726562,
            -0.2570474445819855
        ],
        [
            0.15453727543354034,
            -0.7372801303863525,
            -0.2559888958930969
        ],
        [
            0.17622964084148407,
            -0.7332156300544739,
            -0.2094467580318451
        ],
        [
            0.17344433069229126,
            -0.7373844981193542,
            -0.21765267848968506
        ],
        [
            0.16751086711883545,
            -0.7335920333862305,
            -0.21659916639328003
        ],
        [
            0.170588880777359,
            -0.7299385666847229,
            -0.2103530466556549
        ],
        [
            0.15491412580013275,
            -0.7373199462890625,
            -0.22880379855632782
        ],
        [
            0.15565785765647888,
            -0.7234240770339966,
            -0.22058576345443726
        ],
        [
            0.15664571523666382,
            -0.7265437245368958,
            -0.2224886268377304
        ],
        [
            0.15169715881347656,
            -0.7257372140884399,
            -0.2277837097644806
        ],
        [
            0.15137475728988647,
            -0.7228538393974304,
            -0.22570785880088806
        ],
        [
            0.1765986680984497,
            -0.7249431610107422,
            -0.19385361671447754
        ],
        [
            0.17171837389469147,
            -0.7222691774368286,
            -0.19855445623397827
        ],
        [
            0.17032894492149353,
            -0.7175713777542114,
            -0.19294625520706177
        ],
        [
            0.17402568459510803,
            -0.7198675870895386,
            -0.1867414116859436
        ],
        [
            0.16671167314052582,
            -0.7132691740989685,
            -0.1900467574596405
        ],
        [
            0.1706133633852005,
            -0.7148054838180542,
            -0.18067534267902374
        ],
        [
            0.15923650562763214,
            -0.7029708623886108,
            -0.17642532289028168
        ],
        [
            0.16485252976417542,
            -0.7082833051681519,
            -0.17793241143226624
        ],
        [
            0.16194912791252136,
            -0.708464503288269,
            -0.18875256180763245
        ],
        [
            0.15635207295417786,
            -0.7028523683547974,
            -0.19036446511745453
        ],
        [
            0.1473560631275177,
            -0.7034700512886047,
            -0.20263603329658508
        ],
        [
            0.14203782379627228,
            -0.7014740705490112,
            -0.20569482445716858
        ],
        [
            0.14383086562156677,
            -0.6916568279266357,
            -0.1970994621515274
        ],
        [
            0.1497601419687271,
            -0.696234941482544,
            -0.19391664862632751
        ],
        [
            0.1534932255744934,
            -0.7204456925392151,
            -0.21409520506858826
        ],
        [
            0.1567295640707016,
            -0.7217159867286682,
            -0.21071922779083252
        ],
        [
            0.1577337682247162,
            -0.7217808961868286,
            -0.21327102184295654
        ],
        [
            0.1546749770641327,
            -0.7212984561920166,
            -0.21763944625854492
        ],
        [
            0.15968284010887146,
            -0.7222974300384521,
            -0.20807969570159912
        ],
        [
            0.16104544699192047,
            -0.7223846912384033,
            -0.20688998699188232
        ],
        [
            0.16135016083717346,
            -0.7228468656539917,
            -0.2085718810558319
        ],
        [
            0.15989628434181213,
            -0.7226476073265076,
            -0.2089208960533142
        ],
        [
            0.15807665884494781,
            -0.7221475839614868,
            -0.20981550216674805
        ],
        [
            0.1568513661623001,
            -0.7203521728515625,
            -0.2095249593257904
        ],
        [
            0.1588057428598404,
            -0.7214224338531494,
            -0.2083604782819748
        ],
        [
            0.15388038754463196,
            -0.7184063196182251,
            -0.2124524861574173
        ],
        [
            0.1429048329591751,
            -0.713361382484436,
            -0.22124934196472168
        ],
        [
            0.1464894562959671,
            -0.7141078114509583,
            -0.21928340196609497
        ],
        [
            0.14568747580051422,
            -0.718463659286499,
            -0.2209046483039856
        ],
        [
            0.14268645644187927,
            -0.718079686164856,
            -0.22284294664859772
        ],
        [
            0.1604279726743698,
            -0.7237317562103271,
            -0.2115183025598526
        ],
        [
            0.16308623552322388,
            -0.7250344157218933,
            -0.21107980608940125
        ],
        [
            0.16072793304920197,
            -0.7257899045944214,
            -0.21627366542816162
        ],
        [
            0.1589571088552475,
            -0.7238210439682007,
            -0.214785635471344
        ],
        [
            0.1660919338464737,
            -0.7265526056289673,
            -0.2111002802848816
        ],
        [
            0.16362102329730988,
            -0.7240991592407227,
            -0.20802506804466248
        ],
        [
            0.1665627360343933,
            -0.724889874458313,
            -0.20715638995170593
        ],
        [
            0.16018232703208923,
            -0.7209173440933228,
            -0.20620836317539215
        ],
        [
            0.16214238107204437,
            -0.7200826406478882,
            -0.20345842838287354
        ],
        [
            0.16341453790664673,
            -0.7217796444892883,
            -0.20538902282714844
        ],
        [
            0.15967249870300293,
            -0.7171962261199951,
            -0.20282059907913208
        ],
        [
            0.15769106149673462,
            -0.7188747525215149,
            -0.20688989758491516
        ],
        [
            0.1545540988445282,
            -0.7160659432411194,
            -0.2093048244714737
        ],
        [
            0.15058273077011108,
            -0.7131026983261108,
            -0.2126917839050293
        ],
        [
            0.15133965015411377,
            -0.7103744745254517,
            -0.20718485116958618
        ],
        [
            0.15597684681415558,
            -0.7136822938919067,
            -0.2043490707874298
        ],
        [
            0.1632131040096283,
            -0.729503870010376,
            -0.21701854467391968
        ],
        [
            0.1669890582561493,
            -0.7218964099884033,
            -0.20238876342773438
        ],
        [
            0.1716076135635376,
            -0.7270716428756714,
            -0.204584002494812
        ],
        [
            0.1657005250453949,
            -0.7183858156204224,
            -0.1991860419511795
        ],
        [
            0.16274841129779816,
            -0.7148677706718445,
            -0.19732360541820526
        ],
        [
            0.1582525372505188,
            -0.7109488248825073,
            -0.1977168619632721
        ],
        [
            0.15299448370933533,
            -0.7068672180175781,
            -0.20001423358917236
        ],
        [
            0.1422753632068634,
            -0.6893871426582336,
            -0.18264499306678772
        ],
        [
            0.15040750801563263,
            -0.6951091289520264,
            -0.18001094460487366
        ],
        [
            0.18448857963085175,
            -0.7874926328659058,
            -0.2517459988594055
        ],
        [
            0.19218435883522034,
            -0.7876279354095459,
            -0.2469083070755005
        ],
        [
            0.19012925028800964,
            -0.7833517789840698,
            -0.2387838065624237
        ],
        [
            0.19237084686756134,
            -0.7852354049682617,
            -0.23928871750831604
        ],
        [
            0.1881294846534729,
            -0.7851704359054565,
            -0.244215190410614
        ],
        [
            0.1869136095046997,
            -0.7831119298934937,
            -0.24225375056266785
        ],
        [
            0.19880540668964386,
            -0.7840601205825806,
            -0.2186809480190277
        ],
        [
            0.1953744888305664,
            -0.7835357189178467,
            -0.22473901510238647
        ],
        [
            0.19459408521652222,
            -0.7810897827148438,
            -0.22153475880622864
        ],
        [
            0.19902800023555756,
            -0.7786363959312439,
            -0.2145005762577057
        ],
        [
            0.1871095895767212,
            -0.771622896194458,
            -0.22560453414916992
        ],
        [
            0.1908866912126541,
            -0.774127185344696,
            -0.2223784476518631
        ],
        [
            0.18916364014148712,
            -0.7785533666610718,
            -0.22889789938926697
        ],
        [
            0.18647661805152893,
            -0.7766910791397095,
            -0.23128679394721985
        ],
        [
            0.18312248587608337,
            -0.7755434513092041,
            -0.2336912751197815
        ],
        [
            0.17924396693706512,
            -0.77515709400177,
            -0.23592260479927063
        ],
        [
            0.1783260703086853,
            -0.7709519863128662,
            -0.2326764613389969
        ],
        [
            0.1826973557472229,
            -0.7707667350769043,
            -0.22933146357536316
        ],
        [
            0.18225008249282837,
            -0.7859081029891968,
            -0.24737676978111267
        ],
        [
            0.17505139112472534,
            -0.7857925891876221,
            -0.2487439662218094
        ],
        [
            0.1755983531475067,
            -0.7835708260536194,
            -0.24624694883823395
        ],
        [
            0.18177807331085205,
            -0.7833008766174316,
            -0.24546949565410614
        ],
        [
            0.16347356140613556,
            -0.7813557386398315,
            -0.24137097597122192
        ],
        [
            0.16538235545158386,
            -0.7828220129013062,
            -0.24319976568222046
        ],
        [
            0.16252604126930237,
            -0.7835806608200073,
            -0.24581462144851685
        ],
        [
            0.160557359457016,
            -0.7803016304969788,
            -0.2430519163608551
        ],
        [
            0.16213306784629822,
            -0.7775713205337524,
            -0.24105298519134521
        ],
        [
            0.16445642709732056,
            -0.7796373963356018,
            -0.2405683994293213
        ],
        [
            0.19561032950878143,
            -0.8387470245361328,
            -0.2701267600059509
        ],
        [
            0.18956534564495087,
            -0.8204353451728821,
            -0.27063995599746704
        ],
        [
            0.20677706599235535,
            -0.8379288911819458,
            -0.2526308596134186
        ],
        [
            0.21160888671875,
            -0.8339282870292664,
            -0.23537728190422058
        ],
        [
            0.21452350914478302,
            -0.8261212706565857,
            -0.21878504753112793
        ],
        [
            0.1828298270702362,
            -0.7318378686904907,
            -0.18811753392219543
        ],
        [
            0.18104729056358337,
            -0.7272939682006836,
            -0.17827938497066498
        ],
        [
            0.18746614456176758,
            -0.7391006946563721,
            -0.16966396570205688
        ],
        [
            0.18257082998752594,
            -0.7327576875686646,
            -0.16105584800243378
        ],
        [
            0.17632737755775452,
            -0.7206454277038574,
            -0.1705414205789566
        ],
        [
            0.15959374606609344,
            -0.7062549591064453,
            -0.16304905712604523
        ],
        [
            0.1692122370004654,
            -0.7130546569824219,
            -0.16527780890464783
        ],
        [
            0.17516595125198364,
            -0.7268767952919006,
            -0.15294334292411804
        ],
        [
            0.18208244442939758,
            -0.7445756196975708,
            -0.14397035539150238
        ],
        [
            0.1875949203968048,
            -0.7467958927154541,
            -0.15390530228614807
        ],
        [
            0.18652866780757904,
            -0.7638766765594482,
            -0.1396447718143463
        ],
        [
            0.17420706152915955,
            -0.7434999942779541,
            -0.13189707696437836
        ],
        [
            0.18196052312850952,
            -0.7674386501312256,
            -0.13240885734558105
        ],
        [
            0.1540495753288269,
            -0.7122923135757446,
            -0.1251257210969925
        ],
        [
            0.1531728208065033,
            -0.7052131295204163,
            -0.11772022396326065
        ],
        [
            0.16175620257854462,
            -0.7171458005905151,
            -0.10579797625541687
        ],
        [
            0.16357724368572235,
            -0.7243143320083618,
            -0.11341040581464767
        ],
        [
            0.19179609417915344,
            -0.749822735786438,
            -0.16409710049629211
        ],
        [
            0.2094043493270874,
            -0.8000940084457397,
            -0.1998676061630249
        ],
        [
            0.20731452107429504,
            -0.7945698499679565,
            -0.21051575243473053
        ],
        [
            0.2074020653963089,
            -0.7912009954452515,
            -0.19027331471443176
        ],
        [
            0.2192956507205963,
            -0.8611565828323364,
            -0.21199268102645874
        ],
        [
            0.21654625236988068,
            -0.8485773801803589,
            -0.22578969597816467
        ],
        [
            0.21891209483146667,
            -0.8384747505187988,
            -0.21103203296661377
        ],
        [
            0.22133868932724,
            -0.8515466451644897,
            -0.2000836431980133
        ],
        [
            0.2010076642036438,
            -0.8883249759674072,
            -0.24341928958892822
        ],
        [
            0.20106792449951172,
            -0.8649234771728516,
            -0.25907060503959656
        ],
        [
            0.20900093019008636,
            -0.858176052570343,
            -0.2439892739057541
        ],
        [
            0.21058574318885803,
            -0.8764133453369141,
            -0.230459526181221
        ],
        [
            0.22071042656898499,
            -0.859257698059082,
            -0.18898770213127136
        ],
        [
            0.21817071735858917,
            -0.8700466156005859,
            -0.17364630103111267
        ],
        [
            0.21598514914512634,
            -0.8872576951980591,
            -0.17644497752189636
        ],
        [
            0.2185809314250946,
            -0.8763798475265503,
            -0.1964116394519806
        ],
        [
            0.20648431777954102,
            -0.9085777997970581,
            -0.18354719877243042
        ],
        [
            0.2099650800228119,
            -0.8959154486656189,
            -0.2074981927871704
        ],
        [
            0.17469602823257446,
            -0.7610309720039368,
            -0.11811676621437073
        ],
        [
            0.17983375489711761,
            -0.7783738374710083,
            -0.12423501908779144
        ],
        [
            0.16644777357578278,
            -0.7323648929595947,
            -0.12373240292072296
        ],
        [
            0.1704220473766327,
            -0.7472476363182068,
            -0.1115729957818985
        ],
        [
            0.19095249474048615,
            -0.9254062175750732,
            -0.19113671779632568
        ],
        [
            0.1964177042245865,
            -0.9112207293510437,
            -0.21977341175079346
        ],
        [
            0.19443005323410034,
            -0.8766384124755859,
            -0.12471157312393188
        ],
        [
            0.20175865292549133,
            -0.8879239559173584,
            -0.139445960521698
        ],
        [
            0.20811402797698975,
            -0.868364155292511,
            -0.14499378204345703
        ],
        [
            0.20079582929611206,
            -0.8607869148254395,
            -0.13034649193286896
        ],
        [
            0.18307796120643616,
            -0.8929286003112793,
