{
    "pred_cam": [
        1.1617074012756348,
        -0.00538739375770092,
        0.16215720772743225
    ],
    "pred_smpl_params": {
        "global_orient": [
            [
                [
                    0.9778819680213928,
                    0.18764880299568176,
                    0.09238358587026596
                ],
                [
                    0.179273784160614,
                    -0.9794949889183044,
                    0.0919259712100029
                ],
                [
                    0.10773906856775284,
                    -0.07333079725503922,
                    -0.991470992565155
                ]
            ]
        ],
        "body_pose": [
            [
                [
                    0.9991087913513184,
                    0.005023552570492029,
                    -0.041911058127880096
                ],
                [
                    0.0029171432834118605,
                    0.9823018312454224,
                    0.18728211522102356
                ],
                [
                    0.042110130190849304,
                    -0.1872374415397644,
                    0.9814117550849915
                ]
            ],
            [
                [
                    0.9998244643211365,
                    0.007938341237604618,
                    -0.016968505457043648
                ],
                [
                    -0.004640786908566952,
                    0.9825018644332886,
                    0.18619495630264282
                ],
                [
                    0.018149664625525475,
                    -0.18608354032039642,
                    0.9823662638664246
                ]
            ],
            [
                [
                    0.9987528324127197,
                    0.004005409311503172,
                    0.04976709559559822
                ],
                [
                    0.006026802118867636,
                    0.9798165559768677,
                    -0.19980770349502563
                ],
                [
                    -0.04956294223666191,
                    0.19985844194889069,
                    0.9785704016685486
                ]
            ],
            [
                [
                    0.993247926235199,
                    -0.019129740074276924,
                    -0.11442340165376663
                ],
                [
                    -0.04671856760978699,
                    0.8368436098098755,
                    -0.5454449653625488
                ],
                [
                    0.10618867725133896,
                    0.5471076965332031,
                    0.830299437046051
                ]
            ],
            [
                [
                    0.9940096139907837,
                    -0.09634406864643097,
                    0.05160202085971832
                ],
                [
                    0.10805518925189972,
                    0.7954611778259277,
                    -0.5962932705879211
                ],
                [
                    0.016401905566453934,
                    0.5982970595359802,
                    0.8011065125465393
                ]
            ],
            [
                [
                    0.9982292056083679,
                    -0.004967086482793093,
                    0.05927770584821701
                ],
                [
                    0.005910829640924931,
                    0.9998583793640137,
                    -0.015756014734506607
                ],
                [
                    -0.05919105187058449,
                    0.016078494489192963,
                    0.998117208480835
                ]
            ],
            [
                [
                    0.9820718765258789,
                    0.07887624949216843,
                    0.17121191322803497
                ],
                [
                    -0.08011244982481003,
                    0.9967857599258423,
                    0.00031199981458485126
                ],
                [
                    -0.17063699662685394,
                    -0.014022605493664742,
                    0.985234260559082
                ]
            ],
            [
                [
                    0.9857792854309082,
                    -0.046989649534225464,
                    -0.16134174168109894
                ],
                [
                    0.04907944053411484,
                    0.9987543821334839,
                    0.008989498019218445
                ],
                [
                    0.1607183814048767,
                    -0.016780225560069084,
                    0.9868575930595398
                ]
            ],
            [
                [
                    0.9989513754844666,
                    -0.015005933120846748,
                    0.043255798518657684
                ],
                [
                    0.018475055694580078,
                    0.9965468645095825,
                    -0.08094999194145203
                ],
                [
                    -0.04189170524477959,
                    0.08166425675153732,
                    0.9957790970802307
                ]
            ],
            [
                [
                    0.9840921759605408,
                    -0.1776355803012848,
                    -0.0028589668218046427
                ],
                [
                    0.1753643900156021,
                    0.9686804413795471,
                    0.17579936981201172
                ],
                [
                    -0.028458798304200172,
                    -0.17350414395332336,
                    0.9844217896461487
                ]
            ],
            [
                [
                    0.9899529814720154,
                    0.14037993550300598,
                    0.01692591980099678
                ],
                [
                    -0.14103446900844574,
                    0.9717552065849304,
                    0.1892116218805313
                ],
                [
                    0.010113662108778954,
                    -0.1896977722644806,
                    0.9817903637886047
                ]
            ],
            [
                [
                    0.9997287392616272,
                    -0.01859940029680729,
                    0.01402030885219574
                ],
                [
                    0.019444450736045837,
                    0.9978389143943787,
                    -0.06276454776525497
                ],
                [
                    -0.012822628021240234,
                    0.06302013248205185,
                    0.9979298710823059
                ]
            ],
            [
                [
                    0.952471137046814,
                    0.29932284355163574,
                    0.05661000311374664
                ],
                [
                    -0.2973095178604126,
                    0.9538852572441101,
                    -0.04135192185640335
                ],
                [
                    -0.06637702137231827,
                    0.022555816918611526,
                    0.9975396990776062
                ]
            ],
            [
                [
                    0.9560560584068298,
                    -0.288748562335968,
                    0.05080503225326538
                ],
                [
                    0.2904733419418335,
                    0.9563961029052734,
                    -0.030524078756570816
                ],
                [
                    -0.03977595269680023,
                    0.043940234929323196,
                    0.9982420206069946
                ]
            ],
            [
                [
                    0.9999123811721802,
                    -0.008019820787012577,
                    0.010531964711844921
                ],
                [
                    0.010055028833448887,
                    0.9776042699813843,
                    -0.21021124720573425
                ],
                [
                    -0.008610237389802933,
                    0.21029873192310333,
                    0.9775992631912231
                ]
            ],
            [
                [
                    0.4275558590888977,
                    0.8670721054077148,
                    -0.2556990385055542
                ],
                [
                    -0.9013167023658752,
                    0.43061599135398865,
                    -0.04688388109207153
                ],
                [
                    0.06945638358592987,
                    0.2505112886428833,
                    0.9656189680099487
                ]
            ],
            [
                [
                    0.4282192885875702,
                    -0.8328080177307129,
                    0.350797563791275
                ],
                [
                    0.889820396900177,
                    0.4563014805316925,
                    -0.0029267328791320324
                ],
                [
                    -0.15763205289840698,
                    0.31340011954307556,
                    0.9364466667175293
                ]
            ],
            [
                [
                    0.0914832279086113,
                    -0.4220145642757416,
                    -0.9019615054130554
                ],
                [
                    0.17095765471458435,
                    0.8989679217338562,
                    -0.4032742381095886
                ],
                [
                    0.9810221195220947,
                    -0.11730437725782394,
                    0.15438710153102875
                ]
            ],
            [
                [
                    0.12901121377944946,
                    0.41078341007232666,
                    0.902559220790863
                ],
                [
                    -0.03044590726494789,
                    0.9113770723342896,
                    -0.4104447662830353
                ],
                [
                    -0.9911755919456482,
                    0.025472726672887802,
                    0.13008452951908112
                ]
            ],
            [
                [
                    0.9821618795394897,
                    -0.18397118151187897,
                    -0.03889349848031998
                ],
                [
                    0.186750590801239,
                    0.9785038232803345,
                    0.0874897912144661
                ],
                [
                    0.021961836144328117,
                    -0.09319251775741577,
                    0.9954058527946472
                ]
            ],
            [
                [
                    0.9868878722190857,
                    0.15272289514541626,
                    0.05223054811358452
                ],
                [
                    -0.15514667332172394,
                    0.9868201613426208,
                    0.045995183289051056
                ],
                [
                    -0.0445176400244236,
                    -0.053495485335588455,
                    0.9975752830505371
                ]
            ],
            [
                [
                    0.9631146788597107,
                    0.250386118888855,
                    -0.09857436269521713
                ],
                [
                    -0.23553165793418884,
                    0.9615576863288879,
                    0.14117968082427979
                ],
                [
                    0.13013435900211334,
                    -0.11275484412908554,
                    0.9850641489028931
                ]
            ],
            [
                [
                    0.9674067497253418,
                    -0.24270838499069214,
                    0.07222667336463928
                ],
                [
                    0.2306130826473236,
                    0.9622365832328796,
                    0.14463162422180176
                ],
                [
                    -0.10460247099399567,
                    -0.1232612133026123,
                    0.9868459105491638
                ]
            ]
        ],
        "betas": [
            -0.047388821840286255,
            -0.12131494283676147,
            0.0865585207939148,
            0.08432039618492126,
            0.03562551736831665,
            0.06248835101723671,
            0.03773540258407593,
            -0.07858934998512268,
            0.02305401861667633,
            -0.027117758989334106
        ]
    },
    "pred_cam_t": [
        -0.00538739375770092,
        0.16215720772743225,
        33.62507629394531
    ],
    "focal_length": [
        5000.0,
        5000.0
    ],
    "pred_keypoints_3d": [
        [
            0.14678946137428284,
            -0.7326289415359497,
            -0.2517380118370056
        ],
        [
            0.09573794901371002,
            -0.7146099805831909,
            -0.06712806224822998
        ],
        [
            -0.09690229594707489,
            -0.6516432166099548,
            -0.07868920266628265
        ],
        [
            -0.1773225963115692,
            -0.4231998324394226,
            -0.00394526869058609
        ],
        [
            -0.06312140077352524,
            -0.306061327457428,
            -0.19808092713356018
        ],
        [
            0.24746839702129364,
            -0.6145768165588379,
            0.013310374692082405
        ],
        [
            0.22061631083488464,
            -0.3872475028038025,
            0.1358964592218399
        ],
        [
            0.2651700973510742,
            -0.2748289704322815,
            -0.08056937158107758
        ],
        [
            -0.0018032724037766457,
            -0.22471189498901367,
            0.02888253703713417
        ],
        [
            -0.08580610901117325,
            -0.14840379357337952,
            0.03219782933592796
        ],
        [
            -0.19001063704490662,
            0.21694937348365784,
            -0.005193542689085007
        ],
        [
            -0.2194051593542099,
            0.5333421230316162,
            0.23442481458187103
        ],
        [
            0.048780523240566254,
            -0.12302561849355698,
            0.04966267943382263
        ],
        [
            0.017317619174718857,
            0.2477271854877472,
            0.014179326593875885
        ],
        [
            -0.05769314989447594,
            0.5724384784698486,
            0.230916827917099
        ],
        [
            0.11640982329845428,
            -0.785862922668457,
            -0.25093454122543335
        ],
        [
            0.1811230182647705,
            -0.780945897102356,
            -0.2360740602016449
        ],
        [
            0.058498091995716095,
            -0.8250834941864014,
            -0.17335838079452515
        ],
        [
            0.20252537727355957,
            -0.8139957785606384,
            -0.1414603739976883
        ],
        [
            -0.06913115829229355,
            0.705553412437439,
            0.08287057280540466
        ],
        [
            -0.004362739622592926,
            0.6998559236526489,
            0.1358870267868042
        ],
        [
            -0.05976014584302902,
            0.5781086683273315,
            0.3009730577468872
        ],
        [
            -0.23133248090744019,
            0.6673560738563538,
            0.09086713194847107
        ],
        [
            -0.30287522077560425,
            0.6433544158935547,
            0.1355152130126953
        ],
        [
            -0.22233349084854126,
            0.5437575578689575,
            0.3071923553943634
        ],
        [
            -0.23497407138347626,
            0.47602856159210205,
            0.23224982619285583
        ],
        [
            -0.17591361701488495,
            0.15668132901191711,
            -0.009690718725323677
        ],
        [
            -0.14173126220703125,
            -0.28422796726226807,
            0.02139412611722946
        ],
        [
            0.14340490102767944,
            -0.21562105417251587,
            0.06792041659355164
        ],
        [
            0.03444244712591171,
            0.20939013361930847,
            0.013261036947369576
        ],
        [
            -0.042181000113487244,
            0.5328147411346436,
            0.2388302981853485
        ],
        [
            -0.05447041243314743,
            -0.3430195748806,
            -0.18769216537475586
        ],
        [
            -0.19032008945941925,
            -0.44430673122406006,
            -0.04340825974941254
        ],
        [
            -0.05686773359775543,
            -0.6746279001235962,
            -0.0784643143415451
        ],
        [
            0.22273379564285278,
            -0.6462274789810181,
            0.00035068951547145844
        ],
        [
            0.2649674415588379,
            -0.40789374709129333,
            0.11062328517436981
        ],
        [
            0.27054157853126526,
            -0.2982133626937866,
            -0.07409702241420746
        ],
        [
            0.09790679067373276,
            -0.7080300450325012,
            -0.06894862651824951
        ],
        [
            0.1457958072423935,
            -0.8571921586990356,
            -0.19516544044017792
        ],
        [
            0.0016850370448082685,
            -0.24999499320983887,
            0.044988468289375305
        ],
        [
            0.08211147040128708,
            -0.657712996006012,
            -0.04230370372533798
        ],
        [
            0.04662477225065231,
            -0.49233871698379517,
            0.01742708683013916
        ],
        [
            0.1354043036699295,
            -0.7457770705223083,
            -0.17319248616695404
        ],
        [
            0.1433723419904709,
            -0.8782839775085449,
            -0.1977381855249405
        ]
    ],
    "pred_vertices": [
        [
            0.2014283984899521,
            -0.8204776048660278,
            -0.25660112500190735
        ],
        [
            0.19394530355930328,
            -0.8053127527236938,
            -0.25660568475723267
        ],
        [
            0.20258191227912903,
            -0.8058972358703613,
            -0.24504156410694122
        ],
        [
            0.20842158794403076,
            -0.8191176056861877,
            -0.2404700070619583
        ],
        [
            0.19767871499061584,
            -0.7955231666564941,
            -0.24620842933654785
        ],
        [
            0.18932394683361053,
            -0.7942651510238647,
            -0.2549285888671875
        ],
        [
            0.2063320428133011,
            -0.8050097227096558,
            -0.23157693445682526
        ],
        [
            0.2109827995300293,
            -0.8155263662338257,
            -0.22454558312892914
        ],
        [
            0.20313003659248352,
            -0.7791298031806946,
            -0.20315754413604736
        ],
        [
            0.20446504652500153,
            -0.7793433666229248,
            -0.19189441204071045
        ],
        [
            0.20701058208942413,
            -0.7892160415649414,
            -0.19913524389266968
        ],
        [
            0.20371991395950317,
            -0.7865977883338928,
            -0.20862090587615967
        ],
        [
            0.19684943556785583,
            -0.7584280967712402,
            -0.1883796602487564
        ],
        [
            0.190677672624588,
            -0.7467304468154907,
            -0.19265148043632507
        ],
        [
            0.18940475583076477,
            -0.7435177564620972,
            -0.17960798740386963
        ],
        [
            0.1942971795797348,
            -0.7550623416900635,
            -0.17459812760353088
        ],
        [
            0.16586583852767944,
            -0.7498440742492676,
            -0.22694794833660126
        ],
        [
            0.16988025605678558,
            -0.7441629767417908,
            -0.22174027562141418
        ],
        [
            0.17470985651016235,
            -0.750076413154602,
            -0.22328510880470276
        ],
        [
            0.16975216567516327,
            -0.755230724811554,
            -0.22798757255077362
        ],
        [
            0.1596246361732483,
            -0.7560786604881287,
            -0.2389673888683319
        ],
        [
            0.1610003262758255,
            -0.7624083757400513,
            -0.2384362518787384
        ],
        [
            0.15797600150108337,
            -0.7636264562606812,
            -0.2456914782524109
        ],
        [
            0.15752315521240234,
            -0.7561404705047607,
            -0.24660596251487732
        ],
        [
            0.15964530408382416,
            -0.7457114458084106,
            -0.22571390867233276
        ],
        [
            0.16389302909374237,
            -0.7400907874107361,
            -0.21993066370487213
        ],
        [
            0.16257095336914062,
            -0.7543261051177979,
            -0.23197436332702637
        ],
        [
            0.16022555530071259,
            -0.7497053146362305,
            -0.23232117295265198
        ],
        [
            0.15834558010101318,
            -0.7395585775375366,
            -0.23911112546920776
        ],
        [
            0.16036418080329895,
            -0.7442646622657776,
            -0.2395966351032257
        ],
        [
            0.15848970413208008,
            -0.7421932220458984,
            -0.24686512351036072
        ],
        [
            0.15617786347866058,
            -0.7377476692199707,
            -0.2440972924232483
        ],
        [
            0.15912753343582153,
            -0.7432840466499329,
            -0.23010392487049103
        ],
        [
            0.1607232391834259,
            -0.7444278001785278,
            -0.23374244570732117
        ],
        [
            0.15810498595237732,
            -0.740246593952179,
            -0.23464718461036682
        ],
        [
            0.1556716412305832,
            -0.740058422088623,
            -0.2311984747648239
        ],
        [
            0.15876764059066772,
            -0.7510983943939209,
            -0.2394820600748062
        ],
        [
            0.15766963362693787,
            -0.74956876039505,
            -0.24706068634986877
        ],
        [
            0.15542832016944885,
            -0.7477182149887085,
            -0.2547767758369446
        ],
        [
            0.1554795801639557,
            -0.7388635873794556,
            -0.25369197130203247
        ],
        [
            0.1767248660326004,
            -0.7349404096603394,
            -0.20693525671958923
        ],
        [
            0.17401526868343353,
            -0.739086389541626,
            -0.2151767611503601
        ],
        [
            0.1680721938610077,
            -0.7353096008300781,
            -0.2141612321138382
        ],
        [
            0.17109179496765137,
            -0.7316724061965942,
            -0.20788033306598663
        ],
        [
            0.15558628737926483,
            -0.7389901876449585,
            -0.22649326920509338
        ],
        [
            0.15626555681228638,
            -0.7251150012016296,
            -0.21824264526367188
        ],
        [
            0.15726688504219055,
            -0.7282285690307617,
            -0.2201404571533203
        ],
        [
            0.15237140655517578,
            -0.7274071574211121,
            -0.22547705471515656
        ],
        [
            0.15203356742858887,
            -0.7245315909385681,
            -0.22339946031570435
        ],
        [
            0.1769503653049469,
            -0.7267040610313416,
            -0.19132275879383087
        ],
        [
            0.17211486399173737,
            -0.7240281701087952,
            -0.19605860114097595
        ],
        [
            0.17067664861679077,
            -0.719340443611145,
            -0.19045469164848328
        ],
        [
            0.17431402206420898,
            -0.7216473817825317,
            -0.18422111868858337
        ],
        [
            0.1670372188091278,
            -0.7150576114654541,
            -0.1875740885734558
        ],
        [
            0.17085078358650208,
            -0.7166087627410889,
            -0.1781713217496872
        ],
        [
            0.1594569981098175,
            -0.704788088798523,
            -0.17401614785194397
        ],
        [
            0.16507580876350403,
            -0.7100950479507446,
            -0.17547394335269928
        ],
        [
            0.16227172315120697,
            -0.710257887840271,
            -0.18631598353385925
        ],
        [
            0.15670323371887207,
            -0.7046376466751099,
            -0.18797186017036438
        ],
        [
            0.14781752228736877,
            -0.7052161693572998,
            -0.20032921433448792
        ],
        [
            0.14253464341163635,
            -0.7032146453857422,
            -0.20342981815338135
        ],
        [
            0.1442546248435974,
            -0.6934254169464111,
            -0.19480688869953156
        ],
        [
            0.1501539647579193,
            -0.6980135440826416,
            -0.19157537817955017
        ],
        [
            0.15405386686325073,
            -0.7221657037734985,
            -0.21176424622535706
        ],
        [
            0.1572539210319519,
            -0.7234463691711426,
            -0.20836150646209717
        ],
        [
            0.15827935934066772,
            -0.7235062718391418,
            -0.21090278029441833
        ],
        [
            0.1552647203207016,
            -0.7230106592178345,
            -0.2152974158525467
        ],
        [
            0.16017243266105652,
            -0.7240405082702637,
            -0.20569446682929993
        ],
        [
            0.16152171790599823,
            -0.7241312861442566,
            -0.20449146628379822
        ],
        [
            0.1618426889181137,
            -0.7245903015136719,
            -0.2061711698770523
        ],
        [
            0.16039440035820007,
            -0.7243854999542236,
            -0.20653589069843292
        ],
        [
            0.15858694911003113,
            -0.7238803505897522,
            -0.20744681358337402
        ],
        [
            0.15736666321754456,
            -0.7220795154571533,
            -0.2071659117937088
        ],
        [
            0.15930268168449402,
            -0.7231607437133789,
            -0.2059830129146576
        ],
        [
            0.15442928671836853,
            -0.7201236486434937,
            -0.210117369890213
        ],
        [
            0.1435309648513794,
            -0.7150502800941467,
            -0.21899527311325073
        ],
        [
            0.1471070498228073,
            -0.7158102989196777,
            -0.21699926257133484
        ],
        [
            0.14631877839565277,
            -0.7201616764068604,
            -0.21863821148872375
        ],
        [
            0.1433250606060028,
            -0.7197620868682861,
            -0.2206031084060669
        ],
        [
            0.16094106435775757,
            -0.7254536151885986,
            -0.20913299918174744
        ],
        [
            0.16360270977020264,
            -0.7267700433731079,
            -0.20866599678993225
        ],
        [
            0.16129806637763977,
            -0.7275063991546631,
            -0.21388232707977295
        ],
        [
            0.15951621532440186,
            -0.7255414724349976,
            -0.21240867674350739
        ],
        [
            0.16660353541374207,
            -0.7282862663269043,
            -0.2086610198020935
        ],
        [
            0.1641054004430771,
            -0.7258434295654297,
            -0.20560507476329803
        ],
        [
            0.16702628135681152,
            -0.726631760597229,
            -0.20471224188804626
        ],
        [
            0.16065599024295807,
            -0.7226612567901611,
            -0.20381638407707214
        ],
        [
            0.16258609294891357,
            -0.7218354940414429,
            -0.20104476809501648
        ],
        [
            0.16387256979942322,
            -0.7235326766967773,
            -0.20296543836593628
        ],
        [
            0.16012215614318848,
            -0.7189416289329529,
            -0.2004292905330658
        ],
        [
            0.15818175673484802,
            -0.7206102609634399,
            -0.20451998710632324
        ],
        [
            0.1550760567188263,
            -0.7177910804748535,
            -0.206960067152977
        ],
        [
            0.15113875269889832,
            -0.7148185968399048,
            -0.21037523448467255
        ],
        [
            0.15184286236763,
            -0.7121052742004395,
            -0.20485718548297882
        ],
        [
            0.15645210444927216,
            -0.7154187560081482,
            -0.20198723673820496
        ],
        [
            0.16377633810043335,
            -0.7312116026878357,
            -0.21461394429206848
        ],
        [
            0.16741648316383362,
            -0.7236571907997131,
            -0.1999301314353943
        ],
        [
            0.17205709218978882,
            -0.728821873664856,
            -0.202096089720726
        ],
        [
            0.16610266268253326,
            -0.7201491594314575,
            -0.19673371315002441
        ],
        [
            0.1631416380405426,
            -0.7166316509246826,
            -0.19489383697509766
        ],
        [
            0.15866097807884216,
            -0.7127158641815186,
            -0.19532278180122375
        ],
        [
            0.15342938899993896,
            -0.7086200714111328,
            -0.19766446948051453
        ],
        [
            0.14256688952445984,
            -0.6911947131156921,
            -0.1803761124610901
        ],
        [
            0.15067467093467712,
            -0.6969226598739624,
            -0.17767296731472015
        ],
        [
            0.1853436529636383,
            -0.7890888452529907,
            -0.24930483102798462
        ],
        [
            0.1929910033941269,
            -0.7892340421676636,
            -0.24439795315265656
        ],
        [
            0.19085845351219177,
            -0.7849886417388916,
            -0.23627540469169617
        ],
        [
            0.19311994314193726,
            -0.7868775129318237,
            -0.23676028847694397
        ],
        [
            0.18891164660453796,
            -0.7867859601974487,
            -0.24173131585121155
        ],
        [
            0.18767760694026947,
            -0.784744381904602,
            -0.23977574706077576
        ],
        [
            0.19935576617717743,
            -0.7857370376586914,
            -0.21609312295913696
        ],
        [
            0.19597665965557098,
            -0.7852035164833069,
            -0.22218057513237
        ],
        [
            0.1951702982187271,
            -0.7827686071395874,
            -0.2189776599407196
        ],
        [
            0.19954445958137512,
            -0.780331015586853,
            -0.21189537644386292
        ],
        [
            0.18773320317268372,
            -0.773288369178772,
            -0.22309881448745728
        ],
        [
            0.19147813320159912,
            -0.7758013606071472,
            -0.21984431147575378
        ],
        [
            0.18980929255485535,
            -0.7802147269248962,
            -0.2263842523097992
        ],
        [
            0.1871446669101715,
            -0.778346598148346,
            -0.22879384458065033
        ],
        [
            0.18381619453430176,
            -0.7771870493888855,
            -0.23123127222061157
        ],
        [
            0.1799563765525818,
            -0.7767984867095947,
            -0.23349596560001373
        ],
        [
            0.17900872230529785,
            -0.7725943922996521,
            -0.23025202751159668
        ],
        [
            0.18335287272930145,
            -0.7724177241325378,
            -0.2268657237291336
        ],
        [
            0.18306221067905426,
            -0.7875177264213562,
            -0.24494630098342896
        ],
        [
            0.17587710916996002,
            -0.7874042987823486,
            -0.24638356268405914
        ],
        [
            0.17640066146850586,
            -0.785184383392334,
            -0.24387547373771667
        ],
        [
            0.1825723946094513,
            -0.7849208116531372,
            -0.2430378645658493
        ],
        [
            0.16423559188842773,
            -0.782975435256958,
            -0.23911850154399872
        ],
        [
            0.16616132855415344,
            -0.7844399213790894,
            -0.24092872440814972
        ],
        [
            0.1633283942937851,
            -0.785193681716919,
            -0.24357207119464874
        ],
        [
            0.1613340675830841,
            -0.7819161415100098,
            -0.2408233880996704
        ],
        [
            0.16288943588733673,
            -0.7791891694068909,
            -0.2388046383857727
        ],
        [
            0.1652105450630188,
            -0.7812584638595581,
            -0.23830504715442657
        ],
        [
            0.19663693010807037,
            -0.8402695655822754,
            -0.2677018642425537
        ],
        [
            0.19059357047080994,
            -0.8219610452651978,
            -0.2682304382324219
        ],
        [
            0.20763066411018372,
            -0.8395010232925415,
            -0.2500869035720825
        ],
        [
            0.21228399872779846,
            -0.8355474472045898,
            -0.2327810525894165
        ],
        [
            0.21504279971122742,
            -0.827805757522583,
            -0.2161308079957962
        ],
        [
            0.18311965465545654,
            -0.7336045503616333,
            -0.18554948270320892
        ],
        [
            0.18125516176223755,
            -0.7290802001953125,
            -0.17571575939655304
        ],
        [
            0.18758225440979004,
            -0.740898609161377,
            -0.1670704185962677
        ],
        [
            0.1826055943965912,
            -0.7345767021179199,
            -0.1584973931312561
        ],
        [
            0.17646460235118866,
            -0.7224562168121338,
            -0.16800549626350403
        ],
        [
            0.15968173742294312,
            -0.7080947160720825,
            -0.16064947843551636
        ],
        [
            0.16930809617042542,
            -0.7148851156234741,
            -0.16279256343841553
        ],
        [
            0.1751263290643692,
            -0.7287187576293945,
            -0.15044042468070984
        ],
        [
            0.18194954097270966,
            -0.7464176416397095,
            -0.1414397656917572
        ],
        [
            0.1875501126050949,
            -0.748615026473999,
            -0.1513289511203766
        ],
        [
            0.18633843958377838,
            -0.7657203674316406,
            -0.1371021419763565
        ],
        [
            0.1739303171634674,
            -0.7453615069389343,
            -0.1294483095407486
        ],
        [
            0.1816714107990265,
            -0.7692869901657104,
            -0.1299188882112503
        ],
        [
            0.15371286869049072,
            -0.71416175365448,
            -0.1228913888335228
        ],
        [
            0.15274165570735931,
            -0.7070745825767517,
            -0.11551089584827423
        ],
        [
            0.1611575186252594,
            -0.718999445438385,
            -0.10348731279373169
        ],
        [
            0.16308051347732544,
            -0.7261912822723389,
            -0.11106948554515839
        ],
        [
            0.19184906780719757,
            -0.7516283988952637,
            -0.16148598492145538
        ],
        [
            0.20975500345230103,
            -0.8018437623977661,
            -0.1971922218799591
        ],
        [
            0.20778128504753113,
            -0.7962746024131775,
            -0.20785774290561676
        ],
        [
            0.20765942335128784,
            -0.7929651141166687,
            -0.1876126080751419
        ],
        [
            0.2197420448064804,
            -0.862869143486023,
            -0.2093665897846222
        ],
        [
            0.21711862087249756,
            -0.8502480983734131,
            -0.22317233681678772
        ],
        [
            0.2193557769060135,
            -0.840178370475769,
            -0.20836307108402252
        ],
        [
            0.22165939211845398,
            -0.8532810211181641,
            -0.19741415977478027
        ],
        [
            0.20174849033355713,
            -0.8899511098861694,
            -0.24105390906333923
        ],
        [
            0.20196625590324402,
            -0.8665109872817993,
            -0.2566334307193756
        ],
        [
            0.2097281813621521,
            -0.8597837686538696,
            -0.24145784974098206
        ],
        [
            0.21119403839111328,
            -0.8780710697174072,
            -0.22796005010604858
        ],
        [
            0.2209162563085556,
            -0.8610111474990845,
            -0.18634885549545288
        ],
        [
            0.2182452380657196,
            -0.8718373775482178,
            -0.17103491723537445
        ],
        [
            0.21610385179519653,
            -0.8890536427497864,
            -0.17389526963233948
        ],
        [
            0.21886956691741943,
            -0.8781193494796753,
            -0.1938273310661316
        ],
        [
            0.20666086673736572,
            -0.9103519916534424,
            -0.18114212155342102
        ],
        [
            0.21036531031131744,
            -0.8976308107376099,
            -0.20503470301628113
        ],
        [
            0.17424142360687256,
            -0.7628891468048096,
            -0.11569023132324219
        ],
        [
            0.1794317215681076,
            -0.7802330255508423,
            -0.12178793549537659
        ],
        [
            0.16608434915542603,
            -0.7342353463172913,
            -0.12135928869247437
        ],
        [
            0.16989898681640625,
            -0.7491127252578735,
            -0.1091679111123085
        ],
        [
            0.19117923080921173,
            -0.9271575212478638,
            -0.1889246553182602
        ],
        [
            0.19693315029144287,
            -0.9129113554954529,
            -0.21748125553131104
        ],
        [
            0.1940329223871231,
            -0.878510594367981,
            -0.12232035398483276
        ],
        [
            0.2015104591846466,
            -0.8897806406021118,
            -0.13702325522899628
        ],
        [
            0.2079119086265564,
            -0.8702101707458496,
            -0.1424759030342102
        ],
        [
            0.20045286417007446,
            -0.8626501560211182,
            -0.12787549197673798
        ],
        [
            0.18266737461090088,
            -0.8948062658309937,
            -0.11759896576404572
