{
    "pred_cam": [
        1.4415125846862793,
        0.1502479761838913,
        0.28219354152679443
    ],
    "pred_smpl_params": {
        "global_orient": [
            [
                [
                    -0.3653070628643036,
                    0.11614622920751572,
                    -0.9236128330230713
                ],
                [
                    0.22038401663303375,
                    -0.9531887173652649,
                    -0.20703166723251343
                ],
                [
                    -0.9044233560562134,
                    -0.2791796624660492,
                    0.3226098120212555
                ]
            ]
        ],
        "body_pose": [
            [
                [
                    0.9969486594200134,
                    0.02867545187473297,
                    0.07260249555110931
                ],
                [
                    -0.041878364980220795,
                    0.9813818335533142,
                    0.18744562566280365
                ],
                [
                    -0.06587568670511246,
                    -0.18991413712501526,
                    0.9795882105827332
                ]
            ],
            [
                [
                    0.984089732170105,
                    0.15262360870838165,
                    -0.0909583568572998
                ],
                [
                    -0.14945006370544434,
                    0.9879281520843506,
                    0.04077575355768204
                ],
                [
                    0.09608366340398788,
                    -0.02653327025473118,
                    0.9950195550918579
                ]
            ],
            [
                [
                    0.9972985982894897,
                    -0.041223183274269104,
                    0.06079540774226189
                ],
                [
                    0.05143418908119202,
                    0.9828065633773804,
                    -0.17732952535152435
                ],
                [
                    -0.052440036088228226,
                    0.17997746169567108,
                    0.9822719097137451
                ]
            ],
            [
                [
                    0.9793784618377686,
                    0.19730858504772186,
                    0.04344134405255318
                ],
                [
                    -0.19134385883808136,
                    0.9748769998550415,
                    -0.11402822285890579
                ],
                [
                    -0.06484871357679367,
                    0.10336454957723618,
                    0.9925273060798645
                ]
            ],
            [
                [
                    0.9884382486343384,
                    0.04537038132548332,
                    0.14467638731002808
                ],
                [
                    -0.04105668514966965,
                    0.998622715473175,
                    -0.03266526013612747
                ],
                [
                    -0.14595916867256165,
                    0.02634766325354576,
                    0.988939642906189
                ]
            ],
            [
                [
                    0.989883542060852,
                    -0.138037770986557,
                    0.03280532732605934
                ],
                [
                    0.13987666368484497,
                    0.9881862998008728,
                    -0.06262927502393723
                ],
                [
                    -0.02377256751060486,
                    0.06658438593149185,
                    0.9974976181983948
                ]
            ],
            [
                [
                    0.977216899394989,
                    0.03425145521759987,
                    0.20946092903614044
                ],
                [
                    -0.027696926146745682,
                    0.9990329146385193,
                    -0.03414680436253548
                ],
                [
                    -0.21042796969413757,
                    0.027567410841584206,
                    0.9772205352783203
                ]
            ],
            [
                [
                    0.9738836884498596,
                    -0.07443571090698242,
                    -0.21449905633926392
                ],
                [
                    0.06759902834892273,
                    0.9969483017921448,
                    -0.0390443280339241
                ],
                [
                    0.21675077080726624,
                    0.023524707183241844,
                    0.9759434461593628
                ]
            ],
            [
                [
                    0.9979607462882996,
                    -0.05730939283967018,
                    0.028105756267905235
                ],
                [
                    0.059409573674201965,
                    0.9949685335159302,
                    -0.08067303150892258
                ],
                [
                    -0.023341018706560135,
                    0.0821782797574997,
                    0.996344268321991
                ]
            ],
            [
                [
                    0.9964878559112549,
                    -0.057944756001234055,
                    0.06045052036643028
                ],
                [
                    0.0600881353020668,
                    0.9976049065589905,
                    -0.034261781722307205
                ],
                [
                    -0.05832044407725334,
                    0.03777381405234337,
                    0.9975829720497131
                ]
            ],
            [
                [
                    0.9965874552726746,
                    0.08122193068265915,
                    -0.014712292701005936
                ],
                [
                    -0.08068214356899261,
                    0.9961539506912231,
                    0.03417045623064041
                ],
                [
                    0.017431098967790604,
                    -0.03286682814359665,
                    0.9993076920509338
                ]
            ],
            [
                [
                    0.9530332684516907,
                    0.014209272339940071,
                    0.3025321662425995
                ],
                [
                    0.04775229096412659,
                    0.9793550372123718,
                    -0.1964268982410431
                ],
                [
                    -0.29907745122909546,
                    0.20164796710014343,
                    0.9326794147491455
                ]
            ],
            [
                [
                    0.9068065285682678,
                    -0.09269626438617706,
                    -0.4112289547920227
                ],
                [
                    0.1466943621635437,
                    0.9839415550231934,
                    0.10168472677469254
                ],
                [
                    0.3951994478702545,
                    -0.15253335237503052,
                    0.905842661857605
                ]
            ],
            [
                [
                    0.9135461449623108,
                    -0.29317018389701843,
                    0.28193023800849915
                ],
                [
                    0.2871396839618683,
                    0.9557840824127197,
                    0.0634627714753151
                ],
                [
                    -0.28806984424591064,
                    0.022977186366915703,
                    0.9573336839675903
                ]
            ],
            [
                [
                    0.9970132112503052,
                    0.07560832798480988,
                    0.01575055718421936
                ],
                [
                    -0.06232330948114395,
                    0.9080944657325745,
                    -0.4141017496585846
                ],
                [
                    -0.045612528920173645,
                    0.41188326478004456,
                    0.9100943207740784
                ]
            ],
            [
                [
                    0.7638309597969055,
                    0.1892339438199997,
                    -0.6170516014099121
                ],
                [
                    -0.18287476897239685,
                    0.9803271889686584,
                    0.07426568865776062
                ],
                [
                    0.6189661026000977,
                    0.0561167448759079,
                    0.783410370349884
                ]
            ],
            [
                [
                    0.5826065540313721,
                    -0.6597157716751099,
                    0.4747048020362854
                ],
                [
                    0.7584185600280762,
                    0.6512597799301147,
                    -0.025728223845362663
                ],
                [
                    -0.2921828329563141,
                    0.37501439452171326,
                    0.8797689080238342
                ]
            ],
            [
                [
                    0.19767671823501587,
                    -0.1015128567814827,
                    -0.9749970436096191
                ],
                [
                    -0.11782210320234299,
                    0.9849525690078735,
                    -0.12643736600875854
                ],
                [
                    0.9731608033180237,
                    0.13986992835998535,
                    0.18274173140525818
                ]
            ],
            [
                [
                    0.23546960949897766,
                    0.19895151257514954,
                    0.951300323009491
                ],
                [
                    0.04373184219002724,
                    0.9756627678871155,
                    -0.21487125754356384
                ],
                [
                    -0.9708973169326782,
                    0.09219777584075928,
                    0.22103841602802277
                ]
            ],
            [
                [
                    0.9855009317398071,
                    -0.09592758864164352,
                    -0.13994936645030975
                ],
                [
                    0.0958687961101532,
                    0.9953680634498596,
                    -0.007177423685789108
                ],
                [
                    0.13998965919017792,
                    -0.006343420594930649,
                    0.9901326298713684
                ]
            ],
            [
                [
                    0.9911283254623413,
                    0.021391959860920906,
                    0.13117577135562897
                ],
                [
                    -0.060253556817770004,
                    0.9520334005355835,
                    0.30000317096710205
                ],
                [
                    -0.11846606433391571,
                    -0.30524542927742004,
                    0.9448761940002441
                ]
            ],
            [
                [
                    0.9931992292404175,
                    0.10346439480781555,
                    -0.05338980630040169
                ],
                [
                    -0.09812863171100616,
                    0.9906871318817139,
                    0.0943920761346817
                ],
                [
                    0.06265880912542343,
                    -0.08851105719804764,
                    0.9941025376319885
                ]
            ],
            [
                [
                    0.9904452562332153,
                    -0.13788071274757385,
                    -0.0026723435148596764
                ],
                [
                    0.13724608719348907,
                    0.9836219549179077,
                    0.11683913320302963
                ],
                [
                    -0.01348128728568554,
                    -0.11608953028917313,
                    0.9931473135948181
                ]
            ]
        ],
        "betas": [
            -0.17719286680221558,
            -0.22690406441688538,
            0.18935850262641907,
            0.6072498559951782,
            0.23053860664367676,
            0.005083415657281876,
            -0.03071412444114685,
            -0.054850608110427856,
            0.12062486261129379,
            -0.01812306046485901
        ]
    },
    "pred_cam_t": [
        0.1502479761838913,
        0.28219354152679443,
        27.0982723236084
    ],
    "focal_length": [
        5000.0,
        5000.0
    ],
    "pred_keypoints_3d": [
        [
            -0.1650286465883255,
            -0.7561895251274109,
            -0.04203254356980324
        ],
        [
            0.01754113659262657,
            -0.7319848537445068,
            -0.03154141083359718
        ],
        [
            0.05387043580412865,
            -0.6329514980316162,
            0.14332376420497894
        ],
        [
            0.016344550997018814,
            -0.3968043625354767,
            0.21502509713172913
        ],
        [
            -0.21069400012493134,
            -0.3590276539325714,
            0.1173589676618576
        ],
        [
            -0.05295737087726593,
            -0.6805395483970642,
            -0.1855849325656891
        ],
        [
            -0.29359233379364014,
            -0.6412054896354675,
            -0.26338666677474976
        ],
        [
            -0.38669103384017944,
            -0.6125953793525696,
            -0.03909246623516083
        ],
        [
            -0.002078698016703129,
            -0.22870072722434998,
            0.02837318927049637
        ],
        [
            0.016018908470869064,
            -0.15654656291007996,
            0.11323044449090958
        ],
        [
            0.00950346514582634,
            0.16977521777153015,
            0.29696160554885864
        ],
        [
            0.028789494186639786,
            0.5293834209442139,
            0.44527319073677063
        ],
        [
            -0.0317089669406414,
            -0.12498603016138077,
            -0.010897863656282425
        ],
        [
            -0.13951748609542847,
            0.21012315154075623,
            0.09019409120082855
        ],
        [
            -0.13959652185440063,
            0.5435726046562195,
            0.2906288206577301
        ],
        [
            -0.16221493482589722,
            -0.8052654266357422,
            -0.004795527085661888
        ],
        [
            -0.15783968567848206,
            -0.8092648386955261,
            -0.07108502089977264
        ],
        [
            -0.07787728309631348,
            -0.8441787958145142,
            0.04725927859544754
        ],
        [
            -0.07016989588737488,
            -0.8527551889419556,
            -0.10192978382110596
        ],
        [
            -0.3352576494216919,
            0.5713773369789124,
            0.3331206440925598
        ],
        [
            -0.292098730802536,
            0.6114275455474854,
            0.27376893162727356
        ],
        [
            -0.08517277240753174,
            0.5833819508552551,
            0.2990076541900635
        ],
        [
            -0.14373518526554108,
            0.5376368165016174,
            0.544726550579071
        ],
        [
            -0.06676962971687317,
            0.5264207720756531,
            0.5862529873847961
        ],
        [
            0.07932739704847336,
            0.5804330110549927,
            0.4405764937400818
        ],
        [
            0.064206063747406,
            0.48220911622047424,
            0.4307175278663635
        ],
        [
            0.011214232072234154,
            0.11169752478599548,
            0.26612725853919983
        ],
        [
            0.062468498945236206,
            -0.28924286365509033,
            0.14843279123306274
        ],
        [
            -0.028807787224650383,
            -0.2063348889350891,
            -0.11733212321996689
        ],
        [
            -0.1321098506450653,
            0.17515362799167633,
            0.06430978327989578
        ],
        [
            -0.11325293779373169,
            0.5222822427749634,
            0.26214903593063354
        ],
        [
            -0.1930955946445465,
            -0.39593803882598877,
            0.11564069986343384
        ],
        [
            -0.006002156063914299,
            -0.42709627747535706,
            0.23289790749549866
        ],
        [
            0.04806136712431908,
            -0.6644205451011658,
            0.10906080156564713
        ],
        [
            -0.033884771168231964,
            -0.7066752314567566,
            -0.17168764770030975
        ],
        [
            -0.2819514274597168,
            -0.6807929277420044,
            -0.24367308616638184
        ],
        [
            -0.3682876229286194,
            -0.6278494596481323,
            -0.040353357791900635
        ],
        [
            0.012157663702964783,
            -0.725886344909668,
            -0.026947423815727234
        ],
        [
            -0.11737961322069168,
            -0.8838579058647156,
            -0.03239203989505768
        ],
        [
            0.016660647466778755,
            -0.24824905395507812,
            0.01485167071223259
        ],
        [
            0.00755677092820406,
            -0.679831326007843,
            -0.02795751392841339
        ],
        [
            0.045716430991888046,
            -0.48997923731803894,
            -0.036271270364522934
        ],
        [
            -0.08662544190883636,
            -0.7725586295127869,
            -0.0397082157433033
        ],
        [
            -0.12095833569765091,
            -0.9030032753944397,
            -0.02784046158194542
        ]
    ],
    "pred_vertices": [
        [
            -0.18411119282245636,
            -0.8490618467330933,
            -0.08311202377080917
        ],
        [
            -0.18242931365966797,
            -0.8327800631523132,
            -0.07811642438173294
        ],
        [
            -0.17204612493515015,
            -0.8353052735328674,
            -0.08817090094089508
        ],
        [
            -0.16929353773593903,
            -0.8493055701255798,
            -0.09250375628471375
        ],
        [
            -0.17221850156784058,
            -0.8240798711776733,
            -0.0848909541964531
        ],
        [
            -0.17925384640693665,
            -0.8211699724197388,
            -0.075568288564682
        ],
        [
            -0.15924124419689178,
            -0.8356541395187378,
            -0.09392382204532623
        ],
        [
            -0.15379571914672852,
            -0.847745418548584,
            -0.09747423231601715
        ],
        [
            -0.12957046926021576,
            -0.8121285438537598,
            -0.09779798984527588
        ],
        [
            -0.11918067932128906,
            -0.8136993646621704,
            -0.10074269026517868
        ],
        [
            -0.12709932029247284,
            -0.8230635523796082,
            -0.10066644102334976
        ],
        [
            -0.13546961545944214,
            -0.8190881013870239,
            -0.0966799259185791
        ],
        [
            -0.1131649911403656,
            -0.7918748259544373,
            -0.09623906761407852
        ],
        [
            -0.11556392908096313,
            -0.779281497001648,
            -0.09107042849063873
        ],
        [
            -0.10242225229740143,
            -0.7767849564552307,
            -0.09242519736289978
        ],
        [
            -0.09879487752914429,
            -0.7894433736801147,
            -0.09642881155014038
        ],
        [
            -0.14502936601638794,
            -0.7771539688110352,
            -0.061521828174591064
        ],
        [
            -0.14029860496520996,
            -0.7722833752632141,
            -0.06688113510608673
        ],
        [
            -0.1431010514497757,
            -0.7785607576370239,
            -0.07072912901639938
        ],
        [
            -0.14704671502113342,
            -0.7828900814056396,
            -0.06461840867996216
        ],
        [
            -0.15595880150794983,
            -0.7817968130111694,
            -0.05329412594437599
        ],
        [
            -0.15603044629096985,
            -0.7882506847381592,
            -0.05391726642847061
        ],
        [
            -0.16276755928993225,
            -0.7885093688964844,
            -0.04976179450750351
        ],
        [
            -0.16315069794654846,
            -0.7810359001159668,
            -0.05017734691500664
        ],
        [
            -0.14240482449531555,
            -0.7724572420120239,
            -0.05610368400812149
        ],
        [
            -0.13721638917922974,
            -0.7677862644195557,
            -0.061725497245788574
        ],
        [
            -0.14941999316215515,
            -0.7809799909591675,
            -0.057073552161455154
        ],
        [
            -0.14920373260974884,
            -0.7760004997253418,
            -0.05561963468790054
        ],
        [
            -0.15506276488304138,
            -0.7652735710144043,
            -0.054005272686481476
        ],
        [
            -0.15619194507598877,
            -0.7700929641723633,
            -0.05536244064569473
        ],
        [
            -0.16281987726688385,
            -0.7673344016075134,
            -0.05294148251414299
        ],
        [
            -0.15947037935256958,
            -0.7628077268600464,
            -0.05162746459245682
        ],
        [
            -0.14652438461780548,
            -0.7697054743766785,
            -0.055821556597948074
        ],
        [
            -0.1503736525774002,
            -0.7708545327186584,
            -0.05663689970970154
        ],
        [
            -0.15062576532363892,
            -0.7662999629974365,
            -0.05451226979494095
        ],
        [
            -0.1468963772058487,
            -0.766089677810669,
            -0.05260363221168518
        ],
        [
            -0.1560337394475937,
            -0.7767902612686157,
            -0.05321778357028961
        ],
        [
            -0.16327546536922455,
            -0.7745559215545654,
            -0.051252640783786774
        ],
        [
            -0.17035061120986938,
            -0.7718167304992676,
            -0.048192400485277176
        ],
        [
            -0.1688733696937561,
            -0.7629554271697998,
            -0.049405258148908615
        ],
        [
            -0.12659376859664917,
            -0.7648971676826477,
            -0.07681470364332199
        ],
        [
            -0.13422156870365143,
            -0.7683505415916443,
            -0.07264408469200134
        ],
        [
            -0.13216185569763184,
            -0.7639601826667786,
            -0.06734691560268402
        ],
        [
            -0.12642575800418854,
            -0.7610167264938354,
            -0.07164160907268524
        ],
        [
            -0.14228135347366333,
            -0.7652536630630493,
            -0.05324031412601471
        ],
        [
            -0.1335567981004715,
            -0.7523125410079956,
            -0.05659661442041397
        ],
        [
            -0.1357177495956421,
            -0.7553722858428955,
            -0.0569770522415638
        ],
        [
            -0.14011184871196747,
            -0.753610372543335,
            -0.051574841141700745
        ],
        [
            -0.137882798910141,
            -0.7508482933044434,
            -0.05183630436658859
        ],
        [
            -0.11104710400104523,
            -0.7577561140060425,
            -0.08068090677261353
        ],
        [
            -0.11472074687480927,
            -0.7541717290878296,
            -0.07548734545707703
        ],
        [
            -0.1088111400604248,
            -0.74974524974823,
            -0.0755290687084198
        ],
        [
            -0.10349328815937042,
            -0.7529596090316772,
            -0.07979343831539154
        ],
        [
            -0.10524173080921173,
            -0.7452985048294067,
            -0.07266809046268463
        ],
        [
            -0.09717778861522675,
            -0.7480332255363464,
            -0.07773387432098389
        ],
        [
            -0.09118504822254181,
            -0.7354450225830078,
            -0.06837794184684753
        ],
        [
            -0.09354165196418762,
            -0.741202175617218,
            -0.07312457263469696
        ],
        [
            -0.103023961186409,
            -0.7401263117790222,
            -0.06861929595470428
        ],
        [
            -0.10353328287601471,
            -0.7338579893112183,
            -0.0634855329990387
        ],
        [
            -0.1138719916343689,
            -0.7327807545661926,
            -0.053050488233566284
        ],
        [
            -0.1158810406923294,
            -0.7300752401351929,
            -0.04753763601183891
        ],
        [
            -0.10725550353527069,
            -0.7212339639663696,
            -0.05147847905755043
        ],
        [
            -0.10563531517982483,
            -0.7263538837432861,
            -0.05732899159193039
        ],
        [
            -0.12665170431137085,
            -0.7496986985206604,
            -0.05524289235472679
        ],
        [
            -0.12398675084114075,
            -0.7514834403991699,
            -0.05881497263908386
        ],
        [
            -0.12662768363952637,
            -0.7514890432357788,
            -0.05946551263332367
        ],
        [
            -0.13035467267036438,
            -0.7504468560218811,
            -0.05590937286615372
        ],
        [
            -0.12200824916362762,
            -0.7524154782295227,
            -0.06218862906098366
        ],
        [
            -0.12109926342964172,
            -0.7527415752410889,
            -0.06370121240615845
        ],
        [
            -0.12279875576496124,
            -0.7531259059906006,
            -0.06370853632688522
        ],
        [
            -0.12279020249843597,
            -0.7528811693191528,
            -0.062369897961616516
        ],
        [
            -0.12335029244422913,
            -0.7521228194236755,
            -0.06045461446046829
        ],
        [
            -0.12276828289031982,
            -0.7502391338348389,
            -0.059442099183797836
        ],
        [
            -0.12214845418930054,
            -0.7514262199401855,
            -0.061330974102020264
        ],
        [
            -0.12503835558891296,
            -0.7478196620941162,
            -0.05629238486289978
        ],
        [
            -0.1317177414894104,
            -0.7409226894378662,
            -0.045106191188097
        ],
        [
            -0.13042232394218445,
            -0.7422361373901367,
            -0.04848673194646835
        ],
        [
            -0.1320362091064453,
            -0.7464120388031006,
            -0.04695873335003853
        ],
        [
            -0.13334611058235168,
            -0.7454689741134644,
            -0.04417254030704498
        ],
        [
            -0.12549811601638794,
            -0.7537762522697449,
            -0.06267355382442474
        ],
        [
            -0.1256563663482666,
            -0.7552897930145264,
            -0.06478425860404968
        ],
        [
            -0.1303175687789917,
            -0.7555204629898071,
            -0.06162358447909355
        ],
        [
            -0.12848034501075745,
            -0.7534728050231934,
            -0.06024354696273804
        ],
        [
            -0.12619233131408691,
            -0.7571662068367004,
            -0.06769402325153351
        ],
        [
            -0.12275698781013489,
            -0.7546091079711914,
            -0.06590989232063293
        ],
        [
            -0.12245483696460724,
            -0.7556666135787964,
            -0.06906212866306305
        ],
        [
            -0.12021511793136597,
            -0.7512140274047852,
            -0.06309092044830322
        ],
        [
            -0.11778788268566132,
            -0.7508039474487305,
            -0.06555306911468506
        ],
        [
            -0.12001439929008484,
            -0.7524840235710144,
            -0.06635972112417221
        ],
        [
            -0.11668813228607178,
            -0.7476344704627991,
            -0.06355774402618408
        ],
        [
            -0.12030795216560364,
            -0.7488960027694702,
            -0.06072961539030075
        ],
        [
            -0.12202930450439453,
            -0.7456161975860596,
            -0.05762660503387451
        ],
        [
            -0.12450896203517914,
            -0.7420815229415894,
            -0.05357892066240311
        ],
        [
            -0.11914680898189545,
            -0.7398321628570557,
            -0.055379681289196014
        ],
        [
            -0.11734631657600403,
            -0.7437105178833008,
            -0.06002027541399002
        ],
        [
            -0.13172686100006104,
            -0.7592743039131165,
            -0.06383167207241058
        ],
        [
            -0.1176731288433075,
            -0.753146767616272,
            -0.07031945884227753
        ],
        [
            -0.12081637978553772,
            -0.7585867643356323,
            -0.07384015619754791
        ],
        [
            -0.11413449048995972,
            -0.74971604347229,
            -0.06992349028587341
        ],
        [
            -0.1116509735584259,
            -0.7460362911224365,
            -0.06765524297952652
        ],
        [
            -0.11111193895339966,
            -0.7415598034858704,
            -0.06335820257663727
        ],
        [
            -0.1122598722577095,
            -0.7369183301925659,
            -0.058449022471904755
        ],
        [
            -0.09322169423103333,
            -0.7199056148529053,
            -0.052111249417066574
        ],
        [
            -0.09267700463533401,
            -0.7263766527175903,
            -0.05988767370581627
        ],
        [
            -0.17257675528526306,
            -0.8163654804229736,
            -0.0727943629026413
        ],
        [
            -0.16898372769355774,
            -0.8176558017730713,
            -0.08103688806295395
        ],
        [
            -0.1603468656539917,
            -0.8138278722763062,
            -0.08046384155750275
        ],
        [
            -0.16127493977546692,
            -0.8157811164855957,
            -0.08212913572788239
        ],
        [
            -0.1656157374382019,
            -0.8149210810661316,
            -0.0777013823390007
        ],
        [
            -0.16329780220985413,
            -0.8129760026931763,
            -0.07686400413513184
        ],
        [
            -0.14177945256233215,
            -0.8173151016235352,
            -0.0916149914264679
        ],
        [
            -0.1470542848110199,
            -0.8159723281860352,
            -0.08736950159072876
        ],
        [
            -0.1438198834657669,
            -0.8136352896690369,
            -0.08719832450151443
        ],
        [
            -0.13760493695735931,
            -0.8121554851531982,
            -0.09290409088134766
        ],
        [
            -0.14601656794548035,
            -0.803213357925415,
            -0.0806201696395874
        ],
        [
            -0.14374935626983643,
            -0.8062417507171631,
            -0.0844050869345665
        ],
        [
            -0.14984402060508728,
            -0.8101609945297241,
            -0.0812452957034111
        ],
        [
            -0.15154224634170532,
            -0.807916522026062,
            -0.07855451107025146
        ],
        [
            -0.15323884785175323,
            -0.8062059283256531,
            -0.07519445568323135
        ],
        [
            -0.1549130529165268,
            -0.8051129579544067,
            -0.07115164399147034
        ],
        [
            -0.15123440325260162,
            -0.8012034893035889,
            -0.07142230868339539
        ],
        [
            -0.14868304133415222,
            -0.8017220497131348,
            -0.07609590888023376
        ],
        [
            -0.1676451563835144,
            -0.8149988651275635,
            -0.07157998532056808
        ],
        [
            -0.16795924305915833,
            -0.8138777613639832,
            -0.0641428679227829
        ],
        [
            -0.16513514518737793,
            -0.8121510744094849,
            -0.06544529646635056
        ],
        [
            -0.16532257199287415,
            -0.8127071261405945,
            -0.07158885896205902
        ],
        [
            -0.1585390269756317,
            -0.8088657259941101,
            -0.054536737501621246
        ],
        [
            -0.16072817146778107,
            -0.8102517127990723,
            -0.05596313625574112
        ],
        [
            -0.16274404525756836,
            -0.8107293844223022,
            -0.052613385021686554
        ],
        [
            -0.1596367359161377,
            -0.8074829578399658,
            -0.05148566886782646
        ],
        [
            -0.15774866938591003,
            -0.8050650358200073,
            -0.05384143814444542
        ],
        [
            -0.1578367054462433,
            -0.8073339462280273,
            -0.05590507388114929
        ],
        [
            -0.1954919993877411,
            -0.8672168254852295,
            -0.07374405860900879
        ],
        [
            -0.19484414160251617,
            -0.8484044671058655,
            -0.0705505758523941
        ],
        [
            -0.17991824448108673,
            -0.8693807125091553,
            -0.08674189448356628
        ],
        [
            -0.16301469504833221,
            -0.8673387169837952,
            -0.09445192664861679
        ],
        [
            -0.1472020447254181,
            -0.8612934947013855,
            -0.10078462213277817
        ],
        [
            -0.10676352679729462,
            -0.7657784819602966,
            -0.0867391973733902
        ],
        [
            -0.0967169851064682,
            -0.7619575262069702,
            -0.08696843683719635
        ],
        [
            -0.08989094197750092,
            -0.7748769521713257,
            -0.0930967926979065
        ],
        [
            -0.08089476823806763,
            -0.7687004804611206,
            -0.09051357954740524
        ],
        [
            -0.0887092649936676,
            -0.7553058862686157,
            -0.08424117416143417
        ],
        [
            -0.07932670414447784,
            -0.7394798994064331,
            -0.07069376111030579
        ],
        [
            -0.08276529610157013,
            -0.747390627861023,
            -0.078948974609375
        ],
        [
            -0.07245595753192902,
            -0.7623825073242188,
            -0.08573946356773376
        ],
        [
            -0.06481994688510895,
            -0.7811024785041809,
            -0.0923144593834877
        ],
        [
            -0.07475268840789795,
            -0.7836695909500122,
            -0.09515861421823502
        ],
        [
            -0.0618184357881546,
            -0.8016892671585083,
            -0.09450387209653854
        ],
        [
            -0.05280277132987976,
            -0.7788810729980469,
            -0.0871007964015007
        ],
        [
            -0.05428297817707062,
            -0.8050775527954102,
            -0.09027484804391861
        ],
        [
            -0.049356549978256226,
            -0.7471321225166321,
            -0.07173532992601395
        ],
        [
            -0.04468397796154022,
            -0.7403932809829712,
            -0.07270032167434692
        ],
        [
            -0.03364837169647217,
            -0.7523459196090698,
            -0.08250229060649872
        ],
        [
            -0.038779646158218384,
            -0.7597346305847168,
            -0.08164937794208527
        ],
        [
            -0.0852736234664917,
            -0.7867023944854736,
            -0.09694936871528625
        ],
        [
            -0.12640388309955597,
            -0.8362295627593994,
            -0.1019061952829361
        ],
        [
            -0.13624051213264465,
            -0.8293648958206177,
            -0.09935075044631958
        ],
        [
            -0.11609843373298645,
            -0.827472448348999,
            -0.10312975943088531
        ],
        [
            -0.14286096394062042,
            -0.8973817825317383,
            -0.10136823356151581
        ],
        [
            -0.15549863874912262,
            -0.8833950757980347,
            -0.09852707386016846
        ],
        [
            -0.1405285894870758,
            -0.8749166131019592,
            -0.10400146245956421
        ],
        [
            -0.13095992803573608,
            -0.888837993144989,
            -0.10607493668794632
        ],
        [
            -0.1739940643310547,
            -0.9193822145462036,
            -0.07667988538742065
        ],
        [
            -0.18759170174598694,
            -0.894493043422699,
            -0.0776679515838623
        ],
        [
            -0.17342771589756012,
            -0.890699565410614,
            -0.08818940073251724
        ],
        [
            -0.16123096644878387,
            -0.909949541091919,
            -0.08913099765777588
        ],
        [
            -0.12018129229545593,
            -0.8974769115447998,
            -0.1067994013428688
        ],
        [
            -0.10587349534034729,
            -0.9089291095733643,
            -0.10502126812934875
        ],
        [
            -0.10962389409542084,
            -0.9255006909370422,
            -0.10046976059675217
        ],
        [
            -0.12877048552036285,
            -0.9134949445724487,
            -0.10201860219240189
        ],
        [
            -0.11656679213047028,
            -0.9454509019851685,
            -0.08816809952259064
        ],
        [
            -0.14018739759922028,
            -0.9311535954475403,
            -0.0895712822675705
        ],
        [
            -0.03985916078090668,
            -0.7974092960357666,
            -0.08580847829580307
        ],
        [
            -0.04641185700893402,
            -0.8165180683135986,
            -0.08705949783325195
        ],
        [
            -0.046343445777893066,
            -0.7673394680023193,
            -0.08166489005088806
        ],
        [
            -0.034543901681900024,
            -0.7824805974960327,
            -0.08513601124286652
        ],
        [
            -0.1233379989862442,
            -0.9597557187080383,
            -0.06994669884443283
        ],
        [
            -0.15132586658000946,
            -0.9438223838806152,
            -0.07246968150138855
        ],
        [
            -0.0537743866443634,
            -0.9174185395240784,
            -0.08852916210889816
        ],
        [
            -0.07070530951023102,
            -0.9273052215576172,
            -0.09150610119104385
        ],
        [
            -0.07532137632369995,
            -0.9086077213287354,
