{
    "pred_cam": [
        1.144261121749878,
        0.002616608515381813,
        0.18031376600265503
    ],
    "pred_smpl_params": {
        "global_orient": [
            [
                [
                    0.9763739109039307,
                    0.2149391770362854,
                    -0.022251490503549576
                ],
                [
                    0.21575091779232025,
                    -0.9754174947738647,
                    0.04485822096467018
                ],
                [
                    -0.012062705121934414,
                    -0.04859917610883713,
                    -0.9987455010414124
                ]
            ]
        ],
        "body_pose": [
            [
                [
                    0.999364972114563,
                    -0.033553700894117355,
                    -0.01199668925255537
                ],
                [
                    0.035309575498104095,
                    0.9777783155441284,
                    0.20664632320404053
                ],
                [
                    0.004796355962753296,
                    -0.20693866908550262,
                    0.9783421754837036
                ]
            ],
            [
                [
                    0.999480128288269,
                    -0.024340692907571793,
                    0.021140240132808685
                ],
                [
                    0.019258540123701096,
                    0.9766465425491333,
                    0.21398751437664032
                ],
                [
                    -0.02585515007376671,
                    -0.21346916258335114,
                    0.9766075611114502
                ]
            ],
            [
                [
                    0.9997155666351318,
                    0.023765260353684425,
                    0.001997994491830468
                ],
                [
                    -0.022849690169095993,
                    0.9784526824951172,
                    -0.20520299673080444
                ],
                [
                    -0.006831645965576172,
                    0.2050989717245102,
                    0.9787173867225647
                ]
            ],
            [
                [
                    0.9951846599578857,
                    0.0075930822640657425,
                    -0.09772355109453201
                ],
                [
                    -0.06260504573583603,
                    0.8163761496543884,
                    -0.5741171836853027
                ],
                [
                    0.07541986554861069,
                    0.577470600605011,
                    0.8129203915596008
                ]
            ],
            [
                [
                    0.9949029684066772,
                    -0.07852739095687866,
                    0.06325674057006836
                ],
                [
                    0.10083626955747604,
                    0.7754997611045837,
                    -0.6232431530952454
                ],
                [
                    -0.00011392843589419499,
                    0.6264451146125793,
                    0.7794654369354248
                ]
            ],
            [
                [
                    0.9991585612297058,
                    -0.0371403731405735,
                    0.017399851232767105
                ],
                [
                    0.0370607003569603,
                    0.9993011355400085,
                    0.0048791575245559216
                ],
                [
                    -0.017568904906511307,
                    -0.004230201244354248,
                    0.9998367428779602
                ]
            ],
            [
                [
                    0.9837681651115417,
                    0.07846787571907043,
                    0.16137832403182983
                ],
                [
                    -0.08658066391944885,
                    0.9952789545059204,
                    0.043859098106622696
                ],
                [
                    -0.15717491507530212,
                    -0.05711943283677101,
                    0.9859175682067871
                ]
            ],
            [
                [
                    0.9851009249687195,
                    -0.061811596155166626,
                    -0.16048501431941986
                ],
                [
                    0.0620926171541214,
                    0.9980650544166565,
                    -0.0032682016026228666
                ],
                [
                    0.16037648916244507,
                    -0.006745425518602133,
                    0.9870328307151794
                ]
            ],
            [
                [
                    0.9996821880340576,
                    -0.0251756701618433,
                    -0.0013585144188255072
                ],
                [
                    0.024922868236899376,
                    0.9949109554290771,
                    -0.0976267009973526
                ],
                [
                    0.003809420857578516,
                    0.0975618064403534,
                    0.9952222108840942
                ]
            ],
            [
                [
                    0.983616054058075,
                    -0.1801362931728363,
                    0.007092996500432491
                ],
                [
                    0.17549484968185425,
                    0.9657896757125854,
                    0.19092348217964172
                ],
                [
                    -0.04124259576201439,
                    -0.18655063211917877,
                    0.9815792441368103
                ]
            ],
            [
                [
                    0.985748291015625,
                    0.16752104461193085,
                    0.01539421547204256
                ],
                [
                    -0.16744932532310486,
                    0.9682872295379639,
                    0.18541981279850006
                ],
                [
                    0.016155701130628586,
                    -0.1853550225496292,
                    0.9825387597084045
                ]
            ],
            [
                [
                    0.950567901134491,
                    -0.10305949300527573,
                    -0.2929154932498932
                ],
                [
                    0.09649928659200668,
                    0.994652509689331,
                    -0.036799926310777664
                ],
                [
                    0.29514172673225403,
                    0.006714690010994673,
                    0.9554299116134644
                ]
            ],
            [
                [
                    0.9388806223869324,
                    0.3390085697174072,
                    0.059802621603012085
                ],
                [
                    -0.33508482575416565,
                    0.9398114085197449,
                    -0.06687799841165543
                ],
                [
                    -0.07887540012598038,
                    0.042751509696245193,
                    0.9959673285484314
                ]
            ],
            [
                [
                    0.9496268033981323,
                    -0.310685396194458,
                    0.04103057086467743
                ],
                [
                    0.31203845143318176,
                    0.9495283961296082,
                    -0.03206033632159233
                ],
                [
                    -0.02899901382625103,
                    0.04324847087264061,
                    0.9986433982849121
                ]
            ],
            [
                [
                    0.9624691605567932,
                    -0.13198931515216827,
                    -0.23713262379169464
                ],
                [
                    0.0825384184718132,
                    0.974738359451294,
                    -0.2075394093990326
                ],
                [
                    0.258535236120224,
                    0.1801777482032776,
                    0.9490497708320618
                ]
            ],
            [
                [
                    0.43866613507270813,
                    0.8647924661636353,
                    -0.24434837698936462
                ],
                [
                    -0.8941754698753357,
                    0.4471372663974762,
                    -0.022769203409552574
                ],
                [
                    0.08956662565469742,
                    0.22847841680049896,
                    0.9694201946258545
                ]
            ],
            [
                [
                    0.43264469504356384,
                    -0.8278222680091858,
                    0.35711202025413513
                ],
                [
                    0.8969653844833374,
                    0.435188889503479,
                    -0.07787002623081207
                ],
                [
                    -0.09094864130020142,
                    0.35400718450546265,
                    0.9308100938796997
                ]
            ],
            [
                [
                    0.2665788531303406,
                    -0.3736148476600647,
                    -0.888452410697937
                ],
                [
                    0.22436277568340302,
                    0.9205412268638611,
                    -0.31978926062583923
                ],
                [
                    0.9373351335525513,
                    -0.1140865907073021,
                    0.32922208309173584
                ]
            ],
            [
                [
                    0.12281271815299988,
                    0.4470269978046417,
                    0.8860496282577515
                ],
                [
                    0.006407289765775204,
                    0.8924325108528137,
                    -0.45113539695739746
                ],
                [
                    -0.9924092292785645,
                    0.061082351952791214,
                    0.10673782974481583
                ]
            ],
            [
                [
                    0.9855021238327026,
                    -0.1663721799850464,
                    -0.03325381875038147
                ],
                [
                    0.16818886995315552,
                    0.9837716817855835,
                    0.06249724701046944
                ],
                [
                    0.022316360846161842,
                    -0.06718409806489944,
                    0.9974910020828247
                ]
            ],
            [
                [
                    0.9847732186317444,
                    0.15939360857009888,
                    0.06939253211021423
                ],
                [
                    -0.16189879179000854,
                    0.9862858653068542,
                    0.032077521085739136
                ],
                [
                    -0.06332792341709137,
                    -0.04282365366816521,
                    0.9970735311508179
                ]
            ],
            [
                [
                    0.9620468616485596,
                    0.2583574056625366,
                    -0.08784801512956619
                ],
                [
                    -0.24302798509597778,
                    0.9575919508934021,
                    0.1547745317220688
                ],
                [
                    0.12410968542098999,
                    -0.12755082547664642,
                    0.984036386013031
                ]
            ],
            [
                [
                    0.9690156579017639,
                    -0.23203428089618683,
                    0.08466795086860657
                ],
                [
                    0.2184641808271408,
                    0.9650826454162598,
                    0.14452992379665375
                ],
                [
                    -0.1152474656701088,
                    -0.12155485898256302,
                    0.9858713746070862
                ]
            ]
        ],
        "betas": [
            0.0060982853174209595,
            -0.08196109533309937,
            0.23534265160560608,
            0.4084245264530182,
            0.032882124185562134,
            0.033129725605249405,
            0.023752152919769287,
            -0.06365302205085754,
            0.054494574666023254,
            -0.010440796613693237
        ]
    },
    "pred_cam_t": [
        0.002616608515381813,
        0.18031376600265503,
        34.13774871826172
    ],
    "focal_length": [
        5000.0,
        5000.0
    ],
    "pred_keypoints_3d": [
        [
            0.023946374654769897,
            -0.7827593684196472,
            -0.22292464971542358
        ],
        [
            0.1027037650346756,
            -0.7253275513648987,
            -0.05739018693566322
        ],
        [
            -0.09216777980327606,
            -0.6691522598266602,
            -0.022715646773576736
        ],
        [
            -0.16173680126667023,
            -0.44478559494018555,
            0.07112358510494232
        ],
        [
            -0.09347169101238251,
            -0.32251548767089844,
            -0.14048504829406738
        ],
        [
            0.2630777657032013,
            -0.6083109378814697,
            -0.019980240613222122
        ],
        [
            0.2448667287826538,
            -0.37459099292755127,
            0.09108097851276398
        ],
        [
            0.2477395236492157,
            -0.2362598329782486,
            -0.11489693820476532
        ],
        [
            -0.002096314914524555,
            -0.22891056537628174,
            0.02836323156952858
        ],
        [
            -0.08732211589813232,
            -0.15492233633995056,
            0.037827711552381516
        ],
        [
            -0.19705015420913696,
            0.2062300145626068,
            -0.01716020330786705
        ],
        [
            -0.21933694183826447,
            0.5289500951766968,
            0.21361160278320312
        ],
        [
            0.045766208320856094,
            -0.12462905049324036,
            0.03867229074239731
        ],
        [
            0.011504191905260086,
            0.242666095495224,
            -0.01726265251636505
        ],
        [
            -0.0576433502137661,
            0.5698695182800293,
            0.19650264084339142
        ],
        [
            0.01530998945236206,
            -0.8353846073150635,
            -0.19188015162944794
        ],
        [
            0.06771163642406464,
            -0.8246313333511353,
            -0.23146368563175201
        ],
        [
            0.040485285222530365,
            -0.8563966751098633,
            -0.09396465867757797
        ],
        [
            0.15891505777835846,
            -0.8320475220680237,
            -0.18061581254005432
        ],
        [
            -0.07973682135343552,
            0.6922186613082886,
            0.039831727743148804
        ],
        [
            -0.012100469321012497,
            0.6918203234672546,
            0.0901484489440918
        ],
        [
            -0.055983833968639374,
            0.5798503756523132,
            0.26635414361953735
        ],
        [
            -0.24147450923919678,
            0.6613208055496216,
            0.06772002577781677
        ],
        [
            -0.3098011314868927,
            0.6357743740081787,
            0.11749586462974548
        ],
        [
            -0.21834611892700195,
            0.540910542011261,
            0.2863050103187561
        ],
        [
            -0.23406699299812317,
            0.4714641571044922,
            0.21401147544384003
        ],
        [
            -0.18238964676856995,
            0.1462448686361313,
            -0.01900901459157467
        ],
        [
            -0.13872495293617249,
            -0.29400205612182617,
            0.040700651705265045
        ],
        [
            0.1444123536348343,
            -0.21448713541030884,
            0.05109900236129761
        ],
        [
            0.02855442278087139,
            0.20461587607860565,
            -0.017604343593120575
        ],
        [
            -0.04081857576966286,
            0.5309916138648987,
            0.2049148678779602
        ],
        [
            -0.08068007975816727,
            -0.3590734899044037,
            -0.13181504607200623
        ],
        [
            -0.1817372739315033,
            -0.4669269621372223,
            0.03521186113357544
        ],
        [
            -0.051282159984111786,
            -0.6921690106391907,
            -0.028372105211019516
        ],
        [
            0.2359761893749237,
            -0.643709659576416,
            -0.027583874762058258
        ],
        [
            0.2842146158218384,
            -0.39257293939590454,
            0.05725964903831482
        ],
        [
            0.25589364767074585,
            -0.2592775225639343,
            -0.1119912713766098
        ],
        [
            0.10261169075965881,
            -0.7171446681022644,
            -0.06015130504965782
        ],
        [
            0.08937278389930725,
            -0.8897590041160583,
            -0.16823412477970123
        ],
        [
            0.0036423588171601295,
            -0.2539939284324646,
            0.04577673226594925
        ],
        [
            0.09123808890581131,
            -0.6654942035675049,
            -0.03147951886057854
        ],
        [
            0.06085343658924103,
            -0.4975561797618866,
            0.024219142273068428
        ],
        [
            0.07556577026844025,
            -0.7762362360954285,
            -0.16246503591537476
        ],
        [
            0.08932536840438843,
            -0.9111067652702332,
            -0.16462525725364685
        ]
    ],
    "pred_vertices": [
        [
            0.07573366165161133,
            -0.8667275905609131,
            -0.2542426288127899
        ],
        [
            0.06764142960309982,
            -0.8522301316261292,
            -0.25114086270332336
        ],
        [
            0.08200172334909439,
            -0.8496577739715576,
            -0.24997153878211975
        ],
        [
            0.09176532924175262,
            -0.8615004420280457,
            -0.2490997463464737
        ],
        [
            0.07574088871479034,
            -0.8402549028396606,
            -0.24842415750026703
        ],
        [
            0.06321059912443161,
            -0.8414486646652222,
            -0.24821102619171143
        ],
        [
            0.09404662996530533,
            -0.8456432819366455,
            -0.2437991350889206
        ],
        [
            0.10406682640314102,
            -0.8539367914199829,
            -0.24106630682945251
        ],
        [
            0.10648831725120544,
            -0.8139946460723877,
            -0.2263859659433365
        ],
        [
            0.11552232503890991,
            -0.8113383054733276,
            -0.21974733471870422
        ],
        [
            0.1145671159029007,
            -0.8223026990890503,
            -0.22549724578857422
        ],
        [
            0.10490581393241882,
            -0.8224169015884399,
            -0.22967559099197388
        ],
        [
            0.10921400040388107,
            -0.7904199361801147,
            -0.21452397108078003
        ],
        [
            0.09949097782373428,
            -0.780351996421814,
            -0.21445485949516296
        ],
        [
            0.10774669796228409,
            -0.7740169763565063,
            -0.20525625348091125
        ],
        [
            0.11691009998321533,
            -0.7838833332061768,
            -0.20404845476150513
        ],
        [
            0.05792918801307678,
            -0.7926691770553589,
            -0.2185174822807312
        ],
        [
            0.06344936788082123,
            -0.7856251001358032,
            -0.21897470951080322
        ],
        [
            0.06670887023210526,
            -0.7916167378425598,
            -0.22272494435310364
        ],
        [
            0.06085315719246864,
            -0.7980272769927979,
            -0.22134169936180115
        ],
        [
            0.04645915329456329,
            -0.8019615411758423,
            -0.2207624912261963
        ],
        [
            0.049083366990089417,
            -0.8079091310501099,
            -0.2205335795879364
        ],
        [
            0.04206561669707298,
            -0.8109962940216064,
            -0.22283506393432617
        ],
        [
            0.03957132622599602,
            -0.8039484024047852,
            -0.22421413660049438
        ],
        [
            0.053740981966257095,
            -0.7886148691177368,
            -0.2136063426733017
        ],
        [
            0.05989428982138634,
            -0.7813405394554138,
            -0.21402283012866974
        ],
        [
            0.05287659168243408,
            -0.7985017895698547,
            -0.21854811906814575
        ],
        [
            0.050329919904470444,
            -0.7940821051597595,
            -0.21787849068641663
        ],
        [
            0.04212509095668793,
            -0.7860274910926819,
            -0.22222800552845
        ],
        [
            0.04405277967453003,
            -0.7906539440155029,
            -0.22337613999843597
        ],
        [
            0.037085890769958496,
            -0.7905110716819763,
            -0.22696802020072937
        ],
        [
            0.036648400127887726,
            -0.785667896270752,
            -0.22409161925315857
        ],
        [
            0.04976699873805046,
            -0.7874782085418701,
            -0.21640872955322266
        ],
        [
            0.04842804744839668,
            -0.7894033193588257,
            -0.21979188919067383
        ],
        [
            0.04520919546484947,
            -0.7856472730636597,
            -0.21904629468917847
        ],
        [
            0.046105362474918365,
            -0.7847121357917786,
            -0.2150767743587494
        ],
        [
            0.04436097294092178,
            -0.7973106503486633,
            -0.2212429791688919
        ],
        [
            0.037876956164836884,
            -0.7977311611175537,
            -0.22549815475940704
        ],
        [
            0.030474942177534103,
            -0.7978959083557129,
            -0.22920358180999756
        ],
        [
            0.029656052589416504,
            -0.7889842391014099,
            -0.22980526089668274
        ],
        [
            0.07736836373806,
            -0.7726943492889404,
            -0.2154165655374527
        ],
        [
            0.06999844312667847,
            -0.7789006233215332,
            -0.21831537783145905
        ],
        [
            0.06609528511762619,
            -0.775040864944458,
            -0.21398386359214783
        ],
        [
            0.07214601337909698,
            -0.7698184251785278,
            -0.2125384509563446
        ],
        [
            0.04939514398574829,
            -0.7823430299758911,
            -0.21220852434635162
        ],
        [
            0.053587932139635086,
            -0.7666236162185669,
            -0.20922859013080597
        ],
        [
            0.05337967723608017,
            -0.7700707912445068,
            -0.2109125256538391
        ],
        [
            0.04605411738157272,
            -0.770764172077179,
            -0.2108457237482071
        ],
        [
            0.046882763504981995,
            -0.7674727439880371,
            -0.2095441222190857
        ],
        [
            0.0875684916973114,
            -0.7607272863388062,
            -0.20626695454120636
        ],
        [
            0.08026377856731415,
            -0.7593212127685547,
            -0.20652160048484802
        ],
        [
            0.0827169418334961,
            -0.7533865571022034,
            -0.2022741138935089
        ],
        [
            0.09048393368721008,
            -0.7539918422698975,
            -0.2001945674419403
        ],
        [
            0.08224642276763916,
            -0.7484418749809265,
            -0.19827216863632202
        ],
        [
            0.09222875535488129,
            -0.7475736737251282,
            -0.19424830377101898
        ],
        [
            0.08562541007995605,
            -0.735701322555542,
            -0.1848124861717224
        ],
        [
            0.0893329381942749,
            -0.7408838272094727,
            -0.189053013920784
        ],
        [
            0.07918543368577957,
            -0.7436614036560059,
            -0.1946752667427063
        ],
        [
            0.07321640849113464,
            -0.7389375567436218,
            -0.19260883331298828
        ],
        [
            0.05736478418111801,
            -0.7430036067962646,
            -0.19410458207130432
        ],
        [
            0.05106491968035698,
            -0.741923987865448,
            -0.1926538646221161
        ],
        [
            0.05710233002901077,
            -0.7302780151367188,
            -0.18971601128578186
        ],
        [
            0.06484155356884003,
            -0.7336843013763428,
            -0.19118212163448334
        ],
        [
            0.05616971105337143,
            -0.7623257637023926,
            -0.20356279611587524
        ],
        [
            0.06102035939693451,
            -0.7625985145568848,
            -0.2035161703824997
        ],
        [
            0.05979225039482117,
            -0.7632683515548706,
            -0.20593740046024323
        ],
        [
            0.0544205978512764,
            -0.7639974355697632,
            -0.20662710070610046
        ],
        [
            0.06504063308238983,
            -0.7622641324996948,
            -0.20394623279571533
        ],
        [
            0.06682199239730835,
            -0.7619855999946594,
            -0.20418232679367065
        ],
        [
            0.06584713608026505,
            -0.7628922462463379,
            -0.20544303953647614
        ],
        [
            0.06440433114767075,
            -0.7629144787788391,
            -0.20453724265098572
        ],
        [
            0.062492042779922485,
            -0.7627254128456116,
            -0.20384691655635834
        ],
        [
            0.0616043359041214,
            -0.7609406113624573,
            -0.20299266278743744
        ],
        [
            0.06413868069648743,
            -0.761518120765686,
            -0.2035926729440689
        ],
        [
            0.057126179337501526,
            -0.7599164843559265,
            -0.20298166573047638
        ],
        [
            0.042658790946006775,
            -0.7574460506439209,
            -0.2017436921596527
        ],
        [
            0.04646116867661476,
            -0.7576830387115479,
            -0.2027445137500763
        ],
        [
            0.04546160623431206,
            -0.7623721361160278,
            -0.20269784331321716
        ],
        [
            0.042237795889377594,
            -0.7624571919441223,
            -0.2019968032836914
        ],
        [
            0.06329139322042465,
            -0.7645636796951294,
            -0.20661339163780212
        ],
        [
            0.06558546423912048,
            -0.7655872106552124,
            -0.20813672244548798
        ],
        [
            0.06028994172811508,
            -0.7677223682403564,
            -0.20974819362163544
        ],
        [
            0.059899117797613144,
            -0.7655389308929443,
            -0.20763537287712097
        ],
        [
            0.06777563691139221,
            -0.7669658660888672,
            -0.21014496684074402
        ],
        [
            0.06800137460231781,
            -0.7638387680053711,
            -0.2066284567117691
        ],
        [
            0.07106801867485046,
            -0.7641701698303223,
            -0.20824643969535828
        ],
        [
            0.06653114408254623,
            -0.7603635787963867,
            -0.20330390334129333
        ],
        [
            0.0697203204035759,
            -0.7586885690689087,
            -0.20311832427978516
        ],
        [
            0.0694015696644783,
            -0.7608358860015869,
            -0.20507586002349854
        ],
        [
            0.06808006763458252,
            -0.7558645009994507,
            -0.20117387175559998
        ],
        [
            0.06402067840099335,
            -0.7586801052093506,
            -0.20214413106441498
        ],
        [
            0.059653423726558685,
            -0.7567247152328491,
            -0.20175312459468842
        ],
        [
            0.05393770709633827,
            -0.7548998594284058,
            -0.20145446062088013
        ],
        [
            0.05801711231470108,
            -0.7507668733596802,
            -0.19882483780384064
        ],
        [
            0.06386075913906097,
            -0.7530708312988281,
            -0.19987176358699799
        ],
        [
            0.06230553239583969,
            -0.7713056802749634,
            -0.21174849569797516
        ],
        [
            0.07403603196144104,
            -0.760033130645752,
            -0.2057424634695053
        ],
        [
            0.07658311724662781,
            -0.7655516862869263,
            -0.20983213186264038
        ],
        [
            0.07495346665382385,
            -0.7557985782623291,
            -0.20314936339855194
        ],
        [
            0.07384827733039856,
            -0.7520266771316528,
            -0.20013324916362762
        ],
        [
            0.07041343301534653,
            -0.7484644651412964,
            -0.19768506288528442
        ],
        [
            0.06390410661697388,
            -0.7454425096511841,
            -0.19584478437900543
        ],
        [
            0.06646425276994705,
            -0.7248854637145996,
            -0.17922112345695496
        ],
        [
            0.07559023052453995,
            -0.7294341325759888,
            -0.18221569061279297
        ],
        [
            0.06315968930721283,
            -0.8354306221008301,
            -0.24208956956863403
        ],
        [
            0.07208439707756042,
            -0.8341072797775269,
            -0.2445264458656311
        ],
        [
            0.07551068067550659,
            -0.8282970786094666,
            -0.23809775710105896
        ],
        [
            0.07680564373731613,
            -0.8301852941513062,
            -0.23972833156585693
        ],
        [
            0.07063442468643188,
            -0.8312973380088806,
            -0.2401045560836792
        ],
        [
            0.07073190808296204,
            -0.8290182948112488,
            -0.23808220028877258
        ],
        [
            0.095882847905159,
            -0.8237154483795166,
            -0.2313491851091385
        ],
        [
            0.08904879540205002,
            -0.8248596787452698,
            -0.2328130602836609
        ],
        [
            0.09048516303300858,
            -0.8215972781181335,
            -0.2306831181049347
        ],
        [
            0.09803420305252075,
            -0.8173494338989258,
            -0.22962221503257751
        ],
        [
            0.08048653602600098,
            -0.8135929107666016,
            -0.2291792631149292
        ],
        [
            0.08597797900438309,
            -0.8150801658630371,
            -0.2295355498790741
        ],
        [
            0.08081052452325821,
            -0.8211244344711304,
            -0.231846421957016
        ],
        [
            0.0768275186419487,
            -0.8200035095214844,
            -0.23167739808559418
        ],
        [
            0.07257621735334396,
            -0.8195938467979431,
            -0.23096662759780884
        ],
        [
            0.06836536526679993,
            -0.8198527097702026,
            -0.22974133491516113
        ],
        [
            0.06913204491138458,
            -0.8150622844696045,
            -0.22739586234092712
        ],
        [
            0.07446303963661194,
            -0.8138783574104309,
            -0.22844167053699493
        ],
        [
            0.06425178050994873,
            -0.8330174684524536,
            -0.23775959014892578
        ],
        [
            0.05852077156305313,
            -0.8335168361663818,
            -0.23337286710739136
        ],
        [
            0.060172826051712036,
            -0.8307913541793823,
            -0.23243199288845062
        ],
        [
            0.06478619575500488,
            -0.830100417137146,
            -0.23648010194301605
        ],
        [
            0.05500703677535057,
            -0.8280597925186157,
            -0.2205212116241455
        ],
        [
            0.05531610921025276,
            -0.8298817276954651,
            -0.2229025661945343
        ],
        [
            0.051637742668390274,
            -0.8314462900161743,
            -0.2223042994737625
        ],
        [
            0.0515727624297142,
            -0.8275570869445801,
            -0.2195759415626526
        ],
        [
            0.05351566523313522,
            -0.8242847919464111,
            -0.21984246373176575
        ],
        [
            0.05584688112139702,
            -0.8260862231254578,
            -0.22097739577293396
        ],
        [
            0.06835442781448364,
            -0.8889356851577759,
            -0.25546589493751526
        ],
        [
            0.0604611411690712,
            -0.8713812232017517,
            -0.2539229691028595
        ],
        [
            0.08836650848388672,
            -0.88344806432724,
            -0.2523229420185089
        ],
        [
            0.10303068161010742,
            -0.8753172159194946,
            -0.24487824738025665
        ],
        [
            0.11517038941383362,
            -0.8637428879737854,
            -0.2369449883699417
        ],
        [
            0.09735648334026337,
            -0.7658923864364624,
            -0.20590747892856598
        ],
        [
            0.10267819464206696,
            -0.7589747905731201,
            -0.19849584996700287
        ],
        [
            0.11555421352386475,
            -0.7683897018432617,
            -0.19584932923316956
        ],
        [
            0.1176246777176857,
            -0.7603390216827393,
            -0.18665292859077454
        ],
        [
            0.10440828651189804,
            -0.7508235573768616,
            -0.19038307666778564
        ],
        [
            0.09652393311262131,
            -0.7364329099655151,
            -0.1745622307062149
        ],
        [
            0.10237691551446915,
            -0.7427870035171509,
            -0.1820603907108307
        ],
        [
            0.11754568666219711,
            -0.7535993456840515,
            -0.17523884773254395
        ],
        [
            0.13128447532653809,
            -0.7685775756835938,
            -0.17156098783016205
        ],
        [
            0.12878979742527008,
            -0.7723841071128845,
            -0.18382185697555542
        ],
        [
            0.14087560772895813,
            -0.7862437963485718,
            -0.16934961080551147
        ],
        [
            0.13545486330986023,
            -0.7652649283409119,
            -0.15607067942619324
        ],
        [
            0.14426881074905396,
            -0.7879490852355957,
            -0.15992650389671326
        ],
        [
            0.12513285875320435,
            -0.7315306067466736,
            -0.137600839138031
        ],
        [
            0.12977652251720428,
            -0.7223919630050659,
            -0.12954920530319214
        ],
        [
            0.1435757577419281,
            -0.7321114540100098,
            -0.1224813461303711
        ],
        [
            0.14069238305091858,
            -0.7408145666122437,
            -0.1322254091501236
        ],
        [
            0.1242734044790268,
            -0.7774667739868164,
            -0.19387391209602356
        ],
        [
            0.11996658891439438,
            -0.83416748046875,
            -0.22396539151668549
        ],
        [
            0.10991466045379639,
            -0.8312840461730957,
            -0.23062387108802795
        ],
        [
            0.1243714690208435,
            -0.8230867385864258,
            -0.21783162653446198
        ],
        [
            0.1301221251487732,
            -0.895902693271637,
            -0.2312440276145935
        ],
        [
            0.11604839563369751,
            -0.8869466781616211,
            -0.24009239673614502
        ],
        [
            0.12626375257968903,
            -0.8734562993049622,
            -0.2335277795791626
        ],
        [
            0.13842932879924774,
            -0.8836104869842529,
            -0.2261805683374405
        ],
        [
            0.10081462562084198,
            -0.9303103685379028,
            -0.23505671322345734
        ],
        [
            0.08487729728221893,
            -0.911560595035553,
            -0.24855126440525055
        ],
        [
            0.0997280403971672,
            -0.9009760022163391,
            -0.2452840805053711
        ],
        [
            0.11416657269001007,
            -0.9152796268463135,
            -0.23525401949882507
        ],
        [
            0.1472197324037552,
            -0.8886692523956299,
            -0.21741029620170593
        ],
        [
            0.15888085961341858,
            -0.8955495953559875,
            -0.20395871996879578
        ],
        [
            0.15862353146076202,
            -0.9133365154266357,
            -0.20233280956745148
        ],
        [
            0.14385691285133362,
            -0.9068819284439087,
            -0.21864716708660126
        ],
        [
            0.15133050084114075,
            -0.9361339807510376,
            -0.1973298192024231
        ],
        [
            0.13392338156700134,
            -0.9290120601654053,
            -0.21729455888271332
        ],
        [
            0.1490403413772583,
            -0.7783538699150085,
            -0.1434873342514038
        ],
        [
            0.150921031832695,
            -0.7962361574172974,
            -0.15102770924568176
        ],
        [
            0.13626815378665924,
            -0.751611590385437,
            -0.14398854970932007
        ],
        [
            0.14870938658714294,
            -0.763512134552002,
            -0.13473208248615265
        ],
        [
            0.1385694444179535,
            -0.9551767110824585,
            -0.18868689239025116
        ],
        [
            0.11885887384414673,
            -0.947445273399353,
            -0.2134672999382019
        ],
        [
            0.17883409559726715,
            -0.8917531967163086,
            -0.15234528481960297
        ],
        [
            0.17587366700172424,
            -0.9056646823883057,
            -0.16674211621284485
        ],
        [
            0.17207767069339752,
            -0.8877354264259338,
            -0.177452951669693
        ],
        [
            0.17606550455093384,
            -0.8773324489593506,
            -0.16280195116996765
        ],
        [
