{
    "pred_cam": [
        1.1382652521133423,
        0.006415436044335365,
        0.17472195625305176
    ],
    "pred_smpl_params": {
        "global_orient": [
            [
                [
                    0.9757933616638184,
                    0.2174277901649475,
                    -0.02350456267595291
                ],
                [
                    0.21843264997005463,
                    -0.974237859249115,
                    0.05610588565468788
                ],
                [
                    -0.010700053535401821,
                    -0.05988191440701485,
                    -0.9981481432914734
                ]
            ]
        ],
        "body_pose": [
            [
                [
                    0.998985767364502,
                    -0.04397471621632576,
                    -0.00967202614992857
                ],
                [
                    0.04502453655004501,
                    0.9772563576698303,
                    0.2072264403104782
                ],
                [
                    0.0003393244987819344,
                    -0.20745176076889038,
                    0.9782451391220093
                ]
            ],
            [
                [
                    0.9999373555183411,
                    -0.009870970621705055,
                    0.005286038387566805
                ],
                [
                    0.008371510542929173,
                    0.9725563526153564,
                    0.23251648247241974
                ],
                [
                    -0.00743613438680768,
                    -0.23245763778686523,
                    0.9725780487060547
                ]
            ],
            [
                [
                    0.999828040599823,
                    0.016711104661226273,
                    0.008040869608521461
                ],
                [
                    -0.014620118774473667,
                    0.9770269393920898,
                    -0.21261374652385712
                ],
                [
                    -0.011409157887101173,
                    0.21245962381362915,
                    0.9771032333374023
                ]
            ],
            [
                [
                    0.9950234889984131,
                    0.006664980668574572,
                    -0.0994173139333725
                ],
                [
                    -0.061532530933618546,
                    0.8258755207061768,
                    -0.5604850053787231
                ],
                [
                    0.07837072014808655,
                    0.5638131499290466,
                    0.8221756815910339
                ]
            ],
            [
                [
                    0.9936729669570923,
                    -0.09994611144065857,
                    0.051232919096946716
                ],
                [
                    0.10977376997470856,
                    0.7678423523902893,
                    -0.6311638951301575
                ],
                [
                    0.02374356798827648,
                    0.6327944993972778,
                    0.7739556431770325
                ]
            ],
            [
                [
                    0.9991486072540283,
                    -0.03398725017905235,
                    0.023385312408208847
                ],
                [
                    0.03409380093216896,
                    0.9994099140167236,
                    -0.004172629211097956
                ],
                [
                    -0.023229697719216347,
                    0.004966370761394501,
                    0.9997177720069885
                ]
            ],
            [
                [
                    0.9841943979263306,
                    0.08069292455911636,
                    0.15763849020004272
                ],
                [
                    -0.0855443999171257,
                    0.9960397481918335,
                    0.024226445704698563
                ],
                [
                    -0.1550593078136444,
                    -0.03732863441109657,
                    0.9871995449066162
                ]
            ],
            [
                [
                    0.9851477742195129,
                    -0.055617086589336395,
                    -0.1624520719051361
                ],
                [
                    0.05643939599394798,
                    0.998405933380127,
                    0.0004476835601963103
                ],
                [
                    0.1621682047843933,
                    -0.009609732776880264,
                    0.9867163896560669
                ]
            ],
            [
                [
                    0.9996394515037537,
                    -0.026720678433775902,
                    0.0026185798924416304
                ],
                [
                    0.02684817835688591,
                    0.9954434037208557,
                    -0.09149634838104248
                ],
                [
                    -0.00016180487000383437,
                    0.09153366833925247,
                    0.9958019256591797
                ]
            ],
            [
                [
                    0.9829525351524353,
                    -0.18327248096466064,
                    0.014678477309644222
                ],
                [
                    0.17741501331329346,
                    0.9664238095283508,
                    0.18587340414524078
                ],
                [
                    -0.048251111060380936,
                    -0.18010057508945465,
                    0.9824640154838562
                ]
            ],
            [
                [
                    0.9870479106903076,
                    0.1589536815881729,
                    0.021683696657419205
                ],
                [
                    -0.1602286547422409,
                    0.9700881242752075,
                    0.1823621243238449
                ],
                [
                    0.007952035404741764,
                    -0.18347449600696564,
                    0.98299241065979
                ]
            ],
            [
                [
                    0.9755045771598816,
                    -0.0969306081533432,
                    -0.19747225940227509
                ],
                [
                    0.090912364423275,
                    0.9950816035270691,
                    -0.03933936730027199
                ],
                [
                    0.20031419396400452,
                    0.02042306214570999,
                    0.9795188307762146
                ]
            ],
            [
                [
                    0.9409508109092712,
                    0.3351067900657654,
                    0.04811455309391022
                ],
                [
                    -0.3323541581630707,
                    0.941423237323761,
                    -0.057122040539979935
                ],
                [
                    -0.06443814188241959,
                    0.037757955491542816,
                    0.9972071051597595
                ]
            ],
            [
                [
                    0.9504364728927612,
                    -0.30777299404144287,
                    0.04411682114005089
                ],
                [
                    0.3092045187950134,
                    0.9505124092102051,
                    -0.030310526490211487
                ],
                [
                    -0.032604824751615524,
                    0.04244935140013695,
                    0.9985664486885071
                ]
            ],
            [
                [
                    0.9826937317848206,
                    -0.09987497329711914,
                    -0.15600678324699402
                ],
                [
                    0.06630641222000122,
                    0.9760497808456421,
                    -0.20719654858112335
                ],
                [
                    0.17296411097049713,
                    0.19326648116111755,
                    0.9657803773880005
                ]
            ],
            [
                [
                    0.4350484013557434,
                    0.8656101226806641,
                    -0.24789513647556305
                ],
                [
                    -0.8951007127761841,
                    0.4456166923046112,
                    -0.014851901680231094
                ],
                [
                    0.09761026501655579,
                    0.2283523678779602,
                    0.968673050403595
                ]
            ],
            [
                [
                    0.4313313066959381,
                    -0.8291340470314026,
                    0.35565438866615295
                ],
                [
                    0.8954829573631287,
                    0.4414452910423279,
                    -0.0568884015083313
                ],
                [
                    -0.10983381420373917,
                    0.3430202305316925,
                    0.9328845739364624
                ]
            ],
            [
                [
                    0.2656688094139099,
                    -0.3777311444282532,
                    -0.8869832754135132
                ],
                [
                    0.2146964818239212,
                    0.920121967792511,
                    -0.3275378346443176
                ],
                [
                    0.9398540258407593,
                    -0.1034156084060669,
                    0.3255452513694763
                ]
            ],
            [
                [
                    0.11741999536752701,
                    0.4395883083343506,
                    0.890491247177124
                ],
                [
                    -0.014515996910631657,
                    0.897358238697052,
                    -0.44106408953666687
                ],
                [
                    -0.9929762482643127,
                    0.03886337950825691,
                    0.11174885928630829
                ]
            ],
            [
                [
                    0.9849074482917786,
                    -0.1709594577550888,
                    -0.02702302485704422
                ],
                [
                    0.17232760787010193,
                    0.9831503033638,
                    0.060980863869190216
                ],
                [
                    0.01614243909716606,
                    -0.06471731513738632,
                    0.9977731108665466
                ]
            ],
            [
                [
                    0.9856564402580261,
                    0.15764573216438293,
                    0.06024307757616043
                ],
                [
                    -0.16030149161815643,
                    0.9861695170402527,
                    0.04210931435227394
                ],
                [
                    -0.05277152732014656,
                    -0.05116237327456474,
                    0.9972952008247375
                ]
            ],
            [
                [
                    0.9622067213058472,
                    0.2570746839046478,
                    -0.08983789384365082
                ],
                [
                    -0.24123278260231018,
                    0.9577134251594543,
                    0.15681712329387665
                ],
                [
                    0.1263526827096939,
                    -0.12921863794326782,
                    0.9835331439971924
                ]
            ],
            [
                [
                    0.9682299494743347,
                    -0.23499001562595367,
                    0.08550172299146652
                ],
                [
                    0.22140361368656158,
                    0.9645362496376038,
                    0.14370205998420715
                ],
                [
                    -0.1162380501627922,
                    -0.12020623683929443,
                    0.9859205484390259
                ]
            ]
        ],
        "betas": [
            -0.023902326822280884,
            -0.1065061092376709,
            0.1582305133342743,
            0.2355286180973053,
            0.033979982137680054,
            0.0457635261118412,
            0.030127763748168945,
            -0.0758245587348938,
            0.05161537230014801,
            -0.024093300104141235
        ]
    },
    "pred_cam_t": [
        0.006415436044335365,
        0.17472195625305176,
        34.31757354736328
    ],
    "focal_length": [
        5000.0,
        5000.0
    ],
    "pred_keypoints_3d": [
        [
            0.04639376699924469,
            -0.7622373104095459,
            -0.24448448419570923
        ],
        [
            0.10059358179569244,
            -0.718296468257904,
            -0.06553806364536285
        ],
        [
            -0.09346000850200653,
            -0.6622486710548401,
            -0.03241554647684097
        ],
        [
            -0.1626972109079361,
            -0.437483012676239,
            0.06138819456100464
        ],
        [
            -0.0962948277592659,
            -0.31744998693466187,
            -0.15213561058044434
        ],
        [
            0.261096715927124,
            -0.6037911176681519,
            -0.025729116052389145
        ],
        [
            0.2434769570827484,
            -0.3705180287361145,
            0.08663283288478851
        ],
        [
            0.24459287524223328,
            -0.23173846304416656,
            -0.11892172694206238
        ],
        [
            -0.0019401630852371454,
            -0.22668994963169098,
            0.028674129396677017
        ],
        [
            -0.08774121850728989,
            -0.15321218967437744,
            0.03895336389541626
        ],
        [
            -0.2034473568201065,
            0.20583221316337585,
            -0.018146473914384842
        ],
        [
            -0.21782085299491882,
            0.5297375321388245,
            0.21203026175498962
        ],
        [
            0.046146124601364136,
            -0.1224435418844223,
            0.04004606977105141
        ],
        [
            0.014429599046707153,
            0.24599586427211761,
            -0.011389195919036865
        ],
        [
            -0.053019098937511444,
            0.5750346779823303,
            0.20058763027191162
        ],
        [
            0.02928854525089264,
            -0.8156677484512329,
            -0.2193264663219452
        ],
        [
            0.0887971818447113,
            -0.8061473369598389,
            -0.24751771986484528
        ],
        [
            0.034231409430503845,
            -0.8435343503952026,
            -0.11982174217700958
        ],
        [
            0.16748282313346863,
            -0.8222085237503052,
            -0.18153074383735657
        ],
        [
            -0.07435479760169983,
            0.7002097368240356,
            0.04607279598712921
        ],
        [
            -0.00704038143157959,
            0.6980863809585571,
            0.09629818797111511
        ],
        [
            -0.05128663778305054,
            0.5840940475463867,
            0.27043280005455017
        ],
        [
            -0.24555648863315582,
            0.6605089902877808,
            0.06669184565544128
        ],
        [
            -0.31223422288894653,
            0.6355791687965393,
            0.11852225661277771
        ],
        [
            -0.214140385389328,
            0.5420794486999512,
            0.2844289243221283
        ],
        [
            -0.23241949081420898,
            0.47219735383987427,
            0.21314579248428345
        ],
        [
            -0.18842163681983948,
            0.14612933993339539,
            -0.019862832501530647
        ],
        [
            -0.1391741931438446,
            -0.29211825132369995,
            0.04085122421383858
        ],
        [
            0.14544248580932617,
            -0.21197780966758728,
            0.051633499562740326
        ],
        [
            0.03136235103011131,
            0.20775513350963593,
            -0.012061769142746925
        ],
        [
            -0.03657856956124306,
            0.5359470248222351,
            0.20899511873722076
        ],
        [
            -0.08388965576887131,
            -0.35390257835388184,
            -0.1435803323984146
        ],
        [
            -0.18298521637916565,
            -0.4595663249492645,
            0.025576366111636162
        ],
        [
            -0.05314572528004646,
            -0.684660017490387,
            -0.03886166214942932
        ],
        [
            0.2347206473350525,
            -0.6386376619338989,
            -0.033305078744888306
        ],
        [
            0.28275373578071594,
            -0.3884972035884857,
            0.05264316499233246
        ],
        [
            0.25269097089767456,
            -0.2546267509460449,
            -0.11628543585538864
        ],
        [
            0.1009778156876564,
            -0.7103658318519592,
            -0.06826017051935196
        ],
        [
            0.09458507597446442,
            -0.8758537769317627,
            -0.18560899794101715
        ],
        [
            0.003971673548221588,
            -0.2518710494041443,
            0.04617232829332352
        ],
        [
            0.08954554796218872,
            -0.6591565608978271,
            -0.03940263018012047
        ],
        [
            0.05973616987466812,
            -0.4932285249233246,
            0.020734800025820732
        ],
        [
            0.0855635479092598,
            -0.7624257206916809,
            -0.17500938475131989
        ],
        [
            0.09307074546813965,
            -0.8972623348236084,
            -0.18357405066490173
        ]
    ],
    "pred_vertices": [
        [
            0.09849220514297485,
            -0.8475980758666992,
            -0.2712005376815796
        ],
        [
            0.0906926766037941,
            -0.8328002691268921,
            -0.2686721682548523
        ],
        [
            0.10461502522230148,
            -0.8312121629714966,
            -0.2647024393081665
        ],
        [
            0.11345458775758743,
            -0.8436118364334106,
            -0.262850821018219
        ],
        [
            0.09870961308479309,
            -0.8214371800422668,
            -0.2637805938720703
        ],
        [
            0.08644981682300568,
            -0.8218812942504883,
            -0.2658703923225403
        ],
        [
            0.1154661476612091,
            -0.8282016515731812,
            -0.2562577724456787
        ],
        [
            0.12441868335008621,
            -0.8372920751571655,
            -0.25223541259765625
        ],
        [
            0.12613484263420105,
            -0.7982866764068604,
            -0.23476499319076538
        ],
        [
            0.13386031985282898,
            -0.7965869903564453,
            -0.22649776935577393
        ],
        [
            0.13325314223766327,
            -0.8072458505630493,
            -0.23294317722320557
        ],
        [
            0.1246316060423851,
            -0.8064351081848145,
            -0.23879551887512207
        ],
        [
            0.1276227980852127,
            -0.7756261229515076,
            -0.2212596982717514
        ],
        [
            0.11861731112003326,
            -0.7649967670440674,
            -0.22229072451591492
        ],
        [
            0.1251610815525055,
            -0.7597141265869141,
            -0.21140053868293762
        ],
        [
            0.13342414796352386,
            -0.7701653242111206,
            -0.20913133025169373
        ],
        [
            0.0783470943570137,
            -0.7744219303131104,
            -0.23458322882652283
        ],
        [
            0.0841025859117508,
            -0.7677700519561768,
            -0.23354074358940125
        ],
        [
            0.08772895485162735,
            -0.7737264633178711,
            -0.23699676990509033
        ],
        [
            0.08147749304771423,
            -0.7797918319702148,
            -0.2371416687965393
        ],
        [
            0.06706339865922928,
            -0.7828218936920166,
            -0.23951470851898193
        ],
        [
            0.06927844882011414,
            -0.7889273166656494,
            -0.23920729756355286
        ],
        [
            0.06269650161266327,
            -0.7914340496063232,
            -0.24295629560947418
        ],
        [
            0.06086857616901398,
            -0.7841963768005371,
            -0.24427400529384613
        ],
        [
            0.07354525476694107,
            -0.7703760862350464,
            -0.23028315603733063
        ],
        [
            0.07989287376403809,
            -0.7635889053344727,
            -0.2290249615907669
        ],
        [
            0.07317302376031876,
            -0.779874324798584,
            -0.23594367504119873
        ],
        [
            0.07069967687129974,
            -0.7753828763961792,
            -0.23543518781661987
        ],
        [
            0.06389866769313812,
            -0.7666122913360596,
            -0.24067983031272888
        ],
        [
            0.06577896326780319,
            -0.7712809443473816,
            -0.2417534589767456
        ],
        [
            0.05966603383421898,
            -0.7705143094062805,
            -0.24654221534729004
        ],
        [
            0.05893629416823387,
            -0.7657907009124756,
            -0.2434852123260498
        ],
        [
            0.07023484259843826,
            -0.768832266330719,
            -0.23366764187812805
        ],
        [
            0.06947696208953857,
            -0.770491361618042,
            -0.23734654486179352
        ],
        [
            0.0663587749004364,
            -0.7665945291519165,
            -0.2369527518749237
        ],
        [
            0.06650412827730179,
            -0.7659333944320679,
            -0.23283255100250244
        ],
        [
            0.06536766141653061,
            -0.778041422367096,
            -0.24001450836658478
        ],
        [
            0.059803761541843414,
            -0.7778258323669434,
            -0.2454223930835724
        ],
        [
            0.05324201285839081,
            -0.777338445186615,
            -0.25039422512054443
        ],
        [
            0.052948664873838425,
            -0.7684094905853271,
            -0.2505640387535095
        ],
        [
            0.097542904317379,
            -0.7560017108917236,
            -0.22672975063323975
        ],
        [
            0.09069651365280151,
            -0.7615518569946289,
            -0.23127220571041107
        ],
        [
            0.0862058773636818,
            -0.7577306032180786,
            -0.22745996713638306
        ],
        [
            0.09204660356044769,
            -0.753000020980835,
            -0.22462184727191925
        ],
        [
            0.06923999637365341,
            -0.763985276222229,
            -0.22925645112991333
        ],
        [
            0.07339078187942505,
            -0.7488315105438232,
            -0.22458729147911072
        ],
        [
            0.0733686164021492,
            -0.752162754535675,
            -0.22644567489624023
        ],
        [
            0.06616298854351044,
            -0.7524042129516602,
            -0.2277778536081314
        ],
        [
            0.0668567419052124,
            -0.7492483854293823,
            -0.22618317604064941
        ],
        [
            0.10625047236680984,
            -0.7452549934387207,
            -0.21520796418190002
        ],
        [
            0.0992359146475792,
            -0.7434322834014893,
            -0.21660125255584717
        ],
        [
            0.10103040188550949,
            -0.737926721572876,
            -0.21167725324630737
        ],
        [
            0.10811057686805725,
            -0.7390932440757751,
            -0.20840142667293549
        ],
        [
            0.0998227670788765,
            -0.7332339286804199,
            -0.20762360095977783
        ],
        [
            0.10879373550415039,
            -0.7331624031066895,
            -0.20194941759109497
        ],
        [
            0.10098963975906372,
            -0.721381664276123,
            -0.19312933087348938
        ],
        [
            0.10520165413618088,
            -0.7265679240226746,
            -0.19699670374393463
        ],
        [
            0.09632477164268494,
            -0.7284817695617676,
            -0.2043299376964569
        ],
        [
            0.09028404951095581,
            -0.7234936356544495,
            -0.20303022861480713
        ],
        [
            0.07519584149122238,
            -0.7264660596847534,
            -0.2075243890285492
        ],
        [
            0.06884700804948807,
            -0.7251136302947998,
            -0.20713360607624054
        ],
        [
            0.07455473393201828,
            -0.7140451669692993,
            -0.2024110108613968
        ],
        [
            0.08208319544792175,
            -0.7178248167037964,
            -0.20276987552642822
        ],
        [
            0.07507109642028809,
            -0.7449852228164673,
            -0.21833303570747375
        ],
        [
            0.07979553937911987,
            -0.7455663681030273,
            -0.21741296350955963
        ],
        [
            0.07905109226703644,
            -0.7460148334503174,
            -0.22004815936088562
        ],
        [
            0.07391420006752014,
            -0.7463699579238892,
            -0.22175580263137817
        ],
        [
            0.08380540460348129,
            -0.7455036640167236,
            -0.21705475449562073
        ],
        [
            0.08560600876808167,
            -0.7453270554542542,
            -0.21693187952041626
        ],
        [
            0.08487433940172195,
            -0.7460803985595703,
            -0.21840113401412964
        ],
        [
            0.0833406075835228,
            -0.7460547685623169,
            -0.21777981519699097
        ],
        [
            0.08132971078157425,
            -0.7457840442657471,
            -0.21745078265666962
        ],
        [
            0.08035954087972641,
            -0.7440120577812195,
            -0.21666821837425232
        ],
        [
            0.08287139236927032,
            -0.7447295784950256,
            -0.21683275699615479
        ],
        [
            0.07602749019861221,
            -0.7427079081535339,
            -0.21742472052574158
        ],
        [
            0.06168382987380028,
            -0.7394425272941589,
            -0.21866574883460999
        ],
        [
            0.06564297527074814,
            -0.7398262023925781,
            -0.21900054812431335
        ],
        [
            0.06446947157382965,
            -0.7444177865982056,
            -0.21940484642982483
        ],
        [
            0.06109333038330078,
            -0.744375467300415,
            -0.2193092703819275
        ],
        [
            0.08251027762889862,
            -0.747514009475708,
            -0.22011569142341614
        ],
        [
            0.08501723408699036,
            -0.748598575592041,
            -0.2212378978729248
        ],
        [
            0.08007637411355972,
            -0.7503033876419067,
            -0.2239077389240265
        ],
        [
            0.0793696790933609,
            -0.748206615447998,
            -0.22180995345115662
        ],
        [
            0.08749987930059433,
            -0.749998927116394,
            -0.22288906574249268
        ],
        [
            0.08715706318616867,
            -0.7471104860305786,
            -0.2192133069038391
        ],
        [
            0.09034457057714462,
            -0.7475709319114685,
            -0.22026270627975464
        ],
        [
            0.08520057797431946,
            -0.7437732219696045,
            -0.21602338552474976
        ],
        [
            0.08833535760641098,
            -0.7423502206802368,
            -0.21513468027114868
        ],
        [
            0.08833751827478409,
            -0.7443289756774902,
            -0.21724803745746613
        ],
        [
            0.08646312355995178,
            -0.7395422458648682,
            -0.21337705850601196
        ],
        [
            0.08259087800979614,
            -0.7420018911361694,
            -0.2152545154094696
        ],
        [
            0.07833702117204666,
            -0.7397924661636353,
            -0.21557030081748962
        ],
        [
            0.0727885514497757,
            -0.7376155257225037,
            -0.21621887385845184
        ],
        [
            0.0764210894703865,
            -0.7339354753494263,
            -0.2126130759716034
        ],
        [
            0.08221302926540375,
            -0.7365467548370361,
            -0.2127162367105484
        ],
        [
            0.08219680935144424,
            -0.7539096474647522,
            -0.2257092297077179
        ],
        [
            0.09301723539829254,
            -0.7438064813613892,
            -0.2169826477766037
        ],
        [
            0.096028633415699,
            -0.7491920590400696,
            -0.22089411318302155
        ],
        [
            0.09356546401977539,
            -0.7398237586021423,
            -0.2140164077281952
        ],
        [
            0.09202093631029129,
            -0.7361724376678467,
            -0.2110694795846939
        ],
        [
            0.08818516880273819,
            -0.7325431704521179,
            -0.20913197100162506
        ],
        [
            0.08176222443580627,
            -0.7291929721832275,
            -0.2082735300064087
        ],
        [
            0.08180111646652222,
            -0.7097141146659851,
            -0.19014587998390198
        ],
        [
            0.0909346342086792,
            -0.7146269083023071,
            -0.19191473722457886
        ],
        [
            0.08568105101585388,
            -0.8161455392837524,
            -0.25948792695999146
        ],
        [
            0.09488148242235184,
            -0.8152408599853516,
            -0.2601865530014038
        ],
        [
            0.09735079854726791,
            -0.8099243640899658,
            -0.25291723012924194
        ],
        [
            0.0989099070429802,
            -0.8118056058883667,
            -0.25438788533210754
        ],
        [
            0.09280087798833847,
            -0.8125535249710083,
            -0.25593483448028564
        ],
        [
            0.0926511362195015,
            -0.8103402853012085,
            -0.2538151741027832
        ],
        [
            0.11621709167957306,
            -0.8070394396781921,
            -0.24214589595794678
        ],
        [
            0.10978060215711594,
            -0.8076536655426025,
            -0.2449391931295395
        ],
        [
            0.11088323593139648,
            -0.804643988609314,
            -0.24232524633407593
        ],
        [
            0.11827832460403442,
            -0.8009446859359741,
            -0.2396145462989807
        ],
        [
            0.101247139275074,
            -0.7961655855178833,
            -0.24215590953826904
        ],
        [
            0.106570303440094,
            -0.7979702353477478,
            -0.24159139394760132
        ],
        [
            0.10172148048877716,
            -0.8035180568695068,
            -0.2452198565006256
        ],
        [
            0.09788011759519577,
            -0.802160382270813,
            -0.24571780860424042
        ],
        [
            0.09361916780471802,
            -0.8015203475952148,
            -0.24577459692955017
        ],
        [
            0.0892283245921135,
            -0.8015812039375305,
            -0.24536435306072235
        ],
        [
            0.08980622887611389,
            -0.7969858050346375,
            -0.24261274933815002
        ],
        [
            0.0952649936079979,
            -0.7961055040359497,
            -0.24256585538387299
        ],
        [
            0.08609357476234436,
            -0.8139861822128296,
            -0.25489622354507446
        ],
        [
            0.07958603650331497,
            -0.8143419027328491,
            -0.2517085671424866
        ],
        [
            0.08117230981588364,
            -0.8117614984512329,
            -0.25030651688575745
        ],
        [
            0.0865173488855362,
            -0.8111522197723389,
            -0.2533789277076721
        ],
        [
            0.07401874661445618,
            -0.8092966079711914,
            -0.23943206667900085
        ],
        [
            0.07466672360897064,
            -0.8109930157661438,
            -0.24183496832847595
        ],
        [
            0.0708947703242302,
            -0.812317967414856,
            -0.24205955862998962
        ],
        [
            0.07052922993898392,
            -0.8086307048797607,
            -0.2391260415315628
        ],
        [
            0.07264508306980133,
            -0.8055101633071899,
            -0.23879149556159973
        ],
        [
            0.07504343241453171,
            -0.8073867559432983,
            -0.23957937955856323
        ],
        [
            0.09042314440011978,
            -0.8691898584365845,
            -0.27504581212997437
        ],
        [
            0.08318586647510529,
            -0.8513296842575073,
            -0.27399396896362305
        ],
        [
            0.10962986201047897,
            -0.8651874661445618,
            -0.26793453097343445
        ],
        [
            0.12303795665502548,
            -0.8584025502204895,
            -0.25744277238845825
        ],
        [
            0.1340203583240509,
            -0.8479938507080078,
            -0.24673262238502502
        ],
        [
            0.11548852920532227,
            -0.7509971857070923,
            -0.21343934535980225
        ],
        [
            0.11952075362205505,
            -0.7448760271072388,
            -0.20486821234226227
        ],
        [
            0.1311657577753067,
            -0.7551020383834839,
            -0.2004939317703247
        ],
        [
            0.1317448914051056,
            -0.7476793527603149,
            -0.1908675879240036
        ],
        [
            0.11989915370941162,
            -0.7372701168060303,
            -0.19628439843654633
        ],
        [
            0.10961516946554184,
            -0.7230330109596252,
            -0.1815202236175537
        ],
        [
            0.1166016161441803,
            -0.7294434309005737,
            -0.18821477890014648
        ],
        [
            0.12983015179634094,
            -0.7413438558578491,
            -0.17971265316009521
        ],
        [
            0.14214685559272766,
            -0.7572318315505981,
            -0.17456461489200592
        ],
        [
            0.14156591892242432,
            -0.7604255676269531,
            -0.18674583733081818
        ],
        [
            0.1503664255142212,
            -0.775489330291748,
            -0.17174485325813293
        ],
        [
            0.1432434469461441,
            -0.7548076510429382,
            -0.15905886888504028
        ],
        [
            0.15167292952537537,
            -0.777924656867981,
            -0.1622973531484604
        ],
        [
            0.1300705522298813,
            -0.7219881415367126,
            -0.14231187105178833
        ],
        [
            0.13342246413230896,
            -0.713496744632721,
            -0.134251207113266
        ],
        [
            0.1464160680770874,
            -0.7239073514938354,
            -0.12621000409126282
        ],
        [
            0.14464011788368225,
            -0.7321487069129944,
            -0.13549008965492249
        ],
        [
            0.13895635306835175,
            -0.7647567987442017,
            -0.19747990369796753
        ],
        [
            0.13777634501457214,
            -0.8194059133529663,
            -0.231340691447258
        ],
        [
            0.12933316826820374,
            -0.8156003952026367,
            -0.23944061994552612
        ],
        [
            0.1412806510925293,
            -0.8090283870697021,
            -0.2237452119588852
        ],
        [
            0.14604179561138153,
            -0.8813289403915405,
            -0.240340918302536
        ],
        [
            0.1343568116426468,
            -0.8710582852363586,
            -0.25106489658355713
        ],
        [
            0.14371998608112335,
            -0.8586052656173706,
            -0.24190115928649902
        ],
        [
            0.15369774401187897,
            -0.8698344826698303,
            -0.2331065535545349
        ],
        [
            0.11634407192468643,
            -0.9136375784873962,
            -0.25167644023895264
        ],
        [
            0.10424233973026276,
            -0.8931502103805542,
            -0.2667115032672882
        ],
        [
            0.11868024617433548,
            -0.8837523460388184,
            -0.2600923180580139
        ],
        [
            0.13020512461662292,
            -0.8994879126548767,
            -0.2484453171491623
        ],
        [
            0.1605168879032135,
            -0.8758432865142822,
            -0.22316193580627441
        ],
        [
            0.16891328990459442,
            -0.8841126561164856,
            -0.20827823877334595
        ],
        [
            0.16747666895389557,
            -0.9017869234085083,
            -0.20760855078697205
        ],
        [
            0.15652231872081757,
            -0.8938099145889282,
            -0.22605115175247192
        ],
        [
            0.15822896361351013,
            -0.9243049621582031,
            -0.20546159148216248
        ],
        [
            0.14540842175483704,
            -0.9152157306671143,
            -0.2278245985507965
        ],
        [
            0.15367819368839264,
            -0.7694451808929443,
            -0.1455506682395935
        ],
        [
            0.15616193413734436,
            -0.7871253490447998,
            -0.15306222438812256
        ],
        [
            0.14185389876365662,
            -0.742061972618103,
            -0.1472182422876358
        ],
        [
            0.15249145030975342,
            -0.7549610137939453,
            -0.13710922002792358
        ],
        [
            0.14317986369132996,
            -0.9427512884140015,
            -0.20048823952674866
        ],
        [
            0.12909017503261566,
            -0.9328140616416931,
            -0.22796285152435303
        ],
        [
            0.17882953584194183,
            -0.8841052055358887,
            -0.15401925146579742
        ],
        [
            0.1778506189584732,
            -0.8971034288406372,
            -0.1692730337381363
        ],
        [
            0.17720496654510498,
            -0.8784583806991577,
            -0.1794605702161789
        ],
        [
            0.17884749174118042,
            -0.8690388202667236,
            -0.16392135620117188
        ],
        [
            0.17457331717014313,
            -0.8997592926025391,
