{
    "pred_cam": [
        1.1335556507110596,
        0.014888668432831764,
        0.17865654826164246
    ],
    "pred_smpl_params": {
        "global_orient": [
            [
                [
                    0.9817700982093811,
                    0.18457914888858795,
                    0.045364994555711746
                ],
                [
                    0.1805330067873001,
                    -0.9802099466323853,
                    0.08121706545352936
                ],
                [
                    0.05945819988846779,
                    -0.07154661417007446,
                    -0.9956634640693665
                ]
            ]
        ],
        "body_pose": [
            [
                [
                    0.9991940855979919,
                    -0.03295271843671799,
                    -0.022920291870832443
                ],
                [
                    0.03689759597182274,
                    0.9788503646850586,
                    0.2012225240468979
                ],
                [
                    0.015804708003997803,
                    -0.20190605521202087,
                    0.9792773723602295
                ]
            ],
            [
                [
                    0.9992299675941467,
                    0.03826388344168663,
                    -0.008680828846991062
                ],
                [
                    -0.03573010489344597,
                    0.978807806968689,
                    0.20163989067077637
                ],
                [
                    0.01621238887310028,
                    -0.20117445290088654,
                    0.9794212579727173
                ]
            ],
            [
                [
                    0.9996353387832642,
                    -0.00045216522994451225,
                    0.027000218629837036
                ],
                [
                    0.005726896226406097,
                    0.9806659817695618,
                    -0.19560548663139343
                ],
                [
                    -0.026389747858047485,
                    0.19568878412246704,
                    0.9803109765052795
                ]
            ],
            [
                [
                    0.9939018487930298,
                    -0.006131141446530819,
                    -0.1100972443819046
                ],
                [
                    -0.05618342384696007,
                    0.8309710621833801,
                    -0.5534713268280029
                ],
                [
                    0.09488106518983841,
                    0.5562818646430969,
                    0.8255591988563538
                ]
            ],
            [
                [
                    0.994591236114502,
                    -0.07895593345165253,
                    0.06748500466346741
                ],
                [
                    0.10358809679746628,
                    0.8015745282173157,
                    -0.5888529419898987
                ],
                [
                    -0.007600819226354361,
                    0.5926586389541626,
                    0.8054178953170776
                ]
            ],
            [
                [
                    0.999109148979187,
                    -0.014939704909920692,
                    0.039465878158807755
                ],
                [
                    0.015452386811375618,
                    0.9997997879981995,
                    -0.012717468664050102
                ],
                [
                    -0.039267975836992264,
                    0.01331598311662674,
                    0.9991399645805359
                ]
            ],
            [
                [
                    0.9850470423698425,
                    0.08604343980550766,
                    0.1492612212896347
                ],
                [
                    -0.08763449639081955,
                    0.99614417552948,
                    0.004102953244000673
                ],
                [
                    -0.14833268523216248,
                    -0.01712203212082386,
                    0.9887892603874207
                ]
            ],
            [
                [
                    0.984775185585022,
                    -0.07257281988859177,
                    -0.15795904397964478
                ],
                [
                    0.0727512314915657,
                    0.9973392486572266,
                    -0.004660116042941809
                ],
                [
                    0.15787695348262787,
                    -0.0069025494158267975,
                    0.9874346852302551
                ]
            ],
            [
                [
                    0.9995849132537842,
                    -0.01750996895134449,
                    0.022878706455230713
                ],
                [
                    0.019449613988399506,
                    0.9959738850593567,
                    -0.08750796318054199
                ],
                [
                    -0.02125433459877968,
                    0.08791662007570267,
                    0.9959010481834412
                ]
            ],
            [
                [
                    0.9819328188896179,
                    -0.18827670812606812,
                    0.01896926388144493
                ],
                [
                    0.18181627988815308,
                    0.9664946794509888,
                    0.18119284510612488
                ],
                [
                    -0.0524480901658535,
                    -0.17447027564048767,
                    0.9832646250724792
                ]
            ],
            [
                [
                    0.9856258630752563,
                    0.16815006732940674,
                    0.016347158700227737
                ],
                [
                    -0.16805922985076904,
                    0.9659868478775024,
                    0.19653382897377014
                ],
                [
                    0.017256038263440132,
                    -0.19645611941814423,
                    0.9803608059883118
                ]
            ],
            [
                [
                    0.9990180134773254,
                    -0.042163800448179245,
                    -0.013613197021186352
                ],
                [
                    0.04140694811940193,
                    0.9978002309799194,
                    -0.051770035177469254
                ],
                [
                    0.015766073018312454,
                    0.051155515015125275,
                    0.9985662698745728
                ]
            ],
            [
                [
                    0.9487118124961853,
                    0.31331348419189453,
                    0.04219554737210274
                ],
                [
                    -0.3109439015388489,
                    0.9488680958747864,
                    -0.0544363297522068
                ],
                [
                    -0.05709363892674446,
                    0.038523945957422256,
                    0.9976252913475037
                ]
            ],
            [
                [
                    0.9557604193687439,
                    -0.29284313321113586,
                    0.027659300714731216
                ],
                [
                    0.29381805658340454,
                    0.9549052715301514,
                    -0.04274161532521248
                ],
                [
                    -0.013895426876842976,
                    0.04897753894329071,
                    0.9987032413482666
                ]
            ],
            [
                [
                    0.9998103976249695,
                    -0.01570868119597435,
                    -0.011503603309392929
                ],
                [
                    0.012945975176990032,
                    0.9776479005813599,
                    -0.20984965562820435
                ],
                [
                    0.014542934484779835,
                    0.20966096222400665,
                    0.977665901184082
                ]
            ],
            [
                [
                    0.4289221167564392,
                    0.864609956741333,
                    -0.26167815923690796
                ],
                [
                    -0.899664580821991,
                    0.43497028946876526,
                    -0.03747512400150299
                ],
                [
                    0.08142086118459702,
                    0.25149649381637573,
                    0.9644273519515991
                ]
            ],
            [
                [
                    0.41866666078567505,
                    -0.8367543816566467,
                    0.3529309928417206
                ],
                [
                    0.8983128666877747,
                    0.4386003017425537,
                    -0.025763733312487602
                ],
                [
                    -0.13323774933815002,
                    0.32782885432243347,
                    0.935294508934021
                ]
            ],
            [
                [
                    0.2193499654531479,
                    -0.3993038535118103,
                    -0.8901920914649963
                ],
                [
                    0.17763952910900116,
                    0.9135071039199829,
                    -0.3659903109073639
                ],
                [
                    0.9593381881713867,
                    -0.07785334438085556,
                    0.27130991220474243
                ]
            ],
            [
                [
                    0.1102648675441742,
                    0.4194696843624115,
                    0.9010476469993591
                ],
                [
                    -0.04578373208642006,
                    0.907757043838501,
                    -0.41699039936065674
                ],
                [
                    -0.9928471446037292,
                    0.00472607696428895,
                    0.11929859966039658
                ]
            ],
            [
                [
                    0.9849585890769958,
                    -0.1695125699043274,
                    -0.03349709510803223
                ],
                [
                    0.17162536084651947,
                    0.9822326302528381,
                    0.07591983675956726
                ],
                [
                    0.020032571628689766,
                    -0.08052685111761093,
                    0.9965510964393616
                ]
            ],
            [
                [
                    0.9866187572479248,
                    0.15396316349506378,
                    0.053655415773391724
                ],
                [
                    -0.15725025534629822,
                    0.9855064749717712,
                    0.06363408267498016
                ],
                [
                    -0.04308045655488968,
                    -0.07121989876031876,
                    0.9965299367904663
                ]
            ],
            [
                [
                    0.9632790684700012,
                    0.2509995698928833,
                    -0.09535518288612366
                ],
                [
                    -0.23519203066825867,
                    0.960098147392273,
                    0.15131500363349915
                ],
                [
                    0.12953034043312073,
                    -0.12333180755376816,
                    0.983875572681427
                ]
            ],
            [
                [
                    0.9668677449226379,
                    -0.2436247169971466,
                    0.07624729722738266
                ],
                [
                    0.23093481361865997,
                    0.9620331525802612,
                    0.14546914398670197
                ],
                [
                    -0.10879231244325638,
                    -0.12304127961397171,
                    0.9864202737808228
                ]
            ]
        ],
        "betas": [
            -0.03323979675769806,
            -0.08404713869094849,
            0.16778770089149475,
            0.21768291294574738,
            0.027900397777557373,
            0.07340151071548462,
            0.03166350722312927,
            -0.08039355278015137,
            0.042550936341285706,
            -0.03818598389625549
        ]
    },
    "pred_cam_t": [
        0.014888668432831764,
        0.17865654826164246,
        34.46015167236328
    ],
    "focal_length": [
        5000.0,
        5000.0
    ],
    "pred_keypoints_3d": [
        [
            0.10913081467151642,
            -0.746397852897644,
            -0.256916880607605
        ],
        [
            0.0876774936914444,
            -0.720556378364563,
            -0.06683927774429321
        ],
        [
            -0.10574053972959518,
            -0.6585371494293213,
            -0.05575665086507797
        ],
        [
            -0.17633771896362305,
            -0.431915819644928,
            0.032230012118816376
        ],
        [
            -0.09109222888946533,
            -0.3159697353839874,
            -0.17674529552459717
        ],
        [
            0.24699607491493225,
            -0.6162506341934204,
            -0.006156466901302338
        ],
        [
            0.22993941605091095,
            -0.3863202631473541,
            0.1128392294049263
        ],
        [
            0.24673646688461304,
            -0.25087761878967285,
            -0.0941094234585762
        ],
        [
            -0.0019196694483980536,
            -0.22639025747776031,
            0.028537709265947342
        ],
        [
            -0.08536811918020248,
            -0.14992490410804749,
            0.03518326207995415
        ],
        [
            -0.20208345353603363,
            0.2108217477798462,
            -0.008096478879451752
        ],
        [
            -0.23938482999801636,
            0.5335018634796143,
            0.2212405502796173
        ],
        [
            0.049100667238235474,
            -0.12444090843200684,
            0.0459219366312027
        ],
        [
            0.030436353757977486,
            0.24618616700172424,
            0.003728806972503662
        ],
        [
            -0.03320474177598953,
            0.5739259719848633,
            0.21891175210475922
        ],
        [
            0.0793442577123642,
            -0.7995121479034424,
            -0.24876320362091064
        ],
        [
            0.14560575783252716,
            -0.7941759824752808,
            -0.2451595664024353
        ],
        [
            0.03517971187829971,
            -0.835188627243042,
            -0.1612343192100525
        ],
        [
            0.1827438771724701,
            -0.823327362537384,
            -0.15388071537017822
        ],
        [
            -0.04636896029114723,
            0.7055050730705261,
            0.06874909996986389
        ],
        [
            0.019227057695388794,
            0.6990047693252563,
            0.12075823545455933
        ],
        [
            -0.03339187800884247,
            0.5808321237564087,
            0.28905928134918213
        ],
        [
            -0.2571650743484497,
            0.6643431782722473,
            0.07487344741821289
        ],
        [
            -0.32714101672172546,
            0.6392936110496521,
            0.12180739641189575
        ],
        [
            -0.2409605085849762,
            0.5456883311271667,
            0.2938844561576843
        ],
        [
            -0.252849817276001,
            0.4758922755718231,
            0.2211908996105194
        ],
        [
            -0.1860489845275879,
            0.15096567571163177,
            -0.01137976162135601
        ],
        [
            -0.1412561535835266,
            -0.2865002751350403,
            0.028930069878697395
        ],
        [
            0.14411282539367676,
            -0.21786236763000488,
            0.061028752475976944
        ],
        [
            0.04620157182216644,
            0.20752766728401184,
            0.0029392987489700317
        ],
        [
            -0.018492402508854866,
            0.534194827079773,
            0.22710129618644714
        ],
        [
            -0.08122862875461578,
            -0.3530254065990448,
            -0.167610302567482
        ],
        [
            -0.1943686306476593,
            -0.45313501358032227,
            -0.005168350413441658
        ],
        [
            -0.06567040085792542,
            -0.6812832355499268,
            -0.0596768893301487
        ],
        [
            0.22111503779888153,
            -0.6492265462875366,
            -0.015851760283112526
        ],
        [
            0.2710513770580292,
            -0.40561604499816895,
            0.08140963315963745
        ],
        [
            0.25353124737739563,
            -0.27415427565574646,
            -0.09081318229436874
        ],
        [
            0.08944996446371078,
            -0.713522732257843,
            -0.06888449192047119
        ],
        [
            0.1177927628159523,
            -0.8685140013694763,
            -0.19597652554512024
        ],
        [
            0.0022701346315443516,
            -0.2522026598453522,
            0.0450679250061512
        ],
        [
            0.07655679434537888,
            -0.6626003980636597,
            -0.04113544896245003
        ],
        [
            0.0468420535326004,
            -0.4961974024772644,
            0.01871974766254425
        ],
        [
            0.11095090210437775,
            -0.7561766505241394,
            -0.1770390421152115
        ],
        [
            0.11492255330085754,
            -0.8897154331207275,
            -0.19719845056533813
        ]
    ],
    "pred_vertices": [
        [
            0.16235247254371643,
            -0.8345412015914917,
            -0.2670277953147888
        ],
        [
            0.1550225168466568,
            -0.8193091154098511,
            -0.2664995789527893
        ],
        [
            0.16549481451511383,
            -0.8194769024848938,
            -0.2565262019634247
        ],
        [
            0.1719622015953064,
            -0.8325912952423096,
            -0.25240224599838257
        ],
        [
            0.16045749187469482,
            -0.8091740608215332,
            -0.25726911425590515
        ],
        [
            0.15076079964637756,
            -0.8081986904144287,
            -0.2645297050476074
        ],
        [
            0.1714363992214203,
            -0.8181043863296509,
            -0.24387209117412567
        ],
        [
            0.17713291943073273,
            -0.8283379077911377,
            -0.23727379739284515
        ],
        [
            0.1727113276720047,
            -0.7911615967750549,
            -0.21641111373901367
        ],
        [
            0.17591728270053864,
            -0.7909160852432251,
            -0.20555101335048676
        ],
        [
            0.17735813558101654,
            -0.8010669946670532,
            -0.21273207664489746
        ],
        [
            0.17254787683486938,
            -0.7988193035125732,
            -0.22159409523010254
        ],
        [
            0.16900983452796936,
            -0.7698107361793518,
            -0.2016088366508484
        ],
        [
            0.16219393908977509,
            -0.7582638263702393,
            -0.20524471998214722
        ],
        [
            0.16314907371997833,
            -0.7544882297515869,
            -0.19229726493358612
        ],
        [
            0.1688353419303894,
            -0.7658585906028748,
            -0.18773753941059113
        ],
        [
            0.13202941417694092,
            -0.7626525163650513,
            -0.23489245772361755
        ],
        [
            0.13685764372348785,
            -0.7567648887634277,
            -0.23064784705638885
        ],
        [
            0.14136137068271637,
            -0.7627795338630676,
            -0.23271390795707703
        ],
        [
            0.13569118082523346,
            -0.7681077718734741,
            -0.2363286018371582
        ],
        [
            0.12391743808984756,
            -0.7693729400634766,
            -0.2454443722963333
        ],
        [
            0.12536846101284027,
            -0.775687038898468,
            -0.24486297369003296
        ],
        [
            0.12120725959539413,
            -0.7771853804588318,
            -0.25148987770080566
        ],
        [
            0.12059596180915833,
            -0.7697327733039856,
            -0.2526455521583557
        ],
        [
            0.12607349455356598,
            -0.7584341764450073,
            -0.2328346073627472
        ],
        [
            0.1312575787305832,
            -0.7525611519813538,
            -0.22807210683822632
        ],
        [
            0.12792712450027466,
            -0.7673520445823669,
            -0.2391098141670227
        ],
        [
            0.1256028264760971,
            -0.7627109289169312,
            -0.23928746581077576
        ],
        [
            0.1225874051451683,
            -0.7528445720672607,
            -0.2460913062095642
        ],
        [
            0.12449268996715546,
            -0.7575916051864624,
            -0.246707946062088
        ],
        [
            0.12144072353839874,
            -0.7558132410049438,
            -0.25365108251571655
        ],
        [
            0.11962339282035828,
            -0.7512406706809998,
            -0.2507268488407135
        ],
        [
            0.12483972311019897,
            -0.7562140226364136,
            -0.23719102144241333
        ],
        [
            0.12580262124538422,
            -0.7575188875198364,
            -0.24099478125572205
        ],
        [
            0.12308041751384735,
            -0.7533484101295471,
            -0.24162527918815613
        ],
        [
            0.12127113342285156,
            -0.753010630607605,
            -0.23783352971076965
        ],
        [
            0.1229742243885994,
            -0.7644091844558716,
            -0.24605591595172882
        ],
        [
            0.12062906473875046,
            -0.763190507888794,
            -0.25340455770492554
        ],
        [
            0.11715032905340195,
            -0.7616456151008606,
            -0.2607238292694092
        ],
        [
            0.11738527566194534,
            -0.7527369260787964,
            -0.2600283920764923
        ],
        [
            0.1460869312286377,
            -0.7469519972801208,
            -0.21751049160957336
        ],
        [
            0.14200368523597717,
            -0.7514455318450928,
            -0.2250497043132782
        ],
        [
            0.1363673210144043,
            -0.7475336790084839,
            -0.22325803339481354
        ],
        [
            0.14040736854076385,
            -0.7436308860778809,
            -0.21769745647907257
        ],
        [
            0.12200342118740082,
            -0.7517151832580566,
            -0.2332155704498291
        ],
        [
            0.12407071888446808,
            -0.7374823689460754,
            -0.22568747401237488
        ],
        [
            0.12474572658538818,
            -0.740678071975708,
            -0.2276269495487213
        ],
        [
            0.11902660131454468,
            -0.7400579452514648,
            -0.23211106657981873
        ],
        [
            0.11903358995914459,
            -0.7370983362197876,
            -0.23009535670280457
        ],
        [
            0.14894232153892517,
            -0.7380238771438599,
            -0.20246461033821106
        ],
        [
            0.14342357218265533,
            -0.7354757785797119,
            -0.206487238407135
        ],
        [
            0.14295224845409393,
            -0.7305521965026855,
            -0.20087160170078278
        ],
        [
            0.1475580334663391,
            -0.7326471209526062,
            -0.1951838731765747
        ],
        [
            0.1398867517709732,
            -0.7261215448379517,
            -0.1975581794977188
        ],
        [
            0.1452050358057022,
            -0.7273362874984741,
            -0.18880847096443176
        ],
        [
            0.13466612994670868,
            -0.7153280973434448,
            -0.18327990174293518
        ],
        [
            0.13996341824531555,
            -0.7207090854644775,
            -0.18541604280471802
        ],
        [
            0.13540422916412354,
            -0.7212631702423096,
            -0.1957009732723236
        ],
        [
            0.12962986528873444,
            -0.7156991958618164,
            -0.19665002822875977
        ],
        [
            0.11873553693294525,
            -0.7167737483978271,
            -0.20737648010253906
        ],
        [
            0.11298753321170807,
            -0.71486496925354,
            -0.20967210829257965
        ],
        [
            0.11616741120815277,
            -0.7047363519668579,
            -0.20182442665100098
        ],
        [
            0.12254603207111359,
            -0.7092231512069702,
            -0.19940224289894104
        ],
        [
            0.12291920185089111,
            -0.7342705726623535,
            -0.21901339292526245
        ],
        [
            0.1266488879919052,
            -0.7354117035865784,
            -0.2161346673965454
        ],
        [
            0.12723317742347717,
            -0.7355810403823853,
            -0.21882376074790955
        ],
        [
            0.12351733446121216,
            -0.7352644205093384,
            -0.22267821431159973
        ],
        [
            0.13000211119651794,
            -0.735867977142334,
            -0.21398115158081055
        ],
        [
            0.1315426528453827,
            -0.7359046936035156,
            -0.21302646398544312
        ],
        [
            0.13157106935977936,
            -0.7364422678947449,
            -0.21472737193107605
        ],
        [
            0.13003718852996826,
            -0.7362751960754395,
            -0.21484175324440002
        ],
        [
            0.12810018658638,
            -0.7358080744743347,
            -0.21544459462165833
        ],
        [
            0.1269320547580719,
            -0.7340022325515747,
            -0.2150159478187561
        ],
        [
            0.12908817827701569,
            -0.7350080013275146,
            -0.21413955092430115
        ],
        [
            0.12353396415710449,
            -0.7321670651435852,
            -0.21751007437705994
        ],
        [
            0.11137425154447556,
            -0.7274143695831299,
            -0.22469817101955414
        ],
        [
            0.11517809331417084,
            -0.7281137108802795,
            -0.22327157855033875
        ],
        [
            0.1141287088394165,
            -0.7325366735458374,
            -0.22460275888442993
        ],
        [
            0.11091148108243942,
            -0.7321954369544983,
            -0.22606907784938812
        ],
        [
            0.13019117712974548,
            -0.7374511361122131,
            -0.21746671199798584
        ],
        [
            0.13288700580596924,
            -0.7387386560440063,
            -0.21741797029972076
        ],
        [
            0.12972208857536316,
            -0.7397034168243408,
            -0.22215640544891357
        ],
        [
            0.12820768356323242,
            -0.7376767992973328,
            -0.22045734524726868
        ],
        [
            0.13582712411880493,
            -0.7402747869491577,
            -0.21786007285118103
        ],
        [
            0.1339070200920105,
            -0.7376699447631836,
            -0.21451270580291748
        ],
        [
            0.1369958221912384,
            -0.7384096384048462,
            -0.21409860253334045
        ],
        [
            0.13079941272735596,
            -0.7344074249267578,
            -0.21225586533546448
        ],
        [
            0.1331876516342163,
            -0.7334493398666382,
            -0.2098943293094635
        ],
        [
            0.13413189351558685,
            -0.7352315187454224,
            -0.21195188164710999
        ],
        [
            0.1308382749557495,
            -0.7305471897125244,
            -0.2089463174343109
        ],
        [
            0.1282123476266861,
            -0.7324039936065674,
            -0.21258457005023956
        ],
        [
            0.12472798675298691,
            -0.7296881079673767,
            -0.21457289159297943
        ],
        [
            0.12026774883270264,
            -0.7268553376197815,
            -0.21740755438804626
        ],
        [
            0.12190218269824982,
            -0.7239015102386475,
            -0.21218526363372803
        ],
        [
            0.12692615389823914,
            -0.7271115183830261,
            -0.20998258888721466
        ],
        [
            0.13209648430347443,
            -0.7434365749359131,
            -0.2231578826904297
        ],
        [
            0.13814930617809296,
            -0.7352244853973389,
            -0.209562748670578
        ],
        [
            0.1423446089029312,
            -0.7405214309692383,
            -0.2122645527124405
        ],
        [
            0.13739636540412903,
            -0.731573224067688,
            -0.20631098747253418
        ],
        [
            0.13477930426597595,
            -0.7279899716377258,
            -0.20409661531448364
        ],
        [
            0.13029484450817108,
            -0.7240967750549316,
            -0.20389705896377563
        ],
        [
            0.12471166253089905,
            -0.7200907468795776,
            -0.20550626516342163
        ],
        [
            0.11692474037408829,
            -0.7019537091255188,
            -0.18737106025218964
        ],
        [
            0.12538044154644012,
            -0.7076026797294617,
            -0.18577386438846588
        ],
        [
            0.14767709374427795,
            -0.8028764724731445,
            -0.2585158050060272
        ],
        [
            0.15608078241348267,
            -0.8028501272201538,
            -0.2549392282962799
        ],
        [
            0.15525712072849274,
            -0.7983015775680542,
            -0.24675706028938293
        ],
        [
            0.15736457705497742,
            -0.8002175092697144,
            -0.247536763548851
        ],
        [
            0.15244752168655396,
            -0.8003065586090088,
            -0.2517339289188385
        ],
        [
            0.1515299677848816,
            -0.7981668710708618,
            -0.2496945858001709
        ],
        [
            0.16698528826236725,
            -0.7982442378997803,
            -0.22826959192752838
        ],
        [
            0.16264210641384125,
            -0.7979568243026733,
            -0.2337198257446289
        ],
        [
            0.16239696741104126,
            -0.7953606843948364,
            -0.2305351197719574
        ],
        [
            0.16784392297267914,
            -0.7926597595214844,
            -0.22437937557697296
        ],
        [
            0.15433081984519958,
            -0.7860095500946045,
            -0.23373927175998688
        ],
        [
            0.15857791900634766,
            -0.7884050607681274,
            -0.23105156421661377
        ],
        [
            0.15583603084087372,
            -0.7930824756622314,
            -0.2370552271604538
        ],
        [
            0.1528010070323944,
            -0.7913067936897278,
            -0.23906032741069794
        ],
        [
            0.14910250902175903,
            -0.7902448177337646,
            -0.24094510078430176
        ],
        [
            0.1449548453092575,
            -0.7899225950241089,
            -0.24256384372711182
        ],
        [
            0.14452585577964783,
            -0.7856007218360901,
            -0.2393685132265091
        ],
        [
            0.14936047792434692,
            -0.7852965593338013,
            -0.23675724864006042
        ],
        [
            0.14609521627426147,
            -0.8011536598205566,
            -0.2539190649986267
        ],
        [
            0.1388021558523178,
            -0.8010634183883667,
            -0.25414037704467773
        ],
        [
            0.13971412181854248,
            -0.7987346649169922,
            -0.2518587112426758
        ],
        [
            0.14592275023460388,
            -0.798447847366333,
            -0.252069890499115
        ],
        [
            0.12852732837200165,
            -0.7963048219680786,
            -0.24524393677711487
        ],
        [
            0.13012194633483887,
            -0.7978490591049194,
            -0.2472807765007019
        ],
        [
            0.12688034772872925,
            -0.7986993789672852,
            -0.2493777722120285
        ],
        [
            0.12537361681461334,
            -0.7953027486801147,
            -0.2464876025915146
        ],
        [
            0.12724971771240234,
            -0.7924853563308716,
            -0.2448652684688568
        ],
        [
            0.12962117791175842,
            -0.7945435643196106,
            -0.24468228220939636
        ],
        [
            0.15581679344177246,
            -0.8546886444091797,
            -0.2763577103614807
        ],
        [
            0.14975419640541077,
            -0.8364700078964233,
            -0.2766644060611725
        ],
        [
            0.16961529850959778,
            -0.8533097505569458,
            -0.2609097957611084
        ],
        [
            0.17704129219055176,
            -0.84876549243927,
            -0.2448158860206604
        ],
        [
            0.18250003457069397,
            -0.8403521776199341,
            -0.2292172908782959
        ],
        [
            0.155975803732872,
            -0.7447538375854492,
            -0.19749850034713745
        ],
        [
            0.15579280257225037,
            -0.7397946119308472,
            -0.18764281272888184
        ],
        [
            0.16348247230052948,
            -0.7513456344604492,
            -0.179734468460083
        ],
        [
            0.15999695658683777,
            -0.7446601986885071,
            -0.17060071229934692
        ],
        [
            0.1523739993572235,
            -0.7328493595123291,
            -0.17945733666419983
        ],
        [
            0.13704155385494232,
            -0.7182329893112183,
            -0.16991618275642395
        ],
        [
            0.14616353809833527,
            -0.7250962257385254,
            -0.17335587739944458
        ],
        [
            0.15387575328350067,
            -0.7385550141334534,
            -0.16152703762054443
        ],
        [
            0.16204795241355896,
            -0.7559153437614441,
            -0.1530744880437851
        ],
        [
            0.16611401736736298,
            -0.7584587335586548,
            -0.16383543610572815
        ],
        [
            0.16709697246551514,
            -0.7750705480575562,
            -0.14874184131622314
        ],
        [
            0.15611225366592407,
            -0.7544389963150024,
            -0.13969801366329193
        ],
        [
            0.16364933550357819,
            -0.7783697843551636,
            -0.14061659574508667
        ],
        [
            0.13752450048923492,
            -0.722577691078186,
            -0.1304633766412735
        ],
        [
            0.13780902326107025,
            -0.7150723934173584,
            -0.1228702962398529
        ],
        [
            0.14776760339736938,
            -0.7266944646835327,
            -0.11177469789981842
        ],
        [
            0.14853371679782867,
            -0.7342756986618042,
            -0.11972370743751526
        ],
        [
            0.16863416135311127,
            -0.7618787288665771,
            -0.17453821003437042
        ],
        [
            0.18037506937980652,
            -0.8135355710983276,
            -0.21073144674301147
        ],
        [
            0.17672006785869598,
            -0.8084014654159546,
            -0.22114212810993195
        ],
        [
            0.18000636994838715,
            -0.804275631904602,
            -0.20132774114608765
        ],
        [
            0.1883334368467331,
            -0.875041127204895,
            -0.22194445133209229
        ],
        [
            0.18350917100906372,
            -0.8629639744758606,
            -0.2355915606021881
        ],
        [
            0.18811023235321045,
            -0.8523241281509399,
            -0.22182971239089966
        ],
        [
            0.19220812618732452,
            -0.8650146722793579,
            -0.2108824998140335
        ],
        [
            0.16544723510742188,
            -0.9032555818557739,
            -0.2490515261888504
        ],
        [
            0.16297906637191772,
            -0.8805081844329834,
            -0.26540547609329224
        ],
        [
            0.1731613278388977,
            -0.873224139213562,
            -0.25201982259750366
        ],
        [
            0.1769087314605713,
            -0.890897274017334,
            -0.23827137053012848
        ],
        [
            0.19333544373512268,
            -0.8723175525665283,
            -0.19959232211112976
        ],
        [
            0.19331319630146027,
            -0.8824857473373413,
            -0.1836705207824707
        ],
        [
            0.19081424176692963,
            -0.8998198509216309,
            -0.1855749785900116
        ],
        [
            0.1901867538690567,
            -0.8896036744117737,
            -0.20596006512641907
        ],
        [
            0.18041300773620605,
            -0.9214023351669312,
            -0.1903204619884491
        ],
        [
            0.17995132505893707,
            -0.909540057182312,
            -0.21485868096351624
        ],
        [
            0.15873774886131287,
            -0.771368682384491,
            -0.12534362077713013
        ],
        [
            0.16292604804039001,
            -0.7888429164886475,
            -0.1316986382007599
        ],
        [
            0.14981722831726074,
            -0.7428496479988098,
            -0.13047893345355988
        ],
        [
            0.15547125041484833,
            -0.7572957277297974,
            -0.11840257793664932
        ],
        [
            0.1638948619365692,
            -0.9385741949081421,
            -0.1947409212589264
        ],
        [
            0.16464607417583466,
            -0.925311803817749,
            -0.22430089116096497
        ],
        [
            0.17748712003231049,
            -0.8872650861740112,
            -0.13138286769390106
        ],
        [
            0.1825360655784607,
            -0.8990672826766968,
            -0.14665000140666962
        ],
        [
            0.18783563375473022,
            -0.8797489404678345,
            -0.15382450819015503
        ],
        [
            0.18280379474163055,
            -0.8715821504592896,
            -0.13846473395824432
        ],
        [
            0.16706322133541107,
            -0.903223991394043,
