{
    "pred_cam": [
        1.1430306434631348,
        0.011903548613190651,
        0.15749415755271912
    ],
    "pred_smpl_params": {
        "global_orient": [
            [
                [
                    0.9807186126708984,
                    0.19279003143310547,
                    0.03198549896478653
                ],
                [
                    0.18960332870483398,
                    -0.9783233404159546,
                    0.0832708328962326
                ],
                [
                    0.04734594374895096,
                    -0.07560069113969803,
                    -0.9960135221481323
                ]
            ]
        ],
        "body_pose": [
            [
                [
                    0.9991263151168823,
                    -0.03605184331536293,
                    -0.021138466894626617
                ],
                [
                    0.03952678292989731,
                    0.9794414043426514,
                    0.19781866669654846
                ],
                [
                    0.013572161085903645,
                    -0.19848136603832245,
                    0.9800106883049011
                ]
            ],
            [
                [
                    0.9996630549430847,
                    0.02532118186354637,
                    -0.00572022283449769
                ],
                [
                    -0.023696700111031532,
                    0.9800772666931152,
                    0.1971977949142456
                ],
                [
                    0.010599544271826744,
                    -0.19699576497077942,
                    0.9803470373153687
                ]
            ],
            [
                [
                    0.9996809363365173,
                    0.0027743554674088955,
                    0.02510920725762844
                ],
                [
                    0.0023943819105625153,
                    0.9790704250335693,
                    -0.20350778102874756
                ],
                [
                    -0.025148285552859306,
                    0.20350293815135956,
                    0.9787514209747314
                ]
            ],
            [
                [
                    0.9939241409301758,
                    -0.007150516379624605,
                    -0.10983527451753616
                ],
                [
                    -0.05096757784485817,
                    0.8545572757720947,
                    -0.5168502926826477
                ],
                [
                    0.09755625575780869,
                    0.5193079710006714,
                    0.8490006327629089
                ]
            ],
            [
                [
                    0.9946808218955994,
                    -0.07792118191719055,
                    0.0673675462603569
                ],
                [
                    0.10274303704500198,
                    0.7971811294555664,
                    -0.5949336886405945
                ],
                [
                    -0.007346197031438351,
                    0.5986906886100769,
                    0.8009466528892517
                ]
            ],
            [
                [
                    0.9992584586143494,
                    -0.01753007434308529,
                    0.034282512962818146
                ],
                [
                    0.018018081784248352,
                    0.999739944934845,
                    -0.013978120870888233
                ],
                [
                    -0.034028559923172,
                    0.014585459604859352,
                    0.9993144273757935
                ]
            ],
            [
                [
                    0.9836013317108154,
                    0.09395237267017365,
                    0.1539524793624878
                ],
                [
                    -0.0938243493437767,
                    0.9955556988716125,
                    -0.008113227784633636
                ],
                [
                    -0.15403053164482117,
                    -0.006464312318712473,
                    0.9880449175834656
                ]
            ],
            [
                [
                    0.9844211339950562,
                    -0.0705827847123146,
                    -0.1610378473997116
                ],
                [
                    0.0717252567410469,
                    0.9974236488342285,
                    0.0012849550694227219
                ],
                [
                    0.16053223609924316,
                    -0.012815416790544987,
                    0.9869474768638611
                ]
            ],
            [
                [
                    0.9995975494384766,
                    -0.021280968561768532,
                    0.018758270889520645
                ],
                [
                    0.02281806617975235,
                    0.9960383176803589,
                    -0.08594740927219391
                ],
                [
                    -0.016854913905262947,
                    0.08634084463119507,
                    0.9961230754852295
                ]
            ],
            [
                [
                    0.9801093339920044,
                    -0.1979060173034668,
                    0.01479425746947527
                ],
                [
                    0.19184280931949615,
                    0.9638891220092773,
                    0.18469969928264618
                ],
                [
                    -0.05081320181488991,
                    -0.17818772792816162,
                    0.9826835989952087
                ]
            ],
            [
                [
                    0.9859014749526978,
                    0.16587625443935394,
                    0.021984895691275597
                ],
                [
                    -0.1669791042804718,
                    0.9668574333190918,
                    0.19314438104629517
                ],
                [
                    0.010781807824969292,
                    -0.19409234821796417,
                    0.9809240102767944
                ]
            ],
            [
                [
                    0.998883843421936,
                    -0.044745445251464844,
                    -0.015126360580325127
                ],
                [
                    0.043904781341552734,
                    0.9976834058761597,
                    -0.05196307227015495
                ],
                [
                    0.01741643063724041,
                    0.051240961998701096,
                    0.9985343813896179
                ]
            ],
            [
                [
                    0.9514184594154358,
                    0.30419453978538513,
                    0.047630470246076584
                ],
                [
                    -0.3012527525424957,
                    0.9516425132751465,
                    -0.06019392982125282
                ],
                [
                    -0.06363784521818161,
                    0.042920805513858795,
                    0.9970496892929077
                ]
            ],
            [
                [
                    0.9571451544761658,
                    -0.28866297006607056,
                    0.023386545479297638
                ],
                [
                    0.28937894105911255,
                    0.9564785957336426,
                    -0.037529949098825455
                ],
                [
                    -0.011535225436091423,
                    0.04268917813897133,
                    0.9990218281745911
                ]
            ],
            [
                [
                    0.9994998574256897,
                    -0.021215781569480896,
                    -0.023452812805771828
                ],
                [
                    0.016550585627555847,
                    0.9828347563743591,
                    -0.1837441772222519
                ],
                [
                    0.02694851905107498,
                    0.1832641065120697,
                    0.9826943278312683
                ]
            ],
            [
                [
                    0.42352530360221863,
                    0.8683345913887024,
                    -0.2581111490726471
                ],
                [
                    -0.9031394720077515,
                    0.42690303921699524,
                    -0.045747123658657074
                ],
                [
                    0.0704646110534668,
                    0.252485454082489,
                    0.9650315046310425
                ]
            ],
            [
                [
                    0.4121861159801483,
                    -0.8414997458457947,
                    0.3492574393749237
                ],
                [
                    0.9020586609840393,
                    0.4307902157306671,
                    -0.026645587757229805
                ],
                [
                    -0.12803444266319275,
                    0.3260336220264435,
                    0.936647891998291
                ]
            ],
            [
                [
                    0.22616226971149445,
                    -0.397799015045166,
                    -0.8891605734825134
                ],
                [
                    0.1533263623714447,
                    0.9159708619117737,
                    -0.37079426646232605
                ],
                [
                    0.9619467854499817,
                    -0.05247209221124649,
                    0.2681511342525482
                ]
            ],
            [
                [
                    0.09779232740402222,
                    0.4218079745769501,
                    0.9013960361480713
                ],
                [
                    -0.037867896258831024,
                    0.9066585302352905,
                    -0.42016229033470154
                ],
                [
                    -0.9944861531257629,
                    0.006954677868634462,
                    0.10463722795248032
                ]
            ],
            [
                [
                    0.9851610660552979,
                    -0.16908693313598633,
                    -0.029449960216879845
                ],
                [
                    0.17075660824775696,
                    0.9829097390174866,
                    0.06878054141998291
                ],
                [
                    0.017316758632659912,
                    -0.07278868556022644,
                    0.9971970915794373
                ]
            ],
            [
                [
                    0.9860496520996094,
                    0.15818047523498535,
                    0.051816824823617935
                ],
                [
                    -0.16127239167690277,
                    0.9849478006362915,
                    0.06220122426748276
                ],
                [
                    -0.04119785130023956,
                    -0.06969012320041656,
                    0.9967175722122192
                ]
            ],
            [
                [
                    0.9619587659835815,
                    0.2561907470226288,
                    -0.09487713873386383
                ],
                [
                    -0.23923708498477936,
                    0.9576460719108582,
                    0.160248264670372
                ],
                [
                    0.13191285729408264,
                    -0.13145409524440765,
                    0.9825063347816467
                ]
            ],
            [
                [
                    0.9657991528511047,
                    -0.24766729772090912,
                    0.0767657607793808
                ],
                [
                    0.23469792306423187,
                    0.9608555436134338,
                    0.1472196727991104
                ],
                [
                    -0.11022229492664337,
                    -0.12416785955429077,
                    0.9861204624176025
                ]
            ]
        ],
        "betas": [
            -0.019060716032981873,
            -0.09843137860298157,
            0.12235689163208008,
            0.1430555284023285,
            0.018548518419265747,
            0.07135629653930664,
            0.04838883876800537,
            -0.08379045128822327,
            0.0310775488615036,
            -0.03153419494628906
        ]
    },
    "pred_cam_t": [
        0.011903548613190651,
        0.15749415755271912,
        34.17449951171875
    ],
    "focal_length": [
        5000.0,
        5000.0
    ],
    "pred_keypoints_3d": [
        [
            0.10578642785549164,
            -0.7445710897445679,
            -0.2622307538986206
        ],
        [
            0.09085173904895782,
            -0.7172561883926392,
            -0.07129940390586853
        ],
        [
            -0.10287012159824371,
            -0.6581197381019592,
            -0.05463453754782677
        ],
        [
            -0.1728384792804718,
            -0.4323643445968628,
            0.03737642988562584
        ],
        [
            -0.0928729847073555,
            -0.31663778424263,
            -0.1743423044681549
        ],
        [
            0.25085264444351196,
            -0.6130315661430359,
            -0.013999544084072113
        ],
        [
            0.234928697347641,
            -0.3859555423259735,
            0.11143452674150467
        ],
        [
            0.23975178599357605,
            -0.2436741143465042,
            -0.092035673558712
        ],
        [
            -0.0018782424740493298,
            -0.22572846710681915,
            0.02873975783586502
        ],
        [
            -0.08612310141324997,
            -0.150057852268219,
            0.03646863251924515
        ],
        [
            -0.20239169895648956,
            0.2119564712047577,
            -0.0029647648334503174
        ],
        [
            -0.23691776394844055,
            0.5319175720214844,
            0.2320469617843628
        ],
        [
            0.04858555644750595,
            -0.12328553944826126,
            0.04556689411401749
        ],
        [
            0.026907904073596,
            0.24814528226852417,
            0.005742251873016357
        ],
        [
            -0.03714274615049362,
            0.5842502117156982,
            0.2091633677482605
        ],
        [
            0.0768279954791069,
            -0.7977904081344604,
            -0.25188401341438293
        ],
        [
            0.14317159354686737,
            -0.7918497323989868,
            -0.2509407103061676
        ],
        [
            0.03648567944765091,
            -0.8320921659469604,
            -0.16203875839710236
        ],
        [
            0.18418219685554504,
            -0.8187931776046753,
            -0.16054394841194153
        ],
        [
            -0.051521968096494675,
            0.7121480107307434,
            0.05568218231201172
        ],
        [
            0.014476887881755829,
            0.7072132229804993,
            0.10751712322235107
        ],
        [
            -0.03745005279779434,
            0.5932838320732117,
            0.27928319573402405
        ],
        [
            -0.25616738200187683,
            0.6642473340034485,
            0.08717194199562073
        ],
        [
            -0.3259940445423126,
            0.6388614177703857,
            0.1343863606452942
        ],
        [
            -0.23774400353431702,
            0.5434321165084839,
            0.30491703748703003
        ],
        [
            -0.2504798173904419,
            0.4742811322212219,
            0.23131653666496277
        ],
        [
            -0.18655671179294586,
            0.15208113193511963,
            -0.0069063808768987656
        ],
        [
            -0.14124447107315063,
            -0.287080317735672,
            0.03088878095149994
        ],
        [
            0.14468450844287872,
            -0.21580368280410767,
            0.05959448963403702
        ],
        [
            0.04299907758831978,
            0.20932668447494507,
            0.004922965541481972
        ],
        [
            -0.022349286824464798,
            0.5448669791221619,
            0.21876686811447144
        ],
        [
            -0.08266972750425339,
            -0.3536418080329895,
            -0.16535140573978424
        ],
        [
            -0.19188761711120605,
            -0.45359933376312256,
            0.0003240307851228863
        ],
        [
            -0.06258883327245712,
            -0.6801144480705261,
            -0.05971004068851471
        ],
        [
            0.2249240130186081,
            -0.6460130214691162,
            -0.02321675606071949
        ],
        [
            0.27522775530815125,
            -0.40386801958084106,
            0.07804877310991287
        ],
        [
            0.24703289568424225,
            -0.2669050097465515,
            -0.0898246169090271
        ],
        [
            0.09250417351722717,
            -0.7107371687889099,
            -0.07343317568302155
        ],
        [
            0.11794950067996979,
            -0.8653769493103027,
            -0.1992056518793106
        ],
        [
            0.0025888525415211916,
            -0.2514285743236542,
            0.04531686380505562
        ],
        [
            0.07990246266126633,
            -0.660391628742218,
            -0.044880807399749756
        ],
        [
            0.04986046999692917,
            -0.49425452947616577,
            0.017183048650622368
        ],
        [
            0.11082695424556732,
            -0.7528217434883118,
            -0.18224941194057465
        ],
        [
            0.11521035432815552,
            -0.8867455124855042,
            -0.19984637200832367
        ]
    ],
    "pred_vertices": [
        [
            0.1594793200492859,
            -0.8324908018112183,
            -0.27256661653518677
        ],
        [
            0.1520412564277649,
            -0.8173085451126099,
            -0.27207818627357483
        ],
        [
            0.16289415955543518,
            -0.8171778917312622,
            -0.2625121474266052
        ],
        [
            0.16963177919387817,
            -0.8301634788513184,
            -0.2583778500556946
        ],
        [
            0.15772363543510437,
            -0.8069373369216919,
            -0.26324671506881714
        ],
        [
            0.1477220058441162,
            -0.8062140941619873,
            -0.27017176151275635
        ],
        [
            0.16931697726249695,
            -0.81550133228302,
            -0.25013381242752075
        ],
        [
            0.17535677552223206,
            -0.8255468606948853,
            -0.24355274438858032
        ],
        [
            0.17137208580970764,
            -0.7880312204360962,
            -0.22327080368995667
        ],
        [
            0.17498889565467834,
            -0.78755122423172,
            -0.21252956986427307
        ],
        [
            0.1762654036283493,
            -0.7978110909461975,
            -0.21955741941928864
        ],
        [
            0.17109790444374084,
            -0.7957762479782104,
            -0.22828078269958496
        ],
        [
            0.16808471083641052,
            -0.7663968801498413,
            -0.20875008404254913
        ],
        [
            0.1610138863325119,
            -0.7549848556518555,
            -0.21236947178840637
        ],
        [
            0.16242940723896027,
            -0.7509548664093018,
            -0.1995202600955963
        ],
        [
            0.16837944090366364,
            -0.7621926069259644,
            -0.1949552595615387
        ],
        [
            0.1297195851802826,
            -0.7601772546768188,
            -0.2408212572336197
        ],
        [
            0.13466417789459229,
            -0.7541618347167969,
            -0.23687338829040527
        ],
        [
            0.13914550840854645,
            -0.7601936459541321,
            -0.2389858067035675
        ],
        [
            0.13337817788124084,
            -0.7656412124633789,
            -0.24228009581565857
        ],
        [
            0.12125103175640106,
            -0.7671796083450317,
            -0.25088199973106384
        ],
        [
            0.12279275059700012,
            -0.7734715342521667,
            -0.25023362040519714
        ],
        [
            0.11837494373321533,
            -0.7751400470733643,
            -0.25664839148521423
        ],
        [
            0.11764328926801682,
            -0.7677162289619446,
            -0.2579275965690613
        ],
        [
            0.12379598617553711,
            -0.7559637427330017,
            -0.2386111617088318
        ],
        [
            0.12912020087242126,
            -0.749951183795929,
            -0.23416820168495178
        ],
        [
            0.12549041211605072,
            -0.7649984359741211,
            -0.24477830529212952
        ],
        [
            0.12311284989118576,
            -0.7603721618652344,
            -0.24494002759456635
        ],
        [
            0.1197342723608017,
            -0.7506712079048157,
            -0.2518045902252197
        ],
        [
            0.12166066467761993,
            -0.7554210424423218,
            -0.25239628553390503
        ],
        [
            0.11830390989780426,
            -0.7538188695907593,
            -0.2592364549636841
        ],
        [
            0.11656647175550461,
            -0.7491995096206665,
            -0.256348580121994
        ],
        [
            0.12236838042736053,
            -0.7538435459136963,
            -0.242942675948143
        ],
        [
            0.12318913638591766,
            -0.7552224397659302,
            -0.24674497544765472
        ],
        [
            0.12040164321660995,
            -0.7510872483253479,
            -0.24735577404499054
        ],
        [
            0.1187431663274765,
            -0.7506797909736633,
            -0.24351173639297485
        ],
        [
            0.12022347748279572,
            -0.7622425556182861,
            -0.25155138969421387
        ],
        [
            0.11757378280162811,
            -0.7611963152885437,
            -0.25881391763687134
        ],
        [
            0.11378630250692368,
            -0.7598308324813843,
            -0.26601865887641907
        ],
        [
            0.1139712929725647,
            -0.7509068250656128,
            -0.26551201939582825
        ],
        [
            0.14431264996528625,
            -0.7440340518951416,
            -0.22426140308380127
        ],
        [
            0.13996896147727966,
            -0.7487055659294128,
            -0.23156434297561646
        ],
        [
            0.13436803221702576,
            -0.7447985410690308,
            -0.22963804006576538
        ],
        [
            0.1385878622531891,
            -0.7407607436180115,
            -0.22430002689361572
        ],
        [
            0.11965504288673401,
            -0.7492790818214417,
            -0.2389599084854126
        ],
        [
            0.12189608812332153,
            -0.7348710298538208,
            -0.2317933440208435
        ],
        [
            0.1225237101316452,
            -0.7381023168563843,
            -0.23369428515434265
        ],
        [
            0.11661876738071442,
            -0.7376183271408081,
            -0.23797105252742767
        ],
        [
            0.11667901277542114,
            -0.7346131801605225,
            -0.23601800203323364
        ],
        [
            0.1476689577102661,
            -0.7347999811172485,
            -0.20948058366775513
        ],
        [
            0.14196859300136566,
            -0.7323628664016724,
            -0.2133544683456421
        ],
        [
            0.14167757332324982,
            -0.7273259162902832,
            -0.20781847834587097
        ],
        [
            0.14653155207633972,
            -0.7292765378952026,
            -0.20224756002426147
        ],
        [
            0.13873296976089478,
            -0.7228193283081055,
            -0.20446886122226715
        ],
        [
            0.1444036215543747,
            -0.7238178253173828,
            -0.19587355852127075
        ],
        [
            0.13397620618343353,
            -0.7117786407470703,
            -0.19014325737953186
        ],
        [
            0.13923977315425873,
            -0.7171494960784912,
            -0.1923915147781372
        ],
        [
            0.13429030776023865,
            -0.7179478406906128,
            -0.20253565907478333
        ],
        [
            0.1284322738647461,
            -0.7124449014663696,
            -0.2033722698688507
        ],
        [
            0.11709371209144592,
            -0.7138324975967407,
            -0.2137032151222229
        ],
        [
            0.11123652756214142,
            -0.7119985818862915,
            -0.2158266007900238
        ],
        [
            0.11463892459869385,
            -0.7016743421554565,
            -0.20826539397239685
        ],
        [
            0.12117702513933182,
            -0.7060656547546387,
            -0.205979585647583
        ],
        [
            0.120968759059906,
            -0.7315393686294556,
            -0.22514910995960236
        ],
        [
            0.12481941282749176,
            -0.7325977087020874,
            -0.22238919138908386
        ],
        [
            0.12529778480529785,
            -0.7328158617019653,
            -0.2250967025756836
        ],
        [
            0.12142492830753326,
            -0.7326059341430664,
            -0.22881761193275452
        ],
        [
            0.12826164066791534,
            -0.7329862117767334,
            -0.2203555703163147
        ],
        [
            0.1298399567604065,
            -0.7329902648925781,
            -0.21946048736572266
        ],
        [
            0.12980477511882782,
            -0.7335638999938965,
            -0.22114846110343933
        ],
        [
            0.12825453281402588,
            -0.7334185838699341,
            -0.22120949625968933
        ],
        [
            0.12629249691963196,
            -0.7329779863357544,
            -0.22174803912639618
        ],
        [
            0.12512832880020142,
            -0.7311723828315735,
            -0.22131064534187317
        ],
        [
            0.12733657658100128,
            -0.7321363687515259,
            -0.22049641609191895
        ],
        [
            0.12161467224359512,
            -0.7294149398803711,
            -0.2237108200788498
        ],
        [
            0.10914729535579681,
            -0.7248687744140625,
            -0.23053504526615143
        ],
        [
            0.11300258338451385,
            -0.7255242466926575,
            -0.22924228012561798
        ],
        [
            0.11193612217903137,
            -0.7299802303314209,
            -0.23044566810131073
        ],
        [
            0.10867078602313995,
            -0.7296777963638306,
            -0.2317925989627838
        ],
        [
            0.128327414393425,
            -0.734638512134552,
            -0.22380761802196503
        ],
        [
            0.13103452324867249,
            -0.7359057664871216,
            -0.22383816540241241
        ],
        [
            0.12769120931625366,
            -0.736990213394165,
            -0.22843745350837708
        ],
        [
            0.1262270212173462,
            -0.73493891954422,
            -0.22672206163406372
        ],
        [
            0.13396430015563965,
            -0.737438440322876,
            -0.22435781359672546
        ],
        [
            0.13215668499469757,
            -0.7347730398178101,
            -0.22099561989307404
        ],
        [
            0.13528206944465637,
            -0.7354767918586731,
            -0.22067174315452576
        ],
        [
            0.12911732494831085,
            -0.7314835786819458,
            -0.21869191527366638
        ],
        [
            0.13158918917179108,
            -0.7304567098617554,
            -0.21643975377082825
        ],
        [
            0.1324649304151535,
            -0.7322757244110107,
            -0.21849600970745087
        ],
        [
            0.12925665080547333,
            -0.7275564670562744,
            -0.2154582142829895
        ],
        [
            0.1265028715133667,
            -0.7295082211494446,
            -0.21896004676818848
        ],
        [
            0.12291379272937775,
            -0.7268637418746948,
            -0.22086429595947266
        ],
        [
            0.11831725388765335,
            -0.7241175174713135,
            -0.22358980774879456
        ],
        [
            0.1201377660036087,
            -0.7210406064987183,
            -0.21849045157432556
        ],
        [
            0.12527334690093994,
            -0.7241760492324829,
            -0.21640869975090027
        ],
        [
            0.13007301092147827,
            -0.7407182455062866,
            -0.22944962978363037
        ],
        [
            0.1365734189748764,
            -0.7321999669075012,
            -0.21625012159347534
        ],
        [
            0.14070892333984375,
            -0.7375345230102539,
            -0.21899402141571045
        ],
        [
            0.13591834902763367,
            -0.7284868955612183,
            -0.2130422592163086
        ],
        [
            0.13336524367332458,
            -0.7248712182044983,
            -0.21080267429351807
        ],
        [
            0.12888693809509277,
            -0.7209839820861816,
            -0.21049827337265015
        ],
        [
            0.12317847460508347,
            -0.7170728445053101,
            -0.2119865119457245
        ],
        [
            0.11593692004680634,
            -0.6986063718795776,
            -0.1938353031873703
        ],
        [
            0.12453465163707733,
            -0.7041579484939575,
            -0.19243228435516357
        ],
        [
            0.14481863379478455,
            -0.8007695078849792,
            -0.26417189836502075
        ],
        [
            0.15335260331630707,
            -0.8006163239479065,
            -0.2609064280986786
        ],
        [
            0.15282157063484192,
            -0.7958992719650269,
            -0.2528092861175537
        ],
        [
            0.1548948884010315,
            -0.7978306412696838,
            -0.2536301016807556
        ],
        [
            0.1498389095067978,
            -0.7980232238769531,
            -0.25763359665870667
        ],
        [
            0.1489771604537964,
            -0.7958513498306274,
            -0.25560811161994934
        ],
        [
            0.165258526802063,
            -0.7953854203224182,
            -0.23476818203926086
        ],
        [
            0.16070440411567688,
            -0.7952409982681274,
            -0.24006730318069458
        ],
        [
            0.16056716442108154,
            -0.7925781607627869,
            -0.23692721128463745
        ],
        [
            0.16622018814086914,
            -0.7897192239761353,
            -0.23102892935276031
        ],
        [
            0.15229007601737976,
            -0.7833598852157593,
            -0.2400219738483429
        ],
        [
            0.15666700899600983,
            -0.7856655120849609,
            -0.23743700981140137
        ],
        [
            0.15372812747955322,
            -0.7904892563819885,
            -0.24325379729270935
        ],
        [
            0.15059514343738556,
            -0.7887816429138184,
            -0.24518245458602905
        ],
        [
            0.14681564271450043,
            -0.7877869009971619,
            -0.24694639444351196
        ],
        [
            0.1426118016242981,
            -0.7875196933746338,
            -0.24841640889644623
        ],
        [
            0.1422630101442337,
            -0.7831403017044067,
            -0.24529527127742767
        ],
        [
            0.14719323813915253,
            -0.782749354839325,
            -0.2428736686706543
        ],
        [
            0.14339962601661682,
            -0.7989590167999268,
            -0.2595592737197876
        ],
        [
            0.13610321283340454,
            -0.7989243268966675,
            -0.2595183849334717
        ],
        [
            0.13707996904850006,
            -0.796556830406189,
            -0.25731077790260315
        ],
        [
            0.14327770471572876,
            -0.7962199449539185,
            -0.25776857137680054
        ],
        [
            0.12612733244895935,
            -0.7940826416015625,
            -0.2503225803375244
        ],
        [
            0.12765581905841827,
            -0.7956555485725403,
            -0.2523849606513977
        ],
        [
            0.12433841824531555,
            -0.7965691089630127,
            -0.2543414831161499
        ],
        [
            0.12292025983333588,
            -0.7931275367736816,
            -0.25146806240081787
        ],
        [
            0.12482862919569016,
            -0.7902653217315674,
            -0.24998220801353455
        ],
        [
            0.1272244155406952,
            -0.7923038005828857,
            -0.24984508752822876
        ],
        [
            0.15274333953857422,
            -0.852932333946228,
            -0.2812731862068176
        ],
        [
            0.14653103053569794,
            -0.8347195386886597,
            -0.2816455662250519
        ],
        [
            0.16714894771575928,
            -0.8511086106300354,
            -0.266392320394516
        ],
        [
            0.17516669631004333,
            -0.8461751937866211,
            -0.25066429376602173
        ],
        [
            0.1811257004737854,
            -0.837367057800293,
            -0.23545511066913605
        ],
        [
            0.15496504306793213,
            -0.7413788437843323,
            -0.20464348793029785
        ],
        [
            0.15512722730636597,
            -0.7362152338027954,
            -0.19486857950687408
        ],
        [
            0.16322283446788788,
            -0.7475583553314209,
            -0.18701611459255219
        ],
        [
            0.16001659631729126,
            -0.7407325506210327,
            -0.17784979939460754
        ],
        [
            0.1519758403301239,
            -0.7291136980056763,
            -0.1866576075553894
        ],
        [
            0.13686014711856842,
            -0.7144569158554077,
            -0.1767330765724182
        ],
        [
            0.14591433107852936,
            -0.7212870717048645,
            -0.18043047189712524
        ],
        [
            0.15415668487548828,
            -0.7345361709594727,
            -0.16860909759998322
        ],
        [
            0.16275502741336823,
            -0.751713752746582,
            -0.16018256545066833
        ],
        [
            0.1665019392967224,
            -0.7543572187423706,
            -0.17107662558555603
        ],
        [
            0.1681479811668396,
            -0.7707222104072571,
            -0.15574604272842407
        ],
        [
            0.15729932487010956,
            -0.7501263618469238,
            -0.14654132723808289
        ],
        [
            0.16505083441734314,
            -0.7739232182502747,
            -0.1474100798368454
        ],
        [
            0.13880041241645813,
            -0.7183652520179749,
            -0.1366969645023346
        ],
        [
            0.1392766833305359,
            -0.7108368873596191,
            -0.12904325127601624
        ],
        [
            0.14973337948322296,
            -0.7223339080810547,
            -0.11826180666685104
        ],
        [
            0.15032176673412323,
            -0.7298781871795654,
            -0.12627273797988892
        ],
        [
            0.16862815618515015,
            -0.7579662799835205,
            -0.181825652718544
        ],
        [
            0.17948323488235474,
            -0.8101999759674072,
            -0.21744979918003082
        ],
        [
            0.1753753423690796,
            -0.8052954077720642,
            -0.22780561447143555
        ],
        [
            0.17942151427268982,
            -0.8007302284240723,
            -0.20820192992687225
        ],
        [
            0.1875067949295044,
            -0.8718811273574829,
            -0.22772696614265442
        ],
        [
            0.18206602334976196,
            -0.8601220846176147,
            -0.24141773581504822
        ],
        [
            0.18714827299118042,
            -0.8491224050521851,
            -0.22804896533489227
        ],
        [
            0.1917579621076584,
            -0.861586332321167,
            -0.21702155470848083
        ],
        [
            0.16384851932525635,
            -0.9008281826972961,
            -0.2533144950866699
        ],
        [
            0.16057363152503967,
            -0.8784475922584534,
            -0.27007246017456055
        ],
        [
            0.17120665311813354,
            -0.8707990646362305,
            -0.25724151730537415
        ],
        [
            0.17564250528812408,
            -0.8881497383117676,
            -0.24326607584953308
        ],
        [
            0.1933915913105011,
            -0.8686567544937134,
            -0.20563793182373047
        ],
        [
            0.19406136870384216,
            -0.8785080909729004,
            -0.18952807784080505
        ],
        [
            0.19162872433662415,
            -0.8958727121353149,
            -0.19099321961402893
        ],
        [
            0.19010195136070251,
            -0.8860880136489868,
            -0.21153290569782257
        ],
        [
            0.18121838569641113,
            -0.9176180362701416,
            -0.19489136338233948
        ],
        [
            0.17971940338611603,
            -0.9062836170196533,
            -0.21960920095443726
        ],
        [
            0.16069386899471283,
            -0.7667852640151978,
            -0.13198041915893555
        ],
        [
            0.16482587158679962,
            -0.7842294573783875,
            -0.13827025890350342
        ],
        [
            0.15129077434539795,
            -0.7385035157203674,
            -0.13711610436439514
        ],
        [
            0.1575455367565155,
            -0.7527610659599304,
            -0.1250564157962799
        ],
        [
            0.16470132768154144,
            -0.9349815845489502,
            -0.1983029842376709
        ],
        [
            0.16418612003326416,
            -0.9223440885543823,
            -0.22811195254325867
        ],
        [
            0.18026117980480194,
            -0.882409393787384,
            -0.13660039007663727
        ],
        [
            0.18485912680625916,
            -0.8944528102874756,
            -0.15181247889995575
        ],
        [
            0.18969282507896423,
            -0.8752433061599731,
            -0.1595766693353653
        ],
        [
            0.18521162867546082,
            -0.8668140172958374,
            -0.14419208467006683
        ],
        [
            0.17026284337043762,
            -0.8982793688774109,
