{
    "pred_cam": [
        1.134946584701538,
        0.014141732826828957,
        0.1847991645336151
    ],
    "pred_smpl_params": {
        "global_orient": [
            [
                [
                    0.9825935959815979,
                    0.1774156242609024,
                    0.055078063160181046
                ],
                [
                    0.1731913983821869,
                    -0.9821172952651978,
                    0.07382620126008987
                ],
                [
                    0.06719104200601578,
                    -0.0630021020770073,
                    -0.9957489967346191
                ]
            ]
        ],
        "body_pose": [
            [
                [
                    0.9990182518959045,
                    -0.02944888547062874,
                    -0.03309505432844162
                ],
                [
                    0.03570178523659706,
                    0.9774980545043945,
                    0.207901269197464
                ],
                [
                    0.026227889582514763,
                    -0.20887872576713562,
                    0.9775897860527039
                ]
            ],
            [
                [
                    0.9993100762367249,
                    0.03659457340836525,
                    -0.006340422667562962
                ],
                [
                    -0.03465832769870758,
                    0.9802072644233704,
                    0.19491687417030334
                ],
                [
                    0.013347828760743141,
                    -0.1945626437664032,
                    0.9807993173599243
                ]
            ],
            [
                [
                    0.9995630979537964,
                    0.0010602484690025449,
                    0.02953895926475525
                ],
                [
                    0.0047580222599208355,
                    0.9805521368980408,
                    -0.19620104134082794
                ],
                [
                    -0.029172511771321297,
                    0.1962558478116989,
                    0.9801186919212341
                ]
            ],
            [
                [
                    0.9938558340072632,
                    -0.014130348339676857,
                    -0.10977628827095032
                ],
                [
                    -0.04988706111907959,
                    0.8281699419021606,
                    -0.5582525134086609
                ],
                [
                    0.09880171716213226,
                    0.5602989792823792,
                    0.8223766088485718
                ]
            ],
            [
                [
                    0.9953725337982178,
                    -0.06982725113630295,
                    0.06601186841726303
                ],
                [
                    0.09492845088243484,
                    0.8210915923118591,
                    -0.5628474354743958
                ],
                [
                    -0.014899695292115211,
                    0.5665093660354614,
                    0.8239206075668335
                ]
            ],
            [
                [
                    0.9990434050559998,
                    -0.013991888612508774,
                    0.04143093153834343
                ],
                [
                    0.014490959234535694,
                    0.9998257160186768,
                    -0.011770105920732021
                ],
                [
                    -0.041259024292230606,
                    0.012359220534563065,
                    0.9990720152854919
                ]
            ],
            [
                [
                    0.9857310056686401,
                    0.09166375547647476,
                    0.14118117094039917
                ],
                [
                    -0.0942726731300354,
                    0.9954754114151001,
                    0.011888907290995121
                ],
                [
                    -0.13945260643959045,
                    -0.025028793141245842,
                    0.9899123907089233
                ]
            ],
            [
                [
                    0.9845168590545654,
                    -0.08567402511835098,
                    -0.15292611718177795
                ],
                [
                    0.08561653643846512,
                    0.9963037967681885,
                    -0.00697339465841651
                ],
                [
                    0.15295830368995667,
                    -0.006227581296116114,
                    0.9882130026817322
                ]
            ],
            [
                [
                    0.9995276927947998,
                    -0.019149046391248703,
                    0.024034010246396065
                ],
                [
                    0.021379198879003525,
                    0.9951272010803223,
                    -0.09625373780727386
                ],
                [
                    -0.02207372896373272,
                    0.09672211110591888,
                    0.9950665831565857
                ]
            ],
            [
                [
                    0.9797151684761047,
                    -0.19825878739356995,
                    0.029182638972997665
                ],
                [
                    0.1891552060842514,
                    0.9629915952682495,
                    0.19200892746448517
                ],
                [
                    -0.0661700963973999,
                    -0.18259401619434357,
                    0.9809591770172119
                ]
            ],
            [
                [
                    0.9828963279724121,
                    0.18396618962287903,
                    0.008442624472081661
                ],
                [
                    -0.18183743953704834,
                    0.962223470211029,
                    0.2026355266571045
                ],
                [
                    0.029154393821954727,
                    -0.2007049024105072,
                    0.9792178273200989
                ]
            ],
            [
                [
                    0.9991570711135864,
                    -0.03895062953233719,
                    -0.012956163845956326
                ],
                [
                    0.03844042867422104,
                    0.998555600643158,
                    -0.03753763809800148
                ],
                [
                    0.014399563893675804,
                    0.03700796142220497,
                    0.9992111921310425
                ]
            ],
            [
                [
                    0.9481846690177917,
                    0.31545159220695496,
                    0.03789793327450752
                ],
                [
                    -0.31328850984573364,
                    0.9481371641159058,
                    -0.053723253309726715
                ],
                [
                    -0.05287952348589897,
                    0.03906657174229622,
                    0.9978364706039429
                ]
            ],
            [
                [
                    0.9540455341339111,
                    -0.29802703857421875,
                    0.03125828504562378
                ],
                [
                    0.2991592288017273,
                    0.9532882571220398,
                    -0.041775450110435486
                ],
                [
                    -0.017347944900393486,
                    0.04920688271522522,
                    0.9986379146575928
                ]
            ],
            [
                [
                    0.9997758865356445,
                    -0.016965463757514954,
                    -0.012664219364523888
                ],
                [
                    0.013933302834630013,
                    0.9776572585105896,
                    -0.20974333584308624
                ],
                [
                    0.015939658507704735,
                    0.2095198631286621,
                    0.9776745438575745
                ]
            ],
            [
                [
                    0.42492544651031494,
                    0.8632745146751404,
                    -0.2723882794380188
                ],
                [
                    -0.9011216759681702,
                    0.4320230782032013,
                    -0.03654719889163971
                ],
                [
                    0.08612775802612305,
                    0.2609848380088806,
                    0.9614929556846619
                ]
            ],
            [
                [
                    0.4201678931713104,
                    -0.8308148384094238,
                    0.3649734854698181
                ],
                [
                    0.8957622647285461,
                    0.44406658411026,
                    -0.020366866141557693
                ],
                [
                    -0.14515146613121033,
                    0.3354869782924652,
                    0.9307950735092163
                ]
            ],
            [
                [
                    0.22181643545627594,
                    -0.40014609694480896,
                    -0.8892022371292114
                ],
                [
                    0.19152182340621948,
                    0.9120351076126099,
                    -0.36264488101005554
                ],
                [
                    0.9560946226119995,
                    -0.08986102789640427,
                    0.2789410948753357
                ]
            ],
            [
                [
                    0.12034212797880173,
                    0.41667792201042175,
                    0.9010534286499023
                ],
                [
                    -0.061272501945495605,
                    0.9090369343757629,
                    -0.4121863842010498
                ],
                [
                    -0.9908397793769836,
                    -0.005606425926089287,
                    0.13492633402347565
                ]
            ],
            [
                [
                    0.9854085445404053,
                    -0.16535727679729462,
                    -0.040335383266210556
                ],
                [
                    0.16835550963878632,
                    0.9817789793014526,
                    0.0881279930472374
                ],
                [
                    0.025027824565768242,
                    -0.0936327576637268,
                    0.9952921867370605
                ]
            ],
            [
                [
                    0.9857866764068604,
                    0.15710482001304626,
                    0.05952056497335434
                ],
                [
                    -0.16097483038902283,
                    0.984680712223053,
                    0.06701524555683136
                ],
                [
                    -0.048080332577228546,
                    -0.07564405351877213,
                    0.9959750771522522
                ]
            ],
            [
                [
                    0.9639525413513184,
                    0.24656935036182404,
                    -0.09999541938304901
                ],
                [
                    -0.23076768219470978,
                    0.9618272185325623,
                    0.14708711206912994
                ],
                [
                    0.13244549930095673,
                    -0.1187092736363411,
                    0.9840560555458069
                ]
            ],
            [
                [
                    0.9669356346130371,
                    -0.24281443655490875,
                    0.07795363664627075
                ],
                [
                    0.23035955429077148,
                    0.9627635478973389,
                    0.14149491488933563
                ],
                [
                    -0.1094079241156578,
                    -0.11885908991098404,
                    0.9868649840354919
                ]
            ]
        ],
        "betas": [
            0.016325533390045166,
            0.019518017768859863,
            0.26945409178733826,
            0.5183906555175781,
            0.0033569037914276123,
            0.05605286732316017,
            0.03376418352127075,
            -0.03431802988052368,
            0.03967823088169098,
            -0.026118993759155273
        ]
    },
    "pred_cam_t": [
        0.014141732826828957,
        0.1847991645336151,
        34.41791915893555
    ],
    "focal_length": [
        5000.0,
        5000.0
    ],
    "pred_keypoints_3d": [
        [
            0.11117441952228546,
            -0.7582657933235168,
            -0.25942128896713257
        ],
        [
            0.08610866963863373,
            -0.7286934852600098,
            -0.06844659149646759
        ],
        [
            -0.10798650979995728,
            -0.6637690663337708,
            -0.05882135033607483
        ],
        [
            -0.17704930901527405,
            -0.43559587001800537,
            0.02549584209918976
        ],
        [
            -0.08871518820524216,
            -0.3200669586658478,
            -0.1826723963022232
        ],
        [
            0.2457769364118576,
            -0.6246618628501892,
            -0.004013076424598694
        ],
        [
            0.22769425809383392,
            -0.39397621154785156,
            0.11345726996660233
        ],
        [
            0.24816736578941345,
            -0.25837278366088867,
            -0.09353884309530258
        ],
        [
            -0.002216597553342581,
            -0.229697585105896,
            0.02751268446445465
        ],
        [
            -0.08403018116950989,
            -0.1523866057395935,
            0.03332694247364998
        ],
        [
            -0.1974402219057083,
            0.2096295952796936,
            -0.011824965476989746
        ],
        [
            -0.2383824735879898,
            0.5396761894226074,
            0.20608758926391602
        ],
        [
            0.048249609768390656,
            -0.12818244099617004,
            0.0448334701359272
        ],
        [
            0.032667215913534164,
            0.24195697903633118,
            -0.004208285361528397
        ],
        [
            -0.026142667979002,
            0.5730462074279785,
            0.20719514787197113
        ],
        [
            0.08075127750635147,
            -0.8113059401512146,
            -0.25044751167297363
        ],
        [
            0.14708395302295685,
            -0.8063807487487793,
            -0.24599941074848175
        ],
        [
            0.034720346331596375,
            -0.8451269865036011,
            -0.16287736594676971
        ],
        [
            0.18271781504154205,
            -0.8341376781463623,
            -0.15340203046798706
        ],
        [
            -0.03931461647152901,
            0.7012897729873657,
            0.05360338091850281
        ],
        [
            0.02673182636499405,
            0.6957525610923767,
            0.10581701993942261
        ],
        [
            -0.025923900306224823,
            0.5816984176635742,
            0.27733680605888367
        ],
        [
            -0.2521326541900635,
            0.6664761304855347,
            0.05438676476478577
        ],
        [
            -0.3230022192001343,
            0.6430243849754333,
            0.10160838067531586
        ],
        [
            -0.2414255142211914,
            0.5541341304779053,
            0.27837786078453064
        ],
        [
            -0.25200074911117554,
            0.48203277587890625,
            0.20758475363254547
        ],
        [
            -0.18141070008277893,
            0.14911510050296783,
            -0.014492077752947807
        ],
        [
            -0.13976259529590607,
            -0.28876975178718567,
            0.026945825666189194
        ],
        [
            0.14129158854484558,
            -0.22270530462265015,
            0.060750097036361694
        ],
        [
            0.047708023339509964,
            0.2030653953552246,
            -0.0044454289600253105
        ],
        [
            -0.011900899931788445,
            0.5333948731422424,
            0.2159425914287567
        ],
        [
            -0.0792444720864296,
            -0.3574317693710327,
            -0.17342962324619293
        ],
        [
            -0.19434818625450134,
            -0.4568900465965271,
            -0.01194443367421627
        ],
        [
            -0.0676284059882164,
            -0.6873142123222351,
            -0.062417954206466675
        ],
        [
            0.2195054292678833,
            -0.6577613949775696,
            -0.014419449493288994
        ],
        [
            0.2688988447189331,
            -0.413514107465744,
            0.08228591084480286
        ],
        [
            0.2548733651638031,
            -0.28170907497406006,
            -0.08997771888971329
        ],
        [
            0.08782099187374115,
            -0.7211851477622986,
            -0.06968886405229568
        ],
        [
            0.11793941259384155,
            -0.8794606924057007,
            -0.19639115035533905
        ],
        [
            0.0015063286991789937,
            -0.25571608543395996,
            0.04387473687529564
        ],
        [
            0.07477276027202606,
            -0.6698721051216125,
            -0.041657377034425735
        ],
        [
            0.0454644076526165,
            -0.5030230283737183,
            0.017878448590636253
        ],
        [
            0.11160484701395035,
            -0.7668045163154602,
            -0.17872954905033112
        ],
        [
            0.11489219963550568,
            -0.9007249474525452,
            -0.19723348319530487
        ]
    ],
    "pred_vertices": [
        [
            0.16384220123291016,
            -0.8468939065933228,
            -0.26700979471206665
        ],
        [
            0.15670163929462433,
            -0.8316322565078735,
            -0.26688092947006226
        ],
        [
            0.16702485084533691,
            -0.8317464590072632,
            -0.2567284107208252
        ],
        [
            0.17330564558506012,
            -0.8448024392127991,
            -0.25231045484542847
        ],
        [
            0.16209262609481812,
            -0.8215036988258362,
            -0.25773119926452637
        ],
        [
            0.1525016576051712,
            -0.8205621242523193,
            -0.26515254378318787
        ],
        [
            0.17277929186820984,
            -0.8302839398384094,
            -0.24397213757038116
        ],
        [
            0.1782749593257904,
            -0.8403596878051758,
            -0.2371281087398529
        ],
        [
            0.1737450808286667,
            -0.8030264377593994,
            -0.21688203513622284
        ],
        [
            0.17680279910564423,
            -0.8026180863380432,
            -0.2059725821018219
        ],
        [
            0.17831087112426758,
            -0.8128811717033386,
            -0.2129952311515808
        ],
        [
            0.17364142835140228,
            -0.8107725977897644,
            -0.22195884585380554
        ],
        [
            0.17000173032283783,
            -0.7813557386398315,
            -0.20245608687400818
        ],
        [
            0.1633194237947464,
            -0.7698252201080322,
            -0.20632845163345337
        ],
        [
            0.16420166194438934,
            -0.7657944560050964,
            -0.19345010817050934
        ],
        [
            0.16979244351387024,
            -0.7771542072296143,
            -0.18867799639701843
        ],
        [
            0.13352330029010773,
            -0.7745304107666016,
            -0.2364567220211029
        ],
        [
            0.13835006952285767,
            -0.7685827016830444,
            -0.2321992963552475
        ],
        [
            0.14280861616134644,
            -0.7747014164924622,
            -0.23407959938049316
        ],
        [
            0.13715702295303345,
            -0.7800537943840027,
            -0.23773086071014404
        ],
        [
            0.12555992603302002,
            -0.7813489437103271,
            -0.247170090675354
        ],
        [
            0.12693974375724792,
            -0.7876816987991333,
            -0.24640899896621704
        ],
        [
            0.12292100489139557,
            -0.7892242670059204,
            -0.2531651258468628
        ],
        [
            0.12239441275596619,
            -0.7817513346672058,
            -0.25450587272644043
        ],
        [
            0.12760122120380402,
            -0.7701702117919922,
            -0.23465663194656372
        ],
        [
            0.13278821110725403,
            -0.7641973495483398,
            -0.22985941171646118
        ],
        [
            0.12945643067359924,
            -0.7792804837226868,
            -0.2407296597957611
        ],
        [
            0.12718862295150757,
            -0.7745866179466248,
            -0.24109280109405518
        ],
        [
            0.12441457062959671,
            -0.7647254467010498,
            -0.24822159111499786
        ],
        [
            0.12627993524074554,
            -0.7695136666297913,
            -0.24871841073036194
        ],
        [
            0.12337938696146011,
            -0.767780065536499,
            -0.25578922033309937
        ],
        [
            0.12153872102499008,
            -0.7631500959396362,
            -0.25296613574028015
        ],
        [
            0.12648144364356995,
            -0.7679988145828247,
            -0.23914404213428497
        ],
        [
            0.12749508023262024,
            -0.7693846821784973,
            -0.24294602870941162
        ],
        [
            0.1248384565114975,
            -0.7651767134666443,
            -0.24370533227920532
        ],
        [
            0.12297840416431427,
            -0.7647458910942078,
            -0.23992878198623657
        ],
        [
            0.12469480186700821,
            -0.7763514518737793,
            -0.24794691801071167
        ],
        [
            0.12250056862831116,
            -0.7751938700675964,
            -0.25541549921035767
        ],
        [
            0.11917178332805634,
            -0.7736903429031372,
            -0.26288819313049316
        ],
        [
            0.11945343017578125,
            -0.7647250890731812,
            -0.2623240053653717
        ],
        [
            0.1474994421005249,
            -0.7585341334342957,
            -0.21903592348098755
        ],
        [
            0.14347386360168457,
            -0.7631720304489136,
            -0.22658377885818481
        ],
        [
            0.13788458704948425,
            -0.7590978145599365,
            -0.2250078171491623
        ],
        [
            0.14189782738685608,
            -0.7550889849662781,
            -0.21943143010139465
        ],
        [
            0.12364247441291809,
            -0.7633455991744995,
            -0.23527130484580994
        ],
        [
            0.1257152110338211,
            -0.7488685846328735,
            -0.227862149477005
        ],
        [
            0.1264100968837738,
            -0.7521272301673889,
            -0.22978734970092773
        ],
        [
            0.12077625840902328,
            -0.7515206336975098,
            -0.2343871295452118
        ],
        [
            0.12075068056583405,
            -0.7485090494155884,
            -0.2323603630065918
        ],
        [
            0.15026861429214478,
            -0.7492395639419556,
            -0.20407378673553467
        ],
        [
            0.14488212764263153,
            -0.746654748916626,
            -0.20828109979629517
        ],
        [
            0.14438793063163757,
            -0.7415748834609985,
            -0.20270246267318726
        ],
        [
            0.1488541066646576,
            -0.7436679005622864,
            -0.19685035943984985
        ],
        [
            0.1413290798664093,
            -0.736976146697998,
            -0.1994580626487732
        ],
        [
            0.1464919149875641,
            -0.7381335496902466,
            -0.1905718445777893
        ],
        [
            0.13596439361572266,
            -0.7257890701293945,
            -0.18540823459625244
        ],
        [
            0.14124098420143127,
            -0.7313448190689087,
            -0.18734513223171234
        ],
        [
            0.1368616670370102,
            -0.7319689989089966,
            -0.1977587342262268
        ],
        [
            0.1311594396829605,
            -0.7262985706329346,
            -0.19890421628952026
        ],
        [
            0.1203477531671524,
            -0.727567732334137,
            -0.209801584482193
        ],
        [
            0.11462004482746124,
            -0.7256381511688232,
            -0.21226957440376282
        ],
        [
            0.11782505363225937,
            -0.7153050899505615,
            -0.20449966192245483
        ],
        [
            0.12417129427194595,
            -0.7197760343551636,
            -0.20188814401626587
        ],
        [
            0.12448649853467941,
            -0.7455098628997803,
            -0.22119471430778503
        ],
        [
            0.1281730681657791,
            -0.7466285228729248,
            -0.2182345986366272
        ],
        [
            0.12878739833831787,
            -0.7468713521957397,
            -0.2209278643131256
        ],
        [
            0.12512429058551788,
            -0.7465896606445312,
            -0.2248494178056717
        ],
        [
            0.1315179169178009,
            -0.7470676302909851,
            -0.21600332856178284
        ],
        [
            0.13305407762527466,
            -0.7471107840538025,
            -0.21502244472503662
        ],
        [
            0.13308796286582947,
            -0.7476969361305237,
            -0.21673835813999176
        ],
        [
            0.13155898451805115,
            -0.7475112676620483,
            -0.21686890721321106
        ],
        [
            0.1296326369047165,
            -0.7470254898071289,
            -0.21749934554100037
        ],
        [
            0.12847521901130676,
            -0.7451646327972412,
            -0.21710564196109772
        ],
        [
            0.13061419129371643,
            -0.7461817264556885,
            -0.21617786586284637
        ],
        [
            0.1251257061958313,
            -0.7433164119720459,
            -0.21968118846416473
        ],
        [
            0.11304789781570435,
            -0.7386478781700134,
            -0.2271612286567688
        ],
        [
            0.11685223877429962,
            -0.7393214702606201,
            -0.2256515920162201
        ],
        [
            0.11577613651752472,
            -0.7438235282897949,
            -0.2269594669342041
        ],
        [
            0.1125672459602356,
            -0.7434903979301453,
            -0.22848349809646606
        ],
        [
            0.13172884285449982,
            -0.7487602233886719,
            -0.21950501203536987
        ],
        [
            0.1344311684370041,
            -0.7500623464584351,
            -0.21942228078842163
        ],
        [
            0.1313270628452301,
            -0.7510761022567749,
            -0.22422969341278076
        ],
        [
            0.1297835409641266,
            -0.7490043640136719,
            -0.22255226969718933
        ],
        [
            0.1373739391565323,
            -0.7516592741012573,
            -0.21976566314697266
        ],
        [
            0.1354304850101471,
            -0.7489428520202637,
            -0.21647146344184875
        ],
        [
            0.13851124048233032,
            -0.7497168779373169,
            -0.21598118543624878
        ],
        [
            0.1323164701461792,
            -0.7455540895462036,
            -0.21426840126514435
        ],
        [
            0.13470834493637085,
            -0.7445636987686157,
            -0.21187862753868103
        ],
        [
            0.1356530487537384,
            -0.7464329600334167,
            -0.21391113102436066
        ],
        [
            0.13236230611801147,
            -0.7415801286697388,
            -0.21098724007606506
        ],
        [
            0.12974318861961365,
            -0.7435024976730347,
            -0.21465229988098145
        ],
        [
            0.1263013780117035,
            -0.740752637386322,
            -0.21672913432121277
        ],
        [
            0.12188488990068436,
            -0.7379364371299744,
            -0.21966364979743958
        ],
        [
            0.12347820401191711,
            -0.7348760366439819,
            -0.2144230157136917
        ],
        [
            0.1284703016281128,
            -0.7381028532981873,
            -0.21211689710617065
        ],
        [
            0.13366611301898956,
            -0.7549082040786743,
            -0.22512027621269226
        ],
        [
            0.13965725898742676,
            -0.7463982105255127,
            -0.21146723628044128
        ],
        [
            0.14381426572799683,
            -0.7518423795700073,
            -0.21401405334472656
        ],
        [
            0.1389109045267105,
            -0.7426357269287109,
            -0.2082553505897522
        ],
        [
            0.13629786670207977,
            -0.7389440536499023,
            -0.20609688758850098
        ],
        [
            0.1318109929561615,
            -0.7349377870559692,
            -0.20601786673069
        ],
        [
            0.12626686692237854,
            -0.7309128046035767,
            -0.20775705575942993
        ],
        [
            0.11835463345050812,
            -0.7123422026634216,
            -0.1899929642677307
        ],
        [
            0.12675067782402039,
            -0.7179966568946838,
            -0.18817469477653503
        ],
        [
            0.14932376146316528,
            -0.8152442574501038,
            -0.2592313885688782
        ],
        [
            0.1576773077249527,
            -0.8152390718460083,
            -0.25550732016563416
        ],
        [
            0.15671135485172272,
            -0.810602605342865,
            -0.2473839521408081
        ],
        [
            0.15884056687355042,
            -0.8125239014625549,
            -0.24810969829559326
        ],
        [
            0.15397055447101593,
            -0.812665581703186,
            -0.2523789405822754
        ],
        [
            0.15303729474544525,
            -0.8104732036590576,
            -0.2503904104232788
        ],
        [
            0.16820470988750458,
            -0.8102902173995972,
            -0.228727787733078
        ],
        [
            0.16393202543258667,
            -0.8100810647010803,
            -0.23423537611961365
        ],
        [
            0.163648322224617,
            -0.8074254989624023,
            -0.23108936846256256
        ],
        [
            0.16900555789470673,
            -0.8046529293060303,
            -0.22488868236541748
        ],
        [
            0.15568070113658905,
            -0.798025369644165,
            -0.23454813659191132
        ],
        [
            0.15987354516983032,
            -0.8004224300384521,
            -0.23174789547920227
        ],
        [
            0.1572118103504181,
            -0.8051713705062866,
            -0.23774316906929016
        ],
        [
            0.1542046070098877,
            -0.8034130334854126,
            -0.23982194066047668
        ],
        [
            0.1505247801542282,
            -0.8023785948753357,
            -0.24177876114845276
        ],
        [
            0.14639395475387573,
            -0.8020662069320679,
            -0.24347524344921112
        ],
        [
            0.14595063030719757,
            -0.797678530216217,
            -0.24035418033599854
        ],
        [
            0.15075768530368805,
            -0.79734206199646,
            -0.23765847086906433
        ],
        [
            0.14766480028629303,
            -0.8135159015655518,
            -0.25466030836105347
        ],
        [
            0.14038234949111938,
            -0.8133903741836548,
            -0.25499793887138367
        ],
        [
            0.14127862453460693,
            -0.811034083366394,
            -0.2527221143245697
        ],
        [
            0.1474689245223999,
            -0.8107882738113403,
            -0.2528250813484192
        ],
        [
            0.12996697425842285,
            -0.8084537982940674,
            -0.24633701145648956
        ],
        [
            0.13159190118312836,
            -0.8100464344024658,
            -0.24831201136112213
        ],
        [
            0.128355011343956,
            -0.8109146356582642,
            -0.2504591643810272
        ],
        [
            0.1268206238746643,
            -0.8074331283569336,
            -0.24765616655349731
        ],
        [
            0.12871047854423523,
            -0.8045821785926819,
            -0.24605751037597656
        ],
        [
            0.1310690939426422,
            -0.8066703081130981,
            -0.24579909443855286
        ],
        [
            0.15733373165130615,
            -0.8669956922531128,
            -0.27620112895965576
        ],
        [
            0.15135537087917328,
            -0.8488951921463013,
            -0.27671825885772705
        ],
        [
            0.17090339958667755,
            -0.8655211925506592,
            -0.2605169415473938
        ],
        [
            0.17806129157543182,
            -0.8608523607254028,
            -0.24438287317752838
        ],
        [
            0.18345606327056885,
            -0.8522992730140686,
            -0.2288328856229782
        ],
        [
            0.15716291964054108,
            -0.7560018301010132,
            -0.19889529049396515
        ],
        [
            0.15688404440879822,
            -0.7508348822593689,
            -0.18906545639038086
        ],
        [
            0.16443093121051788,
            -0.7623953819274902,
            -0.18093392252922058
        ],
        [
            0.1608787477016449,
            -0.7554285526275635,
            -0.17186269164085388
        ],
        [
            0.1534118950366974,
            -0.7436338663101196,
            -0.1810034215450287
        ],
        [
            0.1379745453596115,
            -0.7286816835403442,
            -0.17192374169826508
        ],
        [
            0.14714506268501282,
            -0.735709547996521,
            -0.17509694397449493
        ],
        [
            0.15463308990001678,
            -0.749049723148346,
            -0.16287586092948914
        ],
        [
            0.162598118185997,
            -0.7664621472358704,
            -0.1540471911430359
        ],
        [
            0.16687063872814178,
            -0.7692652940750122,
            -0.16484707593917847
        ],
        [
            0.1673821657896042,
            -0.7856605052947998,
            -0.14924193918704987
        ],
        [
            0.1563897281885147,
            -0.764745831489563,
            -0.1406162977218628
        ],
        [
            0.16377711296081543,
            -0.7888067960739136,
            -0.14098627865314484
        ],
        [
            0.13758276402950287,
            -0.7322839498519897,
            -0.13154686987400055
        ],
        [
            0.13776037096977234,
            -0.7244820594787598,
            -0.1237167939543724
        ],
        [
            0.14765672385692596,
            -0.7361425161361694,
            -0.11225535720586777
        ],
        [
            0.14848488569259644,
            -0.743960440158844,
            -0.12041544169187546
        ],
        [
            0.16949260234832764,
            -0.7729407548904419,
            -0.17554807662963867
        ],
        [
            0.1812581866979599,
            -0.8252555131912231,
            -0.21073724329471588
        ],
        [
            0.17778974771499634,
            -0.820297360420227,
            -0.22131043672561646
        ],
        [
            0.18078388273715973,
            -0.8158789277076721,
            -0.201446995139122
        ],
        [
            0.1888740360736847,
            -0.8866328001022339,
            -0.22111093997955322
        ],
        [
            0.18439596891403198,
            -0.8748464584350586,
            -0.23498573899269104
        ],
        [
            0.18885380029678345,
            -0.8641097545623779,
            -0.22126907110214233
        ],
        [
            0.1927303671836853,
            -0.87662273645401,
            -0.21010836958885193
        ],
        [
            0.16608209908008575,
            -0.9149727821350098,
            -0.2482207715511322
        ],
        [
            0.16408854722976685,
            -0.8925752639770508,
            -0.26479145884513855
        ],
        [
            0.17409905791282654,
            -0.8852259516716003,
            -0.251384973526001
        ],
        [
            0.1774483025074005,
            -0.9025629162788391,
            -0.23742979764938354
        ],
        [
            0.19352096319198608,
            -0.8837174773216248,
            -0.19876182079315186
        ],
        [
            0.1932012289762497,
            -0.8936769962310791,
            -0.18271785974502563
        ],
        [
            0.1907901018857956,
            -0.9110870361328125,
            -0.18469975888729095
        ],
        [
            0.19046270847320557,
            -0.9009276032447815,
            -0.205087348818779
        ],
        [
            0.18041223287582397,
            -0.9327141046524048,
            -0.18935605883598328
        ],
        [
            0.18023240566253662,
            -0.9210442304611206,
            -0.21400147676467896
        ],
        [
            0.15869206190109253,
            -0.7815728187561035,
            -0.12578077614307404
        ],
        [
            0.16279110312461853,
            -0.7991284728050232,
            -0.13183879852294922
        ],
        [
            0.14990073442459106,
            -0.7528448104858398,
            -0.1313658058643341
        ],
        [
            0.15538616478443146,
            -0.767195463180542,
            -0.11887265741825104
        ],
        [
            0.16391409933567047,
            -0.9502071142196655,
            -0.1938808560371399
        ],
        [
            0.16492889821529388,
            -0.9369093179702759,
            -0.22357125580310822
        ],
        [
            0.17684310674667358,
            -0.8977397680282593,
            -0.13031427562236786
        ],
        [
            0.18208026885986328,
            -0.9097343683242798,
            -0.14555783569812775
        ],
        [
            0.1873779594898224,
            -0.8905056118965149,
            -0.15282663702964783
        ],
        [
            0.18218931555747986,
            -0.8821194171905518,
            -0.13746900856494904
        ],
        [
            0.16632860898971558,
            -0.9134774804115295,
