{
    "pred_cam": [
        1.4425256252288818,
        0.15760581195354462,
        0.2794005870819092
    ],
    "pred_smpl_params": {
        "global_orient": [
            [
                [
                    -0.43522050976753235,
                    0.1086779534816742,
                    -0.8937405943870544
                ],
                [
                    0.2212231457233429,
                    -0.9493454098701477,
                    -0.22316740453243256
                ],
                [
                    -0.8727218508720398,
                    -0.2948431372642517,
                    0.3891324996948242
                ]
            ]
        ],
        "body_pose": [
            [
                [
                    0.9964552521705627,
                    0.04192391782999039,
                    0.072933629155159
                ],
                [
                    -0.05484571307897568,
                    0.9811414480209351,
                    0.1853465586900711
                ],
                [
                    -0.06378775835037231,
                    -0.18868964910507202,
                    0.9799628853797913
                ]
            ],
            [
                [
                    0.9827161431312561,
                    0.1550397127866745,
                    -0.10115210711956024
                ],
                [
                    -0.149502232670784,
                    0.9869241714477539,
                    0.06024782359600067
                ],
                [
                    0.10917026549577713,
                    -0.04408403858542442,
                    0.9930450916290283
                ]
            ],
            [
                [
                    0.9971439242362976,
                    -0.03840772062540054,
                    0.0650290846824646
                ],
                [
                    0.04954957589507103,
                    0.9825112819671631,
                    -0.17948956787586212
                ],
                [
                    -0.05699801445007324,
                    0.18219910562038422,
                    0.9816082119941711
                ]
            ],
            [
                [
                    0.9784418940544128,
                    0.20098750293254852,
                    0.04749070852994919
                ],
                [
                    -0.1948556900024414,
                    0.9746243357658386,
                    -0.11017540097236633
                ],
                [
                    -0.06842947751283646,
                    0.09854640811681747,
                    0.9927768111228943
                ]
            ],
            [
                [
                    0.9943025708198547,
                    0.02953006699681282,
                    0.10242241621017456
                ],
                [
                    -0.026493165642023087,
                    0.999171793460846,
                    -0.030885640531778336
                ],
                [
                    -0.10324963182210922,
                    0.027996176853775978,
                    0.9942614436149597
                ]
            ],
            [
                [
                    0.9921754598617554,
                    -0.11496417969465256,
                    0.04869266599416733
                ],
                [
                    0.11793213337659836,
                    0.991006076335907,
                    -0.0632367879152298
                ],
                [
                    -0.04098476469516754,
                    0.06848442554473877,
                    0.9968098998069763
                ]
            ],
            [
                [
                    0.9754214286804199,
                    0.02676771953701973,
                    0.2187155932188034
                ],
                [
                    -0.019691407680511475,
                    0.9992116689682007,
                    -0.034470364451408386
                ],
                [
                    -0.21946589648723602,
                    0.029316315427422523,
                    0.9751795530319214
                ]
            ],
            [
                [
                    0.9725795388221741,
                    -0.05934629216790199,
                    -0.22487114369869232
                ],
                [
                    0.051660288125276566,
                    0.9978667497634888,
                    -0.039915960282087326
                ],
                [
                    0.22676026821136475,
                    0.027204541489481926,
                    0.9735706448554993
                ]
            ],
            [
                [
                    0.9985693097114563,
                    -0.03814511373639107,
                    0.03747396171092987
                ],
                [
                    0.041826095432043076,
                    0.9938085079193115,
                    -0.10293319821357727
                ],
                [
                    -0.033315543085336685,
                    0.10435331612825394,
                    0.9939821362495422
                ]
            ],
            [
                [
                    0.9974696636199951,
                    -0.050942640751600266,
                    0.0495884045958519
                ],
                [
                    0.05273852124810219,
                    0.9979733228683472,
                    -0.035606902092695236
                ],
                [
                    -0.04767399653792381,
                    0.03813202679157257,
                    0.9981347322463989
                ]
            ],
            [
                [
                    0.996849000453949,
                    0.07460480183362961,
                    -0.02694845385849476
                ],
                [
                    -0.07378077507019043,
                    0.9968116879463196,
                    0.030378809198737144
                ],
                [
                    0.029128938913345337,
                    -0.02829480729997158,
                    0.9991751313209534
                ]
            ],
            [
                [
                    0.9789329171180725,
                    0.024716150015592575,
                    0.2026805281639099
                ],
                [
                    0.028407469391822815,
                    0.966505765914917,
                    -0.25506794452667236
                ],
                [
                    -0.20219619572162628,
                    0.25545206665992737,
                    0.9454421997070312
                ]
            ],
            [
                [
                    0.9289770722389221,
                    -0.07824637740850449,
                    -0.36177220940589905
                ],
                [
                    0.12511466443538666,
                    0.986250638961792,
                    0.10796333849430084
                ],
                [
                    0.34835028648376465,
                    -0.14555847644805908,
                    0.9259939789772034
                ]
            ],
            [
                [
                    0.9285793304443359,
                    -0.2576264441013336,
                    0.2671501636505127
                ],
                [
                    0.25282618403434753,
                    0.9660678505897522,
                    0.05283724144101143
                ],
                [
                    -0.2716974914073944,
                    0.018478998914361,
                    0.9622053503990173
                ]
            ],
            [
                [
                    0.9985707402229309,
                    0.036076512187719345,
                    -0.03943328186869621
                ],
                [
                    -0.050005342811346054,
                    0.8911008834838867,
                    -0.4510417878627777
                ],
                [
                    0.018867015838623047,
                    0.45236900448799133,
                    0.8916313052177429
                ]
            ],
            [
                [
                    0.7604866027832031,
                    0.2359096109867096,
                    -0.6049849987030029
                ],
                [
                    -0.21422381699085236,
                    0.9706596732139587,
                    0.10921531170606613
                ],
                [
                    0.612999439239502,
                    0.04654539376497269,
                    0.7887111306190491
                ]
            ],
            [
                [
                    0.5887560248374939,
                    -0.6588847041130066,
                    0.46822789311408997
                ],
                [
                    0.7498298287391663,
                    0.661522626876831,
                    -0.011959405615925789
                ],
                [
                    -0.3018634617328644,
                    0.35813242197036743,
                    0.8835268020629883
                ]
            ],
            [
                [
                    0.2702711820602417,
                    -0.08669061213731766,
                    -0.9588733315467834
                ],
                [
                    -0.052316538989543915,
                    0.993144154548645,
                    -0.10453510284423828
                ],
                [
                    0.9613617658615112,
                    0.07841775566339493,
                    0.26388290524482727
                ]
            ],
            [
                [
                    0.27411752939224243,
                    0.1942550241947174,
                    0.9418729543685913
                ],
                [
                    0.03982498124241829,
                    0.9762541651725769,
                    -0.2129363715648651
                ],
                [
                    -0.9608712792396545,
                    0.09587965905666351,
                    0.259872168302536
                ]
            ],
            [
                [
                    0.989057183265686,
                    -0.08730167895555496,
                    -0.11893057078123093
                ],
                [
                    0.09004361927509308,
                    0.9957775473594666,
                    0.017869576811790466
                ],
                [
                    0.11686833947896957,
                    -0.02838297002017498,
                    0.9927418828010559
                ]
            ],
            [
                [
                    0.9923598766326904,
                    0.026104941964149475,
                    0.12058363854885101
                ],
                [
                    -0.06099487468600273,
                    0.9533712267875671,
                    0.29557210206985474
                ],
                [
                    -0.1072450801730156,
                    -0.300668865442276,
                    0.9476796388626099
                ]
            ],
            [
                [
                    0.991926908493042,
                    0.11096688359975815,
                    -0.061378784477710724
                ],
                [
                    -0.10491365194320679,
                    0.9899969100952148,
                    0.09433534741401672
                ],
                [
                    0.07123291492462158,
                    -0.08713430166244507,
                    0.993646502494812
                ]
            ],
            [
                [
                    0.9908418655395508,
                    -0.1348382830619812,
                    0.007141267415136099
                ],
                [
                    0.13305434584617615,
                    0.9840057492256165,
                    0.11844436824321747
                ],
                [
                    -0.022997885942459106,
                    -0.11640946567058563,
                    0.9929348826408386
                ]
            ]
        ],
        "betas": [
            -0.17290335893630981,
            -0.27313974499702454,
            0.2184816300868988,
            0.6520824432373047,
            0.22906336188316345,
            -0.012242283672094345,
            -0.019747227430343628,
            -0.06855404376983643,
            0.1046479120850563,
            -0.02041754126548767
        ]
    },
    "pred_cam_t": [
        0.15760581195354462,
        0.2794005870819092,
        27.079240798950195
    ],
    "focal_length": [
        5000.0,
        5000.0
    ],
    "pred_keypoints_3d": [
        [
            -0.1713012456893921,
            -0.7362515926361084,
            -0.02370140701532364
        ],
        [
            0.010070711374282837,
            -0.7330805659294128,
            -0.04494009166955948
        ],
        [
            0.0580742247402668,
            -0.64573073387146,
            0.1320142298936844
        ],
        [
            0.0316968709230423,
            -0.4160558581352234,
            0.22538474202156067
        ],
        [
            -0.19995786249637604,
            -0.3573552966117859,
            0.1528049111366272
        ],
        [
            -0.06215080991387367,
            -0.6721928119659424,
            -0.1973307728767395
        ],
        [
            -0.2980596721172333,
            -0.6120095252990723,
            -0.2750987708568573
        ],
        [
            -0.41332805156707764,
            -0.6113442778587341,
            -0.05965794622898102
        ],
        [
            -0.0020989528857171535,
            -0.22952203452587128,
            0.028661856427788734
        ],
        [
            0.02116158790886402,
            -0.15767252445220947,
            0.11272542178630829
        ],
        [
            0.018664855509996414,
            0.16506892442703247,
            0.30163758993148804
        ],
        [
            0.0337769016623497,
            0.5252437591552734,
            0.44764435291290283
        ],
        [
            -0.03631465882062912,
            -0.12590113282203674,
            -0.007433189079165459
        ],
        [
            -0.13840851187705994,
            0.20558732748031616,
            0.108179971575737
        ],
        [
            -0.12636961042881012,
            0.5336378812789917,
            0.31592750549316406
        ],
        [
            -0.16820162534713745,
            -0.7883943915367126,
            0.008894547820091248
        ],
        [
            -0.17753861844539642,
            -0.786639392375946,
            -0.05695939064025879
        ],
        [
            -0.08206188678741455,
            -0.8422889709472656,
            0.04000760614871979
        ],
        [
            -0.1044895350933075,
            -0.8382352590560913,
            -0.1083465963602066
        ],
        [
            -0.31870439648628235,
            0.5589454174041748,
            0.37251994013786316
        ],
        [
            -0.28029951453208923,
            0.6006962656974792,
            0.31081444025039673
        ],
        [
            -0.07170703262090683,
            0.5736839175224304,
            0.32120436429977417
        ],
        [
            -0.12459687888622284,
            0.5229227542877197,
            0.569439709186554
        ],
        [
            -0.04188217222690582,
            0.5158886909484863,
            0.5998410582542419
        ],
        [
            0.08034976571798325,
            0.5792796611785889,
            0.43721166253089905
        ],
        [
            0.06998948752880096,
            0.48030591011047363,
            0.4288899898529053
        ],
        [
            0.019818468019366264,
            0.10741282999515533,
            0.27036088705062866
        ],
        [
            0.07285119593143463,
            -0.29009202122688293,
            0.14299124479293823
        ],
        [
            -0.04013901576399803,
            -0.20622248947620392,
            -0.11478316783905029
        ],
        [
            -0.13268227875232697,
            0.1712666153907776,
            0.08101917058229446
        ],
        [
            -0.10202427208423615,
            0.5133647918701172,
            0.2849794924259186
        ],
        [
            -0.18531294167041779,
            -0.39475318789482117,
            0.14601972699165344
        ],
        [
            0.009831738658249378,
            -0.4470292031764984,
            0.24233055114746094
        ],
        [
            0.049794793128967285,
            -0.6748135089874268,
            0.09694249927997589
        ],
        [
            -0.04503043368458748,
            -0.6984060406684875,
            -0.1831969916820526
        ],
        [
            -0.2891216278076172,
            -0.6547519564628601,
            -0.2596418857574463
        ],
        [
            -0.3959999978542328,
            -0.6276335716247559,
            -0.06163014844059944
        ],
        [
            0.004814577288925648,
            -0.7274683713912964,
            -0.04052919149398804
        ],
        [
            -0.14170750975608826,
            -0.8692827224731445,
            -0.03241483494639397
        ],
        [
            0.0161126796156168,
            -0.24856621026992798,
            0.013390090316534042
        ],
        [
            0.003097234759479761,
            -0.6811931133270264,
            -0.0400354266166687
        ],
        [
            0.04314253106713295,
            -0.49212533235549927,
            -0.042011626064777374
        ],
        [
            -0.09802559018135071,
            -0.7620416879653931,
            -0.03846149519085884
        ],
        [
            -0.14702391624450684,
            -0.8879380226135254,
            -0.028223296627402306
        ]
    ],
    "pred_vertices": [
        [
            -0.21108123660087585,
            -0.8218072652816772,
            -0.06600935012102127
        ],
        [
            -0.20606613159179688,
            -0.8062169551849365,
            -0.06042977422475815
        ],
        [
            -0.19833464920520782,
            -0.8091345429420471,
            -0.07255561649799347
        ],
        [
            -0.19861949980258942,
            -0.8230271339416504,
            -0.07829196751117706
        ],
        [
            -0.19626909494400024,
            -0.7983137965202332,
            -0.06856132298707962
        ],
        [
            -0.20089781284332275,
            -0.7953455448150635,
            -0.057863179594278336
        ],
        [
            -0.18705657124519348,
            -0.8106746077537537,
            -0.08081240206956863
        ],
        [
            -0.18423429131507874,
            -0.8228885531425476,
            -0.08627410978078842
        ],
        [
            -0.1556776463985443,
            -0.7906967401504517,
            -0.08920508623123169
        ],
        [
            -0.14637020230293274,
            -0.7932674288749695,
            -0.09430120140314102
        ],
        [
            -0.1554027944803238,
            -0.8015666007995605,
            -0.09332802146673203
        ],
        [
            -0.16222573816776276,
            -0.7969965934753418,
            -0.08736012876033783
        ],
        [
            -0.13647249341011047,
            -0.7730076909065247,
            -0.08973437547683716
        ],
        [
            -0.13607409596443176,
            -0.7607237100601196,
            -0.08346287906169891
        ],
        [
            -0.1231323629617691,
            -0.7598440051078796,
            -0.08737558871507645
        ],
        [
            -0.12217798829078674,
            -0.7724317312240601,
            -0.0928172618150711
        ],
        [
            -0.15871396660804749,
            -0.7575920820236206,
            -0.048181354999542236
        ],
        [
            -0.15451312065124512,
            -0.7528506517410278,
            -0.05416322499513626
        ],
        [
            -0.15891027450561523,
            -0.7583065629005432,
            -0.05774227902293205
        ],
        [
            -0.16212022304534912,
            -0.7626815438270569,
            -0.051164641976356506
        ],
        [
            -0.16831296682357788,
            -0.7616281509399414,
            -0.03814301639795303
        ],
        [
            -0.16942429542541504,
            -0.7679121494293213,
            -0.03914927691221237
        ],
        [
            -0.175188809633255,
            -0.7677128911018372,
            -0.03370331972837448
        ],
        [
            -0.17459437251091003,
            -0.7602530121803284,
            -0.033576928079128265
        ],
        [
            -0.15439888834953308,
            -0.7538623809814453,
            -0.0431029349565506
        ],
        [
            -0.14984706044197083,
            -0.7493135929107666,
            -0.04946732893586159
        ],
        [
            -0.1625925898551941,
            -0.7612646222114563,
            -0.0431104376912117
        ],
        [
            -0.16139115393161774,
            -0.7565635442733765,
            -0.04145947843790054
        ],
        [
            -0.165267214179039,
            -0.7453881502151489,
            -0.03802212327718735
        ],
        [
            -0.16731545329093933,
            -0.7498648166656494,
            -0.03942318260669708
        ],
        [
            -0.1728687286376953,
            -0.7465360164642334,
            -0.03551620617508888
        ],
        [
            -0.16872918605804443,
            -0.7426404356956482,
            -0.034621335566043854
        ],
        [
            -0.15791559219360352,
            -0.7507014274597168,
            -0.04179805517196655
        ],
        [
            -0.16199296712875366,
            -0.7512493133544922,
            -0.04189485311508179
        ],
        [
            -0.1611720323562622,
            -0.7469226717948914,
            -0.03947858884930611
        ],
        [
            -0.15714126825332642,
            -0.7473703026771545,
            -0.03836692124605179
        ],
        [
            -0.16765689849853516,
            -0.7566907405853271,
            -0.0377514585852623
        ],
        [
            -0.17398598790168762,
            -0.7537543773651123,
            -0.034191444516181946
        ],
        [
            -0.17990326881408691,
            -0.7504347562789917,
            -0.02960868738591671
        ],
        [
            -0.17744098603725433,
            -0.7417877912521362,
            -0.0305634755641222
        ],
        [
            -0.142030730843544,
            -0.7463827133178711,
            -0.06636407226324081
        ],
        [
            -0.14913110435009003,
            -0.7491710782051086,
            -0.06084669753909111
        ],
        [
            -0.14547616243362427,
            -0.7456321716308594,
            -0.0558265782892704
        ],
        [
            -0.14030995965003967,
            -0.74306321144104,
            -0.06108108535408974
        ],
        [
            -0.15266475081443787,
            -0.7470681667327881,
            -0.03991539403796196
        ],
        [
            -0.1430494487285614,
            -0.7350847721099854,
            -0.04429016262292862
        ],
        [
            -0.14565986394882202,
            -0.7377811670303345,
            -0.04440009593963623
        ],
        [
            -0.1486203372478485,
            -0.7359753847122192,
            -0.038089364767074585
        ],
        [
            -0.1461281180381775,
            -0.7335143089294434,
            -0.038648102432489395
        ],
        [
            -0.12660862505435944,
            -0.7409730553627014,
            -0.07295408844947815
        ],
        [
            -0.1287289261817932,
            -0.7373997569084167,
            -0.06688880920410156
        ],
        [
            -0.12233009934425354,
            -0.7338120341300964,
            -0.0678979754447937
        ],
        [
            -0.11835038661956787,
            -0.7373391389846802,
            -0.07340338081121445
        ],
        [
            -0.11770686507225037,
            -0.7301713228225708,
            -0.06561222672462463
        ],
        [
            -0.11108644306659698,
            -0.7335426807403564,
            -0.07246608287096024
        ],
        [
            -0.10178665816783905,
            -0.7227983474731445,
            -0.06384653598070145
        ],
        [
            -0.10575009882450104,
            -0.727768063545227,
            -0.06833513081073761
        ],
        [
            -0.11409175395965576,
            -0.7257705926895142,
            -0.0617838017642498
        ],
        [
            -0.11277107894420624,
            -0.7200573682785034,
            -0.05624428018927574
        ],
        [
            -0.12056317925453186,
            -0.7186288833618164,
            -0.043706148862838745
        ],
        [
            -0.12107473611831665,
            -0.7162178754806519,
            -0.03773484379053116
        ],
        [
            -0.11235120892524719,
            -0.7082411050796509,
            -0.04293027147650719
        ],
        [
            -0.11260125041007996,
            -0.7129472494125366,
            -0.049308933317661285
        ],
        [
            -0.1357336938381195,
            -0.7334872484207153,
            -0.04421354457736015
        ],
        [
            -0.1340814232826233,
            -0.7352604866027832,
            -0.04837414622306824
        ],
        [
            -0.13676996529102325,
            -0.7348713874816895,
            -0.04846261814236641
        ],
        [
            -0.13954928517341614,
            -0.7336940765380859,
            -0.04414017125964165
        ],
        [
            -0.1329387128353119,
            -0.7360965013504028,
            -0.05216598883271217
        ],
        [
            -0.13238383829593658,
            -0.7363895773887634,
            -0.05386658012866974
        ],
        [
            -0.1341032236814499,
            -0.7365549206733704,
            -0.05353188142180443
        ],
        [
            -0.13374952971935272,
            -0.7364479303359985,
            -0.05219224467873573
        ],
        [
            -0.13382184505462646,
            -0.7358192205429077,
            -0.05015503987669945
        ],
        [
            -0.1327972412109375,
            -0.7341294288635254,
            -0.04916539788246155
        ],
        [
            -0.13275396823883057,
            -0.7351995706558228,
            -0.05124266818165779
        ],
        [
            -0.13405725359916687,
            -0.7317473888397217,
            -0.045463088899850845
        ],
        [
            -0.13743263483047485,
            -0.7251337170600891,
            -0.03276761248707771
        ],
        [
            -0.13701149821281433,
            -0.726269006729126,
            -0.03639146685600281
        ],
        [
            -0.13888397812843323,
            -0.7303192019462585,
            -0.03481496870517731
        ],
        [
            -0.13947993516921997,
            -0.72950279712677,
            -0.03178580850362778
        ],
        [
            -0.13655325770378113,
            -0.7369986772537231,
            -0.05199948325753212
        ],
        [
            -0.13741850852966309,
            -0.7382131814956665,
            -0.05412190407514572
        ],
        [
            -0.1413610726594925,
            -0.7381471991539001,
            -0.05005882680416107
        ],
        [
            -0.13901285827159882,
            -0.7365086078643799,
            -0.04896343871951103
        ],
        [
            -0.13875353336334229,
            -0.7397004961967468,
            -0.05698077753186226
        ],
        [
            -0.13469263911247253,
            -0.73780357837677,
            -0.055799450725317
        ],
        [
            -0.13517507910728455,
            -0.7385825514793396,
            -0.05906049907207489
        ],
        [
            -0.13118970394134521,
            -0.7350525259971619,
            -0.053363218903541565
        ],
        [
            -0.129261776804924,
            -0.7346934676170349,
            -0.05627545714378357
        ],
        [
            -0.1318189650774002,
            -0.7359963655471802,
            -0.0566936694085598
        ],
        [
            -0.12734031677246094,
            -0.7319233417510986,
            -0.054336532950401306
        ],
        [
            -0.1305115818977356,
            -0.7329750657081604,
            -0.05087260529398918
        ],
        [
            -0.13113191723823547,
            -0.7298064231872559,
            -0.047265272587537766
        ],
        [
            -0.13226914405822754,
            -0.7263801693916321,
            -0.042572058737277985
        ],
        [
            -0.12709622085094452,
            -0.724668025970459,
            -0.04531640186905861
        ],
        [
            -0.12677425146102905,
            -0.7282934188842773,
            -0.05048321187496185
        ],
        [
            -0.14367687702178955,
            -0.74146968126297,
            -0.052192941308021545
        ],
        [
            -0.13043193519115448,
            -0.7365263104438782,
            -0.06112835556268692
        ],
        [
            -0.13496534526348114,
            -0.7411476373672485,
            -0.06427165865898132
        ],
        [
            -0.12643001973628998,
            -0.7336241006851196,
            -0.061274245381355286
        ],
        [
            -0.12303924560546875,
            -0.7305666208267212,
            -0.05934612452983856
        ],
        [
            -0.12115535140037537,
            -0.7266170978546143,
            -0.05495763570070267
        ],
        [
            -0.1206357330083847,
            -0.7223922610282898,
            -0.049591947346925735
        ],
        [
            -0.09878700971603394,
            -0.7085909843444824,
            -0.04650920629501343
        ],
        [
            -0.10057994723320007,
            -0.7144030928611755,
            -0.05463229864835739
        ],
        [
            -0.1931847184896469,
            -0.7916911840438843,
            -0.05611863359808922
        ],
        [
            -0.1914573609828949,
            -0.7926846742630005,
            -0.06503614783287048
        ],
        [
            -0.18238157033920288,
            -0.7901222705841064,
            -0.06592905521392822
        ],
        [
            -0.18392866849899292,
            -0.7917201519012451,
            -0.06747943162918091
        ],
        [
            -0.18715086579322815,
            -0.7907249331474304,
            -0.06223573535680771
        ],
        [
            -0.18443691730499268,
            -0.7892036437988281,
            -0.06174848973751068
        ],
        [
            -0.16707979142665863,
            -0.7949115037918091,
            -0.08093155175447464
        ],
        [
            -0.1711365431547165,
            -0.7933109998703003,
            -0.07556922733783722
        ],
        [
            -0.16767604649066925,
            -0.7914153337478638,
            -0.0759759396314621
        ],
        [
            -0.1625930815935135,
            -0.7901947498321533,
            -0.08279841393232346
        ],
        [
            -0.16702711582183838,
            -0.7814542055130005,
            -0.06839028745889664
        ],
        [
            -0.16603298485279083,
            -0.7843722105026245,
            -0.07278474420309067
        ],
        [
            -0.17182448506355286,
            -0.7877471446990967,
            -0.068642258644104
        ],
        [
            -0.17262980341911316,
            -0.7855459451675415,
            -0.06551668792963028
        ],
        [
            -0.17336592078208923,
            -0.7839474081993103,
            -0.06175053119659424
        ],
        [
            -0.17409750819206238,
            -0.7830146551132202,
            -0.057385820895433426
        ],
        [
            -0.169973686337471,
            -0.7796359062194824,
            -0.058147359639406204
        ],
        [
            -0.16847792267799377,
            -0.7800413966178894,
            -0.06327758729457855
        ],
        [
            -0.18794569373130798,
            -0.7910476922988892,
            -0.05579906329512596
        ],
        [
            -0.1866471767425537,
            -0.7906447052955627,
            -0.04840419441461563
        ],
        [
            -0.18388184905052185,
            -0.789168119430542,
            -0.05012567341327667
        ],
        [
            -0.18535158038139343,
            -0.7890956997871399,
            -0.05613218620419502
        ],
        [
            -0.17482343316078186,
            -0.7879221439361572,
            -0.0405493825674057
        ],
        [
            -0.1774454414844513,
            -0.7888786792755127,
            -0.04158373177051544
        ],
        [
            -0.17880693078041077,
            -0.7894464731216431,
            -0.03790981322526932
        ],
        [
            -0.17507976293563843,
            -0.7867222428321838,
            -0.03723733127117157
        ],
        [
            -0.17329931259155273,
            -0.7843642234802246,
            -0.039782069623470306
        ],
        [
            -0.17412196099758148,
            -0.7863775491714478,
            -0.04193752259016037
        ],
        [
            -0.22315889596939087,
            -0.8390094041824341,
            -0.055846601724624634
        ],
        [
            -0.2190612256526947,
            -0.8208417892456055,
            -0.05159802734851837
        ],
        [
            -0.2108875811100006,
            -0.8418191075325012,
            -0.07188030332326889
        ],
        [
            -0.19554771482944489,
            -0.8412595391273499,
            -0.08273487538099289
        ],
        [
            -0.18051348626613617,
            -0.8367671966552734,
            -0.09187228232622147
        ],
        [
            -0.12469011545181274,
            -0.7489230632781982,
            -0.08027666807174683
        ],
        [
            -0.11437670886516571,
            -0.7464146614074707,
            -0.08237722516059875
        ],
        [
            -0.1106991171836853,
            -0.7595230340957642,
            -0.0905088409781456
        ],
        [
            -0.10043215751647949,
            -0.7548701763153076,
            -0.08954738080501556
        ],
        [
            -0.10501991212368011,
            -0.7412244081497192,
            -0.08099111169576645
        ],
        [
            -0.09123687446117401,
            -0.7280316948890686,
            -0.06906580924987793
        ],
        [
            -0.09708169102668762,
            -0.734756350517273,
            -0.07671992480754852
        ],
        [
            -0.09025685489177704,
            -0.7502596974372864,
            -0.08631934970617294
        ],
        [
            -0.08659042418003082,
            -0.7690457105636597,
            -0.0953167974948883
        ],
        [
            -0.09755614399909973,
            -0.7700018882751465,
            -0.096260204911232
        ],
        [
            -0.08695845305919647,
            -0.7896133661270142,
            -0.09932758659124374
        ],
        [
            -0.07329864799976349,
            -0.7687902450561523,
            -0.09295390546321869
        ],
        [
            -0.07901042699813843,
            -0.7942363619804382,
            -0.0970878005027771
        ],
        [
            -0.06325162947177887,
            -0.739324688911438,
            -0.07796677947044373
        ],
        [
            -0.05811649560928345,
            -0.7335958480834961,
            -0.07960160821676254
        ],
        [
            -0.04913739860057831,
            -0.7459042072296143,
            -0.09082870930433273
        ],
        [
            -0.05533052980899811,
            -0.7523159980773926,
            -0.08962991088628769
        ],
        [
            -0.10865911841392517,
            -0.7713936567306519,
            -0.09602189064025879
        ],
        [
            -0.1568070948123932,
            -0.8146822452545166,
            -0.09546183049678802
        ],
        [
            -0.16494232416152954,
            -0.8068047165870667,
            -0.09045112878084183
        ],
        [
            -0.1458209604024887,
            -0.8071867823600769,
            -0.09827101975679398
        ],
        [
            -0.1815803050994873,
            -0.8730572462081909,
            -0.0957275778055191
        ],
        [
            -0.1912996768951416,
            -0.8577827215194702,
            -0.0894298180937767
        ],
        [
            -0.1766219288110733,
            -0.8508214354515076,
            -0.09727008640766144
        ],
        [
            -0.16970223188400269,
            -0.865709662437439,
            -0.1022804006934166
        ],
        [
            -0.21029813587665558,
            -0.8930740356445312,
            -0.06648263335227966
        ],
        [
            -0.22018574178218842,
            -0.8666241765022278,
            -0.06304436922073364
        ],
        [
            -0.20783433318138123,
            -0.8637585639953613,
            -0.07608431577682495
        ],
        [
            -0.19895732402801514,
            -0.8842570781707764,
            -0.08069754391908646
        ],
        [
            -0.16068361699581146,
            -0.8755435943603516,
            -0.1057073175907135
        ],
        [
            -0.14802661538124084,
            -0.8888983726501465,
            -0.10773526132106781
        ],
        [
            -0.1532941609621048,
            -0.9052702188491821,
            -0.10352876782417297
        ],
        [
            -0.17045392096042633,
            -0.8907591104507446,
            -0.10035376995801926
        ],
        [
            -0.16057847440242767,
            -0.9252042770385742,
            -0.09129052609205246
        ],
        [
            -0.18168939650058746,
            -0.9078872799873352,
            -0.08690084517002106
        ],
        [
            -0.06255105137825012,
            -0.7887517213821411,
            -0.09486018121242523
        ],
        [
            -0.0721738338470459,
            -0.8067256212234497,
            -0.09605627506971359
        ],
        [
            -0.06408536434173584,
            -0.7586668729782104,
            -0.0887620598077774
        ],
        [
            -0.05468778312206268,
            -0.7748746871948242,
            -0.09429241716861725
        ],
        [
            -0.1657462865114212,
            -0.9401983022689819,
            -0.07296682894229889
        ],
        [
            -0.1910782754421234,
            -0.9205622673034668,
            -0.0686454176902771
        ],
        [
            -0.09516850113868713,
            -0.9054452776908875,
            -0.1025630459189415
        ],
        [
            -0.11379241943359375,
            -0.9127874374389648,
            -0.10280853509902954
        ],
        [
            -0.11721599102020264,
            -0.8929417729377747,
            -0.10904328525066376
