{
    "pred_cam": [
        1.4475741386413574,
        0.15533514320850372,
        0.28200042247772217
    ],
    "pred_smpl_params": {
        "global_orient": [
            [
                [
                    -0.42728129029273987,
                    0.11048881709575653,
                    -0.8973420858383179
                ],
                [
                    0.21682211756706238,
                    -0.9510195255279541,
                    -0.2203407734632492
                ],
                [
                    -0.8777350187301636,
                    -0.2887111306190491,
                    0.3823964297771454
                ]
            ]
        ],
        "body_pose": [
            [
                [
                    0.9962031245231628,
                    0.047128885984420776,
                    0.07320060580968857
                ],
                [
                    -0.059481605887413025,
                    0.9824138283729553,
                    0.17698867619037628
                ],
                [
                    -0.06357201188802719,
                    -0.18067073822021484,
                    0.9814870357513428
                ]
            ],
            [
                [
                    0.9851329922676086,
                    0.14185960590839386,
                    -0.0968962088227272
                ],
                [
                    -0.13769784569740295,
                    0.9892910122871399,
                    0.04839989170432091
                ],
                [
                    0.10272454470396042,
                    -0.034337930381298065,
                    0.9941169619560242
                ]
            ],
            [
                [
                    0.9972430467605591,
                    -0.03847191482782364,
                    0.06345255672931671
                ],
                [
                    0.04897774010896683,
                    0.9836397767066956,
                    -0.1733608990907669
                ],
                [
                    -0.05574492737650871,
                    0.17599071562290192,
                    0.9828121662139893
                ]
            ],
            [
                [
                    0.9779430627822876,
                    0.20172205567359924,
                    0.05418047308921814
                ],
                [
                    -0.1953243911266327,
                    0.9751096367835999,
                    -0.10492657124996185
                ],
                [
                    -0.07399790734052658,
                    0.09202945232391357,
                    0.9930029511451721
                ]
            ],
            [
                [
                    0.994175136089325,
                    0.02497018873691559,
                    0.10484395921230316
                ],
                [
                    -0.021961666643619537,
                    0.9993159770965576,
                    -0.029752511531114578
                ],
                [
                    -0.10551517456769943,
                    0.027276661247015,
                    0.9940434694290161
                ]
            ],
            [
                [
                    0.9919430017471313,
                    -0.11738058924674988,
                    0.04765428230166435
                ],
                [
                    0.12038857489824295,
                    0.9905231595039368,
                    -0.06610959768295288
                ],
                [
                    -0.03944268450140953,
                    0.07131397724151611,
                    0.9966738224029541
                ]
            ],
            [
                [
                    0.9748080372810364,
                    0.024412160739302635,
                    0.22170548141002655
                ],
                [
                    -0.016603538766503334,
                    0.9991766810417175,
                    -0.03701656684279442
                ],
                [
                    -0.2224266231060028,
                    0.032402943819761276,
                    0.9744107723236084
                ]
            ],
            [
                [
                    0.9722540974617004,
                    -0.05641739070415497,
                    -0.22702211141586304
                ],
                [
                    0.04829097539186478,
                    0.9979833364486694,
                    -0.04119652137160301
                ],
                [
                    0.22888851165771484,
                    0.029090367257595062,
                    0.9730178117752075
                ]
            ],
            [
                [
                    0.9985604882240295,
                    -0.039966240525245667,
                    0.03577115386724472
                ],
                [
                    0.0433841273188591,
                    0.9939888715744019,
                    -0.10051928460597992
                ],
                [
                    -0.03153874725103378,
                    0.10192649066448212,
                    0.9942919015884399
                ]
            ],
            [
                [
                    0.9976571202278137,
                    -0.050260044634342194,
                    0.04641488194465637
                ],
                [
                    0.05205158144235611,
                    0.9979124069213867,
                    -0.03823050111532211
                ],
                [
                    -0.04439651221036911,
                    0.0405568927526474,
                    0.9981905221939087
                ]
            ],
            [
                [
                    0.9973452687263489,
                    0.06840725243091583,
                    -0.02495802566409111
                ],
                [
                    -0.06768302619457245,
                    0.9972913265228271,
                    0.028792958706617355
                ],
                [
                    0.0268600694835186,
                    -0.02702728658914566,
                    0.9992737770080566
                ]
            ],
            [
                [
                    0.9790015816688538,
                    0.02702847495675087,
                    0.20205320417881012
                ],
                [
                    0.026725608855485916,
                    0.9655986428260803,
                    -0.2586600184440613
                ],
                [
                    -0.2020934820175171,
                    0.2586285173892975,
                    0.9446002244949341
                ]
            ],
            [
                [
                    0.9271731972694397,
                    -0.08086495846509933,
                    -0.3658013939857483
                ],
                [
                    0.12809625267982483,
                    0.9860043525695801,
                    0.10670875757932663
                ],
                [
                    0.3520527780056,
                    -0.1457953006029129,
                    0.9245553016662598
                ]
            ],
            [
                [
                    0.9268902540206909,
                    -0.2592070996761322,
                    0.2714520990848541
                ],
                [
                    0.25389987230300903,
                    0.9656575322151184,
                    0.05514030531048775
                ],
                [
                    -0.27642250061035156,
                    0.01781264692544937,
                    0.9608712196350098
                ]
            ],
            [
                [
                    0.9982575178146362,
                    0.03841051831841469,
                    -0.04479426518082619
                ],
                [
                    -0.05450036749243736,
                    0.8911603689193726,
                    -0.45040300488471985
                ],
                [
                    0.02261866070330143,
                    0.4520595073699951,
                    0.8917009234428406
                ]
            ],
            [
                [
                    0.7592340111732483,
                    0.23264014720916748,
                    -0.6078175902366638
                ],
                [
                    -0.21303243935108185,
                    0.971314549446106,
                    0.1056654080748558
                ],
                [
                    0.6149641275405884,
                    0.04926009476184845,
                    0.7870149612426758
                ]
            ],
            [
                [
                    0.5867005586624146,
                    -0.6561779379844666,
                    0.47456613183021545
                ],
                [
                    0.7484973073005676,
                    0.6630831360816956,
                    -0.008519917726516724
                ],
                [
                    -0.3090862035751343,
                    0.3602100908756256,
                    0.880178689956665
                ]
            ],
            [
                [
                    0.2721702456474304,
                    -0.08379000425338745,
                    -0.9585940837860107
                ],
                [
                    -0.06299562007188797,
                    0.9925128817558289,
                    -0.10464096069335938
                ],
                [
                    0.9601848721504211,
                    0.08886740356683731,
                    0.2648540735244751
                ]
            ],
            [
                [
                    0.2639599144458771,
                    0.19394156336784363,
                    0.9448343515396118
                ],
                [
                    0.03425947204232216,
                    0.9770730137825012,
                    -0.21013016998767853
                ],
                [
                    -0.9639250636100769,
                    0.08783546835184097,
                    0.2512637674808502
                ]
            ],
            [
                [
                    0.9889371395111084,
                    -0.08499809354543686,
                    -0.12156689167022705
                ],
                [
                    0.08774710446596146,
                    0.9959902763366699,
                    0.01743154041469097
                ],
                [
                    0.11959779262542725,
                    -0.027905844151973724,
                    0.9924300909042358
                ]
            ],
            [
                [
                    0.9922338128089905,
                    0.028241898864507675,
                    0.12113845348358154
                ],
                [
                    -0.06317128241062164,
                    0.9533549547195435,
                    0.295167475938797
                ],
                [
                    -0.10715184360742569,
                    -0.30052757263183594,
                    0.947735071182251
                ]
            ],
            [
                [
                    0.9917365908622742,
                    0.11267443746328354,
                    -0.06134292855858803
                ],
                [
                    -0.10653212666511536,
                    0.9897053837776184,
                    0.09557249397039413
                ],
                [
                    0.07148000597953796,
                    -0.08824775367975235,
                    0.9935305118560791
                ]
            ],
            [
                [
                    0.990645170211792,
                    -0.13634619116783142,
                    0.005647074431180954
                ],
                [
                    0.13474580645561218,
                    0.9838850498199463,
                    0.11753163486719131
                ],
                [
                    -0.02158106490969658,
                    -0.11567122489213943,
                    0.9930530786514282
                ]
            ]
        ],
        "betas": [
            -0.17484068870544434,
            -0.2645423710346222,
            0.20714542269706726,
            0.6302881240844727,
            0.22802388668060303,
            -0.01693403348326683,
            -0.020677417516708374,
            -0.06866243481636047,
            0.09943447262048721,
            -0.02085629105567932
        ]
    },
    "pred_cam_t": [
        0.15533514320850372,
        0.28200042247772217,
        26.984800338745117
    ],
    "focal_length": [
        5000.0,
        5000.0
    ],
    "pred_keypoints_3d": [
        [
            -0.16851434111595154,
            -0.7363029718399048,
            -0.021419493481516838
        ],
        [
            0.012821974232792854,
            -0.7327553033828735,
            -0.04210217297077179
        ],
        [
            0.058872710913419724,
            -0.6438475251197815,
            0.1344546675682068
        ],
        [
            0.02772013656795025,
            -0.4137188494205475,
            0.2254428267478943
        ],
        [
            -0.20431925356388092,
            -0.36191612482070923,
            0.14869050681591034
        ],
        [
            -0.05921977758407593,
            -0.6736385822296143,
            -0.19482111930847168
        ],
        [
            -0.29580986499786377,
            -0.6161664128303528,
            -0.2728458344936371
        ],
        [
            -0.4106462299823761,
            -0.6109147667884827,
            -0.057181015610694885
        ],
        [
            -0.002081523649394512,
            -0.2291887402534485,
            0.028621874749660492
        ],
        [
            0.020518634468317032,
            -0.1569330394268036,
            0.11248564720153809
        ],
        [
            0.017505118623375893,
            0.1699027121067047,
            0.29457366466522217
        ],
        [
            0.0318484753370285,
            0.5336350202560425,
            0.43203553557395935
        ],
        [
            -0.03587272763252258,
            -0.12576822936534882,
            -0.008368920534849167
        ],
        [
            -0.13539248704910278,
            0.20740066468715668,
            0.10531176626682281
        ],
        [
            -0.12347045540809631,
            0.5356380343437195,
            0.31309887766838074
        ],
        [
            -0.16546759009361267,
            -0.7884231209754944,
            0.011155098676681519
        ],
        [
            -0.17454859614372253,
            -0.7866907715797424,
            -0.05472584068775177
        ],
        [
            -0.07938028872013092,
            -0.8421240448951721,
            0.04250792786478996
        ],
        [
            -0.10122418403625488,
            -0.838096022605896,
            -0.10581426322460175
        ],
        [
            -0.3161485195159912,
            0.5633713006973267,
            0.367058128118515
        ],
        [
            -0.27661943435668945,
            0.604454755783081,
            0.3056604266166687
        ],
        [
            -0.06847111135721207,
            0.5750337839126587,
            0.3189656436443329
        ],
        [
            -0.1282930076122284,
            0.535211443901062,
            0.5513675212860107
        ],
        [
            -0.046188801527023315,
            0.5284863710403442,
            0.5832815766334534
        ],
        [
            0.07889929413795471,
            0.5870732069015503,
            0.42101192474365234
        ],
        [
            0.06817081570625305,
            0.4879761338233948,
            0.41499102115631104
        ],
        [
            0.018779903650283813,
            0.11146938800811768,
            0.264437735080719
        ],
        [
            0.07151389867067337,
            -0.2891378700733185,
            0.14414659142494202
        ],
        [
            -0.039012398570775986,
            -0.20661871135234833,
            -0.11513074487447739
        ],
        [
            -0.12974439561367035,
            0.1728503406047821,
            0.07825708389282227
        ],
        [
            -0.09890411049127579,
            0.515031099319458,
            0.28244906663894653
        ],
        [
            -0.18864642083644867,
            -0.3990265727043152,
            0.14267784357070923
        ],
        [
            0.006186955608427525,
            -0.44489458203315735,
            0.24240368604660034
        ],
        [
            0.05102968215942383,
            -0.6732790470123291,
            0.09952095150947571
        ],
        [
            -0.0419359914958477,
            -0.6995739936828613,
            -0.18054333329200745
        ],
        [
            -0.28658121824264526,
            -0.6585140228271484,
            -0.25668975710868835
        ],
        [
            -0.39323553442955017,
            -0.6271540522575378,
            -0.058852363377809525
        ],
        [
            0.007402772083878517,
            -0.7271386384963989,
            -0.03769019991159439
        ],
        [
            -0.1386580467224121,
            -0.8692197203636169,
            -0.030062749981880188
        ],
        [
            0.016028251498937607,
            -0.24828754365444183,
            0.013788406737148762
        ],
        [
            0.00525948591530323,
            -0.680984377861023,
            -0.03744543716311455
        ],
        [
            0.04445584863424301,
            -0.49165278673171997,
            -0.04053245112299919
        ],
        [
            -0.09518154710531235,
            -0.7619010806083679,
            -0.03595079854130745
        ],
        [
            -0.1439635157585144,
            -0.8878697752952576,
            -0.0259084589779377
        ]
    ],
    "pred_vertices": [
        [
            -0.2079780399799347,
            -0.8218951225280762,
            -0.06394530832767487
        ],
        [
            -0.20302601158618927,
            -0.8063145279884338,
            -0.05832898989319801
        ],
        [
            -0.1952252835035324,
            -0.8092217445373535,
            -0.0704117864370346
        ],
        [
            -0.19545690715312958,
            -0.8230916857719421,
            -0.07615840435028076
        ],
        [
            -0.19320520758628845,
            -0.7983894348144531,
            -0.06641420722007751
        ],
        [
            -0.19787825644016266,
            -0.7954427003860474,
            -0.05572577938437462
        ],
        [
            -0.18391011655330658,
            -0.810736894607544,
            -0.07861590385437012
        ],
        [
            -0.18104228377342224,
            -0.8229155540466309,
            -0.084085613489151
        ],
        [
            -0.15255919098854065,
            -0.7906861305236816,
            -0.08688884973526001
        ],
        [
            -0.14323066174983978,
            -0.7932442426681519,
            -0.09193921834230423
        ],
        [
            -0.15223687887191772,
            -0.8015491366386414,
            -0.09101200103759766
        ],
        [
            -0.15909767150878906,
            -0.7969926595687866,
            -0.08507716655731201
        ],
        [
            -0.1333896666765213,
            -0.7729605436325073,
            -0.08733299374580383
        ],
        [
            -0.13303270936012268,
            -0.7606915235519409,
            -0.08104477822780609
        ],
        [
            -0.12007346749305725,
            -0.7597943544387817,
            -0.0849001407623291
        ],
        [
            -0.11907418072223663,
            -0.7723755836486816,
            -0.09034176170825958
        ],
        [
            -0.15581563115119934,
            -0.7576003074645996,
            -0.04585936665534973
        ],
        [
            -0.1516028642654419,
            -0.7528516054153442,
            -0.051823344081640244
        ],
        [
            -0.15597569942474365,
            -0.7583127021789551,
            -0.05542291700839996
        ],
        [
            -0.15920419991016388,
            -0.7626936435699463,
            -0.04886022210121155
        ],
        [
            -0.1654428243637085,
            -0.7616497278213501,
            -0.035864926874637604
        ],
        [
            -0.16654273867607117,
            -0.7679356336593628,
            -0.036880481988191605
        ],
        [
            -0.17232400178909302,
            -0.7677475810050964,
            -0.031455621123313904
        ],
        [
            -0.17173773050308228,
            -0.7602877616882324,
            -0.031319715082645416
        ],
        [
            -0.15152646601200104,
            -0.7538619637489319,
            -0.04076382517814636
        ],
        [
            -0.1469617486000061,
            -0.7493065595626831,
            -0.04710935801267624
        ],
        [
            -0.15970638394355774,
            -0.7612773776054382,
            -0.04080773517489433
        ],
        [
            -0.15851427614688873,
            -0.7565735578536987,
            -0.039147842675447464
        ],
        [
            -0.16241590678691864,
            -0.7454071044921875,
            -0.03572121262550354
        ],
        [
            -0.16445250809192657,
            -0.7498865723609924,
            -0.037131961435079575
        ],
        [
            -0.17001914978027344,
            -0.7465733289718628,
            -0.033241890370845795
        ],
        [
            -0.1658937782049179,
            -0.7426731586456299,
            -0.03233268857002258
        ],
        [
            -0.15504875779151917,
            -0.7507084608078003,
            -0.03947242349386215
        ],
        [
            -0.15912003815174103,
            -0.7512641549110413,
            -0.03958117216825485
        ],
        [
            -0.1583164930343628,
            -0.7469372153282166,
            -0.037160634994506836
        ],
        [
            -0.15429219603538513,
            -0.7473746538162231,
            -0.03603934124112129
        ],
        [
            -0.16479003429412842,
            -0.7567158937454224,
            -0.03546283394098282
        ],
        [
            -0.17113302648067474,
            -0.7537927627563477,
            -0.03192531317472458
        ],
        [
            -0.17706547677516937,
            -0.7504855394363403,
            -0.027362989261746407
        ],
        [
            -0.17461268603801727,
            -0.7418389916419983,
            -0.028302470222115517
        ],
        [
            -0.1390855312347412,
            -0.7463698387145996,
            -0.0639655813574791
        ],
        [
            -0.14620018005371094,
            -0.749168872833252,
            -0.058478761464357376
        ],
        [
            -0.14257439970970154,
            -0.7456260919570923,
            -0.05344479903578758
        ],
        [
            -0.137391597032547,
            -0.7430523633956909,
            -0.05867419391870499
        ],
        [
            -0.1498129665851593,
            -0.7470690011978149,
            -0.03757018223404884
        ],
        [
            -0.14020827412605286,
            -0.7350775003433228,
            -0.04190471023321152
        ],
        [
            -0.14281119406223297,
            -0.7377767562866211,
            -0.04202558100223541
        ],
        [
            -0.14579585194587708,
            -0.7359788417816162,
            -0.03572738915681839
        ],
        [
            -0.14330802857875824,
            -0.733513355255127,
            -0.036276865750551224
        ],
        [
            -0.12364524602890015,
            -0.7409424781799316,
            -0.07048463076353073
        ],
        [
            -0.1257968544960022,
            -0.737372875213623,
            -0.06442864239215851
        ],
        [
            -0.11940252780914307,
            -0.7337758541107178,
            -0.06541141867637634
        ],
        [
            -0.11539377272129059,
            -0.7372939586639404,
            -0.07090234011411667
        ],
        [
            -0.11480195820331573,
            -0.7301175594329834,
            -0.0631173849105835
        ],
        [
            -0.10814747214317322,
            -0.7334803342819214,
            -0.06994377076625824
        ],
        [
            -0.09891024231910706,
            -0.7227239608764648,
            -0.061306122690439224
        ],
        [
            -0.10284201800823212,
            -0.7276989817619324,
            -0.0658017173409462
        ],
        [
            -0.1112142950296402,
            -0.7257104516029358,
            -0.05928141251206398
        ],
        [
            -0.10992638766765594,
            -0.719996988773346,
            -0.053743794560432434
        ],
        [
            -0.11775752902030945,
            -0.7185980677604675,
            -0.041232429444789886
        ],
        [
            -0.11829525232315063,
            -0.7161863446235657,
            -0.03527139872312546
        ],
        [
            -0.1095609962940216,
            -0.7082010507583618,
            -0.040430065244436264
        ],
        [
            -0.10979026556015015,
            -0.7128889560699463,
            -0.046816568821668625
        ],
        [
            -0.13290053606033325,
            -0.7334685325622559,
            -0.04179903864860535
        ],
        [
            -0.131230890750885,
            -0.7352381348609924,
            -0.04595031216740608
        ],
        [
            -0.13391724228858948,
            -0.734855055809021,
            -0.0460476279258728
        ],
        [
            -0.13671152293682098,
            -0.7336860299110413,
            -0.041736479848623276
        ],
        [
            -0.1300719529390335,
            -0.7360725402832031,
            -0.049733392894268036
        ],
        [
            -0.129509836435318,
            -0.7363640666007996,
            -0.05143115669488907
        ],
        [
            -0.13122865557670593,
            -0.7365322709083557,
            -0.05110297352075577
        ],
        [
            -0.13088242709636688,
            -0.7364296913146973,
            -0.04975995793938637
        ],
        [
            -0.13096439838409424,
            -0.7357999086380005,
            -0.04772554337978363
        ],
        [
            -0.1299487054347992,
            -0.7341082096099854,
            -0.04673456773161888
        ],
        [
            -0.12989449501037598,
            -0.7351744174957275,
            -0.04881124943494797
        ],
        [
            -0.131224125623703,
            -0.7317312955856323,
            -0.04303867742419243
        ],
        [
            -0.13465628027915955,
            -0.7251223921775818,
            -0.030369456857442856
        ],
        [
            -0.13422006368637085,
            -0.7262588143348694,
            -0.03398585319519043
        ],
        [
            -0.13608846068382263,
            -0.7303084135055542,
            -0.032417647540569305
        ],
        [
            -0.1366984248161316,
            -0.7294873595237732,
            -0.02939647249877453
        ],
        [
            -0.1336846649646759,
            -0.7369834184646606,
            -0.04958048462867737
        ],
        [
            -0.1345367431640625,
            -0.7381949424743652,
            -0.05170678719878197
        ],
        [
            -0.13849389553070068,
            -0.7381359934806824,
            -0.047663696110248566
        ],
        [
            -0.1361539661884308,
            -0.7364926338195801,
            -0.04655853286385536
        ],
        [
            -0.13585923612117767,
            -0.7396868467330933,
            -0.054567739367485046
        ],
        [
            -0.13180555403232574,
            -0.7377839088439941,
            -0.053370557725429535
        ],
        [
            -0.13227500021457672,
            -0.7385619878768921,
            -0.05663405731320381
        ],
        [
            -0.1283227503299713,
            -0.735024631023407,
            -0.05092431977391243
        ],
        [
            -0.12638233602046967,
            -0.7346631288528442,
            -0.05382552370429039
        ],
        [
            -0.12893365323543549,
            -0.7359699010848999,
            -0.054252732545137405
        ],
        [
            -0.12447965145111084,
            -0.7318892478942871,
            -0.0518844872713089
        ],
        [
            -0.1276608109474182,
            -0.7329463362693787,
            -0.048435747623443604
        ],
        [
            -0.12829920649528503,
            -0.729782223701477,
            -0.04483373463153839
        ],
        [
            -0.12945884466171265,
            -0.7263606786727905,
            -0.04014696925878525
        ],
        [
            -0.12428131699562073,
            -0.7246392965316772,
            -0.04287080094218254
        ],
        [
            -0.12393531203269958,
            -0.7282618284225464,
            -0.048033762723207474
        ],
        [
            -0.1407974511384964,
            -0.7414599061012268,
            -0.04980848357081413
        ],
        [
            -0.12752476334571838,
            -0.7365031242370605,
            -0.05867713317275047
        ],
        [
            -0.13203614950180054,
            -0.7411296367645264,
            -0.06184019893407822
        ],
        [
            -0.12352931499481201,
            -0.733595073223114,
            -0.058807313442230225
        ],
        [
            -0.12015633285045624,
            -0.7305302023887634,
            -0.05687032639980316
        ],
        [
            -0.11830759048461914,
            -0.7265600562095642,
            -0.05249229446053505
        ],
        [
            -0.11780476570129395,
            -0.7223560214042664,
            -0.04711582884192467
        ],
        [
            -0.09598979353904724,
            -0.7085176706314087,
            -0.043966833502054214
        ],
        [
            -0.09775230288505554,
            -0.7143170833587646,
            -0.0521039143204689
        ],
        [
            -0.19019296765327454,
            -0.7917641401290894,
            -0.05395234376192093
        ],
        [
            -0.18842178583145142,
            -0.7927544116973877,
            -0.06285872310400009
        ],
        [
            -0.17934700846672058,
            -0.7901793718338013,
            -0.06371665000915527
        ],
        [
            -0.18088498711585999,
            -0.791775107383728,
            -0.06527428328990936
        ],
        [
            -0.18413600325584412,
            -0.7907825708389282,
            -0.06004611775279045
        ],
        [
            -0.18142186105251312,
            -0.7892676591873169,
            -0.059544771909713745
        ],
        [
            -0.163979634642601,
            -0.7949303388595581,
            -0.0786605030298233
        ],
        [
            -0.1680602729320526,
            -0.7933419346809387,
            -0.0733122006058693
        ],
        [
            -0.16460631787776947,
            -0.7914353609085083,
            -0.0737115889787674
        ],
        [
            -0.15949760377407074,
            -0.7902039885520935,
            -0.08051329851150513
        ],
        [
            -0.1640118658542633,
            -0.7814750671386719,
            -0.06612192839384079
        ],
        [
            -0.16299527883529663,
            -0.7843867540359497,
            -0.07051567733287811
        ],
        [
            -0.1687941700220108,
            -0.7877796292304993,
            -0.066392682492733
        ],
        [
            -0.1696155071258545,
            -0.7855836153030396,
            -0.06326723843812943
        ],
        [
            -0.17037007212638855,
            -0.7839854955673218,
            -0.05950438231229782
        ],
        [
            -0.1711191087961197,
            -0.783050537109375,
            -0.05514473095536232
        ],
        [
            -0.1670021414756775,
            -0.7796659469604492,
            -0.05588594451546669
        ],
        [
            -0.16548708081245422,
            -0.7800685167312622,
            -0.061011288315057755
        ],
        [
            -0.18495887517929077,
            -0.7911075353622437,
            -0.05361287668347359
        ],
        [
            -0.18369218707084656,
            -0.7906942367553711,
            -0.046210043132305145
        ],
        [
            -0.18092024326324463,
            -0.7892223596572876,
            -0.04792244732379913
        ],
        [
            -0.18236568570137024,
            -0.7891570329666138,
            -0.05393509194254875
        ],
        [
            -0.17190095782279968,
            -0.7879594564437866,
            -0.038309697061777115
        ],
        [
            -0.17451530694961548,
            -0.788922905921936,
            -0.03935517370700836
        ],
        [
            -0.17589204013347626,
            -0.7894935011863708,
            -0.03568350523710251
        ],
        [
            -0.17217542231082916,
            -0.7867593765258789,
            -0.03499893099069595
        ],
        [
            -0.17038631439208984,
            -0.78440260887146,
            -0.03753316402435303
        ],
        [
            -0.1711951643228531,
            -0.7864174842834473,
            -0.03969356790184975
        ],
        [
            -0.2200773060321808,
            -0.8391213417053223,
            -0.05382276326417923
        ],
        [
            -0.2160314917564392,
            -0.820957601070404,
            -0.04954640939831734
        ],
        [
            -0.2077263593673706,
            -0.8419110774993896,
            -0.06979907304048538
        ],
        [
            -0.19233718514442444,
            -0.8413116931915283,
            -0.08059466630220413
        ],
        [
            -0.17726925015449524,
            -0.836764931678772,
            -0.08967013657093048
        ],
        [
            -0.1216813176870346,
            -0.7488848567008972,
            -0.07779888063669205
        ],
        [
            -0.11136665940284729,
            -0.7463549971580505,
            -0.07986496388912201
        ],
        [
            -0.10763999819755554,
            -0.7594411373138428,
            -0.08799110352993011
        ],
        [
            -0.09739111363887787,
            -0.7547816634178162,
            -0.0869867354631424
        ],
        [
            -0.1020350456237793,
            -0.7411487102508545,
            -0.07844891399145126
        ],
        [
            -0.0883241593837738,
            -0.7279454469680786,
            -0.06649895012378693
        ],
        [
            -0.09412375092506409,
            -0.7346760034561157,
            -0.07415460795164108
        ],
        [
            -0.08723562955856323,
            -0.7501672506332397,
            -0.08372153341770172
        ],
        [
            -0.08351373672485352,
            -0.7689492106437683,
            -0.09267966449260712
        ],
        [
            -0.09446457028388977,
            -0.7699034214019775,
            -0.09367968142032623
        ],
        [
            -0.08383913338184357,
            -0.7895082831382751,
            -0.09668276458978653
        ],
        [
            -0.070243701338768,
            -0.7686882019042969,
            -0.09025809913873672
        ],
        [
            -0.07590077817440033,
            -0.7941222786903381,
            -0.09440313279628754
        ],
        [
            -0.060300812125205994,
            -0.7393008470535278,
            -0.07536998391151428
        ],
        [
            -0.055167004466056824,
            -0.7336158752441406,
            -0.07702775299549103
        ],
        [
            -0.046122267842292786,
            -0.745905339717865,
            -0.08815844357013702
        ],
        [
            -0.05231740325689316,
            -0.7522705793380737,
            -0.08695920556783676
        ],
        [
            -0.10554724931716919,
            -0.7713167071342468,
            -0.09348240494728088
        ],
        [
            -0.15359386801719666,
            -0.8146747350692749,
            -0.0931476503610611
        ],
        [
            -0.16176873445510864,
            -0.8068190813064575,
            -0.08816470205783844
        ],
        [
            -0.14262479543685913,
            -0.8071430921554565,
            -0.0959228053689003
        ],
        [
            -0.17822638154029846,
            -0.873073160648346,
            -0.09351282566785812
        ],
        [
            -0.18801526725292206,
            -0.8578184843063354,
            -0.0872490182518959
        ],
        [
            -0.1733245849609375,
            -0.8508153557777405,
            -0.09505759179592133
        ],
        [
            -0.16634352505207062,
            -0.8656868934631348,
            -0.10002109408378601
        ],
        [
            -0.20703531801700592,
            -0.8931481838226318,
            -0.06441576778888702
        ],
        [
            -0.21702006459236145,
            -0.8667312860488892,
            -0.0610208623111248
        ],
        [
            -0.20461320877075195,
            -0.863835334777832,
            -0.07400664687156677
        ],
        [
            -0.19566145539283752,
            -0.8843029737472534,
            -0.07858730107545853
        ],
        [
            -0.15729555487632751,
            -0.8754943609237671,
            -0.103424072265625
        ],
        [
            -0.1446048617362976,
            -0.8888188600540161,
            -0.10541101545095444
        ],
        [
            -0.14984367787837982,
            -0.9051926732063293,
            -0.10121679306030273
        ],
        [
            -0.16703619062900543,
            -0.8907381296157837,
            -0.09810129553079605
        ],
        [
            -0.15713705122470856,
            -0.9251577854156494,
            -0.08901041001081467
        ],
        [
            -0.17831197381019592,
            -0.9078823328018188,
            -0.08472439646720886
        ],
        [
            -0.05946490168571472,
            -0.7886179685592651,
            -0.09213840961456299
        ],
        [
            -0.06903757154941559,
            -0.8065800666809082,
            -0.0933457463979721
        ],
        [
            -0.0610651969909668,
            -0.7585850954055786,
            -0.08608730137348175
        ],
        [
            -0.05163244903087616,
            -0.7747610807418823,
            -0.0915570855140686
        ],
        [
            -0.1623380482196808,
            -0.9401369690895081,
            -0.07071776688098907
        ],
        [
            -0.18773411214351654,
            -0.9205735325813293,
            -0.0665023922920227
        ],
        [
            -0.09175589680671692,
            -0.9052460193634033,
            -0.100003682076931
        ],
        [
            -0.1103532612323761,
            -0.9126231074333191,
            -0.10032907128334045
        ],
        [
            -0.11379437148571014,
            -0.8927944898605347,
