{
    "pred_cam": [
        1.137777328491211,
        -0.03684145212173462,
        0.16080453991889954
    ],
    "pred_smpl_params": {
        "global_orient": [
            [
                [
                    0.9901642799377441,
                    0.13012494146823883,
                    0.05140070617198944
                ],
                [
                    0.12808911502361298,
                    -0.9909104108810425,
                    0.041106171905994415
                ],
                [
                    0.05628243461251259,
                    -0.03411799669265747,
                    -0.9978317022323608
                ]
            ]
        ],
        "body_pose": [
            [
                [
                    0.9991146922111511,
                    -0.033219002187252045,
                    -0.025812555104494095
                ],
                [
                    0.03716659918427467,
                    0.9844540357589722,
                    0.17166505753993988
                ],
                [
                    0.019708732143044472,
                    -0.17247244715690613,
                    0.9848171472549438
                ]
            ],
            [
                [
                    0.9995902180671692,
                    0.01161967497318983,
                    0.02615981176495552
                ],
                [
                    -0.016810590401291847,
                    0.9779968857765198,
                    0.20794108510017395
                ],
                [
                    -0.023168006911873817,
                    -0.20829564332962036,
                    0.977791428565979
                ]
            ],
            [
                [
                    0.9999386668205261,
                    -0.00380831235088408,
                    0.010406045243144035
                ],
                [
                    0.005745996721088886,
                    0.981168806552887,
                    -0.1930667757987976
                ],
                [
                    -0.009474831633269787,
                    0.19311469793319702,
                    0.9811305403709412
                ]
            ],
            [
                [
                    0.9907634854316711,
                    -0.030039506033062935,
                    -0.13223187625408173
                ],
                [
                    -0.04370554909110069,
                    0.8523725271224976,
                    -0.5211052894592285
                ],
                [
                    0.12836459279060364,
                    0.5220714211463928,
                    0.8431866765022278
                ]
            ],
            [
                [
                    0.9941191673278809,
                    -0.06306076049804688,
                    0.08803658187389374
                ],
                [
                    0.10495193302631378,
                    0.7613859176635742,
                    -0.6397473812103271
                ],
                [
                    -0.026686865836381912,
                    0.6452246904373169,
                    0.7635266780853271
                ]
            ],
            [
                [
                    0.9989509582519531,
                    -0.0196888018399477,
                    0.04134327173233032
                ],
                [
                    0.019906776025891304,
                    0.9997900128364563,
                    -0.004867157433182001
                ],
                [
                    -0.04123876243829727,
                    0.005685063078999519,
                    0.9991331100463867
                ]
            ],
            [
                [
                    0.9813922047615051,
                    0.10607790946960449,
                    0.16005229949951172
                ],
                [
                    -0.11076359450817108,
                    0.9936328530311584,
                    0.02061866782605648
                ],
                [
                    -0.1568460464477539,
                    -0.03796297684311867,
                    0.9868931174278259
                ]
            ],
            [
                [
                    0.987599790096283,
                    -0.06284841895103455,
                    -0.1438634693622589
                ],
                [
                    0.06279012560844421,
                    0.9980144500732422,
                    -0.004949907306581736
                ],
                [
                    0.143888920545578,
                    -0.004144678823649883,
                    0.9895851016044617
                ]
            ],
            [
                [
                    0.9997329115867615,
                    -0.012954804114997387,
                    0.019135141745209694
                ],
                [
                    0.014402705244719982,
                    0.9968823194503784,
                    -0.07757721096277237
                ],
                [
                    -0.018070487305521965,
                    0.07783209532499313,
                    0.9968026280403137
                ]
            ],
            [
                [
                    0.9773098230361938,
                    -0.21181444823741913,
                    0.0001925023243529722
                ],
                [
                    0.20812229812145233,
                    0.9604424238204956,
                    0.185028076171875
                ],
                [
                    -0.03937651589512825,
                    -0.18078972399234772,
                    0.9827331304550171
                ]
            ],
            [
                [
                    0.9867228269577026,
                    0.16241231560707092,
                    0.000632414361461997
                ],
                [
                    -0.15930381417274475,
                    0.9670642614364624,
                    0.1985170841217041
                ],
                [
                    0.03163003548979759,
                    -0.19598206877708435,
                    0.9800972938537598
                ]
            ],
            [
                [
                    0.9649837613105774,
                    -0.058506157249212265,
                    -0.2557014226913452
                ],
                [
                    0.05240120366215706,
                    0.9981562495231628,
                    -0.03062937781214714
                ],
                [
                    0.2570219933986664,
                    0.016157792881131172,
                    0.966270387172699
                ]
            ],
            [
                [
                    0.9388166666030884,
                    0.3410179615020752,
                    0.04827026277780533
                ],
                [
                    -0.33748599886894226,
                    0.9388192892074585,
                    -0.06871261447668076
                ],
                [
                    -0.06874929368495941,
                    0.0482180081307888,
                    0.9964680075645447
                ]
            ],
            [
                [
                    0.9534760117530823,
                    -0.2859012484550476,
                    0.09562350064516068
                ],
                [
                    0.288907915353775,
                    0.9571695923805237,
                    -0.01893688552081585
                ],
                [
                    -0.0861138254404068,
                    0.04568225517868996,
                    0.9952373504638672
                ]
            ],
            [
                [
                    0.975570559501648,
                    -0.07636550068855286,
                    -0.20598670840263367
                ],
                [
                    0.03591688349843025,
                    0.9804657101631165,
                    -0.19338297843933105
                ],
                [
                    0.21673068404197693,
                    0.18126031756401062,
                    0.9592562913894653
                ]
            ],
            [
                [
                    0.436185747385025,
                    0.867425799369812,
                    -0.23940438032150269
                ],
                [
                    -0.8964694738388062,
                    0.44194477796554565,
                    -0.03205028548836708
                ],
                [
                    0.07800226658582687,
                    0.22859862446784973,
                    0.9703907370567322
                ]
            ],
            [
                [
                    0.4334444999694824,
                    -0.8124842047691345,
                    0.3898656666278839
                ],
                [
                    0.888802707195282,
                    0.4568718671798706,
                    -0.036026354879140854
                ],
                [
                    -0.1488478183746338,
                    0.3621290624141693,
                    0.9201667904853821
                ]
            ],
            [
                [
                    0.2932785153388977,
                    -0.3688722550868988,
                    -0.8819983005523682
                ],
                [
                    0.24120549857616425,
                    0.9212701916694641,
                    -0.3050920069217682
                ],
                [
                    0.925098717212677,
                    -0.12326589971780777,
                    0.3591627776622772
                ]
            ],
            [
                [
                    0.1548478752374649,
                    0.4320804178714752,
                    0.8884416818618774
                ],
                [
                    0.015351803041994572,
                    0.8981276750564575,
                    -0.4394667148590088
                ],
                [
                    -0.9878190159797668,
                    0.08168968558311462,
                    0.13243995606899261
                ]
            ],
            [
                [
                    0.9869663119316101,
                    -0.15883305668830872,
                    -0.025874773040413857
                ],
                [
                    0.16051502525806427,
                    0.9831276535987854,
                    0.08772122859954834
                ],
                [
                    0.011505171656608582,
                    -0.0907311961054802,
                    0.9958089590072632
                ]
            ],
            [
                [
                    0.9863641262054443,
                    0.1556141972541809,
                    0.05357149615883827
                ],
                [
                    -0.15761548280715942,
                    0.9868661761283875,
                    0.0353902205824852
                ],
                [
                    -0.047360677272081375,
                    -0.043351348489522934,
                    0.9979366064071655
                ]
            ],
            [
                [
                    0.9628203511238098,
                    0.25397104024887085,
                    -0.09206334501504898
                ],
                [
                    -0.23875494301319122,
                    0.9594504237174988,
                    0.1498369574546814
                ],
                [
                    0.1263844519853592,
                    -0.12228550016880035,
                    0.9844152331352234
                ]
            ],
            [
                [
                    0.9708623886108398,
                    -0.225884810090065,
                    0.08001408725976944
                ],
                [
                    0.2128378301858902,
                    0.9662328958511353,
                    0.14523789286613464
                ],
                [
                    -0.11011926829814911,
                    -0.1239759773015976,
                    0.9861559867858887
                ]
            ]
        ],
        "betas": [
            -0.018977269530296326,
            0.021994680166244507,
            0.2195848524570465,
            0.34235110878944397,
            0.006207823753356934,
            0.05245530977845192,
            0.021507084369659424,
            -0.05616670846939087,
            0.062242671847343445,
            -0.0328526496887207
        ]
    },
    "pred_cam_t": [
        -0.03684145212173462,
        0.16080453991889954,
        34.33229064941406
    ],
    "focal_length": [
        5000.0,
        5000.0
    ],
    "pred_keypoints_3d": [
        [
            0.012628037482500076,
            -0.7853865623474121,
            -0.22446218132972717
        ],
        [
            0.05859237164258957,
            -0.7315386533737183,
            -0.045257534831762314
        ],
        [
            -0.1301945447921753,
            -0.6560122966766357,
            -0.041915182024240494
        ],
        [
            -0.19112741947174072,
            -0.41829007863998413,
            0.019998401403427124
        ],
        [
            -0.0679231584072113,
            -0.3144363760948181,
            -0.1762492060661316
        ],
        [
            0.2234938144683838,
            -0.6305119395256042,
            0.009336261078715324
        ],
        [
            0.21411702036857605,
            -0.39469271898269653,
            0.11754004657268524
        ],
        [
            0.2581176161766052,
            -0.25389784574508667,
            -0.08197818696498871
        ],
        [
            -0.0020573113579303026,
            -0.22739653289318085,
            0.02769874781370163
        ],
        [
            -0.08045583218336105,
            -0.1462811678647995,
            0.03158186003565788
        ],
        [
            -0.167423278093338,
            0.22085542976856232,
            -0.02983957901597023
        ],
        [
            -0.19539234042167664,
            0.5388641953468323,
            0.2076898068189621
        ],
        [
            0.05377522483468056,
            -0.12801451981067657,
            0.04172409325838089
        ],
        [
            0.05547734349966049,
            0.2432304471731186,
            -0.004188418388366699
        ],
        [
            0.020685512572526932,
            0.5853508114814758,
            0.1952439844608307
        ],
        [
            -0.00514259934425354,
            -0.837701141834259,
            -0.1970975399017334
        ],
        [
            0.05540449917316437,
            -0.8291420340538025,
            -0.22326375544071198
        ],
        [
            -0.004224918782711029,
            -0.8599625825881958,
            -0.09633547812700272
        ],
        [
            0.1311854124069214,
            -0.8408221006393433,
            -0.1530444324016571
        ],
        [
            0.011819101870059967,
            0.7068604230880737,
            0.03665897250175476
        ],
        [
            0.07824324071407318,
            0.7005029916763306,
            0.0878496915102005
        ],
        [
            0.0225285142660141,
            0.5967158079147339,
            0.2646423876285553
        ],
        [
            -0.1948639303445816,
            0.675475001335144,
            0.06425991654396057
        ],
        [
            -0.2684272527694702,
            0.6534470319747925,
            0.10696539282798767
        ],
        [
            -0.20157289505004883,
            0.5487972497940063,
            0.28042981028556824
        ],
        [
            -0.2127833366394043,
            0.4822065830230713,
            0.20498749613761902
        ],
        [
            -0.15551848709583282,
            0.16048264503479004,
            -0.031120890751481056
        ],
        [
            -0.14309629797935486,
            -0.27947717905044556,
            0.029865577816963196
        ],
        [
            0.14241449534893036,
            -0.2259112149477005,
            0.059098657220602036
        ],
        [
            0.0686432421207428,
            0.20312291383743286,
            -0.004457253031432629
        ],
        [
            0.03285963088274002,
            0.5451648831367493,
            0.20516401529312134
        ],
        [
            -0.06099337711930275,
            -0.35113197565078735,
            -0.16438153386116028
        ],
        [
            -0.20535269379615784,
            -0.4406936764717102,
            -0.01757766306400299
        ],
        [
            -0.09212316572666168,
            -0.682982325553894,
            -0.040996916592121124
        ],
        [
            0.19431863725185394,
            -0.6629015803337097,
            -0.0002802051603794098
        ],
        [
            0.2550353407859802,
            -0.4166681170463562,
            0.0886230394244194
        ],
        [
            0.26360654830932617,
            -0.27732235193252563,
            -0.07858617603778839
        ],
        [
            0.06082288175821304,
            -0.7235623002052307,
            -0.04946089908480644
        ],
        [
            0.059037454426288605,
            -0.8951212763786316,
            -0.157603919506073
        ],
        [
            0.0004261236754246056,
            -0.25266534090042114,
            0.04450220242142677
        ],
        [
            0.050704941153526306,
            -0.6705254316329956,
            -0.023839784786105156
        ],
        [
            0.03113085776567459,
            -0.49995124340057373,
            0.027734970673918724
        ],
        [
            0.04928017780184746,
            -0.7814276814460754,
            -0.1535097062587738
        ],
        [
            0.05751735717058182,
            -0.9163585901260376,
            -0.15453177690505981
        ]
    ],
    "pred_vertices": [
        [
            0.06634820997714996,
            -0.8715635538101196,
            -0.24412287771701813
        ],
        [
            0.05838271975517273,
            -0.8567224144935608,
            -0.24271228909492493
        ],
        [
            0.07210907340049744,
            -0.854779064655304,
            -0.23829475045204163
        ],
        [
            0.08098585158586502,
            -0.8669296503067017,
            -0.23545166850090027
        ],
        [
            0.06605486571788788,
            -0.845134437084198,
            -0.23808428645133972
        ],
        [
            0.053990866988897324,
            -0.8457462787628174,
            -0.24076500535011292
        ],
        [
            0.08253684639930725,
            -0.8513361811637878,
            -0.2294904887676239
        ],
        [
            0.09137076139450073,
            -0.8600109219551086,
            -0.22464880347251892
        ],
        [
            0.09205527603626251,
            -0.820382833480835,
            -0.20927686989307404
        ],
        [
            0.09940388053655624,
            -0.8181689977645874,
            -0.20072141289710999
        ],
        [
            0.09914842247962952,
            -0.8290951251983643,
            -0.20660153031349182
        ],
        [
            0.0907580703496933,
            -0.8287091255187988,
            -0.21291887760162354
        ],
        [
            0.09287776052951813,
            -0.79702228307724,
            -0.19688333570957184
        ],
        [
            0.08392548561096191,
            -0.7865298986434937,
            -0.1988750696182251
        ],
        [
            0.09001292288303375,
            -0.7806600332260132,
            -0.18799540400505066
        ],
        [
            0.09818026423454285,
            -0.7909215688705444,
            -0.1848735511302948
        ],
        [
            0.044170837849378586,
            -0.7969050407409668,
            -0.21238942444324493
        ],
        [
            0.049888934940099716,
            -0.7901722192764282,
            -0.21143732964992523
        ],
        [
            0.05367257073521614,
            -0.7962684631347656,
            -0.21442344784736633
        ],
        [
            0.047439467161893845,
            -0.8023784160614014,
            -0.2145262509584427
        ],
        [
            0.03310929238796234,
            -0.805592954158783,
            -0.21742777526378632
        ],
        [
            0.03534281253814697,
            -0.8116575479507446,
            -0.21666616201400757
        ],
        [
            0.028944600373506546,
            -0.8143991231918335,
            -0.22059330344200134
        ],
        [
            0.02712469920516014,
            -0.8072351217269897,
            -0.22240528464317322
        ],
        [
            0.03914255648851395,
            -0.7926793098449707,
            -0.20856532454490662
        ],
        [
            0.04545649141073227,
            -0.7857542037963867,
            -0.2073911726474762
        ],
        [
            0.03905278816819191,
            -0.8024645447731018,
            -0.21372264623641968
        ],
        [
            0.03651374578475952,
            -0.7979339361190796,
            -0.21358034014701843
        ],
        [
            0.029874570667743683,
            -0.7894686460494995,
            -0.2196122705936432
        ],
        [
            0.031824443489313126,
            -0.7941628694534302,
            -0.22034886479377747
        ],
        [
            0.02592391148209572,
            -0.7936668992042542,
            -0.22546741366386414
        ],
        [
            0.025047719478607178,
            -0.7888343334197998,
            -0.22270658612251282
        ],
        [
            0.03593442216515541,
            -0.7912813425064087,
            -0.21220257878303528
        ],
        [
            0.035314757376909256,
            -0.7931268215179443,
            -0.2158222794532776
        ],
        [
            0.03218863904476166,
            -0.7892251014709473,
            -0.21579581499099731
        ],
        [
            0.03219013288617134,
            -0.7883350253105164,
            -0.21171963214874268
        ],
        [
            0.03138963133096695,
            -0.8008270859718323,
            -0.21829012036323547
        ],
        [
            0.02605334296822548,
            -0.8009212017059326,
            -0.2239530384540558
        ],
        [
            0.01972431130707264,
            -0.8007219433784485,
            -0.22927168011665344
        ],
        [
            0.019421664997935295,
            -0.7917987108230591,
            -0.22991523146629333
        ],
        [
            0.06301774084568024,
            -0.7779704332351685,
            -0.20465388894081116
        ],
        [
            0.05637325346469879,
            -0.7837746143341064,
            -0.2092217206954956
        ],
        [
            0.05170843377709389,
            -0.7797876596450806,
            -0.20583851635456085
        ],
        [
            0.0574207529425621,
            -0.7748739719390869,
            -0.20299530029296875
        ],
        [
            0.03478767350316048,
            -0.7862049341201782,
            -0.20811215043067932
        ],
        [
            0.03874145448207855,
            -0.770790696144104,
            -0.2040254771709442
        ],
        [
            0.03878943622112274,
            -0.7742122411727905,
            -0.2057361602783203
        ],
        [
            0.031648945063352585,
            -0.7745629549026489,
            -0.20737187564373016
        ],
        [
            0.03228440135717392,
            -0.7713247537612915,
            -0.20588651299476624
        ],
        [
            0.07120920717716217,
            -0.766563355922699,
            -0.19332385063171387
        ],
        [
            0.06425535678863525,
            -0.7648493051528931,
            -0.19514380395412445
        ],
        [
            0.06585693359375,
            -0.7590880393981934,
            -0.190410315990448
        ],
        [
            0.0728168711066246,
            -0.7600739598274231,
            -0.18671315908432007
        ],
        [
            0.06452692300081253,
            -0.7542217969894409,
            -0.18659451603889465
        ],
        [
            0.07328501343727112,
            -0.7538401484489441,
            -0.18050768971443176
        ],
        [
            0.06523899734020233,
            -0.7417037487030029,
            -0.17270758748054504
        ],
        [
            0.06955146789550781,
            -0.7470753192901611,
            -0.17605462670326233
        ],
        [
            0.060918234288692474,
            -0.7493266463279724,
            -0.1837448924779892
        ],
        [
            0.054871030151844025,
            -0.744312047958374,
            -0.18300727009773254
        ],
        [
            0.03996609151363373,
            -0.7475518584251404,
            -0.18811345100402832
        ],
        [
            0.0335799865424633,
            -0.7461854219436646,
            -0.1881062090396881
        ],
        [
            0.039172347635030746,
            -0.7348836660385132,
            -0.18369124829769135
        ],
        [
            0.046688053756952286,
            -0.7386681437492371,
            -0.1834239959716797
        ],
        [
            0.04019063338637352,
            -0.7666440606117249,
            -0.19789400696754456
        ],
        [
            0.04487067833542824,
            -0.7671494483947754,
            -0.19672775268554688
        ],
        [
            0.04422520473599434,
            -0.7677502036094666,
            -0.1993682086467743
        ],
        [
            0.03916992247104645,
            -0.7682126760482788,
            -0.20129400491714478
        ],
        [
            0.04887453839182854,
            -0.7670389413833618,
            -0.19618865847587585
        ],
        [
            0.05066025257110596,
            -0.7668484449386597,
            -0.1959964781999588
        ],
        [
            0.049977730959653854,
            -0.7676870822906494,
            -0.19746002554893494
        ],
        [
            0.048422060906887054,
            -0.7676281929016113,
            -0.1969241499900818
        ],
        [
            0.046412140130996704,
            -0.7673496007919312,
            -0.19669218361377716
        ],
        [
            0.04541141912341118,
            -0.7655436396598816,
            -0.19603869318962097
        ],
        [
            0.0479351207613945,
            -0.7662599086761475,
            -0.19603829085826874
        ],
        [
            0.04112070053815842,
            -0.764291524887085,
            -0.19706317782402039
        ],
        [
            0.026799503713846207,
            -0.7611675262451172,
            -0.199149489402771
        ],
        [
            0.03079863265156746,
            -0.7615713477134705,
            -0.19927169382572174
        ],
        [
            0.02964191883802414,
            -0.7662014961242676,
            -0.19950199127197266
        ],
        [
            0.026241708546876907,
            -0.7661380767822266,
            -0.19957129657268524
        ],
        [
            0.04766533523797989,
            -0.769197940826416,
            -0.19921725988388062
        ],
        [
            0.05022231861948967,
            -0.7703545689582825,
            -0.2001589834690094
        ],
        [
            0.04540099948644638,
            -0.7722126841545105,
            -0.20298148691654205
        ],
        [
            0.044613879173994064,
            -0.770022988319397,
            -0.20100466907024384
        ],
        [
            0.05277806520462036,
            -0.7718179821968079,
            -0.20163598656654358
        ],
        [
            0.05229179933667183,
            -0.768735408782959,
            -0.19811668992042542
        ],
        [
            0.055516235530376434,
            -0.7692079544067383,
            -0.19899629056453705
        ],
        [
            0.05023304373025894,
            -0.7652413845062256,
            -0.19518235325813293
        ],
        [
            0.053334180265665054,
            -0.7637429237365723,
            -0.19423982501029968
        ],
        [
            0.05340374633669853,
            -0.7658372521400452,
            -0.19624270498752594
        ],
        [
            0.05139913782477379,
            -0.7608662843704224,
            -0.19270125031471252
        ],
        [
            0.04759892821311951,
            -0.7634494304656982,
            -0.19462105631828308
        ],
        [
            0.04336390271782875,
            -0.7612766623497009,
            -0.1952400952577591
        ],
        [
            0.03785332664847374,
            -0.7591676712036133,
            -0.19626298546791077
        ],
        [
            0.041355203837156296,
            -0.7552770376205444,
            -0.1926954984664917
        ],
        [
            0.04713450372219086,
            -0.757870614528656,
            -0.19238822162151337
        ],
        [
            0.04757998138666153,
            -0.7758786678314209,
            -0.20449385046958923
        ],
        [
            0.05806216970086098,
            -0.7652606964111328,
            -0.19581422209739685
        ],
        [
            0.061236534267663956,
            -0.7708454132080078,
            -0.1992834508419037
        ],
        [
            0.0585031658411026,
            -0.7611285448074341,
            -0.1930268108844757
        ],
        [
            0.05686001479625702,
            -0.7573469281196594,
            -0.19032852351665497
        ],
        [
            0.05297382175922394,
            -0.753657341003418,
            -0.18870514631271362
        ],
        [
            0.04655095934867859,
            -0.7502988576889038,
            -0.18837681412696838
        ],
        [
            0.046044837683439255,
            -0.7299644947052002,
            -0.17136231064796448
        ],
        [
            0.055204398930072784,
            -0.7349724173545837,
            -0.17232444882392883
        ],
        [
            0.0528486892580986,
            -0.839688777923584,
            -0.2348429560661316
        ],
        [
            0.06207431107759476,
            -0.838781476020813,
            -0.2351197749376297
        ],
        [
            0.06420410424470901,
            -0.8331372737884521,
            -0.22798040509223938
        ],
        [
            0.06584788858890533,
            -0.8350822329521179,
            -0.22930961847305298
        ],
        [
            0.059810735285282135,
            -0.8359377980232239,
            -0.2310793101787567
        ],
        [
            0.05956694483757019,
            -0.8336445689201355,
            -0.22906425595283508
        ],
        [
            0.0825432538986206,
            -0.8294937610626221,
            -0.21667541563510895
        ],
        [
            0.07625916600227356,
            -0.8302825689315796,
            -0.21971069276332855
        ],
        [
            0.07723604142665863,
            -0.8271465301513672,
            -0.21721665561199188
        ],
        [
            0.08445313572883606,
            -0.8232874870300293,
            -0.21435722708702087
        ],
        [
            0.06756903231143951,
            -0.8187222480773926,
            -0.21792182326316833
        ],
        [
            0.07286931574344635,
            -0.8204715251922607,
            -0.21700023114681244
        ],
        [
            0.06821560859680176,
            -0.8262324929237366,
            -0.22054901719093323
        ],
        [
            0.06438232213258743,
            -0.8249335289001465,
            -0.22129932045936584
        ],
        [
            0.060102395713329315,
            -0.8243376612663269,
            -0.22158083319664001
        ],
        [
            0.055684056133031845,
            -0.8244265913963318,
            -0.22134941816329956
        ],
        [
            0.05610943213105202,
            -0.8196737170219421,
            -0.2188328206539154
        ],
        [
            0.061572879552841187,
            -0.8187283873558044,
            -0.2186160534620285
        ],
        [
            0.05308743193745613,
            -0.8373506665229797,
            -0.23030053079128265
        ],
        [
            0.04645881801843643,
            -0.8376033306121826,
            -0.22734713554382324
        ],
        [
            0.0479670912027359,
            -0.8349480628967285,
            -0.22602520883083344
        ],
        [
            0.05343005806207657,
            -0.8344548940658569,
            -0.22889560461044312
        ],
        [
            0.04027701914310455,
            -0.831991970539093,
            -0.21559445559978485
        ],
        [
            0.041048839688301086,
            -0.8338097929954529,
            -0.21788087487220764
        ],
        [
            0.03729379549622536,
            -0.8351870775222778,
            -0.2181982547044754
        ],
        [
            0.03676290810108185,
            -0.8313428163528442,
            -0.21547412872314453
        ],
        [
            0.03884083777666092,
            -0.8281787037849426,
            -0.21521830558776855
        ],
        [
            0.041294414550065994,
            -0.8300738334655762,
            -0.21580764651298523
        ],
        [
            0.05868200212717056,
            -0.8932338356971741,
            -0.24723833799362183
        ],
        [
            0.05128597468137741,
            -0.8754422664642334,
            -0.24729983508586884
        ],
        [
            0.0775110051035881,
            -0.8886107802391052,
            -0.23966702818870544
        ],
        [
            0.0904538705945015,
            -0.8811442852020264,
            -0.2289336770772934
        ],
        [
            0.10088791698217392,
            -0.8701748251914978,
            -0.21826143562793732
        ],
        [
            0.0803966373205185,
            -0.7721364498138428,
            -0.19086194038391113
        ],
        [
            0.08406147360801697,
            -0.7655539512634277,
            -0.18240423500537872
        ],
        [
            0.09552734345197678,
            -0.775467038154602,
            -0.17707690596580505
        ],
        [
            0.09573347121477127,
            -0.7676241397857666,
            -0.16770178079605103
        ],
        [
            0.08411206305027008,
            -0.7575945854187012,
            -0.17412987351417542
        ],
        [
            0.0734628438949585,
            -0.7429354786872864,
            -0.16047678887844086
        ],
        [
            0.08057324588298798,
            -0.7495561838150024,
            -0.16652445495128632
        ],
        [
            0.0933435708284378,
            -0.7609584927558899,
            -0.15676842629909515
        ],
        [
            0.1052098274230957,
            -0.7765247821807861,
            -0.1502896249294281
        ],
        [
            0.10526345670223236,
            -0.780138373374939,
            -0.16251686215400696
        ],
        [
            0.11316108703613281,
            -0.7945719957351685,
            -0.14614570140838623
        ],
        [
            0.1057170182466507,
            -0.7736406922340393,
            -0.13458289206027985
        ],
        [
            0.1141621321439743,
            -0.796582818031311,
            -0.13645893335342407
        ],
        [
            0.0933900699019432,
            -0.7401893138885498,
            -0.11926379054784775
        ],
        [
            0.09699662774801254,
            -0.7315599322319031,
            -0.1110398918390274
        ],
        [
            0.10881945490837097,
            -0.7418234944343567,
            -0.1017063781619072
        ],
        [
            0.10715317726135254,
            -0.7501333951950073,
            -0.11120818555355072
        ],
        [
            0.10316379368305206,
            -0.7849441766738892,
            -0.17326414585113525
        ],
        [
            0.10367543995380402,
            -0.8411543369293213,
            -0.20405809581279755
        ],
        [
            0.09550804644823074,
            -0.8378689289093018,
            -0.21276360750198364
        ],
        [
            0.10678697377443314,
            -0.8302687406539917,
            -0.19690832495689392
        ],
        [
            0.1128033697605133,
            -0.9028564691543579,
            -0.2097536325454712
        ],
        [
            0.10157734900712967,
            -0.8933534622192383,
            -0.2214234173297882
        ],
        [
            0.11040398478507996,
            -0.8803743124008179,
            -0.2125319391489029
        ],
        [
            0.12006702274084091,
            -0.8909901976585388,
            -0.2027452439069748
        ],
        [
            0.08382893353700638,
            -0.9359304904937744,
            -0.22051075100898743
        ],
        [
            0.07221555709838867,
            -0.9164709448814392,
            -0.2370799034833908
        ],
        [
            0.08638165891170502,
            -0.9066004157066345,
            -0.23042219877243042
        ],
        [
            0.09741391241550446,
            -0.9215434789657593,
            -0.2174476683139801
        ],
        [
            0.1264541894197464,
            -0.8964111804962158,
            -0.19225451350212097
        ],
        [
            0.1342984139919281,
            -0.9037579894065857,
            -0.17659105360507965
        ],
        [
            0.13297337293624878,
            -0.9214179515838623,
            -0.17518974840641022
        ],
        [
            0.12269832193851471,
            -0.914451003074646,
            -0.19437772035598755
        ],
        [
            0.12370145320892334,
            -0.9438301920890808,
            -0.1722026765346527
        ],
        [
            0.1118297278881073,
            -0.9360272884368896,
            -0.19551841914653778
        ],
        [
            0.11572729051113129,
            -0.7874492406845093,
            -0.119908407330513
        ],
        [
            0.11830295622348785,
            -0.8051674365997314,
            -0.12656119465827942
        ],
        [
            0.10446365177631378,
            -0.7604328393936157,
            -0.123027004301548
        ],
        [
            0.11436738818883896,
            -0.77283775806427,
            -0.11183960735797882
        ],
        [
            0.10866180807352066,
            -0.9621708393096924,
            -0.16692699491977692
        ],
        [
            0.09565021097660065,
            -0.9537255167961121,
            -0.19548597931861877
        ],
        [
            0.14191287755966187,
            -0.900803804397583,
            -0.12201231718063354
        ],
        [
            0.14170736074447632,
            -0.9145573973655701,
            -0.1366962045431137
        ],
        [
            0.14125590026378632,
            -0.8965504169464111,
            -0.1477426141500473
        ],
        [
            0.14217299222946167,
            -0.8863308429718018,
            -0.1326184868812561
        ],
        [
            0.13724613189697266,
