{
    "pred_cam": [
        1.1260513067245483,
        -0.06524880975484848,
        0.15779438614845276
    ],
    "pred_smpl_params": {
        "global_orient": [
            [
                [
                    0.9920756816864014,
                    0.11834965646266937,
                    0.04218104109168053
                ],
                [
                    0.11748325079679489,
                    -0.992820680141449,
                    0.02246786840260029
                ],
                [
                    0.04453727602958679,
                    -0.017334260046482086,
                    -0.9988573789596558
                ]
            ]
        ],
        "body_pose": [
            [
                [
                    0.9986189007759094,
                    -0.04578845947980881,
                    -0.025765269994735718
                ],
                [
                    0.049604665488004684,
                    0.9832916259765625,
                    0.1751485913991928
                ],
                [
                    0.017314989119768143,
                    -0.1761847585439682,
                    0.9842049479484558
                ]
            ],
            [
                [
                    0.9995301961898804,
                    -0.009329419583082199,
                    0.029196586459875107
                ],
                [
                    0.0028789094649255276,
                    0.9769161939620972,
                    0.21360360085964203
                ],
                [
                    -0.030515411868691444,
                    -0.21341918408870697,
                    0.9764841198921204
                ]
            ],
            [
                [
                    0.9999144673347473,
                    0.008093512617051601,
                    0.010272611863911152
                ],
                [
                    -0.0060128262266516685,
                    0.9820618033409119,
                    -0.18846334517002106
                ],
                [
                    -0.01161366980522871,
                    0.18838545680046082,
                    0.9820264577865601
                ]
            ],
            [
                [
                    0.9902980327606201,
                    -0.034214477986097336,
                    -0.13468220829963684
                ],
                [
                    -0.04308202117681503,
                    0.8458631038665771,
                    -0.531657338142395
                ],
                [
                    0.13211306929588318,
                    0.5323015451431274,
                    0.8361825346946716
                ]
            ],
            [
                [
                    0.9936961531639099,
                    -0.06648937612771988,
                    0.09026053547859192
                ],
                [
                    0.10986766219139099,
                    0.7376788258552551,
                    -0.6661523580551147
                ],
                [
                    -0.022291218861937523,
                    0.6718698740005493,
                    0.740333616733551
                ]
            ],
            [
                [
                    0.9989429116249084,
                    -0.026730919256806374,
                    0.037398237735033035
                ],
                [
                    0.02652689628303051,
                    0.9996304512023926,
                    0.00594114325940609
                ],
                [
                    -0.03754322975873947,
                    -0.004942803177982569,
                    0.9992828369140625
                ]
            ],
            [
                [
                    0.979841411113739,
                    0.11641479283571243,
                    0.16235309839248657
                ],
                [
                    -0.12099820375442505,
                    0.9924784302711487,
                    0.01860051602125168
                ],
                [
                    -0.15896658599376678,
                    -0.03786998242139816,
                    0.9865574240684509
                ]
            ],
            [
                [
                    0.9872994422912598,
                    -0.05175534263253212,
                    -0.15020358562469482
                ],
                [
                    0.053225234150886536,
                    0.9985657930374146,
                    0.0057796030305325985
                ],
                [
                    0.14968903362751007,
                    -0.0137008186429739,
                    0.988638162612915
                ]
            ],
            [
                [
                    0.9997396469116211,
                    -0.018246442079544067,
                    0.013698282651603222
                ],
                [
                    0.019233141094446182,
                    0.9969421625137329,
                    -0.07573878765106201
                ],
                [
                    -0.012274432927370071,
                    0.07598253339529037,
                    0.9970335364341736
                ]
            ],
            [
                [
                    0.9747477769851685,
                    -0.22329634428024292,
                    -0.0023261643946170807
                ],
                [
                    0.21995335817337036,
                    0.9582516551017761,
                    0.18268628418445587
                ],
                [
                    -0.038564130663871765,
                    -0.17858470976352692,
                    0.9831684231758118
                ]
            ],
            [
                [
                    0.9889957904815674,
                    0.1476222425699234,
                    0.009745299816131592
                ],
                [
                    -0.146747425198555,
                    0.9705097079277039,
                    0.19124875962734222
                ],
                [
                    0.01877466030418873,
                    -0.19057431817054749,
                    0.9814931750297546
                ]
            ],
            [
                [
                    0.9597287774085999,
                    -0.08070646226406097,
                    -0.26908594369888306
                ],
                [
                    0.08114035427570343,
                    0.996657133102417,
                    -0.009528322145342827
                ],
                [
                    0.26895540952682495,
                    -0.01268912386149168,
                    0.9630690813064575
                ]
            ],
            [
                [
                    0.9426305890083313,
                    0.3312530517578125,
                    0.04146222770214081
                ],
                [
                    -0.3283241093158722,
                    0.942363440990448,
                    -0.06445492058992386
                ],
                [
                    -0.06042337417602539,
                    0.047144126147031784,
                    0.9970589876174927
                ]
            ],
            [
                [
                    0.9515429139137268,
                    -0.2877049148082733,
                    0.10859132558107376
                ],
                [
                    0.2903786897659302,
                    0.9568663239479065,
                    -0.009324620477855206
                ],
                [
                    -0.10122465342283249,
                    0.04040537774562836,
                    0.9940427541732788
                ]
            ],
            [
                [
                    0.969552755355835,
                    -0.10012626647949219,
                    -0.2234775573015213
                ],
                [
                    0.056321144104003906,
                    0.9793010950088501,
                    -0.19441527128219604
                ],
                [
                    0.23831789195537567,
                    0.17590934038162231,
                    0.9551233053207397
                ]
            ],
            [
                [
                    0.4691586494445801,
                    0.8536798357963562,
                    -0.22609920799732208
                ],
                [
                    -0.8796573281288147,
                    0.4743766188621521,
                    -0.034202203154563904
                ],
                [
                    0.07805845141410828,
                    0.21493609249591827,
                    0.9735036492347717
                ]
            ],
            [
                [
                    0.44482725858688354,
                    -0.8044145703315735,
                    0.3937586545944214
                ],
                [
                    0.8831800818443298,
                    0.46699419617652893,
                    -0.04369598999619484
                ],
                [
                    -0.14873330295085907,
                    0.3671969771385193,
                    0.9181746244430542
                ]
            ],
            [
                [
                    0.37126797437667847,
                    -0.3414911925792694,
                    -0.8634487390518188
                ],
                [
                    0.2396177500486374,
                    0.9336527585983276,
                    -0.266225129365921
                ],
                [
                    0.8970748782157898,
                    -0.10805679112672806,
                    0.4284627139568329
                ]
            ],
            [
                [
                    0.1812300980091095,
                    0.42613813281059265,
                    0.8863193392753601
                ],
                [
                    0.025251228362321854,
                    0.8989297747612,
                    -0.4373644292354584
                ],
                [
                    -0.9831165075302124,
                    0.10164426267147064,
                    0.15215261280536652
                ]
            ],
            [
                [
                    0.9882246851921082,
                    -0.151350200176239,
                    -0.022475792095065117
                ],
                [
                    0.152520552277565,
                    0.9861176013946533,
                    0.06564772874116898
                ],
                [
                    0.012227977626025677,
                    -0.06830272078514099,
                    0.9975897669792175
                ]
            ],
            [
                [
                    0.9873706102371216,
                    0.14907720685005188,
                    0.05362103879451752
                ],
                [
                    -0.1506708264350891,
                    0.9882152676582336,
                    0.026996474713087082
                ],
                [
                    -0.048964571207761765,
                    -0.03473465517163277,
                    0.9981963038444519
                ]
            ],
            [
                [
                    0.9647195339202881,
                    0.24666191637516022,
                    -0.092054583132267
                ],
                [
                    -0.23101569712162018,
                    0.9607791900634766,
                    0.15341171622276306
                ],
                [
                    0.12628494203090668,
                    -0.1267332285642624,
                    0.9838652014732361
                ]
            ],
            [
                [
                    0.9727813601493835,
                    -0.2178431898355484,
                    0.07899803668260574
                ],
                [
                    0.20513951778411865,
                    0.9681370854377747,
                    0.1436259001493454
                ],
                [
                    -0.10776885598897934,
                    -0.12351099401712418,
                    0.9864739775657654
                ]
            ]
        ],
        "betas": [
            -0.027395620942115784,
            0.03493756055831909,
            0.22488507628440857,
            0.32896485924720764,
            0.008371800184249878,
            0.044568780809640884,
            0.009758979082107544,
            -0.05207425355911255,
            0.06978835165500641,
            -0.03948521614074707
        ]
    },
    "pred_cam_t": [
        -0.06524880975484848,
        0.15779438614845276,
        34.68980407714844
    ],
    "focal_length": [
        5000.0,
        5000.0
    ],
    "pred_keypoints_3d": [
        [
            -0.0032176971435546875,
            -0.7972288131713867,
            -0.20378458499908447
        ],
        [
            0.0538962297141552,
            -0.7335860133171082,
            -0.031494900584220886
        ],
        [
            -0.13363933563232422,
            -0.655397891998291,
            -0.028854157775640488
        ],
        [
            -0.1932436227798462,
            -0.41477546095848083,
            0.02208820730447769
        ],
        [
            -0.06872541457414627,
            -0.3140534460544586,
            -0.17488420009613037
        ],
        [
            0.2207498997449875,
            -0.6331651210784912,
            0.01554526761174202
        ],
        [
            0.2276649922132492,
            -0.39356836676597595,
            0.11524058878421783
        ],
        [
            0.2755066156387329,
            -0.24590954184532166,
            -0.07821398973464966
        ],
        [
            -0.002035955199971795,
            -0.22712193429470062,
            0.02763146348297596
        ],
        [
            -0.07945212721824646,
            -0.14506888389587402,
            0.03082864359021187
        ],
        [
            -0.15485092997550964,
            0.22324755787849426,
            -0.03831816837191582
        ],
        [
            -0.17071183025836945,
            0.5385809540748596,
            0.20377416908740997
        ],
        [
            0.055089980363845825,
            -0.12819579243659973,
            0.039376307278871536
        ],
        [
            0.06538722664117813,
            0.2418760359287262,
            -0.014387842267751694
        ],
        [
            0.04222305864095688,
            0.5865591764450073,
            0.1822272539138794
        ],
        [
            -0.021247901022434235,
            -0.8466874361038208,
            -0.17169524729251862
        ],
        [
            0.03772517666220665,
            -0.842674732208252,
            -0.2021063268184662
        ],
        [
            -0.014693796634674072,
            -0.8618566989898682,
            -0.07000970840454102
        ],
        [
            0.11739468574523926,
            -0.8526524305343628,
            -0.13588133454322815
        ],
        [
            0.034536153078079224,
            0.7074101567268372,
            0.022969603538513184
        ],
        [
            0.10103961080312729,
            0.699741005897522,
            0.07372534275054932
        ],
        [
            0.04501660168170929,
            0.5984293222427368,
            0.2515406608581543
        ],
        [
            -0.16752789914608002,
            0.6757848262786865,
            0.061162322759628296
        ],
        [
            -0.24135330319404602,
            0.6555883884429932,
            0.10402578115463257
        ],
        [
            -0.17632055282592773,
            0.5481350421905518,
            0.27647289633750916
        ],
        [
            -0.1900191605091095,
            0.4823998212814331,
            0.20048323273658752
        ],
        [
            -0.14495690166950226,
            0.1628195345401764,
            -0.038719285279512405
        ],
        [
            -0.1439422219991684,
            -0.27733510732650757,
            0.03200473636388779
        ],
        [
            0.14253303408622742,
            -0.22696562111377716,
            0.05771833658218384
        ],
        [
            0.07762397825717926,
            0.20162901282310486,
            -0.014129508286714554
        ],
        [
            0.053360335528850555,
            0.5461921691894531,
            0.19247591495513916
        ],
        [
            -0.06160496175289154,
            -0.3501910865306854,
            -0.16218602657318115
        ],
        [
            -0.2072916328907013,
            -0.43833625316619873,
            -0.014485488645732403
        ],
        [
            -0.09619251638650894,
            -0.6828520894050598,
            -0.0269487202167511
        ],
        [
            0.19149711728096008,
            -0.6657957434654236,
            0.008009019307792187
        ],
        [
            0.2664286196231842,
            -0.4177019000053406,
            0.08575230836868286
        ],
        [
            0.2800246477127075,
            -0.26931923627853394,
            -0.07602930068969727
        ],
        [
            0.055875904858112335,
            -0.7261451482772827,
            -0.03623712807893753
        ],
        [
            0.04296170547604561,
            -0.9039114713668823,
            -0.13207343220710754
        ],
        [
            5.66979288123548e-05,
            -0.25208327174186707,
            0.04489309713244438
        ],
        [
            0.047252900898456573,
            -0.6719487905502319,
            -0.012669785879552364
        ],
        [
            0.029631536453962326,
            -0.49894410371780396,
            0.033633433282375336
        ],
        [
            0.038043148815631866,
            -0.7900797724723816,
            -0.13572412729263306
        ],
        [
            0.04069921374320984,
            -0.9248208403587341,
            -0.1273655891418457
        ]
    ],
    "pred_vertices": [
        [
            0.04565875977277756,
            -0.886797308921814,
            -0.22027364373207092
        ],
        [
            0.03843627870082855,
            -0.8715800046920776,
            -0.21950200200080872
        ],
        [
            0.052476271986961365,
            -0.8699332475662231,
            -0.21608027815818787
        ],
        [
            0.060994770377874374,
            -0.8822832107543945,
            -0.2128818780183792
        ],
        [
            0.04686415195465088,
            -0.8600621223449707,
            -0.21624740958213806
        ],
        [
            0.03459553420543671,
            -0.8603272438049316,
            -0.21817968785762787
        ],
        [
            0.06355240941047668,
            -0.8663824796676636,
            -0.20816460251808167
        ],
        [
            0.07227939367294312,
            -0.8751490712165833,
            -0.20321035385131836
        ],
        [
            0.07557335495948792,
            -0.834549069404602,
            -0.19101186096668243
        ],
        [
            0.0835149809718132,
            -0.8320724368095398,
            -0.1830848604440689
        ],
        [
            0.0824771597981453,
            -0.843323826789856,
            -0.188117116689682
        ],
        [
            0.07371638715267181,
            -0.8430230617523193,
            -0.19393637776374817
        ],
        [
            0.07815658301115036,
            -0.8104034066200256,
            -0.18034379184246063
        ],
        [
            0.06948395073413849,
            -0.7997125387191772,
            -0.18255680799484253
        ],
        [
            0.07652195543050766,
            -0.7933559417724609,
            -0.17250150442123413
        ],
        [
            0.08445204794406891,
            -0.8037323951721191,
            -0.1691415011882782
        ],
        [
            0.028547806665301323,
            -0.8092585802078247,
            -0.19293081760406494
        ],
        [
            0.03458380699157715,
            -0.8027379512786865,
            -0.1927891969680786
        ],
        [
            0.037920031696558,
            -0.8091886043548584,
            -0.1955501139163971
        ],
        [
            0.03144440799951553,
            -0.815014123916626,
            -0.1948484480381012
        ],
        [
            0.016841448843479156,
            -0.8177741765975952,
            -0.19661875069141388
        ],
        [
            0.018880732357501984,
            -0.823865532875061,
            -0.19555336236953735
        ],
        [
            0.012139827013015747,
            -0.8265912532806396,
            -0.19886617362499237
        ],
        [
            0.010486677289009094,
            -0.8194910287857056,
            -0.20107077062129974
        ],
        [
            0.023932386189699173,
            -0.8045551776885986,
            -0.1891334056854248
        ],
        [
            0.03058619610965252,
            -0.7978440523147583,
            -0.18883739411830902
        ],
        [
            0.023123178631067276,
            -0.8146772980690002,
            -0.1935340017080307
        ],
        [
            0.02078630030155182,
            -0.8100096583366394,
            -0.19358313083648682
        ],
        [
            0.014096267521381378,
            -0.8017334938049316,
            -0.1997140347957611
        ],
        [
            0.01580653339624405,
            -0.8065445423126221,
            -0.2002411186695099
        ],
        [
            0.009601924568414688,
            -0.806140124797821,
            -0.20499813556671143
        ],
        [
            0.0091044120490551,
            -0.8011065721511841,
            -0.20254352688789368
        ],
        [
            0.02052643522620201,
            -0.8032851815223694,
            -0.19263313710689545
        ],
        [
            0.019600745290517807,
            -0.805344820022583,
            -0.19604894518852234
        ],
        [
            0.01664113625884056,
            -0.801327109336853,
            -0.19610244035720825
        ],
        [
            0.01695246621966362,
            -0.8001547455787659,
            -0.19212356209754944
        ],
        [
            0.015236809849739075,
            -0.8130073547363281,
            -0.1977328211069107
        ],
        [
            0.00954761728644371,
            -0.8132623434066772,
            -0.20300480723381042
        ],
        [
            0.002911355346441269,
            -0.8131523132324219,
            -0.20790725946426392
        ],
        [
            0.0029350705444812775,
            -0.8042848110198975,
            -0.20915937423706055
        ],
        [
            0.04859841987490654,
            -0.790675163269043,
            -0.18767714500427246
        ],
        [
            0.041419681161642075,
            -0.7964921593666077,
            -0.1914309412240982
        ],
        [
            0.03716277331113815,
            -0.792060375213623,
            -0.18809178471565247
        ],
        [
            0.04324331879615784,
            -0.7872101068496704,
            -0.18594685196876526
        ],
        [
            0.019875802099704742,
            -0.7978771924972534,
            -0.18887190520763397
        ],
        [
            0.024728549644351006,
            -0.7823843359947205,
            -0.18612995743751526
        ],
        [
            0.024527840316295624,
            -0.785916268825531,
            -0.18760304152965546
        ],
        [
            0.01729145646095276,
            -0.786075234413147,
            -0.18875211477279663
        ],
        [
            0.018153589218854904,
            -0.7827699184417725,
            -0.1875375211238861
        ],
        [
            0.05798117443919182,
            -0.7788510322570801,
            -0.17768672108650208
        ],
        [
            0.050997816026210785,
            -0.7769609689712524,
            -0.1792258322238922
        ],
        [
            0.05314610153436661,
            -0.7709556221961975,
            -0.17499980330467224
        ],
        [
            0.06031810864806175,
            -0.7719626426696777,
            -0.17164434492588043
        ],
        [
            0.052331309765577316,
            -0.7657488584518433,
            -0.17142726480960846
        ],
        [
            0.06147914007306099,
            -0.765299916267395,
            -0.16589763760566711
        ],
        [
            0.0544409304857254,
            -0.7523541450500488,
            -0.15849711000919342
        ],
        [
            0.058324940502643585,
            -0.7580934762954712,
            -0.16170984506607056
        ],
        [
            0.049130670726299286,
            -0.7605088949203491,
            -0.16874268651008606
        ],
        [
            0.04336915165185928,
            -0.7552001476287842,
            -0.16802522540092468
        ],
        [
            0.027943981811404228,
            -0.7581722140312195,
            -0.17205023765563965
        ],
        [
            0.02163129299879074,
            -0.7565333843231201,
            -0.17175959050655365
        ],
        [
            0.02797238901257515,
            -0.7452226281166077,
            -0.16846932470798492
        ],
        [
            0.03541245311498642,
            -0.7492709755897522,
            -0.16835883259773254
        ],
        [
            0.026744596660137177,
            -0.7778986692428589,
            -0.1804136335849762
        ],
        [
            0.03145622834563255,
            -0.7785203456878662,
            -0.1795029193162918
        ],
        [
            0.0306108221411705,
            -0.7792835831642151,
            -0.1820458471775055
        ],
        [
            0.02542261593043804,
            -0.7796671390533447,
            -0.18361443281173706
        ],
        [
            0.035487134009599686,
            -0.7785366773605347,
            -0.17922243475914001
        ],
        [
            0.03728794306516647,
            -0.7784096002578735,
            -0.1791553497314453
        ],
        [
            0.03647223860025406,
            -0.7793247699737549,
            -0.18051007390022278
        ],
        [
            0.03493677079677582,
            -0.7791656255722046,
            -0.17989851534366608
        ],
        [
            0.03296662122011185,
            -0.77878338098526,
            -0.1795617938041687
        ],
        [
            0.03209289163351059,
            -0.776891827583313,
            -0.17898061871528625
        ],
        [
            0.03459908068180084,
            -0.7777090072631836,
            -0.1790676862001419
        ],
        [
            0.02780679240822792,
            -0.7755352258682251,
            -0.1798228919506073
        ],
        [
            0.013545062392950058,
            -0.7719371318817139,
            -0.18123342096805573
        ],
        [
            0.017501387745141983,
            -0.7725422382354736,
            -0.18156397342681885
        ],
        [
            0.016136787831783295,
            -0.7771261930465698,
            -0.18140071630477905
        ],
        [
            0.012763239443302155,
            -0.7768996953964233,
            -0.18126025795936584
        ],
        [
            0.03397824242711067,
            -0.7808456420898438,
            -0.18201956152915955
        ],
        [
            0.03643232211470604,
            -0.7821900844573975,
            -0.18301284313201904
        ],
        [
            0.03136501461267471,
            -0.78403639793396,
            -0.18539878726005554
        ],
        [
            0.030803600326180458,
            -0.7816798090934753,
            -0.1835308074951172
        ],
        [
            0.038812246173620224,
            -0.7838677167892456,
            -0.18454459309577942
        ],
        [
            0.038694605231285095,
            -0.7805130481719971,
            -0.1812267005443573
        ],
        [
            0.04185255244374275,
            -0.7811710834503174,
            -0.18225762248039246
        ],
        [
            0.036986175924539566,
            -0.7767281532287598,
            -0.1784340739250183
        ],
        [
            0.040201134979724884,
            -0.7752981185913086,
            -0.17778939008712769
        ],
        [
            0.040046751499176025,
            -0.7775368690490723,
            -0.17963634431362152
        ],
        [
            0.03849785029888153,
            -0.7722400426864624,
            -0.17634367942810059
        ],
        [
            0.034474290907382965,
            -0.7747885584831238,
            -0.17784464359283447
        ],
        [
            0.030309617519378662,
            -0.7724910974502563,
            -0.1783493459224701
        ],
        [
            0.024829786270856857,
            -0.7702372670173645,
            -0.17917248606681824
        ],
        [
            0.028718147426843643,
            -0.7662540674209595,
            -0.176117405295372
        ],
        [
            0.03439715877175331,
            -0.7690578103065491,
            -0.17597849667072296
        ],
        [
            0.03329712152481079,
            -0.7878637313842773,
            -0.18679368495941162
        ],
        [
            0.04474196583032608,
            -0.7771481275558472,
            -0.17951518297195435
        ],
        [
            0.0474618636071682,
            -0.7830997109413147,
            -0.18275275826454163
        ],
        [
            0.04553918540477753,
            -0.7728443145751953,
            -0.17705979943275452
        ],
        [
            0.04424362629652023,
            -0.7688091993331909,
            -0.17453977465629578
        ],
        [
            0.04071024805307388,
            -0.7648264765739441,
            -0.1729166954755783
        ],
        [
            0.0343921072781086,
            -0.7612053155899048,
            -0.17248956859111786
        ],
        [
            0.03579261153936386,
            -0.739844024181366,
            -0.15691980719566345
        ],
        [
            0.044746510684490204,
            -0.7452418804168701,
            -0.15800844132900238
        ],
        [
            0.034042224287986755,
            -0.853888988494873,
            -0.21265339851379395
        ],
        [
            0.04327520728111267,
            -0.8533812761306763,
            -0.21355316042900085
        ],
        [
            0.04607195407152176,
            -0.8473700284957886,
            -0.20698872208595276
        ],
        [
            0.04754230007529259,
            -0.8494862914085388,
            -0.20825724303722382
        ],
        [
            0.0413847342133522,
            -0.8501777648925781,
            -0.2096051573753357
        ],
        [
            0.041353777050971985,
            -0.8477504253387451,
            -0.20775067806243896
        ],
        [
            0.06519941985607147,
            -0.8437274098396301,
            -0.19716709852218628
        ],
        [
            0.05870474874973297,
            -0.8444569706916809,
            -0.19974792003631592
        ],
        [
            0.059989091008901596,
            -0.8411840200424194,
            -0.19757066667079926
        ],
        [
            0.06751909852027893,
            -0.8374601006507874,
            -0.19544409215450287
        ],
        [
            0.05064508318901062,
            -0.8324105739593506,
            -0.19829967617988586
        ],
        [
            0.055923350155353546,
            -0.8343112468719482,
            -0.19758260250091553
        ],
        [
            0.050802070647478104,
            -0.8401182889938354,
            -0.20040853321552277
        ],
        [
            0.046979136765003204,
            -0.8387137651443481,
            -0.20100969076156616
        ],
        [
            0.042722079902887344,
            -0.8379493951797485,
            -0.20107391476631165
        ],
        [
            0.0383523553609848,
            -0.8378204107284546,
            -0.20056840777397156
        ],
        [
            0.03910958766937256,
            -0.8329254388809204,
            -0.1984347403049469
        ],
        [
            0.04459833353757858,
            -0.8322104811668396,
            -0.198625847697258
        ],
        [
            0.03464210033416748,
            -0.851223349571228,
            -0.20836061239242554
        ],
        [
            0.02822643145918846,
            -0.8509666323661804,
            -0.20497509837150574
        ],
        [
            0.029911380261182785,
            -0.8483021259307861,
            -0.2039681077003479
        ],
        [
            0.03519218787550926,
            -0.8482574224472046,
            -0.20719356834888458
        ],
        [
            0.023038651794195175,
            -0.8442763686180115,
            -0.19334807991981506
        ],
        [
            0.023584213107824326,
            -0.8462847471237183,
            -0.19552825391292572
        ],
        [
            0.01976318657398224,
            -0.8475253582000732,
            -0.19550493359565735
        ],
        [
            0.01956973597407341,
            -0.8434712886810303,
            -0.193063423037529
        ],
        [
            0.02178555354475975,
            -0.8403822183609009,
            -0.19317731261253357
        ],
        [
            0.02411295473575592,
            -0.8424164056777954,
            -0.19377681612968445
        ],
        [
            0.03699537366628647,
            -0.9082996845245361,
            -0.2213168740272522
        ],
        [
            0.03028583526611328,
            -0.8902309536933899,
            -0.22229211032390594
        ],
        [
            0.056399889290332794,
            -0.9039791822433472,
            -0.21532323956489563
        ],
        [
            0.07033561170101166,
            -0.8964065313339233,
            -0.20595963299274445
        ],
        [
            0.08176236599683762,
            -0.8852525949478149,
            -0.19671311974525452
        ],
        [
            0.06709250062704086,
            -0.7846345901489258,
            -0.17537856101989746
        ],
        [
            0.07157821208238602,
            -0.7776090502738953,
            -0.1676332950592041
        ],
        [
            0.08298031985759735,
            -0.7876175045967102,
            -0.16230157017707825
        ],
        [
            0.0840940997004509,
            -0.7791444063186646,
            -0.15346282720565796
        ],
        [
            0.07251767814159393,
            -0.769070029258728,
            -0.15990419685840607
        ],
        [
            0.06327546387910843,
            -0.7532205581665039,
            -0.14652970433235168
        ],
        [
            0.06975390017032623,
            -0.7604144811630249,
            -0.1525844931602478
        ],
        [
            0.08255359530448914,
            -0.7717148065567017,
            -0.14273680746555328
        ],
        [
            0.09412753582000732,
            -0.7872873544692993,
            -0.13590040802955627
        ],
        [
            0.09340915083885193,
            -0.7917190790176392,
            -0.1479456126689911
        ],
        [
            0.10156432539224625,
            -0.8053295612335205,
            -0.13101260364055634
        ],
        [
            0.09559979289770126,
            -0.7833638191223145,
            -0.12025552988052368
        ],
        [
            0.10307802259922028,
            -0.8066757917404175,
            -0.121254101395607
        ],
        [
            0.08552926778793335,
            -0.747948169708252,
            -0.1059471070766449
        ],
        [
            0.08980843424797058,
            -0.7385605573654175,
            -0.0981384664773941
        ],
        [
            0.1016906276345253,
            -0.748623251914978,
            -0.08882425725460052
        ],
        [
            0.0993177741765976,
            -0.757793664932251,
            -0.09803028404712677
        ],
        [
            0.09041789174079895,
            -0.7971861362457275,
            -0.1582791656255722
        ],
        [
            0.08655556291341782,
            -0.8554403781890869,
            -0.1849311739206314
        ],
        [
            0.0780486986041069,
            -0.85237717628479,
            -0.19334235787391663
        ],
        [
            0.09067551791667938,
            -0.8441306352615356,
            -0.1788356751203537
        ],
        [
            0.09289578348398209,
            -0.9177167415618896,
            -0.1865629106760025
        ],
        [
            0.08138111233711243,
            -0.9085471630096436,
            -0.19817416369915009
        ],
        [
            0.09121584892272949,
            -0.8953442573547363,
            -0.19081835448741913
        ],
        [
            0.10102993994951248,
            -0.905693769454956,
            -0.18087217211723328
        ],
        [
            0.06207996606826782,
            -0.9501570463180542,
            -0.1931893527507782
        ],
        [
            0.05017545074224472,
            -0.9313795566558838,
            -0.21042843163013458
        ],
        [
            0.0650869607925415,
            -0.9216952323913574,
            -0.20528516173362732
        ],
        [
            0.07639524340629578,
            -0.9362138509750366,
            -0.1919926106929779
        ],
        [
            0.10791821777820587,
            -0.9106680154800415,
            -0.17046087980270386
        ],
        [
            0.11642907559871674,
            -0.9172079563140869,
            -0.1548367440700531
        ],
        [
            0.11449594050645828,
            -0.9346198439598083,
            -0.15204715728759766
        ],
        [
            0.10327950865030289,
            -0.9285895824432373,
            -0.17102140188217163
        ],
        [
            0.10453508794307709,
            -0.9563741683959961,
            -0.1469222605228424
        ],
        [
            0.09155107289552689,
            -0.949702262878418,
            -0.1699763834476471
        ],
        [
            0.10611842572689056,
            -0.7963253259658813,
            -0.10531217604875565
        ],
        [
            0.10757298022508621,
            -0.8146116733551025,
            -0.11106249690055847
        ],
        [
            0.09563196450471878,
            -0.7691100835800171,
            -0.10928818583488464
        ],
        [
            0.10573628544807434,
            -0.7809903621673584,
            -0.09792697429656982
        ],
        [
            0.08914033323526382,
            -0.9735596776008606,
            -0.13943077623844147
        ],
        [
            0.07472802698612213,
            -0.9666129946708679,
            -0.16766595840454102
        ],
        [
            0.12757250666618347,
            -0.9108536243438721,
            -0.10120529681444168
        ],
        [
            0.12590208649635315,
            -0.9255112409591675,
            -0.1148030161857605
        ],
        [
            0.12546083331108093,
            -0.9083371162414551,
            -0.12708322703838348
        ],
        [
            0.127728670835495,
            -0.8971699476242065,
            -0.11285452544689178
        ],
