{
    "pred_cam": [
        1.4359769821166992,
        0.16892333328723907,
        0.28457412123680115
    ],
    "pred_smpl_params": {
        "global_orient": [
            [
                [
                    -0.4902285933494568,
                    0.09219174832105637,
                    -0.8667044043540955
                ],
                [
                    0.2121252715587616,
                    -0.9518709778785706,
                    -0.2212340086698532
                ],
                [
                    -0.8453867435455322,
                    -0.2923051416873932,
                    0.4470781683921814
                ]
            ]
        ],
        "body_pose": [
            [
                [
                    0.9965230822563171,
                    0.05681798607110977,
                    0.060938239097595215
                ],
                [
                    -0.06735444813966751,
                    0.979893684387207,
                    0.1878076195716858
                ],
                [
                    -0.049042146652936935,
                    -0.19125908613204956,
                    0.9803135991096497
                ]
            ],
            [
                [
                    0.9810659885406494,
                    0.16050417721271515,
                    -0.10838799923658371
                ],
                [
                    -0.1511789858341217,
                    0.9844533801078796,
                    0.08942241221666336
                ],
                [
                    0.12105561792850494,
                    -0.07134329527616501,
                    0.9900785684585571
                ]
            ],
            [
                [
                    0.9965745210647583,
                    -0.03530636802315712,
                    0.07478576898574829
                ],
                [
                    0.04975513741374016,
                    0.9782915115356445,
                    -0.20117215812206268
                ],
                [
                    -0.06605962663888931,
                    0.20420397818088531,
                    0.9766970872879028
                ]
            ],
            [
                [
                    0.9853368997573853,
                    0.16856180131435394,
                    0.026421403512358665
                ],
                [
                    -0.16586580872535706,
                    0.9826275706291199,
                    -0.08325635641813278
                ],
                [
                    -0.03999624028801918,
                    0.07765315473079681,
                    0.9961778521537781
                ]
            ],
            [
                [
                    0.9980736374855042,
                    0.012048809789121151,
                    0.060859695076942444
                ],
                [
                    -0.009304903447628021,
                    0.9989359378814697,
                    -0.04516952112317085
                ],
                [
                    -0.061339180916547775,
                    0.04451621323823929,
                    0.9971237182617188
                ]
            ],
            [
                [
                    0.9924681782722473,
                    -0.10710453987121582,
                    0.05946076288819313
                ],
                [
                    0.11028916388750076,
                    0.99247807264328,
                    -0.05313704162836075
                ],
                [
                    -0.053322289139032364,
                    0.059294696897268295,
                    0.9968153834342957
                ]
            ],
            [
                [
                    0.9769627451896667,
                    0.03743452951312065,
                    0.21010109782218933
                ],
                [
                    -0.03191959485411644,
                    0.9990525841712952,
                    -0.029580146074295044
                ],
                [
                    -0.21100938320159912,
                    0.02219236083328724,
                    0.977232038974762
                ]
            ],
            [
                [
                    0.9754046201705933,
                    -0.06110229715704918,
                    -0.21178361773490906
                ],
                [
                    0.05519716814160347,
                    0.9979069828987122,
                    -0.03368924558162689
                ],
                [
                    0.21339882910251617,
                    0.02117079123854637,
                    0.9767357707023621
                ]
            ],
            [
                [
                    0.9983174204826355,
                    -0.03362270072102547,
                    0.04724302887916565
                ],
                [
                    0.038426723331213,
                    0.993754506111145,
                    -0.10476385802030563
                ],
                [
                    -0.04342552274465561,
                    0.10640297085046768,
                    0.9933744668960571
                ]
            ],
            [
                [
                    0.9964896440505981,
                    -0.06944388896226883,
                    0.04675614461302757
                ],
                [
                    0.071151502430439,
                    0.9968191981315613,
                    -0.035902827978134155
                ],
                [
                    -0.04411418363451958,
                    0.03910355269908905,
                    0.998261034488678
                ]
            ],
            [
                [
                    0.9961712956428528,
                    0.08062893152236938,
                    -0.03379004821181297
                ],
                [
                    -0.07939070463180542,
                    0.9961746335029602,
                    0.036512963473796844
                ],
                [
                    0.03660479187965393,
                    -0.033690549433231354,
                    0.998761773109436
                ]
            ],
            [
                [
                    0.9785494208335876,
                    0.03192431107163429,
                    0.2035234272480011
                ],
                [
                    0.01626637950539589,
                    0.9728626608848572,
                    -0.23081091046333313
                ],
                [
                    -0.20536881685256958,
                    0.22917048633098602,
                    0.9514749050140381
                ]
            ],
            [
                [
                    0.9443081021308899,
                    -0.06085937097668648,
                    -0.3233858048915863
                ],
                [
                    0.10368500649929047,
                    0.9877183437347412,
                    0.11688415706157684
                ],
                [
                    0.31230059266090393,
                    -0.143904909491539,
                    0.9390206336975098
                ]
            ],
            [
                [
                    0.9243425726890564,
                    -0.2862968444824219,
                    0.252239853143692
                ],
                [
                    0.283926784992218,
                    0.9577146768569946,
                    0.046563152223825455
                ],
                [
                    -0.25490471720695496,
                    0.028577351942658424,
                    0.9665437936782837
                ]
            ],
            [
                [
                    0.9981118440628052,
                    0.046224117279052734,
                    -0.040450721979141235
                ],
                [
                    -0.05906772240996361,
                    0.9029602408409119,
                    -0.4256451725959778
                ],
                [
                    0.016850324347615242,
                    0.42723074555397034,
                    0.9039856791496277
                ]
            ],
            [
                [
                    0.7682275176048279,
                    0.27771294116973877,
                    -0.5768032073974609
                ],
                [
                    -0.23860451579093933,
                    0.9602965116500854,
                    0.1445627510547638
                ],
                [
                    0.5940490961074829,
                    0.02657073736190796,
                    0.8039897680282593
                ]
            ],
            [
                [
                    0.5725868940353394,
                    -0.6889244914054871,
                    0.44444045424461365
                ],
                [
                    0.7675396203994751,
                    0.640984058380127,
                    0.0047395555302500725
                ],
                [
                    -0.28814440965652466,
                    0.3384118378162384,
                    0.8957958817481995
                ]
            ],
            [
                [
                    0.26234492659568787,
                    -0.11267121881246567,
                    -0.9583738446235657
                ],
                [
                    0.03371889889240265,
                    0.9936239123344421,
                    -0.10758520662784576
                ],
                [
                    0.964384913444519,
                    -0.004090873058885336,
                    0.2644713521003723
                ]
            ],
            [
                [
                    0.3207063674926758,
                    0.21211452782154083,
                    0.9231224060058594
                ],
                [
                    -0.009527373127639294,
                    0.9752752184867859,
                    -0.22078825533390045
                ],
                [
                    -0.9471307992935181,
                    0.06201328709721565,
                    0.31479787826538086
                ]
            ],
            [
                [
                    0.9893175363540649,
                    -0.1004098430275917,
                    -0.1056821197271347
                ],
                [
                    0.10351476073265076,
                    0.9943310022354126,
                    0.024302678182721138
                ],
                [
                    0.10264277458190918,
                    -0.034982725977897644,
                    0.9941030144691467
                ]
            ],
            [
                [
                    0.9931999444961548,
                    0.03973669931292534,
                    0.10942980647087097
                ],
                [
                    -0.06935524940490723,
                    0.9569036960601807,
                    0.2820020616054535
                ],
                [
                    -0.09350795298814774,
                    -0.2876739501953125,
                    0.9531526565551758
                ]
            ],
            [
                [
                    0.9911143183708191,
                    0.11413492262363434,
                    -0.06830547004938126
                ],
                [
                    -0.10803814977407455,
                    0.9903205037117004,
                    0.08713799715042114
                ],
                [
                    0.07758980244398117,
                    -0.07898411899805069,
                    0.9938517808914185
                ]
            ],
            [
                [
                    0.9911596775054932,
                    -0.13218100368976593,
                    0.011429698206484318
                ],
                [
                    0.1299401968717575,
                    0.9845247268676758,
                    0.11758643388748169
                ],
                [
                    -0.026795513927936554,
                    -0.11506175994873047,
                    0.9929968118667603
                ]
            ]
        ],
        "betas": [
            -0.20552265644073486,
            -0.2866124212741852,
            0.2823391258716583,
            0.7749226093292236,
            0.24787791073322296,
            0.0013877786695957184,
            -0.027160704135894775,
            -0.052216291427612305,
            0.09990905970335007,
            -0.02811780571937561
        ]
    },
    "pred_cam_t": [
        0.16892333328723907,
        0.28457412123680115,
        27.202733993530273
    ],
    "focal_length": [
        5000.0,
        5000.0
    ],
    "pred_keypoints_3d": [
        [
            -0.1840173602104187,
            -0.7428281307220459,
            -0.014437736943364143
        ],
        [
            -0.0019127670675516129,
            -0.7352930903434753,
            -0.04104810953140259
        ],
        [
            0.05593591928482056,
            -0.6446983218193054,
            0.133331760764122
        ],
        [
            0.04293830692768097,
            -0.40995660424232483,
            0.21314957737922668
        ],
        [
            -0.19320052862167358,
            -0.3432299494743347,
            0.172511026263237
        ],
        [
            -0.07551663368940353,
            -0.6720225811004639,
            -0.19384801387786865
        ],
        [
            -0.30509865283966064,
            -0.5988133549690247,
            -0.2758948802947998
        ],
        [
            -0.4296039938926697,
            -0.6250226497650146,
            -0.06844232976436615
        ],
        [
            -0.002154760528355837,
            -0.23058199882507324,
            0.028517641127109528
        ],
        [
            0.02614506520330906,
            -0.15788421034812927,
            0.1100650280714035
        ],
        [
            0.0272439606487751,
            0.16202706098556519,
            0.300665020942688
        ],
        [
            0.04173586145043373,
            0.5235713720321655,
            0.43800657987594604
        ],
        [
            -0.038717370480298996,
            -0.12743398547172546,
            -0.006137516349554062
        ],
        [
            -0.13236765563488007,
            0.20190173387527466,
            0.11728410422801971
        ],
        [
            -0.11881669610738754,
            0.5330492258071899,
            0.31625017523765564
        ],
        [
            -0.17834368348121643,
            -0.7954785823822021,
            0.01693980023264885
        ],
        [
            -0.18942105770111084,
            -0.7927464246749878,
            -0.04863631725311279
        ],
        [
            -0.08969692885875702,
            -0.8470838665962219,
            0.04484543204307556
        ],
        [
            -0.11603496968746185,
            -0.8409004211425781,
            -0.10302130877971649
        ],
        [
            -0.30597633123397827,
            0.5489279627799988,
            0.38964325189590454
        ],
        [
            -0.2757476568222046,
            0.5914016366004944,
            0.32398563623428345
        ],
        [
            -0.06618145853281021,
            0.5758495926856995,
            0.3165058195590973
        ],
        [
            -0.10464457422494888,
            0.5161537528038025,
            0.5732718706130981
        ],
        [
            -0.01924736052751541,
            0.5133111476898193,
            0.5959973335266113
        ],
        [
            0.08467574417591095,
            0.5792148113250732,
            0.42275571823120117
        ],
        [
            0.07781969010829926,
            0.48011279106140137,
            0.41666701436042786
        ],
        [
            0.027619486674666405,
            0.10460568219423294,
            0.2697327136993408
        ],
        [
            0.08053417503833771,
            -0.28977853059768677,
            0.13764040172100067
        ],
        [
            -0.04933283478021622,
            -0.20849907398223877,
            -0.11214768141508102
        ],
        [
            -0.12828752398490906,
            0.1676548421382904,
            0.08995313942432404
        ],
        [
            -0.09622887521982193,
            0.5134643316268921,
            0.2840181589126587
        ],
        [
            -0.18143180012702942,
            -0.3811231255531311,
            0.16489273309707642
        ],
        [
            0.022426776587963104,
            -0.43976306915283203,
            0.23429375886917114
        ],
        [
            0.0451810248196125,
            -0.6747140884399414,
            0.09831580519676208
        ],
        [
            -0.059203650802373886,
            -0.6983740329742432,
            -0.1792016178369522
        ],
        [
            -0.2976188063621521,
            -0.643751859664917,
            -0.26387888193130493
        ],
        [
            -0.4124129116535187,
            -0.6409814357757568,
            -0.07181915640830994
        ],
        [
            -0.0062589626759290695,
            -0.7286704778671265,
            -0.03655271232128143
        ],
        [
            -0.15020965039730072,
            -0.8747025728225708,
            -0.02674534171819687
        ],
        [
            0.015320194885134697,
            -0.24954238533973694,
            0.012075025588274002
        ],
        [
            -0.006276857107877731,
            -0.6813504695892334,
            -0.03716384619474411
        ],
        [
            0.03536304086446762,
            -0.4946979284286499,
            -0.041209626942873
        ],
        [
            -0.11002246290445328,
            -0.7659964561462402,
            -0.03172716498374939
        ],
        [
            -0.1547570526599884,
            -0.8936994075775146,
            -0.0228850319981575
        ]
    ],
    "pred_vertices": [
        [
            -0.2219698131084442,
            -0.8287976980209351,
            -0.057519663125276566
        ],
        [
            -0.21727445721626282,
            -0.8131682276725769,
            -0.05174342542886734
        ],
        [
            -0.20977580547332764,
            -0.8155497312545776,
            -0.06411172449588776
        ],
        [
            -0.20985478162765503,
            -0.8293198347091675,
            -0.07016347348690033
        ],
        [
            -0.20796459913253784,
            -0.804790735244751,
            -0.059923335909843445
        ],
        [
            -0.21243590116500854,
            -0.8022347688674927,
            -0.04909427836537361
        ],
        [
            -0.19871407747268677,
            -0.8165755271911621,
            -0.07267685234546661
        ],
        [
            -0.19569817185401917,
            -0.8285154700279236,
            -0.07853392511606216
        ],
        [
            -0.16824814677238464,
            -0.795472264289856,
            -0.0814797654747963
        ],
        [
            -0.15898434817790985,
            -0.7976045608520508,
            -0.08689391613006592
        ],
        [
            -0.16774317622184753,
            -0.8062244057655334,
            -0.08582428097724915
        ],
        [
            -0.1745385378599167,
            -0.8020055294036865,
            -0.0795760452747345
        ],
        [
            -0.1496220827102661,
            -0.7771905660629272,
            -0.08215998858213425
        ],
        [
            -0.14947783946990967,
            -0.7650039196014404,
            -0.07566777616739273
        ],
        [
            -0.13671132922172546,
            -0.7636280059814453,
            -0.07990048825740814
        ],
        [
            -0.13548554480075836,
            -0.7760757207870483,
            -0.08559659123420715
        ],
        [
            -0.17129188776016235,
            -0.7633001208305359,
            -0.03970927745103836
        ],
        [
            -0.1673925668001175,
            -0.7583202123641968,
            -0.045698873698711395
        ],
        [
            -0.17168232798576355,
            -0.7638537883758545,
            -0.04926601052284241
        ],
        [
            -0.1745910942554474,
            -0.7684431076049805,
            -0.04270226135849953
        ],
        [
            -0.18052300810813904,
            -0.7678307294845581,
            -0.029503587633371353
        ],
        [
            -0.18144799768924713,
            -0.7741234302520752,
            -0.03062811680138111
        ],
        [
            -0.18709279596805573,
            -0.774207353591919,
            -0.025040309876203537
        ],
        [
            -0.1867542862892151,
            -0.7667326927185059,
            -0.024761080741882324
        ],
        [
            -0.16701510548591614,
            -0.7595151662826538,
            -0.03466955944895744
        ],
        [
            -0.16273202002048492,
            -0.7547056674957275,
            -0.041056614369153976
        ],
        [
            -0.17494526505470276,
            -0.7671893835067749,
            -0.03461723402142525
        ],
        [
            -0.1738576889038086,
            -0.7624853849411011,
            -0.032875604927539825
        ],
        [
            -0.17805029451847076,
            -0.7514945268630981,
            -0.029109006747603416
        ],
        [
            -0.17997002601623535,
            -0.7560021281242371,
            -0.03054485097527504
        ],
        [
            -0.185560405254364,
            -0.7529280185699463,
            -0.02643858827650547
        ],
        [
            -0.18152491748332977,
            -0.7489205002784729,
            -0.025555923581123352
        ],
        [
            -0.1706000566482544,
            -0.7564959526062012,
            -0.03319641947746277
        ],
        [
            -0.17467200756072998,
            -0.7571701407432556,
            -0.03320024907588959
        ],
        [
            -0.1739334613084793,
            -0.7528692483901978,
            -0.030715549364686012
        ],
        [
            -0.16985633969306946,
            -0.7532031536102295,
            -0.02971750684082508
        ],
        [
            -0.180039182305336,
            -0.7628742456436157,
            -0.029022427275776863
        ],
        [
            -0.18639090657234192,
            -0.7601996064186096,
            -0.02524784952402115
        ],
        [
            -0.19232603907585144,
            -0.7571552991867065,
            -0.02045006863772869
        ],
        [
            -0.1901564598083496,
            -0.7484307289123535,
            -0.02126563899219036
        ],
        [
            -0.15543407201766968,
            -0.7512027025222778,
            -0.05811379849910736
        ],
        [
            -0.16230623424053192,
            -0.7543295621871948,
            -0.05246348679065704
        ],
        [
            -0.15863566100597382,
            -0.7507563829421997,
            -0.04745272919535637
        ],
        [
            -0.15368753671646118,
            -0.7479231357574463,
            -0.052801068872213364
        ],
        [
            -0.1654183268547058,
            -0.7527197599411011,
            -0.03137899562716484
        ],
        [
            -0.15627488493919373,
            -0.740334153175354,
            -0.03574886545538902
        ],
        [
            -0.15881024301052094,
            -0.7431173324584961,
            -0.03584250435233116
        ],
        [
            -0.16167668998241425,
            -0.7415206432342529,
            -0.029416080564260483
        ],
        [
            -0.15926676988601685,
            -0.738967776298523,
            -0.029986435547471046
        ],
        [
            -0.14038045704364777,
            -0.7451688647270203,
            -0.06499228626489639
        ],
        [
            -0.14245280623435974,
            -0.7417795658111572,
            -0.05880233272910118
        ],
        [
            -0.1362035870552063,
            -0.7379683256149292,
            -0.059904471039772034
        ],
        [
            -0.13225942850112915,
            -0.74125736951828,
            -0.06558080017566681
        ],
        [
            -0.1316157430410385,
            -0.7342166900634766,
            -0.05766241252422333
        ],
        [
            -0.12506788969039917,
            -0.7372432947158813,
            -0.06476548314094543
        ],
        [
            -0.11580537259578705,
            -0.7263720035552979,
            -0.05617266148328781
        ],
        [
            -0.11976534128189087,
            -0.731378436088562,
            -0.06065171957015991
        ],
        [
            -0.1280306875705719,
            -0.7297772765159607,
            -0.053838539868593216
        ],
        [
            -0.1267344057559967,
            -0.7241261601448059,
            -0.04821891710162163
        ],
        [
            -0.1343269795179367,
            -0.7231483459472656,
            -0.03546753153204918
        ],
        [
            -0.13478174805641174,
            -0.7208288311958313,
            -0.029414385557174683
        ],
        [
            -0.12644201517105103,
            -0.7124577760696411,
            -0.034685343503952026
        ],
        [
            -0.12663352489471436,
            -0.7171235084533691,
            -0.0411372147500515
        ],
        [
            -0.14900925755500793,
            -0.7384945750236511,
            -0.035856906324625015
        ],
        [
            -0.14740389585494995,
            -0.740132212638855,
            -0.040103230625391006
        ],
        [
            -0.15011480450630188,
            -0.7398251295089722,
            -0.04011300951242447
        ],
        [
            -0.1528274416923523,
            -0.7388191223144531,
            -0.03568658605217934
        ],
        [
            -0.14632858335971832,
            -0.7408661842346191,
            -0.043950241059064865
        ],
        [
            -0.1458103358745575,
            -0.7411128282546997,
            -0.045668695122003555
        ],
        [
            -0.14751945436000824,
            -0.7413370609283447,
            -0.0452902615070343
        ],
        [
            -0.14714200794696808,
            -0.7412368059158325,
            -0.04398065060377121
        ],
        [
            -0.14717358350753784,
            -0.7406523823738098,
            -0.041926633566617966
        ],
        [
            -0.14616616070270538,
            -0.7389564514160156,
            -0.0409211665391922
        ],
        [
            -0.14613744616508484,
            -0.739984393119812,
            -0.043014418333768845
        ],
        [
            -0.1474122405052185,
            -0.7366823554039001,
            -0.0371311791241169
        ],
        [
            -0.15069201588630676,
            -0.730408251285553,
            -0.02415342628955841
        ],
        [
            -0.1503174602985382,
            -0.731462299823761,
            -0.027837421745061874
        ],
        [
            -0.1520307958126068,
            -0.7356041669845581,
            -0.02629675157368183
        ],
        [
            -0.15258222818374634,
            -0.7348681092262268,
            -0.023208515718579292
        ],
        [
            -0.14992257952690125,
            -0.7418807744979858,
            -0.04370787739753723
        ],
        [
            -0.15079708397388458,
            -0.7430983185768127,
            -0.04581445828080177
        ],
        [
            -0.15463916957378387,
            -0.7432348132133484,
            -0.04164034500718117
        ],
        [
            -0.15231600403785706,
            -0.7415376901626587,
            -0.04057756066322327
        ],
        [
            -0.15214747190475464,
            -0.7445873022079468,
            -0.04867876321077347
        ],
        [
            -0.14812375605106354,
            -0.7425705194473267,
            -0.047566793859004974
        ],
        [
            -0.14864510297775269,
            -0.7433170676231384,
            -0.05081914737820625
        ],
        [
            -0.14463484287261963,
            -0.7397551536560059,
            -0.045169852674007416
        ],
        [
            -0.14279454946517944,
            -0.7392892837524414,
            -0.04812110215425491
        ],
        [
            -0.14532673358917236,
            -0.7406592965126038,
            -0.048501770943403244
        ],
        [
            -0.14089366793632507,
            -0.7365066409111023,
            -0.04617275297641754
        ],
        [
            -0.14394739270210266,
            -0.7377101182937622,
            -0.04265136271715164
        ],
        [
            -0.14457429945468903,
            -0.7346302270889282,
            -0.03895154222846031
        ],
        [
            -0.14571310579776764,
            -0.7313179969787598,
            -0.034157875925302505
        ],
        [
            -0.1406683474779129,
            -0.7293899059295654,
            -0.03701874613761902
        ],
        [
            -0.1403464674949646,
            -0.732923686504364,
            -0.042261622846126556
        ],
        [
            -0.15688078105449677,
            -0.746609091758728,
            -0.04376910254359245
        ],
        [
            -0.14403493702411652,
            -0.7410640716552734,
            -0.05298575386404991
        ],
        [
            -0.1484929919242859,
            -0.7457690238952637,
            -0.05610474944114685
        ],
        [
            -0.14013230800628662,
            -0.7380343079566956,
            -0.053176477551460266
        ],
        [
            -0.13678596913814545,
            -0.7349064946174622,
            -0.05127377808094025
        ],
        [
            -0.13488507270812988,
            -0.7309991717338562,
            -0.04683220386505127
        ],
        [
            -0.13440939784049988,
            -0.7268312573432922,
            -0.041432369500398636
        ],
        [
            -0.11288866400718689,
            -0.7123515605926514,
            -0.03864433988928795
        ],
        [
            -0.11462709307670593,
            -0.7181276679039001,
            -0.046803854405879974
        ],
        [
            -0.20478972792625427,
            -0.7983378171920776,
            -0.04747600853443146
        ],
        [
            -0.20326608419418335,
            -0.799109697341919,
            -0.05643675476312637
        ],
        [
            -0.1943480521440506,
            -0.7962136268615723,
            -0.05751381069421768
        ],
        [
            -0.19588503241539001,
            -0.7978489398956299,
            -0.059057530015707016
        ],
        [
            -0.19896996021270752,
            -0.7970758676528931,
            -0.053706079721450806
        ],
        [
            -0.1963132917881012,
            -0.7954505681991577,
            -0.05326918512582779
        ],
        [
            -0.179298996925354,
            -0.8002018928527832,
            -0.07301239669322968
        ],
        [
            -0.1832791268825531,
            -0.7988256812095642,
            -0.06752986460924149
        ],
        [
            -0.17986592650413513,
            -0.7968197464942932,
            -0.06796920299530029
        ],
        [
            -0.17498897016048431,
            -0.7952998876571655,
            -0.07488881796598434
        ],
        [
            -0.17934349179267883,
            -0.7869900465011597,
            -0.0601973719894886
        ],
        [
            -0.1783466786146164,
            -0.789802610874176,
            -0.06467591226100922
        ],
        [
            -0.1839621365070343,
            -0.7934239506721497,
            -0.06048472970724106
        ],
        [
            -0.18476207554340363,
            -0.7913018465042114,
            -0.057287462055683136
        ],
        [
            -0.185456782579422,
            -0.7898110151290894,
            -0.053459636867046356
        ],
        [
            -0.18609070777893066,
            -0.7890018820762634,
            -0.0490386076271534
        ],
        [
            -0.18210369348526,
            -0.7854735851287842,
            -0.049841489642858505
        ],
        [
            -0.18071991205215454,
            -0.7857239842414856,
            -0.05502574145793915
        ],
        [
            -0.19959646463394165,
            -0.7975368499755859,
            -0.04729404300451279
        ],
        [
            -0.1981089562177658,
            -0.7972403764724731,
            -0.039931535720825195
        ],
        [
            -0.1954587697982788,
            -0.795640230178833,
            -0.041692811995744705
        ],
        [
            -0.1970789134502411,
            -0.7954951524734497,
            -0.047650374472141266
        ],
        [
            -0.18619003891944885,
            -0.7942875623703003,
            -0.03232128918170929
        ],
        [
            -0.1888105869293213,
            -0.7953081727027893,
            -0.03330376744270325
        ],
        [
            -0.19006192684173584,
            -0.7959772348403931,
            -0.029624342918395996
        ],
        [
            -0.1863989233970642,
            -0.7931462526321411,
            -0.02898576855659485
        ],
        [
            -0.18477657437324524,
            -0.7906842827796936,
            -0.03151581436395645
        ],
        [
            -0.1855788230895996,
            -0.7926950454711914,
            -0.03368942812085152
        ],
        [
            -0.23323026299476624,
            -0.8465980291366577,
            -0.04741919785737991
        ],
        [
            -0.22952568531036377,
            -0.8283985257148743,
            -0.04288274794816971
        ],
        [
            -0.2213277816772461,
            -0.8486089706420898,
            -0.0638699159026146
        ],
        [
            -0.20636680722236633,
            -0.847285807132721,
            -0.07512861490249634
        ],
        [
            -0.19171282649040222,
            -0.8421649932861328,
            -0.08458565175533295
        ],
        [
            -0.1384192407131195,
            -0.7528996467590332,
            -0.07253505289554596
        ],
        [
            -0.12824887037277222,
            -0.7500319480895996,
            -0.0748363807797432
        ],
        [
            -0.12436147034168243,
            -0.7628992199897766,
            -0.08328837156295776
        ],
        [
            -0.11418366432189941,
            -0.7579606771469116,
            -0.08249922841787338
        ],
        [
            -0.11897385120391846,
            -0.7445932626724243,
            -0.07358195632696152
        ],
        [
            -0.10516217350959778,
            -0.7312087416648865,
            -0.06177452951669693
        ],
        [
            -0.11108691990375519,
            -0.7379602789878845,
            -0.06940390914678574
        ],
        [
            -0.10399611294269562,
            -0.753122091293335,
            -0.07945537567138672
        ],
        [
            -0.10001195967197418,
            -0.7716554403305054,
            -0.08890746533870697
        ],
        [
            -0.11101250350475311,
            -0.7728481292724609,
            -0.08956165611743927
        ],
        [
            -0.09984144568443298,
            -0.7921319007873535,
            -0.09333314001560211
        ],
        [
            -0.08659455180168152,
            -0.771148681640625,
            -0.0869188979268074
        ],
        [
            -0.09165427088737488,
            -0.7966187000274658,
            -0.0914553627371788
        ],
        [
            -0.07642025500535965,
            -0.7415807843208313,
            -0.07173822075128555
        ],
        [
            -0.0713108479976654,
            -0.7357070446014404,
            -0.0734856054186821
        ],
        [
            -0.06261992454528809,
            -0.7478609681129456,
            -0.08523166179656982
        ],
        [
            -0.06869778037071228,
            -0.7543514966964722,
            -0.08390457928180695
        ],
        [
            -0.12211078405380249,
            -0.7745683193206787,
            -0.08908912539482117
        ],
        [
            -0.16884097456932068,
            -0.8192453980445862,
            -0.08826237916946411
        ],
        [
            -0.17705363035202026,
            -0.8117839097976685,
            -0.08281923830509186
        ],
        [
            -0.15807177126407623,
            -0.8114566802978516,
            -0.09111444652080536
        ],
        [
            -0.1917724311351776,
            -0.8783484697341919,
            -0.08918560296297073
        ],
        [
            -0.20176509022712708,
            -0.8635674715042114,
            -0.0823112428188324
        ],
        [
            -0.18756720423698425,
            -0.8559749722480774,
            -0.09041070938110352
        ],
        [
            -0.1802995502948761,
            -0.8705087304115295,
            -0.09594976902008057
        ],
        [
            -0.2188565582036972,
            -0.8998733758926392,
            -0.05951238051056862
        ],
        [
            -0.22949916124343872,
            -0.8738415241241455,
            -0.05525977909564972
        ],
        [
            -0.21770599484443665,
            -0.8703176975250244,
            -0.06861454248428345
        ],
        [
            -0.20829279720783234,
            -0.8904123306274414,
            -0.0738573893904686
        ],
        [
            -0.17102454602718353,
            -0.8800095319747925,
            -0.09977998584508896
        ],
        [
            -0.1579955667257309,
            -0.892901599407196,
            -0.10237141698598862
        ],
        [
            -0.1626167893409729,
            -0.9095183610916138,
            -0.09833729267120361
        ],
        [
            -0.18017636239528656,
            -0.8956105709075928,
            -0.09443935751914978
        ],
        [
            -0.16892068088054657,
            -0.9298266768455505,
            -0.08627177774906158
        ],
        [
            -0.19043220579624176,
            -0.9133291244506836,
            -0.081003338098526
        ],
        [
            -0.07531197369098663,
            -0.7908625602722168,
            -0.08959057182073593
        ],
        [
            -0.08444060385227203,
            -0.8089691400527954,
            -0.09087547659873962
        ],
        [
            -0.07738449424505234,
            -0.7608964443206787,
            -0.08283837139606476
        ],
        [
            -0.06777717173099518,
            -0.7768955230712891,
            -0.08901475369930267
        ],
        [
            -0.17310242354869843,
            -0.9453885555267334,
            -0.06818106025457382
        ],
        [
            -0.198921799659729,
            -0.9266941547393799,
            -0.06283371895551682
        ],
        [
            -0.10449838638305664,
            -0.9078153371810913,
            -0.09889479726552963
        ],
        [
            -0.12289714813232422,
            -0.9157823324203491,
            -0.09888103604316711
        ],
        [
            -0.12710867822170258,
            -0.8959493637084961,
