{
    "pred_cam": [
        1.1253383159637451,
        -0.07354669272899628,
        0.16507580876350403
    ],
    "pred_smpl_params": {
        "global_orient": [
            [
                [
                    0.9922072887420654,
                    0.11654172837734222,
                    0.044076401740312576
                ],
                [
                    0.11646408587694168,
                    -0.9931854605674744,
                    0.0043339659459888935
                ],
                [
                    0.04428112879395485,
                    0.0008331256685778499,
                    -0.9990187883377075
                ]
            ]
        ],
        "body_pose": [
            [
                [
                    0.997611939907074,
                    -0.06481055915355682,
                    -0.023875340819358826
                ],
                [
                    0.06821347773075104,
                    0.9787454009056091,
                    0.19340212643146515
                ],
                [
                    0.010833379812538624,
                    -0.19456888735294342,
                    0.9808290600776672
                ]
            ],
            [
                [
                    0.9995924830436707,
                    -0.014486721716821194,
                    0.0245971716940403
                ],
                [
                    0.00862937606871128,
                    0.9746953845024109,
                    0.2233707308769226
                ],
                [
                    -0.027210658416152,
                    -0.22306743264198303,
                    0.9744231700897217
                ]
            ],
            [
                [
                    0.9998045563697815,
                    0.01809837855398655,
                    0.00796142965555191
                ],
                [
                    -0.01612067222595215,
                    0.9793028235435486,
                    -0.20175758004188538
                ],
                [
                    -0.011448136530816555,
                    0.20158979296684265,
                    0.9794031977653503
                ]
            ],
            [
                [
                    0.9921593070030212,
                    -0.022393302991986275,
                    -0.12295675277709961
                ],
                [
                    -0.0504453144967556,
                    0.8283626437187195,
                    -0.5579163432121277
                ],
                [
                    0.11434637755155563,
                    0.5597445368766785,
                    0.8207380771636963
                ]
            ],
            [
                [
                    0.9937759041786194,
                    -0.0766667053103447,
                    0.08081918209791183
                ],
                [
                    0.1112358346581459,
                    0.7220799922943115,
                    -0.6828083395957947
                ],
                [
                    -0.006009255535900593,
                    0.6875483989715576,
                    0.7261137962341309
                ]
            ],
            [
                [
                    0.9989495277404785,
                    -0.030799927189946175,
                    0.03392899036407471
                ],
                [
                    0.030542373657226562,
                    0.9995008111000061,
                    0.008083348162472248
                ],
                [
                    -0.03416102007031441,
                    -0.007038584910333157,
                    0.9993915557861328
                ]
            ],
            [
                [
                    0.9791975021362305,
                    0.1277337372303009,
                    0.15765878558158875
                ],
                [
                    -0.13298353552818298,
                    0.9908474683761597,
                    0.023167049512267113
                ],
                [
                    -0.1532565951347351,
                    -0.043651141226291656,
                    0.9872218370437622
                ]
            ],
            [
                [
                    0.9874202013015747,
                    -0.05957317352294922,
                    -0.14646604657173157
                ],
                [
                    0.06310736387968063,
                    0.9978142976760864,
                    0.01959840953350067
                ],
                [
                    0.1449783742427826,
                    -0.02859495021402836,
                    0.9890214800834656
                ]
            ],
            [
                [
                    0.9996604323387146,
                    -0.024615466594696045,
                    0.008545315824449062
                ],
                [
                    0.025279579684138298,
                    0.9957025051116943,
                    -0.08909156918525696
                ],
                [
                    -0.006315562874078751,
                    0.08927734941244125,
                    0.9959866404533386
                ]
            ],
            [
                [
                    0.9701691269874573,
                    -0.2422497421503067,
                    0.009323641657829285
                ],
                [
                    0.23548074066638947,
                    0.9508072137832642,
                    0.20128193497657776
                ],
                [
                    -0.05762548744678497,
                    -0.19308197498321533,
                    0.9794889688491821
                ]
            ],
            [
                [
                    0.9872382283210754,
                    0.15920968353748322,
                    0.0036013945937156677
                ],
                [
                    -0.15669599175453186,
                    0.9671199321746826,
                    0.20031337440013885
                ],
                [
                    0.028408849611878395,
                    -0.19832134246826172,
                    0.9797253012657166
                ]
            ],
            [
                [
                    0.9569637775421143,
                    -0.08074326813220978,
                    -0.27874869108200073
                ],
                [
                    0.08805534988641739,
                    0.9960200786590576,
                    0.013789685443043709
                ],
                [
                    0.2765258848667145,
                    -0.03774154186248779,
                    0.960265040397644
                ]
            ],
            [
                [
                    0.9392030835151672,
                    0.3415273427963257,
                    0.03545002639293671
                ],
                [
                    -0.33903008699417114,
                    0.9387461543083191,
                    -0.061759330332279205
                ],
                [
                    -0.054371073842048645,
                    0.04598592594265938,
                    0.9974613189697266
                ]
            ],
            [
                [
                    0.9480300545692444,
                    -0.3003682494163513,
                    0.10496605187654495
                ],
                [
                    0.3027864992618561,
                    0.9530286192893982,
                    -0.007537563797086477
                ],
                [
                    -0.09777160733938217,
                    0.03892814368009567,
                    0.9944472312927246
                ]
            ],
            [
                [
                    0.9613280892372131,
                    -0.10915422439575195,
                    -0.2528506815433502
                ],
                [
                    0.05774425342679024,
                    0.9775832891464233,
                    -0.20247578620910645
                ],
                [
                    0.2692837119102478,
                    0.180045023560524,
                    0.946081280708313
                ]
            ],
            [
                [
                    0.4782988727092743,
                    0.8467230796813965,
                    -0.2330026626586914
                ],
                [
                    -0.8729038834571838,
                    0.4874640107154846,
                    -0.02043723687529564
                ],
                [
                    0.09627572447061539,
                    0.21316403150558472,
                    0.9722613096237183
                ]
            ],
            [
                [
                    0.45309311151504517,
                    -0.7951996326446533,
                    0.40294453501701355
                ],
                [
                    0.8791127800941467,
                    0.47354546189308167,
                    -0.05399470403790474
                ],
                [
                    -0.14787594974040985,
                    0.37869831919670105,
                    0.9136303663253784
                ]
            ],
            [
                [
                    0.3712840676307678,
                    -0.3420679271221161,
                    -0.8632136583328247
                ],
                [
                    0.26439133286476135,
                    0.9301295280456543,
                    -0.2548653185367584
                ],
                [
                    0.8900817036628723,
                    -0.13359877467155457,
                    0.4357820749282837
                ]
            ],
            [
                [
                    0.1705654114484787,
                    0.4333888590335846,
                    0.8849190473556519
                ],
                [
                    0.0227254256606102,
                    0.8961099982261658,
                    -0.4432499408721924
                ],
                [
                    -0.9850842952728271,
                    0.09571326524019241,
                    0.1429964303970337
                ]
            ],
            [
                [
                    0.9874735474586487,
                    -0.15469597280025482,
                    -0.03106660395860672
                ],
                [
                    0.15629079937934875,
                    0.986007034778595,
                    0.057994816452264786
                ],
                [
                    0.021660322323441505,
                    -0.062123771756887436,
                    0.9978334307670593
                ]
            ],
            [
                [
                    0.986548125743866,
                    0.15024307370185852,
                    0.06441947817802429
                ],
                [
                    -0.1520162671804428,
                    0.988097608089447,
                    0.02354157343506813
                ],
                [
                    -0.06011576950550079,
                    -0.03301770240068436,
                    0.9976452589035034
                ]
            ],
            [
                [
                    0.9658042788505554,
                    0.24246108531951904,
                    -0.09184090793132782
                ],
                [
                    -0.22680963575839996,
                    0.9617180824279785,
                    0.15380419790744781
                ],
                [
                    0.12561659514904022,
                    -0.1277143508195877,
                    0.9838239550590515
                ]
            ],
            [
                [
                    0.9720473289489746,
                    -0.21878176927566528,
                    0.08519736677408218
                ],
                [
                    0.2062738984823227,
                    0.9691128730773926,
                    0.13517126441001892
                ],
                [
                    -0.11213887482881546,
                    -0.11381886899471283,
                    0.9871525764465332
                ]
            ]
        ],
        "betas": [
            0.02390812337398529,
            0.15775467455387115,
            0.37432512640953064,
            0.799167811870575,
            -0.022925496101379395,
            0.01381618157029152,
            0.012174099683761597,
            0.011754825711250305,
            0.05860947072505951,
            -0.018966108560562134
        ]
    },
    "pred_cam_t": [
        -0.07354669272899628,
        0.16507580876350403,
        34.71178436279297
    ],
    "focal_length": [
        5000.0,
        5000.0
    ],
    "pred_keypoints_3d": [
        [
            -0.007544349879026413,
            -0.8130354285240173,
            -0.2051934003829956
        ],
        [
            0.05589873716235161,
            -0.7440051436424255,
            -0.03501381725072861
        ],
        [
            -0.1331457793712616,
            -0.6636583805084229,
            -0.02759566903114319
        ],
        [
            -0.19205507636070251,
            -0.4241543710231781,
            0.024919375777244568
        ],
        [
            -0.0680425763130188,
            -0.32390090823173523,
            -0.17233778536319733
        ],
        [
            0.2237432301044464,
            -0.6410418152809143,
            0.012687472626566887
        ],
        [
            0.2319989800453186,
            -0.40009456872940063,
            0.10772108286619186
        ],
        [
            0.28230637311935425,
            -0.25555992126464844,
            -0.08761247247457504
        ],
        [
            -0.0024760731030255556,
            -0.2320641726255417,
            0.026226166635751724
        ],
        [
            -0.07815830409526825,
            -0.1497301161289215,
            0.028379715979099274
        ],
        [
            -0.1507326066493988,
            0.21658581495285034,
            -0.0519525483250618
        ],
        [
            -0.15878640115261078,
            0.533149003982544,
            0.18721193075180054
        ],
        [
            0.053070489317178726,
            -0.13319428265094757,
            0.03652523458003998
        ],
        [
            0.07268454134464264,
            0.2335326224565506,
            -0.031536951661109924
        ],
        [
            0.0492706336081028,
            0.5784301161766052,
            0.1626359224319458
        ],
        [
            -0.02322693169116974,
            -0.8622524738311768,
            -0.17067910730838776
        ],
        [
            0.03404635190963745,
            -0.8583394885063171,
            -0.20433279871940613
        ],
        [
            -0.011423364281654358,
            -0.8752361536026001,
            -0.06889631599187851
        ],
        [
            0.1176440566778183,
            -0.8660584688186646,
            -0.14197246730327606
        ],
        [
            0.046022117137908936,
            0.6970891356468201,
            0.0011365264654159546
        ],
        [
            0.1115674301981926,
            0.6900144815444946,
            0.05414900183677673
        ],
        [
            0.05043826252222061,
            0.5913083553314209,
            0.23199959099292755
        ],
        [
            -0.1556476652622223,
            0.6671514511108398,
            0.040285855531692505
        ],
        [
            -0.2290649712085724,
            0.6487167477607727,
            0.0858277976512909
        ],
        [
            -0.16329830884933472,
            0.5440783500671387,
            0.2596987187862396
        ],
        [
            -0.17896145582199097,
            0.47713494300842285,
            0.1846807450056076
        ],
        [
            -0.14112484455108643,
            0.15608222782611847,
            -0.05095236003398895
        ],
        [
            -0.14153720438480377,
            -0.28230100870132446,
            0.03186081349849701
        ],
        [
            0.13862234354019165,
            -0.23266670107841492,
            0.0566541887819767
        ],
        [
            0.08363944292068481,
            0.19330191612243652,
            -0.030238522216677666
        ],
        [
            0.059628382325172424,
            0.5382229089736938,
            0.1734524965286255
        ],
        [
            -0.060861892998218536,
            -0.36023616790771484,
            -0.15927401185035706
        ],
        [
            -0.2059679627418518,
            -0.44770893454551697,
            -0.011525890789926052
        ],
        [
            -0.09513622522354126,
            -0.6918659210205078,
            -0.026430940255522728
        ],
        [
            0.19424670934677124,
            -0.674412190914154,
            0.00468310946598649
        ],
        [
            0.2702554762363434,
            -0.42479461431503296,
            0.07829469442367554
        ],
        [
            0.2866029441356659,
            -0.2789935767650604,
            -0.08496300131082535
        ],
        [
            0.057680901139974594,
            -0.7354352474212646,
            -0.03837905079126358
        ],
        [
            0.04323107376694679,
            -0.9179515838623047,
            -0.13403624296188354
        ],
        [
            -0.0008226100471802056,
            -0.257243275642395,
            0.04409683495759964
        ],
        [
            0.049009934067726135,
            -0.6807512640953064,
            -0.013852743431925774
        ],
        [
            0.03128121420741081,
            -0.5077599287033081,
            0.03276023641228676
        ],
        [
            0.03749910742044449,
            -0.8040451407432556,
            -0.13885220885276794
        ],
        [
            0.04130783677101135,
            -0.9388219714164734,
            -0.1286918669939041
        ]
    ],
    "pred_vertices": [
        [
            0.041468746960163116,
            -0.9022221565246582,
            -0.22223876416683197
        ],
        [
            0.03423416614532471,
            -0.887122631072998,
            -0.22148481011390686
        ],
        [
            0.04845953732728958,
            -0.8853313326835632,
            -0.21880188584327698
        ],
        [
            0.05716543644666672,
            -0.897537350654602,
            -0.21579298377037048
        ],
        [
            0.042768947780132294,
            -0.8756531476974487,
            -0.21884696185588837
        ],
        [
            0.03032853454351425,
            -0.8760349750518799,
            -0.2201378047466278
        ],
        [
            0.05992867425084114,
            -0.881653904914856,
            -0.21146313846111298
        ],
        [
            0.06889768689870834,
            -0.8901594877243042,
            -0.2068004012107849
        ],
        [
            0.07240303605794907,
            -0.8495709896087646,
            -0.19535121321678162
        ],
        [
            0.08075493574142456,
            -0.8468396067619324,
            -0.18787851929664612
        ],
        [
            0.07966754585504532,
            -0.8581560850143433,
            -0.1927674263715744
        ],
        [
            0.07058088481426239,
            -0.8581005334854126,
            -0.19809871912002563
        ],
        [
            0.0753793716430664,
            -0.8251415491104126,
            -0.18522164225578308
        ],
        [
            0.06650086492300034,
            -0.814566969871521,
            -0.18712204694747925
        ],
        [
            0.07410123199224472,
            -0.8079062700271606,
            -0.1776657998561859
        ],
        [
            0.08232927322387695,
            -0.8181896209716797,
            -0.17463397979736328
        ],
        [
            0.02500355988740921,
            -0.8247560262680054,
            -0.1952773928642273
        ],
        [
            0.031037313863635063,
            -0.8181333541870117,
            -0.19554392993450165
        ],
        [
            0.034262679517269135,
            -0.8246425986289978,
            -0.19829687476158142
        ],
        [
            0.02784619852900505,
            -0.8305311799049377,
            -0.1971927285194397
        ],
        [
            0.013145774602890015,
            -0.8334618806838989,
            -0.1983889639377594
        ],
        [
            0.01532081887125969,
            -0.8395143747329712,
            -0.1972355842590332
        ],
        [
            0.008430138230323792,
            -0.8423484563827515,
            -0.2003021240234375
        ],
        [
            0.006566941738128662,
            -0.8352749347686768,
            -0.2026345282793045
        ],
        [
            0.020503580570220947,
            -0.8199710845947266,
            -0.1914716213941574
        ],
        [
            0.02718130126595497,
            -0.813095211982727,
            -0.19164568185806274
        ],
        [
            0.01954387128353119,
            -0.8302745819091797,
            -0.19555112719535828
        ],
        [
            0.01716277003288269,
            -0.8255943059921265,
            -0.19570240378379822
        ],
        [
            0.010062143206596375,
            -0.8174211382865906,
            -0.20184734463691711
        ],
        [
            0.01178121566772461,
            -0.822243332862854,
            -0.2023417204618454
        ],
        [
            0.005308374762535095,
            -0.821936845779419,
            -0.20687466859817505
        ],
        [
            0.004884000867605209,
            -0.8168690204620361,
            -0.20447593927383423
        ],
        [
            0.016889873892068863,
            -0.8188077807426453,
            -0.194950133562088
        ],
        [
            0.01578925922513008,
            -0.8209631443023682,
            -0.19832190871238708
        ],
        [
            0.01279902458190918,
            -0.8169448375701904,
            -0.198340505361557
        ],
        [
            0.013327836990356445,
            -0.8156729936599731,
            -0.1943865269422531
        ],
        [
            0.011400766670703888,
            -0.8287115693092346,
            -0.19963642954826355
        ],
        [
            0.005434125661849976,
            -0.8290761709213257,
            -0.20470985770225525
        ],
        [
            -0.0014772005379199982,
            -0.8290730118751526,
            -0.2093961387872696
        ],
        [
            -0.001589905470609665,
            -0.8201514482498169,
            -0.21079927682876587
        ],
        [
            0.04528861492872238,
            -0.8057312369346619,
            -0.19138121604919434
        ],
        [
            0.03789690136909485,
            -0.8117576837539673,
            -0.19465062022209167
        ],
        [
            0.03379211574792862,
            -0.8071845173835754,
            -0.19132989645004272
        ],
        [
            0.03998727351427078,
            -0.8021735548973083,
            -0.18960517644882202
        ],
        [
            0.01643766090273857,
            -0.813231348991394,
            -0.191278338432312
        ],
        [
            0.021379783749580383,
            -0.7974303364753723,
            -0.18903805315494537
        ],
        [
            0.02111567184329033,
            -0.8010374307632446,
            -0.19049814343452454
        ],
        [
            0.01382942870259285,
            -0.8012627959251404,
            -0.1912955492734909
        ],
        [
            0.01474267989397049,
            -0.7978876829147339,
            -0.19010284543037415
        ],
        [
            0.05517726019024849,
            -0.793441891670227,
            -0.18217092752456665
        ],
        [
            0.04812057688832283,
            -0.7915676832199097,
            -0.18353670835494995
        ],
        [
            0.0505090057849884,
            -0.7853677272796631,
            -0.17950403690338135
        ],
        [
            0.05788742005825043,
            -0.7863142490386963,
            -0.17635583877563477
        ],
        [
            0.0499764084815979,
            -0.7799744606018066,
            -0.17594824731349945
        ],
        [
            0.05942763760685921,
            -0.7794057726860046,
            -0.17078858613967896
        ],
        [
            0.05269928276538849,
            -0.7661892175674438,
            -0.16332176327705383
        ],
        [
            0.05645957961678505,
            -0.7720664143562317,
            -0.16655418276786804
        ],
        [
            0.04688390716910362,
            -0.7746149301528931,
            -0.17322924733161926
        ],
        [
            0.04112732410430908,
            -0.7692574858665466,
            -0.17236748337745667
        ],
        [
            0.025308381766080856,
            -0.7725597023963928,
            -0.17550772428512573
        ],
        [
            0.0189402773976326,
            -0.7709555625915527,
            -0.1749851107597351
        ],
        [
            0.025494305416941643,
            -0.759411096572876,
            -0.17226600646972656
        ],
        [
            0.03309667110443115,
            -0.7633635997772217,
            -0.17245109379291534
        ],
        [
            0.023675233125686646,
            -0.7927716970443726,
            -0.18344011902809143
        ],
        [
            0.0284435898065567,
            -0.7933319211006165,
            -0.18275919556617737
        ],
        [
            0.027445189654827118,
            -0.7941814064979553,
            -0.18525046110153198
        ],
        [
            0.022163603454828262,
            -0.7946426868438721,
            -0.18653574585914612
        ],
        [
            0.03252653032541275,
            -0.7932831048965454,
            -0.182699516415596
        ],
        [
            0.03434338420629501,
            -0.7931486368179321,
            -0.18273600935935974
        ],
        [
            0.03342904895544052,
            -0.7941329479217529,
            -0.18403610587120056
        ],
        [
            0.031898390501737595,
            -0.7939729690551758,
            -0.18334105610847473
        ],
        [
            0.02995479851961136,
            -0.7935812473297119,
            -0.18289920687675476
        ],
        [
            0.02911302074790001,
            -0.7916316986083984,
            -0.18230541050434113
        ],
        [
            0.03165501356124878,
            -0.7924294471740723,
            -0.1825076937675476
        ],
        [
            0.024773698300123215,
            -0.7902926802635193,
            -0.1829545795917511
        ],
        [
            0.010401416569948196,
            -0.7869144082069397,
            -0.18367432057857513
        ],
        [
            0.014339316636323929,
            -0.7874610424041748,
            -0.18419092893600464
        ],
        [
            0.012983154505491257,
            -0.792146623134613,
            -0.1838933676481247
        ],
        [
            0.009648047387599945,
            -0.7919486165046692,
            -0.18358364701271057
        ],
        [
            0.030841553583741188,
            -0.7957432866096497,
            -0.18540921807289124
        ],
        [
            0.033256225287914276,
            -0.7970857620239258,
            -0.18653549253940582
        ],
        [
            0.028042100369930267,
            -0.7990251779556274,
            -0.18865931034088135
        ],
        [
            0.02757253497838974,
            -0.7966226935386658,
            -0.1867537647485733
        ],
        [
            0.03558046370744705,
            -0.79880690574646,
            -0.18812955915927887
        ],
        [
            0.035640496760606766,
            -0.7953183650970459,
            -0.18486839532852173
        ],
        [
            0.038807693868875504,
            -0.7959803342819214,
            -0.1860421597957611
        ],
        [
            0.03408578038215637,
            -0.7913963198661804,
            -0.18202269077301025
        ],
        [
            0.03736289590597153,
            -0.7899024486541748,
            -0.18159767985343933
        ],
        [
            0.03709539771080017,
            -0.7922452092170715,
            -0.1833876520395279
        ],
        [
            0.03572665899991989,
            -0.7867690324783325,
            -0.18008601665496826
        ],
        [
            0.03159377723932266,
            -0.7894218564033508,
            -0.18131546676158905
        ],
        [
            0.027383264154195786,
            -0.7871192693710327,
            -0.18163421750068665
        ],
        [
            0.02183229848742485,
            -0.7849347591400146,
            -0.18217557668685913
        ],
        [
            0.025893721729516983,
            -0.7807996273040771,
            -0.17937801778316498
        ],
        [
            0.031613193452358246,
            -0.7835792303085327,
            -0.17952242493629456
        ],
        [
            0.029956026002764702,
            -0.8029314279556274,
            -0.19005799293518066
        ],
        [
            0.04181214049458504,
            -0.7917947769165039,
            -0.1835431605577469
        ],
        [
            0.04438862204551697,
            -0.7978895902633667,
            -0.1867452710866928
        ],
        [
            0.042758721858263016,
            -0.7873567938804626,
            -0.18121060729026794
        ],
        [
            0.04161636531352997,
            -0.7832121849060059,
            -0.1786588728427887
        ],
        [
            0.038197413086891174,
            -0.7791372537612915,
            -0.1768931746482849
        ],
        [
            0.03178892284631729,
            -0.7755591869354248,
            -0.1761741042137146
        ],
        [
            0.033942483365535736,
            -0.7538189888000488,
            -0.16108551621437073
        ],
        [
            0.042962245643138885,
            -0.7591310739517212,
            -0.1625054031610489
        ],
        [
            0.029967419803142548,
            -0.8696837425231934,
            -0.2145574986934662
        ],
        [
            0.039178892970085144,
            -0.869122326374054,
            -0.2159358561038971
        ],
        [
            0.04221662878990173,
            -0.8630372285842896,
            -0.2095467448234558
        ],
        [
            0.0436188206076622,
            -0.8651397228240967,
            -0.21087098121643066
        ],
        [
            0.03743475675582886,
            -0.8659178018569946,
            -0.21190230548381805
        ],
        [
            0.03745882213115692,
            -0.863463282585144,
            -0.2100735902786255
        ],
        [
            0.061836257576942444,
            -0.8589981198310852,
            -0.2008657157421112
        ],
        [
            0.05520109459757805,
            -0.8598588705062866,
            -0.20305143296718597
        ],
        [
            0.056585729122161865,
            -0.8565124273300171,
            -0.20098862051963806
        ],
        [
            0.0641753301024437,
            -0.8526685237884521,
            -0.19931960105895996
        ],
        [
            0.04711531847715378,
            -0.8477681875228882,
            -0.20136086642742157
        ],
        [
            0.052468039095401764,
            -0.8496242165565491,
            -0.2008754163980484
        ],
        [
            0.047235485166311264,
            -0.8555378913879395,
            -0.20338457822799683
        ],
        [
            0.043349482119083405,
            -0.8541891574859619,
            -0.20379458367824554
        ],
        [
            0.0390729159116745,
            -0.853489875793457,
            -0.20363947749137878
        ],
        [
            0.03474071994423866,
            -0.8534024953842163,
            -0.2029160112142563
        ],
        [
            0.03554677218198776,
            -0.8484535217285156,
            -0.2008998692035675
        ],
        [
            0.04103032499551773,
            -0.8476599454879761,
            -0.20137566328048706
        ],
        [
            0.030744630843400955,
            -0.8670310974121094,
            -0.2103063464164734
        ],
        [
            0.024539779871702194,
            -0.8667902946472168,
            -0.20659464597702026
        ],
        [
            0.026254281401634216,
            -0.8640973567962646,
            -0.2057160586118698
        ],
        [
            0.03133765235543251,
            -0.8640565276145935,
            -0.2091728150844574
        ],
        [
            0.01985837146639824,
            -0.8600021600723267,
            -0.19480279088020325
        ],
        [
            0.020333491265773773,
            -0.8620556592941284,
            -0.1969578117132187
        ],
        [
            0.016488991677761078,
            -0.8633503913879395,
            -0.19669879972934723
        ],
        [
            0.016366031020879745,
            -0.8592010736465454,
            -0.19435381889343262
        ],
        [
            0.01854892447590828,
            -0.8560608625411987,
            -0.19466632604599
        ],
        [
            0.02087119221687317,
            -0.8581072688102722,
            -0.195346862077713
        ],
        [
            0.03285910561680794,
            -0.9236469268798828,
            -0.22260980308055878
        ],
        [
            0.026127569377422333,
            -0.9058196544647217,
            -0.22329333424568176
        ],
        [
            0.0526118278503418,
            -0.9191374778747559,
            -0.21764451265335083
        ],
        [
            0.0668778195977211,
            -0.9114151000976562,
            -0.2090444266796112
        ],
        [
            0.0787765309214592,
            -0.9001066088676453,
            -0.20065957307815552
        ],
        [
            0.06445290148258209,
            -0.7991887331008911,
            -0.1802002191543579
        ],
        [
            0.06935276091098785,
            -0.7918977737426758,
            -0.17276644706726074
        ],
        [
            0.08114548772573471,
            -0.8018508553504944,
            -0.16793787479400635
        ],
        [
            0.08274446427822113,
            -0.7930400371551514,
            -0.15919190645217896
        ],
        [
            0.07071919739246368,
            -0.783082902431488,
            -0.16517847776412964
        ],
        [
            0.06207162141799927,
            -0.7670201063156128,
            -0.15156212449073792
        ],
        [
            0.06829629093408585,
            -0.7742989659309387,
            -0.15779531002044678
        ],
        [
            0.08175338059663773,
            -0.7853132486343384,
            -0.1483050435781479
        ],
        [
            0.09381197392940521,
            -0.8007944822311401,
            -0.14182257652282715
        ],
        [
            0.09255383908748627,
            -0.8055757880210876,
            -0.1540769636631012
        ],
        [
            0.10161590576171875,
            -0.818764328956604,
            -0.13684043288230896
        ],
        [
            0.09612718224525452,
            -0.7965489625930786,
            -0.12593792378902435
        ],
        [
            0.10373687744140625,
            -0.8198651075363159,
            -0.1268993616104126
        ],
        [
            0.08665797114372253,
            -0.7601637840270996,
            -0.11068471521139145
        ],
        [
            0.0913076400756836,
            -0.7502135038375854,
            -0.10259531438350677
        ],
        [
            0.10369149595499039,
            -0.7602119445800781,
            -0.09345612674951553
        ],
        [
            0.10091845691204071,
            -0.7698482275009155,
            -0.10307082533836365
        ],
        [
            0.08888846635818481,
            -0.8113657832145691,
            -0.1642504632472992
        ],
        [
            0.08397049456834793,
            -0.870087206363678,
            -0.1896040439605713
        ],
        [
            0.07506056129932404,
            -0.8672784566879272,
            -0.19765405356884003
        ],
        [
            0.0884018987417221,
            -0.8586706519126892,
            -0.18387144804000854
        ],
        [
            0.09048623591661453,
            -0.9319498538970947,
            -0.19077475368976593
        ],
        [
            0.07837827503681183,
            -0.9232102632522583,
            -0.20186084508895874
        ],
        [
            0.0885695144534111,
            -0.9098871946334839,
            -0.19524702429771423
        ],
        [
            0.09898296743631363,
            -0.9199694991111755,
            -0.1857069730758667
        ],
        [
            0.05942733213305473,
            -0.9645895957946777,
            -0.195343479514122
        ],
        [
            0.04666562005877495,
            -0.9462976455688477,
            -0.21207812428474426
        ],
        [
            0.06170544773340225,
            -0.9365010261535645,
            -0.20782941579818726
        ],
        [
            0.07368619740009308,
            -0.9505537748336792,
            -0.19505293667316437
        ],
        [
            0.10625068843364716,
            -0.9246767163276672,
            -0.17560413479804993
        ],
        [
            0.11566183716058731,
            -0.9309472441673279,
            -0.16036617755889893
        ],
        [
            0.11402174085378647,
            -0.9485116004943848,
            -0.15769320726394653
        ],
        [
            0.1017376258969307,
            -0.9424655437469482,
            -0.17598070204257965
        ],
        [
            0.10456641763448715,
            -0.9703937768936157,
            -0.15188762545585632
        ],
        [
            0.09012122452259064,
            -0.9638819694519043,
            -0.1741376519203186
        ],
        [
            0.10757257789373398,
            -0.8091744184494019,
            -0.11093860119581223
        ],
        [
            0.10879767686128616,
            -0.8275002241134644,
            -0.11662915349006653
        ],
        [
            0.09669121354818344,
            -0.7817599773406982,
            -0.11460963636636734
        ],
        [
            0.10747677087783813,
            -0.7933858633041382,
            -0.10333748161792755
        ],
        [
            0.08973973989486694,
            -0.9881119132041931,
            -0.14341816306114197
        ],
        [
            0.07346142828464508,
            -0.9810435771942139,
            -0.17082956433296204
        ],
        [
            0.13002067804336548,
            -0.9238399267196655,
            -0.10721296817064285
        ],
        [
            0.12768089771270752,
            -0.9386712908744812,
            -0.12084029614925385
        ],
        [
            0.12621146440505981,
            -0.9216041564941406,
            -0.13306933641433716
        ],
        [
            0.1292809098958969,
            -0.9102059602737427,
            -0.1189040094614029
        ],
        [
