{
    "pred_cam": [
        1.1134092807769775,
        -0.07916732877492905,
        0.14585468173027039
    ],
    "pred_smpl_params": {
        "global_orient": [
            [
                [
                    0.991973340511322,
                    0.12619595229625702,
                    0.007967977784574032
                ],
                [
                    0.12595000863075256,
                    -0.9916917085647583,
                    0.026157313957810402
                ],
                [
                    0.01120272371917963,
                    -0.024943791329860687,
                    -0.999626100063324
                ]
            ]
        ],
        "body_pose": [
            [
                [
                    0.9972645044326782,
                    -0.07087499648332596,
                    -0.02098356932401657
                ],
                [
                    0.07346943765878677,
                    0.9816165566444397,
                    0.17615677416324615
                ],
                [
                    0.008112708106637001,
                    -0.1772165447473526,
                    0.9841384887695312
                ]
            ],
            [
                [
                    0.9975181818008423,
                    -0.05665518343448639,
                    0.04180498048663139
                ],
                [
                    0.045351140201091766,
                    0.971172571182251,
                    0.23402391374111176
                ],
                [
                    -0.05385851487517357,
                    -0.23154720664024353,
                    0.9713316559791565
                ]
            ],
            [
                [
                    0.9993422627449036,
                    0.03614111989736557,
                    -0.0029546678997576237
                ],
                [
                    -0.03602732717990875,
                    0.9803329706192017,
                    -0.19403418898582458
                ],
                [
                    -0.004116054158657789,
                    0.19401304423809052,
                    0.9809902310371399
                ]
            ],
            [
                [
                    0.9895729422569275,
                    -0.03769358620047569,
                    -0.13901294767856598
                ],
                [
                    -0.04912172257900238,
                    0.8189631700515747,
                    -0.5717397928237915
                ],
                [
                    0.13539743423461914,
                    0.5726068019866943,
                    0.8085722327232361
                ]
            ],
            [
                [
                    0.9935638308525085,
                    -0.06435573846101761,
                    0.09321662038564682
                ],
                [
                    0.11010604351758957,
                    0.7419595718383789,
                    -0.6613416075706482
                ],
                [
                    -0.026601845398545265,
                    0.6673487424850464,
                    0.7442701458930969
                ]
            ],
            [
                [
                    0.9993078112602234,
                    -0.03273138776421547,
                    0.017680684104561806
                ],
                [
                    0.032337743788957596,
                    0.9992324113845825,
                    0.02210928313434124
                ],
                [
                    -0.018390782177448273,
                    -0.021522223949432373,
                    0.9995992183685303
                ]
            ],
            [
                [
                    0.9780161380767822,
                    0.12142148613929749,
                    0.16953237354755402
                ],
                [
                    -0.12945407629013062,
                    0.9908904433250427,
                    0.0371185764670372
                ],
                [
                    -0.16348101198673248,
                    -0.058249227702617645,
                    0.9848253726959229
                ]
            ],
            [
                [
                    0.986993134021759,
                    -0.042365431785583496,
                    -0.15507972240447998
                ],
                [
                    0.04579183831810951,
                    0.9987780451774597,
                    0.018587632104754448
                ],
                [
                    0.15410275757312775,
                    -0.02544724941253662,
                    0.9877270460128784
                ]
            ],
            [
                [
                    0.9994877576828003,
                    -0.030001791194081306,
                    -0.011136437766253948
                ],
                [
                    0.029148893430829048,
                    0.9971109628677368,
                    -0.07014305889606476
                ],
                [
                    0.013208680786192417,
                    0.06978252530097961,
                    0.997474730014801
                ]
            ],
            [
                [
                    0.9732305407524109,
                    -0.2294931709766388,
                    -0.012462086975574493
                ],
                [
                    0.22794391214847565,
                    0.956883430480957,
                    0.18004333972930908
                ],
                [
                    -0.029393956065177917,
                    -0.17806431651115417,
                    0.9835797548294067
                ]
            ],
            [
                [
                    0.9889165163040161,
                    0.1460012048482895,
                    0.02697880193591118
                ],
                [
                    -0.1484636813402176,
                    0.9703648090362549,
                    0.19065876305103302
                ],
                [
                    0.0016571286832913756,
                    -0.19255094230175018,
                    0.9812856912612915
                ]
            ],
            [
                [
                    0.9597052931785583,
                    -0.0999603122472763,
                    -0.2626282870769501
                ],
                [
                    0.11924564838409424,
                    0.9911393523216248,
                    0.05850886553525925
                ],
                [
                    0.254452645778656,
                    -0.08746854960918427,
                    0.9631215333938599
                ]
            ],
            [
                [
                    0.9376251697540283,
                    0.344987690448761,
                    0.04292483255267143
                ],
                [
                    -0.34198328852653503,
                    0.9374881386756897,
                    -0.06452510505914688
                ],
                [
                    -0.06250188499689102,
                    0.04582078754901886,
                    0.9969925284385681
                ]
            ],
            [
                [
                    0.9488677382469177,
                    -0.30606257915496826,
                    0.0773032158613205
                ],
                [
                    0.30744263529777527,
                    0.9515454769134521,
                    -0.006337541621178389
                ],
                [
                    -0.07161784172058105,
                    0.029779791831970215,
                    0.9969874620437622
                ]
            ],
            [
                [
                    0.9697416424751282,
                    -0.10927478224039078,
                    -0.21831196546554565
                ],
                [
                    0.07765214145183563,
                    0.9858540296554565,
                    -0.1485327035188675
                ],
                [
                    0.23145461082458496,
                    0.12708595395088196,
                    0.964509129524231
                ]
            ],
            [
                [
                    0.5140401721000671,
                    0.8383744359016418,
                    -0.18135885894298553
                ],
                [
                    -0.8554839491844177,
                    0.5164954662322998,
                    -0.03714433312416077
                ],
                [
                    0.06253017485141754,
                    0.1742432564496994,
                    0.9827153086662292
                ]
            ],
            [
                [
                    0.4657686948776245,
                    -0.7989001274108887,
                    0.38054993748664856
                ],
                [
                    0.8779352307319641,
                    0.4710608124732971,
                    -0.08562420308589935
                ],
                [
                    -0.11085695773363113,
                    0.37397927045822144,
                    0.9207879304885864
                ]
            ],
            [
                [
                    0.5078990459442139,
                    -0.30906951427459717,
                    -0.8040612936019897
                ],
                [
                    0.25261980295181274,
                    0.9458184242248535,
                    -0.2039872407913208
                ],
                [
                    0.8235421776771545,
                    -0.09951689839363098,
                    0.5584573745727539
                ]
            ],
            [
                [
                    0.16152124106884003,
                    0.43769851326942444,
                    0.8844947218894958
                ],
                [
                    0.04067094996571541,
                    0.8925495147705078,
                    -0.44911161065101624
                ],
                [
                    -0.9860308766365051,
                    0.10851431638002396,
                    0.1263640969991684
                ]
            ],
            [
                [
                    0.9894542098045349,
                    -0.1442849040031433,
                    -0.012734506279230118
                ],
                [
                    0.1445402055978775,
                    0.9892512559890747,
                    0.022138215601444244
                ],
                [
                    0.009403415955603123,
                    -0.023745400831103325,
                    0.9996737837791443
                ]
            ],
            [
                [
                    0.9884514212608337,
                    0.1404503583908081,
                    0.05689985305070877
                ],
                [
                    -0.14198288321495056,
                    0.9895821809768677,
                    0.023830881342291832
                ],
                [
                    -0.052960027009248734,
                    -0.03163446858525276,
                    0.9980954527854919
                ]
            ],
            [
                [
                    0.9660077691078186,
                    0.24257829785346985,
                    -0.08935732394456863
                ],
                [
                    -0.22627104818820953,
                    0.9605752825737,
                    0.16154393553733826
                ],
                [
                    0.12502150237560272,
                    -0.1358337253332138,
                    0.9828116297721863
                ]
            ],
            [
                [
                    0.9721897840499878,
                    -0.21888256072998047,
                    0.08329161256551743
                ],
                [
                    0.20625069737434387,
                    0.9686858654022217,
                    0.1382327526807785
                ],
                [
                    -0.11094015091657639,
                    -0.11720951646566391,
                    0.9868912100791931
                ]
            ]
        ],
        "betas": [
            -0.03253398835659027,
            0.02469182014465332,
            0.23354682326316833,
            0.35239195823669434,
            0.017054975032806396,
            0.02806014195084572,
            0.004725754261016846,
            -0.05833017826080322,
            0.06431545317173004,
            -0.042395561933517456
        ]
    },
    "pred_cam_t": [
        -0.07916732877492905,
        0.14585468173027039,
        35.083683013916016
    ],
    "focal_length": [
        5000.0,
        5000.0
    ],
    "pred_keypoints_3d": [
        [
            -0.00484853982925415,
            -0.8179250359535217,
            -0.19137398898601532
        ],
        [
            0.0645250678062439,
            -0.7326655387878418,
            -0.03137674555182457
        ],
        [
            -0.12477248907089233,
            -0.6592480540275574,
            -0.010386395268142223
        ],
        [
            -0.18951120972633362,
            -0.42255324125289917,
            0.050739750266075134
        ],
        [
            -0.08913595229387283,
            -0.3180423378944397,
            -0.1574828028678894
        ],
        [
            0.23130150139331818,
            -0.624879777431488,
            -8.321180939674377e-05
        ],
        [
            0.24712689220905304,
            -0.38516730070114136,
            0.09775574505329132
        ],
        [
            0.2954651713371277,
            -0.21186628937721252,
            -0.07273294031620026
        ],
        [
            -0.0020403156522661448,
            -0.2273467630147934,
            0.027657970786094666
        ],
        [
            -0.0800224244594574,
            -0.14599378407001495,
            0.03376476839184761
        ],
        [
            -0.14286267757415771,
            0.22361837327480316,
            -0.039000142365694046
        ],
        [
            -0.1459657847881317,
            0.5432209968566895,
            0.19725127518177032
        ],
        [
            0.05462142080068588,
            -0.12796911597251892,
            0.03778377175331116
        ],
        [
            0.06927191466093063,
            0.24175095558166504,
            -0.014912810176610947
        ],
        [
            0.05853748321533203,
            0.5756656527519226,
            0.19969947636127472
        ],
        [
            -0.01975228637456894,
            -0.862326979637146,
            -0.15120002627372742
        ],
        [
            0.03680598735809326,
            -0.8625906705856323,
            -0.18615074455738068
        ],
        [
            -0.005499355494976044,
            -0.8623523712158203,
            -0.04908013343811035
        ],
        [
            0.12138783931732178,
            -0.8622245788574219,
            -0.12519116699695587
        ],
        [
            0.04806424677371979,
            0.701941728591919,
            0.045011162757873535
        ],
        [
            0.11598062515258789,
            0.691803514957428,
            0.09341371059417725
        ],
        [
            0.06349413096904755,
            0.5852526426315308,
            0.2695871591567993
        ],
        [
            -0.13896125555038452,
            0.6760604381561279,
            0.05110374093055725
        ],
        [
            -0.21364949643611908,
            0.6591663360595703,
            0.09388107061386108
        ],
        [
            -0.15105798840522766,
            0.554868221282959,
            0.26961106061935425
        ],
        [
            -0.16728238761425018,
            0.48759615421295166,
            0.1952536404132843
        ],
        [
            -0.13508962094783783,
            0.1627485603094101,
            -0.03862146660685539
        ],
        [
            -0.14403343200683594,
            -0.27901649475097656,
            0.036906011402606964
        ],
        [
            0.14316916465759277,
            -0.22633160650730133,
            0.05313084274530411
        ],
        [
            0.08100640028715134,
            0.20185013115406036,
            -0.015548916533589363
        ],
        [
            0.06921026110649109,
            0.5350087881088257,
            0.20803344249725342
        ],
        [
            -0.07921840250492096,
            -0.3535739779472351,
            -0.14515537023544312
        ],
        [
            -0.20649941265583038,
            -0.44679176807403564,
            0.01576698012650013
        ],
        [
            -0.08675923943519592,
            -0.6855850219726562,
            -0.011767199262976646
        ],
        [
            0.20323240756988525,
            -0.6599981188774109,
            -0.004384465049952269
        ],
        [
            0.2841024100780487,
            -0.4084041714668274,
            0.0658835619688034
        ],
        [
            0.2996721863746643,
            -0.2348543107509613,
            -0.07423117011785507
        ],
        [
            0.06557609885931015,
            -0.7252077460289001,
            -0.034873321652412415
        ],
        [
            0.048085249960422516,
            -0.9127068519592285,
            -0.10829751938581467
        ],
        [
            0.00032114487839862704,
            -0.2524501085281372,
            0.04498913511633873
        ],
        [
            0.057430166751146317,
            -0.6704519391059875,
            -0.011632260866463184
        ],
        [
            0.03761283680796623,
            -0.49704641103744507,
            0.03258439898490906
        ],
        [
            0.04152185842394829,
            -0.8008480072021484,
            -0.12771905958652496
        ],
        [
            0.046538762748241425,
            -0.9329357147216797,
            -0.10025268793106079
        ]
    ],
    "pred_vertices": [
        [
            0.04412118345499039,
            -0.9084919095039368,
            -0.19796313345432281
        ],
        [
            0.03677717223763466,
            -0.8934855461120605,
            -0.19893614947795868
        ],
        [
            0.05095916613936424,
            -0.8912664651870728,
            -0.1967879980802536
        ],
        [
            0.059844374656677246,
            -0.9030377864837646,
            -0.19245310127735138
        ],
        [
            0.045302100479602814,
            -0.8816099166870117,
            -0.19807948172092438
        ],
        [
            0.03282387554645538,
            -0.8822587728500366,
            -0.1990261971950531
        ],
        [
            0.06253127753734589,
            -0.8865920305252075,
            -0.19030171632766724
        ],
        [
            0.07171173393726349,
            -0.8945826888084412,
            -0.18477332592010498
        ],
        [
            0.07530952990055084,
            -0.8526541590690613,
            -0.17908857762813568
        ],
        [
            0.08374467492103577,
            -0.8490199446678162,
            -0.17221900820732117
        ],
        [
            0.08253400772809982,
            -0.860817015171051,
            -0.17539718747138977
        ],
        [
            0.07339345663785934,
            -0.8613777160644531,
            -0.18054696917533875
        ],
        [
            0.0784294381737709,
            -0.8271268010139465,
            -0.17227408289909363
        ],
        [
            0.06938616931438446,
            -0.8169671297073364,
            -0.17535118758678436
        ],
        [
            0.07707865536212921,
            -0.8091766834259033,
            -0.1668938845396042
        ],
        [
            0.08537791669368744,
            -0.8189183473587036,
            -0.16265302896499634
        ],
        [
            0.027903124690055847,
            -0.8281110525131226,
            -0.1813223659992218
        ],
        [
            0.033841319382190704,
            -0.8216233253479004,
            -0.1824900060892105
        ],
        [
            0.03707895055413246,
            -0.8283963203430176,
            -0.1844869703054428
        ],
        [
            0.030738890171051025,
            -0.8340874910354614,
            -0.18254362046718597
        ],
        [
            0.016069520264863968,
            -0.837107241153717,
            -0.18285661935806274
        ],
        [
            0.01829560473561287,
            -0.8429694175720215,
            -0.18106061220169067
        ],
        [
            0.011366605758666992,
            -0.8461841940879822,
            -0.18344224989414215
        ],
        [
            0.009423132985830307,
            -0.8394804000854492,
            -0.18652676045894623
        ],
        [
            0.023467890918254852,
            -0.8229082226753235,
            -0.17797991633415222
        ],
        [
            0.03002817928791046,
            -0.8161875009536743,
            -0.17909571528434753
        ],
        [
            0.022509600967168808,
            -0.8336058855056763,
            -0.18074488639831543
        ],
        [
            0.020095501095056534,
            -0.8289468884468079,
            -0.181331068277359
        ],
        [
            0.01281861960887909,
            -0.8217016458511353,
            -0.18802976608276367
        ],
        [
            0.01456344872713089,
            -0.8265464305877686,
            -0.18797749280929565
        ],
        [
            0.007992256432771683,
            -0.8268676400184631,
            -0.19226956367492676
        ],
        [
            0.007596228271722794,
            -0.8215320110321045,
            -0.19053338468074799
        ],
        [
            0.019745178520679474,
            -0.8221790790557861,
            -0.1813451051712036
        ],
        [
            0.01860795170068741,
            -0.8247175812721252,
            -0.18433569371700287
        ],
        [
            0.015583101660013199,
            -0.8207685947418213,
            -0.18474218249320984
        ],
        [
            0.01617109403014183,
            -0.8190271854400635,
            -0.18102389574050903
        ],
        [
            0.014266815036535263,
            -0.8325710296630859,
            -0.1845792829990387
        ],
        [
            0.008208908140659332,
            -0.8336203098297119,
            -0.1892949938774109
        ],
        [
            0.0012210793793201447,
            -0.8342576622962952,
            -0.19363939762115479
        ],
        [
            0.0010141059756278992,
            -0.8256419897079468,
            -0.19613397121429443
        ],
        [
            0.04800000041723251,
            -0.808874249458313,
            -0.18017832934856415
        ],
        [
            0.04061532020568848,
            -0.8152384757995605,
            -0.18254131078720093
        ],
        [
            0.03655432164669037,
            -0.8103206157684326,
            -0.17964871227741241
        ],
        [
            0.04271090030670166,
            -0.8051687479019165,
            -0.17866253852844238
        ],
        [
            0.01931067556142807,
            -0.8162531852722168,
            -0.17840205132961273
        ],
        [
            0.024144791066646576,
            -0.8004014492034912,
            -0.17825588583946228
        ],
        [
            0.02388686314225197,
            -0.8041364550590515,
            -0.1791963428258896
        ],
        [
            0.016577184200286865,
            -0.804498553276062,
            -0.1797674298286438
        ],
        [
            0.017476215958595276,
            -0.8010210394859314,
            -0.17908822000026703
        ],
        [
            0.057957664132118225,
            -0.7956397533416748,
            -0.17271292209625244
        ],
        [
            0.050855860114097595,
            -0.7939935922622681,
            -0.1740308254957199
        ],
        [
            0.053239449858665466,
            -0.7874031066894531,
            -0.17087149620056152
        ],
        [
            0.060681384056806564,
            -0.7878657579421997,
            -0.16793441772460938
        ],
        [
            0.05272125080227852,
            -0.7816164493560791,
            -0.16800916194915771
        ],
        [
            0.062235526740550995,
            -0.7803289890289307,
            -0.16327252984046936
        ],
        [
            0.055567771196365356,
            -0.7664473056793213,
            -0.157181516289711
        ],
        [
            0.05930361896753311,
            -0.7725443840026855,
            -0.1598917841911316
        ],
        [
            0.04967720806598663,
            -0.7760223150253296,
            -0.16587239503860474
        ],
        [
            0.043931182473897934,
            -0.7706419825553894,
            -0.16551372408866882
        ],
        [
            0.028096210211515427,
            -0.774325966835022,
            -0.1680707037448883
        ],
        [
            0.021756604313850403,
            -0.7726482152938843,
            -0.16759684681892395
        ],
        [
            0.028218910098075867,
            -0.7609186172485352,
            -0.16632311046123505
        ],
        [
            0.0358763113617897,
            -0.7648589611053467,
            -0.16612079739570618
        ],
        [
            0.02653130516409874,
            -0.7951350212097168,
            -0.17339646816253662
        ],
        [
            0.0313064306974411,
            -0.7955988049507141,
            -0.17275816202163696
        ],
        [
            0.03027203306555748,
            -0.7967432737350464,
            -0.17510589957237244
        ],
        [
            0.024964354932308197,
            -0.7973870038986206,
            -0.17620259523391724
        ],
        [
            0.03535372018814087,
            -0.7955559492111206,
            -0.1727883517742157
        ],
        [
            0.03715827316045761,
            -0.7954152226448059,
            -0.17288194596767426
        ],
        [
            0.03624524921178818,
            -0.7965313196182251,
            -0.17403173446655273
        ],
        [
            0.0347149483859539,
            -0.7963136434555054,
            -0.17336171865463257
        ],
        [
            0.03277645632624626,
            -0.7958849668502808,
            -0.17292264103889465
        ],
        [
            0.03193197399377823,
            -0.7939232587814331,
            -0.1725407838821411
        ],
        [
            0.03447621315717697,
            -0.7947109937667847,
            -0.17267757654190063
        ],
        [
            0.02757100760936737,
            -0.7927219867706299,
            -0.17322775721549988
        ],
        [
            0.013179462403059006,
            -0.7893462181091309,
            -0.17409126460552216
        ],
        [
            0.017114020884037018,
            -0.7900322675704956,
            -0.17460519075393677
        ],
        [
            0.015818007290363312,
            -0.794579267501831,
            -0.1737017035484314
        ],
        [
            0.012473244220018387,
            -0.7942874431610107,
            -0.1733357459306717
        ],
        [
            0.03363344073295593,
            -0.798250138759613,
            -0.17515113949775696
        ],
        [
            0.036064088344573975,
            -0.7997440695762634,
            -0.17607751488685608
        ],
        [
            0.030842021107673645,
            -0.8019623756408691,
            -0.17778506875038147
        ],
        [
            0.030394870787858963,
            -0.7993353605270386,
            -0.17624324560165405
        ],
        [
            0.03832568973302841,
            -0.8016550540924072,
            -0.17750734090805054
        ],
        [
            0.03843139857053757,
            -0.7978074550628662,
            -0.17472735047340393
        ],
        [
            0.04154612123966217,
            -0.7985646724700928,
            -0.17584866285324097
        ],
        [
            0.03689146786928177,
            -0.7936395406723022,
            -0.17237859964370728
        ],
        [
            0.040129709988832474,
            -0.7921178340911865,
            -0.17217698693275452
        ],
        [
            0.03986309468746185,
            -0.79461669921875,
            -0.17367754876613617
        ],
        [
            0.03851022198796272,
            -0.788876473903656,
            -0.17104452848434448
        ],
        [
            0.03441046178340912,
            -0.7916375398635864,
            -0.17186105251312256
        ],
        [
            0.03019358590245247,
            -0.789452075958252,
            -0.17235733568668365
        ],
        [
            0.0246138758957386,
            -0.7873669266700745,
            -0.17308205366134644
        ],
        [
            0.028693784028291702,
            -0.782945990562439,
            -0.17093384265899658
        ],
        [
            0.03441770747303963,
            -0.7856885194778442,
            -0.17080004513263702
        ],
        [
            0.0327347107231617,
            -0.8059185147285461,
            -0.17874827980995178
        ],
        [
            0.04455353692173958,
            -0.7942332029342651,
            -0.1738986223936081
        ],
        [
            0.04712144657969475,
            -0.8006039261817932,
            -0.17639663815498352
        ],
        [
            0.045485153794288635,
            -0.7895876169204712,
            -0.17215386033058167
        ],
        [
            0.04434243589639664,
            -0.78520667552948,
            -0.17013943195343018
        ],
        [
            0.041025787591934204,
            -0.7809255719184875,
            -0.16880300641059875
        ],
        [
            0.03458099812269211,
            -0.7773756384849548,
            -0.1684878170490265
        ],
        [
            0.03679812699556351,
            -0.7540086507797241,
            -0.15603387355804443
        ],
        [
            0.045871373265981674,
            -0.7593868970870972,
            -0.15694472193717957
        ],
        [
            0.03258303552865982,
            -0.8752143383026123,
            -0.1944725215435028
        ],
        [
            0.0417293906211853,
            -0.8747516870498657,
            -0.19614844024181366
        ],
        [
            0.04489677771925926,
            -0.8678539991378784,
            -0.19081541895866394
        ],
        [
            0.04629657417535782,
            -0.8701856136322021,
            -0.1918230950832367
        ],
        [
            0.04007433354854584,
            -0.8710327744483948,
            -0.19259478151798248
        ],
        [
            0.040125276893377304,
            -0.8683872222900391,
            -0.19113779067993164
        ],
        [
            0.06459227949380875,
            -0.8626968860626221,
            -0.1830693483352661
        ],
        [
            0.057944223284721375,
            -0.86385178565979,
            -0.18505622446537018
        ],
        [
            0.05937279015779495,
            -0.860243558883667,
            -0.18349018692970276
        ],
        [
            0.0669630840420723,
            -0.8562161922454834,
            -0.18243913352489471
        ],
        [
            0.04987691715359688,
            -0.851686954498291,
            -0.18485018610954285
        ],
        [
            0.05523255094885826,
            -0.8534244894981384,
            -0.18422678112983704
        ],
        [
            0.04996276646852493,
            -0.8596562147140503,
            -0.1858506202697754
        ],
        [
            0.04606691002845764,
            -0.8583865165710449,
            -0.18636734783649445
        ],
        [
            0.041812144219875336,
            -0.8576587438583374,
            -0.18623009324073792
        ],
        [
            0.03753409534692764,
            -0.8574623465538025,
            -0.18541237711906433
        ],
        [
            0.03834148496389389,
            -0.8522958755493164,
            -0.18410444259643555
        ],
        [
            0.0437859445810318,
            -0.8515927791595459,
            -0.18479353189468384
        ],
        [
            0.033401571214199066,
            -0.8719466328620911,
            -0.19077511131763458
        ],
        [
            0.027288593351840973,
            -0.8711901903152466,
            -0.18697567284107208
        ],
        [
            0.028978340327739716,
            -0.8684123158454895,
            -0.1865527629852295
        ],
        [
            0.03399580344557762,
            -0.8688226938247681,
            -0.19011355936527252
        ],
        [
            0.022878579795360565,
            -0.8628593683242798,
            -0.17625100910663605
        ],
        [
            0.02328960970044136,
            -0.8651699423789978,
            -0.17810595035552979
        ],
        [
            0.019491665065288544,
            -0.8664034605026245,
            -0.17762941122055054
        ],
        [
            0.019427314400672913,
            -0.8620356321334839,
            -0.17585527896881104
        ],
        [
            0.021567750722169876,
            -0.8589764833450317,
            -0.17662633955478668
        ],
        [
            0.02386828139424324,
            -0.8610702753067017,
            -0.17706649005413055
        ],
        [
            0.0357452817261219,
            -0.9300384521484375,
            -0.1951807290315628
        ],
        [
            0.028632283210754395,
            -0.9123271107673645,
            -0.19826427102088928
        ],
        [
            0.055441394448280334,
            -0.9248450994491577,
            -0.19132870435714722
        ],
        [
            0.06988503038883209,
            -0.9160407781600952,
            -0.18428614735603333
        ],
        [
            0.08174797147512436,
            -0.9036071300506592,
            -0.17761363089084625
        ],
        [
            0.06731594353914261,
            -0.8010009527206421,
            -0.17027629911899567
        ],
        [
            0.07227952778339386,
            -0.7928600907325745,
            -0.16398170590400696
        ],
        [
            0.0842396691441536,
            -0.8019365668296814,
            -0.1581265926361084
        ],
        [
            0.08586859703063965,
            -0.7922660112380981,
            -0.150634303689003
        ],
        [
            0.0737316906452179,
            -0.7831992506980896,
            -0.15760788321495056
        ],
        [
            0.06513572484254837,
            -0.7657513618469238,
            -0.14554670453071594
        ],
        [
            0.07131495326757431,
            -0.773568868637085,
            -0.15124157071113586
        ],
        [
            0.08488976210355759,
            -0.783450722694397,
            -0.1407606303691864
        ],
        [
            0.09711181372404099,
            -0.7979088425636292,
            -0.13269111514091492
        ],
        [
            0.09573632478713989,
            -0.8038837313652039,
            -0.14400935173034668
        ],
        [
            0.1051221489906311,
            -0.8150241374969482,
            -0.12597540020942688
        ],
        [
            0.09954379498958588,
            -0.7919220924377441,
            -0.11762728542089462
        ],
        [
            0.10731765627861023,
            -0.8150372505187988,
            -0.11625096201896667
        ],
        [
            0.09016549587249756,
            -0.7541297674179077,
            -0.10631134361028671
        ],
        [
            0.09499583393335342,
            -0.7432010173797607,
            -0.09955137223005295
        ],
        [
            0.10795930027961731,
            -0.7522938251495361,
            -0.09064514935016632
        ],
        [
            0.10486996173858643,
            -0.7629611492156982,
            -0.09875115007162094
        ],
        [
            0.09201434254646301,
            -0.8108735084533691,
            -0.15330001711845398
        ],
        [
            0.08685541898012161,
            -0.872384250164032,
            -0.17083784937858582
        ],
        [
            0.07785116136074066,
            -0.8705349564552307,
            -0.17889034748077393
        ],
        [
            0.09136324375867844,
            -0.860181450843811,
            -0.16677100956439972
        ],
        [
            0.09399215877056122,
            -0.9341904520988464,
            -0.16367113590240479
        ],
        [
            0.0815863311290741,
            -0.9268237352371216,
            -0.1755424290895462
        ],
        [
            0.09175412356853485,
            -0.9125984907150269,
            -0.17104646563529968
        ],
        [
            0.1023404598236084,
            -0.9213672876358032,
            -0.16039425134658813
        ],
        [
            0.06333747506141663,
            -0.9673023819923401,
            -0.16316750645637512
        ],
        [
            0.04991993308067322,
            -0.9513275027275085,
            -0.18213312327861786
        ],
        [
            0.06492869555950165,
            -0.9409092664718628,
            -0.17948289215564728
        ],
        [
            0.07749751210212708,
            -0.9533258676528931,
            -0.16516292095184326
        ],
        [
            0.11014159023761749,
            -0.9248276948928833,
            -0.14989766478538513
        ],
        [
            0.1198539063334465,
            -0.9289823770523071,
            -0.1342223882675171
        ],
        [
            0.11830893903970718,
            -0.9457276463508606,
            -0.1287606656551361
        ],
        [
            0.10559569299221039,
            -0.9425392150878906,
            -0.14746305346488953
        ],
        [
            0.10908456146717072,
            -0.9666036367416382,
            -0.11983036249876022
        ],
        [
            0.0943201556801796,
            -0.9633738994598389,
            -0.1425763964653015
        ],
        [
            0.11175595223903656,
            -0.8025529384613037,
            -0.10215645283460617
        ],
        [
            0.11287930607795715,
            -0.8213464021682739,
            -0.10551667213439941
        ],
        [
            0.10029443353414536,
            -0.7760930061340332,
            -0.10840430855751038
        ],
        [
            0.1118088811635971,
            -0.786278247833252,
            -0.09672918915748596
        ],
        [
            0.09452877938747406,
            -0.9825100898742676,
            -0.10878272354602814
        ],
        [
            0.07796069979667664,
            -0.9797924757003784,
            -0.13652515411376953
        ],
        [
            0.134738489985466,
            -0.9150998592376709,
            -0.08310221880674362
        ],
        [
            0.13234926760196686,
            -0.9314484596252441,
            -0.09421183168888092
        ],
        [
            0.13074886798858643,
            -0.9162449836730957,
            -0.10883335769176483
        ],
        [
            0.13388748466968536,
            -0.9032272100448608,
