{
    "pred_cam": [
        1.496277093887329,
        0.18399538099765778,
        0.30229470133781433
    ],
    "pred_smpl_params": {
        "global_orient": [
            [
                [
                    -0.717559814453125,
                    0.03207576274871826,
                    -0.6957578659057617
                ],
                [
                    0.19215373694896698,
                    -0.9510536193847656,
                    -0.24202032387256622
                ],
                [
                    -0.6694661378860474,
                    -0.3073565363883972,
                    0.6762743592262268
                ]
            ]
        ],
        "body_pose": [
            [
                [
                    0.9994091987609863,
                    0.030292432755231857,
                    0.016232632100582123
                ],
                [
                    -0.03322267904877663,
                    0.9724552035331726,
                    0.23070980608463287
                ],
                [
                    -0.008796749636530876,
                    -0.23111282289028168,
                    0.9728870987892151
                ]
            ],
            [
                [
                    0.9866712093353271,
                    0.05456191673874855,
                    -0.15330639481544495
                ],
                [
                    -0.03542429581284523,
                    0.9915366768836975,
                    0.12490026652812958
                ],
                [
                    0.15882371366024017,
                    -0.11780473589897156,
                    0.9802535176277161
                ]
            ],
            [
                [
                    0.9958459138870239,
                    -0.006100133061408997,
                    0.09084954112768173
                ],
                [
                    0.02880275994539261,
                    0.9676234126091003,
                    -0.25074946880340576
                ],
                [
                    -0.0863785371184349,
                    0.25232458114624023,
                    0.9637795090675354
                ]
            ],
            [
                [
                    0.9945905208587646,
                    0.10377553850412369,
                    -0.004514852538704872
                ],
                [
                    -0.10317394137382507,
                    0.981919527053833,
                    -0.15871088206768036
                ],
                [
                    -0.012037090957164764,
                    0.1583181470632553,
                    0.987314760684967
                ]
            ],
            [
                [
                    0.9745129346847534,
                    -0.2027943730354309,
                    -0.09591100364923477
                ],
                [
                    0.132969930768013,
                    0.8665168285369873,
                    -0.48111075162887573
                ],
                [
                    0.18067505955696106,
                    0.4560953974723816,
                    0.8713974356651306
                ]
            ],
            [
                [
                    0.997018039226532,
                    -0.021318035200238228,
                    0.07416658103466034
                ],
                [
                    0.02431523986160755,
                    0.9989138841629028,
                    -0.03974634408950806
                ],
                [
                    -0.07323871552944183,
                    0.04143119603395462,
                    0.9964535236358643
                ]
            ],
            [
                [
                    0.9832561016082764,
                    0.009849385358393192,
                    0.18196281790733337
                ],
                [
                    -0.008031713776290417,
                    0.9999102354049683,
                    -0.010723549872636795
                ],
                [
                    -0.1820521056652069,
                    0.009082525037229061,
                    0.983246922492981
                ]
            ],
            [
                [
                    0.9817173480987549,
                    0.05014126002788544,
                    -0.18362167477607727
                ],
                [
                    -0.036314524710178375,
                    0.9962992072105408,
                    0.07790528982877731
                ],
                [
                    0.18684838712215424,
                    -0.0698128417134285,
                    0.9799050688743591
                ]
            ],
            [
                [
                    0.9979678392410278,
                    0.011053014546632767,
                    0.06275398284196854
                ],
                [
                    -0.006339503452181816,
                    0.9971769452095032,
                    -0.07481896132230759
                ],
                [
                    -0.06340380758047104,
                    0.07426908612251282,
                    0.9952206015586853
                ]
            ],
            [
                [
                    0.9967474341392517,
                    -0.06712082773447037,
                    0.04460183531045914
                ],
                [
                    0.06702019274234772,
                    0.9977445602416992,
                    0.003749242052435875
                ],
                [
                    -0.04475289210677147,
                    -0.0007478230982087553,
                    0.9989978075027466
                ]
            ],
            [
                [
                    0.9993494749069214,
                    -0.0029054121114313602,
                    -0.03594636917114258
                ],
                [
                    0.003858535783365369,
                    0.9996420741081238,
                    0.026474248617887497
                ],
                [
                    0.03585658222436905,
                    -0.02659572847187519,
                    0.999002993106842
                ]
            ],
            [
                [
                    0.9923385381698608,
                    -0.006691633723676205,
                    0.12336696684360504
                ],
                [
                    0.02290298417210579,
                    0.9911885857582092,
                    -0.1304631233215332
                ],
                [
                    -0.1214069202542305,
                    0.1322890669107437,
                    0.9837478995323181
                ]
            ],
            [
                [
                    0.9425644278526306,
                    0.22265732288360596,
                    -0.2489900439977646
                ],
                [
                    -0.2008744329214096,
                    0.9734159708023071,
                    0.11004897952079773
                ],
                [
                    0.2668741047382355,
                    -0.05371251702308655,
                    0.9622334241867065
                ]
            ],
            [
                [
                    0.8924847841262817,
                    -0.33182209730148315,
                    0.3055569529533386
                ],
                [
                    0.3352571725845337,
                    0.9411531686782837,
                    0.04281832277774811
                ],
                [
                    -0.3017839193344116,
                    0.0642254650592804,
                    0.951210618019104
                ]
            ],
            [
                [
                    0.9993933439254761,
                    0.03416438773274422,
                    -0.006760763935744762
                ],
                [
                    -0.03393526002764702,
                    0.9116365909576416,
                    -0.40959393978118896
                ],
                [
                    -0.007830167189240456,
                    0.4095748960971832,
                    0.9122428894042969
                ]
            ],
            [
                [
                    0.721559464931488,
                    0.5508764982223511,
                    -0.4193888008594513
                ],
                [
                    -0.5270566344261169,
                    0.8298448920249939,
                    0.18321751058101654
                ],
                [
                    0.4489579498767853,
                    0.0888393372297287,
                    0.8891255259513855
                ]
            ],
            [
                [
                    0.5044581890106201,
                    -0.7586782574653625,
                    0.412224680185318
                ],
                [
                    0.795525074005127,
                    0.5939842462539673,
                    0.11967701464891434
                ],
                [
                    -0.33565133810043335,
                    0.26756301522254944,
                    0.9031878113746643
                ]
            ],
            [
                [
                    0.567853569984436,
                    -0.18194347620010376,
                    -0.8027694225311279
                ],
                [
                    0.24417844414710999,
                    0.9686001539230347,
                    -0.04680401086807251
                ],
                [
                    0.7860782742500305,
                    -0.16944122314453125,
                    0.5944497585296631
                ]
            ],
            [
                [
                    0.5651814341545105,
                    0.22857995331287384,
                    0.7926670908927917
                ],
                [
                    -0.12404665350914001,
                    0.9734702110290527,
                    -0.19227102398872375
                ],
                [
                    -0.8155871629714966,
                    0.010340308770537376,
                    0.5785418748855591
                ]
            ],
            [
                [
                    0.9925968647003174,
                    -0.11999619007110596,
                    -0.018771998584270477
                ],
                [
                    0.12031906843185425,
                    0.9925874471664429,
                    0.017132023349404335
                ],
                [
                    0.01657707244157791,
                    -0.019263822585344315,
                    0.9996770024299622
                ]
            ],
            [
                [
                    0.9964942932128906,
                    0.06879287213087082,
                    0.04761052504181862
                ],
                [
                    -0.07563822716474533,
                    0.9839977025985718,
                    0.16132988035678864
                ],
                [
                    -0.03575029969215393,
                    -0.16436545550823212,
                    0.9857514500617981
                ]
            ],
            [
                [
                    0.9814581871032715,
                    0.16587857902050018,
                    -0.09604296088218689
                ],
                [
                    -0.15387821197509766,
                    0.9806286096572876,
                    0.12119869142770767
                ],
                [
                    0.11428673565387726,
                    -0.10417252033948898,
                    0.9879710674285889
                ]
            ],
            [
                [
                    0.9836591482162476,
                    -0.15977375209331512,
                    0.08298846334218979
                ],
                [
                    0.14897146821022034,
                    0.9811384081840515,
                    0.12318621575832367
                ],
                [
                    -0.10110510140657425,
                    -0.10881032794713974,
                    0.988907516002655
                ]
            ]
        ],
        "betas": [
            -0.29865407943725586,
            -0.35014697909355164,
            0.18368402123451233,
            0.6938040852546692,
            0.29746541380882263,
            -0.021052297204732895,
            -0.036854058504104614,
            -0.07432368397712708,
            0.04157052934169769,
            -0.09521013498306274
        ]
    },
    "pred_cam_t": [
        0.18399538099765778,
        0.30229470133781433,
        26.106460571289062
    ],
    "focal_length": [
        5000.0,
        5000.0
    ],
    "pred_keypoints_3d": [
        [
            -0.20597264170646667,
            -0.7492087483406067,
            0.014359481632709503
        ],
        [
            -0.04088166728615761,
            -0.7243698239326477,
            -0.06320829689502716
        ],
        [
            0.05700618028640747,
            -0.6531018614768982,
            0.10351131856441498
        ],
        [
            0.05580705404281616,
            -0.4178820252418518,
            0.17985354363918304
        ],
        [
            -0.15729179978370667,
            -0.31197959184646606,
            0.248111292719841
        ],
        [
            -0.13918156921863556,
            -0.6117552518844604,
            -0.19121769070625305
        ],
        [
            -0.2829165756702423,
            -0.40349137783050537,
            -0.20266474783420563
        ],
        [
            -0.48283666372299194,
            -0.3968869745731354,
            -0.06642146408557892
        ],
        [
            -0.001978416694328189,
            -0.2283732295036316,
            0.02869444340467453
        ],
        [
            0.046531327068805695,
            -0.15478059649467468,
            0.09896641224622726
        ],
        [
            0.05323901027441025,
            0.1750374734401703,
            0.2668302059173584
        ],
        [
            0.06928806751966476,
            0.5520211458206177,
            0.1931230127811432
        ],
        [
            -0.05020422115921974,
            -0.12690415978431702,
            0.005744077265262604
        ],
        [
            -0.13107509911060333,
            0.19362473487854004,
            0.15323317050933838
        ],
        [
            -0.08576162159442902,
            0.5442823171615601,
            0.3031083345413208
        ],
        [
            -0.1893475502729416,
            -0.8039906024932861,
            0.0347738042473793
        ],
        [
            -0.2196664959192276,
            -0.794279932975769,
            -0.02354474738240242
        ],
        [
            -0.0946226418018341,
            -0.8503391742706299,
            0.027472615242004395
        ],
        [
            -0.16416150331497192,
            -0.8292752504348755,
            -0.10315662622451782
        ],
        [
            -0.23740950226783752,
            0.5501114130020142,
            0.4328828454017639
        ],
        [
            -0.23681175708770752,
            0.5881829261779785,
            0.3585628271102905
        ],
        [
            -0.04205344244837761,
            0.5902581214904785,
            0.28071328997612
        ],
        [
            0.004613898694515228,
            0.6030340194702148,
            0.372498095035553
        ],
        [
            0.08984442055225372,
            0.6061617732048035,
            0.35164961218833923
        ],
        [
            0.09213867783546448,
            0.5923940539360046,
            0.14038971066474915
        ],
        [
            0.09885446727275848,
            0.5006303787231445,
            0.1808953881263733
        ],
        [
            0.05228573828935623,
            0.11524047702550888,
            0.2476695477962494
        ],
        [
            0.11279741674661636,
            -0.2842321991920471,
            0.10946449637413025
        ],
        [
            -0.0879138857126236,
            -0.2088640034198761,
            -0.09342028200626373
        ],
        [
            -0.13278597593307495,
            0.15843698382377625,
            0.12714993953704834
        ],
        [
            -0.0736355185508728,
            0.5223745107650757,
            0.2673182487487793
        ],
        [
            -0.1577560305595398,
            -0.3473754823207855,
            0.23474833369255066
        ],
        [
            0.04383331909775734,
            -0.44785577058792114,
            0.20645469427108765
        ],
        [
            0.037852149456739426,
            -0.6797968745231628,
            0.0683443695306778
        ],
        [
            -0.12270870059728622,
            -0.6449085474014282,
            -0.18080687522888184
        ],
        [
            -0.3024445176124573,
            -0.44841092824935913,
            -0.21280071139335632
        ],
        [
            -0.4764209985733032,
            -0.41621649265289307,
            -0.07439137995243073
        ],
        [
            -0.048519317060709,
            -0.7140273451805115,
            -0.05764254555106163
        ],
        [
            -0.17203344404697418,
            -0.8747482299804688,
            -0.026148419827222824
        ],
        [
            0.012032056227326393,
            -0.24664172530174255,
            0.0073210024274885654
        ],
        [
            -0.04090648517012596,
            -0.6594461798667908,
            -0.05335293710231781
        ],
        [
            0.010273033753037453,
            -0.4886470139026642,
            -0.04873659089207649
        ],
        [
            -0.1404166966676712,
            -0.7638472318649292,
            -0.027298372238874435
        ],
        [
            -0.17420780658721924,
            -0.8944717645645142,
            -0.023820586502552032
        ]
    ],
    "pred_vertices": [
        [
            -0.2509356141090393,
            -0.8324419260025024,
            -0.027663659304380417
        ],
        [
            -0.2452131062746048,
            -0.8173298835754395,
            -0.021186470985412598
        ],
        [
            -0.24159672856330872,
            -0.8175868988037109,
            -0.03528586030006409
        ],
        [
            -0.24329176545143127,
            -0.8306111097335815,
            -0.04311015456914902
        ],
        [
            -0.23929253220558167,
            -0.8071202039718628,
            -0.030390016734600067
        ],
        [
            -0.24047279357910156,
            -0.8063316345214844,
            -0.018427923321723938
        ],
        [
            -0.2338618040084839,
            -0.816720724105835,
            -0.046700067818164825
        ],
        [
            -0.23254036903381348,
            -0.8272265791893005,
            -0.0551837682723999
        ],
        [
            -0.20904994010925293,
            -0.7916094660758972,
            -0.061410728842020035
        ],
        [
            -0.20179292559623718,
            -0.7921240329742432,
            -0.06973473727703094
        ],
        [
            -0.20942974090576172,
            -0.8016983866691589,
            -0.0672699511051178
        ],
        [
            -0.21410125494003296,
            -0.7988958954811096,
            -0.058592744171619415
        ],
        [
            -0.192332923412323,
            -0.7719456553459167,
            -0.06506280601024628
        ],
        [
            -0.1908554881811142,
            -0.7607221603393555,
            -0.05713307112455368
        ],
        [
            -0.18009614944458008,
            -0.757828950881958,
            -0.06460723280906677
        ],
        [
            -0.1800009310245514,
            -0.7692859172821045,
            -0.07211416959762573
        ],
        [
            -0.20076249539852142,
            -0.7651568651199341,
            -0.016441509127616882
        ],
        [
            -0.19903817772865295,
            -0.7593094706535339,
            -0.022556889802217484
        ],
        [
            -0.2038116753101349,
            -0.7646844983100891,
            -0.025456521660089493
        ],
        [
            -0.20448824763298035,
            -0.7701297998428345,
            -0.01898740604519844
        ],
        [
            -0.20623329281806946,
            -0.7715576887130737,
            -0.0045593008399009705
        ],
        [
            -0.20719735324382782,
            -0.777672529220581,
            -0.006277099251747131
        ],
        [
            -0.21093496680259705,
            -0.7789175510406494,
            0.0006535053253173828
        ],
        [
            -0.21078258752822876,
            -0.771557629108429,
            0.0019419342279434204
        ],
        [
            -0.19549937546253204,
            -0.7616062164306641,
            -0.012339841574430466
        ],
        [
            -0.19349664449691772,
            -0.7557915449142456,
            -0.018933046609163284
        ],
        [
            -0.2025911509990692,
            -0.769868016242981,
            -0.011003077030181885
        ],
        [
            -0.20111827552318573,
            -0.7653342485427856,
            -0.008939296007156372
        ],
        [
            -0.20450279116630554,
            -0.7553282976150513,
            -0.002605535089969635
        ],
        [
            -0.2065921127796173,
            -0.759752631187439,
            -0.004058428108692169
        ],
        [
            -0.21077466011047363,
            -0.7576329708099365,
            0.0019757673144340515
        ],
        [
            -0.20681315660476685,
            -0.7535169124603271,
            0.0022059082984924316
        ],
        [
            -0.19839677214622498,
            -0.759095311164856,
            -0.009346477687358856
        ],
        [
            -0.20228689908981323,
            -0.7600789070129395,
            -0.00825568288564682
        ],
        [
            -0.2009805589914322,
            -0.7561136484146118,
            -0.005488626658916473
        ],
        [
            -0.19677609205245972,
            -0.75616854429245,
            -0.005829460918903351
        ],
        [
            -0.2058318853378296,
            -0.7666395306587219,
            -0.0034726858139038086
        ],
        [
            -0.21087762713432312,
            -0.7649761438369751,
            0.0023411959409713745
        ],
        [
            -0.2151886224746704,
            -0.7630859613418579,
            0.00904795527458191
        ],
        [
            -0.21362069249153137,
            -0.754382312297821,
            0.008892014622688293
        ],
        [
            -0.1918325126171112,
            -0.7497867345809937,
            -0.036726828664541245
        ],
        [
            -0.1964491307735443,
            -0.7540524005889893,
            -0.02971750870347023
        ],
        [
            -0.19169560074806213,
            -0.7507405877113342,
            -0.025578413158655167
        ],
        [
            -0.18875768780708313,
            -0.7468968629837036,
            -0.03171965107321739
        ],
        [
            -0.1930912882089615,
            -0.7551602125167847,
            -0.00865289568901062
        ],
        [
            -0.1863703727722168,
            -0.7415589094161987,
            -0.013714659959077835
        ],
        [
            -0.188643217086792,
            -0.7445473670959473,
            -0.013461209833621979
        ],
        [
            -0.1894432157278061,
            -0.7440176606178284,
            -0.0063124001026153564
        ],
        [
            -0.18747836351394653,
            -0.741209864616394,
            -0.0072021037340164185
        ],
        [
            -0.1798889935016632,
            -0.7417939901351929,
            -0.04672122001647949
        ],
        [
            -0.18018175661563873,
            -0.7393103241920471,
            -0.03982009366154671
        ],
        [
            -0.17476102709770203,
            -0.7349544763565063,
            -0.042113952338695526
        ],
        [
            -0.17258796095848083,
            -0.7371488809585571,
            -0.049115292727947235
        ],
        [
            -0.16993017494678497,
            -0.7311640977859497,
            -0.04089567810297012
        ],
        [
            -0.1656152456998825,
            -0.7327199578285217,
            -0.04996582120656967
        ],
        [
            -0.1544637531042099,
            -0.7222342491149902,
            -0.043048080056905746
        ],
        [
            -0.15950579941272736,
            -0.726992130279541,
            -0.046817563474178314
        ],
        [
            -0.165548175573349,
            -0.7270011901855469,
            -0.03769707307219505
        ],
        [
            -0.16277077794075012,
            -0.7220016717910767,
            -0.03205162286758423
        ],
        [
            -0.16622760891914368,
            -0.7230729460716248,
            -0.017495647072792053
        ],
        [
            -0.1649702787399292,
            -0.7215245962142944,
            -0.011412087827920914
        ],
        [
            -0.1590372622013092,
            -0.7119972705841064,
            -0.017630167305469513
        ],
        [
            -0.1608162522315979,
            -0.715938925743103,
            -0.024453166872262955
        ],
        [
            -0.17979612946510315,
            -0.7390583753585815,
            -0.015788640826940536
        ],
        [
            -0.179477721452713,
            -0.7400197982788086,
            -0.020473230630159378
        ],
        [
            -0.1820850670337677,
            -0.7399193048477173,
            -0.019652526825666428
        ],
        [
            -0.18332603573799133,
            -0.739707887172699,
            -0.014509618282318115
        ],
        [
            -0.17956727743148804,
            -0.7402033805847168,
            -0.024516340345144272
        ],
        [
            -0.17957791686058044,
            -0.7401723861694336,
            -0.026326190680265427
        ],
        [
            -0.18107549846172333,
            -0.7405856251716614,
            -0.02551363781094551
        ],
        [
            -0.18032768368721008,
            -0.7405376434326172,
            -0.02430393174290657
        ],
        [
            -0.17975479364395142,
            -0.7402312755584717,
            -0.02229475975036621
        ],
        [
            -0.1785336434841156,
            -0.738647997379303,
            -0.021393004804849625
        ],
        [
            -0.1791153848171234,
            -0.7394437789916992,
            -0.02358907461166382
        ],
        [
            -0.17867833375930786,
            -0.7369704246520996,
            -0.017150036990642548
        ],
        [
            -0.17804741859436035,
            -0.7327101230621338,
            -0.0030554533004760742
        ],
        [
            -0.17883442342281342,
            -0.7332711815834045,
            -0.006846189498901367
        ],
        [
            -0.17981895804405212,
            -0.7376360297203064,
            -0.0054621100425720215
        ],
        [
            -0.17935281991958618,
            -0.7373815774917603,
            -0.002234525978565216
        ],
        [
            -0.18273866176605225,
            -0.7414335012435913,
            -0.023279231041669846
        ],
        [
            -0.1842295527458191,
            -0.7426291704177856,
            -0.025298558175563812
        ],
        [
            -0.1865849643945694,
            -0.7435950040817261,
            -0.020242691040039062
        ],
        [
            -0.1841822862625122,
            -0.7418084144592285,
            -0.019703954458236694
        ],
        [
            -0.18627338111400604,
            -0.7438735961914062,
            -0.027777954936027527
        ],
        [
            -0.18223100900650024,
            -0.7416231632232666,
            -0.027657728642225266
        ],
        [
            -0.18355447053909302,
            -0.7420899271965027,
            -0.03065255656838417
        ],
        [
            -0.17836174368858337,
            -0.7388546466827393,
            -0.025999512523412704
        ],
        [
            -0.17750802636146545,
            -0.7379368543624878,
            -0.029233574867248535
        ],
        [
            -0.1799590140581131,
            -0.739411473274231,
            -0.02906637266278267
        ],
        [
            -0.17518839240074158,
            -0.7353643178939819,
            -0.027547620236873627
        ],
        [
            -0.1770191788673401,
            -0.7371470928192139,
            -0.02352161332964897
        ],
        [
            -0.17660555243492126,
            -0.734643816947937,
            -0.019420839846134186
        ],
        [
            -0.17641183733940125,
            -0.7320342659950256,
            -0.014110755175352097
        ],
        [
            -0.17256715893745422,
            -0.7294009923934937,
            -0.01802102103829384
        ],
        [
            -0.17365288734436035,
            -0.7322686910629272,
            -0.02353346347808838
        ],
        [
            -0.18905621767044067,
            -0.7469005584716797,
            -0.022022508084774017
        ],
        [
            -0.1800193190574646,
            -0.739283561706543,
            -0.033721309155225754
        ],
        [
            -0.1849411427974701,
            -0.7439647316932678,
            -0.03608070686459541
        ],
        [
            -0.1765199601650238,
            -0.7360029220581055,
            -0.034584157168865204
        ],
        [
            -0.17292150855064392,
            -0.732906699180603,
            -0.03329765051603317
        ],
        [
            -0.16996905207633972,
            -0.7295238971710205,
            -0.02932407706975937
        ],
        [
            -0.16804435849189758,
            -0.7259785532951355,
            -0.023659929633140564
        ],
        [
            -0.14734485745429993,
            -0.7102508544921875,
            -0.025334544479846954
        ],
        [
            -0.15104001760482788,
            -0.7152366638183594,
            -0.033501479774713516
        ],
        [
            -0.23312720656394958,
            -0.8017475008964539,
            -0.018613949418067932
        ],
        [
            -0.23431396484375,
            -0.8012826442718506,
            -0.027664508670568466
        ],
        [
            -0.22651618719100952,
            -0.79742830991745,
            -0.030937012284994125
        ],
        [
            -0.22843427956104279,
            -0.799156904220581,
            -0.03222193941473961
        ],
        [
            -0.22961609065532684,
            -0.7991819381713867,
            -0.026077914983034134
        ],
        [
            -0.22713704407215118,
            -0.7972472906112671,
            -0.026263166218996048
        ],
        [
            -0.2167176902294159,
            -0.7982298731803894,
            -0.0505562387406826
        ],
        [
            -0.21896442770957947,
            -0.7977955341339111,
            -0.04399421438574791
        ],
        [
            -0.2158980667591095,
            -0.795484185218811,
            -0.04521627724170685
        ],
        [
            -0.2134375125169754,
            -0.7927794456481934,
            -0.053024500608444214
        ],
        [
            -0.21350078284740448,
            -0.7865835428237915,
            -0.03664631396532059
        ],
        [
            -0.21375063061714172,
            -0.7887866497039795,
            -0.041612885892391205
        ],
        [
            -0.21776825189590454,
            -0.793217658996582,
            -0.03643420338630676
        ],
        [
            -0.21772122383117676,
            -0.7915357947349548,
            -0.03286411613225937
        ],
        [
            -0.21725355088710785,
            -0.7905879020690918,
            -0.028807658702135086
        ],
        [
            -0.21656528115272522,
            -0.7904151678085327,
            -0.02435249462723732
        ],
        [
            -0.21309417486190796,
            -0.7864898443222046,
            -0.025744620710611343
        ],
        [
            -0.21330583095550537,
            -0.7860469818115234,
            -0.031103160232305527
        ],
        [
            -0.2283778190612793,
            -0.8001788258552551,
            -0.01977626606822014
        ],
        [
            -0.2247295379638672,
            -0.8006993532180786,
            -0.013301081955432892
        ],
        [
            -0.2229270040988922,
            -0.7985448837280273,
            -0.015433907508850098
        ],
        [
            -0.22626104950904846,
            -0.7978247404098511,
            -0.020596537739038467
        ],
        [
            -0.21123529970645905,
            -0.7976828813552856,
            -0.009212195873260498
        ],
        [
            -0.21400858461856842,
            -0.7988110780715942,
            -0.009468220174312592
        ],
        [
            -0.21411541104316711,
            -0.7999753952026367,
            -0.005687534809112549
        ],
        [
            -0.21054649353027344,
            -0.796910285949707,
            -0.005891785025596619
        ],
        [
            -0.20978006720542908,
            -0.7940970659255981,
            -0.008360132575035095
        ],
        [
            -0.21106413006782532,
            -0.7958999872207642,
            -0.01045633852481842
        ],
        [
            -0.25811392068862915,
            -0.8519580364227295,
            -0.01740735024213791
        ],
        [
            -0.2536012530326843,
            -0.834345817565918,
            -0.011562839150428772
        ],
        [
            -0.2518330514431,
            -0.8508279919624329,
            -0.036884624511003494
        ],
        [
            -0.24121542274951935,
            -0.8469505906105042,
            -0.05179708078503609
        ],
        [
            -0.2304338961839676,
            -0.8394402265548706,
            -0.06421069800853729
        ],
        [
            -0.17997242510318756,
            -0.7483227252960205,
            -0.05557509511709213
        ],
        [
            -0.17116305232048035,
            -0.7443050146102905,
            -0.060280948877334595
        ],
        [
            -0.16924506425857544,
            -0.7556937336921692,
            -0.07123531401157379
        ],
        [
            -0.15952670574188232,
            -0.7500590085983276,
            -0.07280941307544708
        ],
        [
            -0.1620636135339737,
            -0.738357663154602,
            -0.06114167720079422
        ],
        [
            -0.14569878578186035,
            -0.7253742218017578,
            -0.05228717625141144
        ],
        [
            -0.1535053700208664,
            -0.7315974831581116,
            -0.05865534022450447
        ],
        [
            -0.14894452691078186,
            -0.7446944713592529,
            -0.0723225399851799
        ],
        [
            -0.14722342789173126,
            -0.7615569829940796,
            -0.08490081131458282
        ],
        [
            -0.15791377425193787,
            -0.7636805772781372,
            -0.08242806047201157
        ],
        [
            -0.14757785201072693,
            -0.7810533046722412,
            -0.09193653613328934
        ],
        [
            -0.13391947746276855,
            -0.7601833343505859,
            -0.08696179836988449
        ],
        [
            -0.13932844996452332,
            -0.7848910093307495,
            -0.09339608997106552
        ],
        [
            -0.11925531178712845,
            -0.7305305004119873,
            -0.07163043320178986
        ],
        [
            -0.1147342175245285,
            -0.7234591841697693,
            -0.07411111146211624
        ],
        [
            -0.11000674962997437,
            -0.7335065603256226,
            -0.08945279568433762
        ],
        [
            -0.11558831483125687,
            -0.7411771416664124,
            -0.08721692860126495
        ],
        [
            -0.16836321353912354,
            -0.7663171291351318,
            -0.07893717288970947
        ],
        [
            -0.21069186925888062,
            -0.8143470883369446,
            -0.07074085623025894
        ],
        [
            -0.21693289279937744,
            -0.8085931539535522,
            -0.0622287318110466
        ],
        [
            -0.20140515267848969,
            -0.8056160807609558,
            -0.07566972076892853
        ],
        [
            -0.230722576379776,
            -0.8743102550506592,
            -0.07390312850475311
        ],
        [
            -0.23874984681606293,
            -0.8614417910575867,
            -0.0626378282904625
        ],
        [
            -0.2280571460723877,
            -0.8516484498977661,
            -0.07324174791574478
        ],
        [
            -0.22217527031898499,
            -0.8647371530532837,
            -0.08287891745567322
        ],
        [
            -0.24581952393054962,
            -0.9012607932090759,
            -0.040613479912281036
        ],
        [
            -0.25611114501953125,
            -0.8769943714141846,
            -0.029705822467803955
        ],
        [
            -0.2492329180240631,
            -0.8709114789962769,
            -0.045715704560279846
        ],
        [
            -0.2409113496541977,
            -0.8893389105796814,
            -0.056088224053382874
        ],
        [
            -0.21393339335918427,
            -0.8729893565177917,
            -0.09044767916202545
        ],
        [
            -0.2015625536441803,
            -0.8841921091079712,
            -0.09825816750526428
        ],
        [
            -0.20353201031684875,
            -0.9014198184013367,
            -0.09538564085960388
        ],
        [
            -0.21997986733913422,
            -0.8898249864578247,
            -0.08462468534708023
        ],
        [
            -0.2050585299730301,
            -0.9234780073165894,
            -0.08448564261198044
        ],
        [
            -0.22454524040222168,
            -0.9095319509506226,
            -0.07108776271343231
        ],
        [
            -0.12348847091197968,
            -0.7781153917312622,
            -0.09587720781564713
        ],
        [
            -0.1318134069442749,
            -0.7962879538536072,
            -0.09688911586999893
        ],
        [
            -0.12374252825975418,
            -0.7492911219596863,
            -0.08452041447162628
        ],
        [
            -0.11645004153251648,
            -0.7635375261306763,
            -0.09560412168502808
        ],
        [
            -0.20239534974098206,
            -0.941074788570404,
            -0.06836563348770142
        ],
        [
            -0.2266002595424652,
            -0.9257600903511047,
            -0.05339021235704422
        ],
        [
            -0.14875710010528564,
            -0.8945517539978027,
            -0.1125328540802002
        ],
        [
            -0.1657707393169403,
            -0.9042130708694458,
            -0.1083928719162941
        ],
        [
            -0.1725321114063263,
