{
    "pred_cam": [
        1.4862332344055176,
        0.18595288693904877,
        0.30145135521888733
    ],
    "pred_smpl_params": {
        "global_orient": [
            [
                [
                    -0.7020647525787354,
                    0.03544118255376816,
                    -0.711230456829071
                ],
                [
                    0.20434251427650452,
                    -0.9467312693595886,
                    -0.24888543784618378
                ],
                [
                    -0.6821649670600891,
                    -0.320068359375,
                    0.6574245095252991
                ]
            ]
        ],
        "body_pose": [
            [
                [
                    0.9988533854484558,
                    0.04491879418492317,
                    0.016557084396481514
                ],
                [
                    -0.04760708287358284,
                    0.9684146046638489,
                    0.24475841224193573
                ],
                [
                    -0.005039871204644442,
                    -0.24526602029800415,
                    0.9694426655769348
                ]
            ],
            [
                [
                    0.9858782887458801,
                    0.073576919734478,
                    -0.1504337340593338
                ],
                [
                    -0.053587451577186584,
                    0.989684522151947,
                    0.13286399841308594
                ],
                [
                    0.15865767002105713,
                    -0.12292638421058655,
                    0.9796512722969055
                ]
            ],
            [
                [
                    0.9956018328666687,
                    -0.014102393761277199,
                    0.09261855483055115
                ],
                [
                    0.0377374142408371,
                    0.9652230143547058,
                    -0.2586899697780609
                ],
                [
                    -0.08574940264225006,
                    0.26104736328125,
                    0.9615100026130676
                ]
            ],
            [
                [
                    0.9939869046211243,
                    0.10947279632091522,
                    0.002399412915110588
                ],
                [
                    -0.10823466628789902,
                    0.9855934381484985,
                    -0.12996499240398407
                ],
                [
                    -0.0165924783796072,
                    0.12892380356788635,
                    0.9915156960487366
                ]
            ],
            [
                [
                    0.9802780151367188,
                    -0.16990771889686584,
                    -0.10092763602733612
                ],
                [
                    0.11645155400037766,
                    0.9092497229576111,
                    -0.399629682302475
                ],
                [
                    0.15966860949993134,
                    0.3799950182437897,
                    0.9111035466194153
                ]
            ],
            [
                [
                    0.9968841075897217,
                    -0.028027934953570366,
                    0.07373299449682236
                ],
                [
                    0.03038112260401249,
                    0.9990578889846802,
                    -0.030989237129688263
                ],
                [
                    -0.07279496639966965,
                    0.03313276916742325,
                    0.9967964291572571
                ]
            ],
            [
                [
                    0.9849880337715149,
                    0.019348882138729095,
                    0.17153452336788177
                ],
                [
                    -0.01703152060508728,
                    0.9997428059577942,
                    -0.014970987103879452
                ],
                [
                    -0.17178009450435638,
                    0.011824747547507286,
                    0.9850642681121826
                ]
            ],
            [
                [
                    0.9829130172729492,
                    0.034964509308338165,
                    -0.18071907758712769
                ],
                [
                    -0.023099718615412712,
                    0.9974622130393982,
                    0.06734626740217209
                ],
                [
                    0.18261519074440002,
                    -0.06202096864581108,
                    0.9812262654304504
                ]
            ],
            [
                [
                    0.9978361129760742,
                    0.0076375785283744335,
                    0.06530443578958511
                ],
                [
                    -0.002233605831861496,
                    0.9965946078300476,
                    -0.08242630213499069
                ],
                [
                    -0.06571158766746521,
                    0.08210208266973495,
                    0.9944551587104797
                ]
            ],
            [
                [
                    0.9961751699447632,
                    -0.07229774445295334,
                    0.049071650952100754
                ],
                [
                    0.07232338190078735,
                    0.9973804354667664,
                    0.0012556050205603242
                ],
                [
                    -0.04903388395905495,
                    0.0022982244845479727,
                    0.998794436454773
                ]
            ],
            [
                [
                    0.9992744326591492,
                    0.013954749330878258,
                    -0.03543885052204132
                ],
                [
                    -0.013127109967172146,
                    0.9996380805969238,
                    0.023480575531721115
                ],
                [
                    0.03575369343161583,
                    -0.022998329252004623,
                    0.9990959763526917
                ]
            ],
            [
                [
                    0.9917463064193726,
                    -0.00907790008932352,
                    0.12789404392242432
                ],
                [
                    0.025450602173805237,
                    0.9915795922279358,
                    -0.12697288393974304
                ],
                [
                    -0.12566448748111725,
                    0.12917986512184143,
                    0.9836264252662659
                ]
            ],
            [
                [
                    0.941265881061554,
                    0.21959464251995087,
                    -0.25650879740715027
                ],
                [
                    -0.1978234350681305,
                    0.9742553234100342,
                    0.10813192278146744
                ],
                [
                    0.27365022897720337,
                    -0.051037438213825226,
                    0.9604742527008057
                ]
            ],
            [
                [
                    0.8934659957885742,
                    -0.32813119888305664,
                    0.30667319893836975
                ],
                [
                    0.33310744166374207,
                    0.9421396255493164,
                    0.03758136183023453
                ],
                [
                    -0.3012605905532837,
                    0.06857746839523315,
                    0.9510726928710938
                ]
            ],
            [
                [
                    0.9992828369140625,
                    0.03775202855467796,
                    0.0029284486081451178
                ],
                [
                    -0.033115897327661514,
                    0.9088248610496521,
                    -0.41586142778396606
                ],
                [
                    -0.018361058086156845,
                    0.41546621918678284,
                    0.909423291683197
                ]
            ],
            [
                [
                    0.7184163928031921,
                    0.5489363670349121,
                    -0.42725488543510437
                ],
                [
                    -0.5252904891967773,
                    0.8307672739028931,
                    0.18410786986351013
                ],
                [
                    0.4560128450393677,
                    0.09216683357954025,
                    0.8851878643035889
                ]
            ],
            [
                [
                    0.5081799030303955,
                    -0.7522245049476624,
                    0.41941794753074646
                ],
                [
                    0.7952798008918762,
                    0.5967742204666138,
                    0.10672635585069656
                ],
                [
                    -0.3305799961090088,
                    0.2793184518814087,
                    0.9014976024627686
                ]
            ],
            [
                [
                    0.5435643196105957,
                    -0.18182018399238586,
                    -0.8194384574890137
                ],
                [
                    0.24120980501174927,
                    0.9689142107963562,
                    -0.05498293787240982
                ],
                [
                    0.8039625287055969,
                    -0.16776980459690094,
                    0.5705239772796631
                ]
            ],
            [
                [
                    0.5448485016822815,
                    0.2273033857345581,
                    0.8071388006210327
                ],
                [
                    -0.11257803440093994,
                    0.9736733436584473,
                    -0.198207825422287
                ],
                [
                    -0.8309429287910461,
                    0.017127126455307007,
                    0.5560938119888306
                ]
            ],
            [
                [
                    0.9914964437484741,
                    -0.12684771418571472,
                    -0.02905929833650589
                ],
                [
                    0.12780694663524628,
                    0.9912180304527283,
                    0.03394392505288124
                ],
                [
                    0.024498391896486282,
                    -0.0373692624270916,
                    0.999001145362854
                ]
            ],
            [
                [
                    0.9955313205718994,
                    0.0733182355761528,
                    0.059512484818696976
                ],
                [
                    -0.0825282484292984,
                    0.9818146824836731,
                    0.17096497118473053
                ],
                [
                    -0.04589538276195526,
                    -0.17511245608329773,
                    0.9834780693054199
                ]
            ],
            [
                [
                    0.9830102920532227,
                    0.1574469357728958,
                    -0.09434634447097778
                ],
                [
                    -0.14619702100753784,
                    0.9824063181877136,
                    0.11620720475912094
                ],
                [
                    0.11098293215036392,
                    -0.10043972730636597,
                    0.9887337684631348
                ]
            ],
            [
                [
                    0.9849995970726013,
                    -0.15263332426548004,
                    0.08049120008945465
                ],
                [
                    0.14237909018993378,
                    0.9824349880218506,
                    0.12062162160873413
                ],
                [
                    -0.09748826175928116,
                    -0.10735198855400085,
                    0.9894298315048218
                ]
            ]
        ],
        "betas": [
            -0.287588894367218,
            -0.3265991508960724,
            0.2668173015117645,
            0.8838704824447632,
            0.3041536211967468,
            0.007491860538721085,
            -0.05041462182998657,
            -0.0615057647228241,
            0.05847834050655365,
            -0.09885716438293457
        ]
    },
    "pred_cam_t": [
        0.18595288693904877,
        0.30145135521888733,
        26.282886505126953
    ],
    "focal_length": [
        5000.0,
        5000.0
    ],
    "pred_keypoints_3d": [
        [
            -0.20808333158493042,
            -0.754001259803772,
            0.0069383010268211365
        ],
        [
            -0.040028348565101624,
            -0.7290238738059998,
            -0.0651368573307991
        ],
        [
            0.054093629121780396,
            -0.6562016010284424,
            0.10372849553823471
        ],
        [
            0.05341354012489319,
            -0.42145639657974243,
            0.179705411195755
        ],
        [
            -0.1631776988506317,
            -0.3162093758583069,
            0.23544497787952423
        ],
        [
            -0.13604508340358734,
            -0.6168334484100342,
            -0.19598010182380676
        ],
        [
            -0.28122228384017944,
            -0.4102303981781006,
            -0.20943588018417358
        ],
        [
            -0.4793604910373688,
            -0.4098668694496155,
            -0.07088619470596313
        ],
        [
            -0.002134922193363309,
            -0.23060250282287598,
            0.028316617012023926
        ],
        [
            0.04485269635915756,
            -0.15799498558044434,
            0.10024634003639221
        ],
        [
            0.05248609557747841,
            0.16557729244232178,
            0.2783946990966797
        ],
        [
            0.06709689646959305,
            0.5478761792182922,
            0.2517229914665222
        ],
        [
            -0.049032386392354965,
            -0.12860453128814697,
            0.006083577871322632
        ],
        [
            -0.13221269845962524,
            0.1859149932861328,
            0.16277995705604553
        ],
        [
            -0.09537818282842636,
            0.5264667272567749,
            0.33428531885147095
        ],
        [
            -0.19188398122787476,
            -0.808643102645874,
            0.028643816709518433
        ],
        [
            -0.22012457251548767,
            -0.79973304271698,
            -0.030894633382558823
        ],
        [
            -0.09670056402683258,
            -0.8548723459243774,
            0.025583796203136444
        ],
        [
            -0.1616341471672058,
            -0.8355228304862976,
            -0.10816969722509384
        ],
        [
            -0.24928933382034302,
            0.5227521657943726,
            0.4617586135864258
        ],
        [
            -0.24787354469299316,
            0.565199613571167,
            0.38977286219596863
        ],
        [
            -0.051715925335884094,
            0.5741981863975525,
            0.3159632086753845
        ],
        [
            -0.004996888339519501,
            0.5785734057426453,
            0.433269739151001
        ],
        [
            0.0812530517578125,
            0.584313154220581,
            0.4160289168357849
        ],
        [
            0.09117195755243301,
            0.5941093564033508,
            0.20466594398021698
        ],
        [
            0.09747584164142609,
            0.49858176708221436,
            0.23434115946292877
        ],
        [
            0.05139743909239769,
            0.10623539239168167,
            0.2558291256427765
        ],
        [
            0.10986486822366714,
            -0.2881035804748535,
            0.10982319712638855
        ],
        [
            -0.08469781279563904,
            -0.20914271473884583,
            -0.09480936825275421
        ],
        [
            -0.1331660896539688,
            0.15176087617874146,
            0.1353542059659958
        ],
        [
            -0.08206379413604736,
            0.507006049156189,
            0.2976706922054291
        ],
        [
            -0.16269350051879883,
            -0.3520808815956116,
            0.22233322262763977
        ],
        [
            0.039865631610155106,
            -0.45127132534980774,
            0.20567438006401062
        ],
        [
            0.03585551679134369,
            -0.6832564473152161,
            0.0681626945734024
        ],
        [
            -0.11965133994817734,
            -0.6500924229621887,
            -0.18511080741882324
        ],
        [
            -0.30026906728744507,
            -0.4554242491722107,
            -0.21938727796077728
        ],
        [
            -0.47257065773010254,
            -0.42923495173454285,
            -0.07927100360393524
        ],
        [
            -0.047871943563222885,
            -0.7183966040611267,
            -0.05984371155500412
        ],
        [
            -0.17232415080070496,
            -0.8800766468048096,
            -0.03055492416024208
        ],
        [
            0.012186264619231224,
            -0.24876365065574646,
            0.006856067571789026
        ],
        [
            -0.04041459038853645,
            -0.663711667060852,
            -0.05552709847688675
        ],
        [
            0.010644452646374702,
            -0.4923381805419922,
            -0.05064123123884201
        ],
        [
            -0.1407141089439392,
            -0.7690051198005676,
            -0.03209023177623749
        ],
        [
            -0.17456002533435822,
            -0.8997706174850464,
            -0.02811306342482567
        ]
    ],
    "pred_vertices": [
        [
            -0.2512166202068329,
            -0.8378998637199402,
            -0.035614073276519775
        ],
        [
            -0.24583977460861206,
            -0.8226315379142761,
            -0.029169540852308273
        ],
        [
            -0.24169375002384186,
            -0.8230891227722168,
            -0.0431557334959507
        ],
        [
            -0.2430328130722046,
            -0.8362168073654175,
            -0.050806570798158646
        ],
        [
            -0.23958280682563782,
            -0.8125784397125244,
            -0.03830665722489357
        ],
        [
            -0.24119244515895844,
            -0.8116528987884521,
            -0.026435229927301407
        ],
        [
            -0.2335243970155716,
            -0.8223522901535034,
            -0.054311808198690414
        ],
        [
            -0.2318478524684906,
            -0.8329534530639648,
            -0.06253021955490112
        ],
        [
            -0.20818142592906952,
            -0.7974439263343811,
            -0.06836926937103271
        ],
        [
            -0.2006336897611618,
            -0.798037588596344,
            -0.07642672955989838
        ],
        [
            -0.20836324989795685,
            -0.8075836896896362,
            -0.07412821054458618
        ],
        [
            -0.21333150565624237,
            -0.8047077059745789,
            -0.0656663328409195
        ],
        [
            -0.19137555360794067,
            -0.7777950763702393,
            -0.0716424435377121
        ],
        [
            -0.19018971920013428,
            -0.7664613723754883,
            -0.06383158266544342
        ],
        [
            -0.17920829355716705,
            -0.7636010646820068,
            -0.0709800124168396
        ],
        [
            -0.17884404957294464,
            -0.7751705050468445,
            -0.07833850383758545
        ],
        [
            -0.2015584409236908,
            -0.7704278230667114,
            -0.023428965359926224
        ],
        [
            -0.1996341049671173,
            -0.7646318674087524,
            -0.029564324766397476
        ],
        [
            -0.20428034663200378,
            -0.7700803279876709,
            -0.03256342560052872
        ],
        [
            -0.20517727732658386,
            -0.7754552364349365,
            -0.02605581283569336
        ],
        [
            -0.20749995112419128,
            -0.7766913175582886,
            -0.011699751019477844
        ],
        [
            -0.2083689272403717,
            -0.7828384637832642,
            -0.013384662568569183
        ],
        [
            -0.2123909890651703,
            -0.7839881181716919,
            -0.006579644978046417
        ],
        [
            -0.21232977509498596,
            -0.7765998840332031,
            -0.005373463034629822
        ],
        [
            -0.19647657871246338,
            -0.7667893171310425,
            -0.01917681097984314
        ],
        [
            -0.1942467838525772,
            -0.7610166072845459,
            -0.025787588208913803
        ],
        [
            -0.20358672738075256,
            -0.7750877141952515,
            -0.018001168966293335
        ],
        [
            -0.20224322378635406,
            -0.7704994678497314,
            -0.01596161350607872
        ],
        [
            -0.20593403279781342,
            -0.760386049747467,
            -0.00986870750784874
        ],
        [
            -0.20794518291950226,
            -0.7648465633392334,
            -0.011337760835886002
        ],
        [
            -0.21239161491394043,
            -0.7626395225524902,
            -0.0055055171251297
        ],
        [
            -0.20844291150569916,
            -0.7585046291351318,
            -0.0051704272627830505
        ],
        [
            -0.19954970479011536,
            -0.7642237544059753,
            -0.016365189105272293
        ],
        [
            -0.20348551869392395,
            -0.7652129530906677,
            -0.015398848801851273
        ],
        [
            -0.20230507850646973,
            -0.7611944675445557,
            -0.012640591710805893
        ],
        [
            -0.19808372855186462,
            -0.7612407207489014,
            -0.01282070204615593
        ],
        [
            -0.2071891874074936,
            -0.7717300653457642,
            -0.010673180222511292
        ],
        [
            -0.2124786674976349,
            -0.7699947953224182,
            -0.005063116550445557
        ],
        [
            -0.21707114577293396,
            -0.7680085897445679,
            0.001464255154132843
        ],
        [
            -0.21552914381027222,
            -0.7592802047729492,
            0.001258358359336853
        ],
        [
            -0.19193726778030396,
            -0.7552164793014526,
            -0.043619636446237564
        ],
        [
            -0.19680646061897278,
            -0.7594297528266907,
            -0.03673316165804863
        ],
        [
            -0.19221782684326172,
            -0.7560259103775024,
            -0.03245231509208679
        ],
        [
            -0.18907174468040466,
            -0.7522306442260742,
            -0.03854411467909813
        ],
        [
            -0.1942761242389679,
            -0.7602392435073853,
            -0.015525877475738525
        ],
        [
            -0.18737129867076874,
            -0.7466346025466919,
            -0.020524974912405014
        ],
        [
            -0.18966910243034363,
            -0.7496349811553955,
            -0.020312335342168808
        ],
        [
            -0.1907424032688141,
            -0.7490079402923584,
            -0.01320253312587738
        ],
        [
            -0.1887229084968567,
            -0.7462027668952942,
            -0.014054391533136368
        ],
        [
            -0.179674431681633,
            -0.7472602128982544,
            -0.053311899304389954
        ],
        [
            -0.18023699522018433,
            -0.7446696162223816,
            -0.04645485803484917
        ],
        [
            -0.17473816871643066,
            -0.7403016090393066,
            -0.04862425476312637
        ],
        [
            -0.172292560338974,
            -0.7426053881645203,
            -0.055513378232717514
        ],
        [
            -0.16993573307991028,
            -0.7364580631256104,
            -0.04726479947566986
        ],
        [
            -0.1653134524822235,
            -0.7381359338760376,
            -0.05616077780723572
        ],
        [
            -0.15444689989089966,
            -0.7274807691574097,
            -0.04893108457326889
        ],
        [
            -0.15932461619377136,
            -0.7323282957077026,
            -0.052844300866127014
        ],
        [
            -0.16566917300224304,
            -0.7322245836257935,
            -0.04394211247563362
        ],
        [
            -0.16310960054397583,
            -0.7271286249160767,
            -0.03823751211166382
        ],
        [
            -0.1670924872159958,
            -0.7280486226081848,
            -0.023821312934160233
        ],
        [
            -0.16607236862182617,
            -0.7264089584350586,
            -0.017673850059509277
        ],
        [
            -0.15994450449943542,
            -0.7169033288955688,
            -0.023816823959350586
        ],
        [
            -0.1614542305469513,
            -0.7209463715553284,
            -0.030632998794317245
        ],
        [
            -0.18067258596420288,
            -0.7441574335098267,
            -0.022359441965818405
        ],
        [
            -0.18018801510334015,
            -0.7451685070991516,
            -0.0270315483212471
        ],
        [
            -0.18283715844154358,
            -0.7450670003890991,
            -0.026306703686714172
        ],
        [
            -0.18426598608493805,
            -0.7447974681854248,
            -0.021210119128227234
        ],
        [
            -0.1801428496837616,
            -0.7453895807266235,
            -0.031098555773496628
        ],
        [
            -0.18009373545646667,
            -0.7453864812850952,
            -0.0329136922955513
        ],
        [
            -0.1816285252571106,
            -0.7457966804504395,
            -0.03214079141616821
        ],
        [
            -0.18092474341392517,
            -0.7457213401794434,
            -0.030927084386348724
        ],
        [
            -0.18041351437568665,
            -0.7453898787498474,
            -0.028895501047372818
        ],
        [
            -0.1792144775390625,
            -0.7437864542007446,
            -0.02796526625752449
        ],
        [
            -0.17971497774124146,
            -0.7446141242980957,
            -0.03016231581568718
        ],
        [
            -0.17950856685638428,
            -0.7420549988746643,
            -0.02373899146914482
        ],
        [
            -0.1794118881225586,
            -0.7376320958137512,
            -0.009659107774496078
        ],
        [
            -0.18003752827644348,
            -0.7382445335388184,
            -0.013451293110847473
        ],
        [
            -0.18107442557811737,
            -0.7426179647445679,
            -0.012045953422784805
        ],
        [
            -0.18074585497379303,
            -0.7423097491264343,
            -0.008829072117805481
        ],
        [
            -0.18339931964874268,
            -0.7466065287590027,
            -0.029994208365678787
        ],
        [
            -0.18480725586414337,
            -0.7478445768356323,
            -0.03200151026248932
        ],
        [
            -0.1873486340045929,
            -0.7487585544586182,
            -0.02700858563184738
        ],
        [
            -0.1849505454301834,
            -0.74695885181427,
            -0.026403211057186127
        ],
        [
            -0.186756432056427,
            -0.7491331696510315,
            -0.03456023335456848
        ],
        [
            -0.18271762132644653,
            -0.7468609809875488,
            -0.03432006016373634
        ],
        [
            -0.18393933773040771,
            -0.7473623752593994,
            -0.03738042339682579
        ],
        [
            -0.1788770854473114,
            -0.7440508604049683,
            -0.0325627401471138
        ],
        [
            -0.17791828513145447,
            -0.743165910243988,
            -0.03579229861497879
        ],
        [
            -0.18038588762283325,
            -0.7446540594100952,
            -0.03568822145462036
        ],
        [
            -0.17564240097999573,
            -0.7405527830123901,
            -0.034051891416311264
        ],
        [
            -0.17760679125785828,
            -0.7423036098480225,
            -0.03005068376660347
        ],
        [
            -0.1773393154144287,
            -0.739736795425415,
            -0.025957506150007248
        ],
        [
            -0.17733551561832428,
            -0.7370631098747253,
            -0.02066657319664955
        ],
        [
            -0.17335271835327148,
            -0.7344509363174438,
            -0.02448299527168274
        ],
        [
            -0.17424340546131134,
            -0.7373936772346497,
            -0.03000703826546669
        ],
        [
            -0.18975290656089783,
            -0.752106785774231,
            -0.02886185795068741
        ],
        [
            -0.18029433488845825,
            -0.7445664405822754,
            -0.04035281389951706
        ],
        [
            -0.1851145625114441,
            -0.7493153214454651,
            -0.04281163960695267
        ],
        [
            -0.17676183581352234,
            -0.7412689924240112,
            -0.0411456860601902
        ],
        [
            -0.17318961024284363,
            -0.7381384372711182,
            -0.03977333381772041
        ],
        [
            -0.17036530375480652,
            -0.7346805334091187,
            -0.035676516592502594
        ],
        [
            -0.16865737736225128,
            -0.731052041053772,
            -0.030017569661140442
        ],
        [
            -0.14795684814453125,
            -0.7152341604232788,
            -0.03110978752374649
        ],
        [
            -0.15134643018245697,
            -0.7203375101089478,
            -0.03931008279323578
        ],
        [
            -0.23379148542881012,
            -0.8071149587631226,
            -0.026394009590148926
        ],
        [
            -0.23466455936431885,
            -0.8067689538002014,
            -0.03549372777342796
        ],
        [
            -0.22673296928405762,
            -0.8029557466506958,
            -0.0385102853178978
        ],
        [
            -0.22859403491020203,
            -0.8047041893005371,
            -0.03980899602174759
        ],
        [
            -0.23001015186309814,
            -0.8046532869338989,
            -0.033747099339962006
        ],
        [
            -0.22751687467098236,
            -0.8027200698852539,
            -0.033861905336380005
        ],
        [
            -0.21623516082763672,
            -0.8039677143096924,
            -0.05776778608560562
        ],
        [
            -0.21870774030685425,
            -0.8034712076187134,
            -0.05129599571228027
        ],
        [
            -0.21559196710586548,
            -0.8011702299118042,
            -0.05241831764578819
        ],
        [
            -0.21285365521907806,
            -0.7985431551933289,
            -0.060161009430885315
        ],
        [
            -0.2135072648525238,
            -0.7921425104141235,
            -0.043874308466911316
        ],
        [
            -0.21357545256614685,
            -0.7944164276123047,
            -0.048819515854120255
        ],
        [
            -0.2177869975566864,
            -0.7987829446792603,
            -0.04375182092189789
        ],
        [
            -0.21786758303642273,
            -0.7970539331436157,
            -0.04020121693611145
        ],
        [
            -0.2175409197807312,
            -0.7960667610168457,
            -0.03614160418510437
        ],
        [
            -0.2170054316520691,
            -0.795852780342102,
            -0.031647659838199615
        ],
        [
            -0.2135048657655716,
            -0.7919186353683472,
            -0.03298444673418999
        ],
        [
            -0.21352070569992065,
            -0.7915292382240295,
            -0.03835548833012581
        ],
        [
            -0.22899100184440613,
            -0.8055936098098755,
            -0.027410581707954407
        ],
        [
            -0.2255699336528778,
            -0.8060422539710999,
            -0.02079141139984131
        ],
        [
            -0.2236941158771515,
            -0.8039034008979797,
            -0.022906355559825897
        ],
        [
            -0.22683417797088623,
            -0.8032479286193848,
            -0.028185833245515823
        ],
        [
            -0.21223409473896027,
            -0.8029468655586243,
            -0.016250789165496826
        ],
        [
            -0.21499107778072357,
            -0.8040873408317566,
            -0.0166003555059433
        ],
        [
            -0.21522921323776245,
            -0.8052060008049011,
            -0.012807458639144897
        ],
        [
            -0.2116600126028061,
            -0.8021291494369507,
            -0.012904725968837738
        ],
        [
            -0.2108335942029953,
            -0.7993223667144775,
            -0.015395283699035645
        ],
        [
            -0.21203716099262238,
            -0.8011611700057983,
            -0.017515748739242554
        ],
        [
            -0.2587240934371948,
            -0.8573349714279175,
            -0.02533203363418579
        ],
        [
            -0.2544446885585785,
            -0.8396260738372803,
            -0.01962542161345482
        ],
        [
            -0.25168198347091675,
            -0.8564647436141968,
            -0.044588688760995865
        ],
        [
            -0.24057945609092712,
            -0.8527430891990662,
            -0.05912131816148758
        ],
        [
            -0.2293887883424759,
            -0.8453499674797058,
            -0.07126794010400772
        ],
        [
            -0.17942805588245392,
            -0.7539324760437012,
            -0.06207730621099472
        ],
        [
            -0.17044749855995178,
            -0.7499468326568604,
            -0.06651967018842697
        ],
        [
            -0.1681666076183319,
            -0.7614966630935669,
            -0.07725358754396439
        ],
        [
            -0.15840205550193787,
            -0.7558053731918335,
            -0.0785774514079094
        ],
        [
            -0.16135627031326294,
            -0.7439402341842651,
            -0.06712496280670166
        ],
        [
            -0.14537473022937775,
            -0.7307450175285339,
            -0.05776746943593025
        ],
        [
            -0.1529264599084854,
            -0.7371017932891846,
            -0.06439527869224548
        ],
        [
            -0.1478673219680786,
            -0.7503438591957092,
            -0.07779235392808914
        ],
        [
            -0.14566081762313843,
            -0.7674067616462708,
            -0.09015127271413803
        ],
        [
            -0.15644478797912598,
            -0.7695655822753906,
            -0.08800844103097916
        ],
        [
            -0.14566084742546082,
            -0.7870454788208008,
            -0.09699323773384094
        ],
        [
            -0.13227561116218567,
            -0.7659941911697388,
            -0.09176167100667953
        ],
        [
            -0.1373061090707779,
            -0.790895938873291,
            -0.09812784194946289
        ],
        [
            -0.11831018328666687,
            -0.7360051870346069,
            -0.07607384771108627
        ],
        [
            -0.11373881995677948,
            -0.728865385055542,
            -0.0784534364938736
        ],
        [
            -0.10844429582357407,
            -0.7391184568405151,
            -0.0936630368232727
        ],
        [
            -0.11404243856668472,
            -0.7468484044075012,
            -0.09151481091976166
        ],
        [
            -0.1670076847076416,
            -0.7722367644309998,
            -0.08482008427381516
        ],
        [
            -0.20949029922485352,
            -0.8202415108680725,
            -0.07751335203647614
        ],
        [
            -0.2160666435956955,
            -0.8143724203109741,
            -0.06929289549589157
        ],
        [
            -0.20003071427345276,
            -0.8115630149841309,
            -0.08224895596504211
        ],
        [
            -0.22926348447799683,
            -0.8802784085273743,
            -0.08040746301412582
        ],
        [
            -0.23769544064998627,
            -0.8673466444015503,
            -0.06961626559495926
        ],
        [
            -0.2266433984041214,
            -0.857691764831543,
            -0.07997933030128479
        ],
        [
            -0.22043998539447784,
            -0.8708474636077881,
            -0.08923239260911942
        ],
        [
            -0.24550917744636536,
            -0.9067975282669067,
            -0.04730110615491867
        ],
        [
            -0.256193608045578,
            -0.8824700117111206,
            -0.03717077523469925
        ],
        [
            -0.24883148074150085,
            -0.8766233921051025,
            -0.05298498645424843
        ],
        [
            -0.24005351960659027,
            -0.895072877407074,
            -0.06273142993450165
        ],
        [
            -0.21190275251865387,
            -0.8792058229446411,
            -0.09632525593042374
        ],
        [
            -0.1992713361978531,
            -0.8905092477798462,
            -0.10351716727018356
        ],
        [
            -0.2014777511358261,
            -0.9077292084693909,
            -0.10051469504833221
        ],
        [
            -0.21821774542331696,
            -0.8958927392959595,
            -0.09052065759897232
        ],
        [
            -0.20339348912239075,
            -0.9296350479125977,
            -0.08946801722049713
        ],
        [
            -0.22332380712032318,
            -0.915513813495636,
            -0.07690106332302094
        ],
        [
            -0.12139187753200531,
            -0.7840999364852905,
            -0.10007243603467941
        ],
        [
            -0.12960810959339142,
            -0.8023760318756104,
            -0.1011563166975975
        ],
        [
            -0.1222323328256607,
            -0.7549989223480225,
            -0.08901526778936386
        ],
        [
            -0.11442352831363678,
            -0.7694091796875,
            -0.0997316762804985
        ],
        [
            -0.20143571496009827,
            -0.9472053050994873,
            -0.07304511964321136
        ],
        [
            -0.22601161897182465,
            -0.9315217733383179,
            -0.05902950465679169
        ],
        [
            -0.1459747552871704,
            -0.9010188579559326,
            -0.1159428134560585
        ],
        [
            -0.16318930685520172,
            -0.9106318950653076,
            -0.11223381012678146
        ],
        [
            -0.16984272003173828,
