{
    "pred_cam": [
        1.126990795135498,
        -0.0383683517575264,
        0.1614285409450531
    ],
    "pred_smpl_params": {
        "global_orient": [
            [
                [
                    0.9891698360443115,
                    0.13368484377861023,
                    0.06059173122048378
                ],
                [
                    0.1315751075744629,
                    -0.9905934929847717,
                    0.03758278116583824
                ],
                [
                    0.065046027302742,
                    -0.0292033888399601,
                    -0.997454822063446
                ]
            ]
        ],
        "body_pose": [
            [
                [
                    0.9990602135658264,
                    -0.024833649396896362,
                    -0.03552279993891716
                ],
                [
                    0.031287383288145065,
                    0.9803917407989502,
                    0.194558784365654
                ],
                [
                    0.029994655400514603,
                    -0.195487380027771,
                    0.9802473783493042
                ]
            ],
            [
                [
                    0.9997779130935669,
                    0.007497961632907391,
                    0.019694220274686813
                ],
                [
                    -0.01151664461940527,
                    0.9770587086677551,
                    0.21265843510627747
                ],
                [
                    -0.01764790713787079,
                    -0.21283802390098572,
                    0.9769280552864075
                ]
            ],
            [
                [
                    0.9997567534446716,
                    -0.005150210577994585,
                    0.02144601196050644
                ],
                [
                    0.0094185471534729,
                    0.9789296388626099,
                    -0.20398050546646118
                ],
                [
                    -0.019943594932556152,
                    0.20413286983966827,
                    0.9787400364875793
                ]
            ],
            [
                [
                    0.9922391772270203,
                    -0.02084670029580593,
                    -0.12258365750312805
                ],
                [
                    -0.05521849915385246,
                    0.8094310760498047,
                    -0.5846129655838013
                ],
                [
                    0.11141030490398407,
                    0.586844801902771,
                    0.8019980788230896
                ]
            ],
            [
                [
                    0.9944374561309814,
                    -0.06335797905921936,
                    0.08414294570684433
                ],
                [
                    0.10258281230926514,
                    0.7638176679611206,
                    -0.6372278332710266
                ],
                [
                    -0.023896407335996628,
                    0.6423147320747375,
                    0.7660683393478394
                ]
            ],
            [
                [
                    0.9991112351417542,
                    -0.007987022399902344,
                    0.04138752073049545
                ],
                [
                    0.008249878883361816,
                    0.9999468326568604,
                    -0.006184172350913286
                ],
                [
                    -0.041335929185152054,
                    0.006520118098706007,
                    0.9991239905357361
                ]
            ],
            [
                [
                    0.9839586019515991,
                    0.09808146953582764,
                    0.14901523292064667
                ],
                [
                    -0.09977032244205475,
                    0.9950028657913208,
                    0.00388200581073761
                ],
                [
                    -0.1478898525238037,
                    -0.01868702657520771,
                    0.9888272285461426
                ]
            ],
            [
                [
                    0.9864423274993896,
                    -0.06147567927837372,
                    -0.15215884149074554
                ],
                [
                    0.06251772493124008,
                    0.9980417490005493,
                    0.002069132635369897
                ],
                [
                    0.1517336666584015,
                    -0.011553703807294369,
                    0.988353967666626
                ]
            ],
            [
                [
                    0.9996682405471802,
                    -0.014619437977671623,
                    0.02120356634259224
                ],
                [
                    0.016252586618065834,
                    0.9967409372329712,
                    -0.07901546359062195
                ],
                [
                    -0.01997929997742176,
                    0.07933387160301208,
                    0.996647834777832
                ]
            ],
            [
                [
                    0.9792932271957397,
                    -0.20196525752544403,
                    0.01395809929817915
                ],
                [
                    0.19581598043441772,
                    0.9624646306037903,
                    0.18793073296546936
                ],
                [
                    -0.051389653235673904,
                    -0.18130606412887573,
                    0.9820831418037415
                ]
            ],
            [
                [
                    0.9880727529525757,
                    0.1524553894996643,
                    0.021670525893568993
                ],
                [
                    -0.15360097587108612,
                    0.9658126831054688,
                    0.20883649587631226
                ],
                [
                    0.010908578522503376,
                    -0.20967425405979156,
                    0.977710485458374
                ]
            ],
            [
                [
                    0.9991536736488342,
                    -0.03800468146800995,
                    -0.015740418806672096
                ],
                [
                    0.0377756804227829,
                    0.9991796016693115,
                    -0.014598408713936806
                ],
                [
                    0.01628231443464756,
                    0.013991446234285831,
                    0.9997696280479431
                ]
            ],
            [
                [
                    0.9453454613685608,
                    0.3260701894760132,
                    0.00012897924170829356
                ],
                [
                    -0.32572290301322937,
                    0.9443567991256714,
                    -0.04576937109231949
                ],
                [
                    -0.015045830979943275,
                    0.043225862085819244,
                    0.9989519119262695
                ]
            ],
            [
                [
                    0.9529024362564087,
                    -0.28978246450424194,
                    0.08946020156145096
                ],
                [
                    0.29207876324653625,
                    0.9562996029853821,
                    -0.013455496169626713
                ],
                [
                    -0.08165159076452255,
                    0.03895120322704315,
                    0.995899498462677
                ]
            ],
            [
                [
                    0.999791145324707,
                    -0.005865104030817747,
                    -0.019573619589209557
                ],
                [
                    0.0018793814815580845,
                    0.9802547693252563,
                    -0.19773004949092865
                ],
                [
                    0.020346835255622864,
                    0.19765198230743408,
                    0.9800610542297363
                ]
            ],
            [
                [
                    0.45438826084136963,
                    0.8562599420547485,
                    -0.24566277861595154
                ],
                [
                    -0.8865326642990112,
                    0.46164682507514954,
                    -0.030693722888827324
                ],
                [
                    0.08712764084339142,
                    0.23173493146896362,
                    0.9688693284988403
                ]
            ],
            [
                [
                    0.43005532026290894,
                    -0.8100384473800659,
                    0.3986102044582367
                ],
                [
                    0.884010910987854,
                    0.46745064854621887,
                    -0.0038147715386003256
                ],
                [
                    -0.18324050307273865,
                    0.35401636362075806,
                    0.9171124696731567
                ]
            ],
            [
                [
                    0.39894580841064453,
                    -0.35859131813049316,
                    -0.8439517021179199
                ],
                [
                    0.21096187829971313,
                    0.9315698146820068,
                    -0.29609575867652893
                ],
                [
                    0.8923773765563965,
                    -0.059915464371442795,
                    0.4472949802875519
                ]
            ],
            [
                [
                    0.1588640660047531,
                    0.4103790819644928,
                    0.8979706168174744
                ],
                [
                    -0.02304302714765072,
                    0.9108145236968994,
                    -0.41217219829559326
                ],
                [
                    -0.9870315194129944,
                    0.04478738084435463,
                    0.15415208041667938
                ]
            ],
            [
                [
                    0.9872352480888367,
                    -0.1576457917690277,
                    -0.022680753841996193
                ],
                [
                    0.1586463749408722,
                    0.985933244228363,
                    0.05260235443711281
                ],
                [
                    0.014069169759750366,
                    -0.05552911385893822,
                    0.9983580112457275
                ]
            ],
            [
                [
                    0.9880034923553467,
                    0.14657652378082275,
                    0.04862680658698082
                ],
                [
                    -0.14905105531215668,
                    0.9874668121337891,
                    0.05189512297511101
                ],
                [
                    -0.04041074961423874,
                    -0.05852043256163597,
                    0.9974680542945862
                ]
            ],
            [
                [
                    0.965973436832428,
                    0.23849453032016754,
                    -0.10007792711257935
                ],
                [
                    -0.22192876040935516,
                    0.9630103707313538,
                    0.152834951877594
                ],
                [
                    0.13282638788223267,
                    -0.1254243403673172,
                    0.9831712245941162
                ]
            ],
            [
                [
                    0.9695807099342346,
                    -0.22992198169231415,
                    0.08395856618881226
                ],
                [
                    0.2173522561788559,
                    0.9664785861968994,
                    0.136664018034935
                ],
                [
                    -0.11256622523069382,
                    -0.11425821483135223,
                    0.9870530366897583
                ]
            ]
        ],
        "betas": [
            0.00507761538028717,
            0.009317159652709961,
            0.20733121037483215,
            0.43389517068862915,
            0.005040019750595093,
            0.057093653827905655,
            0.02606832981109619,
            -0.040120720863342285,
            0.04660458862781525,
            -0.027913182973861694
        ]
    },
    "pred_cam_t": [
        -0.0383683517575264,
        0.1614285409450531,
        34.660884857177734
    ],
    "focal_length": [
        5000.0,
        5000.0
    ],
    "pred_keypoints_3d": [
        [
            0.08614306896924973,
            -0.7783738970756531,
            -0.23624616861343384
        ],
        [
            0.06351703405380249,
            -0.7326396703720093,
            -0.048310793936252594
        ],
        [
            -0.12695196270942688,
            -0.6585239768028259,
            -0.04742243140935898
        ],
        [
            -0.18844276666641235,
            -0.4190068244934082,
            0.006637841463088989
        ],
        [
            -0.07017552107572556,
            -0.3209109306335449,
            -0.19573885202407837
        ],
        [
            0.2279537320137024,
            -0.6297628879547119,
            0.006975378841161728
        ],
        [
            0.22495923936367035,
            -0.39140617847442627,
            0.11005677282810211
        ],
        [
            0.2568853497505188,
            -0.23258082568645477,
            -0.07825793325901031
        ],
        [
            -0.002150324871763587,
            -0.228515625,
            0.02763785608112812
        ],
        [
            -0.08060301840305328,
            -0.14760498702526093,
            0.030481426045298576
        ],
        [
            -0.16648593544960022,
            0.21905039250850677,
            -0.034627705812454224
        ],
        [
            -0.19439111649990082,
            0.5401246547698975,
            0.19863857328891754
        ],
        [
            0.05293744429945946,
            -0.1289004385471344,
            0.041717108339071274
        ],
        [
            0.05169350653886795,
            0.24068987369537354,
            -0.014913484454154968
        ],
        [
            0.010095968842506409,
            0.5718381404876709,
            0.20091119408607483
        ],
        [
            0.05432124808430672,
            -0.8294620513916016,
            -0.2228323221206665
        ],
        [
            0.12074792385101318,
            -0.8260951042175293,
            -0.21885189414024353
        ],
        [
            0.007662106305360794,
            -0.8541032075881958,
            -0.13261984288692474
        ],
        [
            0.15580588579177856,
            -0.8468287587165833,
            -0.12427045404911041
        ],
        [
            -0.0008954927325248718,
            0.7033185958862305,
            0.05029487609863281
        ],
        [
            0.06556979566812515,
            0.6945626735687256,
            0.10113412141799927
        ],
        [
            0.012004248797893524,
            0.5790207982063293,
            0.27113547921180725
        ],
        [
            -0.19361072778701782,
            0.6730992794036865,
            0.052564918994903564
        ],
        [
            -0.26798805594444275,
            0.6524997353553772,
            0.09486150741577148
        ],
        [
            -0.20031467080116272,
            0.5513885617256165,
            0.2711983323097229
        ],
        [
            -0.21191595494747162,
            0.4832541048526764,
            0.19669459760189056
        ],
        [
            -0.15462088584899902,
            0.15845297276973724,
            -0.03513164818286896
        ],
        [
            -0.14290741086006165,
            -0.28087854385375977,
            0.02880840189754963
        ],
        [
            0.1418016403913498,
            -0.22653356194496155,
            0.061026401817798615
        ],
        [
            0.06527875363826752,
            0.20133867859840393,
            -0.014814222231507301
        ],
        [
            0.02288336306810379,
            0.531406044960022,
            0.2089250385761261
        ],
        [
            -0.06343308091163635,
            -0.3573152422904968,
            -0.1834205687046051
        ],
        [
            -0.20302113890647888,
            -0.4423573613166809,
            -0.02995067834854126
        ],
        [
            -0.08829030394554138,
            -0.6843166351318359,
            -0.048143137246370316
        ],
        [
            0.20084112882614136,
            -0.6632673740386963,
            -0.00020914897322654724
        ],
        [
            0.2640860378742218,
            -0.41327136754989624,
            0.07839278876781464
        ],
        [
            0.2622522711753845,
            -0.25560444593429565,
            -0.07772037386894226
        ],
        [
            0.06613504886627197,
            -0.7249555587768555,
            -0.05132589116692543
        ],
        [
            0.08963682502508163,
            -0.8936739563941956,
            -0.16300490498542786
        ],
        [
            0.00018258552881889045,
            -0.25372228026390076,
            0.04498828947544098
        ],
        [
            0.05524195730686188,
            -0.6713869571685791,
            -0.027081813663244247
        ],
        [
            0.0320000946521759,
            -0.5017691254615784,
            0.026716087013483047
        ],
        [
            0.08684110641479492,
            -0.7799251675605774,
            -0.15505260229110718
        ],
        [
            0.08602176606655121,
            -0.9148517847061157,
            -0.16199864447116852
        ]
    ],
    "pred_vertices": [
        [
            0.13615959882736206,
            -0.8687158823013306,
            -0.23614320158958435
        ],
        [
            0.12943680584430695,
            -0.8533544540405273,
            -0.23725169897079468
        ],
        [
            0.13975851237773895,
            -0.8528797626495361,
            -0.22719600796699524
        ],
        [
            0.14571888744831085,
            -0.8656966686248779,
            -0.22169476747512817
        ],
        [
            0.13516563177108765,
            -0.8426207304000854,
            -0.22909149527549744
        ],
        [
            0.12563200294971466,
            -0.8420301675796509,
            -0.23658260703086853
        ],
        [
            0.1455620974302292,
            -0.850540041923523,
            -0.21461527049541473
        ],
        [
            0.15080618858337402,
            -0.8601924180984497,
            -0.2069048136472702
        ],
        [
            0.14757086336612701,
            -0.8210522532463074,
            -0.1901017427444458
        ],
        [
            0.15068350732326508,
            -0.8197832703590393,
            -0.1792905628681183
        ],
        [
            0.1518206149339676,
            -0.830611526966095,
            -0.18537217378616333
        ],
        [
            0.14717742800712585,
            -0.8291469812393188,
            -0.1944776028394699
        ],
        [
            0.14456410706043243,
            -0.7981044054031372,
            -0.17757323384284973
        ],
        [
            0.1381864994764328,
            -0.786787211894989,
            -0.18243977427482605
        ],
        [
            0.13923561573028564,
            -0.7817187309265137,
            -0.16995194554328918
        ],
        [
            0.14448750019073486,
            -0.7927731275558472,
            -0.16421812772750854
        ],
        [
            0.10816036909818649,
            -0.793185830116272,
            -0.21202504634857178
        ],
        [
            0.11314669251441956,
            -0.7870743870735168,
            -0.20827382802963257
        ],
        [
            0.11742673814296722,
            -0.7934390306472778,
            -0.20961235463619232
        ],
        [
            0.11161798238754272,
            -0.798904538154602,
            -0.21280503273010254
        ],
        [
            0.09992770850658417,
            -0.8006368279457092,
            -0.22210870683193207
        ],
        [
            0.10114006698131561,
            -0.8069184422492981,
            -0.2207956314086914
        ],
        [
            0.09705352783203125,
            -0.8089288473129272,
            -0.22739452123641968
        ],
        [
            0.09670497477054596,
            -0.801582932472229,
            -0.22936812043190002
        ],
        [
            0.10235349833965302,
            -0.7885141968727112,
            -0.21064326167106628
        ],
        [
            0.10770591348409653,
            -0.7823275327682495,
            -0.20636817812919617
        ],
        [
            0.10392403602600098,
            -0.7981573939323425,
            -0.21587848663330078
        ],
        [
            0.10177680850028992,
            -0.7934166193008423,
            -0.21666204929351807
        ],
        [
            0.09919407963752747,
            -0.7841817140579224,
            -0.22457730770111084
        ],
        [
            0.10094188153743744,
            -0.7890396118164062,
            -0.22466740012168884
        ],
        [
            0.09804041683673859,
            -0.7878341674804688,
            -0.2318526655435562
        ],
        [
            0.09634500741958618,
            -0.7829445600509644,
            -0.22943754494190216
        ],
        [
            0.10122619569301605,
            -0.7866964936256409,
            -0.2153046876192093
        ],
        [
            0.10217680782079697,
            -0.7884261608123779,
            -0.21895980834960938
        ],
        [
            0.09962345659732819,
            -0.7842447757720947,
            -0.22007235884666443
        ],
        [
            0.09781531989574432,
            -0.7834192514419556,
            -0.2163536250591278
        ],
        [
            0.09918878972530365,
            -0.7957032918930054,
            -0.22334331274032593
        ],
        [
            0.09697854518890381,
            -0.7951390147209167,
            -0.23085898160934448
        ],
        [
            0.09366261959075928,
            -0.7942001819610596,
            -0.23840996623039246
        ],
        [
            0.09418804198503494,
            -0.7852386236190796,
            -0.23859724402427673
        ],
        [
            0.12259530276060104,
            -0.7762337923049927,
            -0.19605688750743866
        ],
        [
            0.11841036379337311,
            -0.7813596129417419,
            -0.2031843662261963
        ],
        [
            0.11295726895332336,
            -0.7769918441772461,
            -0.20197749137878418
        ],
        [
            0.1170983761548996,
            -0.7726446390151978,
            -0.19677501916885376
        ],
        [
            0.0985594317317009,
            -0.7816497683525085,
            -0.21184226870536804
        ],
        [
            0.10106173157691956,
            -0.7666635513305664,
            -0.2056957483291626
        ],
        [
            0.10165983438491821,
            -0.7700924277305603,
            -0.20733270049095154
        ],
        [
            0.09601734578609467,
            -0.769730269908905,
            -0.21195167303085327
        ],
        [
            0.09608477354049683,
            -0.7665547132492065,
            -0.21019013226032257
        ],
        [
            0.12567922472953796,
            -0.7657951712608337,
            -0.1819579154253006
        ],
        [
            0.12035752832889557,
            -0.7634159326553345,
            -0.18636420369148254
        ],
        [
            0.12002476304769516,
            -0.7578861713409424,
            -0.18124276399612427
        ],
        [
            0.12445949763059616,
            -0.7596045732498169,
            -0.17523828148841858
        ],
        [
            0.11712279915809631,
            -0.7529568672180176,
            -0.1783655732870102
        ],
        [
            0.12227773666381836,
            -0.7535113096237183,
            -0.1694241464138031
        ],
        [
            0.11212153732776642,
            -0.7405321598052979,
            -0.16527250409126282
        ],
        [
            0.11724106222391129,
            -0.7463498115539551,
            -0.16676749289035797
        ],
        [
            0.11280778050422668,
            -0.7477138042449951,
            -0.17709651589393616
        ],
        [
            0.1072780042886734,
            -0.7420017123222351,
            -0.1786898523569107
        ],
        [
            0.09639419615268707,
            -0.7438288927078247,
            -0.1895035356283188
        ],
        [
            0.09073416888713837,
            -0.7419262528419495,
            -0.19212529063224792
        ],
        [
            0.09424319863319397,
            -0.7311288118362427,
            -0.18520405888557434
        ],
        [
            0.10048499703407288,
            -0.7355614900588989,
            -0.18218085169792175
        ],
        [
            0.09998814016580582,
            -0.7627241611480713,
            -0.1993464082479477
        ],
        [
            0.10364500433206558,
            -0.7636943459510803,
            -0.1963091641664505
        ],
        [
            0.10424496233463287,
            -0.7641814351081848,
            -0.1989758014678955
        ],
        [
            0.10056494176387787,
            -0.7641374468803406,
            -0.20289352536201477
        ],
        [
            0.10699249804019928,
            -0.7640326023101807,
            -0.19406220316886902
        ],
        [
            0.10853307694196701,
            -0.7640256285667419,
            -0.193088561296463
        ],
        [
            0.10854220390319824,
            -0.7647539377212524,
            -0.19474568963050842
        ],
        [
            0.10700607299804688,
            -0.7645461559295654,
            -0.19491642713546753
        ],
        [
            0.10508996248245239,
            -0.7640657424926758,
            -0.19557303190231323
        ],
        [
            0.10397553443908691,
            -0.7621657848358154,
            -0.19532492756843567
        ],
        [
            0.1061050295829773,
            -0.763150691986084,
            -0.1943012773990631
        ],
        [
            0.10066954046487808,
            -0.7604554891586304,
            -0.19803348183631897
        ],
        [
            0.08871562778949738,
            -0.7560538053512573,
            -0.20587731897830963
        ],
        [
            0.09250845015048981,
            -0.7567416429519653,
            -0.20430290699005127
        ],
        [
            0.09130776673555374,
            -0.7612906098365784,
            -0.20523062348365784
        ],
        [
            0.08809848129749298,
            -0.760972797870636,
            -0.20678085088729858
        ],
        [
            0.10711683332920074,
            -0.7659947872161865,
            -0.19743388891220093
        ],
        [
            0.10979458689689636,
            -0.7673959732055664,
            -0.19719460606575012
        ],
        [
            0.10663861036300659,
            -0.7687358856201172,
            -0.20188826322555542
        ],
        [
            0.10517210513353348,
            -0.7664785981178284,
            -0.2003965526819229
        ],
        [
            0.11268085986375809,
            -0.7691071033477783,
            -0.19742369651794434
        ],
        [
            0.11084482818841934,
            -0.7660417556762695,
            -0.19437122344970703
        ],
        [
            0.11388793587684631,
            -0.766852617263794,
            -0.19381585717201233
        ],
        [
            0.10783842206001282,
            -0.7624117136001587,
            -0.1924634575843811
        ],
        [
            0.11026372015476227,
            -0.7612922191619873,
            -0.1901749074459076
        ],
        [
            0.11114919185638428,
            -0.763332724571228,
            -0.19204357266426086
        ],
        [
            0.10799282789230347,
            -0.7582057118415833,
            -0.1895248293876648
        ],
        [
            0.10530557483434677,
            -0.7603482007980347,
            -0.19300350546836853
        ],
        [
            0.10193341970443726,
            -0.7577043771743774,
            -0.1952889859676361
        ],
        [
            0.09759245812892914,
            -0.7550266981124878,
            -0.19845381379127502
        ],
        [
            0.09930306673049927,
            -0.751577615737915,
            -0.19350183010101318
        ],
        [
            0.10419464111328125,
            -0.7547460794448853,
            -0.19092334806919098
        ],
        [
            0.10885117948055267,
            -0.7726673483848572,
            -0.20246288180351257
        ],
        [
            0.11513601243495941,
            -0.763247013092041,
            -0.18959549069404602
        ],
        [
            0.11912350356578827,
            -0.7690167427062988,
            -0.19164426624774933
        ],
        [
            0.11450979113578796,
            -0.7592185735702515,
            -0.18672069907188416
        ],
        [
            0.11200441420078278,
            -0.7553064823150635,
            -0.18487948179244995
        ],
        [
            0.10767905414104462,
            -0.7511856555938721,
            -0.1850699633359909
        ],
        [
            0.10221907496452332,
            -0.7471756935119629,
            -0.18718716502189636
        ],
        [
            0.09492868185043335,
            -0.7270305752754211,
            -0.17100085318088531
        ],
        [
            0.10317178070545197,
            -0.7327739000320435,
            -0.1686527580022812
        ],
        [
            0.12262490391731262,
            -0.8361800909042358,
            -0.23120248317718506
        ],
        [
            0.13098573684692383,
            -0.8360491991043091,
            -0.22750620543956757
        ],
        [
            0.13019979000091553,
            -0.8307315111160278,
            -0.21979281306266785
        ],
        [
            0.1322813183069229,
            -0.8327807188034058,
            -0.22034859657287598
        ],
        [
            0.12737929821014404,
            -0.8331210017204285,
            -0.2245980203151703
        ],
        [
            0.12651535868644714,
            -0.8307701349258423,
            -0.22278165817260742
        ],
        [
            0.1417306363582611,
            -0.8290969729423523,
            -0.20130673050880432
        ],
        [
            0.13746702671051025,
            -0.8292347192764282,
            -0.20681113004684448
        ],
        [
            0.1372872292995453,
            -0.8262938857078552,
            -0.20389355719089508
        ],
        [
            0.1427278220653534,
            -0.8231735229492188,
            -0.19796031713485718
        ],
        [
            0.12962086498737335,
            -0.8170042037963867,
            -0.20814204216003418
        ],
        [
            0.13373687863349915,
            -0.8192583322525024,
            -0.2051434963941574
        ],
        [
            0.1309172660112381,
            -0.8244442343711853,
            -0.21073493361473083
        ],
        [
            0.12796148657798767,
            -0.8227949142456055,
            -0.2129628211259842
        ],
        [
            0.1243092343211174,
            -0.8218279480934143,
            -0.2149956077337265
        ],
        [
            0.12019738554954529,
            -0.8215408325195312,
            -0.21668577194213867
        ],
        [
            0.1198825091123581,
            -0.8168867230415344,
            -0.21396344900131226
        ],
        [
            0.12469664216041565,
            -0.81646728515625,
            -0.21131977438926697
        ],
        [
            0.12105751037597656,
            -0.8339559435844421,
            -0.22685477137565613
        ],
        [
            0.11377488076686859,
            -0.8336377739906311,
            -0.22713904082775116
        ],
        [
            0.11475805938243866,
            -0.8311237692832947,
            -0.22512924671173096
        ],
        [
            0.12095324695110321,
            -0.8310708999633789,
            -0.22525744140148163
        ],
        [
            0.10357394069433212,
            -0.8276528120040894,
            -0.2189866006374359
        ],
        [
            0.10513142496347427,
            -0.829460620880127,
            -0.22081783413887024
        ],
        [
            0.1018628478050232,
            -0.8304282426834106,
            -0.22288364171981812
        ],
        [
            0.10046978294849396,
            -0.8266697525978088,
            -0.22039255499839783
        ],
        [
            0.10243867337703705,
            -0.8237420320510864,
            -0.21904721856117249
        ],
        [
            0.10472758114337921,
            -0.8258548974990845,
            -0.21861451864242554
        ],
        [
            0.12911556661128998,
            -0.889289140701294,
            -0.24355903267860413
        ],
        [
            0.12353305518627167,
            -0.8711941242218018,
            -0.2456451654434204
        ],
        [
            0.1427215039730072,
            -0.8868905305862427,
            -0.22816753387451172
        ],
        [
            0.1501353681087494,
            -0.8811367750167847,
            -0.21243168413639069
        ],
        [
            0.15574608743190765,
            -0.8714323043823242,
            -0.19769278168678284
        ],
        [
            0.13243192434310913,
            -0.7722771763801575,
            -0.1762104630470276
        ],
        [
            0.13234223425388336,
            -0.7662869095802307,
            -0.16687478125095367
        ],
        [
            0.13960447907447815,
            -0.7772798538208008,
            -0.1577596366405487
        ],
        [
            0.13627901673316956,
            -0.7695360779762268,
            -0.14932022988796234
        ],
        [
            0.1291089653968811,
            -0.7583707571029663,
            -0.15943151712417603
        ],
        [
            0.11409984529018402,
            -0.7424017190933228,
            -0.15151789784431458
        ],
        [
            0.12306971848011017,
            -0.7498435378074646,
            -0.15417541563510895
        ],
        [
            0.13017846643924713,
            -0.762351393699646,
            -0.14087799191474915
        ],
        [
            0.13762865960597992,
            -0.7791471481323242,
            -0.13065268099308014
        ],
        [
            0.14182309806346893,
            -0.7828930616378784,
            -0.14111275970935822
        ],
        [
            0.14183664321899414,
            -0.7979961037635803,
            -0.12433476746082306
        ],
        [
            0.13141608238220215,
            -0.776268482208252,
            -0.1173996776342392
        ],
        [
            0.13814294338226318,
            -0.8004328012466431,
            -0.11593508720397949
        ],
        [
            0.11393781751394272,
            -0.7425137758255005,
            -0.11056212335824966
        ],
        [
            0.11455583572387695,
            -0.733997106552124,
            -0.10323493182659149
        ],
        [
            0.12421343475580215,
            -0.7450355291366577,
            -0.09113025665283203
        ],
        [
            0.12460164725780487,
            -0.7535620927810669,
            -0.09876543283462524
        ],
        [
            0.14433333277702332,
            -0.7874917984008789,
            -0.15149523317813873
        ],
        [
            0.15428218245506287,
            -0.8429335951805115,
            -0.18210172653198242
        ],
        [
            0.15095768868923187,
            -0.8387986421585083,
            -0.192975252866745
        ],
        [
            0.1542273908853531,
            -0.8326581120491028,
            -0.17364870011806488
        ],
        [
            0.1601387858390808,
            -0.9050628542900085,
            -0.1870482712984085
        ],
        [
            0.15599094331264496,
            -0.8944559097290039,
            -0.20176294445991516
        ],
        [
            0.1608027219772339,
            -0.8826237320899963,
            -0.18913720548152924
        ],
        [
            0.1642783135175705,
            -0.8942332863807678,
            -0.17692595720291138
        ],
        [
            0.13659308850765228,
            -0.9349671602249146,
            -0.2115497589111328
        ],
        [
            0.13521066308021545,
            -0.914004921913147,
            -0.2301662117242813
        ],
        [
            0.14540229737758636,
            -0.9058465361595154,
            -0.21734674274921417
        ],
        [
            0.14833654463291168,
            -0.9220510125160217,
            -0.20191767811775208
        ],
        [
            0.16505202651023865,
            -0.9003775119781494,
            -0.16496163606643677
        ],
        [
            0.16448874771595,
            -0.9088549613952637,
            -0.14815273880958557
        ],
        [
            0.16151063144207,
            -0.9261999130249023,
            -0.14853529632091522
        ],
        [
            0.16133436560630798,
            -0.9178966283798218,
            -0.1697295606136322
        ],
        [
            0.15040943026542664,
            -0.9479219913482666,
            -0.1513615846633911
        ],
        [
            0.1505601406097412,
            -0.9384037256240845,
            -0.1769246757030487
        ],
        [
            0.1335984766483307,
            -0.791750967502594,
            -0.10131016373634338
        ],
        [
            0.13700664043426514,
            -0.8098044991493225,
            -0.10591722279787064
        ],
        [
            0.1254812330007553,
            -0.7634557485580444,
            -0.10906097292900085
        ],
        [
            0.13082705438137054,
            -0.7768155336380005,
            -0.09560355544090271
        ],
        [
            0.13337969779968262,
            -0.9650803804397583,
            -0.15424752235412598
        ],
        [
            0.1347295343875885,
            -0.9545570015907288,
            -0.18502038717269897
        ],
        [
            0.14815977215766907,
            -0.9079895615577698,
            -0.09571439027786255
        ],
        [
            0.1529640406370163,
            -0.9213171601295471,
            -0.10974554717540741
        ],
        [
            0.1588350385427475,
            -0.9030142426490784,
            -0.1186639666557312
        ],
        [
            0.15397168695926666,
            -0.8932086825370789,
            -0.1042417511343956
        ],
        [
            0.13711665570735931,
