{
    "pred_cam": [
        1.5135952234268188,
        0.18827353417873383,
        0.3018905222415924
    ],
    "pred_smpl_params": {
        "global_orient": [
            [
                [
                    -0.7811395525932312,
                    -0.012276289984583855,
                    -0.6242358088493347
                ],
                [
                    0.19618499279022217,
                    -0.9539929628372192,
                    -0.2267354130744934
                ],
                [
                    -0.5927330851554871,
                    -0.2995776832103729,
                    0.7476100325584412
                ]
            ]
        ],
        "body_pose": [
            [
                [
                    0.9997360110282898,
                    0.014040930196642876,
                    -0.018186403438448906
                ],
                [
                    -0.008700313977897167,
                    0.9639471769332886,
                    0.2659512758255005
                ],
                [
                    0.0212649367749691,
                    -0.2657228410243988,
                    0.9638148546218872
                ]
            ],
            [
                [
                    0.989101767539978,
                    0.023201091215014458,
                    -0.14539414644241333
                ],
                [
                    0.0021771732717752457,
                    0.9850934743881226,
                    0.17200616002082825
                ],
                [
                    0.1472175568342209,
                    -0.17044812440872192,
                    0.9743071794509888
                ]
            ],
            [
                [
                    0.9961340427398682,
                    0.018932003527879715,
                    0.08578123897314072
                ],
                [
                    0.005735715851187706,
                    0.9603996276855469,
                    -0.27856695652008057
                ],
                [
                    -0.0876581072807312,
                    0.27798208594322205,
                    0.9565781950950623
                ]
            ],
            [
                [
                    0.9954911470413208,
                    0.047015126794576645,
                    -0.08238362520933151
                ],
                [
                    -0.0667806938290596,
                    0.9641790390014648,
                    -0.25670844316482544
                ],
                [
                    0.06736337393522263,
                    0.26105257868766785,
                    0.9629713892936707
                ]
            ],
            [
                [
                    0.9603983163833618,
                    -0.27090078592300415,
                    -0.06517551839351654
                ],
                [
                    0.16080306470394135,
                    0.729915201663971,
                    -0.6643539071083069
                ],
                [
                    0.2275466024875641,
                    0.6275639533996582,
                    0.7445710301399231
                ]
            ],
            [
                [
                    0.9978833198547363,
                    -0.0012791953049600124,
                    0.06501664221286774
                ],
                [
                    0.00280435080640018,
                    0.9997228980064392,
                    -0.023372052237391472
                ],
                [
                    -0.06496872752904892,
                    0.023504912853240967,
                    0.9976103901863098
                ]
            ],
            [
                [
                    0.9832842350006104,
                    0.01571650616824627,
                    0.1813977062702179
                ],
                [
                    -0.0186610147356987,
                    0.9997202157974243,
                    0.014536923728883266
                ],
                [
                    -0.18111847341060638,
                    -0.017678990960121155,
                    0.9833024144172668
                ]
            ],
            [
                [
                    0.9825456142425537,
                    0.061880920082330704,
                    -0.17542774975299835
                ],
                [
                    -0.04174422845244408,
                    0.9923436641693115,
                    0.11623889207839966
                ],
                [
                    0.1812775880098343,
                    -0.10688691586256027,
                    0.9776060581207275
                ]
            ],
            [
                [
                    0.9985035061836243,
                    0.020157726481556892,
                    0.05083710327744484
                ],
                [
                    -0.016987241804599762,
                    0.9979288578033447,
                    -0.06204431131482124
                ],
                [
                    -0.05198248103260994,
                    0.06108788028359413,
                    0.9967778921127319
                ]
            ],
            [
                [
                    0.9958075881004333,
                    -0.08368802815675735,
                    0.03692600503563881
                ],
                [
                    0.08283792436122894,
                    0.9962744116783142,
                    0.023983359336853027
                ],
                [
                    -0.038795553147792816,
                    -0.02082393877208233,
                    0.9990301728248596
                ]
            ],
            [
                [
                    0.9996246695518494,
                    -0.006015541031956673,
                    -0.026726139709353447
                ],
                [
                    0.0071779112331569195,
                    0.9990228414535522,
                    0.04361094906926155
                ],
                [
                    0.026437677443027496,
                    -0.04378642141819,
                    0.9986910820007324
                ]
            ],
            [
                [
                    0.9901698231697083,
                    -0.015253975987434387,
                    0.1390359252691269
                ],
                [
                    0.024047542363405228,
                    0.9977995157241821,
                    -0.0617879219353199
                ],
                [
                    -0.13778747618198395,
                    0.06452400982379913,
                    0.9883577823638916
                ]
            ],
            [
                [
                    0.9367817044258118,
                    0.2376362830400467,
                    -0.25684455037117004
                ],
                [
                    -0.21587322652339935,
                    0.9701746702194214,
                    0.11027149111032486
                ],
                [
                    0.27538859844207764,
                    -0.04785444959998131,
                    0.9601411819458008
                ]
            ],
            [
                [
                    0.8852576017379761,
                    -0.34380674362182617,
                    0.31323447823524475
                ],
                [
                    0.3412439525127411,
                    0.9377355575561523,
                    0.06484270840883255
                ],
                [
                    -0.3160244822502136,
                    0.049486882984638214,
                    0.9474595189094543
                ]
            ],
            [
                [
                    0.9994665384292603,
                    0.03189127519726753,
                    0.007038109004497528
                ],
                [
                    -0.027291884645819664,
                    0.9339613914489746,
                    -0.35633042454719543
                ],
                [
                    -0.017937153577804565,
                    0.355948269367218,
                    0.9343335032463074
                ]
            ],
            [
                [
                    0.7596408128738403,
                    0.5340344905853271,
                    -0.3711508512496948
                ],
                [
                    -0.514474093914032,
                    0.8425686359405518,
                    0.15935611724853516
                ],
                [
                    0.3978217840194702,
                    0.06989412754774094,
                    0.9147964715957642
                ]
            ],
            [
                [
                    0.4831555187702179,
                    -0.7676609754562378,
                    0.42101946473121643
                ],
                [
                    0.8011689186096191,
                    0.5815858840942383,
                    0.14101861417293549
                ],
                [
                    -0.35311344265937805,
                    0.2691737711429596,
                    0.8960225582122803
                ]
            ],
            [
                [
                    0.6381123065948486,
                    -0.16708777844905853,
                    -0.7515944838523865
                ],
                [
                    0.24031378328800201,
                    0.9706240892410278,
                    -0.011751356534659863
                ],
                [
                    0.731479287147522,
                    -0.17311982810497284,
                    0.65952068567276
                ]
            ],
            [
                [
                    0.6163302659988403,
                    0.23203764855861664,
                    0.752526044845581
                ],
                [
                    -0.14510707557201385,
                    0.9727038145065308,
                    -0.18108344078063965
                ],
                [
                    -0.7740031480789185,
                    0.002410345710813999,
                    0.6331771016120911
                ]
            ],
            [
                [
                    0.9921121001243591,
                    -0.12473312020301819,
                    -0.012455344200134277
                ],
                [
                    0.12456560879945755,
                    0.9921205043792725,
                    -0.013425827026367188
                ],
                [
                    0.014031847938895226,
                    0.011768418364226818,
                    0.9998322129249573
                ]
            ],
            [
                [
                    0.9964514374732971,
                    0.0736096203327179,
                    0.04081746190786362
                ],
                [
                    -0.0778697282075882,
                    0.9902973175048828,
                    0.11509794741868973
                ],
                [
                    -0.031949106603860855,
                    -0.11786796897649765,
                    0.9925151467323303
                ]
            ],
            [
                [
                    0.9827921986579895,
                    0.15830107033252716,
                    -0.0951855480670929
                ],
                [
                    -0.14588728547096252,
                    0.9812869429588318,
                    0.12566949427127838
                ],
                [
                    0.1132979542016983,
                    -0.10962063819169998,
                    0.9874952435493469
                ]
            ],
            [
                [
                    0.9841070175170898,
                    -0.15543751418590546,
                    0.08586324006319046
                ],
                [
                    0.14525417983531952,
                    0.9827705025672913,
                    0.11429508030414581
                ],
                [
                    -0.102149598300457,
                    -0.100006602704525,
                    0.9897292852401733
                ]
            ]
        ],
        "betas": [
            -0.3216053247451782,
            -0.3587384521961212,
            0.22426995635032654,
            0.8692755699157715,
            0.29380232095718384,
            -0.0019434653222560883,
            -0.0548725426197052,
            -0.053078919649124146,
            0.0330684632062912,
            -0.07786533236503601
        ]
    },
    "pred_cam_t": [
        0.18827353417873383,
        0.3018905222415924,
        25.807758331298828
    ],
    "focal_length": [
        5000.0,
        5000.0
    ],
    "pred_keypoints_3d": [
        [
            -0.23059378564357758,
            -0.7627917528152466,
            0.028478965163230896
        ],
        [
            -0.07185572385787964,
            -0.7234781980514526,
            -0.06219090521335602
        ],
        [
            0.04902224987745285,
            -0.6611384749412537,
            0.0936441719532013
        ],
        [
            0.05627799779176712,
            -0.4283568561077118,
            0.1736576408147812
        ],
        [
            -0.13700032234191895,
            -0.31377026438713074,
            0.2753715217113495
        ],
        [
            -0.18019986152648926,
            -0.6000580787658691,
            -0.17280083894729614
        ],
        [
            -0.31133243441581726,
            -0.38444948196411133,
            -0.17238759994506836
        ],
        [
            -0.5025511384010315,
            -0.34771615266799927,
            -0.029949679970741272
        ],
        [
            -0.002109678927809,
            -0.22984866797924042,
            0.028440747410058975
        ],
        [
            0.05409281328320503,
            -0.15634313225746155,
            0.09217607975006104
        ],
        [
            0.06100799888372421,
            0.17044013738632202,
            0.2624814510345459
        ],
        [
            0.07013510167598724,
            0.5210659503936768,
            0.10977734625339508
        ],
        [
            -0.05078250914812088,
            -0.12811124324798584,
            0.00989566184580326
        ],
        [
            -0.12485214322805405,
            0.18772467970848083,
            0.16664022207260132
        ],
        [
            -0.06992308795452118,
            0.5526045560836792,
            0.2659149765968323
        ],
        [
            -0.20875215530395508,
            -0.8176905512809753,
            0.0425967276096344
        ],
        [
            -0.24442239105701447,
            -0.8056156635284424,
            -0.012142363935709
        ],
        [
            -0.11188748478889465,
            -0.8561655282974243,
            0.02399437129497528
        ],
        [
            -0.19355791807174683,
            -0.8300302028656006,
            -0.0985264778137207
        ],
        [
            -0.19392555952072144,
            0.5621982216835022,
            0.42140063643455505
        ],
        [
            -0.20975235104560852,
            0.5940811634063721,
            0.3456171154975891
        ],
        [
            -0.03451796621084213,
            0.5985621213912964,
            0.23128777742385864
        ],
        [
            0.021336443722248077,
            0.6022823452949524,
            0.28221583366394043
        ],
        [
            0.10403105616569519,
            0.6009618043899536,
            0.2536463141441345
        ],
        [
            0.08844955265522003,
            0.5512087941169739,
            0.0490739643573761
        ],
        [
            0.0987820029258728,
            0.46840548515319824,
            0.10566096007823944
        ],
        [
            0.06010359898209572,
            0.11248729377985,
            0.24665479362010956
        ],
        [
            0.12072824686765671,
            -0.28608065843582153,
            0.09621641039848328
        ],
        [
            -0.09906751662492752,
            -0.21046055853366852,
            -0.08409597724676132
        ],
        [
            -0.12893950939178467,
            0.15225428342819214,
            0.14244592189788818
        ],
        [
            -0.06363534182310104,
            0.5279015302658081,
            0.2309461534023285
        ],
        [
            -0.14168450236320496,
            -0.3478699326515198,
            0.2609791159629822
        ],
        [
            0.04788414388895035,
            -0.4584736227989197,
            0.20080949366092682
        ],
        [
            0.02459770441055298,
            -0.686119794845581,
            0.0600290447473526
        ],
        [
            -0.16379308700561523,
            -0.6353700757026672,
            -0.1668330878019333
        ],
        [
            -0.3347596526145935,
            -0.4273342490196228,
            -0.18074440956115723
        ],
        [
            -0.49897170066833496,
            -0.36766430735588074,
            -0.036984339356422424
        ],
        [
            -0.07780010998249054,
            -0.7126729488372803,
            -0.055675797164440155
        ],
        [
            -0.19208598136901855,
            -0.8816962242126465,
            -0.025376643985509872
        ],
        [
            0.010375222191214561,
            -0.2482261061668396,
            0.0054690055549144745
        ],
        [
            -0.06744604557752609,
            -0.6580096483230591,
            -0.05070965737104416
        ],
        [
            -0.00804516114294529,
            -0.49046963453292847,
            -0.04763369634747505
        ],
        [
            -0.16742387413978577,
            -0.7694571018218994,
            -0.020065730437636375
        ],
        [
            -0.19251757860183716,
            -0.9019613265991211,
            -0.02462359145283699
        ]
    ],
    "pred_vertices": [
        [
            -0.27300482988357544,
            -0.845295786857605,
            -0.016855541616678238
        ],
        [
            -0.26770976185798645,
            -0.8305368423461914,
            -0.009657323360443115
        ],
        [
            -0.2653653621673584,
            -0.8293622136116028,
            -0.023896783590316772
        ],
        [
            -0.266977995634079,
            -0.8417689800262451,
            -0.03271597996354103
        ],
        [
            -0.2633938193321228,
            -0.8192242383956909,
            -0.018355239182710648
        ],
        [
            -0.26360395550727844,
            -0.8194707036018372,
            -0.0062579624354839325
        ],
        [
            -0.2587589919567108,
            -0.8270593285560608,
            -0.03573239594697952
        ],
        [
            -0.25751933455467224,
            -0.8367614150047302,
            -0.04525970295071602
        ],
        [
            -0.23720800876617432,
            -0.7990809679031372,
            -0.050386570394039154
        ],
        [
            -0.23062685132026672,
            -0.7983546257019043,
            -0.05932861566543579
        ],
        [
            -0.23735809326171875,
            -0.8086392879486084,
            -0.05696379393339157
        ],
        [
            -0.2414253205060959,
            -0.8069254755973816,
            -0.04771433398127556
        ],
        [
            -0.22222453355789185,
            -0.7779480218887329,
            -0.0537610724568367
        ],
        [
            -0.22082407772541046,
            -0.7673410177230835,
            -0.0450236052274704
        ],
        [
            -0.21103477478027344,
            -0.7630654573440552,
            -0.053098078817129135
        ],
        [
            -0.2108422964811325,
            -0.7738305330276489,
            -0.06153102219104767
        ],
        [
            -0.22695741057395935,
            -0.7758073210716248,
            -0.0041639432311058044
        ],
        [
            -0.22606611251831055,
            -0.7694039344787598,
            -0.009885843843221664
        ],
        [
            -0.23065981268882751,
            -0.7748585939407349,
            -0.012851595878601074
        ],
        [
            -0.2304980456829071,
            -0.7808208465576172,
            -0.006810292601585388
        ],
        [
            -0.2309999167919159,
            -0.7835090160369873,
            0.0076852478086948395
        ],
        [
            -0.23166421055793762,
            -0.7895194888114929,
            0.0055121928453445435
        ],
        [
            -0.23477596044540405,
            -0.7915719747543335,
            0.01259705051779747
        ],
        [
            -0.2350163459777832,
            -0.7843421101570129,
            0.014523264020681381
        ],
        [
            -0.22171738743782043,
            -0.772172212600708,
            -0.00015093758702278137
        ],
        [
            -0.2205558717250824,
            -0.7657402753829956,
            -0.006388522684574127
        ],
        [
            -0.2280689775943756,
            -0.7810459733009338,
            0.0010398328304290771
        ],
        [
            -0.2267085760831833,
            -0.776594877243042,
            0.0034689977765083313
        ],
        [
            -0.23021744191646576,
            -0.7674422264099121,
            0.010924231261014938
        ],
        [
            -0.23213636875152588,
            -0.7718576192855835,
            0.009252604097127914
        ],
        [
            -0.23591971397399902,
            -0.7705203890800476,
            0.015813440084457397
        ],
        [
            -0.23222053050994873,
            -0.7661716938018799,
            0.016071677207946777
        ],
        [
            -0.2244589924812317,
            -0.7701847553253174,
            0.0034141428768634796
        ],
        [
            -0.22818809747695923,
            -0.7715340852737427,
            0.004732955247163773
        ],
        [
            -0.226904958486557,
            -0.7677497863769531,
            0.00772659108042717
        ],
        [
            -0.22274231910705566,
            -0.7674444317817688,
            0.007025379687547684
        ],
        [
            -0.230876624584198,
            -0.7786906957626343,
            0.009212028235197067
        ],
        [
            -0.23553091287612915,
            -0.7778512835502625,
            0.015540271997451782
        ],
        [
            -0.23940443992614746,
            -0.7768212556838989,
            0.022738054394721985
        ],
        [
            -0.23835620284080505,
            -0.7680331468582153,
            0.0232216939330101
        ],
        [
            -0.22071292996406555,
            -0.7582370042800903,
            -0.023708470165729523
        ],
        [
            -0.22443020343780518,
            -0.7634129524230957,
            -0.016716819256544113
        ],
        [
            -0.21960440278053284,
            -0.7600518465042114,
            -0.012701787054538727
        ],
        [
            -0.21745210886001587,
            -0.7555034160614014,
            -0.018715787678956985
        ],
        [
            -0.21937236189842224,
            -0.7659099102020264,
            0.003982383757829666
        ],
        [
            -0.21392510831356049,
            -0.7513838410377502,
            -0.0004140585660934448
        ],
        [
            -0.21599721908569336,
            -0.7545590400695801,
            -0.00023847073316574097
        ],
        [
            -0.2162211537361145,
            -0.7546720504760742,
            0.006986118853092194
        ],
        [
            -0.21448732912540436,
            -0.751648485660553,
            0.0061807334423065186
        ],
        [
            -0.2102503478527069,
            -0.7485491037368774,
            -0.03392205387353897
        ],
        [
            -0.21013079583644867,
            -0.7466375827789307,
            -0.026836223900318146
        ],
        [
            -0.20522810518741608,
            -0.7416822910308838,
            -0.029184728860855103
        ],
        [
            -0.20352214574813843,
            -0.7431358098983765,
            -0.036496616899967194
        ],
        [
            -0.20053093135356903,
            -0.7375857830047607,
            -0.028080549091100693
        ],
        [
            -0.19689232110977173,
            -0.738070011138916,
            -0.037537530064582825
        ],
        [
            -0.185728520154953,
            -0.7273550033569336,
            -0.030670208856463432
        ],
        [
            -0.19083568453788757,
            -0.7321274280548096,
            -0.03441420942544937
        ],
        [
            -0.19616377353668213,
            -0.7333159446716309,
            -0.024904780089855194
        ],
        [
            -0.19325323402881622,
            -0.7285128831863403,
            -0.019119087606668472
        ],
        [
            -0.19545665383338928,
            -0.7310382127761841,
            -0.004342969506978989
        ],
        [
            -0.1938336193561554,
            -0.7298537492752075,
            0.0017797425389289856
        ],
        [
            -0.1889818012714386,
            -0.7194195985794067,
            -0.004110768437385559
        ],
        [
            -0.19104935228824615,
            -0.7229349613189697,
            -0.011194627732038498
        ],
        [
            -0.20778605341911316,
            -0.7481808662414551,
            -0.002899613231420517
        ],
        [
            -0.2077958881855011,
            -0.7487468719482422,
            -0.007664520293474197
        ],
        [
            -0.21033412218093872,
            -0.7489128112792969,
            -0.006619255989789963
        ],
        [
            -0.21113958954811096,
            -0.7492104768753052,
            -0.001375202089548111
        ],
        [
            -0.20820876955986023,
            -0.7486205101013184,
            -0.01170331984758377
        ],
        [
            -0.20838376879692078,
            -0.7484406232833862,
            -0.013500519096851349
        ],
        [
            -0.20978090167045593,
            -0.7490373849868774,
            -0.012598048895597458
        ],
        [
            -0.20894677937030792,
            -0.7490374445915222,
            -0.011423733085393906
        ],
        [
            -0.20821613073349,
            -0.7488390803337097,
            -0.00945349782705307
        ],
        [
            -0.20702114701271057,
            -0.7472283840179443,
            -0.008526746183633804
        ],
        [
            -0.20772144198417664,
            -0.7478939294815063,
            -0.010758839547634125
        ],
        [
            -0.20691701769828796,
            -0.7458948493003845,
            -0.004153389483690262
        ],
        [
            -0.20529671013355255,
            -0.7427963614463806,
            0.010287508368492126
        ],
        [
            -0.20642414689064026,
            -0.7430619597434998,
            0.006429810076951981
        ],
        [
            -0.2070336639881134,
            -0.7476063370704651,
            0.007524900138378143
        ],
        [
            -0.20624643564224243,
            -0.7476322650909424,
            0.010818623006343842
        ],
        [
            -0.2111491560935974,
            -0.7502220273017883,
            -0.010207649320363998
        ],
        [
            -0.21276769042015076,
            -0.7513466477394104,
            -0.01230839267373085
        ],
        [
            -0.2146303653717041,
            -0.7528800368309021,
            -0.0071565695106983185
        ],
        [
            -0.212304949760437,
            -0.7509589195251465,
            -0.006670285016298294
        ],
        [
            -0.21491220593452454,
            -0.752568244934082,
            -0.014712698757648468
        ],
        [
            -0.2110433280467987,
            -0.7499932050704956,
            -0.014730837196111679
        ],
        [
            -0.21249979734420776,
            -0.7503707408905029,
            -0.01759938895702362
        ],
        [
            -0.2072206288576126,
            -0.7470577955245972,
            -0.01316896453499794
        ],
        [
            -0.20671454071998596,
            -0.7458226680755615,
            -0.016376566141843796
        ],
        [
            -0.20903868973255157,
            -0.747503936290741,
            -0.016133934259414673
        ],
        [
            -0.20441417396068573,
            -0.7432091236114502,
            -0.014676228165626526
        ],
        [
            -0.20577344298362732,
            -0.7454419136047363,
            -0.010672342032194138
        ],
        [
            -0.20516207814216614,
            -0.7432385683059692,
            -0.006414875388145447
        ],
        [
            -0.20467203855514526,
            -0.7410582900047302,
            -0.0009107552468776703
        ],
        [
            -0.20135964453220367,
            -0.7378193140029907,
            -0.004905086010694504
        ],
        [
            -0.2027318775653839,
            -0.7403173446655273,
            -0.010552965104579926
        ],
        [
            -0.2169453352689743,
            -0.7562770843505859,
            -0.008950695395469666
        ],
        [
            -0.20947390794754028,
            -0.7470552921295166,
            -0.02075802907347679
        ],
        [
            -0.2142234742641449,
            -0.751948356628418,
            -0.023127011954784393
        ],
        [
            -0.20629051327705383,
            -0.7434327006340027,
            -0.021626215428113937
        ],
        [
            -0.20281000435352325,
            -0.7401442527770996,
            -0.020374182611703873
        ],
        [
            -0.19971853494644165,
            -0.7368326187133789,
            -0.016442198306322098
        ],
        [
            -0.1975836455821991,
            -0.7335973978042603,
            -0.010598473250865936
        ],
        [
            -0.1779031902551651,
            -0.7163783311843872,
            -0.012584935873746872
        ],
        [
            -0.18193835020065308,
            -0.7209309339523315,
            -0.020911384373903275
        ],
        [
            -0.25671467185020447,
            -0.8143953084945679,
            -0.006691645830869675
        ],
        [
            -0.25868505239486694,
            -0.8132907152175903,
            -0.015523422509431839
        ],
        [
            -0.2515314221382141,
            -0.8086468577384949,
            -0.019116710871458054
        ],
        [
            -0.25347816944122314,
            -0.810361385345459,
            -0.0204787440598011
        ],
        [
            -0.25403401255607605,
            -0.8110137581825256,
            -0.014181062579154968
        ],
        [
            -0.25175657868385315,
            -0.8088942766189575,
            -0.014411166310310364
        ],
        [
            -0.24342580139636993,
            -0.807110071182251,
            -0.03944247588515282
        ],
        [
            -0.24515050649642944,
            -0.8073816299438477,
            -0.032711513340473175
        ],
        [
            -0.2423294484615326,
            -0.8047443628311157,
            -0.03399564325809479
        ],
        [
            -0.2407214194536209,
            -0.8012592196464539,
            -0.041717857122421265
        ],
        [
            -0.23986342549324036,
            -0.7963569164276123,
            -0.024931281805038452
        ],
        [
            -0.24034592509269714,
            -0.7981691956520081,
            -0.030039828270673752
        ],
        [
            -0.24366630613803864,
            -0.8032979965209961,
            -0.0249263234436512
        ],
        [
            -0.24343974888324738,
            -0.8019258379936218,
            -0.021224867552518845
        ],
        [
            -0.24269849061965942,
            -0.801301121711731,
            -0.017139460891485214
        ],
        [
            -0.2416246235370636,
            -0.8014581799507141,
            -0.012781072407960892
        ],
        [
            -0.23855902254581451,
            -0.7971736192703247,
            -0.0140758715569973
        ],
        [
            -0.23925930261611938,
            -0.796298623085022,
            -0.0193532332777977
        ],
        [
            -0.25226840376853943,
            -0.8124021291732788,
            -0.008090946823358536
        ],
        [
            -0.24803994596004486,
            -0.8131743669509888,
            -0.0020338892936706543
        ],
        [
            -0.24661606550216675,
            -0.8107572793960571,
            -0.004076529294252396
        ],
        [
            -0.25039011240005493,
            -0.8098548054695129,
            -0.008879750967025757
        ],
        [
            -0.23461058735847473,
            -0.8095201253890991,
            0.001255616545677185
        ],
        [
            -0.23728682100772858,
            -0.8108338117599487,
            0.0011193454265594482
        ],
        [
            -0.23700399696826935,
            -0.8122960329055786,
            0.004798971116542816
        ],
        [
            -0.23370903730392456,
            -0.8089461922645569,
            0.0045662373304367065
        ],
        [
            -0.23336255550384521,
            -0.8058912754058838,
            0.002328217029571533
        ],
        [
            -0.23468783497810364,
            -0.8076223134994507,
            0.00019631534814834595
        ],
        [
            -0.27804505825042725,
            -0.8657878637313843,
            -0.007897511124610901
        ],
        [
            -0.27397623658180237,
            -0.8486196994781494,
            -0.0008583664894104004
        ],
        [
            -0.27370911836624146,
            -0.862668514251709,
            -0.027581941336393356
        ],
        [
            -0.26465728878974915,
            -0.8570301532745361,
            -0.042959924787282944
        ],
        [
            -0.2554484009742737,
            -0.8479368686676025,
            -0.05546180531382561
        ],
        [
            -0.21071641147136688,
            -0.7543262243270874,
            -0.043282050639390945
        ],
        [
            -0.2026190161705017,
            -0.7492775917053223,
            -0.0483245812356472
        ],
        [
            -0.20090767741203308,
            -0.7596508264541626,
            -0.06034570187330246
        ],
        [
            -0.19165709614753723,
            -0.753209114074707,
            -0.062162891030311584
        ],
        [
            -0.19392216205596924,
            -0.7425913214683533,
            -0.04939030855894089
        ],
        [
            -0.17729221284389496,
            -0.7293697595596313,
            -0.040729768574237823
        ],
        [
            -0.18546272814273834,
            -0.7354596257209778,
            -0.0469701923429966
        ],
        [
            -0.181223064661026,
            -0.7472216486930847,
            -0.06200495362281799
        ],
        [
            -0.17963352799415588,
            -0.7629752159118652,
            -0.07606739550828934
        ],
        [
            -0.1899903416633606,
            -0.7659503221511841,
            -0.07302052527666092
        ],
        [
            -0.17940358817577362,
            -0.7818352580070496,
            -0.0846007764339447
        ],
        [
            -0.16633063554763794,
            -0.7607969045639038,
            -0.07896016538143158
        ],
        [
            -0.17108677327632904,
            -0.7850611209869385,
            -0.08705031126737595
        ],
        [
            -0.15024611353874207,
            -0.7306708693504333,
            -0.06287917494773865
        ],
        [
            -0.14568477869033813,
            -0.72257000207901,
            -0.06545024365186691
        ],
        [
            -0.1428406536579132,
            -0.7315333485603333,
            -0.08204340934753418
        ],
        [
            -0.14816829562187195,
            -0.7400763630867004,
            -0.07962208241224289
        ],
        [
            -0.2000531554222107,
            -0.7695640325546265,
            -0.06894958019256592
        ],
        [
            -0.23810146749019623,
            -0.8210821747779846,
            -0.06128084659576416
        ],
        [
            -0.2439012974500656,
            -0.8165032863616943,
            -0.05193446949124336
        ],
        [
            -0.22976726293563843,
            -0.8113119602203369,
            -0.06619083881378174
        ],
        [
            -0.25452089309692383,
            -0.8815988302230835,
            -0.06794910132884979
        ],
        [
            -0.2622720003128052,
            -0.8703967332839966,
            -0.055116571485996246
        ],
        [
            -0.253187358379364,
            -0.8590226173400879,
            -0.06563349068164825
        ],
        [
            -0.24731875956058502,
            -0.8708966970443726,
            -0.07675179839134216
        ],
        [
            -0.2648200988769531,
            -0.9120432734489441,
            -0.0359729528427124
        ],
        [
            -0.27564266324043274,
            -0.8894896507263184,
            -0.022283315658569336
        ],
        [
            -0.2704073488712311,
            -0.8817293047904968,
            -0.03814450278878212
        ],
        [
            -0.2620527148246765,
            -0.8986626863479614,
            -0.05068868398666382
        ],
        [
            -0.2392507791519165,
            -0.877832293510437,
            -0.08562889695167542
        ],
        [
            -0.22690284252166748,
            -0.8874789476394653,
            -0.09537221491336823
        ],
        [
            -0.22760510444641113,
            -0.9049124717712402,
            -0.09387374669313431
        ],
        [
            -0.24370454251766205,
            -0.8953667879104614,
            -0.08072604984045029
        ],
        [
            -0.22680887579917908,
            -0.9278289079666138,
            -0.08467626571655273
        ],
        [
            -0.24586528539657593,
            -0.9163398742675781,
            -0.06860794126987457
        ],
        [
            -0.15596765279769897,
            -0.7771464586257935,
            -0.0905507430434227
        ],
        [
            -0.16326962411403656,
            -0.7956265211105347,
            -0.09224671125411987
        ],
        [
            -0.15607425570487976,
            -0.7493143081665039,
            -0.07657920569181442
        ],
        [
            -0.14956989884376526,
            -0.7621385455131531,
            -0.08979474008083344
        ],
        [
            -0.2215798795223236,
            -0.9464583992958069,
            -0.07040856033563614
        ],
        [
            -0.24534979462623596,
            -0.9340715408325195,
            -0.05222472548484802
        ],
        [
            -0.17508122324943542,
            -0.8931133151054382,
            -0.11487127840518951
        ],
        [
            -0.19102925062179565,
            -0.9041518568992615,
            -0.11023823916912079
        ],
        [
