{
    "pred_cam": [
        1.1414403915405273,
        0.02563231624662876,
        0.170920729637146
    ],
    "pred_smpl_params": {
        "global_orient": [
            [
                [
                    0.9817140102386475,
                    0.18836648762226105,
                    0.027488039806485176
                ],
                [
                    0.186392679810524,
                    -0.9805042743682861,
                    0.062202516943216324
                ],
                [
                    0.03866900876164436,
                    -0.055941518396139145,
                    -0.997684895992279
                ]
            ]
        ],
        "body_pose": [
            [
                [
                    0.9994312524795532,
                    -0.006768542807549238,
                    -0.033034611493349075
                ],
                [
                    0.013874121941626072,
                    0.9754257202148438,
                    0.21989111602306366
                ],
                [
                    0.0307344701141119,
                    -0.22022439539432526,
                    0.9749648571014404
                ]
            ],
            [
                [
                    0.9991261959075928,
                    0.0417853519320488,
                    0.0009640970383770764
                ],
                [
                    -0.041133929044008255,
                    0.9789354801177979,
                    0.19998332858085632
                ],
                [
                    0.007412588223814964,
                    -0.1998482197523117,
                    0.9797988533973694
                ]
            ],
            [
                [
                    0.9994972348213196,
                    0.0011844130931422114,
                    0.03168289735913277
                ],
                [
                    0.00532778725028038,
                    0.9788172245025635,
                    -0.20466645061969757
                ],
                [
                    -0.031254176050424576,
                    0.20473237335681915,
                    0.9783188104629517
                ]
            ],
            [
                [
                    0.9940318465232849,
                    -0.0037431675009429455,
                    -0.10902579128742218
                ],
                [
                    -0.06237329542636871,
                    0.8004363179206848,
                    -0.596163809299469
                ],
                [
                    0.08949976414442062,
                    0.5994061231613159,
                    0.7954257130622864
                ]
            ],
            [
                [
                    0.9955428242683411,
                    -0.06233052536845207,
                    0.07077667862176895
                ],
                [
                    0.09138382226228714,
                    0.8230463862419128,
                    -0.5605743527412415
                ],
                [
                    -0.023311594501137733,
                    0.5645436644554138,
                    0.8250738978385925
                ]
            ],
            [
                [
                    0.9988447427749634,
                    -0.019938575103878975,
                    0.04372213035821915
                ],
                [
                    0.02043074183166027,
                    0.9997325539588928,
                    -0.010838834568858147
                ],
                [
                    -0.0434943251311779,
                    0.011719589121639729,
                    0.9989849925041199
                ]
            ],
            [
                [
                    0.9865670800209045,
                    0.07945264130830765,
                    0.14273221790790558
                ],
                [
                    -0.08292050659656525,
                    0.9963842630386353,
                    0.018505511805415154
                ],
                [
                    -0.1407458484172821,
                    -0.03009236790239811,
                    0.9895881414413452
                ]
            ],
            [
                [
                    0.9838367700576782,
                    -0.09049613773822784,
                    -0.15451771020889282
                ],
                [
                    0.08728156238794327,
                    0.9958046674728394,
                    -0.027476903051137924
                ],
                [
                    0.15635600686073303,
                    0.013546238653361797,
                    0.9876078963279724
                ]
            ],
            [
                [
                    0.999448299407959,
                    -0.019470658153295517,
                    0.02690941095352173
                ],
                [
                    0.021560294553637505,
                    0.9965871572494507,
                    -0.0796814113855362
                ],
                [
                    -0.025266123935580254,
                    0.08021761476993561,
                    0.9964571595191956
                ]
            ],
            [
                [
                    0.9834771156311035,
                    -0.17937085032463074,
                    0.024472007527947426
                ],
                [
                    0.17213039100170135,
                    0.9684007167816162,
                    0.18047477304935455
                ],
                [
                    -0.05607062950730324,
                    -0.17328043282032013,
                    0.9832751154899597
                ]
            ],
            [
                [
                    0.9833648800849915,
                    0.18067672848701477,
                    0.01869439333677292
                ],
                [
                    -0.18063819408416748,
                    0.961939811706543,
                    0.20504061877727509
                ],
                [
                    0.019063187763094902,
                    -0.2050066590309143,
                    0.9785749316215515
                ]
            ],
            [
                [
                    0.997700572013855,
                    -0.04697180911898613,
                    -0.04885901138186455
                ],
                [
                    0.04566127061843872,
                    0.9985755681991577,
                    -0.027602406218647957
                ],
                [
                    0.050085946917533875,
                    0.025307973846793175,
                    0.998424232006073
                ]
            ],
            [
                [
                    0.9504497647285461,
                    0.3104724586009979,
                    0.01587808132171631
                ],
                [
                    -0.3093858063220978,
                    0.9496510624885559,
                    -0.049429312348365784
                ],
                [
                    -0.03042507916688919,
                    0.042067624628543854,
                    0.998651385307312
                ]
            ],
            [
                [
                    0.9536017775535583,
                    -0.29162293672561646,
                    0.07483108341693878
                ],
                [
                    0.29400455951690674,
                    0.9555312991142273,
                    -0.02283036708831787
                ],
                [
                    -0.06484558433294296,
                    0.043771758675575256,
                    0.9969348311424255
                ]
            ],
            [
                [
                    0.9989227056503296,
                    -0.02623874880373478,
                    -0.03827563300728798
                ],
                [
                    0.018926547840237617,
                    0.9834434986114502,
                    -0.18022394180297852
                ],
                [
                    0.04237077757716179,
                    0.17930534482002258,
                    0.9828806519508362
                ]
            ],
            [
                [
                    0.42602941393852234,
                    0.8626867532730103,
                    -0.27252599596977234
                ],
                [
                    -0.9004361629486084,
                    0.4335649013519287,
                    -0.03515844792127609
                ],
                [
                    0.08782698959112167,
                    0.26037082076072693,
                    0.9615057706832886
                ]
            ],
            [
                [
                    0.4281553328037262,
                    -0.8225405812263489,
                    0.37431272864341736
                ],
                [
                    0.8880651593208313,
                    0.4596826136112213,
                    -0.005669496022164822
                ],
                [
                    -0.16740168631076813,
                    0.3348415195941925,
                    0.9272851943969727
                ]
            ],
            [
                [
                    0.2616419196128845,
                    -0.39264988899230957,
                    -0.8816855549812317
                ],
                [
                    0.17283637821674347,
                    0.9178022742271423,
                    -0.35744449496269226
                ],
                [
                    0.9495635628700256,
                    -0.058864906430244446,
                    0.30799973011016846
                ]
            ],
            [
                [
                    0.173196479678154,
                    0.4080773591995239,
                    0.896368145942688
                ],
                [
                    -0.04006631672382355,
                    0.9122885465621948,
                    -0.4075835645198822
                ],
                [
                    -0.9840719699859619,
                    0.034677863121032715,
                    0.17435532808303833
                ]
            ],
            [
                [
                    0.9861481189727783,
                    -0.1624913513660431,
                    -0.03329165279865265
                ],
                [
                    0.1643376648426056,
                    0.9843648672103882,
                    0.06339551508426666
                ],
                [
                    0.022469909861683846,
                    -0.06798844784498215,
                    0.9974330067634583
                ]
            ],
            [
                [
                    0.9863385558128357,
                    0.1566547155380249,
                    0.05094633251428604
                ],
                [
                    -0.1585059016942978,
                    0.9867528080940247,
                    0.03456580638885498
                ],
                [
                    -0.044856540858745575,
                    -0.04216888174414635,
                    0.9981030225753784
                ]
            ],
            [
                [
                    0.9643350839614868,
                    0.24457001686096191,
                    -0.10120978951454163
                ],
                [
                    -0.22838187217712402,
                    0.9621195793151855,
                    0.14888815581798553
                ],
                [
                    0.13378949463367462,
                    -0.12046358734369278,
                    0.9836609959602356
                ]
            ],
            [
                [
                    0.9682806730270386,
                    -0.23697082698345184,
                    0.07922978699207306
                ],
                [
                    0.22347491979599,
                    0.9631584882736206,
                    0.14961545169353485
                ],
                [
                    -0.11176532506942749,
                    -0.12716388702392578,
                    0.9855647683143616
                ]
            ]
        ],
        "betas": [
            -0.009339198470115662,
            -0.02300935983657837,
            0.17590567469596863,
            0.3258448839187622,
            0.011857092380523682,
            0.06370338797569275,
            0.031229346990585327,
            -0.0560089647769928,
            0.04427899420261383,
            -0.027879059314727783
        ]
    },
    "pred_cam_t": [
        0.02563231624662876,
        0.170920729637146,
        34.222110748291016
    ],
    "focal_length": [
        5000.0,
        5000.0
    ],
    "pred_keypoints_3d": [
        [
            0.09882292151451111,
            -0.7624523043632507,
            -0.2525494694709778
        ],
        [
            0.08736184239387512,
            -0.723501443862915,
            -0.06251875311136246
        ],
        [
            -0.10582984983921051,
            -0.6583487391471863,
            -0.054991789162158966
        ],
        [
            -0.1759076863527298,
            -0.4252015948295593,
            0.014794453978538513
        ],
        [
            -0.07986590266227722,
            -0.3089900612831116,
            -0.18971025943756104
        ],
        [
            0.2481977343559265,
            -0.6178915500640869,
            -0.006437892094254494
        ],
        [
            0.23375390470027924,
            -0.3839646875858307,
            0.10551077872514725
        ],
        [
            0.24023474752902985,
            -0.2457888424396515,
            -0.10069898515939713
        ],
        [
            -0.0020483513362705708,
            -0.22737129032611847,
            0.02798236906528473
        ],
        [
            -0.08519579470157623,
            -0.15119294822216034,
            0.03486652672290802
        ],
        [
            -0.20620501041412354,
            0.20803962647914886,
            -0.013591919094324112
        ],
        [
            -0.2526303231716156,
            0.5411310791969299,
            0.19921493530273438
        ],
        [
            0.04815717786550522,
            -0.1250290870666504,
            0.0426352433860302
        ],
        [
            0.01794900745153427,
            0.2432902455329895,
            -0.014628682285547256
        ],
        [
            -0.048744842410087585,
            0.5669440627098083,
            0.20644468069076538
        ],
        [
            0.07003851979970932,
            -0.8150026798248291,
            -0.2380051463842392
        ],
        [
            0.13641569018363953,
            -0.8091021776199341,
            -0.2391737997531891
        ],
        [
            0.03182452544569969,
            -0.8435393571853638,
            -0.14537565410137177
        ],
        [
            0.17965126037597656,
            -0.8304399847984314,
            -0.14807967841625214
        ],
        [
            -0.07155244797468185,
            0.6970521211624146,
            0.056178122758865356
        ],
        [
            -0.004043653607368469,
            0.6934210062026978,
            0.10595393180847168
        ],
        [
            -0.04638950526714325,
            0.5739081501960754,
            0.2764569818973541
        ],
        [
            -0.2711542546749115,
            0.6676895618438721,
            0.04860159754753113
        ],
        [
            -0.3408138155937195,
            0.6431416869163513,
            0.09636905789375305
        ],
        [
            -0.25470542907714844,
            0.5556137561798096,
            0.27154597640037537
        ],
        [
            -0.26477161049842834,
            0.4831776022911072,
            0.20176909863948822
        ],
        [
            -0.1892145276069641,
            0.1478821337223053,
            -0.015571614727377892
        ],
        [
            -0.13973091542720795,
            -0.2879897356033325,
            0.03180024400353432
        ],
        [
            0.1435483694076538,
            -0.2173955738544464,
            0.057625554502010345
        ],
        [
            0.03448840230703354,
            0.20525337755680084,
            -0.014737643301486969
        ],
        [
            -0.0324430987238884,
            0.527607798576355,
            0.2136329710483551
        ],
        [
            -0.0698988065123558,
            -0.3454761803150177,
            -0.1798645555973053
        ],
        [
            -0.19174636900424957,
            -0.4474593997001648,
            -0.022269727662205696
        ],
        [
            -0.06608887016773224,
            -0.6822993755340576,
            -0.05730524659156799
        ],
        [
            0.2219586968421936,
            -0.6513363122940063,
            -0.01482788473367691
        ],
        [
            0.27323561906814575,
            -0.4035097360610962,
            0.0726887434720993
        ],
        [
            0.2471460998058319,
            -0.2687259018421173,
            -0.09794139862060547
        ],
        [
            0.08925379812717438,
            -0.7161591053009033,
            -0.0655195489525795
        ],
        [
            0.11237240582704544,
            -0.8791304230690002,
            -0.18260207772254944
        ],
        [
            0.002660659607499838,
            -0.25275903940200806,
            0.044834382832050323
        ],
        [
            0.07681437581777573,
            -0.6642712354660034,
            -0.03913046792149544
        ],
        [
            0.04769787937402725,
            -0.4972606301307678,
            0.020205920562148094
        ],
        [
            0.10593827813863754,
            -0.7657662034034729,
            -0.17208726704120636
        ],
        [
            0.10950332880020142,
            -0.9005126357078552,
            -0.18184761703014374
        ]
    ],
    "pred_vertices": [
        [
            0.15207728743553162,
            -0.8508045673370361,
            -0.2586037516593933
        ],
        [
            0.144712433218956,
            -0.8356804847717285,
            -0.25883573293685913
        ],
        [
            0.15582332015037537,
            -0.834983229637146,
            -0.24960386753082275
        ],
        [
            0.1626095175743103,
            -0.8477074503898621,
            -0.2448318898677826
        ],
        [
            0.15065571665763855,
            -0.8248539566993713,
            -0.2508746385574341
        ],
        [
            0.14051036536693573,
            -0.8245421648025513,
            -0.2575560212135315
        ],
        [
            0.16251134872436523,
            -0.832621693611145,
            -0.23747867345809937
        ],
        [
            0.1686609387397766,
            -0.8422762751579285,
            -0.2304326444864273
        ],
        [
            0.1652379333972931,
            -0.8036611080169678,
            -0.2124553620815277
        ],
        [
            0.16910234093666077,
            -0.8025435209274292,
            -0.20186536014080048
        ],
        [
            0.17022909224033356,
            -0.8131605982780457,
            -0.20828205347061157
        ],
        [
            0.1648593246936798,
            -0.8116765022277832,
            -0.21698561310768127
        ],
        [
            0.1623467206954956,
            -0.7811567187309265,
            -0.19915489852428436
        ],
        [
            0.15522947907447815,
            -0.7699757218360901,
            -0.20326584577560425
        ],
        [
            0.15702497959136963,
            -0.7651478052139282,
            -0.19071966409683228
        ],
        [
            0.16308873891830444,
            -0.776114821434021,
            -0.18565766513347626
        ],
        [
            0.1231982484459877,
            -0.7768564820289612,
            -0.23063884675502777
        ],
        [
            0.12827791273593903,
            -0.7706197500228882,
            -0.22717860341072083
        ],
        [
            0.1326720416545868,
            -0.7767850160598755,
            -0.22900675237178802
        ],
        [
            0.12681519985198975,
            -0.7824134826660156,
            -0.2318522036075592
        ],
        [
            0.11450152099132538,
            -0.7844324111938477,
            -0.24014481902122498
        ],
        [
            0.11604616791009903,
            -0.7906845808029175,
            -0.2391187995672226
        ],
        [
            0.1114950180053711,
            -0.7927220463752747,
            -0.2453606128692627
        ],
        [
            0.11073927581310272,
            -0.7853657007217407,
            -0.24710476398468018
        ],
        [
            0.11735858023166656,
            -0.7724660634994507,
            -0.2286444902420044
        ],
        [
            0.12284506857395172,
            -0.7661679983139038,
            -0.2246764600276947
        ],
        [
            0.11886409670114517,
            -0.7819096446037292,
            -0.23423811793327332
        ],
        [
            0.11651670932769775,
            -0.7772685885429382,
            -0.23468880355358124
        ],
        [
            0.11297571659088135,
            -0.767980694770813,
            -0.24209541082382202
        ],
        [
            0.11487020552158356,
            -0.7727622985839844,
            -0.2424379587173462
        ],
        [
            0.11137177050113678,
            -0.7715483903884888,
            -0.24932238459587097
        ],
        [
            0.1096988171339035,
            -0.7667766213417053,
            -0.24666181206703186
        ],
        [
            0.11582822352647781,
            -0.7706238031387329,
            -0.23310479521751404
        ],
        [
            0.11654342710971832,
            -0.7722305059432983,
            -0.23684510588645935
        ],
        [
            0.11376763880252838,
            -0.7681272029876709,
            -0.23764827847480774
        ],
        [
            0.11222529411315918,
            -0.7674758434295654,
            -0.2337949275970459
        ],
        [
            0.11348038166761398,
            -0.7795244455337524,
            -0.24115103483200073
        ],
        [
            0.11065138876438141,
            -0.778897762298584,
            -0.2484244406223297
        ],
        [
            0.10671080648899078,
            -0.777938961982727,
            -0.2556449770927429
        ],
        [
            0.10691727697849274,
            -0.7689831256866455,
            -0.2556760907173157
        ],
        [
            0.13827945291996002,
            -0.759712815284729,
            -0.2154007852077484
        ],
        [
            0.13374637067317963,
            -0.7648361921310425,
            -0.22233539819717407
        ],
        [
            0.12823432683944702,
            -0.7607343196868896,
            -0.22056832909584045
        ],
        [
            0.13260668516159058,
            -0.7563685178756714,
            -0.21556717157363892
        ],
        [
            0.11327379941940308,
            -0.7657746076583862,
            -0.2293327897787094
        ],
        [
            0.11574414372444153,
            -0.7509004473686218,
            -0.223032608628273
        ],
        [
            0.11632359027862549,
            -0.7542482614517212,
            -0.22479599714279175
        ],
        [
            0.1103186383843422,
            -0.7540116906166077,
            -0.22895672917366028
        ],
        [
            0.11042654514312744,
            -0.7508876323699951,
            -0.22714462876319885
        ],
        [
            0.14205051958560944,
            -0.7495323419570923,
            -0.2012643963098526
        ],
        [
            0.13629798591136932,
            -0.7472852468490601,
            -0.20518988370895386
        ],
        [
            0.13617265224456787,
            -0.7419017553329468,
            -0.199909508228302
        ],
        [
            0.1411389410495758,
            -0.7435382604598999,
            -0.19429753720760345
        ],
        [
            0.13334494829177856,
            -0.7371378540992737,
            -0.1967240869998932
        ],
        [
            0.13921210169792175,
            -0.7376465201377869,
            -0.18818268179893494
        ],
        [
            0.1289946436882019,
            -0.725199818611145,
            -0.18291890621185303
        ],
        [
            0.13417011499404907,
            -0.7307522892951965,
            -0.18495017290115356
        ],
        [
            0.12898306548595428,
            -0.7320965528488159,
            -0.19498641788959503
        ],
        [
            0.12314103543758392,
            -0.7266161441802979,
            -0.19602519273757935
        ],
        [
            0.11153005063533783,
            -0.7286607027053833,
            -0.20601648092269897
        ],
        [
            0.10560090839862823,
            -0.7269277572631836,
            -0.20814749598503113
        ],
        [
            0.10926729440689087,
            -0.7161485552787781,
            -0.20125992596149445
        ],
        [
            0.11585132777690887,
            -0.7203850746154785,
            -0.1988486349582672
        ],
        [
            0.114990234375,
            -0.7471529245376587,
            -0.2165253460407257
        ],
        [
            0.11891103535890579,
            -0.7480473518371582,
            -0.21379877626895905
        ],
        [
            0.11931309103965759,
            -0.7484515309333801,
            -0.21650949120521545
        ],
        [
            0.11534877121448517,
            -0.748457670211792,
            -0.22014746069908142
        ],
        [
            0.12242069095373154,
            -0.7483038902282715,
            -0.2118234634399414
        ],
        [
            0.12402157485485077,
            -0.7482597231864929,
            -0.21096724271774292
        ],
        [
            0.1239318698644638,
            -0.7489470839500427,
            -0.21263326704502106
        ],
        [
            0.12239408493041992,
            -0.7488001585006714,
            -0.21267381310462952
        ],
        [
            0.12041795253753662,
            -0.748384952545166,
            -0.2131793200969696
        ],
        [
            0.11927077174186707,
            -0.7465357780456543,
            -0.21281132102012634
        ],
        [
            0.12149295210838318,
            -0.7474534511566162,
            -0.21198198199272156
        ],
        [
            0.11569616198539734,
            -0.7449110746383667,
            -0.21521899104118347
        ],
        [
            0.10305215418338776,
            -0.7407798767089844,
            -0.22205360233783722
        ],
        [
            0.10693979263305664,
            -0.7413619756698608,
            -0.2207711935043335
        ],
        [
            0.10582999885082245,
            -0.7459063529968262,
            -0.22171184420585632
        ],
        [
            0.10253278911113739,
            -0.7456817626953125,
            -0.223021000623703
        ],
        [
            0.12239468097686768,
            -0.7501915097236633,
            -0.21522100269794464
        ],
        [
            0.1250828206539154,
            -0.7514601945877075,
            -0.21524077653884888
        ],
        [
            0.12162066251039505,
            -0.7528178691864014,
            -0.2197115123271942
        ],
        [
            0.12019865214824677,
            -0.7506654262542725,
            -0.2180546373128891
        ],
        [
            0.12800392508506775,
            -0.7530339956283569,
            -0.2157476246356964
        ],
        [
            0.12629352509975433,
            -0.750144362449646,
            -0.21247337758541107
        ],
        [
            0.12943142652511597,
            -0.7508339881896973,
            -0.21218524873256683
        ],
        [
            0.1233295202255249,
            -0.7466868758201599,
            -0.2102605700492859
        ],
        [
            0.12587615847587585,
            -0.745516300201416,
            -0.20813682675361633
        ],
        [
            0.1266815960407257,
            -0.7474796772003174,
            -0.2101147621870041
        ],
        [
            0.12357072532176971,
            -0.742544412612915,
            -0.20724579691886902
        ],
        [
            0.12070886790752411,
            -0.7447150945663452,
            -0.21056857705116272
        ],
        [
            0.11707332730293274,
            -0.7421725392341614,
            -0.21252930164337158
        ],
        [
            0.11240682005882263,
            -0.739601194858551,
            -0.21529266238212585
        ],
        [
            0.11437675356864929,
            -0.7362067699432373,
            -0.21040624380111694
        ],
        [
            0.11956468224525452,
            -0.739214301109314,
            -0.2082805633544922
        ],
        [
            0.12396367639303207,
            -0.7566213607788086,
            -0.22056305408477783
        ],
        [
            0.13084964454174042,
            -0.7472645044326782,
            -0.20798861980438232
        ],
        [
            0.1348755955696106,
            -0.7527992725372314,
            -0.2105047106742859
        ],
        [
            0.13030146062374115,
            -0.743341326713562,
            -0.20497089624404907
        ],
        [
            0.12782272696495056,
            -0.7395685911178589,
            -0.20285311341285706
        ],
        [
            0.1233503669500351,
            -0.7356283068656921,
            -0.202650249004364
        ],
        [
            0.11762768030166626,
            -0.7318115234375,
            -0.20422068238258362
        ],
        [
            0.11094756424427032,
            -0.7122819423675537,
            -0.18703347444534302
        ],
        [
            0.11952349543571472,
            -0.7177169919013977,
            -0.1854410469532013
        ],
        [
            0.137738436460495,
            -0.8188337087631226,
            -0.2518232762813568
        ],
        [
            0.14635580778121948,
            -0.8184820413589478,
            -0.2487805187702179
        ],
        [
            0.1459978222846985,
            -0.8133220076560974,
            -0.2409583479166031
        ],
        [
            0.14805510640144348,
            -0.8152861595153809,
            -0.2417042851448059
        ],
        [
            0.14288924634456635,
            -0.8157247304916382,
            -0.24557074904441833
        ],
        [
            0.14209114015102386,
            -0.8134236335754395,
            -0.24367159605026245
        ],
        [
            0.15889371931552887,
            -0.8116936683654785,
            -0.22334587574005127
        ],
        [
            0.15422049164772034,
            -0.8118644952774048,
            -0.2285219430923462
        ],
        [
            0.15416379272937775,
            -0.8090031147003174,
            -0.2255437970161438
        ],
        [
            0.15992605686187744,
            -0.805809736251831,
            -0.2199535071849823
        ],
        [
            0.14582182466983795,
            -0.7999491691589355,
            -0.22899433970451355
        ],
        [
            0.15025544166564941,
            -0.8021043539047241,
            -0.2263769507408142
        ],
        [
            0.14717306196689606,
            -0.8072773218154907,
            -0.23183029890060425
        ],
        [
            0.14398938417434692,
            -0.8056873083114624,
            -0.2337823212146759
        ],
        [
            0.14016272127628326,
            -0.8048067688941956,
            -0.23552393913269043
        ],
        [
            0.13591420650482178,
            -0.804627537727356,
            -0.23689211905002594
        ],
        [
            0.13565386831760406,
            -0.8000576496124268,
            -0.23405610024929047
        ],
        [
            0.140651136636734,
            -0.7995142936706543,
            -0.23177796602249146
        ],
        [
            0.13642960786819458,
            -0.8167628049850464,
            -0.24733570218086243
        ],
        [
            0.1291353553533554,
            -0.8167063593864441,
            -0.2470775842666626
        ],
        [
            0.13017940521240234,
            -0.8141986131668091,
            -0.24508002400398254
        ],
        [
            0.13634930551052094,
            -0.8139107823371887,
            -0.24568864703178406
        ],
        [
            0.119381844997406,
            -0.8113025426864624,
            -0.2379855215549469
        ],
        [
            0.12086313217878342,
            -0.8129981756210327,
            -0.2399793565273285
        ],
        [
            0.11748814582824707,
            -0.8140403032302856,
            -0.24179446697235107
        ],
        [
            0.11612966656684875,
            -0.8104130029678345,
            -0.23910972476005554
        ],
        [
            0.11810192465782166,
            -0.8074579238891602,
            -0.23785877227783203
        ],
        [
            0.12050032615661621,
            -0.8094868063926697,
            -0.23765286803245544
        ],
        [
            0.1451314389705658,
            -0.8716655969619751,
            -0.26590389013290405
        ],
        [
            0.13887538015842438,
            -0.8535518646240234,
            -0.2672557532787323
        ],
        [
            0.15983915328979492,
            -0.8690018653869629,
            -0.25146451592445374
        ],
        [
            0.16822095215320587,
            -0.8631935119628906,
            -0.23631049692630768
        ],
        [
            0.1746329665184021,
            -0.8535726070404053,
            -0.2218315154314041
        ],
        [
            0.14943766593933105,
            -0.7558419108390808,
            -0.19620607793331146
        ],
        [
            0.14985817670822144,
            -0.7500755786895752,
            -0.18671761453151703
        ],
        [
            0.15816478431224823,
            -0.7609752416610718,
            -0.17846138775348663
        ],
        [
            0.1552160233259201,
            -0.7535663843154907,
            -0.16955062747001648
        ],
        [
            0.14694896340370178,
            -0.7424547672271729,
            -0.17883063852787018
        ],
        [
            0.13208310306072235,
            -0.7272859811782837,
            -0.16931161284446716
        ],
        [
            0.14104613661766052,
            -0.734294056892395,
            -0.1728506088256836
        ],
        [
            0.14950533211231232,
            -0.7468595504760742,
            -0.16042014956474304
        ],
        [
            0.1582259237766266,
            -0.7635972499847412,
            -0.1512202024459839
        ],
        [
            0.1618167757987976,
            -0.7668741345405579,
            -0.16215501725673676
        ],
        [
            0.1636766642332077,
            -0.7823622226715088,
            -0.14573249220848083
        ],
        [
            0.1530613899230957,
            -0.7612857222557068,
            -0.1373162418603897
        ],
        [
            0.1608157753944397,
            -0.7850457429885864,
            -0.13706251978874207
        ],
        [
            0.135057732462883,
            -0.7285548448562622,
            -0.12789642810821533
        ],
        [
            0.13581222295761108,
            -0.7204091548919678,
            -0.12014319002628326
        ],
        [
            0.14634284377098083,
            -0.7314475774765015,
            -0.10892924666404724
        ],
        [
            0.14671532809734344,
            -0.7395288944244385,
            -0.11707430332899094
        ],
        [
            0.1637028604745865,
            -0.771113932132721,
            -0.1728026121854782
        ],
        [
            0.17346742749214172,
            -0.8254344463348389,
            -0.20543375611305237
        ],
        [
            0.16908478736877441,
            -0.8211676478385925,
            -0.21602052450180054
        ],
        [
            0.1736672967672348,
            -0.8154128789901733,
            -0.19679680466651917
        ],
        [
            0.18117746710777283,
            -0.8873870372772217,
            -0.2122964859008789
        ],
        [
            0.17547735571861267,
            -0.8765277862548828,
            -0.22652138769626617
        ],
        [
            0.18080051243305206,
            -0.864822506904602,
            -0.2139187455177307
        ],
        [
            0.1857074499130249,
            -0.8765536546707153,
            -0.20228245854377747
        ],
        [
            0.15686634182929993,
            -0.9176614284515381,
            -0.23554296791553497
        ],
        [
            0.1531779021024704,
            -0.8964348435401917,
            -0.25340351462364197
        ],
        [
            0.16407956182956696,
            -0.8880478739738464,
            -0.24132618308067322
        ],
        [
            0.16885539889335632,
            -0.9044488668441772,
            -0.22655919194221497
        ],
        [
            0.18758749961853027,
            -0.8829078674316406,
            -0.19056695699691772
        ],
        [
            0.18863545358181,
            -0.8917547464370728,
            -0.1739395558834076
        ],
        [
            0.18619869649410248,
            -0.9092429280281067,
            -0.17444664239883423
        ],
        [
            0.184181809425354,
            -0.9005781412124634,
            -0.19539391994476318
        ],
        [
            0.17579251527786255,
            -0.9311614036560059,
            -0.17682775855064392
        ],
        [
            0.1736142337322235,
            -0.9212431907653809,
            -0.20214204490184784
        ],
        [
            0.15690693259239197,
            -0.7770549058914185,
            -0.12174216657876968
        ],
        [
            0.16081926226615906,
            -0.7947717905044556,
            -0.12725280225276947
        ],
        [
            0.14738066494464874,
            -0.7489612102508545,
            -0.1279473602771759
        ],
        [
            0.15390238165855408,
            -0.7625093460083008,
            -0.11519341170787811
        ],
        [
            0.15917620062828064,
            -0.9488251209259033,
            -0.17884299159049988
        ],
        [
            0.15783807635307312,
            -0.9377657175064087,
            -0.20935073494911194
        ],
        [
            0.17630714178085327,
            -0.8925235867500305,
            -0.12043701112270355
        ],
        [
            0.18056082725524902,
            -0.905412495136261,
            -0.1350792646408081
        ],
        [
            0.18510466814041138,
            -0.8866991996765137,
            -0.14403240382671356
        ],
        [
            0.18095356225967407,
            -0.8774277567863464,
            -0.12899599969387054
        ],
        [
            0.16653978824615479,
            -0.9078919887542725,
            -0.11141529679298401
