{
    "pred_cam": [
        1.1511616706848145,
        0.017615431919693947,
        0.17533472180366516
    ],
    "pred_smpl_params": {
        "global_orient": [
            [
                [
                    0.9751368761062622,
                    0.21597589552402496,
                    0.0496235266327858
                ],
                [
                    0.21584288775920868,
                    -0.9763945937156677,
                    0.00808773934841156
                ],
                [
                    0.05019890144467354,
                    0.002824232680723071,
                    -0.998735249042511
                ]
            ]
        ],
        "body_pose": [
            [
                [
                    0.9985998272895813,
                    -0.007283718325197697,
                    -0.052395790815353394
                ],
                [
                    0.019815389066934586,
                    0.9698657989501953,
                    0.24283277988433838
                ],
                [
                    0.049048155546188354,
                    -0.2435310184955597,
                    0.9686521291732788
                ]
            ],
            [
                [
                    0.9990806579589844,
                    0.04245738685131073,
                    0.005926688201725483
                ],
                [
                    -0.042622119188308716,
                    0.9689703583717346,
                    0.24347449839115143
                ],
                [
                    0.004594503901898861,
                    -0.24350328743457794,
                    0.9698891639709473
                ]
            ],
            [
                [
                    0.9992238283157349,
                    0.006232112646102905,
                    0.03889688849449158
                ],
                [
                    0.003584377933293581,
                    0.9689266681671143,
                    -0.24732205271720886
                ],
                [
                    -0.03922957554459572,
                    0.24726949632167816,
                    0.9681522846221924
                ]
            ],
            [
                [
                    0.9920809864997864,
                    -0.011153759434819221,
                    -0.12510401010513306
                ],
                [
                    -0.07084056735038757,
                    0.7728114128112793,
                    -0.6306695342063904
                ],
                [
                    0.10371612757444382,
                    0.6345376372337341,
                    0.7659013867378235
                ]
            ],
            [
                [
                    0.9947948455810547,
                    -0.08148352056741714,
                    0.06118584796786308
                ],
                [
                    0.1013861820101738,
                    0.7313674688339233,
                    -0.6744053363800049
                ],
                [
                    0.010203581303358078,
                    0.6770983338356018,
                    0.7358219027519226
                ]
            ],
            [
                [
                    0.9922899007797241,
                    -0.09931498020887375,
                    0.07414282113313675
                ],
                [
                    0.10052783042192459,
                    0.9948518872261047,
                    -0.012800314463675022
                ],
                [
                    -0.07248986512422562,
                    0.0201550405472517,
                    0.9971653819084167
                ]
            ],
            [
                [
                    0.9859810471534729,
                    0.05908278748393059,
                    0.15604707598686218
                ],
                [
                    -0.0741802528500557,
                    0.9929208755493164,
                    0.09276536852121353
                ],
                [
                    -0.149461567401886,
                    -0.10304049402475357,
                    0.9833839535713196
                ]
            ],
            [
                [
                    0.9889149069786072,
                    -0.08481969684362411,
                    -0.12187279015779495
                ],
                [
                    0.08374257385730743,
                    0.9963898062705994,
                    -0.01394242886453867
                ],
                [
                    0.12261541932821274,
                    0.0035819322802126408,
                    0.9924477338790894
                ]
            ],
            [
                [
                    0.996996283531189,
                    -0.06346886605024338,
                    0.04438509792089462
                ],
                [
                    0.06664440780878067,
                    0.9950169324874878,
                    -0.07416082173585892
                ],
                [
                    -0.03945701941847801,
                    0.07689608633518219,
                    0.996258020401001
                ]
            ],
            [
                [
                    0.9828282594680786,
                    -0.1836566925048828,
                    0.017855001613497734
                ],
                [
                    0.17741930484771729,
                    0.9671489000320435,
                    0.18205861747264862
                ],
                [
                    -0.05070473253726959,
                    -0.1757645457983017,
                    0.9831255078315735
                ]
            ],
            [
                [
                    0.9847186207771301,
                    0.17334623634815216,
                    -0.016744205728173256
                ],
                [
                    -0.1673164963722229,
                    0.9683540463447571,
                    0.18519070744514465
                ],
                [
                    0.048316434025764465,
                    -0.1795591562986374,
                    0.9825599193572998
                ]
            ],
            [
                [
                    0.9237664341926575,
                    -0.07017751783132553,
                    -0.37647125124931335
                ],
                [
                    0.09545930474996567,
                    0.9942315220832825,
                    0.04889989271759987
                ],
                [
                    0.37086790800094604,
                    -0.08110976964235306,
                    0.9251368045806885
                ]
            ],
            [
                [
                    0.9463850855827332,
                    0.32210567593574524,
                    -0.024562768638134003
                ],
                [
                    -0.3230007588863373,
                    0.9447258710861206,
                    -0.056245360523462296
                ],
                [
                    0.0050881351344287395,
                    0.06116355583071709,
                    0.998114824295044
                ]
            ],
            [
                [
                    0.8711369633674622,
                    -0.4013529419898987,
                    0.28290683031082153
                ],
                [
                    0.4155230224132538,
                    0.909518301486969,
                    0.01081772055476904
                ],
                [
                    -0.2616506814956665,
                    0.10813058912754059,
                    0.9590864181518555
                ]
            ],
            [
                [
                    0.9301674962043762,
                    -0.12748564779758453,
                    -0.3442906439304352
                ],
                [
                    0.06637860089540482,
                    0.9807178974151611,
                    -0.18381060659885406
                ],
                [
                    0.3610852062702179,
                    0.14812108874320984,
                    0.9206942319869995
                ]
            ],
            [
                [
                    0.3785031735897064,
                    0.8607202172279358,
                    -0.34043505787849426
                ],
                [
                    -0.914618730545044,
                    0.4042832851409912,
                    0.0052543263882398605
                ],
                [
                    0.142154723405838,
                    0.3093794882297516,
                    0.9402533769607544
                ]
            ],
            [
                [
                    0.4311242699623108,
                    -0.8173105716705322,
                    0.382276326417923
                ],
                [
                    0.884361982345581,
                    0.466801255941391,
                    0.0006581686320714653
                ],
                [
                    -0.17898496985435486,
                    0.3377869129180908,
                    0.9240477681159973
                ]
            ],
            [
                [
                    0.04039793089032173,
                    -0.40988025069236755,
                    -0.9112442135810852
                ],
                [
                    0.24101822078227997,
                    0.8890566229820251,
                    -0.3892151713371277
                ],
                [
                    0.9696794152259827,
                    -0.2039029896259308,
                    0.13470466434955597
                ]
            ],
            [
                [
                    0.7691398859024048,
                    0.16603752970695496,
                    0.6171348094940186
                ],
                [
                    0.030690817162394524,
                    0.9549500346183777,
                    -0.2951754629611969
                ],
                [
                    -0.638343095779419,
                    0.24597157537937164,
                    0.7293943166732788
                ]
            ],
            [
                [
                    0.9858828783035278,
                    -0.16138188540935516,
                    -0.0446169450879097
                ],
                [
                    0.16605441272258759,
                    0.9765557646751404,
                    0.13698454201221466
                ],
                [
                    0.021464113146066666,
                    -0.14245958626270294,
                    0.989567756652832
                ]
            ],
            [
                [
                    0.9941245913505554,
                    0.10818705707788467,
                    0.003427787683904171
                ],
                [
                    -0.10783454775810242,
                    0.9926347732543945,
                    -0.055207569152116776
                ],
                [
                    -0.009375285357236862,
                    0.05451357364654541,
                    0.9984689354896545
                ]
            ],
            [
                [
                    0.9654489755630493,
                    0.2378142923116684,
                    -0.10654941946268082
                ],
                [
                    -0.22522825002670288,
                    0.9671528935432434,
                    0.11784592270851135
                ],
                [
                    0.13107500970363617,
                    -0.08977627754211426,
                    0.9872992634773254
                ]
            ],
            [
                [
                    0.9767338633537292,
                    -0.20548772811889648,
                    0.061365529894828796
                ],
                [
                    0.19076846539974213,
                    0.9632458686828613,
                    0.1891157329082489
                ],
                [
                    -0.09797105938196182,
                    -0.17300912737846375,
                    0.9800354242324829
                ]
            ]
        ],
        "betas": [
            0.09451107680797577,
            0.19029931724071503,
            0.2821379601955414,
            0.9144703149795532,
            -0.024751245975494385,
            0.020479682832956314,
            -0.033050864934921265,
            0.004115566611289978,
            0.1261093020439148,
            -0.020302891731262207
        ]
    },
    "pred_cam_t": [
        0.017615431919693947,
        0.17533472180366516,
        33.93311309814453
    ],
    "focal_length": [
        5000.0,
        5000.0
    ],
    "pred_keypoints_3d": [
        [
            -0.0022335872054100037,
            -0.8031715154647827,
            -0.22639182209968567
        ],
        [
            0.07509905099868774,
            -0.7362698912620544,
            -0.0622827410697937
        ],
        [
            -0.1076129898428917,
            -0.6300904154777527,
            -0.0725584626197815
        ],
        [
            -0.11833007633686066,
            -0.38618433475494385,
            -0.005209624767303467
        ],
        [
            -0.009813256561756134,
            -0.16822372376918793,
            -0.0810760036110878
        ],
        [
            0.2454143613576889,
            -0.6434394717216492,
            -0.0007785726338624954
        ],
        [
            0.2378585785627365,
            -0.40280160307884216,
            0.09842334687709808
        ],
        [
            0.2547217905521393,
            -0.3254491090774536,
            -0.1384323090314865
        ],
        [
            -0.0026634361129254103,
            -0.2334943562746048,
            0.025878313928842545
        ],
        [
            -0.0857059583067894,
            -0.15911659598350525,
            0.027679041028022766
        ],
        [
            -0.21454501152038574,
            0.19032958149909973,
            -0.06184720993041992
        ],
        [
            -0.2635798156261444,
            0.5143977999687195,
            0.1641751527786255
        ],
        [
            0.041942350566387177,
            -0.12964299321174622,
            0.03647657483816147
        ],
        [
            0.005823694169521332,
            0.2320210337638855,
            -0.053346939384937286
        ],
        [
            -0.06579138338565826,
            0.5635272264480591,
            0.15462514758110046
        ],
        [
            -0.012305811047554016,
            -0.8535836935043335,
            -0.19048473238945007
        ],
        [
            0.04030793160200119,
            -0.8478972315788269,
            -0.2311236560344696
        ],
        [
            0.012015193700790405,
            -0.8677327632904053,
            -0.09178969264030457
        ],
        [
            0.1317569762468338,
            -0.8540480136871338,
            -0.17920079827308655
        ],
        [
            -0.0894937515258789,
            0.6744672060012817,
            -0.011048033833503723
        ],
        [
            -0.021822761744260788,
            0.6787174940109253,
            0.03955908119678497
        ],
        [
            -0.06291200965642929,
            0.5769107341766357,
            0.22328823804855347
        ],
        [
            -0.28352028131484985,
            0.6467307806015015,
            0.014299750328063965
        ],
        [
            -0.3512445390224457,
            0.619005024433136,
            0.06407436728477478
        ],
        [
            -0.2670799195766449,
            0.5256263017654419,
            0.23660358786582947
        ],
        [
            -0.2753254473209381,
            0.4553713798522949,
            0.16411563754081726
        ],
        [
            -0.19597689807415009,
            0.13138315081596375,
            -0.05975528061389923
        ],
        [
            -0.1337268352508545,
            -0.29705870151519775,
            0.03182810917496681
        ],
        [
            0.1376093626022339,
            -0.21960899233818054,
            0.0574529767036438
        ],
        [
            0.022049902006983757,
            0.19396008551120758,
            -0.051030755043029785
        ],
        [
            -0.04857921227812767,
            0.524874210357666,
            0.16298601031303406
        ],
        [
            0.004228453151881695,
            -0.20146816968917847,
            -0.09256643056869507
        ],
        [
            -0.12989936769008636,
            -0.39616677165031433,
            -0.04396218806505203
        ],
        [
            -0.07154601812362671,
            -0.6679155826568604,
            -0.06613115966320038
        ],
        [
            0.21389766037464142,
            -0.6744168996810913,
            -0.012058103457093239
        ],
        [
            0.2759159505367279,
            -0.4259290397167206,
            0.07107289135456085
        ],
        [
            0.26128244400024414,
            -0.34675371646881104,
            -0.12896676361560822
        ],
        [
            0.07703511416912079,
            -0.722724199295044,
            -0.06895242631435394
        ],
        [
            0.059429146349430084,
            -0.9080641269683838,
            -0.1636151224374771
        ],
        [
            0.0022987634874880314,
            -0.25828996300697327,
            0.04452699050307274
        ],
        [
            0.07014989107847214,
            -0.6687706112861633,
            -0.041736386716365814
        ],
        [
            0.05380799248814583,
            -0.5033119916915894,
            0.023109110072255135
        ],
        [
            0.05082002282142639,
            -0.7937585115432739,
            -0.1663040965795517
        ],
        [
            0.05825083702802658,
            -0.9290608167648315,
            -0.1584564596414566
        ]
    ],
    "pred_vertices": [
        [
            0.046672940254211426,
            -0.8912917375564575,
            -0.25032979249954224
        ],
        [
            0.03914200887084007,
            -0.8763687610626221,
            -0.24859344959259033
        ],
        [
            0.05370655655860901,
            -0.8740894794464111,
            -0.24769620597362518
        ],
        [
            0.06301465630531311,
            -0.8862735629081726,
            -0.24571995437145233
        ],
        [
            0.04756747558712959,
            -0.8645860552787781,
            -0.24688313901424408
        ],
        [
            0.035090573132038116,
            -0.8654000759124756,
            -0.24661347270011902
        ],
        [
            0.06585507094860077,
            -0.8702234029769897,
            -0.24178184568881989
        ],
        [
            0.07530280202627182,
            -0.878807008266449,
            -0.2382776141166687
        ],
        [
            0.07956068217754364,
            -0.8382328152656555,
            -0.22675108909606934
        ],
        [
            0.08867155015468597,
            -0.8355737924575806,
            -0.22020834684371948
        ],
        [
            0.08731414377689362,
            -0.8466384410858154,
            -0.22530421614646912
        ],
        [
            0.07763087749481201,
            -0.8467631340026855,
            -0.2295277714729309
        ],
        [
            0.08322522044181824,
            -0.8138492107391357,
            -0.2165314108133316
        ],
        [
            0.07395726442337036,
            -0.8034123182296753,
            -0.21733912825584412
        ],
        [
            0.08260611444711685,
            -0.7966386079788208,
            -0.20872482657432556
        ],
        [
            0.09136703610420227,
            -0.8068602085113525,
            -0.2068190723657608
        ],
        [
            0.03157522529363632,
            -0.8145513534545898,
            -0.22054870426654816
        ],
        [
            0.03752345219254494,
            -0.807723879814148,
            -0.22157341241836548
        ],
        [
            0.04048429802060127,
            -0.8141577243804932,
            -0.2247055172920227
        ],
        [
            0.03430929780006409,
            -0.8202310800552368,
            -0.22288350760936737
        ],
        [
            0.01962537318468094,
            -0.8234905004501343,
            -0.22233980894088745
        ],
        [
            0.022054318338632584,
            -0.8295243978500366,
            -0.2215687334537506
        ],
        [
            0.014846563339233398,
            -0.8324753046035767,
            -0.22375702857971191
        ],
        [
            0.012591607868671417,
            -0.8253731727600098,
            -0.22581040859222412
        ],
        [
            0.02749701961874962,
            -0.8098700046539307,
            -0.21623726189136505
        ],
        [
            0.03410246595740318,
            -0.8027581572532654,
            -0.21724605560302734
        ],
        [
            0.02622745931148529,
            -0.8202122449874878,
            -0.22024764120578766
        ],
        [
            0.023794129490852356,
            -0.8155498504638672,
            -0.2200508415699005
        ],
        [
            0.015791527926921844,
            -0.8073932528495789,
            -0.2252521812915802
        ],
        [
            0.017511360347270966,
            -0.8121458888053894,
            -0.22600045800209045
        ],
        [
            0.010531716048717499,
            -0.8119439482688904,
            -0.22974514961242676
        ],
        [
            0.010302208364009857,
            -0.8069114685058594,
            -0.22722728550434113
        ],
        [
            0.02350688725709915,
            -0.8087645769119263,
            -0.2191753387451172
        ],
        [
            0.022024698555469513,
            -0.8108944892883301,
            -0.2224160134792328
        ],
        [
            0.01900492236018181,
            -0.8069146275520325,
            -0.22206485271453857
        ],
        [
            0.019999556243419647,
            -0.8056915998458862,
            -0.2182399183511734
        ],
        [
            0.01766170933842659,
            -0.8187553882598877,
            -0.22326841950416565
        ],
        [
            0.0110793337225914,
            -0.8191425800323486,
            -0.22764159739017487
        ],
        [
            0.003608591854572296,
            -0.8191884756088257,
            -0.2315543293952942
        ],
        [
            0.0031600818037986755,
            -0.8101903200149536,
            -0.23285992443561554
        ],
        [
            0.05215558037161827,
            -0.7949566841125488,
            -0.21896673738956451
        ],
        [
            0.04449070990085602,
            -0.8011994361877441,
            -0.22138471901416779
        ],
        [
            0.04069089889526367,
            -0.7966469526290894,
            -0.21762493252754211
        ],
        [
            0.04704658314585686,
            -0.7915186882019043,
            -0.21654412150382996
        ],
        [
            0.02348192036151886,
            -0.8031597137451172,
            -0.21548794209957123
        ],
        [
            0.02847306802868843,
            -0.7871642112731934,
            -0.21368065476417542
        ],
        [
            0.028063811361789703,
            -0.7907760143280029,
            -0.21522223949432373
        ],
        [
            0.020693715661764145,
            -0.7911514043807983,
            -0.21515309810638428
        ],
        [
            0.021708734333515167,
            -0.7877464294433594,
            -0.21400736272335052
        ],
        [
            0.06297904998064041,
            -0.7825049161911011,
            -0.21074190735816956
        ],
        [
            0.0556982047855854,
            -0.7807532548904419,
            -0.21132351458072662
        ],
        [
            0.058521732687950134,
            -0.7745182514190674,
            -0.20747004449367523
        ],
        [
            0.06636297702789307,
            -0.7753037214279175,
            -0.20515383780002594
        ],
        [
            0.0584067702293396,
            -0.7690545320510864,
            -0.20388907194137573
        ],
        [
            0.06856825202703476,
            -0.7683261036872864,
            -0.199723482131958
        ],
        [
            0.06272898614406586,
            -0.7551742792129517,
            -0.19132736325263977
        ],
        [
            0.06609940528869629,
            -0.761085033416748,
            -0.19500920176506042
        ],
        [
            0.05560075491666794,
            -0.7636727094650269,
            -0.20080190896987915
        ],
        [
            0.04990091174840927,
            -0.758455753326416,
            -0.19923104345798492
        ],
        [
            0.03370451554656029,
            -0.762191653251648,
            -0.20043867826461792
        ],
        [
            0.027306094765663147,
            -0.7607191801071167,
            -0.19919273257255554
        ],
        [
            0.0340891107916832,
            -0.7489519119262695,
            -0.19714519381523132
        ],
        [
            0.04172906652092934,
            -0.7526744604110718,
            -0.19832079112529755
        ],
        [
            0.03132530674338341,
            -0.782538890838623,
            -0.20831537246704102
        ],
        [
            0.036191124469041824,
            -0.7829985022544861,
            -0.2082228660583496
        ],
        [
            0.03489165008068085,
            -0.7838679552078247,
            -0.2105570286512375
        ],
        [
            0.0294656865298748,
            -0.7844038009643555,
            -0.2112365961074829
        ],
        [
            0.04028981924057007,
            -0.7828449606895447,
            -0.20864447951316833
        ],
        [
            0.042097583413124084,
            -0.7826882600784302,
            -0.20886315405368805
        ],
        [
            0.041014183312654495,
            -0.7837005853652954,
            -0.21005725860595703
        ],
        [
            0.039661359041929245,
            -0.7835813760757446,
            -0.20915289223194122
        ],
        [
            0.03776202350854874,
            -0.7832293510437012,
            -0.20851314067840576
        ],
        [
            0.03696345165371895,
            -0.7812573909759521,
            -0.20783239603042603
        ],
        [
            0.03944489359855652,
            -0.7819833755493164,
            -0.20837894082069397
        ],
        [
            0.032515835016965866,
            -0.7799966931343079,
            -0.20795577764511108
        ],
        [
            0.017969783395528793,
            -0.7769198417663574,
            -0.20696833729743958
        ],
        [
            0.02185983955860138,
            -0.7773774862289429,
            -0.2078949511051178
        ],
        [
            0.020580671727657318,
            -0.7820997834205627,
            -0.20751364529132843
        ],
        [
            0.017301708459854126,
            -0.7820014953613281,
            -0.2068503201007843
        ],
        [
            0.03842085599899292,
            -0.785362184047699,
            -0.21109241247177124
        ],
        [
            0.04054014012217522,
            -0.786614179611206,
            -0.2126050442457199
        ],
        [
            0.03511229529976845,
            -0.7886216640472412,
            -0.2141534984111786
        ],
        [
            0.034835658967494965,
            -0.7862761616706848,
            -0.21212920546531677
        ],
        [
            0.04275614395737648,
            -0.7882767915725708,
            -0.2144715040922165
        ],
        [
            0.043147191405296326,
            -0.7848048210144043,
            -0.21117907762527466
        ],
        [
            0.046259596943855286,
            -0.7853953838348389,
            -0.21270030736923218
        ],
        [
            0.04191366210579872,
            -0.7808898687362671,
            -0.2081461250782013
        ],
        [
            0.04521983116865158,
            -0.779297947883606,
            -0.2081061154603958
        ],
        [
            0.04474668949842453,
            -0.7816973924636841,
            -0.2098354548215866
        ],
        [
            0.04374480992555618,
            -0.776192307472229,
            -0.20638978481292725
        ],
        [
            0.03949562460184097,
            -0.7789411544799805,
            -0.20719009637832642
        ],
        [
            0.03518801927566528,
            -0.7767430543899536,
            -0.2069307267665863
        ],
        [
            0.029551584273576736,
            -0.7746905088424683,
            -0.20673903822898865
        ],
        [
            0.03391718491911888,
            -0.7704750299453735,
            -0.20438334345817566
        ],
        [
            0.03965357318520546,
            -0.7730885148048401,
            -0.20530225336551666
        ],
        [
            0.037000592797994614,
            -0.7924741506576538,
            -0.21579387784004211
        ],
        [
            0.049431804567575455,
            -0.7810777425765991,
            -0.2106143832206726
        ],
        [
            0.051710933446884155,
            -0.7871395945549011,
            -0.21416671574115753
        ],
        [
            0.05061682313680649,
            -0.7766165137290955,
            -0.20835644006729126
        ],
        [
            0.049754396080970764,
            -0.7724366188049316,
            -0.20567400753498077
        ],
        [
            0.0464436300098896,
            -0.7684571743011475,
            -0.20347920060157776
        ],
        [
            0.04016120731830597,
            -0.7650501728057861,
            -0.20183292031288147
        ],
        [
            0.0439651794731617,
            -0.7432824373245239,
            -0.18700477480888367
        ],
        [
            0.05290861427783966,
            -0.7482771873474121,
            -0.18940111994743347
        ],
        [
            0.03529869392514229,
            -0.8590065240859985,
            -0.24094414710998535
        ],
        [
            0.04424116015434265,
            -0.858241617679596,
            -0.24330663681030273
        ],
        [
            0.04794380068778992,
            -0.8521674871444702,
            -0.23738646507263184
        ],
        [
            0.04913460090756416,
            -0.8542430400848389,
            -0.23886814713478088
        ],
        [
            0.0429350882768631,
            -0.8551064133644104,
            -0.23917829990386963
        ],
        [
            0.04314552620053291,
            -0.8526386022567749,
            -0.23744875192642212
        ],
        [
            0.06859447807073593,
            -0.8479099273681641,
            -0.23104339838027954
        ],
        [
            0.061720363795757294,
            -0.8488448262214661,
            -0.23242400586605072
        ],
        [
            0.06325879693031311,
            -0.8455094695091248,
            -0.2305256575345993
        ],
        [
            0.07095876336097717,
            -0.8415088057518005,
            -0.2296997457742691
        ],
        [
            0.05355622246861458,
            -0.8369718194007874,
            -0.2296309620141983
        ],
        [
            0.05899440497159958,
            -0.8387150764465332,
            -0.22985759377479553
        ],
        [
            0.05360241234302521,
            -0.8447763919830322,
            -0.2316485345363617
        ],
        [
            0.04965297877788544,
            -0.8434843420982361,
            -0.23157450556755066
        ],
        [
            0.04533100500702858,
            -0.8428643941879272,
            -0.23103806376457214
        ],
        [
            0.041058026254177094,
            -0.8428640365600586,
            -0.22978276014328003
        ],
        [
            0.0420289970934391,
            -0.8379387855529785,
            -0.22779077291488647
        ],
        [
            0.047468915581703186,
            -0.8369931578636169,
            -0.22891278564929962
        ],
        [
            0.03658464550971985,
            -0.8564614057540894,
            -0.23675629496574402
        ],
        [
            0.030834369361400604,
            -0.8564261198043823,
            -0.23239928483963013
        ],
        [
            0.032616499811410904,
            -0.8537256717681885,
            -0.23166042566299438
        ],
        [
            0.03730948269367218,
            -0.8535717725753784,
            -0.2356395423412323
        ],
        [
            0.027450483292341232,
            -0.8499640226364136,
            -0.21987490355968475
        ],
        [
            0.02771599590778351,
            -0.8519560098648071,
            -0.22216974198818207
        ],
        [
            0.023966223001480103,
            -0.853371262550354,
            -0.22142475843429565
        ],
        [
            0.023973479866981506,
            -0.849214494228363,
            -0.21892230212688446
        ],
        [
            0.02607843652367592,
            -0.846048891544342,
            -0.21947342157363892
        ],
        [
            0.02840070053935051,
            -0.8480488061904907,
            -0.2204708456993103
        ],
        [
            0.038372479379177094,
            -0.9132449626922607,
            -0.24997985363006592
        ],
        [
            0.03118535876274109,
            -0.8949292898178101,
            -0.24987289309501648
        ],
        [
            0.05873098596930504,
            -0.9080337285995483,
            -0.2470966875553131
        ],
        [
            0.07356571406126022,
            -0.8998523950576782,
            -0.24048824608325958
        ],
        [
            0.08613566309213638,
            -0.8887341022491455,
            -0.2334568351507187
        ],
        [
            0.07254667580127716,
            -0.7880106568336487,
            -0.20999208092689514
        ],
        [
            0.07820413261651993,
            -0.7807365655899048,
            -0.20292982459068298
        ],
        [
            0.09069450944662094,
            -0.7905198931694031,
            -0.19968588650226593
        ],
        [
            0.0933232307434082,
            -0.781758725643158,
            -0.19086089730262756
        ],
        [
            0.08049046248197556,
            -0.7719399333000183,
            -0.19531458616256714
        ],
        [
            0.07357673346996307,
            -0.7562952041625977,
            -0.18043199181556702
        ],
        [
            0.07903445512056351,
            -0.7633833885192871,
            -0.18745708465576172
        ],
        [
            0.09371120482683182,
            -0.7742023468017578,
            -0.17954879999160767
        ],
        [
            0.10658864676952362,
            -0.789649486541748,
            -0.1747216135263443
        ],
        [
            0.10385052114725113,
            -0.794293999671936,
            -0.18721742928028107
        ],
        [
            0.11531962454319,
            -0.8076114654541016,
            -0.17076757550239563
        ],
        [
            0.11106590181589127,
            -0.7858580350875854,
            -0.1588868647813797
        ],
        [
            0.11912121623754501,
            -0.8086245059967041,
            -0.16118109226226807
        ],
        [
            0.10393548756837845,
            -0.7495772838592529,
            -0.13977429270744324
        ],
        [
            0.10976424813270569,
            -0.739869236946106,
            -0.13049384951591492
        ],
        [
            0.12237642705440521,
            -0.7503196001052856,
            -0.12258590757846832
        ],
        [
            0.11859574168920517,
            -0.7594419717788696,
            -0.13362161815166473
        ],
        [
            0.09901033341884613,
            -0.8000295758247375,
            -0.19712164998054504
        ],
        [
            0.0924331396818161,
            -0.8586905002593994,
            -0.22259488701820374
        ],
        [
            0.08211937546730042,
            -0.8559396266937256,
            -0.229665607213974
        ],
        [
            0.09734652936458588,
            -0.8472165465354919,
            -0.2173037976026535
        ],
        [
            0.10003352165222168,
            -0.9200857877731323,
            -0.2262287586927414
        ],
        [
            0.08638529479503632,
            -0.9116270542144775,
            -0.23617549240589142
        ],
        [
            0.0972096174955368,
            -0.8982785940170288,
            -0.22970634698867798
        ],
        [
            0.10934488475322723,
            -0.9081515073776245,
            -0.22207099199295044
        ],
        [
            0.0688583105802536,
            -0.9530743360519409,
            -0.2271813154220581
        ],
        [
            0.05404536426067352,
            -0.9350165724754333,
            -0.24140630662441254
        ],
        [
            0.06933142244815826,
            -0.9247568845748901,
            -0.23929952085018158
        ],
        [
            0.08291226625442505,
            -0.9386085271835327,
            -0.2284144014120102
        ],
        [
            0.11755992472171783,
            -0.9127497673034668,
            -0.21294113993644714
        ],
        [
            0.12862971425056458,
            -0.9189762473106384,
            -0.1989235281944275
        ],
        [
            0.12770812213420868,
            -0.9369778037071228,
            -0.19655242562294006
        ],
        [
            0.11326561868190765,
            -0.9307588338851929,
            -0.21322786808013916
        ],
        [
            0.11965052783489227,
            -0.9587419629096985,
            -0.19016924500465393
        ],
        [
            0.10224384069442749,
            -0.9522907733917236,
            -0.21047993004322052
        ],
        [
            0.12431947886943817,
            -0.7986372113227844,
            -0.14478135108947754
        ],
        [
            0.1251838505268097,
            -0.8168554306030273,
            -0.15143205225467682
        ],
        [
            0.11319005489349365,
            -0.7711532115936279,
            -0.14622622728347778
        ],
        [
            0.12490531802177429,
            -0.7829477190971375,
            -0.1360262632369995
        ],
        [
            0.10619305074214935,
            -0.9772191643714905,
            -0.18041783571243286
        ],
        [
            0.08649271726608276,
            -0.9698903560638428,
            -0.20573870837688446
        ],
        [
            0.14999878406524658,
            -0.911841630935669,
            -0.14746733009815216
        ],
        [
            0.1461217701435089,
            -0.9266221523284912,
            -0.16160811483860016
        ],
        [
            0.14281009137630463,
            -0.9094276428222656,
            -0.1729920208454132
        ],
        [
            0.14765900373458862,
            -0.8982895612716675,
            -0.15852245688438416
        ],
        [
