{
    "pred_cam": [
        1.1810872554779053,
        0.036093682050704956,
        0.17621776461601257
    ],
    "pred_smpl_params": {
        "global_orient": [
            [
                [
                    0.977885901927948,
                    0.20321889221668243,
                    0.049408964812755585
                ],
                [
                    0.20111580193042755,
                    -0.978560745716095,
                    0.04439933970570564
                ],
                [
                    0.05737245827913284,
                    -0.03348056599497795,
                    -0.9977912902832031
                ]
            ]
        ],
        "body_pose": [
            [
                [
                    0.9974976181983948,
                    0.03350740298628807,
                    -0.062255989760160446
                ],
                [
                    -0.014144821092486382,
                    0.9573383927345276,
                    0.28862282633781433
                ],
                [
                    0.06927105039358139,
                    -0.2870199680328369,
                    0.955416738986969
                ]
            ],
            [
                [
                    0.9974229335784912,
                    0.07051018625497818,
                    0.013262608088552952
                ],
                [
                    -0.07135258615016937,
                    0.9555010199546814,
                    0.28622835874557495
                ],
                [
                    0.007509583607316017,
                    -0.2864370346069336,
                    0.9580697417259216
                ]
            ],
            [
                [
                    0.9984831809997559,
                    -0.01439609657973051,
                    0.05314214527606964
                ],
                [
                    0.029202187433838844,
                    0.9567322731018066,
                    -0.28950056433677673
                ],
                [
                    -0.04667512699961662,
                    0.2906133234500885,
                    0.955701470375061
                ]
            ],
            [
                [
                    0.9916884899139404,
                    -0.009090680629014969,
                    -0.1283407211303711
                ],
                [
                    -0.08165585994720459,
                    0.7263973951339722,
                    -0.6824068427085876
                ],
                [
                    0.0994298905134201,
                    0.687214732170105,
                    0.7196176052093506
                ]
            ],
            [
                [
                    0.9941997528076172,
                    -0.08403048664331436,
                    0.06712448596954346
                ],
                [
                    0.10668792575597763,
                    0.6917430758476257,
                    -0.7142192721366882
                ],
                [
                    0.013583297841250896,
                    0.7172380089759827,
                    0.6966958045959473
                ]
            ],
            [
                [
                    0.9891325235366821,
                    -0.11317402124404907,
                    0.09385359287261963
                ],
                [
                    0.11494006216526031,
                    0.9932791590690613,
                    -0.01361222192645073
                ],
                [
                    -0.09168227016925812,
                    0.024251829832792282,
                    0.9954929351806641
                ]
            ],
            [
                [
                    0.9895188212394714,
                    0.01519952155649662,
                    0.1436021327972412
                ],
                [
                    -0.03503751382231712,
                    0.9900000691413879,
                    0.13664650917053223
                ],
                [
                    -0.14008915424346924,
                    -0.1402457356452942,
                    0.9801562428474426
                ]
            ],
            [
                [
                    0.9899556040763855,
                    -0.07791996747255325,
                    -0.1179671660065651
                ],
                [
                    0.07650945335626602,
                    0.9969332218170166,
                    -0.016445688903331757
                ],
                [
                    0.11888683587312698,
                    0.007254901807755232,
                    0.9928812384605408
                ]
            ],
            [
                [
                    0.9955532550811768,
                    -0.06611734628677368,
                    0.06709834188222885
                ],
                [
                    0.06902369856834412,
                    0.9967321753501892,
                    -0.04196066036820412
                ],
                [
                    -0.06410474330186844,
                    0.046405449509620667,
                    0.996863603591919
                ]
            ],
            [
                [
                    0.9905230402946472,
                    -0.13491462171077728,
                    0.025730840861797333
                ],
                [
                    0.12928137183189392,
                    0.9791037440299988,
                    0.1569785624742508
                ],
                [
                    -0.046371858566999435,
                    -0.15216438472270966,
                    0.9872667789459229
                ]
            ],
            [
                [
                    0.9875526428222656,
                    0.15518340468406677,
                    -0.025650646537542343
                ],
                [
                    -0.14860999584197998,
                    0.9739922881126404,
                    0.171038419008255
                ],
                [
                    0.05152585357427597,
                    -0.16509748995304108,
                    0.9849304556846619
                ]
            ],
            [
                [
                    0.906726598739624,
                    -0.04174427315592766,
                    -0.41964781284332275
                ],
                [
                    0.0817250907421112,
                    0.9936181306838989,
                    0.07774242758750916
                ],
                [
                    0.413724422454834,
                    -0.10478688031435013,
                    0.904351532459259
                ]
            ],
            [
                [
                    0.9354714155197144,
                    0.34522828459739685,
                    -0.07556794583797455
                ],
                [
                    -0.3471885025501251,
                    0.9376888275146484,
                    -0.014135883189737797
                ],
                [
                    0.06597910821437836,
                    0.039460036903619766,
                    0.9970403909683228
                ]
            ],
            [
                [
                    0.825678288936615,
                    -0.4289088845252991,
                    0.3664593994617462
                ],
                [
                    0.4416508078575134,
                    0.8956118226051331,
                    0.05314188450574875
                ],
                [
                    -0.3509983718395233,
                    0.11796899139881134,
                    0.9289152026176453
                ]
            ],
            [
                [
                    0.9226025342941284,
                    -0.11276786774396896,
                    -0.36890092492103577
                ],
                [
                    0.058690086007118225,
                    0.9862179160118103,
                    -0.15469211339950562
                ],
                [
                    0.38126102089881897,
                    0.12106852233409882,
                    0.9165055155754089
                ]
            ],
            [
                [
                    0.35631048679351807,
                    0.8589069843292236,
                    -0.3678608536720276
                ],
                [
                    -0.9155674576759338,
                    0.3995232880115509,
                    0.04601501673460007
                ],
                [
                    0.18649162352085114,
                    0.3204057812690735,
                    0.9287415742874146
                ]
            ],
            [
                [
                    0.46918442845344543,
                    -0.8039419651031494,
                    0.36543580889701843
                ],
                [
                    0.8469035029411316,
                    0.5268808603286743,
                    0.07177083939313889
                ],
                [
                    -0.250240683555603,
                    0.27581509947776794,
                    0.9280655980110168
                ]
            ],
            [
                [
                    0.02122875116765499,
                    -0.4182976186275482,
                    -0.9080619812011719
                ],
                [
                    0.2687389850616455,
                    0.8772263526916504,
                    -0.3978106379508972
                ],
                [
                    0.9629790782928467,
                    -0.23558662831783295,
                    0.13103529810905457
                ]
            ],
            [
                [
                    0.8781901597976685,
                    0.11928323656320572,
                    0.46319928765296936
                ],
                [
                    -0.03778626397252083,
                    0.9826794266700745,
                    -0.18142011761665344
                ],
                [
                    -0.4768168330192566,
                    0.1418187916278839,
                    0.8674866557121277
                ]
            ],
            [
                [
                    0.9873110055923462,
                    -0.15497486293315887,
                    -0.03463602438569069
                ],
                [
                    0.1585640013217926,
                    0.9739601016044617,
                    0.162046879529953
                ],
                [
                    0.008620910346508026,
                    -0.16548271477222443,
                    0.9861749410629272
                ]
            ],
            [
                [
                    0.9930846691131592,
                    0.11562201380729675,
                    -0.020354073494672775
                ],
                [
                    -0.11704663932323456,
                    0.9885420799255371,
                    -0.09531331807374954
                ],
                [
                    0.009100541472434998,
                    0.09703657776117325,
                    0.9952391386032104
                ]
            ],
            [
                [
                    0.9659253358840942,
                    0.2325887233018875,
                    -0.11353737115859985
                ],
                [
                    -0.22148708999156952,
                    0.9697782397270203,
                    0.10234078764915466
                ],
                [
                    0.13390938937664032,
                    -0.0737065002322197,
                    0.9882487654685974
                ]
            ],
            [
                [
                    0.9795354604721069,
                    -0.1933087706565857,
                    0.056053511798381805
                ],
                [
                    0.17944450676441193,
                    0.9648933410644531,
                    0.19178256392478943
                ],
                [
                    -0.0911589115858078,
                    -0.17779932916164398,
                    0.9798354506492615
                ]
            ]
        ],
        "betas": [
            0.10458201915025711,
            0.1583327353000641,
            0.03738141059875488,
            0.5865753293037415,
            -0.00208437442779541,
            0.007215920835733414,
            -0.05460149049758911,
            0.0017213821411132812,
            0.13897377252578735,
            -0.021256357431411743
        ]
    },
    "pred_cam_t": [
        0.036093682050704956,
        0.17621776461601257,
        33.073341369628906
    ],
    "focal_length": [
        5000.0,
        5000.0
    ],
    "pred_keypoints_3d": [
        [
            -0.027817457914352417,
            -0.7823335528373718,
            -0.2552565932273865
        ],
        [
            0.05313217639923096,
            -0.7210946083068848,
            -0.09184348583221436
        ],
        [
            -0.11670929193496704,
            -0.5964601039886475,
            -0.10826313495635986
        ],
        [
            -0.09852423518896103,
            -0.3486116826534271,
            -0.0507236085832119
        ],
        [
            0.0007252991199493408,
            -0.11988666653633118,
            -0.11106941103935242
        ],
        [
            0.22798976302146912,
            -0.6405807733535767,
            -0.023751232773065567
        ],
        [
            0.2244686782360077,
            -0.3953135013580322,
            0.0684526115655899
        ],
        [
            0.2472844272851944,
            -0.3308107256889343,
            -0.17307241261005402
        ],
        [
            -0.002427099272608757,
            -0.22956658899784088,
            0.026390310376882553
        ],
        [
            -0.08509291708469391,
            -0.15452858805656433,
            0.03079923987388611
        ],
        [
            -0.21849747002124786,
            0.1940593123435974,
            -0.06275811046361923
        ],
        [
            -0.2712235748767853,
            0.508381724357605,
            0.1798747479915619
        ],
        [
            0.0442921444773674,
            -0.12687212228775024,
            0.04071866720914841
        ],
        [
            -0.001056324690580368,
            0.23477038741111755,
            -0.05341611057519913
        ],
        [
            -0.07494862377643585,
            0.5545710325241089,
            0.1757357120513916
        ],
        [
            -0.037575654685497284,
            -0.8333551287651062,
            -0.22036956250667572
        ],
        [
            0.01438198983669281,
            -0.8271081447601318,
            -0.26183101534843445
        ],
        [
            -0.011420749127864838,
            -0.8495595455169678,
            -0.1228208839893341
        ],
        [
            0.10657282918691635,
            -0.8347315788269043,
            -0.2116510421037674
        ],
        [
            -0.10455760359764099,
            0.6671932935714722,
            0.012446478009223938
        ],
        [
            -0.03578398749232292,
            0.6721503734588623,
            0.06059621274471283
        ],
        [
            -0.0691327452659607,
            0.5654935240745544,
            0.2440737932920456
        ],
        [
            -0.29334092140197754,
            0.6483107805252075,
            0.03714528679847717
        ],
        [
            -0.3602510094642639,
            0.6179518699645996,
            0.08575469255447388
        ],
        [
            -0.2746403217315674,
            0.5156012773513794,
            0.25284045934677124
        ],
        [
            -0.28236493468284607,
            0.44895780086517334,
            0.1766015589237213
        ],
        [
            -0.19933877885341644,
            0.13565915822982788,
            -0.06099751964211464
        ],
        [
            -0.1351015567779541,
            -0.2911326289176941,
            0.031241338700056076
        ],
        [
            0.14028482139110565,
            -0.2178904414176941,
            0.0593797005712986
        ],
        [
            0.015981141477823257,
            0.1968666911125183,
            -0.051476653665304184
        ],
        [
            -0.0562189444899559,
            0.5155091285705566,
            0.18087336421012878
        ],
        [
            0.01546783559024334,
            -0.15043729543685913,
            -0.12613603472709656
        ],
        [
            -0.11238487809896469,
            -0.35741299390792847,
            -0.0878145769238472
        ],
        [
            -0.0854894146323204,
            -0.6391856074333191,
            -0.10112138092517853
        ],
        [
            0.19492995738983154,
            -0.668705940246582,
            -0.03660693019628525
        ],
        [
            0.26226770877838135,
            -0.42030051350593567,
            0.04294957220554352
        ],
        [
            0.2531886100769043,
            -0.3514479994773865,
            -0.16248469054698944
        ],
        [
            0.057332590222358704,
            -0.7053747177124023,
            -0.09899080544710159
        ],
        [
            0.0346585288643837,
            -0.8885779976844788,
            -0.19574454426765442
        ],
        [
            0.002887084148824215,
            -0.254744291305542,
            0.045335929840803146
        ],
        [
            0.05373351275920868,
            -0.6515253782272339,
            -0.0709168016910553
        ],
        [
            0.04514911398291588,
            -0.49358710646629333,
            0.0073147909715771675
        ],
        [
            0.026501277461647987,
            -0.7742401361465454,
            -0.19635280966758728
        ],
        [
            0.03341230750083923,
            -0.90961754322052,
            -0.19096001982688904
        ]
    ],
    "pred_vertices": [
        [
            0.0203697569668293,
            -0.8702316880226135,
            -0.28179362416267395
        ],
        [
            0.012900881469249725,
            -0.8554248809814453,
            -0.2794840335845947
        ],
        [
            0.027517002075910568,
            -0.8531105518341064,
            -0.2788908779621124
        ],
        [
            0.03685040771961212,
            -0.8653421401977539,
            -0.27735012769699097
        ],
        [
            0.02131853625178337,
            -0.8435385227203369,
            -0.27779722213745117
        ],
        [
            0.008913058787584305,
            -0.8443742990493774,
            -0.27729785442352295
        ],
        [
            0.039730221033096313,
            -0.8493663668632507,
            -0.27324044704437256
        ],
        [
            0.049239858984947205,
            -0.8581396341323853,
            -0.2700861990451813
        ],
        [
            0.05382031947374344,
            -0.8176565766334534,
            -0.2578980326652527
        ],
        [
            0.06304172426462173,
            -0.815231442451477,
            -0.2514435350894928
        ],
        [
            0.06153108924627304,
            -0.8262076377868652,
            -0.2567364573478699
        ],
        [
            0.05181918293237686,
            -0.826139509677887,
            -0.26082101464271545
        ],
        [
            0.05774831771850586,
            -0.7935634851455688,
            -0.2472573220729828
        ],
        [
            0.048458002507686615,
            -0.7830929756164551,
            -0.24776481091976166
        ],
        [
            0.05725755915045738,
            -0.7765698432922363,
            -0.2390807569026947
        ],
        [
            0.06599949300289154,
            -0.786872148513794,
            -0.23745155334472656
        ],
        [
            0.005958888679742813,
            -0.7939034700393677,
            -0.25046026706695557
        ],
        [
            0.011922888457775116,
            -0.7871114015579224,
            -0.25146791338920593
        ],
        [
            0.014816667884588242,
            -0.7934837341308594,
            -0.2547450661659241
        ],
        [
            0.008633658289909363,
            -0.7995529174804688,
            -0.2529650926589966
        ],
        [
            -0.006018787622451782,
            -0.8027359247207642,
            -0.25216320157051086
        ],
        [
            -0.003601282835006714,
            -0.8088047504425049,
            -0.25159844756126404
        ],
        [
            -0.010868750512599945,
            -0.8116848468780518,
            -0.2536454200744629
        ],
        [
            -0.01312229037284851,
            -0.8045311570167542,
            -0.2554655969142914
        ],
        [
            0.001978892832994461,
            -0.7892700433731079,
            -0.24602878093719482
        ],
        [
            0.008601803332567215,
            -0.7822118997573853,
            -0.2470150738954544
        ],
        [
            0.0006176456809043884,
            -0.7995307445526123,
            -0.25018835067749023
        ],
        [
            -0.0017822682857513428,
            -0.7948620319366455,
            -0.2497900128364563
        ],
        [
            -0.009869344532489777,
            -0.7865908145904541,
            -0.25458550453186035
        ],
        [
            -0.008168153464794159,
            -0.7913327217102051,
            -0.2554842233657837
        ],
        [
            -0.01522236317396164,
            -0.7910418510437012,
            -0.2590566873550415
        ],
        [
            -0.015373267233371735,
            -0.7860598564147949,
            -0.25643017888069153
        ],
        [
            -0.002047579735517502,
            -0.7881214022636414,
            -0.24875429272651672
        ],
        [
            -0.0035912804305553436,
            -0.7901748418807983,
            -0.25196388363838196
        ],
        [
            -0.006596144288778305,
            -0.7861986756324768,
            -0.25146976113319397
        ],
        [
            -0.00553019717335701,
            -0.7850444912910461,
            -0.24769911170005798
        ],
        [
            -0.007978692650794983,
            -0.7980045080184937,
            -0.25289976596832275
        ],
        [
            -0.014658063650131226,
            -0.7982684969902039,
            -0.2571047246456146
        ],
        [
            -0.02219189703464508,
            -0.7982068061828613,
            -0.2608368992805481
        ],
        [
            -0.02260114997625351,
            -0.7892129421234131,
            -0.26195377111434937
        ],
        [
            0.02665015682578087,
            -0.7745225429534912,
            -0.2488461136817932
        ],
        [
            0.01893927901983261,
            -0.7806692123413086,
            -0.2512472867965698
        ],
        [
            0.015202712267637253,
            -0.7761391997337341,
            -0.24737399816513062
        ],
        [
            0.021600496023893356,
            -0.7711018323898315,
            -0.24626003205776215
        ],
        [
            -0.0019626617431640625,
            -0.7825988531112671,
            -0.24498261511325836
        ],
        [
            0.0031388290226459503,
            -0.7667355537414551,
            -0.24297454953193665
        ],
        [
            0.0026807934045791626,
            -0.7702916860580444,
            -0.24457405507564545
        ],
        [
            -0.004708852618932724,
            -0.7706471681594849,
            -0.24437355995178223
        ],
        [
            -0.003655657172203064,
            -0.7672878503799438,
            -0.24320542812347412
        ],
        [
            0.037663429975509644,
            -0.7623888254165649,
            -0.24048694968223572
        ],
        [
            0.030366145074367523,
            -0.7605745792388916,
            -0.2409110814332962
        ],
        [
            0.03329617902636528,
            -0.7544946074485779,
            -0.2369760125875473
        ],
        [
            0.041173890233039856,
            -0.7553451061248779,
            -0.23483768105506897
        ],
        [
            0.033292606472969055,
            -0.7491142749786377,
            -0.23334750533103943
        ],
        [
            0.043533578515052795,
            -0.748540997505188,
            -0.22930948436260223
        ],
        [
            0.03806409239768982,
            -0.7355852127075195,
            -0.22050809860229492
        ],
        [
            0.04125204682350159,
            -0.7414156198501587,
            -0.224387988448143
        ],
        [
            0.03062789887189865,
            -0.743777871131897,
            -0.2301110178232193
        ],
        [
            0.025025002658367157,
            -0.7385939359664917,
            -0.2283134162425995
        ],
        [
            0.008745893836021423,
            -0.7421867847442627,
            -0.22936737537384033
        ],
        [
            0.0023757778108119965,
            -0.7406775951385498,
            -0.22799266874790192
        ],
        [
            0.009305983781814575,
            -0.7290761470794678,
            -0.22574201226234436
        ],
        [
            0.016907911747694016,
            -0.732787549495697,
            -0.22713789343833923
        ],
        [
            0.006093651056289673,
            -0.7622358798980713,
            -0.23764866590499878
        ],
        [
            0.01095820963382721,
            -0.7627210021018982,
            -0.23764880001544952
        ],
        [
            0.009615011513233185,
            -0.7635293006896973,
            -0.23996371030807495
        ],
        [
            0.00416603684425354,
            -0.7640357613563538,
            -0.2405553013086319
        ],
        [
            0.015022121369838715,
            -0.7625645995140076,
            -0.238143652677536
        ],
        [
            0.016819536685943604,
            -0.7623935341835022,
            -0.23838433623313904
        ],
        [
            0.01571882888674736,
            -0.7633720636367798,
            -0.23956343531608582
        ],
        [
            0.01439918577671051,
            -0.7632819414138794,
            -0.23864492774009705
        ],
        [
            0.012506488710641861,
            -0.7629481554031372,
            -0.23797611892223358
        ],
        [
            0.011733606457710266,
            -0.761012613773346,
            -0.23724094033241272
        ],
        [
            0.014186177402734756,
            -0.7617146968841553,
            -0.23786304891109467
        ],
        [
            0.007288657128810883,
            -0.7597498893737793,
            -0.23725444078445435
        ],
        [
            -0.007240030914545059,
            -0.7565522193908691,
            -0.23602506518363953
        ],
        [
            -0.0033579543232917786,
            -0.7570327520370483,
            -0.2370014786720276
        ],
        [
            -0.0046623870730400085,
            -0.7617035508155823,
            -0.2366916835308075
        ],
        [
            -0.007941175252199173,
            -0.7616140246391296,
            -0.23597756028175354
        ],
        [
            0.013144392520189285,
            -0.7650154829025269,
            -0.24054782092571259
        ],
        [
            0.015195131301879883,
            -0.7662346363067627,
            -0.24212020635604858
        ],
        [
            0.00974273681640625,
            -0.7681946754455566,
            -0.2435956448316574
        ],
        [
            0.009506791830062866,
            -0.765903651714325,
            -0.24154607951641083
        ],
        [
            0.017358463257551193,
            -0.7678674459457397,
            -0.24404916167259216
        ],
        [
            0.017820890992879868,
            -0.7644654512405396,
            -0.24072879552841187
        ],
        [
            0.020916737616062164,
            -0.7650523781776428,
            -0.24226754903793335
        ],
        [
            0.016658466309309006,
            -0.7606396675109863,
            -0.2376503050327301
        ],
        [
            0.01995106413960457,
            -0.7590631246566772,
            -0.2376178652048111
        ],
        [
            0.019437238574028015,
            -0.7613931894302368,
            -0.23937717080116272
        ],
        [
            0.01854654774069786,
            -0.7560330629348755,
            -0.23582351207733154
        ],
        [
            0.014287058264017105,
            -0.758731484413147,
            -0.23661717772483826
        ],
        [
            0.009996887296438217,
            -0.7565605640411377,
            -0.23621250689029694
        ],
        [
            0.004378248006105423,
            -0.7544904351234436,
            -0.23589324951171875
        ],
        [
            0.008822225034236908,
            -0.7503719925880432,
            -0.23352771997451782
        ],
        [
            0.014517508447170258,
            -0.7529650926589966,
            -0.2345975637435913
        ],
        [
            0.01161348819732666,
            -0.7719968557357788,
            -0.24531960487365723
        ],
        [
            0.0241127647459507,
            -0.7608144283294678,
            -0.240178644657135
        ],
        [
            0.02631930261850357,
            -0.7668260335922241,
            -0.24384376406669617
        ],
        [
            0.02535732463002205,
            -0.7564536333084106,
            -0.23785099387168884
        ],
        [
            0.02457747980952263,
            -0.7523438930511475,
            -0.23510506749153137
        ],
        [
            0.021365925669670105,
            -0.748416543006897,
            -0.23278966546058655
        ],
        [
            0.015158150345087051,
            -0.7450644373893738,
            -0.2309173047542572
        ],
        [
            0.019468385726213455,
            -0.7237074375152588,
            -0.21570873260498047
        ],
        [
            0.028356969356536865,
            -0.7286499738693237,
            -0.21831005811691284
        ],
        [
            0.00921637937426567,
            -0.8380012512207031,
            -0.27161678671836853
        ],
        [
            0.018077630549669266,
            -0.837234616279602,
            -0.27412429451942444
        ],
        [
            0.02191517874598503,
            -0.8312368392944336,
            -0.2682766020298004
        ],
        [
            0.023054860532283783,
            -0.8333069682121277,
            -0.2698189914226532
        ],
        [
            0.016860101372003555,
            -0.8341407775878906,
            -0.26997995376586914
        ],
        [
            0.017109766602516174,
            -0.8317034244537354,
            -0.2682689130306244
        ],
        [
            0.04272707924246788,
            -0.8272397518157959,
            -0.2621667981147766
        ],
        [
            0.03582470118999481,
            -0.8280907869338989,
            -0.26349568367004395
        ],
        [
            0.03741128742694855,
            -0.8248037695884705,
            -0.2615452706813812
        ],
        [
            0.04515530541539192,
            -0.8208572864532471,
            -0.26070791482925415
        ],
        [
            0.027753092348575592,
            -0.8162733316421509,
            -0.2603720724582672
        ],
        [
            0.03318329527974129,
            -0.8180158734321594,
            -0.26071619987487793
        ],
        [
            0.02770606428384781,
            -0.8240556716918945,
            -0.2624949812889099
        ],
        [
            0.02376195788383484,
            -0.8227486610412598,
            -0.26234322786331177
        ],
        [
            0.01943901926279068,
            -0.8221047520637512,
            -0.2617703378200531
        ],
        [
            0.015207525342702866,
            -0.8220973014831543,
            -0.26040470600128174
        ],
        [
            0.01621106266975403,
            -0.8172200322151184,
            -0.2583690285682678
        ],
        [
            0.02165566012263298,
            -0.8162910342216492,
            -0.25957363843917847
        ],
        [
            0.010583456605672836,
            -0.8355468511581421,
            -0.26745709776878357
        ],
        [
            0.004908215254545212,
            -0.835537850856781,
            -0.2630210220813751
        ],
        [
            0.0066873542964458466,
            -0.832846462726593,
            -0.2622877061367035
        ],
        [
            0.011334918439388275,
            -0.8326542377471924,
            -0.2663317322731018
        ],
        [
            0.001757986843585968,
            -0.8292353749275208,
            -0.2503516972064972
        ],
        [
            0.0019610822200775146,
            -0.8311701416969299,
            -0.2527078688144684
        ],
        [
            -0.0017821714282035828,
            -0.8325790166854858,
            -0.25192853808403015
        ],
        [
            -0.0017000436782836914,
            -0.8284804821014404,
            -0.24933351576328278
        ],
        [
            0.00041440874338150024,
            -0.8253579139709473,
            -0.24984878301620483
        ],
        [
            0.002727121114730835,
            -0.827349066734314,
            -0.2509016990661621
        ],
        [
            0.011895235627889633,
            -0.8921955823898315,
            -0.2815794348716736
        ],
        [
            0.00472123920917511,
            -0.8737949132919312,
            -0.28112325072288513
        ],
        [
            0.03233996778726578,
            -0.8870830535888672,
            -0.27895694971084595
        ],
        [
            0.04737093299627304,
            -0.8789794445037842,
            -0.2727556824684143
        ],
        [
            0.060089729726314545,
            -0.8680917024612427,
            -0.2656542658805847
        ],
        [
            0.047199547290802,
            -0.7679097056388855,
            -0.24002543091773987
        ],
        [
            0.05298887938261032,
            -0.7608777284622192,
            -0.2328868806362152
        ],
        [
            0.06551213562488556,
            -0.7707114219665527,
            -0.2300095558166504
        ],
        [
            0.06831057369709015,
            -0.7622997760772705,
            -0.22106079757213593
        ],
        [
            0.05549696460366249,
            -0.7523435354232788,
            -0.22513160109519958
        ],
        [
            0.04916946217417717,
            -0.7370877265930176,
            -0.20977237820625305
        ],
        [
            0.05432489886879921,
            -0.7440139055252075,
            -0.2170574814081192
        ],
        [
            0.06898485124111176,
            -0.7551285028457642,
            -0.20957905054092407
        ],
        [
            0.08167827129364014,
            -0.7707560062408447,
            -0.2052777260541916
        ],
        [
            0.07875502854585648,
            -0.7749428153038025,
            -0.21777835488319397
        ],
        [
            0.0903409868478775,
            -0.7888244390487671,
            -0.20198412239551544
        ],
        [
            0.08647413551807404,
            -0.7676042318344116,
            -0.1894976645708084
        ],
        [
            0.09434131532907486,
            -0.7901573777198792,
            -0.19262349605560303
        ],
        [
            0.08087096363306046,
            -0.731978178024292,
            -0.16889098286628723
        ],
        [
            0.08737415075302124,
            -0.7228878140449524,
            -0.15910156071186066
        ],
        [
            0.09943825751543045,
            -0.7337904572486877,
            -0.1518593281507492
        ],
        [
            0.0951705127954483,
            -0.7422338128089905,
            -0.16338156163692474
        ],
        [
            0.07376536726951599,
            -0.780354380607605,
            -0.22769522666931152
        ],
        [
            0.06663553416728973,
            -0.8383885622024536,
            -0.2543190121650696
        ],
        [
            0.05616120249032974,
            -0.8355432748794556,
            -0.2611037492752075
        ],
        [
            0.07171936333179474,
            -0.8270459771156311,
            -0.248947411775589
        ],
        [
            0.07405053079128265,
            -0.8997423648834229,
            -0.2592400014400482
        ],
        [
            0.060223162174224854,
            -0.8910528421401978,
            -0.26890280842781067
        ],
        [
            0.07128582149744034,
            -0.8778758645057678,
            -0.2622418999671936
        ],
        [
            0.08354158699512482,
            -0.8878895044326782,
            -0.2549712657928467
        ],
        [
            0.042787838727235794,
            -0.9324592351913452,
            -0.26014676690101624
        ],
        [
            0.02766311913728714,
            -0.9140791296958923,
            -0.2736778259277344
        ],
        [
            0.04309882968664169,
            -0.9038938283920288,
            -0.27177029848098755
        ],
        [
            0.05688851326704025,
            -0.918041467666626,
            -0.26147884130477905
        ],
        [
            0.09195098280906677,
            -0.8926599025726318,
            -0.24603627622127533
        ],
        [
            0.10317964851856232,
            -0.8991220593452454,
            -0.23228947818279266
        ],
        [
            0.10218680649995804,
            -0.9171533584594727,
            -0.2300645112991333
        ],
        [
            0.08756903558969498,
            -0.9106860160827637,
            -0.24642103910446167
        ],
        [
            0.09414996951818466,
            -0.9388095736503601,
            -0.22393709421157837
        ],
        [
            0.0764835998415947,
            -0.9320352077484131,
            -0.24398158490657806
        ],
        [
            0.09988478571176529,
            -0.780821681022644,
            -0.17607414722442627
        ],
        [
            0.10050291568040848,
            -0.7987160682678223,
            -0.18321490287780762
        ],
        [
            0.08919281512498856,
            -0.7533729076385498,
            -0.17637181282043457
        ],
        [
            0.10082030296325684,
            -0.7655574679374695,
            -0.16681870818138123
        ],
        [
            0.08076471090316772,
            -0.9570896625518799,
            -0.21429432928562164
        ],
        [
            0.06084752827882767,
            -0.9495716094970703,
            -0.23924432694911957
        ],
        [
            0.12526747584342957,
            -0.8929517865180969,
            -0.18124428391456604
        ],
        [
            0.121272012591362,
            -0.9074049592018127,
            -0.19555507600307465
        ],
        [
            0.11786340922117233,
            -0.8900618553161621,
            -0.20659545063972473
        ],
        [
            0.12294603884220123,
            -0.8792593479156494,
