{
    "pred_cam": [
        1.1731348037719727,
        0.028071949258446693,
        0.17379453778266907
    ],
    "pred_smpl_params": {
        "global_orient": [
            [
                [
                    0.9767791032791138,
                    0.20837220549583435,
                    0.04983510449528694
                ],
                [
                    0.2066141664981842,
                    -0.9776761531829834,
                    0.038208797574043274
                ],
                [
                    0.05668424442410469,
                    -0.027024919167160988,
                    -0.9980263113975525
                ]
            ]
        ],
        "body_pose": [
            [
                [
                    0.9982954263687134,
                    0.01915949210524559,
                    -0.0551285520195961
                ],
                [
                    -0.003778817830607295,
                    0.9638170003890991,
                    0.266538143157959
                ],
                [
                    0.05824056640267372,
                    -0.2658754885196686,
                    0.9622464776039124
                ]
            ],
            [
                [
                    0.9983180165290833,
                    0.056716188788414,
                    0.01201834436506033
                ],
                [
                    -0.05786671116948128,
                    0.9621003866195679,
                    0.2664848864078522
                ],
                [
                    0.003551154164597392,
                    -0.2667321264743805,
                    0.9637641310691833
                ]
            ],
            [
                [
                    0.9988551735877991,
                    -0.0033698705956339836,
                    0.04771822690963745
                ],
                [
                    0.016067437827587128,
                    0.9631991386413574,
                    -0.268308162689209
                ],
                [
                    -0.0450579896569252,
                    0.26876768469810486,
                    0.9621505737304688
                ]
            ],
            [
                [
                    0.9918758273124695,
                    -0.010421079583466053,
                    -0.12678232789039612
                ],
                [
                    -0.07741773128509521,
                    0.7413733005523682,
                    -0.6666123270988464
                ],
                [
                    0.10093986243009567,
                    0.6710118651390076,
                    0.73454350233078
                ]
            ],
            [
                [
                    0.9942997097969055,
                    -0.07983160763978958,
                    0.07067527621984482
                ],
                [
                    0.10643243044614792,
                    0.7037273049354553,
                    -0.7024527192115784
                ],
                [
                    0.0063418056815862656,
                    0.7059707045555115,
                    0.7082125544548035
                ]
            ],
            [
                [
                    0.9901849031448364,
                    -0.11008802056312561,
                    0.08610743284225464
                ],
                [
                    0.11188618093729019,
                    0.9935869574546814,
                    -0.01632852852344513
                ],
                [
                    -0.08375763148069382,
                    0.0258024949580431,
                    0.9961521625518799
                ]
            ],
            [
                [
                    0.9881677031517029,
                    0.022610289976000786,
                    0.15170146524906158
                ],
                [
                    -0.042366985231637955,
                    0.9908305406570435,
                    0.1282961368560791
                ],
                [
                    -0.14740963280200958,
                    -0.13320523500442505,
                    0.9800646901130676
                ]
            ],
            [
                [
                    0.9903128147125244,
                    -0.07332067936658859,
                    -0.11791796237230301
                ],
                [
                    0.07153642922639847,
                    0.9972512722015381,
                    -0.019298957660794258
                ],
                [
                    0.1190088540315628,
                    0.01067657396197319,
                    0.9928358197212219
                ]
            ],
            [
                [
                    0.9961863160133362,
                    -0.06531018763780594,
                    0.05785663425922394
                ],
                [
                    0.06809263676404953,
                    0.9965475797653198,
                    -0.04750116914510727
                ],
                [
                    -0.05455457791686058,
                    0.05125962570309639,
                    0.997194230556488
                ]
            ],
            [
                [
                    0.989624559879303,
                    -0.14272445440292358,
                    0.016521461308002472
                ],
                [
                    0.13830114901065826,
                    0.9774360656738281,
                    0.1596602350473404
                ],
                [
                    -0.03893609344959259,
                    -0.15571874380111694,
                    0.9870336651802063
                ]
            ],
            [
                [
                    0.9881052374839783,
                    0.15179026126861572,
                    -0.024651657789945602
                ],
                [
                    -0.14527849853038788,
                    0.9739723801612854,
                    0.1739879846572876
                ],
                [
                    0.05041972175240517,
                    -0.16833709180355072,
                    0.9844390749931335
                ]
            ],
            [
                [
                    0.9097757935523987,
                    -0.0578153096139431,
                    -0.4110538065433502
                ],
                [
                    0.08994919061660767,
                    0.9941824078559875,
                    0.05924925208091736
                ],
                [
                    0.40523695945739746,
                    -0.09087750315666199,
                    0.9096835255622864
                ]
            ],
            [
                [
                    0.9437615871429443,
                    0.32633012533187866,
                    -0.05313001200556755
                ],
                [
                    -0.32823750376701355,
                    0.9440491199493408,
                    -0.032115254551172256
                ],
                [
                    0.03967716544866562,
                    0.04774840176105499,
                    0.9980710744857788
                ]
            ],
            [
                [
                    0.8431404232978821,
                    -0.41558411717414856,
                    0.34118038415908813
                ],
                [
                    0.42829421162605286,
                    0.902702271938324,
                    0.04114120453596115
                ],
                [
                    -0.3250819742679596,
                    0.11143778264522552,
                    0.9390970468521118
                ]
            ],
            [
                [
                    0.9253821969032288,
                    -0.12192493677139282,
                    -0.3588901162147522
                ],
                [
                    0.068699412047863,
                    0.9851208925247192,
                    -0.15753455460071564
                ],
                [
                    0.37275758385658264,
                    0.12112411856651306,
                    0.9199895262718201
                ]
            ],
            [
                [
                    0.35926562547683716,
                    0.8639743328094482,
                    -0.35281217098236084
                ],
                [
                    -0.9191736578941345,
                    0.39297130703926086,
                    0.026330243796110153
                ],
                [
                    0.16139373183250427,
                    0.3148361146450043,
                    0.9353235363960266
                ]
            ],
            [
                [
                    0.4399471879005432,
                    -0.8193613886833191,
                    0.3675505220890045
                ],
                [
                    0.8688092827796936,
                    0.49189841747283936,
                    0.05662462115287781
                ],
                [
                    -0.22719356417655945,
                    0.29441946744918823,
                    0.9282780885696411
                ]
            ],
            [
                [
                    0.016106247901916504,
                    -0.41730421781539917,
                    -0.9086242318153381
                ],
                [
                    0.2498880922794342,
                    0.8815843462944031,
                    -0.40045616030693054
                ],
                [
                    0.9681408405303955,
                    -0.22060447931289673,
                    0.11847837269306183
                ]
            ],
            [
                [
                    0.8513740301132202,
                    0.1365581750869751,
                    0.5064722299575806
                ],
                [
                    -0.019560936838388443,
                    0.9731132388114929,
                    -0.2294951230287552
                ],
                [
                    -0.5241942405700684,
                    0.18547913432121277,
                    0.8311545252799988
                ]
            ],
            [
                [
                    0.9869114756584167,
                    -0.15739648044109344,
                    -0.03510284796357155
                ],
                [
                    0.16103734076023102,
                    0.9734169244766235,
                    0.16286981105804443
                ],
                [
                    0.008534570224583149,
                    -0.16639092564582825,
                    0.9860230684280396
                ]
            ],
            [
                [
                    0.9936086535453796,
                    0.11183251440525055,
                    -0.015336792916059494
                ],
                [
                    -0.11270691454410553,
                    0.9903964996337891,
                    -0.08007446676492691
                ],
                [
                    0.006234580650925636,
                    0.08129125088453293,
                    0.9966708421707153
                ]
            ],
            [
                [
                    0.9653056859970093,
                    0.2364538311958313,
                    -0.11079045385122299
                ],
                [
                    -0.22469626367092133,
                    0.9683259129524231,
                    0.10888808220624924
                ],
                [
                    0.13302825391292572,
                    -0.08021608740091324,
                    0.9878607988357544
                ]
            ],
            [
                [
                    0.9790310859680176,
                    -0.19637878239154816,
                    0.05416078865528107
                ],
                [
                    0.1826481819152832,
                    0.9639472365379333,
                    0.19350796937942505
                ],
                [
                    -0.0902090072631836,
                    -0.17955796420574188,
                    0.9796025156974792
                ]
            ]
        ],
        "betas": [
            0.08785291016101837,
            0.1154337078332901,
            0.050829529762268066,
            0.4749036729335785,
            0.0040451884269714355,
            0.026007000356912613,
            -0.04134082794189453,
            -0.03043949604034424,
            0.1355258822441101,
            -0.024264872074127197
        ]
    },
    "pred_cam_t": [
        0.028071949258446693,
        0.17379453778266907,
        33.29753875732422
    ],
    "focal_length": [
        5000.0,
        5000.0
    ],
    "pred_keypoints_3d": [
        [
            -0.019383952021598816,
            -0.7846512794494629,
            -0.24123306572437286
        ],
        [
            0.06166740879416466,
            -0.722205400466919,
            -0.07902815192937851
        ],
        [
            -0.11289999634027481,
            -0.6054608821868896,
            -0.09515340626239777
        ],
        [
            -0.1023869588971138,
            -0.35804784297943115,
            -0.03412971645593643
        ],
        [
            -0.0006554797291755676,
            -0.1320681869983673,
            -0.09947335720062256
        ],
        [
            0.23459471762180328,
            -0.6382707953453064,
            -0.014433078467845917
        ],
        [
            0.22985397279262543,
            -0.39530760049819946,
            0.08314132690429688
        ],
        [
            0.24978959560394287,
            -0.3268662095069885,
            -0.15723060071468353
        ],
        [
            -0.0023094017524272203,
            -0.2286919206380844,
            0.02687246724963188
        ],
        [
            -0.08591116219758987,
            -0.15403375029563904,
            0.030533958226442337
        ],
        [
            -0.21676680445671082,
            0.1968497633934021,
            -0.05721301957964897
        ],
        [
            -0.2695368826389313,
            0.5112935900688171,
            0.18524479866027832
        ],
        [
            0.04440116509795189,
            -0.12544700503349304,
            0.04047996923327446
        ],
        [
            0.001326490193605423,
            0.2380465865135193,
            -0.04687515273690224
        ],
        [
            -0.07266934216022491,
            0.5590124130249023,
            0.180549755692482
        ],
        [
            -0.029251419007778168,
            -0.8351894617080688,
            -0.2059037983417511
        ],
        [
            0.02260972559452057,
            -0.8294961452484131,
            -0.24750466644763947
        ],
        [
            -0.002904072403907776,
            -0.8503954410552979,
            -0.10829897969961166
        ],
        [
            0.11481920629739761,
            -0.836787223815918,
            -0.19746166467666626
        ],
        [
            -0.09898819029331207,
            0.673086404800415,
            0.017783671617507935
        ],
        [
            -0.030852530151605606,
            0.6769077777862549,
            0.06689488887786865
        ],
        [
            -0.06804025173187256,
            0.5698121190071106,
            0.24920237064361572
        ],
        [
            -0.28979411721229553,
            0.6516481637954712,
            0.043137192726135254
        ],
        [
            -0.35732194781303406,
            0.6213801503181458,
            0.09065458178520203
        ],
        [
            -0.2735764682292938,
            0.5184295177459717,
            0.2582348585128784
        ],
        [
            -0.2809576392173767,
            0.4520127773284912,
            0.18195489048957825
        ],
        [
            -0.19808442890644073,
            0.13824768364429474,
            -0.0560247004032135
        ],
        [
            -0.13591423630714417,
            -0.291088342666626,
            0.03135520964860916
        ],
        [
            0.141015887260437,
            -0.21581299602985382,
            0.059693560004234314
        ],
        [
            0.018418455496430397,
            0.20018646121025085,
            -0.04525555297732353
        ],
        [
            -0.05443911254405975,
            0.5198913216590881,
            0.18623816967010498
        ],
        [
            0.013974047265946865,
            -0.16341038048267365,
            -0.1133834719657898
        ],
        [
            -0.1157216802239418,
            -0.3671422004699707,
            -0.07197154313325882
        ],
        [
            -0.07973982393741608,
            -0.6460500955581665,
            -0.08773264288902283
        ],
        [
            0.20205485820770264,
            -0.6670607924461365,
            -0.026421789079904556
        ],
        [
            0.26794934272766113,
            -0.4195328950881958,
            0.05698931962251663
        ],
        [
            0.25599154829978943,
            -0.3477834165096283,
            -0.14700748026371002
        ],
        [
            0.0647583156824112,
            -0.7078433632850647,
            -0.08686064183712006
        ],
        [
            0.04301973804831505,
            -0.8903704285621643,
            -0.18058885633945465
        ],
        [
            0.0029227081686258316,
            -0.2536280155181885,
            0.04556994512677193
        ],
        [
            0.06019321084022522,
            -0.654127836227417,
            -0.05945020914077759
        ],
        [
            0.04862476885318756,
            -0.4931255578994751,
            0.01411687396466732
        ],
        [
            0.03480239585042,
            -0.7761284112930298,
            -0.18268515169620514
        ],
        [
            0.041753482073545456,
            -0.9113772511482239,
            -0.1756020337343216
        ]
    ],
    "pred_vertices": [
        [
            0.028509818017482758,
            -0.8730144500732422,
            -0.26697391271591187
        ],
        [
            0.021043557673692703,
            -0.8581123352050781,
            -0.2648104727268219
        ],
        [
            0.03566107898950577,
            -0.8558292984962463,
            -0.2642641067504883
        ],
        [
            0.04498893395066261,
            -0.8680920600891113,
            -0.2625914216041565
        ],
        [
            0.02949703112244606,
            -0.8462095260620117,
            -0.2632378935813904
        ],
        [
            0.017078429460525513,
            -0.8470075130462646,
            -0.26273033022880554
        ],
        [
            0.04789020121097565,
            -0.852022111415863,
            -0.2586543560028076
        ],
        [
            0.05740111321210861,
            -0.860801100730896,
            -0.2554234266281128
        ],
        [
            0.0620824433863163,
            -0.820137083530426,
            -0.24376745522022247
        ],
        [
            0.07132333517074585,
            -0.8176347613334656,
            -0.23735493421554565
        ],
        [
            0.06978541612625122,
            -0.8286523818969727,
            -0.24249035120010376
        ],
        [
            0.06004255264997482,
            -0.8286305665969849,
            -0.24655941128730774
        ],
        [
            0.06607702374458313,
            -0.795911967754364,
            -0.23342102766036987
        ],
        [
            0.05680183693766594,
            -0.7854230403900146,
            -0.2340473085641861
        ],
        [
            0.06561601907014847,
            -0.7788277864456177,
            -0.22541944682598114
        ],
        [
            0.07433907687664032,
            -0.7891120910644531,
            -0.2236648052930832
        ],
        [
            0.01430591568350792,
            -0.796178936958313,
            -0.23652490973472595
        ],
        [
            0.02026408538222313,
            -0.7894154787063599,
            -0.23762983083724976
        ],
        [
            0.0231388658285141,
            -0.7958199977874756,
            -0.2408752739429474
        ],
        [
            0.01696217805147171,
            -0.8018563389778137,
            -0.23898306488990784
        ],
        [
            0.0023355185985565186,
            -0.8049997091293335,
            -0.23802515864372253
        ],
        [
            0.004728108644485474,
            -0.8110625743865967,
            -0.23741400241851807
        ],
        [
            -0.002533257007598877,
            -0.8139609694480896,
            -0.23935909569263458
        ],
        [
            -0.004759393632411957,
            -0.8068363070487976,
            -0.24124450981616974
        ],
        [
            0.010366249829530716,
            -0.7915133833885193,
            -0.23206904530525208
        ],
        [
            0.016977962106466293,
            -0.7845041751861572,
            -0.2331525683403015
        ],
        [
            0.008969061076641083,
            -0.8017835021018982,
            -0.23614561557769775
        ],
        [
            0.006597466766834259,
            -0.7971091866493225,
            -0.23576569557189941
        ],
        [
            -0.0014461949467658997,
            -0.7889092564582825,
            -0.2405642569065094
        ],
        [
            0.00023705512285232544,
            -0.7936581969261169,
            -0.24141442775726318
        ],
        [
            -0.006807759404182434,
            -0.7934155464172363,
            -0.24494895339012146
        ],
        [
            -0.00694449245929718,
            -0.7884002923965454,
            -0.2423873245716095
        ],
        [
            0.006352175027132034,
            -0.7903742790222168,
            -0.23477201163768768
        ],
        [
            0.004808072000741959,
            -0.7924530506134033,
            -0.2379453182220459
        ],
        [
            0.001816336065530777,
            -0.788475513458252,
            -0.2374749481678009
        ],
        [
            0.002884514629840851,
            -0.7872939109802246,
            -0.2337140142917633
        ],
        [
            0.0004001930356025696,
            -0.8002756834030151,
            -0.23878192901611328
        ],
        [
            -0.0062658414244651794,
            -0.8005982637405396,
            -0.2429351657629013
        ],
        [
            -0.013789854943752289,
            -0.8005856871604919,
            -0.24661019444465637
        ],
        [
            -0.014184467494487762,
            -0.7916251420974731,
            -0.2478376179933548
        ],
        [
            0.03500303253531456,
            -0.7768517732620239,
            -0.23517467081546783
        ],
        [
            0.027277536690235138,
            -0.782988429069519,
            -0.23750561475753784
        ],
        [
            0.0235748253762722,
            -0.778465211391449,
            -0.2335992455482483
        ],
        [
            0.02997293323278427,
            -0.7734420299530029,
            -0.2325551062822342
        ],
        [
            0.006440754979848862,
            -0.7848422527313232,
            -0.2310551255941391
        ],
        [
            0.011549670249223709,
            -0.769027829170227,
            -0.2292434573173523
        ],
        [
            0.011093545705080032,
            -0.7725886106491089,
            -0.23077914118766785
        ],
        [
            0.00370962917804718,
            -0.7729352116584778,
            -0.23054781556129456
        ],
        [
            0.004759300500154495,
            -0.769575834274292,
            -0.22944588959217072
        ],
        [
            0.04603738337755203,
            -0.7646843791007996,
            -0.22695259749889374
        ],
        [
            0.03874411806464195,
            -0.7629022002220154,
            -0.227326899766922
        ],
        [
            0.04166334867477417,
            -0.756798505783081,
            -0.2234707772731781
        ],
        [
            0.04953779652714729,
            -0.7576063871383667,
            -0.22137579321861267
        ],
        [
            0.04163520038127899,
            -0.7514092922210693,
            -0.2198883295059204
        ],
        [
            0.05187549069523811,
            -0.7507606744766235,
            -0.2159103900194168
        ],
        [
            0.04638016223907471,
            -0.7377570271492004,
            -0.20723171532154083
        ],
        [
            0.04958122968673706,
            -0.7435941696166992,
            -0.21107476949691772
        ],
        [
            0.03896651789546013,
            -0.7460683584213257,
            -0.2166995108127594
        ],
        [
            0.03336026147007942,
            -0.7408829927444458,
            -0.21494466066360474
        ],
        [
            0.01712149754166603,
            -0.7444429397583008,
            -0.21594968438148499
        ],
        [
            0.010784115642309189,
            -0.7429225444793701,
            -0.2145567238330841
        ],
        [
            0.017675023525953293,
            -0.7313213348388672,
            -0.2124546766281128
        ],
        [
            0.025249935686588287,
            -0.7350735664367676,
            -0.2138068675994873
        ],
        [
            0.014503441751003265,
            -0.7645002603530884,
            -0.22397996485233307
        ],
        [
            0.01936354860663414,
            -0.7649951577186584,
            -0.2239849865436554
        ],
        [
            0.01802242174744606,
            -0.7658205032348633,
            -0.2262851744890213
        ],
        [
            0.012577511370182037,
            -0.7663207650184631,
            -0.22686384618282318
        ],
        [
            0.023418746888637543,
            -0.7648657560348511,
            -0.2244776487350464
        ],
        [
            0.025214094668626785,
            -0.764702320098877,
            -0.22471949458122253
        ],
        [
            0.02411937341094017,
            -0.7656815052032471,
            -0.22588835656642914
        ],
        [
            0.022794581949710846,
            -0.7655775547027588,
            -0.22497344017028809
        ],
        [
            0.02090265229344368,
            -0.7652353048324585,
            -0.2243080586194992
        ],
        [
            0.020129144191741943,
            -0.7633010149002075,
            -0.22360104322433472
        ],
        [
            0.022580821067094803,
            -0.7640193700790405,
            -0.22420471906661987
        ],
        [
            0.015687935054302216,
            -0.7620400190353394,
            -0.22362148761749268
        ],
        [
            0.0011974349617958069,
            -0.7587858438491821,
            -0.22238346934318542
        ],
        [
            0.005059715360403061,
            -0.7593020796775818,
            -0.2233707457780838
        ],
        [
            0.003764912486076355,
            -0.7639465928077698,
            -0.22299724817276
        ],
        [
            0.0004982613027095795,
            -0.763825535774231,
            -0.22227531671524048
        ],
        [
            0.021541833877563477,
            -0.7673055529594421,
            -0.22685787081718445
        ],
        [
            0.023599322885274887,
            -0.7685551643371582,
            -0.2284012734889984
        ],
        [
            0.018152542412281036,
            -0.7705174684524536,
            -0.22983968257904053
        ],
        [
            0.017919860780239105,
            -0.7682063579559326,
            -0.22782546281814575
        ],
        [
            0.025747835636138916,
            -0.7702009677886963,
            -0.23033171892166138
        ],
        [
            0.026215124875307083,
            -0.7667896747589111,
            -0.22703689336776733
        ],
        [
            0.029298312962055206,
            -0.7673795223236084,
            -0.22859226167201996
        ],
        [
            0.025049176067113876,
            -0.76295006275177,
            -0.22400686144828796
        ],
        [
            0.028337892144918442,
            -0.7613844871520996,
            -0.22399112582206726
        ],
        [
            0.02782890573143959,
            -0.7637219429016113,
            -0.2257240265607834
        ],
        [
            0.026927195489406586,
            -0.7583420276641846,
            -0.2222416251897812
        ],
        [
            0.02267470583319664,
            -0.7610323429107666,
            -0.22300800681114197
        ],
        [
            0.018389105796813965,
            -0.7588608264923096,
            -0.22263039648532867
        ],
        [
            0.012772515416145325,
            -0.7567766308784485,
            -0.2223338931798935
        ],
        [
            0.01720345765352249,
            -0.752649188041687,
            -0.22003240883350372
        ],
        [
            0.022897869348526,
            -0.7552595734596252,
            -0.22106590867042542
        ],
        [
            0.020006567239761353,
            -0.7743083238601685,
            -0.23154720664024353
        ],
        [
            0.03249945119023323,
            -0.7631548643112183,
            -0.22654461860656738
        ],
        [
            0.03469241037964821,
            -0.7691673040390015,
            -0.23018628358840942
        ],
        [
            0.03373537212610245,
            -0.7587823867797852,
            -0.22426944971084595
        ],
        [
            0.032941851764917374,
            -0.7546595335006714,
            -0.22157248854637146
        ],
        [
            0.02973298355937004,
            -0.7507255673408508,
            -0.21929576992988586
        ],
        [
            0.023522604256868362,
            -0.7473330497741699,
            -0.21749597787857056
        ],
        [
            0.027802973985671997,
            -0.7258104085922241,
            -0.2025216817855835
        ],
        [
            0.036677710711956024,
            -0.7308124899864197,
            -0.20508116483688354
        ],
        [
            0.017397109419107437,
            -0.8405189514160156,
            -0.2571559548377991
        ],
        [
            0.026263762265443802,
            -0.8397955894470215,
            -0.25967976450920105
        ],
        [
            0.03012755885720253,
            -0.833723247051239,
            -0.2539123594760895
        ],
        [
            0.031260620802640915,
            -0.8358347415924072,
            -0.25541749596595764
        ],
        [
            0.02506347745656967,
            -0.8366333842277527,
            -0.2555766999721527
        ],
        [
            0.025322452187538147,
            -0.8341774940490723,
            -0.25388774275779724
        ],
        [
            0.05094442889094353,
            -0.8297065496444702,
            -0.24789661169052124
        ],
        [
            0.0440359003841877,
            -0.8305543661117554,
            -0.24920108914375305
        ],
        [
            0.04563521221280098,
            -0.8272511959075928,
            -0.2473081350326538
        ],
        [
            0.05339309945702553,
            -0.8233201503753662,
            -0.24655744433403015
        ],
        [
            0.03599698841571808,
            -0.8187057971954346,
            -0.2462138831615448
        ],
        [
            0.04141877964138985,
            -0.8204622268676758,
            -0.24655590951442719
        ],
        [
            0.03593144193291664,
            -0.8265025615692139,
            -0.2482357621192932
        ],
        [
            0.03199562057852745,
            -0.8251816034317017,
            -0.24809348583221436
        ],
        [
            0.02768254280090332,
            -0.8245136737823486,
            -0.247512549161911
        ],
        [
            0.023451998829841614,
            -0.8244752883911133,
            -0.24614781141281128
        ],
        [
            0.024475663900375366,
            -0.8195810317993164,
            -0.24416716396808624
        ],
        [
            0.029905736446380615,
            -0.8186861276626587,
            -0.24539802968502045
        ],
        [
            0.018772467970848083,
            -0.837972104549408,
            -0.2530341148376465
        ],
        [
            0.01309947669506073,
            -0.8379011154174805,
            -0.24858030676841736
        ],
        [
            0.014887217432260513,
            -0.8352115154266357,
            -0.2478811889886856
        ],
        [
            0.019525356590747833,
            -0.835072934627533,
            -0.25195902585983276
        ],
        [
            0.010006703436374664,
            -0.831443190574646,
            -0.235985666513443
        ],
        [
            0.010195598006248474,
            -0.8334066271781921,
            -0.23831531405448914
        ],
        [
            0.006465725600719452,
            -0.8347957134246826,
            -0.2375156730413437
        ],
        [
            0.00656493753194809,
            -0.8306820392608643,
            -0.23496581614017487
        ],
        [
            0.008681736886501312,
            -0.8275690078735352,
            -0.2355160117149353
        ],
        [
            0.010978981852531433,
            -0.8295673131942749,
            -0.23655876517295837
        ],
        [
            0.020061619579792023,
            -0.8950486183166504,
            -0.2664652466773987
        ],
        [
            0.012883424758911133,
            -0.876539945602417,
            -0.2662755846977234
        ],
        [
            0.04049588739871979,
            -0.8898842930793762,
            -0.2639923095703125
        ],
        [
            0.05554923415184021,
            -0.8817194104194641,
            -0.2578484117984772
        ],
        [
            0.06826963275671005,
            -0.8707370758056641,
            -0.25087106227874756
        ],
        [
            0.05557379871606827,
            -0.770193874835968,
            -0.22644653916358948
        ],
        [
            0.061374127864837646,
            -0.7630878686904907,
            -0.2194156050682068
        ],
        [
            0.07388173043727875,
            -0.7728870511054993,
            -0.21640968322753906
        ],
        [
            0.07667285203933716,
            -0.7643805742263794,
            -0.20757611095905304
        ],
        [
            0.06387098878622055,
            -0.7544753551483154,
            -0.21175691485404968
        ],
        [
            0.05749346315860748,
            -0.7390358448028564,
            -0.19654077291488647
        ],
        [
            0.0626705139875412,
            -0.7460355758666992,
            -0.20377391576766968
        ],
        [
            0.0773063376545906,
            -0.7570938467979431,
            -0.19620506465435028
        ],
        [
            0.09002431482076645,
            -0.7726377844810486,
            -0.1917351484298706
        ],
        [
            0.08710482716560364,
            -0.7769610285758972,
            -0.2041235715150833
        ],
        [
            0.09867415577173233,
            -0.7906522750854492,
            -0.18828622996807098
        ],
        [
            0.09480717033147812,
            -0.7692199945449829,
            -0.17606301605701447
        ],
        [
            0.10265441983938217,
            -0.7918432950973511,
            -0.1789524108171463
        ],
        [
            0.08886778354644775,
            -0.7334578037261963,
            -0.15622402727603912
        ],
        [
            0.09516897052526474,
            -0.7242443561553955,
            -0.14677247405052185
        ],
        [
            0.10736139118671417,
            -0.7349564433097839,
            -0.13941317796707153
        ],
        [
            0.10324567556381226,
            -0.7435738444328308,
            -0.15061122179031372
        ],
        [
            0.08213020861148834,
            -0.7824775576591492,
            -0.21397694945335388
        ],
        [
            0.07487042993307114,
            -0.8408766984939575,
            -0.23990711569786072
        ],
        [
            0.06439201533794403,
            -0.8380265831947327,
            -0.2467266321182251
        ],
        [
            0.0799700990319252,
            -0.829425573348999,
            -0.23468610644340515
        ],
        [
            0.08227161318063736,
            -0.9024544954299927,
            -0.2440596967935562
        ],
        [
            0.06842836737632751,
            -0.8937804102897644,
            -0.2538088858127594
        ],
        [
            0.0794631689786911,
            -0.8804959654808044,
            -0.247335746884346
        ],
        [
            0.0917169526219368,
            -0.8904780149459839,
            -0.2399592101573944
        ],
        [
            0.05103496089577675,
            -0.9352402687072754,
            -0.2445206642150879
        ],
        [
            0.035857003182172775,
            -0.9169577360153198,
            -0.25831419229507446
        ],
        [
            0.05130797252058983,
            -0.9067124724388123,
            -0.2565530836582184
        ],
        [
            0.06514900177717209,
            -0.9208204746246338,
            -0.24604500830173492
        ],
        [
            0.10017486661672592,
            -0.8951855897903442,
            -0.23099391162395477
        ],
        [
            0.11144735664129257,
            -0.9014941453933716,
            -0.21718963980674744
        ],
        [
            0.11047268658876419,
            -0.9194289445877075,
            -0.21459615230560303
        ],
        [
            0.09579867869615555,
            -0.9132651090621948,
            -0.23106832802295685
        ],
        [
            0.10238602757453918,
            -0.9409844875335693,
            -0.20811575651168823
        ],
        [
            0.08475588262081146,
            -0.934529185295105,
            -0.22825393080711365
        ],
        [
            0.10820498317480087,
            -0.7822219729423523,
            -0.16258375346660614
        ],
        [
            0.10884679108858109,
            -0.8002920746803284,
            -0.1695108562707901
        ],
        [
            0.0974394828081131,
            -0.7548555135726929,
            -0.16329224407672882
        ],
        [
            0.10907171666622162,
            -0.766891360282898,
            -0.15362156927585602
        ],
        [
            0.08898240327835083,
            -0.9589974880218506,
            -0.1981649100780487
        ],
        [
            0.06912705302238464,
            -0.9519491791725159,
            -0.2232382744550705
        ],
        [
            0.13347171247005463,
            -0.8946733474731445,
            -0.1662478744983673
        ],
        [
            0.12943673133850098,
            -0.9093402624130249,
            -0.1802721470594406
        ],
        [
            0.12609229981899261,
            -0.8921387195587158,
            -0.19163815677165985
        ],
        [
            0.1311660259962082,
            -0.8811526298522949,
            -0.17731013894081116
        ],
