{
    "pred_cam": [
        1.1809396743774414,
        0.0664515271782875,
        0.2023816704750061
    ],
    "pred_smpl_params": {
        "global_orient": [
            [
                [
                    0.9779777526855469,
                    0.1949952095746994,
                    0.07440583407878876
                ],
                [
                    0.19180937111377716,
                    -0.9802642464637756,
                    0.04786622151732445
                ],
                [
                    0.08227106183767319,
                    -0.032540369778871536,
                    -0.9960785508155823
                ]
            ]
        ],
        "body_pose": [
            [
                [
                    0.9939373135566711,
                    0.06344757229089737,
                    -0.0897936075925827
                ],
                [
                    -0.026139454916119576,
                    0.9296413660049438,
                    0.3675372302532196
                ],
                [
                    0.10679519176483154,
                    -0.36296185851097107,
                    0.9256637096405029
                ]
            ],
            [
                [
                    0.9958711862564087,
                    0.0887029618024826,
                    0.019295336678624153
                ],
                [
                    -0.09007685631513596,
                    0.9392514228820801,
                    0.33119937777519226
                ],
                [
                    0.011255183257162571,
                    -0.33156999945640564,
                    0.9433634877204895
                ]
            ],
            [
                [
                    0.9973161816596985,
                    -0.030787674710154533,
                    0.06642629951238632
                ],
                [
                    0.050782643258571625,
                    0.9444513916969299,
                    -0.32470402121543884
                ],
                [
                    -0.052739523351192474,
                    0.3272058963775635,
                    0.9434801340103149
                ]
            ],
            [
                [
                    0.9923241138458252,
                    -0.0027798241935670376,
                    -0.12363317608833313
                ],
                [
                    -0.09048469364643097,
                    0.6651381850242615,
                    -0.7412177324295044
                ],
                [
                    0.08429359644651413,
                    0.7467151284217834,
                    0.6597811579704285
                ]
            ],
            [
                [
                    0.9950813055038452,
                    -0.08155317604541779,
                    0.05623437836766243
                ],
                [
                    0.09638717025518417,
                    0.6660707592964172,
                    -0.73963463306427
                ],
                [
                    0.022863471880555153,
                    0.7414168119430542,
                    0.6706552505493164
                ]
            ],
            [
                [
                    0.9843076467514038,
                    -0.14472879469394684,
                    0.10095537453889847
                ],
                [
                    0.14582616090774536,
                    0.9893038868904114,
                    -0.003536736126989126
                ],
                [
                    -0.09936367720365524,
                    0.018203170970082283,
                    0.9948846101760864
                ]
            ],
            [
                [
                    0.9928808808326721,
                    0.007758207619190216,
                    0.11885843425989151
                ],
                [
                    -0.026186592876911163,
                    0.9876798987388611,
                    0.15428079664707184
                ],
                [
                    -0.11619716137647629,
                    -0.15629495680332184,
                    0.9808516502380371
                ]
            ],
            [
                [
                    0.9844424724578857,
                    -0.12382420897483826,
                    -0.12466195970773697
                ],
                [
                    0.12308486551046371,
                    0.9923023581504822,
                    -0.013645454309880733
                ],
                [
                    0.12539198994636536,
                    -0.001910837716422975,
                    0.9921054840087891
                ]
            ],
            [
                [
                    0.9915915727615356,
                    -0.10389746725559235,
                    0.07714511454105377
                ],
                [
                    0.10915422439575195,
                    0.9917392134666443,
                    -0.06736936420202255
                ],
                [
                    -0.06950833648443222,
                    0.07522361725568771,
                    0.9947410821914673
                ]
            ],
            [
                [
                    0.987165629863739,
                    -0.14682821929454803,
                    0.0628122016787529
                ],
                [
                    0.13238507509231567,
                    0.9723528623580933,
                    0.1923643797636032
                ],
                [
                    -0.08932014554738998,
                    -0.18158012628555298,
                    0.9793111681938171
                ]
            ],
            [
                [
                    0.9790546894073486,
                    0.202816441655159,
                    -0.01781732589006424
                ],
                [
                    -0.19638779759407043,
                    0.9638437032699585,
                    0.18010322749614716
                ],
                [
                    0.0537010096013546,
                    -0.17283178865909576,
                    0.9834863543510437
                ]
            ],
            [
                [
                    0.9140188694000244,
                    -0.04625121131539345,
                    -0.40302640199661255
                ],
                [
                    0.10681477189064026,
                    0.98586106300354,
                    0.129106804728508
                ],
                [
                    0.3913566768169403,
                    -0.16105523705482483,
                    0.9060359001159668
                ]
            ],
            [
                [
                    0.9402486085891724,
                    0.32138943672180176,
                    -0.11243410408496857
                ],
                [
                    -0.32539916038513184,
                    0.9453891515731812,
                    -0.018837962299585342
                ],
                [
                    0.10023964941501617,
                    0.05429832637310028,
                    0.9934806823730469
                ]
            ],
            [
                [
                    0.7955808639526367,
                    -0.45960572361946106,
                    0.39473220705986023
                ],
                [
                    0.4721781015396118,
                    0.8786118626594543,
                    0.07133742421865463
                ],
                [
                    -0.3796035051345825,
                    0.1296292096376419,
                    0.916022539138794
                ]
            ],
            [
                [
                    0.9114000201225281,
                    -0.10865926742553711,
                    -0.3969171643257141
                ],
                [
                    0.04504399374127388,
                    0.985056459903717,
                    -0.16623727977275848
                ],
                [
                    0.40904903411865234,
                    0.1336299180984497,
                    0.9026749134063721
                ]
            ],
            [
                [
                    0.3217349648475647,
                    0.8468062281608582,
                    -0.42356330156326294
                ],
                [
                    -0.9294565320014954,
                    0.3677700459957123,
                    0.029255099594593048
                ],
                [
                    0.1805473119020462,
                    0.3842712342739105,
                    0.9053940176963806
                ]
            ],
            [
                [
                    0.5198723077774048,
                    -0.7831565141677856,
                    0.3411726653575897
                ],
                [
                    0.799381673336029,
                    0.5868211984634399,
                    0.12895655632019043
                ],
                [
                    -0.3012005090713501,
                    0.20568624138832092,
                    0.9311130046844482
                ]
            ],
            [
                [
                    -0.09319932013750076,
                    -0.4426606595516205,
                    -0.8918326497077942
                ],
                [
                    0.18852946162223816,
                    0.8716806173324585,
                    -0.4523600935935974
                ],
                [
                    0.9776351451873779,
                    -0.2102963775396347,
                    0.0022145381662994623
                ]
            ],
            [
                [
                    0.9248761534690857,
                    0.11091890931129456,
                    0.36373212933540344
                ],
                [
                    -0.11113765835762024,
                    0.9935956597328186,
                    -0.020399445667862892
                ],
                [
                    -0.36366531252861023,
                    -0.021557386964559555,
                    0.9312801957130432
                ]
            ],
            [
                [
                    0.9850265979766846,
                    -0.1581912785768509,
                    -0.06854193657636642
                ],
                [
                    0.16801351308822632,
                    0.9699578881263733,
                    0.17593491077423096
                ],
                [
                    0.03865142539143562,
                    -0.18481656908988953,
                    0.9820125699043274
                ]
            ],
            [
                [
                    0.9881719350814819,
                    0.14986859261989594,
                    -0.03248991444706917
                ],
                [
                    -0.15226198732852936,
                    0.9840795993804932,
                    -0.0916714295744896
                ],
                [
                    0.018233992159366608,
                    0.09553411602973938,
                    0.9952591061592102
                ]
            ],
            [
                [
                    0.9684681296348572,
                    0.2207295149564743,
                    -0.11553339660167694
                ],
                [
                    -0.21024680137634277,
                    0.9728915691375732,
                    0.09632331132888794
                ],
                [
                    0.1336628794670105,
                    -0.06899552047252655,
                    0.9886221289634705
                ]
            ],
            [
                [
                    0.9805278182029724,
                    -0.18731042742729187,
                    0.05899055302143097
                ],
                [
                    0.17344805598258972,
                    0.9668989181518555,
                    0.1871420443058014
                ],
                [
                    -0.09209156781435013,
                    -0.17326620221138,
                    0.9805599451065063
                ]
            ]
        ],
        "betas": [
            0.24221453070640564,
            0.3849155902862549,
            0.27610668540000916,
            1.4670699834823608,
            -0.07393431663513184,
            -0.05221208184957504,
            -0.10638859868049622,
            0.13020841777324677,
            0.18688060343265533,
            -0.014649391174316406
        ]
    },
    "pred_cam_t": [
        0.0664515271782875,
        0.2023816704750061,
        33.07747268676758
    ],
    "focal_length": [
        5000.0,
        5000.0
    ],
    "pred_keypoints_3d": [
        [
            -0.05503757297992706,
            -0.7849503755569458,
            -0.29399344325065613
        ],
        [
            0.03113790974020958,
            -0.7330362796783447,
            -0.12525950372219086
        ],
        [
            -0.12502622604370117,
            -0.5846490859985352,
            -0.13174550235271454
        ],
        [
            -0.07871941477060318,
            -0.3411964774131775,
            -0.07469610869884491
        ],
        [
            0.011104315519332886,
            -0.10580763220787048,
            -0.1257135421037674
        ],
        [
            0.21397793292999268,
            -0.6734393239021301,
            -0.04918495938181877
        ],
        [
            0.22876369953155518,
            -0.4368410110473633,
            0.06261351704597473
        ],
        [
            0.21296484768390656,
            -0.3770177960395813,
            -0.18189597129821777
        ],
        [
            -0.0032798664178699255,
            -0.2392471730709076,
            0.023908089846372604
        ],
        [
            -0.08240364491939545,
            -0.16298212110996246,
            0.027778277173638344
        ],
        [
            -0.2148733288049698,
            0.17966429889202118,
            -0.08745555579662323
        ],
        [
            -0.2759314179420471,
            0.4960779547691345,
            0.14916196465492249
        ],
        [
            0.04070241376757622,
            -0.13748818635940552,
            0.04013187065720558
        ],
        [
            -0.003884032368659973,
            0.21347090601921082,
            -0.08711986243724823
        ],
        [
            -0.08012840896844864,
            0.532444953918457,
            0.14117036759853363
        ],
        [
            -0.06894160807132721,
            -0.8365510702133179,
            -0.25944089889526367
        ],
        [
            -0.016577161848545074,
            -0.8339947462081909,
            -0.301189124584198
        ],
        [
            -0.04455745220184326,
            -0.8578150272369385,
            -0.16180431842803955
        ],
        [
            0.07544461637735367,
            -0.8512537479400635,
            -0.25129997730255127
        ],
        [
            -0.11357417702674866,
            0.6389991044998169,
            -0.026723593473434448
        ],
        [
            -0.04366977512836456,
            0.6471219658851624,
            0.021369755268096924
        ],
        [
            -0.0733579471707344,
            0.5454692244529724,
            0.20942892134189606
        ],
        [
            -0.29684460163116455,
            0.6336134076118469,
            0.0010468661785125732
        ],
        [
            -0.36419379711151123,
            0.6038687825202942,
            0.0519443154335022
        ],
        [
            -0.2797451913356781,
            0.5048221349716187,
            0.22218483686447144
        ],
        [
            -0.2864115834236145,
            0.4365270733833313,
            0.14653834700584412
        ],
        [
            -0.19488593935966492,
            0.12160671502351761,
            -0.0832560583949089
        ],
        [
            -0.13055160641670227,
            -0.2992947995662689,
            0.02727854810655117
        ],
        [
            0.1334100216627121,
            -0.23094166815280914,
            0.06049705669283867
        ],
        [
            0.01212363876402378,
            0.1760636270046234,
            -0.08289629220962524
        ],
        [
            -0.06084726005792618,
            0.4938318133354187,
            0.14642347395420074
        ],
        [
            0.022791631519794464,
            -0.13409274816513062,
            -0.14740069210529327
        ],
        [
            -0.09744666516780853,
            -0.34764567017555237,
            -0.10907813906669617
        ],
        [
            -0.09866903722286224,
            -0.6331733465194702,
            -0.12795808911323547
        ],
        [
            0.17806920409202576,
            -0.6982254981994629,
            -0.06359793245792389
        ],
        [
            0.26291102170944214,
            -0.461208701133728,
            0.03253376483917236
        ],
        [
            0.2199791818857193,
            -0.3979165554046631,
            -0.171232670545578
        ],
        [
            0.03724509850144386,
            -0.7157108783721924,
            -0.12968845665454865
        ],
        [
            -0.002830456243827939,
            -0.8985251188278198,
            -0.23786239326000214
        ],
        [
            0.0014372819568961859,
            -0.2653403878211975,
            0.04365250840783119
        ],
        [
            0.03856377303600311,
            -0.6629855036735535,
            -0.0971827507019043
        ],
        [
            0.04171506315469742,
            -0.5088294148445129,
            -0.007051490247249603
        ],
        [
            0.0008376491023227572,
            -0.7834941148757935,
            -0.23377181589603424
        ],
        [
            -0.006133018061518669,
            -0.9195622801780701,
            -0.23342065513134003
        ]
    ],
    "pred_vertices": [
        [
            -0.014858178794384003,
            -0.875849187374115,
            -0.3228629529476166
        ],
        [
            -0.02075464278459549,
            -0.8607224225997925,
            -0.3203437328338623
        ],
        [
            -0.005860380828380585,
            -0.8598548173904419,
            -0.31971147656440735
        ],
        [
            0.0021680667996406555,
            -0.8728098273277283,
            -0.31844502687454224
        ],
        [
            -0.011174216866493225,
            -0.849928617477417,
            -0.31836432218551636
        ],
        [
            -0.023697741329669952,
            -0.8496054410934448,
            -0.31766417622566223
        ],
        [
            0.006734088063240051,
            -0.8575187921524048,
            -0.31402334570884705
        ],
        [
            0.015222787857055664,
            -0.8671681880950928,
            -0.3110106289386749
        ],
        [
            0.023621588945388794,
            -0.8279502391815186,
            -0.29722699522972107
        ],
        [
            0.03307059034705162,
            -0.8266384601593018,
            -0.29074928164482117
        ],
        [
            0.03056885302066803,
            -0.8372660279273987,
            -0.29659026861190796
        ],
        [
            0.020985782146453857,
            -0.8361860513687134,
            -0.3005940914154053
        ],
        [
            0.029848575592041016,
            -0.8046643733978271,
            -0.2858636677265167
        ],
        [
            0.021558213979005814,
            -0.7933818101882935,
            -0.2858956754207611
        ],
        [
            0.031092144548892975,
            -0.7878392934799194,
            -0.27727240324020386
        ],
        [
            0.03890843316912651,
            -0.7990351915359497,
            -0.27619826793670654
        ],
        [
            -0.02206221967935562,
            -0.8002646565437317,
            -0.28881457448005676
        ],
        [
            -0.015393741428852081,
            -0.793921709060669,
            -0.28964272141456604
        ],
        [
            -0.013119608163833618,
            -0.800533652305603,
            -0.2929801940917969
        ],
        [
            -0.019909650087356567,
            -0.806088924407959,
            -0.291453093290329
        ],
        [
            -0.03496817499399185,
            -0.8079126477241516,
            -0.29111722111701965
        ],
        [
            -0.033055663108825684,
            -0.8142260313034058,
            -0.29061976075172424
        ],
        [
            -0.04062746465206146,
            -0.8162940740585327,
            -0.2930150032043457
        ],
        [
            -0.042283058166503906,
            -0.8088414669036865,
            -0.2947324812412262
        ],
        [
            -0.0256679505109787,
            -0.7952544093132019,
            -0.2844867408275604
        ],
        [
            -0.01826941967010498,
            -0.7886528372764587,
            -0.2852935492992401
        ],
        [
            -0.02799755334854126,
            -0.8054243326187134,
            -0.2888472080230713
        ],
        [
            -0.030031904578208923,
            -0.8004974126815796,
            -0.288479745388031
        ],
        [
            -0.03742052614688873,
            -0.7911752462387085,
            -0.29340100288391113
        ],
        [
            -0.03617600351572037,
            -0.7960745096206665,
            -0.29438626766204834
        ],
        [
            -0.04324409365653992,
            -0.7948963642120361,
            -0.298065185546875
        ],
        [
            -0.04291939735412598,
            -0.7899905443191528,
            -0.29527175426483154
        ],
        [
            -0.0296519473195076,
            -0.7936605215072632,
            -0.28737396001815796
        ],
        [
            -0.031434886157512665,
            -0.7955109477043152,
            -0.2907296419143677
        ],
        [
            -0.03405693173408508,
            -0.7912358045578003,
            -0.29018574953079224
        ],
        [
            -0.032844722270965576,
            -0.7902475595474243,
            -0.28635090589523315
        ],
        [
            -0.03656603395938873,
            -0.80292147397995,
            -0.29186511039733887
        ],
        [
            -0.04331597685813904,
            -0.802338719367981,
            -0.2962549328804016
        ],
        [
            -0.050911784172058105,
            -0.8013433218002319,
            -0.3001725375652313
        ],
        [
            -0.05046011507511139,
            -0.7921748757362366,
            -0.3010297417640686
        ],
        [
            0.0006329268217086792,
            -0.7825778126716614,
            -0.286726176738739
        ],
        [
            -0.007709510624408722,
            -0.7880622148513794,
            -0.28922247886657715
        ],
        [
            -0.011011801660060883,
            -0.7830900549888611,
            -0.2854554057121277
        ],
        [
            -0.004082173109054565,
            -0.7785832285881042,
            -0.2842353582382202
        ],
        [
            -0.02895628660917282,
            -0.7881110906600952,
            -0.28343361616134644
        ],
        [
            -0.02223484218120575,
            -0.7724173069000244,
            -0.280933141708374
        ],
        [
            -0.023076973855495453,
            -0.7759556770324707,
            -0.282762348651886
        ],
        [
            -0.0304848775267601,
            -0.775592029094696,
            -0.282598078250885
        ],
        [
            -0.029067449271678925,
            -0.7723056077957153,
            -0.2811826765537262
        ],
        [
            0.0129350945353508,
            -0.7714351415634155,
            -0.2781786620616913
        ],
        [
            0.0058208853006362915,
            -0.7687700390815735,
            -0.27876654267311096
        ],
        [
            0.009465925395488739,
            -0.762942910194397,
            -0.2746448516845703
        ],
        [
            0.01729355752468109,
            -0.7647432088851929,
            -0.27235621213912964
        ],
        [
            0.01016208529472351,
            -0.7574712038040161,
            -0.2709033489227295
        ],
        [
            0.02049240469932556,
            -0.7581144571304321,
            -0.26672032475471497
        ],
        [
            0.016353681683540344,
            -0.7445005774497986,
            -0.2576015293598175
        ],
        [
            0.018964607268571854,
            -0.7507562637329102,
            -0.2615329623222351
        ],
        [
            0.00803384929895401,
            -0.751743733882904,
            -0.26754117012023926
        ],
        [
            0.0029299184679985046,
            -0.7459079027175903,
            -0.2656406760215759
        ],
        [
            -0.013892807066440582,
            -0.7481228113174438,
            -0.26648133993148804
        ],
        [
            -0.020261622965335846,
            -0.7460402250289917,
            -0.265121728181839
        ],
        [
            -0.012030303478240967,
            -0.7349619269371033,
            -0.2626381814479828
        ],
        [
            -0.004664570093154907,
            -0.7392755150794983,
            -0.26431334018707275
        ],
        [
            -0.01878274232149124,
            -0.7682610750198364,
            -0.2753793001174927
        ],
        [
            -0.013954676687717438,
            -0.7691774964332581,
            -0.2754209041595459
        ],
        [
            -0.01541813462972641,
            -0.7698550820350647,
            -0.2777564823627472
        ],
        [
            -0.020919963717460632,
            -0.7698420286178589,
            -0.2783224284648895
        ],
        [
            -0.00981111079454422,
            -0.7693462371826172,
            -0.27595365047454834
        ],
        [
            -0.007978960871696472,
            -0.7693579196929932,
            -0.2762085497379303
        ],
        [
            -0.009238436818122864,
            -0.7702644467353821,
            -0.2774176597595215
        ],
        [
            -0.010541431605815887,
            -0.7700337171554565,
            -0.27643558382987976
        ],
        [
            -0.012385420501232147,
            -0.7695091962814331,
            -0.27574512362480164
        ],
        [
            -0.012939967215061188,
            -0.7674163579940796,
            -0.27495479583740234
        ],
        [
            -0.010540403425693512,
            -0.7683656215667725,
            -0.27564889192581177
        ],
        [
            -0.017260916531085968,
            -0.7656866312026978,
            -0.27491310238838196
        ],
        [
            -0.03156839311122894,
            -0.7613834738731384,
            -0.27346330881118774
        ],
        [
            -0.02768411487340927,
            -0.7620872259140015,
            -0.2744790315628052
        ],
        [
            -0.029506221413612366,
            -0.766778826713562,
            -0.2743276059627533
        ],
        [
            -0.03279358148574829,
            -0.7664615511894226,
            -0.27360284328460693
        ],
        [
            -0.012010812759399414,
            -0.7716999650001526,
            -0.27841293811798096
        ],
        [
            -0.01010902225971222,
            -0.7730598449707031,
            -0.28017011284828186
        ],
        [
            -0.015796475112438202,
            -0.7744559049606323,
            -0.2817341387271881
        ],
        [
            -0.015799157321453094,
            -0.7721922397613525,
            -0.27952492237091064
        ],
        [
            -0.008054517209529877,
            -0.7749069333076477,
            -0.2820667624473572
        ],
        [
            -0.007217295467853546,
            -0.7715337872505188,
            -0.2786686420440674
        ],
        [
            -0.004125669598579407,
            -0.7724460363388062,
            -0.28019335865974426
        ],
        [
            -0.007931500673294067,
            -0.7675027847290039,
            -0.2754175364971161
        ],
        [
            -0.004430465400218964,
            -0.7662078142166138,
            -0.27540361881256104
        ],
        [
            -0.005232781171798706,
            -0.768564760684967,
            -0.2772144079208374
        ],
        [
            -0.0054951682686805725,
            -0.7629718780517578,
            -0.27348434925079346
        ],
        [
            -0.010089769959449768,
            -0.7653119564056396,
            -0.27428776025772095
        ],
        [
            -0.014166727662086487,
            -0.7626649141311646,
            -0.2737676501274109
        ],
        [
            -0.019587337970733643,
            -0.760098934173584,
            -0.27326351404190063
        ],
        [
            -0.014667995274066925,
            -0.7563846111297607,
            -0.2707464396953583
        ],
        [
            -0.009227968752384186,
            -0.7594923973083496,
            -0.27205589413642883
        ],
        [
            -0.014263153076171875,
            -0.7785637378692627,
            -0.28347304463386536
        ],
        [
            -0.00047594308853149414,
            -0.7683741450309753,
            -0.27806493639945984
        ],
        [
            0.0011019110679626465,
            -0.7746874690055847,
            -0.28179386258125305
        ],
        [
            0.0012914538383483887,
            -0.7640706300735474,
            -0.2756235897541046
        ],
        [
            0.0010132044553756714,
            -0.7598167657852173,
            -0.2727304697036743
        ],
        [
            -0.0018441006541252136,
            -0.7554940581321716,
            -0.27031755447387695
        ],
        [
            -0.007731355726718903,
            -0.7515898942947388,
            -0.26809415221214294
        ],
        [
            -0.0012151002883911133,
            -0.7309644818305969,
            -0.2522696256637573
        ],
        [
            0.007243618369102478,
            -0.7365785241127014,
            -0.2551967203617096
        ],
        [
            -0.022752106189727783,
            -0.8438214659690857,
            -0.3115062415599823
        ],
        [
            -0.013841107487678528,
            -0.8438215851783752,
            -0.31406551599502563
        ],
        [
            -0.009478911757469177,
            -0.8384654521942139,
            -0.30795207619667053
        ],
        [
            -0.008525587618350983,
            -0.8404902219772339,
            -0.30963581800460815
        ],
        [
            -0.014790363609790802,
            -0.8408265113830566,
            -0.3097440004348755
        ],
        [
            -0.014333955943584442,
            -0.8384590148925781,
            -0.30796802043914795
        ],
        [
            0.011760935187339783,
            -0.836500883102417,
            -0.30183330178260803
        ],
        [
            0.004772700369358063,
            -0.8367546200752258,
            -0.3030889928340912
        ],
        [
            0.006671927869319916,
            -0.8336988687515259,
            -0.30099135637283325
        ],
        [
            0.01475398987531662,
            -0.8304448127746582,
            -0.30003660917282104
        ],
        [
            -0.0022017955780029297,
            -0.8242523670196533,
            -0.2994645833969116
        ],
        [
            0.003077477216720581,
            -0.8265019655227661,
            -0.29989123344421387
        ],
        [
            -0.002971753478050232,
            -0.8319475650787354,
            -0.30189061164855957
        ],
        [
            -0.0068113431334495544,
            -0.8303097486495972,
            -0.30164140462875366
        ],
        [
            -0.01109447330236435,
            -0.829338550567627,
            -0.30103814601898193
        ],
        [
            -0.015313893556594849,
            -0.8290520906448364,
            -0.29963749647140503
        ],
        [
            -0.013887383043766022,
            -0.8242889642715454,
            -0.2974666655063629
        ],
        [
            -0.00830858200788498,
            -0.8237662315368652,
            -0.29864299297332764
        ],
        [
            -0.021179042756557465,
            -0.8418222665786743,
            -0.3071780800819397
        ],
        [
            -0.026826895773410797,
            -0.8415160179138184,
            -0.302785187959671
        ],
        [
            -0.024766601622104645,
            -0.8389871120452881,
            -0.30191531777381897
        ],
        [
            -0.020126953721046448,
            -0.8390592336654663,
            -0.3058824837207794
        ],
        [
            -0.029434077441692352,
            -0.8354285955429077,
            -0.28982144594192505
        ],
        [
            -0.029351823031902313,
            -0.8373103141784668,
            -0.2922331988811493
        ],
        [
            -0.03330574184656143,
            -0.8383936882019043,
            -0.29146382212638855
        ],
        [
            -0.032880477607250214,
            -0.8343251943588257,
            -0.28874465823173523
        ],
        [
            -0.03046227991580963,
            -0.8313522338867188,
            -0.28922826051712036
        ],
        [
            -0.0283031165599823,
            -0.8335742950439453,
            -0.2903400659561157
        ],
        [
            -0.025649085640907288,
            -0.8966348767280579,
            -0.3233787417411804
        ],
        [
            -0.03073994070291519,
            -0.8779020309448242,
            -0.3220641016960144
        ],
        [
            -0.004534386098384857,
            -0.8938504457473755,
            -0.32044678926467896
        ],
        [
            0.011147692799568176,
            -0.8875888586044312,
            -0.3141517639160156
        ],
        [
            0.02497866004705429,
            -0.8783456087112427,
            -0.30683469772338867
        ],
        [
            0.02188270166516304,
            -0.7779875993728638,
            -0.2779043912887573
        ],
        [
            0.02847319096326828,
            -0.7716575860977173,
            -0.2704806625843048
        ],
        [
            0.04008496180176735,
            -0.7829108238220215,
            -0.26817867159843445
        ],
        [
            0.04389422386884689,
            -0.7747981548309326,
            -0.25883951783180237
        ],
        [
            0.031977877020835876,
            -0.763386607170105,
            -0.26246359944343567
        ],
        [
            0.02711246907711029,
            -0.7478700876235962,
            -0.24666403234004974
        ],
        [
            0.03165760636329651,
            -0.7551507353782654,
            -0.2541230618953705
        ],
        [
            0.04549020528793335,
            -0.7678043842315674,
            -0.24693700671195984
        ],
        [
            0.056713465601205826,
            -0.7849956750869751,
            -0.24327528476715088
        ],
        [
            0.053220734000205994,
            -0.7887505292892456,
            -0.2563472390174866
        ],
        [
            0.06381963193416595,
            -0.8040238618850708,
            -0.2402125597000122
        ],
        [
            0.06184771656990051,
            -0.7829356789588928,
            -0.22684431076049805
        ],
        [
            0.06784474104642868,
            -0.8060228824615479,
            -0.23048743605613708
        ],
        [
            0.059743329882621765,
            -0.746496319770813,
            -0.20335710048675537
        ],
        [
            0.06730169802904129,
            -0.7376884818077087,
            -0.19230803847312927
        ],
        [
            0.07867050170898438,
            -0.7504035234451294,
            -0.18531534075737
        ],
        [
            0.0733083188533783,
            -0.7584661245346069,
            -0.19804561138153076
        ],
        [
            0.0474121980369091,
            -0.7935432195663452,
            -0.26641640067100525
        ],
        [
            0.034665368497371674,
            -0.8497223854064941,
            -0.29469239711761475
        ],
        [
            0.024426497519016266,
            -0.845793604850769,
            -0.3013969659805298
        ],
        [
            0.04090612754225731,
            -0.8392772674560547,
            -0.28893205523490906
        ],
        [
            0.035445794463157654,
            -0.9106992483139038,
            -0.3017159700393677
        ],
        [
            0.022529512643814087,
            -0.9007337093353271,
            -0.31114012002944946
        ],
        [
            0.03514301776885986,
            -0.8891233205795288,
            -0.303972065448761
        ],
        [
            0.04637657105922699,
            -0.9004644155502319,
            -0.2972065508365631
        ],
        [
            0.0007078051567077637,
            -0.9398478865623474,
            -0.30372849106788635
        ],
        [
            -0.012109003961086273,
            -0.9199141263961792,
            -0.3162410855293274
        ],
        [
            0.004114530980587006,
            -0.9114503860473633,
            -0.3140282928943634
        ],
        [
            0.01622895896434784,
            -0.9268646240234375,
            -0.30451664328575134
        ],
        [
            0.05393349379301071,
            -0.9061379432678223,
            -0.28840652108192444
        ],
        [
            0.06448695808649063,
            -0.9142158031463623,
            -0.2749641239643097
        ],
        [
            0.061607420444488525,
            -0.9325178861618042,
            -0.27439749240875244
        ],
        [
            0.04774784296751022,
            -0.9233419895172119,
            -0.29001033306121826
        ],
        [
            0.05175567418336868,
            -0.9536898136138916,
            -0.2693999707698822
        ],
        [
            0.03437945246696472,
            -0.9439743757247925,
            -0.2887025475502014
        ],
        [
            0.07415002584457397,
            -0.7979793548583984,
            -0.21319580078125
        ],
        [
            0.07308409363031387,
            -0.8154559135437012,
            -0.22099581360816956
        ],
        [
            0.06591775268316269,
            -0.7690473794937134,
            -0.2123037427663803
        ],
        [
            0.07673414051532745,
            -0.7826641798019409,
            -0.20287814736366272
        ],
        [
            0.036497801542282104,
            -0.9720577001571655,
            -0.26066523790359497
        ],
        [
            0.016832679510116577,
            -0.9602921009063721,
            -0.2847149074077606
        ],
        [
            0.08840369433164597,
            -0.9123378992080688,
            -0.22367262840270996
        ],
        [
            0.08268667757511139,
            -0.9257218837738037,
            -0.23916222155094147
        ],
        [
            0.08055154234170914,
            -0.9075230360031128,
            -0.24886634945869446
