{
    "pred_cam": [
        1.5743684768676758,
        0.2400258630514145,
        0.28237372636795044
    ],
    "pred_smpl_params": {
        "global_orient": [
            [
                [
                    -0.8458542823791504,
                    -0.2101435512304306,
                    -0.49027571082115173
                ],
                [
                    0.2593352496623993,
                    -0.9651986956596375,
                    -0.033714745193719864
                ],
                [
                    -0.46612855792045593,
                    -0.15566352009773254,
                    0.8709150552749634
                ]
            ]
        ],
        "body_pose": [
            [
                [
                    0.9914659857749939,
                    -0.09978483617305756,
                    -0.08389366418123245
                ],
                [
                    0.11902618408203125,
                    0.9553878903388977,
                    0.27030864357948303
                ],
                [
                    0.05317828059196472,
                    -0.27798739075660706,
                    0.9591116309165955
                ]
            ],
            [
                [
                    0.9887077212333679,
                    -0.09550631046295166,
                    -0.11547932028770447
                ],
                [
                    0.12413515150547028,
                    0.9536548256874084,
                    0.27410387992858887
                ],
                [
                    0.0839487612247467,
                    -0.2853436768054962,
                    0.9547415971755981
                ]
            ],
            [
                [
                    0.9938864707946777,
                    0.09947964549064636,
                    0.047890834510326385
                ],
                [
                    -0.07220537215471268,
                    0.9138055443763733,
                    -0.3996821939945221
                ],
                [
                    -0.08352315425872803,
                    0.39378073811531067,
                    0.9154019355773926
                ]
            ],
            [
                [
                    0.983535885810852,
                    -0.07195650041103363,
                    -0.16576933860778809
                ],
                [
                    -0.049138184636831284,
                    0.7762566804885864,
                    -0.6284990310668945
                ],
                [
                    0.17390412092208862,
                    0.6262969374656677,
                    0.759940505027771
                ]
            ],
            [
                [
                    0.9423609972000122,
                    -0.33459535241127014,
                    -0.0013099407078698277
                ],
                [
                    0.19102856516838074,
                    0.5412227511405945,
                    -0.8188932538032532
                ],
                [
                    0.27470678091049194,
                    0.7714428305625916,
                    0.5739445090293884
                ]
            ],
            [
                [
                    0.998732328414917,
                    0.03483318164944649,
                    0.03633613884449005
                ],
                [
                    -0.03373100236058235,
                    0.9989649653434753,
                    -0.0305172111839056
                ],
                [
                    -0.03736153990030289,
                    0.029252873733639717,
                    0.9988735914230347
                ]
            ],
            [
                [
                    0.9759901762008667,
                    0.026934953406453133,
                    0.21614257991313934
                ],
                [
                    -0.03479895368218422,
                    0.9988605380058289,
                    0.03265995532274246
                ],
                [
                    -0.21501660346984863,
                    -0.03939734026789665,
                    0.9758153557777405
                ]
            ],
            [
                [
                    0.9769904613494873,
                    0.08940144628286362,
                    -0.19364126026630402
                ],
                [
                    -0.05885222181677818,
                    0.9856619834899902,
                    0.15813538432121277
                ],
                [
                    0.20500236749649048,
                    -0.1431005597114563,
                    0.9682438373565674
                ]
            ],
            [
                [
                    0.9997283816337585,
                    0.02312752977013588,
                    -0.0028726926539093256
                ],
                [
                    -0.02318250574171543,
                    0.9995134472846985,
                    -0.02086370438337326
                ],
                [
                    0.0023887695278972387,
                    0.020924633368849754,
                    0.9997780919075012
                ]
            ],
            [
                [
                    0.9961788058280945,
                    -0.08377216756343842,
                    0.02469892054796219
                ],
                [
                    0.08201602101325989,
                    0.9945001602172852,
                    0.06513728946447372
                ],
                [
                    -0.030019773170351982,
                    -0.06286267936229706,
                    0.9975706338882446
                ]
            ],
            [
                [
                    0.9998675584793091,
                    -0.013237562030553818,
                    0.009462878108024597
                ],
                [
                    0.012837709859013557,
                    0.9990711212158203,
                    0.04113532230257988
                ],
                [
                    -0.009998619556427002,
                    -0.041008397936820984,
                    0.9991087317466736
                ]
            ],
            [
                [
                    0.986969530582428,
                    -0.028442371636629105,
                    0.15837375819683075
                ],
                [
                    0.035008519887924194,
                    0.9986326098442078,
                    -0.03882502391934395
                ],
                [
                    -0.1570529192686081,
                    0.04386354610323906,
                    0.9866156578063965
                ]
            ],
            [
                [
                    0.9364355802536011,
                    0.08868387341499329,
                    -0.3394460380077362
                ],
                [
                    -0.056784164160490036,
                    0.9930797815322876,
                    0.10280115902423859
                ],
                [
                    0.34621381759643555,
                    -0.0769914984703064,
                    0.9349910616874695
                ]
            ],
            [
                [
                    0.8795657157897949,
                    -0.2422381192445755,
                    0.40949350595474243
                ],
                [
                    0.20667868852615356,
                    0.969768762588501,
                    0.12973950803279877
                ],
                [
                    -0.428541898727417,
                    -0.02948082983493805,
                    0.9030408263206482
                ]
            ],
            [
                [
                    0.9999442100524902,
                    0.010533289052546024,
                    0.0007927744882181287
                ],
                [
                    -0.010399349965155125,
                    0.9948310256004333,
                    -0.10101039707660675
                ],
                [
                    -0.0018526489147916436,
                    0.10099651664495468,
                    0.9948850870132446
                ]
            ],
            [
                [
                    0.8354408740997314,
                    0.44798552989959717,
                    -0.31835120916366577
                ],
                [
                    -0.41527900099754333,
                    0.8940017819404602,
                    0.1682380884885788
                ],
                [
                    0.35997480154037476,
                    -0.008348390460014343,
                    0.9329246282577515
                ]
            ],
            [
                [
                    0.4621916115283966,
                    -0.7520729899406433,
                    0.46985653042793274
                ],
                [
                    0.7446224093437195,
                    0.6168835759162903,
                    0.25493568181991577
                ],
                [
                    -0.48157694935798645,
                    0.2320365607738495,
                    0.8451287746429443
                ]
            ],
            [
                [
                    0.7750952243804932,
                    -0.1225355863571167,
                    -0.6198487281799316
                ],
                [
                    0.18327344954013824,
                    0.9824401140213013,
                    0.03496088832616806
                ],
                [
                    0.6046802997589111,
                    -0.14069980382919312,
                    0.7839421629905701
                ]
            ],
            [
                [
                    0.7779378294944763,
                    0.16200599074363708,
                    0.6070969700813293
                ],
                [
                    -0.11609063297510147,
                    0.9866142272949219,
                    -0.11452223360538483
                ],
                [
                    -0.6175237894058228,
                    0.018612900748848915,
                    0.7863318920135498
                ]
            ],
            [
                [
                    0.9875984191894531,
                    -0.1564476042985916,
                    0.013175220228731632
                ],
                [
                    0.15700003504753113,
                    0.983752965927124,
                    -0.08706938475370407
                ],
                [
                    0.0006606363458558917,
                    0.08805809170007706,
                    0.9961151480674744
                ]
            ],
            [
                [
                    0.9933886528015137,
                    0.11437208205461502,
                    0.0098975645378232
                ],
                [
                    -0.11460504680871964,
                    0.9930295944213867,
                    0.02753080427646637
                ],
                [
                    -0.006679818499833345,
                    -0.02848310023546219,
                    0.9995719194412231
                ]
            ],
            [
                [
                    0.9864832758903503,
                    0.14096404612064362,
                    -0.08354583382606506
                ],
                [
                    -0.12685613334178925,
                    0.9797112941741943,
                    0.1551555097103119
                ],
                [
                    0.10372214764356613,
                    -0.14246000349521637,
                    0.9843509793281555
                ]
            ],
            [
                [
                    0.9844500422477722,
                    -0.15345174074172974,
                    0.0855030044913292
                ],
                [
                    0.14322978258132935,
                    0.9829791784286499,
                    0.11505237221717834
                ],
                [
                    -0.10170266777276993,
                    -0.10101673007011414,
                    0.9896727800369263
                ]
            ]
        ],
        "betas": [
            -0.2663135826587677,
            -0.45546939969062805,
            -0.022297263145446777,
            0.4527986943721771,
            0.23601113259792328,
            0.015647325664758682,
            0.04499039053916931,
            -0.0882190465927124,
            0.004103466868400574,
            -0.030615955591201782
        ]
    },
    "pred_cam_t": [
        0.2400258630514145,
        0.28237372636795044,
        24.81153678894043
    ],
    "focal_length": [
        5000.0,
        5000.0
    ],
    "pred_keypoints_3d": [
        [
            -0.34757572412490845,
            -0.6901448965072632,
            0.1698131263256073
        ],
        [
            -0.20911014080047607,
            -0.6754867434501648,
            0.03702263534069061
        ],
        [
            -0.04780912771821022,
            -0.6542530059814453,
            0.15304163098335266
        ],
        [
            0.011807076632976532,
            -0.43097633123397827,
            0.24445074796676636
        ],
        [
            -0.10216119140386581,
            -0.25592488050460815,
            0.37945321202278137
        ],
        [
            -0.31482529640197754,
            -0.5423218011856079,
            -0.046808935701847076
        ],
        [
            -0.4322603642940521,
            -0.31662577390670776,
            -0.04448332637548447
        ],
        [
            -0.5738651752471924,
            -0.20183104276657104,
            0.11652722209692001
        ],
        [
            -0.001885303296148777,
            -0.22599799931049347,
            0.029657699167728424
        ],
        [
            0.07653596252202988,
            -0.15668842196464539,
            0.07244493067264557
        ],
        [
            0.10525617003440857,
            0.18745192885398865,
            0.2092914879322052
        ],
        [
            0.10801179707050323,
            0.4691278040409088,
            -0.05549094080924988
        ],
        [
            -0.039057184010744095,
            -0.1198779046535492,
            0.005924707278609276
        ],
        [
            -0.07218867540359497,
            0.2260606586933136,
            0.11231055110692978
        ],
        [
            0.02883000671863556,
            0.5689713358879089,
            -0.033653490245342255
        ],
        [
            -0.32790303230285645,
            -0.7470449805259705,
            0.17570355534553528
        ],
        [
            -0.3740417957305908,
            -0.7290605306625366,
            0.13130506873130798
        ],
        [
            -0.2412305623292923,
            -0.790928304195404,
            0.13320103287696838
        ],
        [
            -0.34633132815361023,
            -0.7518506050109863,
            0.034406282007694244
        ],
        [
            -0.03511756658554077,
            0.6812666654586792,
            0.11749368906021118
        ],
        [
            -0.07274844497442245,
            0.6759980916976929,
            0.043114304542541504
        ],
        [
            0.05220356583595276,
            0.583442747592926,
            -0.09771925210952759
        ],
        [
            0.08310636878013611,
            0.6013331413269043,
            0.08798971772193909
        ],
        [
            0.1614716649055481,
            0.5856103897094727,
            0.05437198281288147
        ],
        [
            0.1211332306265831,
            0.47887834906578064,
            -0.12493672966957092
        ],
        [
            0.1346529871225357,
            0.4163762629032135,
            -0.04510176181793213
        ],
        [
            0.10229606181383133,
            0.13087338209152222,
            0.20314021408557892
        ],
        [
            0.12865889072418213,
            -0.2938675582408905,
            0.08088164776563644
        ],
        [
            -0.11525771021842957,
            -0.2024412602186203,
            -0.0683056116104126
        ],
        [
            -0.08390460163354874,
            0.18947526812553406,
            0.10136672854423523
        ],
        [
            0.022083371877670288,
            0.5304183959960938,
            -0.04997533559799194
        ],
        [
            -0.12231776118278503,
            -0.2835080325603485,
            0.3681439757347107
        ],
        [
            0.002891909796744585,
            -0.45852503180503845,
            0.2711794972419739
        ],
        [
            -0.0827299952507019,
            -0.6695265173912048,
            0.12863285839557648
        ],
        [
            -0.3066789507865906,
            -0.578574001789093,
            -0.045154836028814316
        ],
        [
            -0.45906156301498413,
            -0.35534584522247314,
            -0.037822335958480835
        ],
        [
            -0.5755678415298462,
            -0.22235102951526642,
            0.11682668328285217
        ],
        [
            -0.2119569331407547,
            -0.6685735583305359,
            0.045043881982564926
        ],
        [
            -0.3326585292816162,
            -0.8073841333389282,
            0.1024933010339737
        ],
        [
            0.0064536044374108315,
            -0.24760384857654572,
            0.005817567463964224
        ],
        [
            -0.19032332301139832,
            -0.6213127970695496,
            0.042535364627838135
        ],
        [
            -0.08030234277248383,
            -0.4773918390274048,
            0.00024291733279824257
        ],
        [
            -0.2978138327598572,
            -0.6988625526428223,
            0.1058916300535202
        ],
        [
            -0.33430519700050354,
            -0.828751802444458,
            0.10210911184549332
        ]
    ],
    "pred_vertices": [
        [
            -0.40533944964408875,
            -0.766321063041687,
            0.13174420595169067
        ],
        [
            -0.3973138928413391,
            -0.7527195811271667,
            0.1380685716867447
        ],
        [
            -0.39838239550590515,
            -0.7507040500640869,
            0.12388457357883453
        ],
        [
            -0.4031713902950287,
            -0.7623257637023926,
            0.11498568952083588
        ],
        [
            -0.3943863809108734,
            -0.7411081790924072,
            0.1292496770620346
        ],
        [
            -0.391783744096756,
            -0.7420808672904968,
            0.14108669757843018
        ],
        [
            -0.3946540355682373,
            -0.748149037361145,
            0.11102701723575592
        ],
        [
            -0.39656272530555725,
            -0.7576000690460205,
            0.10081440210342407
        ],
        [
            -0.37516140937805176,
            -0.7207159996032715,
            0.0925772488117218
        ],
        [
            -0.37074095010757446,
            -0.7199974656105042,
            0.08238072693347931
        ],
        [
            -0.37734484672546387,
            -0.7298010587692261,
            0.08601613342761993
        ],
        [
            -0.37905871868133545,
            -0.7284104824066162,
            0.09605413675308228
        ],
        [
            -0.35997503995895386,
            -0.7000946998596191,
            0.08650854229927063
        ],
        [
            -0.35584014654159546,
            -0.6901883482933044,
            0.0952358990907669
        ],
        [
            -0.34779781103134155,
            -0.6862063407897949,
            0.08519712090492249
        ],
        [
            -0.35036709904670715,
            -0.6964335441589355,
            0.07647739350795746
        ],
        [
            -0.35311055183410645,
            -0.700835108757019,
            0.13630765676498413
        ],
        [
            -0.35297757387161255,
            -0.694210410118103,
            0.1307843029499054
        ],
        [
            -0.3585461974143982,
            -0.6991045475006104,
            0.12866279482841492
        ],
        [
            -0.357526957988739,
            -0.7054440975189209,
            0.1343032568693161
        ],
        [
            -0.35466378927230835,
            -0.709158182144165,
            0.14869993925094604
        ],
        [
            -0.3563128113746643,
            -0.7149600386619568,
            0.14643318951129913
        ],
        [
            -0.3578120172023773,
            -0.7172849178314209,
            0.1539730727672577
        ],
        [
            -0.35697031021118164,
            -0.7102115154266357,
            0.1562669277191162
        ],
        [
            -0.34686368703842163,
            -0.6977763772010803,
            0.13926081359386444
        ],
        [
            -0.34652745723724365,
            -0.6911318302154541,
            0.13315126299858093
        ],
        [
            -0.3533916771411896,
            -0.7062909603118896,
            0.1414473056793213
        ],
        [
            -0.3509780168533325,
            -0.7022744417190552,
            0.1439589560031891
        ],
        [
            -0.3517366647720337,
            -0.6935457587242126,
            0.15243268013000488
        ],
        [
            -0.3543820083141327,
            -0.6976956129074097,
            0.15104267001152039
        ],
        [
            -0.3562968671321869,
            -0.6966586112976074,
            0.15845344960689545
        ],
        [
            -0.35227712988853455,
            -0.6925661563873291,
            0.1579984426498413
        ],
        [
            -0.3482046127319336,
            -0.6962253451347351,
            0.14378519356250763
        ],
        [
            -0.3515826463699341,
            -0.6973850131034851,
            0.14585497975349426
        ],
        [
            -0.3492898941040039,
            -0.6939482688903809,
            0.14864863455295563
        ],
        [
            -0.3454611897468567,
            -0.693797767162323,
            0.1469988077878952
        ],
        [
            -0.3537384867668152,
            -0.7046405076980591,
            0.1505088210105896
        ],
        [
            -0.35663479566574097,
            -0.7039203643798828,
            0.15776969492435455
        ],
        [
            -0.3586161136627197,
            -0.7031353712081909,
            0.16576531529426575
        ],
        [
            -0.3567064702510834,
            -0.6944438219070435,
            0.16633383929729462
        ],
        [
            -0.34992533922195435,
            -0.6826457977294922,
            0.11652375757694244
        ],
        [
            -0.35237592458724976,
            -0.6880800127983093,
            0.12405245006084442
        ],
        [
            -0.346488893032074,
            -0.6851851940155029,
            0.126980721950531
        ],
        [
            -0.34536343812942505,
            -0.6804376244544983,
            0.12077970802783966
        ],
        [
            -0.34285789728164673,
            -0.6922444701194763,
            0.14326472580432892
        ],
        [
            -0.3372259736061096,
            -0.6778534650802612,
            0.13832516968250275
        ],
        [
            -0.33949369192123413,
            -0.6808690428733826,
            0.1388414055109024
        ],
        [
            -0.3380447328090668,
            -0.6814729571342468,
            0.14598962664604187
        ],
        [
            -0.33627748489379883,
            -0.6785092353820801,
            0.1449219435453415
        ],
        [
            -0.3412666916847229,
            -0.6731008291244507,
            0.10446654260158539
        ],
        [
            -0.3393644690513611,
            -0.6715821027755737,
            0.11147314310073853
        ],
        [
            -0.3347126841545105,
            -0.6668403148651123,
            0.10824886709451675
        ],
        [
            -0.3348812162876129,
            -0.6678788065910339,
            0.1006554514169693
        ],
        [
            -0.32958897948265076,
            -0.662824273109436,
            0.10840794444084167
        ],
        [
            -0.3281053304672241,
            -0.6629303693771362,
            0.09831845760345459
        ],
        [
            -0.31428030133247375,
            -0.6534280776977539,
            0.10261543095111847
        ],
        [
            -0.32078075408935547,
            -0.657498836517334,
            0.10010287165641785
        ],
        [
            -0.32418540120124817,
            -0.6589334011077881,
            0.11062804609537125
        ],
        [
            -0.31955206394195557,
            -0.6546429395675659,
            0.11574408411979675
        ],
        [
            -0.31856200098991394,
            -0.6582217812538147,
            0.13080154359340668
        ],
        [
            -0.31551864743232727,
            -0.657422661781311,
            0.13654839992523193
        ],
        [
            -0.3109145164489746,
            -0.6469601392745972,
            0.12987905740737915
        ],
        [
            -0.31503093242645264,
            -0.6496999263763428,
            0.12318623065948486
        ],
        [
            -0.33175837993621826,
            -0.6746368408203125,
            0.13435238599777222
        ],
        [
            -0.3328871726989746,
            -0.6749404668807983,
            0.12965942919254303
        ],
        [
            -0.33511900901794434,
            -0.6750340461730957,
            0.13127604126930237
        ],
        [
            -0.33471256494522095,
            -0.6756184101104736,
            0.13660377264022827
        ],
        [
            -0.33419790863990784,
            -0.6745648980140686,
            0.1258145421743393
        ],
        [
            -0.3347848355770111,
            -0.6742099523544312,
            0.12410789728164673
        ],
        [
            -0.3359804153442383,
            -0.6747851371765137,
            0.1252923458814621
        ],
        [
            -0.3348608613014221,
            -0.6750614643096924,
            0.1263386607170105
        ],
        [
            -0.333675742149353,
            -0.6750186681747437,
            0.12809735536575317
        ],
        [
            -0.33217954635620117,
            -0.6735286712646484,
            0.12878984212875366
        ],
        [
            -0.3334413170814514,
            -0.673927903175354,
            0.1266694962978363
        ],
        [
            -0.33094486594200134,
            -0.6724836826324463,
            0.13310083746910095
        ],
        [
            -0.3257855772972107,
            -0.6703546643257141,
            0.1473141759634018
        ],
        [
            -0.3278878927230835,
            -0.6701724529266357,
            0.1434883326292038
        ],
        [
            -0.32865703105926514,
            -0.6747027039527893,
            0.14453552663326263
        ],
        [
            -0.32699987292289734,
            -0.6752015948295593,
            0.14786379039287567
        ],
        [
            -0.3366882801055908,
            -0.6763278245925903,
            0.12819306552410126
        ],
        [
            -0.33900707960128784,
            -0.6769160032272339,
            0.12614206969738007
        ],
        [
            -0.33974936604499817,
            -0.6786739230155945,
            0.13156503438949585
        ],
        [
            -0.33721330761909485,
            -0.676947832107544,
            0.13157719373703003
        ],
        [
            -0.34175217151641846,
            -0.677919864654541,
            0.12429067492485046
        ],
        [
            -0.33779117465019226,
            -0.6755123138427734,
            0.12345711886882782
        ],
        [
            -0.3397776484489441,
            -0.6757674813270569,
            0.12110470235347748
        ],
        [
            -0.3334556221961975,
            -0.6729590892791748,
            0.12422852218151093
        ],
        [
            -0.3336362838745117,
            -0.6714996695518494,
            0.12103883922100067
        ],
        [
            -0.335976779460907,
            -0.6730382442474365,
            0.1217314749956131
        ],
        [
            -0.33073413372039795,
            -0.6692136526107788,
            0.12227067351341248
        ],
        [
            -0.3313385844230652,
            -0.6715935468673706,
            0.12639407813549042
        ],
        [
            -0.3295307159423828,
            -0.6697497367858887,
            0.13049933314323425
        ],
        [
            -0.3275907039642334,
            -0.6679651737213135,
            0.13589362800121307
        ],
        [
            -0.3250303864479065,
            -0.6646794080734253,
            0.1313266009092331
        ],
        [
            -0.3278825283050537,
            -0.6667070388793945,
            0.12599918246269226
        ],
        [
            -0.34257590770721436,
            -0.6819350719451904,
            0.13040757179260254
        ],
        [
            -0.3373944163322449,
            -0.6723491549491882,
            0.11730416119098663
        ],
        [
            -0.3429325222969055,
            -0.6768091917037964,
            0.11585047096014023
        ],
        [
            -0.3341987133026123,
            -0.6689021587371826,
            0.11587755382061005
        ],
        [
            -0.3302456736564636,
            -0.665863037109375,
            0.11646582931280136
        ],
        [
            -0.32608965039253235,
            -0.662848711013794,
            0.11959253251552582
        ],
        [
            -0.3222755491733551,
            -0.6602982878684998,
            0.1250322461128235
        ],
        [
            -0.3013811409473419,
            -0.6443244218826294,
            0.11880416423082352
        ],
        [
            -0.3077114522457123,
            -0.6478922367095947,
            0.11136671900749207
        ],
        [
            -0.3850198984146118,
            -0.7374553680419922,
            0.13921868801116943
        ],
        [
            -0.38885414600372314,
            -0.7356485724449158,
            0.1312357783317566
        ],
        [
            -0.3825730085372925,
            -0.7311633825302124,
            0.12618477642536163
        ],
        [
            -0.385015070438385,
            -0.7324765920639038,
            0.12492775917053223
        ],
        [
            -0.38389915227890015,
            -0.7337349653244019,
            0.13148626685142517
        ],
        [
            -0.38170939683914185,
            -0.7317861318588257,
            0.1308293342590332
        ],
        [
            -0.3791598081588745,
            -0.7290877103805542,
            0.1046275645494461
        ],
        [
            -0.37939971685409546,
            -0.7295638918876648,
            0.11156325042247772
        ],
        [
            -0.3767496347427368,
            -0.7269461154937744,
            0.1097116619348526
        ],
        [
            -0.37659603357315063,
            -0.7232264876365662,
            0.10192473232746124
        ],
        [
            -0.37176012992858887,
            -0.7193111777305603,
            0.1183677613735199
        ],
        [
            -0.37347662448883057,
            -0.7207114696502686,
            0.11339852213859558
        ],
        [
            -0.3759600520133972,
            -0.7260440587997437,
            0.11903353035449982
        ],
        [
            -0.37479856610298157,
            -0.724969744682312,
            0.12266898155212402
        ],
        [
            -0.3731634020805359,
            -0.7246783971786499,
            0.1265535056591034
        ],
        [
            -0.3711068630218506,
            -0.7251144647598267,
            0.13041457533836365
        ],
        [
            -0.3681205213069916,
            -0.721031904220581,
            0.12875470519065857
        ],
        [
            -0.36995214223861694,
            -0.7197771072387695,
            0.12382003664970398
        ],
        [
            -0.3809983730316162,
            -0.7356607913970947,
            0.1370566189289093
        ],
        [
            -0.37555035948753357,
            -0.7369604706764221,
            0.14177972078323364
        ],
        [
            -0.3745115399360657,
            -0.734675407409668,
            0.13975931704044342
        ],
        [
            -0.37919044494628906,
            -0.7331956624984741,
            0.13599087297916412
        ],
        [
            -0.36173054575920105,
            -0.7344275712966919,
            0.14218154549598694
        ],
        [
            -0.36437907814979553,
            -0.7355532050132751,
            0.1425798535346985
        ],
        [
            -0.3634110689163208,
            -0.737230122089386,
            0.14604498445987701
        ],
        [
            -0.36006781458854675,
            -0.7341316938400269,
            0.14522181451320648
        ],
        [
            -0.3600327670574188,
            -0.7310193777084351,
            0.14317674934864044
        ],
        [
            -0.36191049218177795,
            -0.7325207591056824,
            0.14131449162960052
        ],
        [
            -0.41019123792648315,
            -0.786641001701355,
            0.14046035706996918
        ],
        [
            -0.40278011560440063,
            -0.7703189253807068,
            0.14763346314430237
        ],
        [
            -0.410506933927536,
            -0.7825006246566772,
            0.12077784538269043
        ],
        [
            -0.404887855052948,
            -0.776716947555542,
            0.10380393266677856
        ],
        [
            -0.39786019921302795,
            -0.767828106880188,
            0.08967727422714233
        ],
        [
            -0.34444695711135864,
            -0.6781558990478516,
            0.09514966607093811
        ],
        [
            -0.33727332949638367,
            -0.6733522415161133,
            0.0885673314332962
        ],
        [
            -0.3392108082771301,
            -0.6831783056259155,
            0.07589449733495712
        ],
        [
            -0.32994014024734497,
            -0.6773934364318848,
            0.07230159640312195
        ],
        [
            -0.32826024293899536,
            -0.6671538949012756,
            0.08574388921260834
        ],
        [
            -0.3079398572444916,
            -0.6559260487556458,
            0.09051744639873505
        ],
        [
            -0.3183763921260834,
            -0.6607404947280884,
            0.0863971933722496
        ],
        [
            -0.318760484457016,
            -0.6724890470504761,
            0.07032845914363861
        ],
        [
            -0.3221220374107361,
            -0.6878193616867065,
            0.055747706443071365
        ],
        [
            -0.3318443298339844,
            -0.6898473501205444,
            0.06094666197896004
        ],
        [
            -0.3259090781211853,
            -0.7060933113098145,
            0.047014713287353516
        ],
        [
            -0.3092695474624634,
            -0.6872595548629761,
            0.0497664213180542
        ],
        [
            -0.31883180141448975,
            -0.7100727558135986,
            0.042572520673274994
        ],
        [
            -0.2831457257270813,
            -0.6596778631210327,
            0.05927179008722305
        ],
        [
            -0.2770165801048279,
            -0.6523100137710571,
            0.054323114454746246
        ],
        [
            -0.2814876139163971,
            -0.6614453792572021,
            0.038136981427669525
        ],
        [
            -0.2878694534301758,
            -0.6688680648803711,
            0.04291101545095444
        ],
        [
            -0.3411954939365387,
            -0.6927111148834229,
            0.06691648066043854
        ],
        [
            -0.3802555203437805,
            -0.7421419620513916,
            0.08124913275241852
        ],
        [
            -0.3832203149795532,
            -0.7377257347106934,
            0.09198176860809326
        ],
        [
            -0.3724489212036133,
            -0.7324271202087402,
            0.07518818974494934
        ],
        [
            -0.4029690623283386,
            -0.8005395531654358,
            0.07594379782676697
        ],
        [
            -0.40645548701286316,
            -0.7896702289581299,
            0.09074504673480988
        ],
        [
            -0.3990021347999573,
            -0.7782300710678101,
            0.07888071984052658
        ],
        [
            -0.3968008756637573,
            -0.7900048494338989,
            0.06617843359708786
        ],
        [
            -0.40787893533706665,
            -0.8323097229003906,
            0.10790246725082397
        ],
        [
            -0.41329336166381836,
            -0.8098300695419312,
            0.12483327090740204
        ],
        [
            -0.4106663465499878,
            -0.8013561964035034,
            0.10878947377204895
        ],
        [
            -0.4076513648033142,
            -0.8182726502418518,
            0.09366534650325775
        ],
        [
            -0.39181897044181824,
            -0.7966551780700684,
            0.05513545498251915
        ],
        [
            -0.38297218084335327,
            -0.8065476417541504,
            0.0421372689306736
        ],
        [
            -0.3845690190792084,
            -0.8238446712493896,
            0.043066639453172684
        ],
        [
            -0.39622563123703003,
            -0.8143123388290405,
            0.060396790504455566
        ],
        [
            -0.3835013508796692,
            -0.8471438884735107,
            0.05101078748703003
        ],
        [
            -0.3974544107913971,
            -0.8355664014816284,
            0.07157114893198013
        ],
        [
            -0.3045491576194763,
            -0.7037935256958008,
            0.03505486249923706
        ],
        [
            -0.31385648250579834,
            -0.7210947871208191,
            0.03502873331308365
        ],
        [
            -0.2967185974121094,
            -0.6771857738494873,
            0.048961229622364044
        ],
        [
            -0.29621583223342896,
            -0.6900924444198608,
            0.034030620008707047
        ],
        [
            -0.3763788938522339,
            -0.8666229844093323,
            0.06280970573425293
        ],
        [
            -0.3943522870540619,
            -0.8541512489318848,
            0.086629718542099
        ],
        [
            -0.33791059255599976,
            -0.8150798082351685,
            0.010992608964443207
        ],
        [
            -0.35318243503570557,
            -0.824787437915802,
            0.018542714416980743
        ],
        [
            -0.3589463233947754,
            -0.8051148653030396,
            0.022723421454429626
        ],
        [
            -0.34436658024787903,
            -0.7983865737915039,
            0.015446215867996216
        ],
        [
            -0.32775044441223145,
            -0.8326781988143921,
            0.009888321161270142
        ],
