{
    "pred_cam": [
        1.5689117908477783,
        0.24328665435314178,
        0.2801440954208374
    ],
    "pred_smpl_params": {
        "global_orient": [
            [
                [
                    -0.8489022850990295,
                    -0.21283331513404846,
                    -0.4838045537471771
                ],
                [
                    0.26224347949028015,
                    -0.9643331170082092,
                    -0.03591717407107353
                ],
                [
                    -0.4589043855667114,
                    -0.15736477077007294,
                    0.8744387626647949
                ]
            ]
        ],
        "body_pose": [
            [
                [
                    0.9913880228996277,
                    -0.09228077530860901,
                    -0.09291975200176239
                ],
                [
                    0.11488506197929382,
                    0.9534335732460022,
                    0.27886518836021423
                ],
                [
                    0.06285892426967621,
                    -0.2871386706829071,
                    0.9558243155479431
                ]
            ],
            [
                [
                    0.98847895860672,
                    -0.08896632492542267,
                    -0.12245164066553116
                ],
                [
                    0.12128258496522903,
                    0.9495741128921509,
                    0.2891359031200409
                ],
                [
                    0.09055355191230774,
                    -0.3006559908390045,
                    0.9494240880012512
                ]
            ],
            [
                [
                    0.9934338927268982,
                    0.10192427784204483,
                    0.051967766135931015
                ],
                [
                    -0.07221774011850357,
                    0.9109597206115723,
                    -0.4061243534088135
                ],
                [
                    -0.088734470307827,
                    0.3997046649456024,
                    0.9123390316963196
                ]
            ],
            [
                [
                    0.9806122779846191,
                    -0.08500201255083084,
                    -0.17656202614307404
                ],
                [
                    -0.0426146425306797,
                    0.7869526147842407,
                    -0.6155399084091187
                ],
                [
                    0.19126811623573303,
                    0.6111301779747009,
                    0.7680730819702148
                ]
            ],
            [
                [
                    0.9404970407485962,
                    -0.3396763801574707,
                    -0.009233692660927773
                ],
                [
                    0.18773576617240906,
                    0.5420694947242737,
                    -0.8190946578979492
                ],
                [
                    0.2832323908805847,
                    0.7686225771903992,
                    0.5735841393470764
                ]
            ],
            [
                [
                    0.9986298680305481,
                    0.033739157021045685,
                    0.03999904543161392
                ],
                [
                    -0.03276510164141655,
                    0.9991562962532043,
                    -0.024762501940131187
                ],
                [
                    -0.04080076515674591,
                    0.023418003693223,
                    0.9988927841186523
                ]
            ],
            [
                [
                    0.9766796231269836,
                    0.03173564746975899,
                    0.21234352886676788
                ],
                [
                    -0.03890924155712128,
                    0.9988016486167908,
                    0.0296888779848814
                ],
                [
                    -0.21114684641361237,
                    -0.03725864738225937,
                    0.9767440557479858
                ]
            ],
            [
                [
                    0.9775066375732422,
                    0.08632272481918335,
                    -0.1924298256635666
                ],
                [
                    -0.05614461377263069,
                    0.9859851002693176,
                    0.15710245072841644
                ],
                [
                    0.20329444110393524,
                    -0.14276477694511414,
                    0.9686535596847534
                ]
            ],
            [
                [
                    0.9997536540031433,
                    0.02216053381562233,
                    0.0012020976282656193
                ],
                [
                    -0.022121770307421684,
                    0.9994165301322937,
                    -0.02602226287126541
                ],
                [
                    -0.0017780635971575975,
                    0.025989262387156487,
                    0.9996605515480042
                ]
            ],
            [
                [
                    0.9956730604171753,
                    -0.08915022015571594,
                    0.02621961198747158
                ],
                [
                    0.08726316690444946,
                    0.993998646736145,
                    0.06596791744232178
                ],
                [
                    -0.031943317502737045,
                    -0.0633944645524025,
                    0.9974772334098816
                ]
            ],
            [
                [
                    0.9999174475669861,
                    -0.00792310107499361,
                    0.01011686772108078
                ],
                [
                    0.007528620772063732,
                    0.9992320537567139,
                    0.0384523943066597
                ],
                [
                    -0.010413761250674725,
                    -0.03837305307388306,
                    0.9992092251777649
                ]
            ],
            [
                [
                    0.9877582788467407,
                    -0.025370948016643524,
                    0.1539147049188614
                ],
                [
                    0.03164221718907356,
                    0.9987600445747375,
                    -0.03843281418085098
                ],
                [
                    -0.15274879336357117,
                    0.04283254221081734,
                    0.987336277961731
                ]
            ],
            [
                [
                    0.935462236404419,
                    0.08709927648305893,
                    -0.3425261080265045
                ],
                [
                    -0.05478297546505928,
                    0.9931784272193909,
                    0.10293437540531158
                ],
                [
                    0.3491550087928772,
                    -0.07752662152051926,
                    0.93385249376297
                ]
            ],
            [
                [
                    0.8751867413520813,
                    -0.23441050946712494,
                    0.4232020676136017
                ],
                [
                    0.19846822321414948,
                    0.9717382788658142,
                    0.12780873477458954
                ],
                [
                    -0.4412013590335846,
                    -0.02786434069275856,
                    0.8969755172729492
                ]
            ],
            [
                [
                    0.9999504685401917,
                    0.00987185351550579,
                    0.0012475383700802922
                ],
                [
                    -0.009694487787783146,
                    0.994798481464386,
                    -0.10139953345060349
                ],
                [
                    -0.002242051064968109,
                    0.10138241946697235,
                    0.994844913482666
                ]
            ],
            [
                [
                    0.8345562219619751,
                    0.4521370232105255,
                    -0.3147825300693512
                ],
                [
                    -0.41852813959121704,
                    0.8918765783309937,
                    0.1714361160993576
                ],
                [
                    0.35825976729393005,
                    -0.011327708140015602,
                    0.9335532188415527
                ]
            ],
            [
                [
                    0.4615682363510132,
                    -0.7481595873832703,
                    0.4766676127910614
                ],
                [
                    0.7392510771751404,
                    0.6214163899421692,
                    0.25951793789863586
                ],
                [
                    -0.49036988615989685,
                    0.23259177803993225,
                    0.8399038314819336
                ]
            ],
            [
                [
                    0.7791498899459839,
                    -0.12304775416851044,
                    -0.6146418452262878
                ],
                [
                    0.18895462155342102,
                    0.9810381531715393,
                    0.04312988743185997
                ],
                [
                    0.5976800918579102,
                    -0.14974407851696014,
                    0.7876262068748474
                ]
            ],
            [
                [
                    0.7830954194068909,
                    0.15214800834655762,
                    0.6030028462409973
                ],
                [
                    -0.10480792075395584,
                    0.9880303144454956,
                    -0.11318724602460861
                ],
                [
                    -0.6130063533782959,
                    0.02543693780899048,
                    0.7896683216094971
                ]
            ],
            [
                [
                    0.9872811436653137,
                    -0.1584271639585495,
                    0.013294932432472706
                ],
                [
                    0.1589776575565338,
                    0.9845314621925354,
                    -0.07364702224731445
                ],
                [
                    -0.001421591849066317,
                    0.07482391595840454,
                    0.9971957206726074
                ]
            ],
            [
                [
                    0.9934444427490234,
                    0.11376269161701202,
                    0.011234483681619167
                ],
                [
                    -0.1140654906630516,
                    0.9929717183113098,
                    0.03156241029500961
                ],
                [
                    -0.007564899977296591,
                    -0.032636966556310654,
                    0.9994386434555054
                ]
            ],
            [
                [
                    0.987099826335907,
                    0.13629600405693054,
                    -0.08400729298591614
                ],
                [
                    -0.12228857725858688,
                    0.9804941415786743,
                    0.15387201309204102
                ],
                [
                    0.10334081202745438,
                    -0.1416139155626297,
                    0.9845130443572998
                ]
            ],
            [
                [
                    0.9851398468017578,
                    -0.1473754197359085,
                    0.08820421248674393
                ],
                [
                    0.13726060092449188,
                    0.9842426180839539,
                    0.1114719957113266
                ],
                [
                    -0.10324257612228394,
                    -0.09770853817462921,
                    0.9898454546928406
                ]
            ]
        ],
        "betas": [
            -0.2616461515426636,
            -0.4606659710407257,
            -0.0022325515747070312,
            0.5238509178161621,
            0.24687586724758148,
            0.0272543765604496,
            0.043262988328933716,
            -0.09343647956848145,
            0.01254965364933014,
            -0.04222661256790161
        ]
    },
    "pred_cam_t": [
        0.24328665435314178,
        0.2801440954208374,
        24.897830963134766
    ],
    "focal_length": [
        5000.0,
        5000.0
    ],
    "pred_keypoints_3d": [
        [
            -0.3500460982322693,
            -0.6897755861282349,
            0.17190219461917877
        ],
        [
            -0.2114320695400238,
            -0.6762369871139526,
            0.03892131149768829
        ],
        [
            -0.05128628760576248,
            -0.6544458270072937,
            0.15602558851242065
        ],
        [
            0.006125114858150482,
            -0.4309341311454773,
            0.2477174699306488
        ],
        [
            -0.10978150367736816,
            -0.25287216901779175,
            0.37675467133522034
        ],
        [
            -0.3168749213218689,
            -0.5431963205337524,
            -0.04592064395546913
        ],
        [
            -0.43306824564933777,
            -0.3170583248138428,
            -0.04500989243388176
        ],
        [
            -0.575993537902832,
            -0.20024406909942627,
            0.11325125396251678
        ],
        [
            -0.0019398279255256057,
            -0.22687633335590363,
            0.02959061786532402
        ],
        [
            0.07682008296251297,
            -0.15776532888412476,
            0.07194557785987854
        ],
        [
            0.10605131089687347,
            0.18324381113052368,
            0.21526440978050232
        ],
        [
            0.1021551638841629,
            0.470068097114563,
            -0.04320141673088074
        ],
        [
            -0.03897536173462868,
            -0.12060227245092392,
            0.00656350702047348
        ],
        [
            -0.07042734324932098,
            0.22318503260612488,
            0.11862709373235703
        ],
        [
            0.02097325026988983,
            0.5713610649108887,
            -0.019741185009479523
        ],
        [
            -0.3306204676628113,
            -0.7467877864837646,
            0.17792052030563354
        ],
        [
            -0.37671247124671936,
            -0.728696882724762,
            0.1334821581840515
        ],
        [
            -0.24409058690071106,
            -0.7913210391998291,
            0.13557517528533936
        ],
        [
            -0.3491952121257782,
            -0.7519674301147461,
            0.036520443856716156
        ],
        [
            -0.039463382214307785,
            0.6785876154899597,
            0.13662147521972656
        ],
        [
            -0.07934935390949249,
            0.674802303314209,
            0.06324970722198486
        ],
        [
            0.042260684072971344,
            0.58806312084198,
            -0.08403059840202332
        ],
        [
            0.07950760424137115,
            0.5994705557823181,
            0.10344356298446655
        ],
        [
            0.15733426809310913,
            0.5845918655395508,
            0.06788840889930725
        ],
        [
            0.1138201355934143,
            0.4813302755355835,
            -0.11272278428077698
        ],
        [
            0.12922747433185577,
            0.41731399297714233,
            -0.034573495388031006
        ],
        [
            0.1033121645450592,
            0.12691502273082733,
            0.20814749598503113
        ],
        [
            0.12885303795337677,
            -0.29510587453842163,
            0.0791163221001625
        ],
        [
            -0.11580175161361694,
            -0.20280063152313232,
            -0.06741936504840851
        ],
        [
            -0.08209853619337082,
            0.18667112290859222,
            0.10724321007728577
        ],
        [
            0.014374115504324436,
            0.5332767963409424,
            -0.03700469434261322
        ],
        [
            -0.12997794151306152,
            -0.28055235743522644,
            0.36551427841186523
        ],
        [
            -0.0034900472965091467,
            -0.45809388160705566,
            0.2743128836154938
        ],
        [
            -0.08585625141859055,
            -0.669948399066925,
            0.13131162524223328
        ],
        [
            -0.3087542653083801,
            -0.5793848037719727,
            -0.04409027099609375
        ],
        [
            -0.46016132831573486,
            -0.3556082248687744,
            -0.03835127130150795
        ],
        [
            -0.5780390501022339,
            -0.2208305299282074,
            0.11360908299684525
        ],
        [
            -0.21460993587970734,
            -0.6691144704818726,
            0.047016482800245285
        ],
        [
            -0.3358057141304016,
            -0.8073544502258301,
            0.10495918989181519
        ],
        [
            0.0062965708784759045,
            -0.248409703373909,
            0.005380629561841488
        ],
        [
            -0.1928415596485138,
            -0.6219485998153687,
            0.04432494193315506
        ],
        [
            -0.0819697231054306,
            -0.4785131812095642,
            0.0009259171783924103
        ],
        [
            -0.30031612515449524,
            -0.6989372372627258,
            0.10793028771877289
        ],
        [
            -0.3375455439090729,
            -0.8287333250045776,
            0.10464537143707275
        ]
    ],
    "pred_vertices": [
        [
            -0.4081486463546753,
            -0.7658350467681885,
            0.13407698273658752
        ],
        [
            -0.4000850021839142,
            -0.7521956562995911,
            0.14035354554653168
        ],
        [
            -0.40115630626678467,
            -0.7502351999282837,
            0.12615640461444855
        ],
        [
            -0.40602296590805054,
            -0.7618705034255981,
            0.11730752885341644
        ],
        [
            -0.397114098072052,
            -0.7406295537948608,
            0.13149656355381012
        ],
        [
            -0.3945148289203644,
            -0.7415798902511597,
            0.14333252608776093
        ],
        [
            -0.39743518829345703,
            -0.7477437257766724,
            0.11328530311584473
        ],
        [
            -0.39940059185028076,
            -0.7572100162506104,
            0.10311536490917206
        ],
        [
            -0.3778344690799713,
            -0.720459520816803,
            0.09471918642520905
        ],
        [
            -0.37341833114624023,
            -0.7197901606559753,
            0.08450581878423691
        ],
        [
            -0.38006699085235596,
            -0.7295588254928589,
            0.08819212019443512
        ],
        [
            -0.3817524313926697,
            -0.7281392812728882,
            0.09823499619960785
        ],
        [
            -0.36254122853279114,
            -0.6999303102493286,
            0.0885639414191246
        ],
        [
            -0.35835912823677063,
            -0.6900064945220947,
            0.09724582731723785
        ],
        [
            -0.3503258228302002,
            -0.6860845685005188,
            0.08717157691717148
        ],
        [
            -0.3529561758041382,
            -0.696334958076477,
            0.07848513871431351
        ],
        [
            -0.35563161969184875,
            -0.7005540132522583,
            0.13839301466941833
        ],
        [
            -0.35547125339508057,
            -0.6939424276351929,
            0.1328393816947937
        ],
        [
            -0.36106494069099426,
            -0.6988198757171631,
            0.1307380646467209
        ],
        [
            -0.3600722551345825,
            -0.7051489353179932,
            0.13640350103378296
        ],
        [
            -0.3572195768356323,
            -0.7088406085968018,
            0.15082700550556183
        ],
        [
            -0.3588930368423462,
            -0.7146424651145935,
            0.14857181906700134
        ],
        [
            -0.3604116141796112,
            -0.716930091381073,
            0.15613019466400146
        ],
        [
            -0.35954150557518005,
            -0.7098501920700073,
            0.15840734541416168
        ],
        [
            -0.34937459230422974,
            -0.697512149810791,
            0.14134320616722107
        ],
        [
            -0.3490082621574402,
            -0.6908740997314453,
            0.13520273566246033
        ],
        [
            -0.3559386730194092,
            -0.705998420715332,
            0.14355869591236115
        ],
        [
            -0.35350501537323,
            -0.7019877433776855,
            0.14606206119060516
        ],
        [
            -0.3542321026325226,
            -0.6932178735733032,
            0.1545269936323166
        ],
        [
            -0.356899231672287,
            -0.6973605751991272,
            0.15314747393131256
        ],
        [
            -0.35881131887435913,
            -0.6962816119194031,
            0.16055944561958313
        ],
        [
            -0.35476744174957275,
            -0.6922101974487305,
            0.16009370982646942
        ],
        [
            -0.35071051120758057,
            -0.6959434747695923,
            0.14586664736270905
        ],
        [
            -0.35409992933273315,
            -0.6970806121826172,
            0.1479458510875702
        ],
        [
            -0.3517899513244629,
            -0.6936459541320801,
            0.15073013305664062
        ],
        [
            -0.34795665740966797,
            -0.6935181617736816,
            0.1490781158208847
        ],
        [
            -0.35628584027290344,
            -0.7043125629425049,
            0.1526239812374115
        ],
        [
            -0.3591808080673218,
            -0.7035495042800903,
            0.1598941534757614
        ],
        [
            -0.36116576194763184,
            -0.702722430229187,
            0.16789883375167847
        ],
        [
            -0.35920584201812744,
            -0.6940387487411499,
            0.1684436798095703
        ],
        [
            -0.3523818850517273,
            -0.6824124455451965,
            0.11852186918258667
        ],
        [
            -0.3548528254032135,
            -0.6878198385238647,
            0.12607331573963165
        ],
        [
            -0.34894683957099915,
            -0.6849377155303955,
            0.12899871170520782
        ],
        [
            -0.34780871868133545,
            -0.6802051067352295,
            0.12277428805828094
        ],
        [
            -0.3453402817249298,
            -0.6919806003570557,
            0.14532972872257233
        ],
        [
            -0.33963119983673096,
            -0.677605926990509,
            0.14033281803131104
        ],
        [
            -0.34192216396331787,
            -0.6806133985519409,
            0.14086399972438812
        ],
        [
            -0.34047314524650574,
            -0.6811977624893188,
            0.1480214148759842
        ],
        [
            -0.33868199586868286,
            -0.6782430410385132,
            0.14693890511989594
        ],
        [
            -0.3436991572380066,
            -0.6729251742362976,
            0.10641488432884216
        ],
        [
            -0.34178870916366577,
            -0.6713830828666687,
            0.11342737078666687
        ],
        [
            -0.3371164798736572,
            -0.6666630506515503,
            0.11017780005931854
        ],
        [
            -0.3372942805290222,
            -0.6677366495132446,
            0.10257355868816376
        ],
        [
            -0.3319621682167053,
            -0.6626615524291992,
            0.11032239347696304
        ],
        [
            -0.33049583435058594,
            -0.6628180146217346,
            0.10021801292896271
        ],
        [
            -0.31660905480384827,
            -0.6533455848693848,
            0.10449188947677612
        ],
        [
            -0.32313525676727295,
            -0.6574081182479858,
            0.10198558121919632
        ],
        [
            -0.3265323340892792,
            -0.6587797999382019,
            0.11253704875707626
        ],
        [
            -0.32186850905418396,
            -0.6544902920722961,
            0.11764732748270035
        ],
        [
            -0.320883572101593,
            -0.6580278873443604,
            0.13272272050380707
        ],
        [
            -0.3178296387195587,
            -0.6572241187095642,
            0.1384856402873993
        ],
        [
            -0.31318891048431396,
            -0.6467831134796143,
            0.1317669004201889
        ],
        [
            -0.317314475774765,
            -0.6495325565338135,
            0.12508299946784973
        ],
        [
            -0.3341512084007263,
            -0.6744157075881958,
            0.13634468615055084
        ],
        [
            -0.3352888226509094,
            -0.6747249364852905,
            0.13164645433425903
        ],
        [
            -0.3375232219696045,
            -0.6748036742210388,
            0.13326643407344818
        ],
        [
            -0.3371123671531677,
            -0.6753765344619751,
            0.13860046863555908
        ],
        [
            -0.3366091847419739,
            -0.674346923828125,
            0.1277913749217987
        ],
        [
            -0.3371991515159607,
            -0.6739954948425293,
            0.12608203291893005
        ],
        [
            -0.3383973240852356,
            -0.6745643615722656,
            0.12727336585521698
        ],
        [
            -0.3372798562049866,
            -0.6748372316360474,
            0.12831224501132965
        ],
        [
            -0.33608758449554443,
            -0.6747959852218628,
            0.13007213175296783
        ],
        [
            -0.3345773220062256,
            -0.6733097434043884,
            0.1307607740163803
        ],
        [
            -0.3358437120914459,
            -0.6737109422683716,
            0.12864407896995544
        ],
        [
            -0.3333311080932617,
            -0.672256588935852,
            0.13507404923439026
        ],
        [
            -0.32813096046447754,
            -0.6701322793960571,
            0.14930015802383423
        ],
        [
            -0.3302454352378845,
            -0.669937252998352,
            0.14547237753868103
        ],
        [
            -0.3310384750366211,
            -0.6744718551635742,
            0.14653702080249786
        ],
        [
            -0.3293722867965698,
            -0.6749805212020874,
            0.14986726641654968
        ],
        [
            -0.33910617232322693,
            -0.6761021018028259,
            0.13017424941062927
        ],
        [
            -0.34143781661987305,
            -0.6766839623451233,
            0.12813927233219147
        ],
        [
            -0.3421825170516968,
            -0.6784241199493408,
            0.13357724249362946
        ],
        [
            -0.33963119983673096,
            -0.6767110824584961,
            0.13357999920845032
        ],
        [
            -0.34419119358062744,
            -0.677681565284729,
            0.12628093361854553
        ],
        [
            -0.34021833539009094,
            -0.6752880215644836,
            0.12544019520282745
        ],
        [
            -0.3421996533870697,
            -0.6755504608154297,
            0.12308140099048615
        ],
        [
            -0.33585846424102783,
            -0.6727472543716431,
            0.12619566917419434
        ],
        [
            -0.3360421061515808,
            -0.6712925434112549,
            0.12299656867980957
        ],
        [
            -0.3383919596672058,
            -0.6728220582008362,
            0.12369890511035919
        ],
        [
            -0.33311450481414795,
            -0.6690158843994141,
            0.12421900779008865
        ],
        [
            -0.33372336626052856,
            -0.6713840365409851,
            0.12835851311683655
        ],
        [
            -0.33189696073532104,
            -0.669533371925354,
            0.13246369361877441
        ],
        [
            -0.3299395442008972,
            -0.6677421927452087,
            0.13785648345947266
        ],
        [
            -0.32736778259277344,
            -0.6644736528396606,
            0.13326998054981232
        ],
        [
            -0.33024054765701294,
            -0.666506290435791,
            0.1279444694519043
        ],
        [
            -0.3450148105621338,
            -0.6816933155059814,
            0.1324232965707779
        ],
        [
            -0.3398166596889496,
            -0.672136664390564,
            0.11926646530628204
        ],
        [
            -0.345371812582016,
            -0.6765921115875244,
            0.11782880127429962
        ],
        [
            -0.3366051912307739,
            -0.668700635433197,
            0.11782191693782806
        ],
        [
            -0.33262813091278076,
            -0.6656739711761475,
            0.11839570850133896
        ],
        [
            -0.3284338414669037,
            -0.6626706123352051,
            0.12152768671512604
        ],
        [
            -0.32460910081863403,
            -0.660112738609314,
            0.1269529163837433
        ],
        [
            -0.303641676902771,
            -0.6442319750785828,
            0.1206597089767456
        ],
        [
            -0.3099914789199829,
            -0.6478101015090942,
            0.11323900520801544
        ],
        [
            -0.387725293636322,
            -0.7369956374168396,
            0.1414397656917572
        ],
        [
            -0.3915594220161438,
            -0.7351996898651123,
            0.13344869017601013
        ],
        [
            -0.38525018095970154,
            -0.7307766675949097,
            0.12837405502796173
        ],
        [
            -0.3877110481262207,
            -0.7320663332939148,
            0.12712940573692322
        ],
        [
            -0.38658401370048523,
            -0.7333219051361084,
            0.13368749618530273
        ],
        [
            -0.3843832015991211,
            -0.7313858270645142,
            0.1330222487449646
        ],
        [
            -0.3818559944629669,
            -0.728782057762146,
            0.10679976642131805
        ],
        [
            -0.3820852041244507,
            -0.7292398810386658,
            0.11373601853847504
        ],
        [
            -0.3794175386428833,
            -0.7266420125961304,
            0.11187893152236938
        ],
        [
            -0.3792634606361389,
            -0.7229411602020264,
            0.10408101975917816
        ],
        [
            -0.3743763267993927,
            -0.7189947366714478,
            0.12050604820251465
        ],
        [
            -0.376104474067688,
            -0.7204070091247559,
            0.11554194986820221
        ],
        [
            -0.37861984968185425,
            -0.7257025241851807,
            0.12119458615779877
        ],
        [
            -0.37745073437690735,
            -0.7246187925338745,
            0.12482795119285583
        ],
        [
            -0.3758053779602051,
            -0.7243309020996094,
            0.12871134281158447
        ],
        [
            -0.37374258041381836,
            -0.7247735857963562,
            0.13258123397827148
        ],
        [
            -0.37073802947998047,
            -0.7207049131393433,
            0.13089391589164734
        ],
        [
            -0.37256717681884766,
            -0.7194516062736511,
            0.12595370411872864
        ],
        [
            -0.383691668510437,
            -0.735241711139679,
            0.13925951719284058
        ],
        [
            -0.378243088722229,
            -0.7365661859512329,
            0.1439822018146515
        ],
        [
            -0.3771960735321045,
            -0.7342944145202637,
            0.14194652438163757
        ],
        [
            -0.3818681240081787,
            -0.7327944040298462,
            0.13817983865737915
        ],
        [
            -0.36440443992614746,
            -0.7341146469116211,
            0.14437130093574524
        ],
        [
            -0.3670594096183777,
            -0.7352275252342224,
            0.14477327466011047
        ],
        [
            -0.3660960793495178,
            -0.7368981838226318,
            0.148245170712471
        ],
        [
            -0.3627324402332306,
            -0.7338168621063232,
            0.14741164445877075
        ],
        [
            -0.3626912534236908,
            -0.7307027578353882,
            0.14535671472549438
        ],
        [
            -0.36457931995391846,
            -0.7322016954421997,
            0.14349977672100067
        ],
        [
            -0.41313886642456055,
            -0.7860561609268188,
            0.14285887777805328
        ],
        [
            -0.4056047201156616,
            -0.7697663307189941,
            0.14995098114013672
        ],
        [
            -0.413459837436676,
            -0.7819688320159912,
            0.12318548560142517
        ],
        [
            -0.4078301787376404,
            -0.7762854099273682,
            0.10618413984775543
        ],
        [
            -0.4007752537727356,
            -0.767485499382019,
            0.0920143574476242
        ],
        [
            -0.3469235897064209,
            -0.6780016422271729,
            0.09710162878036499
        ],
        [
            -0.33972427248954773,
            -0.6732546091079712,
            0.09049086272716522
        ],
        [
            -0.3417280316352844,
            -0.6831315755844116,
            0.07784911245107651
        ],
        [
            -0.33242520689964294,
            -0.677389919757843,
            0.07421241700649261
        ],
        [
            -0.33067670464515686,
            -0.6671015024185181,
            0.08764144033193588
        ],
        [
            -0.310295045375824,
            -0.6559317111968994,
            0.09238360822200775
        ],
        [
            -0.3207661807537079,
            -0.6607258319854736,
            0.0882701575756073
        ],
        [
            -0.3212219774723053,
            -0.6725268363952637,
            0.07219766080379486
        ],
        [
            -0.32467249035835266,
            -0.6879063844680786,
            0.05763857066631317
        ],
        [
            -0.3344033360481262,
            -0.6898902654647827,
            0.06287676095962524
        ],
        [
            -0.32853788137435913,
            -0.7062160968780518,
            0.04895482957363129
        ],
        [
            -0.3118102550506592,
            -0.6874310970306396,
            0.05160463973879814
        ],
        [
            -0.32147565484046936,
            -0.710252583026886,
            0.04447634145617485
        ],
        [
            -0.2855140268802643,
            -0.6598994135856628,
            0.06100964918732643
        ],
        [
            -0.2793557941913605,
            -0.6525780558586121,
            0.05601620301604271
        ],
        [
            -0.28386080265045166,
            -0.6618169546127319,
            0.039814144372940063
        ],
        [
            -0.2902734577655792,
            -0.669173538684845,
            0.04464656859636307
        ],
        [
            -0.34378236532211304,
            -0.6926888227462769,
            0.06888368725776672
        ],
        [
            -0.38307300209999084,
            -0.7418845891952515,
            0.08347912132740021
        ],
        [
            -0.3859884738922119,
            -0.7374207973480225,
            0.09420575201511383
        ],
        [
            -0.3751803934574127,
            -0.7322422862052917,
            0.07734067738056183
        ],
        [
            -0.4061081111431122,
            -0.8001830577850342,
            0.07842770963907242
        ],
        [
            -0.4094869792461395,
            -0.7892739772796631,
            0.0931764543056488
        ],
        [
            -0.4019874930381775,
            -0.7779213190078735,
            0.08126460760831833
        ],
        [
            -0.39989638328552246,
            -0.7897472381591797,
            0.06860281527042389
        ],
        [
            -0.41112473607063293,
            -0.8318159580230713,
            0.11054020375013351
        ],
        [
            -0.4163970351219177,
            -0.8092414140701294,
            0.12737183272838593
        ],
        [
            -0.4137479066848755,
            -0.8008692264556885,
            0.11128325760364532
        ],
        [
            -0.4108330011367798,
            -0.8178415298461914,
            0.0962432250380516
        ],
        [
            -0.3949628472328186,
            -0.7964646816253662,
            0.05758673697710037
        ],
        [
            -0.3861868977546692,
            -0.8064665794372559,
            0.04462368041276932
        ],
        [
            -0.3879368305206299,
            -0.8237607479095459,
            0.04563162475824356
        ],
        [
            -0.3995036482810974,
            -0.8140547275543213,
            0.06293945759534836
        ],
        [
            -0.38700807094573975,
            -0.8470262289047241,
            0.05366193503141403
        ],
        [
            -0.40083813667297363,
            -0.8352855443954468,
            0.07420985400676727
        ],
        [
            -0.30711501836776733,
            -0.7040901184082031,
            0.036934591829776764
        ],
        [
            -0.316541463136673,
            -0.7213547229766846,
            0.036977920681238174
        ],
        [
            -0.29918378591537476,
            -0.6774163842201233,
            0.050749439746141434
        ],
        [
            -0.29870128631591797,
            -0.6904319524765015,
            0.03583899512887001
        ],
        [
            -0.3800250291824341,
            -0.8665652871131897,
            0.06552962213754654
        ],
        [
            -0.3978331387042999,
            -0.8538422584533691,
            0.08936066925525665
        ],
        [
            -0.34123092889785767,
            -0.8153806328773499,
            0.01338014006614685
        ],
        [
            -0.3565789759159088,
            -0.8249582648277283,
            0.021018393337726593
        ],
        [
            -0.36217063665390015,
            -0.8052428364753723,
            0.025154978036880493
        ],
        [
            -0.3475464880466461,
            -0.7986282110214233,
            0.017796486616134644
        ],
        [
            -0.3311827778816223,
            -0.8330608606338501,
            0.01235237717628479
        ],
        [
