{
    "pred_cam": [
        1.5661327838897705,
        0.24309323728084564,
        0.2775301933288574
    ],
    "pred_smpl_params": {
        "global_orient": [
            [
                [
                    -0.8447036743164062,
                    -0.21057848632335663,
                    -0.4920695424079895
                ],
                [
                    0.26074281334877014,
                    -0.9647835493087769,
                    -0.034726258367300034
                ],
                [
                    -0.4674279987812042,
                    -0.15763698518276215,
                    0.8698630332946777
                ]
            ]
        ],
        "body_pose": [
            [
                [
                    0.9918174147605896,
                    -0.09269168972969055,
                    -0.08778635412454605
                ],
                [
                    0.1137673407793045,
                    0.9537212252616882,
                    0.27833935618400574
                ],
                [
                    0.05792396888136864,
                    -0.2860490381717682,
                    0.9564626216888428
                ]
            ],
            [
                [
                    0.9887307286262512,
                    -0.0849125012755394,
                    -0.12329375743865967
                ],
                [
                    0.11763826012611389,
                    0.9500502943992615,
                    0.2890772819519043
                ],
                [
                    0.09258899092674255,
                    -0.3003236949443817,
                    0.9493328928947449
                ]
            ],
            [
                [
                    0.9937325119972229,
                    0.0988614410161972,
                    0.052172984927892685
                ],
                [
                    -0.06936557590961456,
                    0.9113612174987793,
                    -0.4057205021381378
                ],
                [
                    -0.08765855431556702,
                    0.3995586931705475,
                    0.9125068783760071
                ]
            ],
            [
                [
                    0.9822192788124084,
                    -0.07646770030260086,
                    -0.17145855724811554
                ],
                [
                    -0.044870775192976,
                    0.7911998629570007,
                    -0.6099093556404114
                ],
                [
                    0.18229635059833527,
                    0.606758177280426,
                    0.7737005949020386
                ]
            ],
            [
                [
                    0.9402521252632141,
                    -0.3403021991252899,
                    -0.01097801048308611
                ],
                [
                    0.18802303075790405,
                    0.5458464622497559,
                    -0.8165165185928345
                ],
                [
                    0.2838546633720398,
                    0.7656671404838562,
                    0.5772179365158081
                ]
            ],
            [
                [
                    0.9985936284065247,
                    0.033523332327604294,
                    0.041072383522987366
                ],
                [
                    -0.03238590806722641,
                    0.9990816712379456,
                    -0.028052598237991333
                ],
                [
                    -0.04197508096694946,
                    0.026682980358600616,
                    0.9987622499465942
                ]
            ],
            [
                [
                    0.9760479927062988,
                    0.02892890013754368,
                    0.2156234085559845
                ],
                [
                    -0.036031369119882584,
                    0.9989274144172668,
                    0.0290805883705616
                ],
                [
                    -0.21455088257789612,
                    -0.03615325316786766,
                    0.9760434627532959
                ]
            ],
            [
                [
                    0.9768866300582886,
                    0.08681610226631165,
                    -0.19533441960811615
                ],
                [
                    -0.05669979378581047,
                    0.9863165616989136,
                    0.1548057645559311
                ],
                [
                    0.2061012089252472,
                    -0.14015226066112518,
                    0.968441903591156
                ]
            ],
            [
                [
                    0.9997576475143433,
                    0.02197343483567238,
                    0.0013781789457425475
                ],
                [
                    -0.021925827488303185,
                    0.9993613362312317,
                    -0.028215317055583
                ],
                [
                    -0.001997286221012473,
                    0.0281782578676939,
                    0.9996009469032288
                ]
            ],
            [
                [
                    0.996004581451416,
                    -0.08551529794931412,
                    0.025729835033416748
                ],
                [
                    0.08374232053756714,
                    0.9944618344306946,
                    0.0635049119591713
                ],
                [
                    -0.031017981469631195,
                    -0.06109650805592537,
                    0.9976497888565063
                ]
            ],
            [
                [
                    0.9998852610588074,
                    -0.010636495426297188,
                    0.010785789228975773
                ],
                [
                    0.010204071179032326,
                    0.9991720914840698,
                    0.03938400745391846
                ],
                [
                    -0.011195766739547253,
                    -0.039269428700208664,
                    0.9991660118103027
                ]
            ],
            [
                [
                    0.9875967502593994,
                    -0.024998411536216736,
                    0.15500889718532562
                ],
                [
                    0.031866881996393204,
                    0.9986099600791931,
                    -0.04198446869850159
                ],
                [
                    -0.15374387800693512,
                    0.04640337452292442,
                    0.9870205521583557
                ]
            ],
            [
                [
                    0.9364914298057556,
                    0.08291351050138474,
                    -0.34074798226356506
                ],
                [
                    -0.050214316695928574,
                    0.9933401346206665,
                    0.10370137542486191
                ],
                [
                    0.3470768630504608,
                    -0.08000501990318298,
                    0.9344179630279541
                ]
            ],
            [
                [
                    0.8774500489234924,
                    -0.23027095198631287,
                    0.4207812249660492
                ],
                [
                    0.19455961883068085,
                    0.9726881384849548,
                    0.1265871375799179
                ],
                [
                    -0.4384382665157318,
                    -0.02920684404671192,
                    0.8982867002487183
                ]
            ],
            [
                [
                    0.9999364614486694,
                    0.011279404163360596,
                    9.250300354324281e-05
                ],
                [
                    -0.011213604360818863,
                    0.9949253797531128,
                    -0.09998895227909088
                ],
                [
                    -0.001219846773892641,
                    0.09998154640197754,
                    0.9949886202812195
                ]
            ],
            [
                [
                    0.8319713473320007,
                    0.45722702145576477,
                    -0.31427237391471863
                ],
                [
                    -0.4218664765357971,
                    0.8892300724983215,
                    0.1769140213727951
                ],
                [
                    0.3603503108024597,
                    -0.0146064143627882,
                    0.9327027201652527
                ]
            ],
            [
                [
                    0.46329644322395325,
                    -0.7501004934310913,
                    0.47191712260246277
                ],
                [
                    0.740252673625946,
                    0.6203282475471497,
                    0.25926610827445984
                ],
                [
                    -0.4872191250324249,
                    0.22922082245349884,
                    0.8426597714424133
                ]
            ],
            [
                [
                    0.7905259132385254,
                    -0.11996810138225555,
                    -0.6005634069442749
                ],
                [
                    0.185297429561615,
                    0.9815172553062439,
                    0.04784124717116356
                ],
                [
                    0.5837238430976868,
                    -0.14910262823104858,
                    0.7981445789337158
                ]
            ],
            [
                [
                    0.7880629897117615,
                    0.15006400644779205,
                    0.5970239043235779
                ],
                [
                    -0.103379987180233,
                    0.9883208274841309,
                    -0.11195773631334305
                ],
                [
                    -0.6068519949913025,
                    0.026509419083595276,
                    0.7943726778030396
                ]
            ],
            [
                [
                    0.9878079295158386,
                    -0.15494666993618011,
                    0.01506576407700777
                ],
                [
                    0.15564969182014465,
                    0.9848220348358154,
                    -0.07680293917655945
                ],
                [
                    -0.0029367359820753336,
                    0.07821153849363327,
                    0.9969323873519897
                ]
            ],
            [
                [
                    0.9937518835067749,
                    0.11127917468547821,
                    0.00861608237028122
                ],
                [
                    -0.11149619519710541,
                    0.9932756423950195,
                    0.03117963671684265
                ],
                [
                    -0.0050884997472167015,
                    -0.03194547817111015,
                    0.9994767308235168
                ]
            ],
            [
                [
                    0.9866181015968323,
                    0.1392904669046402,
                    -0.08475162088871002
                ],
                [
                    -0.12493516504764557,
                    0.9798306822776794,
                    0.15595857799053192
                ],
                [
                    0.10476577281951904,
                    -0.14328311383724213,
                    0.9841209650039673
                ]
            ],
            [
                [
                    0.9847665429115295,
                    -0.1498958021402359,
                    0.08812510967254639
                ],
                [
                    0.1394146829843521,
                    0.9835312366485596,
                    0.11502143740653992
                ],
                [
                    -0.1039150208234787,
                    -0.10098334401845932,
                    0.9894463419914246
                ]
            ]
        ],
        "betas": [
            -0.2739262580871582,
            -0.4598090946674347,
            -0.005197674036026001,
            0.4964667558670044,
            0.23956570029258728,
            0.018770162016153336,
            0.048839062452316284,
            -0.09631535410881042,
            0.00947311520576477,
            -0.04000115394592285
        ]
    },
    "pred_cam_t": [
        0.24309323728084564,
        0.2775301933288574,
        24.9420108795166
    ],
    "focal_length": [
        5000.0,
        5000.0
    ],
    "pred_keypoints_3d": [
        [
            -0.34974193572998047,
            -0.6875174045562744,
            0.17131392657756805
        ],
        [
            -0.21028423309326172,
            -0.6754939556121826,
            0.03933701291680336
        ],
        [
            -0.05135161802172661,
            -0.6531755328178406,
            0.1572188138961792
        ],
        [
            0.006774157285690308,
            -0.4296630322933197,
            0.2481752336025238
        ],
        [
            -0.10692635923624039,
            -0.24976220726966858,
            0.3763691782951355
        ],
        [
            -0.3152090013027191,
            -0.5439085960388184,
            -0.047277066856622696
        ],
        [
            -0.4317067861557007,
            -0.31806251406669617,
            -0.04873890429735184
        ],
        [
            -0.5770968794822693,
            -0.1976328194141388,
            0.10423304885625839
        ],
        [
            -0.0019135470502078533,
            -0.22641785442829132,
            0.029609279707074165
        ],
        [
            0.07641852647066116,
            -0.15722410380840302,
            0.07261603325605392
        ],
        [
            0.10539214313030243,
            0.18366976082324982,
            0.2160719931125641
        ],
        [
            0.1033688634634018,
            0.47154343128204346,
            -0.041082531213760376
        ],
        [
            -0.03887688368558884,
            -0.12024757266044617,
            0.006001215428113937
        ],
        [
            -0.07140200585126877,
            0.22388899326324463,
            0.11657190322875977
        ],
        [
            0.024715356528759003,
            0.57215416431427,
            -0.018032774329185486
        ],
        [
            -0.33047932386398315,
            -0.7444627285003662,
            0.17802581191062927
        ],
        [
            -0.3761792778968811,
            -0.7266992330551147,
            0.13308152556419373
        ],
        [
            -0.24376429617404938,
            -0.7895014882087708,
            0.13674303889274597
        ],
        [
            -0.3479630947113037,
            -0.7509040236473083,
            0.03660617768764496
        ],
        [
            -0.03936340659856796,
            0.679171085357666,
            0.1368628442287445
        ],
        [
            -0.07737712562084198,
            0.6756662130355835,
            0.06256067752838135
        ],
        [
            0.047612935304641724,
            0.5889323353767395,
            -0.08169499039649963
        ],
        [
            0.08047546446323395,
            0.600499153137207,
            0.1056394875049591
        ],
        [
            0.1583482325077057,
            0.585698127746582,
            0.07037195563316345
        ],
        [
            0.11536374688148499,
            0.4829418659210205,
            -0.11049112677574158
        ],
        [
            0.1302729994058609,
            0.41871848702430725,
            -0.03252154588699341
        ],
        [
            0.10262936353683472,
            0.12733568251132965,
            0.20892615616321564
        ],
        [
            0.1285053789615631,
            -0.2943725287914276,
            0.08053606748580933
        ],
        [
            -0.11493618786334991,
            -0.20253871381282806,
            -0.06860975921154022
        ],
        [
            -0.08304300904273987,
            0.18737265467643738,
            0.1050485372543335
        ],
        [
            0.018374161794781685,
            0.5341653823852539,
            -0.03558811545372009
        ],
        [
            -0.12739619612693787,
            -0.2772001624107361,
            0.3653601109981537
        ],
        [
            -0.002972894813865423,
            -0.45664042234420776,
            0.274858295917511
        ],
        [
            -0.08561885356903076,
            -0.6686840653419495,
            0.13243933022022247
        ],
        [
            -0.3069603443145752,
            -0.579826295375824,
            -0.04506230726838112
        ],
        [
            -0.45887893438339233,
            -0.3565080165863037,
            -0.042216382920742035
        ],
        [
            -0.579266369342804,
            -0.21809692680835724,
            0.10495936870574951
        ],
        [
            -0.21357867121696472,
            -0.6685657501220703,
            0.04729195311665535
        ],
        [
            -0.33516812324523926,
            -0.8056805729866028,
            0.10556610673666
        ],
        [
            0.006549770012497902,
            -0.24793393909931183,
            0.0054892185144126415
        ],
        [
            -0.191876620054245,
            -0.621517539024353,
            0.04442179948091507
        ],
        [
            -0.08091308921575546,
            -0.47814640402793884,
            0.0009124409407377243
        ],
        [
            -0.2995885908603668,
            -0.6973347067832947,
            0.10787016153335571
        ],
        [
            -0.33694034814834595,
            -0.8270474076271057,
            0.10542085021734238
        ]
    ],
    "pred_vertices": [
        [
            -0.40767964720726013,
            -0.7638382315635681,
            0.13376305997371674
        ],
        [
            -0.3996357321739197,
            -0.750149130821228,
            0.1399800330400467
        ],
        [
            -0.4005965292453766,
            -0.7483130693435669,
            0.1257607638835907
        ],
        [
            -0.4054129123687744,
            -0.7600232362747192,
            0.11698396503925323
        ],
        [
            -0.396581768989563,
            -0.7386546730995178,
            0.13104301691055298
        ],
        [
            -0.3940746486186981,
            -0.7395034432411194,
            0.14289668202400208
        ],
        [
            -0.39677682518959045,
            -0.7459377646446228,
            0.11290014535188675
        ],
        [
            -0.39867594838142395,
            -0.7554868459701538,
            0.10280062258243561
        ],
        [
            -0.37697532773017883,
            -0.7188413143157959,
            0.09425973892211914
        ],
        [
            -0.3724866509437561,
            -0.7182713747024536,
            0.08408012986183167
        ],
        [
            -0.37918156385421753,
            -0.728003740310669,
            0.08779442310333252
        ],
        [
            -0.3809463083744049,
            -0.7264809608459473,
            0.09780579805374146
        ],
        [
            -0.361613392829895,
            -0.6983983516693115,
            0.08804429322481155
        ],
        [
            -0.357489675283432,
            -0.6884050965309143,
            0.09666663408279419
        ],
        [
            -0.349364310503006,
            -0.6845955848693848,
            0.08662791550159454
        ],
        [
            -0.35193514823913574,
            -0.6949176788330078,
            0.07801775634288788
        ],
        [
            -0.35509300231933594,
            -0.6985672116279602,
            0.13790424168109894
        ],
        [
            -0.3548813462257385,
            -0.6920124292373657,
            0.1322985291481018
        ],
        [
            -0.3604672849178314,
            -0.6968957185745239,
            0.13019613921642303
        ],
        [
            -0.3595271110534668,
            -0.7031707763671875,
            0.1359201818704605
        ],
        [
            -0.3567884564399719,
            -0.7067392468452454,
            0.1503783017396927
        ],
        [
            -0.35845768451690674,
            -0.7125552892684937,
            0.14816519618034363
        ],
        [
            -0.360029935836792,
            -0.7147747874259949,
            0.15572717785835266
        ],
        [
            -0.3591614365577698,
            -0.7076811790466309,
            0.1579442322254181
        ],
        [
            -0.348846435546875,
            -0.6955169439315796,
            0.1408674716949463
        ],
        [
            -0.348427951335907,
            -0.6889427900314331,
            0.1346798837184906
        ],
        [
            -0.35544463992118835,
            -0.7039616107940674,
            0.14310775697231293
        ],
        [
            -0.3530254364013672,
            -0.6999390125274658,
            0.14558333158493042
        ],
        [
            -0.3537961542606354,
            -0.6910979747772217,
            0.1539553552865982
        ],
        [
            -0.35645806789398193,
            -0.6952477097511292,
            0.15259502828121185
        ],
        [
            -0.3584247827529907,
            -0.6941025257110596,
            0.1599736362695694
        ],
        [
            -0.3543727397918701,
            -0.6900432109832764,
            0.1595017910003662
        ],
        [
            -0.35021668672561646,
            -0.6939066648483276,
            0.1453525274991989
        ],
        [
            -0.35362130403518677,
            -0.6950175166130066,
            0.14741399884223938
        ],
        [
            -0.3513273000717163,
            -0.6915625333786011,
            0.15018126368522644
        ],
        [
            -0.3474828600883484,
            -0.6914563179016113,
            0.14855793118476868
        ],
        [
            -0.3558550477027893,
            -0.7021993398666382,
            0.15213643014431
        ],
        [
            -0.35880109667778015,
            -0.7013700008392334,
            0.15937213599681854
        ],
        [
            -0.3608394265174866,
            -0.7004725337028503,
            0.16734522581100464
        ],
        [
            -0.35887405276298523,
            -0.691796600818634,
            0.16782668232917786
        ],
        [
            -0.3516666293144226,
            -0.6806333065032959,
            0.11791130900382996
        ],
        [
            -0.3542022109031677,
            -0.6859594583511353,
            0.12548579275608063
        ],
        [
            -0.34831422567367554,
            -0.6830666065216064,
            0.12842771410942078
        ],
        [
            -0.3471215069293976,
            -0.6783983111381531,
            0.12217333912849426
        ],
        [
            -0.3448399007320404,
            -0.689965546131134,
            0.1448216438293457
        ],
        [
            -0.3390806019306183,
            -0.6756615042686462,
            0.1397419571876526
        ],
        [
            -0.3413744568824768,
            -0.6786587238311768,
            0.1402813345193863
        ],
        [
            -0.3399798572063446,
            -0.6791818141937256,
            0.147449791431427
        ],
        [
            -0.3381823003292084,
            -0.6762399673461914,
            0.14635726809501648
        ],
        [
            -0.34287229180336,
            -0.6712898015975952,
            0.10579435527324677
        ],
        [
            -0.3410102128982544,
            -0.6696892976760864,
            0.11280201375484467
        ],
        [
            -0.3363063335418701,
            -0.6650175452232361,
            0.109551340341568
        ],
        [
            -0.33642956614494324,
            -0.6661586165428162,
            0.10196268558502197
        ],
        [
            -0.3311474323272705,
            -0.6610367894172668,
            0.10970726609230042
        ],
        [
            -0.3296038508415222,
            -0.6612854599952698,
            0.09961974620819092
        ],
        [
            -0.31574147939682007,
            -0.651808500289917,
            0.10389834642410278
        ],
        [
            -0.3222532570362091,
            -0.6558791399002075,
            0.10138930380344391
        ],
        [
            -0.32573017477989197,
            -0.6571531295776367,
            0.11192269623279572
        ],
        [
            -0.321096271276474,
            -0.6528359651565552,
            0.11702191829681396
        ],
        [
            -0.32024085521698,
            -0.6562247276306152,
            0.13211072981357574
        ],
        [
            -0.3172287046909332,
            -0.6553748846054077,
            0.13788051903247833
        ],
        [
            -0.3125198483467102,
            -0.645017147064209,
            0.1311124712228775
        ],
        [
            -0.31659144163131714,
            -0.6478251218795776,
            0.12443894147872925
        ],
        [
            -0.3335598409175873,
            -0.6725196838378906,
            0.13577735424041748
        ],
        [
            -0.33466166257858276,
            -0.6728701591491699,
            0.1310766637325287
        ],
        [
            -0.3369077146053314,
            -0.6729289293289185,
            0.1326783001422882
        ],
        [
            -0.33653905987739563,
            -0.6734521985054016,
            0.13801585137844086
        ],
        [
            -0.3359523117542267,
            -0.6725262999534607,
            0.12721291184425354
        ],
        [
            -0.33652758598327637,
            -0.6721885204315186,
            0.12549813091754913
        ],
        [
            -0.33773481845855713,
            -0.6727423667907715,
            0.12668241560459137
        ],
        [
            -0.3366255760192871,
            -0.673007607460022,
            0.12772968411445618
        ],
        [
            -0.3354475498199463,
            -0.6729539632797241,
            0.12949728965759277
        ],
        [
            -0.3339403569698334,
            -0.6714688539505005,
            0.13018441200256348
        ],
        [
            -0.33519247174263,
            -0.6718866229057312,
            0.1280662566423416
        ],
        [
            -0.3327268362045288,
            -0.6703803539276123,
            0.13449397683143616
        ],
        [
            -0.32764488458633423,
            -0.6681312322616577,
            0.14872406423091888
        ],
        [
            -0.3297192454338074,
            -0.6679693460464478,
            0.14488857984542847
        ],
        [
            -0.33052387833595276,
            -0.6724867820739746,
            0.1459845006465912
        ],
        [
            -0.32889533042907715,
            -0.6729680299758911,
            0.14932270348072052
        ],
        [
            -0.3384752869606018,
            -0.6742501258850098,
            0.1295814961194992
        ],
        [
            -0.3407811224460602,
            -0.6748478412628174,
            0.12754406034946442
        ],
        [
            -0.3415672183036804,
            -0.6765381693840027,
            0.13298511505126953
        ],
        [
            -0.33901721239089966,
            -0.674829363822937,
            0.13299310207366943
        ],
        [
            -0.34352266788482666,
            -0.6758550405502319,
            0.12567874789237976
        ],
        [
            -0.3395412862300873,
            -0.6734792590141296,
            0.12484480440616608
        ],
        [
            -0.3415142297744751,
            -0.6737573146820068,
            0.12247520685195923
        ],
        [
            -0.3351868987083435,
            -0.6709469556808472,
            0.12561167776584625
        ],
        [
            -0.3353421986103058,
            -0.6695228815078735,
            0.12240280210971832
        ],
        [
            -0.3376995623111725,
            -0.671036422252655,
            0.12309922277927399
        ],
        [
            -0.3324223458766937,
            -0.6672481298446655,
            0.12362654507160187
        ],
        [
            -0.3330676555633545,
            -0.6695724725723267,
            0.1277768760919571
        ],
        [
            -0.33127135038375854,
            -0.6676914691925049,
            0.13187530636787415
        ],
        [
            -0.3293566405773163,
            -0.6658527851104736,
            0.13726219534873962
        ],
        [
            -0.3267446756362915,
            -0.6626384258270264,
            0.13267043232917786
        ],
        [
            -0.32957565784454346,
            -0.6647144556045532,
            0.12734708189964294
        ],
        [
            -0.3444058299064636,
            -0.6798062324523926,
            0.13183817267417908
        ],
        [
            -0.33908766508102417,
            -0.6703894138336182,
            0.11865505576133728
        ],
        [
            -0.3446391522884369,
            -0.6748391389846802,
            0.11721821129322052
        ],
        [
            -0.3358592092990875,
            -0.6669812202453613,
            0.117207832634449
        ],
        [
            -0.3318835198879242,
            -0.6639653444290161,
            0.11778624355792999
        ],
        [
            -0.3277086019515991,
            -0.6609523296356201,
            0.12092429399490356
        ],
        [
            -0.32392656803131104,
            -0.6583516597747803,
            0.1263403296470642
        ],
        [
            -0.30289462208747864,
            -0.6425745487213135,
            0.12006253749132156
        ],
        [
            -0.3091862201690674,
            -0.6462118625640869,
            0.11264012008905411
        ],
        [
            -0.3872682452201843,
            -0.7349280714988708,
            0.14101874828338623
        ],
        [
            -0.39103931188583374,
            -0.7331979274749756,
            0.13298369944095612
        ],
        [
            -0.3846912980079651,
            -0.7288144826889038,
            0.12792187929153442
        ],
        [
            -0.3871307075023651,
            -0.7301197052001953,
            0.12667717039585114
        ],
        [
            -0.38606831431388855,
            -0.7313183546066284,
            0.13324278593063354
        ],
        [
            -0.3838621973991394,
            -0.7293773293495178,
            0.13258104026317596
        ],
        [
            -0.3811206519603729,
            -0.7270331382751465,
            0.1063670665025711
        ],
        [
            -0.38140830397605896,
            -0.7274199724197388,
            0.11330078542232513
        ],
        [
            -0.37872156500816345,
            -0.724846363067627,
            0.11144375056028366
        ],
        [
            -0.3784959614276886,
            -0.7212245464324951,
            0.103619784116745
        ],
        [
            -0.37373483180999756,
            -0.7171388268470764,
            0.12003568559885025
        ],
        [
            -0.37542563676834106,
            -0.7185916304588318,
            0.11507750302553177
        ],
        [
            -0.37799179553985596,
            -0.7238274812698364,
            0.12075231969356537
        ],
        [
            -0.37685272097587585,
            -0.7227126359939575,
            0.12438085675239563
        ],
        [
            -0.37523773312568665,
            -0.7223895788192749,
            0.12827068567276
        ],
        [
            -0.37320762872695923,
            -0.7227981090545654,
            0.13216081261634827
        ],
        [
            -0.37018638849258423,
            -0.7187513709068298,
            0.13045839965343475
        ],
        [
            -0.3719722628593445,
            -0.7175449132919312,
            0.12549622356891632
        ],
        [
            -0.3832191526889801,
            -0.7331846952438354,
            0.13885536789894104
        ],
        [
            -0.3778103291988373,
            -0.7344721555709839,
            0.14363446831703186
        ],
        [
            -0.37674587965011597,
            -0.7322134971618652,
            0.14158548414707184
        ],
        [
            -0.3813895583152771,
            -0.7307388782501221,
            0.13777054846286774
        ],
        [
            -0.3639717102050781,
            -0.7320370674133301,
            0.14409637451171875
        ],
        [
            -0.36663269996643066,
            -0.7331397533416748,
            0.14449149370193481
        ],
        [
            -0.3657013773918152,
            -0.7347780466079712,
            0.14798328280448914
        ],
        [
            -0.3623245656490326,
            -0.731715202331543,
            0.14714442193508148
        ],
        [
            -0.3622586727142334,
            -0.7286255359649658,
            0.14505726099014282
        ],
        [
            -0.36413413286209106,
            -0.7301361560821533,
            0.14320017397403717
        ],
        [
            -0.41276028752326965,
            -0.7839837670326233,
            0.1426946520805359
        ],
        [
            -0.40527892112731934,
            -0.7676368951797485,
            0.14969173073768616
        ],
        [
            -0.4129243791103363,
            -0.7800703048706055,
            0.12298110127449036
        ],
        [
            -0.40715551376342773,
            -0.7745434641838074,
            0.10597236454486847
        ],
        [
            -0.3999788463115692,
            -0.7658593654632568,
            0.09178681671619415
        ],
        [
            -0.34602993726730347,
            -0.6764397621154785,
            0.09650567919015884
        ],
        [
            -0.33877435326576233,
            -0.6717708110809326,
            0.08991584181785583
        ],
        [
            -0.34068483114242554,
            -0.6817469000816345,
            0.077350914478302
        ],
        [
            -0.33135414123535156,
            -0.6760667562484741,
            0.0737377181649208
        ],
        [
            -0.32969802618026733,
            -0.6656720042228699,
            0.0870828777551651
        ],
        [
            -0.30934885144233704,
            -0.6544987559318542,
            0.09186767041683197
        ],
        [
            -0.3197881281375885,
            -0.6593113541603088,
            0.08772502094507217
        ],
        [
            -0.3201381266117096,
            -0.6712509393692017,
            0.07176797091960907
        ],
        [
            -0.3234879970550537,
            -0.6867398023605347,
            0.05733473598957062
        ],
        [
            -0.33325904607772827,
            -0.688658595085144,
            0.06251509487628937
        ],
        [
            -0.32732027769088745,
            -0.7051112651824951,
            0.04879501461982727
        ],
        [
            -0.31060317158699036,
            -0.6863476634025574,
            0.05141110718250275
        ],
        [
            -0.32023608684539795,
            -0.709193229675293,
            0.04441973194479942
        ],
        [
            -0.2844265401363373,
            -0.6588337421417236,
            0.06077183410525322
        ],
        [
            -0.27825337648391724,
            -0.6516093611717224,
            0.055782120674848557
        ],
        [
            -0.28262460231781006,
            -0.6609736084938049,
            0.03965693339705467
        ],
        [
            -0.2890580892562866,
            -0.6682412624359131,
            0.04447879642248154
        ],
        [
            -0.3426755368709564,
            -0.6913794875144958,
            0.06846234202384949
        ],
        [
            -0.3821653127670288,
            -0.7403675317764282,
            0.08317651599645615
        ],
        [
            -0.38515666127204895,
            -0.7358109951019287,
            0.09382983297109604
        ],
        [
            -0.3742220401763916,
            -0.7307925224304199,
            0.0770137757062912
        ],
        [
            -0.4052354395389557,
            -0.798690140247345,
            0.07843652367591858
        ],
        [
            -0.40873563289642334,
            -0.7876241207122803,
            0.09305445849895477
        ],
        [
            -0.4011232554912567,
            -0.7763901352882385,
            0.08111466467380524
        ],
        [
            -0.3989393711090088,
            -0.7883267998695374,
            0.0685761496424675
        ],
        [
            -0.4105563163757324,
            -0.8300235271453857,
            0.1107647493481636
        ],
        [
            -0.4159449338912964,
            -0.8072888851165771,
            0.12737131118774414
        ],
        [
            -0.41316908597946167,
            -0.7990548610687256,
            0.11122476309537888
        ],
        [
            -0.4101436138153076,
            -0.8161761164665222,
            0.09635190665721893
        ],
        [
            -0.3939324617385864,
            -0.7951560020446777,
            0.057644620537757874
        ],
        [
            -0.385071337223053,
            -0.8052724599838257,
            0.04485436528921127
        ],
        [
            -0.3868117034435272,
            -0.8225390315055847,
            0.045999541878700256
        ],
        [
            -0.39852333068847656,
            -0.8127005696296692,
            0.06310780346393585
        ],
        [
            -0.38597536087036133,
            -0.845727801322937,
            0.054235249757766724
        ],
        [
            -0.3999546468257904,
            -0.8338093161582947,
            0.0745554119348526
        ],
        [
            -0.30582955479621887,
            -0.703137993812561,
            0.03695284575223923
        ],
        [
            -0.31527402997016907,
            -0.7203562259674072,
            0.03706401586532593
        ],
        [
            -0.2979908287525177,
            -0.6763810515403748,
            0.05056622996926308
        ],
        [
            -0.29740679264068604,
            -0.6895319819450378,
            0.035803426057100296
        ],
        [
            -0.3790903687477112,
            -0.8651250600814819,
            0.06632811576128006
        ],
        [
            -0.3970855176448822,
            -0.8522260189056396,
            0.08987542986869812
        ],
        [
            -0.33987265825271606,
            -0.814498782157898,
            0.014085456728935242
        ],
        [
            -0.35527339577674866,
            -0.8239933252334595,
            0.021676786243915558
        ],
        [
            -0.36090314388275146,
            -0.8042435646057129,
            0.02557450532913208
        ],
        [
            -0.34622254967689514,
            -0.7977030277252197,
            0.01828782632946968
        ],
        [
            -0.3298429548740387,
            -0.8322106599807739,
            0.013309642672538757
        ],
        [
            -0.3476300835609436,
