{
    "pred_cam": [
        1.179351806640625,
        0.06540101021528244,
        0.17457377910614014
    ],
    "pred_smpl_params": {
        "global_orient": [
            [
                [
                    0.9806559085845947,
                    0.186470627784729,
                    0.05952033773064613
                ],
                [
                    0.18123288452625275,
                    -0.9798624515533447,
                    0.08381067961454391
                ],
                [
                    0.07394997030496597,
                    -0.07140239328145981,
                    -0.9947025179862976
                ]
            ]
        ],
        "body_pose": [
            [
                [
                    0.9950059056282043,
                    0.06514742970466614,
                    -0.07562484592199326
                ],
                [
                    -0.03475396707653999,
                    0.9363449215888977,
                    0.34935706853866577
                ],
                [
                    0.09357065707445145,
                    -0.3449840545654297,
                    0.9339328408241272
                ]
            ],
            [
                [
                    0.9958111643791199,
                    0.08792760968208313,
                    0.025076953694224358
                ],
                [
                    -0.09120918065309525,
                    0.9360669255256653,
                    0.33979344367980957
                ],
                [
                    0.006403522100299597,
                    -0.3406573534011841,
                    0.9401656985282898
                ]
            ],
            [
                [
                    0.9974039793014526,
                    -0.024413540959358215,
                    0.06774438172578812
                ],
                [
                    0.04532092437148094,
                    0.9439018368721008,
                    -0.3271014392375946
                ],
                [
                    -0.055958341807127,
                    0.3293225169181824,
                    0.9425578713417053
                ]
            ],
            [
                [
                    0.9922571778297424,
                    -0.007882779464125633,
                    -0.12394937872886658
                ],
                [
                    -0.08257202059030533,
                    0.7036172747612,
                    -0.7057651877403259
                ],
                [
                    0.0927763432264328,
                    0.7105354070663452,
                    0.6975184082984924
                ]
            ],
            [
                [
                    0.9948804974555969,
                    -0.07150907814502716,
                    0.07140816748142242
                ],
                [
                    0.10100317001342773,
                    0.6803762316703796,
                    -0.7258694171905518
                ],
                [
                    0.0033218394964933395,
                    0.729365885257721,
                    0.6841157078742981
                ]
            ],
            [
                [
                    0.98236483335495,
                    -0.1540127694606781,
                    0.10601645708084106
                ],
                [
                    0.15615183115005493,
                    0.9876585006713867,
                    -0.012130269780755043
                ],
                [
                    -0.10283985733985901,
                    0.02847101166844368,
                    0.9942903518676758
                ]
            ],
            [
                [
                    0.9923572540283203,
                    -0.01813850924372673,
                    0.12205715477466583
                ],
                [
                    -0.0020453352481126785,
                    0.9865838885307312,
                    0.16324231028556824
                ],
                [
                    -0.12338060140609741,
                    -0.16224434971809387,
                    0.9790065884590149
                ]
            ],
            [
                [
                    0.9853976964950562,
                    -0.11408498883247375,
                    -0.1263962686061859
                ],
                [
                    0.10964624583721161,
                    0.9931014776229858,
                    -0.041558269411325455
                ],
                [
                    0.1302655041217804,
                    0.027092544361948967,
                    0.9911088943481445
                ]
            ],
            [
                [
                    0.9917069673538208,
                    -0.1003522127866745,
                    0.08029131591320038
                ],
                [
                    0.10375522077083588,
                    0.9938226342201233,
                    -0.0393875353038311
                ],
                [
                    -0.07584270089864731,
                    0.047391537576913834,
                    0.99599289894104
                ]
            ],
            [
                [
                    0.992466151714325,
                    -0.11156047880649567,
                    0.05064789205789566
                ],
                [
                    0.10250057280063629,
                    0.9824932217597961,
                    0.15556561946868896
                ],
                [
                    -0.06711618602275848,
                    -0.1492021679878235,
                    0.9865262508392334
                ]
            ],
            [
                [
                    0.9832863211631775,
                    0.18158046901226044,
                    -0.01328784879297018
                ],
                [
                    -0.17734813690185547,
                    0.9717590808868408,
                    0.15566611289978027
                ],
                [
                    0.04117851331830025,
                    -0.15070778131484985,
                    0.9877203702926636
                ]
            ],
            [
                [
                    0.9064288139343262,
                    -0.058312688022851944,
                    -0.4183139503002167
                ],
                [
                    0.11152193695306778,
                    0.9883174896240234,
                    0.10388193279504776
                ],
                [
                    0.40736934542655945,
                    -0.1408127397298813,
                    0.9023426175117493
                ]
            ],
            [
                [
                    0.9413096904754639,
                    0.3110674321651459,
                    -0.13104605674743652
                ],
                [
                    -0.3126930296421051,
                    0.9498160481452942,
                    0.008514809422194958
                ],
                [
                    0.1271183341741562,
                    0.032962121069431305,
                    0.9913396835327148
                ]
            ],
            [
                [
                    0.7901462912559509,
                    -0.43208998441696167,
                    0.4347035586833954
                ],
                [
                    0.443811297416687,
                    0.892503023147583,
                    0.0804358497262001
                ],
                [
                    -0.4227297306060791,
                    0.12937025725841522,
                    0.8969743847846985
                ]
            ],
            [
                [
                    0.9143466353416443,
                    -0.11961998045444489,
                    -0.38686075806617737
                ],
                [
                    0.06547591090202332,
                    0.9864741563796997,
                    -0.1502719521522522
                ],
                [
                    0.3996036648750305,
                    0.11207059025764465,
                    0.9098115563392639
                ]
            ],
            [
                [
                    0.3300672471523285,
                    0.8439348340034485,
                    -0.4228824973106384
                ],
                [
                    -0.9229921698570251,
                    0.3824315369129181,
                    0.04279623180627823
                ],
                [
                    0.1978408247232437,
                    0.3761916160583496,
                    0.9051734209060669
                ]
            ],
            [
                [
                    0.5330348014831543,
                    -0.7732454538345337,
                    0.34346088767051697
                ],
                [
                    0.783681333065033,
                    0.6042236685752869,
                    0.14407385885715485
                ],
                [
                    -0.3189316391944885,
                    0.1923675239086151,
                    0.9280502796173096
                ]
            ],
            [
                [
                    -0.07184883952140808,
                    -0.4411943256855011,
                    -0.8945307731628418
                ],
                [
                    0.15406008064746857,
                    0.881176769733429,
                    -0.44698208570480347
                ],
                [
                    0.9854457378387451,
                    -0.16992661356925964,
                    0.004658903926610947
                ]
            ],
            [
                [
                    0.9332526326179504,
                    0.11011728644371033,
                    0.3419263958930969
                ],
                [
                    -0.10317254811525345,
                    0.9939184188842773,
                    -0.03849226236343384
                ],
                [
                    -0.34408557415008545,
                    0.0006455843686126173,
                    0.9389380812644958
                ]
            ],
            [
                [
                    0.9872156381607056,
                    -0.14759336411952972,
                    -0.06017835810780525
                ],
                [
                    0.1565999537706375,
                    0.9684820175170898,
                    0.19369815289974213
                ],
                [
                    0.029693104326725006,
                    -0.2006457895040512,
                    0.9792137145996094
                ]
            ],
            [
                [
                    0.9897429943084717,
                    0.1404462307691574,
                    -0.026148615404963493
                ],
                [
                    -0.14251506328582764,
                    0.9833809733390808,
                    -0.1124778538942337
                ],
                [
                    0.00991696398705244,
                    0.11505072563886642,
                    0.9933101534843445
                ]
            ],
            [
                [
                    0.9681010246276855,
                    0.22154048085212708,
                    -0.11704806983470917
                ],
                [
                    -0.21088221669197083,
                    0.972700834274292,
                    0.09686003625392914
                ],
                [
                    0.13531115651130676,
                    -0.0690869390964508,
                    0.988391637802124
                ]
            ],
            [
                [
                    0.9821686744689941,
                    -0.18062470853328705,
                    0.052148666232824326
                ],
                [
                    0.16775256395339966,
                    0.9672181606292725,
                    0.19065158069133759
                ],
                [
                    -0.08487553149461746,
                    -0.17850393056869507,
                    0.9802716374397278
                ]
            ]
        ],
        "betas": [
            0.1403050720691681,
            0.19500690698623657,
            0.004065215587615967,
            0.629575788974762,
            -0.01010805368423462,
            -0.021978136152029037,
            -0.08782732486724854,
            0.031182467937469482,
            0.16352994740009308,
            -0.050782859325408936
        ]
    },
    "pred_cam_t": [
        0.06540101021528244,
        0.17457377910614014,
        33.12200927734375
    ],
    "focal_length": [
        5000.0,
        5000.0
    ],
    "pred_keypoints_3d": [
        [
            -0.06749336421489716,
            -0.7495111227035522,
            -0.29568877816200256
        ],
        [
            0.02295948937535286,
            -0.7089003920555115,
            -0.13102605938911438
        ],
        [
            -0.12792037427425385,
            -0.5619287490844727,
            -0.14048174023628235
        ],
        [
            -0.07961277663707733,
            -0.3160446286201477,
            -0.08922681212425232
        ],
        [
            0.012244939804077148,
            -0.08166903257369995,
            -0.1426275372505188
        ],
        [
            0.206175297498703,
            -0.6548919677734375,
            -0.061847735196352005
        ],
        [
            0.23249439895153046,
            -0.41656333208084106,
            0.045717548578977585
        ],
        [
            0.20179736614227295,
            -0.35611632466316223,
            -0.19682659208774567
        ],
        [
            -0.0024842312559485435,
            -0.23004993796348572,
            0.026124462485313416
        ],
        [
            -0.08356036990880966,
            -0.15377658605575562,
            0.032996922731399536
        ],
        [
            -0.21424195170402527,
            0.19417038559913635,
            -0.06978729367256165
        ],
        [
            -0.2774399518966675,
            0.5082538723945618,
            0.17225447297096252
        ],
        [
            0.04554978013038635,
            -0.12893331050872803,
            0.045070961117744446
        ],
        [
            -0.001509636640548706,
            0.23057463765144348,
            -0.059101492166519165
        ],
        [
            -0.07630427181720734,
            0.5495346784591675,
            0.1726476103067398
        ],
        [
            -0.0826934427022934,
            -0.8010653257369995,
            -0.26330116391181946
        ],
        [
            -0.03129558265209198,
            -0.7989276647567749,
            -0.3059599995613098
        ],
        [
            -0.05665723979473114,
            -0.8263436555862427,
            -0.1678934544324875
        ],
        [
            0.060485899448394775,
            -0.8208588361740112,
            -0.25894415378570557
        ],
        [
            -0.10724453628063202,
            0.6580621600151062,
            0.006504178047180176
        ],
        [
            -0.03784753382205963,
            0.6639361381530762,
            0.05356582999229431
        ],
        [
            -0.06909771263599396,
            0.5613980293273926,
            0.24058613181114197
        ],
        [
            -0.2966238856315613,
            0.6525170803070068,
            0.03268054127693176
        ],
        [
            -0.36446303129196167,
            0.6215052008628845,
            0.07991969585418701
        ],
        [
            -0.28158003091812134,
            0.5140672326087952,
            0.24545925855636597
        ],
        [
            -0.2880011200904846,
            0.4488951563835144,
            0.16822928190231323
        ],
        [
            -0.19510671496391296,
            0.13601118326187134,
            -0.06722286343574524
        ],
        [
            -0.1355263888835907,
            -0.2889389991760254,
            0.02887619286775589
        ],
        [
            0.1402255743741989,
            -0.22230634093284607,
            0.0617792010307312
        ],
        [
            0.015461016446352005,
            0.19267944991588593,
            -0.05660907179117203
        ],
        [
            -0.057239241898059845,
            0.5104035139083862,
            0.1772710382938385
        ],
        [
            0.025012334808707237,
            -0.11024594306945801,
            -0.1624436378479004
        ],
        [
            -0.09800522029399872,
            -0.322875440120697,
            -0.12385207414627075
        ],
        [
            -0.10363619029521942,
            -0.6094350218772888,
            -0.13622845709323883
        ],
        [
            0.17074869573116302,
            -0.6780098676681519,
            -0.07479529827833176
        ],
        [
            0.2648742198944092,
            -0.44212520122528076,
            0.014508605003356934
        ],
        [
            0.20906218886375427,
            -0.37718597054481506,
            -0.1870640218257904
        ],
        [
            0.02945946343243122,
            -0.6928408741950989,
            -0.13807854056358337
        ],
        [
            -0.017636418342590332,
            -0.8661563992500305,
            -0.24422796070575714
        ],
        [
            0.002551283221691847,
            -0.25608137249946594,
            0.04534038156270981
        ],
        [
            0.03273481875658035,
            -0.6409755349159241,
            -0.1068553477525711
        ],
        [
            0.03807222470641136,
            -0.4908943474292755,
            -0.010217582806944847
        ],
        [
            -0.011212758719921112,
            -0.7517237067222595,
            -0.23801806569099426
        ],
        [
            -0.021542593836784363,
            -0.8870965242385864,
            -0.24050398170948029
        ]
    ],
    "pred_vertices": [
        [
            -0.03125831484794617,
            -0.8409181237220764,
            -0.3285731077194214
        ],
        [
            -0.0367094948887825,
            -0.825639009475708,
            -0.32529857754707336
        ],
        [
            -0.02182454615831375,
            -0.825164794921875,
            -0.32503342628479004
        ],
        [
            -0.014104202389717102,
            -0.8384541273117065,
            -0.3243532180786133
        ],
        [
            -0.026809506118297577,
            -0.8149185180664062,
            -0.32327428460121155
        ],
        [
            -0.03923243284225464,
            -0.8143064975738525,
            -0.3222914934158325
        ],
        [
            -0.009117759764194489,
            -0.8232249021530151,
            -0.3196673095226288
        ],
        [
            -0.0007891356945037842,
            -0.8334157466888428,
            -0.3171670436859131
        ],
        [
            0.009127192199230194,
            -0.7944636344909668,
            -0.30272942781448364
        ],
        [
            0.0186723992228508,
            -0.7937017679214478,
            -0.29644423723220825
        ],
        [
            0.015665896236896515,
            -0.804105281829834,
            -0.3023548126220703
        ],
        [
            0.006082497537136078,
            -0.8024992942810059,
            -0.30616477131843567
        ],
        [
            0.016268886625766754,
            -0.7718038558959961,
            -0.29084715247154236
        ],
        [
            0.008283771574497223,
            -0.7602662444114685,
            -0.29047393798828125
        ],
        [
            0.01805533468723297,
            -0.755387544631958,
            -0.2816945016384125
        ],
        [
            0.02550949901342392,
            -0.7668037414550781,
            -0.2809412181377411
        ],
        [
            -0.0353335365653038,
            -0.7655289173126221,
            -0.2925868034362793
        ],
        [
            -0.028578326106071472,
            -0.7594457864761353,
            -0.2934020161628723
        ],
        [
            -0.026563599705696106,
            -0.7659591436386108,
            -0.297067791223526
        ],
        [
            -0.03343468904495239,
            -0.771321177482605,
            -0.2954957187175751
        ],
        [
            -0.04834026098251343,
            -0.7727156281471252,
            -0.29446402192115784
        ],
        [
            -0.046677954494953156,
            -0.7790791988372803,
            -0.2943268120288849
        ],
        [
            -0.054304152727127075,
            -0.780886173248291,
            -0.2963239252567291
        ],
        [
            -0.05569165199995041,
            -0.7734050750732422,
            -0.2976508140563965
        ],
        [
            -0.03859390318393707,
            -0.7606488466262817,
            -0.287832111120224
        ],
        [
            -0.031133383512496948,
            -0.7544076442718506,
            -0.28863632678985596
        ],
        [
            -0.04131019115447998,
            -0.770461916923523,
            -0.29251790046691895
        ],
        [
            -0.043116986751556396,
            -0.7655614614486694,
            -0.291761189699173
        ],
        [
            -0.05023575574159622,
            -0.7560598850250244,
            -0.2958228588104248
        ],
        [
            -0.049160778522491455,
            -0.7609313726425171,
            -0.2970489263534546
        ],
        [
            -0.056214869022369385,
            -0.759520411491394,
            -0.3003612756729126
        ],
        [
            -0.05566013604402542,
            -0.7547105550765991,
            -0.2974522113800049
        ],
        [
            -0.04251992702484131,
            -0.7589001655578613,
            -0.2903176248073578
        ],
        [
            -0.044385164976119995,
            -0.7605709433555603,
            -0.29357555508613586
        ],
        [
            -0.04685966670513153,
            -0.7562898397445679,
            -0.2927733063697815
        ],
        [
            -0.04556705802679062,
            -0.7554800510406494,
            -0.28900864720344543
        ],
        [
            -0.04973255842924118,
            -0.7677356600761414,
            -0.2948232591152191
        ],
        [
            -0.056500256061553955,
            -0.7668948173522949,
            -0.29883962869644165
        ],
        [
            -0.06406012922525406,
            -0.7656395435333252,
            -0.30232560634613037
        ],
        [
            -0.06335163861513138,
            -0.7566057443618774,
            -0.30293571949005127
        ],
        [
            -0.012291118502616882,
            -0.7489138841629028,
            -0.2904784679412842
        ],
        [
            -0.020760729908943176,
            -0.7539396286010742,
            -0.29297471046447754
        ],
        [
            -0.02380853146314621,
            -0.7491641044616699,
            -0.28880247473716736
        ],
        [
            -0.016797952353954315,
            -0.7450276613235474,
            -0.2875595688819885
        ],
        [
            -0.04162503778934479,
            -0.7536382675170898,
            -0.28623872995376587
        ],
        [
            -0.03449875861406326,
            -0.7386058568954468,
            -0.28349509835243225
        ],
        [
            -0.03544538468122482,
            -0.7419841289520264,
            -0.2853177785873413
        ],
        [
            -0.042823366820812225,
            -0.7414367198944092,
            -0.28491681814193726
        ],
        [
            -0.04132354259490967,
            -0.7382987141609192,
            -0.2835691571235657
        ],
        [
            0.0003932639956474304,
            -0.7387346029281616,
            -0.28174617886543274
        ],
        [
            -0.006645463407039642,
            -0.7359689474105835,
            -0.28189998865127563
        ],
        [
            -0.0028473064303398132,
            -0.7305283546447754,
            -0.27771157026290894
        ],
        [
            0.004934132099151611,
            -0.7324802279472351,
            -0.275844931602478
        ],
        [
            -0.0020320266485214233,
            -0.7253378629684448,
            -0.27389055490493774
        ],
        [
            0.008302532136440277,
            -0.726283073425293,
            -0.27006039023399353
        ],
        [
            0.004755109548568726,
            -0.7131762504577637,
            -0.260379821062088
        ],
        [
            0.007085300981998444,
            -0.719170331954956,
            -0.2646560072898865
        ],
        [
            -0.003891289234161377,
            -0.7198068499565125,
            -0.27030935883522034
        ],
        [
            -0.008756428956985474,
            -0.7140399813652039,
            -0.2680684030056
        ],
        [
            -0.025455281138420105,
            -0.715582013130188,
            -0.2687002718448639
        ],
        [
            -0.03159835934638977,
            -0.7133919596672058,
            -0.26706600189208984
        ],
        [
            -0.023162871599197388,
            -0.7028453946113586,
            -0.26434004306793213
        ],
        [
            -0.016077376902103424,
            -0.7073250412940979,
            -0.2663201093673706
        ],
        [
            -0.03087621182203293,
            -0.7347850799560547,
            -0.2780471742153168
        ],
        [
            -0.02611030638217926,
            -0.735849142074585,
            -0.2782256603240967
        ],
        [
            -0.02760312706232071,
            -0.7363715171813965,
            -0.28051769733428955
        ],
        [
            -0.033089153468608856,
            -0.7361782789230347,
            -0.2809598743915558
        ],
        [
            -0.022066935896873474,
            -0.7361472845077515,
            -0.27883267402648926
        ],
        [
            -0.02026303857564926,
            -0.7361854314804077,
            -0.279108464717865
        ],
        [
            -0.021516993641853333,
            -0.7369720935821533,
            -0.2803000807762146
        ],
        [
            -0.022781014442443848,
            -0.7367486953735352,
            -0.2793107032775879
        ],
        [
            -0.024605020880699158,
            -0.7362194061279297,
            -0.2785879969596863
        ],
        [
            -0.025099612772464752,
            -0.7342234253883362,
            -0.27774348855018616
        ],
        [
            -0.022776544094085693,
            -0.7352015376091003,
            -0.27850088477134705
        ],
        [
            -0.02935142070055008,
            -0.7324296236038208,
            -0.27754712104797363
        ],
        [
            -0.04335696995258331,
            -0.7276166677474976,
            -0.27568113803863525
        ],
        [
            -0.03956711292266846,
            -0.7284688949584961,
            -0.2768072783946991
        ],
        [
            -0.041463859379291534,
            -0.7329584956169128,
            -0.27671343088150024
        ],
        [
            -0.04471082240343094,
            -0.7325501441955566,
            -0.2758999466896057
        ],
        [
            -0.02428610622882843,
            -0.7382546663284302,
            -0.28123828768730164
        ],
        [
            -0.02246774733066559,
            -0.7396144866943359,
            -0.28301647305488586
        ],
        [
            -0.02815486490726471,
            -0.7407957315444946,
            -0.2844451665878296
        ],
        [
            -0.028066344559192657,
            -0.7386280298233032,
            -0.2822454571723938
        ],
        [
            -0.020559974014759064,
            -0.7413939237594604,
            -0.28506726026535034
        ],
        [
            -0.019590966403484344,
            -0.7382546663284302,
            -0.2815871238708496
        ],
        [
            -0.01660902053117752,
            -0.739175021648407,
            -0.2832155227661133
        ],
        [
            -0.02017669379711151,
            -0.7344463467597961,
            -0.2782960534095764
        ],
        [
            -0.016706272959709167,
            -0.7332829236984253,
            -0.27827486395835876
        ],
        [
            -0.017564915120601654,
            -0.735457181930542,
            -0.280131459236145
        ],
        [
            -0.017650291323661804,
            -0.7301840782165527,
            -0.27629733085632324
        ],
        [
            -0.02224472165107727,
            -0.7323019504547119,
            -0.2771099805831909
        ],
        [
            -0.026215851306915283,
            -0.729647159576416,
            -0.2764354348182678
        ],
        [
            -0.03152516484260559,
            -0.7269395589828491,
            -0.27578580379486084
        ],
        [
            -0.026521585881710052,
            -0.7235334515571594,
            -0.2733069658279419
        ],
        [
            -0.021222583949565887,
            -0.7267113924026489,
            -0.27475830912590027
        ],
        [
            -0.02678970992565155,
            -0.7447411417961121,
            -0.2863900065422058
        ],
        [
            -0.012860037386417389,
            -0.7354246377944946,
            -0.28102704882621765
        ],
        [
            -0.011518299579620361,
            -0.741504430770874,
            -0.2850479483604431
        ],
        [
            -0.010996893048286438,
            -0.7313722372055054,
            -0.278499960899353
        ],
        [
            -0.011155419051647186,
            -0.7273041009902954,
            -0.2755439281463623
        ],
        [
            -0.013801619410514832,
            -0.7231200933456421,
            -0.2729960083961487
        ],
        [
            -0.01949165016412735,
            -0.7191426157951355,
            -0.27059680223464966
        ],
        [
            -0.012171119451522827,
            -0.6994005441665649,
            -0.25427672266960144
        ],
        [
            -0.0039859339594841,
            -0.7051578760147095,
            -0.257549911737442
        ],
        [
            -0.03795400261878967,
            -0.8084297776222229,
            -0.3161959946155548
        ],
        [
            -0.029163330793380737,
            -0.8086186647415161,
            -0.31895712018013
        ],
        [
            -0.02447447180747986,
            -0.803457498550415,
            -0.3129532039165497
        ],
        [
            -0.023625679314136505,
            -0.8055143356323242,
            -0.31467878818511963
        ],
        [
            -0.02988865226507187,
            -0.8056372404098511,
            -0.31462281942367554
        ],
        [
            -0.02931811660528183,
            -0.8033179640769958,
            -0.31283700466156006
        ],
        [
            -0.0031436607241630554,
            -0.8024032115936279,
            -0.30723950266838074
        ],
        [
            -0.0101432204246521,
            -0.8023465871810913,
            -0.3084016740322113
        ],
        [
            -0.008117198944091797,
            -0.7994292378425598,
            -0.3063011169433594
        ],
        [
            8.723139762878418e-05,
            -0.7964985370635986,
            -0.30543187260627747
        ],
        [
            -0.016645774245262146,
            -0.7898732423782349,
            -0.3043518662452698
        ],
        [
            -0.01147516816854477,
            -0.7922331094741821,
            -0.304990291595459
        ],
        [
            -0.01772446185350418,
            -0.7974460124969482,
            -0.3068957030773163
        ],
        [
            -0.021474063396453857,
            -0.7956879138946533,
            -0.30652910470962524
        ],
        [
            -0.025675371289253235,
            -0.7945550680160522,
            -0.30582499504089355
        ],
        [
            -0.029824256896972656,
            -0.7941325902938843,
            -0.3043205440044403
        ],
        [
            -0.028203949332237244,
            -0.7895144820213318,
            -0.3020660877227783
        ],
        [
            -0.022689901292324066,
            -0.7891874313354492,
            -0.30338144302368164
        ],
        [
            -0.036221928894519806,
            -0.8064498901367188,
            -0.3119448125362396
        ],
        [
            -0.04177384823560715,
            -0.8060196042060852,
            -0.307415634393692
        ],
        [
            -0.03965483605861664,
            -0.8035773038864136,
            -0.30655616521835327
        ],
        [
            -0.03509282320737839,
            -0.8037139177322388,
            -0.3106836676597595
        ],
        [
            -0.04384958744049072,
            -0.8001024723052979,
            -0.2943054139614105
        ],
        [
            -0.04392365366220474,
            -0.8018914461135864,
            -0.29678085446357727
        ],
        [
            -0.047822847962379456,
            -0.8028514385223389,
            -0.295964777469635
        ],
        [
            -0.0471826046705246,
            -0.7989621162414551,
            -0.2931314706802368
        ],
        [
            -0.04469996690750122,
            -0.7961148619651794,
            -0.29354819655418396
        ],
        [
            -0.04265391081571579,
            -0.7983309626579285,
            -0.2947607636451721
        ],
        [
            -0.04258587956428528,
            -0.8616867065429688,
            -0.32920265197753906
        ],
        [
            -0.04733499884605408,
            -0.8425321578979492,
            -0.32764121890068054
        ],
        [
            -0.021496593952178955,
            -0.8594439029693604,
            -0.3267950415611267
        ],
        [
            -0.005394011735916138,
            -0.8536554574966431,
            -0.3208409547805786
        ],
        [
            0.008725307881832123,
            -0.8449179530143738,
            -0.3134515881538391
        ],
        [
            0.0091366246342659,
            -0.7454270124435425,
            -0.28187692165374756
        ],
        [
            0.015956901013851166,
            -0.7396184206008911,
            -0.27447155117988586
        ],
        [
            0.027273453772068024,
            -0.7511030435562134,
            -0.2725597620010376
        ],
        [
            0.031317465007305145,
            -0.743625283241272,
            -0.2631829082965851
        ],
        [
            0.019767362624406815,
            -0.7318730354309082,
            -0.2663324475288391
        ],
        [
            0.015719305723905563,
            -0.7168706655502319,
            -0.24996423721313477
        ],
        [
            0.019831523299217224,
            -0.7239233255386353,
            -0.2577756643295288
        ],
        [
            0.033161476254463196,
            -0.7372579574584961,
            -0.25130462646484375
        ],
        [
            0.043837565928697586,
            -0.7546728849411011,
            -0.24828922748565674
        ],
        [
            0.040153101086616516,
            -0.7577608823776245,
            -0.26103702187538147
        ],
        [
            0.05034687742590904,
            -0.7738420963287354,
            -0.2462543547153473
        ],
        [
            0.04917674511671066,
            -0.7532179355621338,
            -0.23234498500823975
        ],
        [
            0.054335903376340866,
            -0.7762348651885986,
            -0.23704271018505096
        ],
        [
            0.04838982969522476,
            -0.7181426286697388,
            -0.2087951898574829
        ],
        [
            0.056149646639823914,
            -0.7102479934692383,
            -0.19820773601531982
        ],
        [
            0.06694784760475159,
            -0.7231197953224182,
            -0.19204849004745483
        ],
        [
            0.061429157853126526,
            -0.7304174900054932,
            -0.20433056354522705
        ],
        [
            0.03425067663192749,
            -0.7619247436523438,
            -0.271058589220047
        ],
        [
            0.01935858279466629,
            -0.8168736696243286,
            -0.30085521936416626
        ],
        [
            0.009105570614337921,
            -0.8124028444290161,
            -0.3071531653404236
        ],
        [
            0.025996573269367218,
            -0.8067213296890259,
            -0.295025497674942
        ],
        [
            0.01860889047384262,
            -0.8783622980117798,
            -0.3091510534286499
        ],
        [
            0.005742944777011871,
            -0.8674759864807129,
            -0.3181106448173523
        ],
        [
            0.018709711730480194,
            -0.8562847375869751,
            -0.3109036684036255
        ],
        [
            0.029702283442020416,
            -0.8681827783584595,
            -0.30458545684814453
        ],
        [
            -0.0166165828704834,
            -0.9066774845123291,
            -0.31112101674079895
        ],
        [
            -0.029506929218769073,
            -0.8857697248458862,
            -0.3229638338088989
        ],
        [
            -0.012902848422527313,
            -0.8777154684066772,
            -0.3209458589553833
        ],
        [
            -0.0007664859294891357,
            -0.8940638303756714,
            -0.3120528757572174
        ],
        [
            0.03758382052183151,
            -0.8744224309921265,
            -0.2961389124393463
        ],
        [
            0.04812176525592804,
            -0.8830300569534302,
            -0.2831168472766876
        ],
        [
            0.04481995105743408,
            -0.9010131359100342,
            -0.28209778666496277
        ],
        [
            0.0309080109000206,
            -0.8916944861412048,
            -0.297526478767395
        ],
        [
            0.034435831010341644,
            -0.9217753410339355,
            -0.2771407961845398
        ],
        [
            0.017235584557056427,
            -0.9116041660308838,
            -0.29621559381484985
        ],
        [
            0.061160314828157425,
            -0.7687640190124512,
            -0.21999117732048035
        ],
        [
            0.05956484004855156,
            -0.7860857248306274,
            -0.22828809916973114
        ],
        [
            0.05381591618061066,
            -0.7401174306869507,
            -0.21813324093818665
        ],
        [
            0.06414288282394409,
            -0.754152774810791,
            -0.20964714884757996
        ],
        [
            0.01895008236169815,
            -0.9389316439628601,
            -0.26829731464385986
        ],
        [
            -0.00037626922130584717,
            -0.9272706508636475,
            -0.29200148582458496
        ],
        [
            0.07221481949090958,
            -0.8828294277191162,
            -0.23263786733150482
        ],
        [
            0.06609620898962021,
            -0.8957253694534302,
            -0.24778404831886292
        ],
        [
            0.06457395851612091,
            -0.8773865699768066,
            -0.25751984119415283
        ],
        [
