{
    "pred_cam": [
        1.5626827478408813,
        0.24663735926151276,
        0.27564680576324463
    ],
    "pred_smpl_params": {
        "global_orient": [
            [
                [
                    -0.8467605113983154,
                    -0.2137981653213501,
                    -0.4871211051940918
                ],
                [
                    0.26787814497947693,
                    -0.9624830484390259,
                    -0.04321618378162384
                ],
                [
                    -0.4596062898635864,
                    -0.16708286106586456,
                    0.8722645044326782
                ]
            ]
        ],
        "body_pose": [
            [
                [
                    0.9915807843208313,
                    -0.09365285933017731,
                    -0.0894242376089096
                ],
                [
                    0.11622592806816101,
                    0.9481607675552368,
                    0.2957746088504791
                ],
                [
                    0.05708841606974602,
                    -0.30367785692214966,
                    0.9510628581047058
                ]
            ],
            [
                [
                    0.9888314008712769,
                    -0.08086961507797241,
                    -0.1251901090145111
                ],
                [
                    0.11520414799451828,
                    0.9476524591445923,
                    0.2977965772151947
                ],
                [
                    0.09455401450395584,
                    -0.3088930547237396,
                    0.9463850259780884
                ]
            ],
            [
                [
                    0.9935875535011292,
                    0.09909158200025558,
                    0.054448507726192474
                ],
                [
                    -0.06832285970449448,
                    0.9098981618881226,
                    -0.409166544675827
                ],
                [
                    -0.09008756279945374,
                    0.40282270312309265,
                    0.9108337163925171
                ]
            ],
            [
                [
                    0.9819230437278748,
                    -0.07595090568065643,
                    -0.17337428033351898
                ],
                [
                    -0.04702858254313469,
                    0.7893465757369995,
                    -0.6121441125869751
                ],
                [
                    0.18334528803825378,
                    0.6092318892478943,
                    0.7715057134628296
                ]
            ],
            [
                [
                    0.9380950331687927,
                    -0.34632420539855957,
                    -0.006096257362514734
                ],
                [
                    0.18860138952732086,
                    0.5254722237586975,
                    -0.8296434283256531
                ],
                [
                    0.2905290424823761,
                    0.7771347165107727,
                    0.5582600831985474
                ]
            ],
            [
                [
                    0.9987104535102844,
                    0.029862774536013603,
                    0.04105642810463905
                ],
                [
                    -0.02894553355872631,
                    0.9993219375610352,
                    -0.022756826132535934
                ],
                [
                    -0.041708171367645264,
                    0.021539080888032913,
                    0.9988976716995239
                ]
            ],
            [
                [
                    0.976222813129425,
                    0.028357433155179024,
                    0.21490666270256042
                ],
                [
                    -0.03602532669901848,
                    0.9988433122634888,
                    0.031846970319747925
                ],
                [
                    -0.21375498175621033,
                    -0.03883182629942894,
                    0.9761152267456055
                ]
            ],
            [
                [
                    0.9766196012496948,
                    0.08658889681100845,
                    -0.1967652142047882
                ],
                [
                    -0.05509871616959572,
                    0.9855417013168335,
                    0.16022388637065887
                ],
                [
                    0.2077939212322235,
                    -0.14563627541065216,
                    0.9672702550888062
                ]
            ],
            [
                [
                    0.9997938275337219,
                    0.020116718485951424,
                    0.002755542751401663
                ],
                [
                    -0.020028583705425262,
                    0.9993799924850464,
                    -0.028956057503819466
                ],
                [
                    -0.003336335066705942,
                    0.028894897550344467,
                    0.9995768666267395
                ]
            ],
            [
                [
                    0.9956714510917664,
                    -0.08988398313522339,
                    0.023650093004107475
                ],
                [
                    0.08822322636842728,
                    0.9940566420555115,
                    0.06378154456615448
                ],
                [
                    -0.029242470860481262,
                    -0.06141897290945053,
                    0.9976837038993835
                ]
            ],
            [
                [
                    0.9998705387115479,
                    -0.009873220697045326,
                    0.01270513515919447
                ],
                [
                    0.009356191381812096,
                    0.9991506934165955,
                    0.040129803121089935
                ],
                [
                    -0.013090554624795914,
                    -0.04000573605298996,
                    0.9991137385368347
                ]
            ],
            [
                [
                    0.9863551259040833,
                    -0.02174045518040657,
                    0.16318970918655396
                ],
                [
                    0.026250947266817093,
                    0.9993292689323425,
                    -0.025533998385071754
                ],
                [
                    -0.16252511739730835,
                    0.029469477012753487,
                    0.9862642288208008
                ]
            ],
            [
                [
                    0.936290442943573,
                    0.08416611701250076,
                    -0.34099307656288147
                ],
                [
                    -0.0515514500439167,
                    0.9932801723480225,
                    0.10361913591623306
                ],
                [
                    0.34742289781570435,
                    -0.07943891733884811,
                    0.9343376159667969
                ]
            ],
            [
                [
                    0.8782068490982056,
                    -0.24237461388111115,
                    0.41231948137283325
                ],
                [
                    0.20674030482769012,
                    0.969758927822113,
                    0.12971541285514832
                ],
                [
                    -0.4312902092933655,
                    -0.02867390587925911,
                    0.901757538318634
                ]
            ],
            [
                [
                    0.9998642802238464,
                    0.015311759896576405,
                    -0.006079529412090778
                ],
                [
                    -0.01583036407828331,
                    0.9951396584510803,
                    -0.09719309210777283
                ],
                [
                    0.00456178467720747,
                    0.09727614372968674,
                    0.9952470064163208
                ]
            ],
            [
                [
                    0.8383857011795044,
                    0.4475022852420807,
                    -0.31120896339416504
                ],
                [
                    -0.413855642080307,
                    0.894166111946106,
                    0.17085210978984833
                ],
                [
                    0.35472923517227173,
                    -0.014444383792579174,
                    0.9348574280738831
                ]
            ],
            [
                [
                    0.4766175448894501,
                    -0.7462955117225647,
                    0.46462738513946533
                ],
                [
                    0.732711672782898,
                    0.6292725205421448,
                    0.2591325044631958
                ],
                [
                    -0.485766738653183,
                    0.2169307917356491,
                    0.846741795539856
                ]
            ],
            [
                [
                    0.8060033321380615,
                    -0.10759381204843521,
                    -0.5820499658584595
                ],
                [
                    0.16775205731391907,
                    0.984545111656189,
                    0.05030113458633423
                ],
                [
                    0.567642331123352,
                    -0.13818296790122986,
                    0.8115957379341125
                ]
            ],
            [
                [
                    0.7880288362503052,
                    0.15930107235908508,
                    0.5946711897850037
                ],
                [
                    -0.12156865745782852,
                    0.9871876835823059,
                    -0.10335200279951096
                ],
                [
                    -0.6035161018371582,
                    0.009150986559689045,
                    0.7972983717918396
                ]
            ],
            [
                [
                    0.9885672926902771,
                    -0.15007010102272034,
                    0.014616998843848705
                ],
                [
                    0.15076909959316254,
                    0.985018789768219,
                    -0.08370580524206161
                ],
                [
                    -0.001836280687712133,
                    0.08495260775089264,
                    0.9963833093643188
                ]
            ],
            [
                [
                    0.993474006652832,
                    0.11384240537881851,
                    0.007024390622973442
                ],
                [
                    -0.11398912221193314,
                    0.9931356906890869,
                    0.026230862364172935
                ],
                [
                    -0.003989987540990114,
                    -0.02686038240790367,
                    0.9996312856674194
                ]
            ],
            [
                [
                    0.9872492551803589,
                    0.1340268850326538,
                    -0.08588173985481262
                ],
                [
                    -0.11953043192625046,
                    0.9804844260215759,
                    0.1560857594013214
                ],
                [
                    0.10512539744377136,
                    -0.1438300758600235,
                    0.9840028285980225
                ]
            ],
            [
                [
                    0.9855459332466125,
                    -0.14638683199882507,
                    0.08526530116796494
                ],
                [
                    0.13647232949733734,
                    0.9842497706413269,
                    0.11237233877182007
                ],
                [
                    -0.10037219524383545,
                    -0.09911173582077026,
                    0.9900010824203491
                ]
            ]
        ],
        "betas": [
            -0.28214818239212036,
            -0.4737076461315155,
            0.006847947835922241,
            0.5460037589073181,
            0.24687720835208893,
            0.01545921340584755,
            0.04491397738456726,
            -0.09441083669662476,
            0.00933818519115448,
            -0.04573214054107666
        ]
    },
    "pred_cam_t": [
        0.24663735926151276,
        0.27564680576324463,
        24.9970760345459
    ],
    "focal_length": [
        5000.0,
        5000.0
    ],
    "pred_keypoints_3d": [
        [
            -0.35119977593421936,
            -0.692806601524353,
            0.16713471710681915
        ],
        [
            -0.21051999926567078,
            -0.6763303279876709,
            0.036514025181531906
        ],
        [
            -0.04972786083817482,
            -0.6536691188812256,
            0.15336892008781433
        ],
        [
            0.00898740440607071,
            -0.43189865350723267,
            0.247258722782135
        ],
        [
            -0.10146105289459229,
            -0.2576722800731659,
            0.3851654529571533
        ],
        [
            -0.3162434697151184,
            -0.5441485047340393,
            -0.0487305223941803
        ],
        [
            -0.4353105425834656,
            -0.32002365589141846,
            -0.04963884502649307
        ],
        [
            -0.5796353220939636,
            -0.19560101628303528,
            0.10069385915994644
        ],
        [
            -0.0019396564457565546,
            -0.22687706351280212,
            0.02960747294127941
        ],
        [
            0.07674482464790344,
            -0.15834781527519226,
            0.07290370762348175
        ],
        [
            0.10680576413869858,
            0.17892634868621826,
            0.22295637428760529
        ],
        [
            0.10302792489528656,
            0.465382844209671,
            -0.03471480309963226
        ],
        [
            -0.03873706981539726,
            -0.12039244174957275,
            0.007441328838467598
        ],
        [
            -0.07357531785964966,
            0.21984803676605225,
            0.12688890099525452
        ],
        [
            0.019990764558315277,
            0.5710991621017456,
            0.0005043745040893555
        ],
        [
            -0.3313917815685272,
            -0.7497212886810303,
            0.1726098656654358
        ],
        [
            -0.3768864870071411,
            -0.7313293814659119,
            0.12769225239753723
        ],
        [
            -0.24378500878810883,
            -0.7928780317306519,
            0.1310272067785263
        ],
        [
            -0.34756308794021606,
            -0.7528401613235474,
            0.03086663782596588
        ],
        [
            -0.04382270202040672,
            0.6734163761138916,
            0.15853086113929749
        ],
        [
            -0.0823989063501358,
            0.6715595722198486,
            0.08434176445007324
        ],
        [
            0.04241785407066345,
            0.5896786451339722,
            -0.06285020709037781
        ],
        [
            0.0819273293018341,
            0.5939171314239502,
            0.11244958639144897
        ],
        [
            0.15944616496562958,
            0.5790574550628662,
            0.07632598280906677
        ],
        [
            0.11427662521600723,
            0.47679710388183594,
            -0.10414600372314453
        ],
        [
            0.12994371354579926,
            0.4126124680042267,
            -0.02630726248025894
        ],
        [
            0.10395948588848114,
            0.12311495840549469,
            0.21497200429439545
        ],
        [
            0.1287202537059784,
            -0.29569703340530396,
            0.07876566052436829
        ],
        [
            -0.11528350412845612,
            -0.20178619027137756,
            -0.0680730789899826
        ],
        [
            -0.08503100275993347,
            0.18366771936416626,
            0.11454775184392929
        ],
        [
            0.013790867291390896,
            0.5336018800735474,
            -0.017997875809669495
        ],
        [
            -0.12207290530204773,
            -0.2849085330963135,
            0.37409377098083496
        ],
        [
            0.0004435901064425707,
            -0.4597114622592926,
            0.27359306812286377
        ],
        [
            -0.08454054594039917,
            -0.6694331169128418,
            0.12884467840194702
        ],
        [
            -0.307991623878479,
            -0.580319881439209,
            -0.04702019691467285
        ],
        [
            -0.4621930718421936,
            -0.35844686627388,
            -0.04285597801208496
        ],
        [
            -0.5818942785263062,
            -0.21597254276275635,
            0.10195482522249222
        ],
        [
            -0.21333155035972595,
            -0.6693127155303955,
            0.044221602380275726
        ],
        [
            -0.3348294794559479,
            -0.8091573119163513,
            0.09863225370645523
        ],
        [
            0.0064773461781442165,
            -0.24821513891220093,
            0.004892066121101379
        ],
        [
            -0.19183695316314697,
            -0.6220923662185669,
            0.04166831448674202
        ],
        [
            -0.08176928758621216,
            -0.47792452573776245,
            -0.0008922438137233257
        ],
        [
            -0.3003140091896057,
            -0.7005425691604614,
            0.10380628705024719
        ],
        [
            -0.3363334834575653,
            -0.8305609226226807,
            0.09794384986162186
        ]
    ],
    "pred_vertices": [
        [
            -0.40790855884552,
            -0.7687076330184937,
            0.12720267474651337
        ],
        [
            -0.40010470151901245,
            -0.7551072239875793,
            0.13380977511405945
        ],
        [
            -0.4009454548358917,
            -0.7529198527336121,
            0.11963702738285065
        ],
        [
            -0.40557360649108887,
            -0.7644562721252441,
            0.11053846776485443
        ],
        [
            -0.39710476994514465,
            -0.7433582544326782,
            0.1251857876777649
        ],
        [
            -0.39469367265701294,
            -0.7444925308227539,
            0.1370309293270111
        ],
        [
            -0.397056519985199,
            -0.7501893043518066,
            0.10687104612588882
        ],
        [
            -0.3987668752670288,
            -0.7595162987709045,
            0.09651641547679901
        ],
        [
            -0.3774119019508362,
            -0.7224749326705933,
            0.08907925337553024
        ],
        [
            -0.372842401266098,
            -0.7216084003448486,
            0.07894378155469894
        ],
        [
            -0.379450261592865,
            -0.7315083146095276,
            0.08238471299409866
        ],
        [
            -0.3813138008117676,
            -0.7302349805831909,
            0.09240067005157471
        ],
        [
            -0.3622094988822937,
            -0.7017415761947632,
            0.08349022269248962
        ],
        [
            -0.3582688868045807,
            -0.6919355988502502,
            0.09239055961370468
        ],
        [
            -0.35011568665504456,
            -0.6877895593643188,
            0.08250904083251953
        ],
        [
            -0.3524973392486572,
            -0.6979235410690308,
            0.07362852990627289
        ],
        [
            -0.3561374247074127,
            -0.7030949592590332,
            0.13339439034461975
        ],
        [
            -0.3559333086013794,
            -0.6964017152786255,
            0.1279529482126236
        ],
        [
            -0.3614422082901001,
            -0.7012895345687866,
            0.12567710876464844
        ],
        [
            -0.36050403118133545,
            -0.7076918482780457,
            0.13125981390476227
        ],
        [
            -0.3578607141971588,
            -0.7115813493728638,
            0.1456584334373474
        ],
        [
            -0.35944652557373047,
            -0.7173547744750977,
            0.14328446984291077
        ],
        [
            -0.3610696792602539,
            -0.7197734117507935,
            0.15078012645244598
        ],
        [
            -0.36029887199401855,
            -0.71272873878479,
            0.15318353474140167
        ],
        [
            -0.3499571681022644,
            -0.7000478506088257,
            0.13649694621562958
        ],
        [
            -0.3495456278324127,
            -0.6933186054229736,
            0.1304696649312973
        ],
        [
            -0.3564906120300293,
            -0.7086194753646851,
            0.13846810162067413
        ],
        [
            -0.3541286587715149,
            -0.7046263217926025,
            0.1410687267780304
        ],
        [
            -0.35507330298423767,
            -0.6960071325302124,
            0.14966218173503876
        ],
        [
            -0.35768190026283264,
            -0.7001457214355469,
            0.14817401766777039
        ],
        [
            -0.3597317934036255,
            -0.6991949081420898,
            0.15556609630584717
        ],
        [
            -0.3557131886482239,
            -0.6950901746749878,
            0.15522779524326324
        ],
        [
            -0.35138845443725586,
            -0.6985599994659424,
            0.14101511240005493
        ],
        [
            -0.35480597615242004,
            -0.6997561454772949,
            0.14302027225494385
        ],
        [
            -0.3525718152523041,
            -0.6963526010513306,
            0.14589378237724304
        ],
        [
            -0.3487100899219513,
            -0.6961669921875,
            0.14430508017539978
        ],
        [
            -0.35700780153274536,
            -0.7070741653442383,
            0.14754262566566467
        ],
        [
            -0.36002790927886963,
            -0.7064502239227295,
            0.15477684140205383
        ],
        [
            -0.3621494174003601,
            -0.7057687044143677,
            0.16275960206985474
        ],
        [
            -0.36026477813720703,
            -0.69708251953125,
            0.1634710729122162
        ],
        [
            -0.35271403193473816,
            -0.6846269369125366,
            0.11387444287538528
        ],
        [
            -0.3552636504173279,
            -0.6901727914810181,
            0.12129248678684235
        ],
        [
            -0.3494376540184021,
            -0.6872848272323608,
            0.12436162680387497
        ],
        [
            -0.3482392430305481,
            -0.6824459433555603,
            0.11823281645774841
        ],
        [
            -0.3460395932197571,
            -0.6945515871047974,
            0.14062407612800598
        ],
        [
            -0.3403802514076233,
            -0.680036723613739,
            0.13594505190849304
        ],
        [
            -0.3426515460014343,
            -0.6830748319625854,
            0.13639359176158905
        ],
        [
            -0.34131482243537903,
            -0.6837593913078308,
            0.14356458187103271
        ],
        [
            -0.3395323157310486,
            -0.6807682514190674,
            0.14255782961845398
        ],
        [
            -0.34392020106315613,
            -0.6748913526535034,
            0.10205763578414917
        ],
        [
            -0.3421396315097809,
            -0.6734369993209839,
            0.1091243252158165
        ],
        [
            -0.3374616503715515,
            -0.6686314940452576,
            0.1060219556093216
        ],
        [
            -0.33750343322753906,
            -0.6695945262908936,
            0.09839822351932526
        ],
        [
            -0.33233359456062317,
            -0.6645953059196472,
            0.10630436986684799
        ],
        [
            -0.3307107388973236,
            -0.6645897030830383,
            0.09621916711330414
        ],
        [
            -0.31698447465896606,
            -0.6550904512405396,
            0.10082773864269257
        ],
        [
            -0.3234289288520813,
            -0.6591516733169556,
            0.09816993772983551
        ],
        [
            -0.32697758078575134,
            -0.6607013940811157,
            0.10865011066198349
        ],
        [
            -0.3224354386329651,
            -0.6564523577690125,
            0.11389173567295074
        ],
        [
            -0.3216964304447174,
            -0.6601993441581726,
            0.12893390655517578
        ],
        [
            -0.318743497133255,
            -0.659450113773346,
            0.13477060198783875
        ],
        [
            -0.3140813410282135,
            -0.6488844752311707,
            0.12827660143375397
        ],
        [
            -0.3180477023124695,
            -0.6515747308731079,
            0.12148131430149078
        ],
        [
            -0.3348630964756012,
            -0.676746129989624,
            0.13210086524486542
        ],
        [
            -0.3359224796295166,
            -0.6769911646842957,
            0.1273798644542694
        ],
        [
            -0.33818286657333374,
            -0.6771142482757568,
            0.12896385788917542
        ],
        [
            -0.33785414695739746,
            -0.677769124507904,
            0.13429385423660278
        ],
        [
            -0.3371884822845459,
            -0.676561713218689,
            0.1235121414065361
        ],
        [
            -0.3377542495727539,
            -0.6761875748634338,
            0.12180272489786148
        ],
        [
            -0.33896535634994507,
            -0.6767856478691101,
            0.12296425551176071
        ],
        [
            -0.3378722071647644,
            -0.6770606637001038,
            0.12401136755943298
        ],
        [
            -0.3367067575454712,
            -0.6770387887954712,
            0.1257893443107605
        ],
        [
            -0.3352168798446655,
            -0.6755536198616028,
            0.12652352452278137
        ],
        [
            -0.33644169569015503,
            -0.6759333610534668,
            0.12438606470823288
        ],
        [
            -0.33404868841171265,
            -0.6745609045028687,
            0.13087204098701477
        ],
        [
            -0.3290882110595703,
            -0.6726076602935791,
            0.14521297812461853
        ],
        [
            -0.3311408460140228,
            -0.672376275062561,
            0.1413605511188507
        ],
        [
            -0.33191442489624023,
            -0.6769317388534546,
            0.14234288036823273
        ],
        [
            -0.33029621839523315,
            -0.6774725914001465,
            0.14568564295768738
        ],
        [
            -0.33971551060676575,
            -0.6783640384674072,
            0.12581729888916016
        ],
        [
            -0.34199464321136475,
            -0.6789472699165344,
            0.12375166267156601
        ],
        [
            -0.3428095281124115,
            -0.6807812452316284,
            0.12914803624153137
        ],
        [
            -0.3402773141860962,
            -0.6790452599525452,
            0.12921757996082306
        ],
        [
            -0.3447079658508301,
            -0.6799416542053223,
            0.12183485180139542
        ],
        [
            -0.3407495617866516,
            -0.6774965524673462,
            0.1210954412817955
        ],
        [
            -0.3426820933818817,
            -0.677734911441803,
            0.11869832128286362
        ],
        [
            -0.3364262580871582,
            -0.6749330759048462,
            0.12195423245429993
        ],
        [
            -0.336568146944046,
            -0.6734333634376526,
            0.11878063529729843
        ],
        [
            -0.33891648054122925,
            -0.674992024898529,
            0.11942299455404282
        ],
        [
            -0.33368390798568726,
            -0.6711513996124268,
            0.12007772922515869
        ],
        [
            -0.33433297276496887,
            -0.6735888719558716,
            0.12416641414165497
        ],
        [
            -0.33258819580078125,
            -0.6717902421951294,
            0.12832611799240112
        ],
        [
            -0.3307355046272278,
            -0.6700644493103027,
            0.1337769478559494
        ],
        [
            -0.3281227946281433,
            -0.6667064428329468,
            0.12928004562854767
        ],
        [
            -0.33088821172714233,
            -0.6686806678771973,
            0.12388043105602264
        ],
        [
            -0.34559154510498047,
            -0.6840510368347168,
            0.12788979709148407
        ],
        [
            -0.3402685225009918,
            -0.6742563247680664,
            0.11497905850410461
        ],
        [
            -0.3457522988319397,
            -0.6787362694740295,
            0.11338277161121368
        ],
        [
            -0.3370651602745056,
            -0.6707713007926941,
            0.113639235496521
        ],
        [
            -0.3331280052661896,
            -0.6677218675613403,
            0.11431746184825897
        ],
        [
            -0.32899054884910583,
            -0.6647346019744873,
            0.11755992472171783
        ],
        [
            -0.32530200481414795,
            -0.6622306108474731,
            0.12307152152061462
        ],
        [
            -0.30437105894088745,
            -0.646125078201294,
            0.1173393726348877
        ],
        [
            -0.31054964661598206,
            -0.649641215801239,
            0.10976071655750275
        ],
        [
            -0.3879212439060211,
            -0.7398415207862854,
            0.13531607389450073
        ],
        [
            -0.3916434645652771,
            -0.7379379272460938,
            0.12730172276496887
        ],
        [
            -0.38531163334846497,
            -0.7333774566650391,
            0.12241180986166
        ],
        [
            -0.38773155212402344,
            -0.7346738576889038,
            0.12111522257328033
        ],
        [
            -0.3867019712924957,
            -0.7360253930091858,
            0.12765291333198547
        ],
        [
            -0.38451823592185974,
            -0.7340492010116577,
            0.1270635426044464
        ],
        [
            -0.3815772533416748,
            -0.7310056686401367,
            0.10093560814857483
        ],
        [
            -0.3819236159324646,
            -0.7315770983695984,
            0.10785602778196335
        ],
        [
            -0.3792405426502228,
            -0.7289327383041382,
            0.1060870885848999
        ],
        [
            -0.3789820373058319,
            -0.7251119613647461,
            0.09835808724164963
        ],
        [
            -0.37442317605018616,
            -0.7213829755783081,
            0.1149127334356308
        ],
        [
            -0.376045823097229,
            -0.7227293252944946,
            0.10990236699581146
        ],
        [
            -0.37862107157707214,
            -0.7281318306922913,
            0.11542637646198273
        ],
        [
            -0.3775262236595154,
            -0.7271008491516113,
            0.11909371614456177
        ],
        [
            -0.3759489953517914,
            -0.726859986782074,
            0.123004250228405
        ],
        [
            -0.37394076585769653,
            -0.7273508310317993,
            0.12690000236034393
        ],
        [
            -0.3709593713283539,
            -0.7232241630554199,
            0.12532567977905273
        ],
        [
            -0.3727126717567444,
            -0.7219092845916748,
            0.12037582695484161
        ],
        [
            -0.3838924765586853,
            -0.7380026578903198,
            0.1332392394542694
        ],
        [
            -0.3785122036933899,
            -0.7393615245819092,
            0.13803675770759583
        ],
        [
            -0.3774600625038147,
            -0.7370338439941406,
            0.13605189323425293
        ],
        [
            -0.38207924365997314,
            -0.7355104684829712,
            0.13223141431808472
        ],
        [
            -0.3647271394729614,
            -0.7367939949035645,
            0.1386878788471222
        ],
        [
            -0.3673743009567261,
            -0.7379353046417236,
            0.13902975618839264
        ],
        [
            -0.36645472049713135,
            -0.7396490573883057,
            0.14248861372470856
        ],
        [
            -0.36311042308807373,
            -0.736527681350708,
            0.1417582929134369
        ],
        [
            -0.363065242767334,
            -0.7333823442459106,
            0.13975320756435394
        ],
        [
            -0.3649088740348816,
            -0.7348693609237671,
            0.13784413039684296
        ],
        [
            -0.4128536581993103,
            -0.7891044616699219,
            0.1355934888124466
        ],
        [
            -0.40559470653533936,
            -0.7728904485702515,
            0.14304794371128082
        ],
        [
            -0.4128994345664978,
            -0.7847287654876709,
            0.1159786731004715
        ],
        [
            -0.40705737471580505,
            -0.7787530422210693,
            0.09915389865636826
        ],
        [
            -0.39987823367118835,
            -0.7696398496627808,
            0.0852532759308815
        ],
        [
            -0.34694844484329224,
            -0.6798458099365234,
            0.09261894226074219
        ],
        [
            -0.33968642354011536,
            -0.6749470233917236,
            0.08619562536478043
        ],
        [
            -0.34138309955596924,
            -0.6846340894699097,
            0.07338176667690277
        ],
        [
            -0.3320729732513428,
            -0.678796648979187,
            0.06997781246900558
        ],
        [
            -0.3306506872177124,
            -0.6686913967132568,
            0.08357908576726913
        ],
        [
            -0.3104335069656372,
            -0.6574910879135132,
            0.08878130465745926
        ],
        [
            -0.32080793380737305,
            -0.6622711420059204,
            0.08444810658693314
        ],
        [
            -0.32087987661361694,
            -0.6738542318344116,
            0.06819655001163483
        ],
        [
            -0.3239389657974243,
            -0.6890242099761963,
            0.05337507277727127
        ],
        [
            -0.33373165130615234,
            -0.6911153197288513,
            0.058427613228559494
        ],
        [
            -0.3275085389614105,
            -0.7072145938873291,
            0.044355712831020355
        ],
        [
            -0.31095194816589355,
            -0.6884523630142212,
            0.04756377637386322
        ],
        [
            -0.32031914591789246,
            -0.7111637592315674,
            0.039947062730789185
        ],
        [
            -0.2849920988082886,
            -0.660871148109436,
            0.057677533477544785
        ],
        [
            -0.2787739634513855,
            -0.6534034013748169,
            0.0528249517083168
        ],
        [
            -0.28304195404052734,
            -0.6624956727027893,
            0.03648553788661957
        ],
        [
            -0.28946787118911743,
            -0.6699749231338501,
            0.04114910960197449
        ],
        [
            -0.3431929349899292,
            -0.6940754652023315,
            0.06424276530742645
        ],
        [
            -0.3822822570800781,
            -0.7437750697135925,
            0.07744788378477097
        ],
        [
            -0.38540366291999817,
            -0.7394987344741821,
            0.08816856890916824
        ],
        [
            -0.3743727207183838,
            -0.7339763045310974,
            0.07157593220472336
        ],
        [
            -0.4046885371208191,
            -0.8021695613861084,
            0.07108614593744278
        ],
        [
            -0.40842369198799133,
            -0.7915124297142029,
            0.0859251618385315
        ],
        [
            -0.40083640813827515,
            -0.7799006700515747,
            0.07432186603546143
        ],
        [
            -0.39841288328170776,
            -0.7915111184120178,
            0.0615280345082283
        ],
        [
            -0.40996742248535156,
            -0.8343197703361511,
            0.10259529948234558
        ],
        [
            -0.41573017835617065,
            -0.8120496273040771,
            0.1196967214345932
        ],
        [
            -0.41287121176719666,
            -0.8034111261367798,
            0.1037769541144371
        ],
        [
            -0.40956804156303406,
            -0.8201166391372681,
            0.0885222777724266
        ],
        [
            -0.3932492434978485,
            -0.7980325222015381,
            0.05046717822551727
        ],
        [
            -0.38419175148010254,
            -0.8077514171600342,
            0.03750942274928093
        ],
        [
            -0.3858071565628052,
            -0.8250598311424255,
            0.03824075683951378
        ],
        [
            -0.3977385461330414,
            -0.8157232999801636,
            0.055461518466472626
        ],
        [
            -0.3848298192024231,
            -0.8484361171722412,
            0.04590916633605957
        ],
        [
            -0.39906254410743713,
            -0.8371208906173706,
            0.06639860570430756
        ],
        [
            -0.3058913052082062,
            -0.704843282699585,
            0.032710522413253784
        ],
        [
            -0.3151886463165283,
            -0.7220951318740845,
            0.03233169764280319
        ],
        [
            -0.29839494824409485,
            -0.6783698797225952,
            0.047039277851581573
        ],
        [
            -0.2975977063179016,
            -0.6911527514457703,
            0.03192635253071785
        ],
        [
            -0.3778647482395172,
            -0.8680762052536011,
            0.05758326128125191
        ],
        [
            -0.39614003896713257,
            -0.8558990359306335,
            0.08130058646202087
        ],
        [
            -0.33867770433425903,
            -0.8158590793609619,
            0.006880916655063629
        ],
        [
            -0.35405755043029785,
            -0.8256469964981079,
            0.014100935310125351
        ],
        [
            -0.35988426208496094,
            -0.8060535192489624,
            0.018440544605255127
        ],
        [
            -0.3452204167842865,
            -0.7992020845413208,
            0.011429797857999802
        ],
        [
            -0.328460693359375,
            -0.8334327936172485,
            0.005719006061553955
        ],
        [
