{
    "pred_cam": [
        1.5353374481201172,
        0.2699909210205078,
        0.3016585111618042
    ],
    "pred_smpl_params": {
        "global_orient": [
            [
                [
                    -0.8410261869430542,
                    -0.1753680408000946,
                    -0.5117822885513306
                ],
                [
                    0.25123846530914307,
                    -0.9644114375114441,
                    -0.08240067213773727
                ],
                [
                    -0.4791181981563568,
                    -0.19788052141666412,
                    0.8551544547080994
                ]
            ]
        ],
        "body_pose": [
            [
                [
                    0.992357611656189,
                    -0.112757109105587,
                    -0.05012107267975807
                ],
                [
                    0.12223521620035172,
                    0.9538412094116211,
                    0.2743089199066162
                ],
                [
                    0.01687726378440857,
                    -0.27833911776542664,
                    0.9603344798088074
                ]
            ],
            [
                [
                    0.9880774021148682,
                    -0.08545637130737305,
                    -0.12806327641010284
                ],
                [
                    0.11927072703838348,
                    0.9508583545684814,
                    0.285732239484787
                ],
                [
                    0.09735238552093506,
                    -0.29759979248046875,
                    0.9497141242027283
                ]
            ],
            [
                [
                    0.9950553774833679,
                    0.08858545124530792,
                    0.044915299862623215
                ],
                [
                    -0.06344058364629745,
                    0.9148279428482056,
                    -0.3988296091556549
                ],
                [
                    -0.07642027735710144,
                    0.3940081000328064,
                    0.9159243702888489
                ]
            ],
            [
                [
                    0.986261248588562,
                    -0.04881947860121727,
                    -0.1578146368265152
                ],
                [
                    -0.050568290054798126,
                    0.8202486038208008,
                    -0.5697675943374634
                ],
                [
                    0.15726299583911896,
                    0.5699200630187988,
                    0.8065106868743896
                ]
            ],
            [
                [
                    0.9388018846511841,
                    -0.3437260687351227,
                    -0.022437529638409615
                ],
                [
                    0.1868221014738083,
                    0.5628187656402588,
                    -0.8051910400390625
                ],
                [
                    0.2893933653831482,
                    0.751723051071167,
                    0.5925909280776978
                ]
            ],
            [
                [
                    0.9991617202758789,
                    0.025968721136450768,
                    0.031644463539123535
                ],
                [
                    -0.025381840765476227,
                    0.9995009303092957,
                    -0.018808633089065552
                ],
                [
                    -0.03211710602045059,
                    0.01798967272043228,
                    0.9993221759796143
                ]
            ],
            [
                [
                    0.9726481437683105,
                    0.03823603689670563,
                    0.22911450266838074
                ],
                [
                    -0.04652866721153259,
                    0.9984388947486877,
                    0.030900223180651665
                ],
                [
                    -0.22757534682750702,
                    -0.04071544483304024,
                    0.9729087948799133
                ]
            ],
            [
                [
                    0.9723969101905823,
                    0.0776730626821518,
                    -0.2200251817703247
                ],
                [
                    -0.04483891278505325,
                    0.9875963926315308,
                    0.15047554671764374
                ],
                [
                    0.22898395359516144,
                    -0.13645626604557037,
                    0.9638184309005737
                ]
            ],
            [
                [
                    0.9998462200164795,
                    0.014688391238451004,
                    -0.009583637118339539
                ],
                [
                    -0.014821596443653107,
                    0.9997923970222473,
                    -0.013979281298816204
                ],
                [
                    0.009376314468681812,
                    0.014119175262749195,
                    0.9998563528060913
                ]
            ],
            [
                [
                    0.9946286082267761,
                    -0.10267084091901779,
                    0.013141562230885029
                ],
                [
                    0.10193552076816559,
                    0.993636965751648,
                    0.04790474474430084
                ],
                [
                    -0.017976360395550728,
                    -0.04630783572793007,
                    0.9987655282020569
                ]
            ],
            [
                [
                    0.9996504187583923,
                    0.0009857722325250506,
                    0.02642108127474785
                ],
                [
                    -0.0018990003736689687,
                    0.999400794506073,
                    0.03456156700849533
                ],
                [
                    -0.026371179148554802,
                    -0.034599658101797104,
                    0.9990532994270325
                ]
            ],
            [
                [
                    0.9849240779876709,
                    -0.0406501479446888,
                    0.16814322769641876
                ],
                [
                    0.044680122286081314,
                    0.9987960457801819,
                    -0.020252494141459465
                ],
                [
                    -0.16711752116680145,
                    0.027459828183054924,
                    0.9855545163154602
                ]
            ],
            [
                [
                    0.9283859729766846,
                    0.06985555589199066,
                    -0.36499258875846863
                ],
                [
                    -0.04087401553988457,
                    0.9954091310501099,
                    0.08654423803091049
                ],
                [
                    0.36936256289482117,
                    -0.0654277577996254,
                    0.926979124546051
                ]
            ],
            [
                [
                    0.8730075359344482,
                    -0.22380733489990234,
                    0.43332207202911377
                ],
                [
                    0.17940302193164825,
                    0.9735614061355591,
                    0.1413959413766861
                ],
                [
                    -0.4535110592842102,
                    -0.04570046067237854,
                    0.8900781273841858
                ]
            ],
            [
                [
                    0.9997915625572205,
                    0.01862092688679695,
                    -0.008366615511476994
                ],
                [
                    -0.01935943402349949,
                    0.9948816299438477,
                    -0.09917592257261276
                ],
                [
                    0.006477042101323605,
                    0.09931723028421402,
                    0.9950347542762756
                ]
            ],
            [
                [
                    0.8795884847640991,
                    0.3793991506099701,
                    -0.28701964020729065
                ],
                [
                    -0.35037311911582947,
                    0.9247408509254456,
                    0.14863695204257965
                ],
                [
                    0.3218115568161011,
                    -0.030175378546118736,
                    0.9463226795196533
                ]
            ],
            [
                [
                    0.5052863955497742,
                    -0.7058994174003601,
                    0.4963786005973816
                ],
                [
                    0.6744884252548218,
                    0.6818591952323914,
                    0.2830786406993866
                ],
                [
                    -0.5382853150367737,
                    0.19176581501960754,
                    0.8206551671028137
                ]
            ],
            [
                [
                    0.8814500570297241,
                    -0.043795887380838394,
                    -0.47024211287498474
                ],
                [
                    0.09029606729745865,
                    0.992950975894928,
                    0.0767781063914299
                ],
                [
                    0.46356484293937683,
                    -0.11013709008693695,
                    0.8791912794113159
                ]
            ],
            [
                [
                    0.7513633370399475,
                    0.17341333627700806,
                    0.6366952657699585
                ],
                [
                    -0.150650754570961,
                    0.9844500422477722,
                    -0.09034662693738937
                ],
                [
                    -0.6424619555473328,
                    -0.028035495430231094,
                    0.7658045291900635
                ]
            ],
            [
                [
                    0.9925889372825623,
                    -0.12131296098232269,
                    0.0070847272872924805
                ],
                [
                    0.1213221326470375,
                    0.9859678149223328,
                    -0.11466697603464127
                ],
                [
                    0.006925273686647415,
                    0.11467672139406204,
                    0.9933786988258362
                ]
            ],
            [
                [
                    0.9929718375205994,
                    0.11709465831518173,
                    0.017199425026774406
                ],
                [
                    -0.11724164336919785,
                    0.9930728077888489,
                    0.00779781024903059
                ],
                [
                    -0.01616719923913479,
                    -0.009759494103491306,
                    0.9998217225074768
                ]
            ],
            [
                [
                    0.9893240928649902,
                    0.1175544410943985,
                    -0.0861329585313797
                ],
                [
                    -0.10297652333974838,
                    0.9821179509162903,
                    0.15760737657546997
                ],
                [
                    0.10312018543481827,
                    -0.14705508947372437,
                    0.9837383031845093
                ]
            ],
            [
                [
                    0.9876089692115784,
                    -0.13424117863178253,
                    0.08128849416971207
                ],
                [
                    0.12560825049877167,
                    0.9866816401481628,
                    0.10335371643304825
                ],
                [
                    -0.09408017992973328,
                    -0.09186255186796188,
                    0.9913174510002136
                ]
            ]
        ],
        "betas": [
            -0.25129520893096924,
            -0.43964269757270813,
            -0.019990891218185425,
            0.49189493060112,
            0.22546252608299255,
            0.013279948383569717,
            0.037447601556777954,
            -0.07688254117965698,
            0.007060930132865906,
            -0.02093556523323059
        ]
    },
    "pred_cam_t": [
        0.2699909210205078,
        0.3016585111618042,
        25.442289352416992
    ],
    "focal_length": [
        5000.0,
        5000.0
    ],
    "pred_keypoints_3d": [
        [
            -0.3261079788208008,
            -0.7201279401779175,
            0.14397424459457397
        ],
        [
            -0.1869722455739975,
            -0.6867334246635437,
            0.014855938032269478
        ],
        [
            -0.031051121652126312,
            -0.6622788310050964,
            0.13513833284378052
        ],
        [
            0.00032200664281845093,
            -0.45152395963668823,
            0.26329535245895386
        ],
        [
            -0.14510229229927063,
            -0.3193787932395935,
            0.41609427332878113
        ],
        [
            -0.30125051736831665,
            -0.5572700500488281,
            -0.061148952692747116
        ],
        [
            -0.45027369260787964,
            -0.35084760189056396,
            -0.05744319036602974
        ],
        [
            -0.6070241332054138,
            -0.21993060410022736,
            0.07508623600006104
        ],
        [
            -0.0019364473409950733,
            -0.22646233439445496,
            0.02952808141708374
        ],
        [
            0.07297054678201675,
            -0.15645402669906616,
            0.07692959159612656
        ],
        [
            0.0879153162240982,
            0.18074068427085876,
            0.23270326852798462
        ],
        [
            0.07722153514623642,
            0.48254552483558655,
            -0.009118542075157166
        ],
        [
            -0.041621144860982895,
            -0.12072556465864182,
            0.008891452103853226
        ],
        [
            -0.0920947939157486,
            0.22043168544769287,
            0.12432081997394562
        ],
        [
            0.0042517706751823425,
            0.5808802843093872,
            0.02375347912311554
        ],
        [
            -0.3020511269569397,
            -0.7756516933441162,
            0.14681915938854218
        ],
        [
            -0.3487415015697479,
            -0.7585408687591553,
            0.10264217853546143
        ],
        [
            -0.21147775650024414,
            -0.8101334571838379,
            0.10346297919750214
        ],
        [
            -0.31778988242149353,
            -0.7729004621505737,
            0.005014888942241669
        ],
        [
            -0.07853327691555023,
            0.6754314303398132,
            0.17859922349452972
        ],
        [
            -0.1092129573225975,
            0.6759722232818604,
            0.1005726307630539
        ],
        [
            0.0329003632068634,
            0.6032230257987976,
            -0.03606909513473511
        ],
        [
            0.051297083497047424,
            0.6040295362472534,
            0.1435178816318512
        ],
        [
            0.12967397272586823,
            0.5934091806411743,
            0.10749465227127075
        ],
        [
            0.08833669871091843,
            0.49761223793029785,
            -0.07801198959350586
        ],
        [
            0.10574236512184143,
            0.4300728440284729,
            -0.0031581795774400234
        ],
        [
            0.08747557550668716,
            0.1242622584104538,
            0.22336016595363617
        ],
        [
            0.12939399480819702,
            -0.2921321988105774,
            0.08117843419313431
        ],
        [
            -0.11269091069698334,
            -0.20307844877243042,
            -0.0707966685295105
        ],
        [
            -0.1020042896270752,
            0.18364369869232178,
            0.11075755208730698
        ],
        [
            0.0012263511307537556,
            0.5441796183586121,
            0.002992726396769285
        ],
        [
            -0.1606152504682541,
            -0.34678763151168823,
            0.39891862869262695
        ],
        [
            -0.0064008357003331184,
            -0.4835388958454132,
            0.2846168577671051
        ],
        [
            -0.06396038830280304,
            -0.6786061525344849,
            0.10961861908435822
        ],
        [
            -0.29117342829704285,
            -0.5939975380897522,
            -0.0627833679318428
        ],
        [
            -0.47222381830215454,
            -0.39105671644210815,
            -0.05063590034842491
        ],
        [
            -0.6081240177154541,
            -0.23983265459537506,
            0.07856632769107819
        ],
        [
            -0.19067874550819397,
            -0.6808485984802246,
            0.02300184778869152
        ],
        [
            -0.30094075202941895,
            -0.8313606977462769,
            0.07019427418708801
        ],
        [
            0.008055087178945541,
            -0.2470710724592209,
            0.004801107570528984
        ],
        [
            -0.17301036417484283,
            -0.6329299211502075,
            0.024013947695493698
        ],
        [
            -0.06991975754499435,
            -0.4792523682117462,
            -0.010838929563760757
        ],
        [
            -0.2745964527130127,
            -0.7209775447845459,
            0.0805363655090332
        ],
        [
            -0.3008193075656891,
            -0.8527895212173462,
            0.0684480294585228
        ]
    ],
    "pred_vertices": [
        [
            -0.3767701983451843,
            -0.7979050874710083,
            0.10013318061828613
        ],
        [
            -0.370197057723999,
            -0.7841147184371948,
            0.10743425786495209
        ],
        [
            -0.37108397483825684,
            -0.7813495397567749,
            0.09335415065288544
        ],
        [
            -0.3747482895851135,
            -0.7927153706550598,
            0.08376617729663849
        ],
        [
            -0.3681185841560364,
            -0.7717739343643188,
            0.09934970736503601
        ],
        [
            -0.3656063675880432,
            -0.7733559608459473,
            0.11117686331272125
        ],
        [
            -0.36738497018814087,
            -0.7777096033096313,
            0.08078284561634064
        ],
        [
            -0.36828649044036865,
            -0.7866106033325195,
            0.06998442113399506
        ],
        [
            -0.34982427954673767,
            -0.7478572726249695,
            0.06457000970840454
        ],
        [
            -0.3453333079814911,
            -0.7461682558059692,
            0.05449971929192543
        ],
        [
            -0.3511773347854614,
            -0.756690502166748,
            0.05738634243607521
        ],
        [
            -0.3531920909881592,
            -0.7559876441955566,
            0.06742167472839355
        ],
        [
            -0.33622297644615173,
            -0.7257634997367859,
            0.05999574065208435
        ],
        [
            -0.33298271894454956,
            -0.7162014245986938,
            0.06938530504703522
        ],
        [
            -0.3251540958881378,
            -0.7109670639038086,
            0.05972850322723389
        ],
        [
            -0.32677891850471497,
            -0.7208077311515808,
            0.050355616956949234
        ],
        [
            -0.3301635980606079,
            -0.7291045188903809,
            0.10978914797306061
        ],
        [
            -0.3304218649864197,
            -0.7221658825874329,
            0.10468223690986633
        ],
        [
            -0.33556386828422546,
            -0.727337121963501,
            0.1021396666765213
        ],
        [
            -0.3341943621635437,
            -0.7339168787002563,
            0.10741537809371948
        ],
        [
            -0.33135247230529785,
            -0.7382690906524658,
            0.12159863859415054
        ],
        [
            -0.3324923515319824,
            -0.7440208196640015,
            0.11893409490585327
        ],
        [
            -0.33396032452583313,
            -0.7469073534011841,
            0.12630006670951843
        ],
        [
            -0.3337085247039795,
            -0.7399529814720154,
            0.12905265390872955
        ],
        [
            -0.3242424726486206,
            -0.7257329225540161,
            0.11308853328227997
        ],
        [
            -0.32429468631744385,
            -0.7187106609344482,
            0.10740772634744644
        ],
        [
            -0.3301374316215515,
            -0.7348877191543579,
            0.114590585231781
        ],
        [
            -0.32814085483551025,
            -0.7308200597763062,
            0.11737905442714691
        ],
        [
            -0.3297019302845001,
            -0.7227320671081543,
            0.12638475000858307
        ],
        [
            -0.3320160508155823,
            -0.7269867658615112,
            0.12467990815639496
        ],
        [
            -0.33413323760032654,
            -0.7265410423278809,
            0.1320960521697998
        ],
        [
            -0.3304154872894287,
            -0.7221501469612122,
            0.131972998380661
        ],
        [
            -0.3258401155471802,
            -0.7245627641677856,
            0.11765703558921814
        ],
        [
            -0.32916656136512756,
            -0.7261142730712891,
            0.11957838386297226
        ],
        [
            -0.32718491554260254,
            -0.7226967811584473,
            0.12262658029794693
        ],
        [
            -0.3233369290828705,
            -0.7221431732177734,
            0.12107604742050171
        ],
        [
            -0.33084914088249207,
            -0.7337893843650818,
            0.12372192740440369
        ],
        [
            -0.3339032530784607,
            -0.733754575252533,
            0.13096222281455994
        ],
        [
            -0.33605560660362244,
            -0.7336198687553406,
            0.13895092904567719
        ],
        [
            -0.3348320722579956,
            -0.7248671054840088,
            0.1400892436504364
        ],
        [
            -0.3280383050441742,
            -0.709510326385498,
            0.09124378859996796
        ],
        [
            -0.33017635345458984,
            -0.7155922651290894,
            0.09837625920772552
        ],
        [
            -0.32462072372436523,
            -0.7124024629592896,
            0.10160195082426071
        ],
        [
            -0.323774516582489,
            -0.7071775197982788,
            0.09573449939489365
        ],
        [
            -0.3208012282848358,
            -0.7201530933380127,
            0.11749120056629181
        ],
        [
            -0.3162137269973755,
            -0.7050102949142456,
            0.11354197561740875
        ],
        [
            -0.3182631731033325,
            -0.7082350254058838,
            0.11382746696472168
        ],
        [
            -0.31688392162323,
            -0.7091735601425171,
            0.12095093727111816
        ],
        [
            -0.3153133988380432,
            -0.7060052156448364,
            0.12010203301906586
        ],
        [
            -0.31997042894363403,
            -0.6985650062561035,
            0.07993270456790924
        ],
        [
            -0.3183351755142212,
            -0.6972880363464355,
            0.08707860112190247
        ],
        [
            -0.31401702761650085,
            -0.6920011043548584,
            0.08422422409057617
        ],
        [
            -0.31396669149398804,
            -0.6926167011260986,
            0.07654668390750885
        ],
        [
            -0.3092001676559448,
            -0.6875803470611572,
            0.0847068578004837
        ],
        [
            -0.3075750172138214,
            -0.6869853734970093,
            0.07465484738349915
        ],
        [
            -0.2946280241012573,
            -0.6767454147338867,
            0.07980196177959442
        ],
        [
            -0.3007377088069916,
            -0.6811045408248901,
            0.07689597457647324
        ],
        [
            -0.3041607737541199,
            -0.6834126114845276,
            0.08726012706756592
        ],
        [
            -0.2999637722969055,
            -0.6790783405303955,
            0.09271086752414703
        ],
        [
            -0.298953115940094,
            -0.6835241317749023,
            0.10756926238536835
        ],
        [
            -0.2960728406906128,
            -0.6828219890594482,
            0.11344711482524872
        ],
        [
            -0.292167603969574,
            -0.6716704368591309,
            0.10745949298143387
        ],
        [
            -0.2959524393081665,
            -0.6742714643478394,
            0.10051685571670532
        ],
        [
            -0.31087160110473633,
            -0.7011582255363464,
            0.10990771651268005
        ],
        [
            -0.3119092583656311,
            -0.7012438774108887,
            0.10518933832645416
        ],
        [
            -0.3141651153564453,
            -0.7016165852546692,
            0.1067546084523201
        ],
        [
            -0.3137857913970947,
            -0.7025163173675537,
            0.11203645169734955
        ],
        [
            -0.3132098913192749,
            -0.7007080316543579,
            0.1013394445180893
        ],
        [
            -0.313807874917984,
            -0.7002881765365601,
            0.09964631497859955
        ],
        [
            -0.31497722864151,
            -0.7010345458984375,
            0.10077683627605438
        ],
        [
            -0.3138459026813507,
            -0.7012884616851807,
            0.10184066742658615
        ],
        [
            -0.31267935037612915,
            -0.7012653350830078,
            0.10361096262931824
        ],
        [
            -0.3112906813621521,
            -0.6997143030166626,
            0.10441812872886658
        ],
        [
            -0.3125028610229492,
            -0.7000692486763,
            0.10224307328462601
        ],
        [
            -0.31019318103790283,
            -0.698855996131897,
            0.10879957675933838
        ],
        [
            -0.30548280477523804,
            -0.6972042322158813,
            0.12318578362464905
        ],
        [
            -0.30748677253723145,
            -0.6969653367996216,
            0.11937771737575531
        ],
        [
            -0.30792927742004395,
            -0.7016246318817139,
            0.1201304942369461
        ],
        [
            -0.3063306212425232,
            -0.7021665573120117,
            0.12340722978115082
        ],
        [
            -0.31565147638320923,
            -0.7027883529663086,
            0.10355338454246521
        ],
        [
            -0.3178488612174988,
            -0.7034556865692139,
            0.10144922137260437
        ],
        [
            -0.31852981448173523,
            -0.7056280374526978,
            0.10673753917217255
        ],
        [
            -0.31612318754196167,
            -0.7037050724029541,
            0.10690522193908691
        ],
        [
            -0.320465087890625,
            -0.7045701742172241,
            0.09948493540287018
        ],
        [
            -0.3167041838169098,
            -0.7017825841903687,
            0.09886902570724487
        ],
        [
            -0.318658709526062,
            -0.7020224332809448,
            0.09643440693616867
        ],
        [
            -0.3125606179237366,
            -0.6989524960517883,
            0.09986194968223572
        ],
        [
            -0.3128085136413574,
            -0.6973147988319397,
            0.09675711393356323
        ],
        [
            -0.3150574862957001,
            -0.6990689635276794,
            0.09732132405042648
        ],
        [
            -0.3101043105125427,
            -0.6948810815811157,
            0.09817661345005035
        ],
        [
            -0.3105586767196655,
            -0.6975706815719604,
            0.1021389365196228
        ],
        [
            -0.3089582920074463,
            -0.6958496570587158,
            0.10637059807777405
        ],
        [
            -0.3072414994239807,
            -0.6942588686943054,
            0.11189953982830048
        ],
        [
            -0.30487674474716187,
            -0.69050133228302,
            0.10757796466350555
        ],
        [
            -0.3074878454208374,
            -0.6924108862876892,
            0.10208886116743088
        ],
        [
            -0.3211103081703186,
            -0.7090088129043579,
            0.10529598593711853
        ],
        [
            -0.31643664836883545,
            -0.6982383131980896,
            0.0929088145494461
        ],
        [
            -0.32156139612197876,
            -0.7030351161956787,
            0.09108100086450577
        ],
        [
            -0.3134816884994507,
            -0.694463849067688,
            0.09174126386642456
        ],
        [
            -0.3097778558731079,
            -0.6911584138870239,
            0.0925786942243576
        ],
        [
            -0.30589592456817627,
            -0.6879886388778687,
            0.09595198929309845
        ],
        [
            -0.3023897409439087,
            -0.68552565574646,
            0.10160611569881439
        ],
        [
            -0.28266701102256775,
            -0.6676976680755615,
            0.09671765565872192
        ],
        [
            -0.2886144816875458,
            -0.6712521314620972,
            0.08895666152238846
        ],
        [
            -0.35919249057769775,
            -0.7681658267974854,
            0.10975755751132965
        ],
        [
            -0.36306706070899963,
            -0.7661342024803162,
            0.10178565979003906
        ],
        [
            -0.3570669889450073,
            -0.7609022855758667,
            0.0971904993057251
        ],
        [
            -0.3593340516090393,
            -0.7623046636581421,
            0.09583817422389984
        ],
        [
            -0.35828453302383423,
            -0.7638909816741943,
            0.10227842628955841
        ],
        [
            -0.35621803998947144,
            -0.7617742419242859,
            0.10180456936359406
        ],
        [
            -0.3534270226955414,
            -0.7571989297866821,
            0.07591444253921509
        ],
        [
            -0.3537544012069702,
            -0.7581377029418945,
            0.08279174566268921
        ],
        [
            -0.3513053059577942,
            -0.7551974058151245,
            0.08115530014038086
        ],
        [
            -0.3512929081916809,
            -0.7510112524032593,
            0.07363773137331009
        ],
        [
            -0.3470906913280487,
            -0.747758150100708,
            0.09034804999828339
        ],
        [
            -0.3485949635505676,
            -0.7489622831344604,
            0.08527822047472
        ],
        [
            -0.35077300667762756,
            -0.7548204660415649,
            0.09053696691989899
        ],
        [
            -0.34975963830947876,
            -0.7539130449295044,
            0.09425200521945953
        ],
        [
            -0.34819918870925903,
            -0.7537493705749512,
            0.09815448522567749
        ],
        [
            -0.3462028205394745,
            -0.754270613193512,
            0.10201722383499146
        ],
        [
            -0.34352853894233704,
            -0.7498614192008972,
            0.1006646528840065
        ],
        [
            -0.3453556299209595,
            -0.7484415769577026,
            0.09578900039196014
        ],
        [
            -0.3553435206413269,
            -0.7659081816673279,
            0.10783911496400833
        ],
        [
            -0.349872887134552,
            -0.7671118974685669,
            0.11258281767368317
        ],
        [
            -0.3489859700202942,
            -0.7646232843399048,
            0.11069612205028534
        ],
        [
            -0.3536930978298187,
            -0.7632752656936646,
            0.10693185776472092
        ],
        [
            -0.3363410234451294,
            -0.7635576725006104,
            0.11339844763278961
        ],
        [
            -0.3388766050338745,
            -0.7649074792861938,
            0.1136687621474266
        ],
        [
            -0.3378293514251709,
            -0.7667227983474731,
            0.11705996096134186
        ],
        [
            -0.33476412296295166,
            -0.7633355855941772,
            0.1164904236793518
        ],
        [
            -0.33496594429016113,
            -0.7600877285003662,
            0.11463849246501923
        ],
        [
            -0.33667394518852234,
            -0.7616133093833923,
            0.11265221238136292
        ],
        [
            -0.38021183013916016,
            -0.8190577030181885,
            0.10757496953010559
        ],
        [
            -0.3742403984069824,
            -0.8028087615966797,
            0.11578423529863358
        ],
        [
            -0.3805390000343323,
            -0.8138073682785034,
            0.08816378563642502
        ],
        [
            -0.3750722110271454,
            -0.8066639304161072,
            0.0716829001903534
        ],
        [
            -0.36859560012817383,
            -0.7963142395019531,
            0.058343835175037384
        ],
        [
            -0.3225916028022766,
            -0.703307032585144,
            0.07024116814136505
        ],
        [
            -0.3157140016555786,
            -0.6975468397140503,
            0.06407812982797623
        ],
        [
            -0.31670135259628296,
            -0.706694483757019,
            0.05080435797572136
        ],
        [
            -0.3078528940677643,
            -0.7000359892845154,
            0.0477302148938179
        ],
        [
            -0.3071998059749603,
            -0.6904900670051575,
            0.061818938702344894
        ],
        [
            -0.28787487745285034,
            -0.6781623959541321,
            0.0676787719130516
        ],
        [
            -0.297855943441391,
            -0.6834148168563843,
            0.06306351721286774
        ],
        [
            -0.29704749584198,
            -0.6942205429077148,
            0.04626559093594551
        ],
        [
            -0.2989461421966553,
            -0.7088755965232849,
            0.030731838196516037
        ],
        [
            -0.3086082935333252,
            -0.71188884973526,
            0.03555640950798988
        ],
        [
            -0.30116555094718933,
            -0.7268057465553284,
            0.020890705287456512
        ],
        [
            -0.28602135181427,
            -0.7070423364639282,
            0.02505023218691349
        ],
        [
            -0.29366567730903625,
            -0.730006217956543,
            0.016374757513403893
        ],
        [
            -0.2621891498565674,
            -0.6779972314834595,
            0.036549005657434464
        ],
        [
            -0.2564905881881714,
            -0.6696945428848267,
            0.03203393518924713
        ],
        [
            -0.26009151339530945,
            -0.6781961917877197,
            0.015256855636835098
        ],
        [
            -0.2659955620765686,
            -0.6865013241767883,
            0.01958153396844864
        ],
        [
            -0.3177703022956848,
            -0.7158563137054443,
            0.04120631888508797
        ],
        [
            -0.35300934314727783,
            -0.768833577632904,
            0.051908090710639954
        ],
        [
            -0.35652077198028564,
            -0.7653239369392395,
            0.06271946430206299
        ],
        [
            -0.34598508477211,
            -0.7581221461296082,
            0.04645388945937157
        ],
        [
            -0.3707744777202606,
            -0.8284362554550171,
            0.042642511427402496
        ],
        [
            -0.37526023387908936,
            -0.8187801837921143,
            0.057953886687755585
        ],
        [
            -0.3686959743499756,
            -0.8060038089752197,
            0.04695894196629524
        ],
        [
            -0.36534881591796875,
            -0.8167943954467773,
            0.03367582708597183
        ],
        [
            -0.3738747239112854,
            -0.8623335361480713,
            0.0725557953119278
        ],
        [
            -0.38138407468795776,
            -0.8413619995117188,
            0.09067916870117188
        ],
        [
            -0.3790673017501831,
            -0.8318489789962769,
            0.07518428564071655
        ],
        [
            -0.37451449036598206,
            -0.847519040107727,
            0.05912289023399353
        ],
        [
            -0.3597118854522705,
            -0.8224506378173828,
            0.022283509373664856
        ],
        [
            -0.35004931688308716,
            -0.8307787179946899,
            0.008933492004871368
        ],
        [
            -0.35030224919319153,
            -0.8481392860412598,
            0.008897006511688232
        ],
        [
            -0.36283260583877563,
            -0.8405696153640747,
            0.026433683931827545
        ],
        [
            -0.3477350175380707,
            -0.8718467950820923,
            0.015332423150539398
        ],
        [
            -0.3627173900604248,
            -0.8625757694244385,
            0.03629222884774208
        ],
        [
            -0.2798289954662323,
            -0.7221724987030029,
            0.00942530483007431
        ],
        [
            -0.2877484858036041,
            -0.7400689721107483,
            0.00821591168642044
        ],
        [
            -0.2742699384689331,
            -0.695962131023407,
            0.025050252676010132
        ],
        [
            -0.2725675106048584,
            -0.7077792882919312,
            0.0093239676207304
        ],
        [
            -0.33935147523880005,
            -0.8914213180541992,
            0.026140578091144562
        ],
        [
            -0.3583899736404419,
            -0.8817893266677856,
            0.05034010484814644
        ],
        [
            -0.30403220653533936,
            -0.8341131210327148,
            -0.021855685859918594
        ],
        [
            -0.3185834586620331,
            -0.8452761173248291,
            -0.015130426734685898
        ],
        [
            -0.3259250819683075,
            -0.8263806104660034,
            -0.009899657219648361
        ],
        [
            -0.31190887093544006,
            -0.8181797862052917,
            -0.016549687832593918
        ],
        [
            -0.2925151586532593,
            -0.8507919311523438,
            -0.02395055443048477
        ],
