{
    "pred_cam": [
        1.1317174434661865,
        0.06054500490427017,
        0.1720890998840332
    ],
    "pred_smpl_params": {
        "global_orient": [
            [
                [
                    0.9834751486778259,
                    0.17476098239421844,
                    -0.04727976396679878
                ],
                [
                    0.17517156898975372,
                    -0.9845269918441772,
                    0.004652596078813076
                ],
                [
                    -0.045735105872154236,
                    -0.012857780791819096,
                    -0.9988709688186646
                ]
            ]
        ],
        "body_pose": [
            [
                [
                    0.9999602437019348,
                    -0.007960395887494087,
                    0.004016620572656393
                ],
                [
                    0.006701135076582432,
                    0.9681200385093689,
                    0.25039705634117126
                ],
                [
                    -0.005881830584257841,
                    -0.2503601908683777,
                    0.968134880065918
                ]
            ],
            [
                [
                    0.9935120940208435,
                    0.09929673373699188,
                    0.055441826581954956
                ],
                [
                    -0.1109066903591156,
                    0.9538297653198242,
                    0.27912095189094543
                ],
                [
                    -0.025166267529129982,
                    -0.2834589183330536,
                    0.9586541056632996
                ]
            ],
            [
                [
                    0.9997522234916687,
                    -0.018729517236351967,
                    -0.012024256400763988
                ],
                [
                    0.015145393088459969,
                    0.9683589339256287,
                    -0.24910153448581696
                ],
                [
                    0.016309350728988647,
                    0.24885773658752441,
                    0.9684026837348938
                ]
            ],
            [
                [
                    0.9953377842903137,
                    0.03725484013557434,
                    -0.08896464854478836
                ],
                [
                    -0.08396058529615402,
                    0.788633406162262,
                    -0.6091042757034302
                ],
                [
                    0.04746841639280319,
                    0.6137340664863586,
                    0.7880845665931702
                ]
            ],
            [
                [
                    0.99391108751297,
                    -0.02275545336306095,
                    0.10780945420265198
                ],
                [
                    0.08842168748378754,
                    0.7485296726226807,
                    -0.6571795344352722
                ],
                [
                    -0.06574415415525436,
                    0.6627107262611389,
                    0.7459840178489685
                ]
            ],
            [
                [
                    0.9925065040588379,
                    -0.12030940502882004,
                    0.021366026252508163
                ],
                [
                    0.12076351046562195,
                    0.9924503564834595,
                    -0.021410027518868446
                ],
                [
                    -0.018628893420100212,
                    0.023829827085137367,
                    0.9995424151420593
                ]
            ],
            [
                [
                    0.9912678003311157,
                    0.03243407979607582,
                    0.12781347334384918
                ],
                [
                    -0.04670329391956329,
                    0.9928030967712402,
                    0.11027643084526062
                ],
                [
                    -0.12331689149141312,
                    -0.11528277397155762,
                    0.985648512840271
                ]
            ],
            [
                [
                    0.9798398017883301,
                    -0.14647230505943298,
                    -0.1358676254749298
                ],
                [
                    0.13958069682121277,
                    0.9884523153305054,
                    -0.058985110372304916
                ],
                [
                    0.14293834567070007,
                    0.038831453770399094,
                    0.988969624042511
                ]
            ],
            [
                [
                    0.9980193972587585,
                    -0.06281987577676773,
                    0.003309432649984956
                ],
                [
                    0.06290670484304428,
                    0.9967889785766602,
                    -0.049543533474206924
                ],
                [
                    -0.0001864874066086486,
                    0.04965359345078468,
                    0.9987665414810181
                ]
            ],
            [
                [
                    0.9889200925827026,
                    -0.13983894884586334,
                    0.04982057586312294
                ],
                [
                    0.1297440230846405,
                    0.9772676229476929,
                    0.16767354309558868
                ],
                [
                    -0.072135329246521,
                    -0.15935182571411133,
                    0.9845828413963318
                ]
            ],
            [
                [
                    0.9728781580924988,
                    0.23095440864562988,
                    0.012966734357178211
                ],
                [
                    -0.22908544540405273,
                    0.954203724861145,
                    0.19239330291748047
                ],
                [
                    0.03206116706132889,
                    -0.19014573097229004,
                    0.9812322854995728
                ]
            ],
            [
                [
                    0.941132664680481,
                    -0.09767743200063705,
                    -0.32361775636672974
                ],
                [
                    0.11342640221118927,
                    0.9930897951126099,
                    0.030118349939584732
                ],
                [
                    0.3184396028518677,
                    -0.06505215913057327,
                    0.9457084536552429
                ]
            ],
            [
                [
                    0.9447079300880432,
                    0.30861297249794006,
                    -0.11083679646253586
                ],
                [
                    -0.30974629521369934,
                    0.9507913589477539,
                    0.007278641685843468
                ],
                [
                    0.1076289564371109,
                    0.027455100789666176,
                    0.993811845779419
                ]
            ],
            [
                [
                    0.9102556109428406,
                    -0.3717832863330841,
                    0.1822420060634613
                ],
                [
                    0.3801892101764679,
                    0.924827516078949,
                    -0.012258117087185383
                ],
                [
                    -0.16398505866527557,
                    0.08044446259737015,
                    0.9831774234771729
                ]
            ],
            [
                [
                    0.9530096054077148,
                    -0.13706561923027039,
                    -0.2701586186885834
                ],
                [
                    0.09036989510059357,
                    0.9798134565353394,
                    -0.17832247912883759
                ],
                [
                    0.28914692997932434,
                    0.14552883803844452,
                    0.946158230304718
                ]
            ],
            [
                [
                    0.41442862153053284,
                    0.8066208958625793,
                    -0.4214399755001068
                ],
                [
                    -0.8770226240158081,
                    0.4776511788368225,
                    0.051775168627500534
                ],
                [
                    0.24306422472000122,
                    0.34815528988838196,
                    0.9053770899772644
                ]
            ],
            [
                [
                    0.5179781913757324,
                    -0.7941727042198181,
                    0.3177866041660309
                ],
                [
                    0.8506546020507812,
                    0.5172947645187378,
                    -0.09377072006464005
                ],
                [
                    -0.08991920948028564,
                    0.3188977837562561,
                    0.9435141086578369
                ]
            ],
            [
                [
                    4.82709356219857e-06,
                    -0.421138733625412,
                    -0.9069962501525879
                ],
                [
                    0.06692449748516083,
                    0.904962956905365,
                    -0.42019426822662354
                ],
                [
                    0.9977580308914185,
                    -0.060698237270116806,
                    0.02818886563181877
                ]
            ],
            [
                [
                    0.47357162833213806,
                    0.33398425579071045,
                    0.8149750828742981
                ],
                [
                    -0.025441929697990417,
                    0.9301151633262634,
                    -0.36638569831848145
                ],
                [
                    -0.8803877234458923,
                    0.1527753323316574,
                    0.4489733576774597
                ]
            ],
            [
                [
                    0.9804063439369202,
                    -0.18146862089633942,
                    -0.07663176953792572
                ],
                [
                    0.18721681833267212,
                    0.9793755412101746,
                    0.0759819895029068
                ],
                [
                    0.06126294657588005,
                    -0.08883999288082123,
                    0.994159996509552
                ]
            ],
            [
                [
                    0.9852113127708435,
                    0.16459998488426208,
                    0.047596391290426254
                ],
                [
                    -0.16159141063690186,
                    0.9849480390548706,
                    -0.06136452034115791
                ],
                [
                    -0.056980568915605545,
                    0.0527658574283123,
                    0.9969798922538757
                ]
            ],
            [
                [
                    0.9655554890632629,
                    0.23958568274974823,
                    -0.10149495303630829
                ],
                [
                    -0.2274957150220871,
                    0.9666515588760376,
                    0.11760316789150238
                ],
                [
                    0.12628628313541412,
                    -0.09046272933483124,
                    0.9878604412078857
                ]
            ],
            [
                [
                    0.9746580719947815,
                    -0.21473895013332367,
                    0.06268178671598434
                ],
                [
                    0.19941940903663635,
                    0.9610217213630676,
                    0.19149212539196014
                ],
                [
                    -0.10135936737060547,
                    -0.1741393506526947,
                    0.9794906973838806
                ]
            ]
        ],
        "betas": [
            0.02107122540473938,
            0.04085183143615723,
            0.22292014956474304,
            0.5003381967544556,
            0.016307294368743896,
            -0.00502946600317955,
            -0.004882782697677612,
            -0.021728426218032837,
            0.06281454861164093,
            -0.017781734466552734
        ]
    },
    "pred_cam_t": [
        0.06054500490427017,
        0.1720890998840332,
        34.5161247253418
    ],
    "focal_length": [
        5000.0,
        5000.0
    ],
    "pred_keypoints_3d": [
        [
            -0.07735548913478851,
            -0.7928958535194397,
            -0.19936057925224304
        ],
        [
            0.030802618712186813,
            -0.7318775057792664,
            -0.0527401901781559
        ],
        [
            -0.14539220929145813,
            -0.6258596181869507,
            -0.01573437824845314
        ],
        [
            -0.16765707731246948,
            -0.38680800795555115,
            0.06491279602050781
        ],
        [
            -0.09950956702232361,
            -0.21306303143501282,
            -0.10782323777675629
        ],
        [
            0.21284809708595276,
            -0.6443505883216858,
            -0.04886879026889801
        ],
        [
            0.2487945556640625,
            -0.390269935131073,
            -0.007456410676240921
        ],
        [
            0.13088998198509216,
            -0.3679269850254059,
            -0.2252417355775833
        ],
        [
            -0.002207106677815318,
            -0.2291707694530487,
            0.027376972138881683
        ],
        [
            -0.08329703658819199,
            -0.15157616138458252,
            0.03625638037919998
        ],
        [
            -0.22593089938163757,
            0.19091561436653137,
            -0.05656137317419052
        ],
        [
            -0.2974832057952881,
            0.5199717879295349,
            0.15565496683120728
        ],
        [
            0.049267787486314774,
            -0.12694664299488068,
            0.032475341111421585
        ],
        [
            0.01877078413963318,
            0.23571716248989105,
            -0.054320063441991806
        ],
        [
            -0.05545567721128464,
            0.5698729753494263,
            0.14807084202766418
        ],
        [
            -0.08898572623729706,
            -0.8397600650787354,
            -0.16032829880714417
        ],
        [
            -0.042036011815071106,
            -0.8424025774002075,
            -0.20744958519935608
        ],
        [
            -0.053477153182029724,
            -0.8531913161277771,
            -0.06515875458717346
        ],
        [
            0.05372096598148346,
            -0.8579076528549194,
            -0.16760826110839844
        ],
        [
            -0.07850521802902222,
            0.675739049911499,
            -0.020415231585502625
        ],
        [
            -0.011045262217521667,
            0.6807043552398682,
            0.029413461685180664
        ],
        [
            -0.05237351357936859,
            0.5847446322441101,
            0.21587005257606506
        ],
        [
            -0.32246679067611694,
            0.6508581042289734,
            0.00776025652885437
        ],
        [
            -0.38960421085357666,
            0.6218006610870361,
            0.05687367916107178
        ],
        [
            -0.2992410957813263,
            0.5327495336532593,
            0.22827351093292236
        ],
        [
            -0.30554434657096863,
            0.46166083216667175,
            0.15799012780189514
        ],
        [
            -0.20530575513839722,
            0.13368353247642517,
            -0.053282663226127625
        ],
        [
            -0.1376936286687851,
            -0.28778600692749023,
            0.04798813909292221
        ],
        [
            0.14518305659294128,
            -0.22012987732887268,
            0.04652384668588638
        ],
        [
            0.035151973366737366,
            0.19707226753234863,
            -0.05222982540726662
        ],
        [
            -0.037878599017858505,
            0.5310713648796082,
            0.1570359766483307
        ],
        [
            -0.0885615199804306,
            -0.2500617802143097,
            -0.11061917245388031
        ],
        [
            -0.19057296216487885,
            -0.4021189212799072,
            0.030125169083476067
        ],
        [
            -0.11173197627067566,
            -0.6616090536117554,
            -0.01891728676855564
        ],
        [
            0.18134285509586334,
            -0.674353301525116,
            -0.04861868917942047
        ],
        [
            0.2711663246154785,
            -0.4207777976989746,
            -0.04366239160299301
        ],
        [
            0.1418898105621338,
            -0.3879393935203552,
            -0.21608492732048035
        ],
        [
            0.0312587171792984,
            -0.7206491231918335,
            -0.05929189547896385
        ],
        [
            -0.021185949444770813,
            -0.9019932150840759,
            -0.13925686478614807
        ],
        [
            0.004281478468328714,
            -0.2541498839855194,
            0.04688156396150589
        ],
        [
            0.03349880129098892,
            -0.6652867794036865,
            -0.03640951216220856
        ],
        [
            0.03949689120054245,
            -0.49747225642204285,
            0.026060936972498894
        ],
        [
            -0.016968969255685806,
            -0.7877876162528992,
            -0.1474381685256958
        ],
        [
            -0.02394908480346203,
            -0.9224220514297485,
            -0.13277983665466309
        ]
    ],
    "pred_vertices": [
        [
            -0.04359225183725357,
            -0.8869208097457886,
            -0.22497683763504028
        ],
        [
            -0.04885660111904144,
            -0.8712908625602722,
            -0.22303397953510284
        ],
        [
            -0.03415466845035553,
            -0.8707810640335083,
            -0.22418716549873352
        ],
        [
            -0.026341252028942108,
            -0.8839499950408936,
            -0.22260074317455292
        ],
        [
            -0.03888653218746185,
            -0.8604567050933838,
            -0.22319239377975464
        ],
        [
            -0.05114112049341202,
            -0.8597710728645325,
            -0.22099032998085022
        ],
        [
            -0.0209801122546196,
            -0.8680260181427002,
            -0.22027067840099335
        ],
        [
            -0.012287653982639313,
            -0.8777953386306763,
            -0.21738186478614807
        ],
        [
            -0.001939825713634491,
            -0.8375400900840759,
            -0.20881088078022003
        ],
        [
            0.008121341466903687,
            -0.8358206748962402,
            -0.20368096232414246
        ],
        [
            0.004822008311748505,
            -0.8468289375305176,
            -0.2077803909778595
        ],
        [
            -0.005023181438446045,
            -0.8457472324371338,
            -0.21076107025146484
        ],
        [
            0.005901269614696503,
            -0.8134926557540894,
            -0.2006286382675171
        ],
        [
            -0.0021125897765159607,
            -0.8020399808883667,
            -0.2007237672805786
        ],
        [
            0.0082598477602005,
            -0.7960395812988281,
            -0.19363200664520264
        ],
        [
            0.01592719554901123,
            -0.8071186542510986,
            -0.19226384162902832
        ],
        [
            -0.04517597705125809,
            -0.8078711628913879,
            -0.19788925349712372
        ],
        [
            -0.038800351321697235,
            -0.8018766641616821,
            -0.20006051659584045
        ],
        [
            -0.03701500594615936,
            -0.808750331401825,
            -0.20321011543273926
        ],
        [
            -0.04348733276128769,
            -0.8139296770095825,
            -0.20026865601539612
        ],
        [
            -0.0579528883099556,
            -0.8153117895126343,
            -0.19741708040237427
        ],
        [
            -0.05622280389070511,
            -0.8215479254722595,
            -0.19669148325920105
        ],
        [
            -0.06387867033481598,
            -0.8236762285232544,
            -0.19762644171714783
        ],
        [
            -0.06548215448856354,
            -0.8165032267570496,
            -0.19967809319496155
        ],
        [
            -0.04797651618719101,
            -0.8025950789451599,
            -0.19322632253170013
        ],
        [
            -0.04089026153087616,
            -0.7965091466903687,
            -0.19546423852443695
        ],
        [
            -0.05094435065984726,
            -0.8127918243408203,
            -0.1965228021144867
        ],
        [
            -0.05262719839811325,
            -0.8078699111938477,
            -0.19615770876407623
        ],
        [
            -0.060153134167194366,
            -0.7991073131561279,
            -0.20050787925720215
        ],
        [
            -0.059118449687957764,
            -0.8040781617164612,
            -0.20122092962265015
        ],
        [
            -0.06639450788497925,
            -0.8032111525535583,
            -0.20391657948493958
        ],
        [
            -0.06568221747875214,
            -0.7980543375015259,
            -0.2017090618610382
        ],
        [
            -0.0519917756319046,
            -0.8011338710784912,
            -0.19555678963661194
        ],
        [
            -0.05407595634460449,
            -0.8032017350196838,
            -0.19837826490402222
        ],
        [
            -0.05654075741767883,
            -0.7988927364349365,
            -0.19782426953315735
        ],
        [
            -0.0549519881606102,
            -0.7976719737052917,
            -0.1942649930715561
        ],
        [
            -0.05936627835035324,
            -0.8104682564735413,
            -0.19823041558265686
        ],
        [
            -0.06641975790262222,
            -0.8102774620056152,
            -0.2015642374753952
        ],
        [
            -0.07424479722976685,
            -0.809611976146698,
            -0.20430126786231995
        ],
        [
            -0.07380572706460953,
            -0.8007345795631409,
            -0.20603102445602417
        ],
        [
            -0.022672191262245178,
            -0.7910646200180054,
            -0.2000274360179901
        ],
        [
            -0.031179867684841156,
            -0.7963501214981079,
            -0.20110434293746948
        ],
        [
            -0.03381706029176712,
            -0.7913113236427307,
            -0.19704073667526245
        ],
        [
            -0.026898793876171112,
            -0.7870137691497803,
            -0.19704794883728027
        ],
        [
            -0.050909221172332764,
            -0.7955026626586914,
            -0.19216996431350708
        ],
        [
            -0.043975286185741425,
            -0.7804242968559265,
            -0.1918897032737732
        ],
        [
            -0.044972509145736694,
            -0.78395676612854,
            -0.1931123286485672
        ],
        [
            -0.05223529785871506,
            -0.7834391593933105,
            -0.19204193353652954
        ],
        [
            -0.05073150247335434,
            -0.7802008390426636,
            -0.1912805140018463
        ],
        [
            -0.009573526680469513,
            -0.7798603177070618,
            -0.1939474195241928
        ],
        [
            -0.016551129519939423,
            -0.7773264050483704,
            -0.19354599714279175
        ],
        [
            -0.012608520686626434,
            -0.7713661193847656,
            -0.1904965341091156
        ],
        [
            -0.004804342985153198,
            -0.7729449272155762,
            -0.1893112063407898
        ],
        [
            -0.011758461594581604,
            -0.7659157514572144,
            -0.18731459975242615
        ],
        [
            -0.001235775649547577,
            -0.7661467790603638,
            -0.1846662163734436
        ],
        [
            -0.004368916153907776,
            -0.7522555589675903,
            -0.17621231079101562
        ],
        [
            -0.002227887511253357,
            -0.7584969401359558,
            -0.18009668588638306
        ],
        [
            -0.013438507914543152,
            -0.760224461555481,
            -0.18412038683891296
        ],
        [
            -0.01824602484703064,
            -0.7543571591377258,
            -0.1820533126592636
        ],
        [
            -0.03447756916284561,
            -0.7560486793518066,
            -0.18084800243377686
        ],
        [
            -0.04035051912069321,
            -0.7537837624549866,
            -0.17881953716278076
        ],
        [
            -0.03221059590578079,
            -0.742949366569519,
            -0.17822027206420898
        ],
        [
            -0.02547723799943924,
            -0.7476844787597656,
            -0.18032331764698029
        ],
        [
            -0.04006808251142502,
            -0.7760410904884338,
            -0.18727624416351318
        ],
        [
            -0.035337649285793304,
            -0.7770934700965881,
            -0.18777969479560852
        ],
        [
            -0.03700242191553116,
            -0.7778498530387878,
            -0.18987968564033508
        ],
        [
            -0.042466290295124054,
            -0.7777533531188965,
            -0.18982164561748505
        ],
        [
            -0.031405799090862274,
            -0.7774529457092285,
            -0.18873363733291626
        ],
        [
            -0.029650568962097168,
            -0.7775002717971802,
            -0.18919867277145386
        ],
        [
            -0.03095194697380066,
            -0.7783984541893005,
            -0.19017979502677917
        ],
        [
            -0.03213922679424286,
            -0.7781124114990234,
            -0.1891065537929535
        ],
        [
            -0.03389409929513931,
            -0.7775237560272217,
            -0.18824681639671326
        ],
        [
            -0.0343647375702858,
            -0.77550208568573,
            -0.1875753104686737
        ],
        [
            -0.0321161225438118,
            -0.776511549949646,
            -0.18841570615768433
        ],
        [
            -0.038598187267780304,
            -0.7737541198730469,
            -0.18716341257095337
        ],
        [
            -0.0522141233086586,
            -0.7687675952911377,
            -0.18450549244880676
        ],
        [
            -0.048713117837905884,
            -0.7698032259941101,
            -0.18591594696044922
        ],
        [
            -0.050420813262462616,
            -0.7742205858230591,
            -0.18509894609451294
        ],
        [
            -0.05344345420598984,
            -0.7736367583274841,
            -0.18402422964572906
        ],
        [
            -0.03370259702205658,
            -0.7797445058822632,
            -0.1907465159893036
        ],
        [
            -0.032058410346508026,
            -0.7813036441802979,
            -0.19245988130569458
        ],
        [
            -0.037791430950164795,
            -0.7827128171920776,
            -0.19312535226345062
        ],
        [
            -0.037538379430770874,
            -0.7802844047546387,
            -0.19126835465431213
        ],
        [
            -0.0303870290517807,
            -0.7832632660865784,
            -0.1945405751466751
        ],
        [
            -0.0291595458984375,
            -0.7797869443893433,
            -0.19150473177433014
        ],
        [
            -0.026381947100162506,
            -0.7807567715644836,
            -0.19341827929019928
        ],
        [
            -0.029551126062870026,
            -0.7757251858711243,
            -0.18856656551361084
        ],
        [
            -0.02616560459136963,
            -0.7745516300201416,
            -0.18903136253356934
        ],
        [
            -0.027107298374176025,
            -0.7768778800964355,
            -0.19057533144950867
        ],
        [
            -0.027026884257793427,
            -0.7712803483009338,
            -0.18733596801757812
        ],
        [
            -0.03157316893339157,
            -0.7735281586647034,
            -0.18738627433776855
        ],
        [
            -0.03550267964601517,
            -0.7708629369735718,
            -0.18670544028282166
        ],
        [
            -0.04077315330505371,
            -0.768135666847229,
            -0.1859135776758194
        ],
        [
            -0.03573846071958542,
            -0.7644288539886475,
            -0.18440493941307068
        ],
        [
            -0.030537359416484833,
            -0.7677218317985535,
            -0.18588942289352417
        ],
        [
            -0.03653523325920105,
            -0.7867134809494019,
            -0.19482654333114624
        ],
        [
            -0.02256482094526291,
            -0.7768862843513489,
            -0.1919504553079605
        ],
        [
            -0.021531768143177032,
            -0.7832554578781128,
            -0.19547660648822784
        ],
        [
            -0.02063123881816864,
            -0.7725629210472107,
            -0.19010956585407257
        ],
        [
            -0.020672909915447235,
            -0.7682726383209229,
            -0.187588632106781
        ],
        [
            -0.023257151246070862,
            -0.7639522552490234,
            -0.18532195687294006
        ],
        [
            -0.02873418480157852,
            -0.7597195506095886,
            -0.18296417593955994
        ],
        [
            -0.02074330300092697,
            -0.7380375862121582,
            -0.16979584097862244
        ],
        [
            -0.013003535568714142,
            -0.7441809177398682,
            -0.1733110249042511
        ],
        [
            -0.049384430050849915,
            -0.8532581329345703,
            -0.21574518084526062
        ],
        [
            -0.040876805782318115,
            -0.8536491990089417,
            -0.21938976645469666
        ],
        [
            -0.0357680469751358,
            -0.8477994799613953,
            -0.21443511545658112
        ],
        [
            -0.035139597952365875,
            -0.8500945568084717,
            -0.2159551978111267
        ],
        [
            -0.04123438149690628,
            -0.8501998782157898,
            -0.21533316373825073
        ],
        [
            -0.040551915764808655,
            -0.8477087020874023,
            -0.21377834677696228
        ],
        [
            -0.014187760651111603,
            -0.845816969871521,
            -0.2110241949558258
        ],
        [
            -0.021218955516815186,
            -0.8459970951080322,
            -0.21145883202552795
        ],
        [
            -0.019089475274086,
            -0.8428052663803101,
            -0.2099529206752777
        ],
        [
            -0.010992400348186493,
            -0.8397512435913086,
            -0.21032841503620148
        ],
        [
            -0.027501195669174194,
            -0.8332055807113647,
            -0.20827019214630127
        ],
        [
            -0.022445812821388245,
            -0.835576057434082,
            -0.20913901925086975
        ],
        [
            -0.028662726283073425,
            -0.8410031795501709,
            -0.20986312627792358
        ],
        [
            -0.032355085015296936,
            -0.8392578363418579,
            -0.2093203067779541
        ],
        [
            -0.036381348967552185,
            -0.8380705714225769,
            -0.20825952291488647
        ],
        [
            -0.04038107395172119,
            -0.8374578952789307,
            -0.20648616552352905
        ],
        [
            -0.038555122911930084,
            -0.8326482772827148,
            -0.20491409301757812
        ],
        [
            -0.03331972658634186,
            -0.8324615955352783,
            -0.20678910613059998
        ],
        [
            -0.04729527235031128,
            -0.8506888151168823,
            -0.21198329329490662
        ],
        [
            -0.05240732431411743,
            -0.849709153175354,
            -0.20697036385536194
        ],
        [
            -0.050233080983161926,
            -0.847180962562561,
            -0.20663437247276306
        ],
        [
            -0.04615030437707901,
            -0.8478124141693115,
            -0.21117204427719116
        ],
        [
            -0.05324314534664154,
            -0.8422154188156128,
            -0.19467085599899292
        ],
        [
            -0.05354014039039612,
            -0.8442856073379517,
            -0.19684259593486786
        ],
        [
            -0.057245589792728424,
            -0.845170795917511,
            -0.19554507732391357
        ],
        [
            -0.05640646815299988,
            -0.8410313129425049,
            -0.19334572553634644
        ],
        [
            -0.054043859243392944,
            -0.8381943106651306,
            -0.19433940947055817
        ],
        [
            -0.05216876417398453,
            -0.8404828906059265,
            -0.19549992680549622
        ],
        [
            -0.054437294602394104,
            -0.9079591631889343,
            -0.22196854650974274
        ],
        [
            -0.05927194654941559,
            -0.8888581395149231,
            -0.22220638394355774
        ],
        [
            -0.03331667184829712,
            -0.9054347276687622,
            -0.22179025411605835
        ],
        [
            -0.016860447824001312,
            -0.898935079574585,
            -0.21758651733398438
        ],
        [
            -0.0024147331714630127,
            -0.8889648914337158,
            -0.21310830116271973
        ],
        [
            -0.00077008455991745,
            -0.7864021062850952,
            -0.19410930573940277
        ],
        [
            0.006517812609672546,
            -0.7796417474746704,
            -0.18838170170783997
        ],
        [
            0.01812124252319336,
            -0.7906404733657837,
            -0.1862042248249054
        ],
        [
            0.022709809243679047,
            -0.7820074558258057,
            -0.17846548557281494
        ],
        [
            0.010677233338356018,
            -0.7709246873855591,
            -0.1818200647830963
        ],
        [
            0.007477842271327972,
            -0.7538835406303406,
            -0.16706432402133942
        ],
        [
            0.011152178049087524,
            -0.761838972568512,
            -0.17439815402030945
        ],
        [
            0.02529977634549141,
            -0.7741518020629883,
            -0.16803574562072754
        ],
        [
            0.036899831146001816,
            -0.7907397150993347,
            -0.16404102742671967
        ],
        [
            0.032161131501197815,
            -0.7954025864601135,
            -0.1754351705312729
        ],
        [
            0.04404892027378082,
            -0.8093758225440979,
            -0.16046887636184692
        ],
        [
            0.04360371455550194,
            -0.7866928577423096,
            -0.1495388299226761
        ],
        [
            0.04858294129371643,
            -0.8105021119117737,
            -0.15151569247245789
        ],
        [
            0.04243689775466919,
            -0.7492706179618835,
            -0.13285428285598755
        ],
        [
            0.05019265040755272,
            -0.7398337125778198,
            -0.1257091462612152
        ],
        [
            0.06299512088298798,
            -0.751189112663269,
            -0.1197480633854866
        ],
        [
            0.05686195194721222,
            -0.7605071067810059,
            -0.12870219349861145
        ],
        [
            0.025473028421401978,
            -0.8008803129196167,
            -0.18404081463813782
        ],
        [
            0.00879254937171936,
            -0.8591246604919434,
            -0.20532360672950745
        ],
        [
            -0.001744098961353302,
            -0.8553697466850281,
            -0.2111162394285202
        ],
        [
            0.015613831579685211,
            -0.848349928855896,
            -0.20137888193130493
        ],
        [
            0.008598536252975464,
            -0.9219925403594971,
            -0.20538116991519928
        ],
        [
            -0.005334027111530304,
            -0.9120106101036072,
            -0.21396934986114502
        ],
        [
            0.007840514183044434,
            -0.8998063206672668,
            -0.21000397205352783
        ],
        [
            0.019427917897701263,
            -0.9108556509017944,
            -0.20314322412014008
        ],
        [
            -0.025688908994197845,
            -0.951022744178772,
            -0.20063547790050507
        ],
        [
            -0.04030454158782959,
            -0.9316282272338867,
            -0.2138996571302414
        ],
        [
            -0.023877039551734924,
            -0.9232363700866699,
            -0.21422597765922546
        ],
        [
            -0.010414019227027893,
            -0.9384466409683228,
            -0.20452880859375
        ],
        [
            0.02834383398294449,
            -0.9161458611488342,
            -0.19490113854408264
        ],
        [
            0.040386103093624115,
            -0.9230470657348633,
            -0.18208551406860352
        ],
        [
            0.03771952539682388,
            -0.9405215382575989,
            -0.1781725436449051
        ],
        [
            0.022109054028987885,
            -0.9335652589797974,
            -0.1933276504278183
        ],
        [
            0.028251051902770996,
            -0.9608660340309143,
            -0.16946659982204437
        ],
        [
            0.009283684194087982,
            -0.9534333944320679,
            -0.18784388899803162
        ],
        [
            0.05707932636141777,
            -0.8003430366516113,
            -0.1371506005525589
        ],
        [
            0.05526009947061539,
            -0.818917453289032,
            -0.14256475865840912
        ],
        [
            0.04864030331373215,
            -0.7719316482543945,
            -0.13892149925231934
        ],
        [
            0.06050482392311096,
            -0.7846017479896545,
            -0.13008001446723938
        ],
        [
            0.014189064502716064,
            -0.9766407012939453,
            -0.15694651007652283
        ],
        [
            -0.007410824298858643,
            -0.9686126708984375,
            -0.1798420250415802
        ],
        [
            0.06853310763835907,
            -0.9166586399078369,
            -0.13460583984851837
        ],
        [
            0.061448849737644196,
            -0.9314013719558716,
            -0.14667996764183044
        ],
        [
