{
    "pred_cam": [
        1.1297651529312134,
        0.059699609875679016,
        0.17881637811660767
    ],
    "pred_smpl_params": {
        "global_orient": [
            [
                [
                    0.9783908128738403,
                    0.18179620802402496,
                    -0.09849648922681808
                ],
                [
                    0.17977185547351837,
                    -0.9832770228385925,
                    -0.029126837849617004
                ],
                [
                    -0.10214447975158691,
                    0.010790533386170864,
                    -0.9947110414505005
                ]
            ]
        ],
        "body_pose": [
            [
                [
                    0.998711347579956,
                    -0.045833051204681396,
                    0.02179584838449955
                ],
                [
                    0.03956829756498337,
                    0.9721168875694275,
                    0.23113450407981873
                ],
                [
                    -0.03178171068429947,
                    -0.22997421026229858,
                    0.9726777076721191
                ]
            ],
            [
                [
                    0.9930954575538635,
                    0.09133808314800262,
                    0.07361248135566711
                ],
                [
                    -0.1094619482755661,
                    0.9471616744995117,
                    0.30150094628334045
                ],
                [
                    -0.04218440130352974,
                    -0.3074769973754883,
                    0.9506199955940247
                ]
            ],
            [
                [
                    0.9988502860069275,
                    -0.02254239283502102,
                    -0.042306702584028244
                ],
                [
                    0.01146925799548626,
                    0.9692832827568054,
                    -0.24567963182926178
                ],
                [
                    0.04654538258910179,
                    0.24491195380687714,
                    0.9684274196624756
                ]
            ],
            [
                [
                    0.9954686760902405,
                    0.051178332418203354,
                    -0.08014377951622009
                ],
                [
                    -0.08943133056163788,
                    0.790300190448761,
                    -0.6061581969261169
                ],
                [
                    0.0323154553771019,
                    0.6105787754058838,
                    0.7912960052490234
                ]
            ],
            [
                [
                    0.9933780431747437,
                    -0.008306620642542839,
                    0.11459118872880936
                ],
                [
                    0.08253597468137741,
                    0.745425283908844,
                    -0.6614598035812378
                ],
                [
                    -0.07992467284202576,
                    0.6665374636650085,
                    0.7411746978759766
                ]
            ],
            [
                [
                    0.9950529336929321,
                    -0.09867256134748459,
                    -0.011554375290870667
                ],
                [
                    0.09830562770366669,
                    0.9947365522384644,
                    -0.028898824006319046
                ],
                [
                    0.014345080591738224,
                    0.027619997039437294,
                    0.9995155930519104
                ]
            ],
            [
                [
                    0.9916698336601257,
                    0.04419882595539093,
                    0.12098531424999237
                ],
                [
                    -0.05722370743751526,
                    0.9926762580871582,
                    0.10639221221208572
                ],
                [
                    -0.11539683490991592,
                    -0.1124291718006134,
                    0.9869363307952881
                ]
            ],
            [
                [
                    0.9762426614761353,
                    -0.16221855580806732,
                    -0.14365018904209137
                ],
                [
                    0.15660813450813293,
                    0.9864138960838318,
                    -0.049614183604717255
                ],
                [
                    0.1497468650341034,
                    0.025938699021935463,
                    0.9883840680122375
                ]
            ],
            [
                [
                    0.9984467029571533,
                    -0.048913970589637756,
                    -0.026674045249819756
                ],
                [
                    0.04710565507411957,
                    0.9967949986457825,
                    -0.0646585077047348
                ],
                [
                    0.029751259833574295,
                    0.06330157816410065,
                    0.9975507855415344
                ]
            ],
            [
                [
                    0.985993504524231,
                    -0.15151065587997437,
                    0.06972332298755646
                ],
                [
                    0.13587632775306702,
                    0.9721416234970093,
                    0.1909928321838379
                ],
                [
                    -0.09671840071678162,
                    -0.17884394526481628,
                    0.9791120290756226
                ]
            ],
            [
                [
                    0.9657967686653137,
                    0.2582066059112549,
                    0.023789366707205772
                ],
                [
                    -0.25783446431159973,
                    0.9465463757514954,
                    0.19383329153060913
                ],
                [
                    0.027531297877430916,
                    -0.19333729147911072,
                    0.9807459712028503
                ]
            ],
            [
                [
                    0.9575240612030029,
                    -0.09691556543111801,
                    -0.2715786397457123
                ],
                [
                    0.10644196718931198,
                    0.9941068887710571,
                    0.020532947033643723
                ],
                [
                    0.2679882347583771,
                    -0.048568155616521835,
                    0.9621971249580383
                ]
            ],
            [
                [
                    0.9399064779281616,
                    0.31917697191238403,
                    -0.12125100195407867
                ],
                [
                    -0.32108402252197266,
                    0.9470422863960266,
                    0.004000846762210131
                ],
                [
                    0.1161067932844162,
                    0.03517133742570877,
                    0.9926137924194336
                ]
            ],
            [
                [
                    0.931294322013855,
                    -0.3492138981819153,
                    0.10363667458295822
                ],
                [
                    0.35396113991737366,
                    0.934745192527771,
                    -0.031031591817736626
                ],
                [
                    -0.08603721857070923,
                    0.06558290123939514,
                    0.9941310286521912
                ]
            ],
            [
                [
                    0.9653047919273376,
                    -0.13826769590377808,
                    -0.22151470184326172
                ],
                [
                    0.09261735528707504,
                    0.9744461178779602,
                    -0.2046385258436203
                ],
                [
                    0.24414899945259094,
                    0.17702242732048035,
                    0.9534434676170349
                ]
            ],
            [
                [
                    0.4404726028442383,
                    0.7831740975379944,
                    -0.4388875365257263
                ],
                [
                    -0.8599416613578796,
                    0.5084672570228577,
                    0.04428819194436073
                ],
                [
                    0.2578452527523041,
                    0.3579099476337433,
                    0.8974499106407166
                ]
            ],
            [
                [
                    0.5393546223640442,
                    -0.7848030924797058,
                    0.30525514483451843
                ],
                [
                    0.8408957123756409,
                    0.5211709141731262,
                    -0.1458601951599121
                ],
                [
                    -0.04461856558918953,
                    0.3353581726551056,
                    0.9410334825515747
                ]
            ],
            [
                [
                    -0.008057615719735622,
                    -0.4206826686859131,
                    -0.9071720242500305
                ],
                [
                    0.009552596136927605,
                    0.9071277379989624,
                    -0.42074695229530334
                ],
                [
                    0.9999218583106995,
                    -0.012056070379912853,
                    -0.0032906748820096254
                ]
            ],
            [
                [
                    0.25470396876335144,
                    0.399705708026886,
                    0.8805460333824158
                ],
                [
                    -0.022528106346726418,
                    0.9127832055091858,
                    -0.40782272815704346
                ],
                [
                    -0.9667566418647766,
                    0.08403703570365906,
                    0.24149411916732788
                ]
            ],
            [
                [
                    0.9782922267913818,
                    -0.1880469024181366,
                    -0.08707965165376663
                ],
                [
                    0.19276116788387299,
                    0.9800087213516235,
                    0.04925527796149254
                ],
                [
                    0.07607650756835938,
                    -0.06497161835432053,
                    0.9949830770492554
                ]
            ],
            [
                [
                    0.9814229011535645,
                    0.1775689572095871,
                    0.07265279442071915
                ],
                [
                    -0.1750960797071457,
                    0.9837727546691895,
                    -0.03914773464202881
                ],
                [
                    -0.07842525839805603,
                    0.02569926157593727,
                    0.9965887665748596
                ]
            ],
            [
                [
                    0.9669910073280334,
                    0.23724648356437683,
                    -0.09296510368585587
                ],
                [
                    -0.22492146492004395,
                    0.9661790728569031,
                    0.12612834572792053
                ],
                [
                    0.1197444349527359,
                    -0.10105512291193008,
                    0.9876483082771301
                ]
            ],
            [
                [
                    0.9712377786636353,
                    -0.22533844411373138,
                    0.07694043964147568
                ],
                [
                    0.20909075438976288,
                    0.9617090821266174,
                    0.177191361784935
                ],
                [
                    -0.11392233520746231,
                    -0.15600740909576416,
                    0.9811643958091736
                ]
            ]
        ],
        "betas": [
            0.060689687728881836,
            0.0460965633392334,
            0.3182730972766876,
            0.7432600259780884,
            0.015996992588043213,
            -0.010389294475317001,
            -0.011540979146957397,
            0.007562130689620972,
            0.039393991231918335,
            -0.009485602378845215
        ]
    },
    "pred_cam_t": [
        0.059699609875679016,
        0.17881637811660767,
        34.57577133178711
    ],
    "focal_length": [
        5000.0,
        5000.0
    ],
    "pred_keypoints_3d": [
        [
            -0.0747113972902298,
            -0.806767463684082,
            -0.18386664986610413
        ],
        [
            0.039099134504795074,
            -0.7414393424987793,
            -0.041691798716783524
        ],
        [
            -0.13669319450855255,
            -0.6494876146316528,
            0.024614693596959114
        ],
        [
            -0.17366474866867065,
            -0.4192950129508972,
            0.12242815643548965
        ],
        [
            -0.14510305225849152,
            -0.275770902633667,
            -0.08534923940896988
        ],
        [
            0.2152702510356903,
            -0.6409014463424683,
            -0.06326712667942047
        ],
        [
            0.24409425258636475,
            -0.38431087136268616,
            -0.03613948076963425
        ],
        [
            0.0804629772901535,
            -0.3766233026981354,
            -0.22327157855033875
        ],
        [
            -0.002408483996987343,
            -0.23232118785381317,
            0.027099773287773132
        ],
        [
            -0.08306192606687546,
            -0.15475794672966003,
            0.037571512162685394
        ],
        [
            -0.23060691356658936,
            0.18099310994148254,
            -0.0692959725856781
        ],
        [
            -0.30374014377593994,
            0.5175454616546631,
            0.12902234494686127
        ],
        [
            0.04781343787908554,
            -0.12956774234771729,
            0.026163384318351746
        ],
        [
            0.02484358660876751,
            0.2320733666419983,
            -0.06427399814128876
        ],
        [
            -0.040795862674713135,
            0.5692105293273926,
            0.13484026491641998
        ],
        [
            -0.08408800512552261,
            -0.8538593053817749,
            -0.14425870776176453
        ],
        [
            -0.038695238530635834,
            -0.8557027578353882,
            -0.1929543912410736
        ],
        [
            -0.044972747564315796,
            -0.866509199142456,
            -0.04975496232509613
        ],
        [
            0.05872827768325806,
            -0.8694800138473511,
            -0.15655982494354248
        ],
        [
            -0.06519976258277893,
            0.673214316368103,
            -0.03525340557098389
        ],
        [
            0.003125164657831192,
            0.6781471371650696,
            0.014177948236465454
        ],
        [
            -0.03678195923566818,
            0.5853147506713867,
            0.2026674449443817
        ],
        [
            -0.333232581615448,
            0.6400054693222046,
            -0.025548815727233887
        ],
        [
            -0.3996773660182953,
            0.6122108697891235,
            0.02630874514579773
        ],
        [
            -0.30384039878845215,
            0.5346001386642456,
            0.20100358128547668
        ],
        [
            -0.3108256161212921,
            0.4597022235393524,
            0.13430705666542053
        ],
        [
            -0.20915532112121582,
            0.12450403720140457,
            -0.06367011368274689
        ],
        [
            -0.13549911975860596,
            -0.29163241386413574,
            0.05749773979187012
        ],
        [
            0.14450520277023315,
            -0.22261089086532593,
            0.038585033267736435
        ],
        [
            0.040336545556783676,
            0.1930077224969864,
            -0.06211984530091286
        ],
        [
            -0.02363484725356102,
            0.5304625034332275,
            0.14432679116725922
        ],
        [
            -0.1316787153482437,
            -0.3130084276199341,
            -0.08292236924171448
        ],
        [
            -0.2007121443748474,
            -0.4386332333087921,
            0.09110290557146072
        ],
        [
            -0.10215049237012863,
            -0.681533694267273,
            0.015154218301177025
        ],
        [
            0.18650929629802704,
            -0.673699676990509,
            -0.05855036526918411
        ],
        [
            0.26117315888404846,
            -0.4151638150215149,
            -0.07553280889987946
        ],
        [
            0.09435144811868668,
            -0.39611172676086426,
            -0.21597211062908173
        ],
        [
            0.03876951336860657,
            -0.7307080030441284,
            -0.04665582627058029
        ],
        [
            -0.014702040702104568,
            -0.9149115085601807,
            -0.12577807903289795
        ],
        [
            0.005013595335185528,
            -0.25717440247535706,
            0.04734908044338226
        ],
        [
            0.04037705436348915,
            -0.6748592257499695,
            -0.024377234280109406
        ],
        [
            0.04400590807199478,
            -0.5045456290245056,
            0.032757870852947235
        ],
        [
            -0.012642702087759972,
            -0.8003703951835632,
            -0.133525088429451
        ],
        [
            -0.016747675836086273,
            -0.9353774189949036,
            -0.11918605864048004
        ]
    ],
    "pred_vertices": [
        [
            -0.04022938758134842,
            -0.8999464511871338,
            -0.21084623038768768
        ],
        [
            -0.045650750398635864,
            -0.8845007419586182,
            -0.20875665545463562
        ],
        [
            -0.03098185360431671,
            -0.8838063478469849,
            -0.21037790179252625
        ],
        [
            -0.02295708656311035,
            -0.8967490196228027,
            -0.2090447098016739
        ],
        [
            -0.03580164164304733,
            -0.8735920190811157,
            -0.20921458303928375
        ],
        [
            -0.04803348332643509,
            -0.8730579614639282,
            -0.2064567655324936
        ],
        [
            -0.017675481736660004,
            -0.8808053731918335,
            -0.20693477988243103
        ],
        [
            -0.008721992373466492,
            -0.8903523087501526,
            -0.2043268084526062
        ],
        [
            0.001154191792011261,
            -0.8500024676322937,
            -0.1958608478307724
        ],
        [
            0.0113835409283638,
            -0.8480561971664429,
            -0.19112099707126617
        ],
        [
            0.008148729801177979,
            -0.8591793179512024,
            -0.19511881470680237
        ],
        [
            -0.001760721206665039,
            -0.8582636713981628,
            -0.1977185755968094
        ],
        [
            0.00882529467344284,
            -0.8257812261581421,
            -0.18799279630184174
        ],
        [
            0.0006143003702163696,
            -0.8144779801368713,
            -0.18767470121383667
        ],
        [
            0.01110570877790451,
            -0.8082377314567566,
            -0.1810714453458786
        ],
        [
            0.01905093342065811,
            -0.8191685080528259,
            -0.18007563054561615
        ],
        [
            -0.04211503267288208,
            -0.8211788535118103,
            -0.18331415951251984
        ],
        [
            -0.035951465368270874,
            -0.8150304555892944,
            -0.18566986918449402
        ],
        [
            -0.03414551913738251,
            -0.821893572807312,
            -0.18888132274150848
        ],
        [
            -0.04040682315826416,
            -0.8272067308425903,
            -0.18573397397994995
        ],
        [
            -0.05476284772157669,
            -0.8288917541503906,
            -0.18249593675136566
        ],
        [
            -0.05288519710302353,
            -0.8350886106491089,
            -0.18178690969944
        ],
        [
            -0.060547344386577606,
            -0.8373590707778931,
            -0.18255503475666046
        ],
        [
            -0.062367089092731476,
            -0.8302243947982788,
            -0.18457913398742676
        ],
        [
            -0.044853247702121735,
            -0.815941572189331,
            -0.17856226861476898
        ],
        [
            -0.037978872656822205,
            -0.8096914291381836,
            -0.18102265894412994
        ],
        [
            -0.047757990658283234,
            -0.8262215256690979,
            -0.18176329135894775
        ],
        [
            -0.04952266067266464,
            -0.8213456273078918,
            -0.181401789188385
        ],
        [
            -0.05738198757171631,
            -0.8126915097236633,
            -0.18563216924667358
        ],
        [
            -0.05627269297838211,
            -0.8176707029342651,
            -0.18636977672576904
        ],
        [
            -0.06367204338312149,
            -0.816919207572937,
            -0.18884199857711792
        ],
        [
            -0.06298702210187912,
            -0.8117160797119141,
            -0.18665049970149994
        ],
        [
            -0.04898679256439209,
            -0.8145662546157837,
            -0.18088184297084808
        ],
        [
            -0.05113382637500763,
            -0.8166996836662292,
            -0.18367579579353333
        ],
        [
            -0.05367739498615265,
            -0.8124217987060547,
            -0.18303748965263367
        ],
        [
            -0.05199321359395981,
            -0.8111634254455566,
            -0.17948520183563232
        ],
        [
            -0.056301847100257874,
            -0.8240790963172913,
            -0.18332183361053467
        ],
        [
            -0.06348350644111633,
            -0.8240227699279785,
            -0.18646752834320068
        ],
        [
            -0.07144369930028915,
            -0.8234992027282715,
            -0.18897302448749542
        ],
        [
            -0.07122892886400223,
            -0.8145604133605957,
            -0.19070765376091003
        ],
        [
            -0.02007971704006195,
            -0.8038603663444519,
            -0.18624146282672882
        ],
        [
            -0.028502732515335083,
            -0.8093445301055908,
            -0.18699216842651367
        ],
        [
            -0.031084589660167694,
            -0.8043375015258789,
            -0.18284651637077332
        ],
        [
            -0.02427862584590912,
            -0.7998672127723694,
            -0.18313410878181458
        ],
        [
            -0.047922395169734955,
            -0.8088788986206055,
            -0.17746931314468384
        ],
        [
            -0.041307300329208374,
            -0.7935652732849121,
            -0.17743244767189026
        ],
        [
            -0.042267002165317535,
            -0.7971433401107788,
            -0.17862437665462494
        ],
        [
            -0.049492329359054565,
            -0.7967532277107239,
            -0.17732232809066772
        ],
        [
            -0.04802881181240082,
            -0.793466329574585,
            -0.17657974362373352
        ],
        [
            -0.007009036839008331,
            -0.7922980785369873,
            -0.18075589835643768
        ],
        [
            -0.013993345201015472,
            -0.7898881435394287,
            -0.1801203489303589
        ],
        [
            -0.01007121056318283,
            -0.7837774753570557,
            -0.17725525796413422
        ],
        [
            -0.0022332370281219482,
            -0.7852374315261841,
            -0.1763431578874588
        ],
        [
            -0.009214155375957489,
            -0.7782784700393677,
            -0.17413778603076935
        ],
        [
            0.0013398006558418274,
            -0.7783234715461731,
            -0.17189495265483856
        ],
        [
            -0.0018981844186782837,
            -0.7643637657165527,
            -0.16336947679519653
        ],
        [
            0.0002964287996292114,
            -0.7706097364425659,
            -0.16731451451778412
        ],
        [
            -0.010923691093921661,
            -0.772585391998291,
            -0.17086316645145416
        ],
        [
            -0.015804193913936615,
            -0.766739010810852,
            -0.16862431168556213
        ],
        [
            -0.031931810081005096,
            -0.7687762975692749,
            -0.16665473580360413
        ],
        [
            -0.03777290880680084,
            -0.766640305519104,
            -0.16441139578819275
        ],
        [
            -0.029874145984649658,
            -0.7555720210075378,
            -0.16415634751319885
        ],
        [
            -0.02310970425605774,
            -0.7601914405822754,
            -0.16661706566810608
        ],
        [
            -0.037337563931941986,
            -0.7890666127204895,
            -0.17291423678398132
        ],
        [
            -0.03260708600282669,
            -0.7900280356407166,
            -0.17358455061912537
        ],
        [
            -0.03433321416378021,
            -0.7908213138580322,
            -0.17563539743423462
        ],
        [
            -0.03978981077671051,
            -0.7908337116241455,
            -0.17537149786949158
        ],
        [
            -0.028693020343780518,
            -0.7903140783309937,
            -0.17468109726905823
        ],
        [
            -0.026947759091854095,
            -0.7903335094451904,
            -0.17522236704826355
        ],
        [
            -0.028270035982131958,
            -0.7912685871124268,
            -0.1761607527732849
        ],
        [
            -0.02944418042898178,
            -0.7910034656524658,
            -0.1750321090221405
        ],
        [
            -0.031174063682556152,
            -0.7904329895973206,
            -0.17410191893577576
        ],
        [
            -0.031657665967941284,
            -0.7883930206298828,
            -0.17341609299182892
        ],
        [
            -0.02940972149372101,
            -0.7893707752227783,
            -0.17433667182922363
        ],
        [
            -0.035907819867134094,
            -0.7867056727409363,
            -0.172853022813797
        ],
        [
            -0.04947660118341446,
            -0.7820236682891846,
            -0.16965854167938232
        ],
        [
            -0.04604259133338928,
            -0.7829591035842896,
            -0.1712169349193573
        ],
        [
            -0.04763107746839523,
            -0.7874569892883301,
            -0.17033618688583374
        ],
        [
            -0.05059325695037842,
            -0.7869415879249573,
            -0.16914808750152588
        ],
        [
            -0.03102923184633255,
            -0.792694628238678,
            -0.1766442358493805
        ],
        [
            -0.029394730925559998,
            -0.7942107915878296,
            -0.1784408986568451
        ],
        [
            -0.035128943622112274,
            -0.7957340478897095,
            -0.1788998246192932
        ],
        [
            -0.03486339747905731,
            -0.7932820320129395,
            -0.1770433485507965
        ],
        [
            -0.027748480439186096,
            -0.796161413192749,
            -0.18056201934814453
        ],
        [
            -0.026491902768611908,
            -0.7926311492919922,
            -0.17757028341293335
        ],
        [
            -0.023754611611366272,
            -0.7935695648193359,
            -0.1795985996723175
        ],
        [
            -0.026861019432544708,
            -0.7885299324989319,
            -0.1745833456516266
        ],
        [
            -0.02350529283285141,
            -0.7872902154922485,
            -0.17518961429595947
        ],
        [
            -0.024454519152641296,
            -0.7896630764007568,
            -0.17670407891273499
        ],
        [
            -0.024379462003707886,
            -0.7839813232421875,
            -0.1734650731086731
        ],
        [
            -0.02888399362564087,
            -0.7863410115242004,
            -0.17330999672412872
        ],
        [
            -0.03283967077732086,
            -0.7837082147598267,
            -0.17250849306583405
        ],
        [
            -0.03813306987285614,
            -0.7810705900192261,
            -0.17150259017944336
        ],
        [
            -0.033127740025520325,
            -0.7772346138954163,
            -0.17016814649105072
        ],
        [
            -0.027916133403778076,
            -0.7804547548294067,
            -0.17187033593654633
        ],
        [
            -0.03383638709783554,
            -0.7997724413871765,
            -0.18062737584114075
        ],
        [
            -0.019958429038524628,
            -0.7895827293395996,
            -0.17825432121753693
        ],
        [
            -0.018931500613689423,
            -0.7959775924682617,
            -0.181802898645401
        ],
        [
            -0.018039628863334656,
            -0.7851700782775879,
            -0.17649978399276733
        ],
        [
            -0.01807517558336258,
            -0.7808386087417603,
            -0.1739734709262848
        ],
        [
            -0.020686499774456024,
            -0.776528000831604,
            -0.1716657280921936
        ],
        [
            -0.026196777820587158,
            -0.7723511457443237,
            -0.16901648044586182
        ],
        [
            -0.01829630881547928,
            -0.7503722906112671,
            -0.15610027313232422
        ],
        [
            -0.010592438280582428,
            -0.756392776966095,
            -0.1600998044013977
        ],
        [
            -0.046168215572834015,
            -0.8666616678237915,
            -0.20112019777297974
        ],
        [
            -0.03778665512800217,
            -0.8668972253799438,
            -0.20513860881328583
        ],
        [
            -0.0326179638504982,
            -0.8609801530838013,
            -0.20025236904621124
        ],
        [
            -0.03200577199459076,
            -0.8632166385650635,
            -0.20183607935905457
        ],
        [
            -0.03805834800004959,
            -0.8634730577468872,
            -0.2009854018688202
        ],
        [
            -0.03738054633140564,
            -0.8610036373138428,
            -0.19938093423843384
        ],
        [
            -0.010948844254016876,
            -0.8585355281829834,
            -0.19762200117111206
        ],
        [
            -0.017991110682487488,
            -0.8589028120040894,
            -0.1977478414773941
        ],
        [
            -0.0158679336309433,
            -0.8556561470031738,
            -0.1962825506925583
        ],
        [
            -0.007859058678150177,
            -0.8524154424667358,
            -0.1969730257987976
        ],
        [
            -0.024382635951042175,
            -0.8461827635765076,
            -0.19426846504211426
        ],
        [
            -0.019319966435432434,
            -0.8484617471694946,
            -0.19533124566078186
        ],
        [
            -0.02545686811208725,
            -0.8540027141571045,
            -0.19589276611804962
        ],
        [
            -0.02916276454925537,
            -0.8523424863815308,
            -0.19519315659999847
        ],
        [
            -0.033142440021038055,
            -0.8512486219406128,
            -0.1939549297094345
        ],
        [
            -0.03708011656999588,
            -0.8507275581359863,
            -0.19203530251979828
        ],
        [
            -0.03528427332639694,
            -0.8458757996559143,
            -0.19052331149578094
        ],
        [
            -0.030129089951515198,
            -0.8455736041069031,
            -0.19258332252502441
        ],
        [
            -0.043984271585941315,
            -0.864126980304718,
            -0.19737498462200165
        ],
        [
            -0.04893314093351364,
            -0.8632725477218628,
            -0.19217664003372192
        ],
        [
            -0.04677630960941315,
            -0.8606938719749451,
            -0.1919066160917282
        ],
        [
            -0.042868658900260925,
            -0.86122727394104,
            -0.1965668499469757
        ],
        [
            -0.04949043691158295,
            -0.8557919859886169,
            -0.17987124621868134
        ],
        [
            -0.049799442291259766,
            -0.8578774929046631,
            -0.18200954794883728
        ],
        [
            -0.0534660667181015,
            -0.8588261604309082,
            -0.18057182431221008
        ],
        [
            -0.052635952830314636,
            -0.8546620607376099,
            -0.1784372329711914
        ],
        [
            -0.05037786811590195,
            -0.8517505526542664,
            -0.17952847480773926
        ],
        [
            -0.04851415753364563,
            -0.8540196418762207,
            -0.18075627088546753
        ],
        [
            -0.05065562576055527,
            -0.9210711717605591,
            -0.2075192779302597
        ],
        [
            -0.055658645927906036,
            -0.9022623896598816,
            -0.20738187432289124
        ],
        [
            -0.029524385929107666,
            -0.9183568954467773,
            -0.20799532532691956
        ],
        [
            -0.013062365353107452,
            -0.9116631150245667,
            -0.20420733094215393
        ],
        [
            0.0014240294694900513,
            -0.9013811349868774,
            -0.20031261444091797
        ],
        [
            0.0018839016556739807,
            -0.7987275719642639,
            -0.18122804164886475
        ],
        [
            0.009246543049812317,
            -0.7917757034301758,
            -0.17582862079143524
        ],
        [
            0.021145708858966827,
            -0.8026149272918701,
            -0.1741441786289215
        ],
        [
            0.025812551379203796,
            -0.7937601804733276,
            -0.16668231785297394
        ],
        [
            0.013416200876235962,
            -0.782886266708374,
            -0.16952009499073029
        ],
        [
            0.010209821164608002,
            -0.7656064629554749,
            -0.15484604239463806
        ],
        [
            0.013881780207157135,
            -0.7736430764198303,
            -0.16223439574241638
        ],
        [
            0.02863844484090805,
            -0.785627007484436,
            -0.1565735638141632
        ],
        [
            0.04089958593249321,
            -0.8020263910293579,
            -0.15308412909507751
        ],
        [
            0.0358014851808548,
            -0.8069794178009033,
            -0.16414977610111237
        ],
        [
            0.04865133762359619,
            -0.8205538988113403,
            -0.14969871938228607
        ],
        [
            0.04801831394433975,
            -0.7975311279296875,
            -0.13900309801101685
        ],
        [
            0.05342072620987892,
            -0.8215633034706116,
            -0.14078029990196228
        ],
        [
            0.04563558101654053,
            -0.759780764579773,
            -0.12292177230119705
        ],
        [
            0.05312306433916092,
            -0.7498254776000977,
            -0.1165848970413208
        ],
        [
            0.06704887002706528,
            -0.7607956528663635,
            -0.11134253442287445
        ],
        [
            0.06088126078248024,
            -0.7706669569015503,
            -0.11945420503616333
        ],
        [
            0.028813205659389496,
            -0.8126943111419678,
            -0.17232194542884827
        ],
        [
            0.012406237423419952,
            -0.8712462186813354,
            -0.1929534524679184
        ],
        [
            0.0017533078789710999,
            -0.8677113056182861,
            -0.1984037458896637
        ],
        [
            0.019149497151374817,
            -0.8604767322540283,
            -0.1892053782939911
        ],
        [
            0.013035021722316742,
            -0.934186577796936,
            -0.19286666810512543
        ],
        [
            -0.0013600736856460571,
            -0.924436628818512,
            -0.20079341530799866
        ],
        [
            0.011831194162368774,
            -0.9120571613311768,
            -0.19753043353557587
        ],
        [
            0.023735806345939636,
            -0.9229507446289062,
            -0.19100409746170044
        ],
        [
            -0.020637378096580505,
            -0.9638581275939941,
            -0.18709737062454224
        ],
        [
            -0.035942867398262024,
            -0.9446545839309692,
            -0.19983969628810883
        ],
        [
            -0.01973392814397812,
            -0.9360467195510864,
            -0.20057131350040436
        ],
        [
            -0.005691692233085632,
            -0.951025664806366,
            -0.19143974781036377
        ],
        [
            0.03293439745903015,
            -0.9280633926391602,
            -0.18304415047168732
        ],
        [
            0.04566754400730133,
            -0.9348526000976562,
            -0.17074677348136902
        ],
        [
            0.043385326862335205,
            -0.9524722099304199,
            -0.16705746948719025
        ],
        [
            0.027077138423919678,
            -0.9455199837684631,
            -0.1814926415681839
        ],
        [
            0.034612350165843964,
            -0.9731987714767456,
            -0.15810467302799225
        ],
        [
            0.014769434928894043,
            -0.9658522605895996,
            -0.1756312996149063
        ],
        [
            0.06218724325299263,
            -0.8109555244445801,
            -0.12701164186000824
        ],
        [
            0.060627181082963943,
            -0.829764723777771,
            -0.13201677799224854
        ],
        [
            0.05266443267464638,
            -0.7824901342391968,
            -0.12887811660766602
        ],
        [
            0.06546512246131897,
            -0.7948804497718811,
            -0.12049438804388046
        ],
        [
            0.021236181259155273,
            -0.9895617961883545,
            -0.1451527178287506
        ],
        [
            -0.0014886856079101562,
            -0.9814416170120239,
            -0.1670277863740921
        ],
        [
            0.07556550204753876,
            -0.9282433986663818,
            -0.124311164021492
        ],
        [
            0.06824947148561478,
            -0.943099856376648,
            -0.13615596294403076
        ],
        [
