{
    "pred_cam": [
        1.1357864141464233,
        0.05111397057771683,
        0.16421571373939514
    ],
    "pred_smpl_params": {
        "global_orient": [
            [
                [
                    0.9704886078834534,
                    0.15249939262866974,
                    -0.18680411577224731
                ],
                [
                    0.14443746209144592,
                    -0.9879215359687805,
                    -0.0561150461435318
                ],
                [
                    -0.1931053102016449,
                    0.027477500960230827,
                    -0.9807932376861572
                ]
            ]
        ],
        "body_pose": [
            [
                [
                    0.9946811199188232,
                    -0.09165158867835999,
                    0.04700584337115288
                ],
                [
                    0.08557765185832977,
                    0.989311933517456,
                    0.11806069314479828
                ],
                [
                    -0.057323891669511795,
                    -0.11341007798910141,
                    0.9918932318687439
                ]
            ],
            [
                [
                    0.9930731058120728,
                    0.024141179397702217,
                    0.11499110609292984
                ],
                [
                    -0.04495644569396973,
                    0.9822644591331482,
                    0.1820317953824997
                ],
                [
                    -0.10855720192193985,
                    -0.18594048917293549,
                    0.9765456914901733
                ]
            ],
            [
                [
                    0.9973083138465881,
                    -0.004833964165300131,
                    -0.07316184043884277
                ],
                [
                    -0.007990480400621891,
                    0.9847158789634705,
                    -0.17398494482040405
                ],
                [
                    0.07288467139005661,
                    0.17410124838352203,
                    0.9820266962051392
                ]
            ],
            [
                [
                    0.9947914481163025,
                    0.049409691244363785,
                    -0.08915574103593826
                ],
                [
                    -0.09210559725761414,
                    0.810407817363739,
                    -0.5785807967185974
                ],
                [
                    0.04366496950387955,
                    0.5837789177894592,
                    0.810737669467926
                ]
            ],
            [
                [
                    0.9841415286064148,
                    0.07136454433202744,
                    0.16239619255065918
                ],
                [
                    0.052713338285684586,
                    0.7564840912818909,
                    -0.6518842577934265
                ],
                [
                    -0.16937156021595,
                    0.6501068472862244,
                    0.7407255172729492
                ]
            ],
            [
                [
                    0.994638979434967,
                    -0.08761817961931229,
                    -0.05491982400417328
                ],
                [
                    0.0845642015337944,
                    0.994861900806427,
                    -0.05566539615392685
                ],
                [
                    0.05951494351029396,
                    0.05072272941470146,
                    0.9969378113746643
                ]
            ],
            [
                [
                    0.9911783933639526,
                    0.0337132103741169,
                    0.12817467749118805
                ],
                [
                    -0.04482274502515793,
                    0.9953890442848206,
                    0.08480296283960342
                ],
                [
                    -0.12472470104694366,
                    -0.08980001509189606,
                    0.9881192445755005
                ]
            ],
            [
                [
                    0.9809798002243042,
                    -0.12231036275625229,
                    -0.15072743594646454
                ],
                [
                    0.12515318393707275,
                    0.9920921325683594,
                    0.009484655223786831
                ],
                [
                    0.14837542176246643,
                    -0.028168272227048874,
                    0.9885298609733582
                ]
            ],
            [
                [
                    0.9974507093429565,
                    -0.041293300688266754,
                    -0.0581970289349556
                ],
                [
                    0.039190493524074554,
                    0.9985530376434326,
                    -0.03682252764701843
                ],
                [
                    0.059633348137140274,
                    0.03444788604974747,
                    0.9976257681846619
                ]
            ],
            [
                [
                    0.9895892143249512,
                    -0.11942079663276672,
                    0.08032365888357162
                ],
                [
                    0.10036762058734894,
                    0.9726369976997375,
                    0.2095319926738739
                ],
                [
                    -0.10314823687076569,
                    -0.19928869605064392,
                    0.9744970798492432
                ]
            ],
            [
                [
                    0.9739445447921753,
                    0.22678270936012268,
                    0.0012314420891925693
                ],
                [
                    -0.22443348169326782,
                    0.9630470275878906,
                    0.14889590442180634
                ],
                [
                    0.032581083476543427,
                    -0.1452927440404892,
                    0.9888520240783691
                ]
            ],
            [
                [
                    0.9771947264671326,
                    -0.0361076220870018,
                    -0.20925256609916687
                ],
                [
                    0.037629760801792145,
                    0.9992862939834595,
                    0.0032962681725621223
                ],
                [
                    0.20898421108722687,
                    -0.011095220223069191,
                    0.9778560400009155
                ]
            ],
            [
                [
                    0.9156882166862488,
                    0.32311153411865234,
                    -0.23898541927337646
                ],
                [
                    -0.32835325598716736,
                    0.9443699717521667,
                    0.01869414933025837
                ],
                [
                    0.23173095285892487,
                    0.06135362759232521,
                    0.9708431959152222
                ]
            ],
            [
                [
                    0.9277772903442383,
                    -0.3507619798183441,
                    0.1272604912519455
                ],
                [
                    0.3540166914463043,
                    0.9352337121963501,
                    -0.003176160156726837
                ],
                [
                    -0.11790423095226288,
                    0.04799910634756088,
                    0.9918642044067383
                ]
            ],
            [
                [
                    0.9748745560646057,
                    -0.11654013395309448,
                    -0.18983682990074158
                ],
                [
                    0.06779101490974426,
                    0.9670183062553406,
                    -0.24551984667778015
                ],
                [
                    0.21218860149383545,
                    0.22648181021213531,
                    0.9506219029426575
                ]
            ],
            [
                [
                    0.39593905210494995,
                    0.7500889897346497,
                    -0.5297158360481262
                ],
                [
                    -0.8609866499900818,
                    0.5038080215454102,
                    0.06985370069742203
                ],
                [
                    0.3192715644836426,
                    0.42842042446136475,
                    0.8452938795089722
                ]
            ],
            [
                [
                    0.5571566820144653,
                    -0.7738162875175476,
                    0.3013054430484772
                ],
                [
                    0.8269617557525635,
                    0.5500523447990417,
                    -0.11651930958032608
                ],
                [
                    -0.07556920498609543,
                    0.31408756971359253,
                    0.9463818073272705
                ]
            ],
            [
                [
                    0.03059718757867813,
                    -0.4098958969116211,
                    -0.9116190671920776
                ],
                [
                    -0.11252055317163467,
                    0.9048359990119934,
                    -0.41062265634536743
                ],
                [
                    0.9931782484054565,
                    0.11513976752758026,
                    -0.01843627542257309
                ]
            ],
            [
                [
                    0.29700806736946106,
                    0.37139788269996643,
                    0.8796874284744263
                ],
                [
                    -0.08572393655776978,
                    0.9279101490974426,
                    -0.362814337015152
                ],
                [
                    -0.9510193467140198,
                    0.03234853968024254,
                    0.3074344992637634
                ]
            ],
            [
                [
                    0.9830652475357056,
                    -0.1650380939245224,
                    -0.0796564370393753
                ],
                [
                    0.16959205269813538,
                    0.9840217232704163,
                    0.05422018840909004
                ],
                [
                    0.06943526864051819,
                    -0.06681108474731445,
                    0.99534672498703
                ]
            ],
            [
                [
                    0.9869232773780823,
                    0.14792472124099731,
                    0.06403836607933044
                ],
                [
                    -0.14767241477966309,
                    0.9889982342720032,
                    -0.008681925013661385
                ],
                [
                    -0.06461810320615768,
                    -0.0008883057162165642,
                    0.9979097843170166
                ]
            ],
            [
                [
                    0.973953902721405,
                    0.21121300756931305,
                    -0.0824788510799408
                ],
                [
                    -0.2006615251302719,
                    0.9722533822059631,
                    0.12024260312318802
                ],
                [
                    0.10558714717626572,
                    -0.10056043416261673,
                    0.9893122911453247
                ]
            ],
            [
                [
                    0.9740484356880188,
                    -0.2140129655599594,
                    0.07367417961359024
                ],
                [
                    0.20056836307048798,
                    0.9669814705848694,
                    0.15722298622131348
                ],
                [
                    -0.10488934069871902,
                    -0.13836613297462463,
                    0.984811007976532
                ]
            ]
        ],
        "betas": [
            -0.015932530164718628,
            0.08740876615047455,
            0.31036749482154846,
            0.7132810950279236,
            0.02015933394432068,
            -0.011041250079870224,
            -0.03326329588890076,
            0.014352291822433472,
            0.061538517475128174,
            -0.0465732216835022
        ]
    },
    "pred_cam_t": [
        0.05111397057771683,
        0.16421571373939514,
        34.39247131347656
    ],
    "focal_length": [
        5000.0,
        5000.0
    ],
    "pred_keypoints_3d": [
        [
            -0.0816606804728508,
            -0.8192703127861023,
            -0.13201966881752014
        ],
        [
            0.03731206804513931,
            -0.7440284490585327,
            -0.0017505921423435211
        ],
        [
            -0.12843604385852814,
            -0.6507142782211304,
            0.08166930079460144
        ],
        [
            -0.16873721778392792,
            -0.4107089638710022,
            0.1470775306224823
        ],
        [
            -0.20181959867477417,
            -0.2960900068283081,
            -0.07626530528068542
        ],
        [
            0.19524812698364258,
            -0.6387916803359985,
            -0.07347249239683151
        ],
        [
            0.18915121257305145,
            -0.38051268458366394,
            -0.08835448324680328
        ],
        [
            -0.040959104895591736,
            -0.40985965728759766,
            -0.1749475598335266
        ],
        [
            -0.002335422206670046,
            -0.23076081275939941,
            0.02669515088200569
        ],
        [
            -0.07914817333221436,
            -0.1505986452102661,
            0.04177653789520264
        ],
        [
            -0.19467735290527344,
            0.20606771111488342,
            -0.025035038590431213
        ],
        [
            -0.2566865384578705,
            0.523327112197876,
            0.20335614681243896
        ],
        [
            0.050657548010349274,
            -0.13011707365512848,
            0.01826143078505993
        ],
        [
            0.05442895367741585,
            0.23748447000980377,
            -0.04150458425283432
        ],
        [
            0.03298142924904823,
            0.5671377778053284,
            0.17586824297904968
        ],
        [
            -0.086573027074337,
            -0.8662523031234741,
            -0.09176728874444962
        ],
        [
            -0.044248588383197784,
            -0.8664267063140869,
            -0.1429046243429184
        ],
        [
            -0.04104284942150116,
            -0.8758403062820435,
            0.0002005845308303833
        ],
        [
            0.054855115711688995,
            -0.8751358985900879,
            -0.1120130866765976
        ],
        [
            0.00743836909532547,
            0.6829460859298706,
            0.015290141105651855
        ],
        [
            0.0782720297574997,
            0.6799396276473999,
            0.06011950969696045
        ],
        [
            0.04369306191802025,
            0.5782705545425415,
            0.24376681447029114
        ],
        [
            -0.2768639028072357,
            0.6545838117599487,
            0.054530590772628784
        ],
        [
            -0.34514319896698,
            0.6258561611175537,
            0.10236737132072449
        ],
        [
            -0.2598404288291931,
            0.5357462167739868,
            0.2754817306995392
        ],
        [
            -0.2665424644947052,
            0.4655759334564209,
            0.20258186757564545
        ],
        [
            -0.17746411263942719,
            0.1474636346101761,
            -0.02482675015926361
        ],
        [
            -0.13449662923812866,
            -0.28434842824935913,
            0.0670991837978363
        ],
        [
            0.14316877722740173,
            -0.22644752264022827,
            0.02296135574579239
        ],
        [
            0.06654897332191467,
            0.1968822181224823,
            -0.043161217123270035
        ],
        [
            0.0474872961640358,
            0.5267203450202942,
            0.18222874402999878
        ],
        [
            -0.18546514213085175,
            -0.3317674994468689,
            -0.07293638586997986
        ],
        [
            -0.19887828826904297,
            -0.4359606206417084,
            0.1255563646554947
        ],
        [
            -0.09529673308134079,
            -0.6829319000244141,
            0.06953656673431396
        ],
        [
            0.17223277688026428,
            -0.6721776127815247,
            -0.058070577681064606
        ],
        [
            0.19393017888069153,
            -0.41483667492866516,
            -0.12729290127754211
        ],
        [
            -0.023578273132443428,
            -0.4268938899040222,
            -0.17328453063964844
        ],
        [
            0.03502865880727768,
            -0.7329530715942383,
            -0.009921661578118801
        ],
        [
            -0.013294177129864693,
            -0.923556923866272,
            -0.07697468996047974
        ],
        [
            0.004845779854804277,
            -0.25534409284591675,
            0.04416797310113907
        ],
        [
            0.03624969720840454,
            -0.6751314997673035,
            0.003867600578814745
        ],
        [
            0.04366716742515564,
            -0.5022709369659424,
            0.047646258026361465
        ],
        [
            -0.017650680616497993,
            -0.8093393445014954,
            -0.08567900955677032
        ],
        [
            -0.01395990327000618,
            -0.9437379837036133,
            -0.0704454556107521
        ]
    ],
    "pred_vertices": [
        [
            -0.044606149196624756,
            -0.9108188152313232,
            -0.1603909432888031
        ],
        [
            -0.0507110059261322,
            -0.8957833051681519,
            -0.15797004103660583
        ],
        [
            -0.0362471342086792,
            -0.8942946195602417,
            -0.16041766107082367
        ],
        [
            -0.027485176920890808,
            -0.9067151546478271,
            -0.15952473878860474
        ],
        [
            -0.04154961556196213,
            -0.8843062520027161,
            -0.15906307101249695
        ],
        [
            -0.05346479266881943,
            -0.8842331171035767,
            -0.15569022297859192
        ],
        [
            -0.023017577826976776,
            -0.8905639052391052,
            -0.15782397985458374
        ],
        [
            -0.013413161039352417,
            -0.8996655941009521,
            -0.15564829111099243
        ],
        [
            -0.005310907959938049,
            -0.8588582873344421,
            -0.14821749925613403
        ],
        [
            0.0050076767802238464,
            -0.8564825057983398,
            -0.1440957933664322
        ],
        [
            0.0020752325654029846,
            -0.8677072525024414,
            -0.14762581884860992
        ],
        [
            -0.007893316447734833,
            -0.8672053813934326,
            -0.14972801506519318
        ],
        [
            0.001494772732257843,
            -0.8342311382293701,
            -0.1409958153963089
        ],
        [
            -0.0072062090039253235,
            -0.8234056234359741,
            -0.1402694284915924
        ],
        [
            0.0032198727130889893,
            -0.8166241645812988,
            -0.13436450064182281
        ],
        [
            0.011750385165214539,
            -0.8270910382270813,
            -0.13374684751033783
        ],
        [
            -0.04876171052455902,
            -0.8321572542190552,
            -0.1332322359085083
        ],
        [
            -0.043128132820129395,
            -0.8257802724838257,
            -0.1359504759311676
        ],
        [
            -0.041193343698978424,
            -0.8325316309928894,
            -0.13923007249832153
        ],
        [
            -0.04692899435758591,
            -0.8380862474441528,
            -0.13572318851947784
        ],
        [
            -0.06085734814405441,
            -0.8403416872024536,
            -0.1317141205072403
        ],
        [
            -0.05868922173976898,
            -0.8464297652244568,
            -0.13108888268470764
        ],
        [
            -0.06620123237371445,
            -0.8490661382675171,
            -0.13137176632881165
        ],
        [
            -0.06844759732484818,
            -0.8420618176460266,
            -0.13330715894699097
        ],
        [
            -0.051403626799583435,
            -0.8270372152328491,
            -0.1283414512872696
        ],
        [
            -0.045066267251968384,
            -0.8205628991127014,
            -0.13119754195213318
        ],
        [
            -0.053994372487068176,
            -0.8373990654945374,
            -0.1313793659210205
        ],
        [
            -0.05594249069690704,
            -0.8325809836387634,
            -0.13091716170310974
        ],
        [
            -0.06437842547893524,
            -0.8243460655212402,
            -0.1347246915102005
        ],
        [
            -0.06308909505605698,
            -0.8292615413665771,
            -0.13552357256412506
        ],
        [
            -0.07058495283126831,
            -0.8288734555244446,
            -0.13755643367767334
        ],
        [
            -0.07001445442438126,
            -0.8236462473869324,
            -0.13546212017536163
        ],
        [
            -0.05565110594034195,
            -0.8257753252983093,
            -0.13051852583885193
        ],
        [
            -0.05784309655427933,
            -0.8280212879180908,
            -0.13314923644065857
        ],
        [
            -0.060532763600349426,
            -0.823861300945282,
            -0.13240009546279907
        ],
        [
            -0.05869632214307785,
            -0.8224948644638062,
            -0.12896858155727386
        ],
        [
            -0.06260231137275696,
            -0.8356244564056396,
            -0.1324710249900818
        ],
        [
            -0.06992056965827942,
            -0.8359437584877014,
            -0.13517636060714722
        ],
        [
            -0.07798097282648087,
            -0.8358173370361328,
            -0.1371648609638214
        ],
        [
            -0.0783022865653038,
            -0.8268606066703796,
            -0.13893313705921173
        ],
        [
            -0.02811017632484436,
            -0.8139512538909912,
            -0.13760477304458618
        ],
        [
            -0.03611695021390915,
            -0.8198046684265137,
            -0.13780364394187927
        ],
        [
            -0.038673385977745056,
            -0.8149672746658325,
            -0.13350005447864532
        ],
        [
            -0.03224164992570877,
            -0.8102004528045654,
            -0.13423627614974976
        ],
        [
            -0.054694414138793945,
            -0.8200874328613281,
            -0.1271655559539795
        ],
        [
            -0.04901216924190521,
            -0.8046331405639648,
            -0.12765249609947205
        ],
        [
            -0.04981403052806854,
            -0.8082320690155029,
            -0.12870611250400543
        ],
        [
            -0.05689432471990585,
            -0.8081788420677185,
            -0.12696966528892517
        ],
        [
            -0.055604495108127594,
            -0.8048498630523682,
            -0.1263795793056488
        ],
        [
            -0.015492089092731476,
            -0.8017934560775757,
            -0.13302195072174072
        ],
        [
            -0.0224546417593956,
            -0.7997808456420898,
            -0.1318787932395935
        ],
        [
            -0.018756181001663208,
            -0.793503999710083,
            -0.12933707237243652
        ],
        [
            -0.01093706488609314,
            -0.7945350408554077,
            -0.12895779311656952
        ],
        [
            -0.018086664378643036,
            -0.7880351543426514,
            -0.12625621259212494
        ],
        [
            -0.007578141987323761,
            -0.7875099182128906,
            -0.12478025257587433
        ],
        [
            -0.011060826480388641,
            -0.7737678289413452,
            -0.11628681421279907
        ],
        [
            -0.008778460323810577,
            -0.7799021005630493,
            -0.12025634199380875
        ],
        [
            -0.01989075541496277,
            -0.782454788684845,
            -0.12293506413698196
        ],
        [
            -0.024884790182113647,
            -0.7768371105194092,
            -0.12045852094888687
        ],
        [
            -0.040453195571899414,
            -0.7795916795730591,
            -0.11764228343963623
        ],
        [
            -0.046134382486343384,
            -0.7777562141418457,
            -0.11500980705022812
        ],
        [
            -0.038967251777648926,
            -0.7664114236831665,
            -0.11526104807853699
        ],
        [
            -0.03228846937417984,
            -0.7706539034843445,
            -0.11804251372814178
        ],
        [
            -0.045074187219142914,
            -0.7999942302703857,
            -0.12339647859334946
        ],
        [
            -0.04039344936609268,
            -0.8007332682609558,
            -0.12435827404260635
        ],
        [
            -0.0421731099486351,
            -0.801616370677948,
            -0.12628546357154846
        ],
        [
            -0.047544755041599274,
            -0.8018898963928223,
            -0.12571246922016144
        ],
        [
            -0.03659466654062271,
            -0.8008674383163452,
            -0.1256447434425354
        ],
        [
            -0.034901976585388184,
            -0.8008038401603699,
            -0.12627528607845306
        ],
        [
            -0.036204397678375244,
            -0.8017947673797607,
            -0.12712723016738892
        ],
        [
            -0.03727535903453827,
            -0.8015660047531128,
            -0.12598296999931335
        ],
        [
            -0.038967013359069824,
            -0.8010697364807129,
            -0.12496814131736755
        ],
        [
            -0.03951454162597656,
            -0.7990623116493225,
            -0.12427697330713272
        ],
        [
            -0.0373411625623703,
            -0.7999561429023743,
            -0.12527340650558472
        ],
        [
            -0.04376468062400818,
            -0.797581672668457,
            -0.12347037345170975
        ],
        [
            -0.05719555914402008,
            -0.7935047745704651,
            -0.11948985606431961
        ],
        [
            -0.05386153608560562,
            -0.794328510761261,
            -0.12122725695371628
        ],
        [
            -0.05513090640306473,
            -0.7988367080688477,
            -0.1202225536108017
        ],
        [
            -0.05801164358854294,
            -0.7984004020690918,
            -0.11887753754854202
        ],
        [
            -0.03884490579366684,
            -0.8032732605934143,
            -0.12750059366226196
        ],
        [
            -0.037279605865478516,
            -0.8047760725021362,
            -0.1292790174484253
        ],
        [
            -0.042859725654125214,
            -0.8065512180328369,
            -0.12940120697021484
        ],
        [
            -0.04264691472053528,
            -0.8040900230407715,
            -0.1276099979877472
        ],
        [
            -0.03566306084394455,
            -0.8066591620445251,
            -0.13147655129432678
        ],
        [
            -0.03445739299058914,
            -0.8030810356140137,
            -0.12859401106834412
        ],
        [
            -0.03184948116540909,
            -0.8038848638534546,
            -0.13075794279575348
        ],
        [
            -0.034882187843322754,
            -0.7990103960037231,
            -0.12566453218460083
        ],
        [
            -0.03167255222797394,
            -0.7976505756378174,
            -0.12643447518348694
        ],
        [
            -0.032563626766204834,
            -0.8000484108924866,
            -0.12786909937858582
        ],
        [
            -0.03262235224246979,
            -0.794376015663147,
            -0.12475664913654327
        ],
        [
            -0.03691408038139343,
            -0.7969205379486084,
            -0.1243215873837471
        ],
        [
            -0.040917009115219116,
            -0.7944858074188232,
            -0.12332742661237717
        ],
        [
            -0.04621570557355881,
            -0.792095422744751,
            -0.12205146998167038
        ],
        [
            -0.04140868037939072,
            -0.7880591154098511,
            -0.12103970348834991
        ],
        [
            -0.03620392829179764,
            -0.7910217046737671,
            -0.12301168590784073
        ],
        [
            -0.041472114622592926,
            -0.8104844093322754,
            -0.1311749815940857
        ],
        [
            -0.02821815013885498,
            -0.799784779548645,
            -0.12965592741966248
        ],
        [
            -0.027097448706626892,
            -0.8060746192932129,
            -0.1332346498966217
        ],
        [
            -0.026458293199539185,
            -0.7953071594238281,
            -0.12804825603961945
        ],
        [
            -0.026593416929244995,
            -0.7909754514694214,
            -0.1256152093410492
        ],
        [
            -0.029363378882408142,
            -0.7868351936340332,
            -0.12311401218175888
        ],
        [
            -0.03479143977165222,
            -0.7828970551490784,
            -0.12031365931034088
        ],
        [
            -0.0274302139878273,
            -0.7605690956115723,
            -0.10813258588314056
        ],
        [
            -0.019859924912452698,
            -0.7661956548690796,
            -0.11253884434700012
        ],
        [
            -0.051635898649692535,
            -0.8778171539306641,
            -0.1505657136440277
        ],
        [
            -0.043603554368019104,
            -0.8776258826255798,
            -0.15505507588386536
        ],
        [
            -0.038458578288555145,
            -0.8714761734008789,
            -0.15050260722637177
        ],
        [
            -0.03782295435667038,
            -0.873711347579956,
            -0.15207317471504211
        ],
        [
            -0.04377235472202301,
            -0.874201774597168,
            -0.15091902017593384
        ],
        [
            -0.04313357174396515,
            -0.8717342615127563,
            -0.14937572181224823
        ],
        [
            -0.016901634633541107,
            -0.8678774237632751,
            -0.14921005070209503
        ],
        [
            -0.0238606259226799,
            -0.868611752986908,
            -0.1489012986421585
        ],
        [
            -0.0218818336725235,
            -0.8652768135070801,
            -0.14758366346359253
        ],
        [
            -0.014147281646728516,
            -0.8616578578948975,
            -0.14877629280090332
        ],
        [
            -0.0306478813290596,
            -0.8562161922454834,
            -0.14518582820892334
        ],
        [
            -0.02560482919216156,
            -0.8582577705383301,
            -0.14653563499450684
        ],
        [
            -0.03138066083192825,
            -0.864081859588623,
            -0.14663514494895935
        ],
        [
            -0.03508373349905014,
            -0.8626097440719604,
            -0.14573946595191956
        ],
        [
            -0.03901708871126175,
            -0.8616794347763062,
            -0.1443071961402893
        ],
        [
            -0.042857810854911804,
            -0.8613308668136597,
            -0.1421208381652832
        ],
        [
            -0.04121153801679611,
            -0.8563920259475708,
            -0.14079275727272034
        ],
        [
            -0.036236539483070374,
            -0.8558610677719116,
            -0.14317865669727325
        ],
        [
            -0.04932247847318649,
            -0.8750945329666138,
            -0.14697405695915222
        ],
        [
            -0.05401306599378586,
            -0.8744570016860962,
            -0.14150190353393555
        ],
        [
            -0.05198400467634201,
            -0.8717418909072876,
            -0.14139819145202637
        ],
        [
            -0.04832535237073898,
            -0.8721647262573242,
            -0.14626051485538483
        ],
        [
            -0.05428231507539749,
            -0.8668285608291626,
            -0.12932059168815613
        ],
        [
            -0.05460531264543533,
            -0.8689220547676086,
            -0.13142070174217224
        ],
        [
            -0.05810534209012985,
            -0.8700510859489441,
            -0.12976756691932678
        ],
        [
            -0.057360075414180756,
            -0.8658543825149536,
            -0.12773804366588593
        ],
        [
            -0.055339932441711426,
            -0.8628652095794678,
            -0.1289631426334381
        ],
        [
            -0.05346550792455673,
            -0.8650469779968262,
            -0.1302822232246399
        ],
        [
            -0.053664661943912506,
            -0.9322792291641235,
            -0.15634503960609436
        ],
        [
            -0.05979182571172714,
            -0.913723349571228,
            -0.15611565113067627
        ],
        [
            -0.03278675675392151,
            -0.9285502433776855,
            -0.158039852976799
        ],
        [
            -0.01649518311023712,
            -0.9209170341491699,
            -0.15529322624206543
        ],
        [
            -0.0024740248918533325,
            -0.909946084022522,
            -0.15230587124824524
        ],
        [
            -0.006446190178394318,
            -0.8077000975608826,
            -0.1340082585811615
        ],
        [
            0.0007688403129577637,
            -0.8004101514816284,
            -0.12918314337730408
        ],
        [
            0.013197623193264008,
            -0.8104763031005859,
            -0.1281011998653412
        ],
        [
            0.017715971916913986,
            -0.801436722278595,
            -0.12119927257299423
        ],
        [
            0.0046989284455776215,
            -0.7913604378700256,
            -0.12327143549919128
        ],
        [
            0.001478787511587143,
            -0.7741537094116211,
            -0.10886887460947037
        ],
        [
            0.005083445459604263,
            -0.7820892333984375,
            -0.11628666520118713
        ],
        [
            0.020646099001169205,
            -0.7930893898010254,
            -0.11172476410865784
        ],
        [
            0.033923693001270294,
            -0.8086962699890137,
            -0.10887116193771362
        ],
        [
            0.028523650020360947,
            -0.8139654994010925,
            -0.11913160979747772
        ],
        [
            0.04278744012117386,
            -0.8267391920089722,
            -0.10563157498836517
        ],
        [
            0.041278909891843796,
            -0.8036492466926575,
            -0.09563925862312317
        ],
        [
            0.047802653163671494,
            -0.8274931907653809,
            -0.09712352603673935
        ],
        [
            0.03699350357055664,
            -0.7666672468185425,
            -0.08115947246551514
        ],
        [
            0.04383931681513786,
            -0.7564597129821777,
            -0.07645098119974136
        ],
        [
            0.058871008455753326,
            -0.7660936713218689,
            -0.07235012948513031
        ],
        [
            0.05303936079144478,
            -0.7763849496841431,
            -0.07889747619628906
        ],
        [
            0.021491698920726776,
            -0.8200864791870117,
            -0.1266881227493286
        ],
        [
            0.007216028869152069,
            -0.8794840574264526,
            -0.1456146091222763
        ],
        [
            -0.003908194601535797,
            -0.8765772581100464,
            -0.150395929813385
        ],
        [
            0.0134199857711792,
            -0.8683258295059204,
            -0.14244742691516876
        ],
        [
            0.01137782633304596,
            -0.941972017288208,
            -0.1455184817314148
        ],
        [
            -0.004140444099903107,
            -0.9330621957778931,
            -0.15268193185329437
        ],
        [
            0.00871603935956955,
            -0.9200078248977661,
            -0.15019065141677856
        ],
        [
            0.021544739603996277,
            -0.9302438497543335,
            -0.14419998228549957
        ],
        [
            -0.02030675858259201,
            -0.9732666611671448,
            -0.13751888275146484
        ],
        [
            -0.03730332851409912,
            -0.9549555778503418,
            -0.1494130641222
        ],
        [
            -0.0215689018368721,
            -0.9455419778823853,
            -0.1512749195098877
        ],
        [
            -0.006262555718421936,
            -0.9596855640411377,
            -0.14287763833999634
        ],
        [
            0.031429722905159,
            -0.9347169399261475,
            -0.13679513335227966
        ],
        [
            0.04520196467638016,
            -0.9405975341796875,
            -0.12518636882305145
        ],
        [
            0.04409586638212204,
            -0.9583138227462769,
            -0.12114207446575165
        ],
        [
            0.026636123657226562,
            -0.9524697661399841,
            -0.13468793034553528
        ],
        [
            0.036939993500709534,
            -0.9793813228607178,
            -0.11145731806755066
        ],
        [
            0.015786707401275635,
            -0.9732001423835754,
            -0.12796109914779663
        ],
        [
            0.05667747184634209,
            -0.8161427974700928,
            -0.08468680083751678
        ],
        [
            0.05590062215924263,
            -0.8350348472595215,
            -0.08883897960186005
        ],
        [
            0.045216500759124756,
            -0.7885488271713257,
            -0.08667236566543579
        ],
        [
            0.059241555631160736,
            -0.7998732328414917,
            -0.07934700697660446
        ],
        [
            0.02527536451816559,
            -0.9959790706634521,
            -0.09754803776741028
        ],
        [
            0.000893324613571167,
            -0.9894977807998657,
            -0.11825647950172424
        ],
        [
            0.07737397402524948,
            -0.9319474697113037,
            -0.08082037419080734
        ],
        [
            0.07011187076568604,
            -0.9472650289535522,
            -0.09194935858249664
        ],
        [
            0.06507246196269989,
