{
    "pred_cam": [
        1.134515643119812,
        0.04432567209005356,
        0.18077650666236877
    ],
    "pred_smpl_params": {
        "global_orient": [
            [
                [
                    0.9686642289161682,
                    0.15043193101882935,
                    -0.19763553142547607
                ],
                [
                    0.13749539852142334,
                    -0.9874497652053833,
                    -0.07770417630672455
                ],
                [
                    -0.20684435963630676,
                    0.048095282167196274,
                    -0.9771909713745117
                ]
            ]
        ],
        "body_pose": [
            [
                [
                    0.9929137825965881,
                    -0.10947614163160324,
                    0.04622802883386612
                ],
                [
                    0.10370343178510666,
                    0.9881905913352966,
                    0.1128045916557312
                ],
                [
                    -0.05803152173757553,
                    -0.10721124708652496,
                    0.9925411343574524
                ]
            ],
            [
                [
                    0.992997407913208,
                    0.017318209633231163,
                    0.11685974150896072
                ],
                [
                    -0.037744518369436264,
                    0.9838581681251526,
                    0.17492398619651794
                ],
                [
                    -0.1119440495967865,
                    -0.17810988426208496,
                    0.9776222705841064
                ]
            ],
            [
                [
                    0.9977400898933411,
                    0.008099530823528767,
                    -0.06670212745666504
                ],
                [
                    -0.02037941850721836,
                    0.9824246168136597,
                    -0.1855439692735672
                ],
                [
                    0.06402698904275894,
                    0.18648399412631989,
                    0.980369508266449
                ]
            ],
            [
                [
                    0.9950684905052185,
                    0.05278977379202843,
                    -0.08397596329450607
                ],
                [
                    -0.09217296540737152,
                    0.8048920631408691,
                    -0.5862192511558533
                ],
                [
                    0.03664518892765045,
                    0.5910685658454895,
                    0.805788516998291
                ]
            ],
            [
                [
                    0.9865795969963074,
                    0.06459566205739975,
                    0.14996057748794556
                ],
                [
                    0.04824614152312279,
                    0.7620851993560791,
                    -0.6456767916679382
                ],
                [
                    -0.15599064528942108,
                    0.644246518611908,
                    0.7487412095069885
                ]
            ],
            [
                [
                    0.9949880838394165,
                    -0.08301784843206406,
                    -0.05573882907629013
                ],
                [
                    0.07997571676969528,
                    0.9952917098999023,
                    -0.05475712567567825
                ],
                [
                    0.06002220883965492,
                    0.05002493038773537,
                    0.9969428181648254
                ]
            ],
            [
                [
                    0.9910082817077637,
                    0.04695148393511772,
                    0.12529271841049194
                ],
                [
                    -0.05791912227869034,
                    0.994663655757904,
                    0.08537892997264862
                ],
                [
                    -0.12061545252799988,
                    -0.09186805784702301,
                    0.9884393215179443
                ]
            ],
            [
                [
                    0.9808586835861206,
                    -0.13405807316303253,
                    -0.14122530817985535
                ],
                [
                    0.13981112837791443,
                    0.9896741509437561,
                    0.031588923186063766
                ],
                [
                    0.13553228974342346,
                    -0.05072914436459541,
                    0.989473283290863
                ]
            ],
            [
                [
                    0.9974080920219421,
                    -0.041687432676553726,
                    -0.05864473432302475
                ],
                [
                    0.03859831392765045,
                    0.9978558421134949,
                    -0.052856869995594025
                ],
                [
                    0.060722459107637405,
                    0.05045628175139427,
                    0.9968785643577576
                ]
            ],
            [
                [
                    0.9864652156829834,
                    -0.13874214887619019,
                    0.0873892679810524
                ],
                [
                    0.11505670845508575,
                    0.9654170870780945,
                    0.23394818603992462
                ],
                [
                    -0.11682555824518204,
                    -0.22072704136371613,
                    0.9683135747909546
                ]
            ],
            [
                [
                    0.9689597487449646,
                    0.24713876843452454,
                    -0.006278614979237318
                ],
                [
                    -0.24317567050457,
                    0.9573808312416077,
                    0.15584462881088257
                ],
                [
                    0.04452627897262573,
                    -0.14948037266731262,
                    0.9877616167068481
                ]
            ],
            [
                [
                    0.9747019410133362,
                    -0.03629502281546593,
                    -0.22054190933704376
                ],
                [
                    0.04276501014828682,
                    0.9987814426422119,
                    0.02463175728917122
                ],
                [
                    0.21937917172908783,
                    -0.03344009816646576,
                    0.9750663638114929
                ]
            ],
            [
                [
                    0.9025815725326538,
                    0.35041937232017517,
                    -0.2501053214073181
                ],
                [
                    -0.3572118282318115,
                    0.9338247776031494,
                    0.019261758774518967
                ],
                [
                    0.24030424654483795,
                    0.07195527106523514,
                    0.9680269956588745
                ]
            ],
            [
                [
                    0.9204184412956238,
                    -0.3731544315814972,
                    0.11655700206756592
                ],
                [
                    0.37630707025527954,
                    0.9264787435531616,
                    -0.005494008306413889
                ],
                [
                    -0.10593746602535248,
                    0.048918016254901886,
                    0.9931687712669373
                ]
            ],
            [
                [
                    0.9690762162208557,
                    -0.1287074238061905,
                    -0.2105368822813034
                ],
                [
                    0.0696495771408081,
                    0.961174726486206,
                    -0.26700589060783386
                ],
                [
                    0.23672835528850555,
                    0.24408523738384247,
                    0.9404159784317017
                ]
            ],
            [
                [
                    0.3961828947067261,
                    0.7285116314888,
                    -0.5588468909263611
                ],
                [
                    -0.849679708480835,
                    0.5215654969215393,
                    0.0775488018989563
                ],
                [
                    0.34797045588493347,
                    0.44411739706993103,
                    0.8256369233131409
                ]
            ],
            [
                [
                    0.5554043650627136,
                    -0.7796056866645813,
                    0.2893803119659424
                ],
                [
                    0.8282700777053833,
                    0.5496373772621155,
                    -0.10893774032592773
                ],
                [
                    -0.074125736951828,
                    0.3001895546913147,
                    0.9509950280189514
                ]
            ],
            [
                [
                    0.041457995772361755,
                    -0.41522350907325745,
                    -0.9087743163108826
                ],
                [
                    -0.10767045617103577,
                    0.9024028778076172,
                    -0.41722428798675537
                ],
                [
                    0.9933218955993652,
                    0.11514543741941452,
                    -0.007295491173863411
                ]
            ],
            [
                [
                    0.2969335913658142,
                    0.3756851255893707,
                    0.8778902292251587
                ],
                [
                    -0.12987060844898224,
                    0.9267007112503052,
                    -0.3526463210582733
                ],
                [
                    -0.9460254311561584,
                    -0.009299579076468945,
                    0.32395902276039124
                ]
            ],
            [
                [
                    0.9829339385032654,
                    -0.16193710267543793,
                    -0.08727703988552094
                ],
                [
                    0.16658957302570343,
                    0.9848124384880066,
                    0.04891171306371689
                ],
                [
                    0.07803089171648026,
                    -0.06261642277240753,
                    0.9949826002120972
                ]
            ],
            [
                [
                    0.9875290393829346,
                    0.14070084691047668,
                    0.07063696533441544
                ],
                [
                    -0.14096438884735107,
                    0.990013837814331,
                    -0.0012650061398744583
                ],
                [
                    -0.07010956108570099,
                    -0.008708066307008266,
                    0.9975011944770813
                ]
            ],
            [
                [
                    0.973945140838623,
                    0.20976422727108002,
                    -0.08619692176580429
                ],
                [
                    -0.19952528178691864,
                    0.9732413291931152,
                    0.11397788673639297
                ],
                [
                    0.10779888927936554,
                    -0.09380973875522614,
                    0.9897369146347046
                ]
            ],
            [
                [
                    0.973849356174469,
                    -0.2116968333721161,
                    0.08247333765029907
                ],
                [
                    0.1981637179851532,
                    0.9690213799476624,
                    0.1474069207906723
                ],
                [
                    -0.11112399399280548,
                    -0.1272089183330536,
                    0.9856314659118652
                ]
            ]
        ],
        "betas": [
            0.050839513540267944,
            0.22932112216949463,
            0.551918625831604,
            1.3507732152938843,
            -0.02920585870742798,
            -0.03410499542951584,
            -0.029649168252944946,
            0.09948509931564331,
            0.04360978305339813,
            -0.009048789739608765
        ]
    },
    "pred_cam_t": [
        0.04432567209005356,
        0.18077650666236877,
        34.430992126464844
    ],
    "focal_length": [
        5000.0,
        5000.0
    ],
    "pred_keypoints_3d": [
        [
            -0.08378376811742783,
            -0.8391797542572021,
            -0.13358449935913086
        ],
        [
            0.03909119963645935,
            -0.7595760822296143,
            -0.006008882075548172
        ],
        [
            -0.12663879990577698,
            -0.6634217500686646,
            0.08289005607366562
        ],
        [
            -0.16122405230998993,
            -0.42440181970596313,
            0.14964300394058228
        ],
        [
            -0.2113119661808014,
            -0.31002771854400635,
            -0.07000145316123962
        ],
        [
            0.1974039226770401,
            -0.6475237011909485,
            -0.07653030008077621
        ],
        [
            0.17909833788871765,
            -0.39072877168655396,
            -0.09211455285549164
        ],
        [
            -0.05261433124542236,
            -0.42693638801574707,
            -0.17126476764678955
        ],
        [
            -0.002921218750998378,
            -0.23776644468307495,
            0.02501976676285267
        ],
        [
            -0.07728443294763565,
            -0.15676601231098175,
            0.03928237035870552
        ],
        [
            -0.18999066948890686,
            0.19899727404117584,
            -0.03313132002949715
        ],
        [
            -0.24340474605560303,
            0.5220354199409485,
            0.18635866045951843
        ],
        [
            0.04812939465045929,
            -0.13757643103599548,
            0.014524619095027447
        ],
        [
            0.05997531861066818,
            0.22709247469902039,
            -0.05438787862658501
        ],
        [
            0.04566376656293869,
            0.5582243800163269,
            0.1583530455827713
        ],
        [
            -0.08600319176912308,
            -0.8863507509231567,
            -0.09243141114711761
        ],
        [
            -0.04599040746688843,
            -0.88631272315979,
            -0.1455335021018982
        ],
        [
            -0.036442920565605164,
            -0.8951092958450317,
            -0.0019825100898742676
        ],
        [
            0.05514386296272278,
            -0.893763542175293,
            -0.11899303644895554
        ],
        [
            0.020792998373508453,
            0.6711944341659546,
            -0.0047615766525268555
        ],
        [
            0.09245063364505768,
            0.668787956237793,
            0.04040171205997467
        ],
        [
            0.05653007701039314,
            0.5707550048828125,
            0.2262745499610901
        ],
        [
            -0.26295918226242065,
            0.6464340686798096,
            0.029981344938278198
        ],
        [
            -0.33114999532699585,
            0.6205675601959229,
            0.08102735877037048
        ],
        [
            -0.24558623135089874,
            0.5377640128135681,
            0.2577548623085022
        ],
        [
            -0.25411325693130493,
            0.4644363820552826,
            0.1875106692314148
        ],
        [
            -0.1729094237089157,
            0.13986563682556152,
            -0.03209906071424484
        ],
        [
            -0.13097697496414185,
            -0.2905573546886444,
            0.06743364036083221
        ],
        [
            0.13833066821098328,
            -0.2352626621723175,
            0.02022901177406311
        ],
        [
            0.0705503597855568,
            0.18625836074352264,
            -0.05538886785507202
        ],
        [
            0.05938928574323654,
            0.5179287195205688,
            0.1653967797756195
        ],
        [
            -0.194717139005661,
            -0.34609556198120117,
            -0.06785912811756134
        ],
        [
            -0.19222943484783173,
            -0.44968414306640625,
            0.12988775968551636
        ],
        [
            -0.09285709261894226,
            -0.6967778205871582,
            0.06944417953491211
        ],
        [
            0.1740967333316803,
            -0.6829851269721985,
            -0.06161874905228615
        ],
        [
            0.18370753526687622,
            -0.4251447319984436,
            -0.13088691234588623
        ],
        [
            -0.034650903195142746,
            -0.44338056445121765,
            -0.1700575053691864
        ],
        [
            0.03724722936749458,
            -0.7461336851119995,
            -0.0127214090898633
        ],
        [
            -0.012311577796936035,
            -0.942839503288269,
            -0.08135318756103516
        ],
        [
            0.004011570010334253,
            -0.26267191767692566,
            0.04273517429828644
        ],
        [
            0.03833627700805664,
            -0.6874671578407288,
            0.002339863684028387
        ],
        [
            0.044752974063158035,
            -0.5154337286949158,
            0.046211812645196915
        ],
        [
            -0.017252562567591667,
            -0.8282683491706848,
            -0.08947362005710602
        ],
        [
            -0.01255357638001442,
            -0.9629971385002136,
            -0.07462267577648163
        ]
    ],
    "pred_vertices": [
        [
            -0.046830035746097565,
            -0.9301087260246277,
            -0.16324228048324585
        ],
        [
            -0.052920565009117126,
            -0.9152263402938843,
            -0.16070455312728882
        ],
        [
            -0.03853081911802292,
            -0.9136787056922913,
            -0.16371795535087585
        ],
        [
            -0.029690369963645935,
            -0.9259771108627319,
            -0.16316662728786469
        ],
        [
            -0.04383014142513275,
            -0.9038959741592407,
            -0.16215267777442932
        ],
        [
            -0.0556715726852417,
            -0.9038705229759216,
            -0.15823040902614594
        ],
        [
            -0.025162719190120697,
            -0.9099608659744263,
            -0.16163410246372223
        ],
        [
            -0.015452638268470764,
            -0.918815553188324,
            -0.15987485647201538
        ],
        [
            -0.0073356106877326965,
            -0.8782600164413452,
            -0.15259899199008942
        ],
        [
            0.003159262239933014,
            -0.8757705092430115,
            -0.14895406365394592
        ],
        [
            0.00020548701286315918,
            -0.8870019912719727,
            -0.1524685174226761
        ],
        [
            -0.009862914681434631,
            -0.8866443634033203,
            -0.1540835052728653
        ],
        [
            -0.0003592371940612793,
            -0.8534908294677734,
            -0.14567553997039795
        ],
        [
            -0.009066134691238403,
            -0.8427306413650513,
            -0.1445232331752777
        ],
        [
            0.0016150474548339844,
            -0.8357781171798706,
            -0.13926926255226135
        ],
        [
            0.01024678349494934,
            -0.8462294340133667,
            -0.13913995027542114
        ],
        [
            -0.05041851848363876,
            -0.8519847989082336,
            -0.1356629580259323
        ],
        [
            -0.04488791525363922,
            -0.8454936146736145,
            -0.13864806294441223
        ],
        [
            -0.04304847866296768,
            -0.8522756099700928,
            -0.1419237107038498
        ],
        [
            -0.04864078015089035,
            -0.8579071164131165,
            -0.1381876915693283
        ],
        [
            -0.06253965944051743,
            -0.8603123426437378,
            -0.13382212817668915
        ],
        [
            -0.06023245304822922,
            -0.8663725852966309,
            -0.13320861756801605
        ],
        [
            -0.06781182438135147,
            -0.869067907333374,
            -0.13334573805332184
        ],
        [
            -0.07027184218168259,
            -0.8620609045028687,
            -0.13528136909008026
        ],
        [
            -0.05299411714076996,
            -0.8468289375305176,
            -0.13080638647079468
        ],
        [
            -0.046745263040065765,
            -0.8401749730110168,
            -0.13398592174053192
        ],
        [
            -0.05561461299657822,
            -0.8573216199874878,
            -0.13362430036067963
        ],
        [
            -0.057661689817905426,
            -0.8524918556213379,
            -0.13322713971138
        ],
        [
            -0.0664575845003128,
            -0.8442592620849609,
            -0.13695411384105682
        ],
        [
            -0.06515516340732574,
            -0.8491839170455933,
            -0.13775694370269775
        ],
        [
            -0.07280673086643219,
            -0.848813533782959,
            -0.13957557082176208
        ],
        [
            -0.07219405472278595,
            -0.843582034111023,
            -0.13749486207962036
        ],
        [
            -0.05743628740310669,
            -0.8456242680549622,
            -0.13296331465244293
        ],
        [
            -0.059766918420791626,
            -0.8479301929473877,
            -0.13554826378822327
        ],
        [
            -0.062472328543663025,
            -0.8437545299530029,
            -0.13474929332733154
        ],
        [
            -0.06046362966299057,
            -0.8423367142677307,
            -0.1313798725605011
        ],
        [
            -0.06444816291332245,
            -0.8555963635444641,
            -0.13464771211147308
        ],
        [
            -0.07194662094116211,
            -0.8559436798095703,
            -0.1371653527021408
        ],
        [
            -0.08019186556339264,
            -0.8558444976806641,
            -0.13895109295845032
        ],
        [
            -0.08066052198410034,
            -0.8467953205108643,
            -0.14070498943328857
        ],
        [
            -0.02994464337825775,
            -0.8333619236946106,
            -0.14103643596172333
        ],
        [
            -0.037979088723659515,
            -0.8393880724906921,
            -0.14083251357078552
        ],
        [
            -0.04044190049171448,
            -0.8344491720199585,
            -0.13658654689788818
        ],
        [
            -0.034036219120025635,
            -0.8295389413833618,
            -0.13766038417816162
        ],
        [
            -0.05634047091007233,
            -0.8397947549819946,
            -0.12970086932182312
        ],
        [
            -0.0507071390748024,
            -0.8240222930908203,
            -0.1304806023836136
        ],
        [
            -0.051572591066360474,
            -0.8276940584182739,
            -0.1315501481294632
        ],
        [
            -0.05858828127384186,
            -0.827677845954895,
            -0.12954846024513245
        ],
        [
            -0.05724157392978668,
            -0.8242837190628052,
            -0.12893493473529816
        ],
        [
            -0.017149031162261963,
            -0.8208441734313965,
            -0.13717925548553467
        ],
        [
            -0.024130448698997498,
            -0.8188179731369019,
            -0.13591141998767853
        ],
        [
            -0.020275495946407318,
            -0.8123776316642761,
            -0.13356244564056396
        ],
        [
            -0.012338072061538696,
            -0.8134052753448486,
            -0.1333688497543335
        ],
        [
            -0.0193658247590065,
            -0.8067466020584106,
            -0.13055598735809326
        ],
        [
            -0.008731663227081299,
            -0.8061920404434204,
            -0.12943418323993683
        ],
        [
            -0.011998780071735382,
            -0.7922415137290955,
            -0.12090993672609329
        ],
        [
            -0.009777121245861053,
            -0.7984854578971863,
            -0.12487348914146423
        ],
        [
            -0.021088339388370514,
            -0.8010636568069458,
            -0.1272045224905014
        ],
        [
            -0.02605331689119339,
            -0.7953853011131287,
            -0.12459677457809448
        ],
        [
            -0.04166887700557709,
            -0.7984100580215454,
            -0.120944082736969
        ],
        [
            -0.0473606213927269,
            -0.7966114282608032,
            -0.11810681968927383
        ],
        [
            -0.04018209129571915,
            -0.7850561738014221,
            -0.11882901191711426
        ],
        [
            -0.033450402319431305,
            -0.7892102003097534,
            -0.12192966789007187
        ],
        [
            -0.0465487539768219,
            -0.8192800283432007,
            -0.126331627368927
        ],
        [
            -0.04189334809780121,
            -0.8199660778045654,
            -0.12750506401062012
        ],
        [
            -0.04378221184015274,
            -0.820908784866333,
            -0.12934571504592896
        ],
        [
            -0.0491422638297081,
            -0.8212360143661499,
            -0.12852439284324646
        ],
        [
            -0.0381060391664505,
            -0.8200387954711914,
            -0.12898923456668854
        ],
        [
            -0.036428481340408325,
            -0.8199774622917175,
            -0.12970490753650665
        ],
        [
            -0.037803687155246735,
            -0.8210272789001465,
            -0.1304875612258911
        ],
        [
            -0.038837261497974396,
            -0.8207942247390747,
            -0.1292819380760193
        ],
        [
            -0.04047410190105438,
            -0.8202846050262451,
            -0.12818998098373413
        ],
        [
            -0.040987804532051086,
            -0.8182092905044556,
            -0.12748795747756958
        ],
        [
            -0.03882531821727753,
            -0.8190919160842896,
            -0.12859031558036804
        ],
        [
            -0.04522131383419037,
            -0.816724419593811,
            -0.1265038251876831
        ],
        [
            -0.05855691432952881,
            -0.8128593564033508,
            -0.12190135568380356
        ],
        [
            -0.05527496337890625,
            -0.813607931137085,
            -0.1237843930721283
        ],
        [
            -0.05651199817657471,
            -0.8182480335235596,
            -0.12270808219909668
        ],
        [
            -0.05932522565126419,
            -0.8178390264511108,
            -0.12124530971050262
        ],
        [
            -0.04049736261367798,
            -0.8225753307342529,
            -0.13074985146522522
        ],
        [
            -0.039007335901260376,
            -0.8240716457366943,
            -0.13263562321662903
        ],
        [
            -0.04463930428028107,
            -0.8259023427963257,
            -0.13253651559352875
        ],
        [
            -0.044331856071949005,
            -0.823412299156189,
            -0.1307077705860138
        ],
        [
            -0.03742523491382599,
            -0.8259869813919067,
            -0.13485857844352722
        ],
        [
            -0.03610158711671829,
            -0.8223094940185547,
            -0.1320556253194809
        ],
        [
            -0.033522553741931915,
            -0.8231158256530762,
            -0.13433317840099335
        ],
        [
            -0.03636874258518219,
            -0.818101704120636,
            -0.12910613417625427
        ],
        [
            -0.033162571489810944,
            -0.8166931867599487,
            -0.1300635039806366
        ],
        [
            -0.03413534164428711,
            -0.8191897869110107,
            -0.13142462074756622
        ],
        [
            -0.034035809338092804,
            -0.8133282661437988,
            -0.1283387541770935
        ],
        [
            -0.038342542946338654,
            -0.8159655332565308,
            -0.12765848636627197
        ],
        [
            -0.042324669659137726,
            -0.813496470451355,
            -0.12649162113666534
        ],
        [
            -0.04758577048778534,
            -0.8111540675163269,
            -0.12494093179702759
        ],
        [
            -0.04270385950803757,
            -0.8070000410079956,
            -0.12414634227752686
        ],
        [
            -0.037563540041446686,
            -0.8099509477615356,
            -0.12639418244361877
        ],
        [
            -0.043269917368888855,
            -0.8299227952957153,
            -0.13431689143180847
        ],
        [
            -0.029852502048015594,
            -0.8188616037368774,
            -0.13344928622245789
        ],
        [
            -0.028841786086559296,
            -0.8252668380737305,
            -0.13697923719882965
        ],
        [
            -0.02799374610185623,
            -0.8142586946487427,
            -0.13196730613708496
        ],
        [
            -0.027981281280517578,
            -0.8098224401473999,
            -0.12953057885169983
        ],
        [
            -0.030641600489616394,
            -0.8055943250656128,
            -0.12691882252693176
        ],
        [
            -0.03603321313858032,
            -0.8016805648803711,
            -0.1238175630569458
        ],
        [
            -0.02824888378381729,
            -0.7791505455970764,
            -0.11210967600345612
        ],
        [
            -0.02074030041694641,
            -0.784690260887146,
            -0.11684264242649078
        ],
        [
            -0.05363813787698746,
            -0.8976516723632812,
            -0.15299293398857117
        ],
        [
            -0.045759618282318115,
            -0.8974220156669617,
            -0.15782620012760162
        ],
        [
            -0.0404924601316452,
            -0.891310453414917,
            -0.15338358283042908
        ],
        [
            -0.03991355746984482,
            -0.8935113549232483,
            -0.1550035923719406
        ],
        [
            -0.04580853879451752,
            -0.8940529227256775,
            -0.15361209213733673
        ],
        [
            -0.0451299250125885,
            -0.89159095287323,
            -0.15207114815711975
        ],
        [
            -0.018878884613513947,
            -0.8874615430831909,
            -0.1531321406364441
        ],
        [
            -0.02582027018070221,
            -0.8882970809936523,
            -0.15245051681995392
        ],
        [
            -0.02379755675792694,
            -0.8849155306816101,
            -0.15121768414974213
        ],
        [
            -0.016153044998645782,
            -0.8811948299407959,
            -0.15276089310646057
        ],
        [
            -0.03254114091396332,
            -0.87583988904953,
            -0.14841628074645996
        ],
        [
            -0.027505524456501007,
            -0.8778588771820068,
            -0.1499899923801422
        ],
        [
            -0.03327178210020065,
            -0.883742094039917,
            -0.14988388121128082
        ],
        [
            -0.03696638345718384,
            -0.8823093175888062,
            -0.14880064129829407
        ],
        [
            -0.04085327684879303,
            -0.8814472556114197,
            -0.1471620351076126
        ],
        [
            -0.044603973627090454,
            -0.881158173084259,
            -0.14480742812156677
        ],
        [
            -0.042948246002197266,
            -0.8761919736862183,
            -0.14353927969932556
        ],
        [
            -0.03805550932884216,
            -0.8755680322647095,
            -0.14614665508270264
        ],
        [
            -0.051188722252845764,
            -0.8950313329696655,
            -0.14943286776542664
        ],
        [
            -0.05561316758394241,
            -0.894472599029541,
            -0.14376987516880035
        ],
        [
            -0.05358155071735382,
            -0.8917515277862549,
            -0.143733412027359
        ],
        [
            -0.050143130123615265,
            -0.8921229839324951,
            -0.14869551360607147
        ],
        [
            -0.05546145141124725,
            -0.8869228959083557,
            -0.1315167248249054
        ],
        [
            -0.0558207631111145,
            -0.889028787612915,
            -0.13359425961971283
        ],
        [
            -0.05927576869726181,
            -0.8902069330215454,
            -0.13175490498542786
        ],
        [
            -0.05851463973522186,
            -0.8859423398971558,
            -0.1297929286956787
        ],
        [
            -0.056584857404232025,
            -0.8828991651535034,
            -0.13113972544670105
        ],
        [
            -0.05474284291267395,
            -0.8850957751274109,
            -0.13253477215766907
        ],
        [
            -0.0557098463177681,
            -0.951435387134552,
            -0.1589754819869995
        ],
        [
            -0.061678506433963776,
            -0.9331393241882324,
            -0.1581922173500061
        ],
        [
            -0.03478482365608215,
            -0.947681725025177,
            -0.16148674488067627
        ],
        [
            -0.018494263291358948,
            -0.9400115013122559,
            -0.15932613611221313
        ],
        [
            -0.004305832087993622,
            -0.9290630221366882,
            -0.1570659577846527
        ],
        [
            -0.008097201585769653,
            -0.8267745971679688,
            -0.1385073959827423
        ],
        [
            -0.0006200745701789856,
            -0.819311261177063,
            -0.13400274515151978
        ],
        [
            0.011886291205883026,
            -0.8294630646705627,
            -0.13353395462036133
        ],
        [
            0.016811393201351166,
            -0.820153534412384,
            -0.12679420411586761
        ],
        [
            0.003594212234020233,
            -0.8100593686103821,
            -0.1282716691493988
        ],
        [
            0.0008844994008541107,
            -0.7927352786064148,
            -0.11381441354751587
        ],
        [
            0.004269365221261978,
            -0.8007259368896484,
            -0.12130753695964813
        ],
        [
            0.020268693566322327,
            -0.8115617036819458,
            -0.11735457181930542
        ],
        [
            0.03383171185851097,
            -0.8272298574447632,
            -0.11507663130760193
        ],
        [
            0.027867913246154785,
            -0.8327658772468567,
            -0.12540973722934723
        ],
        [
            0.04308357462286949,
            -0.845282256603241,
            -0.11196768283843994
        ],
        [
            0.042017560452222824,
            -0.8219573497772217,
            -0.10189060866832733
        ],
        [
            0.04868374019861221,
            -0.845881998538971,
            -0.10345041751861572
        ],
        [
            0.03839202597737312,
            -0.7839449644088745,
            -0.08654174208641052
        ],
        [
            0.045603081583976746,
            -0.7731196880340576,
            -0.0816115215420723
        ],
        [
            0.06110908463597298,
            -0.7827708125114441,
            -0.07777336984872818
        ],
        [
            0.05482843518257141,
            -0.7935926914215088,
            -0.08463183045387268
        ],
        [
            0.020309194922447205,
            -0.8390905261039734,
            -0.13264484703540802
        ],
        [
            0.0055679380893707275,
            -0.8985655903816223,
            -0.15075774490833282
        ],
        [
            -0.005816802382469177,
            -0.8958185911178589,
            -0.15506429970264435
        ],
        [
            0.011884257197380066,
            -0.8874541521072388,
            -0.14782200753688812
        ],
        [
            0.009672187268733978,
            -0.9605547785758972,
            -0.15100771188735962
        ],
        [
            -0.006100393831729889,
            -0.9519411325454712,
            -0.1574801355600357
        ],
        [
            0.0069065093994140625,
            -0.9389175772666931,
            -0.15560662746429443
        ],
        [
            0.02005661278963089,
            -0.9490640759468079,
            -0.1502222716808319
        ],
        [
            -0.021762453019618988,
            -0.9918794631958008,
            -0.14165979623794556
        ],
        [
            -0.03904317319393158,
            -0.9738284349441528,
            -0.15270209312438965
        ],
        [
            -0.023487403988838196,
            -0.9644366502761841,
            -0.15522059798240662
        ],
        [
            -0.007988967001438141,
            -0.9782629013061523,
            -0.14756792783737183
        ],
        [
            0.030041083693504333,
            -0.9534074068069458,
            -0.14316029846668243
        ],
        [
            0.044368162751197815,
            -0.9593005180358887,
            -0.13218681514263153
        ],
        [
            0.04329787939786911,
            -0.9773246645927429,
            -0.12869754433631897
        ],
        [
            0.02524559199810028,
            -0.9710022211074829,
            -0.14125631749629974
        ],
        [
            0.03667449206113815,
            -0.998654842376709,
            -0.11892534047365189
        ],
        [
            0.014601387083530426,
            -0.9921257495880127,
            -0.13419483602046967
        ],
        [
            0.05819858983159065,
            -0.8343275785446167,
            -0.09106390178203583
        ],
        [
            0.05723624303936958,
            -0.8532369136810303,
            -0.09524298459291458
        ],
        [
            0.04647798091173172,
            -0.8063361644744873,
            -0.09260988980531693
        ],
        [
            0.06107056513428688,
            -0.817541241645813,
            -0.08553117513656616
        ],
        [
            0.02567577362060547,
            -1.0160739421844482,
            -0.10461021214723587
        ],
        [
            5.379319190979004e-06,
            -1.0087480545043945,
            -0.12395700812339783
        ],
        [
            0.07914026826620102,
            -0.9507323503494263,
            -0.08913935720920563
        ],
        [
            0.07119740545749664,
            -0.9660657644271851,
            -0.10036668926477432
        ],
        [
            0.06539781391620636,
