{
    "pred_cam": [
        1.1281462907791138,
        0.03246815502643585,
        0.21041753888130188
    ],
    "pred_smpl_params": {
        "global_orient": [
            [
                [
                    0.966004490852356,
                    0.1224038228392601,
                    -0.22771167755126953
                ],
                [
                    0.1052435040473938,
                    -0.9907138347625732,
                    -0.08608026057481766
                ],
                [
                    -0.23613369464874268,
                    0.05918874219059944,
                    -0.9699162244796753
                ]
            ]
        ],
        "body_pose": [
            [
                [
                    0.9903455972671509,
                    -0.1266021579504013,
                    0.056458525359630585
                ],
                [
                    0.12179172784090042,
                    0.9891817569732666,
                    0.08176998049020767
                ],
                [
                    -0.06619998812675476,
                    -0.07410435378551483,
                    0.9950509071350098
                ]
            ],
            [
                [
                    0.9927172064781189,
                    -0.009899860247969627,
                    0.12006059288978577
                ],
                [
                    -0.004667072556912899,
                    0.9927089810371399,
                    0.1204456314444542
                ],
                [
                    -0.12037762254476547,
                    -0.12012878060340881,
                    0.9854331016540527
                ]
            ],
            [
                [
                    0.9972413182258606,
                    0.016971305012702942,
                    -0.07226111739873886
                ],
                [
                    -0.028881166130304337,
                    0.9855139851570129,
                    -0.1671166718006134
                ],
                [
                    0.06837815791368484,
                    0.16874265670776367,
                    0.9832854270935059
                ]
            ],
            [
                [
                    0.9950553178787231,
                    0.05824518948793411,
                    -0.08045148849487305
                ],
                [
                    -0.09470491111278534,
                    0.8005017638206482,
                    -0.5918006300926208
                ],
                [
                    0.02993200719356537,
                    0.5964934825897217,
                    0.8020596504211426
                ]
            ],
            [
                [
                    0.9878396391868591,
                    0.06867074221372604,
                    0.13948898017406464
                ],
                [
                    0.04354028031229973,
                    0.7390879988670349,
                    -0.6722003221511841
                ],
                [
                    -0.14925511181354523,
                    0.6700995564460754,
                    0.7271105051040649
                ]
            ],
            [
                [
                    0.9942902326583862,
                    -0.07849825173616409,
                    -0.07228340953588486
                ],
                [
                    0.07498190551996231,
                    0.9959233999252319,
                    -0.05014251172542572
                ],
                [
                    0.0759248360991478,
                    0.044436268508434296,
                    0.9961228370666504
                ]
            ],
            [
                [
                    0.9887034893035889,
                    0.05733463540673256,
                    0.1384846717119217
                ],
                [
                    -0.06922466307878494,
                    0.9941735863685608,
                    0.08262398838996887
                ],
                [
                    -0.1329406052827835,
                    -0.09127720445394516,
                    0.9869118928909302
                ]
            ],
            [
                [
                    0.983182430267334,
                    -0.11148064583539963,
                    -0.14465250074863434
                ],
                [
                    0.1235153079032898,
                    0.9893471598625183,
                    0.07704684138298035
                ],
                [
                    0.13452230393886566,
                    -0.09361790120601654,
                    0.986478328704834
                ]
            ],
            [
                [
                    0.9968177080154419,
                    -0.038638580590486526,
                    -0.06972374022006989
                ],
                [
                    0.03394215926527977,
                    0.9971532821655273,
                    -0.06732908636331558
                ],
                [
                    0.07212676107883453,
                    0.06474825739860535,
                    0.995291531085968
                ]
            ],
            [
                [
                    0.9838771820068359,
                    -0.15492036938667297,
                    0.08936040848493576
                ],
                [
                    0.128026083111763,
                    0.9589742422103882,
                    0.25293833017349243
                ],
                [
                    -0.1248796209692955,
                    -0.23741981387138367,
                    0.9633467197418213
                ]
            ],
            [
                [
                    0.9731469750404358,
                    0.23002508282661438,
                    -0.00857040286064148
                ],
                [
                    -0.22560624778270721,
                    0.9605185389518738,
                    0.162806898355484
                ],
                [
                    0.045681700110435486,
                    -0.15650150179862976,
                    0.9866207838058472
                ]
            ],
            [
                [
                    0.978498637676239,
                    -0.04452665522694588,
                    -0.201389342546463
                ],
                [
                    0.047482509166002274,
                    0.998823344707489,
                    0.009867971763014793
                ],
                [
                    0.20071297883987427,
                    -0.019218267872929573,
                    0.9794614911079407
                ]
            ],
            [
                [
                    0.9025378227233887,
                    0.36940956115722656,
                    -0.22127337753772736
                ],
                [
                    -0.37700727581977844,
                    0.926171600818634,
                    0.008466039784252644
                ],
                [
                    0.20806455612182617,
                    0.07578075677156448,
                    0.9751750230789185
                ]
            ],
            [
                [
                    0.9224141240119934,
                    -0.37541672587394714,
                    0.09063404053449631
                ],
                [
                    0.3755463659763336,
                    0.9266607761383057,
                    0.01627066545188427
                ],
                [
                    -0.09009528905153275,
                    0.01902899332344532,
                    0.9957513809204102
                ]
            ],
            [
                [
                    0.970378041267395,
                    -0.12374509125947952,
                    -0.20749376714229584
                ],
                [
                    0.05906166136264801,
                    0.9543108940124512,
                    -0.29292041063308716
                ],
                [
                    0.23426103591918945,
                    0.2719886004924774,
                    0.9333509206771851
                ]
            ],
            [
                [
                    0.42448267340660095,
                    0.730233907699585,
                    -0.5353250503540039
                ],
                [
                    -0.8461413383483887,
                    0.5303640961647034,
                    0.05252431705594063
                ],
                [
                    0.32227224111557007,
                    0.43066492676734924,
                    0.8430114984512329
                ]
            ],
            [
                [
                    0.5599038004875183,
                    -0.7681568264961243,
                    0.31055253744125366
                ],
                [
                    0.8220615386962891,
                    0.561860203742981,
                    -0.09234703332185745
                ],
                [
                    -0.10355010628700256,
                    0.30699872970581055,
                    0.9460598230361938
                ]
            ],
            [
                [
                    0.017861416563391685,
                    -0.4299761652946472,
                    -0.9026635885238647
                ],
                [
                    -0.0799570232629776,
                    0.8993018865585327,
                    -0.4299570322036743
                ],
                [
                    0.996638298034668,
                    0.07985393702983856,
                    -0.018316807225346565
                ]
            ],
            [
                [
                    0.16168248653411865,
                    0.4044901728630066,
                    0.9001368880271912
                ],
                [
                    -0.14572356641292572,
                    0.9119244813919067,
                    -0.3836122453212738
                ],
                [
                    -0.9760242700576782,
                    -0.06914778053760529,
                    0.20638597011566162
                ]
            ],
            [
                [
                    0.9837600588798523,
                    -0.15701474249362946,
                    -0.08696272224187851
                ],
                [
                    0.1603110134601593,
                    0.986538827419281,
                    0.03227156028151512
                ],
                [
                    0.08072499930858612,
                    -0.045688554644584656,
                    0.9956886768341064
                ]
            ],
            [
                [
                    0.9856691360473633,
                    0.14473284780979156,
                    0.08665294945240021
                ],
                [
                    -0.1462736874818802,
                    0.9891753196716309,
                    0.01167074404656887
                ],
                [
                    -0.08402581512928009,
                    -0.024178538471460342,
                    0.996170163154602
                ]
            ],
            [
                [
                    0.9753282070159912,
                    0.2042745053768158,
                    -0.08370649814605713
                ],
                [
                    -0.1940118819475174,
                    0.9740592241287231,
                    0.11648120731115341
                ],
                [
                    0.1053292453289032,
                    -0.09736735373735428,
                    0.9896591305732727
                ]
            ],
            [
                [
                    0.9732221961021423,
                    -0.21012941002845764,
                    0.09318830072879791
                ],
                [
                    0.19892452657222748,
                    0.9730499386787415,
                    0.11663108319044113
                ],
                [
                    -0.11518450081348419,
                    -0.09497053176164627,
                    0.988793671131134
                ]
            ]
        ],
        "betas": [
            0.04256236553192139,
            0.30117732286453247,
            0.7103643417358398,
            1.6973739862442017,
            -0.04366767406463623,
            -0.04918184131383896,
            -0.028542757034301758,
            0.15141861140727997,
            0.058146461844444275,
            -0.004437655210494995
        ]
    },
    "pred_cam_t": [
        0.03246815502643585,
        0.21041753888130188,
        34.62538528442383
    ],
    "focal_length": [
        5000.0,
        5000.0
    ],
    "pred_keypoints_3d": [
        [
            -0.10106983035802841,
            -0.8456496000289917,
            -0.12110884487628937
        ],
        [
            0.029234370216727257,
            -0.7691460847854614,
            0.0025492310523986816
        ],
        [
            -0.12906309962272644,
            -0.6689172983169556,
            0.10169406235218048
        ],
        [
            -0.16413041949272156,
            -0.4281478226184845,
            0.15506799519062042
        ],
        [
            -0.2284165918827057,
            -0.361456960439682,
            -0.07882069051265717
        ],
        [
            0.18634769320487976,
            -0.6576052308082581,
            -0.07554814964532852
        ],
        [
            0.17820769548416138,
            -0.40139296650886536,
            -0.08977903425693512
        ],
        [
            -0.051977694034576416,
            -0.4336395859718323,
            -0.17223039269447327
        ],
        [
            -0.0032015175092965364,
            -0.24113765358924866,
            0.02407699078321457
        ],
        [
            -0.07358424365520477,
            -0.15767185389995575,
            0.03926340490579605
        ],
        [
            -0.1632010042667389,
            0.2058766633272171,
            -0.01753680408000946
        ],
        [
            -0.1872732788324356,
            0.5136078000068665,
            0.22413018345832825
        ],
        [
            0.04945097118616104,
            -0.1427769809961319,
            0.011113405227661133
        ],
        [
            0.07922579348087311,
            0.21992157399654388,
            -0.05372808128595352
        ],
        [
            0.08387807011604309,
            0.544917643070221,
            0.16485515236854553
        ],
        [
            -0.10334035754203796,
            -0.8931946754455566,
            -0.0801001489162445
        ],
        [
            -0.06536664068698883,
            -0.8941174149513245,
            -0.13463962078094482
        ],
        [
            -0.05067144334316254,
            -0.9045007228851318,
            0.00870150700211525
        ],
        [
            0.03641652315855026,
            -0.9054492712020874,
            -0.11190050840377808
        ],
        [
            0.0647631287574768,
            0.6616706848144531,
            0.004253000020980835
        ],
        [
            0.13620655238628387,
            0.6552194356918335,
            0.04971659183502197
        ],
        [
            0.09539293497800827,
            0.5555837154388428,
            0.2329169064760208
        ],
        [
            -0.20493410527706146,
            0.6419416666030884,
            0.07121631503105164
        ],
        [
            -0.2729873061180115,
            0.618412435054779,
            0.1238933801651001
        ],
        [
            -0.1868824064731598,
            0.5268364548683167,
            0.2956800162792206
        ],
        [
            -0.20173439383506775,
            0.4568999111652374,
            0.22209882736206055
        ],
        [
            -0.15003037452697754,
            0.1459825336933136,
            -0.01929496042430401
        ],
        [
            -0.1299833357334137,
            -0.2895083427429199,
            0.06928250938653946
        ],
        [
            0.13505473732948303,
            -0.24363943934440613,
            0.015033593401312828
        ],
        [
            0.08739543706178665,
            0.17877493798732758,
            -0.05551816523075104
        ],
        [
            0.09563028067350388,
            0.5041033029556274,
            0.17105932533740997
        ],
        [
            -0.20970967411994934,
            -0.3960186839103699,
            -0.0701068788766861
        ],
        [
            -0.19579246640205383,
            -0.45645061135292053,
            0.13978394865989685
        ],
        [
            -0.09699667990207672,
            -0.7026071548461914,
            0.08539123833179474
        ],
        [
            0.16284212470054626,
            -0.6933709383010864,
            -0.05939686670899391
        ],
        [
            0.1816387176513672,
            -0.4362754225730896,
            -0.12864160537719727
        ],
        [
            -0.03416958451271057,
            -0.45027148723602295,
            -0.17012432217597961
        ],
        [
            0.028114400804042816,
            -0.7550567984580994,
            -0.0029034651815891266
        ],
        [
            -0.03172886371612549,
            -0.9523456692695618,
            -0.07236276566982269
        ],
        [
            0.002816007239744067,
            -0.2661631107330322,
            0.0409475676715374
        ],
        [
            0.030788978561758995,
            -0.6956063508987427,
            0.011808108538389206
        ],
        [
            0.0398889034986496,
            -0.5225300192832947,
            0.048768214881420135
        ],
        [
            -0.0323667898774147,
            -0.8375879526138306,
            -0.07900984585285187
        ],
        [
            -0.03247177228331566,
            -0.972497284412384,
            -0.06577876210212708
        ]
    ],
    "pred_vertices": [
        [
            -0.06853079795837402,
            -0.937374472618103,
            -0.15294143557548523
        ],
        [
            -0.07396497577428818,
            -0.9223799705505371,
            -0.1500060260295868
        ],
        [
            -0.059595927596092224,
            -0.9213718175888062,
            -0.15348896384239197
        ],
        [
            -0.051248446106910706,
            -0.9339125156402588,
            -0.15339350700378418
        ],
        [
            -0.06446021050214767,
            -0.9115023612976074,
            -0.151594877243042
        ],
        [
            -0.07616215199232101,
            -0.910999059677124,
            -0.14730143547058105
        ],
        [
            -0.046019501984119415,
            -0.9182333946228027,
            -0.15181495249271393
        ],
        [
            -0.03661549091339111,
            -0.9273552894592285,
            -0.15053431689739227
        ],
        [
            -0.026714131236076355,
            -0.8873428106307983,
            -0.1430739462375641
        ],
        [
            -0.01593957096338272,
            -0.8851975798606873,
            -0.13978421688079834
        ],
        [
            -0.01942870020866394,
            -0.8962832689285278,
            -0.1433647871017456
        ],
        [
            -0.029579997062683105,
            -0.8956056833267212,
            -0.1445738822221756
        ],
        [
            -0.018580541014671326,
            -0.8629342317581177,
            -0.1361173689365387
        ],
        [
            -0.026827268302440643,
            -0.8518936634063721,
            -0.13451290130615234
        ],
        [
            -0.015706658363342285,
            -0.8453821539878845,
            -0.12967519462108612
        ],
        [
            -0.0074624717235565186,
            -0.8561365604400635,
            -0.13002319633960724
        ],
        [
            -0.06816985458135605,
            -0.8597710132598877,
            -0.12425965815782547
        ],
        [
            -0.06248632073402405,
            -0.8534407615661621,
            -0.12735772132873535
        ],
        [
            -0.06103672832250595,
            -0.8602476716041565,
            -0.13075344264507294
        ],
        [
            -0.06671174615621567,
            -0.8657143115997314,
            -0.12688219547271729
        ],
        [
            -0.08058848232030869,
            -0.8676345348358154,
            -0.1221679300069809
        ],
        [
            -0.07846245914697647,
            -0.8737726211547852,
            -0.12165936082601547
        ],
        [
            -0.08616968244314194,
            -0.8761855959892273,
            -0.12164134532213211
        ],
        [
            -0.08846484869718552,
            -0.8690661191940308,
            -0.1234327033162117
        ],
        [
            -0.07038970291614532,
            -0.8545672297477722,
            -0.11930471658706665
        ],
        [
            -0.06399291753768921,
            -0.8480736017227173,
            -0.12262953817844391
        ],
        [
            -0.07352479547262192,
            -0.8649367094039917,
            -0.12211072444915771
        ],
        [
            -0.07538291811943054,
            -0.8600153923034668,
            -0.12165345996618271
        ],
        [
            -0.08404754102230072,
            -0.8513942956924438,
            -0.12507572770118713
        ],
        [
            -0.0829588919878006,
            -0.8563605546951294,
            -0.1259661316871643
        ],
        [
            -0.09067347645759583,
            -0.855648398399353,
            -0.12755119800567627
        ],
        [
            -0.08979927003383636,
            -0.8504849672317505,
            -0.12543347477912903
        ],
        [
            -0.0748794823884964,
            -0.8531262874603271,
            -0.12138795107603073
        ],
        [
            -0.07741811126470566,
            -0.8553287982940674,
            -0.12393500655889511
        ],
        [
            -0.0799417495727539,
            -0.851059079170227,
            -0.12300765514373779
        ],
        [
            -0.07773573696613312,
            -0.8497403264045715,
            -0.11967599391937256
        ],
        [
            -0.08236636966466904,
            -0.8628246784210205,
            -0.12294083833694458
        ],
        [
            -0.08998681604862213,
            -0.8628583550453186,
            -0.12523780763149261
        ],
        [
            -0.09832105785608292,
            -0.8624211549758911,
            -0.12676122784614563
        ],
        [
            -0.09849884361028671,
            -0.8533036708831787,
            -0.12840789556503296
        ],
        [
            -0.04719234257936478,
            -0.8417831063270569,
            -0.13021737337112427
        ],
        [
            -0.05544419586658478,
            -0.8475224375724792,
            -0.12976795434951782
        ],
        [
            -0.05756642669439316,
            -0.842542827129364,
            -0.12542197108268738
        ],
        [
            -0.05102910101413727,
            -0.8378204107284546,
            -0.12671150267124176
        ],
        [
            -0.07343540340662003,
            -0.8473576307296753,
            -0.11809446662664413
        ],
        [
            -0.06722981482744217,
            -0.8317123651504517,
            -0.11894586682319641
        ],
        [
            -0.06828048080205917,
            -0.8353548049926758,
            -0.1200263723731041
        ],
        [
            -0.07519708573818207,
            -0.8350954055786133,
            -0.11777515709400177
        ],
        [
            -0.0736849457025528,
            -0.8317499756813049,
            -0.11715064942836761
        ],
        [
            -0.03380531817674637,
            -0.8297041058540344,
            -0.1267736554145813
        ],
        [
            -0.04066240042448044,
            -0.827419638633728,
            -0.125285342335701
        ],
        [
            -0.036458589136600494,
            -0.821114718914032,
            -0.12302005290985107
        ],
        [
            -0.02854607254266739,
            -0.8224688768386841,
            -0.12306240200996399
        ],
        [
            -0.03518345206975937,
            -0.8155413866043091,
            -0.11993327736854553
        ],
        [
            -0.02448015660047531,
            -0.8154114484786987,
            -0.11917176097631454
        ],
        [
            -0.026971466839313507,
            -0.8014148473739624,
            -0.11044134199619293
        ],
        [
            -0.02508743852376938,
            -0.8076976537704468,
            -0.11450658738613129
        ],
        [
            -0.03659038245677948,
            -0.8098163604736328,
            -0.1164727509021759
        ],
        [
            -0.041252635419368744,
            -0.8039538264274597,
            -0.11367056518793106
        ],
        [
            -0.056837305426597595,
            -0.8064558506011963,
            -0.10949493944644928
        ],
        [
            -0.06236584484577179,
            -0.8044931888580322,
            -0.10644453018903732
        ],
        [
            -0.05478628724813461,
            -0.793184220790863,
            -0.10736870020627975
        ],
        [
            -0.048309557139873505,
            -0.7975376844406128,
            -0.11070901155471802
        ],
        [
            -0.06274209171533585,
            -0.8271894454956055,
            -0.11485903710126877
        ],
        [
            -0.058167025446891785,
            -0.8280258178710938,
            -0.11621793359518051
        ],
        [
            -0.060169704258441925,
            -0.8288851976394653,
            -0.11800449341535568
        ],
        [
            -0.06549473851919174,
            -0.8290311694145203,
            -0.11697838455438614
        ],
        [
            -0.054433971643447876,
            -0.8282155990600586,
            -0.11784947663545609
        ],
        [
            -0.05278044193983078,
            -0.8282120227813721,
            -0.11863743513822556
        ],
        [
            -0.054235413670539856,
            -0.8292145729064941,
            -0.11937694996595383
        ],
        [
            -0.05522038787603378,
            -0.8289341330528259,
            -0.11813681572675705
        ],
        [
            -0.05678550899028778,
            -0.8283688426017761,
            -0.11697258055210114
        ],
        [
            -0.057186223566532135,
            -0.8262618184089661,
            -0.11623091250658035
        ],
        [
            -0.055094704031944275,
            -0.8272345662117004,
            -0.11740687489509583
        ],
        [
            -0.06131456047296524,
            -0.8246201276779175,
            -0.11508084833621979
        ],
        [
            -0.07427220046520233,
            -0.8203706741333008,
            -0.10990570485591888
        ],
        [
            -0.07112860679626465,
            -0.8212178945541382,
            -0.1119246706366539
        ],
        [
            -0.0725071132183075,
            -0.8258651494979858,
            -0.11085233092308044
        ],
        [
            -0.07520674169063568,
            -0.8253434896469116,
            -0.10927737504243851
        ],
        [
            -0.05699794739484787,
            -0.8306320905685425,
            -0.11957467347383499
        ],
        [
            -0.05564897507429123,
            -0.832205057144165,
            -0.12152107059955597
        ],
        [
            -0.061348289251327515,
            -0.8338183164596558,
            -0.12124688923358917
        ],
        [
            -0.060872115194797516,
            -0.831360399723053,
            -0.1193857342004776
        ],
        [
            -0.054206475615501404,
            -0.8341556787490845,
            -0.12380245327949524
        ],
        [
            -0.0526345819234848,
            -0.830544114112854,
            -0.12102307379245758
        ],
        [
            -0.0501529723405838,
            -0.8314108848571777,
            -0.1233985424041748
        ],
        [
            -0.052618108689785004,
            -0.8263226747512817,
            -0.11801232397556305
        ],
        [
            -0.049386776983737946,
            -0.8250240087509155,
            -0.11908261477947235
        ],
        [
            -0.05051558464765549,
            -0.8274874091148376,
            -0.12043497711420059
        ],
        [
            -0.05006386339664459,
            -0.8216082453727722,
            -0.11729658395051956
        ],
        [
            -0.05444944649934769,
            -0.8241044282913208,
            -0.11646569520235062
        ],
        [
            -0.058285124599933624,
            -0.8214762806892395,
            -0.11513806879520416
        ],
        [
            -0.06338424980640411,
            -0.8189622163772583,
            -0.1133541539311409
        ],
        [
            -0.05831699073314667,
            -0.814974308013916,
            -0.11270488798618317
        ],
        [
            -0.053384989500045776,
            -0.818101167678833,
            -0.115186408162117
        ],
        [
            -0.06017589569091797,
            -0.837886393070221,
            -0.12309834361076355
        ],
        [
            -0.046301983296871185,
            -0.8272889256477356,
            -0.1226201206445694
        ],
        [
            -0.04566449671983719,
            -0.8337142467498779,
            -0.12621715664863586
        ],
        [
            -0.04419291764497757,
            -0.822746753692627,
            -0.12116345018148422
        ],
        [
            -0.04389644414186478,
            -0.8183155655860901,
            -0.11867144703865051
        ],
        [
            -0.046299420297145844,
            -0.8139989376068115,
            -0.11588031053543091
        ],
        [
            -0.05142989009618759,
            -0.8098936676979065,
            -0.11260269582271576
        ],
        [
            -0.04240532964468002,
            -0.7878369092941284,
            -0.10099032521247864
        ],
        [
            -0.035297244787216187,
            -0.7936098575592041,
            -0.10601900517940521
        ],
        [
            -0.07373961061239243,
            -0.9050071239471436,
            -0.14202052354812622
        ],
        [
            -0.06601352989673615,
            -0.9050329923629761,
            -0.14713838696479797
        ],
        [
            -0.060357578098773956,
            -0.8992162346839905,
            -0.14274057745933533
        ],
        [
            -0.05994860827922821,
            -0.901429295539856,
            -0.14441680908203125
        ],
        [
            -0.06578481197357178,
            -0.9017279744148254,
            -0.142848402261734
        ],
        [
            -0.06494615972042084,
            -0.8993661403656006,
            -0.14125308394432068
        ],
        [
            -0.038616590201854706,
            -0.8961148858070374,
            -0.14331763982772827
        ],
        [
            -0.04555624723434448,
            -0.8967311382293701,
            -0.14234334230422974
        ],
        [
            -0.04335581511259079,
            -0.8934413194656372,
            -0.1411515772342682
        ],
        [
            -0.03563862293958664,
            -0.889972448348999,
            -0.14297795295715332
        ],
        [
            -0.05163336545228958,
            -0.8840285539627075,
            -0.13796375691890717
        ],
        [
            -0.04672788083553314,
            -0.8862345218658447,
            -0.1397312730550766
        ],
        [
            -0.05271143466234207,
            -0.8918830156326294,
            -0.13950031995773315
        ],
        [
            -0.05631757527589798,
            -0.8903348445892334,
            -0.1382521390914917
        ],
        [
            -0.06010298430919647,
            -0.889356791973114,
            -0.13643907010555267
        ],
        [
            -0.06376682966947556,
            -0.8889861106872559,
            -0.1339356005191803
        ],
        [
            -0.06187807023525238,
            -0.8840702176094055,
            -0.13268670439720154
        ],
        [
            -0.05704611539840698,
            -0.8835808038711548,
            -0.13547103106975555
        ],
        [
            -0.07104504853487015,
            -0.902554988861084,
            -0.13847896456718445
        ],
        [
            -0.07524217665195465,
            -0.9019476175308228,
            -0.13264456391334534
        ],
        [
            -0.07307139784097672,
            -0.8992996215820312,
            -0.1326475590467453
        ],
        [
            -0.0698380097746849,
            -0.8997293710708618,
            -0.1377166211605072
        ],
        [
            -0.07437194138765335,
            -0.8945746421813965,
            -0.12032558768987656
        ],
        [
            -0.07485611736774445,
            -0.8966548442840576,
            -0.12239871919155121
        ],
        [
            -0.07830864936113358,
            -0.8977469205856323,
            -0.12042564898729324
        ],
        [
            -0.07733228802680969,
            -0.8935016989707947,
            -0.1184832900762558
        ],
        [
            -0.07534503936767578,
            -0.8904843330383301,
            -0.11988203227519989
        ],
        [
            -0.07363364100456238,
            -0.8927416801452637,
            -0.12136302888393402
        ],
        [
            -0.07814580947160721,
            -0.9582717418670654,
            -0.14860039949417114
        ],
        [
            -0.08313524723052979,
            -0.9399514198303223,
            -0.1472376585006714
        ],
        [
            -0.05713479220867157,
            -0.9553585052490234,
            -0.1518220454454422
        ],
        [
            -0.040488436818122864,
            -0.9483770132064819,
            -0.15008342266082764
        ],
        [
            -0.025792747735977173,
            -0.9380031824111938,
            -0.1482432782649994
        ],
        [
            -0.0250416100025177,
            -0.8359953165054321,
            -0.12847156822681427
        ],
        [
            -0.017085358500480652,
            -0.828822135925293,
            -0.12418736517429352
        ],
        [
            -0.004959717392921448,
            -0.8394785523414612,
            -0.12427236139774323
        ],
        [
            0.0005933120846748352,
            -0.8303436040878296,
            -0.11763150990009308
        ],
        [
            -0.012279726564884186,
            -0.8197475671768188,
            -0.11847634613513947
        ],
        [
            -0.01391088217496872,
            -0.8025023937225342,
            -0.1038026362657547
        ],
        [
            -0.011021144688129425,
            -0.8105071783065796,
            -0.11144987493753433
        ],
        [
            0.0047530680894851685,
            -0.8219051957130432,
            -0.10822561383247375
        ],
        [
            0.017836347222328186,
            -0.8380814790725708,
            -0.10666009038686752
        ],
        [
            0.01124795526266098,
            -0.8433800935745239,
            -0.1168973445892334
        ],
        [
            0.026570186018943787,
            -0.8564884662628174,
            -0.10395713150501251
        ],
        [
            0.02668008580803871,
            -0.8331538438796997,
            -0.09362392872571945
        ],
        [
            0.032478176057338715,
            -0.8573353886604309,
            -0.095517098903656
        ],
        [
            0.024739213287830353,
            -0.7949737310409546,
            -0.07796370983123779
        ],
        [
            0.032337501645088196,
            -0.7841971516609192,
            -0.07332004606723785
        ],
        [
            0.047883305698633194,
            -0.7942533493041992,
            -0.06997170299291611
        ],
        [
            0.04105097055435181,
            -0.8050556778907776,
            -0.07663081586360931
        ],
        [
            0.003116697072982788,
            -0.8494194149971008,
            -0.1238950863480568
        ],
        [
            -0.0145263671875,
            -0.9080285429954529,
            -0.14196284115314484
        ],
        [
            -0.02586866170167923,
            -0.9048526287078857,
            -0.14581841230392456
        ],
        [
            -0.007622145116329193,
            -0.8971813917160034,
            -0.1391342580318451
        ],
        [
            -0.012920588254928589,
            -0.9698699116706848,
            -0.14291821420192719
        ],
        [
            -0.028598308563232422,
            -0.9607261419296265,
            -0.14855293929576874
        ],
        [
            -0.014990463852882385,
            -0.9482084512710571,
            -0.1472548395395279
        ],
        [
            -0.0020757392048835754,
            -0.9588758945465088,
            -0.1423942595720291
        ],
        [
            -0.04533015191555023,
            -1.000115156173706,
            -0.132807657122612
        ],
        [
            -0.0621986985206604,
            -0.9813324213027954,
            -0.14306101202964783
        ],
        [
            -0.04639391601085663,
            -0.972564697265625,
            -0.14599227905273438
        ],
        [
            -0.03121674805879593,
            -0.986985445022583,
            -0.1390048712491989
        ],
        [
            0.007892698049545288,
            -0.9636393189430237,
            -0.13566148281097412
        ],
        [
            0.022502712905406952,
            -0.9702524542808533,
            -0.12530943751335144
        ],
        [
            0.020812377333641052,
            -0.9883403778076172,
            -0.12220853567123413
        ],
        [
            0.002504497766494751,
            -0.9809393882751465,
            -0.13391077518463135
        ],
        [
            0.013668492436408997,
            -1.0096940994262695,
            -0.11244730651378632
        ],
        [
            -0.008766934275627136,
            -1.0019439458847046,
            -0.12674570083618164
        ],
        [
            0.042867064476013184,
            -0.8461037278175354,
            -0.08337188512086868
        ],
        [
            0.04107009619474411,
            -0.8649231195449829,
            -0.08755125105381012
        ],
        [
            0.032008811831474304,
            -0.8176339864730835,
            -0.084393709897995
        ],
        [
            0.04654429480433464,
            -0.8292795419692993,
            -0.07784612476825714
        ],
        [
            0.002515658736228943,
            -1.0270917415618896,
            -0.09790481626987457
        ],
        [
            -0.023731589317321777,
            -1.0182220935821533,
            -0.11617954820394516
        ],
        [
            0.05941209942102432,
            -0.963550329208374,
            -0.0833946093916893
        ],
        [
            0.050336576998233795,
            -0.9784804582595825,
            -0.0945746973156929
        ],
        [
            0.04466289281845093,
            -0.9611579775810242,
