{
    "pred_cam": [
        1.1266649961471558,
        0.038352496922016144,
        0.17045560479164124
    ],
    "pred_smpl_params": {
        "global_orient": [
            [
                [
                    0.9664052724838257,
                    0.10776548087596893,
                    -0.23333975672721863
                ],
                [
                    0.10410956293344498,
                    -0.9941726326942444,
                    -0.02796548418700695
                ],
                [
                    -0.23499369621276855,
                    0.0027330932207405567,
                    -0.971993088722229
                ]
            ]
        ],
        "body_pose": [
            [
                [
                    0.9927909970283508,
                    -0.10432118922472,
                    0.05901782214641571
                ],
                [
                    0.09890040010213852,
                    0.9911699891090393,
                    0.0883224606513977
                ],
                [
                    -0.06771059334278107,
                    -0.0818488597869873,
                    0.994342029094696
                ]
            ],
            [
                [
                    0.9931737780570984,
                    -0.00832347385585308,
                    0.11634641140699387
                ],
                [
                    -0.005097162444144487,
                    0.9934009313583374,
                    0.1145796999335289
                ],
                [
                    -0.1165323480963707,
                    -0.11439060419797897,
                    0.9865773320198059
                ]
            ],
            [
                [
                    0.9965448379516602,
                    0.009416526183485985,
                    -0.08252119272947311
                ],
                [
                    -0.02050131745636463,
                    0.99069744348526,
                    -0.13452975451946259
                ],
                [
                    0.0804867297410965,
                    0.135756716132164,
                    0.9874674677848816
                ]
            ],
            [
                [
                    0.9950133562088013,
                    0.043087877333164215,
                    -0.0899544358253479
                ],
                [
                    -0.08592361956834793,
                    0.8282832503318787,
                    -0.5536822080612183
                ],
                [
                    0.05065074935555458,
                    0.5586504340171814,
                    0.8278551697731018
                ]
            ],
            [
                [
                    0.9824965000152588,
                    0.08285932242870331,
                    0.16683845221996307
                ],
                [
                    0.04297680780291557,
                    0.7706397771835327,
                    -0.6358202695846558
                ],
                [
                    -0.1812559813261032,
                    0.6318612694740295,
                    0.7535898685455322
                ]
            ],
            [
                [
                    0.9933228492736816,
                    -0.08730079233646393,
                    -0.07542107254266739
                ],
                [
                    0.08390673995018005,
                    0.9953616857528687,
                    -0.04706103354692459
                ],
                [
                    0.07917971163988113,
                    0.040418460965156555,
                    0.9960406422615051
                ]
            ],
            [
                [
                    0.9895721673965454,
                    0.030315082520246506,
                    0.14081153273582458
                ],
                [
                    -0.04254603013396263,
                    0.9954995512962341,
                    0.08467864990234375
                ],
                [
                    -0.1376107782125473,
                    -0.08978661149740219,
                    0.9864084124565125
                ]
            ],
            [
                [
                    0.9826481938362122,
                    -0.08524718880653381,
                    -0.1647285521030426
                ],
                [
                    0.0941849797964096,
                    0.9944344162940979,
                    0.04721682518720627
                ],
                [
                    0.1597866266965866,
                    -0.061912477016448975,
                    0.9852082133293152
                ]
            ],
            [
                [
                    0.9966384768486023,
                    -0.0380212627351284,
                    -0.07256852835416794
                ],
                [
                    0.03562161698937416,
                    0.998784065246582,
                    -0.03408036381006241
                ],
                [
                    0.07377606630325317,
                    0.031380794942379,
                    0.9967809915542603
                ]
            ],
            [
                [
                    0.990916907787323,
                    -0.11101862788200378,
                    0.0758848711848259
                ],
                [
                    0.0936962366104126,
                    0.9747729897499084,
                    0.20257997512817383
                ],
                [
                    -0.09646067023277283,
                    -0.19362980127334595,
                    0.9763210415840149
                ]
            ],
            [
                [
                    0.9812959432601929,
                    0.19248545169830322,
                    -0.0027623134665191174
                ],
                [
                    -0.19061462581157684,
                    0.9735644459724426,
                    0.12585057318210602
                ],
                [
                    0.02691369503736496,
                    -0.12297011911869049,
                    0.9920454025268555
                ]
            ],
            [
                [
                    0.9778583645820618,
                    -0.046286411583423615,
                    -0.20408478379249573
                ],
                [
                    0.04454464092850685,
                    0.9989212155342102,
                    -0.013122616335749626
                ],
                [
                    0.20447202026844025,
                    0.0037411758676171303,
                    0.9788652658462524
                ]
            ],
            [
                [
                    0.9183681607246399,
                    0.3477530777454376,
                    -0.18885895609855652
                ],
                [
                    -0.35234224796295166,
                    0.935819685459137,
                    0.00981827825307846
                ],
                [
                    0.1801522672176361,
                    0.05752619728446007,
                    0.9819551110267639
                ]
            ],
            [
                [
                    0.9315131306648254,
                    -0.3577369153499603,
                    0.06563200801610947
                ],
                [
                    0.35764575004577637,
                    0.9337592124938965,
                    0.01353722158819437
                ],
                [
                    -0.06612725555896759,
                    0.010862905532121658,
                    0.9977520704269409
                ]
            ],
            [
                [
                    0.9776878356933594,
                    -0.10889577865600586,
                    -0.17963331937789917
                ],
                [
                    0.06227736175060272,
                    0.9669551849365234,
                    -0.2472231388092041
                ],
                [
                    0.2006189227104187,
                    0.23051999509334564,
                    0.9521620869636536
                ]
            ],
            [
                [
                    0.4277726411819458,
                    0.7597489953041077,
                    -0.48968565464019775
                ],
                [
                    -0.8552700877189636,
                    0.5154992938041687,
                    0.05266440659761429
                ],
                [
                    0.2924443781375885,
                    0.3962850868701935,
                    0.8703070878982544
                ]
            ],
            [
                [
                    0.5828836560249329,
                    -0.7665124535560608,
                    0.2696393132209778
                ],
                [
                    0.8076807856559753,
                    0.5828509330749512,
                    -0.0890873447060585
                ],
                [
                    -0.08887296169996262,
                    0.2697100341320038,
                    0.9588316082954407
                ]
            ],
            [
                [
                    0.034741003066301346,
                    -0.4179815948009491,
                    -0.9077908992767334
                ],
                [
                    -0.0735003799200058,
                    0.9048107862472534,
                    -0.4194222688674927
                ],
                [
                    0.9966899156570435,
                    0.08129413425922394,
                    0.0007122282986529171
                ]
            ],
            [
                [
                    0.22273565828800201,
                    0.39684951305389404,
                    0.8904489278793335
                ],
                [
                    -0.16987991333007812,
                    0.9152196049690247,
                    -0.36539560556411743
                ],
                [
                    -0.959963321685791,
                    -0.06988277286291122,
                    0.2712687849998474
                ]
            ],
            [
                [
                    0.986457347869873,
                    -0.1498938500881195,
                    -0.06658659130334854
                ],
                [
                    0.15308178961277008,
                    0.9871585965156555,
                    0.045649558305740356
                ],
                [
                    0.058888938277959824,
                    -0.05522453412413597,
                    0.9967358708381653
                ]
            ],
            [
                [
                    0.9859640598297119,
                    0.15642252564430237,
                    0.058366868644952774
                ],
                [
                    -0.15650039911270142,
                    0.9876725673675537,
                    -0.0032625470776110888
                ],
                [
                    -0.05815768614411354,
                    -0.005917685572057962,
                    0.9982898235321045
                ]
            ],
            [
                [
                    0.9738112688064575,
                    0.2112789750099182,
                    -0.08398143947124481
                ],
                [
                    -0.20057529211044312,
                    0.9722713828086853,
                    0.12024123221635818
                ],
                [
                    0.10705719143152237,
                    -0.10024765878915787,
                    0.98918616771698
                ]
            ],
            [
                [
                    0.9721004366874695,
                    -0.22083820402622223,
                    0.07906393706798553
                ],
                [
                    0.20916156470775604,
                    0.968661904335022,
                    0.13396114110946655
                ],
                [
                    -0.10616995394229889,
                    -0.11368655413389206,
                    0.9878275394439697
                ]
            ]
        ],
        "betas": [
            -0.035144731402397156,
            0.01711210608482361,
            0.21169331669807434,
            0.4289439022541046,
            0.05812177062034607,
            -0.019471224397420883,
            -0.04463455080986023,
            -0.0019824206829071045,
            0.05601111054420471,
            -0.049966961145401
        ]
    },
    "pred_cam_t": [
        0.038352496922016144,
        0.17045560479164124,
        34.6709098815918
    ],
    "focal_length": [
        5000.0,
        5000.0
    ],
    "pred_keypoints_3d": [
        [
            -0.10460358113050461,
            -0.8132979869842529,
            -0.11323821544647217
        ],
        [
            0.02507646381855011,
            -0.7402928471565247,
            0.006671342998743057
        ],
        [
            -0.1296447217464447,
            -0.6444779634475708,
            0.10532934963703156
        ],
        [
            -0.16939833760261536,
            -0.4022122025489807,
            0.16556501388549805
        ],
        [
            -0.26365482807159424,
            -0.32509204745292664,
            -0.056815311312675476
        ],
        [
            0.17963309586048126,
            -0.6379356384277344,
            -0.07664036750793457
        ],
        [
            0.18443915247917175,
            -0.3791169822216034,
            -0.09177830070257187
        ],
        [
            -0.042150720953941345,
            -0.3998180627822876,
            -0.18974508345127106
        ],
        [
            -0.0020620590075850487,
            -0.22781626880168915,
            0.027510978281497955
        ],
        [
            -0.075359046459198,
            -0.1446274220943451,
            0.04748944938182831
        ],
        [
            -0.1594790518283844,
            0.22595736384391785,
            0.0162397101521492
        ],
        [
            -0.18798178434371948,
            0.53235924243927,
            0.2667181193828583
        ],
        [
            0.05607740953564644,
            -0.12945829331874847,
            0.01800464279949665
        ],
        [
            0.08103981614112854,
            0.24050544202327728,
            -0.02372872643172741
        ],
        [
            0.08945000916719437,
            0.5676019191741943,
            0.20003902912139893
        ],
        [
            -0.10838612914085388,
            -0.8595502376556396,
            -0.07234081625938416
        ],
        [
            -0.06954366713762283,
            -0.8615537881851196,
            -0.12607699632644653
        ],
        [
            -0.05695829540491104,
            -0.8693375587463379,
            0.016455870121717453
        ],
        [
            0.030823737382888794,
            -0.8727837800979614,
            -0.10154401510953903
        ],
        [
            0.06805555522441864,
            0.688158392906189,
            0.04256395995616913
        ],
        [
            0.1394745409488678,
            0.6793795824050903,
            0.08516916632652283
        ],
        [
            0.1030559167265892,
            0.5765953063964844,
            0.2678094506263733
        ],
        [
            -0.205294668674469,
            0.6691892743110657,
            0.12318402528762817
        ],
        [
            -0.27389565110206604,
            0.6432180404663086,
            0.17176684737205505
        ],
        [
            -0.18833479285240173,
            0.542198657989502,
            0.339178204536438
        ],
        [
            -0.20247165858745575,
            0.47544628381729126,
            0.2628047466278076
        ],
        [
            -0.14770662784576416,
            0.16564665734767914,
            0.011511348187923431
        ],
        [
            -0.13708972930908203,
            -0.2760776877403259,
            0.07183653116226196
        ],
        [
            0.14447763562202454,
            -0.2300022840499878,
            0.016301697120070457
        ],
        [
            0.09083618223667145,
            0.19905546307563782,
            -0.027299320325255394
        ],
        [
            0.10151422023773193,
            0.5261571407318115,
            0.20526477694511414
        ],
        [
            -0.2436024248600006,
            -0.35870611667633057,
            -0.05277520418167114
        ],
        [
            -0.2023385465145111,
            -0.43131211400032043,
            0.15289312601089478
        ],
        [
            -0.09933961927890778,
            -0.6765466332435608,
            0.08914170414209366
        ],
        [
            0.1564992517232895,
            -0.6709688305854797,
            -0.05985765904188156
        ],
        [
            0.18907290697097778,
            -0.41421183943748474,
            -0.1309606432914734
        ],
        [
            -0.025457056239247322,
            -0.41736751794815063,
            -0.18685540556907654
        ],
        [
            0.02326013147830963,
            -0.7297260761260986,
            0.0001074429601430893
        ],
        [
            -0.035499416291713715,
            -0.9188126921653748,
            -0.06119474396109581
        ],
        [
            0.004299551248550415,
            -0.2529294192790985,
            0.04324551671743393
        ],
        [
            0.026394985616207123,
            -0.6713817119598389,
            0.012749352492392063
        ],
        [
            0.03749048709869385,
            -0.4977698028087616,
            0.04773432016372681
        ],
        [
            -0.03772158920764923,
            -0.8047950863838196,
            -0.0714460164308548
        ],
        [
            -0.03628452122211456,
            -0.9388753175735474,
            -0.05438556894659996
        ]
    ],
    "pred_vertices": [
        [
            -0.07205377519130707,
            -0.9063676595687866,
            -0.14276021718978882
        ],
        [
            -0.07763195037841797,
            -0.8911371827125549,
            -0.14000430703163147
        ],
        [
            -0.063325896859169,
            -0.8900343179702759,
            -0.1433839201927185
        ],
        [
            -0.05484257638454437,
            -0.9026762843132019,
            -0.14298591017723083
        ],
        [
            -0.06826869398355484,
            -0.8798415064811707,
            -0.14184989035129547
        ],
        [
            -0.07992672175168991,
            -0.8793622255325317,
            -0.13780958950519562
        ],
        [
            -0.04990238696336746,
            -0.8866149187088013,
            -0.14175142347812653
        ],
        [
            -0.04037783294916153,
            -0.8959560394287109,
            -0.14020413160324097
        ],
        [
            -0.030794911086559296,
            -0.8551924824714661,
            -0.13397400081157684
        ],
        [
            -0.020153388381004333,
            -0.8530480861663818,
            -0.13054320216178894
        ],
        [
            -0.023604176938533783,
            -0.8642892837524414,
            -0.13360747694969177
        ],
        [
            -0.03369084745645523,
            -0.8634988069534302,
            -0.13510124385356903
        ],
        [
            -0.02287048101425171,
            -0.8307275772094727,
            -0.1275090128183365
        ],
        [
            -0.03125179558992386,
            -0.8196607828140259,
            -0.12640681862831116
        ],
        [
            -0.02031123638153076,
            -0.8131320476531982,
            -0.1211807131767273
        ],
        [
            -0.012034155428409576,
            -0.8237977027893066,
            -0.1208992749452591
        ],
        [
            -0.07241931557655334,
            -0.8270845413208008,
            -0.11663827300071716
        ],
        [
            -0.06682748347520828,
            -0.8209317326545715,
            -0.11976500600576401
        ],
        [
            -0.06529878824949265,
            -0.8277542591094971,
            -0.12310995161533356
        ],
        [
            -0.07093201577663422,
            -0.8330895304679871,
            -0.11917012929916382
        ],
        [
            -0.08453690260648727,
            -0.8348639011383057,
            -0.11414891481399536
        ],
        [
            -0.08253461122512817,
            -0.8410050272941589,
            -0.11362314969301224
        ],
        [
            -0.09007321298122406,
            -0.8434394598007202,
            -0.11330778151750565
        ],
        [
            -0.09221287816762924,
            -0.8364071846008301,
            -0.1151307076215744
        ],
        [
            -0.07453972101211548,
            -0.8218593597412109,
            -0.11159448325634003
        ],
        [
            -0.06826163083314896,
            -0.8156492710113525,
            -0.11489681899547577
        ],
        [
            -0.07763127982616425,
            -0.8321362137794495,
            -0.11437284201383591
        ],
        [
            -0.0793534368276596,
            -0.8272427320480347,
            -0.1137811616063118
        ],
        [
            -0.08772282302379608,
            -0.81884765625,
            -0.11701634526252747
        ],
        [
            -0.08662991970777512,
            -0.8238095045089722,
            -0.11786253750324249
        ],
        [
            -0.0942024365067482,
            -0.8232390880584717,
            -0.11936704814434052
        ],
        [
            -0.09334973245859146,
            -0.8180192708969116,
            -0.11738752573728561
        ],
        [
            -0.07882849127054214,
            -0.8204500675201416,
            -0.1134515330195427
        ],
        [
            -0.08122812211513519,
            -0.8226547837257385,
            -0.11589024215936661
        ],
        [
            -0.08374369144439697,
            -0.8184194564819336,
            -0.1149882823228836
        ],
        [
            -0.0816628560423851,
            -0.8170740604400635,
            -0.11169620603322983
        ],
        [
            -0.08614438772201538,
            -0.8301074504852295,
            -0.11481846868991852
        ],
        [
            -0.09359850734472275,
            -0.8302726149559021,
            -0.11696572601795197
        ],
        [
            -0.10172352939844131,
            -0.8299611806869507,
            -0.11834308505058289
        ],
        [
            -0.10190200060606003,
            -0.8210557103157043,
            -0.12020798027515411
        ],
        [
            -0.051679521799087524,
            -0.8096119165420532,
            -0.12253348529338837
        ],
        [
            -0.059820011258125305,
            -0.815184473991394,
            -0.12216071039438248
        ],
        [
            -0.06192182004451752,
            -0.8102922439575195,
            -0.11770439893007278
        ],
        [
            -0.05544726550579071,
            -0.8057423830032349,
            -0.1188972145318985
        ],
        [
            -0.07751824706792831,
            -0.8148093223571777,
            -0.11021644622087479
        ],
        [
            -0.07150774449110031,
            -0.7996295094490051,
            -0.11130158603191376
        ],
        [
            -0.0724511668086052,
            -0.803193211555481,
            -0.11220628768205643
        ],
        [
            -0.07938678562641144,
            -0.8029268980026245,
            -0.10999231785535812
        ],
        [
            -0.07799737900495529,
            -0.7996532917022705,
            -0.10958023369312286
        ],
        [
            -0.038491420447826385,
            -0.7978644371032715,
            -0.11885502934455872
        ],
        [
            -0.04529158025979996,
            -0.7956633567810059,
            -0.11722826957702637
        ],
        [
            -0.04129938781261444,
            -0.7895288467407227,
            -0.1149977371096611
        ],
        [
            -0.03353723883628845,
            -0.7907545566558838,
            -0.11514751613140106
        ],
        [
            -0.04032660275697708,
            -0.7841275930404663,
            -0.11196886003017426
        ],
        [
            -0.02975061535835266,
            -0.7838612794876099,
            -0.11121630668640137
        ],
        [
            -0.03229283541440964,
            -0.770077109336853,
            -0.10267271101474762
        ],
        [
            -0.030452676117420197,
            -0.7762242555618286,
            -0.10673151910305023
        ],
        [
            -0.04174380004405975,
            -0.7785223126411438,
            -0.10859770327806473
        ],
        [
            -0.04639589041471481,
            -0.7727794051170349,
            -0.10587317496538162
        ],
        [
            -0.06177318096160889,
            -0.7749684453010559,
            -0.10220518708229065
        ],
        [
            -0.06716396659612656,
            -0.7729521989822388,
            -0.09920914471149445
        ],
        [
            -0.05978807806968689,
            -0.7619056701660156,
            -0.10001744329929352
        ],
        [
            -0.05345125496387482,
            -0.7663894891738892,
            -0.10306641459465027
        ],
        [
            -0.0672183558344841,
            -0.7951250672340393,
            -0.10738696157932281
        ],
        [
            -0.0626445785164833,
            -0.7960073947906494,
            -0.1086462140083313
        ],
        [
            -0.06456002593040466,
            -0.7968425750732422,
            -0.11045055091381073
        ],
        [
            -0.06987909972667694,
            -0.7969619035720825,
            -0.10953240096569061
        ],
        [
            -0.058973997831344604,
            -0.7962713837623596,
            -0.11016029864549637
        ],
        [
            -0.05733651667833328,
            -0.7962550520896912,
            -0.11089760065078735
        ],
        [
            -0.058693766593933105,
            -0.7971994876861572,
            -0.11165467649698257
        ],
        [
            -0.059694983065128326,
            -0.7969141006469727,
            -0.11046906560659409
        ],
        [
            -0.06130325049161911,
            -0.7963745594024658,
            -0.10935042798519135
        ],
        [
            -0.06175296753644943,
            -0.7943781614303589,
            -0.1086416095495224
        ],
        [
            -0.05967732518911362,
            -0.7953554391860962,
            -0.10974802821874619
        ],
        [
            -0.06589117646217346,
            -0.7927919626235962,
            -0.10757208615541458
        ],
        [
            -0.07885965704917908,
            -0.7882139086723328,
            -0.10280529409646988
        ],
        [
            -0.07570195943117142,
            -0.7892079949378967,
            -0.10473968088626862
        ],
        [
            -0.0770011618733406,
            -0.7936220765113831,
            -0.10360407084226608
        ],
        [
            -0.07974705845117569,
            -0.7930406928062439,
            -0.10206041485071182
        ],
        [
            -0.061370812356472015,
            -0.798540472984314,
            -0.11184576898813248
        ],
        [
            -0.059957295656204224,
            -0.8001506924629211,
            -0.11366072297096252
        ],
        [
            -0.06554495543241501,
            -0.8017703294754028,
            -0.11338308453559875
        ],
        [
            -0.06516683846712112,
            -0.7993048429489136,
            -0.11167346686124802
        ],
        [
            -0.058565013110637665,
            -0.802080512046814,
            -0.11592879146337509
        ],
        [
            -0.057084761559963226,
            -0.7985535860061646,
            -0.11318571120500565
        ],
        [
            -0.05465838313102722,
            -0.7994233965873718,
            -0.11548270285129547
        ],
        [
            -0.057240016758441925,
            -0.7944906949996948,
            -0.11030790954828262
        ],
        [
            -0.05407048016786575,
            -0.7932466268539429,
            -0.11126244068145752
        ],
        [
            -0.055101193487644196,
            -0.7955938577651978,
            -0.11262637376785278
        ],
        [
            -0.054829664528369904,
            -0.7899584770202637,
            -0.10959600657224655
        ],
        [
            -0.059119872748851776,
            -0.7923550605773926,
            -0.108868308365345
        ],
        [
            -0.0629751980304718,
            -0.7898268699645996,
            -0.10765419900417328
        ],
        [
            -0.06811195611953735,
            -0.7872646450996399,
            -0.1061045229434967
        ],
        [
            -0.0631740391254425,
            -0.783388078212738,
            -0.105464406311512
        ],
        [
            -0.05819087475538254,
            -0.7865073680877686,
            -0.10769274085760117
        ],
        [
            -0.06438352912664413,
            -0.8056986331939697,
            -0.11520135402679443
        ],
        [
            -0.05087932199239731,
            -0.7954903244972229,
            -0.11465566605329514
        ],
        [
            -0.05016361176967621,
            -0.8017848134040833,
            -0.11825074255466461
        ],
        [
            -0.048923105001449585,
            -0.7910919189453125,
            -0.1131991446018219
        ],
        [
            -0.048808395862579346,
            -0.7867746949195862,
            -0.11082318425178528
        ],
        [
            -0.051280081272125244,
            -0.7825784683227539,
            -0.10816197842359543
        ],
        [
            -0.05639953911304474,
            -0.7784539461135864,
            -0.10519767552614212
        ],
        [
            -0.04771198332309723,
            -0.7563307285308838,
            -0.0937640592455864
        ],
        [
            -0.04060501605272293,
            -0.7622449398040771,
            -0.0984901636838913
        ],
        [
            -0.07765353471040726,
            -0.8728750944137573,
            -0.1329847276210785
        ],
        [
            -0.06992868334054947,
            -0.872960090637207,
            -0.1379934847354889
        ],
        [
            -0.06437637656927109,
            -0.8668676018714905,
            -0.13392826914787292
        ],
        [
            -0.06390517950057983,
            -0.8692071437835693,
            -0.13547728955745697
        ],
        [
            -0.06976466625928879,
            -0.8694480657577515,
            -0.13394232094287872
        ],
        [
            -0.06896986067295074,
            -0.8670085668563843,
            -0.13248687982559204
        ],
        [
            -0.04269063472747803,
            -0.8638699054718018,
            -0.13405564427375793
        ],
        [
            -0.049640677869319916,
            -0.8644037246704102,
            -0.13330714404582977
        ],
        [
            -0.04748298227787018,
            -0.8611270189285278,
            -0.1321893334388733
        ],
        [
            -0.03972572833299637,
            -0.8577396869659424,
            -0.13394878804683685
        ],
        [
            -0.05583524703979492,
            -0.851797342300415,
            -0.12942665815353394
        ],
        [
            -0.05094219744205475,
            -0.8540025949478149,
            -0.13105487823486328
        ],
        [
            -0.05687469244003296,
            -0.8596400022506714,
            -0.13067488372325897
        ],
        [
            -0.06047303229570389,
            -0.8580466508865356,
            -0.12957100570201874
        ],
        [
            -0.06427544355392456,
            -0.8569608330726624,
            -0.12790589034557343
        ],
        [
            -0.06794586032629013,
            -0.856481671333313,
            -0.12546920776367188
        ],
        [
            -0.0660935714840889,
            -0.851561963558197,
            -0.12434455007314682
        ],
        [
            -0.0612749382853508,
            -0.8512232303619385,
            -0.12706312537193298
        ],
        [
            -0.07507435232400894,
            -0.8701016902923584,
            -0.12962809205055237
        ],
        [
            -0.07939235121011734,
            -0.869276762008667,
            -0.12387695908546448
        ],
        [
            -0.07729757577180862,
            -0.8665939569473267,
            -0.12394606322050095
        ],
        [
            -0.07397657632827759,
            -0.867186427116394,
            -0.12905389070510864
        ],
        [
            -0.07864279299974442,
            -0.8614314198493958,
            -0.11186923831701279
        ],
        [
            -0.07916899770498276,
            -0.8635413646697998,
            -0.11390185356140137
        ],
        [
            -0.08257003873586655,
            -0.8645491600036621,
            -0.11202222108840942
        ],
        [
            -0.08156272023916245,
            -0.8603678941726685,
            -0.11013074964284897
        ],
        [
            -0.0795462504029274,
            -0.8574619293212891,
            -0.11150944232940674
        ],
        [
            -0.07782671600580215,
            -0.8597061038017273,
            -0.1129029244184494
        ],
        [
            -0.08137353509664536,
            -0.927574872970581,
            -0.1377241313457489
        ],
        [
            -0.08708261698484421,
            -0.908812403678894,
            -0.13742147386074066
        ],
        [
            -0.060620591044425964,
            -0.924419105052948,
            -0.1409282684326172
        ],
        [
            -0.0439680814743042,
            -0.9171125888824463,
            -0.13946716487407684
        ],
        [
            -0.029518119990825653,
            -0.9064245223999023,
            -0.1374763399362564
        ],
        [
            -0.029701776802539825,
            -0.8040070533752441,
            -0.12033629417419434
        ],
        [
            -0.022023193538188934,
            -0.7969049215316772,
            -0.11610180139541626
        ],
        [
            -0.009809829294681549,
            -0.8072306513786316,
            -0.11557604372501373
        ],
        [
            -0.004686921834945679,
            -0.7983515858650208,
            -0.10911223292350769
        ],
        [
            -0.017494551837444305,
            -0.7879775762557983,
            -0.11053721606731415
        ],
        [
            -0.01930331438779831,
            -0.770635724067688,
            -0.09617853909730911
        ],
        [
            -0.01641611009836197,
            -0.7786709070205688,
            -0.1037137508392334
        ],
        [
            -0.0009831786155700684,
            -0.7900909781455994,
            -0.09999029338359833
        ],
        [
            0.011970177292823792,
            -0.805925726890564,
            -0.09775736927986145
        ],
        [
            0.005865760147571564,
            -0.8110170364379883,
            -0.10747958719730377
        ],
        [
            0.02048949897289276,
            -0.8241010904312134,
            -0.09498618543148041
        ],
        [
            0.020201507955789566,
            -0.8009509444236755,
            -0.0852213203907013
        ],
        [
            0.02592308074235916,
            -0.8249167799949646,
            -0.08687694370746613
        ],
        [
            0.017603006213903427,
            -0.7641545534133911,
            -0.07159170508384705
        ],
        [
            0.024789374321699142,
            -0.7542455196380615,
            -0.06779471784830093
        ],
        [
            0.03969324007630348,
            -0.7640273571014404,
            -0.06453874707221985
        ],
        [
            0.03342238813638687,
            -0.7741373777389526,
            -0.07027029991149902
        ],
        [
            -0.0017176494002342224,
            -0.8169883489608765,
            -0.11451634764671326
        ],
        [
            -0.018696710467338562,
            -0.8762058019638062,
            -0.1317732036113739
        ],
        [
            -0.02998889982700348,
            -0.8730742931365967,
            -0.13578101992607117
        ],
        [
            -0.012037977576255798,
            -0.8651567697525024,
            -0.12917473912239075
        ],
        [
            -0.015888266265392303,
            -0.9389568567276001,
            -0.13098400831222534
        ],
        [
            -0.031745247542858124,
            -0.9296334981918335,
            -0.13720513880252838
        ],
        [
            -0.018424585461616516,
            -0.9168071746826172,
            -0.13586346805095673
        ],
        [
            -0.0054617226123809814,
            -0.9273210763931274,
            -0.1304444670677185
        ],
        [
            -0.04771416634321213,
            -0.9693984985351562,
            -0.1204090267419815
        ],
        [
            -0.06516002863645554,
            -0.950718879699707,
            -0.131515771150589
        ],
        [
            -0.04929371923208237,
            -0.9417181015014648,
            -0.1346212476491928
        ],
        [
            -0.03370555490255356,
            -0.9562647342681885,
            -0.1269688457250595
        ],
        [
            0.004863366484642029,
            -0.9320175647735596,
            -0.1236094981431961
        ],
        [
            0.01929527521133423,
            -0.9380761384963989,
            -0.1128128319978714
        ],
        [
            0.018066830933094025,
            -0.9555804133415222,
            -0.10810499638319016
        ],
        [
            -0.000125885009765625,
            -0.9496623277664185,
            -0.12071368098258972
        ],
        [
            0.01099596917629242,
            -0.9763062596321106,
            -0.09752005338668823
        ],
        [
            -0.010962523519992828,
            -0.9699172973632812,
            -0.11292395740747452
        ],
        [
            0.035857584327459335,
            -0.8136298656463623,
            -0.07533441483974457
        ],
        [
            0.034371569752693176,
            -0.8324763774871826,
            -0.07915991544723511
        ],
        [
            0.025008082389831543,
            -0.7860146760940552,
            -0.07706695795059204
        ],
        [
            0.03907860070466995,
            -0.7975324988365173,
            -0.07056999206542969
        ],
        [
            -0.00011490285396575928,
            -0.9920313358306885,
            -0.08255606144666672
        ],
        [
            -0.02552492916584015,
            -0.9856326580047607,
            -0.10197001695632935
        ],
        [
            0.05408164858818054,
            -0.9296038150787354,
            -0.07062424719333649
        ],
        [
            0.04591478407382965,
            -0.9449027180671692,
            -0.08087273687124252
        ],
        [
            0.04054167866706848,
            -0.9282402992248535,
