{
    "pred_cam": [
        1.541358232498169,
        0.10021301358938217,
        0.34330159425735474
    ],
    "pred_smpl_params": {
        "global_orient": [
            [
                [
                    -0.971505880355835,
                    -0.04945257678627968,
                    -0.23179902136325836
                ],
                [
                    0.08807562291622162,
                    -0.9832834005355835,
                    -0.1593625545501709
                ],
                [
                    -0.22004325687885284,
                    -0.1752375066280365,
                    0.9596211910247803
                ]
            ]
        ],
        "body_pose": [
            [
                [
                    0.9942712783813477,
                    -0.0785912573337555,
                    -0.0724434182047844
                ],
                [
                    0.08411286026239395,
                    0.993506669998169,
                    0.07661235332489014
                ],
                [
                    0.06595195829868317,
                    -0.08226688951253891,
                    0.9944256544113159
                ]
            ],
            [
                [
                    0.9986981749534607,
                    -0.045218054205179214,
                    -0.023604417219758034
                ],
                [
                    0.049137599766254425,
                    0.977035403251648,
                    0.2073339819908142
                ],
                [
                    0.01368710957467556,
                    -0.20822395384311676,
                    0.9779853820800781
                ]
            ],
            [
                [
                    0.9984829425811768,
                    0.033918414264917374,
                    0.043373383581638336
                ],
                [
                    -0.026626387611031532,
                    0.9869446158409119,
                    -0.15884391963481903
                ],
                [
                    -0.04819485917687416,
                    0.15744808316230774,
                    0.9863504767417908
                ]
            ],
            [
                [
                    0.9738298058509827,
                    -0.15870271623134613,
                    -0.16269263625144958
                ],
                [
                    -0.10841500014066696,
                    0.30476972460746765,
                    -0.9462354779243469
                ],
                [
                    0.19975394010543823,
                    0.9391106963157654,
                    0.27958807349205017
                ]
            ],
            [
                [
                    0.9559287428855896,
                    -0.2200581431388855,
                    0.194356769323349
                ],
                [
                    0.22802475094795227,
                    0.13946446776390076,
                    -0.9636152386665344
                ],
                [
                    0.1849454939365387,
                    0.965465784072876,
                    0.18349680304527283
                ]
            ],
            [
                [
                    0.9979813098907471,
                    0.008101497776806355,
                    0.06298889219760895
                ],
                [
                    -0.004943596664816141,
                    0.9987305402755737,
                    -0.05012939125299454
                ],
                [
                    -0.06331504881381989,
                    0.04971680790185928,
                    0.9967544674873352
                ]
            ],
            [
                [
                    0.9854946136474609,
                    -0.049712564796209335,
                    0.16226215660572052
                ],
                [
                    0.005594698712229729,
                    0.9651304483413696,
                    0.2617095708847046
                ],
                [
                    -0.16961440443992615,
                    -0.25700557231903076,
                    0.9514089822769165
                ]
            ],
            [
                [
                    0.9796391725540161,
                    0.13089005649089813,
                    -0.1522328108549118
                ],
                [
                    -0.08734822273254395,
                    0.9606054425239563,
                    0.2638324201107025
                ],
                [
                    0.1807686984539032,
                    -0.24516330659389496,
                    0.9524797201156616
                ]
            ],
            [
                [
                    0.999264657497406,
                    0.0036374982446432114,
                    0.038169506937265396
                ],
                [
                    -0.005218921694904566,
                    0.9991284012794495,
                    0.04141409322619438
                ],
                [
                    -0.03798559680581093,
                    -0.04158284142613411,
                    0.9984126687049866
                ]
            ],
            [
                [
                    0.9991683959960938,
                    -0.03325529024004936,
                    -0.02359258010983467
                ],
                [
                    0.03654218837618828,
                    0.9870317578315735,
                    0.15631084144115448
                ],
                [
                    0.018088461831212044,
                    -0.1570429652929306,
                    0.9874261617660522
                ]
            ],
            [
                [
                    0.9972602128982544,
                    -0.047576308250427246,
                    -0.05664472654461861
                ],
                [
                    0.05414691939949989,
                    0.9912031292915344,
                    0.12076648324728012
                ],
                [
                    0.05040080100297928,
                    -0.12350273877382278,
                    0.9910635352134705
                ]
            ],
            [
                [
                    0.9720494747161865,
                    -0.04065685346722603,
                    -0.23122920095920563
                ],
                [
                    0.06802484393119812,
                    0.9914172291755676,
                    0.11164509505033493
                ],
                [
                    0.22470544278621674,
                    -0.12425387650728226,
                    0.9664722681045532
                ]
            ],
            [
                [
                    0.9498038291931152,
                    0.2531736195087433,
                    -0.18378154933452606
                ],
                [
                    -0.2421817034482956,
                    0.9668976664543152,
                    0.08035550266504288
                ],
                [
                    0.19804182648658752,
                    -0.031813446432352066,
                    0.979677140712738
                ]
            ],
            [
                [
                    0.8867148160934448,
                    -0.28425517678260803,
                    0.3646034002304077
                ],
                [
                    0.2643372118473053,
                    0.9587417840957642,
                    0.10459467768669128
                ],
                [
                    -0.3792920708656311,
                    0.0036325776018202305,
                    0.9252697825431824
                ]
            ],
            [
                [
                    0.9791555404663086,
                    -0.08963745087385178,
                    -0.18226258456707
                ],
                [
                    0.059513986110687256,
                    0.984580397605896,
                    -0.16449804604053497
                ],
                [
                    0.19419734179973602,
                    0.15022198855876923,
                    0.9693920612335205
                ]
            ],
            [
                [
                    0.7080310583114624,
                    0.6242692470550537,
                    -0.330121248960495
                ],
                [
                    -0.6700758934020996,
                    0.741466224193573,
                    -0.035017311573028564
                ],
                [
                    0.22291351854801178,
                    0.24599960446357727,
                    0.9432889223098755
                ]
            ],
            [
                [
                    0.5099034905433655,
                    -0.7404302954673767,
                    0.4379056692123413
                ],
                [
                    0.7729948163032532,
                    0.6177517175674438,
                    0.1444360464811325
                ],
                [
                    -0.37746185064315796,
                    0.264850378036499,
                    0.8873425126075745
                ]
            ],
            [
                [
                    0.03792507201433182,
                    -0.37029898166656494,
                    -0.9281381368637085
                ],
                [
                    0.11908244341611862,
                    0.9238625168800354,
                    -0.36372724175453186
                ],
                [
                    0.9921597838401794,
                    -0.09673058241605759,
                    0.07913365960121155
                ]
            ],
            [
                [
                    0.2225380837917328,
                    0.3981434404850006,
                    0.889920711517334
                ],
                [
                    -0.14764168858528137,
                    0.9160453677177429,
                    -0.3729114234447479
                ],
                [
                    -0.963679850101471,
                    -0.048402395099401474,
                    0.26263755559921265
                ]
            ],
            [
                [
                    0.9894668459892273,
                    -0.14193391799926758,
                    -0.02846134454011917
                ],
                [
                    0.13768446445465088,
                    0.9834529757499695,
                    -0.11774268746376038
                ],
                [
                    0.04470207169651985,
                    0.11258380860090256,
                    0.9926362037658691
                ]
            ],
            [
                [
                    0.9818932414054871,
                    0.18835531175136566,
                    0.02019874006509781
                ],
                [
                    -0.18100760877132416,
                    0.9643116593360901,
                    -0.19323405623435974
                ],
                [
                    -0.0558745376765728,
                    0.18607906997203827,
                    0.9809448719024658
                ]
            ],
            [
                [
                    0.9734620451927185,
                    0.2163849025964737,
                    -0.07449305802583694
                ],
                [
                    -0.20776350796222687,
                    0.9721150398254395,
                    0.1087503656744957
                ],
                [
                    0.0959477648139,
                    -0.09038741886615753,
                    0.9912739992141724
                ]
            ],
            [
                [
                    0.9800902605056763,
                    -0.1977042704820633,
                    0.018337132409214973
                ],
                [
                    0.19456122815608978,
                    0.9747076630592346,
                    0.10995832085609436
                ],
                [
                    -0.03961257264018059,
                    -0.10420136898756027,
                    0.9937670826911926
                ]
            ]
        ],
        "betas": [
            -0.2981048822402954,
            -0.2599662244319916,
            0.21123018860816956,
            0.2611379027366638,
            0.15538650751113892,
            0.03994176164269447,
            0.040510743856430054,
            -0.12127941846847534,
            0.037857890129089355,
            -0.08785897493362427
        ]
    },
    "pred_cam_t": [
        0.10021301358938217,
        0.34330159425735474,
        25.34290885925293
    ],
    "focal_length": [
        5000.0,
        5000.0
    ],
    "pred_keypoints_3d": [
        [
            -0.049845438450574875,
            -0.8476842641830444,
            0.10186468064785004
        ],
        [
            -0.045423880219459534,
            -0.7214869260787964,
            -0.04121711105108261
        ],
        [
            0.11675537377595901,
            -0.6543260216712952,
            0.054767899215221405
        ],
        [
            0.13128797709941864,
            -0.43783754110336304,
            0.1761597990989685
        ],
        [
            -0.06271713972091675,
            -0.4711243808269501,
            0.3281172513961792
        ],
        [
            -0.20394366979599,
            -0.6141492128372192,
            -0.08444159477949142
        ],
        [
            -0.313861221075058,
            -0.3859739303588867,
            -0.058845099061727524
        ],
        [
            -0.3169819414615631,
            -0.4372243285179138,
            0.1783892661333084
        ],
        [
            -0.0016960208304226398,
            -0.22424733638763428,
            0.029015136882662773
        ],
        [
            0.0701524168252945,
            -0.1408986747264862,
            0.0560854896903038
        ],
        [
            0.0910254567861557,
            0.20749902725219727,
            0.18971213698387146
        ],
        [
            0.08241422474384308,
            0.3563258647918701,
            -0.16905036568641663
        ],
        [
            -0.0639374852180481,
            -0.1274123191833496,
            0.023164745420217514
        ],
        [
            -0.11144047975540161,
            0.22741156816482544,
            0.0984717458486557
        ],
        [
            -0.10784141719341278,
            0.390097975730896,
            -0.25384461879730225
        ],
        [
            -0.017914097756147385,
            -0.8828437924385071,
            0.06354629993438721
        ],
        [
            -0.08394887298345566,
            -0.8856949806213379,
            0.06819773465394974
        ],
        [
            0.015438035130500793,
            -0.8564616441726685,
            -0.031081724911928177
        ],
        [
            -0.12995782494544983,
            -0.8627187013626099,
            -0.021534282714128494
        ],
        [
            -0.12036197632551193,
            0.5543596744537354,
            -0.15166857838630676
        ],
        [
            -0.18414515256881714,
            0.524135947227478,
            -0.19413042068481445
        ],
        [
            -0.11361770331859589,
            0.36772963404655457,
            -0.31680795550346375
        ],
        [
            0.052975449711084366,
            0.5214698314666748,
            -0.06945651769638062
        ],
        [
            0.1286422610282898,
            0.500163197517395,
            -0.10087907314300537
        ],
        [
            0.09446519613265991,
            0.3440873920917511,
            -0.2379055619239807
        ],
        [
            0.11143302172422409,
            0.31358909606933594,
            -0.13955801725387573
        ],
        [
            0.0896625891327858,
            0.1564786285161972,
            0.1867406815290451
        ],
        [
            0.14513179659843445,
            -0.26522672176361084,
            0.04492417350411415
        ],
        [
            -0.1426430344581604,
            -0.2234162539243698,
            -0.0286584310233593
        ],
        [
            -0.12108449637889862,
            0.19213774800300598,
            0.09797919541597366
        ],
        [
            -0.11683040857315063,
            0.3497188985347748,
            -0.23832114040851593
        ],
        [
            -0.06031326204538345,
            -0.48930689692497253,
            0.2963274121284485
        ],
        [
            0.13681600987911224,
            -0.4764186143875122,
            0.19703790545463562
        ],
        [
            0.08812788128852844,
            -0.6805510520935059,
            0.03009726107120514
        ],
        [
            -0.18089938163757324,
            -0.6463925242424011,
            -0.08601045608520508
        ],
        [
            -0.33608168363571167,
            -0.4320099353790283,
            -0.05073243007063866
        ],
        [
            -0.31411173939704895,
            -0.45162248611450195,
            0.1607581079006195
        ],
        [
            -0.05058182030916214,
            -0.7167372703552246,
            -0.030378540977835655
        ],
        [
            -0.05816841125488281,
            -0.9143565893173218,
            -0.017041180282831192
        ],
        [
            0.000573046796489507,
            -0.24403734505176544,
            0.007806302979588509
        ],
        [
            -0.04538397490978241,
            -0.660287618637085,
            -0.026222608983516693
        ],
        [
            -0.015123113058507442,
            -0.4813140034675598,
            -0.030256977304816246
        ],
        [
            -0.06292824447154999,
            -0.8119813799858093,
            0.031815189868211746
        ],
        [
            -0.05275940150022507,
            -0.9316107034683228,
            -0.027863502502441406
        ]
    ],
    "pred_vertices": [
        [
            -0.09446721524000168,
            -0.9308736324310303,
            0.06331339478492737
        ],
        [
            -0.08837813138961792,
            -0.9175257682800293,
            0.07049556076526642
        ],
        [
            -0.10028138756752014,
            -0.9130280017852783,
            0.06325522810220718
        ],
        [
            -0.10625094175338745,
            -0.922866702079773,
            0.05267787352204323
        ],
        [
            -0.09570503234863281,
            -0.9048426747322083,
            0.06955262273550034
        ],
        [
            -0.08513414114713669,
            -0.9068382382392883,
            0.07563753426074982
        ],
        [
            -0.10751404613256454,
            -0.9060238599777222,
            0.054125599563121796
        ],
        [
            -0.11320383846759796,
            -0.9125938415527344,
            0.042754389345645905
        ],
        [
            -0.11592498421669006,
            -0.8702117204666138,
            0.04814918339252472
        ],
        [
            -0.12015382200479507,
            -0.8640215396881104,
            0.03910195827484131
        ],
        [
            -0.11974692344665527,
            -0.8757421970367432,
            0.0395561158657074
        ],
        [
            -0.11387068778276443,
            -0.8784682750701904,
            0.047866374254226685
        ],
        [
            -0.11542949080467224,
            -0.843938946723938,
            0.04738795757293701
        ],
        [
            -0.10884879529476166,
            -0.8360522985458374,
            0.05680444464087486
        ],
        [
            -0.1119496077299118,
            -0.8257991075515747,
            0.048141829669475555
        ],
        [
            -0.11710651963949203,
            -0.8331433534622192,
            0.03809775784611702
        ],
        [
            -0.07453717291355133,
            -0.8525931239128113,
            0.07674072682857513
        ],
        [
            -0.080396369099617,
            -0.8460850715637207,
            0.07679858058691025
        ],
        [
            -0.08411084860563278,
            -0.8525704741477966,
            0.07554986327886581
        ],
        [
            -0.07751920819282532,
            -0.8582703471183777,
            0.07522247731685638
        ],
        [
            -0.064267098903656,
            -0.8621472120285034,
            0.08102171123027802
        ],
        [
            -0.06528741866350174,
            -0.8670946359634399,
            0.07711298763751984
        ],
        [
            -0.060088470578193665,
            -0.8715107440948486,
            0.08125215768814087
        ],
        [
            -0.05987362191081047,
            -0.8659909963607788,
            0.08635123819112778
        ],
        [
            -0.06931482255458832,
            -0.8473402261734009,
            0.07713115960359573
        ],
        [
            -0.07553025335073471,
            -0.8405847549438477,
            0.07663223147392273
        ],
        [
            -0.06945613771677017,
            -0.8582116365432739,
            0.07726933062076569
        ],
        [
            -0.06734438985586166,
            -0.8535833358764648,
            0.07989506423473358
        ],
        [
            -0.06390508264303207,
            -0.8491147756576538,
            0.09041892737150192
        ],
        [
            -0.06539425253868103,
            -0.8534929752349854,
            0.08849955350160599
        ],
        [
            -0.06143409013748169,
            -0.8554295897483826,
            0.0949481949210167
        ],
        [
            -0.060402557253837585,
            -0.8499641418457031,
            0.09489742666482925
        ],
        [
            -0.06721003353595734,
            -0.8471465110778809,
            0.0817192792892456
        ],
        [
            -0.06747926771640778,
            -0.8503351211547852,
            0.08414326608181
        ],
        [
            -0.0649445429444313,
            -0.8470457792282104,
            0.08670871704816818
        ],
        [
            -0.06383652985095978,
            -0.8444801568984985,
            0.08367868512868881
        ],
        [
            -0.06353891640901566,
            -0.8583701848983765,
            0.08429570496082306
        ],
        [
            -0.06019523739814758,
            -0.8611313104629517,
            0.09065904468297958
        ],
        [
            -0.05584961175918579,
            -0.8635503649711609,
            0.09725137054920197
        ],
        [
            -0.05694121494889259,
            -0.8556545376777649,
            0.10155455768108368
        ],
        [
            -0.09192372858524323,
            -0.831913411617279,
            0.07195739448070526
        ],
        [
            -0.08654604107141495,
            -0.8392699360847473,
            0.07557589560747147
        ],
        [
            -0.08152809739112854,
            -0.8344627618789673,
            0.07580490410327911
        ],
        [
            -0.08650821447372437,
            -0.8286956548690796,
            0.07357625663280487
        ],
        [
            -0.06543106585741043,
            -0.8409371376037598,
            0.0807121992111206
        ],
        [
            -0.06971706449985504,
            -0.8254648447036743,
            0.0826665535569191
        ],
        [
            -0.06987979263067245,
            -0.8291572332382202,
            0.08253853023052216
        ],
        [
            -0.06359603255987167,
            -0.8304139971733093,
            0.08606793731451035
        ],
        [
            -0.06415260583162308,
            -0.8269771337509155,
            0.08607533574104309
        ],
        [
            -0.09748080372810364,
            -0.8165881633758545,
            0.06457014381885529
        ],
        [
            -0.09160403162240982,
            -0.8161629438400269,
            0.068893201649189
        ],
        [
            -0.0923617035150528,
            -0.8089070916175842,
            0.06694480031728745
        ],
        [
            -0.09775494039058685,
            -0.8077547550201416,
            0.06137947738170624
        ],
        [
            -0.09048759937286377,
            -0.8028713464736938,
            0.06617166101932526
        ],
        [
            -0.09690872579813004,
            -0.799303412437439,
            0.05859871953725815
        ],
        [
            -0.08820448070764542,
            -0.7854946851730347,
            0.05966635048389435
        ],
        [
            -0.09276814758777618,
            -0.7914261221885681,
            0.05900146812200546
        ],
        [
            -0.0868782103061676,
            -0.7973611354827881,
            0.06713716685771942
        ],
        [
            -0.08175155520439148,
            -0.7927983999252319,
            0.07079377770423889
        ],
        [
            -0.06900203973054886,
            -0.798551082611084,
            0.07914193719625473
        ],
        [
            -0.06325659900903702,
            -0.7975003123283386,
            0.08188921958208084
        ],
        [
            -0.0682952031493187,
            -0.7854503989219666,
            0.08078496903181076
        ],
        [
            -0.07498730719089508,
            -0.7882534265518188,
            0.07632636278867722
        ],
        [
            -0.07004403322935104,
            -0.8197108507156372,
            0.07897353917360306
        ],
        [
            -0.0739607959985733,
            -0.8195215463638306,
            0.07617293298244476
        ],
        [
            -0.07407142221927643,
            -0.821252703666687,
            0.07831752300262451
        ],
        [
            -0.06986679136753082,
            -0.8227037787437439,
            0.08142837136983871
        ],
        [
            -0.0773739218711853,
            -0.8191003799438477,
            0.07432769238948822
        ],
        [
            -0.07900132983922958,
            -0.818745493888855,
            0.07361084222793579
        ],
        [
            -0.07872787117958069,
            -0.8201695084571838,
            0.07471512258052826
        ],
        [
            -0.07723450660705566,
            -0.8199539184570312,
            0.0749477967619896
        ],
        [
            -0.07532021403312683,
            -0.8196593523025513,
            0.07558462768793106
        ],
        [
            -0.07449184358119965,
            -0.8177927732467651,
            0.07621421664953232
        ],
        [
            -0.07658607512712479,
            -0.8183633089065552,
            0.0749027207493782
        ],
        [
            -0.07096341252326965,
            -0.8173019886016846,
            0.07905858755111694
        ],
        [
            -0.05827552080154419,
            -0.8152029514312744,
            0.08699237555265427
        ],
        [
            -0.062268614768981934,
            -0.816164493560791,
            0.08549394458532333
        ],
        [
            -0.060748882591724396,
            -0.8203316926956177,
            0.08424109220504761
        ],
        [
            -0.057267166674137115,
            -0.8197315335273743,
            0.08546896278858185
        ],
        [
            -0.07679510861635208,
            -0.821753978729248,
            0.07637692987918854
        ],
        [
            -0.07949654757976532,
            -0.8236790895462036,
            0.07563718408346176
        ],
        [
            -0.07570187747478485,
            -0.8266752362251282,
            0.07885906100273132
        ],
        [
            -0.07463886588811874,
            -0.8239328861236572,
            0.07848323881626129
        ],
        [
            -0.08216851949691772,
            -0.8255214095115662,
            0.07541053742170334
        ],
        [
            -0.08092936873435974,
            -0.8212721347808838,
            0.07395039498806
        ],
        [
            -0.08384101092815399,
            -0.8214836120605469,
            0.07321081310510635
        ],
        [
            -0.07855769991874695,
            -0.8170046210289001,
            0.0738176479935646
        ],
        [
            -0.08125106245279312,
            -0.8151547908782959,
            0.07253845781087875
        ],
        [
            -0.08167335391044617,
            -0.8178902864456177,
            0.07324754446744919
        ],
        [
            -0.07942622154951096,
            -0.8119999170303345,
            0.07328678667545319
        ],
        [
            -0.07625211775302887,
            -0.8152532577514648,
            0.07511354982852936
        ],
        [
            -0.07279680669307709,
            -0.8137730360031128,
            0.07801663875579834
        ],
        [
            -0.068178690969944,
            -0.8125559091567993,
            0.08162739872932434
        ],
        [
            -0.07081691175699234,
            -0.8074362874031067,
            0.07915971428155899
        ],
        [
            -0.07584667205810547,
            -0.8093400001525879,
            0.07585899531841278
        ],
        [
            -0.0775410607457161,
            -0.829883337020874,
            0.0777861475944519
        ],
        [
            -0.08588628470897675,
            -0.8170960545539856,
            0.0713069811463356
        ],
        [
            -0.08934249728918076,
            -0.8234418630599976,
            0.07073304802179337
        ],
        [
            -0.08593063801527023,
            -0.8121888637542725,
            0.07066015154123306
        ],
        [
            -0.0840812474489212,
            -0.8076611757278442,
            0.07076840847730637
        ],
        [
            -0.08061505854129791,
            -0.8037028312683105,
            0.07228245586156845
        ],
        [
            -0.07488569617271423,
            -0.8009370565414429,
            0.0759141743183136
        ],
        [
            -0.07113824784755707,
            -0.7757295966148376,
            0.07015300542116165
        ],
        [
            -0.07952283322811127,
            -0.7799509763717651,
            0.06553690880537033
        ],
        [
            -0.08318524062633514,
            -0.8994636535644531,
            0.07400096207857132
        ],
        [
            -0.09189926087856293,
            -0.8983058333396912,
            0.07159395515918732
        ],
        [
            -0.09262681007385254,
            -0.8902803063392639,
            0.06740935146808624
        ],
        [
            -0.09470005333423615,
            -0.8932027816772461,
            0.06712279468774796
        ],
        [
            -0.08904814720153809,
            -0.894025981426239,
            0.07035572826862335
        ],
        [
            -0.08852552622556686,
            -0.8914930820465088,
            0.0696074366569519
        ],
        [
            -0.10704207420349121,
            -0.8814417123794556,
            0.053393036127090454
        ],
        [
            -0.10190661251544952,
            -0.8836864233016968,
            0.057703666388988495
        ],
        [
            -0.1024809256196022,
            -0.87979656457901,
            0.05659697949886322
        ],
        [
            -0.10907818377017975,
            -0.8749560117721558,
            0.05343569815158844
        ],
        [
            -0.09505221247673035,
            -0.8729762434959412,
            0.06446954607963562
        ],
        [
            -0.09945139288902283,
            -0.8739057779312134,
            0.06111820787191391
        ],
        [
            -0.09527327120304108,
            -0.8808382749557495,
            0.06299276649951935
        ],
        [
            -0.09205280244350433,
            -0.8802003860473633,
            0.06547832489013672
        ],
        [
            -0.08828418701887131,
            -0.8798655271530151,
            0.06757118552923203
        ],
        [
            -0.08400068432092667,
            -0.8799190521240234,
            0.0686514750123024
        ],
        [
            -0.08430002629756927,
            -0.8744751214981079,
            0.06867622584104538
        ],
        [
            -0.08956296741962433,
            -0.8734508752822876,
            0.06714829802513123
        ],
        [
            -0.08255239576101303,
            -0.8952467441558838,
            0.07147620618343353
        ],
        [
            -0.0752808153629303,
            -0.894320547580719,
            0.07098568975925446
        ],
        [
            -0.07669129967689514,
            -0.891342282295227,
            0.07066439092159271
        ],
        [
            -0.08279922604560852,
            -0.892162561416626,
            0.07129039615392685
        ],
        [
            -0.06675231456756592,
            -0.8843110799789429,
            0.06623728573322296
        ],
        [
            -0.06792514026165009,
            -0.8868612051010132,
            0.06700906157493591
        ],
        [
            -0.06429052352905273,
            -0.8884420394897461,
            0.06782588362693787
        ],
        [
            -0.06350894272327423,
            -0.88383549451828,
            0.06753668189048767
        ],
        [
            -0.06577464938163757,
            -0.880838930606842,
            0.06805367767810822
        ],
        [
            -0.06802690029144287,
            -0.8827084898948669,
            0.06697504222393036
        ],
        [
            -0.08545129001140594,
            -0.9522923231124878,
            0.05894364416599274
        ],
        [
            -0.0806071013212204,
            -0.9358210563659668,
            0.06959863007068634
        ],
        [
            -0.10132268816232681,
            -0.9439246654510498,
            0.048200979828834534
        ],
        [
            -0.1116178035736084,
            -0.9323580265045166,
            0.03829112648963928
        ],
        [
            -0.11923833936452866,
            -0.9181969165802002,
            0.03021400235593319
        ],
        [
            -0.10474283248186111,
            -0.8199892044067383,
            0.057304225862026215
        ],
        [
            -0.10645031929016113,
            -0.8102997541427612,
            0.05188286304473877
        ],
        [
            -0.1143551841378212,
            -0.8159708976745605,
            0.03923732414841652
        ],
        [
            -0.11233647167682648,
            -0.8050678968429565,
            0.03486321121454239
        ],
        [
            -0.10481494665145874,
            -0.7993799448013306,
            0.048301950097084045
        ],
        [
            -0.09154564142227173,
            -0.7808723449707031,
            0.04587411880493164
        ],
        [
            -0.09964972734451294,
            -0.7889232635498047,
            0.04631322622299194
        ],
        [
            -0.10705693066120148,
            -0.7944966554641724,
            0.029241852462291718
        ],
        [
            -0.11426696926355362,
            -0.8052026033401489,
            0.013350257650017738
        ],
        [
            -0.11764933168888092,
            -0.8130366802215576,
            0.021522514522075653
        ],
        [
            -0.11828150600194931,
            -0.8192368745803833,
            -0.00029625510796904564
        ],
        [
            -0.10950605571269989,
            -0.7957113981246948,
            0.0013831621035933495
        ],
        [
            -0.1158190667629242,
            -0.8168418407440186,
            -0.009203258901834488
        ],
        [
            -0.09665936976671219,
            -0.7568451166152954,
            0.005775174126029015
        ],
        [
            -0.09826792031526566,
            -0.7438439130783081,
            0.0012279786169528961
        ],
        [
            -0.10638316720724106,
            -0.7493836879730225,
            -0.013641038909554482
        ],
        [
            -0.10654976963996887,
            -0.762346625328064,
            -0.008664410561323166
        ],
        [
            -0.11879941821098328,
            -0.8225811123847961,
            0.029203861951828003
        ],
        [
            -0.12090907990932465,
            -0.8867418766021729,
            0.030010486021637917
        ],
        [
            -0.11660993099212646,
            -0.8869840502738953,
            0.04160010814666748
        ],
        [
            -0.12331107258796692,
            -0.8726959228515625,
            0.028032198548316956
        ],
        [
            -0.12380959093570709,
            -0.9437006115913391,
            0.004772847518324852
        ],
        [
            -0.11791419982910156,
            -0.9406733512878418,
            0.022625593468546867
        ],
        [
            -0.12505537271499634,
            -0.9242298603057861,
            0.01758657582104206
        ],
        [
            -0.1295308768749237,
            -0.9291344881057739,
            0.0012278612703084946
        ],
        [
            -0.09555673599243164,
            -0.9785798788070679,
            0.009640123695135117
        ],
        [
            -0.09211409091949463,
            -0.9685750007629395,
            0.03561338037252426
        ],
        [
            -0.10423138737678528,
            -0.955882728099823,
            0.02939508482813835
        ],
        [
            -0.10922358930110931,
            -0.9638049602508545,
            0.0083085335791111
        ],
        [
            -0.13195009529590607,
            -0.929186224937439,
            -0.01203916221857071
        ],
        [
            -0.13346654176712036,
            -0.9281147122383118,
            -0.031246468424797058
        ],
        [
            -0.12950265407562256,
            -0.9432224035263062,
            -0.039960507303476334
        ],
        [
            -0.12618011236190796,
            -0.9462083578109741,
            -0.017050307244062424
        ],
        [
            -0.11649201810359955,
            -0.9621766805648804,
            -0.04865499585866928
        ],
        [
            -0.11395842581987381,
            -0.9664019346237183,
            -0.021513434126973152
        ],
        [
            -0.11354265362024307,
            -0.8009144067764282,
            -0.019560756161808968
        ],
        [
            -0.11548595130443573,
            -0.8201023936271667,
            -0.022707801312208176
        ],
        [
            -0.10636924207210541,
            -0.7782069444656372,
            -0.0023034755140542984
        ],
        [
            -0.11180993914604187,
            -0.7839566469192505,
            -0.01935785636305809
        ],
        [
            -0.09809448570013046,
            -0.975663423538208,
            -0.05539971590042114
        ],
        [
            -0.09637819230556488,
            -0.9824532270431519,
            -0.023742912337183952
        ],
        [
            -0.12402410805225372,
            -0.9007039666175842,
            -0.07824298739433289
        ],
        [
            -0.12642183899879456,
            -0.9192899465560913,
            -0.07181423902511597
        ],
        [
            -0.13184387981891632,
            -0.9085218906402588,
            -0.054508887231349945
        ],
        [
            -0.12945666909217834,
            -0.8928779363632202,
