{
    "pred_cam": [
        1.1216771602630615,
        0.07187028974294662,
        0.16238167881965637
    ],
    "pred_smpl_params": {
        "global_orient": [
            [
                [
                    0.9637371301651001,
                    0.09526258707046509,
                    -0.2492702752351761
                ],
                [
                    0.09182752668857574,
                    -0.9954509139060974,
                    -0.025400672107934952
                ],
                [
                    -0.2505560517311096,
                    0.0015897012781351805,
                    -0.9681007266044617
                ]
            ]
        ],
        "body_pose": [
            [
                [
                    0.9919978976249695,
                    -0.11115141957998276,
                    0.059879742562770844
                ],
                [
                    0.10565841197967529,
                    0.9904841780662537,
                    0.08818990737199783
                ],
                [
                    -0.0691123679280281,
                    -0.08115740120410919,
                    0.9943023324012756
                ]
            ],
            [
                [
                    0.9916530847549438,
                    -0.039661843329668045,
                    0.12268278747797012
                ],
                [
                    0.019497618079185486,
                    0.9866985082626343,
                    0.1613871306180954
                ],
                [
                    -0.1274518519639969,
                    -0.1576480269432068,
                    0.9792359471321106
                ]
            ],
            [
                [
                    0.9968131184577942,
                    0.02599283866584301,
                    -0.0754181295633316
                ],
                [
                    -0.03785443305969238,
                    0.9863275289535522,
                    -0.16039052605628967
                ],
                [
                    0.07021796703338623,
                    0.16273431479930878,
                    0.9841681718826294
                ]
            ],
            [
                [
                    0.995269238948822,
                    0.020905248820781708,
                    -0.0948796197772026
                ],
                [
                    -0.07086578011512756,
                    0.8242630958557129,
                    -0.5617547631263733
                ],
                [
                    0.06646212935447693,
                    0.5658209323883057,
                    0.8218451738357544
                ]
            ],
            [
                [
                    0.9837926030158997,
                    0.06056264415383339,
                    0.16877299547195435
                ],
                [
                    0.06756537407636642,
                    0.7466526627540588,
                    -0.6617739200592041
                ],
                [
                    -0.16609357297420502,
                    0.6624515056610107,
                    0.730459451675415
                ]
            ],
            [
                [
                    0.9928191304206848,
                    -0.09551239758729935,
                    -0.07202520221471786
                ],
                [
                    0.095045305788517,
                    0.9954237937927246,
                    -0.009892558678984642
                ],
                [
                    0.07264045625925064,
                    0.0029758638702332973,
                    0.9973537921905518
                ]
            ],
            [
                [
                    0.9844093322753906,
                    0.07252886146306992,
                    0.1602431684732437
                ],
                [
                    -0.08699608594179153,
                    0.9925598502159119,
                    0.08518626540899277
                ],
                [
                    -0.1528724581003189,
                    -0.0977986752986908,
                    0.9833949208259583
                ]
            ],
            [
                [
                    0.9814116954803467,
                    -0.0788392722606659,
                    -0.1749729961156845
                ],
                [
                    0.08997504413127899,
                    0.9943323135375977,
                    0.0566382110118866
                ],
                [
                    0.1695159673690796,
                    -0.07132860273122787,
                    0.9829429388046265
                ]
            ],
            [
                [
                    0.9958157539367676,
                    -0.05328046903014183,
                    -0.07424342632293701
                ],
                [
                    0.04927058517932892,
                    0.9972791075706482,
                    -0.05483401566743851
                ],
                [
                    0.07696299999952316,
                    0.050946563482284546,
                    0.9957314133644104
                ]
            ],
            [
                [
                    0.9858924746513367,
                    -0.1671842634677887,
                    0.008089213632047176
                ],
                [
                    0.16141048073768616,
                    0.9624125361442566,
                    0.21842314302921295
                ],
                [
                    -0.0443020761013031,
                    -0.21403604745864868,
                    0.9758205413818359
                ]
            ],
            [
                [
                    0.9802712202072144,
                    0.1974703073501587,
                    -0.00859027449041605
                ],
                [
                    -0.19366569817066193,
                    0.9682585000991821,
                    0.15801593661308289
                ],
                [
                    0.03952106460928917,
                    -0.1532348394393921,
                    0.987399160861969
                ]
            ],
            [
                [
                    0.9815781712532043,
                    -0.05051552876830101,
                    -0.184261754155159
                ],
                [
                    0.05705265328288078,
                    0.9979098439216614,
                    0.03034643456339836
                ],
                [
                    0.18234366178512573,
                    -0.040300022810697556,
                    0.9824085831642151
                ]
            ],
            [
                [
                    0.9251367449760437,
                    0.3706664443016052,
                    -0.08202668279409409
                ],
                [
                    -0.3742216229438782,
                    0.9267604947090149,
                    -0.032759517431259155
                ],
                [
                    0.06387623399496078,
                    0.0610031895339489,
                    0.9960916042327881
                ]
            ],
            [
                [
                    0.9297297596931458,
                    -0.36268606781959534,
                    -0.0637284368276596
                ],
                [
                    0.3646029829978943,
                    0.9309221506118774,
                    0.021179843693971634
                ],
                [
                    0.05164458230137825,
                    -0.04292711243033409,
                    0.9977424740791321
                ]
            ],
            [
                [
                    0.979335367679596,
                    -0.09221639484167099,
                    -0.1799953728914261
                ],
                [
                    0.04821173474192619,
                    0.9707879424095154,
                    -0.23504552245140076
                ],
                [
                    0.19641238451004028,
                    0.22151051461696625,
                    0.9551728963851929
                ]
            ],
            [
                [
                    0.4848167598247528,
                    0.7688268423080444,
                    -0.4169626832008362
                ],
                [
                    -0.8531578779220581,
                    0.5206741094589233,
                    -0.031938016414642334
                ],
                [
                    0.19254690408706665,
                    0.37121909856796265,
                    0.9083622097969055
                ]
            ],
            [
                [
                    0.6680700182914734,
                    -0.7255260944366455,
                    0.1652098298072815
                ],
                [
                    0.7385495901107788,
                    0.6736019253730774,
                    -0.02837013266980648
                ],
                [
                    -0.09070239961147308,
                    0.14096888899803162,
                    0.9858502745628357
                ]
            ],
            [
                [
                    0.19636888802051544,
                    -0.3759066164493561,
                    -0.9056122303009033
                ],
                [
                    -0.04483562335371971,
                    0.9191861152648926,
                    -0.39126288890838623
                ],
                [
                    0.9795044660568237,
                    0.1174355298280716,
                    0.16364555060863495
                ]
            ],
            [
                [
                    0.23835808038711548,
                    0.3905054032802582,
                    0.8892079591751099
                ],
                [
                    -0.3706882894039154,
                    0.8828607201576233,
                    -0.28835242986679077
                ],
                [
                    -0.8976500034332275,
                    -0.26088789105415344,
                    0.35519278049468994
                ]
            ],
            [
                [
                    0.993276834487915,
                    -0.09881069511175156,
                    -0.06031340733170509
                ],
                [
                    0.10122665762901306,
                    0.9941219091415405,
                    0.038402874022722244
                ],
                [
                    0.05616426467895508,
                    -0.0442500039935112,
                    0.9974405169487
                ]
            ],
            [
                [
                    0.9869102835655212,
                    0.1578245460987091,
                    0.03315962105989456
                ],
                [
                    -0.15775229036808014,
                    0.9874669909477234,
                    -0.004800752270966768
                ],
                [
                    -0.03350171074271202,
                    -0.0004930945578962564,
                    0.9994385242462158
                ]
            ],
            [
                [
                    0.9727299213409424,
                    0.21058876812458038,
                    -0.09720533341169357
                ],
                [
                    -0.1984718143939972,
                    0.9726096391677856,
                    0.12099338322877884
                ],
                [
                    0.12002269923686981,
                    -0.09840136766433716,
                    0.9878824353218079
                ]
            ],
            [
                [
                    0.9728217720985413,
                    -0.22158631682395935,
                    0.06721063703298569
                ],
                [
                    0.21247598528862,
                    0.969610869884491,
                    0.12127930670976639
                ],
                [
                    -0.09204200655221939,
                    -0.10370250791311264,
                    0.9903403520584106
                ]
            ]
        ],
        "betas": [
            0.002074405550956726,
            0.06104472279548645,
            0.3091954290866852,
            0.7658571600914001,
            0.042848408222198486,
            -0.034542016685009,
            -0.04389750957489014,
            0.0448569655418396,
            0.03404580056667328,
            -0.022803902626037598
        ]
    },
    "pred_cam_t": [
        0.07187028974294662,
        0.16238167881965637,
        34.8250846862793
    ],
    "focal_length": [
        5000.0,
        5000.0
    ],
    "pred_keypoints_3d": [
        [
            -0.11149457097053528,
            -0.828848123550415,
            -0.12190845608711243
        ],
        [
            0.017795555293560028,
            -0.7484480142593384,
            -0.001048065721988678
        ],
        [
            -0.12726427614688873,
            -0.6499593257904053,
            0.1115560531616211
        ],
        [
            -0.17896385490894318,
            -0.4152774214744568,
            0.1875729113817215
        ],
        [
            -0.3708775043487549,
            -0.36423158645629883,
            0.03041785955429077
        ],
        [
            0.18084067106246948,
            -0.6480269432067871,
            -0.07509845495223999
        ],
        [
            0.22293323278427124,
            -0.39294353127479553,
            -0.06259319186210632
        ],
        [
            0.023809626698493958,
            -0.33139991760253906,
            -0.19647066295146942
        ],
        [
            -0.002368273213505745,
            -0.23152345418930054,
            0.026790045201778412
        ],
        [
            -0.07326781749725342,
            -0.1473308801651001,
            0.047861598432064056
        ],
        [
            -0.14593932032585144,
            0.22301319241523743,
            -0.0020394735038280487
        ],
        [
            -0.15334925055503845,
            0.5332764387130737,
            0.24352964758872986
        ],
        [
            0.055808983743190765,
            -0.13393160700798035,
            0.0166400745511055
        ],
        [
            0.08763366937637329,
            0.23443275690078735,
            -0.02695273607969284
        ],
        [
            0.11436054110527039,
            0.5593897700309753,
            0.1966698169708252
        ],
        [
            -0.11482135206460953,
            -0.8736124038696289,
            -0.0787268877029419
        ],
        [
            -0.07507773488759995,
            -0.8772621154785156,
            -0.1318541318178177
        ],
        [
            -0.06464428454637527,
            -0.8787275552749634,
            0.011834941804409027
        ],
        [
            0.02545160800218582,
            -0.885665774345398,
            -0.10526570677757263
        ],
        [
            0.0904422402381897,
            0.6802463531494141,
            0.040672898292541504
        ],
        [
            0.1644878089427948,
            0.6706551909446716,
            0.0799877867102623
        ],
        [
            0.1292119026184082,
            0.5687837600708008,
            0.2651371955871582
        ],
        [
            -0.1677747368812561,
            0.6662459373474121,
            0.09565144777297974
        ],
        [
            -0.2363390326499939,
            0.6446317434310913,
            0.14710891246795654
        ],
        [
            -0.15232956409454346,
            0.5450730323791504,
            0.31590723991394043
        ],
        [
            -0.17101921141147614,
            0.4772588610649109,
            0.24111008644104004
        ],
        [
            -0.13647371530532837,
            0.1625380665063858,
            -0.004513207823038101
        ],
        [
            -0.13564902544021606,
            -0.2781749665737152,
            0.07393233478069305
        ],
        [
            0.14192694425582886,
            -0.23634949326515198,
            0.01364072598516941
        ],
        [
            0.09649811685085297,
            0.1932072639465332,
            -0.030824249610304832
        ],
        [
            0.12478093802928925,
            0.5181910991668701,
            0.20243632793426514
        ],
        [
            -0.34701937437057495,
            -0.3945632874965668,
            0.02436920255422592
        ],
        [
            -0.2095620334148407,
            -0.4489441514015198,
            0.18673618137836456
        ],
        [
            -0.10051251202821732,
            -0.6826388835906982,
            0.09109872579574585
        ],
        [
            0.15481612086296082,
            -0.6817858815193176,
            -0.06023094058036804
        ],
        [
            0.22712019085884094,
            -0.424533486366272,
            -0.1059814989566803
        ],
        [
            0.03497005254030228,
            -0.3528164029121399,
            -0.19450867176055908
        ],
        [
            0.019775960594415665,
            -0.7382230162620544,
            -0.00241670198738575
        ],
        [
            -0.041462242603302,
            -0.9310068488121033,
            -0.06417887657880783
        ],
        [
            0.003632104955613613,
            -0.25697529315948486,
            0.042798981070518494
        ],
        [
            0.025268789380788803,
            -0.6796603202819824,
            0.013012867420911789
        ],
        [
            0.035890743136405945,
            -0.5031942129135132,
            0.040056101977825165
        ],
        [
            -0.044533174484968185,
            -0.8175632953643799,
            -0.0786324217915535
        ],
        [
            -0.04182511195540428,
            -0.9509509801864624,
            -0.05634773522615433
        ]
    ],
    "pred_vertices": [
        [
            -0.07669420540332794,
            -0.9221349954605103,
            -0.1470392942428589
        ],
        [
            -0.08241164684295654,
            -0.9070807695388794,
            -0.14491668343544006
        ],
        [
            -0.06814585626125336,
            -0.9059433937072754,
            -0.14801722764968872
        ],
        [
            -0.05954377353191376,
            -0.9182683229446411,
            -0.1472603976726532
        ],
        [
            -0.07317184656858444,
            -0.8959025144577026,
            -0.14707154035568237
        ],
        [
            -0.08496031910181046,
            -0.8954597115516663,
            -0.14320750534534454
        ],
        [
            -0.054727766662836075,
            -0.9023563265800476,
            -0.1463014781475067
        ],
        [
            -0.045059435069561005,
            -0.9112966656684875,
            -0.1443326622247696
        ],
        [
            -0.03618616238236427,
            -0.8703575134277344,
            -0.13940823078155518
        ],
        [
            -0.025657013058662415,
            -0.8679384589195251,
            -0.13593800365924835
        ],
        [
            -0.028889596462249756,
            -0.8794191479682922,
            -0.13850867748260498
        ],
        [
            -0.038911886513233185,
            -0.8787773251533508,
            -0.14024612307548523
        ],
        [
            -0.028621461242437363,
            -0.8455456495285034,
            -0.13382071256637573
        ],
        [
            -0.03723598271608353,
            -0.8346009850502014,
            -0.13324329257011414
        ],
        [
            -0.02642877772450447,
            -0.8276875615119934,
            -0.12819872796535492
        ],
        [
            -0.01800871640443802,
            -0.83821040391922,
            -0.12740886211395264
        ],
        [
            -0.07867386192083359,
            -0.8423912525177002,
            -0.12393882870674133
        ],
        [
            -0.07306668162345886,
            -0.8362337350845337,
            -0.12715797126293182
        ],
        [
            -0.07136885821819305,
            -0.8431798219680786,
            -0.1301521211862564
        ],
        [
            -0.07705292850732803,
            -0.8484718799591064,
            -0.12614485621452332
        ],
        [
            -0.09085386246442795,
            -0.8502997159957886,
            -0.12142884731292725
        ],
        [
            -0.08872272074222565,
            -0.85637366771698,
            -0.12058566510677338
        ],
        [
            -0.09628681093454361,
            -0.8589160442352295,
            -0.12040430307388306
        ],
        [
            -0.09855753183364868,
            -0.8519890308380127,
            -0.1225920021533966
        ],
        [
            -0.0810394436120987,
            -0.8369792103767395,
            -0.11921831965446472
        ],
        [
            -0.07472219318151474,
            -0.8307168483734131,
            -0.12261125445365906
        ],
        [
            -0.08392807841300964,
            -0.8474713563919067,
            -0.12159833312034607
        ],
        [
            -0.08580638468265533,
            -0.8425700664520264,
            -0.1212938129901886
        ],
        [
            -0.09433741867542267,
            -0.8344420194625854,
            -0.12511849403381348
        ],
        [
            -0.09314005821943283,
            -0.8394284248352051,
            -0.1257578730583191
        ],
        [
            -0.10076919198036194,
            -0.8389806747436523,
            -0.12748195230960846
        ],
        [
            -0.10001777857542038,
            -0.8336821794509888,
            -0.12565526366233826
        ],
        [
            -0.08542729169130325,
            -0.8357317447662354,
            -0.12125661969184875
        ],
        [
            -0.08776579052209854,
            -0.8380948305130005,
            -0.12372441589832306
        ],
        [
            -0.09037944674491882,
            -0.8338626623153687,
            -0.12302624434232712
        ],
        [
            -0.08835460245609283,
            -0.8323241472244263,
            -0.11970803141593933
        ],
        [
            -0.09261193871498108,
            -0.8455929756164551,
            -0.1224231868982315
        ],
        [
            -0.1000785157084465,
            -0.8459361791610718,
            -0.12474827468395233
        ],
        [
            -0.10824771970510483,
            -0.845782458782196,
            -0.12636561691761017
        ],
        [
            -0.10852254927158356,
            -0.8369194269180298,
            -0.1285959929227829
        ],
        [
            -0.05796864628791809,
            -0.824660062789917,
            -0.1301460862159729
        ],
        [
            -0.06609930098056793,
            -0.8303959369659424,
            -0.12967471778392792
        ],
        [
            -0.06838372349739075,
            -0.8253041505813599,
            -0.12553320825099945
        ],
        [
            -0.061915285885334015,
            -0.8206443786621094,
            -0.12682273983955383
        ],
        [
            -0.08423756808042526,
            -0.8298680782318115,
            -0.11821462213993073
        ],
        [
            -0.07837896049022675,
            -0.8143723011016846,
            -0.1198648065328598
        ],
        [
            -0.0792827233672142,
            -0.8180547952651978,
            -0.120667964220047
        ],
        [
            -0.08628878742456436,
            -0.8177926540374756,
            -0.1186130940914154
        ],
        [
            -0.0849214717745781,
            -0.8144214749336243,
            -0.11826453357934952
        ],
        [
            -0.04493462294340134,
            -0.8124439716339111,
            -0.12681438028812408
        ],
        [
            -0.051840901374816895,
            -0.8102147579193115,
            -0.1255107820034027
        ],
        [
            -0.047911934554576874,
            -0.8038884401321411,
            -0.12347312271595001
        ],
        [
            -0.04005403816699982,
            -0.8050794005393982,
            -0.12332967668771744
        ],
        [
            -0.04692976176738739,
            -0.798260509967804,
            -0.12068532407283783
        ],
        [
            -0.03632509708404541,
            -0.7978969216346741,
            -0.11969027668237686
        ],
        [
            -0.03920973092317581,
            -0.7837217450141907,
            -0.11175914108753204
        ],
        [
            -0.03717874735593796,
            -0.7900383472442627,
            -0.11551197618246078
        ],
        [
            -0.04848921298980713,
            -0.7924579381942749,
            -0.11760693788528442
        ],
        [
            -0.05328559875488281,
            -0.7865760326385498,
            -0.11525069177150726
        ],
        [
            -0.06897429376840591,
            -0.7888748049736023,
            -0.11167358607053757
        ],
        [
            -0.07456226646900177,
            -0.7867852449417114,
            -0.10888044536113739
        ],
        [
            -0.0672450065612793,
            -0.7756159901618958,
            -0.11007179319858551
        ],
        [
            -0.06055734306573868,
            -0.7801263928413391,
            -0.11286528408527374
        ],
        [
            -0.07413176447153091,
            -0.8096047639846802,
            -0.11602543294429779
        ],
        [
            -0.06950944662094116,
            -0.8104581832885742,
            -0.1171717718243599
        ],
        [
            -0.07140865176916122,
            -0.8114368319511414,
            -0.1189674511551857
        ],
        [
            -0.07677057385444641,
            -0.8116138577461243,
            -0.11812040954828262
        ],
        [
            -0.06577028334140778,
            -0.8107199668884277,
            -0.1186344176530838
        ],
        [
            -0.06411793828010559,
            -0.8107197284698486,
            -0.11936260759830475
        ],
        [
            -0.06547468155622482,
            -0.8117475509643555,
            -0.12008911371231079
        ],
        [
            -0.06653733551502228,
            -0.8113974332809448,
            -0.11894366145133972
        ],
        [
            -0.06815829128026962,
            -0.810818612575531,
            -0.11786317825317383
        ],
        [
            -0.06863272190093994,
            -0.8087469339370728,
            -0.1172424852848053
        ],
        [
            -0.06648215651512146,
            -0.8097704648971558,
            -0.11827225983142853
        ],
        [
            -0.07283027470111847,
            -0.8071517944335938,
            -0.11631695926189423
        ],
        [
            -0.08606848865747452,
            -0.8025915622711182,
            -0.11191674321889877
        ],
        [
            -0.08279109746217728,
            -0.8035925626754761,
            -0.11377423256635666
        ],
        [
            -0.08408116549253464,
            -0.8080848455429077,
            -0.11247865110635757
        ],
        [
            -0.08689461648464203,
            -0.807471752166748,
            -0.11097698658704758
        ],
        [
            -0.06821661442518234,
            -0.8131358623504639,
            -0.12026998400688171
        ],
        [
            -0.06669428199529648,
            -0.814834475517273,
            -0.12202022969722748
        ],
        [
            -0.07230889797210693,
            -0.8165451288223267,
            -0.12178323417901993
        ],
        [
            -0.07197701930999756,
            -0.8139771819114685,
            -0.12014564871788025
        ],
        [
            -0.06520041823387146,
            -0.8168624639511108,
            -0.12414626032114029
        ],
        [
            -0.06381203234195709,
            -0.813154935836792,
            -0.12155638635158539
        ],
        [
            -0.06129368394613266,
            -0.8140884637832642,
            -0.12374472618103027
        ],
        [
            -0.06403206288814545,
            -0.808881938457489,
            -0.11884506046772003
        ],
        [
            -0.06083470582962036,
            -0.8076263070106506,
            -0.11982127279043198
        ],
        [
            -0.06183338165283203,
            -0.8101047277450562,
            -0.12108904123306274
        ],
        [
            -0.06165110319852829,
            -0.8041990995407104,
            -0.11832538992166519
        ],
        [
            -0.0659501776099205,
            -0.8066566586494446,
            -0.1175113171339035
        ],
        [
            -0.06986956298351288,
            -0.8040836453437805,
            -0.11647023260593414
        ],
        [
            -0.07509677857160568,
            -0.801511287689209,
            -0.11509452015161514
        ],
        [
            -0.0701652392745018,
            -0.7975046634674072,
            -0.11452683061361313
        ],
        [
            -0.06508287787437439,
            -0.8006738424301147,
            -0.11657685786485672
        ],
        [
            -0.07106026262044907,
            -0.8205894231796265,
            -0.12336666882038116
        ],
        [
            -0.05753651261329651,
            -0.8100221753120422,
            -0.12304897606372833
        ],
        [
            -0.05665590614080429,
            -0.8164985179901123,
            -0.1263306736946106
        ],
        [
            -0.055634692311286926,
            -0.8054609298706055,
            -0.12178827822208405
        ],
        [
            -0.05558741092681885,
            -0.8009883165359497,
            -0.11960787326097488
        ],
        [
            -0.058059804141521454,
            -0.7965890169143677,
            -0.11717800796031952
        ],
        [
            -0.06340401619672775,
            -0.7924304008483887,
            -0.11441265046596527
        ],
        [
            -0.055161237716674805,
            -0.7698108553886414,
            -0.10366208851337433
        ],
        [
            -0.0477055162191391,
            -0.7757875323295593,
            -0.10806417465209961
        ],
        [
            -0.08286163210868835,
            -0.8889350891113281,
            -0.13840830326080322
        ],
        [
            -0.07504554092884064,
            -0.8890597820281982,
            -0.1433548629283905
        ],
        [
            -0.06970775872468948,
            -0.8827546834945679,
            -0.13939839601516724
        ],
        [
            -0.06912535429000854,
            -0.8851405382156372,
            -0.1408700942993164
        ],
        [
            -0.07503741979598999,
            -0.8854382038116455,
            -0.13935917615890503
        ],
        [
            -0.07434971630573273,
            -0.882926344871521,
            -0.13802039623260498
        ],
        [
            -0.047997958958148956,
            -0.8793133497238159,
            -0.13936078548431396
        ],
        [
            -0.05498027801513672,
            -0.8799831867218018,
            -0.1386895775794983
        ],
        [
            -0.052846863865852356,
            -0.8766298294067383,
            -0.13763555884361267
        ],
        [
            -0.04508691281080246,
            -0.873142659664154,
            -0.13939067721366882
        ],
        [
            -0.061442501842975616,
            -0.8673080205917358,
            -0.1354106068611145
        ],
        [
            -0.05642346292734146,
            -0.8694863319396973,
            -0.13685104250907898
        ],
        [
            -0.062344618141651154,
            -0.8752010464668274,
            -0.13640201091766357
        ],
        [
            -0.06602279841899872,
            -0.8736355304718018,
            -0.13539361953735352
        ],
        [
            -0.0698966309428215,
            -0.872566819190979,
            -0.1338205188512802
        ],
        [
            -0.07358552515506744,
            -0.8721045255661011,
            -0.13141852617263794
        ],
        [
            -0.07187647372484207,
            -0.8670835494995117,
            -0.13050369918346405
        ],
        [
            -0.06697369366884232,
            -0.8667377829551697,
            -0.13316574692726135
        ],
        [
            -0.08045238256454468,
            -0.8860263824462891,
            -0.13513067364692688
        ],
        [
            -0.0848618745803833,
            -0.8850851058959961,
            -0.12948039174079895
        ],
        [
            -0.08282287418842316,
            -0.8823466300964355,
            -0.12963955104351044
        ],
        [
            -0.07941974699497223,
            -0.8830328583717346,
            -0.134658083319664
        ],
        [
            -0.08447941392660141,
            -0.8767943978309631,
            -0.11779645085334778
        ],
        [
            -0.08491858094930649,
            -0.879000186920166,
            -0.11971862614154816
        ],
        [
            -0.08838013559579849,
            -0.8799798488616943,
            -0.11784707009792328
        ],
        [
            -0.08746340870857239,
            -0.8756827116012573,
            -0.11616475880146027
        ],
        [
            -0.08548861742019653,
            -0.8727867603302002,
            -0.11765430867671967
        ],
        [
            -0.08369756489992142,
            -0.875086784362793,
            -0.11890633404254913
        ],
        [
            -0.08581206947565079,
            -0.9430915117263794,
            -0.1413700133562088
        ],
        [
            -0.09173110127449036,
            -0.9246251583099365,
            -0.14155900478363037
        ],
        [
            -0.06511536240577698,
            -0.9398750066757202,
            -0.14436814188957214
        ],
        [
            -0.04850570857524872,
            -0.9323734045028687,
            -0.14302851259708405
        ],
        [
            -0.034043923020362854,
            -0.921553373336792,
            -0.14097057282924652
        ],
        [
            -0.03601054102182388,
            -0.8185932636260986,
            -0.127864807844162
        ],
        [
            -0.028406456112861633,
            -0.8111759424209595,
            -0.12380983680486679
        ],
        [
            -0.016027644276618958,
            -0.8213853240013123,
            -0.1227123886346817
        ],
        [
            -0.011028777807950974,
            -0.8121479749679565,
            -0.11642079055309296
        ],
        [
            -0.02400108426809311,
            -0.8018915057182312,
            -0.11851830780506134
        ],
        [
            -0.026282116770744324,
            -0.7841153144836426,
            -0.10475282371044159
        ],
        [
            -0.0231289304792881,
            -0.792319655418396,
            -0.11202162504196167
        ],
        [
            -0.007507000118494034,
            -0.8035011291503906,
            -0.10742048919200897
        ],
        [
            0.005629487335681915,
            -0.8191220164299011,
            -0.1043224036693573
        ],
        [
            -0.00030466169118881226,
            -0.8246126174926758,
            -0.11420406401157379
        ],
        [
            0.014430582523345947,
            -0.837051510810852,
            -0.10072749853134155
        ],
        [
            0.013670124113559723,
            -0.8137324452400208,
            -0.09138724207878113
        ],
        [
            0.019723154604434967,
            -0.837553858757019,
            -0.09223277866840363
        ],
        [
            0.010659240186214447,
            -0.7760231494903564,
            -0.07874110341072083
        ],
        [
            0.01789199560880661,
            -0.7654514312744141,
            -0.07507222145795822
        ],
        [
            0.03304796293377876,
            -0.7752030491828918,
            -0.0713532343506813
        ],
        [
            0.026748279109597206,
            -0.7858840227127075,
            -0.07683786749839783
        ],
        [
            -0.007863618433475494,
            -0.831023097038269,
            -0.12118968367576599
        ],
        [
            -0.023793473839759827,
            -0.8910404443740845,
            -0.13620570302009583
        ],
        [
            -0.035041436553001404,
            -0.888308048248291,
            -0.14054657518863678
        ],
        [
            -0.017381414771080017,
            -0.8799014687538147,
            -0.13398049771785736
        ],
        [
            -0.020391203463077545,
            -0.9533544778823853,
            -0.13281269371509552
        ],
        [
            -0.036197878420352936,
            -0.9445949792861938,
            -0.1396755874156952
        ],
        [
            -0.02302045375108719,
            -0.931603729724884,
            -0.13881883025169373
        ],
        [
            -0.01000823825597763,
            -0.9417279958724976,
            -0.13265332579612732
        ],
        [
            -0.052091144025325775,
            -0.9837659001350403,
            -0.12160071730613708
        ],
        [
            -0.0695001631975174,
            -0.9658808708190918,
            -0.13389025628566742
        ],
        [
            -0.05374908447265625,
            -0.956775963306427,
            -0.13688521087169647
        ],
        [
            -0.03814050555229187,
            -0.970779299736023,
            -0.12853989005088806
        ],
        [
            0.00019887834787368774,
            -0.9459785223007202,
            -0.12543553113937378
        ],
        [
            0.014571160078048706,
            -0.9514437913894653,
            -0.1142842024564743
        ],
        [
            0.013173684477806091,
            -0.9688851833343506,
            -0.10912486910820007
        ],
        [
            -0.004830554127693176,
            -0.9634116291999817,
            -0.12205442786216736
        ],
        [
            0.00626780092716217,
            -0.9894999861717224,
            -0.0979585126042366
        ],
        [
            -0.015512287616729736,
            -0.9837498664855957,
            -0.11388538032770157
        ],
        [
            0.029580969363451004,
            -0.8257787227630615,
            -0.08076401054859161
        ],
        [
            0.02832929417490959,
            -0.8445068597793579,
            -0.08408279716968536
        ],
        [
            0.018255483359098434,
            -0.7983291149139404,
            -0.08342071622610092
        ],
        [
            0.03268219903111458,
            -0.8093733787536621,
            -0.07642950862646103
        ],
        [
            -0.004776716232299805,
            -1.0052375793457031,
            -0.08264851570129395
        ],
        [
            -0.030107468366622925,
            -0.9993330240249634,
            -0.1025102287530899
        ],
        [
            0.04862438142299652,
            -0.9411324262619019,
            -0.07174715399742126
        ],
        [
            0.04088754206895828,
            -0.9568464756011963,
            -0.08179245889186859
        ],
        [
            0.035374000668525696,
            -0.9406441450119019,
