{
    "pred_cam": [
        1.5192632675170898,
        0.0715111568570137,
        0.3393797278404236
    ],
    "pred_smpl_params": {
        "global_orient": [
            [
                [
                    -0.977746307849884,
                    -0.022446511313319206,
                    -0.20858608186244965
                ],
                [
                    0.05798868462443352,
                    -0.9844388365745544,
                    -0.16588351130485535
                ],
                [
                    -0.20161676406860352,
                    -0.17428764700889587,
                    0.9638330936431885
                ]
            ]
        ],
        "body_pose": [
            [
                [
                    0.9932358860969543,
                    -0.10261541604995728,
                    -0.05433737114071846
                ],
                [
                    0.10606628656387329,
                    0.9922342300415039,
                    0.0649702176451683
                ],
                [
                    0.04724845662713051,
                    -0.07029411196708679,
                    0.9964066743850708
                ]
            ],
            [
                [
                    0.9998326301574707,
                    0.014274077489972115,
                    -0.011441821232438087
                ],
                [
                    -0.011845591478049755,
                    0.9817741513252258,
                    0.1896820068359375
                ],
                [
                    0.01394081860780716,
                    -0.18951474130153656,
                    0.9817789196968079
                ]
            ],
            [
                [
                    0.9991500377655029,
                    0.010917261242866516,
                    0.039749160408973694
                ],
                [
                    -0.006250347010791302,
                    0.9932653903961182,
                    -0.1156931072473526
                ],
                [
                    -0.040744513273239136,
                    0.11534632742404938,
                    0.9924893975257874
                ]
            ],
            [
                [
                    0.9772493243217468,
                    -0.13153719902038574,
                    -0.16637788712978363
                ],
                [
                    -0.10938747227191925,
                    0.3594888746738434,
                    -0.9267157912254333
                ],
                [
                    0.18170861899852753,
                    0.9238321185112,
                    0.336921751499176
                ]
            ],
            [
                [
                    0.9687349796295166,
                    -0.16024142503738403,
                    0.18940739333629608
                ],
                [
                    0.22065961360931396,
                    0.20750822126865387,
                    -0.9530213475227356
                ],
                [
                    0.11340989917516708,
                    0.965019702911377,
                    0.23637928068637848
                ]
            ],
            [
                [
                    0.9981105923652649,
                    0.00664812745526433,
                    0.06108129769563675
                ],
                [
                    -0.0022190604358911514,
                    0.997380793094635,
                    -0.07229454815387726
                ],
                [
                    -0.06140194460749626,
                    0.07202241569757462,
                    0.9955111145973206
                ]
            ],
            [
                [
                    0.9884395599365234,
                    -0.03659885376691818,
                    0.1471324861049652
                ],
                [
                    0.00019077201432082802,
                    0.9707273840904236,
                    0.24018420279026031
                ],
                [
                    -0.1516159623861313,
                    -0.23737944662570953,
                    0.9595123529434204
                ]
            ],
            [
                [
                    0.9863282442092896,
                    0.09617780894041061,
                    -0.13381534814834595
                ],
                [
                    -0.05845046043395996,
                    0.9634035229682922,
                    0.2616049349308014
                ],
                [
                    0.15407878160476685,
                    -0.25020673871040344,
                    0.9558537602424622
                ]
            ],
            [
                [
                    0.9989625811576843,
                    0.004120102617889643,
                    0.04535222798585892
                ],
                [
                    -0.0060431775636971,
                    0.9990846514701843,
                    0.04234805330634117
                ],
                [
                    -0.045136239379644394,
                    -0.04257819056510925,
                    0.9980731010437012
                ]
            ],
            [
                [
                    0.9986141324043274,
                    -0.05179903283715248,
                    0.009305848740041256
                ],
                [
                    0.049675606191158295,
                    0.9861295819282532,
                    0.15836957097053528
                ],
                [
                    -0.017380159348249435,
                    -0.15768784284591675,
                    0.9873360991477966
                ]
            ],
            [
                [
                    0.9968869686126709,
                    -0.02242596074938774,
                    -0.07558760792016983
                ],
                [
                    0.03130725026130676,
                    0.9924672842025757,
                    0.1184420958161354
                ],
                [
                    0.07236205041408539,
                    -0.12043981999158859,
                    0.9900798201560974
                ]
            ],
            [
                [
                    0.9975356459617615,
                    -0.017197266221046448,
                    -0.06802119314670563
                ],
                [
                    0.02741720899939537,
                    0.9879541397094727,
                    0.15229858458042145
                ],
                [
                    0.0645827054977417,
                    -0.15378820896148682,
                    0.9859910011291504
                ]
            ],
            [
                [
                    0.935039758682251,
                    0.2753719389438629,
                    -0.22331801056861877
                ],
                [
                    -0.2687581777572632,
                    0.9613301753997803,
                    0.06011053919792175
                ],
                [
                    0.2312351018190384,
                    0.003812799695879221,
                    0.9728903770446777
                ]
            ],
            [
                [
                    0.8846487402915955,
                    -0.305054247379303,
                    0.35261672735214233
                ],
                [
                    0.29738491773605347,
                    0.9516323208808899,
                    0.0771893784403801
                ],
                [
                    -0.3591083884239197,
                    0.036577410995960236,
                    0.9325788617134094
                ]
            ],
            [
                [
                    0.9964687824249268,
                    -0.01821111887693405,
                    -0.08196508884429932
                ],
                [
                    0.001984443748369813,
                    0.9810308814048767,
                    -0.19384127855300903
                ],
                [
                    0.08394034951925278,
                    0.1929941326379776,
                    0.9776027798652649
                ]
            ],
            [
                [
                    0.6348477602005005,
                    0.6540971994400024,
                    -0.41124841570854187
                ],
                [
                    -0.7448636293411255,
                    0.6595559120178223,
                    -0.10081816464662552
                ],
                [
                    0.20529642701148987,
                    0.3703281283378601,
                    0.9059308171272278
                ]
            ],
            [
                [
                    0.48022541403770447,
                    -0.7600206136703491,
                    0.4378952383995056
                ],
                [
                    0.8124966621398926,
                    0.5735397338867188,
                    0.10440969467163086
                ],
                [
                    -0.3305038511753082,
                    0.30564820766448975,
                    0.8929425477981567
                ]
            ],
            [
                [
                    -0.11362694948911667,
                    -0.41852831840515137,
                    -0.9010677337646484
                ],
                [
                    -0.05922017991542816,
                    0.9081820249557495,
                    -0.4143650233745575
                ],
                [
                    0.9917570352554321,
                    0.006278366316109896,
                    -0.12797927856445312
                ]
            ],
            [
                [
                    0.15153732895851135,
                    0.36877986788749695,
                    0.9170811772346497
                ],
                [
                    -0.12434463948011398,
                    0.9275375008583069,
                    -0.3524380624294281
                ],
                [
                    -0.9805992245674133,
                    -0.06062660738825798,
                    0.18641236424446106
                ]
            ],
            [
                [
                    0.987707793712616,
                    -0.14935636520385742,
                    -0.04610712453722954
                ],
                [
                    0.14638525247573853,
                    0.9872686862945557,
                    -0.06222457438707352
                ],
                [
                    0.05481375753879547,
                    0.054710302501916885,
                    0.9969965219497681
                ]
            ],
            [
                [
                    0.9836279153823853,
                    0.17878855764865875,
                    0.022600075230002403
                ],
                [
                    -0.1741454154253006,
                    0.9752786755561829,
                    -0.13603292405605316
                ],
                [
                    -0.0463624969124794,
                    0.12987008690834045,
                    0.9904465079307556
                ]
            ],
            [
                [
                    0.9771012663841248,
                    0.20335416495800018,
                    -0.06261187046766281
                ],
                [
                    -0.19571228325366974,
                    0.9744130373001099,
                    0.11052588373422623
                ],
                [
                    0.08348572254180908,
                    -0.09574106335639954,
                    0.9918991327285767
                ]
            ],
            [
                [
                    0.9804721474647522,
                    -0.19663456082344055,
                    0.0030125840567052364
                ],
                [
                    0.19487522542476654,
                    0.9735294580459595,
                    0.11943195760250092
                ],
                [
                    -0.026417292654514313,
                    -0.11651264876127243,
                    0.9928377270698547
                ]
            ]
        ],
        "betas": [
            -0.2681785225868225,
            -0.22943046689033508,
            0.27290984988212585,
            0.26848262548446655,
            0.15473514795303345,
            0.04382029548287392,
            0.009640008211135864,
            -0.12426680326461792,
            0.053788527846336365,
            -0.09635084867477417
        ]
    },
    "pred_cam_t": [
        0.0715111568570137,
        0.3393797278404236,
        25.711475372314453
    ],
    "focal_length": [
        5000.0,
        5000.0
    ],
    "pred_keypoints_3d": [
        [
            -0.057511184364557266,
            -0.8556759357452393,
            0.08560112863779068
        ],
        [
            -0.019993837922811508,
            -0.7251452207565308,
            -0.04954918473958969
        ],
        [
            0.1404392272233963,
            -0.6467079520225525,
            0.04436047375202179
        ],
        [
            0.14512403309345245,
            -0.418880820274353,
            0.14486435055732727
        ],
        [
            -0.0518457293510437,
            -0.4612491726875305,
            0.2913326621055603
        ],
        [
            -0.1860460638999939,
            -0.6238910555839539,
            -0.0845751017332077
        ],
        [
            -0.27943673729896545,
            -0.3887791037559509,
            -0.052508752793073654
        ],
        [
            -0.18985256552696228,
            -0.44372788071632385,
            0.1667315512895584
        ],
        [
            -0.0017004890833050013,
            -0.22496196627616882,
            0.028977856040000916
        ],
        [
            0.06808632612228394,
            -0.1392265260219574,
            0.0546586699783802
        ],
        [
            0.10409116744995117,
            0.20975619554519653,
            0.18586985766887665
        ],
        [
            0.11209749430418015,
            0.3820555806159973,
            -0.1633017510175705
        ],
        [
            -0.0670115128159523,
            -0.1298758089542389,
            0.024260474368929863
        ],
        [
            -0.13160264492034912,
            0.22418811917304993,
            0.09391836822032928
        ],
        [
            -0.1266564279794693,
            0.40272101759910583,
            -0.25167590379714966
        ],
        [
            -0.01889828033745289,
            -0.8923274278640747,
            0.055585358291864395
        ],
        [
            -0.08402504026889801,
            -0.8914583921432495,
            0.0434039942920208
        ],
        [
            0.03867919743061066,
            -0.8664249181747437,
            -0.027389800176024437
        ],
        [
            -0.10451744496822357,
            -0.8649569749832153,
            -0.053608234971761703
        ],
        [
            -0.14663729071617126,
            0.5651625394821167,
            -0.14568683505058289
        ],
        [
            -0.2079055905342102,
            0.5330410003662109,
            -0.19083401560783386
        ],
        [
            -0.1301233321428299,
            0.38213402032852173,
            -0.31542280316352844
        ],
        [
            0.08541154861450195,
            0.5419341921806335,
            -0.05402785539627075
        ],
        [
            0.16084444522857666,
            0.5205628275871277,
            -0.08605265617370605
        ],
        [
            0.12436473369598389,
            0.37367162108421326,
            -0.2324913740158081
        ],
        [
            0.13817819952964783,
            0.3363608717918396,
            -0.1357462853193283
        ],
        [
            0.10001686960458755,
            0.15765145421028137,
            0.18230673670768738
        ],
        [
            0.14604169130325317,
            -0.2623242139816284,
            0.04262753576040268
        ],
        [
            -0.14367523789405823,
            -0.22950085997581482,
            -0.025919992476701736
        ],
        [
            -0.13954955339431763,
            0.1876617670059204,
            0.09381948411464691
        ],
        [
            -0.1344778835773468,
            0.36154451966285706,
            -0.2378067672252655
        ],
        [
            -0.04507322981953621,
            -0.48237019777297974,
            0.2611059248447418
        ],
        [
            0.1526590883731842,
            -0.4553449749946594,
            0.16953666508197784
        ],
        [
            0.11238699406385422,
            -0.6748741269111633,
            0.020698491483926773
        ],
        [
            -0.1613219678401947,
            -0.6547961831092834,
            -0.0893259346485138
        ],
        [
            -0.30124127864837646,
            -0.4337589144706726,
            -0.03735378384590149
        ],
        [
            -0.19390714168548584,
            -0.458224892616272,
            0.14831838011741638
        ],
        [
            -0.026160607114434242,
            -0.7194652557373047,
            -0.037415120750665665
        ],
        [
            -0.039370715618133545,
            -0.9203983545303345,
            -0.03338894620537758
        ],
        [
            0.00042500501149334013,
            -0.24583138525485992,
            0.008112926036119461
        ],
        [
            -0.02341035194694996,
            -0.6619791984558105,
            -0.032031331211328506
        ],
        [
            -0.003277987241744995,
            -0.48299866914749146,
            -0.035480208694934845
        ],
        [
            -0.05060557648539543,
            -0.8180649280548096,
            0.015055397525429726
        ],
        [
            -0.03266668692231178,
            -0.9377484917640686,
            -0.042973361909389496
        ]
    ],
    "pred_vertices": [
        [
            -0.09494204819202423,
            -0.9360464215278625,
            0.03539276123046875
        ],
        [
            -0.09027037024497986,
            -0.9232785105705261,
            0.04430646076798439
        ],
        [
            -0.09966741502285004,
            -0.9179800748825073,
            0.03442041203379631
        ],
        [
            -0.10335816442966461,
            -0.9271736741065979,
            0.022433774545788765
        ],
        [
            -0.09646037966012955,
            -0.9100820422172546,
            0.041889578104019165
        ],
        [
            -0.08778584748506546,
            -0.9126613736152649,
            0.0501033216714859
        ],
        [
            -0.10420092195272446,
            -0.9103312492370605,
            0.024097448214888573
        ],
        [
            -0.10722362995147705,
            -0.9164400100708008,
            0.01142067089676857
        ],
        [
            -0.10883919894695282,
            -0.8740432262420654,
            0.016997292637825012
        ],
        [
            -0.11049491167068481,
            -0.867617666721344,
            0.007339079398661852
        ],
        [
            -0.11048736423254013,
            -0.8793587684631348,
            0.00756607623770833
        ],
        [
            -0.10711141675710678,
            -0.8823451399803162,
            0.016942456364631653
        ],
        [
            -0.10699453204870224,
            -0.8479014039039612,
            0.017237285152077675
        ],
        [
            -0.10257881134748459,
            -0.8404515981674194,
            0.028033563867211342
        ],
        [
            -0.10291988402605057,
            -0.8299736380577087,
            0.01935756392776966
        ],
        [
            -0.1058424860239029,
            -0.8368834257125854,
            0.008186519145965576
        ],
        [
            -0.07534783333539963,
            -0.858987033367157,
            0.05490216985344887
        ],
        [
            -0.08058547973632812,
            -0.852181077003479,
            0.05371672660112381
        ],
        [
            -0.0841960459947586,
            -0.8584292531013489,
            0.05138687044382095
        ],
        [
            -0.07814425975084305,
            -0.8644624948501587,
            0.05253923684358597
        ],
        [
            -0.06700529158115387,
            -0.8691492080688477,
            0.06140958145260811
        ],
        [
            -0.0672154575586319,
            -0.8739888668060303,
            0.0572471097111702
        ],
        [
            -0.06350097060203552,
            -0.878738522529602,
            0.06244572997093201
        ],
        [
            -0.0643087700009346,
            -0.8733083605766296,
            0.06757452338933945
        ],
        [
            -0.07014131546020508,
            -0.8540078401565552,
            0.05668019875884056
        ],
        [
            -0.07555364072322845,
            -0.8469878435134888,
            0.054846715182065964
        ],
        [
            -0.0709652304649353,
            -0.864885687828064,
            0.056566111743450165
        ],
        [
            -0.0692174881696701,
            -0.8603928089141846,
            0.05972905457019806
        ],
        [
            -0.06840154528617859,
            -0.8562227487564087,
            0.07099837809801102
        ],
        [
            -0.06958082318305969,
            -0.8605027198791504,
            0.0686325654387474
        ],
        [
            -0.06749547272920609,
            -0.8627157807350159,
            0.07582288235425949
        ],
        [
            -0.06623212993144989,
            -0.8572664260864258,
            0.07618636637926102
        ],
        [
            -0.06927469372749329,
            -0.8539139032363892,
            0.061722300946712494
        ],
        [
            -0.07031705975532532,
            -0.8571376204490662,
            0.06393317133188248
        ],
        [
            -0.06835828721523285,
            -0.8540126085281372,
            0.06714477390050888
        ],
        [
            -0.06635574251413345,
            -0.8514819145202637,
            0.06453870236873627
        ],
        [
            -0.06692898273468018,
            -0.8653964400291443,
            0.06481077522039413
        ],
        [
            -0.06549571454524994,
            -0.8684505820274353,
            0.07178010046482086
        ],
        [
            -0.0630493015050888,
            -0.8711808323860168,
            0.0791856124997139
        ],
        [
            -0.06473170220851898,
            -0.8632787466049194,
            0.08336438983678818
        ],
        [
            -0.08971980214118958,
            -0.8374431133270264,
            0.04676938056945801
        ],
        [
            -0.08584878593683243,
            -0.8450659513473511,
            0.051229964941740036
        ],
        [
            -0.08076830208301544,
            -0.8405636548995972,
            0.052771471440792084
        ],
        [
            -0.08469490706920624,
            -0.8345416784286499,
            0.04965158924460411
        ],
        [
            -0.0668577253818512,
            -0.8478469252586365,
            0.06132056936621666
        ],
        [
            -0.07053319364786148,
            -0.8322451114654541,
            0.06272748112678528
        ],
        [
            -0.07084563374519348,
            -0.8359096050262451,
            0.06240014731884003
        ],
        [
            -0.06574952602386475,
            -0.8375550508499146,
            0.0673462450504303
        ],
        [
            -0.06609469652175903,
            -0.8341002464294434,
            0.06735527515411377
        ],
        [
            -0.09245611727237701,
            -0.8218269348144531,
            0.038885779678821564
        ],
        [
            -0.0877433717250824,
            -0.8217722177505493,
            0.044356152415275574
        ],
        [
            -0.08761059492826462,
            -0.8144952058792114,
            0.0426359623670578
        ],
        [
            -0.09139087796211243,
            -0.8130630850791931,
            0.036174941807985306
        ],
        [
            -0.08510136604309082,
            -0.8086950182914734,
            0.042701467871665955
        ],
        [
            -0.08930741995573044,
            -0.8047747611999512,
            0.034141868352890015
        ],
        [
            -0.08043978363275528,
            -0.7913767695426941,
            0.03788271173834801
        ],
        [
            -0.08498058468103409,
            -0.7971129417419434,
            0.03590350225567818
        ],
        [
            -0.08151023834943771,
            -0.8033589124679565,
            0.04470452293753624
        ],
        [
            -0.07718533277511597,
            -0.7990149855613708,
            0.04966079071164131
        ],
        [
            -0.0674869641661644,
            -0.8053721189498901,
            0.060345787554979324
        ],
        [
            -0.06252199411392212,
            -0.8046786189079285,
            0.06438853591680527
        ],
        [
            -0.06635142862796783,
            -0.7923285961151123,
            0.06258777529001236
        ],
        [
            -0.07174808531999588,
            -0.7948671579360962,
            0.056775979697704315
        ],
        [
            -0.06971359997987747,
            -0.8264816403388977,
            0.05928543582558632
        ],
        [
            -0.07279916107654572,
            -0.8260477185249329,
            0.055604711174964905
        ],
        [
            -0.07354261726140976,
            -0.8277822732925415,
            0.057584479451179504
        ],
        [
            -0.07036929577589035,
            -0.8294810056686401,
            0.061583783477544785
        ],
        [
            -0.07558099180459976,
            -0.8254614472389221,
            0.05294482037425041
        ],
        [
            -0.07693664729595184,
            -0.825028121471405,
            0.05184761807322502
        ],
        [
            -0.0770501047372818,
            -0.8264569044113159,
            0.0529310368001461
        ],
        [
            -0.07567048072814941,
            -0.8262842893600464,
            0.05351805314421654
        ],
        [
            -0.0739825963973999,
            -0.8260998129844666,
            0.054639995098114014
        ],
        [
            -0.07324247807264328,
            -0.8242881298065186,
            0.05554589256644249
        ],
        [
            -0.0749373584985733,
            -0.8247812986373901,
            0.05375635623931885
        ],
        [
            -0.07053549587726593,
            -0.8240129351615906,
            0.059211526066064835
        ],
        [
            -0.059935539960861206,
            -0.8226895332336426,
            0.06998857855796814
        ],
        [
            -0.0636325404047966,
            -0.82343590259552,
            0.06759374588727951
        ],
        [
            -0.0620715469121933,
            -0.8276406526565552,
            0.06656544655561447
        ],
        [
            -0.0588250458240509,
            -0.8272252678871155,
            0.06862492114305496
        ],
        [
            -0.07560352981090546,
            -0.8280868530273438,
            0.05497833713889122
        ],
        [
            -0.0782146155834198,
            -0.8299142718315125,
            0.05352804437279701
        ],
        [
            -0.07553772628307343,
            -0.8331127166748047,
            0.05747766047716141
        ],
        [
            -0.07428218424320221,
            -0.8304389715194702,
            0.057516127824783325
        ],
        [
            -0.08082422614097595,
            -0.8315951824188232,
            0.05256880074739456
        ],
        [
            -0.0790269672870636,
            -0.8274422883987427,
            0.05160890892148018
        ],
        [
            -0.08151669055223465,
            -0.827498197555542,
            0.05020664259791374
        ],
        [
            -0.07646231353282928,
            -0.823320746421814,
            0.05223292112350464
        ],
        [
            -0.07860088348388672,
            -0.8213452100753784,
            0.0503699816763401
        ],
        [
            -0.07935051620006561,
            -0.8240581750869751,
            0.050834283232688904
        ],
        [
            -0.07689516991376877,
            -0.8182893395423889,
            0.051721177995204926
        ],
        [
            -0.07447353005409241,
            -0.8216958045959473,
            0.054138023406267166
        ],
        [
            -0.0718122273683548,
            -0.8204205632209778,
            0.057893574237823486
        ],
        [
            -0.06819553673267365,
            -0.8194625377655029,
            0.06256669014692307
        ],
        [
            -0.06979572772979736,
            -0.8141995668411255,
            0.0596776008605957
        ],
        [
            -0.07393482327461243,
            -0.8158252239227295,
            0.05520708113908768
        ],
        [
            -0.07707114517688751,
            -0.8362045288085938,
            0.05583099275827408
        ],
        [
            -0.08287614583969116,
            -0.8230229616165161,
            0.04795634746551514
        ],
        [
            -0.08641515672206879,
            -0.8291455507278442,
            0.04639838635921478
        ],
        [
            -0.08247312903404236,
            -0.8181275725364685,
            0.04750724509358406
        ],
        [
            -0.08046432584524155,
            -0.8137146234512329,
            0.0482976920902729
        ],
        [
            -0.07709401100873947,
            -0.8100298643112183,
            0.05093192681670189
        ],
        [
            -0.07247880101203918,
            -0.8074473142623901,
            0.055782660841941833
        ],
        [
            -0.06588257849216461,
            -0.7822644710540771,
            0.0520479716360569
        ],
        [
            -0.07309675216674805,
            -0.7861787676811218,
            0.045774124562740326
        ],
        [
            -0.08535565435886383,
            -0.9053376317024231,
            0.04904410243034363
        ],
        [
            -0.09309400618076324,
            -0.90367591381073,
            0.0447273850440979
        ],
        [
            -0.09243430197238922,
            -0.8955384492874146,
            0.04067830741405487
        ],
        [
            -0.0946592465043068,
            -0.8983539342880249,
            0.03982628509402275
        ],
        [
            -0.08985656499862671,
            -0.899534285068512,
            0.044250376522541046
        ],
        [
            -0.08909282088279724,
            -0.8970059156417847,
            0.04373958706855774
        ],
        [
            -0.102237768471241,
            -0.885651707649231,
            0.02376220002770424
        ],
        [
            -0.09851884096860886,
            -0.8882466554641724,
            0.029102006927132607
        ],
        [
            -0.09849146753549576,
            -0.8843571543693542,
            0.02796710468828678
        ],
        [
            -0.10379199683666229,
            -0.8791190981864929,
            0.023449018597602844
        ],
        [
            -0.09292416274547577,
            -0.8780500888824463,
            0.03751000016927719
        ],
        [
            -0.09633372724056244,
            -0.8787225484848022,
            0.03320307284593582
        ],
        [
            -0.0932089313864708,
            -0.8858596086502075,
            0.03583180159330368
        ],
        [
            -0.09072527289390564,
            -0.8854320049285889,
            0.03901398926973343
        ],
        [
            -0.08759738504886627,
            -0.8853298425674438,
            0.04196018725633621
        ],
        [
            -0.08371903002262115,
            -0.8856645822525024,
            0.0440572127699852
        ],
        [
            -0.08374186605215073,
            -0.8801738619804382,
            0.04414637014269829
        ],
        [
            -0.0883776992559433,
            -0.878838062286377,
            0.04140355810523033
        ],
        [
            -0.08388036489486694,
            -0.9011197090148926,
            0.046731460839509964
        ],
        [
            -0.0767284631729126,
            -0.9006649255752563,
            0.048129696398973465
        ],
        [
            -0.07781700044870377,
            -0.8975284099578857,
            0.04753435403108597
        ],
        [
            -0.0839138999581337,
            -0.8980208039283752,
            0.04657169431447983
        ],
        [
            -0.0668431892991066,
            -0.8909755945205688,
            0.04598391056060791
        ],
        [
            -0.06831961125135422,
            -0.8934602737426758,
            0.04637392237782478
        ],
        [
            -0.06514640152454376,
            -0.8952033519744873,
            0.04807305708527565
        ],
        [
            -0.06402567028999329,
            -0.8906841278076172,
            0.048059795051813126
        ],
        [
            -0.06615900248289108,
            -0.8875827193260193,
            0.04808797314763069
        ],
        [
            -0.06815800815820694,
            -0.8893312215805054,
            0.046430692076683044
        ],
        [
            -0.08623266220092773,
            -0.9577386379241943,
            0.03267478942871094
        ],
        [
            -0.08334866911172867,
            -0.9417687654495239,
            0.04469551146030426
        ],
        [
            -0.09841719269752502,
            -0.9484248161315918,
            0.018360605463385582
        ],
        [
            -0.10523860901594162,
            -0.9362397789955139,
            0.006618754006922245
        ],
        [
            -0.11008432507514954,
            -0.9215791821479797,
            -0.002481827512383461
        ],
        [
            -0.09788136184215546,
            -0.824744462966919,
            0.03011634200811386
        ],
        [
            -0.09765181690454483,
            -0.8150173425674438,
            0.024852823466062546
        ],
        [
            -0.10247480869293213,
            -0.8200072050094604,
            0.010679355822503567
        ],
        [
            -0.09901934862136841,
            -0.8093103766441345,
            0.007554813288152218
        ],
        [
            -0.09460755437612534,
            -0.8042849898338318,
            0.02242736518383026
        ],
        [
            -0.08037705719470978,
            -0.7863852977752686,
            0.0243610218167305
        ],
        [
            -0.08873367309570312,
            -0.7941516637802124,
            0.022421035915613174
        ],
        [
            -0.0925091952085495,
            -0.7989535331726074,
            0.004196088761091232
        ],
        [
            -0.09644317626953125,
            -0.8089483976364136,
            -0.013361673802137375
        ],
        [
            -0.10136524587869644,
            -0.8166286945343018,
            -0.006895771250128746
        ],
        [
            -0.09764500707387924,
            -0.8223477602005005,
            -0.028159596025943756
        ],
        [
            -0.08866731077432632,
            -0.7998555898666382,
            -0.02276599407196045
        ],
        [
            -0.09287145733833313,
            -0.8202089071273804,
            -0.035791777074337006
        ],
        [
            -0.0751294270157814,
            -0.7632266283035278,
            -0.012245271354913712
        ],
        [
            -0.07587140798568726,
            -0.7504870891571045,
            -0.015405289828777313
        ],
        [
            -0.08257503807544708,
            -0.7556155920028687,
            -0.03157129883766174
        ],
        [
            -0.08290854096412659,
            -0.7682547569274902,
            -0.0284290611743927
        ],
        [
            -0.10476016998291016,
            -0.826166033744812,
            -0.00037653278559446335
        ],
        [
            -0.11030900478363037,
            -0.8899780511856079,
            -0.0022163684479892254
        ],
        [
            -0.10891571640968323,
            -0.8906017541885376,
            0.010037470608949661
        ],
        [
            -0.11101517081260681,
            -0.8758953213691711,
            -0.004329570569097996
        ],
        [
            -0.10977359861135483,
            -0.946463406085968,
            -0.028890838846564293
        ],
        [
            -0.10835108160972595,
            -0.9440617561340332,
            -0.009948625229299068
        ],
        [
            -0.11298264563083649,
            -0.9271896481513977,
            -0.016351494938135147
        ],
        [
            -0.11358293145895004,
            -0.9316093921661377,
            -0.03326677531003952
        ],
        [
            -0.08533190190792084,
            -0.9829595685005188,
            -0.018138714134693146
        ],
        [
            -0.0879281759262085,
            -0.973344087600708,
            0.007978102192282677
        ],
        [
            -0.09747535735368729,
            -0.9599387645721436,
            -0.0006048427894711494
        ],
        [
            -0.09737664461135864,
            -0.9672515392303467,
            -0.022480104118585587
        ],
        [
            -0.11260190606117249,
            -0.9312819242477417,
            -0.04671328514814377
        ],
        [
            -0.1091751977801323,
            -0.9299320578575134,
            -0.0655786544084549
        ],
        [
            -0.10416904836893082,
            -0.9451099634170532,
            -0.07355950027704239
        ],
        [
            -0.10681678354740143,
            -0.9486277103424072,
            -0.05068310350179672
        ],
        [
            -0.09050865471363068,
            -0.9645927548408508,
            -0.07942838966846466
        ],
        [
            -0.09477289766073227,
            -0.969322919845581,
            -0.0525965616106987
        ],
        [
            -0.08799580484628677,
            -0.8049660921096802,
            -0.043986570090055466
        ],
        [
            -0.08943990617990494,
            -0.8235594034194946,
            -0.04883193224668503
        ],
        [
            -0.08379067480564117,
            -0.7834701538085938,
            -0.02382071129977703
        ],
        [
            -0.08649756014347076,
            -0.7886846661567688,
            -0.04184264689683914
        ],
        [
            -0.07171133160591125,
            -0.9791194200515747,
            -0.08183763921260834
        ],
        [
            -0.07808935642242432,
            -0.9863632321357727,
            -0.05090397223830223
        ],
        [
            -0.087661974132061,
            -0.9023152589797974,
            -0.10806199163198471
        ],
        [
            -0.09213508665561676,
            -0.9209376573562622,
            -0.10293635725975037
        ],
        [
            -0.1011657789349556,
            -0.9100446105003357,
            -0.08718474209308624
        ],
        [
