{
    "pred_cam": [
        1.4844473600387573,
        0.04177115857601166,
        0.34894388914108276
    ],
    "pred_smpl_params": {
        "global_orient": [
            [
                [
                    -0.9642102122306824,
                    0.026232102885842323,
                    -0.2638380825519562
                ],
                [
                    0.01571209542453289,
                    -0.9876917600631714,
                    -0.1556219458580017
                ],
                [
                    -0.2646729648113251,
                    -0.15419772267341614,
                    0.9519303441047668
                ]
            ]
        ],
        "body_pose": [
            [
                [
                    0.9908328056335449,
                    -0.11260195076465607,
                    -0.07464003562927246
                ],
                [
                    0.11340396851301193,
                    0.9935271739959717,
                    0.006582002155482769
                ],
                [
                    0.07341575622558594,
                    -0.01498614065349102,
                    0.9971888065338135
                ]
            ],
            [
                [
                    0.998638927936554,
                    -0.029150327667593956,
                    -0.04324878379702568
                ],
                [
                    0.033058736473321915,
                    0.9951547980308533,
                    0.09259563684463501
                ],
                [
                    0.04034004360437393,
                    -0.09389936923980713,
                    0.994763970375061
                ]
            ],
            [
                [
                    0.9980729222297668,
                    0.002918038284406066,
                    0.06198218837380409
                ],
                [
                    0.0014751640846952796,
                    0.9974955320358276,
                    -0.07071444392204285
                ],
                [
                    -0.06203329935669899,
                    0.07066962122917175,
                    0.9955689907073975
                ]
            ],
            [
                [
                    0.9719855785369873,
                    -0.1612350046634674,
                    -0.17101812362670898
                ],
                [
                    -0.05882246047258377,
                    0.5375875234603882,
                    -0.8411538004875183
                ],
                [
                    0.22756065428256989,
                    0.8276491165161133,
                    0.5130431056022644
                ]
            ],
            [
                [
                    0.969475507736206,
                    -0.182773157954216,
                    0.16343575716018677
                ],
                [
                    0.22267143428325653,
                    0.3772830367088318,
                    -0.8989299535751343
                ],
                [
                    0.10263872146606445,
                    0.9078829884529114,
                    0.4064650237560272
                ]
            ],
            [
                [
                    0.9964472651481628,
                    0.021826542913913727,
                    0.08134186267852783
                ],
                [
                    -0.018392570316791534,
                    0.9989174008369446,
                    -0.04272936284542084
                ],
                [
                    -0.08218643069267273,
                    0.041081469506025314,
                    0.9957699775695801
                ]
            ],
            [
                [
                    0.9913461208343506,
                    -0.008291492238640785,
                    0.13101160526275635
                ],
                [
                    -0.010581960901618004,
                    0.9897081255912781,
                    0.14270910620689392
                ],
                [
                    -0.1308465301990509,
                    -0.1428605020046234,
                    0.9810555577278137
                ]
            ],
            [
                [
                    0.989888608455658,
                    0.0851793959736824,
                    -0.11342412978410721
                ],
                [
                    -0.057538796216249466,
                    0.9720065593719482,
                    0.22779937088489532
                ],
                [
                    0.12965281307697296,
                    -0.21896971762180328,
                    0.9670793414115906
                ]
            ],
            [
                [
                    0.9979779720306396,
                    0.00024910891079343855,
                    0.06356072425842285
                ],
                [
                    -0.0011709545506164432,
                    0.9998947381973267,
                    0.014466587454080582
                ],
                [
                    -0.0635504201054573,
                    -0.014511761255562305,
                    0.9978731870651245
                ]
            ],
            [
                [
                    0.9968323707580566,
                    -0.06783133000135422,
                    0.04152287542819977
                ],
                [
                    0.06082620471715927,
                    0.9865927696228027,
                    0.1514430195093155
                ],
                [
                    -0.05123874172568321,
                    -0.14843761920928955,
                    0.9875935316085815
                ]
            ],
            [
                [
                    0.9977662563323975,
                    -0.013758509419858456,
                    -0.06537117809057236
                ],
                [
                    0.01900399848818779,
                    0.9965887069702148,
                    0.0803103968501091
                ],
                [
                    0.06404323130846024,
                    -0.08137330412864685,
                    0.9946240782737732
                ]
            ],
            [
                [
                    0.9945160150527954,
                    0.0397978276014328,
                    0.09671612828969955
                ],
                [
                    -0.05221620947122574,
                    0.9902077317237854,
                    0.12946905195713043
                ],
                [
                    -0.09061646461486816,
                    -0.1338091939687729,
                    0.9868555665016174
                ]
            ],
            [
                [
                    0.923689067363739,
                    0.2645115256309509,
                    -0.27718597650527954
                ],
                [
                    -0.25081488490104675,
                    0.9643452763557434,
                    0.08443944156169891
                ],
                [
                    0.2896382212638855,
                    -0.008473404683172703,
                    0.9570986032485962
                ]
            ],
            [
                [
                    0.8939003944396973,
                    -0.2596147060394287,
                    0.36543434858322144
                ],
                [
                    0.25292694568634033,
                    0.9651635885238647,
                    0.06698649376630783
                ],
                [
                    -0.3700946271419525,
                    0.032548945397138596,
                    0.9284236431121826
                ]
            ],
            [
                [
                    0.999108076095581,
                    0.03698742389678955,
                    0.020365480333566666
                ],
                [
                    -0.0312064029276371,
                    0.9717527031898499,
                    -0.23392929136753082
                ],
                [
                    -0.028442658483982086,
                    0.23308517038822174,
                    0.9720402359962463
                ]
            ],
            [
                [
                    0.4398321211338043,
                    0.7447874546051025,
                    -0.5018360018730164
                ],
                [
                    -0.8496609926223755,
                    0.5260919332504272,
                    0.03610442206263542
                ],
                [
                    0.2909019887447357,
                    0.4105105698108673,
                    0.864208996295929
                ]
            ],
            [
                [
                    0.4961625337600708,
                    -0.7393392324447632,
                    0.45519256591796875
                ],
                [
                    0.7751085162162781,
                    0.6134090423583984,
                    0.15144702792167664
                ],
                [
                    -0.39118993282318115,
                    0.27768126130104065,
                    0.8774186968803406
                ]
            ],
            [
                [
                    -0.05227137729525566,
                    -0.41701385378837585,
                    -0.9073957204818726
                ],
                [
                    0.026013705879449844,
                    0.9077610373497009,
                    -0.41868025064468384
                ],
                [
                    0.9982939958572388,
                    -0.04548973590135574,
                    -0.03660184517502785
                ]
            ],
            [
                [
                    0.30958881974220276,
                    0.3297755718231201,
                    0.8918535709381104
                ],
                [
                    -0.20988377928733826,
                    0.9384995698928833,
                    -0.27416667342185974
                ],
                [
                    -0.9274176359176636,
                    -0.10230667144060135,
                    0.3597635328769684
                ]
            ],
            [
                [
                    0.9867481589317322,
                    -0.15491551160812378,
                    -0.04826204478740692
                ],
                [
                    0.15778681635856628,
                    0.9854745864868164,
                    0.06279382854700089
                ],
                [
                    0.037833284586668015,
                    -0.06957681477069855,
                    0.9968588352203369
                ]
            ],
            [
                [
                    0.9884318709373474,
                    0.14921793341636658,
                    0.027138832956552505
                ],
                [
                    -0.1477171927690506,
                    0.9877254962921143,
                    -0.05077498406171799
                ],
                [
                    -0.034382253885269165,
                    0.04617873951792717,
                    0.99834144115448
                ]
            ],
            [
                [
                    0.9798668026924133,
                    0.18733222782611847,
                    -0.06904801726341248
                ],
                [
                    -0.18068768084049225,
                    0.9791861176490784,
                    0.09244661778211594
                ],
                [
                    0.08492910116910934,
                    -0.0781092494726181,
                    0.9933205842971802
                ]
            ],
            [
                [
                    0.9801228642463684,
                    -0.19702814519405365,
                    0.023220427334308624
                ],
                [
                    0.19384950399398804,
                    0.9760023951530457,
                    0.09920576959848404
                ],
                [
                    -0.04220951721072197,
                    -0.09273256361484528,
                    0.994796097278595
                ]
            ]
        ],
        "betas": [
            -0.24230173230171204,
            -0.23407045006752014,
            0.5207645893096924,
            0.4993874430656433,
            0.16884826123714447,
            0.04454586282372475,
            0.016484886407852173,
            -0.17659348249435425,
            0.051237091422080994,
            -0.12674450874328613
        ]
    },
    "pred_cam_t": [
        0.04177115857601166,
        0.34894388914108276,
        26.31450653076172
    ],
    "focal_length": [
        5000.0,
        5000.0
    ],
    "pred_keypoints_3d": [
        [
            -0.08171282708644867,
            -0.8622852563858032,
            0.05117615684866905
        ],
        [
            0.010227879509329796,
            -0.7354527115821838,
            -0.059360720217227936
        ],
        [
            0.15370303392410278,
            -0.656804084777832,
            0.056674450635910034
        ],
        [
            0.13671717047691345,
            -0.44352519512176514,
            0.1822279542684555
        ],
        [
            -0.0597052127122879,
            -0.48051413893699646,
            0.3295365869998932
        ],
        [
            -0.1563129425048828,
            -0.6404711008071899,
            -0.10840354114770889
        ],
        [
            -0.2191300392150879,
            -0.4044719934463501,
            -0.03850436210632324
        ],
        [
            -0.1560126543045044,
            -0.4965209662914276,
            0.1767956018447876
        ],
        [
            -0.0018368242308497429,
            -0.22885912656784058,
            0.028985455632209778
        ],
        [
            0.062775619328022,
            -0.1395096778869629,
            0.0572604164481163
        ],
        [
            0.07040377706289291,
            0.22378972172737122,
            0.14442101120948792
        ],
        [
            0.0657450333237648,
            0.4128120243549347,
            -0.19468802213668823
        ],
        [
            -0.07020770758390427,
            -0.13598665595054626,
            0.018213531002402306
        ],
        [
            -0.15084566175937653,
            0.2183024287223816,
            0.056713975965976715
        ],
        [
            -0.16356633603572845,
            0.43433892726898193,
            -0.2650383710861206
        ],
        [
            -0.039204612374305725,
            -0.9035049676895142,
            0.036399878561496735
        ],
        [
            -0.09452342242002487,
            -0.8953514099121094,
            0.0009955018758773804
        ],
        [
            0.048616744577884674,
            -0.8853638172149658,
            -0.018697092309594154
        ],
        [
            -0.07440782338380814,
            -0.8687300682067871,
            -0.09582887589931488
        ],
        [
            -0.19682148098945618,
            0.5945336222648621,
            -0.15614718198776245
        ],
        [
            -0.2543948292732239,
            0.5578723549842834,
            -0.20296400785446167
        ],
        [
            -0.16477568447589874,
            0.4170520603656769,
            -0.33079496026039124
        ],
        [
            0.017622577026486397,
            0.5684363842010498,
            -0.08547872304916382
        ],
        [
            0.09677249938249588,
            0.5552091002464294,
            -0.11384028196334839
        ],
        [
            0.08096954971551895,
            0.4072968065738678,
            -0.2635948359966278
        ],
        [
            0.09586238861083984,
            0.36864787340164185,
            -0.16851939260959625
        ],
        [
            0.07031131535768509,
            0.16889993846416473,
            0.14608009159564972
        ],
        [
            0.14546701312065125,
            -0.26006796956062317,
            0.054596807807683945
        ],
        [
            -0.13885873556137085,
            -0.24025940895080566,
            -0.03322792425751686
        ],
        [
            -0.15658175945281982,
            0.17990007996559143,
            0.05820661783218384
        ],
        [
            -0.16727060079574585,
            0.3919106125831604,
            -0.256008505821228
        ],
        [
            -0.05305197089910507,
            -0.5034101009368896,
            0.3003626763820648
        ],
        [
            0.1435215324163437,
            -0.4814513027667999,
            0.2035323679447174
        ],
        [
            0.12898807227611542,
            -0.685007631778717,
            0.03032883256673813
        ],
        [
            -0.12786583602428436,
            -0.6684056520462036,
            -0.11139017343521118
        ],
        [
            -0.24668942391872406,
            -0.449102520942688,
            -0.03008667752146721
        ],
        [
            -0.16144254803657532,
            -0.5084185600280762,
            0.15693674981594086
        ],
        [
            0.0009279679507017136,
            -0.7311545014381409,
            -0.04837723821401596
        ],
        [
            -0.02832219935953617,
            -0.9309265613555908,
            -0.054753031581640244
        ],
        [
            0.0025222180411219597,
            -0.25008147954940796,
            0.010301321744918823
        ],
        [
            0.0013819076120853424,
            -0.6737403869628906,
            -0.03851553052663803
        ],
        [
            0.013999050483107567,
            -0.4923238158226013,
            -0.03622940182685852
        ],
        [
            -0.04452941566705704,
            -0.8264331221580505,
            -0.010998056270182133
        ],
        [
            -0.021020887419581413,
            -0.9489477872848511,
            -0.06180614233016968
        ]
    ],
    "pred_vertices": [
        [
            -0.10661089420318604,
            -0.9390946626663208,
            -0.011698376387357712
        ],
        [
            -0.10416729748249054,
            -0.9266929030418396,
            -0.0011920593678951263
        ],
        [
            -0.10841448605060577,
            -0.9205002784729004,
            -0.013653449714183807
        ],
        [
            -0.10876624286174774,
            -0.9294000864028931,
            -0.0264103002846241
        ],
        [
            -0.10755420476198196,
            -0.9128574132919312,
            -0.0052450187504291534
        ],
        [
            -0.10285738110542297,
            -0.9161399602890015,
            0.005475789308547974
        ],
        [
            -0.10805930197238922,
            -0.9125431180000305,
            -0.02468392625451088
        ],
        [
            -0.1070697233080864,
            -0.9183592796325684,
            -0.03778126463294029
        ],
        [
            -0.10550183802843094,
            -0.875930666923523,
            -0.03190011903643608
        ],
        [
            -0.10302555561065674,
            -0.8698005676269531,
            -0.041274845600128174
        ],
        [
            -0.10406779497861862,
            -0.8814915418624878,
            -0.04142573103308678
        ],
        [
            -0.10479192435741425,
            -0.884472131729126,
            -0.03157790005207062
        ],
        [
            -0.10143378376960754,
            -0.850124716758728,
            -0.030196484178304672
        ],
        [
            -0.10051822662353516,
            -0.8429063558578491,
            -0.018405254930257797
        ],
        [
            -0.09660717844963074,
            -0.8326317071914673,
            -0.026126373559236526
        ],
        [
            -0.09596314281225204,
            -0.8393621444702148,
            -0.03781938925385475
        ],
        [
            -0.08710463345050812,
            -0.8639850616455078,
            0.0157645121216774
        ],
        [
            -0.09068690240383148,
            -0.8566588163375854,
            0.012956211343407631
        ],
        [
            -0.0938267707824707,
            -0.8624906539916992,
            0.009262371808290482
        ],
        [
            -0.08940140157938004,
            -0.8691103458404541,
            0.012368783354759216
        ],
        [
            -0.08296805620193481,
            -0.8749778270721436,
            0.02465459704399109
        ],
        [
            -0.08216767013072968,
            -0.8798248767852783,
            0.020565224811434746
        ],
        [
            -0.08128774166107178,
            -0.8848847150802612,
            0.026641467586159706
        ],
        [
            -0.08331362903118134,
            -0.8793372511863708,
            0.031266070902347565
        ],
        [
            -0.08238367736339569,
            -0.8595906496047974,
            0.0195002444088459
        ],
        [
            -0.08587774634361267,
            -0.8520426750183105,
            0.016009092330932617
        ],
        [
            -0.08440886437892914,
            -0.8702892661094666,
            0.018770085647702217
        ],
        [
            -0.08331166207790375,
            -0.8660709857940674,
            0.022534573450684547
        ],
        [
            -0.08644388616085052,
            -0.8618319034576416,
            0.03346696496009827
        ],
        [
            -0.08716824650764465,
            -0.8659937381744385,
            0.030694372951984406
        ],
        [
            -0.08819958567619324,
            -0.8682899475097656,
            0.03808649629354477
        ],
        [
            -0.08656063675880432,
            -0.862983226776123,
            0.03907693177461624
        ],
        [
            -0.08344069123268127,
            -0.8595198392868042,
            0.02455170825123787
        ],
        [
            -0.08562315255403519,
            -0.8626154065132141,
            0.026121044531464577
        ],
        [
            -0.08467236161231995,
            -0.8596630096435547,
            0.02993149682879448
        ],
        [
            -0.08156569302082062,
            -0.8573647737503052,
            0.028332725167274475
        ],
        [
            -0.08369791507720947,
            -0.8711873888969421,
            0.02794259786605835
        ],
        [
            -0.08545210212469101,
            -0.8742951154708862,
            0.03487776592373848
        ],
        [
            -0.0862923115491867,
            -0.8771538138389587,
            0.04258310794830322
        ],
        [
            -0.0884336307644844,
            -0.8690314292907715,
            0.04617497697472572
        ],
        [
            -0.09507732093334198,
            -0.8411178588867188,
            0.003779727965593338
        ],
        [
            -0.09385545551776886,
            -0.8490220308303833,
            0.008977359160780907
        ],
        [
            -0.0892430990934372,
            -0.845116376876831,
            0.012445632368326187
        ],
        [
            -0.0911281406879425,
            -0.8387410640716553,
            0.008373893797397614
        ],
        [
            -0.08032896369695663,
            -0.8537803888320923,
            0.025298861786723137
        ],
        [
            -0.08241617679595947,
            -0.8378835916519165,
            0.025877520442008972
        ],
        [
            -0.08298809826374054,
            -0.8414998054504395,
            0.025290267542004585
        ],
        [
            -0.08036172389984131,
            -0.8436230421066284,
            0.031734898686409
        ],
        [
            -0.08026778697967529,
            -0.840139627456665,
            0.031760454177856445
        ],
        [
            -0.09311824291944504,
            -0.825431227684021,
            -0.003922495990991592
        ],
        [
            -0.09068121016025543,
            -0.8258329629898071,
            0.0028353258967399597
        ],
        [
            -0.08914563059806824,
            -0.8186760544776917,
            0.0016132332384586334
        ],
        [
            -0.0901748538017273,
            -0.8169819116592407,
            -0.005632415413856506
        ],
        [
            -0.08617979288101196,
            -0.8132964372634888,
            0.002913225442171097
        ],
        [
            -0.0865795761346817,
            -0.8091528415679932,
            -0.006304409354925156
        ],
        [
            -0.07811637222766876,
            -0.7966166734695435,
            0.0011386498808860779
        ],
        [
            -0.08228223025798798,
            -0.8019924163818359,
            -0.002689603716135025
        ],
        [
            -0.0828917846083641,
            -0.8083369731903076,
            0.00635242834687233
        ],
        [
            -0.0800979882478714,
            -0.8043445348739624,
            0.012752491980791092
        ],
        [
            -0.07574090361595154,
            -0.8114584684371948,
            0.02586163394153118
        ],
        [
            -0.07253064215183258,
            -0.8112972974777222,
            0.03141328692436218
        ],
        [
            -0.07402260601520538,
            -0.7985528707504272,
            0.02899428829550743
        ],
        [
            -0.07723113894462585,
            -0.8006579875946045,
            0.021549291908740997
        ],
        [
            -0.07987621426582336,
            -0.8322238326072693,
            0.02317800745368004
        ],
        [
            -0.08134305477142334,
            -0.8314974308013916,
            0.01864326186478138
        ],
        [
            -0.0829644650220871,
            -0.8330959677696228,
            0.020133888348937035
        ],
        [
            -0.08168671280145645,
            -0.8350755572319031,
            0.02495693601667881
        ],
        [
            -0.08287806808948517,
            -0.830676794052124,
            0.015140090137720108
        ],
        [
            -0.08368116617202759,
            -0.8301345705986023,
            0.013638777658343315
        ],
        [
            -0.08435367792844772,
            -0.8315048217773438,
            0.014537600800395012
        ],
        [
            -0.08322278410196304,
            -0.8314145803451538,
            0.015590297058224678
        ],
        [
            -0.08206326514482498,
            -0.8314049243927002,
            0.01726318895816803
        ],
        [
            -0.08148714900016785,
            -0.8296739459037781,
            0.018461499363183975
        ],
        [
            -0.0825071632862091,
            -0.830058217048645,
            0.016172511503100395
        ],
        [
            -0.08032672852277756,
            -0.8296315670013428,
            0.022897914052009583
        ],
        [
            -0.07416756451129913,
            -0.8294892311096191,
            0.036841634660959244
        ],
        [
            -0.07698521018028259,
            -0.8297314643859863,
            0.03323936462402344
        ],
        [
            -0.07558123022317886,
            -0.8341091275215149,
            0.03266190364956856
        ],
        [
            -0.07313217222690582,
            -0.8341418504714966,
            0.035789091140031815
        ],
        [
            -0.08379371464252472,
            -0.8332535028457642,
            0.016960609704256058
        ],
        [
            -0.08605202287435532,
            -0.8348062634468079,
            0.014522833749651909
        ],
        [
            -0.08538877218961716,
            -0.8381896018981934,
            0.019041147083044052
        ],
        [
            -0.08393221348524094,
            -0.8356842398643494,
            0.019680198282003403
        ],
        [
            -0.0882796198129654,
            -0.8361706733703613,
            0.012556400150060654
        ],
        [
            -0.08580874651670456,
            -0.8323119878768921,
            0.01252472773194313
        ],
        [
            -0.08750399947166443,
            -0.8321864604949951,
            0.01033301092684269
        ],
        [
            -0.08317859470844269,
            -0.828485369682312,
            0.014239354059100151
        ],
        [
            -0.08425622433423996,
            -0.8263527154922485,
            0.01177297905087471
        ],
        [
            -0.08543640375137329,
            -0.8289451003074646,
            0.01180538721382618
        ],
        [
            -0.08280448615550995,
            -0.8234698176383972,
            0.01380402222275734
        ],
        [
            -0.08183026313781738,
            -0.8270447850227356,
            0.016802029684185982
        ],
        [
            -0.08061400055885315,
            -0.825994074344635,
            0.021359067410230637
        ],
        [
            -0.07892173528671265,
            -0.8253375887870789,
            0.027078986167907715
        ],
        [
            -0.07867959886789322,
            -0.819995641708374,
            0.02400510013103485
        ],
        [
            -0.08105732500553131,
            -0.8212544918060303,
            0.018259186297655106
        ],
        [
            -0.0863509252667427,
            -0.8412206172943115,
            0.016830291599035263
        ],
        [
            -0.08758137375116348,
            -0.8275628089904785,
            0.007896389812231064
        ],
        [
            -0.09101373702287674,
            -0.8332240581512451,
            0.004960611462593079
        ],
        [
            -0.08650481700897217,
            -0.8227606415748596,
            0.007839730009436607
        ],
        [
            -0.08442449569702148,
            -0.8185949921607971,
            0.00952174887061119
        ],
        [
            -0.0817231684923172,
            -0.8153538703918457,
            0.013414625078439713
        ],
        [
            -0.07891690731048584,
            -0.8130664825439453,
            0.019698748365044594
        ],
        [
            -0.0685291662812233,
            -0.7886736392974854,
            0.01984921470284462
        ],
        [
            -0.07348209619522095,
            -0.7920303344726562,
            0.0113443061709404
        ],
        [
            -0.09935107827186584,
            -0.9090816974639893,
            0.005431655794382095
        ],
        [
            -0.10471369326114655,
            -0.9066179990768433,
            -0.0012665539979934692
        ],
        [
            -0.10168329626321793,
            -0.8986661434173584,
            -0.004578612744808197
        ],
        [
            -0.1038791686296463,
            -0.9011460542678833,
            -0.006358686834573746
        ],
        [
            -0.10099465399980545,
            -0.9029238224029541,
            -0.0004921145737171173
        ],
        [
            -0.09994769096374512,
            -0.900393009185791,
            -0.0005263984203338623
        ],
        [
            -0.10324092209339142,
            -0.8879881501197815,
            -0.023614797741174698
        ],
        [
            -0.10209216177463531,
            -0.8908704519271851,
            -0.017379403114318848
        ],
        [
            -0.10116951167583466,
            -0.8870849609375,
            -0.0182807594537735
        ],
        [
            -0.10385926067829132,
            -0.8813658356666565,
            -0.02423594892024994
        ],
        [
            -0.09879156947135925,
            -0.8812699317932129,
            -0.007251545786857605
        ],
        [
            -0.100436270236969,
            -0.8816696405410767,
            -0.012512002140283585
        ],
        [
            -0.09932965040206909,
            -0.8889643549919128,
            -0.009159814566373825
        ],
        [
            -0.09819906949996948,
            -0.888728678226471,
            -0.0053081512451171875
        ],
        [
            -0.09636184573173523,
            -0.8889526128768921,
            -0.0014424771070480347
        ],
        [
            -0.09360931813716888,
            -0.8897239565849304,
            0.0019227955490350723
        ],
        [
            -0.09300164878368378,
            -0.8842517137527466,
            0.002135876566171646
        ],
        [
            -0.09610213339328766,
            -0.8824418783187866,
            -0.0020842663943767548
        ],
        [
            -0.09653560072183609,
            -0.9050347805023193,
            0.0038639772683382034
        ],
        [
            -0.09056517481803894,
            -0.9054092168807983,
            0.007843978703022003
        ],
        [
            -0.09089305996894836,
            -0.9021251201629639,
            0.00702761672437191
        ],
        [
            -0.09618707001209259,
            -0.9019259214401245,
            0.0038741137832403183
        ],
        [
            -0.07949113845825195,
            -0.8969132900238037,
            0.009783890098333359
        ],
        [
            -0.08130554854869843,
            -0.8992006778717041,
            0.00956820324063301
        ],
        [
            -0.07926827669143677,
            -0.9012249708175659,
            0.0122920460999012
        ],
        [
            -0.07766182720661163,
            -0.8968788385391235,
            0.01274864748120308
        ],
        [
            -0.07924103736877441,
            -0.8935896754264832,
            0.012108620256185532
        ],
        [
            -0.08064770698547363,
            -0.8951473832130432,
            0.00978853926062584
        ],
        [
            -0.10018928349018097,
            -0.9613402485847473,
            -0.011692538857460022
        ],
        [
            -0.09997541457414627,
            -0.9458421468734741,
            0.0011739488691091537
        ],
        [
            -0.10521066188812256,
            -0.9510029554367065,
            -0.029081277549266815
        ],
        [
            -0.10576611757278442,
            -0.938279390335083,
            -0.042191047221422195
        ],
        [
            -0.10552430897951126,
            -0.9233819246292114,
            -0.0521092489361763
        ],
        [
            -0.09532324969768524,
            -0.8278533220291138,
            -0.01410563662648201
        ],
        [
            -0.09209667891263962,
            -0.8184031844139099,
            -0.018517576158046722
        ],
        [
            -0.09187042713165283,
            -0.8230627775192261,
            -0.03356985002756119
        ],
        [
            -0.08655177056789398,
            -0.8129238486289978,
            -0.03471863642334938
        ],
        [
            -0.08724147081375122,
            -0.8082512021064758,
            -0.019058458507061005
        ],
        [
            -0.07319651544094086,
            -0.7916935086250305,
            -0.010924682021141052
        ],
        [
            -0.08098450303077698,
            -0.7988340258598328,
            -0.016299553215503693
        ],
        [
            -0.07883623242378235,
            -0.8032331466674805,
            -0.034823376685380936
        ],
        [
            -0.077376589179039,
            -0.8128274083137512,
            -0.05331858620047569
        ],
        [
            -0.08432938903570175,
            -0.8199964165687561,
            -0.04940515756607056
        ],
        [
            -0.07419668138027191,
            -0.8261803388595581,
            -0.06816907227039337
        ],
        [
            -0.06638438999652863,
            -0.8048837184906006,
            -0.05839276313781738
        ],
        [
            -0.0668204054236412,
            -0.8248658180236816,
            -0.0732387900352478
        ],
        [
            -0.05408558249473572,
            -0.7718801498413086,
            -0.039761487394571304
        ],
        [
            -0.053071990609169006,
            -0.7601368427276611,
            -0.04130738228559494
        ],
        [
            -0.05569400265812874,
            -0.764634907245636,
            -0.059397123754024506
        ],
        [
            -0.05699507147073746,
            -0.776305615901947,
            -0.05812656879425049
        ],
        [
            -0.09072799980640411,
            -0.8289481997489929,
            -0.04499628022313118
        ],
        [
            -0.10213595628738403,
            -0.8918282389640808,
            -0.05084234103560448
        ],
        [
            -0.10505372285842896,
            -0.892602801322937,
            -0.03897847980260849
        ],
        [
            -0.09990067034959793,
            -0.8779932856559753,
            -0.052608389407396317
        ],
        [
            -0.09879166632890701,
            -0.9484200477600098,
            -0.07713846862316132
        ],
        [
            -0.10442571341991425,
            -0.9459424018859863,
            -0.05893925949931145
        ],
        [
            -0.1040785163640976,
            -0.9288541078567505,
            -0.06620799005031586
        ],
        [
            -0.09904494136571884,
            -0.9334454536437988,
            -0.08227884769439697
        ],
        [
            -0.083907350897789,
            -0.9873566627502441,
            -0.05902131274342537
        ],
        [
            -0.09481429308652878,
            -0.9769390225410461,
            -0.03545978292822838
        ],
        [
            -0.09915365278720856,
            -0.9627953767776489,
            -0.0466904491186142
        ],
        [
            -0.09181253612041473,
            -0.9704195261001587,
            -0.06705266982316971
        ],
        [
            -0.09316956996917725,
            -0.9333733916282654,
            -0.0944065973162651
        ],
        [
            -0.0827232301235199,
            -0.932785153388977,
            -0.11042119562625885
        ],
        [
            -0.07684387266635895,
            -0.9486898183822632,
            -0.11638899147510529
        ],
        [
            -0.0884542465209961,
            -0.951560378074646,
            -0.09643074870109558
        ],
        [
            -0.06432269513607025,
            -0.9698625802993774,
            -0.11739694327116013
        ],
        [
            -0.07860566675662994,
            -0.9734838604927063,
            -0.09413008391857147
        ],
        [
            -0.05827917903661728,
            -0.8107743263244629,
            -0.07797609269618988
        ],
        [
            -0.05924592539668083,
            -0.8288215398788452,
            -0.08417892456054688
        ],
        [
            -0.06002039089798927,
            -0.7901924848556519,
            -0.05568993464112282
        ],
        [
            -0.057062778621912,
            -0.7952420711517334,
            -0.07402046769857407
        ],
        [
            -0.04761313647031784,
            -0.9867590069770813,
            -0.11343356221914291
        ],
        [
            -0.0657939538359642,
            -0.9924905300140381,
            -0.08693571388721466
        ],
        [
            -0.044405966997146606,
            -0.9083889126777649,
            -0.14157630503177643
        ],
        [
            -0.05241379886865616,
            -0.9263771772384644,
            -0.1388397514820099
        ],
        [
            -0.06518205255270004,
