{
    "pred_cam": [
        1.477933645248413,
        0.03863098472356796,
        0.3376065492630005
    ],
    "pred_smpl_params": {
        "global_orient": [
            [
                [
                    -0.9301700592041016,
                    0.0922115296125412,
                    -0.3553600013256073
                ],
                [
                    -0.027536500245332718,
                    -0.982740044593811,
                    -0.18293096125125885
                ],
                [
                    -0.3660948574542999,
                    -0.16037152707576752,
                    0.9166545271873474
                ]
            ]
        ],
        "body_pose": [
            [
                [
                    0.9898122549057007,
                    -0.11785710602998734,
                    -0.07988350838422775
                ],
                [
                    0.12022396922111511,
                    0.9924197196960449,
                    0.025480099022388458
                ],
                [
                    0.07627496123313904,
                    -0.0348244272172451,
                    0.9964784383773804
                ]
            ],
            [
                [
                    0.9949162006378174,
                    -0.06195584684610367,
                    -0.07939261943101883
                ],
                [
                    0.06624329835176468,
                    0.9964184165000916,
                    0.05255643278360367
                ],
                [
                    0.07585208863019943,
                    -0.05754847824573517,
                    0.9954569935798645
                ]
            ],
            [
                [
                    0.9967098236083984,
                    0.01595376990735531,
                    0.07946617156267166
                ],
                [
                    -0.010436155833303928,
                    0.9975363612174988,
                    -0.069370798766613
                ],
                [
                    -0.08037712424993515,
                    0.06831324100494385,
                    0.9944207668304443
                ]
            ],
            [
                [
                    0.9700927734375,
                    -0.1545393168926239,
                    -0.18718339502811432
                ],
                [
                    -0.013262659311294556,
                    0.7362470030784607,
                    -0.6765830516815186
                ],
                [
                    0.2423718422651291,
                    0.6588308811187744,
                    0.7121782898902893
                ]
            ],
            [
                [
                    0.9623411297798157,
                    -0.24264183640480042,
                    0.12257418036460876
                ],
                [
                    0.23417823016643524,
                    0.5109541416168213,
                    -0.8270952105522156
                ],
                [
                    0.1380581110715866,
                    0.8246520161628723,
                    0.5485336184501648
                ]
            ],
            [
                [
                    0.9961479902267456,
                    0.03376244753599167,
                    0.08092767745256424
                ],
                [
                    -0.02747749537229538,
                    0.9966093897819519,
                    -0.07755468785762787
                ],
                [
                    -0.08327171206474304,
                    0.07503225654363632,
                    0.9936981201171875
                ]
            ],
            [
                [
                    0.991034984588623,
                    0.005053428933024406,
                    0.13350720703601837
                ],
                [
                    -0.014186188578605652,
                    0.9976154565811157,
                    0.067544125020504
                ],
                [
                    -0.13284751772880554,
                    -0.06883254647254944,
                    0.9887434840202332
                ]
            ],
            [
                [
                    0.989000678062439,
                    0.09439010918140411,
                    -0.1138780266046524
                ],
                [
                    -0.07128241658210754,
                    0.9787636399269104,
                    0.19219914078712463
                ],
                [
                    0.1296013742685318,
                    -0.1819675713777542,
                    0.9747262597084045
                ]
            ],
            [
                [
                    0.9975268840789795,
                    0.009238170459866524,
                    0.06967706978321075
                ],
                [
                    -0.009254037402570248,
                    0.9999571442604065,
                    -9.50293178902939e-05
                ],
                [
                    -0.06967496871948242,
                    -0.0005500001134350896,
                    0.9975696206092834
                ]
            ],
            [
                [
                    0.9968624114990234,
                    -0.06947964429855347,
                    0.03792012855410576
                ],
                [
                    0.06472749263048172,
                    0.9912876486778259,
                    0.1147131398320198
                ],
                [
                    -0.04555998742580414,
                    -0.1118987426161766,
                    0.9926746487617493
                ]
            ],
            [
                [
                    0.995990514755249,
                    -0.0449836365878582,
                    -0.07732641696929932
                ],
                [
                    0.0486387275159359,
                    0.9977541565895081,
                    0.04605277255177498
                ],
                [
                    0.07508113980293274,
                    -0.04962918162345886,
                    0.9959416389465332
                ]
            ],
            [
                [
                    0.9819682836532593,
                    0.060826875269412994,
                    0.17899231612682343
                ],
                [
                    -0.06968212127685547,
                    0.9966158866882324,
                    0.043603114783763885
                ],
                [
                    -0.17573434114456177,
                    -0.05528944730758667,
                    0.9828837513923645
                ]
            ],
            [
                [
                    0.9141442179679871,
                    0.26388800144195557,
                    -0.3077394664287567
                ],
                [
                    -0.2506445050239563,
                    0.9645519852638245,
                    0.0825648382306099
                ],
                [
                    0.3186185359954834,
                    0.0016570341540500522,
                    0.9478816986083984
                ]
            ],
            [
                [
                    0.8869168162345886,
                    -0.3012254536151886,
                    0.3502022624015808
                ],
                [
                    0.3014679551124573,
                    0.9518737196922302,
                    0.055258311331272125
                ],
                [
                    -0.3499935567378998,
                    0.05656523257493973,
                    0.9350426197052002
                ]
            ],
            [
                [
                    0.9967993497848511,
                    0.07345332205295563,
                    0.03155595809221268
                ],
                [
                    -0.059575989842414856,
                    0.9457223415374756,
                    -0.31946825981140137
                ],
                [
                    -0.05330917239189148,
                    0.31656575202941895,
                    0.9470714926719666
                ]
            ],
            [
                [
                    0.43873441219329834,
                    0.6937865018844604,
                    -0.5711149573326111
                ],
                [
                    -0.8448283672332764,
                    0.535036563873291,
                    0.000955828174483031
                ],
                [
                    0.3062305450439453,
                    0.4820747673511505,
                    0.8208694458007812
                ]
            ],
            [
                [
                    0.4552321434020996,
                    -0.7562743425369263,
                    0.46990716457366943
                ],
                [
                    0.8112103343009949,
                    0.5698391199111938,
                    0.1312294453382492
                ],
                [
                    -0.3670169413089752,
                    0.32145369052886963,
                    0.8729066252708435
                ]
            ],
            [
                [
                    -0.004594583995640278,
                    -0.3772359788417816,
                    -0.926105797290802
                ],
                [
                    -0.10280010104179382,
                    0.9213870763778687,
                    -0.37480390071868896
                ],
                [
                    0.9946914911270142,
                    0.09348171204328537,
                    -0.04301328584551811
                ]
            ],
            [
                [
                    0.3163101077079773,
                    0.28678828477859497,
                    0.9042679667472839
                ],
                [
                    -0.17172442376613617,
                    0.9547719955444336,
                    -0.24273696541786194
                ],
                [
                    -0.9329837560653687,
                    -0.07850472629070282,
                    0.35125258564949036
                ]
            ],
            [
                [
                    0.9886205792427063,
                    -0.1321837604045868,
                    -0.07181048393249512
                ],
                [
                    0.13899575173854828,
                    0.9852284789085388,
                    0.10002545267343521
                ],
                [
                    0.057527992874383926,
                    -0.10886857658624649,
                    0.9923901557922363
                ]
            ],
            [
                [
                    0.9903464913368225,
                    0.13057158887386322,
                    0.046528447419404984
                ],
                [
                    -0.13086245954036713,
                    0.9913952350616455,
                    0.003248094115406275
                ],
                [
                    -0.04570396989583969,
                    -0.009305565617978573,
                    0.9989117383956909
                ]
            ],
            [
                [
                    0.9801368713378906,
                    0.1871979683637619,
                    -0.06548796594142914
                ],
                [
                    -0.17947383224964142,
                    0.9777346253395081,
                    0.1087382584810257
                ],
                [
                    0.084385447204113,
                    -0.09482499957084656,
                    0.9919108748435974
                ]
            ],
            [
                [
                    0.9779839515686035,
                    -0.20840460062026978,
                    0.010722730308771133
                ],
                [
                    0.20571628212928772,
                    0.9714491367340088,
                    0.11818376928567886
                ],
                [
                    -0.03504662960767746,
                    -0.11337598413228989,
                    0.9929338693618774
                ]
            ]
        ],
        "betas": [
            -0.3028218746185303,
            -0.2593419849872589,
            0.44068285822868347,
            0.47391992807388306,
            0.1828390508890152,
            -0.028992410749197006,
            0.0007158815860748291,
            -0.12909236550331116,
            0.016107648611068726,
            -0.09391993284225464
        ]
    },
    "pred_cam_t": [
        0.03863098472356796,
        0.3376065492630005,
        26.430482864379883
    ],
    "focal_length": [
        5000.0,
        5000.0
    ],
    "pred_keypoints_3d": [
        [
            -0.09431800246238708,
            -0.8306435346603394,
            0.04139905422925949
        ],
        [
            0.030962813645601273,
            -0.7301183342933655,
            -0.05672040954232216
        ],
        [
            0.1597423553466797,
            -0.6452944874763489,
            0.07444045692682266
        ],
        [
            0.12324914336204529,
            -0.42012450098991394,
            0.17019818723201752
        ],
        [
            -0.09643693268299103,
            -0.4395189583301544,
            0.28247910737991333
        ],
        [
            -0.1286211609840393,
            -0.6363794207572937,
            -0.12487970292568207
        ],
        [
            -0.2010641247034073,
            -0.40182656049728394,
            -0.0623670369386673
        ],
        [
            -0.11325272172689438,
            -0.4633910059928894,
            0.15417292714118958
        ],
        [
            -0.0017763611394912004,
            -0.22726105153560638,
            0.028943613171577454
        ],
        [
            0.05490252003073692,
            -0.13570278882980347,
            0.06483524292707443
        ],
        [
            0.028352607041597366,
            0.22854197025299072,
            0.13762283325195312
        ],
        [
            -0.0026405323296785355,
            0.44824090600013733,
            -0.17914021015167236
        ],
        [
            -0.07320111244916916,
            -0.13813790678977966,
            0.011828798800706863
        ],
        [
            -0.17909257113933563,
            0.20825225114822388,
            0.050716035068035126
        ],
        [
            -0.2046009749174118,
            0.5024057626724243,
            -0.19831615686416626
        ],
        [
            -0.057413406670093536,
            -0.8787782192230225,
            0.04072503000497818
        ],
        [
            -0.10227345675230026,
            -0.867838978767395,
            -0.006476265843957663
        ],
        [
            0.04140561819076538,
            -0.8814812898635864,
            0.004396863281726837
        ],
        [
            -0.05957096815109253,
            -0.8586311936378479,
            -0.0985160768032074
        ],
        [
            -0.26224398612976074,
            0.6335749626159668,
            -0.06348675489425659
        ],
        [
            -0.3126716911792755,
            0.6010587215423584,
            -0.1206912100315094
        ],
        [
            -0.1995231807231903,
            0.500606119632721,
            -0.2656245231628418
        ],
        [
            -0.06866110861301422,
            0.5898780822753906,
            -0.060926973819732666
        ],
        [
            0.011656722985208035,
            0.587815523147583,
            -0.08911550045013428
        ],
        [
            0.013087564148008823,
            0.4490560293197632,
            -0.24728643894195557
        ],
        [
            0.03292442858219147,
            0.4055667519569397,
            -0.15642297267913818
        ],
        [
            0.033353932201862335,
            0.17107455432415009,
            0.14034505188465118
        ],
        [
            0.14329266548156738,
            -0.2519840598106384,
            0.07064486294984818
        ],
        [
            -0.12962475419044495,
            -0.24465520679950714,
            -0.04774228483438492
        ],
        [
            -0.18092447519302368,
            0.167155921459198,
            0.04886222258210182
        ],
        [
            -0.20334413647651672,
            0.4589107036590576,
            -0.200583815574646
        ],
        [
            -0.08379140496253967,
            -0.46705350279808044,
            0.2593933045864105
        ],
        [
            0.12622492015361786,
            -0.4544024169445038,
            0.19657982885837555
        ],
        [
            0.13705624639987946,
            -0.6750079989433289,
            0.04573281109333038
        ],
        [
            -0.10041289031505585,
            -0.6638792753219604,
            -0.12541761994361877
        ],
        [
            -0.22612109780311584,
            -0.4466927647590637,
            -0.05029316246509552
        ],
        [
            -0.11979404091835022,
            -0.4784621596336365,
            0.13658016920089722
        ],
        [
            0.02040012925863266,
            -0.7237683534622192,
            -0.045965924859046936
        ],
        [
            -0.03390831500291824,
            -0.9201457500457764,
            -0.04223822057247162
        ],
        [
            0.006051976233720779,
            -0.24828983843326569,
            0.010873560793697834
        ],
        [
            0.019347254186868668,
            -0.6665765047073364,
            -0.03747997805476189
        ],
        [
            0.0329238697886467,
            -0.4883435070514679,
            -0.037669576704502106
        ],
        [
            -0.04033423587679863,
            -0.8090996146202087,
            -0.013930227607488632
        ],
        [
            -0.028823811560869217,
            -0.9395083785057068,
            -0.04557321220636368
        ]
    ],
    "pred_vertices": [
        [
            -0.11917413771152496,
            -0.9114725589752197,
            -0.01683233678340912
        ],
        [
            -0.11696653813123703,
            -0.898061990737915,
            -0.007244809065014124
        ],
        [
            -0.11738543957471848,
            -0.8932144641876221,
            -0.020891888067126274
        ],
        [
            -0.11676302552223206,
            -0.9034897089004517,
            -0.032431911677122116
        ],
        [
            -0.1170869767665863,
            -0.8844916224479675,
            -0.013349989429116249
        ],
        [
            -0.11513503640890121,
            -0.886889636516571,
            -0.0015486422926187515
        ],
        [
            -0.11357279121875763,
            -0.8868173956871033,
            -0.03232827037572861
        ],
        [
            -0.11105120182037354,
            -0.89417564868927,
            -0.044218532741069794
        ],
        [
            -0.10320667922496796,
            -0.8519560098648071,
            -0.04253320395946503
        ],
        [
            -0.09813141822814941,
            -0.8477466106414795,
            -0.051665980368852615
        ],
        [
            -0.10106135904788971,
            -0.8593170046806335,
            -0.05083368718624115
        ],
        [
            -0.10423947870731354,
            -0.8606628179550171,
            -0.04116702079772949
        ],
        [
            -0.09535904228687286,
            -0.8270778656005859,
            -0.04255998507142067
        ],
        [
            -0.09550987184047699,
            -0.8184652328491211,
            -0.031710729002952576
        ],
        [
            -0.08848655968904495,
            -0.8100578784942627,
            -0.03935369476675987
        ],
        [
            -0.08674035966396332,
            -0.8183161020278931,
            -0.04991482198238373
        ],
        [
            -0.09275930374860764,
            -0.8362219333648682,
            0.0062264748848974705
        ],
        [
            -0.09445245563983917,
            -0.8289210200309753,
            0.0020345591474324465
        ],
        [
            -0.09778515994548798,
            -0.8346997499465942,
            -0.0015988252125680447
        ],
        [
            -0.09520655125379562,
            -0.8413761854171753,
            0.002982005011290312
        ],
        [
            -0.09249609708786011,
            -0.8465147018432617,
            0.016793955117464066
        ],
        [
            -0.0917665958404541,
            -0.8519585132598877,
            0.013533161953091621
        ],
        [
            -0.09297649562358856,
            -0.8561566472053528,
            0.02014048770070076
        ],
        [
            -0.09490213543176651,
            -0.8498042821884155,
            0.023564932867884636
        ],
        [
            -0.08809871971607208,
            -0.8320753574371338,
            0.01033199392259121
        ],
        [
            -0.08956900238990784,
            -0.8246878385543823,
            0.005512530915439129
        ],
        [
            -0.09179109334945679,
            -0.842337429523468,
            0.010303876362740993
        ],
        [
            -0.09081429243087769,
            -0.8380551934242249,
            0.013741394504904747
        ],
        [
            -0.09539526700973511,
            -0.8318876028060913,
            0.0231806468218565
        ],
        [
            -0.09629381448030472,
            -0.8362417221069336,
            0.02076905593276024
        ],
        [
            -0.09910906851291656,
            -0.8373172283172607,
            0.02790481224656105
        ],
        [
            -0.09682123363018036,
            -0.8321996331214905,
            0.02867264300584793
        ],
        [
            -0.090274378657341,
            -0.8313325643539429,
            0.014921935275197029
        ],
        [
            -0.09323427081108093,
            -0.8338625431060791,
            0.01628558151423931
        ],
        [
            -0.09257519245147705,
            -0.8305535912513733,
            0.019875716418027878
        ],
        [
            -0.08883009105920792,
            -0.828956127166748,
            0.018770378082990646
        ],
        [
            -0.09315174072980881,
            -0.8422558903694153,
            0.019376715645194054
        ],
        [
            -0.09681659191846848,
            -0.8440613746643066,
            0.02603159472346306
        ],
        [
            -0.09961172938346863,
            -0.8456367254257202,
            0.03358874469995499
        ],
        [
            -0.10100921988487244,
            -0.8369524478912354,
            0.03582354635000229
        ],
        [
            -0.09432771056890488,
            -0.8144026398658752,
            -0.009285757318139076
        ],
        [
            -0.09540726989507675,
            -0.8215833902359009,
            -0.003288412466645241
        ],
        [
            -0.09094982594251633,
            -0.8179812431335449,
            0.0006751930341124535
        ],
        [
            -0.09093455225229263,
            -0.8120543360710144,
            -0.004273642785847187
        ],
        [
            -0.08639007806777954,
            -0.8260951638221741,
            0.015804167836904526
        ],
        [
            -0.0858444795012474,
            -0.8102773427963257,
            0.014377363957464695
        ],
        [
            -0.08687297254800797,
            -0.8138020038604736,
            0.014021323062479496
        ],
        [
            -0.08598101884126663,
            -0.8153464794158936,
            0.021018942818045616
        ],
        [
            -0.08532952517271042,
            -0.8119474649429321,
            0.02073756232857704
        ],
        [
            -0.08833664655685425,
            -0.8004504442214966,
            -0.0178490299731493
        ],
        [
            -0.08735501021146774,
            -0.8002533912658691,
            -0.010755431838333607
        ],
        [
            -0.08445189893245697,
            -0.7936827540397644,
            -0.01228429190814495
        ],
        [
            -0.08376727998256683,
            -0.7929341793060303,
            -0.019661828875541687
        ],
        [
            -0.08101224154233932,
            -0.7887634038925171,
            -0.01084992941468954
        ],
        [
            -0.07891780883073807,
            -0.7860589623451233,
            -0.0202141422778368
        ],
        [
            -0.07024681568145752,
            -0.7740392088890076,
            -0.012337876483798027
        ],
        [
            -0.0743483379483223,
            -0.7792565822601318,
            -0.01644452102482319
        ],
        [
            -0.07766153663396835,
            -0.7839639186859131,
            -0.007283677347004414
        ],
        [
            -0.0754937008023262,
            -0.7796003818511963,
            -0.0008862195536494255
        ],
        [
            -0.07478303462266922,
            -0.7853211760520935,
            0.013242972083389759
        ],
        [
            -0.07270374149084091,
            -0.7848964929580688,
            0.019177699461579323
        ],
        [
            -0.0715656727552414,
            -0.7725931406021118,
            0.015370425768196583
        ],
        [
            -0.07378903776407242,
            -0.7751913070678711,
            0.007822532206773758
        ],
        [
            -0.08180665224790573,
            -0.8052806854248047,
            0.01178143173456192
        ],
        [
            -0.0822327584028244,
            -0.8049803972244263,
            0.007028197403997183
        ],
        [
            -0.08434607088565826,
            -0.8060883283615112,
            0.008257165551185608
        ],
        [
            -0.08437147736549377,
            -0.8075373768806458,
            0.013367553241550922
        ],
        [
            -0.08292520046234131,
            -0.8044264316558838,
            0.0032444633543491364
        ],
        [
            -0.08332458883523941,
            -0.8039921522140503,
            0.0015721041709184647
        ],
        [
            -0.08436767011880875,
            -0.8050955533981323,
            0.002410158747807145
        ],
        [
            -0.083403579890728,
            -0.8050326108932495,
            0.00361455581150949
        ],
        [
            -0.08262785524129868,
            -0.8049619197845459,
            0.005493961740285158
        ],
        [
            -0.08202095329761505,
            -0.803202748298645,
            0.006619042716920376
        ],
        [
            -0.08268619328737259,
            -0.8037388324737549,
            0.0042750416323542595
        ],
        [
            -0.08176358789205551,
            -0.8027119636535645,
            0.011145193129777908
        ],
        [
            -0.07859186828136444,
            -0.8017632961273193,
            0.025855625048279762
        ],
        [
            -0.08059047907590866,
            -0.8018677234649658,
            0.0218367800116539
        ],
        [
            -0.07978584617376328,
            -0.8064168691635132,
            0.02198067307472229
        ],
        [
            -0.0781388133764267,
            -0.8065841197967529,
            0.025502335280179977
        ],
        [
            -0.08463221043348312,
            -0.806748628616333,
            0.004999516997486353
        ],
        [
            -0.08656027913093567,
            -0.8080776929855347,
            0.0023430087603628635
        ],
        [
            -0.08734297007322311,
            -0.8108633756637573,
            0.007152339909225702
        ],
        [
            -0.0856504812836647,
            -0.808529257774353,
            0.007862463593482971
        ],
        [
            -0.08855877071619034,
            -0.8093575239181519,
            6.640888750553131e-05
        ],
        [
            -0.08552674949169159,
            -0.8059656620025635,
            0.0002381415106356144
        ],
        [
            -0.08685145527124405,
            -0.8060643672943115,
            -0.002222733572125435
        ],
        [
            -0.08268317580223083,
            -0.8023831844329834,
            0.0021110018715262413
        ],
        [
            -0.08287966251373291,
            -0.8005046844482422,
            -0.0007181009277701378
        ],
        [
            -0.08446631580591202,
            -0.8028464317321777,
            -0.0006949184462428093
        ],
        [
            -0.08143498748540878,
            -0.7976157665252686,
            0.0012976615689694881
        ],
        [
            -0.08165031671524048,
            -0.8008268475532532,
            0.00473826052621007
        ],
        [
            -0.08121465891599655,
            -0.7993384599685669,
            0.009300465695559978
        ],
        [
            -0.08057615906000137,
            -0.7981446981430054,
            0.015097858384251595
        ],
        [
            -0.07882297039031982,
            -0.7934191226959229,
            0.011684766039252281
        ],
        [
            -0.08024544268846512,
            -0.7950974702835083,
            0.005770889110863209
        ],
        [
            -0.08846400678157806,
            -0.8141911029815674,
            0.00512920506298542
        ],
        [
            -0.08557238429784775,
            -0.8017095327377319,
            -0.005057914182543755
        ],
        [
            -0.08928700536489487,
            -0.8071317672729492,
            -0.00806350726634264
        ],
        [
            -0.08371640741825104,
            -0.7972010374069214,
            -0.005342110060155392
        ],
        [
            -0.08135122060775757,
            -0.7932305335998535,
            -0.0036602243781089783
        ],
        [
            -0.07904670387506485,
            -0.7899535894393921,
            0.0004449603147804737
        ],
        [
            -0.07699340581893921,
            -0.7872524261474609,
            0.006824037060141563
        ],
        [
            -0.06296224147081375,
            -0.7648598551750183,
            0.006864813156425953
        ],
        [
            -0.0669858306646347,
            -0.768674910068512,
            -0.0019515734165906906
        ],
        [
            -0.11041469126939774,
            -0.8802729249000549,
            -0.0016533369198441505
        ],
        [
            -0.11390441656112671,
            -0.8780596256256104,
            -0.009551913477480412
        ],
        [
            -0.10892453044652939,
            -0.871085524559021,
            -0.012935121543705463
        ],
        [
            -0.11101552098989487,
            -0.8731704950332642,
            -0.014877558685839176
        ],
        [
            -0.10983240604400635,
            -0.8748475313186646,
            -0.00839995313435793
        ],
        [
            -0.10836465656757355,
            -0.8723902702331543,
            -0.008444977924227715
        ],
        [
            -0.10480571538209915,
            -0.8630909323692322,
            -0.03284391760826111
        ],
        [
            -0.10536216199398041,
            -0.8652117252349854,
            -0.02625572308897972
        ],
        [
            -0.10367977619171143,
            -0.861778974533081,
            -0.027266938239336014
        ],
        [
            -0.10421045869588852,
            -0.8565899133682251,
            -0.03418457508087158
        ],
        [
            -0.10245005041360855,
            -0.8549469709396362,
            -0.016725990921258926
        ],
        [
            -0.10315670818090439,
            -0.8558257818222046,
            -0.02209591493010521
        ],
        [
            -0.10390989482402802,
            -0.8626070022583008,
            -0.017940592020750046
        ],
        [
            -0.10351914167404175,
            -0.8619930148124695,
            -0.014029981568455696
        ],
        [
            -0.10249296575784683,
            -0.861950159072876,
            -0.009914419613778591
        ],
        [
            -0.10071393847465515,
            -0.8626238107681274,
            -0.005943712312728167
        ],
        [
            -0.0991865023970604,
            -0.8573852777481079,
            -0.006227940320968628
        ],
        [
            -0.10101766884326935,
            -0.8557602167129517,
            -0.011142817325890064
        ],
        [
            -0.10667064040899277,
            -0.8769062757492065,
            -0.003063683398067951
        ],
        [
            -0.10180054605007172,
            -0.8775510787963867,
            0.002193209482356906
        ],
        [
            -0.10132482647895813,
            -0.874427318572998,
            0.0009168174583464861
        ],
        [
            -0.10578854382038116,
            -0.8738964200019836,
            -0.003303718287497759
        ],
        [
            -0.08989717066287994,
            -0.8706173896789551,
            0.005464630201458931
        ],
        [
            -0.09203186631202698,
            -0.8726139068603516,
            0.005137857049703598
        ],
        [
            -0.0909268707036972,
            -0.8744891285896301,
            0.008416413329541683
        ],
        [
            -0.08871576189994812,
            -0.8704227209091187,
            0.00872170552611351
        ],
        [
            -0.08948924392461777,
            -0.8670997619628906,
            0.007380411494523287
        ],
        [
            -0.09065426141023636,
            -0.868738055229187,
            0.005001972429454327
        ],
        [
            -0.11686307191848755,
            -0.9338181018829346,
            -0.01310527790337801
        ],
        [
            -0.11672871559858322,
            -0.9173712730407715,
            -0.0020914189517498016
        ],
        [
            -0.11662502586841583,
            -0.9255939722061157,
            -0.0319824181497097
        ],
        [
            -0.11211808025836945,
            -0.9147461652755737,
            -0.04617425799369812
        ],
        [
            -0.10759573429822922,
            -0.9013498425483704,
            -0.057213522493839264
        ],
        [
            -0.0888390764594078,
            -0.8039284944534302,
            -0.027920903638005257
        ],
        [
            -0.08329982310533524,
            -0.7958358526229858,
            -0.032414041459560394
        ],
        [
            -0.08090263605117798,
            -0.8024789094924927,
            -0.04645298421382904
        ],
        [
            -0.0739988386631012,
            -0.7935656905174255,
            -0.04737849161028862
        ],
        [
            -0.0769234150648117,
            -0.786849856376648,
            -0.03277408331632614
        ],
        [
            -0.0629173293709755,
            -0.7713766098022461,
            -0.023306647315621376
        ],
        [
            -0.07020930200815201,
            -0.778207004070282,
            -0.029603123664855957
        ],
        [
            -0.06552919745445251,
            -0.785077691078186,
            -0.04673774540424347
        ],
        [
            -0.062068305909633636,
            -0.7969481945037842,
            -0.06362880766391754
        ],
        [
            -0.07040728628635406,
            -0.8027094602584839,
            -0.06055404245853424
        ],
        [
            -0.058115921914577484,
            -0.8125033378601074,
            -0.07605372369289398
        ],
        [
            -0.04991563409566879,
            -0.7911608219146729,
            -0.06670098751783371
        ],
        [
            -0.049880728125572205,
            -0.812912106513977,
            -0.0794096291065216
        ],
        [
            -0.038412854075431824,
            -0.7601492404937744,
            -0.04708031937479973
        ],
        [
            -0.0363064780831337,
            -0.7499324083328247,
            -0.04852338880300522
        ],
        [
            -0.03577861562371254,
            -0.7556291818618774,
            -0.06647338718175888
        ],
        [
            -0.03801102563738823,
            -0.7660594582557678,
            -0.06525388360023499
        ],
        [
            -0.07858932018280029,
            -0.8098090291023254,
            -0.05679817497730255
        ],
        [
            -0.09905515611171722,
            -0.8706388473510742,
            -0.05848867818713188
        ],
        [
            -0.10444127023220062,
            -0.8695661425590515,
            -0.04756832867860794
        ],
        [
            -0.09434294700622559,
            -0.8578943014144897,
            -0.061123911291360855
        ],
        [
            -0.10028550773859024,
            -0.9302809238433838,
            -0.07752293348312378
        ],
        [
            -0.10904791951179504,
            -0.9244891405105591,
            -0.06137664616107941
        ],
        [
            -0.10439236462116241,
            -0.9090094566345215,
            -0.07004332542419434
        ],
        [
            -0.09718438237905502,
            -0.9164179563522339,
            -0.08401630818843842
        ],
        [
            -0.0964130088686943,
            -0.9681904911994934,
            -0.05261220782995224
        ],
        [
            -0.10997780412435532,
            -0.9530961513519287,
            -0.03326931223273277
        ],
        [
            -0.10953548550605774,
            -0.9403621554374695,
            -0.04675687476992607
        ],
        [
            -0.09951173514127731,
            -0.9515607357025146,
            -0.06393151730298996
        ],
        [
            -0.08911711722612381,
            -0.9186592102050781,
            -0.09462922066450119
        ],
        [
            -0.07592949271202087,
            -0.9218909740447998,
            -0.10783624649047852
        ],
        [
            -0.07168537378311157,
            -0.9390010833740234,
            -0.11070999503135681
        ],
        [
            -0.08747497946023941,
            -0.937629222869873,
            -0.09380052983760834
        ],
        [
            -0.06296858191490173,
            -0.9616960287094116,
            -0.10689939558506012
        ],
        [
            -0.08194881677627563,
            -0.9599388241767883,
            -0.08702907711267471
        ],
        [
            -0.038784466683864594,
            -0.8009514212608337,
            -0.08288045227527618
        ],
        [
            -0.04092136025428772,
            -0.8194286823272705,
            -0.0877392590045929
        ],
        [
            -0.04262261837720871,
            -0.7780179381370544,
            -0.06310001015663147
        ],
        [
            -0.03665176033973694,
            -0.7856230735778809,
            -0.07965479791164398
        ],
        [
            -0.0505366176366806,
            -0.9800013303756714,
            -0.09759632498025894
        ],
        [
            -0.07418230175971985,
            -0.9794299602508545,
            -0.07530125230550766
        ],
        [
            -0.02871599793434143,
            -0.9076665043830872,
            -0.1323426216840744
        ],
        [
            -0.03990720212459564,
            -0.9237971305847168,
            -0.12932232022285461
        ],
        [
