{
    "pred_cam": [
        1.1146892309188843,
        -0.08252688497304916,
        0.14944347739219666
    ],
    "pred_smpl_params": {
        "global_orient": [
            [
                [
                    0.990863025188446,
                    0.02683335170149803,
                    -0.13217565417289734
                ],
                [
                    0.032533276826143265,
                    -0.9986229538917542,
                    0.04115442931652069
                ],
                [
                    -0.13088934123516083,
                    -0.04507851228117943,
                    -0.9903715252876282
                ]
            ]
        ],
        "body_pose": [
            [
                [
                    0.9967333674430847,
                    -0.0773051306605339,
                    0.023378336802124977
                ],
                [
                    0.07303109019994736,
                    0.9863191843032837,
                    0.14778673648834229
                ],
                [
                    -0.0344831757247448,
                    -0.14559662342071533,
                    0.9887429475784302
                ]
            ],
            [
                [
                    0.9977614879608154,
                    0.013892973773181438,
                    0.0654134526848793
                ],
                [
                    -0.02935112826526165,
                    0.9699064493179321,
                    0.24170194566249847
                ],
                [
                    -0.06008698418736458,
                    -0.24308088421821594,
                    0.968143105506897
                ]
            ],
            [
                [
                    0.9984586834907532,
                    -0.036559078842401505,
                    -0.04175708442926407
                ],
                [
                    0.028766142204403877,
                    0.9843308925628662,
                    -0.1739688515663147
                ],
                [
                    0.047462932765483856,
                    0.17249953746795654,
                    0.9838653802871704
                ]
            ],
            [
                [
                    0.9884687066078186,
                    -0.00579293305054307,
                    -0.15131480991840363
                ],
                [
                    -0.06777018308639526,
                    0.8766816854476929,
                    -0.4762735068798065
                ],
                [
                    0.13541392982006073,
                    0.4810360074043274,
                    0.8661798238754272
                ]
            ],
            [
                [
                    0.9884030818939209,
                    -0.00031074020080268383,
                    0.15185238420963287
                ],
                [
                    0.10451795160770416,
                    0.7268309593200684,
                    -0.678817093372345
                ],
                [
                    -0.11016009002923965,
                    0.6868162751197815,
                    0.7184344530105591
                ]
            ],
            [
                [
                    0.9981895089149475,
                    -0.05950105935335159,
                    -0.008804865181446075
                ],
                [
                    0.05966491997241974,
                    0.9980241656303406,
                    0.01969296857714653
                ],
                [
                    0.00761571666225791,
                    -0.0201826523989439,
                    0.9997673630714417
                ]
            ],
            [
                [
                    0.9721596240997314,
                    0.11904843896627426,
                    0.20182450115680695
                ],
                [
                    -0.12250730395317078,
                    0.9924564957618713,
                    0.0046885511837899685
                ],
                [
                    -0.19974389672279358,
                    -0.02928300015628338,
                    0.9794104099273682
                ]
            ],
            [
                [
                    0.9772744178771973,
                    -0.07130590826272964,
                    -0.19962488114833832
                ],
                [
                    0.08018037676811218,
                    0.996103823184967,
                    0.036719609051942825
                ],
                [
                    0.1962287724018097,
                    -0.05189113691449165,
                    0.979184091091156
                ]
            ],
            [
                [
                    0.9992020130157471,
                    -0.029499199241399765,
                    -0.02692963369190693
                ],
                [
                    0.02667824923992157,
                    0.9946604371070862,
                    -0.0996941477060318
                ],
                [
                    0.02972673624753952,
                    0.09889614582061768,
                    0.9946537017822266
                ]
            ],
            [
                [
                    0.9724951982498169,
                    -0.23271435499191284,
                    -0.00986049696803093
                ],
                [
                    0.23050113022327423,
                    0.9554307460784912,
                    0.18444879353046417
                ],
                [
                    -0.033502861857414246,
                    -0.1816484034061432,
                    0.9827927350997925
                ]
            ],
            [
                [
                    0.9820412993431091,
                    0.16717974841594696,
                    0.08744026720523834
                ],
                [
                    -0.17968909442424774,
                    0.9700568914413452,
                    0.16340549290180206
                ],
                [
                    -0.05750394985079765,
                    -0.17618301510810852,
                    0.9826763272285461
                ]
            ],
            [
                [
                    0.995464026927948,
                    -0.06445469707250595,
                    -0.06997725367546082
                ],
                [
                    0.0686609297990799,
                    0.9958662390708923,
                    0.05946550890803337
                ],
                [
                    0.06585515290498734,
                    -0.06400048732757568,
                    0.995774507522583
                ]
            ],
            [
                [
                    0.9385960102081299,
                    0.3325344920158386,
                    0.09196867048740387
                ],
                [
                    -0.32765719294548035,
                    0.9426074624061584,
                    -0.06428010016679764
                ],
                [
                    -0.10806570947170258,
                    0.030198855325579643,
                    0.9936849474906921
                ]
            ],
            [
                [
                    0.9600525498390198,
                    -0.2796163260936737,
                    -0.010664733126759529
                ],
                [
                    0.2790677845478058,
                    0.9595693349838257,
                    -0.036711640655994415
                ],
                [
                    0.02049872651696205,
                    0.03226892277598381,
                    0.9992688894271851
                ]
            ],
            [
                [
                    0.9970734715461731,
                    -0.0072471341118216515,
                    -0.07610452175140381
                ],
                [
                    -0.006220479030162096,
                    0.9845048189163208,
                    -0.17524738609790802
                ],
                [
                    0.07619529962539673,
                    0.1752079427242279,
                    0.981578528881073
                ]
            ],
            [
                [
                    0.5661272406578064,
                    0.8096550107002258,
                    -0.1547856628894806
                ],
                [
                    -0.8241465091705322,
                    0.5597708225250244,
                    -0.08625113219022751
                ],
                [
                    0.01681082881987095,
                    0.17639516294002533,
                    0.9841758608818054
                ]
            ],
            [
                [
                    0.635962724685669,
                    -0.7117000818252563,
                    0.2983863949775696
                ],
                [
                    0.7673649191856384,
                    0.6242102384567261,
                    -0.14667218923568726
                ],
                [
                    -0.0818692147731781,
                    0.32224926352500916,
                    0.9431081414222717
                ]
            ],
            [
                [
                    0.6747205257415771,
                    -0.22246968746185303,
                    -0.7037467360496521
                ],
                [
                    0.1002851203083992,
                    0.9722822904586792,
                    -0.21121081709861755
                ],
                [
                    0.7312285304069519,
                    0.07193294912576675,
                    0.6783292293548584
                ]
            ],
            [
                [
                    0.5150066614151001,
                    0.22667361795902252,
                    0.8266723155975342
                ],
                [
                    0.06576497107744217,
                    0.9511111974716187,
                    -0.301765501499176
                ],
                [
                    -0.8546596169471741,
                    0.20977731049060822,
                    0.47492140531539917
                ]
            ],
            [
                [
                    0.9953754544258118,
                    -0.09571541100740433,
                    -0.00814436748623848
                ],
                [
                    0.09580658376216888,
                    0.9953317046165466,
                    0.011655367910861969
                ],
                [
                    0.006990749388933182,
                    -0.012381750158965588,
                    0.9998989105224609
                ]
            ],
            [
                [
                    0.9963196516036987,
                    0.08031649142503738,
                    0.029942795634269714
                ],
                [
                    -0.08039233833551407,
                    0.9967623949050903,
                    0.0013353205285966396
                ],
                [
                    -0.02973860502243042,
                    -0.003737576538696885,
                    0.9995508193969727
                ]
            ],
            [
                [
                    0.9728693962097168,
                    0.21839845180511475,
                    -0.07633661478757858
                ],
                [
                    -0.20308110117912292,
                    0.9642128348350525,
                    0.1704452633857727
                ],
                [
                    0.11082972586154938,
                    -0.150318443775177,
                    0.9824057817459106
                ]
            ],
            [
                [
                    0.9762402176856995,
                    -0.2035302072763443,
                    0.07436640560626984
                ],
                [
                    0.19017887115478516,
                    0.9692526459693909,
                    0.1561448872089386
                ],
                [
                    -0.1038600504398346,
                    -0.13829202950000763,
                    0.9849305748939514
                ]
            ]
        ],
        "betas": [
            -0.07316562533378601,
            -0.05385670065879822,
            0.1778918206691742,
            0.18462422490119934,
            0.012857764959335327,
            0.015004102140665054,
            0.019297242164611816,
            -0.06775486469268799,
            0.03060843050479889,
            -0.03034725785255432
        ]
    },
    "pred_cam_t": [
        -0.08252688497304916,
        0.14944347739219666,
        35.043399810791016
    ],
    "focal_length": [
        5000.0,
        5000.0
    ],
    "pred_keypoints_3d": [
        [
            -0.09842462837696075,
            -0.7979960441589355,
            -0.199304461479187
        ],
        [
            -0.027651958167552948,
            -0.7320383787155151,
            -0.031118236482143402
        ],
        [
            -0.18885695934295654,
            -0.6343120336532593,
            0.04018902778625488
        ],
        [
            -0.24758106470108032,
            -0.40857839584350586,
            0.1374581903219223
        ],
        [
            -0.24824894964694977,
            -0.21168969571590424,
            -0.021805286407470703
        ],
        [
            0.15729933977127075,
            -0.658396303653717,
            -0.038896799087524414
        ],
        [
            0.255362331867218,
            -0.43902117013931274,
            0.057823486626148224
        ],
        [
            0.3016158938407898,
            -0.23307685554027557,
            -0.07106392830610275
        ],
        [
            -0.0018653521547093987,
            -0.22531406581401825,
            0.028342733159661293
        ],
        [
            -0.07082071900367737,
            -0.1371932029724121,
            0.045515649020671844
        ],
        [
            -0.13507822155952454,
            0.233382910490036,
            -0.017309337854385376
        ],
        [
            -0.12715889513492584,
            0.5451133847236633,
            0.2285134196281433
        ],
        [
            0.06548107415437698,
            -0.13191626965999603,
            0.03010394610464573
        ],
        [
            0.11093023419380188,
            0.23648019134998322,
            -0.00966322235763073
        ],
        [
            0.14016346633434296,
            0.582598090171814,
            0.1818883717060089
        ],
        [
            -0.12509547173976898,
            -0.841773509979248,
            -0.16503675282001495
        ],
        [
            -0.06491430103778839,
            -0.8486548066139221,
            -0.19213344156742096
        ],
        [
            -0.12564143538475037,
            -0.8492910861968994,
            -0.061602529138326645
        ],
        [
            0.008222239091992378,
            -0.8644448518753052,
            -0.12153331935405731
        ],
        [
            0.12922996282577515,
            0.7046211957931519,
            0.023330911993980408
        ],
        [
            0.19836482405662537,
            0.6899522542953491,
            0.06812968850135803
        ],
        [
            0.15179112553596497,
            0.5946999192237854,
            0.25114595890045166
        ],
        [
            -0.1317429542541504,
            0.6799842715263367,
            0.08580538630485535
        ],
        [
            -0.20380252599716187,
            0.6627535820007324,
            0.13282451033592224
        ],
        [
            -0.12636995315551758,
            0.5561326146125793,
            0.30146700143814087
        ],
        [
            -0.1477569341659546,
            0.48983800411224365,
            0.22675369679927826
        ],
        [
            -0.12817923724651337,
            0.1735573410987854,
            -0.01812957227230072
        ],
        [
            -0.1461430788040161,
            -0.2629508674144745,
            0.058589059859514236
        ],
        [
            0.14657258987426758,
            -0.2387731373310089,
            0.03236562758684158
        ],
        [
            0.11970430612564087,
            0.19546352326869965,
            -0.012296540662646294
        ],
        [
            0.14882244169712067,
            0.5421104431152344,
            0.19226787984371185
        ],
        [
            -0.23441959917545319,
            -0.24544768035411835,
            -0.03216007351875305
        ],
        [
            -0.27453452348709106,
            -0.42649662494659424,
            0.10941378772258759
        ],
        [
            -0.16085511445999146,
            -0.6655781269073486,
            0.026996444910764694
        ],
        [
            0.12529981136322021,
            -0.6879599094390869,
            -0.03563452884554863
        ],
        [
            0.27684175968170166,
            -0.4635888934135437,
            0.016768543049693108
        ],
        [
            0.2998389005661011,
            -0.2541274130344391,
            -0.07941263169050217
        ],
        [
            -0.02406509965658188,
            -0.7275066375732422,
            -0.03224966302514076
        ],
        [
            -0.07181128114461899,
            -0.9040367007255554,
            -0.1172565296292305
        ],
        [
            0.000955597497522831,
            -0.25100237131118774,
            0.045126963406801224
        ],
        [
            -0.018528534099459648,
            -0.673888623714447,
            -0.00811634212732315
        ],
        [
            0.002556939609348774,
            -0.4972302317619324,
            0.03318921476602554
        ],
        [
            -0.05973439663648605,
            -0.791596531867981,
            -0.12883128225803375
        ],
        [
            -0.07665944844484329,
            -0.9242175817489624,
            -0.11133469641208649
        ]
    ],
    "pred_vertices": [
        [
            -0.06330875307321548,
            -0.8947343826293945,
            -0.20634114742279053
        ],
        [
            -0.06815694272518158,
            -0.8786718845367432,
            -0.20716911554336548
        ],
        [
            -0.05439399927854538,
            -0.8786400556564331,
            -0.20306125283241272
        ],
        [
            -0.04790358990430832,
            -0.8917956352233887,
            -0.19873476028442383
        ],
        [
            -0.05826694518327713,
            -0.8680707216262817,
            -0.2046232372522354
        ],
        [
            -0.07009874284267426,
            -0.8667796850204468,
            -0.20698067545890808
        ],
        [
            -0.04319170117378235,
            -0.8759807348251343,
            -0.19505801796913147
        ],
        [
            -0.03622911870479584,
            -0.8857201337814331,
            -0.18890336155891418
        ],
        [
            -0.0273597314953804,
            -0.8449618816375732,
            -0.17985647916793823
        ],
        [
            -0.019565539434552193,
            -0.8432010412216187,
            -0.17200946807861328
        ],
        [
            -0.022369205951690674,
            -0.854580283164978,
            -0.17577093839645386
        ],
        [
            -0.0303852166980505,
            -0.8532280921936035,
            -0.1819918155670166
        ],
        [
            -0.02178320102393627,
            -0.8206362724304199,
            -0.17118772864341736
        ],
        [
            -0.028650552034378052,
            -0.8091009855270386,
            -0.1744650900363922
        ],
        [
            -0.021315068006515503,
            -0.8029850721359253,
            -0.1647482067346573
        ],
        [
            -0.015210015699267387,
            -0.8140568733215332,
            -0.16021671891212463
        ],
        [
            -0.06945754587650299,
            -0.8136043548583984,
            -0.18594761192798615
        ],
        [
            -0.06276830285787582,
            -0.8080399632453918,
            -0.1858420968055725
        ],
        [
            -0.060237184166908264,
            -0.8151071071624756,
            -0.18790645897388458
        ],
        [
            -0.06734804809093475,
            -0.8198595643043518,
            -0.18720979988574982
        ],
        [
            -0.08198240399360657,
            -0.8206405639648438,
            -0.18962687253952026
        ],
        [
            -0.08090420067310333,
            -0.8268460631370544,
            -0.1880335956811905
        ],
        [
            -0.08780594170093536,
            -0.8288547396659851,
            -0.19148921966552734
        ],
        [
            -0.08832396566867828,
            -0.8218151330947876,
            -0.1942538172006607
        ],
        [
            -0.07346980273723602,
            -0.8080151081085205,
            -0.18271365761756897
        ],
        [
            -0.0661950558423996,
            -0.8023723363876343,
            -0.18244792520999908
        ],
        [
            -0.07547280192375183,
            -0.818233847618103,
            -0.18651407957077026
        ],
        [
            -0.07710280269384384,
            -0.8132559061050415,
            -0.18696090579032898
        ],
        [
            -0.08228084444999695,
            -0.8046898245811462,
            -0.1940196454524994
        ],
        [
            -0.0812334269285202,
            -0.8097192049026489,
            -0.19415487349033356
        ],
        [
            -0.08700582385063171,
            -0.8088033199310303,
            -0.19925200939178467
        ],
        [
            -0.08687839657068253,
            -0.8035323619842529,
            -0.1971849948167801
        ],
        [
            -0.07640630751848221,
            -0.8064786195755005,
            -0.1864858865737915
        ],
        [
            -0.07743540406227112,
            -0.80867600440979,
            -0.18982166051864624
        ],
        [
            -0.07977241277694702,
            -0.804301381111145,
            -0.1902981400489807
        ],
        [
            -0.07954264432191849,
            -0.8028454780578613,
            -0.1863711029291153
        ],
        [
            -0.08272751420736313,
            -0.8157730102539062,
            -0.19116781651973724
        ],
        [
            -0.08816632628440857,
            -0.815671443939209,
            -0.19674023985862732
        ],
        [
            -0.0944785326719284,
            -0.8150163888931274,
            -0.2019384503364563
        ],
        [
            -0.09317778795957565,
            -0.8063051104545593,
            -0.2038467824459076
        ],
        [
            -0.047735296189785004,
            -0.7977458238601685,
            -0.18111610412597656
        ],
        [
            -0.05526455119252205,
            -0.8027782440185547,
            -0.1846553087234497
        ],
        [
            -0.0589970201253891,
            -0.7975382804870605,
            -0.1818530559539795
        ],
        [
            -0.05252692103385925,
            -0.7934281229972839,
            -0.17985202372074127
        ],
        [
            -0.07660098373889923,
            -0.8007956743240356,
            -0.18310406804084778
        ],
        [
            -0.0699683427810669,
            -0.7858649492263794,
            -0.18135952949523926
        ],
        [
            -0.07056508958339691,
            -0.7895013093948364,
            -0.1824926733970642
        ],
        [
            -0.07765360176563263,
            -0.7887271642684937,
            -0.18402138352394104
        ],
        [
            -0.07644490897655487,
            -0.7854207754135132,
            -0.18307924270629883
        ],
        [
            -0.037330154329538345,
            -0.7866554856300354,
            -0.1717732548713684
        ],
        [
            -0.043873343616724014,
            -0.7839293479919434,
            -0.17361202836036682
        ],
        [
            -0.041211534291505814,
            -0.7779940366744995,
            -0.16985957324504852
        ],
        [
            -0.0345381423830986,
            -0.7797683477401733,
            -0.1663307100534439
        ],
        [
            -0.04176372289657593,
            -0.7725116610527039,
            -0.1668330579996109
        ],
        [
            -0.032978519797325134,
            -0.7729541659355164,
            -0.16121657192707062
        ],
        [
            -0.038525521755218506,
            -0.7585180997848511,
            -0.1550617516040802
        ],
        [
            -0.035327158868312836,
            -0.7650367021560669,
            -0.1577657163143158
        ],
        [
            -0.044361989945173264,
            -0.7666656970977783,
            -0.16465532779693604
        ],
        [
            -0.0493030920624733,
            -0.7604256868362427,
            -0.16454385221004486
        ],
        [
            -0.06424229592084885,
            -0.7614145278930664,
            -0.16891765594482422
        ],
        [
            -0.07024937123060226,
            -0.7588908076286316,
            -0.1689983606338501
        ],
        [
            -0.06282154470682144,
            -0.7483267784118652,
            -0.1662210375070572
        ],
        [
            -0.05627908557653427,
            -0.7534348964691162,
            -0.16563120484352112
        ],
        [
            -0.06768730282783508,
            -0.7813096046447754,
            -0.17591363191604614
        ],
        [
            -0.06316886842250824,
            -0.782538652420044,
            -0.17471516132354736
        ],
        [
            -0.06395576894283295,
            -0.7833817005157471,
            -0.1772470772266388
        ],
        [
            -0.06900759041309357,
            -0.7831258177757263,
            -0.1790650486946106
        ],
        [
            -0.059202954173088074,
            -0.7831772565841675,
            -0.17419958114624023
        ],
        [
            -0.05741541460156441,
            -0.7833160161972046,
            -0.17405730485916138
        ],
        [
            -0.058259133249521255,
            -0.7841905355453491,
            -0.17540420591831207
        ],
        [
            -0.059693947434425354,
            -0.7837429046630859,
            -0.1748722791671753
        ],
        [
            -0.061610326170921326,
            -0.7830423712730408,
            -0.1746535748243332
        ],
        [
            -0.0622917003929615,
            -0.7810077667236328,
            -0.1742272973060608
        ],
        [
            -0.06000529229640961,
            -0.7822179794311523,
            -0.17413902282714844
        ],
        [
            -0.06628625094890594,
            -0.7790979743003845,
            -0.17539601027965546
        ],
        [
            -0.07980802655220032,
            -0.7735075950622559,
            -0.17771852016448975
        ],
        [
            -0.07596585154533386,
            -0.7747446298599243,
            -0.17785069346427917
        ],
        [
            -0.07790353894233704,
            -0.779055118560791,
            -0.17742802202701569
        ],
        [
            -0.08122924715280533,
            -0.7783161401748657,
            -0.17740842700004578
        ],
        [
            -0.06077701598405838,
            -0.7853425145149231,
            -0.17690865695476532
        ],
        [
            -0.058595284819602966,
            -0.7871873378753662,
            -0.1776992678642273
        ],
        [
            -0.06368598341941833,
            -0.7885015606880188,
            -0.18013451993465424
        ],
        [
            -0.06402622163295746,
            -0.7858927249908447,
            -0.1785590648651123
        ],
        [
            -0.056381963193416595,
            -0.7893434762954712,
            -0.178960382938385
        ],
        [
            -0.05619962885975838,
            -0.7857377529144287,
            -0.17592844367027283
        ],
        [
            -0.05322651565074921,
            -0.7869037985801697,
            -0.17672094702720642
        ],
        [
            -0.05756025388836861,
            -0.7815872430801392,
            -0.17343129217624664
        ],
        [
            -0.054258525371551514,
            -0.7806425094604492,
            -0.17272219061851501
        ],
        [
            -0.054583098739385605,
            -0.7829655408859253,
            -0.1744401752948761
        ],
        [
            -0.05561022832989693,
            -0.7772296667098999,
            -0.17165523767471313
        ],
        [
            -0.05981319770216942,
            -0.7792417407035828,
            -0.17311640083789825
        ],
        [
            -0.06356389820575714,
            -0.7763898372650146,
            -0.1740359216928482
        ],
        [
            -0.06858201324939728,
            -0.7733898162841797,
            -0.17533500492572784
        ],
        [
            -0.06437651813030243,
            -0.7698301076889038,
            -0.17237745225429535
        ],
        [
            -0.05921908840537071,
            -0.7734307050704956,
            -0.17174315452575684
        ],
        [
            -0.06227394938468933,
            -0.7926303148269653,
            -0.18108078837394714
        ],
        [
            -0.04994767904281616,
            -0.7832726836204529,
            -0.17409926652908325
        ],
        [
            -0.04797534644603729,
            -0.7897017002105713,
            -0.17681947350502014
        ],
        [
            -0.04873966425657272,
            -0.7789573669433594,
            -0.17194709181785583
        ],
        [
            -0.04966029152274132,
            -0.7745863199234009,
            -0.16987794637680054
        ],
        [
            -0.05293072760105133,
            -0.7699695229530334,
            -0.16879071295261383
        ],
        [
            -0.05837385728955269,
            -0.7654114961624146,
            -0.16887833178043365
        ],
        [
            -0.05505219101905823,
            -0.7433059215545654,
            -0.15480151772499084
        ],
        [
            -0.04714584723114967,
            -0.7500089406967163,
            -0.15538600087165833
        ],
        [
            -0.06982645392417908,
            -0.8601270318031311,
            -0.2018534243106842
        ],
        [
            -0.060685571283102036,
            -0.8607872128486633,
            -0.20244604349136353
        ],
        [
            -0.05724721774458885,
            -0.8547301888465881,
            -0.19633238017559052
        ],
        [
            -0.05606433004140854,
            -0.857157289981842,
            -0.1973642259836197
        ],
        [
            -0.06218307465314865,
            -0.857109546661377,
            -0.1988467574119568
        ],
        [
            -0.06191648915410042,
            -0.854533314704895,
            -0.19727873802185059
        ],
        [
            -0.03842208534479141,
            -0.8529770970344543,
            -0.1856067180633545
        ],
        [
            -0.04471711814403534,
            -0.853011965751648,
            -0.1885000616312027
        ],
        [
            -0.04319014400243759,
            -0.8498193025588989,
            -0.18642458319664001
        ],
        [
            -0.0354025736451149,
            -0.8470215797424316,
            -0.18417727947235107
        ],
        [
            -0.05101267993450165,
            -0.8399494886398315,
            -0.1883021593093872
        ],
        [
            -0.04623064398765564,
            -0.842469334602356,
            -0.18717846274375916
        ],
        [
            -0.05186212807893753,
            -0.8477209806442261,
            -0.18983979523181915
        ],
        [
            -0.05534612387418747,
            -0.8458718061447144,
            -0.19074520468711853
        ],
        [
            -0.059385210275650024,
            -0.8445034623146057,
            -0.1911523938179016
        ],
        [
            -0.06371735781431198,
            -0.8437491655349731,
            -0.1908561885356903
        ],
        [
            -0.062254518270492554,
            -0.8388369083404541,
            -0.18906667828559875
        ],
        [
            -0.056791260838508606,
            -0.8389402627944946,
            -0.18899862468242645
        ],
        [
            -0.06894686818122864,
            -0.857151210308075,
            -0.19787481427192688
        ],
        [
            -0.07542581111192703,
            -0.8557338714599609,
            -0.194869726896286
        ],
        [
            -0.07337312400341034,
            -0.8532024025917053,
            -0.19401709735393524
        ],
        [
            -0.06798762083053589,
            -0.854192852973938,
            -0.1969224214553833
        ],
        [
            -0.07991728186607361,
            -0.847312331199646,
            -0.1842326521873474
        ],
        [
            -0.07961282134056091,
            -0.8495385646820068,
            -0.186226487159729
        ],
        [
            -0.08350791037082672,
            -0.8501779437065125,
            -0.18636588752269745
        ],
        [
            -0.0831882581114769,
            -0.8460170030593872,
            -0.1841973513364792
        ],
        [
            -0.08052828907966614,
            -0.8433025479316711,
            -0.18439863622188568
        ],
        [
            -0.07852877676486969,
            -0.8456952571868896,
            -0.18471147119998932
        ],
        [
            -0.07481396943330765,
            -0.9148529767990112,
            -0.2061767727136612
        ],
        [
            -0.07915162295103073,
            -0.8960395455360413,
            -0.20893821120262146
        ],
        [
            -0.05558463931083679,
            -0.9128514528274536,
            -0.19944314658641815
        ],
        [
            -0.04096939414739609,
            -0.9067216515541077,
            -0.1900898963212967
        ],
        [
            -0.028764670714735985,
            -0.8966894149780273,
            -0.18121004104614258
        ],
        [
            -0.029280943796038628,
            -0.7934262752532959,
            -0.16871188580989838
        ],
        [
            -0.024351324886083603,
            -0.7866132259368896,
            -0.16150127351284027
        ],
        [
            -0.014755001291632652,
            -0.7974361777305603,
            -0.15492035448551178
        ],
        [
            -0.012919457629323006,
            -0.7887438535690308,
            -0.1470957100391388
        ],
        [
            -0.022720668464899063,
            -0.7777293920516968,
            -0.1547469198703766
        ],
        [
            -0.03048444166779518,
            -0.7595903277397156,
            -0.14330145716667175
        ],
        [
            -0.024620413780212402,
            -0.7681525945663452,
            -0.14859868586063385
        ],
        [
            -0.013727143406867981,
            -0.780367374420166,
            -0.13780562579631805
        ],
        [
            -0.004367634654045105,
            -0.7966582775115967,
            -0.12933173775672913
        ],
        [
            -0.0056850723922252655,
            -0.801749587059021,
            -0.14009037613868713
        ],
        [
            0.00025725364685058594,
            -0.815110445022583,
            -0.12271498143672943
        ],
        [
            -0.0035336241126060486,
            -0.7920701503753662,
            -0.1150476485490799
        ],
        [
            0.0006523653864860535,
            -0.816133975982666,
            -0.1133369654417038
        ],
        [
            -0.010610171593725681,
            -0.7556605339050293,
            -0.1058821827173233
        ],
        [
            -0.005094091407954693,
            -0.7463721036911011,
            -0.10050080716609955
        ],
        [
            0.0070799291133880615,
            -0.7576470971107483,
            -0.09233418852090836
        ],
        [
            0.0026982007548213005,
            -0.7670468091964722,
            -0.09851811826229095
        ],
        [
            -0.0089071374386549,
            -0.807622492313385,
            -0.1497516930103302
        ],
        [
            -0.020166389644145966,
            -0.8667978048324585,
            -0.17171621322631836
        ],
        [
            -0.02757870964705944,
            -0.8632408380508423,
            -0.18059061467647552
        ],
        [
            -0.01495995745062828,
            -0.855709433555603,
            -0.1664174199104309
        ],
        [
            -0.022643353790044785,
            -0.9293835163116455,
            -0.16803452372550964
        ],
        [
            -0.032222483307123184,
            -0.9196572303771973,
            -0.18110844492912292
        ],
        [
            -0.020959284156560898,
            -0.9072868824005127,
            -0.17405641078948975
        ],
        [
            -0.013172276318073273,
            -0.9180468320846558,
            -0.16292062401771545
        ],
        [
            -0.05740761756896973,
            -0.9576236009597778,
            -0.17378702759742737
        ],
        [
            -0.0655796006321907,
            -0.9385699033737183,
            -0.19322003424167633
        ],
        [
            -0.049773722887039185,
            -0.9306936264038086,
            -0.18785671889781952
        ],
        [
            -0.041190098971128464,
            -0.9458526968955994,
            -0.1729266494512558
        ],
        [
            -0.007345493882894516,
            -0.923279881477356,
            -0.15185712277889252
        ],
        [
            -0.0007843673229217529,
            -0.9294968843460083,
            -0.13560116291046143
        ],
        [
            -0.005407851189374924,
            -0.9459778070449829,
            -0.1313210427761078
        ],
        [
            -0.014773353934288025,
            -0.9402973055839539,
            -0.15114739537239075
        ],
        [
            -0.01833886280655861,
            -0.9658828377723694,
            -0.12507010996341705
        ],
        [
            -0.029282163828611374,
            -0.9594204425811768,
            -0.1491912305355072
        ],
        [
            0.0047868527472019196,
            -0.8055615425109863,
            -0.09965021908283234
        ],
        [
            0.003676891326904297,
            -0.8240187168121338,
            -0.10269839316606522
        ],
        [
            -0.00280119851231575,
            -0.777953565120697,
            -0.10676281154155731
        ],
        [
            0.00672382116317749,
            -0.7902889847755432,
            -0.09534791857004166
        ],
        [
            -0.036092985421419144,
            -0.9799805879592896,
            -0.11711226403713226
        ],
        [
            -0.048293933272361755,
            -0.9735220670700073,
            -0.1463424265384674
        ],
        [
            0.009312782436609268,
            -0.920617401599884,
            -0.08247534930706024
        ],
        [
            0.005772832781076431,
            -0.9356687068939209,
            -0.09467752277851105
        ],
        [
            0.008690658956766129,
