{
    "pred_cam": [
        1.1154423952102661,
        -0.08431432396173477,
        0.1485215425491333
    ],
    "pred_smpl_params": {
        "global_orient": [
            [
                [
                    0.9879273772239685,
                    0.030354643240571022,
                    -0.15191495418548584
                ],
                [
                    0.03725152835249901,
                    -0.9983906149864197,
                    0.04276086390018463
                ],
                [
                    -0.1503724753856659,
                    -0.04790368676185608,
                    -0.9874681830406189
                ]
            ]
        ],
        "body_pose": [
            [
                [
                    0.9960960149765015,
                    -0.08254576474428177,
                    0.031288113445043564
                ],
                [
                    0.07724305242300034,
                    0.9865946769714355,
                    0.14375145733356476
                ],
                [
                    -0.04273475706577301,
                    -0.1407734751701355,
                    0.9891191124916077
                ]
            ],
            [
                [
                    0.99720299243927,
                    0.0023827776312828064,
                    0.07470203191041946
                ],
                [
                    -0.019518287852406502,
                    0.9731101393699646,
                    0.22951216995716095
                ],
                [
                    -0.07214642316102982,
                    -0.23032832145690918,
                    0.970434844493866
                ]
            ],
            [
                [
                    0.9984480142593384,
                    -0.028962714597582817,
                    -0.047568708658218384
                ],
                [
                    0.020306028425693512,
                    0.98465895652771,
                    -0.17330460250377655
                ],
                [
                    0.0518583208322525,
                    0.17206968367099762,
                    0.9837188720703125
                ]
            ],
            [
                [
                    0.989098846912384,
                    -0.001263427548110485,
                    -0.14724798500537872
                ],
                [
                    -0.068727508187294,
                    0.8804067969322205,
                    -0.4692126214504242
                ],
                [
                    0.13023091852664948,
                    0.47421759366989136,
                    0.8707225322723389
                ]
            ],
            [
                [
                    0.9871988892555237,
                    0.013180009089410305,
                    0.15894874930381775
                ],
                [
                    0.09808647632598877,
                    0.7356728315353394,
                    -0.6701974868774414
                ],
                [
                    -0.12576746940612793,
                    0.6772089004516602,
                    0.724962592124939
                ]
            ],
            [
                [
                    0.9977329969406128,
                    -0.06544598191976547,
                    -0.015670064836740494
                ],
                [
                    0.06578822433948517,
                    0.9975816011428833,
                    0.022423231974244118
                ],
                [
                    0.014164659194648266,
                    -0.023403307422995567,
                    0.9996256828308105
                ]
            ],
            [
                [
                    0.9716505408287048,
                    0.11488856375217438,
                    0.206630140542984
                ],
                [
                    -0.1202385276556015,
                    0.992653489112854,
                    0.01347922720015049
                ],
                [
                    -0.20356352627277374,
                    -0.037941984832286835,
                    0.9783263206481934
                ]
            ],
            [
                [
                    0.97728031873703,
                    -0.06702545285224915,
                    -0.2010740339756012
                ],
                [
                    0.0765061303973198,
                    0.9962765574455261,
                    0.03974679112434387
                ],
                [
                    0.19766131043434143,
                    -0.054227154701948166,
                    0.9787693023681641
                ]
            ],
            [
                [
                    0.9988560080528259,
                    -0.03432823345065117,
                    -0.033289842307567596
                ],
                [
                    0.031027590855956078,
                    0.9949890971183777,
                    -0.09504766017198563
                ],
                [
                    0.03638584539294243,
                    0.09390603005886078,
                    0.9949159622192383
                ]
            ],
            [
                [
                    0.9742985367774963,
                    -0.22483085095882416,
                    -0.013907178305089474
                ],
                [
                    0.22365686297416687,
                    0.9581630825996399,
                    0.1786087304353714
                ],
                [
                    -0.026831408962607384,
                    -0.17712867259979248,
                    0.9838218688964844
                ]
            ],
            [
                [
                    0.9829533100128174,
                    0.164756178855896,
                    0.08159840852022171
                ],
                [
                    -0.17584852874279022,
                    0.972029983997345,
                    0.1556762307882309
                ],
                [
                    -0.053667474538087845,
                    -0.16737140715122223,
                    0.9844322204589844
                ]
            ],
            [
                [
                    0.990625262260437,
                    -0.0692441314458847,
                    -0.11775773018598557
                ],
                [
                    0.07695025950670242,
                    0.9950928688049316,
                    0.062199972569942474
                ],
                [
                    0.1128728985786438,
                    -0.07067834585905075,
                    0.9910925030708313
                ]
            ],
            [
                [
                    0.9347405433654785,
                    0.34316685795783997,
                    0.09217727929353714
                ],
                [
                    -0.33889955282211304,
                    0.9389696717262268,
                    -0.05901790037751198
                ],
                [
                    -0.10680464655160904,
                    0.023927586153149605,
                    0.9939920902252197
                ]
            ],
            [
                [
                    0.9582629799842834,
                    -0.28557202219963074,
                    -0.013439135625958443
                ],
                [
                    0.28519245982170105,
                    0.9581519365310669,
                    -0.024702241644263268
                ],
                [
                    0.019931001588702202,
                    0.019838504493236542,
                    0.9996045231819153
                ]
            ],
            [
                [
                    0.9939531683921814,
                    -0.021948371082544327,
                    -0.10758965462446213
                ],
                [
                    0.004075654316693544,
                    0.9865186214447021,
                    -0.16359835863113403
                ],
                [
                    0.10972991585731506,
                    0.16217057406902313,
                    0.9806427359580994
                ]
            ],
            [
                [
                    0.574501633644104,
                    0.8046029806137085,
                    -0.15020610392093658
                ],
                [
                    -0.8180704116821289,
                    0.5704146027565002,
                    -0.07340241968631744
                ],
                [
                    0.026619944721460342,
                    0.1650489866733551,
                    0.9859260320663452
                ]
            ],
            [
                [
                    0.6619552373886108,
                    -0.6930236220359802,
                    0.28554075956344604
                ],
                [
                    0.7437973022460938,
                    0.6544285416603088,
                    -0.13597401976585388
                ],
                [
                    -0.09263279289007187,
                    0.3023931682109833,
                    0.9486714601516724
                ]
            ],
            [
                [
                    0.6967495083808899,
                    -0.21977344155311584,
                    -0.6828173995018005
                ],
                [
                    0.11727920174598694,
                    0.9740012288093567,
                    -0.19382244348526
                ],
                [
                    0.707662045955658,
                    0.05496540293097496,
                    0.7044097185134888
                ]
            ],
            [
                [
                    0.5632645487785339,
                    0.21134451031684875,
                    0.798790693283081
                ],
                [
                    0.042208705097436905,
                    0.958113431930542,
                    -0.28326156735420227
                ],
                [
                    -0.8251978754997253,
                    0.1932671219110489,
                    0.5307507514953613
                ]
            ],
            [
                [
                    0.9959909319877625,
                    -0.0892895832657814,
                    -0.005429267417639494
                ],
                [
                    0.08932609856128693,
                    0.9959785342216492,
                    0.006903116591274738
                ],
                [
                    0.004791057202965021,
                    -0.00736041646450758,
                    0.9999614953994751
                ]
            ],
            [
                [
                    0.9966820478439331,
                    0.0772363469004631,
                    0.025682317093014717
                ],
                [
                    -0.07697296142578125,
                    0.9969714879989624,
                    -0.011092324741184711
                ],
                [
                    -0.026461267843842506,
                    0.009078675881028175,
                    0.9996086955070496
                ]
            ],
            [
                [
                    0.9726154208183289,
                    0.21881790459156036,
                    -0.07834542542695999
                ],
                [
                    -0.20353065431118011,
                    0.9646351933479309,
                    0.16749407351016998
                ],
                [
                    0.11222544312477112,
                    -0.14696161448955536,
                    0.9827552437782288
                ]
            ],
            [
                [
                    0.9768269062042236,
                    -0.19985969364643097,
                    0.07658591866493225
                ],
                [
                    0.1865805983543396,
                    0.9704822897911072,
                    0.15281300246715546
                ],
                [
                    -0.10486643016338348,
                    -0.1349823921918869,
                    0.9852831363677979
                ]
            ]
        ],
        "betas": [
            -0.06814464926719666,
            -0.043881356716156006,
            0.16281446814537048,
            0.179983988404274,
            0.0158960223197937,
            0.0011774040758609772,
            0.012100428342819214,
            -0.05608081817626953,
            0.037356093525886536,
            -0.03033238649368286
        ]
    },
    "pred_cam_t": [
        -0.08431432396173477,
        0.1485215425491333,
        35.019737243652344
    ],
    "focal_length": [
        5000.0,
        5000.0
    ],
    "pred_keypoints_3d": [
        [
            -0.11343131959438324,
            -0.8008315563201904,
            -0.18858446180820465
        ],
        [
            -0.02541647106409073,
            -0.7320638298988342,
            -0.029698224738240242
        ],
        [
            -0.18418781459331512,
            -0.6345165371894836,
            0.04792632907629013
        ],
        [
            -0.24843208491802216,
            -0.40887415409088135,
            0.14234760403633118
        ],
        [
            -0.2756372392177582,
            -0.20946940779685974,
            -0.011662095785140991
        ],
        [
            0.15868473052978516,
            -0.6560307145118713,
            -0.04470444470643997
        ],
        [
            0.25774717330932617,
            -0.43333229422569275,
            0.043570421636104584
        ],
        [
            0.3054998815059662,
            -0.22852684557437897,
            -0.08689505606889725
        ],
        [
            -0.0018662458751350641,
            -0.22518636286258698,
            0.028274554759263992
        ],
        [
            -0.07080738991498947,
            -0.1374419927597046,
            0.04703574255108833
        ],
        [
            -0.13313016295433044,
            0.23464244604110718,
            -0.009938746690750122
        ],
        [
            -0.1269850879907608,
            0.5459370017051697,
            0.23689818382263184
        ],
        [
            0.06505069881677628,
            -0.13152402639389038,
            0.028954284265637398
        ],
        [
            0.1103193610906601,
            0.23731833696365356,
            -0.009153986349701881
        ],
        [
            0.13977470993995667,
            0.5840823650360107,
            0.18173836171627045
        ],
        [
            -0.13493821024894714,
            -0.8445440530776978,
            -0.15071582794189453
        ],
        [
            -0.07852187752723694,
            -0.8508971929550171,
            -0.18505913019180298
        ],
        [
            -0.1224728375673294,
            -0.8506834506988525,
            -0.04813374578952789
        ],
        [
            0.003288574516773224,
            -0.8645521402359009,
            -0.12372522056102753
        ],
        [
            0.1280592828989029,
            0.704392671585083,
            0.021995604038238525
        ],
        [
            0.19756877422332764,
            0.690687894821167,
            0.0665644109249115
        ],
        [
            0.15183374285697937,
            0.596726655960083,
            0.2508176565170288
        ],
        [
            -0.13192978501319885,
            0.681327223777771,
            0.09411835670471191
        ],
        [
            -0.20383885502815247,
            0.6634098291397095,
            0.14112994074821472
        ],
        [
            -0.12671297788619995,
            0.5568199157714844,
            0.3098730146884918
        ],
        [
            -0.1474018543958664,
            0.49049317836761475,
            0.23484694957733154
        ],
        [
            -0.12640585005283356,
            0.1745503693819046,
            -0.011417044326663017
        ],
        [
            -0.1453450322151184,
            -0.2635840177536011,
            0.061005450785160065
        ],
        [
            0.14641772210597992,
            -0.23809346556663513,
            0.029299559071660042
        ],
        [
            0.11906608939170837,
            0.19616886973381042,
            -0.012043597176671028
        ],
        [
            0.14860445261001587,
            0.5436370372772217,
            0.19216372072696686
        ],
        [
            -0.26063287258148193,
            -0.24180936813354492,
            -0.02402423322200775
        ],
        [
            -0.27617108821868896,
            -0.4285682439804077,
            0.11686968803405762
        ],
        [
            -0.15682321786880493,
            -0.6660711169242859,
            0.03390330821275711
        ],
        [
            0.12667115032672882,
            -0.6859489679336548,
            -0.040542494505643845
        ],
        [
            0.27851539850234985,
            -0.4587094485759735,
            0.0029025147669017315
        ],
        [
            0.3035053610801697,
            -0.2494685798883438,
            -0.09500448405742645
        ],
        [
            -0.021768271923065186,
            -0.7272088527679443,
            -0.030556466430425644
        ],
        [
            -0.07510680705308914,
            -0.9053090214729309,
            -0.10920616239309311
        ],
        [
            0.0012587807141244411,
            -0.2509315311908722,
            0.04476407542824745
        ],
        [
            -0.01577235758304596,
            -0.6731785535812378,
            -0.007010546512901783
        ],
        [
            0.005474445875734091,
            -0.4963167905807495,
            0.0325007289648056
        ],
        [
            -0.06636727601289749,
            -0.7929172515869141,
            -0.12366148829460144
        ],
        [
            -0.07895992696285248,
            -0.9254883527755737,
            -0.10241179168224335
        ]
    ],
    "pred_vertices": [
        [
            -0.07770714908838272,
            -0.8971103429794312,
            -0.19867520034313202
        ],
        [
            -0.08290539681911469,
            -0.8811506032943726,
            -0.19910301268100739
        ],
        [
            -0.0687180757522583,
            -0.8808327317237854,
            -0.19671641290187836
        ],
        [
            -0.06154695153236389,
            -0.8938652873039246,
            -0.19305256009101868
        ],
        [
            -0.07295018434524536,
            -0.8703634738922119,
            -0.19794148206710815
        ],
        [
            -0.08504036068916321,
            -0.8692910671234131,
            -0.1988571137189865
        ],
        [
            -0.05667182803153992,
            -0.8779274225234985,
            -0.19017267227172852
        ],
        [
            -0.04887261241674423,
            -0.887464165687561,
            -0.1848321557044983
        ],
        [
            -0.039676498621702194,
            -0.8464956283569336,
            -0.17749309539794922
        ],
        [
            -0.0310139749199152,
            -0.8445106148719788,
            -0.17064663767814636
        ],
        [
            -0.03400256484746933,
            -0.8559728860855103,
            -0.1739090383052826
        ],
        [
            -0.04275604709982872,
            -0.8548360466957092,
            -0.1791372299194336
        ],
        [
            -0.03340276703238487,
            -0.8219510316848755,
            -0.16978992521762848
        ],
        [
            -0.04084734618663788,
            -0.8105758428573608,
            -0.17236514389514923
        ],
        [
            -0.03242594376206398,
            -0.8042171001434326,
            -0.1636565923690796
        ],
        [
            -0.02564014494419098,
            -0.8151429891586304,
            -0.15976744890213013
        ],
        [
            -0.08281698822975159,
            -0.8158278465270996,
            -0.1787680685520172
        ],
        [
            -0.07621956616640091,
            -0.810161828994751,
            -0.17955882847309113
        ],
        [
            -0.0738535076379776,
            -0.8172219395637512,
            -0.1818251758813858
        ],
        [
            -0.08077877759933472,
            -0.8220726251602173,
            -0.18020498752593994
        ],
        [
            -0.0955667644739151,
            -0.8231021761894226,
            -0.18076874315738678
        ],
        [
            -0.09419179707765579,
            -0.829270601272583,
            -0.17925621569156647
        ],
        [
            -0.10143980383872986,
            -0.8314287662506104,
            -0.1817920058965683
        ],
        [
            -0.1024133488535881,
            -0.8244303464889526,
            -0.18455199897289276
        ],
        [
            -0.08650213479995728,
            -0.8102547526359558,
            -0.17513373494148254
        ],
        [
            -0.07929068803787231,
            -0.804483950138092,
            -0.17586052417755127
        ],
        [
            -0.0888010710477829,
            -0.8205630779266357,
            -0.1785193681716919
        ],
        [
            -0.09051935374736786,
            -0.8156049847602844,
            -0.1788235753774643
        ],
        [
            -0.09667738527059555,
            -0.8072137832641602,
            -0.1852576583623886
        ],
        [
            -0.09557295590639114,
            -0.8122309446334839,
            -0.18546909093856812
        ],
        [
            -0.10195029526948929,
            -0.8114688396453857,
            -0.18981504440307617
        ],
        [
            -0.10165747255086899,
            -0.8061858415603638,
            -0.18783746659755707
        ],
        [
            -0.08989787101745605,
            -0.8088194131851196,
            -0.17850247025489807
        ],
        [
            -0.0912957414984703,
            -0.8110733032226562,
            -0.18165063858032227
        ],
        [
            -0.09373997151851654,
            -0.8067379593849182,
            -0.18188859522342682
        ],
        [
            -0.09303824603557587,
            -0.8052253723144531,
            -0.17805619537830353
        ],
        [
            -0.09659013152122498,
            -0.8182663917541504,
            -0.18226657807826996
        ],
        [
            -0.10268145054578781,
            -0.8183176517486572,
            -0.18710531294345856
        ],
        [
            -0.10959411412477493,
            -0.8178239464759827,
            -0.19149145483970642
        ],
        [
            -0.10865314304828644,
            -0.8091193437576294,
            -0.1936432272195816
        ],
        [
            -0.06081259623169899,
            -0.7995801568031311,
            -0.1768052726984024
        ],
        [
            -0.068693146109581,
            -0.8047707080841064,
            -0.179351344704628
        ],
        [
            -0.07211989909410477,
            -0.7995325326919556,
            -0.1762094795703888
        ],
        [
            -0.0654878169298172,
            -0.7952991127967834,
            -0.17504745721817017
        ],
        [
            -0.08972287178039551,
            -0.8030823469161987,
            -0.1752195507287979
        ],
        [
            -0.08307792246341705,
            -0.7880284786224365,
            -0.17447678744792938
        ],
        [
            -0.08377043902873993,
            -0.7916866540908813,
            -0.17550259828567505
        ],
        [
            -0.09101395308971405,
            -0.7910394072532654,
            -0.17614802718162537
        ],
        [
            -0.0897330641746521,
            -0.7877039909362793,
            -0.17539146542549133
        ],
        [
            -0.04944862425327301,
            -0.7882087230682373,
            -0.16889327764511108
        ],
        [
            -0.05622692406177521,
            -0.7855876684188843,
            -0.1699979603290558
        ],
        [
            -0.05317554250359535,
            -0.7795692086219788,
            -0.16664297878742218
        ],
        [
            -0.04603703320026398,
            -0.7811967730522156,
            -0.16389122605323792
        ],
        [
            -0.05332912504673004,
            -0.774042010307312,
            -0.1636376976966858
        ],
        [
            -0.04386593773961067,
            -0.7742776274681091,
            -0.15906836092472076
        ],
        [
            -0.04878577962517738,
            -0.759894609451294,
            -0.15243186056613922
        ],
        [
            -0.04585161432623863,
            -0.7663743495941162,
            -0.1554282009601593
        ],
        [
            -0.05570250749588013,
            -0.768215000629425,
            -0.16123877465724945
        ],
        [
            -0.06067303940653801,
            -0.7620736360549927,
            -0.1606161892414093
        ],
        [
            -0.07617297023534775,
            -0.7633463144302368,
            -0.16314753890037537
        ],
        [
            -0.08219711482524872,
            -0.7608994245529175,
            -0.16254258155822754
        ],
        [
            -0.0745716392993927,
            -0.7502159476280212,
            -0.16080589592456818
        ],
        [
            -0.06784945726394653,
            -0.7552125453948975,
            -0.1609404981136322
        ],
        [
            -0.08022519946098328,
            -0.7833794355392456,
            -0.16938874125480652
        ],
        [
            -0.07557450234889984,
            -0.7845219373703003,
            -0.16874079406261444
        ],
        [
            -0.07666744291782379,
            -0.7854125499725342,
            -0.1711476445198059
        ],
        [
            -0.08192227780818939,
            -0.7852578163146973,
            -0.1723337173461914
        ],
        [
            -0.07155865430831909,
            -0.7850781679153442,
            -0.1687234491109848
        ],
        [
            -0.06976622343063354,
            -0.7851835489273071,
            -0.1688067615032196
        ],
        [
            -0.07076695561408997,
            -0.786094069480896,
            -0.17002514004707336
        ],
        [
            -0.07214982807636261,
            -0.7856631278991699,
            -0.16932260990142822
        ],
        [
            -0.07402980327606201,
            -0.7849922180175781,
            -0.1688733994960785
        ],
        [
            -0.07467503100633621,
            -0.7829656004905701,
            -0.16838425397872925
        ],
        [
            -0.07235561311244965,
            -0.7841322422027588,
            -0.16857224702835083
        ],
        [
            -0.07881472259759903,
            -0.7811384201049805,
            -0.16906630992889404
        ],
        [
            -0.09257222712039948,
            -0.7757644653320312,
            -0.16982434689998627
        ],
        [
            -0.08878667652606964,
            -0.776960015296936,
            -0.17038074135780334
        ],
        [
            -0.09061190485954285,
            -0.7812900543212891,
            -0.16968631744384766
        ],
        [
            -0.09387671947479248,
            -0.7805899977684021,
            -0.16927942633628845
        ],
        [
            -0.07342126220464706,
            -0.7873053550720215,
            -0.17119313776493073
        ],
        [
            -0.07134761661291122,
            -0.7891249656677246,
            -0.1722336858510971
        ],
        [
            -0.07669363915920258,
            -0.7905554175376892,
            -0.17400720715522766
        ],
        [
            -0.076866015791893,
            -0.7879356145858765,
            -0.17241990566253662
        ],
        [
            -0.0692860409617424,
            -0.7912657260894775,
            -0.17373548448085785
        ],
        [
            -0.06876245886087418,
            -0.7876103520393372,
            -0.1707850992679596
        ],
        [
            -0.06584176421165466,
            -0.7887366414070129,
            -0.17193004488945007
        ],
        [
            -0.06984631717205048,
            -0.7834473848342896,
            -0.1681869477033615
        ],
        [
            -0.0664856880903244,
            -0.7824330925941467,
            -0.16790971159934998
        ],
        [
            -0.06700234860181808,
            -0.7847856283187866,
            -0.16954748332500458
        ],
        [
            -0.06773066520690918,
            -0.7790378332138062,
            -0.16671159863471985
        ],
        [
            -0.0720701515674591,
            -0.7811406254768372,
            -0.1676158905029297
        ],
        [
            -0.07594937086105347,
            -0.7783714532852173,
            -0.16808287799358368
        ],
        [
            -0.08113988488912582,
            -0.7754732370376587,
            -0.16879114508628845
        ],
        [
            -0.07662846148014069,
            -0.7718092203140259,
            -0.16642634570598602
        ],
        [
            -0.07137390971183777,
            -0.7753130197525024,
            -0.16638308763504028
        ],
        [
            -0.07531695067882538,
            -0.7946606874465942,
            -0.1750897616147995
        ],
        [
            -0.06234811991453171,
            -0.7850158214569092,
            -0.16977547109127045
        ],
        [
            -0.060632575303316116,
            -0.7914592623710632,
            -0.17263230681419373
        ],
        [
            -0.06092504411935806,
            -0.7806555032730103,
            -0.1678304821252823
        ],
        [
            -0.06161946803331375,
            -0.776273250579834,
            -0.1657077968120575
        ],
        [
            -0.06470565497875214,
            -0.7717056274414062,
            -0.16428016126155853
        ],
        [
            -0.07025653123855591,
            -0.7672526836395264,
            -0.16374632716178894
        ],
        [
            -0.06546394526958466,
            -0.7449877858161926,
            -0.1504640132188797
        ],
        [
            -0.05750350281596184,
            -0.7515566945075989,
            -0.1518603265285492
        ],
        [
            -0.0843258798122406,
            -0.8625655174255371,
            -0.19389159977436066
        ],
        [
            -0.07528480142354965,
            -0.863102912902832,
            -0.1955781877040863
        ],
        [
            -0.07124605774879456,
            -0.8569257259368896,
            -0.1900312304496765
        ],
        [
            -0.07019951939582825,
            -0.8593567609786987,
            -0.19115480780601501
        ],
        [
            -0.07641220092773438,
            -0.8594011664390564,
            -0.19189602136611938
        ],
        [
            -0.07601246237754822,
            -0.856813907623291,
            -0.1904061883687973
        ],
        [
            -0.0512596070766449,
            -0.854752242565155,
            -0.18175306916236877
        ],
        [
            -0.05787421762943268,
            -0.8549173474311829,
            -0.18384887278079987
        ],
        [
            -0.056129828095436096,
            -0.8516684174537659,
            -0.1820448338985443
        ],
        [
            -0.04816622659564018,
            -0.848726749420166,
            -0.18079227209091187
        ],
        [
            -0.06429927796125412,
            -0.8419294357299805,
            -0.18308809399604797
        ],
        [
            -0.059353481978178024,
            -0.8443623781204224,
            -0.18253546953201294
        ],
        [
            -0.06522126495838165,
            -0.849738597869873,
            -0.1844012439250946
        ],
        [
            -0.06883600354194641,
            -0.8479533791542053,
            -0.18489429354667664
        ],
        [
            -0.07292483001947403,
            -0.8466445207595825,
            -0.18483299016952515
        ],
        [
            -0.0771910697221756,
            -0.8459458947181702,
            -0.1840195506811142
        ],
        [
            -0.07560910284519196,
            -0.8409924507141113,
            -0.1824778914451599
        ],
        [
            -0.07016773521900177,
            -0.8410133719444275,
            -0.18308615684509277
        ],
        [
            -0.08303727954626083,
            -0.8595209717750549,
            -0.19011758267879486
        ],
        [
            -0.08910651504993439,
            -0.8581663370132446,
            -0.18635228276252747
        ],
        [
            -0.08701227605342865,
            -0.8555960655212402,
            -0.18579605221748352
        ],
        [
            -0.08201395720243454,
            -0.8565478324890137,
            -0.18932288885116577
        ],
        [
            -0.09240387380123138,
            -0.8496753573417664,
            -0.17533689737319946
        ],
        [
            -0.09231121838092804,
            -0.8519242405891418,
            -0.17732368409633636
        ],
        [
            -0.09619009494781494,
            -0.8526350259780884,
            -0.17695735394954681
        ],
        [
            -0.09567052125930786,
            -0.8484286665916443,
            -0.17491328716278076
        ],
        [
            -0.09309513121843338,
            -0.8456751704216003,
            -0.17547744512557983
        ],
        [
            -0.09110850095748901,
            -0.848041296005249,
            -0.17600025236606598
        ],
        [
            -0.0888289362192154,
            -0.9174476265907288,
            -0.19689369201660156
        ],
        [
            -0.09376663714647293,
            -0.8986814022064209,
            -0.19933055341243744
        ],
        [
            -0.06891877204179764,
            -0.9150305986404419,
            -0.19261808693408966
        ],
        [
            -0.0533476322889328,
            -0.9085170030593872,
            -0.18524932861328125
        ],
        [
            -0.040338605642318726,
            -0.8982101678848267,
            -0.17801979184150696
        ],
        [
            -0.040964022278785706,
            -0.7948188781738281,
            -0.16673848032951355
        ],
        [
            -0.03523774817585945,
            -0.7878240346908569,
            -0.1602388173341751
        ],
        [
            -0.02472054399549961,
            -0.798436164855957,
            -0.154728502035141
        ],
        [
            -0.022019313648343086,
            -0.7896342277526855,
            -0.14718690514564514
        ],
        [
            -0.03282594680786133,
            -0.7788370847702026,
            -0.15377092361450195
        ],
        [
            -0.03930998966097832,
            -0.7608044743537903,
            -0.14153918623924255
        ],
        [
            -0.03404635936021805,
            -0.7692573070526123,
            -0.1474360078573227
        ],
        [
            -0.021809589117765427,
            -0.7812331914901733,
            -0.13775810599327087
        ],
        [
            -0.011376775801181793,
            -0.7972760200500488,
            -0.13025568425655365
        ],
        [
            -0.013822535052895546,
            -0.8024744987487793,
            -0.1409684419631958
        ],
        [
            -0.0057382769882678986,
            -0.8155872821807861,
            -0.12406846880912781
        ],
        [
            -0.00875292718410492,
            -0.7925775051116943,
            -0.11599311232566833
        ],
        [
            -0.004087336361408234,
            -0.816473126411438,
            -0.11474045366048813
        ],
        [
            -0.014391455799341202,
            -0.7559606432914734,
            -0.10581957548856735
        ],
        [
            -0.008136564865708351,
            -0.7464869022369385,
            -0.10072745382785797
        ],
        [
            0.00467731524258852,
            -0.7575020790100098,
            -0.09357360005378723
        ],
        [
            -0.0003523603081703186,
            -0.7670581340789795,
            -0.0997222363948822
        ],
        [
            -0.01818721927702427,
            -0.8084944486618042,
            -0.15018528699874878
        ],
        [
            -0.031169060617685318,
            -0.8680959939956665,
            -0.1699422299861908
        ],
        [
            -0.03968688100576401,
            -0.8647879958152771,
            -0.1779036968946457
        ],
        [
            -0.025428907945752144,
            -0.8568601608276367,
            -0.16551832854747772
        ],
        [
            -0.03207702562212944,
            -0.9306254386901855,
            -0.16531704366207123
        ],
        [
            -0.04336436837911606,
            -0.9212048053741455,
            -0.17727918922901154
        ],
        [
            -0.03148019686341286,
            -0.9085570573806763,
            -0.171781525015831
        ],
        [
            -0.022164035588502884,
            -0.9190647602081299,
            -0.1615295708179474
        ],
        [
            -0.06684193015098572,
            -0.9594135880470276,
            -0.16637331247329712
        ],
        [
            -0.07770772278308868,
            -0.9407663345336914,
            -0.18486125767230988
        ],
        [
            -0.06143487989902496,
            -0.9325791001319885,
            -0.1816275417804718
        ],
        [
            -0.050796762108802795,
            -0.9474145174026489,
            -0.16772226989269257
        ],
        [
            -0.014963947236537933,
            -0.9240891933441162,
            -0.15119782090187073
        ],
        [
            -0.006335519254207611,
            -0.929950475692749,
            -0.1357795149087906
        ],
        [
            -0.01021239161491394,
            -0.9464684724807739,
            -0.13075952231884003
        ],
        [
            -0.022017087787389755,
            -0.9411675333976746,
            -0.14935655891895294
        ],
        [
            -0.021954946219921112,
            -0.966476321220398,
            -0.12274456769227982
        ],
        [
            -0.03586753457784653,
            -0.9604848623275757,
            -0.1454584300518036
        ],
        [
            0.0016762763261795044,
            -0.8056504726409912,
            -0.10147402435541153
        ],
        [
            0.00040402263402938843,
            -0.8241089582443237,
            -0.10444481670856476
        ],
        [
            -0.006809350103139877,
            -0.7782408595085144,
            -0.10765557736158371
        ],
        [
            0.003992496058344841,
            -0.7902674674987793,
            -0.09715326875448227
        ],
        [
            -0.0383828803896904,
            -0.98069167137146,
            -0.11250084638595581
        ],
        [
            -0.05416656285524368,
            -0.9748245477676392,
            -0.14013271033763885
        ],
        [
            0.009993523359298706,
            -0.9202390909194946,
            -0.08427377045154572
        ],
        [
            0.005317077040672302,
            -0.935481071472168,
            -0.09586988389492035
        ],
        [
            0.006256837397813797,
            -0.9197747707366943,
