{
    "pred_cam": [
        1.1307647228240967,
        -0.06461356580257416,
        0.14606258273124695
    ],
    "pred_smpl_params": {
        "global_orient": [
            [
                [
                    0.9998959898948669,
                    -0.0034099023323506117,
                    -0.01401818823069334
                ],
                [
                    -0.002689540619030595,
                    -0.9986904859542847,
                    0.051089443266391754
                ],
                [
                    -0.014174041338264942,
                    -0.05104641988873482,
                    -0.9985957741737366
                ]
            ]
        ],
        "body_pose": [
            [
                [
                    0.998106837272644,
                    -0.06142289936542511,
                    0.003166863927617669
                ],
                [
                    0.059728171676397324,
                    0.9802801012992859,
                    0.1883704960346222
                ],
                [
                    -0.014674674719572067,
                    -0.18782472610473633,
                    0.9820929765701294
                ]
            ],
            [
                [
                    0.996049702167511,
                    0.08695942908525467,
                    0.017971759662032127
                ],
                [
                    -0.08869760483503342,
                    0.9647652506828308,
                    0.24771086871623993
                ],
                [
                    0.004202262964099646,
                    -0.2483264058828354,
                    0.968667209148407
                ]
            ],
            [
                [
                    0.9983865022659302,
                    -0.05644068494439125,
                    0.006228439975529909
                ],
                [
                    0.056575074791908264,
                    0.9793376922607422,
                    -0.1941571980714798
                ],
                [
                    0.004858621396124363,
                    0.19419631361961365,
                    0.980950653553009
                ]
            ],
            [
                [
                    0.9886718392372131,
                    0.0001340346789220348,
                    -0.15009315311908722
                ],
                [
                    -0.06735064834356308,
                    0.8940653800964355,
                    -0.4428441822528839
                ],
                [
                    0.13413375616073608,
                    0.44793644547462463,
                    0.8839462995529175
                ]
            ],
            [
                [
                    0.9897914528846741,
                    -0.024572795256972313,
                    0.14038895070552826
                ],
                [
                    0.11399349570274353,
                    0.727738082408905,
                    -0.6763156056404114
                ],
                [
                    -0.08554740995168686,
                    0.6854148507118225,
                    0.7231100797653198
                ]
            ],
            [
                [
                    0.998625636100769,
                    -0.036796506494283676,
                    0.03732282295823097
                ],
                [
                    0.036446139216423035,
                    0.9992853403091431,
                    0.010024843737483025
                ],
                [
                    -0.037665028125047684,
                    -0.008650791831314564,
                    0.9992530345916748
                ]
            ],
            [
                [
                    0.9736471772193909,
                    0.11610151082277298,
                    0.1962946057319641
                ],
                [
                    -0.10951092094182968,
                    0.9930050373077393,
                    -0.044139642268419266
                ],
                [
                    -0.20004621148109436,
                    0.021480035036802292,
                    0.9795509576797485
                ]
            ],
            [
                [
                    0.9780872464179993,
                    -0.0766209289431572,
                    -0.19358378648757935
                ],
                [
                    0.08382686972618103,
                    0.9960495233535767,
                    0.02929874137043953
                ],
                [
                    0.19057413935661316,
                    -0.044884245842695236,
                    0.9806462526321411
                ]
            ],
            [
                [
                    0.999607503414154,
                    -0.01089048758149147,
                    0.02581174485385418
                ],
                [
                    0.013465377502143383,
                    0.994715690612793,
                    -0.10178133100271225
                ],
                [
                    -0.024566898122429848,
                    0.10208894312381744,
                    0.9944719076156616
                ]
            ],
            [
                [
                    0.9725514650344849,
                    -0.23251475393772125,
                    -0.008976436220109463
                ],
                [
                    0.23035944998264313,
                    0.956658661365509,
                    0.17815375328063965
                ],
                [
                    -0.03283598646521568,
                    -0.1753315031528473,
                    0.9839617609977722
                ]
            ],
            [
                [
                    0.9853920936584473,
                    0.15586018562316895,
                    0.06862993538379669
                ],
                [
                    -0.16547062993049622,
                    0.9715551137924194,
                    0.16941119730472565
                ],
                [
                    -0.04027330130338669,
                    -0.17829269170761108,
                    0.9831529855728149
                ]
            ],
            [
                [
                    0.9928171634674072,
                    0.01731707528233528,
                    0.11838065832853317
                ],
                [
                    -0.015749432146549225,
                    0.9997756481170654,
                    -0.01416485384106636
                ],
                [
                    -0.11859938502311707,
                    0.012198680080473423,
                    0.9928671717643738
                ]
            ],
            [
                [
                    0.9528558850288391,
                    0.2927343547344208,
                    0.07982593029737473
                ],
                [
                    -0.2901183068752289,
                    0.9560302495956421,
                    -0.04286724328994751
                ],
                [
                    -0.08886471390724182,
                    0.017687341198325157,
                    0.9958866238594055
                ]
            ],
            [
                [
                    0.9639999270439148,
                    -0.26575684547424316,
                    0.008795342408120632
                ],
                [
                    0.26588815450668335,
                    0.9630789756774902,
                    -0.04221799969673157
                ],
                [
                    0.002749114530161023,
                    0.04303672909736633,
                    0.9990696310997009
                ]
            ],
            [
                [
                    0.9952236413955688,
                    0.08338673412799835,
                    0.05075819790363312
                ],
                [
                    -0.0706867128610611,
                    0.9741770029067993,
                    -0.21443545818328857
                ],
                [
                    -0.067328542470932,
                    0.209823340177536,
                    0.9754183292388916
                ]
            ],
            [
                [
                    0.5262827277183533,
                    0.823431670665741,
                    -0.2121012806892395
                ],
                [
                    -0.8494569063186646,
                    0.5203046798706055,
                    -0.08778449892997742
                ],
                [
                    0.038072746247053146,
                    0.22637034952640533,
                    0.973297119140625
                ]
            ],
            [
                [
                    0.5973535776138306,
                    -0.7530701756477356,
                    0.2757790684700012
                ],
                [
                    0.7893168926239014,
                    0.6129312515258789,
                    -0.035974517464637756
                ],
                [
                    -0.14194227755069733,
                    0.23916657269001007,
                    0.960547685623169
                ]
            ],
            [
                [
                    0.5448071956634521,
                    -0.2791306972503662,
                    -0.7907409071922302
                ],
                [
                    0.07714094966650009,
                    0.9556574821472168,
                    -0.28419724106788635
                ],
                [
                    0.8350055813789368,
                    0.09383419156074524,
                    0.5421814918518066
                ]
            ],
            [
                [
                    0.6343351006507874,
                    0.19341601431369781,
                    0.7484713196754456
                ],
                [
                    -0.051635053008794785,
                    0.9766337275505066,
                    -0.2086154669523239
                ],
                [
                    -0.7713318467140198,
                    0.09368476271629333,
                    0.6295000910758972
                ]
            ],
            [
                [
                    0.9935137033462524,
                    -0.11275680363178253,
                    -0.014709101058542728
                ],
                [
                    0.11342353373765945,
                    0.9918766617774963,
                    0.05758347362279892
                ],
                [
                    0.008096684701740742,
                    -0.0588783323764801,
                    0.9982323050498962
                ]
            ],
            [
                [
                    0.9969905614852905,
                    0.0774996280670166,
                    0.0019234542269259691
                ],
                [
                    -0.07752291858196259,
                    0.9967734217643738,
                    0.020805010572075844
                ],
                [
                    -0.00030486704781651497,
                    -0.02089150995016098,
                    0.9997816681861877
                ]
            ],
            [
                [
                    0.9720284342765808,
                    0.21754716336727142,
                    -0.0885099545121193
                ],
                [
                    -0.20210258662700653,
                    0.966754674911499,
                    0.15665212273597717
                ],
                [
                    0.11964663863182068,
                    -0.1343822181224823,
                    0.9836798906326294
                ]
            ],
            [
                [
                    0.9749001264572144,
                    -0.21216918528079987,
                    0.06748169660568237
                ],
                [
                    0.19913145899772644,
                    0.9664995670318604,
                    0.16194215416908264
                ],
                [
                    -0.09958016872406006,
                    -0.1444397270679474,
                    0.9844900965690613
                ]
            ]
        ],
        "betas": [
            -0.07091212272644043,
            -0.07983279228210449,
            0.08346942067146301,
            0.015977144241333008,
            0.005293667316436768,
            0.0459001399576664,
            0.03666144609451294,
            -0.08089989423751831,
            0.029621705412864685,
            -0.03685617446899414
        ]
    },
    "pred_cam_t": [
        -0.06461356580257416,
        0.14606258273124695,
        34.545204162597656
    ],
    "focal_length": [
        5000.0,
        5000.0
    ],
    "pred_keypoints_3d": [
        [
            -0.0062363119795918465,
            -0.7697937488555908,
            -0.23446521162986755
        ],
        [
            -0.03851666301488876,
            -0.723707914352417,
            -0.05068616941571236
        ],
        [
            -0.20775073766708374,
            -0.6197949647903442,
            -0.022944100201129913
        ],
        [
            -0.2681785523891449,
            -0.3850831389427185,
            0.051141925156116486
        ],
        [
            -0.26326361298561096,
            -0.17993958294391632,
            -0.09825430065393448
        ],
        [
            0.1451321244239807,
            -0.6642833948135376,
            -0.010067654773592949
        ],
        [
            0.22728362679481506,
            -0.44808754324913025,
            0.10795184969902039
        ],
        [
            0.28450363874435425,
            -0.2579793930053711,
            -0.040325552225112915
        ],
        [
            -0.0017476954963058233,
            -0.22351449728012085,
            0.028702545911073685
        ],
        [
            -0.06945536285638809,
            -0.13303807377815247,
            0.03841112181544304
        ],
        [
            -0.1401461362838745,
            0.23665818572044373,
            -0.027252737432718277
        ],
        [
            -0.1445140540599823,
            0.5496360063552856,
            0.21887335181236267
        ],
        [
            0.06858959048986435,
            -0.13267165422439575,
            0.03907760977745056
        ],
        [
            0.1253276914358139,
            0.23421704769134521,
            -0.00776856392621994
        ],
        [
            0.14169637858867645,
            0.5937520861625671,
            0.161635160446167
        ],
        [
            -0.047147639095783234,
            -0.8152755498886108,
            -0.22789472341537476
        ],
        [
            0.017490694299340248,
            -0.8225238919258118,
            -0.21432740986347198
        ],
        [
            -0.10996174812316895,
            -0.8330773115158081,
            -0.1459592878818512
        ],
        [
            0.03386426717042923,
            -0.8494184613227844,
            -0.11755569279193878
        ],
        [
            0.14801353216171265,
            0.7130268812179565,
            0.0005158334970474243
        ],
        [
            0.21248707175254822,
            0.6974076628684998,
            0.05163978040218353
        ],
        [
            0.14692145586013794,
            0.6075241565704346,
            0.231331467628479
        ],
        [
            -0.14561821520328522,
            0.6844617128372192,
            0.07623621821403503
        ],
        [
            -0.21870294213294983,
            0.6676386594772339,
            0.12154597043991089
        ],
        [
            -0.14607882499694824,
            0.5604400634765625,
            0.29195305705070496
        ],
        [
            -0.16442793607711792,
            0.4940812587738037,
            0.21628683805465698
        ],
        [
            -0.13199849426746368,
            0.17702262103557587,
            -0.027918178588151932
        ],
        [
            -0.1497475653886795,
            -0.2556385397911072,
            0.041968874633312225
        ],
        [
            0.14608734846115112,
            -0.24226981401443481,
            0.05077998340129852
        ],
        [
            0.13350339233875275,
            0.19288316369056702,
            -0.00811900943517685
        ],
        [
            0.14860904216766357,
            0.5535997748374939,
            0.17497655749320984
        ],
        [
            -0.2493164837360382,
            -0.2125129997730255,
            -0.11028416454792023
        ],
        [
            -0.2920514643192291,
            -0.40261319279670715,
            0.020984454080462456
        ],
        [
            -0.17763613164424896,
            -0.6515102386474609,
            -0.03093065321445465
        ],
        [
            0.11296772956848145,
            -0.6899006366729736,
            -0.014254385605454445
        ],
        [
            0.2553127408027649,
            -0.4747762680053711,
            0.07129321992397308
        ],
        [
            0.28373947739601135,
            -0.2801301181316376,
            -0.04618293046951294
        ],
        [
            -0.034260742366313934,
            -0.7203356027603149,
            -0.05116022378206253
        ],
        [
            -0.03161709010601044,
            -0.8848903179168701,
            -0.16498903930187225
        ],
        [
            -0.001096608815714717,
            -0.24936434626579285,
            0.046265918761491776
        ],
        [
            -0.032523319125175476,
            -0.6677312254905701,
            -0.025904735550284386
        ],
        [
            -0.013486355543136597,
            -0.4941602349281311,
            0.02602013200521469
        ],
        [
            -0.017691580578684807,
            -0.7723966240882874,
            -0.1544295996427536
        ],
        [
            -0.038002099841833115,
            -0.9051981568336487,
            -0.1652706116437912
        ]
    ],
    "pred_vertices": [
        [
            0.027939409017562866,
            -0.8673458099365234,
            -0.23052045702934265
        ],
        [
            0.023928890004754066,
            -0.8509583473205566,
            -0.23203276097774506
        ],
        [
            0.032549742609262466,
            -0.852035403251648,
            -0.220707505941391
        ],
        [
            0.03586609661579132,
            -0.8656703233718872,
            -0.21500059962272644
        ],
        [
            0.030100252479314804,
            -0.8410263061523438,
            -0.22302444279193878
        ],
        [
            0.022202208638191223,
            -0.838941216468811,
            -0.23165786266326904
        ],
        [
            0.03692000359296799,
            -0.8506299257278442,
            -0.20753148198127747
        ],
        [
            0.03930068016052246,
            -0.8612778186798096,
            -0.19952966272830963
        ],
        [
            0.03993618115782738,
            -0.8219946622848511,
            -0.18223538994789124
        ],
        [
            0.04168703407049179,
            -0.8215371370315552,
            -0.1713387370109558
        ],
        [
            0.04153183847665787,
            -0.8324357867240906,
            -0.1773465871810913
        ],
        [
            0.03878280147910118,
            -0.8299182653427124,
            -0.18676277995109558
        ],
        [
            0.03875473886728287,
            -0.799000084400177,
            -0.16985851526260376
        ],
        [
            0.035138364881277084,
            -0.7867878675460815,
            -0.17517051100730896
        ],
        [
            0.03501179814338684,
            -0.7820507287979126,
            -0.1626458466053009
        ],
        [
            0.0374332070350647,
            -0.7938278317451477,
            -0.15658354759216309
        ],
        [
            0.009299907833337784,
            -0.7881572842597961,
            -0.2082855999469757
        ],
        [
            0.014413218945264816,
            -0.7829641103744507,
            -0.20374640822410583
        ],
        [
            0.017852213233709335,
            -0.7899004220962524,
            -0.2046767771244049
        ],
        [
            0.011906342580914497,
            -0.7943347096443176,
            -0.2087460458278656
        ],
        [
            0.0016218814998865128,
            -0.7941169738769531,
            -0.21943390369415283
        ],
        [
            0.0016620121896266937,
            -0.8005038499832153,
            -0.21824410557746887
        ],
        [
            -0.0017532315105199814,
            -0.8017861843109131,
            -0.22531218826770782
        ],
        [
            -0.0006706174463033676,
            -0.7945048809051514,
            -0.22700759768486023
        ],
        [
            0.00408250093460083,
            -0.7827091217041016,
            -0.20742321014404297
        ],
        [
            0.00945553369820118,
            -0.7775768637657166,
            -0.20236362516880035
        ],
        [
            0.005044810473918915,
            -0.7923412322998047,
            -0.2127830982208252
        ],
        [
            0.0037282127887010574,
            -0.7873350381851196,
            -0.21355348825454712
        ],
        [
            0.0037344638258218765,
            -0.777801513671875,
            -0.22136877477169037
        ],
        [
            0.004766447469592094,
            -0.7828248143196106,
            -0.2214031219482422
        ],
        [
            0.0032425131648778915,
            -0.781125009059906,
            -0.2288089394569397
        ],
        [
            0.002000240609049797,
            -0.7760387659072876,
            -0.22647982835769653
        ],
        [
            0.004025554284453392,
            -0.7806384563446045,
            -0.21200989186763763
        ],
        [
            0.005258828401565552,
            -0.7824600338935852,
            -0.2155275195837021
        ],
        [
            0.0035780277103185654,
            -0.7779286503791809,
            -0.21682311594486237
        ],
        [
            0.0013236664235591888,
            -0.7768605351448059,
            -0.21339662373065948
        ],
        [
            0.0018814150243997574,
            -0.7891249656677246,
            -0.22048714756965637
        ],
        [
            0.0009043645113706589,
            -0.7881603240966797,
            -0.2281975895166397
        ],
        [
            -0.0010889265686273575,
            -0.7866499423980713,
            -0.23600336909294128
        ],
        [
            0.0008419174700975418,
            -0.7778739929199219,
            -0.2358812838792801
        ],
        [
            0.023432590067386627,
            -0.773935854434967,
            -0.19034510850906372
        ],
        [
            0.019704706966876984,
            -0.7782688736915588,
            -0.1979125440120697
        ],
        [
            0.014759261161088943,
            -0.7731965184211731,
            -0.1972799301147461
        ],
        [
            0.01864776574075222,
            -0.7696285247802734,
            -0.1915568709373474
        ],
        [
            0.0015360582619905472,
            -0.7753609418869019,
            -0.2088518738746643
        ],
        [
            0.005277743563055992,
            -0.7610872983932495,
            -0.20222805440425873
        ],
        [
            0.005541667342185974,
            -0.7645664215087891,
            -0.20375940203666687
        ],
        [
            0.0007888898253440857,
            -0.7632746696472168,
            -0.20908674597740173
        ],
        [
            0.0011183526366949081,
            -0.7601427435874939,
            -0.20736701786518097
        ],
        [
            0.02592279762029648,
            -0.7643969058990479,
            -0.17584538459777832
        ],
        [
            0.021569743752479553,
            -0.7612357139587402,
            -0.18070271611213684
        ],
        [
            0.021286696195602417,
            -0.7558690309524536,
            -0.17568537592887878
        ],
        [
            0.0245473962277174,
            -0.7582955360412598,
            -0.16939377784729004
        ],
        [
            0.01851724646985531,
            -0.7507346868515015,
            -0.1732778698205948
        ],
        [
            0.022292042151093483,
            -0.7521641254425049,
            -0.1640166938304901
        ],
        [
            0.013765264302492142,
            -0.7379369735717773,
            -0.1609533429145813
        ],
        [
            0.0180831216275692,
            -0.7444508075714111,
            -0.1619468331336975
        ],
        [
            0.014869697391986847,
            -0.7449612617492676,
            -0.17247003316879272
        ],
        [
            0.010556697845458984,
            -0.7384370565414429,
            -0.17456257343292236
        ],
        [
            0.001674547791481018,
            -0.7382951974868774,
            -0.18655644357204437
        ],
        [
            -0.003221457824110985,
            -0.7355550527572632,
            -0.18975427746772766
        ],
        [
            0.0006417501717805862,
            -0.7255613803863525,
            -0.18228787183761597
        ],
        [
            0.005403103306889534,
            -0.7309632897377014,
            -0.17872121930122375
        ],
        [
            0.0038421358913183212,
            -0.7571531534194946,
            -0.19613713026046753
        ],
        [
            0.006809130311012268,
            -0.7587308883666992,
            -0.1926705241203308
        ],
        [
            0.007738068699836731,
            -0.7592709064483643,
            -0.19519445300102234
        ],
        [
            0.004808923229575157,
            -0.7585812211036682,
            -0.19957229495048523
        ],
        [
            0.009665856137871742,
            -0.7596719264984131,
            -0.18999798595905304
        ],
        [
            0.011006321758031845,
            -0.7599176168441772,
            -0.18882915377616882
        ],
        [
            0.011182183399796486,
            -0.760592520236969,
            -0.19045433402061462
        ],
        [
            0.009820181876420975,
            -0.7601381540298462,
            -0.1907939612865448
        ],
        [
            0.0081253070384264,
            -0.7593585848808289,
            -0.1917126476764679
        ],
        [
            0.007246147841215134,
            -0.7573367953300476,
            -0.19159573316574097
        ],
        [
            0.00895717367529869,
            -0.758673906326294,
            -0.1903603971004486
        ],
        [
            0.004715465009212494,
            -0.7550917863845825,
            -0.1947014331817627
        ],
        [
            -0.005127843469381332,
            -0.7486719489097595,
            -0.20388518273830414
        ],
        [
            -0.0017531942576169968,
            -0.7499937415122986,
            -0.20187605917453766
        ],
        [
            -0.0034439973533153534,
            -0.7542188167572021,
            -0.20303350687026978
        ],
        [
            -0.0063377972692251205,
            -0.753394603729248,
            -0.2049357295036316
        ],
        [
            0.010080534964799881,
            -0.761489987373352,
            -0.1932273507118225
        ],
        [
            0.012329420074820518,
            -0.7633255124092102,
            -0.19272452592849731
        ],
        [
            0.009759493172168732,
            -0.7641167044639587,
            -0.19774648547172546
        ],
        [
            0.008481809869408607,
            -0.7616531848907471,
            -0.19649532437324524
        ],
        [
            0.014973530545830727,
            -0.7654610276222229,
            -0.19259271025657654
        ],
        [
            0.01316269300878048,
            -0.7622170448303223,
            -0.18981203436851501
        ],
        [
            0.015868939459323883,
            -0.7634812593460083,
            -0.1888568103313446
        ],
        [
            0.010448724031448364,
            -0.758278489112854,
            -0.1882828325033188
        ],
        [
            0.012592516839504242,
            -0.7576242089271545,
            -0.18566974997520447
        ],
        [
            0.0134646687656641,
            -0.7597255706787109,
            -0.187421053647995
        ],
        [
            0.010790649801492691,
            -0.7542312145233154,
            -0.1853531002998352
        ],
        [
            0.008394762873649597,
            -0.7558377981185913,
            -0.18915536999702454
        ],
        [
            0.0058744437992572784,
            -0.7526779174804688,
            -0.19183588027954102
        ],
        [
            0.002593318000435829,
            -0.7492648363113403,
            -0.19549904763698578
        ],
        [
            0.003994407132267952,
            -0.7462832927703857,
            -0.1903228610754013
        ],
        [
            0.007858337834477425,
            -0.7501930594444275,
            -0.1872028112411499
        ],
        [
            0.011416928842663765,
            -0.7682679891586304,
            -0.1980772316455841
        ],
        [
            0.017002975568175316,
            -0.7602819800376892,
            -0.18447677791118622
        ],
        [
            0.02038363367319107,
            -0.7664351463317871,
            -0.18615694344043732
        ],
        [
            0.01651773415505886,
            -0.7562971115112305,
            -0.18168219923973083
        ],
        [
            0.01438072882592678,
            -0.7520971894264221,
            -0.18024271726608276
        ],
        [
            0.010550307109951973,
            -0.7474017143249512,
            -0.1809728443622589
        ],
        [
            0.0064582861959934235,
            -0.742547869682312,
            -0.1836358904838562
        ],
        [
            -3.7979334592819214e-05,
            -0.7218101024627686,
            -0.16827291250228882
        ],
        [
            0.006643474102020264,
            -0.7288150787353516,
            -0.16516047716140747
        ],
        [
            0.019468994811177254,
            -0.8327243328094482,
            -0.22654181718826294
        ],
        [
            0.027079550549387932,
            -0.833778977394104,
            -0.22177860140800476
        ],
        [
            0.026195455342531204,
            -0.828414797782898,
            -0.21418753266334534
        ],
        [
            0.027937430888414383,
            -0.8307640552520752,
            -0.21452653408050537
        ],
        [
            0.023699840530753136,
            -0.8303717374801636,
            -0.21931686997413635
        ],
        [
            0.02306341379880905,
            -0.8278507590293884,
            -0.21766939759254456
        ],
        [
            0.03478473424911499,
            -0.8288480043411255,
            -0.1941710114479065
        ],
        [
            0.03153124451637268,
            -0.8282170295715332,
            -0.20021548867225647
        ],
        [
            0.031216267496347427,
            -0.8253912925720215,
            -0.19728432595729828
        ],
        [
            0.0360998809337616,
            -0.8232258558273315,
            -0.19060054421424866
        ],
        [
            0.025840923190116882,
            -0.815088152885437,
            -0.20226556062698364
        ],
        [
            0.02899545431137085,
            -0.8179470896720886,
            -0.19883519411087036
        ],
        [
            0.026299335062503815,
            -0.8225806951522827,
            -0.2047894150018692
        ],
        [
            0.02406703680753708,
            -0.8204711675643921,
            -0.2073320746421814
        ],
        [
            0.021037161350250244,
            -0.8188738822937012,
            -0.20987367630004883
        ],
        [
            0.0172655638307333,
            -0.8179354667663574,
            -0.21207821369171143
        ],
        [
            0.017366871237754822,
            -0.8133384585380554,
            -0.20927579700946808
        ],
        [
            0.021705590188503265,
            -0.8137353658676147,
            -0.20601218938827515
        ],
        [
            0.017784802243113518,
            -0.8302325010299683,
            -0.22236548364162445
        ],
        [
            0.01073467917740345,
            -0.8287613391876221,
            -0.22370702028274536
        ],
        [
            0.011816734448075294,
            -0.8264143466949463,
            -0.22149886190891266
        ],
        [
            0.01794995367527008,
            -0.8273709416389465,
            -0.22075653076171875
        ],
        [
            0.0005988404154777527,
            -0.8212027549743652,
            -0.21686109900474548
        ],
        [
            0.0021095331758260727,
            -0.8231848478317261,
            -0.21857449412345886
        ],
        [
            -0.0008452199399471283,
            -0.8235722780227661,
            -0.22108817100524902
        ],
        [
            -0.0020444095134735107,
            -0.8197422623634338,
            -0.218613862991333
        ],
        [
            0.00010961666703224182,
            -0.8172303438186646,
            -0.2168821394443512
        ],
        [
            0.001948406919836998,
            -0.819686770439148,
            -0.21622414886951447
        ],
        [
            0.018944591283798218,
            -0.8865303993225098,
            -0.2393227219581604
        ],
        [
            0.016625598073005676,
            -0.8674235343933105,
            -0.2419741451740265
        ],
        [
            0.0303814634680748,
            -0.8861886262893677,
            -0.22237427532672882
        ],
        [
            0.0366056002676487,
            -0.8817122578620911,
            -0.2055453658103943
        ],
        [
            0.04105805978178978,
            -0.8733268976211548,
            -0.19005419313907623
        ],
        [
            0.03075432777404785,
            -0.771781325340271,
            -0.16950637102127075
        ],
        [
            0.03012227639555931,
            -0.7660942077636719,
            -0.16032832860946655
        ],
        [
            0.03405334800481796,
            -0.7778923511505127,
            -0.15062208473682404
        ],
        [
            0.030813850462436676,
            -0.7700992226600647,
            -0.1428632289171219
        ],
        [
            0.026994196698069572,
            -0.7579982876777649,
            -0.15350355207920074
        ],
        [
            0.013928856700658798,
            -0.7400339841842651,
            -0.14757364988327026
        ],
        [
            0.02187270298600197,
            -0.7487978935241699,
            -0.14918741583824158
        ],
        [
            0.02521766908466816,
            -0.762287437915802,
            -0.1356862485408783
        ],
        [
            0.028590701520442963,
            -0.7797966003417969,
            -0.12489405274391174
        ],
        [
            0.03289623185992241,
            -0.7839028835296631,
            -0.13419434428215027
        ],
        [
            0.02880266308784485,
            -0.7990975379943848,
            -0.1186479926109314
        ],
        [
            0.021222077310085297,
            -0.7764129638671875,
            -0.11356768757104874
        ],
        [
            0.02355395257472992,
            -0.801115870475769,
            -0.11151862144470215
        ],
        [
            0.008570058271288872,
            -0.7421079874038696,
            -0.11106005311012268
        ],
        [
            0.010097240097820759,
            -0.7343660593032837,
            -0.10504598915576935
        ],
        [
            0.017464488744735718,
            -0.7467613220214844,
            -0.09290975332260132
        ],
        [
            0.01643749326467514,
            -0.7547888159751892,
            -0.09893293678760529
        ],
        [
            0.03618074953556061,
            -0.788727879524231,
            -0.14399409294128418
        ],
        [
            0.04170399159193039,
            -0.8450340628623962,
            -0.17414428293704987
        ],
        [
            0.04065996780991554,
            -0.8403448462486267,
            -0.18515123426914215
        ],
        [
            0.04188625514507294,
            -0.8348936438560486,
            -0.1657659411430359
        ],
        [
            0.03887242078781128,
            -0.9074139595031738,
            -0.17963460087776184
        ],
        [
            0.03880541771650314,
            -0.8961009979248047,
            -0.1947793811559677
        ],
        [
            0.04319922253489494,
            -0.8851683735847473,
            -0.18102410435676575
        ],
        [
            0.04317237809300423,
            -0.8972733020782471,
            -0.168755441904068
        ],
        [
            0.01473834365606308,
            -0.9332324266433716,
            -0.20783449709415436
        ],
        [
            0.019387591630220413,
            -0.9118586778640747,
            -0.2259603589773178
        ],
        [
            0.02889874577522278,
            -0.9054533839225769,
            -0.21155399084091187
        ],
        [
            0.026983801275491714,
            -0.922389805316925,
            -0.19621756672859192
        ],
        [
            0.041391048580408096,
            -0.9036223888397217,
            -0.15697377920150757
        ],
        [
            0.03700632601976395,
            -0.9117598533630371,
            -0.14089921116828918
        ],
        [
            0.03111698478460312,
            -0.9282495975494385,
            -0.1418447643518448
        ],
        [
            0.03544282540678978,
            -0.9205030202865601,
            -0.16265445947647095
        ],
        [
            0.017370015382766724,
            -0.947908878326416,
            -0.14656123518943787
        ],
        [
            0.022774789482355118,
            -0.9387515187263489,
            -0.1716005802154541
        ],
        [
            0.018754877150058746,
            -0.7923060655593872,
            -0.09845399111509323
        ],
        [
            0.01960241049528122,
            -0.8104833364486694,
            -0.10238128900527954
        ],
        [
            0.01622433215379715,
            -0.7637684941291809,
            -0.10748358070850372
        ],
        [
            0.018349038437008858,
            -0.7777872085571289,
            -0.09415709972381592
        ],
        [
            -0.0012501031160354614,
            -0.9618391990661621,
            -0.15214794874191284
        ],
        [
            0.006159164011478424,
            -0.952146053314209,
            -0.18201535940170288
        ],
        [
            0.013861991465091705,
            -0.9083518385887146,
            -0.09158392250537872
        ],
        [
            0.018218159675598145,
            -0.9220572113990784,
            -0.10504652559757233
        ],
        [
            0.028431512415409088,
            -0.9051493406295776,
