{
    "pred_cam": [
        1.497206687927246,
        0.06202179938554764,
        0.3358658254146576
    ],
    "pred_smpl_params": {
        "global_orient": [
            [
                [
                    -0.7941240072250366,
                    0.1511571705341339,
                    -0.5886582136154175
                ],
                [
                    0.03441654518246651,
                    -0.9558380246162415,
                    -0.2918718159198761
                ],
                [
                    -0.6067804098129272,
                    -0.2520420253276825,
                    0.753851592540741
                ]
            ]
        ],
        "body_pose": [
            [
                [
                    0.9983640909194946,
                    -0.05408051982522011,
                    -0.01855989173054695
                ],
                [
                    0.056139931082725525,
                    0.9887142777442932,
                    0.1388971358537674
                ],
                [
                    0.010838801972568035,
                    -0.13971185684204102,
                    0.9901329278945923
                ]
            ],
            [
                [
                    0.9876506328582764,
                    -0.010964685119688511,
                    -0.15628789365291595
                ],
                [
                    0.015737395733594894,
                    0.9994457960128784,
                    0.029333295300602913
                ],
                [
                    0.1558796465396881,
                    -0.03143061324954033,
                    0.9872758388519287
                ]
            ],
            [
                [
                    0.9963679313659668,
                    -0.01727147027850151,
                    0.08338240534067154
                ],
                [
                    0.027859367430210114,
                    0.9914422035217285,
                    -0.12753905355930328
                ],
                [
                    -0.08046604692935944,
                    0.12939880788326263,
                    0.988322377204895
                ]
            ],
            [
                [
                    0.9962223768234253,
                    0.029637379571795464,
                    -0.08162546902894974
                ],
                [
                    -0.04398156329989433,
                    0.9826860427856445,
                    -0.1799825131893158
                ],
                [
                    0.07487800717353821,
                    0.1828925907611847,
                    0.9802772998809814
                ]
            ],
            [
                [
                    0.9743914008140564,
                    -0.22242583334445953,
                    -0.03298766165971756
                ],
                [
                    0.17264096438884735,
                    0.8340155482292175,
                    -0.5240355134010315
                ],
                [
                    0.14407123625278473,
                    0.5049206614494324,
                    0.8510574102401733
                ]
            ],
            [
                [
                    0.9961562156677246,
                    0.00809503998607397,
                    0.08721940219402313
                ],
                [
                    -0.0016124671092256904,
                    0.997246503829956,
                    -0.07414037734270096
                ],
                [
                    -0.08757941424846649,
                    0.07371476292610168,
                    0.9934263825416565
                ]
            ],
            [
                [
                    0.9865602254867554,
                    0.03726278245449066,
                    0.15909254550933838
                ],
                [
                    -0.03282812610268593,
                    0.9989981651306152,
                    -0.030413346365094185
                ],
                [
                    -0.16006645560264587,
                    0.024781888350844383,
                    0.9867951273918152
                ]
            ],
            [
                [
                    0.9869256019592285,
                    0.06169533357024193,
                    -0.14890053868293762
                ],
                [
                    -0.04586785286664963,
                    0.9931482076644897,
                    0.10748393088579178
                ],
                [
                    0.15451155602931976,
                    -0.09924890846014023,
                    0.9829932451248169
                ]
            ],
            [
                [
                    0.996320903301239,
                    0.014954604208469391,
                    0.08438563346862793
                ],
                [
                    -0.011388693936169147,
                    0.9990280866622925,
                    -0.04258163645863533
                ],
                [
                    -0.08494040369987488,
                    0.0414639376103878,
                    0.9955228567123413
                ]
            ],
            [
                [
                    0.9946166276931763,
                    -0.08436358720064163,
                    0.06017117202281952
                ],
                [
                    0.08068282902240753,
                    0.9948601722717285,
                    0.061183735728263855
                ],
                [
                    -0.06502358615398407,
                    -0.055999577045440674,
                    0.9963111877441406
                ]
            ],
            [
                [
                    0.9976958632469177,
                    -0.010056108236312866,
                    -0.06709698587656021
                ],
                [
                    0.010025153867900372,
                    0.9999494552612305,
                    -0.000797595304902643
                ],
                [
                    0.0671016126871109,
                    0.00012309785233810544,
                    0.9977462291717529
                ]
            ],
            [
                [
                    0.9873587489128113,
                    0.02002982795238495,
                    0.15723057091236115
                ],
                [
                    -0.004342167638242245,
                    0.9950289726257324,
                    -0.0994907096028328
                ],
                [
                    -0.15844176709651947,
                    0.09755031019449234,
                    0.9825375080108643
                ]
            ],
            [
                [
                    0.9379665851593018,
                    0.2602267563343048,
                    -0.22912997007369995
                ],
                [
                    -0.24848222732543945,
                    0.9653912782669067,
                    0.07922401279211044
                ],
                [
                    0.24181625247001648,
                    -0.01737477257847786,
                    0.9701665043830872
                ]
            ],
            [
                [
                    0.9003763198852539,
                    -0.27119025588035583,
                    0.34026196599006653
                ],
                [
                    0.28445813059806824,
                    0.9586216807365417,
                    0.011313328519463539
                ],
                [
                    -0.3292505741119385,
                    0.0866040289402008,
                    0.9402625560760498
                ]
            ],
            [
                [
                    0.9925780296325684,
                    0.08819669485092163,
                    0.08372662216424942
                ],
                [
                    -0.04323912411928177,
                    0.8994525074958801,
                    -0.4348740875720978
                ],
                [
                    -0.11366259306669235,
                    0.4280262291431427,
                    0.8965903520584106
                ]
            ],
            [
                [
                    0.5295658111572266,
                    0.6822159290313721,
                    -0.5041243433952332
                ],
                [
                    -0.766259491443634,
                    0.6396576762199402,
                    0.060698896646499634
                ],
                [
                    0.3638767898082733,
                    0.3541460633277893,
                    0.8614952564239502
                ]
            ],
            [
                [
                    0.4825778603553772,
                    -0.7443538904190063,
                    0.4615798592567444
                ],
                [
                    0.8045151829719543,
                    0.5850474238395691,
                    0.10234668850898743
                ],
                [
                    -0.3462282717227936,
                    0.3219577372074127,
                    0.8811749219894409
                ]
            ],
            [
                [
                    -0.17440639436244965,
                    -0.39215660095214844,
                    -0.9032139182090759
                ],
                [
                    0.03070935234427452,
                    0.914659857749939,
                    -0.40305596590042114
                ],
                [
                    0.9841946959495544,
                    -0.09803268313407898,
                    -0.14747965335845947
                ]
            ],
            [
                [
                    0.40553513169288635,
                    0.21123909950256348,
                    0.8893364667892456
                ],
                [
                    -0.02953713946044445,
                    0.9754514098167419,
                    -0.2182246744632721
                ],
                [
                    -0.9136021733283997,
                    0.06222933158278465,
                    0.40181922912597656
                ]
            ],
            [
                [
                    0.9822712540626526,
                    -0.1578368991613388,
                    -0.10114697366952896
                ],
                [
                    0.17394867539405823,
                    0.968558669090271,
                    0.1778649538755417
                ],
                [
                    0.06989312916994095,
                    -0.1923060119152069,
                    0.9788428544998169
                ]
            ],
            [
                [
                    0.9928655028343201,
                    0.07980495691299438,
                    0.08859562128782272
                ],
                [
                    -0.0889313817024231,
                    0.9905557632446289,
                    0.1043579950928688
                ],
                [
                    -0.07943060994148254,
                    -0.11149238795042038,
                    0.9905858039855957
                ]
            ],
            [
                [
                    0.9779779314994812,
                    0.1980060487985611,
                    -0.06597559154033661
                ],
                [
                    -0.19084198772907257,
                    0.9763720631599426,
                    0.10137560963630676
                ],
                [
                    0.08448970317840576,
                    -0.086552195250988,
                    0.9926581978797913
                ]
            ],
            [
                [
                    0.9794629216194153,
                    -0.19480273127555847,
                    0.05200251564383507
                ],
                [
                    0.18645036220550537,
                    0.9732680916786194,
                    0.13411001861095428
                ],
                [
                    -0.07673738896846771,
                    -0.12165990471839905,
                    0.9896010756492615
                ]
            ]
        ],
        "betas": [
            -0.2628173232078552,
            -0.2950315773487091,
            0.27792122960090637,
            0.4437485635280609,
            0.2671830654144287,
            -0.020022209733724594,
            -0.014530271291732788,
            -0.10080763697624207,
            0.002387002110481262,
            -0.09587600827217102
        ]
    },
    "pred_cam_t": [
        0.06202179938554764,
        0.3358658254146576,
        26.090251922607422
    ],
    "focal_length": [
        5000.0,
        5000.0
    ],
    "pred_keypoints_3d": [
        [
            -0.10203193873167038,
            -0.7862598896026611,
            -0.0049608610570430756
        ],
        [
            0.05671332776546478,
            -0.7232499718666077,
            -0.07001782953739166
        ],
        [
            0.1420689970254898,
            -0.6444646716117859,
            0.09561385214328766
        ],
        [
            0.09900937229394913,
            -0.41741055250167847,
            0.18693393468856812
        ],
        [
            -0.14590120315551758,
            -0.38277488946914673,
            0.21111834049224854
        ],
        [
            -0.06926529854536057,
            -0.6262689232826233,
            -0.188138946890831
        ],
        [
            -0.1853041648864746,
            -0.4016646444797516,
            -0.15987494587898254
        ],
        [
            -0.21397648751735687,
            -0.522865355014801,
            0.048431575298309326
        ],
        [
            -0.0017662777099758387,
            -0.22690388560295105,
            0.029001329094171524
        ],
        [
            0.041242171078920364,
            -0.1416630744934082,
            0.09031134843826294
        ],
        [
            0.010668477043509483,
            0.2135300636291504,
            0.19988961517810822
        ],
        [
            -0.027864689007401466,
            0.5646036863327026,
            0.0401107519865036
        ],
        [
            -0.06752841174602509,
            -0.1352711319923401,
            0.004457835108041763
        ],
        [
            -0.189788818359375,
            0.1956099271774292,
            0.09803570806980133
        ],
        [
            -0.21213924884796143,
            0.5789912939071655,
            0.1472405344247818
        ],
        [
            -0.07720153033733368,
            -0.8380066156387329,
            0.014912672340869904
        ],
        [
            -0.10328441858291626,
            -0.8314611911773682,
            -0.04560959339141846
        ],
        [
            0.0249507874250412,
            -0.8642728328704834,
            0.014231085777282715
        ],
        [
            -0.03553380072116852,
            -0.8503031730651855,
            -0.119563028216362
        ],
        [
            -0.3407934904098511,
            0.5916896462440491,
            0.29894429445266724
        ],
        [
            -0.3593226373195648,
            0.6091227531433105,
            0.21930545568466187
        ],
        [
            -0.18327492475509644,
            0.6239458918571472,
            0.10659288614988327
        ],
        [
            -0.10088112205266953,
            0.6411556005477905,
            0.20701856911182404
        ],
        [
            -0.017784656956791878,
            0.652718186378479,
            0.18354953825473785
        ],
        [
            -0.01146361418068409,
            0.5957672595977783,
            -0.02029290795326233
        ],
        [
            0.008906137198209763,
            0.5163249969482422,
            0.039540279656648636
        ],
        [
            0.016817139461636543,
            0.1513284593820572,
            0.19126468896865845
        ],
        [
            0.12628619372844696,
            -0.25988203287124634,
            0.10448785126209259
        ],
        [
            -0.10202282667160034,
            -0.23116683959960938,
            -0.08306094259023666
        ],
        [
            -0.18679088354110718,
            0.15547513961791992,
            0.07954869419336319
        ],
        [
            -0.19991549849510193,
            0.5504233241081238,
            0.11627748608589172
        ],
        [
            -0.1313699334859848,
            -0.41579383611679077,
            0.19537417590618134
        ],
        [
            0.08838709443807602,
            -0.45118415355682373,
            0.2113213837146759
        ],
        [
            0.1281016767024994,
            -0.6721537709236145,
            0.061175450682640076
        ],
        [
            -0.04483174532651901,
            -0.6544561386108398,
            -0.17784981429576874
        ],
        [
            -0.20866268873214722,
            -0.44773685932159424,
            -0.16799084842205048
        ],
        [
            -0.20935165882110596,
            -0.5338457822799683,
            0.026072727516293526
        ],
        [
            0.04379434138536453,
            -0.7170014977455139,
            -0.06326524913311005
        ],
        [
            -0.04040087014436722,
            -0.9006410241127014,
            -0.047113824635744095
        ],
        [
            0.011636797338724136,
            -0.24564889073371887,
            0.009948513470590115
        ],
        [
            0.04198437184095383,
            -0.6604999303817749,
            -0.05564805865287781
        ],
        [
            0.055215463042259216,
            -0.4831295609474182,
            -0.04730171710252762
        ],
        [
            -0.03167574852705002,
            -0.7857397198677063,
            -0.04088108614087105
        ],
        [
            -0.03937215730547905,
            -0.9203871488571167,
            -0.04565488547086716
        ]
    ],
    "pred_vertices": [
        [
            -0.12617088854312897,
            -0.8745747804641724,
            -0.05406668037176132
        ],
        [
            -0.12426888942718506,
            -0.8591151237487793,
            -0.04644780978560448
        ],
        [
            -0.11941394209861755,
            -0.8578029870986938,
            -0.06026530638337135
        ],
        [
            -0.11757241189479828,
            -0.8703854084014893,
            -0.0687645897269249
        ],
        [
            -0.1194886863231659,
            -0.8473878502845764,
            -0.054566219449043274
        ],
        [
            -0.12162426114082336,
            -0.8475224375724792,
            -0.04254457354545593
        ],
        [
            -0.11114279925823212,
            -0.8546416759490967,
            -0.07076970487833023
        ],
        [
            -0.10702447593212128,
            -0.8642920255661011,
            -0.079445019364357
        ],
        [
            -0.0905112773180008,
            -0.8244767189025879,
            -0.08222850412130356
        ],
        [
            -0.0823952704668045,
            -0.8231457471847534,
            -0.08982682228088379
        ],
        [
            -0.08813256025314331,
            -0.8340643644332886,
            -0.08838944882154465
        ],
        [
            -0.09411996603012085,
            -0.8327363133430481,
            -0.08011544495820999
        ],
        [
            -0.07788059115409851,
            -0.8017698526382446,
            -0.08341959863901138
        ],
        [
            -0.07923652231693268,
            -0.7909343242645264,
            -0.0748768299818039
        ],
        [
            -0.0686541199684143,
            -0.785629391670227,
            -0.08100073784589767
        ],
        [
            -0.06571796536445618,
            -0.7963265180587769,
            -0.08893603086471558
        ],
        [
            -0.09125230461359024,
            -0.7995660305023193,
            -0.03572634980082512
        ],
        [
            -0.09020604193210602,
            -0.7931786775588989,
            -0.041398800909519196
        ],
        [
            -0.09356406331062317,
            -0.79917311668396,
            -0.0449209101498127
        ],
        [
            -0.09372958540916443,
            -0.8049606680870056,
            -0.03875933215022087
        ],
        [
            -0.09639142453670502,
            -0.8074028491973877,
            -0.024578075855970383
        ],
        [
            -0.09600520133972168,
            -0.8134900331497192,
            -0.026515638455748558
        ],
        [
            -0.09990935027599335,
            -0.8158117532730103,
            -0.02004169672727585
        ],
        [
            -0.10131502896547318,
            -0.8086490035057068,
            -0.01855141669511795
        ],
        [
            -0.08707758784294128,
            -0.7953246831893921,
            -0.031111981719732285
        ],
        [
            -0.08567836880683899,
            -0.7889925241470337,
            -0.03722477704286575
        ],
        [
            -0.0927051305770874,
            -0.8047319054603577,
            -0.030685903504490852
        ],
        [
            -0.09210480004549026,
            -0.8001692295074463,
            -0.0282617025077343
        ],
        [
            -0.097923643887043,
            -0.791266679763794,
            -0.022043347358703613
        ],
        [
            -0.09895873814821243,
            -0.7959061861038208,
            -0.023839524015784264
        ],
        [
            -0.10395728796720505,
            -0.7949570417404175,
            -0.018124978989362717
        ],
        [
            -0.10094376653432846,
            -0.7901504039764404,
            -0.017403619363904
        ],
        [
            -0.09060213714838028,
            -0.7934255003929138,
            -0.02825995348393917
        ],
        [
            -0.09429597109556198,
            -0.7951797246932983,
            -0.02757534570991993
        ],
        [
            -0.09405409544706345,
            -0.7912019491195679,
            -0.024569585919380188
        ],
        [
            -0.0898858904838562,
            -0.7904452085494995,
            -0.024511922150850296
        ],
        [
            -0.09684930741786957,
            -0.8025832176208496,
            -0.023270418867468834
        ],
        [
            -0.1026407852768898,
            -0.8022406697273254,
            -0.017974603921175003
        ],
        [
            -0.10775349289178848,
            -0.8015754222869873,
            -0.0116179920732975
        ],
        [
            -0.10797793418169022,
            -0.7926408052444458,
            -0.011370785534381866
        ],
        [
            -0.08389461040496826,
            -0.7817779183387756,
            -0.05430120229721069
        ],
        [
            -0.08808973431587219,
            -0.7871949672698975,
            -0.04800775647163391
        ],
        [
            -0.08428168296813965,
            -0.7834575772285461,
            -0.04334266483783722
        ],
        [
            -0.08164024353027344,
            -0.7788681387901306,
            -0.048926305025815964
        ],
        [
            -0.0861579030752182,
            -0.788726270198822,
            -0.026845326647162437
        ],
        [
            -0.08195774257183075,
            -0.7739724516868591,
            -0.030559543520212173
        ],
        [
            -0.08354784548282623,
            -0.7773230075836182,
            -0.030669497326016426
        ],
        [
            -0.08506207913160324,
            -0.7773231267929077,
            -0.023648543283343315
        ],
        [
            -0.08367037773132324,
            -0.7741826772689819,
            -0.024215081706643105
        ],
        [
            -0.07293087244033813,
            -0.7711957693099976,
            -0.06261540949344635
        ],
        [
            -0.0740363746881485,
            -0.7694466710090637,
            -0.05568760260939598
        ],
        [
            -0.06949345767498016,
            -0.7639496326446533,
            -0.05717824772000313
        ],
        [
            -0.06655953824520111,
            -0.7651247382164001,
            -0.06396136432886124
        ],
        [
            -0.0657089501619339,
            -0.7594132423400879,
            -0.05529721826314926
        ],
        [
            -0.060585737228393555,
            -0.7594423890113831,
            -0.06381876766681671
        ],
        [
            -0.052476100623607635,
            -0.7473101615905762,
            -0.055343884974718094
        ],
        [
            -0.056105077266693115,
            -0.7527751922607422,
            -0.05977524816989899
        ],
        [
            -0.06255243718624115,
            -0.754599392414093,
            -0.05150903761386871
        ],
        [
            -0.0613677054643631,
            -0.7493851184844971,
            -0.04545481503009796
        ],
        [
            -0.06568355858325958,
            -0.7518657445907593,
            -0.03151135519146919
        ],
        [
            -0.06524025648832321,
            -0.7504838705062866,
            -0.025432825088500977
        ],
        [
            -0.060750044882297516,
            -0.7396221160888672,
            -0.030465872958302498
        ],
        [
            -0.061315327882766724,
            -0.7434108257293701,
            -0.03752657771110535
        ],
        [
            -0.07602842897176743,
            -0.7701846361160278,
            -0.03196532279253006
        ],
        [
            -0.075065478682518,
            -0.7708767652511597,
            -0.036589547991752625
        ],
        [
            -0.07765436917543411,
            -0.771318793296814,
            -0.036019280552864075
        ],
        [
            -0.07941840589046478,
            -0.7715567350387573,
            -0.031066132709383965
        ],
        [
            -0.07459971308708191,
            -0.7710362076759338,
            -0.04050847142934799
        ],
        [
            -0.07440456748008728,
            -0.7709580659866333,
            -0.042289555072784424
        ],
        [
            -0.07585646957159042,
            -0.771660327911377,
            -0.04167590290307999
        ],
        [
            -0.07524950802326202,
            -0.771486759185791,
            -0.040382008999586105
        ],
        [
            -0.0750223696231842,
            -0.7711271047592163,
            -0.03834623098373413
        ],
        [
            -0.07435144484043121,
            -0.7693220973014832,
            -0.037315335124731064
        ],
        [
            -0.07449237257242203,
            -0.7702014446258545,
            -0.03954864665865898
        ],
        [
            -0.075278639793396,
            -0.767874538898468,
            -0.03308563679456711
        ],
        [
            -0.07651928812265396,
            -0.7643260955810547,
            -0.01888030767440796
        ],
        [
            -0.0770297646522522,
            -0.7648335695266724,
            -0.0228191576898098
        ],
        [
            -0.07719022035598755,
            -0.7693239450454712,
            -0.021716509014368057
        ],
        [
            -0.07696087658405304,
            -0.7691237926483154,
            -0.018337272107601166
        ],
        [
            -0.07742323726415634,
            -0.772824764251709,
            -0.03956511989235878
        ],
        [
            -0.07855600863695145,
            -0.77419114112854,
            -0.04193827509880066
        ],
        [
            -0.08118393272161484,
            -0.7757303714752197,
            -0.037268780171871185
        ],
        [
            -0.079292431473732,
            -0.7735569477081299,
            -0.03639708831906319
        ],
        [
            -0.0800742357969284,
            -0.7756460905075073,
            -0.04464312642812729
        ],
        [
            -0.076544389128685,
            -0.7728049755096436,
            -0.043961185961961746
        ],
        [
            -0.07738681137561798,
            -0.7733665704727173,
            -0.04697808995842934
        ],
        [
            -0.07358439266681671,
            -0.7694051265716553,
            -0.0417943112552166
        ],
        [
            -0.0725761204957962,
            -0.7682199478149414,
            -0.04484638199210167
        ],
        [
            -0.07462012767791748,
            -0.7701900005340576,
            -0.0449957549571991
        ],
        [
            -0.07115422934293747,
            -0.7652400135993958,
            -0.04287571460008621
        ],
        [
            -0.07301302999258041,
            -0.7674976587295532,
            -0.03919708728790283
        ],
        [
            -0.07357801496982574,
            -0.7651065587997437,
            -0.03502582758665085
        ],
        [
            -0.07438070327043533,
            -0.7627416849136353,
            -0.029654256999492645
        ],
        [
            -0.07077258825302124,
            -0.759253740310669,
            -0.032981887459754944
        ],
        [
            -0.07078799605369568,
            -0.7619980573654175,
            -0.03866015374660492
        ],
        [
            -0.0826452448964119,
            -0.7793729901313782,
            -0.03932134807109833
        ],
        [
            -0.07426908612251282,
            -0.7698289155960083,
            -0.04961023107171059
        ],
        [
            -0.0780453234910965,
            -0.7751510739326477,
            -0.05268958583474159
        ],
        [
            -0.07144872844219208,
            -0.7658940553665161,
            -0.049959782510995865
        ],
        [
            -0.0688028335571289,
            -0.7621301412582397,
            -0.04817905277013779
        ],
        [
            -0.06718245893716812,
            -0.7583647966384888,
            -0.04387820512056351
        ],
        [
            -0.0664101168513298,
            -0.7547483444213867,
            -0.03786921501159668
        ],
        [
            -0.049052104353904724,
            -0.7350175380706787,
            -0.036677345633506775
        ],
        [
            -0.05126360058784485,
            -0.7401403188705444,
            -0.04533412307500839
        ],
        [
            -0.11547142267227173,
            -0.8414027690887451,
            -0.042034637182950974
        ],
        [
            -0.11596137285232544,
            -0.8407480716705322,
            -0.05107451230287552
        ],
        [
            -0.10884954035282135,
            -0.8352539539337158,
            -0.05359655246138573
        ],
        [
            -0.11037091910839081,
            -0.8372629880905151,
            -0.055255938321352005
        ],
        [
            -0.11191438138484955,
            -0.8378031253814697,
            -0.049110252410173416
        ],
        [
            -0.10987970232963562,
            -0.8355096578598022,
            -0.04901831969618797
        ],
        [
            -0.09737727046012878,
            -0.8330597877502441,
            -0.0721977949142456
        ],
        [
            -0.10021990537643433,
            -0.8334486484527588,
            -0.06584831327199936
        ],
        [
            -0.09759220480918884,
            -0.8306209444999695,
            -0.06668933480978012
        ],
        [
            -0.09507453441619873,
            -0.8270583748817444,
            -0.07418467104434967
        ],
        [
            -0.09782113134860992,
            -0.8218808174133301,
            -0.05758409574627876
        ],
        [
            -0.097203329205513,
            -0.8238564729690552,
            -0.06265366077423096
        ],
        [
            -0.10056187212467194,
            -0.8292467594146729,
            -0.058038379997015
        ],
        [
            -0.10117863118648529,
            -0.8277683258056641,
            -0.05440879985690117
        ],
        [
            -0.10132333636283875,
            -0.8269308805465698,
            -0.05029486119747162
        ],
        [
            -0.10104082524776459,
            -0.8268728852272034,
            -0.045781005173921585
        ],
        [
            -0.09833216667175293,
            -0.8222421407699585,
            -0.04662727937102318
        ],
        [
            -0.09823311865329742,
            -0.8215551376342773,
            -0.05201060324907303
        ],
        [
            -0.11083617806434631,
            -0.8390055894851685,
            -0.042810894548892975
        ],
        [
            -0.10789486765861511,
            -0.8391647338867188,
            -0.03604862093925476
        ],
        [
            -0.10631288588047028,
            -0.8366042375564575,
            -0.037853628396987915
        ],
        [
            -0.10922454297542572,
            -0.8363580703735352,
            -0.043314799666404724
        ],
        [
            -0.09579166769981384,
            -0.8336620330810547,
            -0.030452575534582138
        ],
        [
            -0.09822671115398407,
            -0.8353301882743835,
            -0.031084010377526283
        ],
        [
            -0.09849047660827637,
            -0.83658766746521,
            -0.027372069656848907
        ],
        [
            -0.09555022418498993,
            -0.8329275846481323,
            -0.0270625539124012
        ],
        [
            -0.09516188502311707,
            -0.8299411535263062,
            -0.02924317680299282
        ],
        [
            -0.0958956629037857,
            -0.8318698406219482,
            -0.031556982547044754
        ],
        [
            -0.12983940541744232,
            -0.8958579897880554,
            -0.045435093343257904
        ],
        [
            -0.12969772517681122,
            -0.8774785995483398,
            -0.03869388997554779
        ],
        [
            -0.12230801582336426,
            -0.8921816945075989,
            -0.06447500735521317
        ],
        [
            -0.11165890097618103,
            -0.8851776719093323,
            -0.07795899361371994
        ],
        [
            -0.10153162479400635,
            -0.875076949596405,
            -0.08888460695743561
        ],
        [
            -0.07113677263259888,
            -0.7769120335578918,
            -0.07160861045122147
        ],
        [
            -0.06295850872993469,
            -0.7710370421409607,
            -0.07518699020147324
        ],
        [
            -0.058079421520233154,
            -0.781005859375,
            -0.08640788495540619
        ],
        [
            -0.0497826486825943,
            -0.7735099196434021,
            -0.08658294379711151
        ],
        [
            -0.0553402304649353,
            -0.7633819580078125,
            -0.07483755052089691
        ],
        [
            -0.04285097122192383,
            -0.7477716207504272,
            -0.06369398534297943
        ],
        [
            -0.048693910241127014,
            -0.7551845908164978,
            -0.07106775045394897
        ],
        [
            -0.04101555049419403,
            -0.7659748792648315,
            -0.0847829133272171
        ],
        [
            -0.03512167930603027,
            -0.781509518623352,
            -0.09783454239368439
        ],
        [
            -0.0447111576795578,
            -0.785811722278595,
            -0.09653645753860474
        ],
        [
            -0.030864596366882324,
            -0.8000400066375732,
            -0.10565704852342606
        ],
        [
            -0.022892460227012634,
            -0.7773935198783875,
            -0.09806689620018005
        ],
        [
            -0.02243046462535858,
            -0.8019622564315796,
            -0.10642782598733902
        ],
        [
            -0.016143955290317535,
            -0.7468606233596802,
            -0.07863837480545044
        ],
        [
            -0.013582136482000351,
            -0.7387723326683044,
            -0.07992881536483765
        ],
        [
            -0.0073324814438819885,
            -0.7467955946922302,
            -0.09597119688987732
        ],
        [
            -0.010369323194026947,
            -0.7556358575820923,
            -0.09476161003112793
        ],
        [
            -0.05439670383930206,
            -0.7907445430755615,
            -0.09424183517694473
        ],
        [
            -0.08643637597560883,
            -0.846621036529541,
            -0.09264880418777466
        ],
        [
            -0.0945674329996109,
            -0.8425291776657104,
            -0.08453851193189621
        ],
        [
            -0.07856179773807526,
            -0.835931122303009,
            -0.09603412449359894
        ],
        [
            -0.09437662363052368,
            -0.9088460803031921,
            -0.10031737387180328
        ],
        [
            -0.1060270369052887,
            -0.8982505798339844,
            -0.08909550309181213
        ],
        [
            -0.09610304236412048,
            -0.8861188888549805,
            -0.0984024852514267
        ],
        [
            -0.08715122938156128,
            -0.8973256349563599,
            -0.10801000893115997
        ],
        [
            -0.10614781081676483,
            -0.9403059482574463,
            -0.06929004192352295
        ],
        [
            -0.12132959067821503,
            -0.9192599654197693,
            -0.05847971513867378
        ],
        [
            -0.11496603488922119,
            -0.910635232925415,
            -0.0736284926533699
        ],
        [
            -0.10226093232631683,
            -0.926551103591919,
            -0.08387883752584457
        ],
        [
            -0.07674366235733032,
            -0.903247594833374,
            -0.11457014828920364
        ],
        [
            -0.06143568456172943,
            -0.9113842248916626,
            -0.12165533006191254
        ],
        [
            -0.06000080704689026,
            -0.9289633631706238,
            -0.11991754174232483
        ],
        [
            -0.07962384819984436,
            -0.921597957611084,
            -0.11010178178548813
        ],
        [
            -0.057717129588127136,
            -0.9512147903442383,
            -0.10991989076137543
        ],
        [
            -0.08089034259319305,
            -0.942414402961731,
            -0.09794068336486816
        ],
        [
            -0.009048789739608765,
            -0.7923251390457153,
            -0.10684433579444885
        ],
        [
            -0.012828588485717773,
            -0.8117139339447021,
            -0.10951434075832367
        ],
        [
            -0.01599859446287155,
            -0.7652631998062134,
            -0.09350594133138657
        ],
        [
            -0.0060090720653533936,
            -0.7769187688827515,
            -0.10505181550979614
        ],
        [
            -0.05306990444660187,
            -0.968764066696167,
            -0.0941944271326065
        ],
        [
            -0.081313356757164,
            -0.9595947861671448,
            -0.08134083449840546
        ],
        [
            -0.006910860538482666,
            -0.9097448587417603,
            -0.13141849637031555
        ],
        [
            -0.0217963308095932,
            -0.9231564402580261,
            -0.12912431359291077
        ],
        [
            -0.0324195921421051,
