{
    "pred_cam": [
        1.1313425302505493,
        -0.03676948696374893,
        0.1504007875919342
    ],
    "pred_smpl_params": {
        "global_orient": [
            [
                [
                    0.998221755027771,
                    0.031166788190603256,
                    0.05081215873360634
                ],
                [
                    0.028857093304395676,
                    -0.9985441565513611,
                    0.04557245969772339
                ],
                [
                    0.05215853080153465,
                    -0.04402513429522514,
                    -0.9976679086685181
                ]
            ]
        ],
        "body_pose": [
            [
                [
                    0.9954022765159607,
                    -0.09434950351715088,
                    -0.01650380901992321
                ],
                [
                    0.0956445038318634,
                    0.9698750972747803,
                    0.22404125332832336
                ],
                [
                    -0.005131549667567015,
                    -0.22458970546722412,
                    0.9744399189949036
                ]
            ],
            [
                [
                    0.9929787516593933,
                    0.1178906038403511,
                    -0.00974883884191513
                ],
                [
                    -0.11280179768800735,
                    0.9684810638427734,
                    0.22208143770694733
                ],
                [
                    0.03562287986278534,
                    -0.21942244470119476,
                    0.9749794006347656
                ]
            ],
            [
                [
                    0.9991235733032227,
                    -0.019947901368141174,
                    0.036798082292079926
                ],
                [
                    0.026361694559454918,
                    0.9827563166618347,
                    -0.1830165982246399
                ],
                [
                    -0.03251275047659874,
                    0.1838262677192688,
                    0.9824208617210388
                ]
            ],
            [
                [
                    0.9867671728134155,
                    -0.02270781435072422,
                    -0.16054585576057434
                ],
                [
                    -0.06272419542074203,
                    0.8595983982086182,
                    -0.5071057677268982
                ],
                [
                    0.14952020347118378,
                    0.5104653835296631,
                    0.8467991352081299
                ]
            ],
            [
                [
                    0.9890105128288269,
                    -0.03826897591352463,
                    0.1428062915802002
                ],
                [
                    0.12464100122451782,
                    0.7353242635726929,
                    -0.6661552786827087
                ],
                [
                    -0.07951585203409195,
                    0.6766341328620911,
                    0.7320132851600647
                ]
            ],
            [
                [
                    0.9983102083206177,
                    -0.0423925407230854,
                    0.03974403068423271
                ],
                [
                    0.04155711457133293,
                    0.9989022016525269,
                    0.021616220474243164
                ],
                [
                    -0.04061676934361458,
                    -0.01992804743349552,
                    0.9989759922027588
                ]
            ],
            [
                [
                    0.9798274040222168,
                    0.11103887856006622,
                    0.16615845263004303
                ],
                [
                    -0.11097021400928497,
                    0.9937761425971985,
                    -0.0097264489158988
                ],
                [
                    -0.1662043184041977,
                    -0.008908397518098354,
                    0.986051082611084
                ]
            ],
            [
                [
                    0.9809280037879944,
                    -0.057216040790081024,
                    -0.18575967848300934
                ],
                [
                    0.06897388398647308,
                    0.9959624409675598,
                    0.05745811015367508
                ],
                [
                    0.18172213435173035,
                    -0.06917483359575272,
                    0.9809138774871826
                ]
            ],
            [
                [
                    0.9991099834442139,
                    -0.025070298463106155,
                    0.03392021730542183
                ],
                [
                    0.028266770765185356,
                    0.9948539137840271,
                    -0.09729696810245514
                ],
                [
                    -0.031306397169828415,
                    0.09816920012235641,
                    0.9946771264076233
                ]
            ],
            [
                [
                    0.9676589965820312,
                    -0.25089114904403687,
                    -0.026260072365403175
                ],
                [
                    0.2516407370567322,
                    0.9527333378791809,
                    0.1702236831188202
                ],
                [
                    -0.017688769847154617,
                    -0.17132660746574402,
                    0.9850554466247559
                ]
            ],
            [
                [
                    0.9886947274208069,
                    0.1499384641647339,
                    -0.0010689337505027652
                ],
                [
                    -0.14746598899364471,
                    0.9736322164535522,
                    0.1740521937608719
                ],
                [
                    0.027137862518429756,
                    -0.1719268560409546,
                    0.9847358465194702
                ]
            ],
            [
                [
                    0.9782119989395142,
                    0.057975850999355316,
                    0.19934965670108795
                ],
                [
                    -0.04535948857665062,
                    0.9967021346092224,
                    -0.06728626042604446
                ],
                [
                    -0.20259319245815277,
                    0.056777823716402054,
                    0.9776157140731812
                ]
            ],
            [
                [
                    0.9315887093544006,
                    0.3396061062812805,
                    0.12965406477451324
                ],
                [
                    -0.33275720477104187,
                    0.9402647614479065,
                    -0.07193611562252045
                ],
                [
                    -0.14633910357952118,
                    0.023871546611189842,
                    0.9889464378356934
                ]
            ],
            [
                [
                    0.9286202788352966,
                    -0.35201871395111084,
                    -0.11724864691495895
                ],
                [
                    0.3528035283088684,
                    0.9355821013450623,
                    -0.014686545357108116
                ],
                [
                    0.11486569046974182,
                    -0.027727508917450905,
                    0.992993950843811
                ]
            ],
            [
                [
                    0.9888749718666077,
                    0.1273970603942871,
                    0.07678714394569397
                ],
                [
                    -0.10469542443752289,
                    0.9628026485443115,
                    -0.24909834563732147
                ],
                [
                    -0.10566525906324387,
                    0.23828786611557007,
                    0.9654293060302734
                ]
            ],
            [
                [
                    0.500041127204895,
                    0.8354294896125793,
                    -0.22807101905345917
                ],
                [
                    -0.8657668828964233,
                    0.48838961124420166,
                    -0.10919376462697983
                ],
                [
                    0.020163828507065773,
                    0.2520577013492584,
                    0.9675020575523376
                ]
            ],
            [
                [
                    0.5891371965408325,
                    -0.7884970903396606,
                    0.17660607397556305
                ],
                [
                    0.7799838185310364,
                    0.6120240092277527,
                    0.1305825263261795
                ],
                [
                    -0.2110511064529419,
                    0.060818858444690704,
                    0.9755810499191284
                ]
            ],
            [
                [
                    0.4857940673828125,
                    -0.33337894082069397,
                    -0.8079992532730103
                ],
                [
                    0.11147778481245041,
                    0.9404886364936829,
                    -0.3210200071334839
                ],
                [
                    0.8669354319572449,
                    0.06587566435337067,
                    0.494048148393631
                ]
            ],
            [
                [
                    0.47803476452827454,
                    0.36360520124435425,
                    0.7995461821556091
                ],
                [
                    -0.5049629211425781,
                    0.8585872054100037,
                    -0.08854641765356064
                ],
                [
                    -0.7186760306358337,
                    -0.3614128828048706,
                    0.5940417051315308
                ]
            ],
            [
                [
                    0.9976522922515869,
                    -0.06846575438976288,
                    -0.0015286360867321491
                ],
                [
                    0.0682944655418396,
                    0.9930059909820557,
                    0.0963062196969986
                ],
                [
                    -0.00507573364302516,
                    -0.09618451446294785,
                    0.9953505396842957
                ]
            ],
            [
                [
                    0.9924769997596741,
                    0.11309138685464859,
                    -0.04690100625157356
                ],
                [
                    -0.110285684466362,
                    0.992169201374054,
                    0.0586295910179615
                ],
                [
                    0.05316423252224922,
                    -0.05301601439714432,
                    0.9971774816513062
                ]
            ],
            [
                [
                    0.966480016708374,
                    0.22859978675842285,
                    -0.1168702021241188
                ],
                [
                    -0.21263299882411957,
                    0.9678110480308533,
                    0.1346438080072403
                ],
                [
                    0.14388781785964966,
                    -0.1052800789475441,
                    0.9839779138565063
                ]
            ],
            [
                [
                    0.9677472114562988,
                    -0.24690872430801392,
                    0.05001401901245117
                ],
                [
                    0.23893892765045166,
                    0.9625123143196106,
                    0.12836800515651703
                ],
                [
                    -0.07983428239822388,
                    -0.11227749288082123,
                    0.9904646873474121
                ]
            ]
        ],
        "betas": [
            -0.036140307784080505,
            -0.0677211582660675,
            0.096242755651474,
            0.06929048895835876,
            0.021716594696044922,
            0.026219341903924942,
            0.011025398969650269,
            -0.07768011093139648,
            0.041813865303993225,
            -0.04234883189201355
        ]
    },
    "pred_cam_t": [
        -0.03676948696374893,
        0.1504007875919342,
        34.52756118774414
    ],
    "focal_length": [
        5000.0,
        5000.0
    ],
    "pred_keypoints_3d": [
        [
            0.06895887851715088,
            -0.7693815231323242,
            -0.21419885754585266
        ],
        [
            -0.008050208911299706,
            -0.7294391393661499,
            -0.04221481829881668
        ],
        [
            -0.18321314454078674,
            -0.6259544491767883,
            -0.02083042450249195
        ],
        [
            -0.2329525351524353,
            -0.3815939426422119,
            0.026685556396842003
        ],
        [
            -0.36497682332992554,
            -0.267965704202652,
            -0.15859903395175934
        ],
        [
            0.16669639945030212,
            -0.6590020060539246,
            0.022151943296194077
        ],
        [
            0.20430153608322144,
            -0.4358939528465271,
            0.15045708417892456
        ],
        [
            0.27083224058151245,
            -0.25115254521369934,
            -0.0015702992677688599
        ],
        [
            -0.0017979568801820278,
            -0.22449447214603424,
            0.028624873608350754
        ],
        [
            -0.07270156592130661,
            -0.13606050610542297,
            0.033241353929042816
        ],
        [
            -0.16254371404647827,
            0.2307286262512207,
            -0.028164386749267578
        ],
        [
            -0.18790042400360107,
            0.5418005585670471,
            0.22007715702056885
        ],
        [
            0.06471055001020432,
            -0.1313040554523468,
            0.04301319271326065
        ],
        [
            0.12628169357776642,
            0.23342189192771912,
            -0.016417942941188812
        ],
        [
            0.14315566420555115,
            0.5877914428710938,
            0.16481319069862366
        ],
        [
            0.03136226162314415,
            -0.817828893661499,
            -0.21865354478359222
        ],
        [
            0.09102119505405426,
            -0.8208981156349182,
            -0.1893358826637268
        ],
        [
            -0.04891021549701691,
            -0.8429819345474243,
            -0.15494555234909058
        ],
        [
            0.0845731571316719,
            -0.8499292731285095,
            -0.09204759448766708
        ],
        [
            0.15067581832408905,
            0.707084059715271,
            0.004027023911476135
        ],
        [
            0.21638265252113342,
            0.6906452178955078,
            0.054305389523506165
        ],
        [
            0.14783509075641632,
            0.6013618111610413,
            0.23497749865055084
        ],
        [
            -0.19375357031822205,
            0.6737348437309265,
            0.07318070530891418
        ],
        [
            -0.26566779613494873,
            0.6532529592514038,
            0.11886531114578247
        ],
        [
            -0.1923019289970398,
            0.553417980670929,
            0.29273122549057007
        ],
        [
            -0.2053755819797516,
            0.48542559146881104,
            0.2162289321422577
        ],
        [
            -0.15069818496704102,
            0.17078855633735657,
            -0.029344908893108368
        ],
        [
            -0.14884930849075317,
            -0.26204586029052734,
            0.03165315091609955
        ],
        [
            0.14440946280956268,
            -0.23976948857307434,
            0.061250537633895874
        ],
        [
            0.13387452065944672,
            0.19218651950359344,
            -0.015222722664475441
        ],
        [
            0.14918234944343567,
            0.5475084781646729,
            0.17741341888904572
        ],
        [
            -0.3499329686164856,
            -0.30135396122932434,
            -0.1648879051208496
        ],
        [
            -0.2642984688282013,
            -0.40990883111953735,
            0.013075629249215126
        ],
        [
            -0.1493569314479828,
            -0.6571303009986877,
            -0.031715843826532364
        ],
        [
            0.1357996165752411,
            -0.6862096786499023,
            0.013430247083306313
        ],
        [
            0.24212977290153503,
            -0.4619402587413788,
            0.11926139891147614
        ],
        [
            0.27215147018432617,
            -0.2740345299243927,
            -0.005136964842677116
        ],
        [
            -0.00440341979265213,
            -0.7233696579933167,
            -0.03681989386677742
        ],
        [
            0.0363210067152977,
            -0.8883405923843384,
            -0.15487954020500183
        ],
        [
            -0.0014589143684133887,
            -0.25120386481285095,
            0.04635496065020561
        ],
        [
            -0.007285375148057938,
            -0.6689465641975403,
            -0.012367499060928822
        ],
        [
            0.001796114258468151,
            -0.49452465772628784,
            0.02783557027578354
        ],
        [
            0.03765908256173134,
            -0.7753450870513916,
            -0.13925273716449738
        ],
        [
            0.03176490217447281,
            -0.9089658856391907,
            -0.15689913928508759
        ]
    ],
    "pred_vertices": [
        [
            0.1090303510427475,
            -0.8639126420021057,
            -0.20317724347114563
        ],
        [
            0.10391826182603836,
            -0.8480813503265381,
            -0.20523932576179504
        ],
        [
            0.10946711897850037,
            -0.8489068746566772,
            -0.1921556144952774
        ],
        [
            0.11265614628791809,
            -0.8621346354484558,
            -0.1860574334859848
        ],
        [
            0.10677814483642578,
            -0.8380794525146484,
            -0.19479340314865112
        ],
        [
            0.10120803117752075,
            -0.8362554907798767,
            -0.20515264570713043
        ],
        [
            0.11046925187110901,
            -0.8475959300994873,
            -0.17834186553955078
        ],
        [
            0.11197569966316223,
            -0.8580952882766724,
            -0.17001545429229736
        ],
        [
            0.10451148450374603,
            -0.819669783115387,
            -0.15254250168800354
        ],
        [
            0.10351065546274185,
            -0.8195044994354248,
            -0.1415584534406662
        ],
        [
            0.10557828843593597,
            -0.830369770526886,
            -0.14769048988819122
        ],
        [
            0.10514061152935028,
            -0.827590823173523,
            -0.15736854076385498
        ],
        [
            0.09838461875915527,
            -0.7974429726600647,
            -0.14066852629184723
        ],
        [
            0.0952763706445694,
            -0.7853111028671265,
            -0.14659383893013
        ],
        [
            0.09156408905982971,
            -0.7810543775558472,
            -0.13453775644302368
        ],
        [
            0.09335532784461975,
            -0.792803168296814,
            -0.12816020846366882
        ],
        [
            0.07890619337558746,
            -0.7874667644500732,
            -0.18510568141937256
        ],
        [
            0.08225306868553162,
            -0.7820255160331726,
            -0.17938506603240967
        ],
        [
            0.08633299916982651,
            -0.7886569499969482,
            -0.17949366569519043
        ],
        [
            0.08201361447572708,
            -0.793393611907959,
            -0.18500760197639465
        ],
        [
            0.07477369904518127,
            -0.7935490608215332,
            -0.19798220694065094
        ],
        [
            0.07501731812953949,
            -0.799953281879425,
            -0.19692721962928772
        ],
        [
            0.07366669923067093,
            -0.801222562789917,
            -0.20465415716171265
        ],
        [
            0.07453043758869171,
            -0.7938328385353088,
            -0.20589706301689148
        ],
        [
            0.07329161465167999,
            -0.782407820224762,
            -0.1855437010526657
        ],
        [
            0.07672037184238434,
            -0.7770816683769226,
            -0.17920011281967163
        ],
        [
            0.07635233551263809,
            -0.7917830944061279,
            -0.19061215221881866
        ],
        [
            0.07472722232341766,
            -0.7868795394897461,
            -0.1916520893573761
        ],
        [
            0.07602684199810028,
            -0.7770417928695679,
            -0.19907695055007935
        ],
        [
            0.0774366706609726,
            -0.7820090055465698,
            -0.1989229917526245
        ],
        [
            0.07772766053676605,
            -0.7801371812820435,
            -0.20649102330207825
        ],
        [
            0.07550818473100662,
            -0.7752258777618408,
            -0.20444203913211823
        ],
        [
            0.07414966821670532,
            -0.7801847457885742,
            -0.18999236822128296
        ],
        [
            0.0764058530330658,
            -0.7818117737770081,
            -0.19310149550437927
        ],
        [
            0.07473568618297577,
            -0.7773380279541016,
            -0.1947261542081833
        ],
        [
            0.0715964287519455,
            -0.7765520811080933,
            -0.19195787608623505
        ],
        [
            0.07489745318889618,
            -0.7885600328445435,
            -0.19887268543243408
        ],
        [
            0.07583421468734741,
            -0.7873662710189819,
            -0.20657311379909515
        ],
        [
            0.07573819160461426,
            -0.7857275009155273,
            -0.21462798118591309
        ],
        [
            0.07685364782810211,
            -0.7768629789352417,
            -0.21389693021774292
        ],
        [
            0.08692654222249985,
            -0.7727499008178711,
            -0.1640586256980896
        ],
        [
            0.08557915687561035,
            -0.7771282196044922,
            -0.17235995829105377
        ],
        [
            0.08024182915687561,
            -0.7724535465240479,
            -0.17293672263622284
        ],
        [
            0.08227652311325073,
            -0.7687665224075317,
            -0.1663714051246643
        ],
        [
            0.0704750046133995,
            -0.7752169370651245,
            -0.18746760487556458
        ],
        [
            0.07127521932125092,
            -0.7609230875968933,
            -0.17998722195625305
        ],
        [
            0.07215719670057297,
            -0.7643159627914429,
            -0.18142607808113098
        ],
        [
            0.0688287690281868,
            -0.763180673122406,
            -0.18776875734329224
        ],
        [
            0.06847793608903885,
            -0.7601181864738464,
            -0.18599599599838257
        ],
        [
            0.0848960429430008,
            -0.7635263204574585,
            -0.1493508219718933
        ],
        [
            0.08173023164272308,
            -0.7604802846908569,
            -0.15509432554244995
        ],
        [
            0.07976134121417999,
            -0.7553633451461792,
            -0.15024246275424957
        ],
        [
            0.08137314021587372,
            -0.7578084468841553,
            -0.14343509078025818
        ],
        [
            0.07599300146102905,
            -0.7505708932876587,
            -0.1485641598701477
        ],
        [
            0.0773133784532547,
            -0.7521023750305176,
            -0.13875631988048553
        ],
        [
            0.06716993451118469,
            -0.7386350035667419,
            -0.13773316144943237
        ],
        [
            0.07207313179969788,
            -0.7447693347930908,
            -0.13771170377731323
        ],
        [
            0.07178647071123123,
            -0.7450864315032959,
            -0.14859572052955627
        ],
        [
            0.06757595390081406,
            -0.7387740612030029,
            -0.15161755681037903
        ],
        [
            0.06210007891058922,
            -0.738879919052124,
            -0.16549213230609894
        ],
        [
            0.05794190987944603,
            -0.7363970279693604,
            -0.1697763353586197
        ],
        [
            0.058940935879945755,
            -0.7264062166213989,
            -0.1615307331085205
        ],
        [
            0.06302458047866821,
            -0.7315371036529541,
            -0.15689000487327576
        ],
        [
            0.06817255914211273,
            -0.7573122978210449,
            -0.17438916862010956
        ],
        [
            0.0703105553984642,
            -0.7587677240371704,
            -0.17031776905059814
        ],
        [
            0.0718802958726883,
            -0.759149432182312,
            -0.17253141105175018
        ],
        [
            0.07008713483810425,
            -0.7585675120353699,
            -0.17750099301338196
        ],
        [
            0.07246232777833939,
            -0.7595614194869995,
            -0.16705138981342316
        ],
        [
            0.07349428534507751,
            -0.759728193283081,
            -0.16558758914470673
        ],
        [
            0.07411378622055054,
            -0.7603438496589661,
            -0.1671023964881897
        ],
        [
            0.07289211452007294,
            -0.7599707245826721,
            -0.16779504716396332
        ],
        [
            0.07141723483800888,
            -0.759293794631958,
            -0.16911275684833527
        ],
        [
            0.0703788697719574,
            -0.7573369145393372,
            -0.16918200254440308
        ],
        [
            0.07180388271808624,
            -0.7585949897766113,
            -0.1675683856010437
        ],
        [
            0.06853333115577698,
            -0.7551838159561157,
            -0.17279794812202454
        ],
        [
            0.06069783866405487,
            -0.7491864562034607,
            -0.18410107493400574
        ],
        [
            0.06369589269161224,
            -0.7502983808517456,
            -0.18130901455879211
        ],
        [
            0.06267498433589935,
            -0.7546380758285522,
            -0.1828945279121399
        ],
        [
            0.06012970209121704,
            -0.7539494633674622,
            -0.18547460436820984
        ],
        [
            0.0737338662147522,
            -0.7612408399581909,
            -0.17009973526000977
        ],
        [
            0.07599949091672897,
            -0.762920618057251,
            -0.16900837421417236
        ],
        [
            0.07483954727649689,
            -0.7637320756912231,
            -0.17453545331954956
        ],
        [
            0.07308967411518097,
            -0.7614351511001587,
            -0.17361611127853394
        ],
        [
            0.07866054773330688,
            -0.7648409605026245,
            -0.1682172417640686
        ],
        [
            0.07598432898521423,
            -0.7618599534034729,
            -0.1660059094429016
        ],
        [
            0.07833459973335266,
            -0.7629408836364746,
            -0.1644270122051239
        ],
        [
            0.07269924879074097,
            -0.7581529021263123,
            -0.16519169509410858
        ],
        [
            0.07402843236923218,
            -0.7574354410171509,
            -0.16212603449821472
        ],
        [
            0.07549804449081421,
            -0.7593963146209717,
            -0.16361384093761444
        ],
        [
            0.07197980582714081,
            -0.754159152507782,
            -0.1622297763824463
        ],
        [
            0.07072971761226654,
            -0.7558404207229614,
            -0.1665128469467163
        ],
        [
            0.06871382892131805,
            -0.752766489982605,
            -0.16970205307006836
        ],
        [
            0.06620286405086517,
            -0.7494549751281738,
            -0.17402346432209015
        ],
        [
            0.06597509235143661,
            -0.7465624213218689,
            -0.16863113641738892
        ],
        [
            0.06926484405994415,
            -0.750276505947113,
            -0.16470575332641602
        ],
        [
            0.07671642303466797,
            -0.7677863836288452,
            -0.1744721680879593
        ],
        [
            0.07823324203491211,
            -0.7597634792327881,
            -0.1598854660987854
        ],
        [
            0.08239266276359558,
            -0.765578031539917,
            -0.1607169508934021
        ],
        [
            0.07674586772918701,
            -0.7559139728546143,
            -0.1572733223438263
        ],
        [
            0.07398419827222824,
            -0.7519463300704956,
            -0.1563670039176941
        ],
        [
            0.06993468105792999,
            -0.7474983930587769,
            -0.15792807936668396
        ],
        [
            0.06634160876274109,
            -0.7428607940673828,
            -0.1615188717842102
        ],
        [
            0.05435553565621376,
            -0.7231928110122681,
            -0.14805562794208527
        ],
        [
            0.06058655306696892,
            -0.7297857403755188,
            -0.14344552159309387
        ],
        [
            0.09674528241157532,
            -0.8304970264434814,
            -0.20076119899749756
        ],
        [
            0.10299519449472427,
            -0.8312064409255981,
            -0.19425468146800995
        ],
        [
            0.0997694581747055,
            -0.8260858058929443,
            -0.1871648132801056
        ],
        [
            0.10188592970371246,
            -0.8283300399780273,
            -0.18703091144561768
        ],
        [
            0.09873658418655396,
            -0.8281333446502686,
            -0.19271239638328552
        ],
        [
            0.09757692366838455,
            -0.8256604671478271,
            -0.19132840633392334
        ],
        [
            0.10318229347467422,
            -0.826550304889679,
            -0.16559700667858124
        ],
        [
            0.10148454457521439,
            -0.8259918689727783,
            -0.17227795720100403
        ],
        [
            0.10013215243816376,
            -0.8233448266983032,
            -0.16946697235107422
        ],
        [
            0.1030072271823883,
            -0.8210116624832153,
            -0.16168490052223206
        ],
        [
            0.09537146985530853,
            -0.8133086562156677,
            -0.17553821206092834
        ],
        [
            0.09777861833572388,
            -0.8160727024078369,
            -0.17140749096870422
        ],
        [
            0.09708507359027863,
            -0.82062828540802,
            -0.1779409945011139
        ],
        [
            0.09536582231521606,
            -0.8186063766479492,
            -0.18093688786029816
        ],
        [
            0.09290676563978195,
            -0.817163348197937,
            -0.1841191053390503
        ],
        [
            0.08968432247638702,
            -0.8164767026901245,
            -0.18714077770709991
        ],
        [
            0.08875162899494171,
            -0.8119690418243408,
            -0.18442648649215698
        ],
        [
            0.09219013899564743,
            -0.8121365904808044,
            -0.18014809489250183
        ],
        [
            0.09379783272743225,
            -0.8283576369285583,
            -0.1971321403980255
        ],
        [
            0.08726529777050018,
            -0.8273783326148987,
            -0.20023785531520844
        ],
        [
            0.08752718567848206,
            -0.8249409198760986,
            -0.19781827926635742
        ],
        [
            0.09333217144012451,
            -0.8254393339157104,
            -0.19556155800819397
        ],
        [
            0.07517250627279282,
            -0.8207347393035889,
            -0.19611594080924988
        ],
        [
            0.07720959186553955,
            -0.8225111961364746,
            -0.19741412997245789
        ],
        [
            0.07503727078437805,
            -0.8230056762695312,
            -0.20061439275741577
        ],
        [
            0.07299189269542694,
            -0.8193904161453247,
            -0.19846618175506592
        ],
        [
            0.07439137995243073,
            -0.8168232440948486,
            -0.19623428583145142
        ],
        [
            0.0761665552854538,
            -0.8191825151443481,
            -0.19515973329544067
        ],
        [
            0.10386848449707031,
            -0.8830543756484985,
            -0.2141544222831726
        ],
        [
            0.10058155655860901,
            -0.8645724058151245,
            -0.21694764494895935
        ],
        [
            0.11074436455965042,
            -0.8827566504478455,
            -0.19487997889518738
        ],
        [
            0.11229389905929565,
            -0.8783669471740723,
            -0.17702482640743256
        ],
        [
            0.1121058315038681,
            -0.8703060746192932,
            -0.1604948490858078
        ],
        [
            0.08841942250728607,
            -0.7708038091659546,
            -0.1421557366847992
        ],
        [
            0.08501812070608139,
            -0.7655670642852783,
            -0.13335368037223816
        ],
        [
            0.08715658634901047,
            -0.7774584889411926,
            -0.1231231540441513
        ],
        [
            0.08143233507871628,
            -0.7702013254165649,
            -0.11645875871181488
        ],
        [
            0.07951691746711731,
            -0.7579896450042725,
            -0.12751175463199615
        ],
        [
            0.0642516016960144,
            -0.7410759925842285,
            -0.1249319389462471
        ],
        [
            0.07289926707744598,
            -0.7493066787719727,
            -0.12461014091968536
        ],
        [
            0.07387725263834,
            -0.7630022168159485,
            -0.11090375483036041
        ],
        [
            0.07590023428201675,
            -0.7805733680725098,
            -0.09978435188531876
        ],
        [
            0.08249807357788086,
            -0.7839220762252808,
            -0.10764633119106293
        ],
        [
            0.07615304738283157,
            -0.7999270558357239,
            -0.09374876320362091
        ],
        [
            0.06569439172744751,
            -0.7780817747116089,
            -0.09069900214672089
        ],
        [
            0.06926408410072327,
            -0.8026625514030457,
            -0.08829791098833084
        ],
        [
            0.05013609677553177,
            -0.7453859448432922,
            -0.09290552139282227
        ],
        [
            0.04966238886117935,
            -0.7379868030548096,
            -0.08757089078426361
        ],
        [
            0.05517338216304779,
            -0.7499622702598572,
            -0.073933906853199
        ],
        [
            0.055898893624544144,
            -0.7577334642410278,
            -0.07919272035360336
        ],
        [
            0.08855944126844406,
            -0.7881879210472107,
            -0.11631488800048828
        ],
        [
            0.10646318644285202,
            -0.8426787853240967,
            -0.14456906914710999
        ],
        [
            0.10761016607284546,
            -0.8379397988319397,
            -0.1554005742073059
        ],
        [
            0.10330045968294144,
            -0.833153486251831,
            -0.13640698790550232
        ],
        [
            0.10999785363674164,
            -0.9048327207565308,
            -0.1516517549753189
        ],
        [
            0.11268588155508041,
            -0.8930389285087585,
            -0.1662440001964569
        ],
        [
            0.11287930607795715,
            -0.8824506998062134,
            -0.15167278051376343
        ],
        [
            0.11047448217868805,
            -0.8949552178382874,
            -0.13997429609298706
        ],
        [
            0.0956653580069542,
            -0.9314407110214233,
            -0.18546736240386963
        ],
        [
            0.10286018997430801,
            -0.9091905355453491,
            -0.20145268738269806
        ],
        [
            0.10801172256469727,
            -0.9026195406913757,
            -0.18507623672485352
        ],
        [
            0.10379410535097122,
            -0.9200876951217651,
            -0.17105238139629364
        ],
        [
            0.1062045469880104,
            -0.9016097784042358,
            -0.12909582257270813
        ],
        [
            0.09870943427085876,
            -0.9107083082199097,
            -0.1146155372262001
        ],
        [
            0.09458167850971222,
            -0.9276512861251831,
            -0.1174364686012268
        ],
        [
            0.10352320969104767,
            -0.9188066720962524,
            -0.13622397184371948
        ],
        [
            0.0840209573507309,
            -0.9480976462364197,
            -0.12571340799331665
        ],
        [
            0.09503797441720963,
            -0.937535285949707,
            -0.14847102761268616
        ],
        [
            0.06062024459242821,
            -0.7947660088539124,
            -0.07706163823604584
        ],
        [
            0.0639970600605011,
            -0.8124654293060303,
            -0.08042585849761963
        ],
        [
            0.05824846774339676,
            -0.7661710977554321,
            -0.08686227351427078
        ],
        [
            0.05823842063546181,
            -0.7804101705551147,
            -0.07339408993721008
        ],
        [
            0.06860146671533585,
            -0.963242769241333,
            -0.13605225086212158
        ],
        [
            0.0825943872332573,
            -0.9519093036651611,
            -0.16295301914215088
        ],
        [
            0.06353353708982468,
            -0.9107097387313843,
            -0.07310304045677185
        ],
        [
            0.07234717905521393,
            -0.9237383008003235,
            -0.08489000052213669
        ],
        [
            0.08249300718307495,
            -0.9057449698448181,
            -0.0892745852470398
        ],
        [
            0.07335422188043594,
            -0.8960646390914917,
            -0.07745054364204407
        ],
        [
            0.04880949854850769,
