{
    "pred_cam": [
        1.514780044555664,
        0.06470529735088348,
        0.34006011486053467
    ],
    "pred_smpl_params": {
        "global_orient": [
            [
                [
                    -0.7424699664115906,
                    0.1407412886619568,
                    -0.6549276113510132
                ],
                [
                    0.0642084851861,
                    -0.9582264423370361,
                    -0.2787100374698639
                ],
                [
                    -0.666795015335083,
                    -0.24898575246334076,
                    0.7024175524711609
                ]
            ]
        ],
        "body_pose": [
            [
                [
                    0.9996107220649719,
                    -0.027656981721520424,
                    -0.0036799325607717037
                ],
                [
                    0.027874955907464027,
                    0.9842953085899353,
                    0.1743147224187851
                ],
                [
                    -0.0011988785117864609,
                    -0.17434944212436676,
                    0.984683096408844
                ]
            ],
            [
                [
                    0.9876083135604858,
                    0.0034601660445332527,
                    -0.15690095722675323
                ],
                [
                    -0.0010724092135205865,
                    0.9998824000358582,
                    0.015300360508263111
                ],
                [
                    0.1569354385137558,
                    -0.014942500740289688,
                    0.9874958992004395
                ]
            ],
            [
                [
                    0.9954496026039124,
                    -0.006629714276641607,
                    0.09505845606327057
                ],
                [
                    0.020309461280703545,
                    0.9894165396690369,
                    -0.14367476105690002
                ],
                [
                    -0.09309988468885422,
                    0.14495156705379486,
                    0.9850489497184753
                ]
            ],
            [
                [
                    0.9978628754615784,
                    0.06251892447471619,
                    -0.01900225505232811
                ],
                [
                    -0.0647788867354393,
                    0.984623372554779,
                    -0.1622355878353119
                ],
                [
                    0.008567269891500473,
                    0.1631198227405548,
                    0.9865689873695374
                ]
            ],
            [
                [
                    0.9756836891174316,
                    -0.21052706241607666,
                    -0.06098976731300354
                ],
                [
                    0.16287057101726532,
                    0.8825883269309998,
                    -0.441034197807312
                ],
                [
                    0.14667847752571106,
                    0.42037642002105713,
                    0.895415723323822
                ]
            ],
            [
                [
                    0.9960318803787231,
                    0.007361829746514559,
                    0.08869218826293945
                ],
                [
                    -0.00048795455950312316,
                    0.9970096349716187,
                    -0.07727621495723724
                ],
                [
                    -0.08899585157632828,
                    0.07692629098892212,
                    0.9930569529533386
                ]
            ],
            [
                [
                    0.9864247441291809,
                    0.04428597539663315,
                    0.1581297516822815
                ],
                [
                    -0.0402585007250309,
                    0.998780369758606,
                    -0.02858414500951767
                ],
                [
                    -0.15920275449752808,
                    0.02183004468679428,
                    0.9870045781135559
                ]
            ],
            [
                [
                    0.9846569299697876,
                    0.05585074797272682,
                    -0.16532208025455475
                ],
                [
                    -0.040296755731105804,
                    0.9945665597915649,
                    0.09598709642887115
                ],
                [
                    0.1697847694158554,
                    -0.08785241842269897,
                    0.9815574884414673
                ]
            ],
            [
                [
                    0.995771050453186,
                    0.012262264266610146,
                    0.09104685485363007
                ],
                [
                    -0.008377875201404095,
                    0.9990432262420654,
                    -0.042923979461193085
                ],
                [
                    -0.09148608148097992,
                    0.04197968170046806,
                    0.9949210286140442
                ]
            ],
            [
                [
                    0.9931602478027344,
                    -0.10134291648864746,
                    0.057984594255685806
                ],
                [
                    0.09857162833213806,
                    0.9939319491386414,
                    0.04881461337208748
                ],
                [
                    -0.06257975846529007,
                    -0.04276509955525398,
                    0.9971232414245605
                ]
            ],
            [
                [
                    0.9974718689918518,
                    -0.002198714530095458,
                    -0.07102785259485245
                ],
                [
                    0.002736650872975588,
                    0.9999682903289795,
                    0.007476930972188711
                ],
                [
                    0.07100915908813477,
                    -0.0076524061150848866,
                    0.9974462389945984
                ]
            ],
            [
                [
                    0.9912245273590088,
                    0.0005417248466983438,
                    0.13218791782855988
                ],
                [
                    0.013530706986784935,
                    0.9943233728408813,
                    -0.10553625971078873
                ],
                [
                    -0.13149471580982208,
                    0.10639872401952744,
                    0.985590398311615
                ]
            ],
            [
                [
                    0.9456897974014282,
                    0.26639872789382935,
                    -0.18628594279289246
                ],
                [
                    -0.2590188980102539,
                    0.9637923836708069,
                    0.06335171312093735
                ],
                [
                    0.19641779363155365,
                    -0.011659492738544941,
                    0.9804509282112122
                ]
            ],
            [
                [
                    0.9168195128440857,
                    -0.25503435730934143,
                    0.3072446286678314
                ],
                [
                    0.2640029489994049,
                    0.9644374251365662,
                    0.012763788923621178
                ],
                [
                    -0.2995734214782715,
                    0.06941139698028564,
                    0.9515448808670044
                ]
            ],
            [
                [
                    0.995276689529419,
                    0.06555631011724472,
                    0.07160072773694992
                ],
                [
                    -0.02955932915210724,
                    0.9071772694587708,
                    -0.4197090268135071
                ],
                [
                    -0.09246912598609924,
                    0.415610134601593,
                    0.9048302173614502
                ]
            ],
            [
                [
                    0.5259350538253784,
                    0.7065120935440063,
                    -0.473532497882843
                ],
                [
                    -0.7968329191207886,
                    0.6039843559265137,
                    0.016133777797222137
                ],
                [
                    0.2974048852920532,
                    0.36884093284606934,
                    0.8806285858154297
                ]
            ],
            [
                [
                    0.5029546618461609,
                    -0.7299229502677917,
                    0.46287041902542114
                ],
                [
                    0.7769528031349182,
                    0.6164389848709106,
                    0.1278563141822815
                ],
                [
                    -0.37865665555000305,
                    0.29532256722450256,
                    0.8771564960479736
                ]
            ],
            [
                [
                    -0.18360112607479095,
                    -0.4080298840999603,
                    -0.8943166136741638
                ],
                [
                    -0.01278673019260168,
                    0.9106965661048889,
                    -0.4128780663013458
                ],
                [
                    0.9829176068305969,
                    -0.06436951458454132,
                    -0.17242228984832764
                ]
            ],
            [
                [
                    0.11456107348203659,
                    0.2944478392601013,
                    0.9487763047218323
                ],
                [
                    -0.06469939649105072,
                    0.9552479386329651,
                    -0.28864413499832153
                ],
                [
                    -0.9913071990013123,
                    -0.028317850083112717,
                    0.1284848302602768
                ]
            ],
            [
                [
                    0.9829086065292358,
                    -0.14952589571475983,
                    -0.1073898896574974
                ],
                [
                    0.16747748851776123,
                    0.968477189540863,
                    0.18439964950084686
                ],
                [
                    0.07643213123083115,
                    -0.19923341274261475,
                    0.9769667983055115
                ]
            ],
            [
                [
                    0.9855369329452515,
                    0.1316831260919571,
                    0.10666071623563766
                ],
                [
                    -0.14160719513893127,
                    0.9856836199760437,
                    0.09151670336723328
                ],
                [
                    -0.0930825024843216,
                    -0.1052970215678215,
                    0.990074872970581
                ]
            ],
            [
                [
                    0.9769374132156372,
                    0.20008353888988495,
                    -0.07456488162279129
                ],
                [
                    -0.19191902875900269,
                    0.9758727550506592,
                    0.10411334782838821
                ],
                [
                    0.09359718859195709,
                    -0.08740179985761642,
                    0.9917664527893066
                ]
            ],
            [
                [
                    0.9777230620384216,
                    -0.20341834425926208,
                    0.05175555497407913
                ],
                [
                    0.1959729790687561,
                    0.9729862809181213,
                    0.12203425168991089
                ],
                [
                    -0.07518144696950912,
                    -0.1091730073094368,
                    0.991175651550293
                ]
            ]
        ],
        "betas": [
            -0.2339397668838501,
            -0.2467445433139801,
            0.2479948103427887,
            0.4144887328147888,
            0.2572910785675049,
            -0.01588517054915428,
            -0.01947033405303955,
            -0.08876597881317139,
            0.011880800127983093,
            -0.09595045447349548
        ]
    },
    "pred_cam_t": [
        0.06470529735088348,
        0.34006011486053467,
        25.787572860717773
    ],
    "focal_length": [
        5000.0,
        5000.0
    ],
    "pred_keypoints_3d": [
        [
            -0.12416991591453552,
            -0.7811464071273804,
            -0.009496618062257767
        ],
        [
            0.04092445597052574,
            -0.7246696352958679,
            -0.06688447296619415
        ],
        [
            0.11734408140182495,
            -0.6520750522613525,
            0.10470618307590485
        ],
        [
            0.07401163876056671,
            -0.428803950548172,
            0.2066059708595276
        ],
        [
            -0.17288365960121155,
            -0.46049147844314575,
            0.19253253936767578
        ],
        [
            -0.06454840302467346,
            -0.6208280920982361,
            -0.19897615909576416
        ],
        [
            -0.1512812077999115,
            -0.380856454372406,
            -0.1957167088985443
        ],
        [
            -0.2164604663848877,
            -0.48464828729629517,
            0.014634430408477783
        ],
        [
            -0.0017800828209146857,
            -0.22664697468280792,
            0.028751352801918983
        ],
        [
            0.03886045888066292,
            -0.14324253797531128,
            0.09388616681098938
        ],
        [
            0.018890006467700005,
            0.21387439966201782,
            0.20394349098205566
        ],
        [
            -0.006514422595500946,
            0.5803646445274353,
            0.07601314783096313
        ],
        [
            -0.0623241625726223,
            -0.13277015089988708,
            7.521174848079681e-05
        ],
        [
            -0.18265891075134277,
            0.1976611316204071,
            0.10233838856220245
        ],
        [
            -0.191777765750885,
            0.5765960216522217,
            0.1878073811531067
        ],
        [
            -0.10149780660867691,
            -0.8330709934234619,
            0.0126769058406353
        ],
        [
            -0.12468676269054413,
            -0.8272818326950073,
            -0.04920050874352455
        ],
        [
            -0.00034849345684051514,
            -0.8619711399078369,
            0.01712065190076828
        ],
        [
            -0.05415192246437073,
            -0.8493139147758484,
            -0.11977449059486389
        ],
        [
            -0.33858200907707214,
            0.5836740732192993,
            0.32281768321990967
        ],
        [
            -0.34611791372299194,
            0.6090896129608154,
            0.24335454404354095
        ],
        [
            -0.1551770567893982,
            0.6231679916381836,
            0.15649589896202087
        ],
        [
            -0.08365549147129059,
            0.6447854042053223,
            0.24639984965324402
        ],
        [
            0.0007285401225090027,
            0.6565829515457153,
            0.22670619189739227
        ],
        [
            0.01242111250758171,
            0.615999698638916,
            0.01884494721889496
        ],
        [
            0.029117725789546967,
            0.531241774559021,
            0.0725613385438919
        ],
        [
            0.02317243441939354,
            0.15041428804397583,
            0.19389435648918152
        ],
        [
            0.11801575124263763,
            -0.2648187279701233,
            0.11371028423309326
        ],
        [
            -0.0924479067325592,
            -0.22651489078998566,
            -0.09110059589147568
        ],
        [
            -0.17929157614707947,
            0.15840481221675873,
            0.081570103764534
        ],
        [
            -0.17701280117034912,
            0.5501495599746704,
            0.1559266746044159
        ],
        [
            -0.14732366800308228,
            -0.48683202266693115,
            0.17670929431915283
        ],
        [
            0.06290803849697113,
            -0.46647101640701294,
            0.2283405214548111
        ],
        [
            0.10394452512264252,
            -0.6782144904136658,
            0.06980816274881363
        ],
        [
            -0.04304640367627144,
            -0.6503394842147827,
            -0.18521460890769958
        ],
        [
            -0.1797940880060196,
            -0.4251234829425812,
            -0.2049444019794464
        ],
        [
            -0.2103785276412964,
            -0.4972571134567261,
            -0.007202227599918842
        ],
        [
            0.028718741610646248,
            -0.7182832360267639,
            -0.06233583390712738
        ],
        [
            -0.06360214203596115,
            -0.8978674411773682,
            -0.04600662738084793
        ],
        [
            0.012377163395285606,
            -0.24579152464866638,
            0.010450564324855804
        ],
        [
            0.030367977917194366,
            -0.6614545583724976,
            -0.05518823117017746
        ],
        [
            0.04970674216747284,
            -0.4845243990421295,
            -0.044007204473018646
        ],
        [
            -0.0521831214427948,
            -0.783365786075592,
            -0.042031336575746536
        ],
        [
            -0.06295900791883469,
            -0.9177150726318359,
            -0.04400171339511871
        ]
    ],
    "pred_vertices": [
        [
            -0.14838987588882446,
            -0.8698039054870605,
            -0.057832978665828705
        ],
        [
            -0.14648544788360596,
            -0.8542965650558472,
            -0.05052480846643448
        ],
        [
            -0.14093077182769775,
            -0.8535060882568359,
            -0.06415916979312897
        ],
        [
            -0.13897621631622314,
            -0.8662189245223999,
            -0.0721873939037323
        ],
        [
            -0.14093291759490967,
            -0.8429704904556274,
            -0.05873359739780426
        ],
        [
            -0.14357143640518188,
            -0.8428319692611694,
            -0.0467912033200264
        ],
        [
            -0.13208580017089844,
            -0.8507835865020752,
            -0.07438237220048904
        ],
        [
            -0.1277851015329361,
            -0.8605625629425049,
            -0.08267005532979965
        ],
        [
            -0.1100405901670456,
            -0.8214249610900879,
            -0.08538520336151123
        ],
        [
            -0.10145029425621033,
            -0.8204135894775391,
            -0.09266998618841171
        ],
        [
            -0.10758841037750244,
            -0.8312033414840698,
            -0.09133832901716232
        ],
        [
            -0.11395764350891113,
            -0.8295600414276123,
            -0.08335116505622864
        ],
        [
            -0.0966721624135971,
            -0.7991394996643066,
            -0.08647207915782928
        ],
        [
            -0.0981244295835495,
            -0.7881092429161072,
            -0.07819997519254684
        ],
        [
            -0.0870940238237381,
            -0.7832295894622803,
            -0.08396250009536743
        ],
        [
            -0.08409792184829712,
            -0.7941702008247375,
            -0.09154471009969711
        ],
        [
            -0.11233069747686386,
            -0.7953959703445435,
            -0.039406515657901764
        ],
        [
            -0.11085864156484604,
            -0.7891677618026733,
            -0.04518178105354309
        ],
        [
            -0.11420463025569916,
            -0.7951770424842834,
            -0.048739057034254074
        ],
        [
            -0.11481776833534241,
            -0.8008189797401428,
            -0.04244568198919296
        ],
        [
            -0.11818750947713852,
            -0.802859365940094,
            -0.028376339003443718
        ],
        [
            -0.11785495281219482,
            -0.8090099096298218,
            -0.030166184529662132
        ],
        [
            -0.1221228539943695,
            -0.8110734820365906,
            -0.02382669225335121
        ],
        [
            -0.12340325862169266,
            -0.8038387298583984,
            -0.02253926731646061
        ],
        [
            -0.10826428234577179,
            -0.791133463382721,
            -0.034687623381614685
        ],
        [
            -0.10643543303012848,
            -0.7849606275558472,
            -0.04089139401912689
        ],
        [
            -0.11415217816829681,
            -0.8004176616668701,
            -0.034315213561058044
        ],
        [
            -0.11355447769165039,
            -0.79581218957901,
            -0.032019637525081635
        ],
        [
            -0.11940023303031921,
            -0.786594808101654,
            -0.026251068338751793
        ],
        [
            -0.12046630680561066,
            -0.7912876605987549,
            -0.027997083961963654
        ],
        [
            -0.1256921887397766,
            -0.7900608777999878,
            -0.022526388987898827
        ],
        [
            -0.12258214503526688,
            -0.7853270769119263,
            -0.021763140335679054
        ],
        [
            -0.11188670247793198,
            -0.7890818119049072,
            -0.032102882862091064
        ],
        [
            -0.11564933508634567,
            -0.7907358407974243,
            -0.03154812008142471
        ],
        [
            -0.1154363825917244,
            -0.786693811416626,
            -0.028605638071894646
        ],
        [
            -0.11125536262989044,
            -0.7860398292541504,
            -0.02836744859814644
        ],
        [
            -0.11859309673309326,
            -0.7979750633239746,
            -0.027195332571864128
        ],
        [
            -0.12458257377147675,
            -0.797374427318573,
            -0.02215948887169361
        ],
        [
            -0.12994375824928284,
            -0.796432375907898,
            -0.016039688140153885
        ],
        [
            -0.12995177507400513,
            -0.7875314950942993,
            -0.016029469668865204
        ],
        [
            -0.10357095301151276,
            -0.7782394289970398,
            -0.05807029455900192
        ],
        [
            -0.10825944691896439,
            -0.7833665609359741,
            -0.051840607076883316
        ],
        [
            -0.104572594165802,
            -0.7796136140823364,
            -0.04708410054445267
        ],
        [
            -0.10152751952409744,
            -0.775222897529602,
            -0.05265770107507706
        ],
        [
            -0.10737300664186478,
            -0.7844640016555786,
            -0.030583811923861504
        ],
        [
            -0.10262474417686462,
            -0.7698782682418823,
            -0.03449413180351257
        ],
        [
            -0.10430655628442764,
            -0.7731891870498657,
            -0.034588709473609924
        ],
        [
            -0.10613120347261429,
            -0.7729905843734741,
            -0.02763889543712139
        ],
        [
            -0.10462083667516708,
            -0.7699021697044373,
            -0.028219105675816536
        ],
        [
            -0.09189051389694214,
            -0.7681382298469543,
            -0.06611355394124985
        ],
        [
            -0.09332448989152908,
            -0.7661519050598145,
            -0.05929471179842949
        ],
        [
            -0.08854658901691437,
            -0.760798454284668,
            -0.06072288379073143
        ],
        [
            -0.08528151363134384,
            -0.7622368335723877,
            -0.06733594089746475
        ],
        [
            -0.08473866432905197,
            -0.7562564015388489,
            -0.05879971385002136
        ],
        [
            -0.07915354520082474,
            -0.7566238045692444,
            -0.06709185242652893
        ],
        [
            -0.07115325331687927,
            -0.7444331049919128,
            -0.058573801070451736
        ],
        [
            -0.07469397038221359,
            -0.7498983144760132,
            -0.06303185224533081
        ],
        [
            -0.08165158331394196,
            -0.7513993382453918,
            -0.05501380190253258
        ],
        [
            -0.08062542229890823,
            -0.7460598945617676,
            -0.04903562366962433
        ],
        [
            -0.08564043045043945,
            -0.7481558918952942,
            -0.0352160707116127
        ],
        [
            -0.08545846492052078,
            -0.7466304302215576,
            -0.029135137796401978
        ],
        [
            -0.08045297116041183,
            -0.7359907627105713,
            -0.0342722088098526
        ],
        [
            -0.08078786730766296,
            -0.7399071455001831,
            -0.041258059442043304
        ],
        [
            -0.0964980199933052,
            -0.766273021697998,
            -0.035660237073898315
        ],
        [
            -0.09533717483282089,
            -0.7670938372612,
            -0.04022078216075897
        ],
        [
            -0.09796789288520813,
            -0.7674655318260193,
            -0.03975692391395569
        ],
        [
            -0.09995322674512863,
            -0.7675564289093018,
            -0.03487849980592728
        ],
        [
            -0.09469608962535858,
            -0.7673431038856506,
            -0.0441189743578434
        ],
        [
            -0.09442106634378433,
            -0.767306923866272,
            -0.04589735344052315
        ],
        [
            -0.09591737389564514,
            -0.767967939376831,
            -0.04532995820045471
        ],
        [
            -0.0953890010714531,
            -0.7677525281906128,
            -0.04400770366191864
        ],
        [
            -0.09523582458496094,
            -0.7673547267913818,
            -0.04197223484516144
        ],
        [
            -0.09456176310777664,
            -0.7655377388000488,
            -0.040961939841508865
        ],
        [
            -0.09460218995809555,
            -0.766485333442688,
            -0.04317915439605713
        ],
        [
            -0.09562970697879791,
            -0.76397705078125,
            -0.03681064397096634
        ],
        [
            -0.09743420779705048,
            -0.760075032711029,
            -0.022804589942097664
        ],
        [
            -0.09776513278484344,
            -0.7606650590896606,
            -0.026685049757361412
        ],
        [
            -0.09809452295303345,
            -0.7651439309120178,
            -0.025478867813944817
        ],
        [
            -0.09803543239831924,
            -0.7648477554321289,
            -0.022154252976179123
        ],
        [
            -0.09765216708183289,
            -0.7690316438674927,
            -0.04331018775701523
        ],
        [
            -0.09868648648262024,
            -0.7704437971115112,
            -0.04564943164587021
        ],
        [
            -0.10157795995473862,
            -0.7718126773834229,
            -0.04105503857135773
        ],
        [
            -0.09965746849775314,
            -0.7696702480316162,
            -0.040153201669454575
        ],
        [
            -0.1001218929886818,
            -0.7719157338142395,
            -0.0483749620616436
        ],
        [
            -0.09652522951364517,
            -0.7691521644592285,
            -0.04761437699198723
        ],
        [
            -0.09726909548044205,
            -0.7697471380233765,
            -0.05069922283291817
        ],
        [
            -0.0935768336057663,
            -0.7657575607299805,
            -0.04540633410215378
        ],
        [
            -0.09239193052053452,
            -0.7646617889404297,
            -0.04843788221478462
        ],
        [
            -0.09449125081300735,
            -0.7665849924087524,
            -0.048631180077791214
        ],
        [
            -0.09097529202699661,
            -0.7616621255874634,
            -0.04649033024907112
        ],
        [
            -0.09306273609399796,
            -0.7638019323348999,
            -0.0428311713039875
        ],
        [
            -0.09375105053186417,
            -0.7612948417663574,
            -0.038757503032684326
        ],
        [
            -0.09472835063934326,
            -0.7587900161743164,
            -0.03347661718726158
        ],
        [
            -0.09086910635232925,
            -0.7554518580436707,
            -0.036730289459228516
        ],
        [
            -0.09070426970720291,
            -0.7583349943161011,
            -0.04234350100159645
        ],
        [
            -0.10305685549974442,
            -0.7754708528518677,
            -0.04313867911696434
        ],
        [
            -0.09389354288578033,
            -0.7663547992706299,
            -0.05322554334998131
        ],
        [
            -0.0976480022072792,
            -0.7716822624206543,
            -0.05633796006441116
        ],
        [
            -0.0909382700920105,
            -0.762493371963501,
            -0.053552862256765366
        ],
        [
            -0.08825816959142685,
            -0.7587481737136841,
            -0.051762402057647705
        ],
        [
            -0.0867844894528389,
            -0.7548639178276062,
            -0.047493547201156616
        ],
        [
            -0.08616413921117783,
            -0.7511579990386963,
            -0.04154021292924881
        ],
        [
            -0.06829386204481125,
            -0.7318077087402344,
            -0.04005604609847069
        ],
        [
            -0.07026386260986328,
            -0.7370373606681824,
            -0.048697490245103836
        ],
        [
            -0.1372910737991333,
            -0.836826741695404,
            -0.04608440771698952
        ],
        [
            -0.1373719871044159,
            -0.8364157676696777,
            -0.05520645156502724
        ],
        [
            -0.12998169660568237,
            -0.8311358690261841,
            -0.05746117979288101
        ],
        [
            -0.1314755082130432,
            -0.8331560492515564,
            -0.059095464646816254
        ],
        [
            -0.13332724571228027,
            -0.8335089683532715,
            -0.05307706445455551
        ],
        [
            -0.131214439868927,
            -0.8312653303146362,
            -0.05291163548827171
        ],
        [
            -0.1176491230726242,
            -0.8296118974685669,
            -0.07558660954236984
        ],
        [
            -0.12079650163650513,
            -0.8298060894012451,
            -0.06935234367847443
        ],
        [
            -0.11804145574569702,
            -0.827069878578186,
            -0.07014442980289459
        ],
        [
            -0.11504136025905609,
            -0.8237529993057251,
            -0.07758430391550064
        ],
        [
            -0.11846411228179932,
            -0.8181103467941284,
            -0.06120754033327103
        ],
        [
            -0.11765041947364807,
            -0.8202253580093384,
            -0.06622766703367233
        ],
        [
            -0.12142743170261383,
            -0.8253900408744812,
            -0.06163971126079559
        ],
        [
            -0.12216421961784363,
            -0.8238279819488525,
            -0.058047667145729065
        ],
        [
            -0.12243543565273285,
            -0.8229049444198608,
            -0.05396101996302605
        ],
        [
            -0.12236102670431137,
            -0.8227629065513611,
            -0.04942888393998146
        ],
        [
            -0.11954085528850555,
            -0.8181830644607544,
            -0.05025104433298111
        ],
        [
            -0.11916182935237885,
            -0.8176267147064209,
            -0.05565585568547249
        ],
        [
            -0.13258203864097595,
            -0.8345595598220825,
            -0.04664988070726395
        ],
        [
            -0.1299692541360855,
            -0.8346462845802307,
            -0.039715468883514404
        ],
        [
            -0.1282333880662918,
            -0.8321261405944824,
            -0.04153630882501602
        ],
        [
            -0.13090036809444427,
            -0.8319077491760254,
            -0.04712872579693794
        ],
        [
            -0.11794497072696686,
            -0.8293192386627197,
            -0.0336884967982769
        ],
        [
            -0.12037192285060883,
            -0.8309580087661743,
            -0.03441065549850464
        ],
        [
            -0.12084584683179855,
            -0.8321109414100647,
            -0.030651822686195374
        ],
        [
            -0.11785295605659485,
            -0.8285164833068848,
            -0.03029155358672142
        ],
        [
            -0.1172899678349495,
            -0.8255753517150879,
            -0.0325334332883358
        ],
        [
            -0.11795111745595932,
            -0.8275424242019653,
            -0.03484375774860382
        ],
        [
            -0.15298372507095337,
            -0.8908741474151611,
            -0.04871287941932678
        ],
        [
            -0.15253931283950806,
            -0.8725181818008423,
            -0.04265695810317993
        ],
        [
            -0.14436835050582886,
            -0.887934684753418,
            -0.06754224747419357
        ],
        [
            -0.13294604420661926,
            -0.881566047668457,
            -0.0806584283709526
        ],
        [
            -0.12203288078308105,
            -0.8717411160469055,
            -0.09146932512521744
        ],
        [
            -0.08978356420993805,
            -0.7741849422454834,
            -0.07486963272094727
        ],
        [
            -0.08126027882099152,
            -0.7685405015945435,
            -0.07824642956256866
        ],
        [
            -0.07615217566490173,
            -0.778938889503479,
            -0.08903463184833527
        ],
        [
            -0.06758219003677368,
            -0.7715834379196167,
            -0.08899665623903275
        ],
        [
            -0.07342582941055298,
            -0.7609882354736328,
            -0.07777263224124908
        ],
        [
            -0.06099850684404373,
            -0.7453923225402832,
            -0.06638500094413757
        ],
        [
            -0.06666510552167892,
            -0.7527990341186523,
            -0.07386981695890427
        ],
        [
            -0.05852366238832474,
            -0.7642024755477905,
            -0.08688969910144806
        ],
        [
            -0.05245645344257355,
            -0.7803159952163696,
            -0.09915995597839355
        ],
        [
            -0.06246672570705414,
            -0.7843296527862549,
            -0.0984024927020073
        ],
        [
            -0.04846136271953583,
            -0.7990747690200806,
            -0.10644431412220001
        ],
        [
            -0.03984692692756653,
            -0.7764897346496582,
            -0.09886239469051361
        ],
        [
            -0.039928629994392395,
            -0.8012195825576782,
            -0.10668505728244781
        ],
        [
            -0.03263596072793007,
            -0.7453337907791138,
            -0.08014831691980362
        ],
        [
            -0.029458139091730118,
            -0.7372336387634277,
            -0.081495001912117
        ],
        [
            -0.022296153008937836,
            -0.745785117149353,
            -0.0968611016869545
        ],
        [
            -0.02609933912754059,
            -0.7545795440673828,
            -0.09566538035869598
        ],
        [
            -0.072368323802948,
            -0.7890032529830933,
            -0.09644898772239685
        ],
        [
            -0.10609389841556549,
            -0.843765377998352,
            -0.09522479772567749
        ],
        [
            -0.1144789308309555,
            -0.8393402099609375,
            -0.08763357251882553
        ],
        [
            -0.09780082106590271,
            -0.8334357738494873,
            -0.09856250882148743
        ],
        [
            -0.1149592399597168,
            -0.9061430096626282,
            -0.1013600304722786
        ],
        [
            -0.12673987448215485,
            -0.8949984908103943,
            -0.090953528881073
        ],
        [
            -0.11635354161262512,
            -0.8832810521125793,
            -0.10019047558307648
        ],
        [
            -0.1071959137916565,
            -0.8948970437049866,
            -0.10894874483346939
        ],
        [
            -0.1291019171476364,
            -0.9365488290786743,
            -0.07034160941839218
        ],
        [
            -0.1444162130355835,
            -0.9149820804595947,
            -0.0607881173491478
        ],
        [
            -0.13703139126300812,
            -0.9068855047225952,
            -0.07575710862874985
        ],
        [
            -0.12417586147785187,
            -0.9232407808303833,
            -0.08503004163503647
        ],
        [
            -0.09655871987342834,
            -0.9013012647628784,
            -0.11483964323997498
        ],
        [
            -0.08118781447410583,
            -0.910038948059082,
            -0.12111074477434158
        ],
        [
            -0.08039437234401703,
            -0.9275420904159546,
            -0.11885513365268707
        ],
        [
            -0.10008995234966278,
            -0.9193598031997681,
            -0.11019933223724365
        ],
        [
            -0.07914970815181732,
            -0.9496326446533203,
            -0.10833658277988434
        ],
        [
            -0.10259810090065002,
            -0.9399515390396118,
            -0.0976882204413414
        ],
        [
            -0.026030495762825012,
            -0.7919117212295532,
            -0.10670968890190125
        ],
        [
            -0.03045368194580078,
            -0.8111218810081482,
            -0.10922923684120178
        ],
        [
            -0.03251373767852783,
            -0.764213502407074,
            -0.09443481266498566
        ],
        [
            -0.022175557911396027,
            -0.7764496803283691,
            -0.10511243343353271
        ],
        [
            -0.07577422261238098,
            -0.9669028520584106,
            -0.09201181679964066
        ],
        [
            -0.10416318476200104,
            -0.9566688537597656,
            -0.08061551302671432
        ],
        [
            -0.02635692059993744,
            -0.9100712537765503,
            -0.1280766725540161
        ],
        [
            -0.04157879948616028,
            -0.9230961799621582,
            -0.12633122503757477
        ],
        [
            -0.05171822011470795,
