{
    "pred_cam": [
        1.129701852798462,
        -0.025824135169386864,
        0.16835424304008484
    ],
    "pred_smpl_params": {
        "global_orient": [
            [
                [
                    0.9965028166770935,
                    0.05411035194993019,
                    0.06367319077253342
                ],
                [
                    0.0504559651017189,
                    -0.9970601201057434,
                    0.05766577273607254
                ],
                [
                    0.0666063129901886,
                    -0.05425140634179115,
                    -0.996303379535675
                ]
            ]
        ],
        "body_pose": [
            [
                [
                    0.9967631101608276,
                    -0.07893131673336029,
                    -0.01527196355164051
                ],
                [
                    0.08038604259490967,
                    0.9756379723548889,
                    0.20412883162498474
                ],
                [
                    -0.0012122488114982843,
                    -0.20469573140144348,
                    0.9788249135017395
                ]
            ],
            [
                [
                    0.9933475852012634,
                    0.1147775948047638,
                    -0.00931292399764061
                ],
                [
                    -0.11053182929754257,
                    0.9730304479598999,
                    0.20247094333171844
                ],
                [
                    0.03230088949203491,
                    -0.20009462535381317,
                    0.9792439937591553
                ]
            ],
            [
                [
                    0.9991419911384583,
                    -0.020335571840405464,
                    0.03608110174536705
                ],
                [
                    0.025795139372348785,
                    0.9871073365211487,
                    -0.15796712040901184
                ],
                [
                    -0.032403577119112015,
                    0.15876229107379913,
                    0.9867849349975586
                ]
            ],
            [
                [
                    0.9871182441711426,
                    -0.020764240995049477,
                    -0.15863874554634094
                ],
                [
                    -0.07517813891172409,
                    0.8150627017021179,
                    -0.5744744539260864
                ],
                [
                    0.14122909307479858,
                    0.5790005326271057,
                    0.8030022382736206
                ]
            ],
            [
                [
                    0.9886409044265747,
                    -0.034274112433195114,
                    0.14633648097515106
                ],
                [
                    0.12405785173177719,
                    0.7357378602027893,
                    -0.6658074259757996
                ],
                [
                    -0.08484532684087753,
                    0.6763986945152283,
                    0.7316325306892395
                ]
            ],
            [
                [
                    0.9986814260482788,
                    -0.030668390914797783,
                    0.04116946831345558
                ],
                [
                    0.029729731380939484,
                    0.9992881417274475,
                    0.023221811279654503
                ],
                [
                    -0.04185234010219574,
                    -0.02196723408997059,
                    0.9988822937011719
                ]
            ],
            [
                [
                    0.9822465181350708,
                    0.08233511447906494,
                    0.16856084764003754
                ],
                [
                    -0.0860738456249237,
                    0.9961760640144348,
                    0.014982325956225395
                ],
                [
                    -0.16668272018432617,
                    -0.02922501228749752,
                    0.9855773448944092
                ]
            ],
            [
                [
                    0.9830066561698914,
                    -0.04832610860466957,
                    -0.17709413170814514
                ],
                [
                    0.06004361808300018,
                    0.9963048696517944,
                    0.061412133276462555
                ],
                [
                    0.17347192764282227,
                    -0.07100191712379456,
                    0.9822760224342346
                ]
            ],
            [
                [
                    0.9993658661842346,
                    -0.018585095182061195,
                    0.03036951646208763
                ],
                [
                    0.021523036062717438,
                    0.9948079586029053,
                    -0.09946789592504501
                ],
                [
                    -0.028363216668367386,
                    0.10005848109722137,
                    0.9945771098136902
                ]
            ],
            [
                [
                    0.9772127270698547,
                    -0.21122176945209503,
                    -0.02099396288394928
                ],
                [
                    0.21179671585559845,
                    0.9637377858161926,
                    0.16233187913894653
                ],
                [
                    -0.014055355452001095,
                    -0.16307920217514038,
                    0.9865128993988037
                ]
            ],
            [
                [
                    0.9901750683784485,
                    0.13960646092891693,
                    0.007957922294735909
                ],
                [
                    -0.13864822685718536,
                    0.972801148891449,
                    0.18556585907936096
                ],
                [
                    0.01816471293568611,
                    -0.18484604358673096,
                    0.9825996160507202
                ]
            ],
            [
                [
                    0.9734591841697693,
                    0.07205578684806824,
                    0.21722140908241272
                ],
                [
                    -0.0614444762468338,
                    0.9965816140174866,
                    -0.05522369593381882
                ],
                [
                    -0.2204580456018448,
                    0.04041095823049545,
                    0.97455894947052
                ]
            ],
            [
                [
                    0.9351921677589417,
                    0.33568790555000305,
                    0.11282457411289215
                ],
                [
                    -0.33108946681022644,
                    0.9418244957923889,
                    -0.057848911732435226
                ],
                [
                    -0.1256801038980484,
                    0.016744814813137054,
                    0.9919296503067017
                ]
            ],
            [
                [
                    0.9217798113822937,
                    -0.3761499524116516,
                    -0.09398510307073593
                ],
                [
                    0.37397781014442444,
                    0.9265563488006592,
                    -0.04042108356952667
                ],
                [
                    0.10228689014911652,
                    0.0021109965164214373,
                    0.9947526454925537
                ]
            ],
            [
                [
                    0.9864657521247864,
                    0.13336127996444702,
                    0.09539449214935303
                ],
                [
                    -0.10511207580566406,
                    0.9608587026596069,
                    -0.2563239634037018
                ],
                [
                    -0.1258443295955658,
                    0.24282769858837128,
                    0.9618721008300781
                ]
            ],
            [
                [
                    0.48411130905151367,
                    0.8404752016067505,
                    -0.24338790774345398
                ],
                [
                    -0.8738952279090881,
                    0.4784294366836548,
                    -0.08609511703252792
                ],
                [
                    0.0440831296145916,
                    0.254375159740448,
                    0.9661003947257996
                ]
            ],
            [
                [
                    0.5359026193618774,
                    -0.8169354796409607,
                    0.21313081681728363
                ],
                [
                    0.8281986117362976,
                    0.5577048659324646,
                    0.05524748936295509
                ],
                [
                    -0.16399770975112915,
                    0.14690738916397095,
                    0.9754603505134583
                ]
            ],
            [
                [
                    0.5901302099227905,
                    -0.3010677099227905,
                    -0.7490691542625427
                ],
                [
                    0.11170962452888489,
                    0.9493870735168457,
                    -0.29357314109802246
                ],
                [
                    0.7995419502258301,
                    0.08956814557313919,
                    0.5938941240310669
                ]
            ],
            [
                [
                    0.6267129778862,
                    0.3043138086795807,
                    0.7173729538917542
                ],
                [
                    -0.3257310390472412,
                    0.9386130571365356,
                    -0.11359924077987671
                ],
                [
                    -0.7079054117202759,
                    -0.1624765396118164,
                    0.6873654127120972
                ]
            ],
            [
                [
                    0.9983487129211426,
                    -0.0567566342651844,
                    0.008875186555087566
                ],
                [
                    0.05603160709142685,
                    0.9961464405059814,
                    0.06747490167617798
                ],
                [
                    -0.012670633383095264,
                    -0.06686617434024811,
                    0.9976816773414612
                ]
            ],
            [
                [
                    0.9964712262153625,
                    0.06593400985002518,
                    -0.0519428476691246
                ],
                [
                    -0.06327428668737411,
                    0.9966775178909302,
                    0.051286667585372925
                ],
                [
                    0.0551518015563488,
                    -0.04781902953982353,
                    0.9973323941230774
                ]
            ],
            [
                [
                    0.9679691791534424,
                    0.22528396546840668,
                    -0.11082771420478821
                ],
                [
                    -0.20914235711097717,
                    0.9677376747131348,
                    0.14051052927970886
                ],
                [
                    0.13890694081783295,
                    -0.11283110082149506,
                    0.9838566780090332
                ]
            ],
            [
                [
                    0.9688386917114258,
                    -0.24243582785129547,
                    0.05075811222195625
                ],
                [
                    0.2323128581047058,
                    0.9604825973510742,
                    0.15330973267555237
                ],
                [
                    -0.0859200581908226,
                    -0.13674065470695496,
                    0.9868736863136292
                ]
            ]
        ],
        "betas": [
            -0.05990195274353027,
            -0.06624779105186462,
            0.11442375183105469,
            0.0581071674823761,
            0.016395092010498047,
            0.038289640098810196,
            0.021118134260177612,
            -0.08350974321365356,
            0.04817125201225281,
            -0.037348270416259766
        ]
    },
    "pred_cam_t": [
        -0.025824135169386864,
        0.16835424304008484,
        34.57770919799805
    ],
    "focal_length": [
        5000.0,
        5000.0
    ],
    "pred_keypoints_3d": [
        [
            0.0951499342918396,
            -0.7715418338775635,
            -0.20301544666290283
        ],
        [
            0.008188428357243538,
            -0.7303226590156555,
            -0.03689664229750633
        ],
        [
            -0.17081618309020996,
            -0.630962073802948,
            -0.021718373522162437
        ],
        [
            -0.21000704169273376,
            -0.38855981826782227,
            0.04115954786539078
        ],
        [
            -0.2832658290863037,
            -0.21067151427268982,
            -0.12450746446847916
        ],
        [
            0.17928919196128845,
            -0.6517807245254517,
            0.027313124388456345
        ],
        [
            0.20580556988716125,
            -0.4205297827720642,
            0.14252515137195587
        ],
        [
            0.26615720987319946,
            -0.22346195578575134,
            0.004795968532562256
        ],
        [
            -0.0017816855106502771,
            -0.2241658717393875,
            0.028607968240976334
        ],
        [
            -0.07472898066043854,
            -0.1374225616455078,
            0.03317410498857498
        ],
        [
            -0.17113324999809265,
            0.22880861163139343,
            -0.018085431307554245
        ],
        [
            -0.20808421075344086,
            0.5308557152748108,
            0.23880507051944733
        ],
        [
            0.062453493475914,
            -0.12972958385944366,
            0.04497292637825012
        ],
        [
            0.11023670434951782,
            0.23836834728717804,
            -0.002522796392440796
        ],
        [
            0.10810479521751404,
            0.5701384544372559,
            0.21700800955295563
        ],
        [
            0.060020480304956436,
            -0.8216144442558289,
            -0.20840555429458618
        ],
        [
            0.11782520264387131,
            -0.821428120136261,
            -0.17564940452575684
        ],
        [
            -0.022676315158605576,
            -0.8483643531799316,
            -0.14876091480255127
        ],
        [
            0.10672561079263687,
            -0.8482844829559326,
            -0.07850489765405655
        ],
        [
            0.11468149721622467,
            0.7030107975006104,
            0.06760650873184204
        ],
        [
            0.17949125170707703,
            0.684557318687439,
            0.11776795983314514
        ],
        [
            0.11178947240114212,
            0.576790452003479,
            0.2878459692001343
        ],
        [
            -0.2122161090373993,
            0.6662907600402832,
            0.09571656584739685
        ],
        [
            -0.28484538197517395,
            0.6430984735488892,
            0.13815057277679443
        ],
        [
            -0.21493855118751526,
            0.5402684211730957,
            0.3114793002605438
        ],
        [
            -0.22427132725715637,
            0.4741590917110443,
            0.23295164108276367
        ],
        [
            -0.15805546939373016,
            0.16918309032917023,
            -0.020889734849333763
        ],
        [
            -0.1479043811559677,
            -0.2649794816970825,
            0.02835681661963463
        ],
        [
            0.14452165365219116,
            -0.236111119389534,
            0.06259435415267944
        ],
        [
            0.11957510560750961,
            0.19802403450012207,
            -0.003077114000916481
        ],
        [
            0.11586557328701019,
            0.5288412570953369,
            0.22514599561691284
        ],
        [
            -0.2708982229232788,
            -0.24307432770729065,
            -0.13683123886585236
        ],
        [
            -0.24030804634094238,
            -0.41117164492607117,
            0.01931198127567768
        ],
        [
            -0.134969562292099,
            -0.6621121764183044,
            -0.030302444472908974
        ],
        [
            0.14951178431510925,
            -0.6802535653114319,
            0.019282253459095955
        ],
        [
            0.24429428577423096,
            -0.4446447193622589,
            0.11229968070983887
        ],
        [
            0.2687666416168213,
            -0.24514365196228027,
            -0.00024418625980615616
        ],
        [
            0.011022429913282394,
            -0.7233431339263916,
            -0.032350827008485794
        ],
        [
            0.06407350301742554,
            -0.8902308940887451,
            -0.14253562688827515
        ],
        [
            -0.0009376946836709976,
            -0.2508559226989746,
            0.0454438291490078
        ],
        [
            0.0062980446964502335,
            -0.6687025427818298,
            -0.00901268981397152
        ],
        [
            0.007775189355015755,
            -0.4948978126049042,
            0.02960234135389328
        ],
        [
            0.05994885042309761,
            -0.7770169377326965,
            -0.1298210620880127
        ],
        [
            0.06055271252989769,
            -0.9110421538352966,
            -0.14428086578845978
        ]
    ],
    "pred_vertices": [
        [
            0.13806456327438354,
            -0.8641443252563477,
            -0.1873336136341095
        ],
        [
            0.13247297704219818,
            -0.8485057950019836,
            -0.19014084339141846
        ],
        [
            0.1372380554676056,
            -0.8487416505813599,
            -0.176766499876976
        ],
        [
            0.14061705768108368,
            -0.8618166446685791,
            -0.17011800408363342
        ],
        [
            0.13434456288814545,
            -0.8381012678146362,
            -0.17985588312149048
        ],
        [
            0.12935025990009308,
            -0.8367229104042053,
            -0.1905442476272583
        ],
        [
            0.13733623921871185,
            -0.8470665812492371,
            -0.1629417985677719
        ],
        [
            0.13876934349536896,
            -0.8573836088180542,
            -0.15429045259952545
        ],
        [
            0.12902724742889404,
            -0.8188206553459167,
            -0.1382727473974228
        ],
        [
            0.12743473052978516,
            -0.8184148669242859,
            -0.12743794918060303
        ],
        [
            0.1302042454481125,
            -0.829245388507843,
            -0.13313475251197815
        ],
        [
            0.1301625370979309,
            -0.8267627358436584,
            -0.1428927481174469
        ],
        [
            0.12140293419361115,
            -0.796495795249939,
            -0.12742608785629272
        ],
        [
            0.11816509068012238,
            -0.7846706509590149,
            -0.1338004767894745
        ],
        [
            0.11363889276981354,
            -0.7802373170852661,
            -0.1221344918012619
        ],
        [
            0.11550731956958771,
            -0.7917433977127075,
            -0.1153702363371849
        ],
        [
            0.10408919304609299,
            -0.7885191440582275,
            -0.17291875183582306
        ],
        [
            0.10687717795372009,
            -0.7828354835510254,
            -0.16718390583992004
        ],
        [
            0.11121244728565216,
            -0.7892724871635437,
            -0.1668899953365326
        ],
        [
            0.10742304474115372,
            -0.794300377368927,
            -0.17248645424842834
        ],
        [
            0.1009591817855835,
            -0.7950345873832703,
            -0.18587353825569153
        ],
        [
            0.10138896107673645,
            -0.8013964891433716,
            -0.1846407949924469
        ],
        [
            0.10053659975528717,
            -0.8029192686080933,
            -0.1923949122428894
        ],
        [
            0.10118652880191803,
            -0.7955292463302612,
            -0.19378024339675903
        ],
        [
            0.09833622723817825,
            -0.7837159633636475,
            -0.17380847036838531
        ],
        [
            0.1011730283498764,
            -0.7781224250793457,
            -0.1674698293209076
        ],
        [
            0.10205817967653275,
            -0.7930502891540527,
            -0.1784437745809555
        ],
        [
            0.10028152912855148,
            -0.788215696811676,
            -0.17972956597805023
        ],
        [
            0.10164155811071396,
            -0.7785309553146362,
            -0.18732009828090668
        ],
        [
            0.10322187840938568,
            -0.7834112644195557,
            -0.18696394562721252
        ],
        [
            0.10388946533203125,
            -0.7817317843437195,
            -0.19454409182071686
        ],
        [
            0.10136871784925461,
            -0.7768650054931641,
            -0.19275996088981628
        ],
        [
            0.0993427038192749,
            -0.7815178632736206,
            -0.17829075455665588
        ],
        [
            0.10183026641607285,
            -0.7831090688705444,
            -0.18123379349708557
        ],
        [
            0.10009830445051193,
            -0.7787530422210693,
            -0.18305301666259766
        ],
        [
            0.09678198397159576,
            -0.7780413627624512,
            -0.18048423528671265
        ],
        [
            0.10094004124403,
            -0.7900503873825073,
            -0.18688900768756866
        ],
        [
            0.10229624807834625,
            -0.7890238761901855,
            -0.19454997777938843
        ],
        [
            0.10260580480098724,
            -0.7876018285751343,
            -0.2026163637638092
        ],
        [
            0.10330678522586823,
            -0.77866530418396,
            -0.2020615041255951
        ],
        [
            0.1103038489818573,
            -0.7730003595352173,
            -0.15199345350265503
        ],
        [
            0.10959909856319427,
            -0.7776390314102173,
            -0.16018548607826233
        ],
        [
            0.10411792993545532,
            -0.7732088565826416,
            -0.1611829549074173
        ],
        [
            0.10563130676746368,
            -0.769282877445221,
            -0.15465638041496277
        ],
        [
            0.09533262252807617,
            -0.7766673564910889,
            -0.17613442242145538
        ],
        [
            0.0951087474822998,
            -0.7621971368789673,
            -0.16907450556755066
        ],
        [
            0.09620140492916107,
            -0.7655859589576721,
            -0.17034661769866943
        ],
        [
            0.09320786595344543,
            -0.7647536396980286,
            -0.1768782138824463
        ],
        [
            0.09263617545366287,
            -0.7616605758666992,
            -0.1752287894487381
        ],
        [
            0.10708785057067871,
            -0.7635071277618408,
            -0.1377294957637787
        ],
        [
            0.1041015237569809,
            -0.7607771158218384,
            -0.143687903881073
        ],
        [
            0.10164646804332733,
            -0.7556251883506775,
            -0.13912853598594666
        ],
        [
            0.10300801694393158,
            -0.7577947378158569,
            -0.13220706582069397
        ],
        [
            0.09757733345031738,
            -0.7509803771972656,
            -0.137809157371521
        ],
        [
            0.09842361509799957,
            -0.7521718740463257,
            -0.12795782089233398
        ],
        [
            0.08767607063055038,
            -0.7391229271888733,
            -0.1279021054506302
        ],
        [
            0.09283959865570068,
            -0.7450547218322754,
            -0.1274365335702896
        ],
        [
            0.09314963966608047,
            -0.7457060813903809,
            -0.13825011253356934
        ],
        [
            0.08886979520320892,
            -0.7396612167358398,
            -0.1416545808315277
        ],
        [
            0.08422038704156876,
            -0.7403470873832703,
            -0.1557513177394867
        ],
        [
            0.08023007214069366,
            -0.7381659150123596,
            -0.16028901934623718
        ],
        [
            0.08032035827636719,
            -0.7279448509216309,
            -0.15231643617153168
        ],
        [
            0.08435200154781342,
            -0.7327812910079956,
            -0.14733023941516876
        ],
        [
            0.09158462285995483,
            -0.7586196064949036,
            -0.1637495756149292
        ],
        [
            0.09353481978178024,
            -0.7598903179168701,
            -0.1595374494791031
        ],
        [
            0.09524492919445038,
            -0.7602595686912537,
            -0.16164039075374603
        ],
        [
            0.09372671693563461,
            -0.7598593235015869,
            -0.16670288145542145
        ],
        [
            0.09550689160823822,
            -0.7605339884757996,
            -0.15613383054733276
        ],
        [
            0.09645305573940277,
            -0.7606251239776611,
            -0.15460751950740814
        ],
        [
            0.09719541668891907,
            -0.76124107837677,
            -0.1560712456703186
        ],
        [
            0.09600956737995148,
            -0.760940432548523,
            -0.15683764219284058
        ],
        [
            0.09458965063095093,
            -0.7603551745414734,
            -0.15825039148330688
        ],
        [
            0.09347642213106155,
            -0.7584511041641235,
            -0.15843959152698517
        ],
        [
            0.09483882784843445,
            -0.759609580039978,
            -0.15671226382255554
        ],
        [
            0.09175731241703033,
            -0.7564635276794434,
            -0.16220051050186157
        ],
        [
            0.08431048691272736,
            -0.7510638236999512,
            -0.17405501008033752
        ],
        [
            0.08722088485956192,
            -0.7520085573196411,
            -0.17105641961097717
        ],
        [
            0.08648405969142914,
            -0.7564005851745605,
            -0.17256852984428406
        ],
        [
            0.08403019607067108,
            -0.7558701038360596,
            -0.17532041668891907
        ],
        [
            0.0970122218132019,
            -0.762179970741272,
            -0.159085214138031
        ],
        [
            0.09929627925157547,
            -0.7637723684310913,
            -0.15778590738773346
        ],
        [
            0.09849455952644348,
            -0.764764666557312,
            -0.16331961750984192
        ],
        [
            0.09661300480365753,
            -0.7625066041946411,
            -0.16257840394973755
        ],
        [
            0.10199159383773804,
            -0.7655618190765381,
            -0.1567990481853485
        ],
        [
            0.09905821084976196,
            -0.762641429901123,
            -0.15482188761234283
        ],
        [
            0.10132341831922531,
            -0.7635647654533386,
            -0.15311850607395172
        ],
        [
            0.09556311368942261,
            -0.7590848207473755,
            -0.15430718660354614
        ],
        [
            0.0966716855764389,
            -0.758253812789917,
            -0.1511908769607544
        ],
        [
            0.09831123054027557,
            -0.7601794004440308,
            -0.15253350138664246
        ],
        [
            0.0944984182715416,
            -0.7550779581069946,
            -0.15152093768119812
        ],
        [
            0.09359660744667053,
            -0.7568914294242859,
            -0.15581223368644714
        ],
        [
            0.09165534377098083,
            -0.7539865970611572,
            -0.1591908484697342
        ],
        [
            0.08927372097969055,
            -0.7508950233459473,
            -0.163723886013031
        ],
        [
            0.08861059695482254,
            -0.7478997707366943,
            -0.15845471620559692
        ],
        [
            0.09180382639169693,
            -0.7513713836669922,
            -0.1542578935623169
        ],
        [
            0.10048756748437881,
            -0.7686967849731445,
            -0.16307252645492554
        ],
        [
            0.10084189474582672,
            -0.7603391408920288,
            -0.14866869151592255
        ],
        [
            0.10529553145170212,
            -0.7659580707550049,
            -0.1491086781024933
        ],
        [
            0.0990404337644577,
            -0.756508469581604,
            -0.14626038074493408
        ],
        [
            0.0960632711648941,
            -0.7526485919952393,
            -0.14563673734664917
        ],
        [
            0.09193339198827744,
            -0.7484369277954102,
            -0.1475478708744049
        ],
        [
            0.08838042616844177,
            -0.7440364360809326,
            -0.15146103501319885
        ],
        [
            0.07487089931964874,
            -0.7245751023292542,
            -0.13927710056304932
        ],
        [
            0.08107525110244751,
            -0.7307608723640442,
            -0.1341642141342163
        ],
        [
            0.12449933588504791,
            -0.8310821652412415,
            -0.18656207621097565
        ],
        [
            0.13032567501068115,
            -0.8313213586807251,
            -0.17970502376556396
        ],
        [
            0.12651048600673676,
            -0.8262189030647278,
            -0.17288941144943237
        ],
        [
            0.1287412792444229,
            -0.8283957839012146,
            -0.1725464016199112
        ],
        [
            0.12589053809642792,
            -0.8284118175506592,
            -0.178450345993042
        ],
        [
            0.12457188963890076,
            -0.8259621858596802,
            -0.1771698147058487
        ],
        [
            0.12866267561912537,
            -0.8260213136672974,
            -0.15120835602283478
        ],
        [
            0.12734508514404297,
            -0.8256762623786926,
            -0.1579626202583313
        ],
        [
            0.12573418021202087,
            -0.8230082988739014,
            -0.15531522035598755
        ],
        [
            0.12805883586406708,
            -0.8203903436660767,
            -0.1474725604057312
        ],
        [
            0.12095464020967484,
            -0.8133248090744019,
            -0.16188225150108337
        ],
        [
            0.12322217971086502,
            -0.8158776164054871,
            -0.15758323669433594
        ],
        [
            0.12308189272880554,
            -0.820635199546814,
            -0.1639813631772995
        ],
        [
            0.12148109078407288,
            -0.818759560585022,
            -0.1671074628829956
        ],
        [
            0.11916999518871307,
            -0.817488431930542,
            -0.17045758664608002
        ],
        [
            0.11611436307430267,
            -0.8170000314712524,
            -0.1736668348312378
        ],
        [
            0.11483883857727051,
            -0.8124681711196899,
            -0.17113104462623596
        ],
        [
            0.11801491677761078,
            -0.812401533126831,
            -0.16668063402175903
        ],
        [
            0.12129351496696472,
            -0.8289331197738647,
            -0.18314486742019653
        ],
        [
            0.11490249633789062,
            -0.828301191329956,
            -0.18659013509750366
        ],
        [
            0.1149427741765976,
            -0.8258016109466553,
            -0.18424752354621887
        ],
        [
            0.12061744183301926,
            -0.8260222673416138,
            -0.18165180087089539
        ],
        [
            0.10236316174268723,
            -0.8220696449279785,
            -0.18332381546497345
        ],
        [
            0.10454705357551575,
            -0.8237905502319336,
            -0.18446823954582214
        ],
        [
            0.10260362178087234,
            -0.8244569301605225,
            -0.18776214122772217
        ],
        [
            0.10026465356349945,
            -0.8208825588226318,
            -0.18582683801651
        ],
        [
            0.10140395164489746,
            -0.8182050585746765,
            -0.1835722029209137
        ],
        [
            0.1032160222530365,
            -0.8204504251480103,
            -0.18234440684318542
        ],
        [
            0.13454607129096985,
            -0.8837511539459229,
            -0.1979757696390152
        ],
        [
            0.13052889704704285,
            -0.8654170036315918,
            -0.20161649584770203
        ],
        [
            0.14010019600391388,
            -0.8825927972793579,
            -0.17838957905769348
        ],
        [
            0.14033114910125732,
            -0.8777568340301514,
            -0.16064757108688354
        ],
        [
            0.13900437951087952,
            -0.8693166971206665,
            -0.14448225498199463
        ],
        [
            0.11050756275653839,
            -0.7703952789306641,
            -0.13016116619110107
        ],
        [
            0.10640780627727509,
            -0.7650867700576782,
            -0.12176168709993362
        ],
        [
            0.10841885209083557,
            -0.7765377759933472,
            -0.11113918572664261
        ],
        [
            0.10207636654376984,
            -0.7693909406661987,
            -0.1050620898604393
        ],
        [
            0.10026319324970245,
            -0.7576280832290649,
            -0.11649574339389801
        ],
        [
            0.08419305831193924,
            -0.7413119077682495,
            -0.11527888476848602
        ],
        [
            0.09314540773630142,
            -0.7491674423217773,
            -0.11424915492534637
        ],
        [
            0.09398698806762695,
            -0.7623578906059265,
            -0.10021381080150604
        ],
        [
            0.09617037326097488,
            -0.77947598695755,
            -0.08847175538539886
        ],
        [
            0.10315275192260742,
            -0.7827900648117065,
            -0.09582193940877914
        ],
        [
            0.09679245203733444,
            -0.7986713647842407,
            -0.08192908763885498
        ],
        [
            0.08556825667619705,
            -0.7771470546722412,
            -0.08024779707193375
        ],
        [
            0.08979777991771698,
            -0.8015244007110596,
            -0.07690984010696411
        ],
        [
            0.0687277615070343,
            -0.7453184723854065,
            -0.08449633419513702
        ],
        [
            0.06770968437194824,
            -0.7378579378128052,
            -0.07948705554008484
        ],
        [
            0.07335181534290314,
            -0.7492194175720215,
            -0.06542991101741791
        ],
        [
            0.07452049851417542,
            -0.7570836544036865,
            -0.07029253244400024
        ],
        [
            0.10987743735313416,
            -0.7870373725891113,
            -0.10395273566246033
        ],
        [
            0.13129974901676178,
            -0.8415886163711548,
            -0.12969401478767395
        ],
        [
            0.13287779688835144,
            -0.837002694606781,
            -0.14052054286003113
        ],
        [
            0.12727993726730347,
            -0.8318703770637512,
            -0.12200086563825607
        ],
        [
            0.13798053562641144,
            -0.9035677313804626,
            -0.1347532570362091
        ],
        [
            0.14113551378250122,
            -0.892094612121582,
            -0.14941497147083282
        ],
        [
            0.13980180025100708,
            -0.881076455116272,
            -0.13523495197296143
        ],
        [
            0.13732896745204926,
            -0.8933123350143433,
            -0.12332835793495178
        ],
        [
            0.12673988938331604,
            -0.9315377473831177,
            -0.16853803396224976
        ],
        [
            0.13399764895439148,
            -0.9094597101211548,
            -0.18467402458190918
        ],
        [
            0.13781781494617462,
            -0.902201771736145,
            -0.16821417212486267
        ],
        [
            0.13346348702907562,
            -0.9194900989532471,
            -0.1540200263261795
        ],
        [
            0.13283395767211914,
            -0.8999263048171997,
            -0.11249073594808578
        ],
        [
            0.12486987560987473,
            -0.9089130163192749,
            -0.09829745441675186
        ],
        [
            0.12160474807024002,
            -0.9260560870170593,
            -0.10073111206293106
        ],
        [
            0.13120101392269135,
            -0.9173949956893921,
            -0.11928605288267136
        ],
        [
            0.11239111423492432,
            -0.947109580039978,
            -0.10905344039201736
        ],
        [
            0.12410835921764374,
            -0.9367125034332275,
            -0.13146691024303436
        ],
        [
            0.08049201965332031,
            -0.793740451335907,
            -0.06656329333782196
        ],
        [
            0.08441704511642456,
            -0.8114504814147949,
            -0.06923256814479828
        ],
        [
            0.07750135660171509,
            -0.7655487656593323,
            -0.0773717537522316
        ],
        [
            0.07753674685955048,
            -0.7794300317764282,
            -0.0635790079832077
        ],
        [
            0.0980529934167862,
            -0.9630656242370605,
            -0.11978849023580551
        ],
        [
            0.11312704533338547,
            -0.9519388675689697,
            -0.14623083174228668
        ],
        [
            0.0875556543469429,
            -0.909246563911438,
            -0.058617331087589264
        ],
        [
            0.0974179208278656,
            -0.9221458435058594,
            -0.06967167556285858
        ],
        [
            0.10718616843223572,
            -0.9039639234542847,
            -0.07387100160121918
        ],
        [
            0.09697847813367844,
            -0.8943672776222229,
            -0.06288649141788483
        ],
        [
            0.07332682609558105,
            -0.9238319396972656,
