{
    "pred_cam": [
        1.5144017934799194,
        0.05619233101606369,
        0.3306443989276886
    ],
    "pred_smpl_params": {
        "global_orient": [
            [
                [
                    -0.7489283084869385,
                    0.131363645195961,
                    -0.6494998335838318
                ],
                [
                    0.07984264940023422,
                    -0.955124020576477,
                    -0.28524258732795715
                ],
                [
                    -0.6578233242034912,
                    -0.2654840350151062,
                    0.7048310041427612
                ]
            ]
        ],
        "body_pose": [
            [
                [
                    0.9998807907104492,
                    -0.015332069247961044,
                    -0.0018186761299148202
                ],
                [
                    0.015414766035974026,
                    0.9846531748771667,
                    0.17384065687656403
                ],
                [
                    -0.0008745716186240315,
                    -0.1738479733467102,
                    0.9847721457481384
                ]
            ],
            [
                [
                    0.9887781143188477,
                    0.017286963760852814,
                    -0.14838807284832
                ],
                [
                    -0.012796564027667046,
                    0.999432384967804,
                    0.031162811443209648
                ],
                [
                    0.14884255826473236,
                    -0.028914248570799828,
                    0.988438069820404
                ]
            ],
            [
                [
                    0.9955561757087708,
                    -0.012663069181144238,
                    0.09331420063972473
                ],
                [
                    0.026843294501304626,
                    0.9879671335220337,
                    -0.15231677889823914
                ],
                [
                    -0.09026256203651428,
                    0.1541447788476944,
                    0.983916699886322
                ]
            ],
            [
                [
                    0.9975391030311584,
                    0.06936497241258621,
                    -0.010204855352640152
                ],
                [
                    -0.07010337710380554,
                    0.9890276193618774,
                    -0.13003820180892944
                ],
                [
                    0.0010727905901148915,
                    0.1304336041212082,
                    0.9914564490318298
                ]
            ],
            [
                [
                    0.9791334271430969,
                    -0.1929989457130432,
                    -0.06363186985254288
                ],
                [
                    0.1544628143310547,
                    0.9102728366851807,
                    -0.3841152489185333
                ],
                [
                    0.13205620646476746,
                    0.36627137660980225,
                    0.9210897088050842
                ]
            ],
            [
                [
                    0.9960451722145081,
                    4.1205457819160074e-05,
                    0.0888487696647644
                ],
                [
                    0.006212460808455944,
                    0.9975200891494751,
                    -0.07010781019926071
                ],
                [
                    -0.08863131701946259,
                    0.0703825131058693,
                    0.9935747981071472
                ]
            ],
            [
                [
                    0.9883023500442505,
                    0.0400516539812088,
                    0.14715436100959778
                ],
                [
                    -0.03633628785610199,
                    0.9989514350891113,
                    -0.027851317077875137
                ],
                [
                    -0.14811556041240692,
                    0.02217848040163517,
                    0.9887213706970215
                ]
            ],
            [
                [
                    0.9869567155838013,
                    0.04540630429983139,
                    -0.15444979071617126
                ],
                [
                    -0.03279804810881615,
                    0.9959909319877625,
                    0.08322461694478989
                ],
                [
                    0.15760952234268188,
                    -0.07707343995571136,
                    0.9844892024993896
                ]
            ],
            [
                [
                    0.9961739778518677,
                    0.011829687282443047,
                    0.08658774197101593
                ],
                [
                    -0.0075959437526762486,
                    0.9987668395042419,
                    -0.049062591046094894
                ],
                [
                    -0.08706136047840118,
                    0.04821716248989105,
                    0.9950354099273682
                ]
            ],
            [
                [
                    0.9934272766113281,
                    -0.09752023220062256,
                    0.059933193027973175
                ],
                [
                    0.0948137566447258,
                    0.9944102168083191,
                    0.04646087437868118
                ],
                [
                    -0.0641290619969368,
                    -0.04047301411628723,
                    0.9971204996109009
                ]
            ],
            [
                [
                    0.9971005320549011,
                    0.007001255173236132,
                    -0.07577311247587204
                ],
                [
                    -0.006673622876405716,
                    0.9999672770500183,
                    0.0045763347297906876
                ],
                [
                    0.07580266892910004,
                    -0.004057385493069887,
                    0.9971145987510681
                ]
            ],
            [
                [
                    0.989714503288269,
                    0.0031590342987328768,
                    0.1430220603942871
                ],
                [
                    0.011123227886855602,
                    0.9950301051139832,
                    -0.09895084798336029
                ],
                [
                    -0.14262385666370392,
                    0.09952394664287567,
                    0.984760582447052
                ]
            ],
            [
                [
                    0.9395039677619934,
                    0.2928336560726166,
                    -0.17770934104919434
                ],
                [
                    -0.28751638531684875,
                    0.9561627507209778,
                    0.05556153506040573
                ],
                [
                    0.18618933856487274,
                    -0.0011059337994083762,
                    0.9825131893157959
                ]
            ],
            [
                [
                    0.9079625010490417,
                    -0.2879634201526642,
                    0.30443572998046875
                ],
                [
                    0.2983030080795288,
                    0.9543817043304443,
                    0.013070452027022839
                ],
                [
                    -0.2943117320537567,
                    0.07894660532474518,
                    0.9524431228637695
                ]
            ],
            [
                [
                    0.9942768812179565,
                    0.0750856027007103,
                    0.07599692046642303
                ],
                [
                    -0.03572336956858635,
                    0.9040806293487549,
                    -0.42586618661880493
                ],
                [
                    -0.1006837710738182,
                    0.4207140803337097,
                    0.9015887975692749
                ]
            ],
            [
                [
                    0.5070173740386963,
                    0.7219089269638062,
                    -0.4709360897541046
                ],
                [
                    -0.8171070218086243,
                    0.5764722228050232,
                    0.0039771380834281445
                ],
                [
                    0.2743527293205261,
                    0.382788747549057,
                    0.8821582794189453
                ]
            ],
            [
                [
                    0.48161566257476807,
                    -0.7499709725379944,
                    0.45342013239860535
                ],
                [
                    0.7997989058494568,
                    0.5876457691192627,
                    0.12245054543018341
                ],
                [
                    -0.35828477144241333,
                    0.30367082357406616,
                    0.882845401763916
                ]
            ],
            [
                [
                    -0.12428603321313858,
                    -0.409243106842041,
                    -0.9039209485054016
                ],
                [
                    -0.03468196466565132,
                    0.9122194051742554,
                    -0.4082314968109131
                ],
                [
                    0.9916400909423828,
                    -0.019387727603316307,
                    -0.12756948173046112
                ]
            ],
            [
                [
                    0.26271262764930725,
                    0.2608509063720703,
                    0.9289451241493225
                ],
                [
                    -0.0763373002409935,
                    0.9653641581535339,
                    -0.24948878586292267
                ],
                [
                    -0.9618496894836426,
                    -0.005369264632463455,
                    0.27352601289749146
                ]
            ],
            [
                [
                    0.9845389723777771,
                    -0.138746440410614,
                    -0.10692277550697327
                ],
                [
                    0.15821032226085663,
                    0.9663494229316711,
                    0.2028256207704544
                ],
                [
                    0.0751834362745285,
                    -0.216606006026268,
                    0.9733597636222839
                ]
            ],
            [
                [
                    0.9876015782356262,
                    0.12208013981580734,
                    0.09868939965963364
                ],
                [
                    -0.1319335252046585,
                    0.9861624240875244,
                    0.10038454830646515
                ],
                [
                    -0.08506882935762405,
                    -0.11216037720441818,
                    0.9900420308113098
                ]
            ],
            [
                [
                    0.9760091304779053,
                    0.2043699324131012,
                    -0.0750940814614296
                ],
                [
                    -0.195282980799675,
                    0.974195659160614,
                    0.11316953599452972
                ],
                [
                    0.09628478437662125,
                    -0.09578990191221237,
                    0.990733802318573
                ]
            ],
            [
                [
                    0.9766716957092285,
                    -0.2085890769958496,
                    0.051019951701164246
                ],
                [
                    0.2001209855079651,
                    0.9702863693237305,
                    0.13599932193756104
                ],
                [
                    -0.07787194848060608,
                    -0.12261651456356049,
                    0.9893943071365356
                ]
            ]
        ],
        "betas": [
            -0.27615082263946533,
            -0.2877160608768463,
            0.2492428719997406,
            0.4943055510520935,
            0.2795349955558777,
            -0.017053361982107162,
            -0.024414092302322388,
            -0.08992829918861389,
            0.0260760635137558,
            -0.10417994856834412
        ]
    },
    "pred_cam_t": [
        0.05619233101606369,
        0.3306443989276886,
        25.79401397705078
    ],
    "focal_length": [
        5000.0,
        5000.0
    ],
    "pred_keypoints_3d": [
        [
            -0.12772902846336365,
            -0.780163049697876,
            -0.012987542897462845
        ],
        [
            0.037350188940763474,
            -0.724254846572876,
            -0.06984159350395203
        ],
        [
            0.1171586811542511,
            -0.648265540599823,
            0.10084361582994461
        ],
        [
            0.07778666913509369,
            -0.41909050941467285,
            0.1878136396408081
        ],
        [
            -0.17027714848518372,
            -0.41619160771369934,
            0.19926422834396362
        ],
        [
            -0.06939445436000824,
            -0.6173484921455383,
            -0.20042037963867188
        ],
        [
            -0.14019116759300232,
            -0.3733446002006531,
            -0.19205261766910553
        ],
        [
            -0.2090453803539276,
            -0.4614051580429077,
            0.023201584815979004
        ],
        [
            -0.0018104346236214042,
            -0.22699156403541565,
            0.028780817985534668
        ],
        [
            0.04004150256514549,
            -0.14503180980682373,
            0.09472973644733429
        ],
        [
            0.024141106754541397,
            0.206325501203537,
            0.21711155772209167
        ],
        [
            -0.004726393148303032,
            0.5812737941741943,
            0.12598994374275208
        ],
        [
            -0.06192540377378464,
            -0.13238736987113953,
            0.0022659804672002792
        ],
        [
            -0.174759179353714,
            0.19574594497680664,
            0.11344806849956512
        ],
        [
            -0.18258072435855865,
            0.5676165819168091,
            0.2184777855873108
        ],
        [
            -0.10549402236938477,
            -0.8323732614517212,
            0.00897834450006485
        ],
        [
            -0.12840718030929565,
            -0.8260093331336975,
            -0.05294865369796753
        ],
        [
            -0.004633784294128418,
            -0.8621354103088379,
            0.013765223324298859
        ],
        [
            -0.05775350332260132,
            -0.8481435775756836,
            -0.12344750761985779
        ],
        [
            -0.32692384719848633,
            0.567162275314331,
            0.3557344675064087
        ],
        [
            -0.3358871340751648,
            0.5961854457855225,
            0.27786850929260254
        ],
        [
            -0.1465262770652771,
            0.6157411336898804,
            0.18921643495559692
        ],
        [
            -0.08390114456415176,
            0.6302927732467651,
            0.30021774768829346
        ],
        [
            0.0006163753569126129,
            0.6442133784294128,
            0.2823248505592346
        ],
        [
            0.01393332052975893,
            0.6216150522232056,
            0.0723944902420044
        ],
        [
            0.031324584037065506,
            0.5331753492355347,
            0.11790181696414948
        ],
        [
            0.027953119948506355,
            0.14313074946403503,
            0.2038346529006958
        ],
        [
            0.11854609847068787,
            -0.2673377990722656,
            0.11147923767566681
        ],
        [
            -0.0937378853559494,
            -0.22430729866027832,
            -0.09011594951152802
        ],
        [
            -0.172173872590065,
            0.15720859169960022,
            0.09146172553300858
        ],
        [
            -0.16818448901176453,
            0.5430638790130615,
            0.18523317575454712
        ],
        [
            -0.15061284601688385,
            -0.4471719563007355,
            0.18425467610359192
        ],
        [
            0.06657447665929794,
            -0.4538254141807556,
            0.21242305636405945
        ],
        [
            0.102911576628685,
            -0.6754826307296753,
            0.06568199396133423
        ],
        [
            -0.04749958962202072,
            -0.6477413773536682,
            -0.1869429349899292
        ],
        [
            -0.17178240418434143,
            -0.4156877100467682,
            -0.2001279890537262
        ],
        [
            -0.20490288734436035,
            -0.4753354787826538,
            0.001970847137272358
        ],
        [
            0.02511889487504959,
            -0.7164542078971863,
            -0.06483859568834305
        ],
        [
            -0.06788721680641174,
            -0.8971719145774841,
            -0.04993719235062599
        ],
        [
            0.01194701436907053,
            -0.2460000365972519,
            0.009863823652267456
        ],
        [
            0.027623608708381653,
            -0.6590982675552368,
            -0.05790859833359718
        ],
        [
            0.04730323702096939,
            -0.4842747151851654,
            -0.04759718477725983
        ],
        [
            -0.055622026324272156,
            -0.7826968431472778,
            -0.04517059773206711
        ],
        [
            -0.06741832196712494,
            -0.9170100688934326,
            -0.0481506809592247
        ]
    ],
    "pred_vertices": [
        [
            -0.1523597687482834,
            -0.8684244155883789,
            -0.06197623163461685
        ],
        [
            -0.15040507912635803,
            -0.8528910279273987,
            -0.054540663957595825
        ],
        [
            -0.14476406574249268,
            -0.8520452380180359,
            -0.06815577298402786
        ],
        [
            -0.14289388060569763,
            -0.8647469282150269,
            -0.0762534961104393
        ],
        [
            -0.14471018314361572,
            -0.8415281176567078,
            -0.06263947486877441
        ],
        [
            -0.14742201566696167,
            -0.841460108757019,
            -0.050774551928043365
        ],
        [
            -0.1358611285686493,
            -0.8492981195449829,
            -0.07833874225616455
        ],
        [
            -0.13163642585277557,
            -0.8590413331985474,
            -0.08663789927959442
        ],
        [
            -0.11357524991035461,
            -0.8200546503067017,
            -0.08902332186698914
        ],
        [
            -0.10502000153064728,
            -0.8190871477127075,
            -0.09626562148332596
        ],
        [
            -0.11123791337013245,
            -0.829837441444397,
            -0.09502118825912476
        ],
        [
            -0.11757734417915344,
            -0.8281797766685486,
            -0.08707237243652344
        ],
        [
            -0.1000647246837616,
            -0.797893762588501,
            -0.08988646417856216
        ],
        [
            -0.10148707032203674,
            -0.7868891954421997,
            -0.08158011734485626
        ],
        [
            -0.0904105007648468,
            -0.7820640802383423,
            -0.08725816011428833
        ],
        [
            -0.08744107186794281,
            -0.7929935455322266,
            -0.09488039463758469
        ],
        [
            -0.11586328595876694,
            -0.7943074703216553,
            -0.04288075119256973
        ],
        [
            -0.11435741931200027,
            -0.7880481481552124,
            -0.048620328307151794
        ],
        [
            -0.11772289127111435,
            -0.7940136194229126,
            -0.052221909165382385
        ],
        [
            -0.1183844655752182,
            -0.7996891736984253,
            -0.045974068343639374
        ],
        [
            -0.1217978447675705,
            -0.8018045425415039,
            -0.0319662019610405
        ],
        [
            -0.12152525782585144,
            -0.8079420328140259,
            -0.03380541130900383
        ],
        [
            -0.12580841779708862,
            -0.8100130558013916,
            -0.0274910107254982
        ],
        [
            -0.127048522233963,
            -0.8027834892272949,
            -0.026166874915361404
        ],
        [
            -0.11177937686443329,
            -0.7901092767715454,
            -0.03812206909060478
        ],
        [
            -0.10990573465824127,
            -0.783903956413269,
            -0.044285695999860764
        ],
        [
            -0.11773361265659332,
            -0.7993468642234802,
            -0.03784345090389252
        ],
        [
            -0.11710694432258606,
            -0.7947676181793213,
            -0.035528503358364105
        ],
        [
            -0.12292638421058655,
            -0.7855575084686279,
            -0.029735732823610306
        ],
        [
            -0.12401021271944046,
            -0.7902207970619202,
            -0.03150624781847
        ],
        [
            -0.1292642205953598,
            -0.7890012264251709,
            -0.02607307955622673
        ],
        [
            -0.1261226236820221,
            -0.7842960357666016,
            -0.025262027978897095
        ],
        [
            -0.11540248245000839,
            -0.788054347038269,
            -0.035577550530433655
        ],
        [
            -0.11917635053396225,
            -0.7896842956542969,
            -0.035049863159656525
        ],
        [
            -0.11895584315061569,
            -0.7856574654579163,
            -0.03209591656923294
        ],
        [
            -0.11477254331111908,
            -0.7850414514541626,
            -0.03182756155729294
        ],
        [
            -0.12217877805233002,
            -0.7969255447387695,
            -0.030764732509851456
        ],
        [
            -0.128191739320755,
            -0.7963117361068726,
            -0.025752857327461243
        ],
        [
            -0.13357441127300262,
            -0.7953671813011169,
            -0.019657664000988007
        ],
        [
            -0.13353639841079712,
            -0.7864801287651062,
            -0.01958547905087471
        ],
        [
            -0.10696829855442047,
            -0.7770848274230957,
            -0.06142143905162811
        ],
        [
            -0.11171180009841919,
            -0.7822209596633911,
            -0.05525283142924309
        ],
        [
            -0.10800039768218994,
            -0.7785274386405945,
            -0.050441909581422806
        ],
        [
            -0.10490934550762177,
            -0.7741347551345825,
            -0.05597902461886406
        ],
        [
            -0.11087533831596375,
            -0.7834774255752563,
            -0.03400932624936104
        ],
        [
            -0.10602355748414993,
            -0.7689033150672913,
            -0.037797048687934875
        ],
        [
            -0.10772499442100525,
            -0.7722098231315613,
            -0.03791893646121025
        ],
        [
            -0.10957839339971542,
            -0.7720389366149902,
            -0.030972260981798172
        ],
        [
            -0.10805238038301468,
            -0.7689498662948608,
            -0.0315219908952713
        ],
        [
            -0.09519670158624649,
            -0.767052412033081,
            -0.06935644149780273
        ],
        [
            -0.0966351255774498,
            -0.7650983333587646,
            -0.06252115964889526
        ],
        [
            -0.09182148426771164,
            -0.7597929239273071,
            -0.06389608979225159
        ],
        [
            -0.08854365348815918,
            -0.7612224817276001,
            -0.07050491869449615
        ],
        [
            -0.08799180388450623,
            -0.7553074359893799,
            -0.06190574914216995
        ],
        [
            -0.08240719139575958,
            -0.755685567855835,
            -0.0701843649148941
        ],
        [
            -0.07433997094631195,
            -0.7436513900756836,
            -0.06153389811515808
        ],
        [
            -0.07790406793355942,
            -0.7490496635437012,
            -0.06605298072099686
        ],
        [
            -0.0848752111196518,
            -0.7505161762237549,
            -0.05805792659521103
        ],
        [
            -0.08382327854633331,
            -0.7452372312545776,
            -0.052026282995939255
        ],
        [
            -0.08891233801841736,
            -0.7473483085632324,
            -0.03827972710132599
        ],
        [
            -0.08874217420816422,
            -0.7458571791648865,
            -0.032159678637981415
        ],
        [
            -0.08366528898477554,
            -0.7352328300476074,
            -0.0371953547000885
        ],
        [
            -0.08397208899259567,
            -0.7391268610954285,
            -0.04418771713972092
        ],
        [
            -0.09983565658330917,
            -0.7653567790985107,
            -0.038878828287124634
        ],
        [
            -0.09867656975984573,
            -0.766150712966919,
            -0.04345240816473961
        ],
        [
            -0.10131222754716873,
            -0.7665047645568848,
            -0.04300414398312569
        ],
        [
            -0.10331948846578598,
            -0.7666085958480835,
            -0.03813380002975464
        ],
        [
            -0.098033107817173,
            -0.7663788795471191,
            -0.047364331781864166
        ],
        [
            -0.0977524146437645,
            -0.766339898109436,
            -0.049139030277729034
        ],
        [
            -0.09925922751426697,
            -0.7669866681098938,
            -0.04858158528804779
        ],
        [
            -0.09873311966657639,
            -0.7667831182479858,
            -0.04727804660797119
        ],
        [
            -0.09858115017414093,
            -0.7664016485214233,
            -0.04523543640971184
        ],
        [
            -0.09788592904806137,
            -0.7646031379699707,
            -0.04420088604092598
        ],
        [
            -0.0979311391711235,
            -0.7655296325683594,
            -0.04641710966825485
        ],
        [
            -0.09895114600658417,
            -0.7630648612976074,
            -0.04003153368830681
        ],
        [
            -0.10080160945653915,
            -0.7592281103134155,
            -0.02599453553557396
        ],
        [
            -0.10109146684408188,
            -0.7597926259040833,
            -0.029865989461541176
        ],
        [
            -0.10145474225282669,
            -0.7642673254013062,
            -0.028695402666926384
        ],
        [
            -0.10143247246742249,
            -0.7639920711517334,
            -0.025385772809386253
        ],
        [
            -0.10102423280477524,
            -0.7680368423461914,
            -0.04661451652646065
        ],
        [
            -0.102043516933918,
            -0.7694351077079773,
            -0.0489167757332325
        ],
        [
            -0.10495618730783463,
            -0.7708110809326172,
            -0.044341932982206345
        ],
        [
            -0.10302359610795975,
            -0.7686864137649536,
            -0.04341842979192734
        ],
        [
            -0.10347921401262283,
            -0.7708827257156372,
            -0.05167470872402191
        ],
        [
            -0.09987104684114456,
            -0.7681550979614258,
            -0.0508742518723011
        ],
        [
            -0.10061530768871307,
            -0.7687221169471741,
            -0.05398408696055412
        ],
        [
            -0.09689349681138992,
            -0.7648031711578369,
            -0.04863632470369339
        ],
        [
            -0.09569033235311508,
            -0.7637113332748413,
            -0.051656197756528854
        ],
        [
            -0.09780856221914291,
            -0.7656115889549255,
            -0.0518704317510128
        ],
        [
            -0.09425920248031616,
            -0.7607325911521912,
            -0.04968196153640747
        ],
        [
            -0.09637074172496796,
            -0.7628692388534546,
            -0.04604071378707886
        ],
        [
            -0.09705114364624023,
            -0.760388970375061,
            -0.04194049537181854
        ],
        [
            -0.09803549945354462,
            -0.7579031586647034,
            -0.03664465248584747
        ],
        [
            -0.09414959698915482,
            -0.7545885443687439,
            -0.039864979684352875
        ],
        [
            -0.09397968649864197,
            -0.7574344873428345,
            -0.04549918323755264
        ],
        [
            -0.10646042972803116,
            -0.7744388580322266,
            -0.04647901654243469
        ],
        [
            -0.09721558541059494,
            -0.765339732170105,
            -0.05646669492125511
        ],
        [
            -0.10100772976875305,
            -0.7705919742584229,
            -0.05962464585900307
        ],
        [
            -0.09423493593931198,
            -0.7615064978599548,
            -0.056756533682346344
        ],
        [
            -0.09153331071138382,
            -0.7578036785125732,
            -0.05492542311549187
        ],
        [
            -0.09003264456987381,
            -0.753976583480835,
            -0.050571128726005554
        ],
        [
            -0.08942018449306488,
            -0.7503089308738708,
            -0.044630520045757294
        ],
        [
            -0.07146810740232468,
            -0.7311314344406128,
            -0.04292643815279007
        ],
        [
            -0.07340985536575317,
            -0.7363065481185913,
            -0.05158768966794014
        ],
        [
            -0.1410619020462036,
            -0.8355088829994202,
            -0.04997871816158295
        ],
        [
            -0.14109089970588684,
            -0.8350272178649902,
            -0.05908557400107384
        ],
        [
            -0.13369518518447876,
            -0.8297778367996216,
            -0.06126994639635086
        ],
        [
            -0.135172039270401,
            -0.8317896723747253,
            -0.06288883835077286
        ],
        [
            -0.1370599865913391,
            -0.8321573138237,
            -0.05691178888082504
        ],
        [
            -0.13496318459510803,
            -0.8298874497413635,
            -0.05673423781991005
        ],
        [
            -0.12127481400966644,
            -0.8282608985900879,
            -0.07935246080160141
        ],
        [
            -0.12444595992565155,
            -0.8284638524055481,
            -0.07313460856676102
        ],
        [
            -0.12167146801948547,
            -0.8257423043251038,
            -0.07388335466384888
        ],
        [
            -0.11862003803253174,
            -0.8223888874053955,
            -0.08129146695137024
        ],
        [
            -0.12207131832838058,
            -0.8168294429779053,
            -0.06487730145454407
        ],
        [
            -0.12125968933105469,
            -0.8189243674278259,
            -0.06991779059171677
        ],
        [
            -0.12506860494613647,
            -0.8240911364555359,
            -0.06537968665361404
        ],
        [
            -0.12581321597099304,
            -0.8225334882736206,
            -0.0617854930460453
        ],
        [
            -0.1261034905910492,
            -0.8216251134872437,
            -0.05769302323460579
        ],
        [
            -0.12603825330734253,
            -0.8215121626853943,
            -0.05314938724040985
        ],
        [
            -0.12318998575210571,
            -0.8169580698013306,
            -0.05394849553704262
        ],
        [
            -0.12278255075216293,
            -0.8163691759109497,
            -0.05934513732790947
        ],
        [
            -0.13636940717697144,
            -0.8332510590553284,
            -0.05051328241825104
        ],
        [
            -0.13377326726913452,
            -0.833397626876831,
            -0.04357333108782768
        ],
        [
            -0.13203246891498566,
            -0.8308779001235962,
            -0.04536742344498634
        ],
        [
            -0.13467296957969666,
            -0.8305984735488892,
            -0.050972893834114075
        ],
        [
            -0.12173271924257278,
            -0.8282098770141602,
            -0.037470340728759766
        ],
        [
            -0.12418012320995331,
            -0.8298122882843018,
            -0.038204625248909
        ],
        [
            -0.12467373162508011,
            -0.8309799432754517,
            -0.03447122499346733
        ],
        [
            -0.12164035439491272,
            -0.8274229764938354,
            -0.03406895697116852
        ],
        [
            -0.1210477203130722,
            -0.8244807720184326,
            -0.03629826381802559
        ],
        [
            -0.12171558290719986,
            -0.8264284729957581,
            -0.03862231224775314
        ],
        [
            -0.15717865526676178,
            -0.8895639181137085,
            -0.05300094932317734
        ],
        [
            -0.15665657818317413,
            -0.871168851852417,
            -0.046765685081481934
        ],
        [
            -0.14838823676109314,
            -0.886527419090271,
            -0.07175223529338837
        ],
        [
            -0.13695582747459412,
            -0.8801201581954956,
            -0.08477610349655151
        ],
        [
            -0.12595915794372559,
            -0.8702981472015381,
            -0.09547344595193863
        ],
        [
            -0.09309118986129761,
            -0.7730563879013062,
            -0.07813266664743423
        ],
        [
            -0.08452212810516357,
            -0.7675036191940308,
            -0.08142874389886856
        ],
        [
            -0.07943177223205566,
            -0.7778669595718384,
            -0.09221427142620087
        ],
        [
            -0.07082222402095795,
            -0.7706183195114136,
            -0.09212468564510345
        ],
        [
            -0.0766657143831253,
            -0.7600500583648682,
            -0.08085992932319641
        ],
        [
            -0.06421409547328949,
            -0.7446407079696655,
            -0.0693526342511177
        ],
        [
            -0.06990920007228851,
            -0.7519615888595581,
            -0.07691242545843124
        ],
        [
            -0.061793193221092224,
            -0.7633378505706787,
            -0.08999806642532349
        ],
        [
            -0.05575035512447357,
            -0.7793852090835571,
            -0.10236403346061707
        ],
        [
            -0.06573322415351868,
            -0.7832990884780884,
            -0.10159289836883545
        ],
        [
            -0.05180329084396362,
            -0.798141598701477,
            -0.10978353768587112
        ],
        [
            -0.04318670183420181,
            -0.7757167816162109,
            -0.10204456746578217
        ],
        [
            -0.04330253601074219,
            -0.8003935813903809,
            -0.11001446843147278
        ],
        [
            -0.03613068908452988,
            -0.7450151443481445,
            -0.0829499363899231
        ],
        [
            -0.033043231815099716,
            -0.7370339632034302,
            -0.08420249819755554
        ],
        [
            -0.02596239745616913,
            -0.7455466389656067,
            -0.0997028797864914
        ],
        [
            -0.029625117778778076,
            -0.7542212009429932,
            -0.09857839345932007
        ],
        [
            -0.07567796111106873,
            -0.7878918647766113,
            -0.09970109909772873
        ],
        [
            -0.10979162156581879,
            -0.8423693180084229,
            -0.09902766346931458
        ],
        [
            -0.11820082366466522,
            -0.8379022479057312,
            -0.0913969948887825
        ],
        [
            -0.10142266750335693,
            -0.8321012854576111,
            -0.10226757824420929
        ],
        [
            -0.11916309595108032,
            -0.9046080112457275,
            -0.10559089481830597
        ],
        [
            -0.13102330267429352,
            -0.8934779167175293,
            -0.09526854753494263
        ],
        [
            -0.12037108838558197,
            -0.8818011283874512,
            -0.10429684817790985
        ],
        [
            -0.11130562424659729,
            -0.8934049010276794,
            -0.11318207532167435
        ],
        [
            -0.1335589438676834,
            -0.9350659847259521,
            -0.07482077926397324
        ],
        [
            -0.14878076314926147,
            -0.9135235548019409,
            -0.06525391340255737
        ],
        [
            -0.14138512313365936,
            -0.9053767323493958,
            -0.08020447939634323
        ],
        [
            -0.12854725122451782,
            -0.9216729402542114,
            -0.08940903097391129
        ],
        [
            -0.10069413483142853,
            -0.8998777866363525,
            -0.1190367043018341
        ],
        [
            -0.08542566001415253,
            -0.9086759090423584,
            -0.12521898746490479
        ],
        [
            -0.0847504734992981,
            -0.9262261390686035,
            -0.12305751442909241
        ],
        [
            -0.10438448190689087,
            -0.9179468154907227,
            -0.11448393762111664
        ],
        [
            -0.08368438482284546,
            -0.9483240842819214,
            -0.11273545026779175
        ],
        [
            -0.10708774626255035,
            -0.938530683517456,
            -0.10214100033044815
        ],
        [
            -0.029383108019828796,
            -0.7912580966949463,
            -0.10990729928016663
        ],
        [
            -0.033870771527290344,
            -0.8104372620582581,
            -0.11252438277006149
        ],
        [
            -0.0359174907207489,
            -0.7636692523956299,
            -0.097437784075737
        ],
        [
            -0.025604575872421265,
            -0.7759084701538086,
            -0.10820792615413666
        ],
        [
            -0.08049595355987549,
            -0.965760350227356,
            -0.09654559940099716
        ],
        [
            -0.10880978405475616,
            -0.9553262591362,
            -0.0851791501045227
        ],
        [
            -0.03054104745388031,
            -0.9090561866760254,
            -0.13210929930210114
        ],
        [
            -0.045914843678474426,
            -0.921968936920166,
            -0.13042765855789185
        ],
        [
            -0.055858492851257324,
            -0.9032381772994995,
