{
    "pred_cam": [
        1.150841474533081,
        0.02933144010603428,
        0.1902960240840912
    ],
    "pred_smpl_params": {
        "global_orient": [
            [
                [
                    0.9893500804901123,
                    0.128574937582016,
                    0.06822728365659714
                ],
                [
                    0.12789659202098846,
                    -0.9916852712631226,
                    0.014237369410693645
                ],
                [
                    0.06949056684970856,
                    -0.00535970414057374,
                    -0.9975681900978088
                ]
            ]
        ],
        "body_pose": [
            [
                [
                    0.9988139867782593,
                    -0.04346592724323273,
                    -0.021939728409051895
                ],
                [
                    0.04724961519241333,
                    0.9740629196166992,
                    0.22128938138484955
                ],
                [
                    0.011752127669751644,
                    -0.2220635563135147,
                    0.9749614000320435
                ]
            ],
            [
                [
                    0.9916300773620605,
                    0.12907417118549347,
                    0.0031055419240146875
                ],
                [
                    -0.1274770200252533,
                    0.9749780297279358,
                    0.1821194291114807
                ],
                [
                    0.020479077473282814,
                    -0.18099099397659302,
                    0.9832715392112732
                ]
            ],
            [
                [
                    0.9991911053657532,
                    -0.03209163248538971,
                    0.024235554039478302
                ],
                [
                    0.03544263914227486,
                    0.9874891638755798,
                    -0.15365222096443176
                ],
                [
                    -0.019001398235559464,
                    0.15438689291477203,
                    0.9878277778625488
                ]
            ],
            [
                [
                    0.9880030155181885,
                    -0.007558558601886034,
                    -0.15424960851669312
                ],
                [
                    -0.09580907970666885,
                    0.7533572912216187,
                    -0.6505945920944214
                ],
                [
                    0.12112263590097427,
                    0.6575679183006287,
                    0.7435951232910156
                ]
            ],
            [
                [
                    0.9882144927978516,
                    -0.01502296794205904,
                    0.15233667194843292
                ],
                [
                    0.11276240646839142,
                    0.7444577813148499,
                    -0.6580784320831299
                ],
                [
                    -0.1035219207406044,
                    0.6675004959106445,
                    0.7373780012130737
                ]
            ],
            [
                [
                    0.99909508228302,
                    -0.011454331688582897,
                    0.04096134752035141
                ],
                [
                    0.010669972747564316,
                    0.9997564554214478,
                    0.019316360354423523
                ],
                [
                    -0.041172631084918976,
                    -0.01886182464659214,
                    0.9989739656448364
                ]
            ],
            [
                [
                    0.986354649066925,
                    0.04948031157255173,
                    0.1570231169462204
                ],
                [
                    -0.058594848960638046,
                    0.9968226552009583,
                    0.05395501106977463
                ],
                [
                    -0.15385450422763824,
                    -0.06241951510310173,
                    0.9861199259757996
                ]
            ],
            [
                [
                    0.9830567240715027,
                    -0.075600765645504,
                    -0.16698476672172546
                ],
                [
                    0.07941552996635437,
                    0.9967086911201477,
                    0.016277071088552475
                ],
                [
                    0.16520461440086365,
                    -0.029262468218803406,
                    0.9858250617980957
                ]
            ],
            [
                [
                    0.9996163249015808,
                    0.0038588079623878,
                    0.027427755296230316
                ],
                [
                    -0.0008026632131077349,
                    0.9938675761222839,
                    -0.11057400703430176
                ],
                [
                    -0.027686242014169693,
                    0.11050957441329956,
                    0.9934893250465393
                ]
            ],
            [
                [
                    0.9874656200408936,
                    -0.15753115713596344,
                    -0.009775632992386818
                ],
                [
                    0.15687750279903412,
                    0.9727869629859924,
                    0.17051348090171814
                ],
                [
                    -0.017351580783724785,
                    -0.1699097901582718,
                    0.9853067994117737
                ]
            ],
            [
                [
                    0.985581636428833,
                    0.16910415887832642,
                    0.005713730584830046
                ],
                [
                    -0.16689762473106384,
                    0.9660593271255493,
                    0.19716620445251465
                ],
                [
                    0.027821827679872513,
                    -0.19527699053287506,
                    0.9803534150123596
                ]
            ],
            [
                [
                    0.9981430768966675,
                    0.06022222712635994,
                    0.009145654737949371
                ],
                [
                    -0.06016954779624939,
                    0.9981705546379089,
                    -0.005929880775511265
                ],
                [
                    -0.009486033581197262,
                    0.0053685796447098255,
                    0.9999405741691589
                ]
            ],
            [
                [
                    0.9311921000480652,
                    0.36294126510620117,
                    0.03398573398590088
                ],
                [
                    -0.3606232702732086,
                    0.9308136105537415,
                    -0.05947096273303032
                ],
                [
                    -0.05321885272860527,
                    0.04312283545732498,
                    0.9976513385772705
                ]
            ],
            [
                [
                    0.9123554825782776,
                    -0.4093981683254242,
                    0.0008173248497769237
                ],
                [
                    0.40875348448753357,
                    0.9108031392097473,
                    -0.05794983729720116
                ],
                [
                    0.022980133071541786,
                    0.05320493504405022,
                    0.998319149017334
                ]
            ],
            [
                [
                    0.9984985589981079,
                    0.04886827617883682,
                    -0.024747494608163834
                ],
                [
                    -0.053636860102415085,
                    0.96394944190979,
                    -0.26062336564064026
                ],
                [
                    0.011119117960333824,
                    0.26155945658683777,
                    0.9651232957839966
                ]
            ],
            [
                [
                    0.4766063690185547,
                    0.8281111717224121,
                    -0.29509028792381287
                ],
                [
                    -0.874374270439148,
                    0.4813512861728668,
                    -0.06140518561005592
                ],
                [
                    0.09119174629449844,
                    0.2872854769229889,
                    0.953494131565094
                ]
            ],
            [
                [
                    0.4727535843849182,
                    -0.8382260203361511,
                    0.271810919046402
                ],
                [
                    0.8726660013198853,
                    0.4881604015827179,
                    -0.012388146482408047
                ],
                [
                    -0.12230326235294342,
                    0.24305669963359833,
                    0.9622709155082703
                ]
            ],
            [
                [
                    0.7735793590545654,
                    -0.1898510605096817,
                    -0.6045920252799988
                ],
                [
                    0.06917718797922134,
                    0.9736654162406921,
                    -0.21723304688930511
                ],
                [
                    0.629912257194519,
                    0.12622302770614624,
                    0.7663408517837524
                ]
            ],
            [
                [
                    0.8424498438835144,
                    0.14837764203548431,
                    0.5179404616355896
                ],
                [
                    -0.07663807272911072,
                    0.9845570921897888,
                    -0.15739744901657104
                ],
                [
                    -0.5332961678504944,
                    0.09290549904108047,
                    0.8408113718032837
                ]
            ],
            [
                [
                    0.9995916485786438,
                    -0.007264802698045969,
                    0.027636654675006866
                ],
                [
                    0.006111829075962305,
                    0.9991165995597839,
                    0.041576970368623734
                ],
                [
                    -0.027914289385080338,
                    -0.041391078382730484,
                    0.998753011226654
                ]
            ],
            [
                [
                    0.9986763000488281,
                    0.004105548840016127,
                    -0.05127343535423279
                ],
                [
                    -0.003478348022326827,
                    0.9999181032180786,
                    0.01231653243303299
                ],
                [
                    0.051319800317287445,
                    -0.012121882289648056,
                    0.9986087679862976
                ]
            ],
            [
                [
                    0.9671785235404968,
                    0.23172014951705933,
                    -0.10426636040210724
                ],
                [
                    -0.21409697830677032,
                    0.9641534686088562,
                    0.15675026178359985
                ],
                [
                    0.13685095310211182,
                    -0.1292823851108551,
                    0.9821191430091858
                ]
            ],
            [
                [
                    0.9715254306793213,
                    -0.2287452220916748,
                    0.06175777316093445
                ],
                [
                    0.21423879265785217,
                    0.9594174027442932,
                    0.18335723876953125
                ],
                [
                    -0.10119358450174332,
                    -0.16490529477596283,
                    0.9811044931411743
                ]
            ]
        ],
        "betas": [
            0.0019444078207015991,
            0.1457505226135254,
            0.2471502125263214,
            0.6811294555664062,
            -0.02175566554069519,
            0.05235222354531288,
            -0.03401610255241394,
            -0.022383123636245728,
            0.08602380007505417,
            -0.08741393685340881
        ]
    },
    "pred_cam_t": [
        0.02933144010603428,
        0.1902960240840912,
        33.94255447387695
    ],
    "focal_length": [
        5000.0,
        5000.0
    ],
    "pred_keypoints_3d": [
        [
            0.09592461585998535,
            -0.7959694266319275,
            -0.2019546627998352
        ],
        [
            0.05289313197135925,
            -0.744081974029541,
            -0.019905487075448036
        ],
        [
            -0.1371094435453415,
            -0.6562331318855286,
            -0.014849095605313778
        ],
        [
            -0.1771816611289978,
            -0.4162803888320923,
            0.05335821956396103
        ],
        [
            -0.18944910168647766,
            -0.17894504964351654,
            -0.036427758634090424
        ],
        [
            0.21636763215065002,
            -0.6384584903717041,
            0.03694456070661545
        ],
        [
            0.2137671560049057,
            -0.39499837160110474,
            0.12665942311286926
        ],
        [
            0.2224918007850647,
            -0.1710107922554016,
            0.019569091498851776
        ],
        [
            -0.00236886297352612,
            -0.23024721443653107,
            0.02634786069393158
        ],
        [
            -0.07918351143598557,
            -0.14905335009098053,
            0.02739153429865837
        ],
        [
            -0.20822831988334656,
            0.204506054520607,
            -0.03723064437508583
        ],
        [
            -0.2843363881111145,
            0.5097141861915588,
            0.2048322558403015
        ],
        [
            0.05188945308327675,
            -0.13101011514663696,
            0.03895515203475952
        ],
        [
            0.06152936816215515,
            0.23478999733924866,
            -0.0359179824590683
        ],
        [
            0.01765436679124832,
            0.556341290473938,
            0.19209423661231995
        ],
        [
            0.06914222240447998,
            -0.8507815599441528,
            -0.1898421198129654
        ],
        [
            0.13382107019424438,
            -0.8391445875167847,
            -0.17991435527801514
        ],
        [
            0.01707003079354763,
            -0.8790625929832458,
            -0.10374152660369873
        ],
        [
            0.16077373921871185,
            -0.8538023233413696,
            -0.08229464292526245
        ],
        [
            0.008102066814899445,
            0.6858968734741211,
            0.039820730686187744
        ],
        [
            0.07477881014347076,
            0.6775418519973755,
            0.0907752513885498
        ],
        [
            0.021832212805747986,
            0.563326895236969,
            0.2624088525772095
        ],
        [
            -0.2971850633621216,
            0.6461953520774841,
            0.060129761695861816
        ],
        [
            -0.3674744963645935,
            0.6145687699317932,
            0.1022845208644867
        ],
        [
            -0.2947240471839905,
            0.518324613571167,
            0.2773430347442627
        ],
        [
            -0.2942386865615845,
            0.45125627517700195,
            0.2005486935377121
        ],
        [
            -0.18898718059062958,
            0.14593786001205444,
            -0.03806719556450844
        ],
        [
            -0.13950306177139282,
            -0.2821492850780487,
            0.02702108398079872
        ],
        [
            0.1394389271736145,
            -0.23013058304786682,
            0.06034739315509796
        ],
        [
            0.07430651783943176,
            0.19603882730007172,
            -0.03471839800477028
        ],
        [
            0.030888698995113373,
            0.5159286260604858,
            0.19903531670570374
        ],
        [
            -0.17537833750247955,
            -0.20561587810516357,
            -0.05725593864917755
        ],
        [
            -0.20102053880691528,
            -0.43241018056869507,
            0.024311743676662445
        ],
        [
            -0.09747226536273956,
            -0.6877533197402954,
            -0.016995182260870934
        ],
        [
            0.18900130689144135,
            -0.6720680594444275,
            0.030307402834296227
        ],
        [
            0.25138312578201294,
            -0.4123128652572632,
            0.09441012889146805
        ],
        [
            0.22890660166740417,
            -0.1896052211523056,
            0.011300728656351566
        ],
        [
            0.05427630990743637,
            -0.7332005500793457,
            -0.018553797155618668
        ],
        [
            0.10616376250982285,
            -0.9085580706596375,
            -0.12561406195163727
        ],
        [
            0.0005318266339600086,
            -0.25638288259506226,
            0.043527841567993164
        ],
        [
            0.0444197915494442,
            -0.678142786026001,
            0.0032361820340156555
        ],
        [
            0.02683943510055542,
            -0.5068260431289673,
            0.03831940516829491
        ],
        [
            0.08899359405040741,
            -0.7958892583847046,
            -0.12100138515233994
        ],
        [
            0.10501118749380112,
            -0.929720401763916,
            -0.12442034482955933
        ]
    ],
    "pred_vertices": [
        [
            0.1553877741098404,
            -0.8799434304237366,
            -0.1943141222000122
        ],
        [
            0.14702148735523224,
            -0.8654664754867554,
            -0.19646719098091125
        ],
        [
            0.15609095990657806,
            -0.8634357452392578,
            -0.18563294410705566
        ],
        [
            0.1632709503173828,
            -0.8753393292427063,
            -0.17927059531211853
        ],
        [
            0.15067407488822937,
            -0.8538456559181213,
            -0.1884051114320755
        ],
        [
            0.14216719567775726,
            -0.8543407320976257,
            -0.19675293564796448
        ],
        [
            0.16043934226036072,
            -0.860238790512085,
            -0.172704815864563
        ],
        [
            0.16604481637477875,
            -0.8690365552902222,
            -0.1642346978187561
        ],
        [
            0.1564941704273224,
            -0.8304358720779419,
            -0.14912965893745422
        ],
        [
            0.15852069854736328,
            -0.8287822604179382,
            -0.13835622370243073
        ],
        [
            0.16128353774547577,
            -0.8395781517028809,
            -0.14386896789073944
        ],
        [
            0.15747924149036407,
            -0.8386276960372925,
            -0.1532675325870514
        ],
        [
            0.1495649814605713,
            -0.8077716827392578,
            -0.13783545792102814
        ],
        [
            0.14253182709217072,
            -0.797407865524292,
            -0.14350296556949615
        ],
        [
            0.1418103277683258,
            -0.7919277548789978,
            -0.13126444816589355
        ],
        [
            0.14770275354385376,
            -0.8022260665893555,
            -0.12480819970369339
        ],
        [
            0.11666596680879593,
            -0.8080533742904663,
            -0.17509578168392181
        ],
        [
            0.12043695896863937,
            -0.8013285398483276,
            -0.17109403014183044
        ],
        [
            0.12548862397670746,
            -0.807161271572113,
            -0.1718081831932068
        ],
        [
            0.12081994116306305,
            -0.8133214712142944,
            -0.17538440227508545
        ],
        [
            0.11059480905532837,
            -0.8165066242218018,
            -0.18583515286445618
        ],
        [
            0.11236537247896194,
            -0.8225799798965454,
            -0.18423371016979218
        ],
        [
            0.10928332060575485,
            -0.8251668214797974,
            -0.19120222330093384
        ],
        [
            0.10830586403608322,
            -0.8179141879081726,
            -0.1934213489294052
        ],
        [
            0.11031670868396759,
            -0.8040724992752075,
            -0.17442353069782257
        ],
        [
            0.1144270971417427,
            -0.7972065806388855,
            -0.1699226200580597
        ],
        [
            0.11357340961694717,
            -0.8135490417480469,
            -0.17927181720733643
        ],
        [
            0.11096085608005524,
            -0.8090202212333679,
            -0.18041160702705383
        ],
        [
            0.10823827236890793,
            -0.8001984357833862,
            -0.18893341720104218
        ],
        [
            0.11052139103412628,
            -0.8047888875007629,
            -0.18875610828399658
        ],
        [
            0.10835928469896317,
            -0.8039876818656921,
            -0.1962537169456482
        ],
        [
            0.10588403046131134,
            -0.79930579662323,
            -0.1941003054380417
        ],
        [
            0.10951177775859833,
            -0.8023412227630615,
            -0.17930354177951813
        ],
        [
            0.11105062067508698,
            -0.8039809465408325,
            -0.18287844955921173
        ],
        [
            0.10823816061019897,
            -0.8000799417495728,
            -0.18432579934597015
        ],
        [
            0.10597352683544159,
            -0.7994433641433716,
            -0.180777445435524
        ],
        [
            0.10948814451694489,
            -0.8116408586502075,
            -0.18731875717639923
        ],
        [
            0.10802958905696869,
            -0.8114258050918579,
            -0.19511455297470093
        ],
        [
            0.10548988729715347,
            -0.8109616637229919,
            -0.20300789177417755
        ],
        [
            0.10497693717479706,
            -0.8018984794616699,
            -0.20341113209724426
        ],
        [
            0.12733955681324005,
            -0.7890982627868652,
            -0.1586841344833374
        ],
        [
            0.12450569868087769,
            -0.7949120402336121,
            -0.16582554578781128
        ],
        [
            0.11857090890407562,
            -0.7911232709884644,
            -0.165341317653656
        ],
        [
            0.12164967507123947,
            -0.7861579656600952,
            -0.16000910103321075
        ],
        [
            0.10593733191490173,
            -0.7975964546203613,
            -0.17623302340507507
        ],
        [
            0.10605836659669876,
            -0.782156229019165,
            -0.17050646245479584
        ],
        [
            0.10720198601484299,
            -0.7855758666992188,
            -0.17194902896881104
        ],
        [
            0.10209203511476517,
            -0.7859530448913574,
            -0.17706793546676636
        ],
        [
            0.10161852836608887,
            -0.7827081680297852,
            -0.1754397749900818
        ],
        [
            0.12786346673965454,
            -0.7780287265777588,
            -0.14482936263084412
        ],
        [
            0.12278685718774796,
            -0.7763402462005615,
            -0.14976650476455688
        ],
        [
            0.1213270053267479,
            -0.7708383202552795,
            -0.14487698674201965
        ],
        [
            0.12528859078884125,
            -0.7719765305519104,
            -0.1384519785642624
        ],
        [
            0.11756453663110733,
            -0.7663737535476685,
            -0.1424264758825302
        ],
        [
            0.12189066410064697,
            -0.7662153244018555,
            -0.13314610719680786
        ],
        [
            0.11017652601003647,
            -0.7544353604316711,
            -0.13042831420898438
        ],
        [
            0.11593230068683624,
            -0.7597683072090149,
            -0.13118883967399597
        ],
        [
            0.11259593814611435,
            -0.7616646885871887,
            -0.14173942804336548
        ],
        [
            0.10667484253644943,
            -0.7566440105438232,
            -0.14397481083869934
        ],
        [
            0.0972834974527359,
            -0.7599115967750549,
            -0.1555161476135254
        ],
        [
            0.09170442074537277,
            -0.7588126063346863,
            -0.15867206454277039
        ],
        [
            0.09327590465545654,
            -0.7475859522819519,
            -0.15195000171661377
        ],
        [
            0.09955263137817383,
            -0.7511477470397949,
            -0.14825567603111267
        ],
        [
            0.10388539731502533,
            -0.7783933877944946,
            -0.16438007354736328
        ],
        [
            0.10730795562267303,
            -0.7788519859313965,
            -0.16101554036140442
        ],
        [
            0.10821986198425293,
            -0.7793339490890503,
            -0.1635887622833252
        ],
        [
            0.10501919686794281,
            -0.779757559299469,
            -0.16782444715499878
        ],
        [
            0.11045373231172562,
            -0.7787433862686157,
            -0.1584564745426178
        ],
        [
            0.1118655651807785,
            -0.7785353660583496,
            -0.1573568433523178
        ],
        [
            0.11212896555662155,
            -0.7792927622795105,
            -0.1589984893798828
        ],
        [
            0.11064495891332626,
            -0.7792457342147827,
            -0.1592666506767273
        ],
        [
            0.1087726429104805,
            -0.7790008783340454,
            -0.1600971519947052
        ],
        [
            0.10739050060510635,
            -0.777228832244873,
            -0.16000470519065857
        ],
        [
            0.10949301719665527,
            -0.777959942817688,
            -0.1587984263896942
        ],
        [
            0.10421213507652283,
            -0.7759416699409485,
            -0.16305093467235565
        ],
        [
            0.0926303043961525,
            -0.7731192111968994,
            -0.17204329371452332
        ],
        [
            0.09632580727338791,
            -0.7733403444290161,
            -0.17007426917552948
        ],
        [
            0.09579714387655258,
            -0.7780285477638245,
            -0.17099712789058685
        ],
        [
            0.09270309656858444,
            -0.7781206369400024,
            -0.17281222343444824
        ],
        [
            0.11113688349723816,
            -0.7806423902511597,
            -0.16173359751701355
        ],
        [
            0.11390497535467148,
            -0.781783938407898,
            -0.16128218173980713
        ],
        [
            0.11143539100885391,
            -0.7835856080055237,
            -0.1661517322063446
        ],
        [
            0.10956552624702454,
            -0.7814817428588867,
            -0.1648891568183899
        ],
        [
            0.11698021739721298,
            -0.7831672430038452,
            -0.16113802790641785
        ],
        [
            0.11453022062778473,
            -0.7802512049674988,
            -0.15840190649032593
        ],
        [
            0.1175139918923378,
            -0.780656099319458,
            -0.1575423777103424
        ],
        [
            0.11092597991228104,
            -0.7770017385482788,
            -0.1568315178155899
        ],
        [
            0.1129685789346695,
            -0.7755796909332275,
            -0.15437471866607666
        ],
        [
            0.11426366120576859,
            -0.7775553464889526,
            -0.15609924495220184
        ],
        [
            0.1103287786245346,
            -0.7727291584014893,
            -0.1540682017803192
        ],
        [
            0.10825194418430328,
            -0.775243878364563,
            -0.15766793489456177
        ],
        [
            0.10484674572944641,
            -0.7730334401130676,
            -0.1603364646434784
        ],
        [
            0.10059918463230133,
            -0.7709223031997681,
            -0.16393476724624634
        ],
        [
            0.10138233751058578,
            -0.7672809362411499,
            -0.1589452475309372
        ],
        [
            0.10632307082414627,
            -0.7697668671607971,
            -0.15590782463550568
        ],
        [
            0.11406172811985016,
            -0.7872152328491211,
            -0.1663568913936615
        ],
        [
            0.11798888444900513,
            -0.7768675684928894,
            -0.1533852517604828
        ],
        [
            0.12276802211999893,
            -0.7821018695831299,
            -0.15492171049118042
        ],
        [
            0.11662223190069199,
            -0.7729018926620483,
            -0.150704488158226
        ],
        [
            0.11353467404842377,
            -0.769288957118988,
            -0.14923736453056335
        ],
        [
            0.10861194133758545,
            -0.7658343315124512,
            -0.14995768666267395
        ],
        [
            0.10314512997865677,
            -0.7624837160110474,
            -0.15259259939193726
        ],
        [
            0.09237296134233475,
            -0.7432522773742676,
            -0.13805720210075378
        ],
        [
            0.1008194088935852,
            -0.747859001159668,
            -0.1348072737455368
        ],
        [
            0.13801011443138123,
            -0.8490484952926636,
            -0.19178834557533264
        ],
        [
            0.14580483734607697,
            -0.8477416038513184,
            -0.18733015656471252
        ],
        [
            0.14365926384925842,
            -0.8425029516220093,
            -0.1799141764640808
        ],
        [
            0.14604942500591278,
            -0.844343900680542,
            -0.1802026331424713
        ],
        [
            0.14161156117916107,
            -0.8453126549720764,
            -0.18483784794807434
        ],
        [
            0.14040206372737885,
            -0.8429416418075562,
            -0.18329741060733795
        ],
        [
            0.1530148983001709,
            -0.8392387628555298,
            -0.16049140691757202
        ],
        [
            0.14939932525157928,
            -0.8399413228034973,
            -0.1663021743297577
        ],
        [
            0.14850790798664093,
            -0.8370553255081177,
            -0.16352039575576782
        ],
        [
            0.15284687280654907,
            -0.8332201838493347,
            -0.15723147988319397
        ],
        [
            0.1402888000011444,
            -0.8288078308105469,
            -0.1687350869178772
        ],
        [
            0.14428049325942993,
            -0.8305011987686157,
            -0.16533991694450378
        ],
        [
            0.14266341924667358,
            -0.8360878229141235,
            -0.17087413370609283
        ],
        [
            0.13983029127120972,
            -0.8348410129547119,
            -0.17340755462646484
        ],
        [
            0.13633280992507935,
            -0.8343327045440674,
            -0.17584994435310364
        ],
        [
            0.13238945603370667,
            -0.8346335887908936,
            -0.17788249254226685
        ],
        [
            0.13130104541778564,
            -0.8299819231033325,
            -0.17538869380950928
        ],
        [
            0.13573500514030457,
            -0.8289158344268799,
            -0.17232447862625122
        ],
        [
            0.1358102262020111,
            -0.8469827175140381,
            -0.18762996792793274
        ],
        [
            0.1286478042602539,
            -0.8476728200912476,
            -0.18856221437454224
        ],
        [
            0.12910746037960052,
            -0.8449162244796753,
            -0.1865788996219635
        ],
        [
            0.1352376937866211,
            -0.8440691232681274,
            -0.18611018359661102
        ],
        [
            0.11704693734645844,
            -0.8428274393081665,
            -0.18155744671821594
        ],
        [
            0.11898890882730484,
            -0.8444324731826782,
            -0.1832306683063507
        ],
        [
            0.11611131578683853,
            -0.8458231091499329,
            -0.18556468188762665
        ],
        [
            0.11399180442094803,
            -0.8422330617904663,
            -0.183275043964386
        ],
        [
            0.11543360352516174,
            -0.8390878438949585,
            -0.18173763155937195
        ],
        [
            0.11791568994522095,
            -0.8409198522567749,
            -0.1810501515865326
        ],
        [
            0.1519487351179123,
            -0.9008917808532715,
            -0.2017841637134552
        ],
        [
            0.14402447640895844,
            -0.8837827444076538,
            -0.20503529906272888
        ],
        [
            0.16337957978248596,
            -0.8965069055557251,
            -0.18533962965011597
        ],
        [
            0.16859190165996552,
            -0.8895492553710938,
            -0.16929210722446442
        ],
        [
            0.1715061217546463,
            -0.87940514087677,
            -0.15444117784500122
        ],
        [
            0.13466119766235352,
            -0.7835084795951843,
            -0.1383703351020813
        ],
        [
            0.13294541835784912,
            -0.7775006890296936,
            -0.12932088971138
        ],
        [
            0.14032357931137085,
            -0.7873173356056213,
            -0.11939547210931778
        ],
        [
            0.13548721373081207,
            -0.7800426483154297,
            -0.11156181246042252
        ],
        [
            0.12811177968978882,
            -0.7700692415237427,
            -0.12255169451236725
        ],
        [
            0.11131405085325241,
            -0.7559500336647034,
            -0.11670402437448502
        ],
        [
            0.12104086577892303,
            -0.7623923420906067,
            -0.11820454150438309
        ],
        [
            0.12828347086906433,
            -0.7735386490821838,
            -0.10404179990291595
        ],
        [
            0.13654284179210663,
            -0.7888796329498291,
            -0.09258924424648285
        ],
        [
            0.14174962043762207,
            -0.7923008799552917,
            -0.10248249769210815
        ],
        [
            0.14203530550003052,
            -0.8071058392524719,
            -0.08509305119514465
        ],
        [
            0.1291128396987915,
            -0.7869459390640259,
            -0.08031169325113297
        ],
        [
            0.13779979944229126,
            -0.8098766803741455,
            -0.07715339958667755
        ],
        [
            0.10822442173957825,
            -0.7562429904937744,
            -0.07721883058547974
        ],
        [
            0.10797658562660217,
            -0.7478103637695312,
            -0.07048051804304123
        ],
        [
            0.11754799634218216,
            -0.7572030425071716,
            -0.05713064596056938
        ],
        [
            0.11883872002363205,
            -0.7657079100608826,
            -0.06407859176397324
        ],
        [
            0.14576922357082367,
            -0.7967820167541504,
            -0.11241474747657776
        ],
        [
            0.16492444276809692,
            -0.8514559864997864,
            -0.13979125022888184
        ],
        [
            0.1621314436197281,
            -0.848057210445404,
            -0.15111349523067474
        ],
        [
            0.1627826690673828,
            -0.8411023616790771,
            -0.13206715881824493
        ],
        [
            0.1793062686920166,
            -0.9113782644271851,
            -0.14269855618476868
        ],
        [
            0.17587852478027344,
            -0.9018088579177856,
            -0.1582360863685608
        ],
        [
            0.17733879387378693,
            -0.8893886804580688,
            -0.14527049660682678
        ],
        [
            0.1811913698911667,
            -0.900132417678833,
            -0.1323331892490387
        ],
        [
            0.16189204156398773,
            -0.9441444277763367,
            -0.1683521717786789
        ],
        [
            0.15983738005161285,
            -0.9239419102668762,
            -0.18736717104911804
        ],
        [
            0.16786924004554749,
            -0.9142727255821228,
            -0.17388568818569183
        ],
        [
            0.17101910710334778,
            -0.9297269582748413,
            -0.15804138779640198
        ],
        [
            0.18158981204032898,
            -0.9058891534805298,
            -0.12035559862852097
        ],
        [
            0.18038971722126007,
            -0.913867175579071,
            -0.10366314649581909
        ],
        [
            0.17992326617240906,
            -0.931648313999176,
            -0.10400916635990143
        ],
        [
            0.18070000410079956,
            -0.9237205982208252,
            -0.12507084012031555
        ],
        [
            0.1721029281616211,
            -0.9545438289642334,
            -0.10710161924362183
        ],
        [
            0.17315268516540527,
            -0.9452548623085022,
            -0.13286016881465912
        ],
        [
            0.131175234913826,
            -0.8019673228263855,
            -0.06361570954322815
        ],
        [
            0.13661684095859528,
            -0.8192582130432129,
            -0.06711321324110031
        ],
        [
            0.12109620869159698,
            -0.7752746343612671,
            -0.07347814738750458
        ],
        [
            0.1266952008008957,
            -0.7874420881271362,
            -0.058990225195884705
        ],
        [
            0.1576414704322815,
            -0.9738759994506836,
            -0.1110738217830658
        ],
        [
            0.1603318154811859,
            -0.9635601043701172,
            -0.14202141761779785
        ],
        [
            0.15955331921577454,
            -0.9138298034667969,
            -0.05257292091846466
        ],
        [
            0.16728739440441132,
            -0.9265424013137817,
            -0.06607311964035034
        ],
        [
            0.171651691198349,
            -0.9080221652984619,
            -0.0745561271905899
        ],
        [
            0.1641601324081421,
            -0.8985411524772644,
            -0.06086188554763794
        ],
        [
            0.14990222454071045,
            -0.9296677708625793,
