{
    "pred_cam": [
        1.1379014253616333,
        0.028168128803372383,
        0.18879540264606476
    ],
    "pred_smpl_params": {
        "global_orient": [
            [
                [
                    0.9905697107315063,
                    0.11608478426933289,
                    0.07277338206768036
                ],
                [
                    0.11691243946552277,
                    -0.9931161403656006,
                    -0.007204067427664995
                ],
                [
                    0.07143612951040268,
                    0.015644244849681854,
                    -0.9973224997520447
                ]
            ]
        ],
        "body_pose": [
            [
                [
                    0.9984314441680908,
                    -0.04641955345869064,
                    -0.031303297728300095
                ],
                [
                    0.05233104154467583,
                    0.9724802374839783,
                    0.22703209519386292
                ],
                [
                    0.019903112202882767,
                    -0.2283141016960144,
                    0.9733840227127075
                ]
            ],
            [
                [
                    0.9910597205162048,
                    0.1333862841129303,
                    0.0029518231749534607
                ],
                [
                    -0.13128404319286346,
                    0.9710204601287842,
                    0.1997089833021164
                ],
                [
                    0.023772161453962326,
                    -0.19831106066703796,
                    0.9798507690429688
                ]
            ],
            [
                [
                    0.9990741014480591,
                    -0.0338488444685936,
                    0.02655438892543316
                ],
                [
                    0.037631675601005554,
                    0.9867078065872192,
                    -0.15808701515197754
                ],
                [
                    -0.02085035853087902,
                    0.15893994271755219,
                    0.9870679974555969
                ]
            ],
            [
                [
                    0.9868026375770569,
                    -0.009866693988442421,
                    -0.16162657737731934
                ],
                [
                    -0.10112796723842621,
                    0.7420006394386292,
                    -0.662727952003479
                ],
                [
                    0.12646594643592834,
                    0.6703266501426697,
                    0.7312104105949402
                ]
            ],
            [
                [
                    0.9894735217094421,
                    -0.023114703595638275,
                    0.1428564190864563
                ],
                [
                    0.11448238044977188,
                    0.7288719415664673,
                    -0.6750106811523438
                ],
                [
                    -0.08852136880159378,
                    0.6842597126960754,
                    0.7238457202911377
                ]
            ],
            [
                [
                    0.9990322589874268,
                    -0.01328473724424839,
                    0.041929326951503754
                ],
                [
                    0.012247107923030853,
                    0.9996147155761719,
                    0.024907762184739113
                ],
                [
                    -0.042244065552949905,
                    -0.024370145052671432,
                    0.9988100528717041
                ]
            ],
            [
                [
                    0.9872129559516907,
                    0.05892042815685272,
                    0.14811822772026062
                ],
                [
                    -0.066432885825634,
                    0.9967166185379028,
                    0.046290166676044464
                ],
                [
                    -0.14490444958209991,
                    -0.05553817003965378,
                    0.9878858327865601
                ]
            ],
            [
                [
                    0.9818510413169861,
                    -0.08569085597991943,
                    -0.16919146478176117
                ],
                [
                    0.09085793793201447,
                    0.9955977201461792,
                    0.023023346439003944
                ],
                [
                    0.16647374629974365,
                    -0.03797788545489311,
                    0.9853143692016602
                ]
            ],
            [
                [
                    0.999662458896637,
                    -0.0010951089207082987,
                    0.025959186255931854
                ],
                [
                    0.004397332668304443,
                    0.9918293952941895,
                    -0.1274956613779068
                ],
                [
                    -0.025607461109757423,
                    0.12756676971912384,
                    0.9914994239807129
                ]
            ],
            [
                [
                    0.9858573079109192,
                    -0.16757109761238098,
                    0.002305054571479559
                ],
                [
                    0.16396178305149078,
                    0.9672858715057373,
                    0.1935834288597107
                ],
                [
                    -0.034668631851673126,
                    -0.1904677003622055,
                    0.9810811281204224
                ]
            ],
            [
                [
                    0.9828518629074097,
                    0.18383187055587769,
                    0.014421717263758183
                ],
                [
                    -0.18285995721817017,
                    0.9615992307662964,
                    0.20466838777065277
                ],
                [
                    0.023756662383675575,
                    -0.2037958800792694,
                    0.9787250757217407
                ]
            ],
            [
                [
                    0.9964627027511597,
                    0.06230824813246727,
                    0.05638904869556427
                ],
                [
                    -0.06217435747385025,
                    0.9980567097663879,
                    -0.0041273231618106365
                ],
                [
                    -0.05653664097189903,
                    0.0006067705107852817,
                    0.9984002709388733
                ]
            ],
            [
                [
                    0.9263748526573181,
                    0.3730413019657135,
                    0.05167107656598091
                ],
                [
                    -0.36944779753685,
                    0.9267980456352234,
                    -0.06748099625110626
                ],
                [
                    -0.07306185364723206,
                    0.04342292249202728,
                    0.9963817000389099
                ]
            ],
            [
                [
                    0.9036898612976074,
                    -0.4277494549751282,
                    -0.01936555840075016
                ],
                [
                    0.42575088143348694,
                    0.9024458527565002,
                    -0.06578513979911804
                ],
                [
                    0.04561592638492584,
                    0.051204461604356766,
                    0.9976458549499512
                ]
            ],
            [
                [
                    0.9978206157684326,
                    0.06461144983768463,
                    0.01339024305343628
                ],
                [
                    -0.05800171568989754,
                    0.9556098580360413,
                    -0.288869708776474
                ],
                [
                    -0.03146013990044594,
                    0.287463515996933,
                    0.9572747945785522
                ]
            ],
            [
                [
                    0.47994232177734375,
                    0.8279343247413635,
                    -0.2901380956172943
                ],
                [
                    -0.8729602694511414,
                    0.48354992270469666,
                    -0.0641864687204361
                ],
                [
                    0.08715406805276871,
                    0.2840847969055176,
                    0.9548298120498657
                ]
            ],
            [
                [
                    0.4823877811431885,
                    -0.8322516679763794,
                    0.27323853969573975
                ],
                [
                    0.8665321469306946,
                    0.4990241527557373,
                    -0.009847806766629219
                ],
                [
                    -0.12815678119659424,
                    0.24152041971683502,
                    0.9618959426879883
                ]
            ],
            [
                [
                    0.7797746062278748,
                    -0.19229230284690857,
                    -0.5957980155944824
                ],
                [
                    0.08741451054811478,
                    0.9757812023162842,
                    -0.2005237191915512
                ],
                [
                    0.619927704334259,
                    0.10428191721439362,
                    0.7776985168457031
                ]
            ],
            [
                [
                    0.8554730415344238,
                    0.14075706899166107,
                    0.4983506500720978
                ],
                [
                    -0.09143376350402832,
                    0.9882871508598328,
                    -0.12218161672353745
                ],
                [
                    -0.509711503982544,
                    0.058956991881132126,
                    0.8583229780197144
                ]
            ],
            [
                [
                    0.999467134475708,
                    0.004441807512193918,
                    0.032336875796318054
                ],
                [
                    -0.00606208061799407,
                    0.998721718788147,
                    0.05018148571252823
                ],
                [
                    -0.03207264095544815,
                    -0.050350774079561234,
                    0.998216450214386
                ]
            ],
            [
                [
                    0.9983190298080444,
                    -0.00801785383373499,
                    -0.057401105761528015
                ],
                [
                    0.009339675307273865,
                    0.9996964931488037,
                    0.022796690464019775
                ],
                [
                    0.057200901210308075,
                    -0.02329447492957115,
                    0.998090922832489
                ]
            ],
            [
                [
                    0.9676916599273682,
                    0.22951291501522064,
                    -0.10438718646764755
                ],
                [
                    -0.21202057600021362,
                    0.9647749066352844,
                    0.15574514865875244
                ],
                [
                    0.1364556849002838,
                    -0.12858104705810547,
                    0.9822660684585571
                ]
            ],
            [
                [
                    0.9704968333244324,
                    -0.23265589773654938,
                    0.06330219656229019
                ],
                [
                    0.2185828536748886,
                    0.9597607254981995,
                    0.1762976050376892
                ],
                [
                    -0.10177164524793625,
                    -0.1572594940662384,
                    0.9822993278503418
                ]
            ]
        ],
        "betas": [
            0.04852700233459473,
            0.21360677480697632,
            0.3434179127216339,
            1.0553206205368042,
            -0.04400941729545593,
            0.031364742666482925,
            -0.05191701650619507,
            0.02773885428905487,
            0.08635114878416061,
            -0.07489168643951416
        ]
    },
    "pred_cam_t": [
        0.028168128803372383,
        0.18879540264606476,
        34.32854461669922
    ],
    "focal_length": [
        5000.0,
        5000.0
    ],
    "pred_keypoints_3d": [
        [
            0.10149458795785904,
            -0.8056643009185791,
            -0.19689252972602844
        ],
        [
            0.04541841894388199,
            -0.7544968128204346,
            -0.01670742966234684
        ],
        [
            -0.14418178796768188,
            -0.6605132818222046,
            -0.008796436712145805
        ],
        [
            -0.17816263437271118,
            -0.42014503479003906,
            0.05902449041604996
        ],
        [
            -0.19322994351387024,
            -0.18116271495819092,
            -0.025583401322364807
        ],
        [
            0.21068865060806274,
            -0.6503027081489563,
            0.04400269687175751
        ],
        [
            0.20982229709625244,
            -0.40774446725845337,
            0.13534952700138092
        ],
        [
            0.22958728671073914,
            -0.1818549931049347,
            0.033339813351631165
        ],
        [
            -0.0027165755163878202,
            -0.23430275917053223,
            0.02543986588716507
        ],
        [
            -0.07734029740095139,
            -0.15205225348472595,
            0.024857910349965096
        ],
        [
            -0.2025814950466156,
            0.19934439659118652,
            -0.054805755615234375
        ],
        [
            -0.27199068665504456,
            0.5096161365509033,
            0.18134550750255585
        ],
        [
            0.0514279343187809,
            -0.13559550046920776,
            0.03632412478327751
        ],
        [
            0.06812556833028793,
            0.22683468461036682,
            -0.049407269805669785
        ],
        [
            0.031554415822029114,
            0.550934910774231,
            0.17477081716060638
        ],
        [
            0.07207484543323517,
            -0.8601565361022949,
            -0.18837925791740417
        ],
        [
            0.13601505756378174,
            -0.8508079648017883,
            -0.17251676321029663
        ],
        [
            0.011227298527956009,
            -0.8891324400901794,
            -0.10772212594747543
        ],
        [
            0.15386030077934265,
            -0.8688697814941406,
            -0.07331367582082748
        ],
        [
            0.020539775490760803,
            0.6788736581802368,
            0.02081000804901123
        ],
        [
            0.08800637722015381,
            0.67087322473526,
            0.07151836156845093
        ],
        [
            0.03679147735238075,
            0.5587865114212036,
            0.24519357085227966
        ],
        [
            -0.28427302837371826,
            0.6421843767166138,
            0.03229910135269165
        ],
        [
            -0.35489457845687866,
            0.612511157989502,
            0.07656621932983398
        ],
        [
            -0.2814379930496216,
            0.5202980041503906,
            0.25378918647766113
        ],
        [
            -0.28277331590652466,
            0.4512503743171692,
            0.1784554421901703
        ],
        [
            -0.1838434636592865,
            0.14076638221740723,
            -0.05367312580347061
        ],
        [
            -0.13824597001075745,
            -0.2846892476081848,
            0.027249634265899658
        ],
        [
            0.13658404350280762,
            -0.23593305051326752,
            0.059705764055252075
        ],
        [
            0.0797685831785202,
            0.18794548511505127,
            -0.04742215573787689
        ],
        [
            0.04435538873076439,
            0.5105624198913574,
            0.18218085169792175
        ],
        [
            -0.18073371052742004,
            -0.20765194296836853,
            -0.047896042466163635
        ],
        [
            -0.203114315867424,
            -0.436015248298645,
            0.03105570375919342
        ],
        [
            -0.1045965924859047,
            -0.6934459805488586,
            -0.012249117717146873
        ],
        [
            0.18261823058128357,
            -0.6840466260910034,
            0.03675904870033264
        ],
        [
            0.24823640286922455,
            -0.4256052076816559,
            0.10408222675323486
        ],
        [
            0.23595477640628815,
            -0.20045886933803558,
            0.025106720626354218
        ],
        [
            0.046803295612335205,
            -0.7426854372024536,
            -0.013370171189308167
        ],
        [
            0.10173158347606659,
            -0.9206670522689819,
            -0.12338887155056
        ],
        [
            -0.0003422755980864167,
            -0.2604849934577942,
            0.04319629818201065
        ],
        [
            0.03756869584321976,
            -0.6869572997093201,
            0.008869829587638378
        ],
        [
            0.023527033627033234,
            -0.5147092342376709,
            0.040874965488910675
        ],
        [
            0.0870460495352745,
            -0.807558000087738,
            -0.11617784947156906
        ],
        [
            0.09996634721755981,
            -0.9418003559112549,
            -0.1228577271103859
        ]
    ],
    "pred_vertices": [
        [
            0.15752705931663513,
            -0.8915610313415527,
            -0.18646764755249023
        ],
        [
            0.149874746799469,
            -0.8767982721328735,
            -0.1888982057571411
        ],
        [
            0.1579657942056656,
            -0.8754101991653442,
            -0.17722617089748383
        ],
        [
            0.16424813866615295,
            -0.8876155614852905,
            -0.17069247364997864
        ],
        [
            0.15315622091293335,
            -0.8656337261199951,
            -0.1801827847957611
        ],
        [
            0.14542150497436523,
            -0.8655872344970703,
            -0.18924987316131592
        ],
        [
            0.16130325198173523,
            -0.8727385997772217,
            -0.16386297345161438
        ],
        [
            0.16589154303073883,
            -0.8818540573120117,
            -0.15524494647979736
        ],
        [
            0.1561051458120346,
            -0.8435180187225342,
            -0.1396847367286682
        ],
        [
            0.15728642046451569,
            -0.8421887755393982,
            -0.12876465916633606
        ],
        [
            0.16018016636371613,
            -0.8529702425003052,
            -0.13439814746379852
        ],
        [
            0.1572035551071167,
            -0.8516684770584106,
            -0.1440112292766571
        ],
        [
            0.14881862699985504,
            -0.8209536671638489,
            -0.12843458354473114
        ],
        [
            0.1425665318965912,
            -0.8102240562438965,
            -0.1343177855014801
        ],
        [
            0.1410319209098816,
            -0.804986834526062,
            -0.12210951745510101
        ],
        [
            0.1461457908153534,
            -0.8156389594078064,
            -0.11550219357013702
        ],
        [
            0.11930528283119202,
            -0.8193095922470093,
            -0.1683042049407959
        ],
        [
            0.12286830693483353,
            -0.812783420085907,
            -0.1637742519378662
        ],
        [
            0.12776850163936615,
            -0.818784773349762,
            -0.164198637008667
        ],
        [
            0.12329348921775818,
            -0.8247042894363403,
            -0.16836360096931458
        ],
        [
            0.11403089761734009,
            -0.8272808194160461,
            -0.17994704842567444
        ],
        [
            0.11545571684837341,
            -0.8334610462188721,
            -0.17832335829734802
        ],
        [
            0.11302043497562408,
            -0.8357272148132324,
            -0.18571072816848755
        ],
        [
            0.11245770752429962,
            -0.8283646106719971,
            -0.18784141540527344
        ],
        [
            0.11309362947940826,
            -0.8150935173034668,
            -0.16815483570098877
        ],
        [
            0.1169474720954895,
            -0.8084222078323364,
            -0.16309091448783875
        ],
        [
            0.11648083478212357,
            -0.824598491191864,
            -0.1729590892791748
        ],
        [
            0.11410988867282867,
            -0.8199508190155029,
            -0.1742764413356781
        ],
        [
            0.11251495033502579,
            -0.8107251524925232,
            -0.18288129568099976
        ],
        [
            0.11462965607643127,
            -0.8154057860374451,
            -0.18262916803359985
        ],
        [
            0.11321065574884415,
            -0.814279317855835,
            -0.19031742215156555
        ],
        [
            0.11066760122776031,
            -0.809570848941803,
            -0.18825168907642365
        ],
        [
            0.11282628029584885,
            -0.8131847977638245,
            -0.17312732338905334
        ],
        [
            0.11465861648321152,
            -0.8147916197776794,
            -0.1766459345817566
        ],
        [
            0.1121106669306755,
            -0.8107422590255737,
            -0.17823642492294312
        ],
        [
            0.10952828824520111,
            -0.8101180791854858,
            -0.17485696077346802
        ],
        [
            0.11326199024915695,
            -0.8223042488098145,
            -0.18143707513809204
        ],
        [
            0.11255795508623123,
            -0.8217889666557312,
            -0.18940159678459167
        ],
        [
            0.11077096313238144,
            -0.8209877014160156,
            -0.19754847884178162
        ],
        [
            0.11051438003778458,
            -0.8118535280227661,
            -0.1977381855249405
        ],
        [
            0.12902949750423431,
            -0.8009811043739319,
            -0.15051090717315674
        ],
        [
            0.12666994333267212,
            -0.8065776824951172,
            -0.15800070762634277
        ],
        [
            0.12085691094398499,
            -0.802543044090271,
            -0.1579892933368683
        ],
        [
            0.12361572682857513,
            -0.7977546453475952,
            -0.15228542685508728
        ],
        [
            0.10908737033605576,
            -0.8083639144897461,
            -0.1702384650707245
        ],
        [
            0.10908325016498566,
            -0.7929197549819946,
            -0.16407859325408936
        ],
        [
            0.11028178036212921,
            -0.7963770627975464,
            -0.16553373634815216
        ],
        [
            0.10565230250358582,
            -0.7964394688606262,
            -0.17109504342079163
        ],
        [
            0.1050829216837883,
            -0.7931960821151733,
            -0.16938424110412598
        ],
        [
            0.12870290875434875,
            -0.790142297744751,
            -0.13640367984771729
        ],
        [
            0.12418399006128311,
            -0.7881115674972534,
            -0.14173586666584015
        ],
        [
            0.12244869023561478,
            -0.7826312780380249,
            -0.136823832988739
        ],
        [
            0.1257321834564209,
            -0.7841377258300781,
            -0.1301060914993286
        ],
        [
            0.11853994429111481,
            -0.7780740261077881,
            -0.1345709264278412
        ],
        [
            0.12201874703168869,
            -0.7783601880073547,
            -0.12498214840888977
        ],
        [
            0.11035364866256714,
            -0.7661063075065613,
            -0.12303707003593445
        ],
        [
            0.11603027582168579,
            -0.771709680557251,
            -0.1233973354101181
        ],
        [
            0.11361484974622726,
            -0.7731583118438721,
            -0.1342129409313202
        ],
        [
            0.1080179512500763,
            -0.767809271812439,
            -0.13681751489639282
        ],
        [
            0.09959201514720917,
            -0.7705416679382324,
            -0.1491456925868988
        ],
        [
            0.0943232998251915,
            -0.7692031860351562,
            -0.15276555716991425
        ],
        [
            0.09560774266719818,
            -0.7580993175506592,
            -0.14565688371658325
        ],
        [
            0.10144244879484177,
            -0.7619397044181824,
            -0.14154669642448425
        ],
        [
            0.10648423433303833,
            -0.7892045974731445,
            -0.15800610184669495
        ],
        [
            0.10959997028112411,
            -0.7898485660552979,
            -0.15437385439872742
        ],
        [
            0.11073131859302521,
            -0.7903071641921997,
            -0.15688395500183105
        ],
        [
            0.1078975647687912,
            -0.7905231714248657,
            -0.1613837480545044
        ],
        [
            0.11253760755062103,
            -0.7899017930030823,
            -0.15152953565120697
        ],
        [
            0.11387091130018234,
            -0.7897762060165405,
            -0.1503000259399414
        ],
        [
            0.11425231397151947,
            -0.7905164957046509,
            -0.1519564390182495
        ],
        [
            0.11281660944223404,
            -0.7903928756713867,
            -0.15233170986175537
        ],
        [
            0.11101577430963516,
            -0.790054440498352,
            -0.15330857038497925
        ],
        [
            0.10966311395168304,
            -0.7882052659988403,
            -0.15327775478363037
        ],
        [
            0.11162154376506805,
            -0.7890571355819702,
            -0.15192043781280518
        ],
        [
            0.10679551959037781,
            -0.7867071032524109,
            -0.15655148029327393
        ],
        [
            0.09599781036376953,
            -0.7834088802337646,
            -0.16641554236412048
        ],
        [
            0.09957066178321838,
            -0.7837246656417847,
            -0.16414375603199005
        ],
        [
            0.09900287538766861,
            -0.7884436249732971,
            -0.16525670886039734
        ],
        [
            0.09601348638534546,
            -0.7884388566017151,
            -0.16733486950397491
        ],
        [
            0.1134486198425293,
            -0.7917845249176025,
            -0.1548241227865219
        ],
        [
            0.11617591977119446,
            -0.7930214405059814,
            -0.15418744087219238
        ],
        [
            0.1141001433134079,
            -0.794614315032959,
            -0.15932661294937134
        ],
        [
            0.11215169727802277,
            -0.7924736142158508,
            -0.15815304219722748
        ],
        [
            0.11920226365327835,
            -0.7945312261581421,
            -0.1537659466266632
        ],
        [
            0.11659298092126846,
            -0.791573166847229,
            -0.1511794626712799
        ],
        [
            0.11943615972995758,
            -0.7921351790428162,
            -0.15006756782531738
        ],
        [
            0.11291290819644928,
            -0.7881940007209778,
            -0.14980177581310272
        ],
        [
            0.11479738354682922,
            -0.7869018912315369,
            -0.14712901413440704
        ],
        [
            0.11619377881288528,
            -0.7889106273651123,
            -0.1488034427165985
        ],
        [
            0.11219226568937302,
            -0.7839167714118958,
            -0.14696629345417023
        ],
        [
            0.1103457659482956,
            -0.786290168762207,
            -0.15081188082695007
        ],
        [
            0.1072358563542366,
            -0.7838512659072876,
            -0.15370142459869385
        ],
        [
            0.10334951430559158,
            -0.7815109491348267,
            -0.1575695127248764
        ],
        [
            0.1037726104259491,
            -0.7780007123947144,
            -0.1524026095867157
        ],
        [
            0.1084049642086029,
            -0.7807371616363525,
            -0.14905501902103424
        ],
        [
            0.11657748371362686,
            -0.7984176874160767,
            -0.15938404202461243
        ],
        [
            0.11971130967140198,
            -0.7883921265602112,
            -0.14577174186706543
        ],
        [
            0.1244344636797905,
            -0.7937945127487183,
            -0.14702996611595154
        ],
        [
            0.11822696030139923,
            -0.7844029068946838,
            -0.1430913805961609
        ],
        [
            0.1150951087474823,
            -0.7806848287582397,
            -0.14177677035331726
        ],
        [
            0.11022014170885086,
            -0.7770147919654846,
            -0.14283055067062378
        ],
        [
            0.10511196404695511,
            -0.7733814716339111,
            -0.1458072066307068
        ],
        [
            0.09350056201219559,
            -0.7541317939758301,
            -0.1317760944366455
        ],
        [
            0.1015094518661499,
            -0.7590808868408203,
            -0.12801183760166168
        ],
        [
            0.1409631222486496,
            -0.860465407371521,
            -0.18439722061157227
        ],
        [
            0.1483636498451233,
            -0.8595230579376221,
            -0.1792498379945755
        ],
        [
            0.14566421508789062,
            -0.854468822479248,
            -0.17184984683990479
        ],
        [
            0.1480863094329834,
            -0.8563247919082642,
            -0.17199252545833588
        ],
        [
            0.14398837089538574,
            -0.857081413269043,
            -0.17702516913414001
        ],
        [
            0.1427113115787506,
            -0.8547124862670898,
            -0.17551091313362122
        ],
        [
            0.1534166932106018,
            -0.85196852684021,
            -0.15159010887145996
        ],
        [
            0.15027877688407898,
            -0.8524395823478699,
            -0.15768954157829285
        ],
        [
            0.14917820692062378,
            -0.8496153950691223,
            -0.15490075945854187
        ],
        [
            0.15307754278182983,
            -0.8460467457771301,
            -0.14816518127918243
        ],
        [
            0.14165428280830383,
            -0.8409391641616821,
            -0.16052529215812683
        ],
        [
            0.14528092741966248,
            -0.8428617119789124,
            -0.15685051679611206
        ],
        [
            0.14406608045101166,
            -0.8482184410095215,
            -0.16267675161361694
        ],
        [
            0.141488716006279,
            -0.8468230962753296,
            -0.16539882123470306
        ],
        [
            0.13821476697921753,
            -0.84617018699646,
            -0.16810816526412964
        ],
        [
            0.13442812860012054,
            -0.8463330268859863,
            -0.1704878807067871
        ],
        [
            0.13326695561408997,
            -0.8417000770568848,
            -0.16794586181640625
        ],
        [
            0.1374431997537613,
            -0.8408293724060059,
            -0.16446039080619812
        ],
        [
            0.13844268023967743,
            -0.8585273623466492,
            -0.18033547699451447
        ],
        [
            0.13137291371822357,
            -0.8590105175971985,
            -0.18191108107566833
        ],
        [
            0.13173723220825195,
            -0.8563120365142822,
            -0.17978593707084656
        ],
        [
            0.13780054450035095,
            -0.8556551933288574,
            -0.17874816060066223
        ],
        [
            0.11931797116994858,
            -0.8540362119674683,
            -0.17579147219657898
        ],
        [
            0.12136229872703552,
            -0.8556609153747559,
            -0.17732366919517517
        ],
        [
            0.1186518669128418,
            -0.8569003939628601,
            -0.17996066808700562
        ],
        [
            0.11643289774656296,
            -0.8532825708389282,
            -0.17776206135749817
        ],
        [
            0.11783228069543839,
            -0.8502041101455688,
            -0.1760147511959076
        ],
        [
            0.12019924074411392,
            -0.8521485328674316,
            -0.17516551911830902
        ],
        [
            0.15421536564826965,
            -0.9119692444801331,
            -0.19487254321575165
        ],
        [
            0.14696675539016724,
            -0.8947800397872925,
            -0.19810988008975983
        ],
        [
            0.1642249971628189,
            -0.9085268378257751,
            -0.17733779549598694
        ],
        [
            0.16818812489509583,
            -0.9022815823554993,
            -0.1607217788696289
        ],
        [
            0.17016971111297607,
            -0.8927195072174072,
            -0.1453544646501541
        ],
        [
            0.13474753499031067,
            -0.7960751056671143,
            -0.12955427169799805
        ],
        [
            0.13239748775959015,
            -0.7902365922927856,
            -0.12051036208868027
        ],
        [
            0.13867291808128357,
            -0.8006093502044678,
            -0.11030956357717514
        ],
        [
            0.13339325785636902,
            -0.7932608723640442,
            -0.10273883491754532
        ],
        [
            0.12715326249599457,
            -0.7827516794204712,
            -0.11401789635419846
        ],
        [
            0.11019892245531082,
            -0.7680604457855225,
            -0.10948962718248367
        ],
        [
            0.11994073539972305,
            -0.7748820781707764,
            -0.11020977795124054
        ],
        [
            0.12584041059017181,
            -0.7865028381347656,
            -0.09576049447059631
        ],
        [
            0.13289757072925568,
            -0.8024214506149292,
            -0.08397889137268066
        ],
        [
            0.1386760175228119,
            -0.8059612512588501,
            -0.0934886559844017
        ],
        [
            0.1371818333864212,
            -0.8210667967796326,
            -0.07637669891119003
        ],
        [
            0.124448262155056,
            -0.8004444241523743,
            -0.07248048484325409
        ],
        [
            0.13213610649108887,
            -0.8239089846611023,
            -0.06887660175561905
        ],
        [
            0.10357274115085602,
            -0.7690302133560181,
            -0.07124248147010803
        ],
        [
            0.10299535095691681,
            -0.7604666948318481,
            -0.06470241397619247
        ],
        [
            0.11185552924871445,
            -0.7703380584716797,
            -0.0506778210401535
        ],
        [
            0.11322912573814392,
            -0.7790424227714539,
            -0.05737532675266266
        ],
        [
            0.14338694512844086,
            -0.8104150891304016,
            -0.1031910851597786
        ],
        [
            0.16326527297496796,
            -0.8649008870124817,
            -0.13044984638690948
        ],
        [
            0.16152040660381317,
            -0.8612009286880493,
            -0.14179366827011108
        ],
        [
            0.16058498620986938,
            -0.8548280000686646,
            -0.12257018685340881
        ],
        [
            0.17599985003471375,
            -0.9249200820922852,
            -0.13418364524841309
        ],
        [
            0.17418263852596283,
            -0.9149713516235352,
            -0.1495794653892517
        ],
        [
            0.17491501569747925,
            -0.9030453562736511,
            -0.13613802194595337
        ],
        [
            0.17737366259098053,
            -0.914230465888977,
            -0.1233169436454773
        ],
        [
            0.15988661348819733,
            -0.956333577632904,
            -0.16241981089115143
        ],
        [
            0.1601312756538391,
            -0.935576319694519,
            -0.18066734075546265
        ],
        [
            0.16714122891426086,
            -0.926648736000061,
            -0.16628140211105347
        ],
        [
            0.1684240698814392,
            -0.9425550699234009,
            -0.1508587747812271
        ],
        [
            0.17647917568683624,
            -0.9202848076820374,
            -0.1116219162940979
        ],
        [
            0.17363223433494568,
            -0.9287569522857666,
            -0.09540536254644394
        ],
        [
            0.17299674451351166,
            -0.946570873260498,
            -0.09657344222068787
        ],
        [
            0.17566624283790588,
            -0.937792181968689,
            -0.11713572591543198
        ],
        [
            0.16499002277851105,
            -0.9692463874816895,
            -0.10109753906726837
        ],
        [
            0.16827702522277832,
            -0.9590398669242859,
            -0.12636949121952057
        ],
        [
            0.12456399947404861,
            -0.8160938024520874,
            -0.05599834769964218
        ],
        [
            0.1296965777873993,
            -0.8335406184196472,
            -0.0592319592833519
        ],
        [
            0.11589756608009338,
            -0.7886307239532471,
            -0.06647033989429474
        ],
        [
            0.12023580819368362,
            -0.8012506365776062,
            -0.05168629437685013
        ],
        [
            0.15054458379745483,
            -0.9884892702102661,
            -0.10697631537914276
        ],
        [
            0.15582965314388275,
            -0.9768000841140747,
            -0.13730676472187042
        ],
        [
            0.14877080917358398,
            -0.9296299815177917,
            -0.045926496386528015
        ],
        [
            0.1572907269001007,
            -0.9421565532684326,
            -0.05936376750469208
        ],
        [
            0.16261522471904755,
            -0.9234856367111206,
            -0.06678375601768494
        ],
        [
            0.1542864441871643,
            -0.9141587018966675,
            -0.053297460079193115
        ],
        [
            0.13816514611244202,
            -0.9453333616256714,
