{
    "pred_cam": [
        1.5295236110687256,
        0.05889343470335007,
        0.34285083413124084
    ],
    "pred_smpl_params": {
        "global_orient": [
            [
                [
                    -0.8131906390190125,
                    0.10198136419057846,
                    -0.5729929804801941
                ],
                [
                    0.038684867322444916,
                    -0.9728794693946838,
                    -0.22805474698543549
                ],
                [
                    -0.5807104706764221,
                    -0.2076181173324585,
                    0.7871913313865662
                ]
            ]
        ],
        "body_pose": [
            [
                [
                    0.9988334774971008,
                    -0.007951322942972183,
                    -0.04762881249189377
                ],
                [
                    0.015061586163938046,
                    0.9884425401687622,
                    0.1508454829454422
                ],
                [
                    0.045878928154706955,
                    -0.15138687193393707,
                    0.987409234046936
                ]
            ],
            [
                [
                    0.9903717637062073,
                    -0.035017527639865875,
                    -0.13393142819404602
                ],
                [
                    0.03198777884244919,
                    0.9991828799247742,
                    -0.02470756135880947
                ],
                [
                    0.1346871703863144,
                    0.020185500383377075,
                    0.9906826615333557
                ]
            ],
            [
                [
                    0.9945991039276123,
                    0.014123676344752312,
                    0.10282567888498306
                ],
                [
                    -0.000937619071919471,
                    0.9918804168701172,
                    -0.12717092037200928
                ],
                [
                    -0.1037868857383728,
                    0.12638767063617706,
                    0.9865366220474243
                ]
            ],
            [
                [
                    0.9963935017585754,
                    0.018411213532090187,
                    -0.08283038437366486
                ],
                [
                    -0.04083072021603584,
                    0.9597609043121338,
                    -0.277834415435791
                ],
                [
                    0.07438209652900696,
                    0.28021448850631714,
                    0.9570512771606445
                ]
            ],
            [
                [
                    0.9688014388084412,
                    -0.24765391647815704,
                    -0.00955593679100275
                ],
                [
                    0.20056666433811188,
                    0.8060838580131531,
                    -0.5567782521247864
                ],
                [
                    0.14559118449687958,
                    0.537490963935852,
                    0.8306063413619995
                ]
            ],
            [
                [
                    0.9959261417388916,
                    0.025761669501662254,
                    0.08641459047794342
                ],
                [
                    -0.019006136804819107,
                    0.9967637658119202,
                    -0.07810712605714798
                ],
                [
                    -0.0881471112370491,
                    0.07614652067422867,
                    0.993192732334137
                ]
            ],
            [
                [
                    0.9875118136405945,
                    0.03405115008354187,
                    0.15382114052772522
                ],
                [
                    -0.03387376666069031,
                    0.9994189143180847,
                    -0.0037746820598840714
                ],
                [
                    -0.15386031568050385,
                    -0.0014829582069069147,
                    0.9880914092063904
                ]
            ],
            [
                [
                    0.9838659763336182,
                    0.08179992437362671,
                    -0.15911154448986053
                ],
                [
                    -0.06321872770786285,
                    0.990935742855072,
                    0.11853139847517014
                ],
                [
                    0.1673651933670044,
                    -0.10656018555164337,
                    0.9801192283630371
                ]
            ],
            [
                [
                    0.9964108467102051,
                    0.01482874434441328,
                    0.08333966135978699
                ],
                [
                    -0.01164450217038393,
                    0.9991883039474487,
                    -0.038565050810575485
                ],
                [
                    -0.08384387195110321,
                    0.03745618462562561,
                    0.9957747459411621
                ]
            ],
            [
                [
                    0.9931140542030334,
                    -0.1087636724114418,
                    0.043531231582164764
                ],
                [
                    0.10665666311979294,
                    0.993131160736084,
                    0.04811207205057144
                ],
                [
                    -0.048465073108673096,
                    -0.04313787445425987,
                    0.9978928565979004
                ]
            ],
            [
                [
                    0.9971030950546265,
                    -0.026001131162047386,
                    -0.07148091495037079
                ],
                [
                    0.028047816827893257,
                    0.9992204904556274,
                    0.027779994532465935
                ],
                [
                    0.07070288062095642,
                    -0.029704399406909943,
                    0.9970551133155823
                ]
            ],
            [
                [
                    0.9867996573448181,
                    0.021803535521030426,
                    0.16047142446041107
                ],
                [
                    -0.006106184329837561,
                    0.9952000379562378,
                    -0.09767037630081177
                ],
                [
                    -0.16183073818683624,
                    0.09540122002363205,
                    0.9821962118148804
                ]
            ],
            [
                [
                    0.9393818378448486,
                    0.29385867714881897,
                    -0.17666031420230865
                ],
                [
                    -0.2875256836414337,
                    0.9558265209197998,
                    0.06102966517210007
                ],
                [
                    0.18679070472717285,
                    -0.006535782944411039,
                    0.9823780059814453
                ]
            ],
            [
                [
                    0.9135804176330566,
                    -0.2868955135345459,
                    0.2882043421268463
                ],
                [
                    0.29017817974090576,
                    0.9564291834831238,
                    0.03224826604127884
                ],
                [
                    -0.28489887714385986,
                    0.05416922643780708,
                    0.9570257663726807
                ]
            ],
            [
                [
                    0.9930688142776489,
                    0.09328848123550415,
                    0.07149596512317657
                ],
                [
                    -0.05517565459012985,
                    0.9071213603019714,
                    -0.4172367453575134
                ],
                [
                    -0.1037788987159729,
                    0.4103999435901642,
                    0.905981183052063
                ]
            ],
            [
                [
                    0.5172873139381409,
                    0.7291839122772217,
                    -0.44800087809562683
                ],
                [
                    -0.8160132169723511,
                    0.578031599521637,
                    -0.0013883414212614298
                ],
                [
                    0.25794628262519836,
                    0.366292804479599,
                    0.8940321207046509
                ]
            ],
            [
                [
                    0.46954646706581116,
                    -0.7451753616333008,
                    0.47353968024253845
                ],
                [
                    0.7811927199363708,
                    0.600566565990448,
                    0.17046326398849487
                ],
                [
                    -0.4114171266555786,
                    0.28988534212112427,
                    0.8641194701194763
                ]
            ],
            [
                [
                    -0.03705808147788048,
                    -0.3969356417655945,
                    -0.9170979261398315
                ],
                [
                    0.019576525315642357,
                    0.917263925075531,
                    -0.39779844880104065
                ],
                [
                    0.9991212487220764,
                    -0.03269527480006218,
                    -0.026221420615911484
                ]
            ],
            [
                [
                    0.10875624418258667,
                    0.32612496614456177,
                    0.9390498995780945
                ],
                [
                    -0.15555042028427124,
                    0.9385994076728821,
                    -0.307953417301178
                ],
                [
                    -0.9818229079246521,
                    -0.11257772892713547,
                    0.15280742943286896
                ]
            ],
            [
                [
                    0.9860354661941528,
                    -0.14207576215267181,
                    -0.08688328415155411
                ],
                [
                    0.1547262966632843,
                    0.9745174646377563,
                    0.16240502893924713
                ],
                [
                    0.06159546971321106,
                    -0.17358022928237915,
                    0.9828916192054749
                ]
            ],
            [
                [
                    0.985251247882843,
                    0.1499926596879959,
                    0.0823536291718483
                ],
                [
                    -0.1558980941772461,
                    0.9852420091629028,
                    0.0706675574183464
                ],
                [
                    -0.07053864747285843,
                    -0.0824640765786171,
                    0.9940944910049438
                ]
            ],
            [
                [
                    0.9751647710800171,
                    0.20713257789611816,
                    -0.078420490026474
                ],
                [
                    -0.19806870818138123,
                    0.974029004573822,
                    0.10971017181873322
                ],
                [
                    0.09910838305950165,
                    -0.09145284444093704,
                    0.9908652305603027
                ]
            ],
            [
                [
                    0.9748266935348511,
                    -0.21752655506134033,
                    0.04893859475851059
                ],
                [
                    0.21068409085273743,
                    0.9705126881599426,
                    0.11712139844894409
                ],
                [
                    -0.07297253608703613,
                    -0.10386250168085098,
                    0.9919110536575317
                ]
            ]
        ],
        "betas": [
            -0.2723347544670105,
            -0.2971024811267853,
            0.2836906611919403,
            0.47371676564216614,
            0.2552700638771057,
            -0.022688891738653183,
            -0.014078795909881592,
            -0.0881270170211792,
            -0.0012059658765792847,
            -0.0848473310470581
        ]
    },
    "pred_cam_t": [
        0.05889343470335007,
        0.34285083413124084,
        25.538997650146484
    ],
    "focal_length": [
        5000.0,
        5000.0
    ],
    "pred_keypoints_3d": [
        [
            -0.14310213923454285,
            -0.7806581258773804,
            0.011687427759170532
        ],
        [
            0.019196346402168274,
            -0.7285380363464355,
            -0.05814899504184723
        ],
        [
            0.11940959095954895,
            -0.6538105010986328,
            0.10182806849479675
        ],
        [
            0.07918164134025574,
            -0.4283110797405243,
            0.19742828607559204
        ],
        [
            -0.16044940054416656,
            -0.4806099236011505,
            0.23589855432510376
        ],
        [
            -0.09762020409107208,
            -0.6199528574943542,
            -0.17847514152526855
        ],
        [
            -0.16061028838157654,
            -0.37391793727874756,
            -0.1693534553050995
        ],
        [
            -0.23402056097984314,
            -0.44012266397476196,
            0.052050888538360596
        ],
        [
            -0.0017919243546202779,
            -0.22703233361244202,
            0.02895641326904297
        ],
        [
            0.04682245850563049,
            -0.1408473402261734,
            0.08426398038864136
        ],
        [
            0.038585029542446136,
            0.22452236711978912,
            0.15689685940742493
        ],
        [
            0.018343351781368256,
            0.5486575365066528,
            -0.053962498903274536
        ],
        [
            -0.06441093236207962,
            -0.13401871919631958,
            0.002032630145549774
        ],
        [
            -0.15898370742797852,
            0.20513153076171875,
            0.09664740413427353
        ],
        [
            -0.13714319467544556,
            0.591199517250061,
            0.1032659038901329
        ],
        [
            -0.12117574363946915,
            -0.8339293003082275,
            0.030492469668388367
        ],
        [
            -0.14835068583488464,
            -0.8253192901611328,
            -0.029327090829610825
        ],
        [
            -0.02093423902988434,
            -0.8665511608123779,
            0.026890918612480164
        ],
        [
            -0.08391517400741577,
            -0.8479340076446533,
            -0.1052561104297638
        ],
        [
            -0.24921882152557373,
            0.6300464868545532,
            0.2627941370010376
        ],
        [
            -0.2743305265903473,
            0.6410151720046997,
            0.18374401330947876
        ],
        [
            -0.10810288786888123,
            0.6290873289108276,
            0.05622625723481178
        ],
        [
            -0.04819197952747345,
            0.6502071619033813,
            0.10098883509635925
        ],
        [
            0.03507418930530548,
            0.6539694666862488,
            0.0762816071510315
        ],
        [
            0.03602416813373566,
            0.5703899264335632,
            -0.11803990602493286
        ],
        [
            0.05260080099105835,
            0.49919843673706055,
            -0.047113507986068726
        ],
        [
            0.040951892733573914,
            0.1615201085805893,
            0.15497969090938568
        ],
        [
            0.1265210509300232,
            -0.2622230648994446,
            0.10282881557941437
        ],
        [
            -0.10630697757005692,
            -0.23212513327598572,
            -0.0789550244808197
        ],
        [
            -0.16023245453834534,
            0.16439513862133026,
            0.07990297675132751
        ],
        [
            -0.13068747520446777,
            0.5585389733314514,
            0.07487834990024567
        ],
        [
            -0.1372133046388626,
            -0.5051493644714355,
            0.21596375107765198
        ],
        [
            0.07464359700679779,
            -0.4655710458755493,
            0.22224727272987366
        ],
        [
            0.09964080899953842,
            -0.6809020042419434,
            0.0690988227725029
        ],
        [
            -0.07494882494211197,
            -0.6507211327552795,
            -0.16709429025650024
        ],
        [
            -0.19421932101249695,
            -0.41621917486190796,
            -0.17378278076648712
        ],
        [
            -0.23077410459518433,
            -0.4553966522216797,
            0.03218735754489899
        ],
        [
            0.00844272319227457,
            -0.7206257581710815,
            -0.05270117148756981
        ],
        [
            -0.09018613398075104,
            -0.8982572555541992,
            -0.03274350240826607
        ],
        [
            0.009623367339372635,
            -0.24722999334335327,
            0.011010890826582909
        ],
        [
            0.01285309623926878,
            -0.6631446480751038,
            -0.046554844826459885
        ],
        [
            0.03649009391665459,
            -0.48834797739982605,
            -0.0392642468214035
        ],
        [
            -0.07357629388570786,
            -0.7844609022140503,
            -0.026426460593938828
        ],
        [
            -0.09011079370975494,
            -0.9181637167930603,
            -0.0314493402838707
        ]
    ],
    "pred_vertices": [
        [
            -0.1743166446685791,
            -0.8665071725845337,
            -0.037434618920087814
        ],
        [
            -0.17099496722221375,
            -0.8515281677246094,
            -0.02981378696858883
        ],
        [
            -0.1664617657661438,
            -0.850459635257721,
            -0.043659210205078125
        ],
        [
            -0.16580107808113098,
            -0.8628722429275513,
            -0.0523727647960186
        ],
        [
            -0.16566890478134155,
            -0.8401520848274231,
            -0.037991270422935486
        ],
        [
            -0.16745346784591675,
            -0.8401899933815002,
            -0.025878777727484703
        ],
        [
            -0.1582624465227127,
            -0.8477771282196045,
            -0.05439294874668121
        ],
        [
            -0.15508081018924713,
            -0.8573904633522034,
            -0.06348400563001633
        ],
        [
            -0.13606667518615723,
            -0.8188471794128418,
            -0.06630125641822815
        ],
        [
            -0.12804903090000153,
            -0.8179467916488647,
            -0.07413920015096664
        ],
        [
            -0.13439537584781647,
            -0.8285400867462158,
            -0.07259834557771683
        ],
        [
            -0.14008888602256775,
            -0.8269012570381165,
            -0.06413295865058899
        ],
        [
            -0.12196335941553116,
            -0.7970774173736572,
            -0.06780122220516205
        ],
        [
            -0.12237098813056946,
            -0.7862751483917236,
            -0.05908507853746414
        ],
        [
            -0.11162355542182922,
            -0.7816702723503113,
            -0.06547605246305466
        ],
        [
            -0.10960778594017029,
            -0.7924222946166992,
            -0.07356856018304825
        ],
        [
            -0.1340618133544922,
            -0.7943345308303833,
            -0.019607065245509148
        ],
        [
            -0.13272053003311157,
            -0.7880064249038696,
            -0.025281177833676338
        ],
        [
            -0.136543869972229,
            -0.7937213182449341,
            -0.028752576559782028
        ],
        [
            -0.13695859909057617,
            -0.799525797367096,
            -0.022585948929190636
        ],
        [
            -0.13941413164138794,
            -0.8018946051597595,
            -0.008264642208814621
        ],
        [
            -0.13944940268993378,
            -0.8079837560653687,
            -0.010249588638544083
        ],
        [
            -0.14336779713630676,
            -0.8100917339324951,
            -0.0036935172975063324
        ],
        [
            -0.14425243437290192,
            -0.8028733730316162,
            -0.00209774449467659
        ],
        [
            -0.12953123450279236,
            -0.7903956174850464,
            -0.015063364058732986
        ],
        [
            -0.12784206867218018,
            -0.7841367721557617,
            -0.021196292713284492
        ],
        [
            -0.13574635982513428,
            -0.7994101643562317,
            -0.01452496275305748
        ],
        [
            -0.13476160168647766,
            -0.7949365377426147,
            -0.012022741138935089
        ],
        [
            -0.1398116946220398,
            -0.7857558727264404,
            -0.005588497966527939
        ],
        [
            -0.1412123143672943,
            -0.7903221845626831,
            -0.007407816126942635
        ],
        [
            -0.14597368240356445,
            -0.7890684008598328,
            -0.0014873035252094269
        ],
        [
            -0.14261117577552795,
            -0.7844980955123901,
            -0.0008246749639511108
        ],
        [
            -0.13283488154411316,
            -0.7883188724517822,
            -0.012001628056168556
        ],
        [
            -0.1366368532180786,
            -0.7898335456848145,
            -0.011227820068597794
        ],
        [
            -0.13603070378303528,
            -0.7859298586845398,
            -0.008176684379577637
        ],
        [
            -0.13180600106716156,
            -0.7854310274124146,
            -0.008246136829257011
        ],
        [
            -0.13955239951610565,
            -0.7970736622810364,
            -0.006872355937957764
        ],
        [
            -0.14514903724193573,
            -0.7964091300964355,
            -0.0014131367206573486
        ],
        [
            -0.15003225207328796,
            -0.795479953289032,
            0.0050985366106033325
        ],
        [
            -0.1496146321296692,
            -0.7865817546844482,
            0.0053820013999938965
        ],
        [
            -0.1259426474571228,
            -0.7769489288330078,
            -0.03831463307142258
        ],
        [
            -0.13038259744644165,
            -0.7820806503295898,
            -0.03188571333885193
        ],
        [
            -0.12619030475616455,
            -0.7786599397659302,
            -0.027318667620420456
        ],
        [
            -0.12338384240865707,
            -0.7742066383361816,
            -0.0329640693962574
        ],
        [
            -0.12800824642181396,
            -0.7839398980140686,
            -0.010700033977627754
        ],
        [
            -0.12296022474765778,
            -0.7694220542907715,
            -0.014487264677882195
        ],
        [
            -0.12476594746112823,
            -0.7726593017578125,
            -0.014561686664819717
        ],
        [
            -0.12609301507472992,
            -0.7726165056228638,
            -0.007488543167710304
        ],
        [
            -0.1245051771402359,
            -0.7695723176002502,
            -0.008088471367955208
        ],
        [
            -0.11449775099754333,
            -0.7670629620552063,
            -0.04686463251709938
        ],
        [
            -0.11535870283842087,
            -0.7652587890625,
            -0.03991484269499779
        ],
        [
            -0.11049791425466537,
            -0.7600692510604858,
            -0.041525572538375854
        ],
        [
            -0.10777418315410614,
            -0.7614281177520752,
            -0.04837556183338165
        ],
        [
            -0.10639576613903046,
            -0.7558013200759888,
            -0.03978806361556053
        ],
        [
            -0.10139698535203934,
            -0.7561503648757935,
            -0.04843991622328758
        ],
        [
            -0.0922401025891304,
            -0.7446390390396118,
            -0.04017951712012291
        ],
        [
            -0.09634985029697418,
            -0.7497775554656982,
            -0.04451964423060417
        ],
        [
            -0.10284039378166199,
            -0.751209020614624,
            -0.036095283925533295
        ],
        [
            -0.10116498917341232,
            -0.7460919618606567,
            -0.030061950907111168
        ],
        [
            -0.1052737757563591,
            -0.7483437061309814,
            -0.015872914344072342
        ],
        [
            -0.10463219881057739,
            -0.74700927734375,
            -0.0097905732691288
        ],
        [
            -0.09954218566417694,
            -0.7364586591720581,
            -0.014955602586269379
        ],
        [
            -0.10052967071533203,
            -0.74018394947052,
            -0.02211260423064232
        ],
        [
            -0.11687146127223969,
            -0.7659937143325806,
            -0.01612093485891819
        ],
        [
            -0.11606022715568542,
            -0.7667148113250732,
            -0.02076970785856247
        ],
        [
            -0.11865710467100143,
            -0.7670010328292847,
            -0.020120617002248764
        ],
        [
            -0.12028417736291885,
            -0.7671789526939392,
            -0.015103325247764587
        ],
        [
            -0.11569823324680328,
            -0.7668689489364624,
            -0.024696018546819687
        ],
        [
            -0.11555467545986176,
            -0.766776442527771,
            -0.02648772858083248
        ],
        [
            -0.1170266717672348,
            -0.7673970460891724,
            -0.025835130363702774
        ],
        [
            -0.11641895771026611,
            -0.7672456502914429,
            -0.024504467844963074
        ],
        [
            -0.11610730737447739,
            -0.7669211626052856,
            -0.0224787387996912
        ],
        [
            -0.11529150605201721,
            -0.7651673555374146,
            -0.02147216536104679
        ],
        [
            -0.11550934612751007,
            -0.7660466432571411,
            -0.023744087666273117
        ],
        [
            -0.11600446701049805,
            -0.7636973857879639,
            -0.017211781814694405
        ],
        [
            -0.11661635339260101,
            -0.7601890563964844,
            -0.002911411225795746
        ],
        [
            -0.11728546023368835,
            -0.7606176733970642,
            -0.006896292790770531
        ],
        [
            -0.11771945655345917,
            -0.7651088833808899,
            -0.0058028362691402435
        ],
        [
            -0.11736851185560226,
            -0.7649515867233276,
            -0.0023567117750644684
        ],
        [
            -0.11862508952617645,
            -0.7684730291366577,
            -0.0235817302018404
        ],
        [
            -0.11988972127437592,
            -0.7697700262069702,
            -0.026046795770525932
        ],
        [
            -0.12250281125307083,
            -0.7711631655693054,
            -0.021297693252563477
        ],
        [
            -0.12045272439718246,
            -0.7691285610198975,
            -0.020475592464208603
        ],
        [
            -0.12156699597835541,
            -0.7710944414138794,
            -0.02867806702852249
        ],
        [
            -0.1178293377161026,
            -0.7684962749481201,
            -0.028107916936278343
        ],
        [
            -0.11876882612705231,
            -0.7689863443374634,
            -0.03106011636555195
        ],
        [
            -0.11462309956550598,
            -0.7652855515480042,
            -0.026014268398284912
        ],
        [
            -0.11361035704612732,
            -0.7641496062278748,
            -0.02908014878630638
        ],
        [
            -0.11578302085399628,
            -0.7659740447998047,
            -0.02918209880590439
        ],
        [
            -0.1119469404220581,
            -0.7612687349319458,
            -0.027156557887792587
        ],
        [
            -0.11384643614292145,
            -0.7634413242340088,
            -0.02342892810702324
        ],
        [
            -0.11414709687232971,
            -0.7610405683517456,
            -0.01924215629696846
        ],
        [
            -0.11465522646903992,
            -0.7586601972579956,
            -0.013824418187141418
        ],
        [
            -0.11091353744268417,
            -0.7553703784942627,
            -0.017248278483748436
        ],
        [
            -0.11125525087118149,
            -0.7580832839012146,
            -0.0229518823325634
        ],
        [
            -0.12420997768640518,
            -0.7747268676757812,
            -0.023274118080735207
        ],
        [
            -0.11549028009176254,
            -0.7656422853469849,
            -0.033800479024648666
        ],
        [
            -0.11966504156589508,
            -0.770702600479126,
            -0.03681888431310654
        ],
        [
            -0.11244092881679535,
            -0.7618820071220398,
            -0.03422505035996437
        ],
        [
            -0.10950213670730591,
            -0.758319616317749,
            -0.03252461180090904
        ],
        [
            -0.10758604109287262,
            -0.7546578645706177,
            -0.028337743133306503
        ],
        [
            -0.10637539625167847,
            -0.7511375546455383,
            -0.02225371263921261
        ],
        [
            -0.08758220076560974,
            -0.7326847314834595,
            -0.021499883383512497
        ],
        [
            -0.09037867933511734,
            -0.737615704536438,
            -0.03021804243326187
        ],
        [
            -0.16096456348896027,
            -0.8345166444778442,
            -0.025486018508672714
        ],
        [
            -0.16167379915714264,
            -0.8337647318840027,
            -0.03451915830373764
        ],
        [
            -0.154229998588562,
            -0.8287736177444458,
            -0.03717581182718277
        ],
        [
            -0.15597990155220032,
            -0.8306368589401245,
            -0.038902707397937775
        ],
        [
            -0.1573348492383957,
            -0.831143856048584,
            -0.03261375427246094
        ],
        [
            -0.15514624118804932,
            -0.8289922475814819,
            -0.032561734318733215
        ],
        [
            -0.14323851466178894,
            -0.8270554542541504,
            -0.05607762560248375
        ],
        [
            -0.1459328532218933,
            -0.8273512125015259,
            -0.04964015632867813
        ],
        [
            -0.14311723411083221,
            -0.8246908187866211,
            -0.050585221499204636
        ],
        [
            -0.14053508639335632,
            -0.8212412595748901,
            -0.05814181640744209
        ],
        [
            -0.14259639382362366,
            -0.816002368927002,
            -0.04139775037765503
        ],
        [
            -0.14220774173736572,
            -0.8179848194122314,
            -0.04653354734182358
        ],
        [
            -0.14587321877479553,
            -0.8231436014175415,
            -0.04180235415697098
        ],
        [
            -0.14629009366035461,
            -0.8216781616210938,
            -0.03811221942305565
        ],
        [
            -0.14623157680034637,
            -0.8208950757980347,
            -0.03397652506828308
        ],
        [
            -0.1457906812429428,
            -0.8209284543991089,
            -0.02950017899274826
        ],
        [
            -0.1428818702697754,
            -0.8164250254631042,
            -0.030325068160891533
        ],
        [
            -0.14287522435188293,
            -0.8157014846801758,
            -0.03574463725090027
        ],
        [
            -0.1562492549419403,
            -0.8324164152145386,
            -0.026287740096449852
        ],
        [
            -0.15314871072769165,
            -0.8328074216842651,
            -0.019607316702604294
        ],
        [
            -0.15148673951625824,
            -0.8302929401397705,
            -0.02140529453754425
        ],
        [
            -0.1545148640871048,
            -0.8297781348228455,
            -0.02678692154586315
        ],
        [
            -0.14059263467788696,
            -0.8281476497650146,
            -0.014288101345300674
        ],
        [
            -0.14311912655830383,
            -0.8296666145324707,
            -0.01487690582871437
        ],
        [
            -0.1433863490819931,
            -0.8309124112129211,
            -0.011123020201921463
        ],
        [
            -0.1402462124824524,
            -0.8274468183517456,
            -0.01089736819267273
        ],
        [
            -0.1396908462047577,
            -0.8244727849960327,
            -0.01304813101887703
        ],
        [
            -0.1405903398990631,
            -0.8263369798660278,
            -0.015360932797193527
        ],
        [
            -0.1791500747203827,
            -0.8873712420463562,
            -0.02879016287624836
        ],
        [
            -0.17731153964996338,
            -0.8695482015609741,
            -0.021967867389321327
        ],
        [
            -0.17187941074371338,
            -0.8842493295669556,
            -0.04800206422805786
        ],
        [
            -0.16109587252140045,
            -0.8780259490013123,
            -0.06179707497358322
        ],
        [
            -0.15053121745586395,
            -0.8683294057846069,
            -0.07312402129173279
        ],
        [
            -0.1132723018527031,
            -0.7728832960128784,
            -0.055919747799634933
        ],
        [
            -0.10481710731983185,
            -0.7674954533576965,
            -0.059756312519311905
        ],
        [
            -0.1008707731962204,
            -0.7777401804924011,
            -0.07118377089500427
        ],
        [
            -0.09199202060699463,
            -0.7708359956741333,
            -0.0715077742934227
        ],
        [
            -0.09660126268863678,
            -0.7603885531425476,
            -0.059617750346660614
        ],
        [
            -0.0827077329158783,
            -0.7457805871963501,
            -0.04877878725528717
        ],
        [
            -0.08923090994358063,
            -0.7526733875274658,
            -0.05598936229944229
        ],
        [
            -0.08250109851360321,
            -0.7640203237533569,
            -0.06985282152891159
        ],
        [
            -0.0780179500579834,
            -0.7798929214477539,
            -0.0830020159482956
        ],
        [
            -0.08808334171772003,
            -0.7833783626556396,
            -0.08160892128944397
        ],
        [
            -0.07532769441604614,
            -0.7985067367553711,
            -0.09109124541282654
        ],
        [
            -0.06526093930006027,
            -0.7767825126647949,
            -0.08346566557884216
        ],
        [
            -0.06694170832633972,
            -0.8011459112167358,
            -0.09186851978302002
        ],
        [
            -0.05545337125658989,
            -0.7466765642166138,
            -0.06459087133407593
        ],
        [
            -0.052147913724184036,
            -0.7387217283248901,
            -0.06599854677915573
        ],
        [
            -0.046857863664627075,
            -0.7472629547119141,
            -0.08213421702384949
        ],
        [
            -0.05069509148597717,
            -0.7558504343032837,
            -0.08081253618001938
        ],
        [
            -0.09805870056152344,
            -0.7875951528549194,
            -0.07913142442703247
        ],
        [
            -0.13369065523147583,
            -0.8410277366638184,
            -0.07696139067411423
        ],
        [
            -0.14125925302505493,
            -0.8365874886512756,
            -0.06868409365415573
        ],
        [
            -0.12524059414863586,
            -0.8309230804443359,
            -0.08049052953720093
        ],
        [
            -0.14566513895988464,
            -0.902538537979126,
            -0.08449756354093552
        ],
        [
            -0.15623068809509277,
            -0.891376256942749,
            -0.07301265746355057
        ],
        [
            -0.14610500633716583,
            -0.879764199256897,
            -0.08253788203001022
        ],
        [
            -0.1379561573266983,
            -0.891470730304718,
            -0.09220508486032486
        ],
        [
            -0.15883874893188477,
            -0.9334003925323486,
            -0.05347878858447075
        ],
        [
            -0.17268703877925873,
            -0.9115893840789795,
            -0.042178936302661896
        ],
        [
            -0.16582630574703217,
            -0.9032665491104126,
            -0.05732995271682739
        ],
        [
            -0.1544693559408188,
            -0.9198155403137207,
            -0.06802582740783691
        ],
        [
            -0.12804527580738068,
            -0.8979706764221191,
            -0.0991620272397995
        ],
        [
            -0.11351503431797028,
            -0.9071248173713684,
            -0.10687361657619476
        ],
        [
            -0.11328129470348358,
            -0.9247006177902222,
            -0.10518347471952438
        ],
        [
            -0.13192178308963776,
            -0.9160544872283936,
            -0.09480316936969757
        ],
        [
            -0.11219413578510284,
            -0.9472689628601074,
            -0.09529943764209747
        ],
        [
            -0.1344667226076126,
            -0.9368507862091064,
            -0.0827862098813057
        ],
        [
            -0.05283269286155701,
            -0.7924747467041016,
            -0.09286685287952423
        ],
        [
            -0.0580323189496994,
            -0.8112236857414246,
            -0.0955064594745636
        ],
        [
            -0.05724267661571503,
            -0.7651249766349792,
            -0.0792536735534668
        ],
        [
            -0.04842384159564972,
            -0.777429461479187,
            -0.09119301289319992
        ],
        [
            -0.10820558667182922,
            -0.9651055335998535,
            -0.07979217916727066
        ],
        [
            -0.13545092940330505,
            -0.9541088342666626,
            -0.06610143929719925
        ],
        [
            -0.05940878391265869,
            -0.9092179536819458,
            -0.11770759522914886
        ],
        [
            -0.07490257918834686,
            -0.9216539263725281,
            -0.11533231288194656
        ],
        [
