{
    "pred_cam": [
        1.1591945886611938,
        0.03431875258684158,
        0.17840325832366943
    ],
    "pred_smpl_params": {
        "global_orient": [
            [
                [
                    0.9753049612045288,
                    0.22053562104701996,
                    -0.012008517049252987
                ],
                [
                    0.22038687765598297,
                    -0.9753316044807434,
                    -0.012568327598273754
                ],
                [
                    -0.014484048821032047,
                    0.009611434303224087,
                    -0.9998489022254944
                ]
            ]
        ],
        "body_pose": [
            [
                [
                    0.9979237914085388,
                    -0.0642910748720169,
                    -0.0038354310672730207
                ],
                [
                    0.06338433176279068,
                    0.9697984457015991,
                    0.23552797734737396
                ],
                [
                    -0.011422752402722836,
                    -0.23528209328651428,
                    0.9718599915504456
                ]
            ],
            [
                [
                    0.9984070062637329,
                    0.04740346595644951,
                    0.030599921941757202
                ],
                [
                    -0.05351714417338371,
                    0.9674105644226074,
                    0.24749284982681274
                ],
                [
                    -0.017870664596557617,
                    -0.2487362176179886,
                    0.9684063792228699
                ]
            ],
            [
                [
                    0.9999039173126221,
                    0.009882143698632717,
                    -0.009731846861541271
                ],
                [
                    -0.011568949557840824,
                    0.9812842011451721,
                    -0.192217156291008
                ],
                [
                    0.007650186773389578,
                    0.19231122732162476,
                    0.9813042283058167
                ]
            ],
            [
                [
                    0.990535318851471,
                    0.013055085204541683,
                    -0.1366354376077652
                ],
                [
                    -0.10861070454120636,
                    0.6832185983657837,
                    -0.7220913767814636
                ],
                [
                    0.08392492681741714,
                    0.7300971746444702,
                    0.6781700849533081
                ]
            ],
            [
                [
                    0.9884639978408813,
                    -0.05177973955869675,
                    0.14232949912548065
                ],
                [
                    0.14001916348934174,
                    0.6706564426422119,
                    -0.7284328937530518
                ],
                [
                    -0.057736124843358994,
                    0.739958643913269,
                    0.6701698899269104
                ]
            ],
            [
                [
                    0.9998287558555603,
                    -0.0180408526211977,
                    0.004122396465390921
                ],
                [
                    0.01799030788242817,
                    0.9997662901878357,
                    0.011985411867499352
                ],
                [
                    -0.004337660502642393,
                    -0.01190919615328312,
                    0.9999196529388428
                ]
            ],
            [
                [
                    0.9831722378730774,
                    0.0355750173330307,
                    0.17918355762958527
                ],
                [
                    -0.048472143709659576,
                    0.9964988827705383,
                    0.06812026351690292
                ],
                [
                    -0.17613284289836884,
                    -0.0756593719124794,
                    0.9814544320106506
                ]
            ],
            [
                [
                    0.9833393096923828,
                    -0.034030552953481674,
                    -0.17856542766094208
                ],
                [
                    0.0384223498404026,
                    0.9990368485450745,
                    0.02119341678917408
                ],
                [
                    0.17767220735549927,
                    -0.02770122140645981,
                    0.9836997389793396
                ]
            ],
            [
                [
                    0.999884843826294,
                    -0.008430554531514645,
                    -0.012614629231393337
                ],
                [
                    0.007324792444705963,
                    0.9963308572769165,
                    -0.08527106046676636
                ],
                [
                    0.013287226669490337,
                    0.08516884595155716,
                    0.9962778687477112
                ]
            ],
            [
                [
                    0.9902682900428772,
                    -0.1294088214635849,
                    -0.0512055829167366
                ],
                [
                    0.1361069232225418,
                    0.9773133993148804,
                    0.16227532923221588
                ],
                [
                    0.029044048860669136,
                    -0.16766555607318878,
                    0.9854159355163574
                ]
            ],
            [
                [
                    0.9908119440078735,
                    0.13520924746990204,
                    0.0031869891099631786
                ],
                [
                    -0.13356733322143555,
                    0.9745345711708069,
                    0.18011683225631714
                ],
                [
                    0.021247629076242447,
                    -0.17888759076595306,
                    0.9836400151252747
                ]
            ],
            [
                [
                    0.9896078705787659,
                    0.0217068400233984,
                    -0.14214470982551575
                ],
                [
                    -0.016951536759734154,
                    0.9992581605911255,
                    0.03457999974489212
                ],
                [
                    0.14278988540172577,
                    -0.03181106969714165,
                    0.9892417192459106
                ]
            ],
            [
                [
                    0.9197179079055786,
                    0.3906337320804596,
                    -0.03904276341199875
                ],
                [
                    -0.3921600878238678,
                    0.9187780022621155,
                    -0.04535789415240288
                ],
                [
                    0.01815331168472767,
                    0.05702747404575348,
                    0.9982075095176697
                ]
            ],
            [
                [
                    0.9107851982116699,
                    -0.41088101267814636,
                    0.04058494791388512
                ],
                [
                    0.4120216965675354,
                    0.910825788974762,
                    -0.025187289342284203
                ],
                [
                    -0.026616843417286873,
                    0.039662089198827744,
                    0.9988585710525513
                ]
            ],
            [
                [
                    0.9903141856193542,
                    -0.029964357614517212,
                    -0.1355723738670349
                ],
                [
                    -0.0010463357903063297,
                    0.97479647397995,
                    -0.22309371829032898
                ],
                [
                    0.13884031772613525,
                    0.22107474505901337,
                    0.9653234481811523
                ]
            ],
            [
                [
                    0.49367037415504456,
                    0.8194614052772522,
                    -0.29115739464759827
                ],
                [
                    -0.8622504472732544,
                    0.5048019886016846,
                    -0.04122096300125122
                ],
                [
                    0.11319782584905624,
                    0.2714001536369324,
                    0.9557867050170898
                ]
            ],
            [
                [
                    0.5063171982765198,
                    -0.8204048871994019,
                    0.2656667232513428
                ],
                [
                    0.8561373949050903,
                    0.5151278376579285,
                    -0.040892262011766434
                ],
                [
                    -0.10330409556627274,
                    0.24815164506435394,
                    0.9631973505020142
                ]
            ],
            [
                [
                    0.8419121503829956,
                    -0.1449054777622223,
                    -0.5197945237159729
                ],
                [
                    0.045899927616119385,
                    0.9790095090866089,
                    -0.19857873022556305
                ],
                [
                    0.5376589298248291,
                    0.14332731068134308,
                    0.8308911323547363
                ]
            ],
            [
                [
                    0.841031551361084,
                    0.1530313789844513,
                    0.518890380859375
                ],
                [
                    -0.04737129062414169,
                    0.9763047695159912,
                    -0.21115148067474365
                ],
                [
                    -0.5389079451560974,
                    0.15300455689430237,
                    0.8283523917198181
                ]
            ],
            [
                [
                    0.9994896054267883,
                    -0.010258495807647705,
                    0.03025330975651741
                ],
                [
                    0.010545795783400536,
                    0.9999006390571594,
                    -0.00935237668454647
                ],
                [
                    -0.030154364183545113,
                    0.009666649624705315,
                    0.9994984865188599
                ]
            ],
            [
                [
                    0.998971700668335,
                    0.01885603740811348,
                    -0.04122842103242874
                ],
                [
                    -0.020392507314682007,
                    0.9991008639335632,
                    -0.03717069700360298
                ],
                [
                    0.04049045965075493,
                    0.03797323629260063,
                    0.9984580278396606
                ]
            ],
            [
                [
                    0.9668443202972412,
                    0.23167100548744202,
                    -0.10742701590061188
                ],
                [
                    -0.21256230771541595,
                    0.963248610496521,
                    0.16422389447689056
                ],
                [
                    0.14152482151985168,
                    -0.13594400882720947,
                    0.9805559515953064
                ]
            ],
            [
                [
                    0.9724604487419128,
                    -0.2224181443452835,
                    0.06964839994907379
                ],
                [
                    0.20615026354789734,
                    0.9602574706077576,
                    0.18816934525966644
                ],
                [
                    -0.108732670545578,
                    -0.16862919926643372,
                    0.9796639680862427
                ]
            ]
        ],
        "betas": [
            -0.023745104670524597,
            -0.03570973873138428,
            0.06074357032775879,
            0.3558414876461029,
            0.01949024200439453,
            0.05096742883324623,
            -0.01721346378326416,
            -0.06790706515312195,
            0.07768793404102325,
            -0.0559021532535553
        ]
    },
    "pred_cam_t": [
        0.03431875258684158,
        0.17840325832366943,
        33.697967529296875
    ],
    "focal_length": [
        5000.0,
        5000.0
    ],
    "pred_keypoints_3d": [
        [
            0.08355189859867096,
            -0.7989540100097656,
            -0.19409191608428955
        ],
        [
            0.10947959125041962,
            -0.7248873710632324,
            -0.01826966367661953
        ],
        [
            -0.08761120587587357,
            -0.6626801490783691,
            0.016288641840219498
        ],
        [
            -0.15646086633205414,
            -0.428538978099823,
            0.08416464924812317
        ],
        [
            -0.21127888560295105,
            -0.19862502813339233,
            -0.00936521589756012
        ],
        [
            0.2640342116355896,
            -0.5919947624206543,
            -0.0019430415704846382
        ],
        [
            0.2407323718070984,
            -0.3444175720214844,
            0.0732039287686348
        ],
        [
            0.18890900909900665,
            -0.11962218582630157,
            -0.019163616001605988
        ],
        [
            -0.0020811022259294987,
            -0.2269173413515091,
            0.02786899358034134
        ],
        [
            -0.08725108951330185,
            -0.15338680148124695,
            0.032438378781080246
        ],
        [
            -0.22384828329086304,
            0.1912728250026703,
            -0.057257141917943954
        ],
        [
            -0.2789941728115082,
            0.4944092035293579,
            0.19349631667137146
        ],
        [
            0.044817812740802765,
            -0.12250828742980957,
            0.03290845453739166
        ],
        [
            0.02115977369248867,
            0.23954007029533386,
            -0.05477414280176163
        ],
        [
            -0.039726123213768005,
            0.5412278175354004,
            0.1958489716053009
        ],
        [
            0.0727652832865715,
            -0.8523566722869873,
            -0.16477014124393463
        ],
        [
            0.1327391117811203,
            -0.8344074487686157,
            -0.18680979311466217
        ],
        [
            0.06869222968816757,
            -0.8688266277313232,
            -0.0624755397439003
        ],
        [
            0.20227298140525818,
            -0.829222559928894,
            -0.11068977415561676
        ],
        [
            -0.0645519345998764,
            0.6763176918029785,
            0.052079468965530396
        ],
        [
            0.004985783249139786,
            0.6719616651535034,
            0.09916520118713379
        ],
        [
            -0.0334937646985054,
            0.5440078973770142,
            0.2662356197834015
        ],
        [
            -0.3066118061542511,
            0.6320054531097412,
            0.05231580138206482
        ],
        [
            -0.37269073724746704,
            0.5981549024581909,
            0.09856128692626953
        ],
        [
            -0.2835797965526581,
            0.5018637180328369,
            0.2663339376449585
        ],
        [
            -0.289665162563324,
            0.4356887936592102,
            0.18916219472885132
        ],
        [
            -0.20447689294815063,
            0.13397103548049927,
            -0.055206481367349625
        ],
        [
            -0.13727018237113953,
            -0.2916328012943268,
            0.04317326843738556
        ],
        [
            0.14416787028312683,
            -0.21192339062690735,
            0.05185334384441376
        ],
        [
            0.03763545677065849,
            0.20278987288475037,
            -0.05380338802933693
        ],
        [
            -0.022702448070049286,
            0.5015674233436584,
            0.1996234655380249
        ],
        [
            -0.19423335790634155,
            -0.2231190949678421,
            -0.030212638899683952
        ],
        [
            -0.1807568073272705,
            -0.4491586983203888,
            0.05834919214248657
        ],
        [
            -0.04596458747982979,
            -0.6893983483314514,
            0.010416118428111076
        ],
        [
            0.24146676063537598,
            -0.6306784749031067,
            -0.0016556158661842346
        ],
        [
            0.27210474014282227,
            -0.3568670153617859,
            0.034243255853652954
        ],
        [
            0.19560405611991882,
            -0.13636833429336548,
            -0.030029775574803352
        ],
        [
            0.10907453298568726,
            -0.7131543159484863,
            -0.020014673471450806
        ],
        [
            0.1423196643590927,
            -0.8950542211532593,
            -0.11739401519298553
        ],
        [
            0.004084433428943157,
            -0.25177302956581116,
            0.04725005850195885
        ],
        [
            0.09601292014122009,
            -0.65865159034729,
            0.0013275109231472015
        ],
        [
            0.06135138124227524,
            -0.4921395480632782,
            0.04226575419306755
        ],
        [
            0.11268971115350723,
            -0.7849411368370056,
            -0.12060972303152084
        ],
        [
            0.14442749321460724,
            -0.915895402431488,
            -0.11300773918628693
        ]
    ],
    "pred_vertices": [
        [
            0.15222808718681335,
            -0.8752409219741821,
            -0.20367956161499023
        ],
        [
            0.14175647497177124,
            -0.8620802164077759,
            -0.2037581503391266
        ],
        [
            0.1543288230895996,
            -0.8574435710906982,
            -0.19854450225830078
        ],
        [
            0.16509917378425598,
            -0.8677331209182739,
            -0.1944153606891632
        ],
        [
            0.1468576341867447,
            -0.8489027619361877,
            -0.19977641105651855
        ],
        [
            0.135487362742424,
            -0.8516252040863037,
            -0.20319601893424988
        ],
        [
            0.16330231726169586,
            -0.8517602682113647,
            -0.18942204117774963
        ],
        [
            0.17313580214977264,
            -0.8586046099662781,
            -0.18328385055065155
        ],
        [
            0.165565624833107,
            -0.8185973167419434,
            -0.1708908975124359
        ],
        [
            0.17174100875854492,
            -0.8148810267448425,
            -0.16229921579360962
        ],
        [
            0.17368963360786438,
            -0.8260352611541748,
            -0.16718830168247223
        ],
        [
            0.1660415083169937,
            -0.8271487951278687,
            -0.17396517097949982
        ],
        [
            0.1612664759159088,
            -0.7947714328765869,
            -0.16032861173152924
        ],
        [
            0.15088532865047455,
            -0.7862309217453003,
            -0.16356666386127472
        ],
        [
            0.1548837423324585,
            -0.7787372469902039,
            -0.1528857946395874
        ],
        [
            0.16438311338424683,
            -0.7872409224510193,
            -0.14845424890518188
        ],
        [
            0.115317702293396,
            -0.8042521476745605,
            -0.17879119515419006
        ],
        [
            0.11953310668468475,
            -0.7966457605361938,
            -0.17782199382781982
        ],
        [
            0.12455082684755325,
            -0.8020834922790527,
            -0.1800045669078827
        ],
        [
            0.11963377892971039,
            -0.8091555833816528,
            -0.18027740716934204
        ],
        [
            0.10652947425842285,
            -0.814921498298645,
            -0.18424439430236816
        ],
        [
            0.10969464480876923,
            -0.8204434514045715,
            -0.1829340159893036
        ],
        [
            0.10424484312534332,
            -0.8244984745979309,
            -0.18721351027488708
        ],
        [
            0.10137709975242615,
            -0.8178632259368896,
            -0.18960444629192352
        ],
        [
            0.10936202108860016,
            -0.8007602691650391,
            -0.17574366927146912
        ],
        [
            0.11410203576087952,
            -0.7928707599639893,
            -0.17456063628196716
        ],
        [
            0.11146718263626099,
            -0.8106677532196045,
            -0.1802561730146408
        ],
        [
            0.10816865414381027,
            -0.8065651059150696,
            -0.18064720928668976
        ],
        [
            0.10072661936283112,
            -0.7997693419456482,
            -0.1878071129322052
        ],
        [
            0.1035100594162941,
            -0.8040574789047241,
            -0.18813514709472656
        ],
        [
            0.09813235700130463,
            -0.8048359155654907,
            -0.1937665343284607
        ],
        [
            0.09620664268732071,
            -0.8000780344009399,
            -0.1913204789161682
        ],
        [
            0.10629232227802277,
            -0.80007004737854,
            -0.1797800213098526
        ],
        [
            0.10635513812303543,
            -0.8021629452705383,
            -0.18337379395961761
        ],
        [
            0.10263606905937195,
            -0.7988545894622803,
            -0.1838226616382599
        ],
        [
            0.10211330652236938,
            -0.7977786064147949,
            -0.1798030138015747
        ],
        [
            0.10413698852062225,
            -0.8105604648590088,
            -0.18563586473464966
        ],
        [
            0.0993964821100235,
            -0.8118922114372253,
            -0.19173601269721985
        ],
        [
            0.09364297240972519,
            -0.8130824565887451,
            -0.1975419819355011
        ],
        [
            0.09181338548660278,
            -0.8043131828308105,
            -0.19876092672348022
        ],
        [
            0.129474937915802,
            -0.7819411754608154,
            -0.1712976098060608
        ],
        [
            0.12447768449783325,
            -0.7891426086425781,
            -0.17571356892585754
        ],
        [
            0.11894659698009491,
            -0.7857663035392761,
            -0.17308703064918518
        ],
        [
            0.12337030470371246,
            -0.7797414064407349,
            -0.17029079794883728
        ],
        [
            0.10390087962150574,
            -0.7950806617736816,
            -0.17608711123466492
        ],
        [
            0.10451005399227142,
            -0.7788857221603394,
            -0.17299997806549072
        ],
        [
            0.10535697638988495,
            -0.7823867797851562,
            -0.1744002252817154
        ],
        [
            0.09859389066696167,
            -0.7840880155563354,
            -0.17653024196624756
        ],
        [
            0.0984581857919693,
            -0.7806610465049744,
            -0.1752871870994568
        ],
        [
            0.13452711701393127,
            -0.7686449289321899,
            -0.16044464707374573
        ],
        [
            0.12758180499076843,
            -0.7682474255561829,
            -0.16283360123634338
        ],
        [
            0.1277114599943161,
            -0.762092649936676,
            -0.15847444534301758
        ],
        [
            0.13435246050357819,
            -0.7616817951202393,
            -0.1543298065662384
        ],
        [
            0.1251620352268219,
            -0.7574500441551208,
            -0.15519322454929352
        ],
        [
            0.1331108957529068,
            -0.7552602291107178,
            -0.1487196683883667
        ],
        [
            0.12240783870220184,
            -0.744299590587616,
            -0.14238007366657257
        ],
        [
            0.12789109349250793,
            -0.749076247215271,
            -0.1450536996126175
        ],
        [
            0.12049287557601929,
            -0.7531276941299438,
            -0.15293103456497192
        ],
        [
            0.11361704766750336,
            -0.7491523027420044,
            -0.15290099382400513
        ],
        [
            0.10011696815490723,
            -0.7551844716072083,
            -0.1585816740989685
        ],
        [
            0.09362796694040298,
            -0.7550238370895386,
            -0.15908154845237732
        ],
        [
            0.09660201519727707,
            -0.7427942156791687,
            -0.15509355068206787
        ],
        [
            0.10461752116680145,
            -0.7451026439666748,
            -0.15418577194213867
        ],
        [
            0.10462405532598495,
            -0.7743281722068787,
            -0.16706246137619019
        ],
        [
            0.1091916412115097,
            -0.7739270925521851,
            -0.16555452346801758
        ],
        [
            0.10891099274158478,
            -0.7747815847396851,
            -0.16817739605903625
        ],
        [
            0.10422598570585251,
            -0.776219367980957,
            -0.17041289806365967
        ],
        [
            0.11306186020374298,
            -0.7730828523635864,
            -0.1647559404373169
        ],
        [
            0.11475783586502075,
            -0.7725557684898376,
            -0.1644592583179474
        ],
        [
            0.11437128484249115,
            -0.7735767364501953,
            -0.1659172773361206
        ],
        [
            0.11281637847423553,
            -0.7737593650817871,
            -0.16549181938171387
        ],
        [
            0.11077700555324554,
            -0.7738223075866699,
            -0.16540947556495667
        ],
        [
            0.10938049852848053,
            -0.772194504737854,
            -0.16492578387260437
        ],
        [
            0.11197660118341446,
            -0.7724635004997253,
            -0.16472762823104858
        ],
        [
            0.10504156351089478,
            -0.7717700600624084,
            -0.16631272435188293
        ],
        [
            0.09065468609333038,
            -0.7712745666503906,
            -0.1695556640625
        ],
        [
            0.09465794265270233,
            -0.7709991335868835,
            -0.16932900249958038
        ],
        [
            0.09440084546804428,
            -0.7757500410079956,
            -0.16936862468719482
        ],
        [
            0.09107786417007446,
            -0.7762964963912964,
            -0.16965121030807495
        ],
        [
            0.11254142224788666,
            -0.7754685282707214,
            -0.16773828864097595
        ],
        [
            0.11531655490398407,
            -0.7762927412986755,
            -0.1684114784002304
        ],
        [
            0.11121028661727905,
            -0.7791523933410645,
            -0.171359121799469
        ],
        [
            0.10984838008880615,
            -0.7770082950592041,
            -0.1696586310863495
        ],
        [
            0.11821887642145157,
            -0.7774088978767395,
            -0.1695452481508255
        ],
        [
            0.11688686907291412,
            -0.7742096185684204,
            -0.16636455059051514
        ],
        [
            0.12016624212265015,
            -0.7741584777832031,
            -0.16693834960460663
        ],
        [
            0.11396689713001251,
            -0.7710350751876831,
            -0.16377395391464233
        ],
        [
            0.11664915084838867,
            -0.7690054178237915,
            -0.16271978616714478
        ],
        [
            0.11728471517562866,
            -0.7711472511291504,
            -0.16457217931747437
        ],
        [
            0.11409303545951843,
            -0.7664138078689575,
            -0.1615697145462036
        ],
        [
            0.11100846529006958,
            -0.769707441329956,
            -0.1635066419839859
        ],
        [
            0.10651879012584686,
            -0.7683520317077637,
            -0.16456125676631927
        ],
        [
            0.10085218399763107,
            -0.76728355884552,
            -0.16609492897987366
        ],
        [
            0.10327370464801788,
            -0.7627228498458862,
            -0.16254264116287231
        ],
        [
            0.10935387015342712,
            -0.76421058177948,
            -0.16172480583190918
        ],
        [
            0.11411568522453308,
            -0.7824232578277588,
            -0.1723855882883072
        ],
        [
            0.12170213460922241,
            -0.7697497010231018,
            -0.16386845707893372
        ],
        [
            0.12606893479824066,
            -0.7748221158981323,
            -0.16672098636627197
        ],
        [
            0.12114256620407104,
            -0.7654794454574585,
            -0.16137783229351044
        ],
        [
            0.11861000955104828,
            -0.7619190216064453,
            -0.15912194550037384
        ],
        [
            0.11387553066015244,
            -0.7589865326881409,
            -0.15804865956306458
        ],
        [
            0.10705068707466125,
            -0.7567468881607056,
            -0.15825426578521729
        ],
        [
            0.10145054012537003,
            -0.7362010478973389,
            -0.1428634226322174
        ],
        [
            0.11137023568153381,
            -0.7394178509712219,
            -0.1430380791425705
        ],
        [
            0.1329748034477234,
            -0.8458887338638306,
            -0.1976436972618103
        ],
        [
            0.14175836741924286,
            -0.8431721925735474,
            -0.19743070006370544
        ],
        [
            0.14230875670909882,
            -0.8369150757789612,
            -0.19064801931381226
        ],
        [
            0.14437980949878693,
            -0.8386688232421875,
            -0.19167105853557587
        ],
        [
            0.13873247802257538,
            -0.8406268358230591,
            -0.19375622272491455
        ],
        [
            0.13795030117034912,
            -0.8382307887077332,
            -0.1920974850654602
        ],
        [
            0.15862029790878296,
            -0.8295602798461914,
            -0.1781834065914154
        ],
        [
            0.15291884541511536,
            -0.8315753936767578,
            -0.18159182369709015
        ],
        [
            0.1530683934688568,
            -0.8281986713409424,
            -0.17920203506946564
        ],
        [
            0.1591498851776123,
            -0.8229947090148926,
            -0.17607873678207397
        ],
        [
            0.14226917922496796,
            -0.8216574788093567,
            -0.18121743202209473
        ],
        [
            0.1476038694381714,
            -0.8223620057106018,
            -0.17983552813529968
        ],
        [
            0.1443878412246704,
            -0.8290679454803467,
            -0.1832469403743744
        ],
        [
            0.14054559171199799,
            -0.8285269737243652,
            -0.1843756139278412
        ],
        [
            0.1363077312707901,
            -0.8286945819854736,
            -0.18506306409835815
        ],
        [
            0.13204368948936462,
            -0.8295825719833374,
            -0.18506070971488953
        ],
        [
            0.1314329355955124,
            -0.8246890902519226,
            -0.18293213844299316
        ],
        [
            0.13655637204647064,
            -0.8227864503860474,
            -0.18236413598060608
        ],
        [
            0.13241493701934814,
            -0.8432108163833618,
            -0.19345009326934814
        ],
        [
            0.1258021891117096,
            -0.8445574045181274,
            -0.1909070611000061
        ],
        [
            0.12664544582366943,
            -0.8415040373802185,
            -0.18979007005691528
        ],
        [
            0.13216866552829742,
            -0.8401564359664917,
            -0.1922350823879242
        ],
        [
            0.11786536127328873,
            -0.8394389152526855,
            -0.180193230509758
        ],
        [
            0.1190844252705574,
            -0.8411903381347656,
            -0.18230397999286652
        ],
        [
            0.1156914234161377,
            -0.8432174324989319,
            -0.18283194303512573
        ],
        [
            0.11431476473808289,
            -0.8394094705581665,
            -0.180387482047081
        ],
        [
            0.1158076673746109,
            -0.8359277844429016,
            -0.180101215839386
        ],
        [
            0.11856116354465485,
            -0.8373991250991821,
            -0.1803865134716034
        ],
        [
            0.14889703691005707,
            -0.8977643251419067,
            -0.20620355010032654
        ],
        [
            0.13804955780506134,
            -0.8818295001983643,
            -0.2079206258058548
        ],
        [
            0.16567982733249664,
            -0.8896071910858154,
            -0.1973681002855301
        ],
        [
            0.17625144124031067,
            -0.8795177936553955,
            -0.18642079830169678
        ],
        [
            0.18368935585021973,
            -0.8666534423828125,
            -0.1758364737033844
        ],
        [
            0.14423280954360962,
            -0.772314190864563,
            -0.1570320725440979
        ],
        [
            0.14591552317142487,
            -0.7648733854293823,
            -0.14893174171447754
        ],
        [
            0.1582767218351364,
            -0.7721768617630005,
            -0.14214910566806793
        ],
        [
            0.15642905235290527,
            -0.7641153335571289,
            -0.1336430311203003
        ],
        [
            0.14381065964698792,
            -0.7567325830459595,
            -0.1414942741394043
        ],
        [
            0.12977218627929688,
            -0.7434185743331909,
            -0.12996146082878113
        ],
        [
            0.13845251500606537,
            -0.7490286827087402,
            -0.1350136399269104
        ],
        [
            0.15233370661735535,
            -0.7572500705718994,
            -0.12391334772109985
        ],
        [
            0.1663830280303955,
            -0.7698123455047607,
            -0.11551401019096375
        ],
        [
            0.1676865965127945,
            -0.774155855178833,
            -0.12687185406684875
        ],
        [
            0.1770605444908142,
            -0.7860105633735657,
            -0.10940331220626831
        ],
        [
            0.16510410606861115,
            -0.7663854360580444,
            -0.10077202320098877
        ],
        [
            0.17731024324893951,
            -0.7875766754150391,
            -0.09993867576122284
        ],
        [
            0.14505887031555176,
            -0.7356762886047363,
            -0.09008730947971344
        ],
        [
            0.14671780169010162,
            -0.7259024381637573,
            -0.08322495222091675
        ],
        [
            0.1607622504234314,
            -0.7328017950057983,
            -0.07352415472269058
        ],
        [
            0.16053621470928192,
            -0.7423293590545654,
            -0.08125327527523041
        ],
        [
            0.1672925055027008,
            -0.7799117565155029,
            -0.13711223006248474
        ],
        [
            0.179997056722641,
            -0.8370891809463501,
            -0.16338738799095154
        ],
        [
            0.1722743809223175,
            -0.8357548713684082,
            -0.17278969287872314
        ],
        [
            0.18052196502685547,
            -0.8254331350326538,
            -0.15717673301696777
        ],
        [
            0.20046693086624146,
            -0.8956854343414307,
            -0.16477864980697632
        ],
        [
            0.1892072856426239,
            -0.8891052007675171,
            -0.17820695042610168
        ],
        [
            0.19447939097881317,
            -0.8743504285812378,
            -0.16902393102645874
        ],
        [
            0.20515131950378418,
            -0.8824540376663208,
            -0.1578323096036911
        ],
        [
            0.17868272960186005,
            -0.9336758852005005,
            -0.17548081278800964
        ],
        [
            0.16546213626861572,
            -0.9173967838287354,
            -0.19405141472816467
        ],
        [
            0.17709417641162872,
            -0.904768168926239,
            -0.18687881529331207
        ],
        [
            0.1893194019794464,
            -0.9169749021530151,
            -0.17242272198200226
        ],
        [
            0.21162736415863037,
            -0.8861011266708374,
            -0.14669427275657654
        ],
        [
            0.21909120678901672,
            -0.8909978866577148,
            -0.13033047318458557
        ],
        [
            0.22086620330810547,
            -0.9085911512374878,
            -0.12798655033111572
        ],
        [
            0.2111944556236267,
            -0.9045184850692749,
            -0.14803560078144073
        ],
        [
            0.21572217345237732,
            -0.9321732521057129,
            -0.12436096370220184
        ],
        [
            0.2042819857597351,
            -0.9274791479110718,
            -0.1489066630601883
        ],
        [
            0.17623022198677063,
            -0.777667760848999,
            -0.08479055762290955
        ],
        [
            0.18206501007080078,
            -0.7949583530426025,
            -0.08927929401397705
        ],
        [
            0.16003963351249695,
            -0.753624439239502,
            -0.09123965352773666
        ],
        [
            0.17206114530563354,
            -0.7629581093788147,
            -0.07897794991731644
        ],
        [
            0.20361663401126862,
            -0.9524558782577515,
            -0.1189245954155922
        ],
        [
            0.19142335653305054,
            -0.9479628205299377,
            -0.1488427221775055
        ],
        [
            0.22215890884399414,
            -0.8838834166526794,
            -0.07568565011024475
        ],
        [
            0.2253333181142807,
            -0.8979260921478271,
            -0.08949171006679535
        ],
        [
            0.2229270040988922,
            -0.8809559345245361,
            -0.10144387930631638
        ],
        [
            0.2207365334033966,
            -0.8699867725372314,
            -0.08714155852794647
        ],
        [
            0.21925398707389832,
            -0.8987759351730347,
