{
    "pred_cam": [
        1.5256961584091187,
        0.05765014886856079,
        0.3473493158817291
    ],
    "pred_smpl_params": {
        "global_orient": [
            [
                [
                    -0.8221679925918579,
                    0.09146733582019806,
                    -0.5618482232093811
                ],
                [
                    0.04910890758037567,
                    -0.9719294905662537,
                    -0.23008981347084045
                ],
                [
                    -0.5671226382255554,
                    -0.21676424145698547,
                    0.7945974469184875
                ]
            ]
        ],
        "body_pose": [
            [
                [
                    0.9988967776298523,
                    -0.014465688727796078,
                    -0.04467693343758583
                ],
                [
                    0.021366983652114868,
                    0.9871935248374939,
                    0.15808989107608795
                ],
                [
                    0.04181789979338646,
                    -0.15887008607387543,
                    0.9864135384559631
                ]
            ],
            [
                [
                    0.9901584982872009,
                    -0.035154204815626144,
                    -0.1354629546403885
                ],
                [
                    0.033354733139276505,
                    0.9993228912353516,
                    -0.015531382523477077
                ],
                [
                    0.13591721653938293,
                    0.010860200971364975,
                    0.9906606078147888
                ]
            ],
            [
                [
                    0.9945580363273621,
                    0.011888359673321247,
                    0.10350296646356583
                ],
                [
                    0.0015516706043854356,
                    0.9916676878929138,
                    -0.12881289422512054
                ],
                [
                    -0.10417192429304123,
                    0.12827251851558685,
                    0.9862526059150696
                ]
            ],
            [
                [
                    0.9968308210372925,
                    0.01836259849369526,
                    -0.07740295678377151
                ],
                [
                    -0.0385429672896862,
                    0.9626474380493164,
                    -0.26800069212913513
                ],
                [
                    0.06959055364131927,
                    0.27013465762138367,
                    0.9603043794631958
                ]
            ],
            [
                [
                    0.9665818810462952,
                    -0.25599294900894165,
                    -0.013679586350917816
                ],
                [
                    0.20044152438640594,
                    0.7879418730735779,
                    -0.5822120308876038
                ],
                [
                    0.15982088446617126,
                    0.5600135922431946,
                    0.812921941280365
                ]
            ],
            [
                [
                    0.9958662986755371,
                    0.021992117166519165,
                    0.08812857419252396
                ],
                [
                    -0.015147109515964985,
                    0.9968695044517517,
                    -0.07759997248649597
                ],
                [
                    -0.08955927938222885,
                    0.07594430446624756,
                    0.9930818676948547
                ]
            ],
            [
                [
                    0.9868891835212708,
                    0.030408114194869995,
                    0.15850909054279327
                ],
                [
                    -0.031388383358716965,
                    0.9995004534721375,
                    0.0036837870720773935
                ],
                [
                    -0.15831789374351501,
                    -0.008610830642282963,
                    0.9873506426811218
                ]
            ],
            [
                [
                    0.9840880036354065,
                    0.08492830395698547,
                    -0.15607039630413055
                ],
                [
                    -0.06530793011188507,
                    0.9897748827934265,
                    0.12680917978286743
                ],
                [
                    0.16524425148963928,
                    -0.11459875851869583,
                    0.979572057723999
                ]
            ],
            [
                [
                    0.9962632656097412,
                    0.013077140785753727,
                    0.08537299931049347
                ],
                [
                    -0.009408220648765564,
                    0.999020516872406,
                    -0.043236926198005676
                ],
                [
                    -0.08585479855537415,
                    0.04227215051651001,
                    0.9954105019569397
                ]
            ],
            [
                [
                    0.9930915236473083,
                    -0.11019400507211685,
                    0.04032944142818451
                ],
                [
                    0.10812313109636307,
                    0.9928609132766724,
                    0.05036364495754242
                ],
                [
                    -0.04559129849076271,
                    -0.04565516486763954,
                    0.9979162812232971
                ]
            ],
            [
                [
                    0.9968158006668091,
                    -0.03110206313431263,
                    -0.07342216372489929
                ],
                [
                    0.03326358646154404,
                    0.9990429282188416,
                    0.028402293100953102
                ],
                [
                    0.07246852666139603,
                    -0.03075413964688778,
                    0.9968963265419006
                ]
            ],
            [
                [
                    0.986648678779602,
                    0.03908056020736694,
                    0.15810471773147583
                ],
                [
                    -0.024522118270397186,
                    0.9953635931015015,
                    -0.09300576895475388
                ],
                [
                    -0.1610063761472702,
                    0.08788695931434631,
                    0.9830325245857239
                ]
            ],
            [
                [
                    0.9441326260566711,
                    0.28317752480506897,
                    -0.16859441995620728
                ],
                [
                    -0.276000440120697,
                    0.9589515924453735,
                    0.06508221477270126
                ],
                [
                    0.18010368943214417,
                    -0.014914106577634811,
                    0.9835346341133118
                ]
            ],
            [
                [
                    0.9136772751808167,
                    -0.30093705654144287,
                    0.27318620681762695
                ],
                [
                    0.30130884051322937,
                    0.9526163935661316,
                    0.04165131226181984
                ],
                [
                    -0.27277612686157227,
                    0.04425756633281708,
                    0.9610589742660522
                ]
            ],
            [
                [
                    0.9948472380638123,
                    0.08730268478393555,
                    0.051548175513744354
                ],
                [
                    -0.05859564617276192,
                    0.9100300073623657,
                    -0.41038018465042114
                ],
                [
                    -0.08273767679929733,
                    0.4052450954914093,
                    0.9104564189910889
                ]
            ],
            [
                [
                    0.5133334398269653,
                    0.7247973680496216,
                    -0.4595188796520233
                ],
                [
                    -0.8154720664024353,
                    0.5787931680679321,
                    0.001955816987901926
                ],
                [
                    0.26738396286964417,
                    0.37372079491615295,
                    0.8881658911705017
                ]
            ],
            [
                [
                    0.4838431775569916,
                    -0.7421414852142334,
                    0.4638122320175171
                ],
                [
                    0.7752861976623535,
                    0.6093420386314392,
                    0.16623349487781525
                ],
                [
                    -0.4059890806674957,
                    0.27915626764297485,
                    0.8701980113983154
                ]
            ],
            [
                [
                    -0.07057163119316101,
                    -0.4048931896686554,
                    -0.911636471748352
                ],
                [
                    0.007084740325808525,
                    0.9136886596679688,
                    -0.40635305643081665
                ],
                [
                    0.9974815249443054,
                    -0.03513571247458458,
                    -0.06161193549633026
                ]
            ],
            [
                [
                    0.11615131050348282,
                    0.3307305872440338,
                    0.9365501403808594
                ],
                [
                    -0.1669723242521286,
                    0.9360146522521973,
                    -0.3098335266113281
                ],
                [
                    -0.9790961146354675,
                    -0.12039037048816681,
                    0.16394218802452087
                ]
            ],
            [
                [
                    0.9864272475242615,
                    -0.13865521550178528,
                    -0.08795517683029175
                ],
                [
                    0.15119273960590363,
                    0.9759319424629211,
                    0.15715494751930237
                ],
                [
                    0.0640479102730751,
                    -0.16832008957862854,
                    0.983649492263794
                ]
            ],
            [
                [
                    0.985168993473053,
                    0.15190018713474274,
                    0.07980252057313919
                ],
                [
                    -0.15689396858215332,
                    0.9857590794563293,
                    0.06052537262439728
                ],
                [
                    -0.06947224587202072,
                    -0.07214824855327606,
                    0.994971513748169
                ]
            ],
            [
                [
                    0.9759345054626465,
                    0.20243453979492188,
                    -0.08106821775436401
                ],
                [
                    -0.1936180740594864,
                    0.9754498600959778,
                    0.1049264520406723
                ],
                [
                    0.10031872987747192,
                    -0.08670508116483688,
                    0.9911701679229736
                ]
            ],
            [
                [
                    0.9755035638809204,
                    -0.21555237472057343,
                    0.04393112659454346
                ],
                [
                    0.20938809216022491,
                    0.9710459113121033,
                    0.11500683426856995
                ],
                [
                    -0.06744913011789322,
                    -0.10299092531204224,
                    0.9923928380012512
                ]
            ]
        ],
        "betas": [
            -0.2747144103050232,
            -0.3132766783237457,
            0.31083229184150696,
            0.5137714147567749,
            0.2573557496070862,
            -0.04721631854772568,
            -0.013347148895263672,
            -0.09284433722496033,
            0.010445192456245422,
            -0.08664122223854065
        ]
    },
    "pred_cam_t": [
        0.05765014886856079,
        0.3473493158817291,
        25.603065490722656
    ],
    "focal_length": [
        5000.0,
        5000.0
    ],
    "pred_keypoints_3d": [
        [
            -0.14665734767913818,
            -0.7822132110595703,
            0.013329748064279556
        ],
        [
            0.014792459085583687,
            -0.7295302152633667,
            -0.059642575681209564
        ],
        [
            0.11899769306182861,
            -0.6537026762962341,
            0.09837333112955093
        ],
        [
            0.08230066299438477,
            -0.4287448227405548,
            0.19598174095153809
        ],
        [
            -0.15469686686992645,
            -0.48099660873413086,
            0.24716562032699585
        ],
        [
            -0.10229586809873581,
            -0.6214328408241272,
            -0.17956498265266418
        ],
        [
            -0.16764730215072632,
            -0.37630313634872437,
            -0.1700107753276825
        ],
        [
            -0.23173654079437256,
            -0.44958701729774475,
            0.05184851586818695
        ],
        [
            -0.0018146680667996407,
            -0.22755767405033112,
            0.029037751257419586
        ],
        [
            0.048313532024621964,
            -0.14213451743125916,
            0.08427400887012482
        ],
        [
            0.041901543736457825,
            0.22168481349945068,
            0.16243286430835724
        ],
        [
            0.019990457221865654,
            0.5423568487167358,
            -0.05264861881732941
        ],
        [
            -0.06422246247529984,
            -0.13384747505187988,
            0.0038907602429389954
        ],
        [
            -0.1579417586326599,
            0.20369598269462585,
            0.10312345623970032
        ],
        [
            -0.1383732110261917,
            0.5891997814178467,
            0.11727887392044067
        ],
        [
            -0.12440582364797592,
            -0.8360869884490967,
            0.030073493719100952
        ],
        [
            -0.15334844589233398,
            -0.8258125185966492,
            -0.02866464853286743
        ],
        [
            -0.024431362748146057,
            -0.8691115379333496,
            0.022574424743652344
        ],
        [
            -0.09125757217407227,
            -0.846745491027832,
            -0.10720743238925934
        ],
        [
            -0.2506651282310486,
            0.6225042343139648,
            0.27777567505836487
        ],
        [
            -0.27623996138572693,
            0.6352455019950867,
            0.1989457756280899
        ],
        [
            -0.10980178415775299,
            0.6284379363059998,
            0.07106341421604156
        ],
        [
            -0.04209154099225998,
            0.6452057361602783,
            0.10319647192955017
        ],
        [
            0.04057589918375015,
            0.6482855081558228,
            0.07639411091804504
        ],
        [
            0.03635714203119278,
            0.5634028315544128,
            -0.11721798777580261
        ],
        [
            0.054005496203899384,
            0.4927733838558197,
            -0.04589250683784485
        ],
        [
            0.044032543897628784,
            0.15913045406341553,
            0.16005226969718933
        ],
        [
            0.12773525714874268,
            -0.26414942741394043,
            0.1003270149230957
        ],
        [
            -0.10799666494131088,
            -0.23112764954566956,
            -0.07748477160930634
        ],
        [
            -0.159335196018219,
            0.16317127645015717,
            0.08584626764059067
        ],
        [
            -0.1318122148513794,
            0.5571940541267395,
            0.08819517493247986
        ],
        [
            -0.13268783688545227,
            -0.5053867101669312,
            0.22576066851615906
        ],
        [
            0.07904858142137527,
            -0.46614181995391846,
            0.22099432349205017
        ],
        [
            0.09814298152923584,
            -0.6813228130340576,
            0.06615713983774185
        ],
        [
            -0.0799274668097496,
            -0.6518526673316956,
            -0.16799871623516083
        ],
        [
            -0.20091675221920013,
            -0.4189201593399048,
            -0.17430341243743896
        ],
        [
            -0.22856563329696655,
            -0.4643237292766571,
            0.031525615602731705
        ],
        [
            0.005006099119782448,
            -0.7212314605712891,
            -0.054425887763500214
        ],
        [
            -0.09568850696086884,
            -0.898936927318573,
            -0.03582325205206871
        ],
        [
            0.009331450797617435,
            -0.24767807126045227,
            0.010536127723753452
        ],
        [
            0.009708051569759846,
            -0.6638367176055908,
            -0.04845108091831207
        ],
        [
            0.033552564680576324,
            -0.48887568712234497,
            -0.04124246537685394
        ],
        [
            -0.0782792791724205,
            -0.7853167057037354,
            -0.02705896459519863
        ],
        [
            -0.09561162441968918,
            -0.9189004302024841,
            -0.03498239070177078
        ]
    ],
    "pred_vertices": [
        [
            -0.17976009845733643,
            -0.8665796518325806,
            -0.03706347942352295
        ],
        [
            -0.17614252865314484,
            -0.8518248796463013,
            -0.029181892052292824
        ],
        [
            -0.17203158140182495,
            -0.8503796458244324,
            -0.04313044250011444
        ],
        [
            -0.1717035472393036,
            -0.8625984191894531,
            -0.05217833071947098
        ],
        [
            -0.17100022733211517,
            -0.8402469158172607,
            -0.037208955734968185
        ],
        [
            -0.17241838574409485,
            -0.8406169414520264,
            -0.02504005841910839
        ],
        [
            -0.16414910554885864,
            -0.847472608089447,
            -0.05404113978147507
        ],
        [
            -0.1612754464149475,
            -0.856891930103302,
            -0.06347563862800598
        ],
        [
            -0.14212560653686523,
            -0.8184125423431396,
            -0.06585991382598877
        ],
        [
            -0.13429848849773407,
            -0.817347526550293,
            -0.0739208459854126
        ],
        [
            -0.14068721234798431,
            -0.8279377818107605,
            -0.07246537506580353
        ],
        [
            -0.14613428711891174,
            -0.8264821767807007,
            -0.06378938257694244
        ],
        [
            -0.1279376745223999,
            -0.796679675579071,
            -0.06725487112998962
        ],
        [
            -0.12805160880088806,
            -0.7860983610153198,
            -0.05825900286436081
        ],
        [
            -0.11747166514396667,
            -0.7813726663589478,
            -0.06488697975873947
        ],
        [
            -0.11573745310306549,
            -0.7919284105300903,
            -0.07329937070608139
        ],
        [
            -0.1386282742023468,
            -0.7951443195343018,
            -0.018584908917546272
        ],
        [
            -0.137422114610672,
            -0.7886648178100586,
            -0.02414781227707863
        ],
        [
            -0.1413746178150177,
            -0.7942714691162109,
            -0.027644194662570953
        ],
        [
            -0.1416395902633667,
            -0.8002359867095947,
            -0.021605322137475014
        ],
        [
            -0.14366495609283447,
            -0.8029597997665405,
            -0.007269829511642456
        ],
        [
            -0.1437901258468628,
            -0.8089913725852966,
            -0.009407991543412209
        ],
        [
            -0.1475134789943695,
            -0.8112540245056152,
            -0.0027840547263622284
        ],
        [
            -0.14832642674446106,
            -0.8040747046470642,
            -0.0009817294776439667
        ],
        [
            -0.1339310258626938,
            -0.7913526296615601,
            -0.014081627130508423
        ],
        [
            -0.13240209221839905,
            -0.7849326133728027,
            -0.02013191394507885
        ],
        [
            -0.1401844024658203,
            -0.8003450632095337,
            -0.013574641197919846
        ],
        [
            -0.13909196853637695,
            -0.7959350347518921,
            -0.010993067175149918
        ],
        [
            -0.14391806721687317,
            -0.7868984937667847,
            -0.004173345863819122
        ],
        [
            -0.1453951597213745,
            -0.791404128074646,
            -0.006065940484404564
        ],
        [
            -0.14997082948684692,
            -0.790278971195221,
            2.9575079679489136e-05
        ],
        [
            -0.14656853675842285,
            -0.7857485413551331,
            0.0007027089595794678
        ],
        [
            -0.1371324360370636,
            -0.7893258333206177,
            -0.010868579149246216
        ],
        [
            -0.14092564582824707,
            -0.7908399701118469,
            -0.010015524923801422
        ],
        [
            -0.1402103304862976,
            -0.7870230674743652,
            -0.006887007504701614
        ],
        [
            -0.13598096370697021,
            -0.7865437269210815,
            -0.007078917697072029
        ],
        [
            -0.1437428593635559,
            -0.798177182674408,
            -0.005754463374614716
        ],
        [
            -0.14917489886283875,
            -0.7976261377334595,
            -0.00010714307427406311
        ],
        [
            -0.15387216210365295,
            -0.7968443632125854,
            0.0065766312181949615
        ],
        [
            -0.15339863300323486,
            -0.787943959236145,
            0.0070732757449150085
        ],
        [
            -0.13096871972084045,
            -0.7773026823997498,
            -0.037147264927625656
        ],
        [
            -0.13524483144283295,
            -0.7825793027877808,
            -0.030698366463184357
        ],
        [
            -0.13090315461158752,
            -0.7793046236038208,
            -0.026178915053606033
        ],
        [
            -0.12823787331581116,
            -0.7747201919555664,
            -0.03180810064077377
        ],
        [
            -0.1322409212589264,
            -0.7850029468536377,
            -0.009616801515221596
        ],
        [
            -0.12724405527114868,
            -0.7703931331634521,
            -0.013221291825175285
        ],
        [
            -0.12907129526138306,
            -0.7736178636550903,
            -0.013314146548509598
        ],
        [
            -0.13019034266471863,
            -0.7737482786178589,
            -0.006193999201059341
        ],
        [
            -0.1286039650440216,
            -0.7706955671310425,
            -0.006772153079509735
        ],
        [
            -0.11971969157457352,
            -0.7672510147094727,
            -0.04581659287214279
        ],
        [
            -0.1203746497631073,
            -0.7656244039535522,
            -0.038787126541137695
        ],
        [
            -0.11553724855184555,
            -0.7604062557220459,
            -0.04043065384030342
        ],
        [
            -0.1130056157708168,
            -0.7616027593612671,
            -0.04741859808564186
        ],
        [
            -0.11135503649711609,
            -0.7561997175216675,
            -0.03874596208333969
        ],
        [
            -0.10659939795732498,
            -0.7563403248786926,
            -0.047593291848897934
        ],
        [
            -0.0971389189362526,
            -0.7450909614562988,
            -0.039378535002470016
        ],
        [
            -0.10140076279640198,
            -0.7500913143157959,
            -0.04369848594069481
        ],
        [
            -0.10767991840839386,
            -0.7517082691192627,
            -0.03507058322429657
        ],
        [
            -0.10581357777118683,
            -0.7467515468597412,
            -0.028969772160053253
        ],
        [
            -0.10953035205602646,
            -0.7493442296981812,
            -0.014658985659480095
        ],
        [
            -0.10871332138776779,
            -0.7481569647789001,
            -0.008547499775886536
        ],
        [
            -0.10373058170080185,
            -0.7374908328056335,
            -0.013634787872433662
        ],
        [
            -0.10492509603500366,
            -0.7410444021224976,
            -0.020877206698060036
        ],
        [
            -0.12119026482105255,
            -0.766968846321106,
            -0.01496281661093235
        ],
        [
            -0.12051750719547272,
            -0.7675796747207642,
            -0.019658146426081657
        ],
        [
            -0.12309487164020538,
            -0.7678699493408203,
            -0.018928958103060722
        ],
        [
            -0.12457744032144547,
            -0.7681665420532227,
            -0.0138607919216156
        ],
        [
            -0.12026981264352798,
            -0.7676364183425903,
            -0.02359909564256668
        ],
        [
            -0.12018054723739624,
            -0.7674976587295532,
            -0.025389788672327995
        ],
        [
            -0.1216328889131546,
            -0.7681313753128052,
            -0.024704622104763985
        ],
        [
            -0.12098532170057297,
            -0.7680132985115051,
            -0.023397700861096382
        ],
        [
            -0.12061309814453125,
            -0.7677420973777771,
            -0.021375400945544243
        ],
        [
            -0.11976367980241776,
            -0.7660102844238281,
            -0.020355263724923134
        ],
        [
            -0.12005122750997543,
            -0.7668358087539673,
            -0.02263709157705307
        ],
        [
            -0.12034661322832108,
            -0.7646450400352478,
            -0.016033386811614037
        ],
        [
            -0.12051640450954437,
            -0.7614766359329224,
            -0.0016108937561511993
        ],
        [
            -0.12131115794181824,
            -0.7618149518966675,
            -0.005588626489043236
        ],
        [
            -0.12173813581466675,
            -0.7663361430168152,
            -0.004585627466440201
        ],
        [
            -0.12127729505300522,
            -0.766251802444458,
            -0.0011449381709098816
        ],
        [
            -0.12316326797008514,
            -0.7692428827285767,
            -0.022439835593104362
        ],
        [
            -0.12451522052288055,
            -0.7704824209213257,
            -0.02488209865987301
        ],
        [
            -0.12699854373931885,
            -0.7719783782958984,
            -0.020082533359527588
        ],
        [
            -0.1249113380908966,
            -0.7699799537658691,
            -0.019276781007647514
        ],
        [
            -0.12627321481704712,
            -0.7717293500900269,
            -0.027495883405208588
        ],
        [
            -0.12251059710979462,
            -0.7691640853881836,
            -0.026978380978107452
        ],
        [
            -0.12353077530860901,
            -0.7695633172988892,
            -0.02991996333003044
        ],
        [
            -0.11922954767942429,
            -0.7660170793533325,
            -0.024915408343076706
        ],
        [
            -0.1183059960603714,
            -0.7648013830184937,
            -0.02798164077103138
        ],
        [
            -0.12048442661762238,
            -0.7666226625442505,
            -0.028055138885974884
        ],
        [
            -0.11657803505659103,
            -0.7619704008102417,
            -0.026051398366689682
        ],
        [
            -0.11837328970432281,
            -0.7642359733581543,
            -0.02231595851480961
        ],
        [
            -0.11853832751512527,
            -0.7619413137435913,
            -0.01805735006928444
        ],
        [
            -0.11887498199939728,
            -0.7596937417984009,
            -0.012561414390802383
        ],
        [
            -0.11522574722766876,
            -0.7563278675079346,
            -0.016028542071580887
        ],
        [
            -0.11574752628803253,
            -0.7588938474655151,
            -0.021792922168970108
        ],
        [
            -0.12877541780471802,
            -0.7754714488983154,
            -0.02210278995335102
        ],
        [
            -0.12032811343669891,
            -0.7661676406860352,
            -0.032678768038749695
        ],
        [
            -0.12461307644844055,
            -0.7711394429206848,
            -0.03569648787379265
        ],
        [
            -0.11727839708328247,
            -0.7623997926712036,
            -0.03311038017272949
        ],
        [
            -0.11428176611661911,
            -0.7588851451873779,
            -0.031428076326847076
        ],
        [
            -0.11221238970756531,
            -0.7553459405899048,
            -0.027219919487833977
        ],
        [
            -0.11082050949335098,
            -0.7519815564155579,
            -0.021083669736981392
        ],
        [
            -0.09192062169313431,
            -0.7336398363113403,
            -0.020499255508184433
        ],
        [
            -0.09496640413999557,
            -0.7383393049240112,
            -0.029281899333000183
        ],
        [
            -0.1658715009689331,
            -0.8349957466125488,
            -0.024692991748452187
        ],
        [
            -0.1668432354927063,
            -0.8339998722076416,
            -0.033674679696559906
        ],
        [
            -0.15946081280708313,
            -0.8289967775344849,
            -0.036428652703762054
        ],
        [
            -0.16127410531044006,
            -0.830810546875,
            -0.038140829652547836
        ],
        [
            -0.16243983805179596,
            -0.8314633369445801,
            -0.031839799135923386
        ],
        [
            -0.16024506092071533,
            -0.829335629940033,
            -0.03179110959172249
        ],
        [
            -0.14904800057411194,
            -0.8268235921859741,
            -0.0556410551071167
        ],
        [
            -0.15154708921909332,
            -0.8272795081138611,
            -0.049123190343379974
        ],
        [
            -0.14875170588493347,
            -0.8246169686317444,
            -0.0500844307243824
        ],
        [
            -0.14638154208660126,
            -0.8209850788116455,
            -0.057633135467767715
        ],
        [
            -0.14792487025260925,
            -0.8161685466766357,
            -0.04068806394934654
        ],
        [
            -0.14769518375396729,
            -0.8180198669433594,
            -0.04588836804032326
        ],
        [
            -0.15123522281646729,
            -0.8232874870300293,
            -0.04117688164114952
        ],
        [
            -0.15153399109840393,
            -0.8219187259674072,
            -0.03743087500333786
        ],
        [
            -0.15136224031448364,
            -0.8212364912033081,
            -0.03327348828315735
        ],
        [
            -0.15079271793365479,
            -0.8213886022567749,
            -0.028802525252103806
        ],
        [
            -0.14788508415222168,
            -0.8168751001358032,
            -0.02960818260908127
        ],
        [
            -0.14803406596183777,
            -0.8160095810890198,
            -0.03501519560813904
        ],
        [
            -0.16116763651371002,
            -0.832902193069458,
            -0.02558896876871586
        ],
        [
            -0.15788929164409637,
            -0.8334915637969971,
            -0.019006939604878426
        ],
        [
            -0.15626007318496704,
            -0.8309371471405029,
            -0.020795371383428574
        ],
        [
            -0.15943649411201477,
            -0.8302754163742065,
            -0.02607032284140587
        ],
        [
            -0.1451602280139923,
            -0.8290430307388306,
            -0.01393808238208294
        ],
        [
            -0.14770933985710144,
            -0.8305347561836243,
            -0.014493612572550774
        ],
        [
            -0.14785978198051453,
            -0.8318840265274048,
            -0.010765500366687775
        ],
        [
            -0.1446998119354248,
            -0.8284309506416321,
            -0.010538097470998764
        ],
        [
            -0.14420437812805176,
            -0.8253985643386841,
            -0.012624397873878479
        ],
        [
            -0.14518919587135315,
            -0.8272005319595337,
            -0.014959903433918953
        ],
        [
            -0.18444061279296875,
            -0.88768070936203,
            -0.02880578301846981
        ],
        [
            -0.18228524923324585,
            -0.8700040578842163,
            -0.021613743156194687
        ],
        [
            -0.17775696516036987,
            -0.8840554356575012,
            -0.04817179590463638
        ],
        [
            -0.1673157513141632,
            -0.8775358200073242,
            -0.0621279776096344
        ],
        [
            -0.15706929564476013,
            -0.8676238059997559,
            -0.07355296611785889
        ],
        [
            -0.11879241466522217,
            -0.7728291749954224,
            -0.05505850911140442
        ],
        [
            -0.11041156947612762,
            -0.767383337020874,
            -0.05904344096779823
        ],
        [
            -0.1068401038646698,
            -0.7773566246032715,
            -0.07083544880151749
        ],
        [
            -0.09788940846920013,
            -0.7705097198486328,
            -0.07128368318080902
        ],
        [
            -0.10212604701519012,
            -0.7603239417076111,
            -0.0590188205242157
        ],
        [
            -0.0877770259976387,
            -0.746107280254364,
            -0.04833679273724556
        ],
        [
            -0.09457077085971832,
            -0.7527621984481812,
            -0.055472906678915024
        ],
        [
            -0.08823244273662567,
            -0.7638250589370728,
            -0.0698021650314331
        ],
        [
            -0.08420512080192566,
            -0.7793886065483093,
            -0.0834183543920517
        ],
        [
            -0.09433771669864655,
            -0.7827980518341064,
            -0.08179353922605515
        ],
        [
            -0.08183932304382324,
            -0.7978143692016602,
            -0.09204478561878204
        ],
        [
            -0.07128632068634033,
            -0.7764195203781128,
            -0.08424873650074005
        ],
        [
            -0.07340596616268158,
            -0.800491452217102,
            -0.09316694736480713
        ],
        [
            -0.06050252914428711,
            -0.7467859983444214,
            -0.0653107613325119
        ],
        [
            -0.05703951418399811,
            -0.7388364672660828,
            -0.06674271821975708
        ],
        [
            -0.05211015045642853,
            -0.7471818923950195,
            -0.08309439569711685
        ],
        [
            -0.05615353584289551,
            -0.7557088732719421,
            -0.08179516345262527
        ],
        [
            -0.10430154204368591,
            -0.7870261669158936,
            -0.07909408956766129
        ],
        [
            -0.1401747316122055,
            -0.8403264284133911,
            -0.07719011604785919
        ],
        [
            -0.14749430119991302,
            -0.8360339403152466,
            -0.06854887306690216
        ],
        [
            -0.13175642490386963,
            -0.8301787376403809,
            -0.08070117980241776
        ],
        [
            -0.15276077389717102,
            -0.9015756249427795,
            -0.08599820733070374
        ],
        [
            -0.16292504966259003,
            -0.890640377998352,
            -0.07386454939842224
        ],
        [
            -0.15301303565502167,
            -0.8788182735443115,
            -0.08344687521457672
        ],
        [
            -0.14520476758480072,
            -0.8903314471244812,
            -0.09366373717784882
        ],
        [
            -0.16515634953975677,
            -0.9331777095794678,
            -0.05534246563911438
        ],
        [
            -0.17850705981254578,
            -0.9115673303604126,
            -0.043042853474617004
        ],
        [
            -0.17204302549362183,
            -0.9028683304786682,
            -0.05818057432770729
        ],
        [
            -0.1611425131559372,
            -0.9192126989364624,
            -0.06969384849071503
        ],
        [
            -0.13553498685359955,
            -0.8967100381851196,
            -0.10107000172138214
        ],
        [
            -0.12127101421356201,
            -0.9057320356369019,
            -0.10949064046144485
        ],
        [
            -0.12113764882087708,
            -0.923393964767456,
            -0.10824289917945862
        ],
        [
            -0.13943950831890106,
            -0.9148890972137451,
            -0.097093865275383
        ],
        [
            -0.11989594995975494,
            -0.9461984634399414,
            -0.09897419810295105
        ],
        [
            -0.1417122185230255,
            -0.9359896183013916,
            -0.08550520241260529
        ],
        [
            -0.0591074600815773,
            -0.7919496893882751,
            -0.09439001977443695
        ],
        [
            -0.0646316409111023,
            -0.8105382919311523,
            -0.09734544157981873
        ],
        [
            -0.0629241093993187,
            -0.7649285793304443,
            -0.08016384392976761
        ],
        [
            -0.05439995229244232,
            -0.777042031288147,
            -0.09257009625434875
        ],
        [
            -0.11553207039833069,
            -0.9644738435745239,
            -0.08404597640037537
        ],
        [
            -0.1423095315694809,
            -0.9537027478218079,
            -0.06924678385257721
        ],
        [
            -0.06742578744888306,
            -0.9078632593154907,
            -0.12203709781169891
        ],
        [
            -0.082989901304245,
            -0.920261025428772,
            -0.11955927312374115
