{
    "pred_cam": [
        1.1702880859375,
        -0.008956549689173698,
        0.1689818799495697
    ],
    "pred_smpl_params": {
        "global_orient": [
            [
                [
                    0.9745845794677734,
                    0.2237958163022995,
                    -0.010016989894211292
                ],
                [
                    0.22374404966831207,
                    -0.9746292233467102,
                    -0.006035165395587683
                ],
                [
                    -0.011113496497273445,
                    0.0036405371502041817,
                    -0.9999315738677979
                ]
            ]
        ],
        "body_pose": [
            [
                [
                    0.9991223216056824,
                    -0.040520086884498596,
                    -0.010614948347210884
                ],
                [
                    0.0418548546731472,
                    0.9757460355758667,
                    0.21486715972423553
                ],
                [
                    0.0016510565765202045,
                    -0.21512287855148315,
                    0.9765856266021729
                ]
            ],
            [
                [
                    0.9993947148323059,
                    -0.010594125837087631,
                    0.033137839287519455
                ],
                [
                    0.002835020888596773,
                    0.9741395115852356,
                    0.22592975199222565
                ],
                [
                    -0.03467439487576485,
                    -0.2256990224123001,
                    0.9735799431800842
                ]
            ],
            [
                [
                    0.9996901750564575,
                    0.023370543494820595,
                    -0.008562600240111351
                ],
                [
                    -0.024520710110664368,
                    0.98377525806427,
                    -0.17772191762924194
                ],
                [
                    0.004270217381417751,
                    0.177876815199852,
                    0.984043538570404
                ]
            ],
            [
                [
                    0.9919956922531128,
                    0.010951573960483074,
                    -0.12579621374607086
                ],
                [
                    -0.0982002541422844,
                    0.6931904554367065,
                    -0.7140334844589233
                ],
                [
                    0.07938092947006226,
                    0.7206712961196899,
                    0.6887173652648926
                ]
            ],
            [
                [
                    0.9898195862770081,
                    -0.06746906787157059,
                    0.12532030045986176
                ],
                [
                    0.13714002072811127,
                    0.68767249584198,
                    -0.7129510045051575
                ],
                [
                    -0.03807718679308891,
                    0.7228792309761047,
                    0.689924418926239
                ]
            ],
            [
                [
                    0.999911904335022,
                    -0.01256253570318222,
                    0.004283353220671415
                ],
                [
                    0.012474280782043934,
                    0.9997212886810303,
                    0.02004340849816799
                ],
                [
                    -0.0045339553616940975,
                    -0.01998821087181568,
                    0.9997899532318115
                ]
            ],
            [
                [
                    0.9810003638267517,
                    0.03189592435956001,
                    0.19136615097522736
                ],
                [
                    -0.0439118929207325,
                    0.9972987771034241,
                    0.05888080969452858
                ],
                [
                    -0.1889711618423462,
                    -0.06616533547639847,
                    0.9797510504722595
                ]
            ],
            [
                [
                    0.9830142259597778,
                    -0.00925522856414318,
                    -0.18329563736915588
                ],
                [
                    0.01300722174346447,
                    0.999729573726654,
                    0.019277863204479218
                ],
                [
                    0.18306763470172882,
                    -0.021334581077098846,
                    0.9828687906265259
                ]
            ],
            [
                [
                    0.9998875260353088,
                    -0.0081216711550951,
                    -0.012612798251211643
                ],
                [
                    0.007063267752528191,
                    0.9966233372688293,
                    -0.08180472254753113
                ],
                [
                    0.013234601356089115,
                    0.08170641958713531,
                    0.9965686202049255
                ]
            ],
            [
                [
                    0.9904801249504089,
                    -0.11599455773830414,
                    -0.07412368059158325
                ],
                [
                    0.1266448050737381,
                    0.978883683681488,
                    0.16046154499053955
                ],
                [
                    0.05394579470157623,
                    -0.16832135617733002,
                    0.9842549562454224
                ]
            ],
            [
                [
                    0.9938220977783203,
                    0.11076046526432037,
                    0.007059038616716862
                ],
                [
                    -0.11035551130771637,
                    0.979417085647583,
                    0.1690085381269455
                ],
                [
                    0.011805723421275616,
                    -0.16874341666698456,
                    0.9855893850326538
                ]
            ],
            [
                [
                    0.9845025539398193,
                    0.020407510921359062,
                    -0.17417891323566437
                ],
                [
                    -0.014461935497820377,
                    0.9992709159851074,
                    0.03533618897199631
                ],
                [
                    0.17477300763130188,
                    -0.03226960450410843,
                    0.984079897403717
                ]
            ],
            [
                [
                    0.9220342040061951,
                    0.38644030690193176,
                    -0.022735673934221268
                ],
                [
                    -0.38709837198257446,
                    0.9208433628082275,
                    -0.046928003430366516
                ],
                [
                    0.002801126567646861,
                    0.05207016319036484,
                    0.9986395239830017
                ]
            ],
            [
                [
                    0.9207251071929932,
                    -0.3891272246837616,
                    0.02907501347362995
                ],
                [
                    0.3898988366127014,
                    0.920413076877594,
                    -0.02861102856695652
                ],
                [
                    -0.015627695247530937,
                    0.03767920657992363,
                    0.9991676807403564
                ]
            ],
            [
                [
                    0.9889231324195862,
                    -0.03984345495700836,
                    -0.14298121631145477
                ],
                [
                    0.01027247216552496,
                    0.9793602228164673,
                    -0.20186157524585724
                ],
                [
                    0.1480729728937149,
                    0.19815678894519806,
                    0.9689212441444397
                ]
            ],
            [
                [
                    0.4550967812538147,
                    0.8448511362075806,
                    -0.2812712788581848
                ],
                [
                    -0.8848339915275574,
                    0.4644719958305359,
                    -0.03653189539909363
                ],
                [
                    0.09977862238883972,
                    0.2655039131641388,
                    0.9589326977729797
                ]
            ],
            [
                [
                    0.4988177716732025,
                    -0.8311163783073425,
                    0.24581804871559143
                ],
                [
                    0.8630778193473816,
                    0.5022590756416321,
                    -0.053221456706523895
                ],
                [
                    -0.0792311280965805,
                    0.23870790004730225,
                    0.967853844165802
                ]
            ],
            [
                [
                    0.8063332438468933,
                    -0.17726625502109528,
                    -0.564272403717041
                ],
                [
                    0.06389383971691132,
                    0.9745540618896484,
                    -0.21485333144664764
                ],
                [
                    0.5880001783370972,
                    0.1371898502111435,
                    0.7971415519714355
                ]
            ],
            [
                [
                    0.8335968852043152,
                    0.1636423021554947,
                    0.5275769233703613
                ],
                [
                    -0.04422002285718918,
                    0.9718139171600342,
                    -0.2315647304058075
                ],
                [
                    -0.5506004095077515,
                    0.1697021722793579,
                    0.8173373341560364
                ]
            ],
            [
                [
                    0.9994139671325684,
                    -0.022605134174227715,
                    0.025702470913529396
                ],
                [
                    0.02265283651649952,
                    0.9997421503067017,
                    -0.0015665588434785604
                ],
                [
                    -0.025660431012511253,
                    0.002147875027731061,
                    0.9996683597564697
                ]
            ],
            [
                [
                    0.9990440011024475,
                    0.024644628167152405,
                    -0.03610695153474808
                ],
                [
                    -0.026564236730337143,
                    0.9982044696807861,
                    -0.05368660390377045
                ],
                [
                    0.03471903130412102,
                    0.054594431072473526,
                    0.9979048371315002
                ]
            ],
            [
                [
                    0.9642400741577148,
                    0.24296337366104126,
                    -0.10587628185749054
                ],
                [
                    -0.22369450330734253,
                    0.960330069065094,
                    0.16651366651058197
                ],
                [
                    0.1421329230070114,
                    -0.1368752121925354,
                    0.9803383350372314
                ]
            ],
            [
                [
                    0.9702266454696655,
                    -0.2311006337404251,
                    0.07247477024793625
                ],
                [
                    0.21354931592941284,
                    0.9574388265609741,
                    0.19418442249298096
                ],
                [
                    -0.1142663061618805,
                    -0.17292599380016327,
                    0.9782840609550476
                ]
            ]
        ],
        "betas": [
            -0.09746411442756653,
            -0.10437777638435364,
            0.04546231031417847,
            0.13147912919521332,
            0.021866798400878906,
            0.06397274136543274,
            0.010546118021011353,
            -0.10456353425979614,
            0.06512214243412018,
            -0.06045699119567871
        ]
    },
    "pred_cam_t": [
        -0.008956549689173698,
        0.1689818799495697,
        33.37853240966797
    ],
    "focal_length": [
        5000.0,
        5000.0
    ],
    "pred_keypoints_3d": [
        [
            0.08963710814714432,
            -0.7981349229812622,
            -0.18118137121200562
        ],
        [
            0.11782092601060867,
            -0.7174147367477417,
            -0.009851586073637009
        ],
        [
            -0.07937528192996979,
            -0.6624707579612732,
            0.02075159177184105
        ],
        [
            -0.15677809715270996,
            -0.43215101957321167,
            0.09042224287986755
        ],
        [
            -0.22019252181053162,
            -0.20620395243167877,
            -0.004805639386177063
        ],
        [
            0.26851990818977356,
            -0.5827022790908813,
            0.006129977758973837
        ],
        [
            0.22905634343624115,
            -0.33809009194374084,
            0.08151702582836151
        ],
        [
            0.17046980559825897,
            -0.12331259250640869,
            -0.02632114291191101
        ],
        [
            -0.0018362252740189433,
            -0.22418507933616638,
            0.028564661741256714
        ],
        [
            -0.08809356391429901,
            -0.15118178725242615,
            0.033173978328704834
        ],
        [
            -0.20470692217350006,
            0.2022458016872406,
            -0.0458989217877388
        ],
        [
            -0.241927370429039,
            0.5057697296142578,
            0.206265389919281
        ],
        [
            0.04562567174434662,
            -0.1195480227470398,
            0.03421241044998169
        ],
        [
            0.011250980198383331,
            0.2432383894920349,
            -0.04299303889274597
        ],
        [
            -0.05304143577814102,
            0.5397442579269409,
            0.21148279309272766
        ],
        [
            0.08089280128479004,
            -0.8501722812652588,
            -0.1494949460029602
        ],
        [
            0.1397872269153595,
            -0.8318723440170288,
            -0.1737549602985382
        ],
        [
            0.08001639693975449,
            -0.8617426156997681,
            -0.046819865703582764
        ],
        [
            0.2108781337738037,
            -0.8214287757873535,
            -0.09982670843601227
        ],
        [
            -0.07964202016592026,
            0.6772387623786926,
            0.07220882177352905
        ],
        [
            -0.009947966784238815,
            0.6730108261108398,
            0.11816221475601196
        ],
        [
            -0.04691053926944733,
            0.5408753752708435,
            0.2817547917366028
        ],
        [
            -0.2637723982334137,
            0.6453275680541992,
            0.06765452027320862
        ],
        [
            -0.331209659576416,
            0.6141301393508911,
            0.11271011829376221
        ],
        [
            -0.2461879551410675,
            0.5127159357070923,
            0.2788931131362915
        ],
        [
            -0.2558107376098633,
            0.44775280356407166,
            0.20163807272911072
        ],
        [
            -0.18879209458827972,
            0.14385105669498444,
            -0.045318327844142914
        ],
        [
            -0.13881772756576538,
            -0.2890661358833313,
            0.042276330292224884
        ],
        [
            0.1457170695066452,
            -0.20769686996936798,
            0.05235084891319275
        ],
        [
            0.028944097459316254,
            0.2070239782333374,
            -0.04295259341597557
        ],
        [
            -0.03547588735818863,
            0.5003209114074707,
            0.2146684229373932
        ],
        [
            -0.20175254344940186,
            -0.22999562323093414,
            -0.024962112307548523
        ],
        [
            -0.18056702613830566,
            -0.453570157289505,
            0.06439284980297089
        ],
        [
            -0.03757747262716293,
            -0.6873788833618164,
            0.016225092113018036
        ],
        [
            0.2460477203130722,
            -0.6214147806167603,
            0.006397253833711147
        ],
        [
            0.2630459666252136,
            -0.3493901193141937,
            0.043811410665512085
        ],
        [
            0.1786947101354599,
            -0.14050063490867615,
            -0.035771191120147705
        ],
        [
            0.11748644709587097,
            -0.7070881128311157,
            -0.012341086752712727
        ],
        [
            0.15280413627624512,
            -0.8888417482376099,
            -0.10136759281158447
        ],
        [
            0.0041783954948186874,
            -0.2483588010072708,
            0.047200821340084076
        ],
        [
            0.10278502851724625,
            -0.6531144976615906,
            0.007873529568314552
        ],
        [
            0.06415494531393051,
            -0.4863129258155823,
            0.04522509500384331
        ],
        [
            0.12019870430231094,
            -0.7800715565681458,
            -0.10971857607364655
        ],
        [
            0.15555500984191895,
            -0.9094083905220032,
            -0.09608478844165802
        ]
    ],
    "pred_vertices": [
        [
            0.1601981520652771,
            -0.873110294342041,
            -0.18890836834907532
        ],
        [
            0.14928558468818665,
            -0.860266923904419,
            -0.1892731487751007
        ],
        [
            0.1618269979953766,
            -0.8550259470939636,
            -0.18461844325065613
        ],
        [
            0.17300526797771454,
            -0.8648524880409241,
            -0.1802801489830017
        ],
        [
            0.1540754735469818,
            -0.8467164039611816,
            -0.18604883551597595
        ],
        [
            0.14264601469039917,
            -0.8499155044555664,
            -0.18909944593906403
        ],
        [
            0.17081420123577118,
            -0.8486636877059937,
            -0.17601972818374634
        ],
        [
            0.18101581931114197,
            -0.8549824953079224,
            -0.169844850897789
        ],
        [
            0.1727154403924942,
            -0.8145195245742798,
            -0.15936042368412018
        ],
        [
            0.17894887924194336,
            -0.8102715611457825,
            -0.1510867327451706
        ],
        [
            0.1811007857322693,
            -0.8215003609657288,
            -0.1554328352212906
        ],
        [
            0.17331120371818542,
            -0.8231589198112488,
            -0.16199757158756256
        ],
        [
            0.1680518388748169,
            -0.7903729677200317,
            -0.14985454082489014
        ],
        [
            0.15734440088272095,
            -0.7822904586791992,
            -0.153314009308815
        ],
        [
            0.161356121301651,
            -0.7742540836334229,
            -0.14302262663841248
        ],
        [
            0.1711258590221405,
            -0.7822655439376831,
            -0.13836148381233215
        ],
        [
            0.12184439599514008,
            -0.8018462657928467,
            -0.16678141057491302
        ],
        [
            0.1259048581123352,
            -0.7941328287124634,
            -0.1662953794002533
        ],
        [
            0.13100606203079224,
            -0.7995110750198364,
            -0.16836091876029968
        ],
        [
            0.12624666094779968,
            -0.8066898584365845,
            -0.1681540161371231
        ],
        [
            0.1132148876786232,
            -0.8129287362098694,
            -0.1713428497314453
        ],
        [
            0.11655420064926147,
            -0.818295955657959,
            -0.1699112504720688
        ],
        [
            0.1110987439751625,
            -0.8226933479309082,
            -0.17373403906822205
        ],
        [
            0.10801716148853302,
            -0.8162713646888733,
            -0.17631955444812775
        ],
        [
            0.11589163541793823,
            -0.7983957529067993,
            -0.1636672168970108
        ],
        [
            0.12047265470027924,
            -0.7903925180435181,
            -0.1629912406206131
        ],
        [
            0.11812028288841248,
            -0.8083844780921936,
            -0.16778944432735443
        ],
        [
            0.11472909152507782,
            -0.8043891191482544,
            -0.1682044267654419
        ],
        [
            0.10696810483932495,
            -0.7981828451156616,
            -0.1753385066986084
        ],
        [
            0.10984387248754501,
            -0.8023942708969116,
            -0.17554469406604767
        ],
        [
            0.10435201972723007,
            -0.8036095499992371,
            -0.18092992901802063
        ],
        [
            0.10237173736095428,
            -0.7987995743751526,
            -0.17868159711360931
        ],
        [
            0.11271025240421295,
            -0.7979593276977539,
            -0.16755196452140808
        ],
        [
            0.11273664236068726,
            -0.8001954555511475,
            -0.17100510001182556
        ],
        [
            0.10892398655414581,
            -0.7970341444015503,
            -0.17149300873279572
        ],
        [
            0.10848294198513031,
            -0.7957918643951416,
            -0.16753599047660828
        ],
        [
            0.11066277325153351,
            -0.8087209463119507,
            -0.17280423641204834
        ],
        [
            0.10583120584487915,
            -0.8104824423789978,
            -0.1786368191242218
        ],
        [
            0.09999183565378189,
            -0.8121147155761719,
            -0.18415093421936035
        ],
        [
            0.097923643887043,
            -0.8035038709640503,
            -0.1857387125492096
        ],
        [
            0.1356322169303894,
            -0.7789821624755859,
            -0.16068951785564423
        ],
        [
            0.13069921731948853,
            -0.7864559888839722,
            -0.16465911269187927
        ],
        [
            0.1251492202281952,
            -0.78316330909729,
            -0.16197708249092102
        ],
        [
            0.1294885277748108,
            -0.7769597768783569,
            -0.15955187380313873
        ],
        [
            0.11029068380594254,
            -0.7929104566574097,
            -0.16406038403511047
        ],
        [
            0.11060233414173126,
            -0.7767151594161987,
            -0.16176821291446686
        ],
        [
            0.11149385571479797,
            -0.7802222371101379,
            -0.16299381852149963
        ],
        [
            0.10472694039344788,
            -0.782197117805481,
            -0.16484799981117249
        ],
        [
            0.10454650968313217,
            -0.7787476778030396,
            -0.16380855441093445
        ],
        [
            0.14059704542160034,
            -0.7652018666267395,
            -0.15051577985286713
        ],
        [
            0.133578360080719,
            -0.7651432752609253,
            -0.15267831087112427
        ],
        [
            0.13364744186401367,
            -0.7588479518890381,
            -0.1486247181892395
        ],
        [
            0.1403975635766983,
            -0.7580042481422424,
            -0.14472416043281555
        ],
        [
            0.13111910223960876,
            -0.7541508078575134,
            -0.14549130201339722
        ],
        [
            0.13915248215198517,
            -0.7514044046401978,
            -0.13935092091560364
        ],
        [
            0.12838371098041534,
            -0.7405610084533691,
            -0.13321498036384583
        ],
        [
            0.13389627635478973,
            -0.7452400922775269,
            -0.13584141433238983
        ],
        [
            0.12643161416053772,
            -0.749902606010437,
            -0.14330938458442688
        ],
        [
            0.11949490755796432,
            -0.7461668848991394,
            -0.14328034222126007
        ],
        [
            0.10595668107271194,
            -0.7527453899383545,
            -0.14846587181091309
        ],
        [
            0.09949684143066406,
            -0.7527450323104858,
            -0.14880092442035675
        ],
        [
            0.10225079953670502,
            -0.7403576374053955,
            -0.1454295814037323
        ],
        [
            0.11039100587368011,
            -0.742423951625824,
            -0.14453741908073425
        ],
        [
            0.11074566841125488,
            -0.7719312906265259,
            -0.1561022698879242
        ],
        [
            0.11532358080148697,
            -0.7713544964790344,
            -0.15473265945911407
        ],
        [
            0.11499887704849243,
            -0.7723227739334106,
            -0.15729957818984985
        ],
        [
            0.1102970615029335,
            -0.7739793062210083,
            -0.15935051441192627
        ],
        [
            0.11916109919548035,
            -0.7704025506973267,
            -0.15406322479248047
        ],
        [
            0.12083638459444046,
            -0.7698181867599487,
            -0.15383002161979675
        ],
        [
            0.12045051157474518,
            -0.77089524269104,
            -0.15522123873233795
        ],
        [
            0.118905209004879,
            -0.7711038589477539,
            -0.1547650247812271
        ],
        [
            0.11687877774238586,
            -0.7712215781211853,
            -0.1546362042427063
        ],
        [
            0.1154697984457016,
            -0.7696326971054077,
            -0.15420383214950562
        ],
        [
            0.11807147413492203,
            -0.7698222994804382,
            -0.15404316782951355
        ],
        [
            0.11109836399555206,
            -0.7694053649902344,
            -0.1554918885231018
        ],
        [
            0.09667585790157318,
            -0.7693371176719666,
            -0.15841346979141235
        ],
        [
            0.1006561741232872,
            -0.7690067291259766,
            -0.15828484296798706
        ],
        [
            0.1005074754357338,
            -0.7736912965774536,
            -0.15809699892997742
        ],
        [
            0.09721510857343674,
            -0.7742971181869507,
            -0.15827421844005585
        ],
        [
            0.1186361014842987,
            -0.7728738784790039,
            -0.15690065920352936
        ],
        [
            0.12141382694244385,
            -0.7736729383468628,
            -0.1575675904750824
        ],
        [
            0.11732325702905655,
            -0.7767568230628967,
            -0.16025850176811218
        ],
        [
            0.1159590631723404,
            -0.7745764255523682,
            -0.1586577594280243
        ],
        [
            0.124295175075531,
            -0.7747582197189331,
            -0.15873783826828003
        ],
        [
            0.12295597791671753,
            -0.7714879512786865,
            -0.1556798666715622
        ],
        [
            0.12623152136802673,
            -0.771356999874115,
            -0.15632584691047668
        ],
        [
            0.1200333833694458,
            -0.7683150768280029,
            -0.15320779383182526
        ],
        [
            0.12266897410154343,
            -0.7661882638931274,
            -0.15229758620262146
        ],
        [
            0.1233099102973938,
            -0.7683652639389038,
            -0.1540563702583313
        ],
        [
            0.12010040879249573,
            -0.7636519074440002,
            -0.15122534334659576
        ],
        [
            0.11707593500614166,
            -0.7670713663101196,
            -0.15295115113258362
        ],
        [
            0.11254776269197464,
            -0.7659157514572144,
            -0.15395180881023407
        ],
        [
            0.10682964324951172,
            -0.7650636434555054,
            -0.15541812777519226
        ],
        [
            0.10921910405158997,
            -0.7603147029876709,
            -0.15217146277427673
        ],
        [
            0.11533863842487335,
            -0.7615964412689209,
            -0.15139704942703247
        ],
        [
            0.12028578668832779,
            -0.7799317836761475,
            -0.1612270474433899
        ],
        [
            0.12770172953605652,
            -0.7668509483337402,
            -0.15349188446998596
        ],
        [
            0.13214746117591858,
            -0.7718727588653564,
            -0.1562403440475464
        ],
        [
            0.12708953022956848,
            -0.762528121471405,
            -0.151199072599411
        ],
        [
            0.12453217804431915,
            -0.7589703798294067,
            -0.14907582104206085
        ],
        [
            0.11988432705402374,
            -0.7561163902282715,
            -0.1480150818824768
        ],
        [
            0.11294274777173996,
            -0.7541117668151855,
            -0.14822643995285034
        ],
        [
            0.10723565518856049,
            -0.7330666184425354,
            -0.13367176055908203
        ],
        [
            0.1172870397567749,
            -0.7360219955444336,
            -0.13383233547210693
        ],
        [
            0.1400757133960724,
            -0.8438938856124878,
            -0.1838945895433426
        ],
        [
            0.14877676963806152,
            -0.8409428596496582,
            -0.1840158998966217
        ],
        [
            0.14935556054115295,
            -0.8343160152435303,
            -0.17763924598693848
        ],
        [
            0.1514362096786499,
            -0.8361178636550903,
            -0.17858965694904327
        ],
        [
            0.14579294621944427,
            -0.8382585048675537,
            -0.18046092987060547
        ],
        [
            0.14499151706695557,
            -0.8358094692230225,
            -0.1789221167564392
        ],
        [
            0.16578027606010437,
            -0.8259892463684082,
            -0.1659269481897354
        ],
        [
            0.1600387543439865,
            -0.8282997608184814,
            -0.1691300868988037
        ],
        [
            0.1601841002702713,
            -0.8248009085655212,
            -0.16694122552871704
        ],
        [
            0.16622555255889893,
            -0.819311261177063,
            -0.16421355307102203
        ],
        [
            0.1491674780845642,
            -0.8186709880828857,
            -0.16905540227890015
        ],
        [
            0.15457089245319366,
            -0.8191622495651245,
            -0.16776372492313385
        ],
        [
            0.1514187902212143,
            -0.8261095285415649,
            -0.17073595523834229
        ],
        [
            0.14752818644046783,
            -0.8257102966308594,
            -0.17181247472763062
        ],
        [
            0.14328038692474365,
            -0.8259973526000977,
            -0.1724061667919159
        ],
        [
            0.13903924822807312,
            -0.8269656896591187,
            -0.17225423455238342
        ],
        [
            0.13834145665168762,
            -0.8220014572143555,
            -0.17036566138267517
        ],
        [
            0.14343930780887604,
            -0.8199705481529236,
            -0.17002126574516296
        ],
        [
            0.13953028619289398,
            -0.8409525156021118,
            -0.1798795759677887
        ],
        [
            0.13299936056137085,
            -0.8422977328300476,
            -0.1771308183670044
        ],
        [
            0.13379031419754028,
            -0.8391913771629333,
            -0.1762024462223053
        ],
        [
            0.1392291635274887,
            -0.8378440141677856,
            -0.1788666546344757
        ],
        [
            0.12520605325698853,
            -0.8368501663208008,
            -0.1665094643831253
        ],
        [
            0.12641242146492004,
            -0.8386777639389038,
            -0.16855967044830322
        ],
        [
            0.12307187914848328,
            -0.8408002853393555,
            -0.16890960931777954
        ],
        [
            0.1216684877872467,
            -0.8369176387786865,
            -0.1666170358657837
        ],
        [
            0.12306265532970428,
            -0.833416223526001,
            -0.16653481125831604
        ],
        [
            0.12584108114242554,
            -0.8348206281661987,
            -0.1668182760477066
        ],
        [
            0.15742537379264832,
            -0.8959871530532837,
            -0.19017155468463898
        ],
        [
            0.1460430920124054,
            -0.8802427053451538,
            -0.19259515404701233
        ],
        [
            0.1741669476032257,
            -0.8868663311004639,
            -0.18224146962165833
        ],
        [
            0.1847272366285324,
            -0.8758859038352966,
            -0.17213128507137299
        ],
        [
            0.1919940710067749,
            -0.8622982501983643,
            -0.16227982938289642
        ],
        [
            0.15046851336956024,
            -0.7683868408203125,
            -0.14719250798225403
        ],
        [
            0.15215452015399933,
            -0.7605572938919067,
            -0.1395094245672226
        ],
        [
            0.1648317128419876,
            -0.7671369314193726,
            -0.1326456367969513
        ],
        [
            0.16296955943107605,
            -0.7588362693786621,
            -0.12446968257427216
        ],
        [
            0.1500680148601532,
            -0.752183735370636,
            -0.1323738992214203
        ],
        [
            0.1360633224248886,
            -0.7388045787811279,
            -0.12097948789596558
        ],
        [
            0.14468848705291748,
            -0.7443575263023376,
            -0.12605825066566467
        ],
        [
            0.15889814496040344,
            -0.7517580986022949,
            -0.1148962527513504
        ],
        [
            0.173303484916687,
            -0.7635518312454224,
            -0.1062680259346962
        ],
        [
            0.17452575266361237,
            -0.7682167291641235,
            -0.1174347847700119
        ],
        [
            0.1845063865184784,
            -0.7791222333908081,
            -0.09982676059007645
        ],
        [
            0.17231804132461548,
            -0.759548008441925,
            -0.09165671467781067
        ],
        [
            0.18504337966442108,
            -0.7802308201789856,
            -0.09039206802845001
        ],
        [
            0.15220680832862854,
            -0.7290194034576416,
            -0.08168277144432068
        ],
        [
            0.15381231904029846,
            -0.7191234827041626,
            -0.07514183223247528
        ],
        [
            0.167868971824646,
            -0.7253865003585815,
            -0.06549091637134552
        ],
        [
            0.16780126094818115,
            -0.7349823713302612,
            -0.07293781638145447
        ],
        [
            0.1740475445985794,
            -0.7743767499923706,
            -0.12740767002105713
        ],
        [
            0.1877325028181076,
            -0.8323495388031006,
            -0.15118850767612457
        ],
        [
            0.179733544588089,
            -0.8316125869750977,
            -0.16044752299785614
        ],
        [
            0.18812409043312073,
            -0.8203245401382446,
            -0.14561203122138977
        ],
        [
            0.20991036295890808,
            -0.8905402421951294,
            -0.1500941812992096
        ],
        [
            0.19812533259391785,
            -0.8848229646682739,
            -0.16360905766487122
        ],
        [
            0.20321734249591827,
            -0.8694292306900024,
            -0.1552979052066803
        ],
        [
            0.21435754001140594,
            -0.8767319321632385,
            -0.14392422139644623
        ],
        [
            0.1889895498752594,
            -0.9295470714569092,
            -0.15823595225811005
        ],
        [
            0.17483794689178467,
            -0.9146040678024292,
            -0.17739735543727875
        ],
        [
            0.18630565702915192,
            -0.9012344479560852,
            -0.17121294140815735
        ],
        [
            0.19927111268043518,
            -0.9124128818511963,
            -0.15636929869651794
        ],
        [
            0.22124451398849487,
            -0.8796747922897339,
            -0.13275325298309326
        ],
        [
            0.22919337451457977,
            -0.8835102319717407,
            -0.11628782749176025
        ],
        [
            0.2313353717327118,
            -0.9008141756057739,
            -0.11281395703554153
        ],
        [
            0.22120262682437897,
            -0.8982375860214233,
            -0.1329364776611328
        ],
        [
            0.22678646445274353,
            -0.924187183380127,
            -0.10781882703304291
        ],
        [
            0.2149079442024231,
            -0.9211856722831726,
            -0.13242822885513306
        ],
        [
            0.1840907633304596,
            -0.7696951627731323,
            -0.07558368891477585
        ],
        [
            0.19024887681007385,
            -0.7869635224342346,
            -0.07958850264549255
        ],
        [
            0.1673969328403473,
            -0.7465327978134155,
            -0.08252415060997009
        ],
        [
            0.1797010600566864,
            -0.7550841569900513,
            -0.07021493464708328
        ],
        [
            0.2152327448129654,
            -0.9441215991973877,
            -0.1010725125670433
        ],
        [
            0.2026161253452301,
            -0.9418042898178101,
            -0.13095590472221375
        ],
        [
            0.2328759729862213,
            -0.8736171722412109,
            -0.06231793761253357
        ],
        [
            0.23624005913734436,
            -0.8882455229759216,
            -0.07529878616333008
        ],
        [
            0.23325587809085846,
            -0.871990442276001,
            -0.08817581832408905
        ],
        [
            0.23100586235523224,
            -0.8604151010513306,
            -0.07449811697006226
        ],
        [
            0.23058423399925232,
            -0.8879296183586121,
