{
    "pred_cam": [
        1.1680653095245361,
        0.0007829237729310989,
        0.16687065362930298
    ],
    "pred_smpl_params": {
        "global_orient": [
            [
                [
                    0.9761492609977722,
                    0.2169831395149231,
                    0.007143310271203518
                ],
                [
                    0.21703073382377625,
                    -0.9761415123939514,
                    -0.0067369770258665085
                ],
                [
                    0.005511071532964706,
                    0.00812661275267601,
                    -0.9999518394470215
                ]
            ]
        ],
        "body_pose": [
            [
                [
                    0.9994821548461914,
                    -0.02591109834611416,
                    -0.01907585933804512
                ],
                [
                    0.029498310759663582,
                    0.9746828079223633,
                    0.22163769602775574
                ],
                [
                    0.012850034050643444,
                    -0.22208565473556519,
                    0.9749423861503601
                ]
            ],
            [
                [
                    0.9983713030815125,
                    -0.03136381134390831,
                    0.04765371233224869
                ],
                [
                    0.019570965319871902,
                    0.9729191660881042,
                    0.23031556606292725
                ],
                [
                    -0.05358679220080376,
                    -0.22900786995887756,
                    0.9719483852386475
                ]
            ],
            [
                [
                    0.9996086955070496,
                    0.027555789798498154,
                    -0.004810535814613104
                ],
                [
                    -0.027970226481556892,
                    0.9824209809303284,
                    -0.18457166850566864
                ],
                [
                    -0.0003600477648433298,
                    0.1846339851617813,
                    0.9828072786331177
                ]
            ],
            [
                [
                    0.9918278455734253,
                    0.007613036781549454,
                    -0.12735630571842194
                ],
                [
                    -0.09701395779848099,
                    0.6933066248893738,
                    -0.7140828371047974
                ],
                [
                    0.08286060392856598,
                    0.7206025123596191,
                    0.6883794069290161
                ]
            ],
            [
                [
                    0.9895755052566528,
                    -0.051709823310375214,
                    0.13441157341003418
                ],
                [
                    0.13546310365200043,
                    0.6510481238365173,
                    -0.746850848197937
                ],
                [
                    -0.04888886958360672,
                    0.7572730779647827,
                    0.6512660384178162
                ]
            ],
            [
                [
                    0.9999414086341858,
                    -0.007817321456968784,
                    0.007480375934392214
                ],
                [
                    0.0076541719026863575,
                    0.9997374415397644,
                    0.021596010774374008
                ],
                [
                    -0.007647235412150621,
                    -0.02153749018907547,
                    0.9997386932373047
                ]
            ],
            [
                [
                    0.9807090163230896,
                    0.026269173249602318,
                    0.19370025396347046
                ],
                [
                    -0.038648542016744614,
                    0.9974251985549927,
                    0.06041001155972481
                ],
                [
                    -0.19161456823349,
                    -0.06673087179660797,
                    0.9791991710662842
                ]
            ],
            [
                [
                    0.982957661151886,
                    -0.004318089224398136,
                    -0.18378151953220367
                ],
                [
                    0.010087563656270504,
                    0.9994847774505615,
                    0.030469808727502823
                ],
                [
                    0.18355527520179749,
                    -0.031804438680410385,
                    0.9824947714805603
                ]
            ],
            [
                [
                    0.9999273419380188,
                    -0.005771320778876543,
                    -0.010578222572803497
                ],
                [
                    0.004912356846034527,
                    0.9968227744102478,
                    -0.07950028032064438
                ],
                [
                    0.011003432795405388,
                    0.07944255322217941,
                    0.9967787265777588
                ]
            ],
            [
                [
                    0.9908859729766846,
                    -0.11215419322252274,
                    -0.07460880279541016
                ],
                [
                    0.12326963245868683,
                    0.9782977104187012,
                    0.16654784977436066
                ],
                [
                    0.054310575127601624,
                    -0.17422692477703094,
                    0.9832066893577576
                ]
            ],
            [
                [
                    0.9940489530563354,
                    0.10781200230121613,
                    0.01559615321457386
                ],
                [
                    -0.1088937371969223,
                    0.9795390963554382,
                    0.1692492961883545
                ],
                [
                    0.002970063826069236,
                    -0.16994041204452515,
                    0.9854498505592346
                ]
            ],
            [
                [
                    0.9848794937133789,
                    0.02460005134344101,
                    -0.17148542404174805
                ],
                [
                    -0.016386117786169052,
                    0.9986569285392761,
                    0.04915087670087814
                ],
                [
                    0.17246423661708832,
                    -0.045597709715366364,
                    0.9839598536491394
                ]
            ],
            [
                [
                    0.9157071709632874,
                    0.40066206455230713,
                    -0.030827945098280907
                ],
                [
                    -0.40171512961387634,
                    0.9146705269813538,
                    -0.044752370566129684
                ],
                [
                    0.010266834869980812,
                    0.053364116698503494,
                    0.9985224008560181
                ]
            ],
            [
                [
                    0.9168111681938171,
                    -0.39774906635284424,
                    0.03539752587676048
                ],
                [
                    0.3987264633178711,
                    0.9166778326034546,
                    -0.02681315690279007
                ],
                [
                    -0.021783217787742615,
                    0.0386965312063694,
                    0.9990135431289673
                ]
            ],
            [
                [
                    0.988800048828125,
                    -0.044845644384622574,
                    -0.14234943687915802
                ],
                [
                    0.015515951439738274,
                    0.9795083403587341,
                    -0.2008051723241806
                ],
                [
                    0.14843767881393433,
                    0.19634747505187988,
                    0.9692336916923523
                ]
            ],
            [
                [
                    0.4551081657409668,
                    0.8432871699333191,
                    -0.2859079837799072
                ],
                [
                    -0.8847213387489319,
                    0.4645633399486542,
                    -0.03806672245264053
                ],
                [
                    0.10072118788957596,
                    0.270273357629776,
                    0.957500696182251
                ]
            ],
            [
                [
                    0.5118824243545532,
                    -0.8246168494224548,
                    0.24079780280590057
                ],
                [
                    0.8554396033287048,
                    0.5149847865104675,
                    -0.05489833652973175
                ],
                [
                    -0.07873710244894028,
                    0.2340894639492035,
                    0.9690215587615967
                ]
            ],
            [
                [
                    0.8133384585380554,
                    -0.17816342413425446,
                    -0.5538395643234253
                ],
                [
                    0.06623733043670654,
                    0.9741238355636597,
                    -0.21609115600585938
                ],
                [
                    0.5780078768730164,
                    0.13907039165496826,
                    0.8040934205055237
                ]
            ],
            [
                [
                    0.8457587957382202,
                    0.15672776103019714,
                    0.5100279450416565
                ],
                [
                    -0.047978851944208145,
                    0.9743531346321106,
                    -0.21985003352165222
                ],
                [
                    -0.5314038991928101,
                    0.16146954894065857,
                    0.8315873742103577
                ]
            ],
            [
                [
                    0.9994720220565796,
                    -0.020096616819500923,
                    0.02552938461303711
                ],
                [
                    0.020148878917098045,
                    0.9997953772544861,
                    -0.0017916312208399177
                ],
                [
                    -0.025488154962658882,
                    0.002305073896422982,
                    0.9996724128723145
                ]
            ],
            [
                [
                    0.9990487694740295,
                    0.018702274188399315,
                    -0.03939427435398102
                ],
                [
                    -0.021115945652127266,
                    0.9978668689727783,
                    -0.06177244335412979
                ],
                [
                    0.038154955953359604,
                    0.0625455230474472,
                    0.997312605381012
                ]
            ],
            [
                [
                    0.9645506739616394,
                    0.24121154844760895,
                    -0.10704692453145981
                ],
                [
                    -0.22228223085403442,
                    0.9612420797348022,
                    0.16310814023017883
                ],
                [
                    0.14224156737327576,
                    -0.13353142142295837,
                    0.9807837605476379
                ]
            ],
            [
                [
                    0.97052001953125,
                    -0.22920191287994385,
                    0.07454857975244522
                ],
                [
                    0.21187397837638855,
                    0.9587616920471191,
                    0.18943458795547485
                ],
                [
                    -0.11489308625459671,
                    -0.16805513203144073,
                    0.9790593385696411
                ]
            ]
        ],
        "betas": [
            -0.07082438468933105,
            -0.11883726716041565,
            0.03213879466056824,
            0.20171038806438446,
            0.031153440475463867,
            0.06373459100723267,
            0.0014842450618743896,
            -0.09072631597518921,
            0.07114209234714508,
            -0.052318692207336426
        ]
    },
    "pred_cam_t": [
        0.0007829237729310989,
        0.16687065362930298,
        33.44205093383789
    ],
    "focal_length": [
        5000.0,
        5000.0
    ],
    "pred_keypoints_3d": [
        [
            0.09652616083621979,
            -0.8021330833435059,
            -0.1815102994441986
        ],
        [
            0.11854590475559235,
            -0.719419538974762,
            -0.009621638804674149
        ],
        [
            -0.08049727976322174,
            -0.6638192534446716,
            0.015767419710755348
        ],
        [
            -0.16182491183280945,
            -0.43419116735458374,
            0.08391125500202179
        ],
        [
            -0.22701920568943024,
            -0.20684349536895752,
            -0.0074113234877586365
        ],
        [
            0.26847654581069946,
            -0.5823494791984558,
            0.011140875518321991
        ],
        [
            0.22247222065925598,
            -0.33845198154449463,
            0.0859324038028717
        ],
        [
            0.1625259965658188,
            -0.12294648587703705,
            -0.02054617553949356
        ],
        [
            -0.001911201048642397,
            -0.2251727283000946,
            0.028571970760822296
        ],
        [
            -0.08759744465351105,
            -0.15149909257888794,
            0.03163004294037819
        ],
        [
            -0.1928485631942749,
            0.20453864336013794,
            -0.05166672542691231
        ],
        [
            -0.2368515282869339,
            0.49541303515434265,
            0.21414105594158173
        ],
        [
            0.045978084206581116,
            -0.12083619087934494,
            0.03491022437810898
        ],
        [
            0.010328643023967743,
            0.2408985197544098,
            -0.046239688992500305
        ],
        [
            -0.05627629905939102,
            0.5399222373962402,
            0.2048487812280655
        ],
        [
            0.08688707649707794,
            -0.8538835644721985,
            -0.14942753314971924
        ],
        [
            0.14658237993717194,
            -0.8357172012329102,
            -0.17191839218139648
        ],
        [
            0.08254214376211166,
            -0.8642973303794861,
            -0.04654762148857117
        ],
        [
            0.2152654528617859,
            -0.8241640329360962,
            -0.09570130705833435
        ],
        [
            -0.08212021738290787,
            0.6755031943321228,
            0.063386470079422
        ],
        [
            -0.01245037466287613,
            0.6720705032348633,
            0.10985097289085388
        ],
        [
            -0.05040747672319412,
            0.541884183883667,
            0.2752363979816437
        ],
        [
            -0.25050076842308044,
            0.640849232673645,
            0.08041775226593018
        ],
        [
            -0.32066893577575684,
            0.6086588501930237,
            0.12078160047531128
        ],
        [
            -0.24441556632518768,
            0.4993927478790283,
            0.28678929805755615
        ],
        [
            -0.2514353394508362,
            0.43789806962013245,
            0.20605704188346863
        ],
        [
            -0.1781163215637207,
            0.14638428390026093,
            -0.0509236641228199
        ],
        [
            -0.13952885568141937,
            -0.289068341255188,
            0.040098145604133606
        ],
        [
            0.14518415927886963,
            -0.2096249759197235,
            0.05497483164072037
        ],
        [
            0.028149424120783806,
            0.20460611581802368,
            -0.045758865773677826
        ],
        [
            -0.03849940001964569,
            0.5005349516868591,
            0.2085384875535965
        ],
        [
            -0.20785829424858093,
            -0.2298581898212433,
            -0.027798565104603767
        ],
        [
            -0.18480800092220306,
            -0.45567288994789124,
            0.057383518666028976
        ],
        [
            -0.03847511112689972,
            -0.6892009377479553,
            0.012408288195729256
        ],
        [
            0.24632376432418823,
            -0.6218014359474182,
            0.01071496494114399
        ],
        [
            0.2574039101600647,
            -0.34899216890335083,
            0.048854731023311615
        ],
        [
            0.17114046216011047,
            -0.1399158239364624,
            -0.030060606077313423
        ],
        [
            0.11831852793693542,
            -0.7083450555801392,
            -0.011928411200642586
        ],
        [
            0.15726172924041748,
            -0.8918545842170715,
            -0.09856801480054855
        ],
        [
            0.0035651507787406445,
            -0.24930451810359955,
            0.04743022099137306
        ],
        [
            0.10261282324790955,
            -0.6542387008666992,
            0.008124129846692085
        ],
        [
            0.06268593668937683,
            -0.48814496397972107,
            0.045274846255779266
        ],
        [
            0.12471181899309158,
            -0.7831152677536011,
            -0.10905366390943527
        ],
        [
            0.1598811149597168,
            -0.9123774766921997,
            -0.09292267262935638
        ]
    ],
    "pred_vertices": [
        [
            0.16755467653274536,
            -0.8769298791885376,
            -0.18597927689552307
        ],
        [
            0.15664353966712952,
            -0.8641608953475952,
            -0.18683677911758423
        ],
        [
            0.1690244823694229,
            -0.8588218092918396,
            -0.18180829286575317
        ],
        [
            0.18007022142410278,
            -0.8685796856880188,
            -0.17698092758655548
        ],
        [
            0.16129490733146667,
            -0.8505710363388062,
            -0.18359649181365967
        ],
        [
            0.149969682097435,
            -0.8538376092910767,
            -0.1870059370994568
        ],
        [
            0.17772629857063293,
            -0.8523529767990112,
            -0.1729753017425537
        ],
        [
            0.18772649765014648,
            -0.8585692644119263,
            -0.16638609766960144
        ],
        [
            0.17904780805110931,
            -0.8180159330368042,
            -0.1566324084997177
        ],
        [
            0.18500050902366638,
            -0.813636064529419,
            -0.14818011224269867
        ],
        [
            0.1873001754283905,
            -0.824913740158081,
            -0.15236219763755798
        ],
        [
            0.17972016334533691,
            -0.8266861438751221,
            -0.15915217995643616
        ],
        [
            0.1740061640739441,
            -0.7937483191490173,
            -0.14755019545555115
        ],
        [
            0.16337499022483826,
            -0.785746693611145,
            -0.15145455300807953
        ],
        [
            0.16705508530139923,
            -0.7775568962097168,
            -0.141143798828125
        ],
        [
            0.17670267820358276,
            -0.7854905724525452,
            -0.1360718011856079
        ],
        [
            0.12832820415496826,
            -0.8056157827377319,
            -0.1659039855003357
        ],
        [
            0.13235878944396973,
            -0.7978657484054565,
            -0.16535693407058716
        ],
        [
            0.13753947615623474,
            -0.8032636642456055,
            -0.16717779636383057
        ],
        [
            0.13278496265411377,
            -0.8104631900787354,
            -0.16706764698028564
        ],
        [
            0.11984315514564514,
            -0.8167852163314819,
            -0.17066434025764465
        ],
        [
            0.12315553426742554,
            -0.8221259117126465,
            -0.1690521240234375
        ],
        [
            0.11783508211374283,
            -0.8265854716300964,
            -0.17302578687667847
        ],
        [
            0.1148170754313469,
            -0.8201979398727417,
            -0.1757994294166565
        ],
        [
            0.12225450575351715,
            -0.8021389245986938,
            -0.16305936872959137
        ],
        [
            0.12680423259735107,
            -0.79408860206604,
            -0.16231019794940948
        ],
        [
            0.12464340031147003,
            -0.8121888041496277,
            -0.16698326170444489
        ],
        [
            0.12123295664787292,
            -0.8081969022750854,
            -0.16757431626319885
        ],
        [
            0.11369115114212036,
            -0.8020983934402466,
            -0.17507250607013702
        ],
        [
            0.11659562587738037,
            -0.8063018321990967,
            -0.17513611912727356
        ],
        [
            0.11126551777124405,
            -0.8075870871543884,
            -0.18069888651371002
        ],
        [
            0.10919195413589478,
            -0.8027608394622803,
            -0.17857468128204346
        ],
        [
            0.11917612701654434,
            -0.8017594814300537,
            -0.1670786440372467
        ],
        [
            0.1193293035030365,
            -0.8040428161621094,
            -0.1705143004655838
        ],
        [
            0.11551578342914581,
            -0.8009049892425537,
            -0.17116911709308624
        ],
        [
            0.11493964493274689,
            -0.7996034026145935,
            -0.1672402024269104
        ],
        [
            0.11732883006334305,
            -0.8126026391983032,
            -0.17228472232818604
        ],
        [
            0.1126895397901535,
            -0.8144407868385315,
            -0.17827217280864716
        ],
        [
            0.10702317953109741,
            -0.8161513805389404,
            -0.18398204445838928
        ],
        [
            0.10498692095279694,
            -0.8075350522994995,
            -0.18573014438152313
        ],
        [
            0.1418718695640564,
            -0.7825832366943359,
            -0.1596105992794037
        ],
        [
            0.13708031177520752,
            -0.790138840675354,
            -0.163651242852211
        ],
        [
            0.13142743706703186,
            -0.7868185043334961,
            -0.1612171083688736
        ],
        [
            0.1356765776872635,
            -0.7805591821670532,
            -0.15871888399124146
        ],
        [
            0.11662192642688751,
            -0.7966515421867371,
            -0.16372787952423096
        ],
        [
            0.1168069913983345,
            -0.780361533164978,
            -0.16162049770355225
        ],
        [
            0.1177542507648468,
            -0.78389573097229,
            -0.16278594732284546
        ],
        [
            0.1110466867685318,
            -0.7859106659889221,
            -0.16485071182250977
        ],
        [
            0.11081769317388535,
            -0.7824348211288452,
            -0.16383913159370422
        ],
        [
            0.1464882344007492,
            -0.7686290144920349,
            -0.14944162964820862
        ],
        [
            0.13953396677970886,
            -0.7686111330986023,
            -0.15185947716236115
        ],
        [
            0.1394619643688202,
            -0.7622354030609131,
            -0.14788180589675903
        ],
        [
            0.14610077440738678,
            -0.7613277435302734,
            -0.1437416672706604
        ],
        [
            0.136851966381073,
            -0.7574676275253296,
            -0.14487424492835999
        ],
        [
            0.14468544721603394,
            -0.7546275854110718,
            -0.138488307595253
        ],
        [
            0.1336512565612793,
            -0.743708610534668,
            -0.13284218311309814
        ],
        [
            0.13928508758544922,
            -0.7484126091003418,
            -0.13522465527057648
        ],
        [
            0.1320706009864807,
            -0.7531840801239014,
            -0.14291250705718994
        ],
        [
            0.12511548399925232,
            -0.7494401931762695,
            -0.14317448437213898
        ],
        [
            0.11167843639850616,
            -0.7561482191085815,
            -0.14875413477420807
        ],
        [
            0.10521474480628967,
            -0.7561701536178589,
            -0.14932116866111755
        ],
        [
            0.10784487426280975,
            -0.7436918616294861,
            -0.14600057899951935
        ],
        [
            0.11602412909269333,
            -0.7457181215286255,
            -0.14478856325149536
        ],
        [
            0.11677410453557968,
            -0.775505542755127,
            -0.15599960088729858
        ],
        [
            0.12130890786647797,
            -0.7748985290527344,
            -0.15448518097400665
        ],
        [
            0.12106800079345703,
            -0.7759048938751221,
            -0.1570514589548111
        ],
        [
            0.11642783135175705,
            -0.777601957321167,
            -0.15923723578453064
        ],
        [
            0.12513193488121033,
            -0.7739224433898926,
            -0.1536969393491745
        ],
        [
            0.12680263817310333,
            -0.7733332514762878,
            -0.1534138321876526
        ],
        [
            0.12646031379699707,
            -0.774437665939331,
            -0.1548045128583908
        ],
        [
            0.12489674985408783,
            -0.774642825126648,
            -0.1544015258550644
        ],
        [
            0.1228642612695694,
            -0.7747591137886047,
            -0.15434014797210693
        ],
        [
            0.1214362159371376,
            -0.7731565237045288,
            -0.1539735496044159
        ],
        [
            0.12404091656208038,
            -0.7733362913131714,
            -0.1537216603755951
        ],
        [
            0.1170993447303772,
            -0.7729522585868835,
            -0.1554109752178192
        ],
        [
            0.10273197293281555,
            -0.7729653716087341,
            -0.15879613161087036
        ],
        [
            0.10673276335000992,
            -0.7726203203201294,
            -0.15854445099830627
        ],
        [
            0.10658737272024155,
            -0.7773203253746033,
            -0.15831568837165833
        ],
        [
            0.10327869653701782,
            -0.7779351472854614,
            -0.15858961641788483
        ],
        [
            0.12468309700489044,
            -0.776444137096405,
            -0.15652263164520264
        ],
        [
            0.12751370668411255,
            -0.7772487998008728,
            -0.15709032118320465
        ],
        [
            0.12351097166538239,
            -0.7803773283958435,
            -0.15989156067371368
        ],
        [
            0.12208572030067444,
            -0.7781761884689331,
            -0.15835750102996826
        ],
        [
            0.130446195602417,
            -0.7783505916595459,
            -0.15813013911247253
        ],
        [
            0.1289907991886139,
            -0.7750303149223328,
            -0.1551702916622162
        ],
        [
            0.13228648900985718,
            -0.7749006748199463,
            -0.1556817889213562
        ],
        [
            0.12597648799419403,
            -0.771808385848999,
            -0.15283948183059692
        ],
        [
            0.12858720123767853,
            -0.7696585655212402,
            -0.15186312794685364
        ],
        [
            0.12928763031959534,
            -0.7718735933303833,
            -0.15356770157814026
        ],
        [
            0.12597528100013733,
            -0.7670959234237671,
            -0.15091219544410706
        ],
        [
            0.12300364673137665,
            -0.7705585360527039,
            -0.15269431471824646
        ],
        [
            0.11849646270275116,
            -0.7694194316864014,
            -0.15385615825653076
        ],
        [
            0.11281156539916992,
            -0.7686004638671875,
            -0.1555148810148239
        ],
        [
            0.1150902658700943,
            -0.763783872127533,
            -0.1522476077079773
        ],
        [
            0.12120446562767029,
            -0.7650445699691772,
            -0.1512613743543625
        ],
        [
            0.12650418281555176,
            -0.7835712432861328,
            -0.16070184111595154
        ],
        [
            0.13366863131523132,
            -0.7703440189361572,
            -0.15286344289779663
        ],
        [
            0.13822875916957855,
            -0.7754124402999878,
            -0.15537995100021362
        ],
        [
            0.13297753036022186,
            -0.7659672498703003,
            -0.1506507396697998
        ],
        [
            0.13034628331661224,
            -0.7623649835586548,
            -0.1486605703830719
        ],
        [
            0.1256764978170395,
            -0.7594791650772095,
            -0.1477811336517334
        ],
        [
            0.11868489533662796,
            -0.7575005888938904,
            -0.14825528860092163
        ],
        [
            0.11243493109941483,
            -0.7362642288208008,
            -0.13411498069763184
        ],
        [
            0.12255662679672241,
            -0.7391829490661621,
            -0.13388830423355103
        ],
        [
            0.14720463752746582,
            -0.8478174209594727,
            -0.18192626535892487
        ],
        [
            0.155888631939888,
            -0.8448374271392822,
            -0.18178440630435944
        ],
        [
            0.15625616908073425,
            -0.8381611704826355,
            -0.17544996738433838
        ],
        [
            0.15839141607284546,
            -0.8399659395217896,
            -0.17631910741329193
        ],
        [
            0.15278880298137665,
            -0.8421337604522705,
            -0.17836138606071472
        ],
        [
            0.1519387662410736,
            -0.8396862745285034,
            -0.17685960233211517
        ],
        [
            0.17229712009429932,
            -0.8296217918395996,
            -0.1632932722568512
        ],
        [
            0.16665440797805786,
            -0.8320102095603943,
            -0.16665390133857727
        ],
        [
            0.1667235791683197,
            -0.8284727334976196,
            -0.16450433433055878
        ],
        [
            0.1726752519607544,
            -0.822913408279419,
            -0.16164740920066833
        ],
        [
            0.15575829148292542,
            -0.8223750591278076,
            -0.16707980632781982
        ],
        [
            0.1611313819885254,
            -0.8228328227996826,
            -0.1655939221382141
        ],
        [
            0.1580888330936432,
            -0.8298399448394775,
            -0.16859403252601624
        ],
        [
            0.15422245860099792,
            -0.829469621181488,
            -0.16980686783790588
        ],
        [
            0.14999035000801086,
            -0.8297816514968872,
            -0.17054122686386108
        ],
        [
            0.14574414491653442,
            -0.8307666182518005,
            -0.17051196098327637
        ],
        [
            0.1449676901102066,
            -0.8257752060890198,
            -0.16870711743831635
        ],
        [
            0.15005818009376526,
            -0.823715329170227,
            -0.16821742057800293
        ],
        [
            0.1465267837047577,
            -0.8448514342308044,
            -0.17795446515083313
        ],
        [
            0.13991326093673706,
            -0.8461959958076477,
            -0.1754118800163269
        ],
        [
            0.14066718518733978,
            -0.8430784940719604,
            -0.17448711395263672
        ],
        [
            0.1461866945028305,
            -0.8417434692382812,
            -0.17696905136108398
        ],
        [
            0.1317361742258072,
            -0.8406630754470825,
            -0.16512727737426758
        ],
        [
            0.1330225169658661,
            -0.8425142765045166,
            -0.1671120971441269
        ],
        [
            0.12968719005584717,
            -0.8446617126464844,
            -0.16754359006881714
        ],
        [
            0.12819620966911316,
            -0.8407361507415771,
            -0.16535349190235138
        ],
        [
            0.12956978380680084,
            -0.8372209668159485,
            -0.16527892649173737
        ],
        [
            0.13236503303050995,
            -0.8386268615722656,
            -0.1654532253742218
        ],
        [
            0.16486917436122894,
            -0.8998363018035889,
            -0.18712791800498962
        ],
        [
            0.15352261066436768,
            -0.8841485977172852,
            -0.18998801708221436
        ],
        [
            0.1813334971666336,
            -0.8906069993972778,
            -0.17866858839988708
        ],
        [
            0.19156013429164886,
            -0.8794766664505005,
            -0.16833016276359558
        ],
        [
            0.19848713278770447,
            -0.8657541871070862,
            -0.15838958323001862
        ],
        [
            0.15627475082874298,
            -0.771754264831543,
            -0.1457514762878418
        ],
        [
            0.1577053815126419,
            -0.7638064622879028,
            -0.13809487223625183
        ],
        [
            0.17019374668598175,
            -0.7702876925468445,
            -0.1307322084903717
        ],
        [
            0.1680450588464737,
            -0.7618694305419922,
            -0.12270202487707138
        ],
        [
            0.15537452697753906,
            -0.755314826965332,
            -0.131121426820755
        ],
        [
            0.14092937111854553,
            -0.7418169975280762,
            -0.12032131850719452
        ],
        [
            0.1497620940208435,
            -0.7474088668823242,
            -0.12506568431854248
        ],
        [
            0.16365446150302887,
            -0.7546435594558716,
            -0.11332041025161743
        ],
        [
            0.17783123254776,
            -0.7663465142250061,
            -0.10408622026443481
        ],
        [
            0.1794303059577942,
            -0.771149218082428,
            -0.1151752769947052
        ],
        [
            0.1888723373413086,
            -0.7818417549133301,
            -0.09707330912351608
        ],
        [
            0.17635028064250946,
            -0.7621896266937256,
            -0.08949144929647446
        ],
        [
            0.18910686671733856,
            -0.7828629016876221,
            -0.08758075535297394
        ],
        [
            0.15568304061889648,
            -0.7314104437828064,
            -0.08026938885450363
        ],
        [
            0.15701016783714294,
            -0.7213146090507507,
            -0.07365427911281586
        ],
        [
            0.17089101672172546,
            -0.7274972796440125,
            -0.06352444738149643
        ],
        [
            0.17109079658985138,
            -0.7372739911079407,
            -0.0709729716181755
        ],
        [
            0.17926183342933655,
            -0.7774621248245239,
            -0.1251150667667389
        ],
        [
            0.19380363821983337,
            -0.8356999754905701,
            -0.14779254794120789
        ],
        [
            0.18610744178295135,
            -0.8350974321365356,
            -0.1573084592819214
        ],
        [
            0.19401028752326965,
            -0.8236042261123657,
            -0.14231956005096436
        ],
        [
            0.21597447991371155,
            -0.8937982320785522,
            -0.14536330103874207
        ],
        [
            0.2046540081501007,
            -0.8883075714111328,
            -0.1592893898487091
        ],
        [
            0.20949088037014008,
            -0.8727773427963257,
            -0.15097644925117493
        ],
        [
            0.22026777267456055,
            -0.8799468874931335,
            -0.1391688734292984
        ],
        [
            0.19535934925079346,
            -0.9329514503479004,
            -0.15380136668682098
        ],
        [
            0.18185338377952576,
            -0.9182435870170593,
            -0.1735704392194748
        ],
        [
            0.19307944178581238,
            -0.9047902822494507,
            -0.16712570190429688
        ],
        [
            0.2055586874485016,
            -0.9157624244689941,
            -0.15176767110824585
        ],
        [
            0.22674691677093506,
            -0.8827621340751648,
            -0.12773331999778748
        ],
        [
            0.23415137827396393,
            -0.8864268660545349,
            -0.11094450950622559
        ],
        [
            0.2362637221813202,
            -0.9037305116653442,
            -0.10731741040945053
        ],
        [
            0.22670826315879822,
            -0.9012966156005859,
            -0.12777796387672424
        ],
        [
            0.23160263895988464,
            -0.9271239042282104,
            -0.10224193334579468
        ],
        [
            0.22048838436603546,
            -0.9243378639221191,
            -0.12730690836906433
        ],
        [
            0.1876477599143982,
            -0.7721290588378906,
            -0.07283933460712433
        ],
        [
            0.19395485520362854,
            -0.7894713282585144,
            -0.07647490501403809
        ],
        [
            0.1710420846939087,
            -0.7490261793136597,
            -0.08056915551424026
        ],
        [
            0.18303944170475006,
            -0.7574055790901184,
            -0.06774380803108215
        ],
        [
            0.21993282437324524,
            -0.9471291303634644,
            -0.09568807482719421
        ],
        [
            0.20816487073898315,
            -0.9450194835662842,
            -0.12604378163814545
        ],
        [
            0.2361849844455719,
            -0.8759883642196655,
            -0.05690787732601166
        ],
        [
            0.24002215266227722,
            -0.8907458782196045,
            -0.06969565153121948
        ],
        [
            0.23734784126281738,
            -0.8746041059494019,
            -0.08279172331094742
        ],
        [
            0.23468002676963806,
            -0.8628743886947632,
            -0.06928342580795288
        ],
        [
            0.2335195541381836,
