{
    "pred_cam": [
        1.1770198345184326,
        -0.004082268103957176,
        0.16944876313209534
    ],
    "pred_smpl_params": {
        "global_orient": [
            [
                [
                    0.9735785126686096,
                    0.22733815014362335,
                    0.021502936258912086
                ],
                [
                    0.22731968760490417,
                    -0.9738145470619202,
                    0.0033308223355561495
                ],
                [
                    0.021697092801332474,
                    0.0016452239360660315,
                    -0.9997633695602417
                ]
            ]
        ],
        "body_pose": [
            [
                [
                    0.9993481636047363,
                    -0.018539302051067352,
                    -0.03097805380821228
                ],
                [
                    0.02510637603700161,
                    0.9734952449798584,
                    0.22732524573802948
                ],
                [
                    0.02594253607094288,
                    -0.22795478999614716,
                    0.9733261466026306
                ]
            ],
            [
                [
                    0.9985948801040649,
                    -0.02984650805592537,
                    0.04378892108798027
                ],
                [
                    0.018693676218390465,
                    0.9715901613235474,
                    0.2359304577112198
                ],
                [
                    -0.04958657920360565,
                    -0.23478037118911743,
                    0.9707828760147095
                ]
            ],
            [
                [
                    0.9994196891784668,
                    0.033058684319257736,
                    0.008209546096622944
                ],
                [
                    -0.031095728278160095,
                    0.983850359916687,
                    -0.1762714385986328
                ],
                [
                    -0.013904265128076077,
                    0.17591387033462524,
                    0.9843074083328247
                ]
            ],
            [
                [
                    0.9906905889511108,
                    -0.008607469499111176,
                    -0.13585993647575378
                ],
                [
                    -0.09466112405061722,
                    0.6736647486686707,
                    -0.7329494953155518
                ],
                [
                    0.09783294051885605,
                    0.7389869093894958,
                    0.6665785312652588
                ]
            ],
            [
                [
                    0.9894508123397827,
                    -0.05354760214686394,
                    0.1346089094877243
                ],
                [
                    0.13700570166110992,
                    0.6478352546691895,
                    -0.7493589520454407
                ],
                [
                    -0.04707802087068558,
                    0.7598961591720581,
                    0.6483374238014221
                ]
            ],
            [
                [
                    0.9996715784072876,
                    -0.017494747415184975,
                    0.01872887648642063
                ],
                [
                    0.017055124044418335,
                    0.9995811581611633,
                    0.023380829021334648
                ],
                [
                    -0.019130073487758636,
                    -0.023053724318742752,
                    0.9995512366294861
                ]
            ],
            [
                [
                    0.9809895157814026,
                    0.023795003071427345,
                    0.19259658455848694
                ],
                [
                    -0.038463033735752106,
                    0.9966059327125549,
                    0.0727820098400116
                ],
                [
                    -0.19021105766296387,
                    -0.07880622893571854,
                    0.9785751700401306
                ]
            ],
            [
                [
                    0.9839455485343933,
                    -0.007069980259984732,
                    -0.1783287078142166
                ],
                [
                    0.012355709448456764,
                    0.9995160698890686,
                    0.0285471361130476
                ],
                [
                    0.17804057896137238,
                    -0.03029220551252365,
                    0.9835567474365234
                ]
            ],
            [
                [
                    0.9999094009399414,
                    -0.013455068692564964,
                    0.00036739109782502055
                ],
                [
                    0.013440307229757309,
                    0.9965893626213074,
                    -0.08141912519931793
                ],
                [
                    0.0007293617818504572,
                    0.08141668885946274,
                    0.9966799020767212
                ]
            ],
            [
                [
                    0.9907107949256897,
                    -0.11224566400051117,
                    -0.07676581293344498
                ],
                [
                    0.12389756739139557,
                    0.9777383804321289,
                    0.16934311389923096
                ],
                [
                    0.05604884400963783,
                    -0.17728115618228912,
                    0.9825629591941833
                ]
            ],
            [
                [
                    0.9941761493682861,
                    0.10676278173923492,
                    0.014678596518933773
                ],
                [
                    -0.10767315328121185,
                    0.9783658385276794,
                    0.17665454745292664
                ],
                [
                    0.004499091766774654,
                    -0.17720623314380646,
                    0.9841634631156921
                ]
            ],
            [
                [
                    0.9812864661216736,
                    0.021460356190800667,
                    -0.19135378301143646
                ],
                [
                    -0.010639230720698833,
                    0.9982945919036865,
                    0.05739956721663475
                ],
                [
                    0.1922592669725418,
                    -0.0542895644903183,
                    0.9798412919044495
                ]
            ],
            [
                [
                    0.923066258430481,
                    0.3846093416213989,
                    -0.0049323150888085365
                ],
                [
                    -0.38438597321510315,
                    0.9219117164611816,
                    -0.048231467604637146
                ],
                [
                    -0.014003113843500614,
                    0.0464167557656765,
                    0.9988240599632263
                ]
            ],
            [
                [
                    0.9198551177978516,
                    -0.3906409442424774,
                    0.0355847142636776
                ],
                [
                    0.3916790187358856,
                    0.9196378588676453,
                    -0.02921862155199051
                ],
                [
                    -0.021311063319444656,
                    0.040814682841300964,
                    0.9989394545555115
                ]
            ],
            [
                [
                    0.9862358570098877,
                    -0.05388034135103226,
                    -0.1563190221786499
                ],
                [
                    0.02320404350757599,
                    0.9811614155769348,
                    -0.19179131090641022
                ],
                [
                    0.16370795667171478,
                    0.18552425503730774,
                    0.968906819820404
                ]
            ],
            [
                [
                    0.4396262466907501,
                    0.8537978529930115,
                    -0.2788512706756592
                ],
                [
                    -0.893459677696228,
                    0.44749587774276733,
                    -0.038433924317359924
                ],
                [
                    0.09196999669075012,
                    0.2660389542579651,
                    0.9595648646354675
                ]
            ],
            [
                [
                    0.5041825771331787,
                    -0.8325758576393127,
                    0.22938475012779236
                ],
                [
                    0.8605384230613708,
                    0.5066856145858765,
                    -0.05237628519535065
                ],
                [
                    -0.07261871546506882,
                    0.2238016128540039,
                    0.9719255566596985
                ]
            ],
            [
                [
                    0.7527599930763245,
                    -0.21883578598499298,
                    -0.6208568811416626
                ],
                [
                    0.09318984299898148,
                    0.9690550565719604,
                    -0.22857816517353058
                ],
                [
                    0.6516655683517456,
                    0.1142069399356842,
                    0.7498591542243958
                ]
            ],
            [
                [
                    0.8468579053878784,
                    0.16216786205768585,
                    0.5064911246299744
                ],
                [
                    -0.05458812415599823,
                    0.9738503694534302,
                    -0.22053463757038116
                ],
                [
                    -0.5290102362632751,
                    0.1591130942106247,
                    0.8335652947425842
                ]
            ],
            [
                [
                    0.9991468191146851,
                    -0.03309345990419388,
                    0.02470668964087963
                ],
                [
                    0.03276870772242546,
                    0.9993726015090942,
                    0.013435499742627144
                ],
                [
                    -0.025135818868875504,
                    -0.012614430859684944,
                    0.9996044039726257
                ]
            ],
            [
                [
                    0.998844563961029,
                    0.02664831466972828,
                    -0.039993323385715485
                ],
                [
                    -0.029286792501807213,
                    0.9973293542861938,
                    -0.06690627336502075
                ],
                [
                    0.03810357302427292,
                    0.06800023466348648,
                    0.9969574213027954
                ]
            ],
            [
                [
                    0.9645432233810425,
                    0.24180710315704346,
                    -0.10576224327087402
                ],
                [
                    -0.22391492128372192,
                    0.9618698358535767,
                    0.15706276893615723
                ],
                [
                    0.13970838487148285,
                    -0.12781210243701935,
                    0.9819092750549316
                ]
            ],
            [
                [
                    0.9713193774223328,
                    -0.22838886082172394,
                    0.06616158783435822
                ],
                [
                    0.2120993733406067,
                    0.9579803347587585,
                    0.1930997520685196
                ],
                [
                    -0.10748332738876343,
                    -0.17352867126464844,
                    0.9789459705352783
                ]
            ]
        ],
        "betas": [
            -0.09622815251350403,
            -0.1376168131828308,
            0.030587077140808105,
            0.09864839911460876,
            0.03548246622085571,
            0.06399202346801758,
            0.0150565505027771,
            -0.10382580757141113,
            0.06508924067020416,
            -0.05131682753562927
        ]
    },
    "pred_cam_t": [
        -0.004082268103957176,
        0.16944876313209534,
        33.18762969970703
    ],
    "focal_length": [
        5000.0,
        5000.0
    ],
    "pred_keypoints_3d": [
        [
            0.10231603682041168,
            -0.8004237413406372,
            -0.17935049533843994
        ],
        [
            0.12160535156726837,
            -0.7161701917648315,
            -0.00837574154138565
        ],
        [
            -0.07733949273824692,
            -0.6603382229804993,
            0.007564041297882795
        ],
        [
            -0.15944430232048035,
            -0.43124890327453613,
            0.07619616389274597
        ],
        [
            -0.22168876230716705,
            -0.2029678076505661,
            -0.014099963009357452
        ],
        [
            0.2714536786079407,
            -0.5832218527793884,
            0.022251563146710396
        ],
        [
            0.2236216962337494,
            -0.3410097062587738,
            0.1006103977560997
        ],
        [
            0.1789403110742569,
            -0.13282370567321777,
            -0.025297917425632477
        ],
        [
            -0.0018036514520645142,
            -0.2239942103624344,
            0.028823476284742355
        ],
        [
            -0.08867039531469345,
            -0.15134082734584808,
            0.03127076104283333
        ],
        [
            -0.19683614373207092,
            0.2037280648946762,
            -0.05182982608675957
        ],
        [
            -0.2464447319507599,
            0.4920133352279663,
            0.21566231548786163
        ],
        [
            0.045261576771736145,
            -0.11915576457977295,
            0.03684139996767044
        ],
        [
            0.004142705351114273,
            0.24212169647216797,
            -0.04358041286468506
        ],
        [
            -0.05938120558857918,
            0.5343525409698486,
            0.2159956395626068
        ],
        [
            0.09167368710041046,
            -0.8514955043792725,
            -0.14666715264320374
        ],
        [
            0.151881143450737,
            -0.8343054056167603,
            -0.16850149631500244
        ],
        [
            0.08567006140947342,
            -0.860074520111084,
            -0.04392734169960022
        ],
        [
            0.2194146066904068,
            -0.822078287601471,
            -0.09139103442430496
        ],
        [
            -0.08837413042783737,
            0.6712547540664673,
            0.07703238725662231
        ],
        [
            -0.01809518039226532,
            0.6676511764526367,
            0.12217086553573608
        ],
        [
            -0.05229899287223816,
            0.5351914763450623,
            0.28619977831840515
        ],
        [
            -0.2591058611869812,
            0.6380330324172974,
            0.08329296112060547
        ],
        [
            -0.32941627502441406,
            0.6055804491043091,
            0.12256380915641785
        ],
        [
            -0.2548944652080536,
            0.4954313337802887,
            0.28830039501190186
        ],
        [
            -0.2604280710220337,
            0.43457502126693726,
            0.20712225139141083
        ],
        [
            -0.181695818901062,
            0.1459897756576538,
            -0.05128737911581993
        ],
        [
            -0.13945895433425903,
            -0.28932616114616394,
            0.037512533366680145
        ],
        [
            0.14552807807922363,
            -0.20667420327663422,
            0.05735592544078827
        ],
        [
            0.022411532700061798,
            0.2064322680234909,
            -0.043271247297525406
        ],
        [
            -0.0412985160946846,
            0.49506402015686035,
            0.21846508979797363
        ],
        [
            -0.2018248289823532,
            -0.22564172744750977,
            -0.03409254178404808
        ],
        [
            -0.18184012174606323,
            -0.45219555497169495,
            0.04849552735686302
        ],
        [
            -0.035458847880363464,
            -0.6857072710990906,
            0.006279919762164354
        ],
        [
            0.2484758049249649,
            -0.6217225790023804,
            0.019706569612026215
        ],
        [
            0.2616061270236969,
            -0.35227930545806885,
            0.06627801060676575
        ],
        [
            0.18829229474067688,
            -0.15073861181735992,
            -0.03269053250551224
        ],
        [
            0.121555857360363,
            -0.706060528755188,
            -0.010650991462171078
        ],
        [
            0.16094732284545898,
            -0.8892278671264648,
            -0.09375738352537155
        ],
        [
            0.0037996829487383366,
            -0.24799303710460663,
            0.04744608700275421
        ],
        [
            0.10543820261955261,
            -0.6523053646087646,
            0.00934543926268816
        ],
        [
            0.06488058716058731,
            -0.48526445031166077,
            0.04529636353254318
        ],
        [
            0.12958893179893494,
            -0.7805344462394714,
            -0.10701830685138702
        ],
        [
            0.16320645809173584,
            -0.9096897840499878,
            -0.08777310699224472
        ]
    ],
    "pred_vertices": [
        [
            0.1726853847503662,
            -0.8759682178497314,
            -0.18144747614860535
        ],
        [
            0.16189517080783844,
            -0.8631248474121094,
            -0.18263812363147736
        ],
        [
            0.17425426840782166,
            -0.8577800989151001,
            -0.17756694555282593
        ],
        [
            0.1851566731929779,
            -0.867560863494873,
            -0.1723879873752594
        ],
        [
            0.1665946990251541,
            -0.8495051860809326,
            -0.17957249283790588
        ],
        [
            0.1553102433681488,
            -0.8527499437332153,
            -0.18310987949371338
        ],
        [
            0.18285776674747467,
            -0.8512353897094727,
            -0.1687004268169403
        ],
        [
            0.1927063763141632,
            -0.8575104475021362,
            -0.16183526813983917
        ],
        [
            0.1843239665031433,
            -0.8166223764419556,
            -0.15298548340797424
        ],
        [
            0.19014722108840942,
            -0.8121581673622131,
            -0.14447960257530212
        ],
        [
            0.1923953890800476,
            -0.8234861493110657,
            -0.1484302282333374
        ],
        [
            0.1849072277545929,
            -0.8253293633460999,
            -0.15533167123794556
        ],
        [
            0.1793641746044159,
            -0.7921867370605469,
            -0.14436790347099304
        ],
        [
            0.16888394951820374,
            -0.7841506600379944,
            -0.14862196147441864
        ],
        [
            0.17245681583881378,
            -0.7758407592773438,
            -0.13834059238433838
        ],
        [
            0.1819143146276474,
            -0.7837693691253662,
            -0.13295644521713257
        ],
        [
            0.13384893536567688,
            -0.803932785987854,
            -0.16332218050956726
        ],
        [
            0.13796016573905945,
            -0.7962180376052856,
            -0.1628519743680954
        ],
        [
            0.14311063289642334,
            -0.8016865253448486,
            -0.16451071202754974
        ],
        [
            0.1382712721824646,
            -0.8088365793228149,
            -0.16433843970298767
        ],
        [
            0.1252972036600113,
            -0.8150807619094849,
            -0.16795289516448975
        ],
        [
            0.1285250335931778,
            -0.8204277753829956,
            -0.16621313989162445
        ],
        [
            0.12321531772613525,
            -0.8249055743217468,
            -0.17013975977897644
        ],
        [
            0.12031736969947815,
            -0.8185387253761292,
            -0.17306232452392578
        ],
        [
            0.12777477502822876,
            -0.8003638386726379,
            -0.16060373187065125
        ],
        [
            0.13240477442741394,
            -0.7923589944839478,
            -0.15991246700286865
        ],
        [
            0.1301119476556778,
            -0.810479462146759,
            -0.1643252670764923
        ],
        [
            0.12673813104629517,
            -0.8064600825309753,
            -0.1650036722421646
        ],
        [
            0.11936973035335541,
            -0.8004401922225952,
            -0.17264622449874878
        ],
        [
            0.12222301959991455,
            -0.8046615123748779,
            -0.17259320616722107
        ],
        [
            0.11696615815162659,
            -0.8060057163238525,
            -0.17819851636886597
        ],
        [
            0.11492002010345459,
            -0.8011229038238525,
            -0.1761939525604248
        ],
        [
            0.1247297152876854,
            -0.8000198602676392,
            -0.1646217405796051
        ],
        [
            0.12490325421094894,
            -0.8023505210876465,
            -0.1679968237876892
        ],
        [
            0.12113741040229797,
            -0.799199640750885,
            -0.168755903840065
        ],
        [
            0.12052171677350998,
            -0.797838568687439,
            -0.16486896574497223
        ],
        [
            0.12284393608570099,
            -0.8109121322631836,
            -0.1696522831916809
        ],
        [
            0.1182805597782135,
            -0.8128119707107544,
            -0.17564472556114197
        ],
        [
            0.11269564926624298,
            -0.814571738243103,
            -0.18138664960861206
        ],
        [
            0.11078707873821259,
            -0.8059850335121155,
            -0.18331995606422424
        ],
        [
            0.14754840731620789,
            -0.7809568047523499,
            -0.15715697407722473
        ],
        [
            0.14274592697620392,
            -0.7885165214538574,
            -0.16118673980236053
        ],
        [
            0.13708613812923431,
            -0.7851284742355347,
            -0.15885359048843384
        ],
        [
            0.14135965704917908,
            -0.7788909077644348,
            -0.15636396408081055
        ],
        [
            0.12218984216451645,
            -0.794847846031189,
            -0.16140016913414001
        ],
        [
            0.12253250926733017,
            -0.7785826921463013,
            -0.15954355895519257
        ],
        [
            0.12345011532306671,
            -0.7821269631385803,
            -0.16063261032104492
        ],
        [
            0.11675213277339935,
            -0.7841179370880127,
            -0.16276797652244568
        ],
        [
            0.11655675619840622,
            -0.7806400060653687,
            -0.1618313491344452
        ],
        [
            0.15213188529014587,
            -0.7669211626052856,
            -0.1470954567193985
        ],
        [
            0.14521196484565735,
            -0.7669101357460022,
            -0.1495952308177948
        ],
        [
            0.14514198899269104,
            -0.7604888081550598,
            -0.14571624994277954
        ],
        [
            0.1517283171415329,
            -0.7595337629318237,
            -0.14150789380073547
        ],
        [
            0.14254166185855865,
            -0.7556548118591309,
            -0.14282885193824768
        ],
        [
            0.1503082513809204,
            -0.7527445554733276,
            -0.1363605260848999
        ],
        [
            0.13935236632823944,
            -0.7416691184043884,
            -0.13105466961860657
        ],
        [
            0.1449449360370636,
            -0.7464449405670166,
            -0.1332765519618988
        ],
        [
            0.1377985179424286,
            -0.7513007521629333,
            -0.14101919531822205
        ],
        [
            0.13090583682060242,
            -0.7475214600563049,
            -0.1414661556482315
        ],
        [
            0.11749644577503204,
            -0.7541906833648682,
            -0.1472226083278656
        ],
        [
            0.11104296892881393,
            -0.7541595697402954,
            -0.1478930115699768
        ],
        [
            0.11375847458839417,
            -0.7416744232177734,
            -0.1447269469499588
        ],
        [
            0.12188214063644409,
            -0.7437548637390137,
            -0.1433131992816925
        ],
        [
            0.12249566614627838,
            -0.7736499905586243,
            -0.15404075384140015
        ],
        [
            0.12701040506362915,
            -0.7730644345283508,
            -0.1524534821510315
        ],
        [
            0.12679564952850342,
            -0.7741110324859619,
            -0.15499630570411682
        ],
        [
            0.12217509746551514,
            -0.775800347328186,
            -0.1572410762310028
        ],
        [
            0.1308135688304901,
            -0.7721240520477295,
            -0.15160274505615234
        ],
        [
            0.13247691094875336,
            -0.7715489864349365,
            -0.15129324793815613
        ],
        [
            0.13214853405952454,
            -0.7726668119430542,
            -0.1526670753955841
        ],
        [
            0.13058418035507202,
            -0.7728512287139893,
            -0.1523042619228363
        ],
        [
            0.12855282425880432,
            -0.7729494571685791,
            -0.1522853672504425
        ],
        [
            0.12714652717113495,
            -0.7713298797607422,
            -0.15198594331741333
        ],
        [
            0.129734605550766,
            -0.7715314626693726,
            -0.151666522026062
        ],
        [
            0.12283928692340851,
            -0.7711158990859985,
            -0.15350618958473206
        ],
        [
            0.10850012302398682,
            -0.771023154258728,
            -0.15713416039943695
        ],
        [
            0.11252934485673904,
            -0.7707322835922241,
            -0.15682043135166168
        ],
        [
            0.11232331395149231,
            -0.775403618812561,
            -0.15651878714561462
        ],
        [
            0.10898277163505554,
            -0.7759799957275391,
            -0.15683722496032715
        ],
        [
            0.130365788936615,
            -0.7746672630310059,
            -0.15437692403793335
        ],
        [
            0.1332051008939743,
            -0.7755131125450134,
            -0.1548728495836258
        ],
        [
            0.1292179375886917,
            -0.7786400318145752,
            -0.15769638121128082
        ],
        [
            0.12780167162418365,
            -0.7764084339141846,
            -0.15622881054878235
        ],
        [
            0.13613328337669373,
            -0.7766473293304443,
            -0.15586575865745544
        ],
        [
            0.13466888666152954,
            -0.7732902765274048,
            -0.15297117829322815
        ],
        [
            0.13795167207717896,
            -0.7731828689575195,
            -0.15342068672180176
        ],
        [
            0.1316651850938797,
            -0.770010232925415,
            -0.1507720947265625
        ],
        [
            0.13426905870437622,
            -0.7678711414337158,
            -0.14977818727493286
        ],
        [
            0.13496947288513184,
            -0.7701168060302734,
            -0.15142187476158142
        ],
        [
            0.13168321549892426,
            -0.76528000831604,
            -0.14892403781414032
        ],
        [
            0.12871763110160828,
            -0.7687315940856934,
            -0.15072029829025269
        ],
        [
            0.12424762547016144,
            -0.7675817012786865,
            -0.1519806683063507
        ],
        [
            0.1186007559299469,
            -0.7667418718338013,
            -0.15375763177871704
        ],
        [
            0.12087814509868622,
            -0.761902928352356,
            -0.15053284168243408
        ],
        [
            0.12695522606372833,
            -0.7631931304931641,
            -0.14940840005874634
        ],
        [
            0.13216881453990936,
            -0.7818396091461182,
            -0.15841320157051086
        ],
        [
            0.13935044407844543,
            -0.7686172723770142,
            -0.15065929293632507
        ],
        [
            0.14390404522418976,
            -0.7737425565719604,
            -0.15303605794906616
        ],
        [
            0.13866765797138214,
            -0.7642101049423218,
            -0.14853736758232117
        ],
        [
            0.13604900240898132,
            -0.7605607509613037,
            -0.14666470885276794
        ],
        [
            0.1314234435558319,
            -0.7576125860214233,
            -0.14590877294540405
        ],
        [
            0.12447653710842133,
            -0.7555952668190002,
            -0.14656880497932434
        ],
        [
            0.118256114423275,
            -0.7341098785400391,
            -0.13288626074790955
        ],
        [
            0.12833331525325775,
            -0.737093985080719,
            -0.1323746144771576
        ],
        [
            0.15253110229969025,
            -0.8465793132781982,
            -0.17822778224945068
        ],
        [
            0.16122287511825562,
            -0.8436769247055054,
            -0.1779944896697998
        ],
        [
            0.16157695651054382,
            -0.8368805646896362,
            -0.17179656028747559
        ],
        [
            0.16372695565223694,
            -0.8387405872344971,
            -0.1725960075855255
        ],
        [
            0.15810823440551758,
            -0.8408751487731934,
            -0.17468085885047913
        ],
        [
            0.1572675108909607,
            -0.8383945226669312,
            -0.17325465381145477
        ],
        [
            0.1775127649307251,
            -0.8282822370529175,
            -0.15954650938510895
        ],
        [
            0.1719016581773758,
            -0.8306719660758972,
            -0.16297201812267303
        ],
        [
            0.1719783991575241,
            -0.8271065950393677,
            -0.160878524184227
        ],
        [
            0.17794935405254364,
            -0.821556031703949,
            -0.1580115407705307
        ],
        [
            0.16111212968826294,
            -0.8209745287895203,
            -0.16374973952770233
        ],
        [
            0.16645941138267517,
            -0.8214530348777771,
            -0.1621606945991516
        ],
        [
            0.1633855253458023,
            -0.828487753868103,
            -0.16507984697818756
        ],
        [
            0.1595379114151001,
            -0.8280935287475586,
            -0.1663629412651062
        ],
        [
            0.1553092896938324,
            -0.8283722400665283,
            -0.16718542575836182
        ],
        [
            0.15104655921459198,
            -0.8293077945709229,
            -0.1671968698501587
        ],
        [
            0.15028426051139832,
            -0.8242819309234619,
            -0.16550371050834656
        ],
        [
            0.155396968126297,
            -0.8222672939300537,
            -0.1649714708328247
        ],
        [
            0.15181326866149902,
            -0.8435274362564087,
            -0.17432540655136108
        ],
        [
            0.1451379954814911,
            -0.8447400331497192,
            -0.17187795042991638
        ],
        [
            0.14589866995811462,
            -0.8416241407394409,
            -0.17100900411605835
        ],
        [
            0.1514815390110016,
            -0.8403944969177246,
            -0.17343178391456604
        ],
        [
            0.1368444263935089,
            -0.8389344811439514,
            -0.16184328496456146
        ],
        [
            0.13814300298690796,
            -0.8408329486846924,
            -0.1637776792049408
        ],
        [
            0.1348065435886383,
            -0.8429470062255859,
            -0.16422615945339203
        ],
        [
            0.13331113755702972,
            -0.8389768600463867,
            -0.16211828589439392
        ],
        [
            0.13471731543540955,
            -0.8354886770248413,
            -0.16208729147911072
        ],
        [
            0.13750523328781128,
            -0.8369195461273193,
            -0.16219493746757507
        ],
        [
            0.16982880234718323,
            -0.8989185094833374,
            -0.1820923388004303
        ],
        [
            0.15864872932434082,
            -0.8830709457397461,
            -0.18558983504772186
        ],
        [
            0.1862250417470932,
            -0.8896200060844421,
            -0.17363955080509186
        ],
        [
            0.19643144309520721,
            -0.8783745169639587,
            -0.16340704262256622
        ],
        [
            0.20329606533050537,
            -0.8646078705787659,
            -0.15348534286022186
        ],
        [
            0.16182121634483337,
            -0.7700382471084595,
            -0.14320869743824005
        ],
        [
            0.16320475935935974,
            -0.7619858980178833,
            -0.13564768433570862
        ],
        [
            0.17549890279769897,
            -0.7684242725372314,
            -0.12797200679779053
        ],
        [
            0.1732901632785797,
            -0.7598809003829956,
            -0.12007194012403488
        ],
        [
            0.16086801886558533,
            -0.753366231918335,
            -0.1288171112537384
        ],
        [
            0.1464257836341858,
            -0.739646852016449,
            -0.1183551698923111
        ],
        [
            0.15524376928806305,
            -0.7453477382659912,
            -0.12291564047336578
        ],
        [
            0.16877257823944092,
            -0.7525613307952881,
            -0.11078405380249023
        ],
        [
            0.182586669921875,
            -0.7642340064048767,
            -0.1011388972401619
        ],
        [
            0.18434640765190125,
            -0.7691432237625122,
            -0.11216346174478531
        ],
        [
            0.19336560368537903,
            -0.7796615362167358,
            -0.09375713765621185
        ],
        [
            0.1808742880821228,
            -0.7598685622215271,
            -0.08650943636894226
        ],
        [
            0.19346264004707336,
            -0.7804957628250122,
            -0.08424451947212219
        ],
        [
            0.16053509712219238,
            -0.7286858558654785,
            -0.07780908793210983
        ],
        [
            0.161801278591156,
            -0.718519389629364,
            -0.07113692164421082
        ],
        [
            0.17520448565483093,
            -0.72477126121521,
            -0.06063228100538254
        ],
        [
            0.17555464804172516,
            -0.7345881462097168,
            -0.0681222602725029
        ],
        [
            0.18434521555900574,
            -0.775585412979126,
            -0.12206199765205383
        ],
        [
            0.1987425982952118,
            -0.8343378901481628,
            -0.14351481199264526
        ],
        [
            0.1911512166261673,
            -0.8337889909744263,
            -0.15320780873298645
        ],
        [
            0.1989327073097229,
            -0.8221186399459839,
            -0.13825452327728271
        ],
        [
            0.22042614221572876,
            -0.892662763595581,
            -0.13961918652057648
        ],
        [
            0.20933164656162262,
            -0.8872562050819397,
            -0.15387336909770966
        ],
        [
            0.2141493707895279,
            -0.871628999710083,
            -0.1457243263721466
        ],
        [
            0.22467444837093353,
            -0.8787026405334473,
            -0.13359791040420532
        ],
        [
            0.19960016012191772,
            -0.9317747354507446,
            -0.14762093126773834
        ],
        [
            0.18647165596485138,
            -0.917309045791626,
            -0.1678512543439865
        ],
        [
            0.19767963886260986,
            -0.9037719964981079,
            -0.1615065485239029
        ],
        [
            0.20991313457489014,
            -0.9146158695220947,
            -0.1457517147064209
        ],
        [
            0.23096708953380585,
            -0.8813508749008179,
            -0.1220245212316513
        ],
        [
            0.2380584329366684,
            -0.8847458362579346,
            -0.10500919818878174
        ],
        [
            0.23989778757095337,
            -0.9019834399223328,
            -0.10092120617628098
        ],
        [
            0.2307519018650055,
            -0.8999454379081726,
            -0.12163525819778442
        ],
        [
            0.23486946523189545,
            -0.9251299500465393,
            -0.09547258168458939
        ],
        [
            0.22430500388145447,
            -0.9228181838989258,
            -0.12080073356628418
        ],
        [
            0.19180452823638916,
            -0.7695472240447998,
            -0.06956419348716736
        ],
        [
            0.19808675348758698,
            -0.7869609594345093,
            -0.0729912519454956
        ],
        [
            0.175645112991333,
            -0.7464766502380371,
            -0.07772275805473328
        ],
        [
            0.1872086226940155,
            -0.7547857761383057,
            -0.06459523737430573
        ],
        [
            0.22287163138389587,
            -0.9447909593582153,
            -0.08875688910484314
        ],
        [
            0.2118244767189026,
            -0.9432791471481323,
            -0.11935695260763168
        ],
        [
            0.23911350965499878,
            -0.873310923576355,
            -0.05124889314174652
        ],
        [
            0.24309267103672028,
            -0.8883517980575562,
            -0.06363066285848618
        ],
        [
            0.24080383777618408,
            -0.8724477291107178,
            -0.07710716873407364
        ],
        [
            0.23797540366649628,
            -0.8604670763015747,
            -0.06388126313686371
        ],
        [
            0.2360248863697052,
            -0.8871965408325195,
