{
    "pred_cam": [
        1.1658027172088623,
        -0.00927671231329441,
        0.1814446747303009
    ],
    "pred_smpl_params": {
        "global_orient": [
            [
                [
                    0.9720420241355896,
                    0.2335754632949829,
                    0.024016261100769043
                ],
                [
                    0.23360008001327515,
                    -0.9723311066627502,
                    0.0018147629452869296
                ],
                [
                    0.02377563901245594,
                    0.003846174106001854,
                    -0.999709963798523
                ]
            ]
        ],
        "body_pose": [
            [
                [
                    0.9992130994796753,
                    -0.027602560818195343,
                    -0.028483564034104347
                ],
                [
                    0.033727411180734634,
                    0.9692025780677795,
                    0.24394412338733673
                ],
                [
                    0.02087286487221718,
                    -0.24471282958984375,
                    0.9693709015846252
                ]
            ],
            [
                [
                    0.9983657002449036,
                    -0.03798601031303406,
                    0.04269728437066078
                ],
                [
                    0.026103666052222252,
                    0.9677407741546631,
                    0.2505922317504883
                ],
                [
                    -0.0508388951420784,
                    -0.24906811118125916,
                    0.9671507477760315
                ]
            ],
            [
                [
                    0.9994210004806519,
                    0.03393683582544327,
                    0.00242822477594018
                ],
                [
                    -0.032858263701200485,
                    0.9812477827072144,
                    -0.18992945551872253
                ],
                [
                    -0.008828292600810528,
                    0.18973971903324127,
                    0.9817947745323181
                ]
            ],
            [
                [
                    0.9904219508171082,
                    -0.00833160150796175,
                    -0.13782234489917755
                ],
                [
                    -0.09842237085103989,
                    0.6574644446372986,
                    -0.7470298409461975
                ],
                [
                    0.09683725237846375,
                    0.7534394860267639,
                    0.6503471732139587
                ]
            ],
            [
                [
                    0.9892572164535522,
                    -0.055669378489255905,
                    0.1351710855960846
                ],
                [
                    0.13970376551151276,
                    0.6323058605194092,
                    -0.7620185017585754
                ],
                [
                    -0.043048374354839325,
                    0.7727161049842834,
                    0.6332903504371643
                ]
            ],
            [
                [
                    0.9998239278793335,
                    -0.014596452005207539,
                    0.01179023552685976
                ],
                [
                    0.014221025630831718,
                    0.9994081258773804,
                    0.031321968883275986
                ],
                [
                    -0.012240448035299778,
                    -0.03114878386259079,
                    0.9994397163391113
                ]
            ],
            [
                [
                    0.9784517288208008,
                    0.02305600419640541,
                    0.20518410205841064
                ],
                [
                    -0.03951543942093849,
                    0.9962873458862305,
                    0.07648532837629318
                ],
                [
                    -0.20265889167785645,
                    -0.08294516056776047,
                    0.9757301211357117
                ]
            ],
            [
                [
                    0.9828656911849976,
                    -0.00417258171364665,
                    -0.18427616357803345
                ],
                [
                    0.011171704158186913,
                    0.9992543458938599,
                    0.03695990890264511
                ],
                [
                    0.18398453295230865,
                    -0.0383853055536747,
                    0.9821794033050537
                ]
            ],
            [
                [
                    0.9999188780784607,
                    -0.00985344685614109,
                    -0.008072935044765472
                ],
                [
                    0.009161155670881271,
                    0.996613621711731,
                    -0.081714928150177
                ],
                [
                    0.008850771933794022,
                    0.08163434267044067,
                    0.9966230392456055
                ]
            ],
            [
                [
                    0.9897693991661072,
                    -0.11673925071954727,
                    -0.08202722668647766
                ],
                [
                    0.12898001074790955,
                    0.9778896570205688,
                    0.16460852324962616
                ],
                [
                    0.06099730357527733,
                    -0.17350435256958008,
                    0.9829422831535339
                ]
            ],
            [
                [
                    0.9946740865707397,
                    0.10056402534246445,
                    0.022592535242438316
                ],
                [
                    -0.10298871248960495,
                    0.9784486293792725,
                    0.17897386848926544
                ],
                [
                    -0.0041073039174079895,
                    -0.18034742772579193,
                    0.9835944771766663
                ]
            ],
            [
                [
                    0.9853992462158203,
                    0.004774574190378189,
                    -0.17019295692443848
                ],
                [
                    0.006349084433168173,
                    0.9978810548782349,
                    0.06475497037172318
                ],
                [
                    0.17014148831367493,
                    -0.0648900642991066,
                    0.9832808971405029
                ]
            ],
            [
                [
                    0.9283711314201355,
                    0.3715984523296356,
                    0.006444876082241535
                ],
                [
                    -0.3710913062095642,
                    0.9277796149253845,
                    -0.038939401507377625
                ],
                [
                    -0.02044924534857273,
                    0.033758584409952164,
                    0.9992207884788513
                ]
            ],
            [
                [
                    0.9120844006538391,
                    -0.4090716540813446,
                    0.027609793469309807
                ],
                [
                    0.4097039997577667,
                    0.9119204878807068,
                    -0.023318767547607422
                ],
                [
                    -0.015638886019587517,
                    0.032580528408288956,
                    0.9993467330932617
                ]
            ],
            [
                [
                    0.9869757890701294,
                    -0.047855835407972336,
                    -0.15358585119247437
                ],
                [
                    0.015604153275489807,
                    0.9787046909332275,
                    -0.20467911660671234
                ],
                [
                    0.16011029481887817,
                    0.19961676001548767,
                    0.9667046070098877
                ]
            ],
            [
                [
                    0.5468587875366211,
                    0.8043374419212341,
                    -0.2323503941297531
                ],
                [
                    -0.8309184312820435,
                    0.5554190874099731,
                    -0.032926902174949646
                ],
                [
                    0.10256752371788025,
                    0.21107058227062225,
                    0.9720746278762817
                ]
            ],
            [
                [
                    0.5127661228179932,
                    -0.8263058066368103,
                    0.23300136625766754
                ],
                [
                    0.8558923602104187,
                    0.5132564902305603,
                    -0.06337223947048187
                ],
                [
                    -0.06722461432218552,
                    0.23191922903060913,
                    0.9704093933105469
                ]
            ],
            [
                [
                    0.7921514511108398,
                    -0.2070610374212265,
                    -0.5741270184516907
                ],
                [
                    0.13377022743225098,
                    0.976722002029419,
                    -0.1676890254020691
                ],
                [
                    0.5954843759536743,
                    0.05603399500250816,
                    0.8014103770256042
                ]
            ],
            [
                [
                    0.835509717464447,
                    0.16635958850383759,
                    0.523686945438385
                ],
                [
                    -0.04294178634881973,
                    0.9699206352233887,
                    -0.23960375785827637
                ],
                [
                    -0.5477951765060425,
                    0.17770321667194366,
                    0.817521870136261
                ]
            ],
            [
                [
                    0.9991638660430908,
                    -0.032982826232910156,
                    0.024162830784916878
                ],
                [
                    0.03367763012647629,
                    0.9990137815475464,
                    -0.028935307636857033
                ],
                [
                    -0.023184634745121002,
                    0.029724854975938797,
                    0.9992892742156982
                ]
            ],
            [
                [
                    0.9993385672569275,
                    0.0193958543241024,
                    -0.030761931091547012
                ],
                [
                    -0.02098221518099308,
                    0.9984207153320312,
                    -0.0521124042570591
                ],
                [
                    0.02970258705317974,
                    0.05272338539361954,
                    0.9981672763824463
                ]
            ],
            [
                [
                    0.9659202694892883,
                    0.23620858788490295,
                    -0.10584712773561478
                ],
                [
                    -0.21791309118270874,
                    0.9627741575241089,
                    0.15993690490722656
                ],
                [
                    0.13968534767627716,
                    -0.1314208060503006,
                    0.981436014175415
                ]
            ],
            [
                [
                    0.9723979830741882,
                    -0.2209850400686264,
                    0.07488546520471573
                ],
                [
                    0.2043611705303192,
                    0.9615024328231812,
                    0.18371082842350006
                ],
                [
                    -0.11259989440441132,
                    -0.16333633661270142,
                    0.9801238179206848
                ]
            ]
        ],
        "betas": [
            -0.08313727378845215,
            -0.1384655237197876,
            0.018474966287612915,
            0.11557619273662567,
            0.0327720046043396,
            0.05652374401688576,
            0.003850609064102173,
            -0.09419524669647217,
            0.06723563373088837,
            -0.04452139139175415
        ]
    },
    "pred_cam_t": [
        -0.00927671231329441,
        0.1814446747303009,
        33.506954193115234
    ],
    "focal_length": [
        5000.0,
        5000.0
    ],
    "pred_keypoints_3d": [
        [
            0.10831834375858307,
            -0.7988028526306152,
            -0.1820811927318573
        ],
        [
            0.12712204456329346,
            -0.7149479985237122,
            -0.010728180408477783
        ],
        [
            -0.07297499477863312,
            -0.6607938408851624,
            0.009996643289923668
        ],
        [
            -0.1557442545890808,
            -0.4322431683540344,
            0.08028634637594223
        ],
        [
            -0.21709959208965302,
            -0.20471595227718353,
            -0.013058923184871674
        ],
        [
            0.2756067216396332,
            -0.5806339979171753,
            0.018034430220723152
        ],
        [
            0.25847670435905457,
            -0.33284687995910645,
            0.09226524084806442
        ],
        [
            0.25537997484207153,
            -0.11426934599876404,
            -0.024034008383750916
        ],
        [
            -0.0018281533848494291,
            -0.22424109280109406,
            0.02882332354784012
        ],
        [
            -0.08910562098026276,
            -0.15212658047676086,
            0.030924556776881218
        ],
        [
            -0.19602057337760925,
            0.2019767165184021,
            -0.05853068828582764
        ],
        [
            -0.2453537881374359,
            0.48954686522483826,
            0.21016818284988403
        ],
        [
            0.044472165405750275,
            -0.11909820884466171,
            0.03676281124353409
        ],
        [
            0.005102239549160004,
            0.24096688628196716,
            -0.05044562369585037
        ],
        [
            -0.059593215584754944,
            0.5325073003768921,
            0.21001163125038147
        ],
        [
            0.09755201637744904,
            -0.8501464128494263,
            -0.14986824989318848
        ],
        [
            0.1578357219696045,
            -0.8327473402023315,
            -0.17131680250167847
        ],
        [
            0.09100107848644257,
            -0.8596478700637817,
            -0.04705101251602173
        ],
        [
            0.2250531166791916,
            -0.8212071657180786,
            -0.09379266947507858
        ],
        [
            -0.08554548025131226,
            0.6701670289039612,
            0.07081544399261475
        ],
        [
            -0.015932448208332062,
            0.6657379865646362,
            0.11711719632148743
        ],
        [
            -0.0532381534576416,
            0.5331958532333374,
            0.28042423725128174
        ],
        [
            -0.2579268217086792,
            0.6349669694900513,
            0.07700610160827637
        ],
        [
            -0.3284778892993927,
            0.6027234196662903,
            0.11630517244338989
        ],
        [
            -0.2539305090904236,
            0.4930724501609802,
            0.28283268213272095
        ],
        [
            -0.2594509422779083,
            0.4319536089897156,
            0.20147384703159332
        ],
        [
            -0.18105879426002502,
            0.14429372549057007,
            -0.057143524289131165
        ],
        [
            -0.1392776072025299,
            -0.2905905544757843,
            0.037687305361032486
        ],
        [
            0.14521217346191406,
            -0.2060738503932953,
            0.05827315151691437
        ],
        [
            0.023280270397663116,
            0.20549680292606354,
            -0.04952411353588104
        ],
        [
            -0.041655849665403366,
            0.4931122362613678,
            0.21258056163787842
        ],
        [
            -0.197199746966362,
            -0.2279508411884308,
            -0.03267597034573555
        ],
        [
            -0.17837940156459808,
            -0.4534466862678528,
            0.05275851488113403
        ],
        [
            -0.03064114972949028,
            -0.6858144998550415,
            0.00756504712626338
        ],
        [
            0.25456586480140686,
            -0.6192570924758911,
            0.015856949612498283
        ],
        [
            0.2958690822124481,
            -0.34882664680480957,
            0.05995561182498932
        ],
        [
            0.26232796907424927,
            -0.1326322704553604,
            -0.032072197645902634
        ],
        [
            0.12614986300468445,
            -0.7048474550247192,
            -0.011897818185389042
        ],
        [
            0.16654329001903534,
            -0.8883122801780701,
            -0.09701459109783173
        ],
        [
            0.0036734729073941708,
            -0.24827153980731964,
            0.04800264537334442
        ],
        [
            0.11044886708259583,
            -0.6510616540908813,
            0.008188521489501
        ],
        [
            0.06702108681201935,
            -0.48469457030296326,
            0.044064559042453766
        ],
        [
            0.13525213301181793,
            -0.7794614434242249,
            -0.10931253433227539
        ],
        [
            0.16881123185157776,
            -0.9088042974472046,
            -0.09118520468473434
        ]
    ],
    "pred_vertices": [
        [
            0.17866480350494385,
            -0.8742745518684387,
            -0.1845787763595581
        ],
        [
            0.16788795590400696,
            -0.8614218235015869,
            -0.1856994777917862
        ],
        [
            0.1802055537700653,
            -0.8561509251594543,
            -0.1804814487695694
        ],
        [
            0.19107522070407867,
            -0.8659746050834656,
            -0.17536169290542603
        ],
        [
            0.17261669039726257,
            -0.8478577136993408,
            -0.18250024318695068
        ],
        [
            0.16133305430412292,
            -0.851073145866394,
            -0.18613022565841675
        ],
        [
            0.188761904835701,
            -0.8497090339660645,
            -0.17148171365261078
        ],
        [
            0.1985943615436554,
            -0.8560541868209839,
            -0.16464290022850037
        ],
        [
            0.1901898980140686,
            -0.8151900768280029,
            -0.15551263093948364
        ],
        [
            0.19597724080085754,
            -0.8107423782348633,
            -0.14695647358894348
        ],
        [
            0.19825391471385956,
            -0.8220949172973633,
            -0.150992289185524
        ],
        [
            0.19077131152153015,
            -0.8238983154296875,
            -0.15792956948280334
        ],
        [
            0.18516778945922852,
            -0.7908104062080383,
            -0.14669519662857056
        ],
        [
            0.17468300461769104,
            -0.7827417850494385,
            -0.1508941352367401
        ],
        [
            0.17822794616222382,
            -0.7745029926300049,
            -0.1405453383922577
        ],
        [
            0.1876825988292694,
            -0.7824844121932983,
            -0.13519716262817383
        ],
        [
            0.13979220390319824,
            -0.802391767501831,
            -0.16591408848762512
        ],
        [
            0.14387193322181702,
            -0.7946915626525879,
            -0.16533049941062927
        ],
        [
            0.14904102683067322,
            -0.8001439571380615,
            -0.16703110933303833
        ],
        [
            0.14421962201595306,
            -0.8072993755340576,
            -0.16694732010364532
        ],
        [
            0.1312732696533203,
            -0.8135392665863037,
            -0.17071472108364105
        ],
        [
            0.1345038264989853,
            -0.8188968896865845,
            -0.1689973622560501
        ],
        [
            0.12921786308288574,
            -0.8233470916748047,
            -0.17301777005195618
        ],
        [
            0.12631648778915405,
            -0.8169525861740112,
            -0.1758931577205658
        ],
        [
            0.13369473814964294,
            -0.7988486289978027,
            -0.1632145345211029
        ],
        [
            0.13828352093696594,
            -0.7908471822738647,
            -0.16241267323493958
        ],
        [
            0.1360677182674408,
            -0.8089497089385986,
            -0.16699546575546265
        ],
        [
            0.13269709050655365,
            -0.804926872253418,
            -0.16768908500671387
        ],
        [
            0.12534628808498383,
            -0.7988599538803101,
            -0.17531830072402954
        ],
        [
            0.12820637226104736,
            -0.8030778169631958,
            -0.1752949059009552
        ],
        [
            0.12297308444976807,
            -0.8043739795684814,
            -0.1809472143650055
        ],
        [
            0.1209045946598053,
            -0.799511194229126,
            -0.17889699339866638
        ],
        [
            0.13065743446350098,
            -0.7985013723373413,
            -0.16726002097129822
        ],
        [
            0.13085925579071045,
            -0.8008041381835938,
            -0.17066547274589539
        ],
        [
            0.1270863115787506,
            -0.7976528406143188,
            -0.17140735685825348
        ],
        [
            0.1264384686946869,
            -0.796324610710144,
            -0.16750332713127136
        ],
        [
            0.1288234442472458,
            -0.8093522191047668,
            -0.172414630651474
        ],
        [
            0.12428659945726395,
            -0.8112013936042786,
            -0.17845314741134644
        ],
        [
            0.1187254935503006,
            -0.8129141330718994,
            -0.18423967063426971
        ],
        [
            0.1168108582496643,
            -0.8043111562728882,
            -0.18610025942325592
        ],
        [
            0.15338659286499023,
            -0.7794638872146606,
            -0.15948395431041718
        ],
        [
            0.148613840341568,
            -0.7870039939880371,
            -0.16359254717826843
        ],
        [
            0.14294499158859253,
            -0.7836163640022278,
            -0.16127365827560425
        ],
        [
            0.14718905091285706,
            -0.7773823142051697,
            -0.15872366726398468
        ],
        [
            0.1280868947505951,
            -0.7933502793312073,
            -0.1640019416809082
        ],
        [
            0.1283787488937378,
            -0.7770650386810303,
            -0.16198435425758362
        ],
        [
            0.12931309640407562,
            -0.7806093692779541,
            -0.16310344636440277
        ],
        [
            0.12263272702693939,
            -0.7825877666473389,
            -0.16528365015983582
        ],
        [
            0.12242132425308228,
            -0.7791076898574829,
            -0.1643083393573761
        ],
        [
            0.1579214632511139,
            -0.7654799818992615,
            -0.1493130922317505
        ],
        [
            0.15101760625839233,
            -0.765426516532898,
            -0.15185487270355225
        ],
        [
            0.15091969072818756,
            -0.7590404152870178,
            -0.14791157841682434
        ],
        [
            0.1574888527393341,
            -0.7581409215927124,
            -0.1436685174703598
        ],
        [
            0.1483018398284912,
            -0.7542383670806885,
            -0.14497831463813782
        ],
        [
            0.15603363513946533,
            -0.7514112591743469,
            -0.13845454156398773
        ],
        [
            0.1450168639421463,
            -0.7404152154922485,
            -0.13308992981910706
        ],
        [
            0.15063907206058502,
            -0.7451494336128235,
            -0.13534681499004364
        ],
        [
            0.1435391902923584,
            -0.7499139308929443,
            -0.1431404948234558
        ],
        [
            0.1366480588912964,
            -0.7461230754852295,
            -0.14357799291610718
        ],
        [
            0.12325014919042587,
            -0.7527427673339844,
            -0.14943549036979675
        ],
        [
            0.11680968105792999,
            -0.7527087330818176,
            -0.15012840926647186
        ],
        [
            0.11948822438716888,
            -0.7402681708335876,
            -0.14682215452194214
        ],
        [
            0.1276395618915558,
            -0.7423582077026367,
            -0.14541348814964294
        ],
        [
            0.12830990552902222,
            -0.7721539735794067,
            -0.15642723441123962
        ],
        [
            0.132811039686203,
            -0.7715766429901123,
            -0.15482255816459656
        ],
        [
            0.13261111080646515,
            -0.7726031541824341,
            -0.15738195180892944
        ],
        [
            0.1280020922422409,
            -0.7742817401885986,
            -0.15964724123477936
        ],
        [
            0.13661734759807587,
            -0.7706257104873657,
            -0.1539621651172638
        ],
        [
            0.13828781247138977,
            -0.7700487375259399,
            -0.15364482998847961
        ],
        [
            0.13796110451221466,
            -0.7711590528488159,
            -0.1550348401069641
        ],
        [
            0.13638687133789062,
            -0.7713558673858643,
            -0.15467865765094757
        ],
        [
            0.13435237109661102,
            -0.7714569568634033,
            -0.15465636551380157
        ],
        [
            0.13293711841106415,
            -0.7698456645011902,
            -0.15433388948440552
        ],
        [
            0.13553392887115479,
            -0.7700377702713013,
            -0.15401104092597961
        ],
        [
            0.12863947451114655,
            -0.7696205377578735,
            -0.15586179494857788
        ],
        [
            0.11433239281177521,
            -0.7695157527923584,
            -0.15953707695007324
        ],
        [
            0.11835256963968277,
            -0.7692169547080994,
            -0.1592109650373459
        ],
        [
            0.1181631088256836,
            -0.7739101648330688,
            -0.1589508056640625
        ],
        [
            0.11483363807201385,
            -0.77449631690979,
            -0.1592717468738556
        ],
        [
            0.13618123531341553,
            -0.7731736302375793,
            -0.15677405893802643
        ],
        [
            0.13903209567070007,
            -0.7739981412887573,
            -0.15726101398468018
        ],
        [
            0.13505706191062927,
            -0.7771218419075012,
            -0.16011619567871094
        ],
        [
            0.13363003730773926,
            -0.7748937606811523,
            -0.1586328148841858
        ],
        [
            0.1419665515422821,
            -0.7751309871673584,
            -0.15825198590755463
        ],
        [
            0.1404905915260315,
            -0.7717738747596741,
            -0.1553405523300171
        ],
        [
            0.14377820491790771,
            -0.7716766595840454,
            -0.15577933192253113
        ],
        [
            0.13746294379234314,
            -0.7685185670852661,
            -0.15310052037239075
        ],
        [
            0.14006735384464264,
            -0.7663853168487549,
            -0.15208157896995544
        ],
        [
            0.1407814919948578,
            -0.7686129808425903,
            -0.15375712513923645
        ],
        [
            0.13746269047260284,
            -0.7638043761253357,
            -0.15120291709899902
        ],
        [
            0.13450288772583008,
            -0.7672460079193115,
            -0.15303602814674377
        ],
        [
            0.1300390213727951,
            -0.7660863399505615,
            -0.1542961597442627
        ],
        [
            0.12439659237861633,
            -0.7652413845062256,
            -0.15607711672782898
        ],
        [
            0.12665513157844543,
            -0.7604211568832397,
            -0.1528012752532959
        ],
        [
            0.13273054361343384,
            -0.7617185115814209,
            -0.15167272090911865
        ],
        [
            0.13801608979701996,
            -0.7803277969360352,
            -0.1608588695526123
        ],
        [
            0.14515584707260132,
            -0.767126202583313,
            -0.15295815467834473
        ],
        [
            0.1497195065021515,
            -0.7722427845001221,
            -0.15535447001457214
        ],
        [
            0.14445622265338898,
            -0.7627350091934204,
            -0.15079452097415924
        ],
        [
            0.14181895554065704,
            -0.7591116428375244,
            -0.1488817036151886
        ],
        [
            0.13719773292541504,
            -0.7561658620834351,
            -0.14810048043727875
        ],
        [
            0.13022711873054504,
            -0.7541463375091553,
            -0.1487809121608734
        ],
        [
            0.12391035258769989,
            -0.7328599691390991,
            -0.13490407168865204
        ],
        [
            0.13400806486606598,
            -0.7358548641204834,
            -0.13440382480621338
        ],
        [
            0.15853948891162872,
            -0.8449878692626953,
            -0.1811562031507492
        ],
        [
            0.1672336459159851,
            -0.8420648574829102,
            -0.18087342381477356
        ],
        [
            0.16753719747066498,
            -0.8353158831596375,
            -0.17459845542907715
        ],
        [
            0.16969245672225952,
            -0.8371496796607971,
            -0.17541547119617462
        ],
        [
            0.16409452259540558,
            -0.8392990231513977,
            -0.17753824591636658
        ],
        [
            0.16324083507061005,
            -0.8368449211120605,
            -0.17606021463871002
        ],
        [
            0.18338792026042938,
            -0.826831042766571,
            -0.16220450401306152
        ],
        [
            0.17779426276683807,
            -0.8291895389556885,
            -0.16567009687423706
        ],
        [
            0.17786389589309692,
            -0.8256232738494873,
            -0.16354210674762726
        ],
        [
            0.18381814658641815,
            -0.820091724395752,
            -0.16061685979366302
        ],
        [
            0.16703574359416962,
            -0.8194490671157837,
            -0.1663859784603119
        ],
        [
            0.17236047983169556,
            -0.8199382424354553,
            -0.16478809714317322
        ],
        [
            0.16931456327438354,
            -0.8269631862640381,
            -0.16780151426792145
        ],
        [
            0.16547267138957977,
            -0.826563835144043,
            -0.16908669471740723
        ],
        [
            0.16125532984733582,
            -0.8268339037895203,
            -0.16991785168647766
        ],
        [
            0.15701255202293396,
            -0.8277684450149536,
            -0.1699627935886383
        ],
        [
            0.15624044835567474,
            -0.8227573037147522,
            -0.16820335388183594
        ],
        [
            0.16133058071136475,
            -0.8207484483718872,
            -0.16763454675674438
        ],
        [
            0.15780505537986755,
            -0.8419684171676636,
            -0.17726650834083557
        ],
        [
            0.15112480521202087,
            -0.8431984782218933,
            -0.17481006681919098
        ],
        [
            0.15189412236213684,
            -0.8401049971580505,
            -0.17390702664852142
        ],
        [
            0.15747545659542084,
            -0.8388551473617554,
            -0.1762959361076355
        ],
        [
            0.14281274378299713,
            -0.8374685049057007,
            -0.16476945579051971
        ],
        [
            0.14411289989948273,
            -0.8393551111221313,
            -0.16671472787857056
        ],
        [
            0.14078548550605774,
            -0.8414860963821411,
            -0.1671794354915619
        ],
        [
            0.13928158581256866,
            -0.8375205397605896,
            -0.16505709290504456
        ],
        [
            0.14068853855133057,
            -0.834011435508728,
            -0.16499409079551697
        ],
        [
            0.14346952736377716,
            -0.8354383707046509,
            -0.16510127484798431
        ],
        [
            0.17579799890518188,
            -0.8971854448318481,
            -0.1854696422815323
        ],
        [
            0.16463598608970642,
            -0.8814328908920288,
            -0.18880636990070343
        ],
        [
            0.19213590025901794,
            -0.8880379796028137,
            -0.17685213685035706
        ],
        [
            0.20230494439601898,
            -0.8769107460975647,
            -0.1663990318775177
        ],
        [
            0.20908579230308533,
            -0.8632455468177795,
            -0.15634748339653015
        ],
        [
            0.16760776937007904,
            -0.768650472164154,
            -0.1454084813594818
        ],
        [
            0.1689503937959671,
            -0.7606630325317383,
            -0.13777822256088257
        ],
        [
            0.1812392920255661,
            -0.7671665549278259,
            -0.1300964653491974
        ],
        [
            0.17898333072662354,
            -0.7586914896965027,
            -0.12216225266456604
        ],
        [
            0.1665705293416977,
            -0.7521101236343384,
            -0.1308925747871399
        ],
        [
            0.15202292799949646,
            -0.7385423183441162,
            -0.1203990951180458
        ],
        [
            0.16088628768920898,
            -0.7441608905792236,
            -0.12496776133775711
        ],
        [
            0.1744040846824646,
            -0.7514629364013672,
            -0.11286360025405884
        ],
        [
            0.18826651573181152,
            -0.763124942779541,
            -0.10326078534126282
        ],
        [
            0.19007286429405212,
            -0.7680022120475769,
            -0.11427024751901627
        ],
        [
            0.19900503754615784,
            -0.7786409258842468,
            -0.09596417844295502
        ],
        [
            0.18645957112312317,
            -0.7588104605674744,
            -0.08869217336177826
        ],
        [
            0.19904351234436035,
            -0.7795574069023132,
            -0.0864577665925026
        ],
        [
            0.1658896803855896,
            -0.7276567220687866,
            -0.08014484494924545
        ],
        [
            0.1671057641506195,
            -0.7173413038253784,
            -0.07358118891716003
        ],
        [
            0.1805986762046814,
            -0.7235066890716553,
            -0.06310760974884033
        ],
        [
            0.18094925582408905,
            -0.7334883213043213,
            -0.07049284130334854
        ],
        [
            0.19010049104690552,
            -0.7743818759918213,
            -0.12421971559524536
        ],
        [
            0.2044704109430313,
            -0.8330464363098145,
            -0.14617635309696198
        ],
        [
            0.1970072090625763,
            -0.8323891758918762,
            -0.15586018562316895
        ],
        [
            0.204670250415802,
            -0.8208418488502502,
            -0.14079512655735016
        ],
        [
            0.22609466314315796,
            -0.891394853591919,
            -0.1425642967224121
        ],
        [
            0.21502554416656494,
            -0.8858963847160339,
            -0.1566930115222931
        ],
        [
            0.2198290228843689,
            -0.8703281879425049,
            -0.1485300362110138
        ],
        [
            0.23025640845298767,
            -0.8774726390838623,
            -0.13640841841697693
        ],
        [
            0.20540620386600494,
            -0.9304656982421875,
            -0.1511339396238327
        ],
        [
            0.19233229756355286,
            -0.9157357215881348,
            -0.17134371399879456
        ],
        [
            0.2034759372472763,
            -0.9023448824882507,
            -0.16470998525619507
        ],
        [
            0.21568523347377777,
            -0.9133902788162231,
            -0.14898256957530975
        ],
        [
            0.23660677671432495,
            -0.8802287578582764,
            -0.12483520805835724
        ],
        [
            0.2436734288930893,
            -0.8837863206863403,
            -0.10786315053701401
        ],
        [
            0.24549496173858643,
            -0.9009883403778076,
            -0.10390748083591461
        ],
        [
            0.23636901378631592,
            -0.8987827301025391,
            -0.1246352344751358
        ],
        [
            0.24048012495040894,
            -0.9242883920669556,
            -0.09871141612529755
        ],
        [
            0.22998425364494324,
            -0.921744167804718,
            -0.1240721344947815
        ],
        [
            0.19735094904899597,
            -0.7685869932174683,
            -0.07181686162948608
        ],
        [
            0.2035934031009674,
            -0.7861047387123108,
            -0.0752064436674118
        ],
        [
            0.18108978867530823,
            -0.7454564571380615,
            -0.07996799051761627
        ],
        [
            0.19269120693206787,
            -0.7537433505058289,
            -0.06689994037151337
        ],
        [
            0.22846032679080963,
            -0.9440277814865112,
            -0.09223166108131409
        ],
        [
            0.21751779317855835,
            -0.9422440528869629,
            -0.12286141514778137
        ],
        [
            0.24457284808158875,
            -0.8728717565536499,
            -0.05393850803375244
        ],
        [
            0.24849429726600647,
            -0.8877710103988647,
            -0.06644268333911896
        ],
        [
            0.24630627036094666,
            -0.8717688918113708,
            -0.07981643080711365
        ],
        [
            0.2434617429971695,
            -0.8599613904953003,
            -0.06652836501598358
        ],
        [
            0.2414477914571762,
