{
    "pred_cam": [
        1.5280585289001465,
        0.050672613084316254,
        0.3495883345603943
    ],
    "pred_smpl_params": {
        "global_orient": [
            [
                [
                    -0.8343758583068848,
                    0.08309317380189896,
                    -0.5448967814445496
                ],
                [
                    0.04049571976065636,
                    -0.9766591191291809,
                    -0.21094337105751038
                ],
                [
                    -0.5497063398361206,
                    -0.19807204604148865,
                    0.8115358948707581
                ]
            ]
        ],
        "body_pose": [
            [
                [
                    0.9981429576873779,
                    -0.019304458051919937,
                    -0.05777452141046524
                ],
                [
                    0.02792016975581646,
                    0.9879465699195862,
                    0.15225642919540405
                ],
                [
                    0.0541389100253582,
                    -0.15358677506446838,
                    0.9866508841514587
                ]
            ],
            [
                [
                    0.99083012342453,
                    -0.03297495096921921,
                    -0.13102801144123077
                ],
                [
                    0.030156688764691353,
                    0.9992703795433044,
                    -0.02343573421239853
                ],
                [
                    0.13170520961284637,
                    0.019269458949565887,
                    0.9911016225814819
                ]
            ],
            [
                [
                    0.9942695498466492,
                    0.013979391194880009,
                    0.10598388314247131
                ],
                [
                    1.87260902748676e-05,
                    0.9913901686668396,
                    -0.13094115257263184
                ],
                [
                    -0.1069018542766571,
                    0.13019278645515442,
                    0.9857087731361389
                ]
            ],
            [
                [
                    0.9954399466514587,
                    0.0020706020295619965,
                    -0.0953676700592041
                ],
                [
                    -0.030504202470183372,
                    0.9541771411895752,
                    -0.2976837456226349
                ],
                [
                    0.09038125723600388,
                    0.29923540353775024,
                    0.9498891830444336
                ]
            ],
            [
                [
                    0.9695266485214233,
                    -0.24496996402740479,
                    0.002798154717311263
                ],
                [
                    0.20630967617034912,
                    0.810253381729126,
                    -0.548566997051239
                ],
                [
                    0.1321152299642563,
                    0.5324276089668274,
                    0.8361018896102905
                ]
            ],
            [
                [
                    0.9959407448768616,
                    0.021136391907930374,
                    0.08749371021986008
                ],
                [
                    -0.014423717744648457,
                    0.9969533681869507,
                    -0.07665488868951797
                ],
                [
                    -0.08884735405445099,
                    0.07508175075054169,
                    0.9932113289833069
                ]
            ],
            [
                [
                    0.9878492951393127,
                    0.039616409689188004,
                    0.15028096735477448
                ],
                [
                    -0.04078354686498642,
                    0.9991570115089417,
                    0.004691103007644415
                ],
                [
                    -0.14996843039989471,
                    -0.010763092897832394,
                    0.9886322617530823
                ]
            ],
            [
                [
                    0.9856432676315308,
                    0.0825771614909172,
                    -0.14726966619491577
                ],
                [
                    -0.06330208480358124,
                    0.9893485903739929,
                    0.13108141720294952
                ],
                [
                    0.15652534365653992,
                    -0.11987704038619995,
                    0.9803720712661743
                ]
            ],
            [
                [
                    0.9962043762207031,
                    0.009766054339706898,
                    0.08649586886167526
                ],
                [
                    -0.006160404998809099,
                    0.9991047382354736,
                    -0.041855037212371826
                ],
                [
                    -0.08682718127965927,
                    0.04116331785917282,
                    0.9953726530075073
                ]
            ],
            [
                [
                    0.9918542504310608,
                    -0.11961676925420761,
                    0.04378262907266617
                ],
                [
                    0.11733309924602509,
                    0.9917578101158142,
                    0.051470909267663956
                ],
                [
                    -0.049578551203012466,
                    -0.04591448977589607,
                    0.9977142214775085
                ]
            ],
            [
                [
                    0.9967988729476929,
                    -0.02839004062116146,
                    -0.07473944127559662
                ],
                [
                    0.030787577852606773,
                    0.9990412592887878,
                    0.031124146655201912
                ],
                [
                    0.07378417253494263,
                    -0.03332556411623955,
                    0.9967172741889954
                ]
            ],
            [
                [
                    0.9754101037979126,
                    0.04748676344752312,
                    0.21522116661071777
                ],
                [
                    -0.030061019584536552,
                    0.9960517287254333,
                    -0.08353012800216675
                ],
                [
                    -0.2183379977941513,
                    0.07500635832548141,
                    0.9729864001274109
                ]
            ],
            [
                [
                    0.9401198625564575,
                    0.3082447350025177,
                    -0.14546453952789307
                ],
                [
                    -0.30175313353538513,
                    0.9511458873748779,
                    0.06531879305839539
                ],
                [
                    0.15849217772483826,
                    -0.017513100057840347,
                    0.9872049689292908
                ]
            ],
            [
                [
                    0.9127743244171143,
                    -0.3295857310295105,
                    0.2412802278995514
                ],
                [
                    0.33038973808288574,
                    0.9430657625198364,
                    0.03833610191941261
                ],
                [
                    -0.24017813801765442,
                    0.04472428932785988,
                    0.9696979522705078
                ]
            ],
            [
                [
                    0.9884704947471619,
                    0.11860998719930649,
                    0.09411555528640747
                ],
                [
                    -0.07093741744756699,
                    0.9119119048118591,
                    -0.4042085111141205
                ],
                [
                    -0.1337682604789734,
                    0.3928718864917755,
                    0.9098119139671326
                ]
            ],
            [
                [
                    0.506842851638794,
                    0.7340282201766968,
                    -0.45200982689857483
                ],
                [
                    -0.8257393836975098,
                    0.5639617443084717,
                    -0.010080081410706043
                ],
                [
                    0.2475171685218811,
                    0.3783513307571411,
                    0.8919559717178345
                ]
            ],
            [
                [
                    0.4823302626609802,
                    -0.743691086769104,
                    0.46290501952171326
                ],
                [
                    0.7790746092796326,
                    0.6057817935943604,
                    0.1614656001329422
                ],
                [
                    -0.40049996972084045,
                    0.28275781869888306,
                    0.8715777397155762
                ]
            ],
            [
                [
                    -0.09900017082691193,
                    -0.42451658844947815,
                    -0.8999913930892944
                ],
                [
                    0.009694710373878479,
                    0.9039801359176636,
                    -0.42746445536613464
                ],
                [
                    0.9950401782989502,
                    -0.05104421079158783,
                    -0.08537862449884415
                ]
            ],
            [
                [
                    0.07561895251274109,
                    0.3394489884376526,
                    0.9375799894332886
                ],
                [
                    -0.18131999671459198,
                    0.9292769432067871,
                    -0.32181888818740845
                ],
                [
                    -0.9805126190185547,
                    -0.14566636085510254,
                    0.13181984424591064
                ]
            ],
            [
                [
                    0.9851253032684326,
                    -0.14408010244369507,
                    -0.09364303201436996
                ],
                [
                    0.15822483599185944,
                    0.9731351137161255,
                    0.167250856757164
                ],
                [
                    0.06702980399131775,
                    -0.1795797199010849,
                    0.9814570546150208
                ]
            ],
            [
                [
                    0.9844139218330383,
                    0.15640275180339813,
                    0.08041973412036896
                ],
                [
                    -0.1619672030210495,
                    0.9844469428062439,
                    0.06805010139942169
                ],
                [
                    -0.06852573901414871,
                    -0.08001483231782913,
                    0.9944353699684143
                ]
            ],
            [
                [
                    0.9753129482269287,
                    0.20565471053123474,
                    -0.08044137060642242
                ],
                [
                    -0.19733786582946777,
                    0.9751726984977722,
                    0.10047899931669235
                ],
                [
                    0.09910820424556732,
                    -0.08212433755397797,
                    0.9916819930076599
                ]
            ],
            [
                [
                    0.9732396602630615,
                    -0.22585710883140564,
                    0.042346250265836716
                ],
                [
                    0.2199501395225525,
                    0.9689550399780273,
                    0.11290746182203293
                ],
                [
                    -0.06653256714344025,
                    -0.10057194530963898,
                    0.9927027821540833
                ]
            ]
        ],
        "betas": [
            -0.26161226630210876,
            -0.30650773644447327,
            0.3041328489780426,
            0.5013768076896667,
            0.24389703571796417,
            -0.06531824916601181,
            -0.018971771001815796,
            -0.0803869366645813,
            0.004391089081764221,
            -0.08385032415390015
        ]
    },
    "pred_cam_t": [
        0.050672613084316254,
        0.3495883345603943,
        25.56348419189453
    ],
    "focal_length": [
        5000.0,
        5000.0
    ],
    "pred_keypoints_3d": [
        [
            -0.15622416138648987,
            -0.783207893371582,
            0.012886682525277138
        ],
        [
            0.010829882696270943,
            -0.731432318687439,
            -0.04880974069237709
        ],
        [
            0.12142251431941986,
            -0.6494080424308777,
            0.10373993217945099
        ],
        [
            0.08866239339113235,
            -0.41934019327163696,
            0.1909797489643097
        ],
        [
            -0.14303892850875854,
            -0.47985774278640747,
            0.25664615631103516
        ],
        [
            -0.10654252022504807,
            -0.6232744455337524,
            -0.17041875422000885
        ],
        [
            -0.16074803471565247,
            -0.37502753734588623,
            -0.16501569747924805
        ],
        [
            -0.22713641822338104,
            -0.44850945472717285,
            0.056402772665023804
        ],
        [
            -0.0018126736395061016,
            -0.22750531136989594,
            0.02905169501900673
        ],
        [
            0.04982107877731323,
            -0.14113490283489227,
            0.08135397732257843
        ],
        [
            0.04886896163225174,
            0.22511519491672516,
            0.15004964172840118
        ],
        [
            0.02577798254787922,
            0.5487836599349976,
            -0.06139737367630005
        ],
        [
            -0.06443088501691818,
            -0.13408809900283813,
            0.003339771181344986
        ],
        [
            -0.15554282069206238,
            0.20671680569648743,
            0.0953340232372284
        ],
        [
            -0.13613572716712952,
            0.5928564071655273,
            0.08328981697559357
        ],
        [
            -0.13572636246681213,
            -0.8368132710456848,
            0.03250647336244583
        ],
        [
            -0.1589466631412506,
            -0.8275396823883057,
            -0.02889026701450348
        ],
        [
            -0.035225704312324524,
            -0.8697925806045532,
            0.03499096259474754
        ],
        [
            -0.089834064245224,
            -0.8495583534240723,
            -0.10062862932682037
        ],
        [
            -0.23894138634204865,
            0.6365834474563599,
            0.2477514147758484
        ],
        [
            -0.2689208686351776,
            0.6445572972297668,
            0.16985417902469635
        ],
        [
            -0.11010636389255524,
            0.6292687058448792,
            0.03320830315351486
        ],
        [
            -0.03838122636079788,
            0.6484270095825195,
            0.0956871509552002
        ],
        [
            0.044507429003715515,
            0.6527960300445557,
            0.06971612572669983
        ],
        [
            0.04221811518073082,
            0.5709612369537354,
            -0.12560246884822845
        ],
        [
            0.06006871908903122,
            0.49921247363090515,
            -0.055145762860774994
        ],
        [
            0.050245560705661774,
            0.16173961758613586,
            0.14841753244400024
        ],
        [
            0.128963440656662,
            -0.2634558379650116,
            0.09843422472476959
        ],
        [
            -0.11043697595596313,
            -0.2330753654241562,
            -0.0747683048248291
        ],
        [
            -0.1573549509048462,
            0.1656159907579422,
            0.07965116947889328
        ],
        [
            -0.131037175655365,
            0.559179961681366,
            0.05603967607021332
        ],
        [
            -0.12079788744449615,
            -0.5041725635528564,
            0.2350192666053772
        ],
        [
            0.08748510479927063,
            -0.45585060119628906,
            0.2180636078119278
        ],
        [
            0.09828440845012665,
            -0.678447425365448,
            0.07328541576862335
        ],
        [
            -0.08400881290435791,
            -0.6541672945022583,
            -0.15838420391082764
        ],
        [
            -0.19573119282722473,
            -0.4165566861629486,
            -0.16928094625473022
        ],
        [
            -0.224044531583786,
            -0.4632435739040375,
            0.035756438970565796
        ],
        [
            0.0022147726267576218,
            -0.7217479944229126,
            -0.04443146660923958
        ],
        [
            -0.10079438239336014,
            -0.9006357789039612,
            -0.029431357979774475
        ],
        [
            0.008733698166906834,
            -0.24830405414104462,
            0.01094336248934269
        ],
        [
            0.00772154051810503,
            -0.663618803024292,
            -0.03991960361599922
        ],
        [
            0.03065221756696701,
            -0.48992666602134705,
            -0.03644084185361862
        ],
        [
            -0.08385606110095978,
            -0.7868973016738892,
            -0.02099032886326313
        ],
        [
            -0.10083340108394623,
            -0.9206557273864746,
            -0.028454285115003586
        ]
    ],
    "pred_vertices": [
        [
            -0.1845201998949051,
            -0.8684108853340149,
            -0.038976989686489105
        ],
        [
            -0.1816452443599701,
            -0.8535934686660767,
            -0.031024184077978134
        ],
        [
            -0.17619137465953827,
            -0.8523638844490051,
            -0.04452987760305405
        ],
        [
            -0.1750694215297699,
            -0.8646278381347656,
            -0.05332231894135475
        ],
        [
            -0.17574238777160645,
            -0.8421376347541809,
            -0.038715507835149765
        ],
        [
            -0.1782434582710266,
            -0.8423316478729248,
            -0.026759421452879906
        ],
        [
            -0.16735363006591797,
            -0.8495733737945557,
            -0.05471397563815117
        ],
        [
            -0.16367998719215393,
            -0.8590860366821289,
            -0.06370151042938232
        ],
        [
            -0.1442871242761612,
            -0.8206610679626465,
            -0.06486785411834717
        ],
        [
            -0.13579535484313965,
            -0.8197101354598999,
            -0.07218936085700989
        ],
        [
            -0.14222359657287598,
            -0.8303394317626953,
            -0.0711057037115097
        ],
        [
            -0.14844009280204773,
            -0.8287242650985718,
            -0.06303969770669937
        ],
        [
            -0.13008874654769897,
            -0.798929750919342,
            -0.06524740159511566
        ],
        [
            -0.1309901773929596,
            -0.7882076501846313,
            -0.05644960701465607
        ],
        [
            -0.11987876892089844,
            -0.7835736274719238,
            -0.062066808342933655
        ],
        [
            -0.11739180237054825,
            -0.7942402958869934,
            -0.0701427087187767
        ],
        [
            -0.1452137529850006,
            -0.7966487407684326,
            -0.0179502721875906
        ],
        [
            -0.14346496760845184,
            -0.790270984172821,
            -0.023430373519659042
        ],
        [
            -0.14705882966518402,
            -0.7959437966346741,
            -0.0272049643099308
        ],
        [
            -0.14791369438171387,
            -0.8017992377281189,
            -0.021157171577215195
        ],
        [
            -0.15133827924728394,
            -0.8042863607406616,
            -0.007036300376057625
        ],
        [
            -0.15125997364521027,
            -0.8103607892990112,
            -0.009080769494175911
        ],
        [
            -0.15561100840568542,
            -0.8125160336494446,
            -0.0028117019683122635
        ],
        [
            -0.15657806396484375,
            -0.8053073883056641,
            -0.001200508326292038
        ],
        [
            -0.1409861445426941,
            -0.7927583456039429,
            -0.013091625645756721
        ],
        [
            -0.13886259496212006,
            -0.7864559888839722,
            -0.019014820456504822
        ],
        [
            -0.14728137850761414,
            -0.8017539978027344,
            -0.0130538921803236
        ],
        [
            -0.14640679955482483,
            -0.7973198890686035,
            -0.010414824821054935
        ],
        [
            -0.15188288688659668,
            -0.7881509065628052,
            -0.004223156720399857
        ],
        [
            -0.1531771570444107,
            -0.7927008271217346,
            -0.006183701567351818
        ],
        [
            -0.15832781791687012,
            -0.7914772033691406,
            -0.0005657719448208809
        ],
        [
            -0.15498587489128113,
            -0.7869162559509277,
            0.000364912673830986
        ],
        [
            -0.1444820910692215,
            -0.7906745076179504,
            -0.010213823057711124
        ],
        [
            -0.14834903180599213,
            -0.7921867370605469,
            -0.009705135598778725
        ],
        [
            -0.147929385304451,
            -0.7883099317550659,
            -0.006577125750482082
        ],
        [
            -0.14369377493858337,
            -0.7878281474113464,
            -0.006360811181366444
        ],
        [
            -0.1515510380268097,
            -0.7994778156280518,
            -0.005615084432065487
        ],
        [
            -0.1575140804052353,
            -0.79883873462677,
            -0.0005188081413507462
        ],
        [
            -0.1628173589706421,
            -0.797958254814148,
            0.005693657323718071
        ],
        [
            -0.1623743623495102,
            -0.789044201374054,
            0.006104150786995888
        ],
        [
            -0.13585339486598969,
            -0.7790942192077637,
            -0.035863544791936874
        ],
        [
            -0.14070439338684082,
            -0.7842854261398315,
            -0.029815683141350746
        ],
        [
            -0.13678881525993347,
            -0.7809274196624756,
            -0.024948101490736008
        ],
        [
            -0.13361535966396332,
            -0.7764223217964172,
            -0.030338948592543602
        ],
        [
            -0.13970041275024414,
            -0.7863403558731079,
            -0.008535237982869148
        ],
        [
            -0.1343710720539093,
            -0.7717686891555786,
            -0.011790445074439049
        ],
        [
            -0.13617590069770813,
            -0.775009036064148,
            -0.012016821652650833
        ],
        [
            -0.1379748284816742,
            -0.7750224471092224,
            -0.005039975978434086
        ],
        [
            -0.1363343894481659,
            -0.771971583366394,
            -0.00549608189612627
        ],
        [
            -0.12387341260910034,
            -0.7691558003425598,
            -0.04352731257677078
        ],
        [
            -0.12515102326869965,
            -0.7674286365509033,
            -0.03663661330938339
        ],
        [
            -0.12019067257642746,
            -0.7622272968292236,
            -0.0378604456782341
        ],
        [
            -0.11706291139125824,
            -0.7635354995727539,
            -0.04449725151062012
        ],
        [
            -0.11619283258914948,
            -0.7579975128173828,
            -0.035775866359472275
        ],
        [
            -0.1106690913438797,
            -0.758283257484436,
            -0.044068414717912674
        ],
        [
            -0.10193635523319244,
            -0.7468446493148804,
            -0.035115957260131836
        ],
        [
            -0.10582797229290009,
            -0.7519286870956421,
            -0.03974620997905731
        ],
        [
            -0.11284365504980087,
            -0.7534266710281372,
            -0.03181574493646622
        ],
        [
            -0.11151538789272308,
            -0.7483261823654175,
            -0.02563527785241604
        ],
        [
            -0.11653697490692139,
            -0.7506874799728394,
            -0.011814527213573456
        ],
        [
            -0.11629423499107361,
            -0.7494025230407715,
            -0.005677740089595318
        ],
        [
            -0.11079776287078857,
            -0.7387887239456177,
            -0.0103529691696167
        ],
        [
            -0.11136914789676666,
            -0.742479681968689,
            -0.017585506662726402
        ],
        [
            -0.12820318341255188,
            -0.7683444619178772,
            -0.013017712160944939
        ],
        [
            -0.12709036469459534,
            -0.76903235912323,
            -0.017619449645280838
        ],
        [
            -0.12972742319107056,
            -0.7693138718605042,
            -0.017137926071882248
        ],
        [
            -0.13167990744113922,
            -0.7695295810699463,
            -0.012235717847943306
        ],
        [
            -0.1264638751745224,
            -0.7691727876663208,
            -0.02151237428188324
        ],
        [
            -0.1262068748474121,
            -0.7690678834915161,
            -0.02328971028327942
        ],
        [
            -0.12772101163864136,
            -0.7696858644485474,
            -0.0227412898093462
        ],
        [
            -0.12721574306488037,
            -0.7695355415344238,
            -0.021390605717897415
        ],
        [
            -0.1270369291305542,
            -0.769227147102356,
            -0.019341997802257538
        ],
        [
            -0.12628543376922607,
            -0.7674747705459595,
            -0.01826583407819271
        ],
        [
            -0.1263410747051239,
            -0.7683508396148682,
            -0.020543083548545837
        ],
        [
            -0.12727206945419312,
            -0.766030490398407,
            -0.01403806172311306
        ],
        [
            -0.12873606383800507,
            -0.7626435160636902,
            0.00029283203184604645
        ],
        [
            -0.12920251488685608,
            -0.7630228400230408,
            -0.003767183981835842
        ],
        [
            -0.1297149658203125,
            -0.7675448656082153,
            -0.0027568377554416656
        ],
        [
            -0.12953972816467285,
            -0.7674242258071899,
            0.000750688835978508
        ],
        [
            -0.1294543445110321,
            -0.7707604765892029,
            -0.02059873566031456
        ],
        [
            -0.1305781602859497,
            -0.7720404267311096,
            -0.023166965693235397
        ],
        [
            -0.13350671529769897,
            -0.7734584212303162,
            -0.018613362684845924
        ],
        [
            -0.13150891661643982,
            -0.7714356780052185,
            -0.017633024603128433
        ],
        [
            -0.13208240270614624,
            -0.7733385562896729,
            -0.025923125445842743
        ],
        [
            -0.12838158011436462,
            -0.7707647085189819,
            -0.02507864125072956
        ],
        [
            -0.12909570336341858,
            -0.771233320236206,
            -0.028053976595401764
        ],
        [
            -0.12530338764190674,
            -0.767580509185791,
            -0.022739587351679802
        ],
        [
            -0.12408609688282013,
            -0.7664316892623901,
            -0.025711454451084137
        ],
        [
            -0.12625661492347717,
            -0.7682510018348694,
            -0.025979965925216675
        ],
        [
            -0.12255767732858658,
            -0.7635442614555359,
            -0.023661093786358833
        ],
        [
            -0.12469777464866638,
            -0.7657442688941956,
            -0.020092006772756577
        ],
        [
            -0.12526670098304749,
            -0.7633625268936157,
            -0.015903078019618988
        ],
        [
            -0.12611380219459534,
            -0.7610114812850952,
            -0.010498197749257088
        ],
        [
            -0.12213719636201859,
            -0.7577049732208252,
            -0.013638962060213089
        ],
        [
            -0.12212976068258286,
            -0.7603763937950134,
            -0.019385220482945442
        ],
        [
            -0.13504202663898468,
            -0.7770259380340576,
            -0.020716387778520584
        ],
        [
            -0.12566706538200378,
            -0.7678757905960083,
            -0.030561937019228935
        ],
        [
            -0.12965801358222961,
            -0.7728912830352783,
            -0.033898305147886276
        ],
        [
            -0.12258555740118027,
            -0.7641146183013916,
            -0.030742576345801353
        ],
        [
            -0.11975816637277603,
            -0.7605606913566589,
            -0.02881307154893875
        ],
        [
            -0.1180889829993248,
            -0.7569311857223511,
            -0.02443079464137554
        ],
        [
            -0.117243692278862,
            -0.7534389495849609,
            -0.018280858173966408
        ],
        [
            -0.09830515831708908,
            -0.7350420951843262,
            -0.01605715975165367
        ],
        [
            -0.10062636435031891,
            -0.7398900389671326,
            -0.02496275305747986
        ],
        [
            -0.17176023125648499,
            -0.8366979360580444,
            -0.025931306183338165
        ],
        [
            -0.17189671099185944,
            -0.8358428478240967,
            -0.03496074303984642
        ],
        [
            -0.1642962396144867,
            -0.8308449983596802,
            -0.03709356114268303
        ],
        [
            -0.16597528755664825,
            -0.8326870799064636,
            -0.03897615522146225
        ],
        [
            -0.16766011714935303,
            -0.8332803249359131,
            -0.032765261828899384
        ],
        [
            -0.16549378633499146,
            -0.8311392068862915,
            -0.03255349397659302
        ],
        [
            -0.1521265208721161,
            -0.8289437294006348,
            -0.05523131787776947
        ],
        [
            -0.15523186326026917,
            -0.8293054103851318,
            -0.04899350181221962
        ],
        [
            -0.15232497453689575,
            -0.826667308807373,
            -0.04970654100179672
        ],
        [
            -0.14923575520515442,
            -0.8231427669525146,
            -0.05703933537006378
        ],
        [
            -0.1523788720369339,
            -0.8180630207061768,
            -0.04042205587029457
        ],
        [
            -0.15165448188781738,
            -0.8200066685676575,
            -0.0455358624458313
        ],
        [
            -0.15565930306911469,
            -0.8251920938491821,
            -0.04112478345632553
        ],
        [
            -0.15630406141281128,
            -0.8237667083740234,
            -0.037446871399879456
        ],
        [
            -0.15651820600032806,
            -0.8230255842208862,
            -0.03330870717763901
        ],
        [
            -0.15634042024612427,
            -0.8231236934661865,
            -0.028805771842598915
        ],
        [
            -0.15339158475399017,
            -0.8186022043228149,
            -0.029399443417787552
        ],
        [
            -0.15303358435630798,
            -0.8178192377090454,
            -0.03480996936559677
        ],
        [
            -0.1669864058494568,
            -0.8346556425094604,
            -0.026432786136865616
        ],
        [
            -0.16434577107429504,
            -0.8351256251335144,
            -0.01956959068775177
        ],
        [
            -0.16256773471832275,
            -0.8325834274291992,
            -0.02122342213988304
        ],
        [
            -0.16521897912025452,
            -0.8320156931877136,
            -0.026783529669046402
        ],
        [
            -0.1521918773651123,
            -0.8305025696754456,
            -0.01340597402304411
        ],
        [
            -0.15467071533203125,
            -0.8320120573043823,
            -0.014177468605339527
        ],
        [
            -0.1551922857761383,
            -0.8332688808441162,
            -0.010467139072716236
        ],
        [
            -0.15206816792488098,
            -0.8298247456550598,
            -0.009993502870202065
        ],
        [
            -0.15137813985347748,
            -0.8268299102783203,
            -0.012060568667948246
        ],
        [
            -0.1521233320236206,
            -0.8286837339401245,
            -0.014452491886913776
        ],
        [
            -0.1898784637451172,
            -0.8893445730209351,
            -0.03089027665555477
        ],
        [
            -0.18836353719234467,
            -0.8716588020324707,
            -0.023761317133903503
        ],
        [
            -0.18137416243553162,
            -0.8860782384872437,
            -0.04957463592290878
        ],
        [
            -0.16976004838943481,
            -0.8797473907470703,
            -0.0625457614660263
        ],
        [
            -0.15850608050823212,
            -0.8699601292610168,
            -0.07315245270729065
        ],
        [
            -0.1221085637807846,
            -0.7748831510543823,
            -0.052525028586387634
        ],
        [
            -0.11340612173080444,
            -0.7695162296295166,
            -0.05572928488254547
        ],
        [
            -0.10877546668052673,
            -0.7796540260314941,
            -0.0669991746544838
        ],
        [
            -0.09989601373672485,
            -0.7728054523468018,
            -0.06662511825561523
        ],
        [
            -0.105191171169281,
            -0.7624424695968628,
            -0.05495600402355194
        ],
        [
            -0.09189486503601074,
            -0.7479568719863892,
            -0.0430164635181427
        ],
        [
            -0.09805537760257721,
            -0.7547647953033447,
            -0.05073565989732742
        ],
        [
            -0.09058080613613129,
            -0.7660057544708252,
            -0.06429805606603622
        ],
        [
            -0.08539922535419464,
            -0.7817632555961609,
            -0.07739325612783432
        ],
        [
            -0.09540900588035583,
            -0.7851827144622803,
            -0.0766218975186348
        ],
        [
            -0.08225142955780029,
            -0.8002787828445435,
            -0.08553710579872131
        ],
        [
            -0.07271535694599152,
            -0.7788326740264893,
            -0.07683271169662476
        ],
        [
            -0.07388609647750854,
            -0.803051233291626,
            -0.0857044979929924
        ],
        [
            -0.06374147534370422,
            -0.7492136359214783,
            -0.056565918028354645
        ],
        [
            -0.06036180630326271,
            -0.7412796020507812,
            -0.057590238749980927
        ],
        [
            -0.05496737360954285,
            -0.7498539686203003,
            -0.0737752765417099
        ],
        [
            -0.05861518532037735,
            -0.7583674192428589,
            -0.07277781516313553
        ],
        [
            -0.10550454258918762,
            -0.7894145250320435,
            -0.07486353814601898
        ],
        [
            -0.14137865602970123,
            -0.8426785469055176,
            -0.07563141733407974
        ],
        [
            -0.14940504729747772,
            -0.8383265733718872,
            -0.06781930476427078
        ],
        [
            -0.13256801664829254,
            -0.8326687216758728,
            -0.07838396728038788
        ],
        [
            -0.15306732058525085,
            -0.9040549993515015,
            -0.08455203473567963
        ],
        [
            -0.16429591178894043,
            -0.8930187225341797,
            -0.07358440011739731
        ],
        [
            -0.1535639613866806,
            -0.8813450932502747,
            -0.0823863297700882
        ],
        [
            -0.1448480188846588,
            -0.8929426670074463,
            -0.09159781783819199
        ],
        [
            -0.1681915670633316,
            -0.935268223285675,
            -0.05473118647933006
        ],
        [
            -0.18261854350566864,
            -0.913506031036377,
            -0.044104814529418945
        ],
        [
            -0.1747927963733673,
            -0.9050111770629883,
            -0.0586516335606575
        ],
        [
            -0.16287514567375183,
            -0.9215105772018433,
            -0.06882022321224213
        ],
        [
            -0.13449110090732574,
            -0.8994156122207642,
            -0.09795624762773514
        ],
        [
            -0.11951601505279541,
            -0.9085851311683655,
            -0.10488191992044449
        ],
        [
            -0.11946354806423187,
            -0.9262048006057739,
            -0.10338494181632996
        ],
        [
            -0.13872551918029785,
            -0.9175489544868469,
            -0.0941186398267746
        ],
        [
            -0.11903154850006104,
            -0.9488731622695923,
            -0.09371097385883331
        ],
        [
            -0.14206738770008087,
            -0.938485860824585,
            -0.08251047134399414
        ],
        [
            -0.05996284633874893,
            -0.7946277260780334,
            -0.08571241796016693
        ],
        [
            -0.0648595541715622,
            -0.8132147789001465,
            -0.08894515037536621
        ],
        [
            -0.06504721194505692,
            -0.7674732208251953,
            -0.07172015309333801
        ],
        [
            -0.055854395031929016,
            -0.7797377109527588,
            -0.08357314765453339
        ],
        [
            -0.11607766151428223,
            -0.9669327735900879,
            -0.07820895314216614
        ],
        [
            -0.14415086805820465,
            -0.9559624195098877,
            -0.06613953411579132
        ],
        [
            -0.06488826870918274,
            -0.9108030796051025,
            -0.11238734424114227
        ],
        [
            -0.08050669729709625,
            -0.9232140779495239,
            -0.11113736778497696
        ],
        [
