{
    "pred_cam": [
        1.1698110103607178,
        -0.024376465007662773,
        0.19001427292823792
    ],
    "pred_smpl_params": {
        "global_orient": [
            [
                [
                    0.9705039262771606,
                    0.24009720981121063,
                    0.0218088049441576
                ],
                [
                    0.24052169919013977,
                    -0.9704476594924927,
                    -0.019508589059114456
                ],
                [
                    0.016480349004268646,
                    0.024178650230169296,
                    -0.9995718598365784
                ]
            ]
        ],
        "body_pose": [
            [
                [
                    0.9985672235488892,
                    -0.03918511047959328,
                    -0.036443080753088
                ],
                [
                    0.04737721011042595,
                    0.9640038013458252,
                    0.26163357496261597
                ],
                [
                    0.024879125878214836,
                    -0.2629852592945099,
                    0.9644790887832642
                ]
            ],
            [
                [
                    0.9984215497970581,
                    -0.039818037301301956,
                    0.039610520005226135
                ],
                [
                    0.028935585170984268,
                    0.9691277742385864,
                    0.24485531449317932
                ],
                [
                    -0.04813730716705322,
                    -0.24332265555858612,
                    0.9687502384185791
                ]
            ],
            [
                [
                    0.9990773797035217,
                    0.04286263510584831,
                    0.002673584967851639
                ],
                [
                    -0.04146205633878708,
                    0.9789093136787415,
                    -0.2000436931848526
                ],
                [
                    -0.011191598139703274,
                    0.19974829256534576,
                    0.979783296585083
                ]
            ],
            [
                [
                    0.9896746277809143,
                    -0.007290314417332411,
                    -0.14314675331115723
                ],
                [
                    -0.10526524484157562,
                    0.6408542394638062,
                    -0.7604112029075623
                ],
                [
                    0.09727983176708221,
                    0.7676280736923218,
                    0.6334697604179382
                ]
            ],
            [
                [
                    0.9889587163925171,
                    -0.05882857367396355,
                    0.13601376116275787
                ],
                [
                    0.14208762347698212,
                    0.6371187567710876,
                    -0.7575557827949524
                ],
                [
                    -0.04209098219871521,
                    0.7685173749923706,
                    0.6384429335594177
                ]
            ],
            [
                [
                    0.9998640418052673,
                    -0.016186634078621864,
                    0.003151602577418089
                ],
                [
                    0.01605236530303955,
                    0.9991191625595093,
                    0.038771674036979675
                ],
                [
                    -0.0037764094304293394,
                    -0.03871580958366394,
                    0.9992431402206421
                ]
            ],
            [
                [
                    0.977416455745697,
                    0.04064924269914627,
                    0.2073759138584137
                ],
                [
                    -0.057376962155103683,
                    0.995509147644043,
                    0.07529541850090027
                ],
                [
                    -0.2033839225769043,
                    -0.08549357205629349,
                    0.9753593802452087
                ]
            ],
            [
                [
                    0.9823547601699829,
                    -0.01601707749068737,
                    -0.1863395869731903
                ],
                [
                    0.02351781167089939,
                    0.9989966750144958,
                    0.038112204521894455
                ],
                [
                    0.18554218113422394,
                    -0.041822005063295364,
                    0.9817458391189575
                ]
            ],
            [
                [
                    0.9998670816421509,
                    -0.008297073654830456,
                    -0.014035247266292572
                ],
                [
                    0.006926828529685736,
                    0.9954525232315063,
                    -0.09500645101070404
                ],
                [
                    0.014759698882699013,
                    0.094896599650383,
                    0.9953776597976685
                ]
            ],
            [
                [
                    0.9864453077316284,
                    -0.1410415768623352,
                    -0.08386256545782089
                ],
                [
                    0.15366192162036896,
                    0.9732894897460938,
                    0.17057432234287262
                ],
                [
                    0.05756448209285736,
                    -0.1811487227678299,
                    0.9817695617675781
                ]
            ],
            [
                [
                    0.9931821823120117,
                    0.1143917590379715,
                    0.022443406283855438
                ],
                [
                    -0.11657264083623886,
                    0.9745370745658875,
                    0.191541850566864
                ],
                [
                    3.887995262630284e-05,
                    -0.19285224378108978,
                    0.9812278151512146
                ]
            ],
            [
                [
                    0.9874747395515442,
                    -0.009313104674220085,
                    -0.15750235319137573
                ],
                [
                    0.022603748366236687,
                    0.9963094592094421,
                    0.08280446380376816
                ],
                [
                    0.15614990890026093,
                    -0.08532745391130447,
                    0.9840409159660339
                ]
            ],
            [
                [
                    0.9370224475860596,
                    0.3490575850009918,
                    0.01216024812310934
                ],
                [
                    -0.3481942415237427,
                    0.9363012909889221,
                    -0.04583205655217171
                ],
                [
                    -0.02738368511199951,
                    0.03871152922511101,
                    0.9988751411437988
                ]
            ],
            [
                [
                    0.9117591381072998,
                    -0.41041964292526245,
                    0.015844374895095825
                ],
                [
                    0.4107067584991455,
                    0.9114064574241638,
                    -0.02565697766840458
                ],
                [
                    -0.003910536877810955,
                    0.02990037389099598,
                    0.9995452761650085
                ]
            ],
            [
                [
                    0.9853670001029968,
                    -0.05480676516890526,
                    -0.16139428317546844
                ],
                [
                    0.02336031384766102,
                    0.9813823699951172,
                    -0.19063815474510193
                ],
                [
                    0.168837770819664,
                    0.18407832086086273,
                    0.9683021306991577
                ]
            ],
            [
                [
                    0.6010499596595764,
                    0.767985999584198,
                    -0.22121579945087433
                ],
                [
                    -0.7933723330497742,
                    0.6067448258399963,
                    -0.04920463636517525
                ],
                [
                    0.09643306583166122,
                    0.20508092641830444,
                    0.9739827513694763
                ]
            ],
            [
                [
                    0.5089505910873413,
                    -0.8259792923927307,
                    0.24233736097812653
                ],
                [
                    0.8584021329879761,
                    0.5079871416091919,
                    -0.07137767225503922
                ],
                [
                    -0.06414777040481567,
                    0.2443506419658661,
                    0.967562735080719
                ]
            ],
            [
                [
                    0.8197976350784302,
                    -0.17759908735752106,
                    -0.5444176197052002
                ],
                [
                    0.11740795522928238,
                    0.9826241135597229,
                    -0.14375440776348114
                ],
                [
                    0.5604884624481201,
                    0.05393058434128761,
                    0.8264044523239136
                ]
            ],
            [
                [
                    0.8458489775657654,
                    0.14572378993034363,
                    0.5131314396858215
                ],
                [
                    -0.024334868416190147,
                    0.9715012311935425,
                    -0.2357819676399231
                ],
                [
                    -0.532866895198822,
                    0.1869489550590515,
                    0.8252894878387451
                ]
            ],
            [
                [
                    0.9995841979980469,
                    -0.017789367586374283,
                    0.022691691294312477
                ],
                [
                    0.01867906004190445,
                    0.9990402460098267,
                    -0.039618149399757385
                ],
                [
                    -0.021965133026242256,
                    0.040025535970926285,
                    0.9989571571350098
                ]
            ],
            [
                [
                    0.9993886947631836,
                    0.0039535146206617355,
                    -0.03473716229200363
                ],
                [
                    -0.005143952555954456,
                    0.9994001984596252,
                    -0.034246861934661865
                ],
                [
                    0.03458092734217644,
                    0.034404609352350235,
                    0.9988095760345459
                ]
            ],
            [
                [
                    0.9676377177238464,
                    0.22909435629844666,
                    -0.10579743981361389
                ],
                [
                    -0.21051707863807678,
                    0.9640501737594604,
                    0.1621416211128235
                ],
                [
                    0.13913975656032562,
                    -0.13462217152118683,
                    0.9810795783996582
                ]
            ],
            [
                [
                    0.9731521010398865,
                    -0.2176591157913208,
                    0.07483097165822983
                ],
                [
                    0.2016628235578537,
                    0.9630343914031982,
                    0.1785971224308014
                ],
                [
                    -0.11093807965517044,
                    -0.1587115079164505,
                    0.9810726642608643
                ]
            ]
        ],
        "betas": [
            -0.019378140568733215,
            -0.08074566721916199,
            0.10926729440689087,
            0.5152962803840637,
            0.029051899909973145,
            0.06486999988555908,
            -0.016679495573043823,
            -0.06700107455253601,
            0.07456611096858978,
            -0.05067315697669983
        ]
    },
    "pred_cam_t": [
        -0.024376465007662773,
        0.19001427292823792,
        33.392147064208984
    ],
    "focal_length": [
        5000.0,
        5000.0
    ],
    "pred_keypoints_3d": [
        [
            0.11648491024971008,
            -0.8159101009368896,
            -0.1787034124135971
        ],
        [
            0.1353941112756729,
            -0.7237130999565125,
            -0.00881408154964447
        ],
        [
            -0.06687824428081512,
            -0.672035813331604,
            0.017413966357707977
        ],
        [
            -0.15149937570095062,
            -0.4448707103729248,
            0.08848293870687485
        ],
        [
            -0.21527230739593506,
            -0.21514545381069183,
            0.0020031332969665527
        ],
        [
            0.2834790349006653,
            -0.5872184634208679,
            0.01764577254652977
        ],
        [
            0.2864944040775299,
            -0.3390294909477234,
            0.0920047014951706
        ],
        [
            0.29355406761169434,
            -0.11449858546257019,
            -0.013305023312568665
        ],
        [
            -0.002200736664235592,
            -0.2288963794708252,
            0.02795305661857128
        ],
        [
            -0.08881047368049622,
            -0.15700258314609528,
            0.029050445184111595
        ],
        [
            -0.19777250289916992,
            0.1945764571428299,
            -0.06607068330049515
        ],
        [
            -0.24516406655311584,
            0.4878014326095581,
            0.19564566016197205
        ],
        [
            0.04209472984075546,
            -0.12345059961080551,
            0.03365688771009445
        ],
        [
            0.005857672542333603,
            0.2321127951145172,
            -0.06888741999864578
        ],
        [
            -0.05570771172642708,
            0.5284947752952576,
            0.185649573802948
        ],
        [
            0.10619202256202698,
            -0.8658046126365662,
            -0.1432667225599289
        ],
        [
            0.16636905074119568,
            -0.8493415117263794,
            -0.16609430313110352
        ],
        [
            0.09994187951087952,
            -0.8701499700546265,
            -0.03961963951587677
        ],
        [
            0.23442567884922028,
            -0.8334653377532959,
            -0.08942919969558716
        ],
        [
            -0.08359581232070923,
            0.6633361577987671,
            0.043029606342315674
        ],
        [
            -0.01311759278178215,
            0.6602225303649902,
            0.08943378925323486
        ],
        [
            -0.04907985031604767,
            0.5311675667762756,
            0.2564494013786316
        ],
        [
            -0.25854796171188354,
            0.6300733685493469,
            0.057587116956710815
        ],
        [
            -0.32897141575813293,
            0.5984916687011719,
            0.09916824102401733
        ],
        [
            -0.2532193064689636,
            0.4932514727115631,
            0.2684656083583832
        ],
        [
            -0.2593844532966614,
            0.42995816469192505,
            0.1885589361190796
        ],
        [
            -0.1823587268590927,
            0.13676732778549194,
            -0.06365519762039185
        ],
        [
            -0.13707518577575684,
            -0.29611122608184814,
            0.038806602358818054
        ],
        [
            0.1423298418521881,
            -0.21021801233291626,
            0.056883521378040314
        ],
        [
            0.023392578586935997,
            0.19690124690532684,
            -0.06677430123090744
        ],
        [
            -0.03793125972151756,
            0.4893704950809479,
            0.1892404407262802
        ],
        [
            -0.19591090083122253,
            -0.23804153501987457,
            -0.019006384536623955
        ],
        [
            -0.17418837547302246,
            -0.4661615490913391,
            0.06142948567867279
        ],
        [
            -0.023496104404330254,
            -0.6964589357376099,
            0.013962805271148682
        ],
        [
            0.26338574290275574,
            -0.6265485882759094,
            0.01608482003211975
        ],
        [
            0.32150405645370483,
            -0.3567100465297699,
            0.05859570950269699
        ],
        [
            0.2992258071899414,
            -0.13262709975242615,
            -0.02259672060608864
        ],
        [
            0.1337435096502304,
            -0.713824987411499,
            -0.008860671892762184
        ],
        [
            0.17546483874320984,
            -0.9010683298110962,
            -0.08959995955228806
        ],
        [
            0.003207041881978512,
            -0.2529637813568115,
            0.047750312834978104
        ],
        [
            0.11811119318008423,
            -0.6599953174591064,
            0.011527303606271744
        ],
        [
            0.07148025184869766,
            -0.4923367202281952,
            0.04555782675743103
        ],
        [
            0.14399094879627228,
            -0.7927387356758118,
            -0.10626305639743805
        ],
        [
            0.17783860862255096,
            -0.9213968515396118,
            -0.08256383240222931
        ]
    ],
    "pred_vertices": [
        [
            0.18707498908042908,
            -0.8910422921180725,
            -0.1776149719953537
        ],
        [
            0.17635229229927063,
            -0.8783074021339417,
            -0.179374098777771
        ],
        [
            0.18871483206748962,
            -0.8728023767471313,
            -0.17445600032806396
        ],
        [
            0.19960710406303406,
            -0.8823285102844238,
            -0.168946772813797
        ],
        [
            0.18115687370300293,
            -0.8647189140319824,
            -0.1768428385257721
        ],
        [
            0.16978813707828522,
            -0.8681352138519287,
            -0.18025031685829163
        ],
        [
            0.19735190272331238,
            -0.8659695386886597,
            -0.1657658815383911
        ],
        [
            0.20719346404075623,
            -0.8719172477722168,
            -0.15869921445846558
        ],
        [
            0.19879761338233948,
            -0.8308279514312744,
            -0.1514212191104889
        ],
        [
            0.20466043055057526,
            -0.8259128332138062,
            -0.1431158185005188
        ],
        [
            0.20696651935577393,
            -0.8374032974243164,
            -0.14666128158569336
        ],
        [
            0.19941949844360352,
            -0.8396134376525879,
            -0.15343011915683746
        ],
        [
            0.19382694363594055,
            -0.8059136271476746,
            -0.14378701150417328
        ],
        [
            0.18329235911369324,
            -0.798073410987854,
            -0.148265540599823
        ],
        [
            0.18700352311134338,
            -0.789238691329956,
            -0.13844570517539978
        ],
        [
            0.19656863808631897,
            -0.7969716787338257,
            -0.1328190118074417
        ],
        [
            0.14823022484779358,
            -0.8186864852905273,
            -0.16215041279792786
        ],
        [
            0.15231837332248688,
            -0.8108972311019897,
            -0.16194108128547668
        ],
        [
            0.15748466551303864,
            -0.8164550065994263,
            -0.16336818039417267
        ],
        [
            0.1526680439710617,
            -0.8236457109451294,
            -0.16293080151081085
        ],
        [
            0.1396733969449997,
            -0.8301382660865784,
            -0.16648270189762115
        ],
        [
            0.14293885231018066,
            -0.8353858590126038,
            -0.1644468605518341
        ],
        [
            0.13764722645282745,
            -0.840050995349884,
            -0.16833555698394775
        ],
        [
            0.13469204306602478,
            -0.8338034152984619,
            -0.17158813774585724
        ],
        [
            0.1421113759279251,
            -0.8149994611740112,
            -0.15970656275749207
        ],
        [
            0.146709606051445,
            -0.8068517446517944,
            -0.15931545197963715
        ],
        [
            0.14448827505111694,
            -0.8253577947616577,
            -0.16293145716190338
        ],
        [
            0.14108866453170776,
            -0.821355402469635,
            -0.16391608119010925
        ],
        [
            0.1336648166179657,
            -0.8156629800796509,
            -0.1719658076763153
        ],
        [
            0.13653160631656647,
            -0.8198844194412231,
            -0.1717250794172287
        ],
        [
            0.1312466561794281,
            -0.8214539885520935,
            -0.17734894156455994
        ],
        [
            0.12916886806488037,
            -0.8164941072463989,
            -0.17552226781845093
        ],
        [
            0.13903078436851501,
            -0.8148893713951111,
            -0.16385620832443237
        ],
        [
            0.1392190009355545,
            -0.8173884749412537,
            -0.16718491911888123
        ],
        [
            0.1354353427886963,
            -0.8142676949501038,
            -0.1680903136730194
        ],
        [
            0.13480201363563538,
            -0.8127264976501465,
            -0.16423073410987854
        ],
        [
            0.13719117641448975,
            -0.8260421752929688,
            -0.1684923768043518
        ],
        [
            0.13261139392852783,
            -0.8281875848770142,
            -0.1744900941848755
        ],
        [
            0.12699584662914276,
            -0.8301849365234375,
            -0.18026666343212128
        ],
        [
            0.12502360343933105,
            -0.8216152787208557,
            -0.18254739046096802
        ],
        [
            0.16187484562397003,
            -0.795219898223877,
            -0.15692168474197388
        ],
        [
            0.15705977380275726,
            -0.803069531917572,
            -0.16061411798000336
        ],
        [
            0.15139292180538177,
            -0.7994937896728516,
            -0.1585421860218048
        ],
        [
            0.155666321516037,
            -0.7930507063865662,
            -0.15634705126285553
        ],
        [
            0.13647283613681793,
            -0.8094878196716309,
            -0.16086474061012268
        ],
        [
            0.1367127001285553,
            -0.7928779721260071,
            -0.15964502096176147
        ],
        [
            0.13766731321811676,
            -0.79653000831604,
            -0.16063708066940308
        ],
        [
            0.13096675276756287,
            -0.7986257076263428,
            -0.162704735994339
        ],
        [
            0.13073089718818665,
            -0.7950456738471985,
            -0.16184109449386597
        ],
        [
            0.16652128100395203,
            -0.7805267572402954,
            -0.14756134152412415
        ],
        [
            0.1595931351184845,
            -0.7805609107017517,
            -0.15017560124397278
        ],
        [
            0.15953382849693298,
            -0.7738751173019409,
            -0.1465407907962799
        ],
        [
            0.1661626398563385,
            -0.7727864980697632,
            -0.14227336645126343
        ],
        [
            0.1569441258907318,
            -0.7687779664993286,
            -0.14381751418113708
        ],
        [
            0.16474680602550507,
            -0.7656402587890625,
            -0.137412428855896
        ],
        [
            0.15361811220645905,
            -0.7542483806610107,
            -0.13256555795669556
        ],
        [
            0.15930679440498352,
            -0.7591457366943359,
            -0.1345718652009964
        ],
        [
            0.15213479101657867,
            -0.7642830610275269,
            -0.14220771193504333
        ],
        [
            0.1451907455921173,
            -0.7604545950889587,
            -0.14284658432006836
        ],
        [
            0.13163486123085022,
            -0.7675580978393555,
            -0.14826270937919617
        ],
        [
            0.12510688602924347,
            -0.7675840854644775,
            -0.14898031949996948
        ],
        [
            0.12784093618392944,
            -0.7548229694366455,
            -0.14631806313991547
        ],
        [
            0.13611315190792084,
            -0.7567706108093262,
            -0.14484891295433044
        ],
        [
            0.13666749000549316,
            -0.7876400947570801,
            -0.154259592294693
        ],
        [
            0.14119690656661987,
            -0.7869621515274048,
            -0.15271210670471191
        ],
        [
            0.14097672700881958,
            -0.7881551384925842,
            -0.1552286148071289
        ],
        [
            0.13633474707603455,
            -0.7899657487869263,
            -0.15737886726856232
        ],
        [
            0.1450609713792801,
            -0.7859276533126831,
            -0.15193089842796326
        ],
        [
            0.1467568576335907,
            -0.7853376865386963,
            -0.1516563594341278
        ],
        [
            0.14640140533447266,
            -0.7865601181983948,
            -0.15300126373767853
        ],
        [
            0.14480741322040558,
            -0.7867460250854492,
            -0.1526133418083191
        ],
        [
            0.14276652038097382,
            -0.7868276834487915,
            -0.15255914628505707
        ],
        [
            0.14133799076080322,
            -0.7851526737213135,
            -0.15230658650398254
        ],
        [
            0.14397045969963074,
            -0.7853144407272339,
            -0.15199124813079834
        ],
        [
            0.13700659573078156,
            -0.784989595413208,
            -0.1538236141204834
        ],
        [
            0.12259000539779663,
            -0.7851649522781372,
            -0.15740932524204254
        ],
        [
            0.12663978338241577,
            -0.7848113775253296,
            -0.157122403383255
        ],
        [
            0.12646743655204773,
            -0.7895883321762085,
            -0.15663263201713562
        ],
        [
            0.12312106043100357,
            -0.7901960611343384,
            -0.15689843893051147
        ],
        [
            0.14458060264587402,
            -0.7887058258056641,
            -0.15464480221271515
        ],
        [
            0.14746037125587463,
            -0.7895481586456299,
            -0.15514400601387024
        ],
        [
            0.14344310760498047,
            -0.7928469777107239,
            -0.15784838795661926
        ],
        [
            0.142005056142807,
            -0.7905232906341553,
            -0.15642260015010834
        ],
        [
            0.15042227506637573,
            -0.7907586097717285,
            -0.15604977309703827
        ],
        [
            0.14896030724048615,
            -0.7871829271316528,
            -0.15330857038497925
        ],
        [
            0.1522803157567978,
            -0.7870986461639404,
            -0.1537492573261261
        ],
        [
            0.14592494070529938,
            -0.7837234139442444,
            -0.1511753499507904
        ],
        [
            0.1485786885023117,
            -0.781505286693573,
            -0.15030086040496826
        ],
        [
            0.14928077161312103,
            -0.7838867902755737,
            -0.15186411142349243
        ],
        [
            0.14594699442386627,
            -0.77881920337677,
            -0.1495177447795868
        ],
        [
            0.14293518662452698,
            -0.7824103236198425,
            -0.15114162862300873
        ],
        [
            0.1384274661540985,
            -0.7812829613685608,
            -0.1524267941713333
        ],
        [
            0.13273286819458008,
            -0.780547022819519,
            -0.15418416261672974
        ],
        [
            0.13502871990203857,
            -0.7754901051521301,
            -0.15115347504615784
        ],
        [
            0.14116200804710388,
            -0.776734471321106,
            -0.15003111958503723
        ],
        [
            0.1464208960533142,
            -0.7961375117301941,
            -0.15840786695480347
        ],
        [
            0.15368854999542236,
            -0.7823318243026733,
            -0.151187464594841
        ],
        [
            0.15824225544929504,
            -0.7876489758491516,
            -0.15329426527023315
        ],
        [
            0.15301549434661865,
            -0.7777460217475891,
            -0.14924460649490356
        ],
        [
            0.1503802239894867,
            -0.7739472389221191,
            -0.14747430384159088
        ],
        [
            0.1457049697637558,
            -0.7708714008331299,
            -0.1468069851398468
        ],
        [
            0.13866166770458221,
            -0.7689138054847717,
            -0.14753389358520508
        ],
        [
            0.13234302401542664,
            -0.746854305267334,
            -0.13461065292358398
        ],
        [
            0.1425165981054306,
            -0.7497583031654358,
            -0.13403838872909546
        ],
        [
            0.16701951622962952,
            -0.8619483709335327,
            -0.1754477620124817
        ],
        [
            0.1757412552833557,
            -0.8589887619018555,
            -0.17534644901752472
        ],
        [
            0.1760457158088684,
            -0.8519928455352783,
            -0.16934171319007874
        ],
        [
            0.17820988595485687,
            -0.8538424372673035,
            -0.17009785771369934
        ],
        [
            0.17259126901626587,
            -0.8561086058616638,
            -0.1720866560935974
        ],
        [
            0.17173321545124054,
            -0.8536074161529541,
            -0.17070598900318146
        ],
        [
            0.19200798869132996,
            -0.8428363800048828,
            -0.1575034260749817
        ],
        [
            0.18637940287590027,
            -0.8454023003578186,
            -0.16078102588653564
        ],
        [
            0.18646231293678284,
            -0.8417016267776489,
            -0.1588282436132431
        ],
        [
            0.19242385029792786,
            -0.8360081911087036,
            -0.1562337875366211
        ],
        [
            0.1755722463130951,
            -0.835640549659729,
            -0.16191360354423523
        ],
        [
            0.18092381954193115,
            -0.8360418081283569,
            -0.1603129655122757
        ],
        [
            0.17786730825901031,
            -0.8432455062866211,
            -0.16299301385879517
        ],
        [
            0.17399780452251434,
            -0.8429326415061951,
            -0.1642635315656662
        ],
        [
            0.16976353526115417,
            -0.8432815074920654,
            -0.16503572463989258
        ],
        [
            0.16553065180778503,
            -0.844241738319397,
            -0.16501404345035553
        ],
        [
            0.16475285589694977,
            -0.839134931564331,
            -0.16349723935127258
        ],
        [
            0.1698445975780487,
            -0.8370499610900879,
            -0.16305740177631378
        ],
        [
            0.16630086302757263,
            -0.8588196635246277,
            -0.17166411876678467
        ],
        [
            0.15966399013996124,
            -0.8599706888198853,
            -0.16908270120620728
        ],
        [
            0.1604473888874054,
            -0.8568468689918518,
            -0.1683109700679779
        ],
        [
            0.16598285734653473,
            -0.8556805849075317,
            -0.1707814782857895
        ],
        [
            0.15140096843242645,
            -0.8538385629653931,
            -0.15926331281661987
        ],
        [
            0.1527082324028015,
            -0.8558165431022644,
            -0.16109603643417358
        ],
        [
            0.14935556054115295,
            -0.8580061197280884,
            -0.1614161729812622
        ],
        [
            0.1478341817855835,
            -0.8539118766784668,
            -0.1595233529806137
        ],
        [
            0.14924103021621704,
            -0.8503621816635132,
            -0.1596936136484146
        ],
        [
            0.15203481912612915,
            -0.8518012762069702,
            -0.1597433090209961
        ],
        [
            0.18422150611877441,
            -0.9138885736465454,
            -0.1775086224079132
        ],
        [
            0.17305870354175568,
            -0.8983954191207886,
            -0.181240051984787
        ],
        [
            0.20064429938793182,
            -0.9043588638305664,
            -0.1693980097770691
        ],
        [
            0.2108440399169922,
            -0.8928096294403076,
            -0.15947896242141724
        ],
        [
            0.2177543044090271,
            -0.8787413239479065,
            -0.1501418948173523
        ],
        [
            0.17628587782382965,
            -0.78354811668396,
            -0.14353932440280914
        ],
        [
            0.17769759893417358,
            -0.7750890851020813,
            -0.13628162443637848
        ],
        [
            0.19012899696826935,
            -0.781304121017456,
            -0.12841260433197021
        ],
        [
            0.18791595101356506,
            -0.7722785472869873,
            -0.12080972641706467
        ],
        [
            0.17532822489738464,
            -0.7660540342330933,
            -0.1297856867313385
        ],
        [
            0.16062010824680328,
            -0.7519862055778503,
            -0.11977878212928772
        ],
        [
            0.16958695650100708,
            -0.7577883005142212,
            -0.12416066229343414
        ],
        [
            0.18331432342529297,
            -0.7645026445388794,
            -0.11169561743736267
        ],
        [
            0.19741441309452057,
            -0.7757741212844849,
            -0.1016109436750412
        ],
        [
            0.19924315810203552,
            -0.781265377998352,
            -0.11258126050233841
        ],
        [
            0.20824258029460907,
            -0.790982723236084,
            -0.0935182124376297
        ],
        [
            0.19566360116004944,
            -0.7707328796386719,
            -0.0869431346654892
        ],
        [
            0.20837131142616272,
            -0.7913818955421448,
            -0.08377192914485931
        ],
        [
            0.1746203601360321,
            -0.7386260032653809,
            -0.07879655808210373
        ],
        [
            0.1757505238056183,
            -0.727605938911438,
            -0.07220916450023651
        ],
        [
            0.18973077833652496,
            -0.7334309816360474,
            -0.06158662214875221
        ],
        [
            0.19004297256469727,
            -0.7440446615219116,
            -0.06898337602615356
        ],
        [
            0.19915315508842468,
            -0.7882813215255737,
            -0.12229015678167343
        ],
        [
            0.21323952078819275,
            -0.8480825424194336,
            -0.14139068126678467
        ],
        [
            0.20571836829185486,
            -0.8478878736495972,
            -0.1510692685842514
        ],
        [
            0.2134866714477539,
            -0.8355640172958374,
            -0.1365697979927063
        ],
        [
            0.23468148708343506,
            -0.9059885740280151,
            -0.13535717129707336
        ],
        [
            0.22358739376068115,
            -0.9012855291366577,
            -0.14956620335578918
        ],
        [
            0.22848278284072876,
            -0.8853352069854736,
            -0.14216545224189758
        ],
        [
            0.2390144169330597,
            -0.8918850421905518,
            -0.1298467367887497
        ],
        [
            0.21385322511196136,
            -0.9454079270362854,
            -0.14203809201717377
        ],
        [
            0.2007894217967987,
            -0.9316731691360474,
            -0.16269490122795105
        ],
        [
            0.2118893712759018,
            -0.918045699596405,
            -0.1567276120185852
        ],
        [
            0.22412937879562378,
            -0.9282734394073486,
            -0.14068244397640228
        ],
        [
            0.24536028504371643,
            -0.8940906524658203,
            -0.11825443804264069
        ],
        [
            0.25260400772094727,
            -0.8968957662582397,
            -0.1012125238776207
        ],
        [
            0.25464528799057007,
            -0.9140326976776123,
            -0.09686406701803207
        ],
        [
            0.24513351917266846,
            -0.9124994277954102,
            -0.11748393625020981
        ],
        [
            0.24982529878616333,
            -0.9371868968009949,
            -0.09062846004962921
        ],
        [
            0.23883211612701416,
            -0.9356680512428284,
            -0.11590483784675598
        ],
        [
            0.20682966709136963,
            -0.7796890139579773,
            -0.06940000504255295
        ],
        [
            0.21301692724227905,
            -0.7973862886428833,
            -0.07210579514503479
        ],
        [
            0.19016700983047485,
            -0.7567670345306396,
            -0.0783824771642685
        ],
        [
            0.20213966071605682,
            -0.7643836736679077,
            -0.06488603353500366
        ],
        [
            0.23804855346679688,
            -0.9571052193641663,
            -0.08314348012208939
        ],
        [
            0.22634631395339966,
            -0.9562674760818481,
            -0.11373907327651978
        ],
        [
            0.2543867528438568,
            -0.8834887742996216,
            -0.04754550755023956
        ],
        [
            0.2581237256526947,
            -0.8989472389221191,
            -0.059703342616558075
        ],
        [
            0.255571186542511,
            -0.8835526704788208,
            -0.07359838485717773
        ],
        [
            0.25295954942703247,
            -0.8711146712303162,
            -0.06063493341207504
        ],
        [
            0.2514932155609131,
            -0.8967458009719849,
