{
    "pred_cam": [
        1.164381742477417,
        -0.025820409879088402,
        0.1820378601551056
    ],
    "pred_smpl_params": {
        "global_orient": [
            [
                [
                    0.969072699546814,
                    0.24568215012550354,
                    0.023204881697893143
                ],
                [
                    0.24626831710338593,
                    -0.9688217639923096,
                    -0.027134845033288002
                ],
                [
                    0.015814848244190216,
                    0.032010260969400406,
                    -0.9993624687194824
                ]
            ]
        ],
        "body_pose": [
            [
                [
                    0.9981745481491089,
                    -0.04918583482503891,
                    -0.035044606775045395
                ],
                [
                    0.056800246238708496,
                    0.9617369174957275,
                    0.26802197098731995
                ],
                [
                    0.020520804449915886,
                    -0.2695233225822449,
                    0.9627750515937805
                ]
            ],
            [
                [
                    0.9991241097450256,
                    -0.029045656323432922,
                    0.03012310341000557
                ],
                [
                    0.019762039184570312,
                    0.9620468020439148,
                    0.27216798067092896
                ],
                [
                    -0.036885131150484085,
                    -0.27133429050445557,
                    0.9617781639099121
                ]
            ],
            [
                [
                    0.99909907579422,
                    0.04227014631032944,
                    0.003794883145019412
                ],
                [
                    -0.04050702601671219,
                    0.9764498472213745,
                    -0.2119077891111374
                ],
                [
                    -0.012662889435887337,
                    0.2115631252527237,
                    0.9772824048995972
                ]
            ],
            [
                [
                    0.9898644685745239,
                    -0.007215749938040972,
                    -0.1418314278125763
                ],
                [
                    -0.10377445816993713,
                    0.6450331807136536,
                    -0.757075309753418
                ],
                [
                    0.09694887697696686,
                    0.7641205191612244,
                    0.6377466320991516
                ]
            ],
            [
                [
                    0.9890972375869751,
                    -0.08008652180433273,
                    0.12358290702104568
                ],
                [
                    0.14583319425582886,
                    0.6493604183197021,
                    -0.7463670372962952
                ],
                [
                    -0.020475907251238823,
                    0.756252110004425,
                    0.6539598703384399
                ]
            ],
            [
                [
                    0.9998536109924316,
                    -0.016013775020837784,
                    0.006020021624863148
                ],
                [
                    0.015779763460159302,
                    0.9991872310638428,
                    0.03709392249584198
                ],
                [
                    -0.006609142292290926,
                    -0.03699350357055664,
                    0.9992936253547668
                ]
            ],
            [
                [
                    0.9774433970451355,
                    0.042315445840358734,
                    0.20691494643688202
                ],
                [
                    -0.058179229497909546,
                    0.9957644939422607,
                    0.07119210809469223
                ],
                [
                    -0.20302601158618927,
                    -0.08162441849708557,
                    0.9757652878761292
                ]
            ],
            [
                [
                    0.9819076657295227,
                    -0.015447002835571766,
                    -0.18872925639152527
                ],
                [
                    0.021804852411150932,
                    0.9992609024047852,
                    0.031657833606004715
                ],
                [
                    0.18810074031352997,
                    -0.03520028293132782,
                    0.9815187454223633
                ]
            ],
            [
                [
                    0.9998809695243835,
                    -0.00981009379029274,
                    -0.011911763809621334
                ],
                [
                    0.00882799457758665,
                    0.9967659115791321,
                    -0.07987381517887115
                ],
                [
                    0.012656810693442822,
                    0.0797591432929039,
                    0.9967338442802429
                ]
            ],
            [
                [
                    0.9864687919616699,
                    -0.1384396106004715,
                    -0.08782787621021271
                ],
                [
                    0.15119503438472748,
                    0.9753347635269165,
                    0.16081702709197998
                ],
                [
                    0.06339813768863678,
                    -0.17192012071609497,
                    0.9830687046051025
                ]
            ],
            [
                [
                    0.9935302138328552,
                    0.11049479991197586,
                    0.026240713894367218
                ],
                [
                    -0.11342766880989075,
                    0.9769319891929626,
                    0.18093644082546234
                ],
                [
                    -0.005642856005579233,
                    -0.18274225294589996,
                    0.9831446409225464
                ]
            ],
            [
                [
                    0.9887711405754089,
                    -0.019968945533037186,
                    -0.14809785783290863
                ],
                [
                    0.03574520722031593,
                    0.9938672780990601,
                    0.1046426072716713
                ],
                [
                    0.14510001242160797,
                    -0.10876137018203735,
                    0.9834210872650146
                ]
            ],
            [
                [
                    0.9351828098297119,
                    0.35414066910743713,
                    -0.004180513322353363
                ],
                [
                    -0.3540354073047638,
                    0.9344548583030701,
                    -0.038118958473205566
                ],
                [
                    -0.009592972695827484,
                    0.03712824359536171,
                    0.9992644786834717
                ]
            ],
            [
                [
                    0.9094371199607849,
                    -0.4146023392677307,
                    0.03207772597670555
                ],
                [
                    0.4153342843055725,
                    0.9094300866127014,
                    -0.020840736106038094
                ],
                [
                    -0.020531829446554184,
                    0.03227631747722626,
                    0.9992680549621582
                ]
            ],
            [
                [
                    0.9873626828193665,
                    -0.059698671102523804,
                    -0.14680270850658417
                ],
                [
                    0.03334825858473778,
                    0.9838603734970093,
                    -0.1758028119802475
                ],
                [
                    0.1549285650253296,
                    0.16868551075458527,
                    0.9734178781509399
                ]
            ],
            [
                [
                    0.6142646670341492,
                    0.7592990398406982,
                    -0.2148112952709198
                ],
                [
                    -0.7834134697914124,
                    0.6194295287132263,
                    -0.0507001131772995
                ],
                [
                    0.09456390142440796,
                    0.19942933320999146,
                    0.9753388166427612
                ]
            ],
            [
                [
                    0.519371747970581,
                    -0.8202283978462219,
                    0.23974616825580597
                ],
                [
                    0.8521159291267395,
                    0.5182468891143799,
                    -0.0729275792837143
                ],
                [
                    -0.06443044543266296,
                    0.24216808378696442,
                    0.9680924415588379
                ]
            ],
            [
                [
                    0.828551173210144,
                    -0.16811583936214447,
                    -0.5340787172317505
                ],
                [
                    0.10580876469612122,
                    0.9836849570274353,
                    -0.14549370110034943
                ],
                [
                    0.5498250126838684,
                    0.06403877586126328,
                    0.8328214287757874
                ]
            ],
            [
                [
                    0.8520597219467163,
                    0.1395544558763504,
                    0.5044984817504883
                ],
                [
                    -0.015512244775891304,
                    0.9701137542724609,
                    -0.24215403199195862
                ],
                [
                    -0.5232146382331848,
                    0.1985037922859192,
                    0.8287596702575684
                ]
            ],
            [
                [
                    0.9995629191398621,
                    -0.02101166360080242,
                    0.02079465053975582
                ],
                [
                    0.022117266431450844,
                    0.9982715249061584,
                    -0.05444936826825142
                ],
                [
                    -0.01961463689804077,
                    0.05488549545407295,
                    0.9982998967170715
                ]
            ],
            [
                [
                    0.9996007084846497,
                    0.006859214510768652,
                    -0.02741396427154541
                ],
                [
                    -0.008139579556882381,
                    0.9988678693771362,
                    -0.046868372708559036
                ],
                [
                    0.027061447501182556,
                    0.04707278683781624,
                    0.9985248446464539
                ]
            ],
            [
                [
                    0.9674882888793945,
                    0.2289523184299469,
                    -0.10745815932750702
                ],
                [
                    -0.20954592525959015,
                    0.9635482430458069,
                    0.16632875800132751
                ],
                [
                    0.14162248373031616,
                    -0.13840371370315552,
                    0.9801976680755615
                ]
            ],
            [
                [
                    0.9727581739425659,
                    -0.21788641810417175,
                    0.07916494458913803
                ],
                [
                    0.20078904926776886,
                    0.9625705480575562,
                    0.18204843997955322
                ],
                [
                    -0.1158677265048027,
                    -0.1611936390399933,
                    0.9800975918769836
                ]
            ]
        ],
        "betas": [
            -0.023535877466201782,
            -0.11339938640594482,
            0.04074713587760925,
            0.3260802626609802,
            0.031658053398132324,
            0.05937502160668373,
            -0.012494444847106934,
            -0.07665228843688965,
            0.07010580599308014,
            -0.04920482635498047
        ]
    },
    "pred_cam_t": [
        -0.025820409879088402,
        0.1820378601551056,
        33.547847747802734
    ],
    "focal_length": [
        5000.0,
        5000.0
    ],
    "pred_keypoints_3d": [
        [
            0.1219283789396286,
            -0.8157652616500854,
            -0.17229366302490234
        ],
        [
            0.13697166740894318,
            -0.7185132503509521,
            -0.005238097161054611
        ],
        [
            -0.0654836893081665,
            -0.6668318510055542,
            0.01716771349310875
        ],
        [
            -0.15317118167877197,
            -0.43896976113319397,
            0.08449763059616089
        ],
        [
            -0.21556343138217926,
            -0.2087114155292511,
            -0.0027961134910583496
        ],
        [
            0.28428325057029724,
            -0.5809851288795471,
            0.019272562116384506
        ],
        [
            0.2887231111526489,
            -0.3310750722885132,
            0.0894688218832016
        ],
        [
            0.2946474850177765,
            -0.10658209025859833,
            -0.01665569841861725
        ],
        [
            -0.002041036728769541,
            -0.22694562375545502,
            0.02842748537659645
        ],
        [
            -0.08961325138807297,
            -0.15566249191761017,
            0.028665542602539062
        ],
        [
            -0.2036518007516861,
            0.19129027426242828,
            -0.07937795668840408
        ],
        [
            -0.246179461479187,
            0.5000842213630676,
            0.16635802388191223
        ],
        [
            0.04222901165485382,
            -0.12108181416988373,
            0.03325214609503746
        ],
        [
            0.007588542997837067,
            0.23411493003368378,
            -0.07403393089771271
        ],
        [
            -0.054992370307445526,
            0.5361580848693848,
            0.17514774203300476
        ],
        [
            0.10943076014518738,
            -0.8640332221984863,
            -0.13555839657783508
        ],
        [
            0.17073866724967957,
            -0.8494493961334229,
            -0.1566491723060608
        ],
        [
            0.09933136403560638,
            -0.8641870021820068,
            -0.0321895107626915
        ],
        [
            0.23602426052093506,
            -0.8316545486450195,
            -0.0781804621219635
        ],
        [
            -0.08152181655168533,
            0.6695345640182495,
            0.03084331750869751
        ],
        [
            -0.011409133672714233,
            0.6667772531509399,
            0.07754543423652649
        ],
        [
            -0.048976361751556396,
            0.5396406650543213,
            0.24592188000679016
        ],
        [
            -0.26328301429748535,
            0.6354261040687561,
            0.022047609090805054
        ],
        [
            -0.33277803659439087,
            0.6060004830360413,
            0.06637260317802429
        ],
        [
            -0.2523343563079834,
            0.50921630859375,
            0.23893415927886963
        ],
        [
            -0.26039671897888184,
            0.44173991680145264,
            0.16275209188461304
        ],
        [
            -0.18782401084899902,
            0.13344153761863708,
            -0.0747862160205841
        ],
        [
            -0.1376710683107376,
            -0.29502174258232117,
            0.04025905579328537
        ],
        [
            0.14356420934200287,
            -0.20693787932395935,
            0.057863928377628326
        ],
        [
            0.025162935256958008,
            0.19879499077796936,
            -0.07128776609897614
        ],
        [
            -0.0374421663582325,
            0.4969003200531006,
            0.17946352064609528
        ],
        [
            -0.19534248113632202,
            -0.23137305676937103,
            -0.023110732436180115
        ],
        [
            -0.1751934140920639,
            -0.4604406952857971,
            0.05710341036319733
        ],
        [
            -0.022434916347265244,
            -0.6912931203842163,
            0.014886707067489624
        ],
        [
            0.2649756073951721,
            -0.6206740736961365,
            0.018622104078531265
        ],
        [
            0.32346856594085693,
            -0.34917500615119934,
            0.056340884417295456
        ],
        [
            0.30017465353012085,
            -0.12462632358074188,
            -0.026032624766230583
        ],
        [
            0.13527950644493103,
            -0.7086055278778076,
            -0.005938421469181776
        ],
        [
            0.17604975402355194,
            -0.8981659412384033,
            -0.07765103131532669
        ],
        [
            0.0035509655717760324,
            -0.25082823634147644,
            0.04901618883013725
        ],
        [
            0.11944685131311417,
            -0.654492974281311,
            0.013192923739552498
        ],
        [
            0.07204852253198624,
            -0.48750120401382446,
            0.0473405197262764
        ],
        [
            0.14709679782390594,
            -0.7902625799179077,
            -0.09985462576150894
        ],
        [
            0.17783769965171814,
            -0.9182730317115784,
            -0.06973034888505936
        ]
    ],
    "pred_vertices": [
        [
            0.19104644656181335,
            -0.8919689059257507,
            -0.16553278267383575
        ],
        [
            0.18061266839504242,
            -0.8791536092758179,
            -0.16822050511837006
        ],
        [
            0.19285348057746887,
            -0.873640239238739,
            -0.1630595624446869
        ],
        [
            0.2033824771642685,
            -0.88312828540802,
            -0.1567511111497879
        ],
        [
            0.1855555772781372,
            -0.8654950857162476,
            -0.1660989224910736
        ],
        [
            0.17427055537700653,
            -0.8689211010932922,
            -0.16975891590118408
        ],
        [
            0.2012733817100525,
            -0.8665741682052612,
            -0.15437829494476318
        ],
        [
            0.2107817530632019,
            -0.8724519610404968,
            -0.14668308198451996
        ],
        [
            0.20286959409713745,
            -0.8308780193328857,
            -0.14146731793880463
        ],
        [
            0.20849895477294922,
            -0.8257616758346558,
            -0.13315553963184357
        ],
        [
            0.21067732572555542,
            -0.8374194502830505,
            -0.13609489798545837
        ],
        [
            0.20335611701011658,
            -0.8397356867790222,
            -0.14307214319705963
        ],
        [
            0.1980402022600174,
            -0.8055917620658875,
            -0.1350364238023758
        ],
        [
            0.187821626663208,
            -0.7977944612503052,
            -0.1402246057987213
        ],
        [
            0.19127881526947021,
            -0.7886444926261902,
            -0.13060566782951355
        ],
        [
            0.20047420263290405,
            -0.7962928414344788,
            -0.12428905814886093
        ],
        [
            0.15301549434661865,
            -0.8183368444442749,
            -0.15463513135910034
        ],
        [
            0.15720295906066895,
            -0.8106351494789124,
            -0.15455755591392517
        ],
        [
            0.16233688592910767,
            -0.8163200616836548,
            -0.15556153655052185
        ],
        [
            0.1573983132839203,
            -0.8234030604362488,
            -0.15503868460655212
        ],
        [
            0.1444200575351715,
            -0.8298085331916809,
            -0.15877479314804077
        ],
        [
            0.14751842617988586,
            -0.8350272178649902,
            -0.1564299762248993
        ],
        [
            0.14228472113609314,
            -0.8397592902183533,
            -0.16028906404972076
        ],
        [
            0.1395576149225235,
            -0.8335999250411987,
            -0.16386733949184418
        ],
        [
            0.14687302708625793,
            -0.814453125,
            -0.15256783366203308
        ],
        [
            0.15156061947345734,
            -0.8064115047454834,
            -0.15230150520801544
        ],
        [
            0.1492057889699936,
            -0.8249661922454834,
            -0.15528179705142975
        ],
        [
            0.1458905190229416,
            -0.8209487795829773,
            -0.15651971101760864
        ],
        [
            0.13884317874908447,
            -0.8154824376106262,
            -0.16498808562755585
        ],
        [
            0.14163564145565033,
            -0.8197376728057861,
            -0.16448116302490234
        ],
        [
            0.13653597235679626,
            -0.8214614391326904,
            -0.1702067255973816
        ],
        [
            0.13447614014148712,
            -0.8163892030715942,
            -0.16865286231040955
        ],
        [
            0.143925279378891,
            -0.814472496509552,
            -0.15677446126937866
        ],
        [
            0.14419347047805786,
            -0.817099928855896,
            -0.15996915102005005
        ],
        [
            0.14049139618873596,
            -0.8139654994010925,
            -0.16112399101257324
        ],
        [
            0.13973721861839294,
            -0.812271773815155,
            -0.15737053751945496
        ],
        [
            0.14207935333251953,
            -0.8257654309272766,
            -0.1610051989555359
        ],
        [
            0.13768158853054047,
            -0.828080952167511,
            -0.16704894602298737
        ],
        [
            0.13224558532238007,
            -0.8302223682403564,
            -0.1729084998369217
        ],
        [
            0.1304914951324463,
            -0.8217462301254272,
            -0.17559212446212769
        ],
        [
            0.1667865514755249,
            -0.7949701547622681,
            -0.1497797966003418
        ],
        [
            0.16200792789459229,
            -0.8028734922409058,
            -0.15334606170654297
        ],
        [
            0.15631622076034546,
            -0.7991232872009277,
            -0.15162479877471924
        ],
        [
            0.1605948805809021,
            -0.7926855087280273,
            -0.14950770139694214
        ],
        [
            0.1413373351097107,
            -0.8089383840560913,
            -0.15409615635871887
        ],
        [
            0.14178624749183655,
            -0.7923416495323181,
            -0.15351486206054688
        ],
        [
            0.1427191197872162,
            -0.7960349917411804,
            -0.1543157696723938
        ],
        [
            0.1360616534948349,
            -0.7981152534484863,
            -0.15654337406158447
        ],
        [
            0.1358521282672882,
            -0.7945088148117065,
            -0.15584824979305267
        ],
        [
            0.17130054533481598,
            -0.7800301313400269,
            -0.14081215858459473
        ],
        [
            0.16446806490421295,
            -0.7800658941268921,
            -0.1436493694782257
        ],
        [
            0.16436731815338135,
            -0.7732639312744141,
            -0.14029324054718018
        ],
        [
            0.1708437204360962,
            -0.7720842361450195,
            -0.13588133454322815
        ],
        [
            0.16172313690185547,
            -0.7680121660232544,
            -0.13790515065193176
        ],
        [
            0.16931389272212982,
            -0.7647281289100647,
            -0.13137733936309814
        ],
        [
            0.1581878513097763,
            -0.7529940605163574,
            -0.12735481560230255
        ],
        [
            0.1638685166835785,
            -0.758033037185669,
            -0.12900018692016602
        ],
        [
            0.15693990886211395,
            -0.763380765914917,
            -0.13664686679840088
        ],
        [
            0.15009264647960663,
            -0.7594720125198364,
            -0.13767501711845398
        ],
        [
            0.13669919967651367,
            -0.7665913701057434,
            -0.14332880079746246
        ],
        [
            0.13020536303520203,
            -0.7665359377861023,
            -0.14428240060806274
        ],
        [
            0.13300834596157074,
            -0.7537403702735901,
            -0.14196981489658356
        ],
        [
            0.14116281270980835,
            -0.7557395100593567,
            -0.14014413952827454
        ],
        [
            0.1416441798210144,
            -0.7868953943252563,
            -0.14838090538978577
        ],
        [
            0.1461227387189865,
            -0.7862289547920227,
            -0.14668963849544525
        ],
        [
            0.1459822952747345,
            -0.7875127792358398,
            -0.14916035532951355
        ],
        [
            0.14139747619628906,
            -0.7893410921096802,
            -0.15140925347805023
        ],
        [
            0.149961456656456,
            -0.7852341532707214,
            -0.1457999050617218
        ],
        [
            0.15165098011493683,
            -0.7846586108207703,
            -0.14548251032829285
        ],
        [
            0.15133336186408997,
            -0.7859175801277161,
            -0.14678911864757538
        ],
        [
            0.1497323215007782,
            -0.7860766649246216,
            -0.14646416902542114
        ],
        [
            0.1476883441209793,
            -0.7861287593841553,
            -0.14648574590682983
        ],
        [
            0.14627879858016968,
            -0.7844350337982178,
            -0.14635303616523743
        ],
        [
            0.14888393878936768,
            -0.7846150398254395,
            -0.14592856168746948
        ],
        [
            0.14201177656650543,
            -0.7842742800712585,
            -0.14803257584571838
        ],
        [
            0.12771299481391907,
            -0.7843341827392578,
            -0.15215376019477844
        ],
        [
            0.13177527487277985,
            -0.7840466499328613,
            -0.15173161029815674
        ],
        [
            0.13150811195373535,
            -0.7887771129608154,
            -0.1510557234287262
        ],
        [
            0.1281379610300064,
            -0.7893365621566772,
            -0.15141549706459045
        ],
        [
            0.14953309297561646,
            -0.7880982160568237,
            -0.1484098732471466
        ],
        [
            0.15242108702659607,
            -0.7889973521232605,
            -0.14875167608261108
        ],
        [
            0.14846016466617584,
            -0.792343020439148,
            -0.1514623761177063
        ],
        [
            0.14701023697853088,
            -0.7899407148361206,
            -0.15020160377025604
        ],
        [
            0.15539000928401947,
            -0.7902961373329163,
            -0.14950492978096008
        ],
        [
            0.15388134121894836,
            -0.7865951061248779,
            -0.1469665765762329
        ],
        [
            0.1571888029575348,
            -0.7865800857543945,
            -0.14727193117141724
        ],
        [
            0.15082651376724243,
            -0.7830321192741394,
            -0.1450973004102707
        ],
        [
            0.15346485376358032,
            -0.7808308601379395,
            -0.1441987156867981
        ],
        [
            0.15419301390647888,
            -0.7832672595977783,
            -0.1456434428691864
        ],
        [
            0.15085574984550476,
            -0.7780901193618774,
            -0.14362689852714539
        ],
        [
            0.1478630006313324,
            -0.7816815376281738,
            -0.14523106813430786
        ],
        [
            0.14343231916427612,
            -0.7805476784706116,
            -0.14672516286373138
        ],
        [
            0.13782170414924622,
            -0.7797963619232178,
            -0.14872770011425018
        ],
        [
            0.14008039236068726,
            -0.774673581123352,
            -0.14580652117729187
        ],
        [
            0.14613771438598633,
            -0.7759603261947632,
            -0.1444004476070404
        ],
        [
            0.1513846218585968,
            -0.7956809997558594,
            -0.1517825424671173
        ],
        [
            0.15858833491802216,
            -0.7817752361297607,
            -0.14482760429382324
        ],
        [
            0.1631310135126114,
            -0.7872271537780762,
            -0.146551251411438
        ],
        [
            0.15790575742721558,
            -0.7771264314651489,
            -0.1430923044681549
        ],
        [
            0.15526005625724792,
            -0.7732294797897339,
            -0.1415930837392807
        ],
        [
            0.1506064534187317,
            -0.7700303196907043,
            -0.14123037457466125
        ],
        [
            0.1436617076396942,
            -0.7680230736732483,
            -0.1422906517982483
        ],
        [
            0.13715575635433197,
            -0.7453905344009399,
            -0.13041384518146515
        ],
        [
            0.14723515510559082,
            -0.7483832836151123,
            -0.1293780654668808
        ],
        [
            0.17148739099502563,
            -0.8624536991119385,
            -0.16536764800548553
        ],
        [
            0.18023906648159027,
            -0.859627902507782,
            -0.16506224870681763
        ],
        [
            0.18045775592327118,
            -0.8523622751235962,
            -0.15940871834754944
        ],
        [
            0.1826353222131729,
            -0.8542925715446472,
            -0.15998895466327667
        ],
        [
            0.17702913284301758,
            -0.8565451502799988,
            -0.1620778888463974
        ],
        [
            0.1761726588010788,
            -0.8539659976959229,
            -0.1608610600233078
        ],
        [
            0.19608357548713684,
            -0.8430203199386597,
            -0.14730286598205566
        ],
        [
            0.19055594503879547,
            -0.8456140756607056,
            -0.15071889758110046
        ],
        [
            0.19062387943267822,
            -0.8418329358100891,
            -0.14890708029270172
        ],
        [
            0.19657087326049805,
            -0.836144208908081,
            -0.14628997445106506
        ],
        [
            0.17997866868972778,
            -0.8357516527175903,
            -0.15264379978179932
        ],
        [
            0.18524590134620667,
            -0.8361626267433167,
            -0.15082745254039764
        ],
        [
            0.18217545747756958,
            -0.8434361219406128,
            -0.15334221720695496
        ],
        [
            0.17837364971637726,
            -0.8431167006492615,
            -0.15477243065834045
        ],
        [
            0.1741737276315689,
            -0.8434200286865234,
            -0.15569564700126648
        ],
        [
            0.16993319988250732,
            -0.8442920446395874,
            -0.15579475462436676
        ],
        [
            0.16918998956680298,
            -0.8391237258911133,
            -0.1545211672782898
        ],
        [
            0.1742880493402481,
            -0.8371204137802124,
            -0.15396751463413239
        ],
        [
            0.17068569362163544,
            -0.8591420650482178,
            -0.16180011630058289
        ],
        [
            0.1639302372932434,
            -0.8600543737411499,
            -0.1594330072402954
        ],
        [
            0.16473403573036194,
            -0.8569214344024658,
            -0.1587764024734497
        ],
        [
            0.17039303481578827,
            -0.8559553027153015,
            -0.16107696294784546
        ],
        [
            0.15542984008789062,
            -0.8533576726913452,
            -0.15023426711559296
        ],
        [
            0.1567586213350296,
            -0.8554290533065796,
            -0.1519344449043274
        ],
        [
            0.15339471399784088,
            -0.8575587272644043,
            -0.1523059755563736
        ],
        [
            0.15188740193843842,
            -0.8533875346183777,
            -0.1506316065788269
        ],
        [
            0.1533624231815338,
            -0.8498838543891907,
            -0.15088880062103271
        ],
        [
            0.15612250566482544,
            -0.8513637781143188,
            -0.15076643228530884
        ],
        [
            0.18782269954681396,
            -0.9148297309875488,
            -0.1645292192697525
        ],
        [
            0.17702265083789825,
            -0.8992965221405029,
            -0.16944822669029236
        ],
        [
            0.20405763387680054,
            -0.9052256941795349,
            -0.15620751678943634
        ],
        [
            0.21409404277801514,
            -0.8934513330459595,
            -0.14643536508083344
        ],
        [
            0.2208697497844696,
            -0.8791079521179199,
            -0.13744066655635834
        ],
        [
            0.18085667490959167,
            -0.7830215096473694,
            -0.13632072508335114
        ],
        [
            0.18210506439208984,
            -0.7743185758590698,
            -0.12937131524085999
        ],
        [
            0.19411174952983856,
            -0.780357837677002,
            -0.12079063057899475
        ],
        [
            0.1917400360107422,
            -0.7710410356521606,
            -0.11367824673652649
        ],
        [
            0.17961648106575012,
            -0.7649879455566406,
            -0.12336863577365875
        ],
        [
            0.1646985411643982,
            -0.7503218650817871,
            -0.11442014575004578
        ],
        [
            0.17376184463500977,
            -0.7563998103141785,
            -0.11830376833677292
        ],
        [
            0.1868906021118164,
            -0.7628567218780518,
            -0.10510797798633575
        ],
        [
            0.20042617619037628,
            -0.7739367485046387,
            -0.09408149123191833
        ],
        [
            0.20254912972450256,
            -0.7798518538475037,
            -0.10463477671146393
        ],
        [
            0.21072162687778473,
            -0.7889590263366699,
            -0.08509493619203568
        ],
        [
            0.19816142320632935,
            -0.7683087587356567,
            -0.0798163041472435
        ],
        [
            0.21047928929328918,
            -0.7890009880065918,
            -0.07545202225446701
        ],
        [
            0.177069753408432,
            -0.7355356216430664,
            -0.07358266413211823
        ],
        [
            0.17804813385009766,
            -0.7241834402084351,
            -0.06739014387130737
        ],
        [
            0.19179749488830566,
            -0.7298182249069214,
            -0.0564342737197876
        ],
        [
            0.19219857454299927,
            -0.7407999038696289,
            -0.06330418586730957
        ],
        [
            0.2027689814567566,
            -0.7872496843338013,
            -0.11401406675577164
        ],
        [
            0.21659135818481445,
            -0.8480134010314941,
            -0.13020141422748566
        ],
        [
            0.20941708981990814,
            -0.8480557799339294,
            -0.14012858271598816
        ],
        [
            0.21683983504772186,
            -0.8352856636047363,
            -0.1258646547794342
        ],
        [
            0.2368106096982956,
            -0.9060836434364319,
            -0.12083818763494492
        ],
        [
            0.2263570874929428,
            -0.9017261266708374,
            -0.13566407561302185
        ],
        [
            0.23117657005786896,
            -0.8855605125427246,
            -0.12874452769756317
        ],
        [
            0.2411254346370697,
            -0.8917723894119263,
            -0.11577717214822769
        ],
        [
            0.2156239151954651,
            -0.9453911781311035,
            -0.12666137516498566
        ],
        [
            0.2035450041294098,
            -0.9322783946990967,
            -0.1484072208404541
        ],
        [
            0.2146320343017578,
            -0.9185954332351685,
            -0.14257068932056427
        ],
        [
            0.22613957524299622,
            -0.9283826351165771,
            -0.1256382316350937
        ],
        [
            0.24708586931228638,
            -0.8936071991920471,
            -0.10382862389087677
        ],
        [
            0.2535785734653473,
            -0.895825982093811,
            -0.08645371347665787
        ],
        [
            0.2550894618034363,
            -0.9126952886581421,
            -0.08119051903486252
        ],
        [
            0.2464563548564911,
            -0.911994993686676,
            -0.1022292971611023
        ],
        [
            0.2496306300163269,
            -0.9354466199874878,
            -0.0741981714963913
        ],
        [
            0.2396833896636963,
            -0.9348756074905396,
            -0.09993726015090942
        ],
        [
            0.20864567160606384,
            -0.776731550693512,
            -0.0617344006896019
        ],
        [
            0.21466952562332153,
            -0.794663667678833,
            -0.06347249448299408
        ],
        [
            0.19247610867023468,
            -0.7539550065994263,
            -0.0720711350440979
        ],
        [
            0.2040281593799591,
            -0.7611874938011169,
            -0.05808784067630768
        ],
        [
            0.23716673254966736,
            -0.9546591639518738,
            -0.06641176342964172
        ],
        [
            0.22679570317268372,
            -0.9550923109054565,
            -0.09736675024032593
        ],
        [
            0.2534674108028412,
            -0.8803026676177979,
            -0.03349804878234863
        ],
        [
            0.25738245248794556,
            -0.8962520360946655,
            -0.04472372680902481
        ],
        [
            0.25572794675827026,
            -0.8814250230789185,
            -0.05940660834312439
        ],
        [
            0.25283902883529663,
            -0.8684803247451782,
            -0.04716077446937561
        ],
        [
            0.24974289536476135,
            -0.8929053544998169,
