{
    "pred_cam": [
        1.169843316078186,
        0.001007894054055214,
        0.19738134741783142
    ],
    "pred_smpl_params": {
        "global_orient": [
            [
                [
                    0.9730194211006165,
                    0.22931459546089172,
                    0.025455361232161522
                ],
                [
                    0.22954817116260529,
                    -0.9732747077941895,
                    -0.006628499832004309
                ],
                [
                    0.02325504831969738,
                    0.012292890809476376,
                    -0.9996539354324341
                ]
            ]
        ],
        "body_pose": [
            [
                [
                    0.9980811476707458,
                    -0.05673838406801224,
                    -0.024795282632112503
                ],
                [
                    0.061212506145238876,
                    0.9644668698310852,
                    0.2570151090621948
                ],
                [
                    0.009331606328487396,
                    -0.2580397129058838,
                    0.9660893082618713
                ]
            ],
            [
                [
                    0.9992949366569519,
                    0.02942325361073017,
                    0.023320503532886505
                ],
                [
                    -0.03417250141501427,
                    0.9700800776481628,
                    0.24036836624145508
                ],
                [
                    -0.015550337731838226,
                    -0.24099582433700562,
                    0.9704015851020813
                ]
            ],
            [
                [
                    0.9993013143539429,
                    0.03571636974811554,
                    0.011018172837793827
                ],
                [
                    -0.032966382801532745,
                    0.9811308979988098,
                    -0.19051341712474823
                ],
                [
                    -0.01761472225189209,
                    0.19001705944538116,
                    0.9816228151321411
                ]
            ],
            [
                [
                    0.9890806674957275,
                    -0.008521050214767456,
                    -0.14712850749492645
                ],
                [
                    -0.1078883707523346,
                    0.638228178024292,
                    -0.7622499465942383
                ],
                [
                    0.10039673000574112,
                    0.7698001265525818,
                    0.6303398013114929
                ]
            ],
            [
                [
                    0.9904696941375732,
                    -0.03813988342881203,
                    0.132344588637352
                ],
                [
                    0.11526291817426682,
                    0.7555273175239563,
                    -0.6448975801467896
                ],
                [
                    -0.07539363205432892,
                    0.6540059447288513,
                    0.7527230381965637
                ]
            ],
            [
                [
                    0.999600350856781,
                    -0.02523166500031948,
                    0.012747346423566341
                ],
                [
                    0.024637602269649506,
                    0.9986927509307861,
                    0.044787343591451645
                ],
                [
                    -0.013860739767551422,
                    -0.044455379247665405,
                    0.9989152550697327
                ]
            ],
            [
                [
                    0.9828940629959106,
                    0.03760501742362976,
                    0.18029166758060455
                ],
                [
                    -0.05447160825133324,
                    0.9944932460784912,
                    0.08953207731246948
                ],
                [
                    -0.17593199014663696,
                    -0.09782132506370544,
                    0.9795299172401428
                ]
            ],
            [
                [
                    0.9810305833816528,
                    -0.06580644845962524,
                    -0.18234197795391083
                ],
                [
                    0.06736280024051666,
                    0.997725784778595,
                    0.002348235109820962
                ],
                [
                    0.18177276849746704,
                    -0.014586757868528366,
                    0.9832324385643005
                ]
            ],
            [
                [
                    0.9998472929000854,
                    -0.017321282997727394,
                    -0.0023047460708767176
                ],
                [
                    0.017151977866888046,
                    0.998053252696991,
                    -0.05996306985616684
                ],
                [
                    0.0033388962037861347,
                    0.05991438403725624,
                    0.9981979131698608
                ]
            ],
            [
                [
                    0.9897042512893677,
                    -0.13073447346687317,
                    -0.05825859680771828
                ],
                [
                    0.13858139514923096,
                    0.9770672917366028,
                    0.16166214644908905
                ],
                [
                    0.035787757486104965,
                    -0.16807125508785248,
                    0.9851250052452087
                ]
            ],
            [
                [
                    0.9854006767272949,
                    0.16670912504196167,
                    0.03454979509115219
                ],
                [
                    -0.17022022604942322,
                    0.9686180949211121,
                    0.181118905544281
                ],
                [
                    -0.0032713827677071095,
                    -0.1843557357788086,
                    0.9828541874885559
                ]
            ],
            [
                [
                    0.9898862242698669,
                    -0.014930319972336292,
                    -0.14107611775398254
                ],
                [
                    0.03789973258972168,
                    0.986133873462677,
                    0.16156618297100067
                ],
                [
                    0.13670769333839417,
                    -0.1652788668870926,
                    0.9767261743545532
                ]
            ],
            [
                [
                    0.9340351819992065,
                    0.35705000162124634,
                    0.0096753453835845
                ],
                [
                    -0.35624393820762634,
                    0.9332036375999451,
                    -0.047129448503255844
                ],
                [
                    -0.025856638327240944,
                    0.04057377949357033,
                    0.9988419413566589
                ]
            ],
            [
                [
                    0.9064299464225769,
                    -0.42170071601867676,
                    0.023517735302448273
                ],
                [
                    0.42228132486343384,
                    0.9059106111526489,
                    -0.031693246215581894
                ],
                [
                    -0.00793989934027195,
                    0.03865881636738777,
                    0.9992208480834961
                ]
            ],
            [
                [
                    0.9896771907806396,
                    -0.052215736359357834,
                    -0.13346406817436218
                ],
                [
                    0.03530500456690788,
                    0.9913929104804993,
                    -0.12606963515281677
                ],
                [
                    0.13889816403388977,
                    0.12005628645420074,
                    0.9830024242401123
                ]
            ],
            [
                [
                    0.5794681310653687,
                    0.7871754169464111,
                    -0.21111947298049927
                ],
                [
                    -0.8112647533416748,
                    0.5818822383880615,
                    -0.057118117809295654
                ],
                [
                    0.07788468897342682,
                    0.20437194406986237,
                    0.9757899045944214
                ]
            ],
            [
                [
                    0.5180364847183228,
                    -0.8257651925086975,
                    0.22304750978946686
                ],
                [
                    0.8537260890007019,
                    0.5152620673179626,
                    -0.07521156966686249
                ],
                [
                    -0.052820835262537,
                    0.22938379645347595,
                    0.9719018340110779
                ]
            ],
            [
                [
                    0.8051866292953491,
                    -0.19603751599788666,
                    -0.5596818923950195
                ],
                [
                    0.12427709996700287,
                    0.9786038994789124,
                    -0.1639803647994995
                ],
                [
                    0.5798532366752625,
                    0.06247914955019951,
                    0.8123217225074768
                ]
            ],
            [
                [
                    0.8495370149612427,
                    0.15805071592330933,
                    0.5032958388328552
                ],
                [
                    -0.049262527376413345,
                    0.9736626148223877,
                    -0.22260798513889313
                ],
                [
                    -0.5252237319946289,
                    0.16432009637355804,
                    0.8349484205245972
                ]
            ],
            [
                [
                    0.9993184208869934,
                    -0.02476532571017742,
                    0.02737673558294773
                ],
                [
                    0.02563968114554882,
                    0.9991570115089417,
                    -0.03206198662519455
                ],
                [
                    -0.026559628546237946,
                    0.03274206072092056,
                    0.999110996723175
                ]
            ],
            [
                [
                    0.9994990825653076,
                    0.013627897948026657,
                    -0.02856319211423397
                ],
                [
                    -0.014842447824776173,
                    0.9989755153656006,
                    -0.04274987056851387
                ],
                [
                    0.02795134112238884,
                    0.043152403086423874,
                    0.9986773729324341
                ]
            ],
            [
                [
                    0.9678880572319031,
                    0.22797438502311707,
                    -0.10592593997716904
                ],
                [
                    -0.20938195288181305,
                    0.9642953276634216,
                    0.16215378046035767
                ],
                [
                    0.1391107738018036,
                    -0.13476774096488953,
                    0.9810636639595032
                ]
            ],
            [
                [
                    0.9722955822944641,
                    -0.221788227558136,
                    0.07383295893669128
                ],
                [
                    0.2050573229789734,
                    0.9608970880508423,
                    0.18608669936656952
                ],
                [
                    -0.11221771687269211,
                    -0.16579127311706543,
                    0.9797552824020386
                ]
            ]
        ],
        "betas": [
            -0.04173438251018524,
            -0.07780703902244568,
            0.060156434774398804,
            0.2192143350839615,
            0.018889784812927246,
            0.05223304405808449,
            -0.0010906457901000977,
            -0.0769619345664978,
            0.06033526360988617,
            -0.05895829200744629
        ]
    },
    "pred_cam_t": [
        0.001007894054055214,
        0.19738134741783142,
        33.3912239074707
    ],
    "focal_length": [
        5000.0,
        5000.0
    ],
    "pred_keypoints_3d": [
        [
            0.11378993839025497,
            -0.8342757821083069,
            -0.15850868821144104
        ],
        [
            0.12135963141918182,
            -0.7208131551742554,
            -0.0001618415117263794
        ],
        [
            -0.07825212180614471,
            -0.6593840718269348,
            0.015276727266609669
        ],
        [
            -0.15471197664737701,
            -0.42688611149787903,
            0.08080726861953735
        ],
        [
            -0.21284650266170502,
            -0.19743363559246063,
            -0.011397682130336761
        ],
        [
            0.2730751037597656,
            -0.5902413725852966,
            0.02743770182132721
        ],
        [
            0.2742743492126465,
            -0.3409383296966553,
            0.10012700408697128
        ],
        [
            0.2888675928115845,
            -0.12030135095119476,
            -0.012633487582206726
        ],
        [
            -0.0019380422309041023,
            -0.22565200924873352,
            0.02836412377655506
        ],
        [
            -0.088471420109272,
            -0.1529797911643982,
            0.029936278238892555
        ],
        [
            -0.21862804889678955,
            0.19429519772529602,
            -0.05931288003921509
        ],
        [
            -0.29020145535469055,
            0.52134770154953,
            0.15491649508476257
        ],
        [
            0.04431114345788956,
            -0.12065966427326202,
            0.03560841456055641
        ],
        [
            0.018144790083169937,
            0.23942460119724274,
            -0.059603895992040634
        ],
        [
            -0.039941418915987015,
            0.5321746468544006,
            0.20231541991233826
        ],
        [
            0.09664752334356308,
            -0.8776329755783081,
            -0.11763732135295868
        ],
        [
            0.1599476933479309,
            -0.8674213290214539,
            -0.1352236270904541
        ],
        [
            0.07867620885372162,
            -0.8651471138000488,
            -0.01634209044277668
        ],
        [
            0.21927589178085327,
            -0.8419804573059082,
            -0.05438808351755142
        ],
        [
            -0.06572236120700836,
            0.6692415475845337,
            0.061013221740722656
        ],
        [
            0.0038281306624412537,
            0.6642983555793762,
            0.10765144228935242
        ],
        [
            -0.03345036506652832,
            0.5340431332588196,
            0.27314823865890503
        ],
        [
            -0.3076627254486084,
            0.6467272043228149,
            0.002114236354827881
        ],
        [
            -0.37723082304000854,
            0.6174824833869934,
            0.04618290066719055
        ],
        [
            -0.29848742485046387,
            0.5356530547142029,
            0.22674718499183655
        ],
        [
            -0.30027347803115845,
            0.46252870559692383,
            0.156255841255188
        ],
        [
            -0.19992369413375854,
            0.13576777279376984,
            -0.055810604244470596
        ],
        [
            -0.13813331723213196,
            -0.29198962450027466,
            0.037314847111701965
        ],
        [
            0.14425194263458252,
            -0.20865821838378906,
            0.05807382985949516
        ],
        [
            0.034873027354478836,
            0.20395433902740479,
            -0.05774175748229027
        ],
        [
            -0.023066336289048195,
            0.49273690581321716,
            0.20527058839797974
        ],
        [
            -0.19376131892204285,
            -0.22122573852539062,
            -0.03144651651382446
        ],
        [
            -0.1779996007680893,
            -0.44808006286621094,
            0.05370823293924332
        ],
        [
            -0.036401089280843735,
            -0.6858351230621338,
            0.014767056331038475
        ],
        [
            0.25177234411239624,
            -0.6291659474372864,
            0.02664591372013092
        ],
        [
            0.31069740653038025,
            -0.35963910818099976,
            0.06848157197237015
        ],
        [
            0.29450246691703796,
            -0.13881197571754456,
            -0.02097143977880478
        ],
        [
            0.12032613903284073,
            -0.7111526727676392,
            -0.0008469404419884086
        ],
        [
            0.15719082951545715,
            -0.9061997532844543,
            -0.050522953271865845
        ],
        [
            0.0036824727430939674,
            -0.2503141760826111,
            0.04773235693573952
        ],
        [
            0.10601746290922165,
            -0.6559945344924927,
            0.016588401049375534
        ],
        [
            0.06542594730854034,
            -0.48659440875053406,
            0.04597828909754753
        ],
        [
            0.1343430131673813,
            -0.8012083768844604,
            -0.08741417527198792
        ],
        [
            0.15768024325370789,
            -0.9253717660903931,
            -0.040144938975572586
        ]
    ],
    "pred_vertices": [
        [
            0.17900225520133972,
            -0.9110324382781982,
            -0.13719122111797333
        ],
        [
            0.1693364977836609,
            -0.8984216451644897,
            -0.14220041036605835
        ],
        [
            0.18129906058311462,
            -0.8925971984863281,
            -0.13677483797073364
        ],
        [
            0.19096767902374268,
            -0.9015592932701111,
            -0.12856514751911163
        ],
        [
            0.17460650205612183,
            -0.8847049474716187,
            -0.1413232535123825
        ],
        [
            0.1636335402727127,
            -0.888278603553772,
            -0.14537005126476288
        ],
        [
            0.18928679823875427,
            -0.8847910165786743,
            -0.1283847987651825
        ],
        [
            0.19797584414482117,
            -0.8900811672210693,
            -0.11929017305374146
        ],
        [
            0.19119378924369812,
            -0.8481445908546448,
            -0.1196790337562561
        ],
        [
            0.19635938107967377,
            -0.8423118591308594,
            -0.11158756166696548
        ],
        [
            0.19822128117084503,
            -0.854169487953186,
            -0.1128382459282875
        ],
        [
            0.1914525330066681,
            -0.8569921255111694,
            -0.12010982632637024
        ],
        [
            0.18692949414253235,
            -0.8221073150634766,
            -0.11669069528579712
        ],
        [
            0.17753440141677856,
            -0.8146927356719971,
            -0.12353671342134476
        ],
        [
            0.180526465177536,
            -0.8045868277549744,
            -0.11480145901441574
        ],
        [
            0.18884232640266418,
            -0.8117104768753052,
            -0.10691320896148682
        ],
        [
            0.14328986406326294,
            -0.8357174396514893,
            -0.1382926106452942
        ],
        [
            0.14773160219192505,
            -0.8282135725021362,
            -0.13874204456806183
        ],
        [
            0.1527101695537567,
            -0.8341264128684998,
            -0.13861939311027527
        ],
        [
            0.1475086361169815,
            -0.8409373164176941,
            -0.13772976398468018
        ],
        [
            0.13462549448013306,
            -0.8472591638565063,
            -0.14172258973121643
        ],
        [
            0.13732649385929108,
            -0.8522584438323975,
            -0.1385456919670105
        ],
        [
            0.13223448395729065,
            -0.8572481274604797,
            -0.14219792187213898
        ],
        [
            0.13002505898475647,
            -0.8514770269393921,
            -0.14667385816574097
        ],
        [
            0.13716834783554077,
            -0.8314319252967834,
            -0.13723690807819366
        ],
        [
            0.14211465418338776,
            -0.8235909938812256,
            -0.13748253881931305
        ],
        [
            0.13933280110359192,
            -0.8422663807868958,
            -0.13851241767406464
        ],
        [
            0.136246919631958,
            -0.8382410407066345,
            -0.14042285084724426
        ],
        [
            0.13005104660987854,
            -0.8336011171340942,
            -0.1499675214290619
        ],
        [
            0.13261491060256958,
            -0.8378549814224243,
            -0.14872518181800842
        ],
        [
            0.1279425024986267,
            -0.8401100635528564,
            -0.15460607409477234
        ],
        [
            0.1259779930114746,
            -0.8348191976547241,
            -0.15382882952690125
        ],
        [
            0.13454246520996094,
            -0.831778883934021,
            -0.1415857970714569
        ],
        [
            0.13492904603481293,
            -0.8347651958465576,
            -0.14439302682876587
        ],
        [
            0.13147485256195068,
            -0.8316699266433716,
            -0.1462121158838272
        ],
        [
            0.13050416111946106,
            -0.82955002784729,
            -0.14277464151382446
        ],
        [
            0.13261979818344116,
            -0.8434290885925293,
            -0.14457407593727112
        ],
        [
            0.12860721349716187,
            -0.8463218808174133,
            -0.15061604976654053
        ],
        [
            0.12355592846870422,
            -0.8489787578582764,
            -0.15657523274421692
        ],
        [
            0.12232092022895813,
            -0.8408531546592712,
            -0.160365492105484
        ],
        [
            0.15746968984603882,
            -0.8124206066131592,
            -0.1349996030330658
        ],
        [
            0.1527397781610489,
            -0.8205480575561523,
            -0.13803574442863464
        ],
        [
            0.14707300066947937,
            -0.8164187669754028,
            -0.13723836839199066
        ],
        [
            0.1513899713754654,
            -0.809919536113739,
            -0.13551175594329834
        ],
        [
            0.13198906183242798,
            -0.8259085416793823,
            -0.13979560136795044
        ],
        [
            0.13301151990890503,
            -0.8094029426574707,
            -0.1410520225763321
        ],
        [
            0.13384339213371277,
            -0.8131924867630005,
            -0.1413382887840271
        ],
        [
            0.1273026019334793,
            -0.8153347373008728,
            -0.14385905861854553
        ],
        [
            0.1271849125623703,
            -0.811672568321228,
            -0.1436125934123993
        ],
        [
            0.16180163621902466,
            -0.796696126461029,
            -0.12744060158729553
        ],
        [
            0.15521027147769928,
            -0.7968717217445374,
            -0.13075590133666992
        ],
        [
            0.15511009097099304,
            -0.7897367477416992,
            -0.1282142698764801
        ],
        [
            0.16123178601264954,
            -0.7882086038589478,
            -0.12353606522083282
        ],
        [
            0.15240798890590668,
            -0.7841389179229736,
            -0.12671035528182983
        ],
        [
            0.15959244966506958,
            -0.7802959084510803,
            -0.12007185816764832
        ],
        [
            0.14870837330818176,
            -0.767803430557251,
            -0.11823924630880356
        ],
        [
            0.1542641818523407,
            -0.7731656432151794,
            -0.11887946724891663
        ],
        [
            0.14776259660720825,
            -0.7792174816131592,
            -0.12636668980121613
        ],
        [
            0.1411849707365036,
            -0.7752329111099243,
            -0.12838253378868103
        ],
        [
            0.1282331943511963,
            -0.7825909852981567,
            -0.13435377180576324
        ],
        [
            0.12177818268537521,
            -0.7824437618255615,
            -0.13585388660430908
        ],
        [
            0.12486810982227325,
            -0.7695199251174927,
            -0.134748175740242
        ],
        [
            0.13262894749641418,
            -0.7715669274330139,
            -0.13200199604034424
        ],
        [
            0.13270512223243713,
            -0.8034664988517761,
            -0.13663463294506073
        ],
        [
            0.13707049190998077,
            -0.8027338981628418,
            -0.13465900719165802
        ],
        [
            0.13707438111305237,
            -0.8043052554130554,
            -0.13696670532226562
        ],
        [
            0.13262879848480225,
            -0.8062535524368286,
            -0.1393868625164032
        ],
        [
            0.1408504992723465,
            -0.8017746210098267,
            -0.13354983925819397
        ],
        [
            0.14251604676246643,
            -0.8012285828590393,
            -0.1331527680158615
        ],
        [
            0.14226019382476807,
            -0.802613377571106,
            -0.13433754444122314
        ],
        [
            0.14067037403583527,
            -0.8026982545852661,
            -0.13416092097759247
        ],
        [
            0.13863617181777954,
            -0.8026920557022095,
            -0.1343427300453186
        ],
        [
            0.13728651404380798,
            -0.8009586334228516,
            -0.13451477885246277
        ],
        [
            0.1398090273141861,
            -0.8011497259140015,
            -0.1338375210762024
        ],
        [
            0.13316848874092102,
            -0.8008750677108765,
            -0.13654610514640808
        ],
        [
            0.11916999518871307,
            -0.8008989095687866,
            -0.141850084066391
        ],
        [
            0.12323644757270813,
            -0.8007659316062927,
            -0.1411229521036148
        ],
        [
            0.1227375864982605,
            -0.8053652048110962,
            -0.13993152976036072
        ],
        [
            0.1193295419216156,
            -0.8057743310928345,
            -0.140501007437706
        ],
        [
            0.14051887392997742,
            -0.8048401474952698,
            -0.1358557492494583
        ],
        [
            0.14335118234157562,
            -0.8059254884719849,
            -0.13583695888519287
        ],
        [
            0.13950052857398987,
            -0.8094501495361328,
            -0.138471320271492
        ],
        [
            0.1380578875541687,
            -0.8068690299987793,
            -0.13762779533863068
        ],
        [
            0.14630663394927979,
            -0.807411789894104,
            -0.13619877398014069
        ],
        [
            0.1447649598121643,
            -0.8033920526504517,
            -0.13421285152435303
        ],
        [
            0.1480303406715393,
            -0.8034428358078003,
            -0.13422530889511108
        ],
        [
            0.14173343777656555,
            -0.7995519638061523,
            -0.13302136957645416
        ],
        [
            0.1443483531475067,
            -0.7973530292510986,
            -0.13214458525180817
        ],
        [
            0.14509831368923187,
            -0.7999578714370728,
            -0.13324785232543945
        ],
        [
            0.14182938635349274,
            -0.7944904565811157,
            -0.13209916651248932
        ],
        [
            0.13885635137557983,
            -0.7981419563293457,
            -0.13354548811912537
        ],
        [
            0.13460850715637207,
            -0.7970623970031738,
            -0.1355207860469818
        ],
        [
            0.1292164921760559,
            -0.7963811755180359,
            -0.13808538019657135
        ],
        [
            0.13144633173942566,
            -0.7910323143005371,
            -0.1355627179145813
        ],
        [
            0.1372908353805542,
            -0.7923249006271362,
            -0.13349749147891998
        ],
        [
            0.1422812044620514,
            -0.8128028512001038,
            -0.1381361484527588
        ],
        [
            0.14944544434547424,
            -0.7985202074050903,
            -0.13223782181739807
        ],
        [
            0.15386012196540833,
            -0.8042464852333069,
            -0.13297119736671448
        ],
        [
            0.14880064129829407,
            -0.7936962842941284,
            -0.13109013438224792
        ],
        [
            0.14620660245418549,
            -0.7895688414573669,
            -0.1302768588066101
        ],
        [
            0.14155077934265137,
            -0.7861728668212891,
            -0.13066032528877258
        ],
        [
            0.13499176502227783,
            -0.7840926051139832,
            -0.132541224360466
        ],
        [
            0.12843424081802368,
            -0.760013222694397,
            -0.1238105520606041
        ],
        [
            0.13811448216438293,
            -0.7631198167800903,
            -0.12158864736557007
        ],
        [
            0.16088230907917023,
            -0.8812685012817383,
            -0.1420864462852478
        ],
        [
            0.16963961720466614,
            -0.8786613941192627,
            -0.14140720665454865
        ],
        [
            0.16970950365066528,
            -0.8707892894744873,
            -0.13675062358379364
        ],
        [
            0.17186161875724792,
            -0.872959315776825,
            -0.13689877092838287
        ],
        [
            0.16633066534996033,
            -0.8751710653305054,
            -0.13908809423446655
        ],
        [
            0.1655052900314331,
            -0.8724359273910522,
            -0.13835075497627258
        ],
        [
            0.18460401892662048,
            -0.8605579137802124,
            -0.12457273155450821
        ],
        [
            0.17934204638004303,
            -0.8633586168289185,
            -0.128158837556839
        ],
        [
            0.1793798953294754,
            -0.859394907951355,
            -0.12677733600139618
        ],
        [
            0.18523263931274414,
            -0.8536341190338135,
            -0.12427607923746109
        ],
        [
            0.16931641101837158,
            -0.8535056114196777,
            -0.13207167387008667
        ],
        [
            0.17437371611595154,
            -0.8538609147071838,
            -0.12975633144378662
        ],
        [
            0.17126469314098358,
            -0.8613073825836182,
            -0.1316908299922943
        ],
        [
            0.16761763393878937,
            -0.8610444664955139,
            -0.13346360623836517
        ],
        [
            0.16349557042121887,
            -0.8613317012786865,
            -0.13470563292503357
        ],
        [
            0.1592334806919098,
            -0.8620622158050537,
            -0.13502372801303864
        ],
        [
            0.15860266983509064,
            -0.8567630052566528,
            -0.13448169827461243
        ],
        [
            0.16371865570545197,
            -0.8548624515533447,
            -0.13374494016170502
        ],
        [
            0.15992119908332825,
            -0.8775701522827148,
            -0.13904620707035065
        ],
        [
            0.15298183262348175,
            -0.8779576420783997,
            -0.13717523217201233
        ],
        [
            0.1538238525390625,
            -0.8747820258140564,
            -0.13688156008720398
        ],
        [
            0.15968602895736694,
            -0.8742806315422058,
            -0.13879424333572388
        ],
        [
            0.14406482875347137,
            -0.8698696494102478,
            -0.1296682208776474
        ],
        [
            0.145433247089386,
            -0.8721560835838318,
            -0.13099908828735352
        ],
        [
            0.1420648694038391,
            -0.8741785287857056,
            -0.1314297914505005
        ],
        [
            0.1405802071094513,
            -0.8698413372039795,
            -0.13036280870437622
        ],
        [
            0.1422082781791687,
            -0.8664565086364746,
            -0.13093015551567078
        ],
        [
            0.14488542079925537,
            -0.8679929375648499,
            -0.13038352131843567
        ],
        [
            0.17483171820640564,
            -0.9336113929748535,
            -0.13349118828773499
        ],
        [
            0.16502487659454346,
            -0.9183518290519714,
            -0.14128822088241577
        ],
        [
            0.19074317812919617,
            -0.9234313368797302,
            -0.1250544786453247
        ],
        [
            0.20044928789138794,
            -0.9109386205673218,
            -0.11622729152441025
        ],
        [
            0.20704853534698486,
            -0.8958563804626465,
            -0.10849450528621674
        ],
        [
            0.1708129346370697,
            -0.7993899583816528,
            -0.121917724609375
        ],
        [
            0.17181119322776794,
            -0.7899845838546753,
            -0.11594340950250626
        ],
        [
            0.18279917538166046,
            -0.7952893972396851,
            -0.10585938394069672
        ],
        [
            0.18024474382400513,
            -0.7851563096046448,
            -0.10005681216716766
        ],
        [
            0.1692086160182953,
            -0.7799079418182373,
            -0.11130859702825546
        ],
        [
            0.15418407320976257,
            -0.7639296054840088,
            -0.10505219548940659
        ],
        [
            0.1632947325706482,
            -0.7706242799758911,
            -0.107664093375206
        ],
        [
            0.17500077188014984,
            -0.7760021090507507,
            -0.09280942380428314
        ],
        [
            0.18709531426429749,
            -0.7862082719802856,
            -0.07957927137613297
        ],
        [
            0.189754456281662,
            -0.7931555509567261,
            -0.08916573226451874
        ],
        [
            0.19609493017196655,
            -0.8002899289131165,
            -0.06823280453681946
        ],
        [
            0.18392413854599,
            -0.7791084051132202,
            -0.06615053862333298
        ],
        [
            0.19511906802654266,
            -0.7992700338363647,
            -0.058758385479450226
        ],
        [
            0.16379205882549286,
            -0.7449407577514648,
            -0.06434908509254456
        ],
        [
            0.1648663878440857,
            -0.7328622341156006,
            -0.05901355296373367
        ],
        [
            0.177937850356102,
            -0.7380913496017456,
            -0.04716522991657257
        ],
        [
            0.17822040617465973,
            -0.7497475147247314,
            -0.05293778330087662
        ],
        [
            0.19058670103549957,
            -0.801629900932312,
            -0.09761172533035278
        ],
        [
            0.20348793268203735,
            -0.8640693426132202,
            -0.10542220622301102
        ],
        [
            0.1969510018825531,
            -0.8650628328323364,
            -0.11576303839683533
        ],
        [
            0.2036566138267517,
            -0.8509436845779419,
            -0.10251389443874359
        ],
        [
            0.22073890268802643,
            -0.9211069345474243,
            -0.08758027851581573
        ],
        [
            0.2116505205631256,
            -0.9182249307632446,
            -0.10373120754957199
        ],
        [
            0.21643051505088806,
            -0.9014980792999268,
            -0.09829610586166382
        ],
        [
            0.22508792579174042,
            -0.90636146068573,
            -0.0839383453130722
        ],
        [
            0.19858767092227936,
            -0.9600488543510437,
            -0.09015664458274841
        ],
        [
            0.18865106999874115,
            -0.9493983387947083,
            -0.11412090063095093
        ],
        [
            0.19976916909217834,
            -0.9353827238082886,
            -0.1092592179775238
        ],
        [
            0.20959755778312683,
            -0.943355917930603,
            -0.09043115377426147
        ],
        [
            0.2300572693347931,
            -0.9069710373878479,
            -0.07138218730688095
        ],
        [
            0.23498839139938354,
            -0.9072344303131104,
            -0.053431492298841476
        ],
        [
            0.2353532910346985,
            -0.9233555793762207,
            -0.04600592702627182
        ],
        [
            0.22854338586330414,
            -0.9249894022941589,
            -0.06751514226198196
        ],
        [
            0.2285594940185547,
            -0.9447487592697144,
            -0.0368049219250679
        ],
        [
            0.22069185972213745,
            -0.9471133947372437,
            -0.0630909726023674
        ],
        [
            0.19309823215007782,
            -0.785738468170166,
            -0.04671864956617355
        ],
        [
            0.19843614101409912,
            -0.8036184906959534,
            -0.04607371613383293
        ],
        [
            0.1783856749534607,
            -0.7638430595397949,
            -0.06030821055173874
        ],
        [
            0.18902835249900818,
            -0.7698702812194824,
            -0.045092497020959854
        ],
        [
            0.21482717990875244,
            -0.9624264240264893,
            -0.027824528515338898
        ],
        [
            0.20696920156478882,
            -0.9663645029067993,
            -0.059179648756980896
        ],
        [
            0.23136481642723083,
            -0.8854843974113464,
            -0.003145165741443634
        ],
        [
            0.2355300784111023,
            -0.9027419686317444,
            -0.011858068406581879
        ],
        [
            0.2356300801038742,
            -0.8897665739059448,
            -0.02834467589855194
        ],
        [
            0.23227892816066742,
            -0.8754101395606995,
            -0.018040142953395844
        ],
        [
            0.225855752825737,
