{
    "pred_cam": [
        1.4854238033294678,
        0.09684796631336212,
        0.30858051776885986
    ],
    "pred_smpl_params": {
        "global_orient": [
            [
                [
                    -0.643530011177063,
                    0.10485156625509262,
                    -0.7582053542137146
                ],
                [
                    0.22544355690479279,
                    -0.9206672310829163,
                    -0.31866446137428284
                ],
                [
                    -0.7314672470092773,
                    -0.37600263953208923,
                    0.568838894367218
                ]
            ]
        ],
        "body_pose": [
            [
                [
                    0.994967520236969,
                    0.08908279240131378,
                    0.045867592096328735
                ],
                [
                    -0.09613450616598129,
                    0.9777626991271973,
                    0.18638183176517487
                ],
                [
                    -0.02824421040713787,
                    -0.18985334038734436,
                    0.981406033039093
                ]
            ],
            [
                [
                    0.9829875230789185,
                    0.153607577085495,
                    -0.10069847851991653
                ],
                [
                    -0.1361207664012909,
                    0.9773423075675964,
                    0.16208963096141815
                ],
                [
                    0.12331508845090866,
                    -0.14562493562698364,
                    0.9816244840621948
                ]
            ],
            [
                [
                    0.9955316781997681,
                    -0.04459919407963753,
                    0.08323260396718979
                ],
                [
                    0.06270749866962433,
                    0.9712643027305603,
                    -0.22959402203559875
                ],
                [
                    -0.07060115039348602,
                    0.233787402510643,
                    0.9697210788726807
                ]
            ],
            [
                [
                    0.9876874089241028,
                    0.1415175199508667,
                    0.06668093055486679
                ],
                [
                    -0.13777337968349457,
                    0.9887774586677551,
                    -0.057771507650613785
                ],
                [
                    -0.07410828769207001,
                    0.04787333309650421,
                    0.9961003661155701
                ]
            ],
            [
                [
                    0.998965322971344,
                    -0.006507544312626123,
                    -0.045010585337877274
                ],
                [
                    0.0021872103679925203,
                    0.9954389333724976,
                    -0.09537550061941147
                ],
                [
                    0.04542595148086548,
                    0.09517837315797806,
                    0.9944232106208801
                ]
            ],
            [
                [
                    0.9962963461875916,
                    -0.01866568811237812,
                    0.0839354544878006
                ],
                [
                    0.02259627915918827,
                    0.998680055141449,
                    -0.04612516239285469
                ],
                [
                    -0.08296371251344681,
                    0.04785095900297165,
                    0.9954030513763428
                ]
            ],
            [
                [
                    0.991316020488739,
                    0.016902485862374306,
                    0.1304100602865219
                ],
                [
                    -0.015402787365019321,
                    0.9998032450675964,
                    -0.012499873526394367
                ],
                [
                    -0.13059566915035248,
                    0.010382643900811672,
                    0.9913813471794128
                ]
            ],
            [
                [
                    0.9853127002716064,
                    -0.0049169789999723434,
                    -0.17068898677825928
                ],
                [
                    0.005725865717977285,
                    0.9999746084213257,
                    0.004246984142810106
                ],
                [
                    0.1706637591123581,
                    -0.005161949433386326,
                    0.9853158593177795
                ]
            ],
            [
                [
                    0.9970802068710327,
                    0.015036027878522873,
                    0.07486669719219208
                ],
                [
                    -0.007857940159738064,
                    0.9954209327697754,
                    -0.09526505321264267
                ],
                [
                    -0.07595628499984741,
                    0.0943986028432846,
                    0.9926326870918274
                ]
            ],
            [
                [
                    0.9937618374824524,
                    -0.06991507112979889,
                    0.08688677102327347
                ],
                [
                    0.07189047336578369,
                    0.9972156286239624,
                    -0.019814062863588333
                ],
                [
                    -0.0852595642209053,
                    0.0259367898106575,
                    0.9960210919380188
                ]
            ],
            [
                [
                    0.9966312646865845,
                    0.05988118052482605,
                    -0.05603935569524765
                ],
                [
                    -0.058966249227523804,
                    0.9981004595756531,
                    0.017841747030615807
                ],
                [
                    0.05700129643082619,
                    -0.014477211982011795,
                    0.9982690811157227
                ]
            ],
            [
                [
                    0.9886769652366638,
                    -0.026682371273636818,
                    0.1476682424545288
                ],
                [
                    0.04762689396739006,
                    0.9889807105064392,
                    -0.14017407596111298
                ],
                [
                    -0.14230087399482727,
                    0.14561985433101654,
                    0.979053258895874
                ]
            ],
            [
                [
                    0.9239266514778137,
                    0.34680789709091187,
                    -0.1615050882101059
                ],
                [
                    -0.3420576751232147,
                    0.9379332065582275,
                    0.05725182592868805
                ],
                [
                    0.17133638262748718,
                    0.002347570611163974,
                    0.9852097630500793
                ]
            ],
            [
                [
                    0.8983522653579712,
                    -0.34667134284973145,
                    0.26978185772895813
                ],
                [
                    0.3490459620952606,
                    0.9362190961837769,
                    0.040751807391643524
                ],
                [
                    -0.26670241355895996,
                    0.057556793093681335,
                    0.9620587825775146
                ]
            ],
            [
                [
                    0.9953775405883789,
                    0.05956597253680229,
                    0.07533615082502365
                ],
                [
                    -0.01979229971766472,
                    0.8948153853416443,
                    -0.445997416973114
                ],
                [
                    -0.09397821128368378,
                    0.44244471192359924,
                    0.8918581008911133
                ]
            ],
            [
                [
                    0.5891765356063843,
                    0.6954878568649292,
                    -0.4112999141216278
                ],
                [
                    -0.7504531145095825,
                    0.6596824526786804,
                    0.04048576205968857
                ],
                [
                    0.2994847297668457,
                    0.28480806946754456,
                    0.910600483417511
                ]
            ],
            [
                [
                    0.4816000461578369,
                    -0.7074118256568909,
                    0.5173295736312866
                ],
                [
                    0.7694039344787598,
                    0.6239196062088013,
                    0.13690131902694702
                ],
                [
                    -0.4196176528930664,
                    0.3321037292480469,
                    0.8447651267051697
                ]
            ],
            [
                [
                    0.48153647780418396,
                    -0.20274676382541656,
                    -0.8526525497436523
                ],
                [
                    0.06113360449671745,
                    0.9782750606536865,
                    -0.19809244573116302
                ],
                [
                    0.8742913007736206,
                    0.043262992054224014,
                    0.48346975445747375
                ]
            ],
            [
                [
                    0.3307356834411621,
                    0.24425092339515686,
                    0.9115675091743469
                ],
                [
                    -0.1069781482219696,
                    0.9694038033485413,
                    -0.22093404829502106
                ],
                [
                    -0.9376404881477356,
                    -0.02444702573120594,
                    0.34674593806266785
                ]
            ],
            [
                [
                    0.9916642904281616,
                    -0.11792992055416107,
                    -0.051909130066633224
                ],
                [
                    0.12289025634527206,
                    0.9867514371871948,
                    0.10592272877693176
                ],
                [
                    0.0387299507856369,
                    -0.11141890287399292,
                    0.993018627166748
                ]
            ],
            [
                [
                    0.9882876873016357,
                    0.12824591994285583,
                    0.08270669728517532
                ],
                [
                    -0.13895705342292786,
                    0.9802982211112976,
                    0.14037947356700897
                ],
                [
                    -0.06307412683963776,
                    -0.15022799372673035,
                    0.9866373538970947
                ]
            ],
            [
                [
                    0.9783856868743896,
                    0.18063290417194366,
                    -0.10066371411085129
                ],
                [
                    -0.16655156016349792,
                    0.9768665432929993,
                    0.13413561880588531
                ],
                [
                    0.12256431579589844,
                    -0.11447066813707352,
                    0.985836923122406
                ]
            ],
            [
                [
                    0.9793723821640015,
                    -0.18878582119941711,
                    0.07203901559114456
                ],
                [
                    0.1781928390264511,
                    0.9750195741653442,
                    0.13260477781295776
                ],
                [
                    -0.09527336061000824,
                    -0.11703263223171234,
                    0.9885475039482117
                ]
            ]
        ],
        "betas": [
            -0.29445308446884155,
            -0.3176840841770172,
            0.2981349527835846,
            0.7781710624694824,
            0.30026882886886597,
            -0.016465570777654648,
            -0.0411415696144104,
            -0.06267786026000977,
            0.06949953734874725,
            -0.07550182938575745
        ]
    },
    "pred_cam_t": [
        0.09684796631336212,
        0.30858051776885986,
        26.297208786010742
    ],
    "focal_length": [
        5000.0,
        5000.0
    ],
    "pred_keypoints_3d": [
        [
            -0.1766403466463089,
            -0.7513145208358765,
            -0.05503629893064499
        ],
        [
            -0.0005913414061069489,
            -0.7222423553466797,
            -0.0976390689611435
        ],
        [
            0.07482191920280457,
            -0.6547619700431824,
            0.08292099088430405
        ],
        [
            0.032084397971630096,
            -0.4284672141075134,
            0.17197078466415405
        ],
        [
            -0.21387198567390442,
            -0.4042617082595825,
            0.1675909459590912
        ],
        [
            -0.07884295284748077,
            -0.5938758254051208,
            -0.23436614871025085
        ],
        [
            -0.1330791413784027,
            -0.3467976152896881,
            -0.2287764549255371
        ],
        [
            -0.2999843955039978,
            -0.29374563694000244,
            -0.062220290303230286
        ],
        [
            -0.0020435869228094816,
            -0.2296448051929474,
            0.028490938246250153
        ],
        [
            0.03513772040605545,
            -0.16051894426345825,
            0.10945752263069153
        ],
        [
            0.02527065947651863,
            0.13428670167922974,
            0.3328914940357208
        ],
        [
            0.019008932635188103,
            0.4855961501598358,
            0.48825928568840027
        ],
        [
            -0.05116260424256325,
            -0.12795805931091309,
            0.008275391533970833
        ],
        [
            -0.13592715561389923,
            0.17980998754501343,
            0.1784605234861374
        ],
        [
            -0.11677774786949158,
            0.491064190864563,
            0.40208667516708374
        ],
        [
            -0.16388709843158722,
            -0.8054434061050415,
            -0.029653683304786682
        ],
        [
            -0.180995911359787,
            -0.7978962659835815,
            -0.0934838280081749
        ],
        [
            -0.0693989098072052,
            -0.8502693176269531,
            -0.014922305941581726
        ],
        [
            -0.10920634865760803,
            -0.8333910703659058,
            -0.15820491313934326
        ],
        [
            -0.2855013608932495,
            0.47455963492393494,
            0.5083392262458801
        ],
        [
            -0.27471789717674255,
            0.5253223180770874,
            0.4433521628379822
        ],
        [
            -0.07058002054691315,
            0.5381481647491455,
            0.3966735005378723
        ],
        [
            -0.08976870775222778,
            0.4445449113845825,
            0.6482215523719788
        ],
        [
            -0.001977488398551941,
            0.45211318135261536,
            0.6525651812553406
        ],
        [
            0.04822801053524017,
            0.5463356375694275,
            0.46965572237968445
        ],
        [
            0.05478038266301155,
            0.4483758211135864,
            0.45690762996673584
        ],
        [
            0.02756141871213913,
            0.07969161868095398,
            0.29648536443710327
        ],
        [
            0.10352899134159088,
            -0.28978434205055237,
            0.11617428064346313
        ],
        [
            -0.07557567209005356,
            -0.2027485966682434,
            -0.10035252571105957
        ],
        [
            -0.1346118152141571,
            0.1472521722316742,
            0.14725641906261444
        ],
        [
            -0.0993594229221344,
            0.4757699966430664,
            0.3647289276123047
        ],
        [
            -0.19747228920459747,
            -0.4369865953922272,
            0.1547122597694397
        ],
        [
            0.01840793900191784,
            -0.46259599924087524,
            0.19356894493103027
        ],
        [
            0.05886078253388405,
            -0.680753231048584,
            0.04542236775159836
        ],
        [
            -0.06285426765680313,
            -0.6296635866165161,
            -0.22104571759700775
        ],
        [
            -0.16912949085235596,
            -0.38331305980682373,
            -0.2406458705663681
        ],
        [
            -0.2995418310165405,
            -0.31402093172073364,
            -0.07371554523706436
        ],
        [
            -0.009908454492688179,
            -0.7098901271820068,
            -0.09433998912572861
        ],
        [
            -0.13296781480312347,
            -0.8775104284286499,
            -0.08288165926933289
        ],
        [
            0.013489837758243084,
            -0.24669291079044342,
            0.007133503910154104
        ],
        [
            -0.0014794073067605495,
            -0.6528201699256897,
            -0.08491533994674683
        ],
        [
            0.03495800867676735,
            -0.48475074768066406,
            -0.06538398563861847
        ],
        [
            -0.10305483639240265,
            -0.7660250067710876,
            -0.08050866425037384
        ],
        [
            -0.13538748025894165,
            -0.8971912860870361,
            -0.08068511635065079
        ]
    ],
    "pred_vertices": [
        [
            -0.21047863364219666,
            -0.8367408514022827,
            -0.10308051109313965
        ],
        [
            -0.20676720142364502,
            -0.8211477994918823,
            -0.09612200409173965
        ],
        [
            -0.20005157589912415,
            -0.8217709064483643,
            -0.10921155661344528
        ],
        [
            -0.19962617754936218,
            -0.8350338935852051,
            -0.11654137820005417
        ],
        [
            -0.19887924194335938,
            -0.8111481070518494,
            -0.10417039692401886
        ],
        [
            -0.2025449275970459,
            -0.8100621700286865,
            -0.092948317527771
        ],
        [
            -0.18996605277061462,
            -0.8208581209182739,
            -0.11880110204219818
        ],
        [
            -0.18660706281661987,
            -0.8315137624740601,
            -0.1262800693511963
        ],
        [
            -0.16261371970176697,
            -0.7958288192749023,
            -0.12815764546394348
        ],
        [
            -0.15378530323505402,
            -0.7964107990264893,
            -0.13473322987556458
        ],
        [
            -0.16169506311416626,
            -0.80617356300354,
            -0.13366198539733887
        ],
        [
            -0.1680702567100525,
            -0.803213894367218,
            -0.12640202045440674
        ],
        [
            -0.14577476680278778,
            -0.7760869264602661,
            -0.12853947281837463
        ],
        [
            -0.1461457759141922,
            -0.7645992040634155,
            -0.12083923816680908
        ],
        [
            -0.13406121730804443,
            -0.7616843581199646,
            -0.12585674226284027
        ],
        [
            -0.13225217163562775,
            -0.7733123302459717,
            -0.13286449015140533
        ],
        [
            -0.16456195712089539,
            -0.7680787444114685,
            -0.08320049941539764
        ],
        [
            -0.16173246502876282,
            -0.7623201608657837,
            -0.08898188173770905
        ],
        [
            -0.16570445895195007,
            -0.7678894400596619,
            -0.09269721060991287
        ],
        [
            -0.1676538735628128,
            -0.7731982469558716,
            -0.08638758957386017
        ],
        [
            -0.17238791286945343,
            -0.7743182182312012,
            -0.07274875044822693
        ],
        [
            -0.17290036380290985,
            -0.7805182337760925,
            -0.07445341348648071
        ],
        [
            -0.1779874563217163,
            -0.7816528677940369,
            -0.06846299767494202
        ],
        [
            -0.17821872234344482,
            -0.7742674350738525,
            -0.06739500164985657
        ],
        [
            -0.16029192507266998,
            -0.7643440961837769,
            -0.07817777246236801
        ],
        [
            -0.15707474946975708,
            -0.7586287260055542,
            -0.08436597883701324
        ],
        [
            -0.1674697995185852,
            -0.7726771831512451,
            -0.07820630073547363
        ],
        [
            -0.1665126383304596,
            -0.768109917640686,
            -0.07607757300138474
        ],
        [
            -0.17131903767585754,
            -0.7579995393753052,
            -0.07092071324586868
        ],
        [
            -0.1729680299758911,
            -0.7625353932380676,
            -0.07266964763402939
        ],
        [
            -0.17842721939086914,
            -0.7603245377540588,
            -0.06780564785003662
        ],
        [
            -0.17467118799686432,
            -0.7561191320419312,
            -0.06680234521627426
        ],
        [
            -0.16386212408542633,
            -0.7617671489715576,
            -0.07613968104124069
        ],
        [
            -0.16786736249923706,
            -0.762818455696106,
            -0.07588204741477966
        ],
        [
            -0.1672682762145996,
            -0.7587320804595947,
            -0.07303188741207123
        ],
        [
            -0.16308370232582092,
            -0.7587346434593201,
            -0.07240504026412964
        ],
        [
            -0.17227202653884888,
            -0.7693403959274292,
            -0.07179495692253113
        ],
        [
            -0.17846983671188354,
            -0.7676647901535034,
            -0.06725738942623138
        ],
        [
            -0.1841229796409607,
            -0.7656921148300171,
            -0.0616806223988533
        ],
        [
            -0.1827918291091919,
            -0.7569267153739929,
            -0.061830151826143265
        ],
        [
            -0.15174603462219238,
            -0.7529881596565247,
            -0.10154423862695694
        ],
        [
            -0.1577509641647339,
            -0.7571263909339905,
            -0.09564215689897537
        ],
        [
            -0.1539408266544342,
            -0.7537254691123962,
            -0.09061966836452484
        ],
        [
            -0.1497911810874939,
            -0.7500152587890625,
            -0.09606055915355682
        ],
        [
            -0.15886183083057404,
            -0.7577698230743408,
            -0.07435935735702515
        ],
        [
            -0.15146863460540771,
            -0.7441880702972412,
            -0.07822747528553009
        ],
        [
            -0.15369895100593567,
            -0.7472168207168579,
            -0.07837644219398499
        ],
        [
            -0.15604300796985626,
            -0.746514081954956,
            -0.07158662378787994
        ],
        [
            -0.15396960079669952,
            -0.7437071204185486,
            -0.0720999538898468
        ],
        [
            -0.13798788189888,
            -0.7451015710830688,
            -0.10888852179050446
        ],
        [
            -0.13974478840827942,
            -0.7425203919410706,
            -0.10226117074489594
        ],
        [
            -0.1340024173259735,
            -0.7381181120872498,
            -0.10344743728637695
        ],
        [
            -0.13036923110485077,
            -0.7404406070709229,
            -0.10968698561191559
        ],
        [
            -0.1295849233865738,
            -0.7342374324798584,
            -0.10115966200828552
        ],
        [
            -0.12347539514303207,
            -0.7359145879745483,
            -0.10901087522506714
        ],
        [
            -0.11429347097873688,
            -0.7250204682350159,
            -0.10001498460769653
        ],
        [
            -0.11828306317329407,
            -0.7299307584762573,
            -0.10470329225063324
        ],
        [
            -0.12605375051498413,
            -0.7298964262008667,
            -0.09715679287910461
        ],
        [
            -0.12464471906423569,
            -0.724683403968811,
            -0.09112633019685745
        ],
        [
            -0.131106898188591,
            -0.7254176139831543,
            -0.07792390137910843
        ],
        [
            -0.13120299577713013,
            -0.723732590675354,
            -0.07169276475906372
        ],
        [
            -0.12421420216560364,
            -0.7142113447189331,
            -0.07669873535633087
        ],
        [
            -0.12445617467164993,
            -0.7183811664581299,
            -0.08343375474214554
        ],
        [
            -0.1445205807685852,
            -0.7417072057723999,
            -0.07872660458087921
        ],
        [
            -0.1431913524866104,
            -0.7427682280540466,
            -0.0832349956035614
        ],
        [
            -0.14592105150222778,
            -0.7426964044570923,
            -0.08301717787981033
        ],
        [
            -0.14825744926929474,
            -0.7423708438873291,
            -0.07829548418521881
        ],
        [
            -0.14238664507865906,
            -0.7430859804153442,
            -0.08719831705093384
        ],
        [
            -0.14199891686439514,
            -0.7431279420852661,
            -0.08896523714065552
        ],
        [
            -0.14365604519844055,
            -0.7435207366943359,
            -0.0884975865483284
        ],
        [
            -0.14319327473640442,
            -0.7433795928955078,
            -0.08720839768648148
        ],
        [
            -0.14307816326618195,
            -0.743004322052002,
            -0.0851200744509697
        ],
        [
            -0.1420976221561432,
            -0.7413719892501831,
            -0.0840124785900116
        ],
        [
            -0.1421515792608261,
            -0.7422866821289062,
            -0.08621415495872498
        ],
        [
            -0.14316906034946442,
            -0.7395933866500854,
            -0.07992877811193466
        ],
        [
            -0.1456652283668518,
            -0.7349900007247925,
            -0.0661887675523758
        ],
        [
            -0.14555756747722626,
            -0.7356660962104797,
            -0.06994212418794632
        ],
        [
            -0.1467473953962326,
            -0.7400050759315491,
            -0.06870262324810028
        ],
        [
            -0.147057443857193,
            -0.7396227121353149,
            -0.06553395837545395
        ],
        [
            -0.14582131803035736,
            -0.7442610263824463,
            -0.08679492771625519
        ],
        [
            -0.146793395280838,
            -0.7455629110336304,
            -0.08892571926116943
        ],
        [
            -0.15019705891609192,
            -0.7464151382446289,
            -0.08448909223079681
        ],
        [
            -0.14797785878181458,
            -0.7445839047431946,
            -0.08347945660352707
        ],
        [
            -0.14824268221855164,
            -0.7468755841255188,
            -0.09177689254283905
        ],
        [
            -0.14430798590183258,
            -0.7446508407592773,
            -0.09081083536148071
        ],
        [
            -0.14500433206558228,
            -0.7451642751693726,
            -0.09404610842466354
        ],
        [
            -0.14088715612888336,
            -0.7417728304862976,
            -0.08842108398675919
        ],
        [
            -0.1393417865037918,
            -0.7409605383872986,
            -0.09140796214342117
        ],
        [
            -0.14178964495658875,
            -0.7424556016921997,
            -0.0917467400431633
        ],
        [
            -0.13749831914901733,
            -0.7382203340530396,
            -0.0893474668264389
        ],
        [
            -0.14014428853988647,
            -0.73993980884552,
            -0.08574141561985016
        ],
        [
            -0.14069864153862,
            -0.737281322479248,
            -0.0817326009273529
        ],
        [
            -0.14169174432754517,
            -0.7345151901245117,
            -0.07657851278781891
        ],
        [
            -0.13711309432983398,
            -0.7319127917289734,
            -0.07961712777614594
        ],
        [
            -0.13694635033607483,
            -0.7349402904510498,
            -0.08516152948141098
        ],
        [
            -0.15219761431217194,
            -0.7498158812522888,
            -0.08674675226211548
        ],
        [
            -0.14087510108947754,
            -0.7423876523971558,
            -0.09630564600229263
        ],
        [
            -0.14517641067504883,
            -0.7471208572387695,
            -0.09953354299068451
        ],
        [
            -0.13726958632469177,
            -0.7390798330307007,
            -0.09648465365171432
        ],
        [
            -0.13403889536857605,
            -0.735873818397522,
            -0.09452122449874878
        ],
        [
            -0.13216784596443176,
            -0.7322835922241211,
            -0.0898914635181427
        ],
        [
            -0.1315220594406128,
            -0.7285106182098389,
            -0.08422458171844482
        ],
        [
            -0.11111317574977875,
            -0.7123526334762573,
            -0.08161401748657227
        ],
        [
            -0.11301004141569138,
            -0.7175787687301636,
            -0.09010487794876099
        ],
        [
            -0.19523005187511444,
            -0.8053837418556213,
            -0.09156427532434464
        ],
        [
            -0.19450542330741882,
            -0.8052370548248291,
            -0.1007273942232132
        ],
        [
            -0.18617533147335052,
            -0.8013091683387756,
            -0.10226361453533173
        ],
        [
            -0.18775737285614014,
            -0.8030989170074463,
            -0.10379163920879364
        ],
        [
            -0.1902265101671219,
            -0.8029534220695496,
            -0.09814012050628662
        ],
        [
            -0.18774911761283875,
            -0.801000714302063,
            -0.09783658385276794
        ],
        [
            -0.17237085103988647,
            -0.802373468875885,
            -0.11923612654209137
        ],
        [
            -0.17596428096294403,
            -0.8018684983253479,
            -0.11333782225847244
        ],
        [
            -0.17274269461631775,
            -0.7995634078979492,
            -0.1138840839266777
        ],
        [
            -0.1686328649520874,
            -0.7969620227813721,
            -0.12104625999927521
        ],
        [
            -0.17241045832633972,
            -0.790361762046814,
            -0.10519344359636307
        ],
        [
            -0.17156772315502167,
            -0.7927250266075134,
            -0.11006896197795868
        ],
        [
            -0.17651069164276123,
            -0.7970787286758423,
            -0.10576328635215759
        ],
        [
            -0.17726027965545654,
            -0.7952972054481506,
            -0.10230867564678192
        ],
        [
            -0.17763906717300415,
            -0.7942504286766052,
            -0.09828267991542816
        ],
        [
            -0.17789900302886963,
            -0.793986976146698,
            -0.09374774992465973
        ],
        [
            -0.17436501383781433,
            -0.7899486422538757,
            -0.09451905637979507
        ],
        [
            -0.17343847453594208,
            -0.7896426916122437,
            -0.09981584548950195
        ],
        [
            -0.19033047556877136,
            -0.8038727045059204,
            -0.09168471395969391
        ],
        [
            -0.18817198276519775,
            -0.8041864037513733,
            -0.08453167974948883
        ],
        [
            -0.18597370386123657,
            -0.8019797205924988,
            -0.08628155291080475
        ],
        [
            -0.18812677264213562,
            -0.8014289140701294,
            -0.09207157790660858
        ],
        [
            -0.17588959634304047,
            -0.8007215261459351,
            -0.07767529040575027
        ],
        [
            -0.17851173877716064,
            -0.8019250631332397,
            -0.07852772623300552
        ],
        [
            -0.17944437265396118,
            -0.8028997182846069,
            -0.07482032477855682
        ],
        [
            -0.17594027519226074,
            -0.7998470067977905,
            -0.07428327202796936
        ],
        [
            -0.1746988296508789,
            -0.7970676422119141,
            -0.07664899528026581
        ],
        [
            -0.1754705011844635,
            -0.798966109752655,
            -0.07893884181976318
        ],
        [
            -0.21942904591560364,
            -0.8564611673355103,
            -0.09387320280075073
        ],
        [
            -0.2165096402168274,
            -0.8385538458824158,
            -0.08790377527475357
        ],
        [
            -0.20858721435070038,
            -0.8558679819107056,
            -0.11149028688669205
        ],
        [
            -0.19539450109004974,
            -0.8519922494888306,
            -0.12378141283988953
        ],
        [
            -0.18227043747901917,
            -0.8441228866577148,
            -0.13400150835514069
        ],
        [
            -0.13605335354804993,
            -0.7519081830978394,
            -0.1172943264245987
        ],
        [
            -0.12646114826202393,
            -0.7478772401809692,
            -0.12008991092443466
        ],
        [
            -0.1221747100353241,
            -0.759486198425293,
            -0.13003318011760712
        ],
        [
            -0.11246779561042786,
            -0.7536513805389404,
            -0.12959153950214386
        ],
        [
            -0.11754877865314484,
            -0.7417449951171875,
            -0.11903856694698334
        ],
        [
            -0.10387809574604034,
            -0.7279974818229675,
            -0.10692846029996872
        ],
        [
            -0.10994337499141693,
            -0.7346271276473999,
            -0.11483938992023468
        ],
        [
            -0.10255513340234756,
            -0.7478488683700562,
            -0.12697014212608337
        ],
        [
            -0.09798428416252136,
            -0.7650769948959351,
            -0.13845068216323853
        ],
        [
            -0.1087581217288971,
            -0.7673789858818054,
            -0.13829442858695984
        ],
        [
            -0.09643624722957611,
            -0.7846643924713135,
            -0.145204097032547
        ],
        [
            -0.08487528562545776,
            -0.7633088827133179,
            -0.1374129205942154
        ],
        [
            -0.08816948533058167,
            -0.788427472114563,
            -0.1444564312696457
        ],
        [
            -0.07558906078338623,
            -0.7332968711853027,
            -0.11863337457180023
        ],
        [
            -0.07138465344905853,
            -0.7261027097702026,
            -0.11968562006950378
        ],
        [
            -0.06354592740535736,
            -0.7359049320220947,
            -0.13429388403892517
        ],
        [
            -0.06857884675264359,
            -0.743870198726654,
            -0.1334162950515747
        ],
        [
            -0.11952279508113861,
            -0.7702264785766602,
            -0.13710373640060425
        ],
        [
            -0.1619342714548111,
            -0.8186438083648682,
            -0.1372181624174118
        ],
        [
            -0.17007675766944885,
            -0.8127954006195068,
            -0.130439892411232
        ],
        [
            -0.15199363231658936,
            -0.809949517250061,
            -0.14032338559627533
        ],
        [
            -0.17978039383888245,
            -0.8793015480041504,
            -0.14197976887226105
        ],
        [
            -0.19038300216197968,
            -0.8664065003395081,
            -0.13332688808441162
        ],
        [
            -0.17773711681365967,
            -0.856719970703125,
            -0.141495943069458
        ],
        [
            -0.16986331343650818,
            -0.8697556257247925,
            -0.14930656552314758
        ],
        [
            -0.2013704776763916,
            -0.9058610796928406,
            -0.11211821436882019
        ],
        [
            -0.21435101330280304,
            -0.8818706274032593,
            -0.10464775562286377
        ],
        [
            -0.20437632501125336,
            -0.8759234547615051,
            -0.11898940801620483
        ],
        [
            -0.19342264533042908,
            -0.894071102142334,
            -0.12646354734897614
        ],
        [
            -0.15997757017612457,
            -0.878187894821167,
            -0.1543426215648651
        ],
        [
            -0.14623278379440308,
            -0.8894487619400024,
            -0.15897764265537262
        ],
        [
            -0.14865358173847198,
            -0.9066925048828125,
            -0.15615347027778625
        ],
        [
            -0.16684161126613617,
            -0.8949805498123169,
            -0.14961057901382446
        ],
        [
            -0.1520516574382782,
            -0.9285291433334351,
            -0.14551809430122375
        ],
        [
            -0.17416679859161377,
            -0.9145914316177368,
            -0.13712981343269348
        ],
        [
            -0.07268480956554413,
            -0.781211256980896,
            -0.1435043066740036
        ],
        [
            -0.07998672127723694,
            -0.7997596263885498,
            -0.1459079086780548
        ],
        [
            -0.07632268220186234,
            -0.7521538138389587,
            -0.13260525465011597
        ],
        [
            -0.06658831238746643,
            -0.7663453817367554,
            -0.14188674092292786
        ],
        [
            -0.15294447541236877,
            -0.945819616317749,
            -0.12872862815856934
        ],
        [
            -0.179561048746109,
            -0.9302583932876587,
            -0.11955779790878296
        ],
        [
            -0.09171035885810852,
            -0.8989566564559937,
            -0.16149258613586426
        ],
        [
            -0.1089896410703659,
            -0.9090568423271179,
            -0.1607554405927658
        ],
        [
            -0.11554834246635437,
            -0.889155387878418,
            -0.16405655443668365
        ],
        [
