{
    "pred_cam": [
        1.4820523262023926,
        0.12091396003961563,
        0.32034212350845337
    ],
    "pred_smpl_params": {
        "global_orient": [
            [
                [
                    -0.6393988132476807,
                    0.10787083953619003,
                    -0.7612705826759338
                ],
                [
                    0.20211103558540344,
                    -0.9317090511322021,
                    -0.3017767667770386
                ],
                [
                    -0.7418357133865356,
                    -0.34681689739227295,
                    0.5739317536354065
                ]
            ]
        ],
        "body_pose": [
            [
                [
                    0.9966015219688416,
                    0.0670851394534111,
                    0.04780087247490883
                ],
                [
                    -0.07488693296909332,
                    0.9795902371406555,
                    0.186534121632576
                ],
                [
                    -0.034311600029468536,
                    -0.18947985768318176,
                    0.9812849164009094
                ]
            ],
            [
                [
                    0.9886941909790039,
                    0.10351567715406418,
                    -0.10848155617713928
                ],
                [
                    -0.08939462155103683,
                    0.9877617955207825,
                    0.1278088390827179
                ],
                [
                    0.12038417160511017,
                    -0.11666619032621384,
                    0.985848069190979
                ]
            ],
            [
                [
                    0.9963727593421936,
                    -0.03121374361217022,
                    0.07916466891765594
                ],
                [
                    0.04779855161905289,
                    0.9749605059623718,
                    -0.2171803116798401
                ],
                [
                    -0.07040341943502426,
                    0.22017648816108704,
                    0.9729160666465759
                ]
            ],
            [
                [
                    0.9873987436294556,
                    0.14614945650100708,
                    0.06069575995206833
                ],
                [
                    -0.13982461392879486,
                    0.9853248596191406,
                    -0.0978982150554657
                ],
                [
                    -0.07411280274391174,
                    0.08817782253026962,
                    0.9933438301086426
                ]
            ],
            [
                [
                    0.9968196749687195,
                    -0.06336665153503418,
                    -0.048323530703783035
                ],
                [
                    0.053122628480196,
                    0.9803903698921204,
                    -0.18977035582065582
                ],
                [
                    0.05940103158354759,
                    0.1865997612476349,
                    0.9806386232376099
                ]
            ],
            [
                [
                    0.9972609281539917,
                    -0.008163676597177982,
                    0.07351291179656982
                ],
                [
                    0.011603311635553837,
                    0.9988515973091125,
                    -0.046484772115945816
                ],
                [
                    -0.07304900139570236,
                    0.04721043258905411,
                    0.9962103962898254
                ]
            ],
            [
                [
                    0.9891999959945679,
                    0.022945581004023552,
                    0.1447647511959076
                ],
                [
                    -0.01953609474003315,
                    0.9994983077049255,
                    -0.024929815903306007
                ],
                [
                    -0.1452641487121582,
                    0.021832436323165894,
                    0.9891520142555237
                ]
            ],
            [
                [
                    0.9836982488632202,
                    0.013470097444951534,
                    -0.17932167649269104
                ],
                [
                    -0.008506343699991703,
                    0.9995598196983337,
                    0.02842094376683235
                ],
                [
                    0.17962558567523956,
                    -0.026432260870933533,
                    0.9833798408508301
                ]
            ],
            [
                [
                    0.9975181221961975,
                    0.016606047749519348,
                    0.06842424720525742
                ],
                [
                    -0.00996854156255722,
                    0.9953093528747559,
                    -0.09622834622859955
                ],
                [
                    -0.06970126926898956,
                    0.09530742466449738,
                    0.9930046796798706
                ]
            ],
            [
                [
                    0.994283139705658,
                    -0.07828707993030548,
                    0.07260981947183609
                ],
                [
                    0.07865243405103683,
                    0.9968996644020081,
                    -0.00218194886110723
                ],
                [
                    -0.07221389561891556,
                    0.007880414836108685,
                    0.9973580241203308
                ]
            ],
            [
                [
                    0.9981328248977661,
                    0.04366743192076683,
                    -0.04270876199007034
                ],
                [
                    -0.042647212743759155,
                    0.998789370059967,
                    0.02451469376683235
                ],
                [
                    0.04372755065560341,
                    -0.022647511214017868,
                    0.9987867474555969
                ]
            ],
            [
                [
                    0.9862365126609802,
                    -0.01728605479001999,
                    0.16443459689617157
                ],
                [
                    0.03769576922059059,
                    0.9918356537818909,
                    -0.12182361632585526
                ],
                [
                    -0.1609862595796585,
                    0.12634538114070892,
                    0.9788361191749573
                ]
            ],
            [
                [
                    0.9287818074226379,
                    0.3242384195327759,
                    -0.17953795194625854
                ],
                [
                    -0.31706467270851135,
                    0.9459541440010071,
                    0.06812365353107452
                ],
                [
                    0.19192296266555786,
                    -0.006346870679408312,
                    0.9813895225524902
                ]
            ],
            [
                [
                    0.9077661633491516,
                    -0.3374587893486023,
                    0.24916304647922516
                ],
                [
                    0.3382086455821991,
                    0.9401707649230957,
                    0.041155945509672165
                ],
                [
                    -0.2481442540884018,
                    0.04690912365913391,
                    0.9675866961479187
                ]
            ],
            [
                [
                    0.9954216480255127,
                    0.06581386178731918,
                    0.0693122074007988
                ],
                [
                    -0.028936607763171196,
                    0.8986461758613586,
                    -0.4377187490463257
                ],
                [
                    -0.09109511971473694,
                    0.4337090849876404,
                    0.8964362740516663
                ]
            ],
            [
                [
                    0.6037457585334778,
                    0.6754193902015686,
                    -0.4234379827976227
                ],
                [
                    -0.7279301881790161,
                    0.6836339831352234,
                    0.052557554095983505
                ],
                [
                    0.3249749541282654,
                    0.27650186419487,
                    0.9043992757797241
                ]
            ],
            [
                [
                    0.5024276971817017,
                    -0.7180681824684143,
                    0.4816061854362488
                ],
                [
                    0.7743964791297913,
                    0.6214631199836731,
                    0.11871655285358429
                ],
                [
                    -0.38454705476760864,
                    0.31330767273902893,
                    0.8683097958564758
                ]
            ],
            [
                [
                    0.5265325307846069,
                    -0.17792415618896484,
                    -0.8313280940055847
                ],
                [
                    0.04637378081679344,
                    0.9824098348617554,
                    -0.18088777363300323
                ],
                [
                    0.848889172077179,
                    0.056691430509090424,
                    0.5255217552185059
                ]
            ],
            [
                [
                    0.3339933156967163,
                    0.250916451215744,
                    0.908564567565918
                ],
                [
                    -0.10143846273422241,
                    0.9678871631622314,
                    -0.23001018166542053
                ],
                [
                    -0.9371013045310974,
                    -0.015341497957706451,
                    0.3487204313278198
                ]
            ],
            [
                [
                    0.9926506876945496,
                    -0.11153043061494827,
                    -0.046963322907686234
                ],
                [
                    0.11478600651025772,
                    0.9906653165817261,
                    0.07352708280086517
                ],
                [
                    0.03832443803548813,
                    -0.07837744057178497,
                    0.9961867332458496
                ]
            ],
            [
                [
                    0.9899571537971497,
                    0.11581780016422272,
                    0.08106314390897751
                ],
                [
                    -0.12661054730415344,
                    0.9814512729644775,
                    0.14395512640476227
                ],
                [
                    -0.06288696825504303,
                    -0.15277282893657684,
                    0.9862584471702576
                ]
            ],
            [
                [
                    0.9789480566978455,
                    0.17812475562095642,
                    -0.0996609702706337
                ],
                [
                    -0.1636311411857605,
                    0.9767577648162842,
                    0.13845284283161163
                ],
                [
                    0.12200649827718735,
                    -0.1192304939031601,
                    0.9853418469429016
                ]
            ],
            [
                [
                    0.978744626045227,
                    -0.19219984114170074,
                    0.07154063880443573
                ],
                [
                    0.18171530961990356,
                    0.974461019039154,
                    0.13192954659461975
                ],
                [
                    -0.09507039189338684,
                    -0.11612532287836075,
                    0.9886741638183594
                ]
            ]
        ],
        "betas": [
            -0.28967028856277466,
            -0.3111332356929779,
            0.3309638202190399,
            0.7369070053100586,
            0.28138673305511475,
            -0.03559311479330063,
            -0.04019743204116821,
            -0.05901169776916504,
            0.04516826570034027,
            -0.06698065996170044
        ]
    },
    "pred_cam_t": [
        0.12091396003961563,
        0.32034212350845337,
        26.357030868530273
    ],
    "focal_length": [
        5000.0,
        5000.0
    ],
    "pred_keypoints_3d": [
        [
            -0.17654135823249817,
            -0.75669264793396,
            -0.05187840014696121
        ],
        [
            -0.00024567916989326477,
            -0.7239478230476379,
            -0.0928669273853302
        ],
        [
            0.07947666943073273,
            -0.6580080389976501,
            0.08575945347547531
        ],
        [
            0.04968535527586937,
            -0.4321553111076355,
            0.1812739372253418
        ],
        [
            -0.1951266974210739,
            -0.3998602330684662,
            0.1938267946243286
        ],
        [
            -0.08193673938512802,
            -0.5976965427398682,
            -0.227826789021492
        ],
        [
            -0.15130729973316193,
            -0.3543092608451843,
            -0.22411012649536133
        ],
        [
            -0.3149694800376892,
            -0.2964230179786682,
            -0.05592945218086243
        ],
        [
            -0.0020008718129247427,
            -0.22942617535591125,
            0.028596295043826103
        ],
        [
            0.03468559682369232,
            -0.15778206288814545,
            0.10777771472930908
        ],
        [
            0.019082169979810715,
            0.1559254676103592,
            0.3043254613876343
        ],
        [
            0.015805788338184357,
            0.5312903523445129,
            0.38861215114593506
        ],
        [
            -0.051240790635347366,
            -0.12839019298553467,
            0.004893412813544273
        ],
        [
            -0.14216484129428864,
            0.18656641244888306,
            0.15909597277641296
        ],
        [
            -0.11703038960695267,
            0.5126118659973145,
            0.36088329553604126
        ],
        [
            -0.1632131040096283,
            -0.8110619783401489,
            -0.027683470398187637
        ],
        [
            -0.17977240681648254,
            -0.8023487329483032,
            -0.09146185219287872
        ],
        [
            -0.0679669976234436,
            -0.8544427752494812,
            -0.013175509870052338
        ],
        [
            -0.10679517686367035,
            -0.8351067900657654,
            -0.15612755715847015
        ],
        [
            -0.28615567088127136,
            0.5089393258094788,
            0.4673042297363281
        ],
        [
            -0.2738015353679657,
            0.5550698041915894,
            0.39910969138145447
        ],
        [
            -0.06931286305189133,
            0.55829918384552,
            0.3522627651691437
        ],
        [
            -0.0928511768579483,
            0.5178491473197937,
            0.5528144836425781
        ],
        [
            -0.005254290997982025,
            0.526127815246582,
            0.5563867092132568
        ],
        [
            0.0454854890704155,
            0.5877896547317505,
            0.35998016595840454
        ],
        [
            0.05149310082197189,
            0.4884478449821472,
            0.3651338815689087
        ],
        [
            0.02207954414188862,
            0.09795282036066055,
            0.274142324924469
        ],
        [
            0.10322973132133484,
            -0.28671103715896606,
            0.11985984444618225
        ],
        [
            -0.07455325126647949,
            -0.2067122757434845,
            -0.1015511229634285
        ],
        [
            -0.14061088860034943,
            0.15277943015098572,
            0.12982763350009918
        ],
        [
            -0.09963995218276978,
            0.4946702718734741,
            0.3248433768749237
        ],
        [
            -0.18061566352844238,
            -0.4325442612171173,
            0.17902153730392456
        ],
        [
            0.03646358102560043,
            -0.4664231538772583,
            0.20317059755325317
        ],
        [
            0.06277132034301758,
            -0.6834781169891357,
            0.048863500356674194
        ],
        [
            -0.06544207781553268,
            -0.6330968737602234,
            -0.21524856984615326
        ],
        [
            -0.18563538789749146,
            -0.39242061972618103,
            -0.23414000868797302
        ],
        [
            -0.3144524097442627,
            -0.3170709013938904,
            -0.06600391864776611
        ],
        [
            -0.008761391043663025,
            -0.7126107811927795,
            -0.0895814523100853
        ],
        [
            -0.1304120570421219,
            -0.8812674283981323,
            -0.08238225430250168
        ],
        [
            0.013848145492374897,
            -0.24703070521354675,
            0.00836886279284954
        ],
        [
            -0.0008408762514591217,
            -0.6558209657669067,
            -0.08031674474477768
        ],
        [
            0.03602311760187149,
            -0.4864402711391449,
            -0.06072075292468071
        ],
        [
            -0.10239014029502869,
            -0.7694305777549744,
            -0.07716213911771774
        ],
        [
            -0.13250310719013214,
            -0.901041567325592,
            -0.08068367838859558
        ]
    ],
    "pred_vertices": [
        [
            -0.20848050713539124,
            -0.8413717746734619,
            -0.10226625204086304
        ],
        [
            -0.20504415035247803,
            -0.8259986639022827,
            -0.09487248957157135
        ],
        [
            -0.19821509718894958,
            -0.8262165188789368,
            -0.10784716159105301
        ],
        [
            -0.19754159450531006,
            -0.8392208814620972,
            -0.11557738482952118
        ],
        [
            -0.1973072588443756,
            -0.8156681060791016,
            -0.10260441154241562
        ],
        [
            -0.20104753971099854,
            -0.8149368762969971,
            -0.09131208062171936
        ],
        [
            -0.18806369602680206,
            -0.8249355554580688,
            -0.11730082333087921
        ],
        [
            -0.1844509094953537,
            -0.8353004455566406,
            -0.12506884336471558
        ],
        [
            -0.16109953820705414,
            -0.7991399765014648,
            -0.1258392333984375
        ],
        [
            -0.15223008394241333,
            -0.7994307279586792,
            -0.13232578337192535
        ],
        [
            -0.1599172055721283,
            -0.8093462586402893,
            -0.13156050443649292
        ],
        [
            -0.16642527282238007,
            -0.8066462874412537,
            -0.12431198358535767
        ],
        [
            -0.14463911950588226,
            -0.7790449857711792,
            -0.125663623213768
        ],
        [
            -0.14523988962173462,
            -0.7677968740463257,
            -0.1176791712641716
        ],
        [
            -0.13318075239658356,
            -0.7645491361618042,
            -0.12250010669231415
        ],
        [
            -0.13111582398414612,
            -0.7759557962417603,
            -0.12974639236927032
        ],
        [
            -0.1639283001422882,
            -0.7725268602371216,
            -0.08037195354700089
        ],
        [
            -0.16109934449195862,
            -0.7666082382202148,
            -0.08596104383468628
        ],
        [
            -0.16492553055286407,
            -0.7721462249755859,
            -0.08984526246786118
        ],
        [
            -0.16687627136707306,
            -0.777618408203125,
            -0.08369036018848419
        ],
        [
            -0.17177434265613556,
            -0.7791329622268677,
            -0.07012531161308289
        ],
        [
            -0.17215529084205627,
            -0.7852933406829834,
            -0.0719711035490036
        ],
        [
            -0.17729836702346802,
            -0.7866545915603638,
            -0.06606968492269516
        ],
        [
            -0.17766588926315308,
            -0.7793071269989014,
            -0.06482989341020584
        ],
        [
            -0.15976886451244354,
            -0.7688421010971069,
            -0.0752180963754654
        ],
        [
            -0.1565736085176468,
            -0.7629523277282715,
            -0.08121713250875473
        ],
        [
            -0.1668216586112976,
            -0.7772749662399292,
            -0.0755104348063469
        ],
        [
            -0.16596591472625732,
            -0.7727551460266113,
            -0.07325134426355362
        ],
        [
            -0.17100414633750916,
            -0.7628533840179443,
            -0.06792105734348297
        ],
        [
            -0.17256784439086914,
            -0.767365038394928,
            -0.06978894770145416
        ],
        [
            -0.17810142040252686,
            -0.7653656601905823,
            -0.06491229683160782
        ],
        [
            -0.17441794276237488,
            -0.7611228227615356,
            -0.0637911856174469
        ],
        [
            -0.1634158343076706,
            -0.7663887143135071,
            -0.07312079519033432
        ],
        [
            -0.16742148995399475,
            -0.7675025463104248,
            -0.07293270528316498
        ],
        [
            -0.16691023111343384,
            -0.7634866237640381,
            -0.0699785128235817
        ],
        [
            -0.1627206802368164,
            -0.7634288668632507,
            -0.0693231001496315
        ],
        [
            -0.17175495624542236,
            -0.774192750453949,
            -0.06903757899999619
        ],
        [
            -0.1780398041009903,
            -0.7727231383323669,
            -0.06453658640384674
        ],
        [
            -0.18378403782844543,
            -0.7709805369377136,
            -0.058979183435440063
        ],
        [
            -0.18256410956382751,
            -0.7621992826461792,
            -0.05888766050338745
        ],
        [
            -0.15117141604423523,
            -0.7568310499191284,
            -0.09815623611211777
        ],
        [
            -0.15713787078857422,
            -0.7612209916114807,
            -0.09240584075450897
        ],
        [
            -0.15345337986946106,
            -0.7578606605529785,
            -0.08729091286659241
        ],
        [
            -0.1493251919746399,
            -0.7539437413215637,
            -0.09259184449911118
        ],
        [
            -0.1584877073764801,
            -0.7623543739318848,
            -0.07119906693696976
        ],
        [
            -0.15129008889198303,
            -0.7485452890396118,
            -0.07465652376413345
        ],
        [
            -0.15345942974090576,
            -0.751609742641449,
            -0.07490447163581848
        ],
        [
            -0.15588173270225525,
            -0.7511069774627686,
            -0.06813221424818039
        ],
        [
            -0.15385304391384125,
            -0.7482472658157349,
            -0.06855529546737671
        ],
        [
            -0.13750779628753662,
            -0.748511791229248,
            -0.10517924278974533
        ],
        [
            -0.1393628567457199,
            -0.7461227178573608,
            -0.09852480888366699
        ],
        [
            -0.1337037831544876,
            -0.7415834665298462,
            -0.0995434820652008
        ],
        [
            -0.1299910545349121,
            -0.7436790466308594,
            -0.10580219328403473
        ],
        [
            -0.12940888106822968,
            -0.7376601696014404,
            -0.09716413915157318
        ],
        [
            -0.1231885626912117,
            -0.7390499711036682,
            -0.10496912151575089
        ],
        [
            -0.1142541840672493,
            -0.7282201051712036,
            -0.09565836191177368
        ],
        [
            -0.11813606321811676,
            -0.7330847978591919,
            -0.10048995912075043
        ],
        [
            -0.12599071860313416,
            -0.7333502769470215,
            -0.09305036813020706
        ],
        [
            -0.12471860647201538,
            -0.7282395362854004,
            -0.08691305667161942
        ],
        [
            -0.13125690817832947,
            -0.7294293642044067,
            -0.0737290009856224
        ],
        [
            -0.13145357370376587,
            -0.7278792262077332,
            -0.06749098747968674
        ],
        [
            -0.12455742806196213,
            -0.718133807182312,
            -0.0721893161535263
        ],
        [
            -0.12471091747283936,
            -0.7221139669418335,
            -0.07909421622753143
        ],
        [
            -0.14441445469856262,
            -0.7458891272544861,
            -0.07507093250751495
        ],
        [
            -0.14301367104053497,
            -0.7468342781066895,
            -0.0795721709728241
        ],
        [
            -0.14573988318443298,
            -0.7468199729919434,
            -0.07937171310186386
        ],
        [
            -0.14812251925468445,
            -0.7466464638710022,
            -0.07466650754213333
        ],
        [
            -0.1421537697315216,
            -0.7470605373382568,
            -0.08351612836122513
        ],
        [
            -0.14174842834472656,
            -0.7470495700836182,
            -0.0852770134806633
        ],
        [
            -0.14339780807495117,
            -0.7474890947341919,
            -0.0848359689116478
        ],
        [
            -0.14295274019241333,
            -0.7473771572113037,
            -0.08351588249206543
        ],
        [
            -0.1428689956665039,
            -0.747041642665863,
            -0.08142980933189392
        ],
        [
            -0.14193923771381378,
            -0.7454068064689636,
            -0.08028561621904373
        ],
        [
            -0.1419529914855957,
            -0.7462705969810486,
            -0.08251899480819702
        ],
        [
            -0.143085777759552,
            -0.7437351942062378,
            -0.0761849582195282
        ],
        [
            -0.1457749605178833,
            -0.7395089864730835,
            -0.06238200515508652
        ],
        [
            -0.14563517272472382,
            -0.7400729060173035,
            -0.06616779416799545
        ],
        [
            -0.14675965905189514,
            -0.7444667816162109,
            -0.06503847241401672
        ],
        [
            -0.14709115028381348,
            -0.7441886067390442,
            -0.06185251101851463
        ],
        [
            -0.1455599069595337,
            -0.7483286261558533,
            -0.08313153684139252
        ],
        [
            -0.1464894711971283,
            -0.7495792508125305,
            -0.08534825593233109
        ],
        [
            -0.1499171406030655,
            -0.7505930662155151,
            -0.08097474277019501
        ],
        [
            -0.14775288105010986,
            -0.7487359642982483,
            -0.07990521192550659
        ],
        [
            -0.14788515865802765,
            -0.750862181186676,
            -0.08822401612997055
        ],
        [
            -0.14400260150432587,
            -0.748575747013092,
            -0.08717594295740128
        ],
        [
            -0.14465342462062836,
            -0.7490465641021729,
            -0.09041430801153183
        ],
        [
            -0.14067482948303223,
            -0.7456834316253662,
            -0.08469205349683762
        ],
        [
            -0.13911429047584534,
            -0.7447751760482788,
            -0.08763452619314194
        ],
        [
            -0.14151771366596222,
            -0.7463177442550659,
            -0.08803092688322067
        ],
        [
            -0.13735350966453552,
            -0.7420477867126465,
            -0.08550366759300232
        ],
        [
            -0.13999858498573303,
            -0.7438947558403015,
            -0.08197949826717377
        ],
        [
            -0.1406382918357849,
            -0.7413380742073059,
            -0.0779273509979248
        ],
        [
            -0.14172720909118652,
            -0.7387091517448425,
            -0.07272481918334961
        ],
        [
            -0.13716283440589905,
            -0.7359622716903687,
            -0.0756523609161377
        ],
        [
            -0.1368933618068695,
            -0.7388601303100586,
            -0.0812557190656662
        ],
        [
            -0.15183153748512268,
            -0.7539950609207153,
            -0.08330877125263214
        ],
        [
            -0.14054366946220398,
            -0.7461541891098022,
            -0.09256855398416519
        ],
        [
            -0.1447266787290573,
            -0.7508913278579712,
            -0.09595723450183868
        ],
        [
            -0.1370134949684143,
            -0.7427645921707153,
            -0.09263282269239426
        ],
        [
            -0.1338815987110138,
            -0.7395368814468384,
            -0.09057249873876572
        ],
        [
            -0.13213585317134857,
            -0.7359979152679443,
            -0.08592350780963898
        ],
        [
            -0.13156725466251373,
            -0.7323841452598572,
            -0.08010534942150116
        ],
        [
            -0.11142374575138092,
            -0.7159852981567383,
            -0.07692462205886841
        ],
        [
            -0.11319909989833832,
            -0.721010148525238,
            -0.0856102854013443
        ],
        [
            -0.19385170936584473,
            -0.8101810216903687,
            -0.0897999033331871
        ],
        [
            -0.19305655360221863,
            -0.8097617626190186,
            -0.09892828017473221
        ],
        [
            -0.18478870391845703,
            -0.8056644201278687,
            -0.10032504796981812
        ],
        [
            -0.1863180696964264,
            -0.8074242472648621,
            -0.10193311423063278
        ],
        [
            -0.18884141743183136,
            -0.8074905872344971,
            -0.09627879410982132
        ],
        [
            -0.18641693890094757,
            -0.8054922819137573,
            -0.09590834379196167
        ],
        [
            -0.1708029806613922,
            -0.8060598969459534,
            -0.11715760082006454
        ],
        [
            -0.17447137832641602,
            -0.8057608008384705,
            -0.1112922728061676
        ],
        [
            -0.17127640545368195,
            -0.8033815026283264,
            -0.11176557093858719
        ],
        [
            -0.16715030372142792,
            -0.8005502223968506,
            -0.11880624294281006
        ],
        [
            -0.17117998003959656,
            -0.794403076171875,
            -0.10288029164075851
        ],
        [
            -0.17024904489517212,
            -0.7966169118881226,
            -0.10778817534446716
        ],
        [
            -0.17517176270484924,
            -0.8011590242385864,
            -0.10363729298114777
        ],
        [
            -0.17598363757133484,
            -0.7994862794876099,
            -0.10015418380498886
        ],
        [
            -0.17642733454704285,
            -0.7985461354255676,
            -0.09611505270004272
        ],
        [
            -0.17674148082733154,
            -0.798387885093689,
            -0.09160256385803223
        ],
        [
            -0.17325836420059204,
            -0.7942872643470764,
            -0.09221991151571274
        ],
        [
            -0.17228244245052338,
            -0.7938436269760132,
            -0.09749218821525574
        ],
        [
            -0.18899841606616974,
            -0.8085414171218872,
            -0.0898430198431015
        ],
        [
            -0.18691560626029968,
            -0.8089652061462402,
            -0.08269435912370682
        ],
        [
            -0.18474599719047546,
            -0.8066903948783875,
            -0.08436568081378937
        ],
        [
            -0.1868458092212677,
            -0.8060500621795654,
            -0.09015621244907379
        ],
        [
            -0.17479518055915833,
            -0.8054563999176025,
            -0.07566096633672714
        ],
        [
            -0.17737911641597748,
            -0.8066892027854919,
            -0.07656039297580719
        ],
        [
            -0.1783355176448822,
            -0.8077652454376221,
            -0.07288418710231781
        ],
        [
            -0.17490553855895996,
            -0.8046554327011108,
            -0.07226288318634033
        ],
        [
            -0.1736810803413391,
            -0.8018172383308411,
            -0.07452641427516937
        ],
        [
            -0.17439603805541992,
            -0.8036763668060303,
            -0.07685834914445877
        ],
        [
            -0.21716265380382538,
            -0.8613417148590088,
            -0.09366109222173691
        ],
        [
            -0.2146102637052536,
            -0.8436226844787598,
            -0.08717641979455948
        ],
        [
            -0.2062680721282959,
            -0.8601689338684082,
            -0.1111840009689331
        ],
        [
            -0.19292718172073364,
            -0.8558533787727356,
            -0.12326788902282715
        ],
        [
            -0.17985466122627258,
            -0.8475698232650757,
            -0.13312678039073944
        ],
        [
            -0.13539499044418335,
            -0.7550581097602844,
            -0.11372362077236176
        ],
        [
            -0.12587493658065796,
            -0.7507761716842651,
            -0.11633133143186569
        ],
        [
            -0.12130805850028992,
            -0.7620434761047363,
            -0.1264955699443817
        ],
        [
            -0.11171455681324005,
            -0.7560911178588867,
            -0.12580803036689758
        ],
        [
            -0.11708533018827438,
            -0.7445284128189087,
            -0.11505793780088425
        ],
        [
            -0.10370802134275436,
            -0.730890154838562,
            -0.10253476351499557
        ],
        [
            -0.10962437093257904,
            -0.7374051809310913,
            -0.11061900854110718
        ],
        [
            -0.10190662741661072,
            -0.7502294778823853,
            -0.12293633818626404
        ],
        [
            -0.0969633013010025,
            -0.7670655250549316,
            -0.13476721942424774
        ],
        [
            -0.10770435631275177,
            -0.769524872303009,
            -0.13480481505393982
        ],
        [
            -0.09504279494285583,
            -0.7864528894424438,
            -0.14189326763153076
        ],
        [
            -0.0839068740606308,
            -0.7651841640472412,
            -0.13349071145057678
        ],
        [
            -0.08674873411655426,
            -0.7900963425636292,
            -0.1410975307226181
        ],
        [
            -0.07496076822280884,
            -0.735407829284668,
            -0.11404910683631897
        ],
        [
            -0.07075266540050507,
            -0.7280246019363403,
            -0.1149706244468689
        ],
        [
            -0.06294343620538712,
            -0.7374798059463501,
            -0.12973788380622864
        ],
        [
            -0.06788717955350876,
            -0.7456040382385254,
            -0.12901586294174194
        ],
        [
            -0.11840552091598511,
            -0.772567868232727,
            -0.13376052677631378
        ],
        [
            -0.15990376472473145,
            -0.8217635154724121,
            -0.13536308705806732
        ],
        [
            -0.1681797206401825,
            -0.816227912902832,
            -0.12856851518154144
        ],
        [
            -0.1501280665397644,
            -0.8128243088722229,
            -0.13814079761505127
        ],
        [
            -0.17667236924171448,
            -0.8824815154075623,
            -0.14198929071426392
        ],
        [
            -0.18760646879673004,
            -0.8699266910552979,
            -0.13312029838562012
        ],
        [
            -0.17507624626159668,
            -0.859813928604126,
            -0.14099206030368805
        ],
        [
            -0.16682958602905273,
            -0.8725810647010803,
            -0.14895868301391602
        ],
        [
            -0.19812707602977753,
            -0.910089910030365,
            -0.11297667026519775
        ],
        [
            -0.21160142123699188,
            -0.8864464163780212,
            -0.1050402969121933
        ],
        [
            -0.20150373876094818,
            -0.8799889087677002,
            -0.1190967708826065
        ],
        [
            -0.19022466242313385,
            -0.8978416919708252,
            -0.12698812782764435
        ],
        [
            -0.1567642241716385,
            -0.8806722164154053,
            -0.15417112410068512
        ],
        [
            -0.14273859560489655,
            -0.8915576338768005,
            -0.15894082188606262
        ],
        [
            -0.14485707879066467,
            -0.9088642001152039,
            -0.15652674436569214
        ],
        [
            -0.16336512565612793,
            -0.8977068662643433,
            -0.1498638242483139
        ],
        [
            -0.14801420271396637,
            -0.9310647249221802,
            -0.14638347923755646
        ],
        [
            -0.17041292786598206,
            -0.9176794290542603,
            -0.1378602236509323
        ],
        [
            -0.07145126163959503,
            -0.7827043533325195,
            -0.1399618238210678
        ],
        [
            -0.07836389541625977,
            -0.8011674880981445,
            -0.1428314745426178
        ],
        [
            -0.07552027702331543,
            -0.7540510892868042,
            -0.12836503982543945
        ],
        [
            -0.06563841551542282,
            -0.7678342461585999,
            -0.13801270723342896
        ],
        [
            -0.14866140484809875,
            -0.9486860036849976,
            -0.13000911474227905
        ],
        [
            -0.1757226586341858,
            -0.9339008331298828,
            -0.1207660436630249
        ],
        [
            -0.08801713585853577,
            -0.9001253843307495,
            -0.1610940545797348
        ],
        [
            -0.10508717596530914,
            -0.9104921221733093,
            -0.16074302792549133
        ],
        [
            -0.11199228465557098,
            -0.8906457424163818,
            -0.16362875699996948
        ],
        [
