{
    "pred_cam": [
        1.4175505638122559,
        0.13881078362464905,
        0.29266199469566345
    ],
    "pred_smpl_params": {
        "global_orient": [
            [
                [
                    -0.6362738609313965,
                    0.10336597263813019,
                    -0.7645071148872375
                ],
                [
                    0.21517235040664673,
                    -0.927878737449646,
                    -0.3045356273651123
                ],
                [
                    -0.7408484816551208,
                    -0.3582688570022583,
                    0.5681434869766235
                ]
            ]
        ],
        "body_pose": [
            [
                [
                    0.9964740872383118,
                    0.0760415717959404,
                    0.0354543998837471
                ],
                [
                    -0.08195924013853073,
                    0.9726144075393677,
                    0.21749438345432281
                ],
                [
                    -0.01794484816491604,
                    -0.21963335573673248,
                    0.9754173755645752
                ]
            ],
            [
                [
                    0.9859793782234192,
                    0.143703892827034,
                    -0.08481696993112564
                ],
                [
                    -0.12623272836208344,
                    0.9747674465179443,
                    0.1841023862361908
                ],
                [
                    0.1091330498456955,
                    -0.17081446945667267,
                    0.9792407155036926
                ]
            ],
            [
                [
                    0.9960654377937317,
                    -0.04117939993739128,
                    0.07847218215465546
                ],
                [
                    0.0593273863196373,
                    0.9676365256309509,
                    -0.24527506530284882
                ],
                [
                    -0.06583226472139359,
                    0.2489655762910843,
                    0.9662723541259766
                ]
            ],
            [
                [
                    0.9909794926643372,
                    0.13367947936058044,
                    0.009463031776249409
                ],
                [
                    -0.13307738304138184,
                    0.9899308681488037,
                    -0.048241663724184036
                ],
                [
                    -0.015816668048501015,
                    0.04654717817902565,
                    0.9987909197807312
                ]
            ],
            [
                [
                    0.9998202323913574,
                    0.008396876975893974,
                    -0.016999391838908195
                ],
                [
                    -0.009564880281686783,
                    0.9975126385688782,
                    -0.06983556598424911
                ],
                [
                    0.016370706260204315,
                    0.06998561322689056,
                    0.9974136352539062
                ]
            ],
            [
                [
                    0.9967867136001587,
                    -0.02151947095990181,
                    0.07715629786252975
                ],
                [
                    0.025224829092621803,
                    0.9985586404800415,
                    -0.047375526279211044
                ],
                [
                    -0.07602559030056,
                    0.04916955530643463,
                    0.9958928227424622
                ]
            ],
            [
                [
                    0.9894059300422668,
                    0.027587469667196274,
                    0.14253059029579163
                ],
                [
                    -0.024487636983394623,
                    0.9994248747825623,
                    -0.023457685485482216
                ],
                [
                    -0.14309576153755188,
                    0.019718939438462257,
                    0.9895124435424805
                ]
            ],
            [
                [
                    0.9812678098678589,
                    -0.006380231585353613,
                    -0.19254325330257416
                ],
                [
                    0.008944699540734291,
                    0.9998824000358582,
                    0.012452609837055206
                ],
                [
                    0.1924411803483963,
                    -0.013941586017608643,
                    0.9812094569206238
                ]
            ],
            [
                [
                    0.997829258441925,
                    0.0023474483750760555,
                    0.06581221520900726
                ],
                [
                    0.0040340907871723175,
                    0.9953087568283081,
                    -0.09666547924280167
                ],
                [
                    -0.06573039293289185,
                    0.09672113507986069,
                    0.9931387305259705
                ]
            ],
            [
                [
                    0.9951049089431763,
                    -0.06964641064405441,
                    0.0701107308268547
                ],
                [
                    0.07189591974020004,
                    0.9969582557678223,
                    -0.03008706495165825
                ],
                [
                    -0.06780201941728592,
                    0.03498046472668648,
                    0.9970853328704834
                ]
            ],
            [
                [
                    0.9983353018760681,
                    0.050919558852910995,
                    -0.027088206261396408
                ],
                [
                    -0.05106193572282791,
                    0.9986849427223206,
                    -0.0045903529971838
                ],
                [
                    0.02681884542107582,
                    0.005965888500213623,
                    0.9996224641799927
                ]
            ],
            [
                [
                    0.9860133528709412,
                    -0.004013200756162405,
                    0.16661791503429413
                ],
                [
                    0.026172911748290062,
                    0.991034746170044,
                    -0.13101603090763092
                ],
                [
                    -0.16459833085536957,
                    0.1335444450378418,
                    0.9772785305976868
                ]
            ],
            [
                [
                    0.9245640635490417,
                    0.25760433077812195,
                    -0.2807513177394867
                ],
                [
                    -0.24110256135463715,
                    0.9660869240760803,
                    0.09244271367788315
                ],
                [
                    0.29504379630088806,
                    -0.017779359593987465,
                    0.9553183317184448
                ]
            ],
            [
                [
                    0.8797492384910583,
                    -0.3132499158382416,
                    0.35765305161476135
                ],
                [
                    0.3028566241264343,
                    0.9491187334060669,
                    0.0863223671913147
                ],
                [
                    -0.36649566888809204,
                    0.032375555485486984,
                    0.9298563003540039
                ]
            ],
            [
                [
                    0.9965049624443054,
                    0.06297747790813446,
                    0.05487888306379318
                ],
                [
                    -0.032842349261045456,
                    0.8994387984275818,
                    -0.43581098318099976
                ],
                [
                    -0.07680647075176239,
                    0.4324854612350464,
                    0.8983635306358337
                ]
            ],
            [
                [
                    0.660270631313324,
                    0.5926472544670105,
                    -0.46131548285484314
                ],
                [
                    -0.6358899474143982,
                    0.7679808139801025,
                    0.076481893658638
                ],
                [
                    0.39960822463035583,
                    0.24284712970256805,
                    0.8839336037635803
                ]
            ],
            [
                [
                    0.5435413122177124,
                    -0.6213032007217407,
                    0.5643981099128723
                ],
                [
                    0.6657308340072632,
                    0.7286251783370972,
                    0.16095897555351257
                ],
                [
                    -0.5112389922142029,
                    0.2882493734359741,
                    0.8096585869789124
                ]
            ],
            [
                [
                    0.6912363171577454,
                    -0.0722585991024971,
                    -0.7190070748329163
                ],
                [
                    -0.004825880751013756,
                    0.9945042729377747,
                    -0.10458497703075409
                ],
                [
                    0.722612738609314,
                    0.0757627934217453,
                    0.6870887875556946
                ]
            ],
            [
                [
                    0.5918127298355103,
                    0.13669036328792572,
                    0.794401228427887
                ],
                [
                    -0.09257740527391434,
                    0.9905219078063965,
                    -0.10146799683570862
                ],
                [
                    -0.8007415533065796,
                    -0.013493556529283524,
                    0.5988579392433167
                ]
            ],
            [
                [
                    0.9955456852912903,
                    -0.07900664955377579,
                    -0.0514470674097538
                ],
                [
                    0.08312667906284332,
                    0.9930266737937927,
                    0.0835944265127182
                ],
                [
                    0.044483792036771774,
                    -0.08749868720769882,
                    0.9951710104942322
                ]
            ],
            [
                [
                    0.992708146572113,
                    0.08529499173164368,
                    0.08517810702323914
                ],
                [
                    -0.0959087535738945,
                    0.9869326949119568,
                    0.1294814944267273
                ],
                [
                    -0.07302092760801315,
                    -0.1367066502571106,
                    0.9879166483879089
                ]
            ],
            [
                [
                    0.9848478436470032,
                    0.14107365906238556,
                    -0.10086114704608917
                ],
                [
                    -0.1274406462907791,
                    0.983184814453125,
                    0.130792036652565
                ],
                [
                    0.1176164522767067,
                    -0.11595644801855087,
                    0.9862659573554993
                ]
            ],
            [
                [
                    0.9857984781265259,
                    -0.1537904590368271,
                    0.06745298951864243
                ],
                [
                    0.14512139558792114,
                    0.9822729825973511,
                    0.11865716427564621
                ],
                [
                    -0.0845055878162384,
                    -0.10718317329883575,
                    0.9906414747238159
                ]
            ]
        ],
        "betas": [
            -0.21969908475875854,
            -0.27971306443214417,
            0.36065706610679626,
            0.9675860404968262,
            0.2625289559364319,
            -0.040900252759456635,
            -0.03574398159980774,
            -0.04100498557090759,
            0.08034926652908325,
            -0.07036596536636353
        ]
    },
    "pred_cam_t": [
        0.13881078362464905,
        0.29266199469566345,
        27.55633544921875
    ],
    "focal_length": [
        5000.0,
        5000.0
    ],
    "pred_keypoints_3d": [
        [
            -0.1855272352695465,
            -0.7604144811630249,
            -0.040168020874261856
        ],
        [
            -0.008091900497674942,
            -0.7318824529647827,
            -0.08328171074390411
        ],
        [
            0.062385208904743195,
            -0.6604539155960083,
            0.09635330736637115
        ],
        [
            -0.014074265956878662,
            -0.4525485634803772,
            0.20633339881896973
        ],
        [
            -0.2537371516227722,
            -0.38983356952667236,
            0.21679416298866272
        ],
        [
            -0.09778182208538055,
            -0.6153861880302429,
            -0.21896007657051086
        ],
        [
            -0.2150028944015503,
            -0.3906022012233734,
            -0.22621917724609375
        ],
        [
            -0.37384653091430664,
            -0.3012487292289734,
            -0.06600011885166168
        ],
        [
            -0.002259632106870413,
            -0.23244385421276093,
            0.02816891483962536
        ],
        [
            0.03427308425307274,
            -0.16171061992645264,
            0.10775848478078842
        ],
        [
            0.014225397258996964,
            0.1350906491279602,
            0.3294829726219177
        ],
        [
            -0.0022558066993951797,
            0.4835731089115143,
            0.4928528666496277
        ],
        [
            -0.050314877182245255,
            -0.13081258535385132,
            0.00626668706536293
        ],
        [
            -0.14722321927547455,
            0.1764955222606659,
            0.17234541475772858
        ],
        [
            -0.14343638718128204,
            0.4936194121837616,
            0.3902067542076111
        ],
        [
            -0.17242950201034546,
            -0.8148987293243408,
            -0.014890022575855255
        ],
        [
            -0.1896129846572876,
            -0.8071192502975464,
            -0.07875996083021164
        ],
        [
            -0.0774698555469513,
            -0.8599940538406372,
            0.0003122091293334961
        ],
        [
            -0.11743320524692535,
            -0.842750072479248,
            -0.1437065303325653
        ],
        [
            -0.30837470293045044,
            0.4696652889251709,
            0.5026780366897583
        ],
        [
            -0.30243396759033203,
            0.5205752849578857,
            0.4365241527557373
        ],
        [
            -0.10036341845989227,
            0.5441681742668152,
            0.3823074698448181
        ],
        [
            -0.1184292882680893,
            0.43740689754486084,
            0.6476120948791504
        ],
        [
            -0.030733048915863037,
            0.4453909993171692,
            0.6561567783355713
        ],
        [
            0.02765488624572754,
            0.5454053282737732,
            0.47751185297966003
        ],
        [
            0.0356585867702961,
            0.4472319483757019,
            0.46206986904144287
        ],
        [
            0.018348168581724167,
            0.08036065846681595,
            0.29293155670166016
        ],
        [
            0.102662093937397,
            -0.29081928730010986,
            0.11699812114238739
        ],
        [
            -0.07322030514478683,
            -0.20791803300380707,
            -0.10139209777116776
        ],
        [
            -0.1445556879043579,
            0.1435849666595459,
            0.14166051149368286
        ],
        [
            -0.12569059431552887,
            0.4790704846382141,
            0.352814257144928
        ],
        [
            -0.24432781338691711,
            -0.4232386648654938,
            0.20054377615451813
        ],
        [
            -0.025120358914136887,
            -0.4866364598274231,
            0.2230667918920517
        ],
        [
            0.048561133444309235,
            -0.6884042024612427,
            0.05978619307279587
        ],
        [
            -0.07993856072425842,
            -0.6492060422897339,
            -0.20810511708259583
        ],
        [
            -0.242473304271698,
            -0.4318675994873047,
            -0.22924330830574036
        ],
        [
            -0.37412625551223755,
            -0.3229770362377167,
            -0.07086382806301117
        ],
        [
            -0.01807216927409172,
            -0.720974862575531,
            -0.07985629886388779
        ],
        [
            -0.14203912019729614,
            -0.8866956233978271,
            -0.06819911301136017
        ],
        [
            0.014293146319687366,
            -0.2498435229063034,
            0.007176013197749853
        ],
        [
            -0.013772380538284779,
            -0.6654611825942993,
            -0.07164043188095093
        ],
        [
            0.031335603445768356,
            -0.49239909648895264,
            -0.05971607193350792
        ],
        [
            -0.1112852394580841,
            -0.7750371694564819,
            -0.06585930287837982
        ],
        [
            -0.144432932138443,
            -0.9064353704452515,
            -0.06603551656007767
        ]
    ],
    "pred_vertices": [
        [
            -0.21891944110393524,
            -0.8458053469657898,
            -0.08828297257423401
        ],
        [
            -0.21533538401126862,
            -0.8301570415496826,
            -0.08142198622226715
        ],
        [
            -0.2086266279220581,
            -0.8307565450668335,
            -0.09449900686740875
        ],
        [
            -0.20823894441127777,
            -0.8440438508987427,
            -0.10186859965324402
        ],
        [
            -0.20764237642288208,
            -0.8200782537460327,
            -0.08951003849506378
        ],
        [
            -0.2112974226474762,
            -0.8189748525619507,
            -0.07830218225717545
        ],
        [
            -0.19852837920188904,
            -0.8299225568771362,
            -0.10404817759990692
        ],
        [
            -0.19509780406951904,
            -0.8407148122787476,
            -0.11145320534706116
        ],
        [
            -0.17121601104736328,
            -0.8048788905143738,
            -0.11336297541856766
        ],
        [
            -0.1624770313501358,
            -0.8055317401885986,
            -0.11990846693515778
        ],
        [
            -0.17033281922340393,
            -0.8152884244918823,
            -0.1187998354434967
        ],
        [
            -0.17668971419334412,
            -0.8122810125350952,
            -0.11160136759281158
        ],
        [
            -0.15437346696853638,
            -0.7849984169006348,
            -0.11379937827587128
        ],
        [
            -0.15472060441970825,
            -0.7735364437103271,
            -0.10613597929477692
        ],
        [
            -0.14264878630638123,
            -0.7705411911010742,
            -0.11130097508430481
        ],
        [
            -0.14087402820587158,
            -0.7822324633598328,
            -0.11831939220428467
        ],
        [
            -0.173209547996521,
            -0.7772399187088013,
            -0.06837886571884155
        ],
        [
            -0.17032000422477722,
            -0.7714446783065796,
            -0.07414982467889786
        ],
        [
            -0.1742807924747467,
            -0.7770352959632874,
            -0.07788454741239548
        ],
        [
            -0.17629489302635193,
            -0.7823779582977295,
            -0.07159651070833206
        ],
        [
            -0.18117229640483856,
            -0.7835163474082947,
            -0.05794409289956093
        ],
        [
            -0.18164415657520294,
            -0.7897287607192993,
            -0.0596822053194046
        ],
        [
            -0.1868295520544052,
            -0.7908420562744141,
            -0.05369193106889725
        ],
        [
            -0.1870919167995453,
            -0.7834353446960449,
            -0.052597932517528534
        ],
        [
            -0.16902248561382294,
            -0.7734545469284058,
            -0.06330960243940353
        ],
        [
            -0.1657446175813675,
            -0.7676644921302795,
            -0.069516122341156
        ],
        [
            -0.17617838084697723,
            -0.781877338886261,
            -0.0633879080414772
        ],
        [
            -0.1753024458885193,
            -0.7772619128227234,
            -0.06123397871851921
        ],
        [
            -0.18018695712089539,
            -0.7671523094177246,
            -0.05600132420659065
        ],
        [
            -0.1818688064813614,
            -0.7716749310493469,
            -0.05779211223125458
        ],
        [
            -0.1873527318239212,
            -0.7694270610809326,
            -0.05295726656913757
        ],
        [
            -0.1835620105266571,
            -0.7652371525764465,
            -0.05192137137055397
        ],
        [
            -0.17266845703125,
            -0.7709127068519592,
            -0.06125221773982048
        ],
        [
            -0.17670661211013794,
            -0.7719756364822388,
            -0.06100399047136307
        ],
        [
            -0.1761150062084198,
            -0.7678807973861694,
            -0.058151207864284515
        ],
        [
            -0.17192304134368896,
            -0.7678414583206177,
            -0.057535286992788315
        ],
        [
            -0.1811465620994568,
            -0.778508186340332,
            -0.05699800327420235
        ],
        [
            -0.18739616870880127,
            -0.7768077850341797,
            -0.0524415597319603
        ],
        [
            -0.19311031699180603,
            -0.7747913002967834,
            -0.04686826467514038
        ],
        [
            -0.19174805283546448,
            -0.7659509181976318,
            -0.04696166515350342
        ],
        [
            -0.16032567620277405,
            -0.7619548439979553,
            -0.08673370629549026
        ],
        [
            -0.16631217300891876,
            -0.7662089467048645,
            -0.08083547651767731
        ],
        [
            -0.16258642077445984,
            -0.7626984715461731,
            -0.07581546157598495
        ],
        [
            -0.15843214094638824,
            -0.7589036226272583,
            -0.08127393573522568
        ],
        [
            -0.16765505075454712,
            -0.7668275833129883,
            -0.05950261652469635
        ],
        [
            -0.16014304757118225,
            -0.753071665763855,
            -0.06335949897766113
        ],
        [
            -0.1624394655227661,
            -0.7561261653900146,
            -0.06352942436933517
        ],
        [
            -0.16481861472129822,
            -0.7554280757904053,
            -0.056728899478912354
        ],
        [
            -0.16267243027687073,
            -0.7525858283042908,
            -0.05722258985042572
        ],
        [
            -0.14656664431095123,
            -0.753894567489624,
            -0.0942147821187973
        ],
        [
            -0.1483924388885498,
            -0.7512344121932983,
            -0.08756139129400253
        ],
        [
            -0.14261959493160248,
            -0.7467767000198364,
            -0.08878891915082932
        ],
        [
            -0.13893157243728638,
            -0.7491570711135864,
            -0.09508458524942398
        ],
        [
            -0.138180673122406,
            -0.7428076267242432,
            -0.08651705831289291
        ],
        [
            -0.1320720613002777,
            -0.7445287704467773,
            -0.09441061317920685
        ],
        [
            -0.12286963313817978,
            -0.7335430383682251,
            -0.08536048978567123
        ],
        [
            -0.12686100602149963,
            -0.7385244369506836,
            -0.09009027481079102
        ],
        [
            -0.13465669751167297,
            -0.7383894920349121,
            -0.08249010890722275
        ],
        [
            -0.13324818015098572,
            -0.7331275939941406,
            -0.07643977552652359
        ],
        [
            -0.13967536389827728,
            -0.733989953994751,
            -0.06314034759998322
        ],
        [
            -0.13981661200523376,
            -0.7322968244552612,
            -0.05682755634188652
        ],
        [
            -0.13272704184055328,
            -0.7227104902267456,
            -0.06188225373625755
        ],
        [
            -0.1330409049987793,
            -0.7268018126487732,
            -0.06870008260011673
        ],
        [
            -0.1531221717596054,
            -0.7505441308021545,
            -0.0638493075966835
        ],
        [
            -0.15179750323295593,
            -0.7515839338302612,
            -0.068381167948246
        ],
        [
            -0.15453864634037018,
            -0.751541256904602,
            -0.06815536320209503
        ],
        [
            -0.15687286853790283,
            -0.7512394189834595,
            -0.0634157657623291
        ],
        [
            -0.15101152658462524,
            -0.7518420219421387,
            -0.07241231203079224
        ],
        [
            -0.1506415605545044,
            -0.7518667578697205,
            -0.07419521361589432
        ],
        [
            -0.1523125171661377,
            -0.7522884607315063,
            -0.07370148599147797
        ],
        [
            -0.1518215835094452,
            -0.7521662712097168,
            -0.07242026180028915
        ],
        [
            -0.151685893535614,
            -0.7517945766448975,
            -0.07031936943531036
        ],
        [
            -0.15068313479423523,
            -0.7501391768455505,
            -0.06919346004724503
        ],
        [
            -0.15076491236686707,
            -0.7510323524475098,
            -0.0714104175567627
        ],
        [
            -0.15174081921577454,
            -0.7483630180358887,
            -0.06508565694093704
        ],
        [
            -0.15431106090545654,
            -0.7438154220581055,
            -0.05124596506357193
        ],
        [
            -0.1541614532470703,
            -0.7444510459899902,
            -0.055033206939697266
        ],
        [
            -0.15539419651031494,
            -0.7488516569137573,
            -0.05379103869199753
        ],
        [
            -0.1557134985923767,
            -0.748516321182251,
            -0.050615094602108
        ],
        [
            -0.1544819176197052,
            -0.7530888319015503,
            -0.07199376821517944
        ],
        [
            -0.15549618005752563,
            -0.7543517351150513,
            -0.07411335408687592
        ],
        [
            -0.15890291333198547,
            -0.7552590370178223,
            -0.06965271383523941
        ],
        [
            -0.15664523839950562,
            -0.7534242868423462,
            -0.06861905753612518
        ],
        [
            -0.15693047642707825,
            -0.7557007074356079,
            -0.07700376212596893
        ],
        [
            -0.15299350023269653,
            -0.7533939480781555,
            -0.07604584097862244
        ],
        [
            -0.15367889404296875,
            -0.7539398670196533,
            -0.0793071761727333
        ],
        [
            -0.1495029628276825,
            -0.7504898905754089,
            -0.0736500695347786
        ],
        [
            -0.1479838490486145,
            -0.749630868434906,
            -0.0766850933432579
        ],
        [
            -0.15045177936553955,
            -0.7511661052703857,
            -0.07700647413730621
        ],
        [
            -0.14610329270362854,
            -0.7468717098236084,
            -0.0746016725897789
        ],
        [
            -0.14871931076049805,
            -0.7486557960510254,
            -0.07094767689704895
        ],
        [
            -0.14924538135528564,
            -0.745997428894043,
            -0.06690382957458496
        ],
        [
            -0.15021654963493347,
            -0.7432583570480347,
            -0.06171832233667374
        ],
        [
            -0.14561618864536285,
            -0.74061119556427,
            -0.06479174643754959
        ],
        [
            -0.1454954743385315,
            -0.7436082363128662,
            -0.0703788623213768
        ],
        [
            -0.16090747714042664,
            -0.7587104439735413,
            -0.0719200074672699
        ],
        [
            -0.14954952895641327,
            -0.7510796189308167,
            -0.08159388601779938
        ],
        [
            -0.1538289487361908,
            -0.7558981776237488,
            -0.0847913920879364
        ],
        [
            -0.1459263265132904,
            -0.7477139234542847,
            -0.08179870992898941
        ],
        [
            -0.14266890287399292,
            -0.7444641590118408,
            -0.07984088361263275
        ],
        [
            -0.14074814319610596,
            -0.7408478260040283,
            -0.07514423877000809
        ],
        [
            -0.14003971219062805,
            -0.7371169328689575,
            -0.06945719569921494
        ],
        [
            -0.11956985294818878,
            -0.7209615111351013,
            -0.06684724241495132
        ],
        [
            -0.12152925878763199,
            -0.726111888885498,
            -0.07538537681102753
        ],
        [
            -0.20390954613685608,
            -0.81451815366745,
            -0.07686497271060944
        ],
        [
            -0.20317837595939636,
            -0.8142715692520142,
            -0.08603538572788239
        ],
        [
            -0.19480443000793457,
            -0.8104441165924072,
            -0.08754414319992065
        ],
        [
            -0.19637835025787354,
            -0.8121325373649597,
            -0.0890897735953331
        ],
        [
            -0.19886519014835358,
            -0.8120943307876587,
            -0.08342292159795761
        ],
        [
            -0.19639761745929718,
            -0.8101481199264526,
            -0.08309974521398544
        ],
        [
            -0.18098102509975433,
            -0.8114629983901978,
            -0.1045045480132103
        ],
        [
            -0.1845521628856659,
            -0.8109774589538574,
            -0.09861776232719421
        ],
        [
            -0.1813410520553589,
            -0.8086534738540649,
            -0.0991387665271759
        ],
        [
            -0.177240788936615,
            -0.8060334920883179,
            -0.10626694560050964
        ],
        [
            -0.18100881576538086,
            -0.7994605302810669,
            -0.0904688835144043
        ],
        [
            -0.18018290400505066,
            -0.801776647567749,
            -0.09532399475574493
        ],
        [
            -0.18511095643043518,
            -0.8061879873275757,
            -0.09104060381650925
        ],
        [
            -0.18585529923439026,
            -0.8044388294219971,
            -0.08759181946516037
        ],
        [
            -0.1862553060054779,
            -0.8034229874610901,
            -0.08356840163469315
        ],
        [
            -0.18651318550109863,
            -0.8031975030899048,
            -0.07903406023979187
        ],
        [
            -0.1829777956008911,
            -0.7991477251052856,
            -0.07983061671257019
        ],
        [
            -0.18205004930496216,
            -0.7987967133522034,
            -0.08511344343423843
        ],
        [
            -0.19901405274868011,
            -0.8130518794059753,
            -0.07699914276599884
        ],
        [
            -0.1968279480934143,
            -0.8134274482727051,
            -0.06984863430261612
        ],
        [
            -0.19463087618350983,
            -0.8112256526947021,
            -0.07160905748605728
        ],
        [
            -0.19674396514892578,
            -0.8106493353843689,
            -0.0773908719420433
        ],
        [
            -0.18459373712539673,
            -0.810029923915863,
            -0.06296450644731522
        ],
        [
            -0.1872086226940155,
            -0.8112105131149292,
            -0.06381500512361526
        ],
        [
            -0.18813474476337433,
            -0.812232494354248,
            -0.060090962797403336
        ],
        [
            -0.1846369206905365,
            -0.809173583984375,
            -0.05954694747924805
        ],
        [
            -0.18341389298439026,
            -0.806361198425293,
            -0.06194748729467392
        ],
        [
            -0.18418321013450623,
            -0.8082529306411743,
            -0.0642334520816803
        ],
        [
            -0.22809547185897827,
            -0.8653002977371216,
            -0.07925903052091599
        ],
        [
            -0.22512400150299072,
            -0.8474632501602173,
            -0.07304980605840683
        ],
        [
            -0.21737191081047058,
            -0.8646640777587891,
            -0.09671809524297714
        ],
        [
            -0.20402531325817108,
            -0.8609199523925781,
            -0.10908857733011246
        ],
        [
            -0.19093167781829834,
            -0.8532389998435974,
            -0.11924487352371216
        ],
        [
            -0.14464032649993896,
            -0.7607108354568481,
            -0.10269324481487274
        ],
        [
            -0.1350039839744568,
            -0.7566649913787842,
            -0.105523020029068
        ],
        [
            -0.13076306879520416,
            -0.7683175802230835,
            -0.11552160978317261
        ],
        [
            -0.12101304531097412,
            -0.7625031471252441,
            -0.11514467000961304
        ],
        [
            -0.12610675394535065,
            -0.7504854202270508,
            -0.10446536540985107
        ],
        [
            -0.11240709573030472,
            -0.7368021011352539,
            -0.0923059731721878
        ],
        [
            -0.11850284039974213,
            -0.7434036731719971,
            -0.10026504844427109
        ],
        [
            -0.11107515543699265,
            -0.7567222118377686,
            -0.11258009076118469
        ],
        [
            -0.10646986961364746,
            -0.7740460634231567,
            -0.1241946667432785
        ],
        [
            -0.11731216311454773,
            -0.776350736618042,
            -0.12399078905582428
        ],
        [
            -0.10487818717956543,
            -0.7938441038131714,
            -0.130855530500412
        ],
        [
            -0.09325805306434631,
            -0.7724474668502808,
            -0.12319773435592651
        ],
        [
            -0.09653189778327942,
            -0.7977195978164673,
            -0.13015717267990112
        ],
        [
            -0.0834038257598877,
            -0.7422068119049072,
            -0.1046353280544281
        ],
        [
            -0.07890860736370087,
            -0.7348543405532837,
            -0.1059151142835617
        ],
        [
            -0.0712360292673111,
            -0.74494469165802,
            -0.12067282199859619
        ],
        [
            -0.07651393860578537,
            -0.7529871463775635,
            -0.11948849260807037
        ],
        [
            -0.1281343698501587,
            -0.7791931629180908,
            -0.1227024495601654
        ],
        [
            -0.17055004835128784,
            -0.8278812170028687,
            -0.12233401834964752
        ],
        [
            -0.17872858047485352,
            -0.8219995498657227,
            -0.11557409912347794
        ],
        [
            -0.1606621891260147,
            -0.8189713954925537,
            -0.12558266520500183
        ],
        [
            -0.18867000937461853,
            -0.8881411552429199,
            -0.12733833491802216
        ],
        [
            -0.199263796210289,
            -0.8752982020378113,
            -0.11868443340063095
        ],
        [
            -0.1864338219165802,
            -0.8656721115112305,
            -0.1268172413110733
        ],
        [
            -0.17861507833003998,
            -0.8787508606910706,
            -0.1346660852432251
        ],
        [
            -0.21055953204631805,
            -0.9146214127540588,
            -0.097469761967659
        ],
        [
            -0.22331127524375916,
            -0.8904734253883362,
            -0.0899897962808609
        ],
        [
            -0.21319888532161713,
            -0.8847123384475708,
            -0.10430596768856049
        ],
        [
            -0.2025209665298462,
            -0.9028915762901306,
            -0.11184260994195938
        ],
        [
            -0.16884204745292664,
            -0.8871710300445557,
            -0.13985568284988403
        ],
        [
            -0.15522029995918274,
            -0.8984096050262451,
            -0.14451684057712555
        ],
        [
            -0.15804313123226166,
            -0.9157082438468933,
            -0.14172504842281342
        ],
        [
            -0.17605844140052795,
            -0.9038147330284119,
            -0.13512670993804932
        ],
        [
            -0.16174113750457764,
            -0.937682032585144,
            -0.13129287958145142
        ],
        [
            -0.18369825184345245,
            -0.9235183000564575,
            -0.12266978621482849
        ],
        [
            -0.08091384172439575,
            -0.7905553579330444,
            -0.1293010115623474
        ],
        [
            -0.0882711112499237,
            -0.8091776371002197,
            -0.13157504796981812
        ],
        [
            -0.08447180688381195,
            -0.7612957954406738,
            -0.11842566728591919
        ],
        [
            -0.07466728985309601,
            -0.7755661606788635,
            -0.12781862914562225
        ],
        [
            -0.16286082565784454,
            -0.9552586078643799,
            -0.11453080922365189
        ],
        [
            -0.18923678994178772,
            -0.939293622970581,
            -0.10499823838472366
        ],
        [
            -0.10057966411113739,
            -0.9085218906402588,
            -0.14757618308067322
        ],
        [
            -0.1181274950504303,
            -0.918150782585144,
            -0.14678004384040833
        ],
        [
            -0.12435168027877808,
            -0.8983057141304016,
            -0.14991843700408936
        ],
        [
            -0.10732802748680115,
