{
    "pred_cam": [
        1.1639251708984375,
        -0.020200522616505623,
        0.22163508832454681
    ],
    "pred_smpl_params": {
        "global_orient": [
            [
                [
                    0.9923476576805115,
                    0.12117918580770493,
                    0.023701004683971405
                ],
                [
                    0.12258599698543549,
                    -0.9898762106895447,
                    -0.07153873890638351
                ],
                [
                    0.014792053960263729,
                    0.07389671355485916,
                    -0.9971562027931213
                ]
            ]
        ],
        "body_pose": [
            [
                [
                    0.9954726696014404,
                    -0.07397729903459549,
                    -0.05967790633440018
                ],
                [
                    0.08868413418531418,
                    0.9487977027893066,
                    0.30317988991737366
                ],
                [
                    0.03419383242726326,
                    -0.3070997893810272,
                    0.951062798500061
                ]
            ],
            [
                [
                    0.9988991022109985,
                    0.0385345034301281,
                    0.02675095573067665
                ],
                [
                    -0.044117290526628494,
                    0.9655266404151917,
                    0.25653836131095886
                ],
                [
                    -0.01594318449497223,
                    -0.2574361562728882,
                    0.9661637544631958
                ]
            ],
            [
                [
                    0.9985900521278381,
                    0.04860546067357063,
                    0.02134249173104763
                ],
                [
                    -0.04358896240592003,
                    0.9802431464195251,
                    -0.19293330609798431
                ],
                [
                    -0.030298447236418724,
                    0.19173097610473633,
                    0.9809797406196594
                ]
            ],
            [
                [
                    0.9856658577919006,
                    -0.02970336191356182,
                    -0.16607359051704407
                ],
                [
                    -0.13199473917484283,
                    0.4772973954677582,
                    -0.8687719106674194
                ],
                [
                    0.10507196933031082,
                    0.8782396912574768,
                    0.4665350615978241
                ]
            ],
            [
                [
                    0.9870702028274536,
                    -0.0620650090277195,
                    0.14778408408164978
                ],
                [
                    0.15296845138072968,
                    0.640182375907898,
                    -0.7528393268585205
                ],
                [
                    -0.0478837713599205,
                    0.7657117247581482,
                    0.6413989067077637
                ]
            ],
            [
                [
                    0.9990675449371338,
                    -0.03546556457877159,
                    0.024620942771434784
                ],
                [
                    0.03424561396241188,
                    0.9982448220252991,
                    0.048317864537239075
                ],
                [
                    -0.026291346177458763,
                    -0.047429654747247696,
                    0.9985285401344299
                ]
            ],
            [
                [
                    0.9846686720848083,
                    0.05277327075600624,
                    0.16626068949699402
                ],
                [
                    -0.07182632386684418,
                    0.991249144077301,
                    0.1107519343495369
                ],
                [
                    -0.15896104276180267,
                    -0.12099585682153702,
                    0.979842483997345
                ]
            ],
            [
                [
                    0.9852063655853271,
                    -0.03549635037779808,
                    -0.16765572130680084
                ],
                [
                    0.04364974796772003,
                    0.9980239272117615,
                    0.04519859701395035
                ],
                [
                    0.16572003066539764,
                    -0.05184807628393173,
                    0.9848089218139648
                ]
            ],
            [
                [
                    0.9993996620178223,
                    -0.03422292321920395,
                    0.005394752137362957
                ],
                [
                    0.034578289836645126,
                    0.994989275932312,
                    -0.09381229430437088
                ],
                [
                    -0.0021571896504610777,
                    0.09394252300262451,
                    0.9955753087997437
                ]
            ],
            [
                [
                    0.9863708019256592,
                    -0.15641476213932037,
                    -0.05105936527252197
                ],
                [
                    0.1635667234659195,
                    0.9658048152923584,
                    0.20116403698921204
                ],
                [
                    0.017848355695605278,
                    -0.20677395164966583,
                    0.9782259464263916
                ]
            ],
            [
                [
                    0.9872405529022217,
                    0.15914981067180634,
                    -0.005238211713731289
                ],
                [
                    -0.15422219038009644,
                    0.9638278484344482,
                    0.21737362444400787
                ],
                [
                    0.03964371234178543,
                    -0.21379220485687256,
                    0.9760743975639343
                ]
            ],
            [
                [
                    0.9925245642662048,
                    0.008345737121999264,
                    -0.12175937741994858
                ],
                [
                    0.011714912950992584,
                    0.9865375757217407,
                    0.163114532828331
                ],
                [
                    0.1214815080165863,
                    -0.1633215695619583,
                    0.9790650010108948
                ]
            ],
            [
                [
                    0.8907896280288696,
                    0.4539012908935547,
                    0.021621063351631165
                ],
                [
                    -0.45177894830703735,
                    0.8897356986999512,
                    -0.06531533598899841
                ],
                [
                    -0.04888375103473663,
                    0.048414282500743866,
                    0.9976303577423096
                ]
            ],
            [
                [
                    0.8795334696769714,
                    -0.4758272171020508,
                    0.0030602714978158474
                ],
                [
                    0.4754845201969147,
                    0.8786161541938782,
                    -0.04413854330778122
                ],
                [
                    0.018313515931367874,
                    0.04027643799781799,
                    0.9990208148956299
                ]
            ],
            [
                [
                    0.9924647808074951,
                    -0.051376789808273315,
                    -0.11123921722173691
                ],
                [
                    0.027845771983265877,
                    0.9786648154258728,
                    -0.2035677433013916
                ],
                [
                    0.11932456493377686,
                    0.19893625378608704,
                    0.9727209806442261
                ]
            ],
            [
                [
                    0.48822394013404846,
                    0.8304318785667419,
                    -0.26836612820625305
                ],
                [
                    -0.8687615394592285,
                    0.49171045422554016,
                    -0.05894244462251663
                ],
                [
                    0.08301075547933578,
                    0.26192328333854675,
                    0.9615120887756348
                ]
            ],
            [
                [
                    0.5657963156700134,
                    -0.7939452528953552,
                    0.2225431203842163
                ],
                [
                    0.8210605382919312,
                    0.5672832727432251,
                    -0.06363339722156525
                ],
                [
                    -0.0757235661149025,
                    0.21872493624687195,
                    0.9728438854217529
                ]
            ],
            [
                [
                    0.8608499765396118,
                    -0.16401733458042145,
                    -0.4817006587982178
                ],
                [
                    0.10596074163913727,
                    0.9836574792861938,
                    -0.14556875824928284
                ],
                [
                    0.49770426750183105,
                    0.07427152246236801,
                    0.8641608953475952
                ]
            ],
            [
                [
                    0.9180078506469727,
                    0.10455673187971115,
                    0.3825303912162781
                ],
                [
                    -0.06380129605531693,
                    0.9909910559654236,
                    -0.11775454878807068
                ],
                [
                    -0.3913962244987488,
                    0.08369366079568863,
                    0.9164084196090698
                ]
            ],
            [
                [
                    0.9979259371757507,
                    0.03749135509133339,
                    0.052328504621982574
                ],
                [
                    -0.03785838931798935,
                    0.9992648959159851,
                    0.006040378473699093
                ],
                [
                    -0.05206357315182686,
                    -0.008008923381567001,
                    0.9986117482185364
                ]
            ],
            [
                [
                    0.996464192867279,
                    -0.03986648470163345,
                    -0.07395850867033005
                ],
                [
                    0.03597903251647949,
                    0.997937023639679,
                    -0.05317055433988571
                ],
                [
                    0.07592566311359406,
                    0.05032159388065338,
                    0.9958428740501404
                ]
            ],
            [
                [
                    0.967165470123291,
                    0.2282649129629135,
                    -0.11174068599939346
                ],
                [
                    -0.21170522272586823,
                    0.9668588638305664,
                    0.14270518720149994
                ],
                [
                    0.14061206579208374,
                    -0.11436345428228378,
                    0.9834373593330383
                ]
            ],
            [
                [
                    0.9703904390335083,
                    -0.2333647906780243,
                    0.062315184623003006
                ],
                [
                    0.2185119390487671,
                    0.9580919146537781,
                    0.1852361261844635
                ],
                [
                    -0.10293126851320267,
                    -0.1661347597837448,
                    0.9807162284851074
                ]
            ]
        ],
        "betas": [
            0.05928830802440643,
            0.18168197572231293,
            0.29105499386787415,
            1.2975517511367798,
            -0.010303795337677002,
            0.03130156174302101,
            -0.09042003750801086,
            0.044035300612449646,
            0.09154257923364639,
            -0.0597153902053833
        ]
    },
    "pred_cam_t": [
        -0.020200522616505623,
        0.22163508832454681,
        33.561004638671875
    ],
    "focal_length": [
        5000.0,
        5000.0
    ],
    "pred_keypoints_3d": [
        [
            0.05717070400714874,
            -0.8691290616989136,
            -0.1500915288925171
        ],
        [
            0.06684155017137527,
            -0.7565286755561829,
            0.01335693895816803
        ],
        [
            -0.12576831877231598,
            -0.6609553098678589,
            0.02892337739467621
        ],
        [
            -0.17283324897289276,
            -0.420105516910553,
            0.08408459275960922
        ],
        [
            -0.2181285172700882,
            -0.17899946868419647,
            0.019490361213684082
        ],
        [
            0.23211261630058289,
            -0.6327557563781738,
            0.04955294728279114
        ],
        [
            0.2092861533164978,
            -0.38383448123931885,
            0.11650634557008743
        ],
        [
            0.2053014039993286,
            -0.15297675132751465,
            0.024229712784290314
        ],
        [
            -0.0029299736488610506,
            -0.2364829182624817,
            0.025151994079351425
        ],
        [
            -0.07721734046936035,
            -0.1546541005373001,
            0.023049205541610718
        ],
        [
            -0.1717599779367447,
            0.1934545785188675,
            -0.09624792635440826
        ],
        [
            -0.19607140123844147,
            0.5069074630737305,
            0.1417536735534668
        ],
        [
            0.05054998770356178,
            -0.13743042945861816,
            0.02693454921245575
        ],
        [
            0.07358334958553314,
            0.20616918802261353,
            -0.11139605939388275
        ],
        [
            0.07234340161085129,
            0.48094642162323,
            0.1710553914308548
        ],
        [
            0.03330858796834946,
            -0.9123424887657166,
            -0.11099780350923538
        ],
        [
            0.09826867282390594,
            -0.9084499478340149,
            -0.12504510581493378
        ],
        [
            0.010572459548711777,
            -0.9020141363143921,
            -0.009613044559955597
        ],
        [
            0.1555362492799759,
            -0.8929798603057861,
            -0.039985980838537216
        ],
        [
            0.05449892580509186,
            0.6253513097763062,
            0.036101073026657104
        ],
        [
            0.12651604413986206,
            0.6112970113754272,
            0.07902976870536804
        ],
        [
            0.08376885950565338,
            0.4778769612312317,
            0.24102187156677246
        ],
        [
            -0.2008647620677948,
            0.6376884579658508,
            -0.010114669799804688
        ],
        [
            -0.27178600430488586,
            0.6140111684799194,
            0.03685230016708374
        ],
        [
            -0.2030602991580963,
            0.518419623374939,
            0.21367695927619934
        ],
        [
            -0.21405580639839172,
            0.44959962368011475,
            0.1388969123363495
        ],
        [
            -0.15839873254299164,
            0.13458916544914246,
            -0.09015875309705734
        ],
        [
            -0.13799232244491577,
            -0.28739064931869507,
            0.037958357483148575
        ],
        [
            0.13679704070091248,
            -0.23633550107479095,
            0.05398847162723541
        ],
        [
            0.08383788168430328,
            0.17027795314788818,
            -0.10716300457715988
        ],
        [
            0.08407604694366455,
            0.4397099018096924,
            0.17020419239997864
        ],
        [
            -0.20405066013336182,
            -0.20172959566116333,
            -0.005116619635373354
        ],
        [
            -0.1984129399061203,
            -0.4390418529510498,
            0.059974584728479385
        ],
        [
            -0.08720310032367706,
            -0.6957410573959351,
            0.028027351945638657
        ],
        [
            0.204658642411232,
            -0.671887218952179,
            0.04721813648939133
        ],
        [
            0.24775922298431396,
            -0.39941585063934326,
            0.08555950224399567
        ],
        [
            0.21270611882209778,
            -0.17008569836616516,
            0.015126519836485386
        ],
        [
            0.06778586655855179,
            -0.7410679459571838,
            0.016186773777008057
        ],
        [
            0.08640699833631516,
            -0.9504476189613342,
            -0.04429555684328079
        ],
        [
            -0.00023643509484827518,
            -0.26166778802871704,
            0.04563123732805252
        ],
        [
            0.05759791284799576,
            -0.6825175285339355,
            0.03399378061294556
        ],
        [
            0.03920679911971092,
            -0.510336697101593,
            0.0531616136431694
        ],
        [
            0.07724154740571976,
            -0.8411730527877808,
            -0.07507988810539246
        ],
        [
            0.08411230146884918,
            -0.969900369644165,
            -0.03483690321445465
        ]
    ],
    "pred_vertices": [
        [
            0.11228946596384048,
            -0.952994704246521,
            -0.1291385293006897
        ],
        [
            0.10458190739154816,
            -0.9392794370651245,
            -0.13403412699699402
        ],
        [
            0.11676677316427231,
            -0.9352203607559204,
            -0.1276322901248932
        ],
        [
            0.12489534914493561,
            -0.9454972743988037,
            -0.11949089914560318
        ],
        [
            0.11129151284694672,
            -0.9266376495361328,
            -0.13204079866409302
        ],
        [
            0.100247822701931,
            -0.9285824298858643,
            -0.13683421909809113
        ],
        [
            0.1251949667930603,
            -0.928924560546875,
            -0.11833751946687698
        ],
        [
            0.1326456069946289,
            -0.9352992177009583,
            -0.109231136739254
        ],
        [
            0.13060428202152252,
            -0.8931964635848999,
            -0.10726422816514969
        ],
        [
            0.1359635591506958,
            -0.8882508277893066,
            -0.09860826283693314
        ],
        [
            0.13659319281578064,
            -0.900260865688324,
            -0.10060732811689377
        ],
        [
            0.1299106329679489,
            -0.9020663499832153,
            -0.10823085159063339
        ],
        [
            0.12885752320289612,
            -0.8670128583908081,
            -0.10304960608482361
        ],
        [
            0.12065283954143524,
            -0.8582686185836792,
            -0.10978521406650543
        ],
        [
            0.12445105612277985,
            -0.848889946937561,
            -0.10066797584295273
        ],
        [
            0.1317155808210373,
            -0.8573099374771118,
            -0.09293568134307861
        ],
        [
            0.08516254276037216,
            -0.8749606609344482,
            -0.12721943855285645
        ],
        [
            0.09043437242507935,
            -0.8678743243217468,
            -0.1270265132188797
        ],
        [
            0.0946345254778862,
            -0.8743215799331665,
            -0.12684714794158936
        ],
        [
            0.08869358152151108,
            -0.8806051015853882,
            -0.1266583800315857
        ],
        [
            0.07547777146100998,
            -0.8854049444198608,
            -0.1322169005870819
        ],
        [
            0.07740181684494019,
            -0.8907836675643921,
            -0.1289980709552765
        ],
        [
            0.07212850451469421,
            -0.8950592279434204,
            -0.13352204859256744
        ],
        [
            0.07079775631427765,
            -0.8888471722602844,
            -0.13797032833099365
        ],
        [
            0.07955461740493774,
            -0.870051383972168,
            -0.1265813410282135
        ],
        [
            0.0853683352470398,
            -0.8625969290733337,
            -0.12616771459579468
        ],
        [
            0.08052031695842743,
            -0.8811078071594238,
            -0.12817344069480896
        ],
        [
            0.07797174900770187,
            -0.8766704797744751,
            -0.130293607711792
        ],
        [
            0.07297933846712112,
            -0.8708505630493164,
            -0.1404200792312622
        ],
        [
            0.07496103644371033,
            -0.8754479885101318,
            -0.139215886592865
        ],
        [
            0.0704381912946701,
            -0.8768050670623779,
            -0.14567989110946655
        ],
        [
            0.06900358945131302,
            -0.871371865272522,
            -0.14469914138317108
        ],
        [
            0.07714082300662994,
            -0.8698892593383789,
            -0.13139121234416962
        ],
        [
            0.07736027240753174,
            -0.8728379011154175,
            -0.13444891571998596
        ],
        [
            0.07441049069166183,
            -0.8692523241043091,
            -0.13636514544487
        ],
        [
            0.07349959015846252,
            -0.8671458959579468,
            -0.13280658423900604
        ],
        [
            0.07411710917949677,
            -0.8812330961227417,
            -0.13521480560302734
        ],
        [
            0.07018455862998962,
            -0.8833481073379517,
            -0.1418595016002655
        ],
        [
            0.06524667143821716,
            -0.8851272463798523,
            -0.14849478006362915
        ],
        [
            0.06510445475578308,
            -0.8765668272972107,
            -0.1519307792186737
        ],
        [
            0.10171208530664444,
            -0.8531663417816162,
            -0.12216688692569733
        ],
        [
            0.09624134004116058,
            -0.8607054948806763,
            -0.12575164437294006
        ],
        [
            0.09111860394477844,
            -0.8559029698371887,
            -0.1253477931022644
        ],
        [
            0.09608611464500427,
            -0.8498693704605103,
            -0.12316228449344635
        ],
        [
            0.07517075538635254,
            -0.8636875152587891,
            -0.12941929697990417
        ],
        [
            0.07807467877864838,
            -0.8469139337539673,
            -0.12989237904548645
        ],
        [
            0.07852458953857422,
            -0.8508789539337158,
            -0.13039995729923248
        ],
        [
            0.07197517156600952,
            -0.8521316051483154,
            -0.1333913803100586
        ],
        [
            0.07221106439828873,
            -0.8483854532241821,
            -0.13283954560756683
        ],
        [
            0.10742579400539398,
            -0.838026225566864,
            -0.11390426754951477
        ],
        [
            0.10118784010410309,
            -0.8372500538825989,
            -0.11778873950242996
        ],
        [
            0.10179460793733597,
            -0.8300590515136719,
            -0.1148962453007698
        ],
        [
            0.10766690969467163,
            -0.8295379281044006,
            -0.10959738492965698
        ],
        [
            0.09970661997795105,
            -0.8241012692451477,
            -0.11318764835596085
        ],
        [
            0.10684314370155334,
            -0.8214690685272217,
            -0.10589341074228287
        ],
        [
            0.09728162735700607,
            -0.8075218200683594,
            -0.10433448851108551
        ],
        [
            0.10222657024860382,
            -0.8136850595474243,
            -0.10468818992376328
        ],
        [
            0.09556488692760468,
            -0.8185323476791382,
            -0.112958624958992
        ],
        [
            0.08958065509796143,
            -0.8135801553726196,
            -0.11523284018039703
        ],
        [
            0.07608175277709961,
            -0.8193174600601196,
            -0.12195412069559097
        ],
        [
            0.0697193369269371,
            -0.818455159664154,
            -0.12384548038244247
        ],
        [
            0.07427817583084106,
            -0.8058210611343384,
            -0.12212368100881577
        ],
        [
            0.08168897032737732,
            -0.8087524175643921,
            -0.11915571987628937
        ],
        [
            0.07824210077524185,
            -0.8411022424697876,
            -0.1250649094581604
        ],
        [
            0.08255952596664429,
            -0.8409372568130493,
            -0.12283450365066528
        ],
        [
            0.08250080049037933,
            -0.8424513339996338,
            -0.12523400783538818
        ],
        [
            0.07799728959798813,
            -0.8437796235084534,
            -0.12795241177082062
        ],
        [
            0.08641353249549866,
            -0.8404273986816406,
            -0.12147457152605057
        ],
        [
            0.08813565969467163,
            -0.8401098251342773,
            -0.12097032368183136
        ],
        [
            0.08775332570075989,
            -0.8414740562438965,
            -0.122247613966465
        ],
        [
            0.08616091310977936,
            -0.8413272500038147,
            -0.12214519083499908
        ],
        [
            0.08415115624666214,
            -0.8410364389419556,
            -0.12242666631937027
        ],
        [
            0.0830167755484581,
            -0.8390406966209412,
            -0.12260568141937256
        ],
        [
            0.08547170460224152,
            -0.8396031856536865,
            -0.1217934638261795
        ],
        [
            0.07905365526676178,
            -0.8383325934410095,
            -0.12487059086561203
        ],
        [
            0.0652623251080513,
            -0.8367383480072021,
            -0.13066992163658142
        ],
        [
            0.06939072906970978,
            -0.837013840675354,
            -0.1297919750213623
        ],
        [
            0.06830441206693649,
            -0.8417675495147705,
            -0.12887951731681824
        ],
        [
            0.06481693685054779,
            -0.8417890071868896,
            -0.12960970401763916
        ],
        [
            0.08576907217502594,
            -0.8434373140335083,
            -0.12399780005216599
        ],
        [
            0.08857115358114243,
            -0.8449077606201172,
            -0.1239817887544632
        ],
        [
            0.08449916541576385,
            -0.8478634357452393,
            -0.1270754486322403
        ],
        [
            0.08326465636491776,
            -0.8451358079910278,
            -0.12608355283737183
        ],
        [
            0.0913926362991333,
            -0.8467164039611816,
            -0.12417285144329071
        ],
        [
            0.09020333737134933,
            -0.8425408601760864,
            -0.1220819428563118
        ],
        [
            0.09338720887899399,
            -0.8429702520370483,
            -0.12188800424337387
        ],
        [
            0.08754198998212814,
            -0.8382394313812256,
            -0.12080132216215134
        ],
        [
            0.09040453284978867,
            -0.8363656997680664,
            -0.11971505731344223
        ],
        [
            0.09088866412639618,
            -0.8391105532646179,
            -0.12087986618280411
        ],
        [
            0.08820024132728577,
            -0.8330767750740051,
            -0.1196657046675682
        ],
        [
            0.08484993129968643,
            -0.8363755941390991,
            -0.12140362709760666
        ],
        [
            0.08084630221128464,
            -0.8346176147460938,
            -0.1235695481300354
        ],
        [
            0.0756727084517479,
            -0.833206295967102,
            -0.1262679100036621
        ],
        [
            0.07834739983081818,
            -0.8281373381614685,
            -0.12333647161722183
        ],
        [
            0.08395427465438843,
            -0.8302412033081055,
            -0.1211574375629425
        ],
        [
            0.08677709102630615,
            -0.8516542911529541,
            -0.12663310766220093
        ],
        [
            0.09535209834575653,
            -0.8381727933883667,
            -0.11966711282730103
        ],
        [
            0.09909176826477051,
            -0.8444809913635254,
            -0.12034783512353897
        ],
        [
            0.09524833410978317,
            -0.8332077264785767,
            -0.11832289397716522
        ],
        [
            0.09310677647590637,
            -0.828688383102417,
            -0.11739717423915863
        ],
        [
            0.08877626806497574,
            -0.8246549367904663,
            -0.11787767708301544
        ],
        [
            0.08254604041576385,
            -0.8216578960418701,
            -0.11986618489027023
        ],
        [
            0.0782180204987526,
            -0.7972636222839355,
            -0.11047463864088058
        ],
        [
            0.08739204704761505,
            -0.8014822006225586,
            -0.10805115103721619
        ],
        [
            0.09801764786243439,
            -0.921812891960144,
            -0.13295555114746094
        ],
        [
            0.10697579383850098,
            -0.9202532768249512,
            -0.1316993236541748
        ],
        [
            0.10753388702869415,
            -0.9127922654151917,
            -0.1263563632965088
        ],
        [
            0.1095699742436409,
            -0.9151566028594971,
            -0.12659859657287598
        ],
        [
            0.10385076701641083,
            -0.9166108965873718,
            -0.12918536365032196
        ],
        [
            0.10328793525695801,
            -0.9138782024383545,
            -0.12827490270137787
        ],
        [
            0.12292973697185516,
            -0.9047164916992188,
            -0.11310438066720963
        ],
        [
            0.11752313375473022,
            -0.9068096280097961,
            -0.11692634224891663
        ],
        [
            0.11789019405841827,
            -0.9029408693313599,
            -0.11529263854026794
        ],
        [
            0.12423332780599594,
            -0.8979158997535706,
            -0.11228261888027191
        ],
        [
            0.1087736040353775,
            -0.8955650329589844,
            -0.12074468284845352
        ],
        [
            0.1136585995554924,
            -0.8966231346130371,
            -0.118185855448246
        ],
        [
            0.10992313921451569,
            -0.9035681486129761,
            -0.12072110921144485
        ],
        [
            0.10638590157032013,
            -0.9028358459472656,
            -0.1226314976811409
        ],
        [
            0.10228228569030762,
            -0.9026582837104797,
            -0.12405707687139511
        ],
        [
            0.09794723987579346,
            -0.9029885530471802,
            -0.12457890063524246
        ],
        [
            0.09785051643848419,
            -0.8976227045059204,
            -0.12380439043045044
        ],
        [
            0.10314050316810608,
            -0.8962411880493164,
            -0.12270112335681915
        ],
        [
            0.09725198149681091,
            -0.9183481931686401,
            -0.12952739000320435
        ],
        [
            0.09026484191417694,
            -0.918203592300415,
            -0.12798014283180237
        ],
        [
            0.09143395721912384,
            -0.9150923490524292,
            -0.1274588406085968
        ],
        [
            0.09736762940883636,
            -0.9150826930999756,
            -0.1289956271648407
        ],
        [
            0.0817577913403511,
            -0.9096591472625732,
            -0.12046077102422714
        ],
        [
            0.0829959437251091,
            -0.9120400547981262,
            -0.1217789351940155
        ],
        [
            0.079372838139534,
            -0.9136877059936523,
            -0.12250950187444687
        ],
        [
            0.07828792929649353,
            -0.9091789126396179,
            -0.12136133760213852
        ],
        [
            0.08031526952981949,
            -0.9059065580368042,
            -0.12167899310588837
        ],
        [
            0.08281009644269943,
            -0.9077954292297363,
            -0.12107005715370178
        ],
        [
            0.10567376017570496,
            -0.974634051322937,
            -0.1273295283317566
        ],
        [
            0.09796175360679626,
            -0.9583034515380859,
            -0.13400472700595856
        ],
        [
            0.12202749401330948,
            -0.9669122695922852,
            -0.11733763664960861
        ],
        [
            0.1324579268693924,
            -0.956261396408081,
            -0.10739953815937042
        ],
        [
            0.14044758677482605,
            -0.9426418542861938,
            -0.09836356341838837
        ],
        [
            0.11572496592998505,
            -0.8421138525009155,
            -0.10802415013313293
        ],
        [
            0.11748673766851425,
            -0.8329991102218628,
            -0.10150646418333054
        ],
        [
            0.12739622592926025,
            -0.8401870727539062,
            -0.09132927656173706
        ],
        [
            0.12576176226139069,
            -0.829720139503479,
            -0.08518114686012268
        ],
        [
            0.11578711867332458,
            -0.8226685523986816,
            -0.09656046330928802
        ],
        [
            0.10219109058380127,
            -0.8051296472549438,
            -0.0906653106212616
        ],
        [
            0.11077022552490234,
            -0.8128219246864319,
            -0.0928734838962555
        ],
        [
            0.12133659422397614,
            -0.8198490142822266,
            -0.07781147956848145
        ],
        [
            0.13179051876068115,
            -0.8321291208267212,
            -0.06450303643941879
        ],
        [
            0.13408127427101135,
            -0.8393986225128174,
            -0.07444734871387482
        ],
        [
            0.1385938972234726,
            -0.8475996255874634,
            -0.052922189235687256
        ],
        [
            0.1284579038619995,
            -0.8250880837440491,
            -0.0506388358771801
        ],
        [
            0.13714297115802765,
            -0.8467553853988647,
            -0.043206073343753815
        ],
        [
            0.11110027134418488,
            -0.7878472208976746,
            -0.04832731932401657
        ],
        [
            0.11308476328849792,
            -0.7753434181213379,
            -0.04249231517314911
        ],
        [
            0.12547391653060913,
            -0.782137393951416,
            -0.02972657047212124
        ],
        [
            0.12468014657497406,
            -0.7944037914276123,
            -0.03604450076818466
        ],
        [
            0.13424935936927795,
            -0.8478422164916992,
            -0.08322574198246002
        ],
        [
            0.14039874076843262,
            -0.9108483791351318,
            -0.09353870153427124
        ],
        [
            0.13439984619617462,
            -0.9107879400253296,
            -0.10418470203876495
        ],
        [
            0.14177927374839783,
            -0.898088812828064,
            -0.08984073996543884
        ],
        [
            0.14998289942741394,
            -0.9695718288421631,
            -0.0791570246219635
        ],
        [
            0.14220401644706726,
            -0.9652940034866333,
            -0.09524514526128769
        ],
        [
            0.1485690474510193,
            -0.9496264457702637,
            -0.08846399188041687
        ],
        [
            0.15595045685768127,
            -0.9561160802841187,
            -0.07415493577718735
        ],
        [
            0.12340044975280762,
            -1.0054537057876587,
            -0.08539401739835739
        ],
        [
            0.11639434844255447,
            -0.9926869869232178,
            -0.10849758237600327
        ],
        [
            0.12855567038059235,
            -0.9803641438484192,
            -0.10229868441820145
        ],
        [
            0.13612917065620422,
            -0.9901403188705444,
            -0.08400668948888779
        ],
        [
            0.1597096174955368,
            -0.9578249454498291,
            -0.061663903295993805
        ],
        [
            0.163630872964859,
            -0.9596577286720276,
            -0.04350437968969345
        ],
        [
            0.16240185499191284,
            -0.9767937660217285,
            -0.03785853832960129
        ],
        [
            0.15632525086402893,
            -0.9755398631095886,
            -0.059642717242240906
        ],
        [
            0.15301725268363953,
            -0.9980814456939697,
            -0.03041624277830124
        ],
        [
            0.145799458026886,
            -0.9973886609077454,
            -0.05718589946627617
        ],
        [
            0.13563981652259827,
            -0.8334671258926392,
            -0.030528599396348
        ],
        [
            0.13899098336696625,
            -0.8518301248550415,
            -0.030375778675079346
        ],
        [
            0.12373422831296921,
            -0.8089553117752075,
            -0.04421069845557213
        ],
        [
            0.13315270841121674,
            -0.8164726495742798,
            -0.028366953134536743
        ],
        [
            0.13714490830898285,
            -1.0157060623168945,
            -0.023064859211444855
        ],
        [
            0.12971454858779907,
            -1.0156641006469727,
            -0.05537566542625427
        ],
        [
            0.16055116057395935,
            -0.9402499198913574,
            0.008351199328899384
        ],
        [
            0.16331829130649567,
            -0.9575117826461792,
            -0.001832135021686554
        ],
        [
            0.16500736773014069,
            -0.9435263872146606,
            -0.01703798770904541
        ],
        [
            0.16291669011116028,
            -0.9292187690734863,
            -0.005673684179782867
        ],
        [
            0.15349608659744263,
