{
    "pred_cam": [
        1.1871267557144165,
        -0.004313720390200615,
        0.23089013993740082
    ],
    "pred_smpl_params": {
        "global_orient": [
            [
                [
                    0.9863932728767395,
                    0.0502820685505867,
                    0.1565249115228653
                ],
                [
                    0.05781698226928711,
                    -0.9973588585853577,
                    -0.04396117851138115
                ],
                [
                    0.15390104055404663,
                    0.05241280794143677,
                    -0.9866952300071716
                ]
            ]
        ],
        "body_pose": [
            [
                [
                    0.9963542819023132,
                    -0.08453455567359924,
                    -0.011491727083921432
                ],
                [
                    0.08412721753120422,
                    0.9511896967887878,
                    0.29691872000694275
                ],
                [
                    -0.014169080182909966,
                    -0.29680299758911133,
                    0.9548335671424866
                ]
            ],
            [
                [
                    0.996145486831665,
                    0.08492370694875717,
                    -0.02195812202990055
                ],
                [
                    -0.07754787802696228,
                    0.9696171283721924,
                    0.2320106029510498
                ],
                [
                    0.040994174778461456,
                    -0.22941350936889648,
                    0.9724653959274292
                ]
            ],
            [
                [
                    0.9992926120758057,
                    0.026372946798801422,
                    0.02681014873087406
                ],
                [
                    -0.020904427394270897,
                    0.9821451306343079,
                    -0.18695984780788422
                ],
                [
                    -0.03126213699579239,
                    0.18626712262630463,
                    0.9820016622543335
                ]
            ],
            [
                [
                    0.9908000826835632,
                    0.04025586321949959,
                    -0.12920783460140228
                ],
                [
                    -0.1327739953994751,
                    0.4739544689655304,
                    -0.8704816102981567
                ],
                [
                    0.02619664929807186,
                    0.8796287178993225,
                    0.4749390482902527
                ]
            ],
            [
                [
                    0.9838207960128784,
                    -0.11540226638317108,
                    0.13703590631484985
                ],
                [
                    0.17914898693561554,
                    0.6274229288101196,
                    -0.7577902674674988
                ],
                [
                    0.0014712563715875149,
                    0.7700797319412231,
                    0.6379459500312805
                ]
            ],
            [
                [
                    0.9991135597229004,
                    -0.021875962615013123,
                    0.03596581891179085
                ],
                [
                    0.019828690215945244,
                    0.9982155561447144,
                    0.0563260018825531
                ],
                [
                    -0.03713382035493851,
                    -0.05556291714310646,
                    0.9977644681930542
                ]
            ],
            [
                [
                    0.9832791090011597,
                    0.020868638530373573,
                    0.18090520799160004
                ],
                [
                    -0.045798033475875854,
                    0.9898214340209961,
                    0.13474468886852264
                ],
                [
                    -0.17625190317630768,
                    -0.14077673852443695,
                    0.9742264747619629
                ]
            ],
            [
                [
                    0.9846041798591614,
                    -0.016969365999102592,
                    -0.17397306859493256
                ],
                [
                    0.030178377404808998,
                    0.9968338012695312,
                    0.07356380671262741
                ],
                [
                    0.17217391729354858,
                    -0.07768145948648453,
                    0.981998860836029
                ]
            ],
            [
                [
                    0.9996007084846497,
                    -0.016232769936323166,
                    0.023126592859625816
                ],
                [
                    0.017923014238476753,
                    0.9970329403877258,
                    -0.07486017048358917
                ],
                [
                    -0.02184278890490532,
                    0.07524478435516357,
                    0.9969257712364197
                ]
            ],
            [
                [
                    0.9912512898445129,
                    -0.12431878596544266,
                    -0.04433765262365341
                ],
                [
                    0.1304478645324707,
                    0.973928689956665,
                    0.18559713661670685
                ],
                [
                    0.020108496770262718,
                    -0.18975712358951569,
                    0.9816251993179321
                ]
            ],
            [
                [
                    0.9894524812698364,
                    0.14438101649284363,
                    -0.011743664741516113
                ],
                [
                    -0.1393127292394638,
                    0.9706602692604065,
                    0.1959863007068634
                ],
                [
                    0.03969581052660942,
                    -0.19228309392929077,
                    0.9805363416671753
                ]
            ],
            [
                [
                    0.981715738773346,
                    0.012937486171722412,
                    -0.18991266191005707
                ],
                [
                    0.020847275853157043,
                    0.9843787550926208,
                    0.1748250126838684
                ],
                [
                    0.1892077922821045,
                    -0.17558762431144714,
                    0.9661104083061218
                ]
            ],
            [
                [
                    0.8707670569419861,
                    0.49134746193885803,
                    0.018503546714782715
                ],
                [
                    -0.489990234375,
                    0.8702637553215027,
                    -0.05050375685095787
                ],
                [
                    -0.04091785475611687,
                    0.034910451620817184,
                    0.9985524415969849
                ]
            ],
            [
                [
                    0.8787351846694946,
                    -0.4765523076057434,
                    0.026879657059907913
                ],
                [
                    0.47730571031570435,
                    0.8775660395622253,
                    -0.04535558447241783
                ],
                [
                    -0.001974365208297968,
                    0.05268535390496254,
                    0.9986093044281006
                ]
            ],
            [
                [
                    0.988787829875946,
                    -0.057213194668293,
                    -0.13793163001537323
                ],
                [
                    0.030208434909582138,
                    0.9812312126159668,
                    -0.19045396149158478
                ],
                [
                    0.14623931050300598,
                    0.18415187299251556,
                    0.971957802772522
                ]
            ],
            [
                [
                    0.5031183362007141,
                    0.8231167197227478,
                    -0.263345330953598
                ],
                [
                    -0.8592930436134338,
                    0.5089440941810608,
                    -0.05090511217713356
                ],
                [
                    0.09212721884250641,
                    0.25190210342407227,
                    0.9633575677871704
                ]
            ],
            [
                [
                    0.5689987540245056,
                    -0.796726644039154,
                    0.20363472402095795
                ],
                [
                    0.819172739982605,
                    0.5708622336387634,
                    -0.05542859062552452
                ],
                [
                    -0.07208593189716339,
                    0.19835083186626434,
                    0.9774766564369202
                ]
            ],
            [
                [
                    0.8952052593231201,
                    -0.14182403683662415,
                    -0.4224849045276642
                ],
                [
                    0.09560553729534149,
                    0.9870556592941284,
                    -0.12876591086387634
                ],
                [
                    0.4352782368659973,
                    0.07488002628087997,
                    0.8971765637397766
                ]
            ],
            [
                [
                    0.936032235622406,
                    0.09125327318906784,
                    0.3398772180080414
                ],
                [
                    -0.052068717777729034,
                    0.9910776615142822,
                    -0.12269458174705505
                ],
                [
                    -0.34804099798202515,
                    0.09714911133050919,
                    0.9324320554733276
                ]
            ],
            [
                [
                    0.996921718120575,
                    0.060399532318115234,
                    0.049990031868219376
                ],
                [
                    -0.05937774106860161,
                    0.9980001449584961,
                    -0.02168009988963604
                ],
                [
                    -0.051199525594711304,
                    0.018645068630576134,
                    0.9985144138336182
                ]
            ],
            [
                [
                    0.9959670305252075,
                    -0.05401449650526047,
                    -0.07163902372121811
                ],
                [
                    0.04767107591032982,
                    0.9950250387191772,
                    -0.0874796211719513
                ],
                [
                    0.07600779086351395,
                    0.08371170610189438,
                    0.993587076663971
                ]
            ],
            [
                [
                    0.9667521119117737,
                    0.23139841854572296,
                    -0.10883552581071854
                ],
                [
                    -0.21494698524475098,
                    0.9659025073051453,
                    0.14432643353939056
                ],
                [
                    0.13852141797542572,
                    -0.11613400280475616,
                    0.9835267066955566
                ]
            ],
            [
                [
                    0.9710284471511841,
                    -0.22778283059597015,
                    0.07224118709564209
                ],
                [
                    0.21096475422382355,
                    0.9591348767280579,
                    0.18855823576450348
                ],
                [
                    -0.11223936080932617,
                    -0.16785505414009094,
                    0.9794014096260071
                ]
            ]
        ],
        "betas": [
            0.032621607184410095,
            0.2539198398590088,
            0.22356852889060974,
            1.1612027883529663,
            -0.014063537120819092,
            0.040596816688776016,
            -0.10523590445518494,
            0.03223857283592224,
            0.1359691321849823,
            -0.09620633721351624
        ]
    },
    "pred_cam_t": [
        -0.004313720390200615,
        0.23089013993740082,
        32.90507888793945
    ],
    "focal_length": [
        5000.0,
        5000.0
    ],
    "pred_keypoints_3d": [
        [
            0.03038516826927662,
            -0.8707696199417114,
            -0.1496565341949463
        ],
        [
            0.03243149444460869,
            -0.7553767561912537,
            0.011042878031730652
        ],
        [
            -0.15202565491199493,
            -0.6483361124992371,
            -0.00884568877518177
        ],
        [
            -0.19334234297275543,
            -0.40452659130096436,
            0.039724886417388916
        ],
        [
            -0.21511158347129822,
            -0.1580629199743271,
            -0.018054138869047165
        ],
        [
            0.19418978691101074,
            -0.6385818719863892,
            0.07591695338487625
        ],
        [
            0.16997364163398743,
            -0.38669610023498535,
            0.13232479989528656
        ],
        [
            0.1909155249595642,
            -0.15187968313694,
            0.05266591161489487
        ],
        [
            -0.0028296918608248234,
            -0.23425722122192383,
            0.024772077798843384
        ],
        [
            -0.07105875760316849,
            -0.1479804366827011,
            0.015950851142406464
        ],
        [
            -0.1463836282491684,
            0.20919887721538544,
            -0.09223446995019913
        ],
        [
            -0.15815788507461548,
            0.5095106363296509,
            0.16413414478302002
        ],
        [
            0.05570421367883682,
            -0.1391783505678177,
            0.03783668950200081
        ],
        [
            0.12117718160152435,
            0.20850808918476105,
            -0.07734556496143341
        ],
        [
            0.052725836634635925,
            0.47177231311798096,
            0.2088610976934433
        ],
        [
            0.0007718577980995178,
            -0.9114576578140259,
            -0.1117854118347168
        ],
        [
            0.06671342253684998,
            -0.9118404984474182,
            -0.12062951922416687
        ],
        [
            -0.02863982319831848,
            -0.896790623664856,
            -0.013189215213060379
        ],
        [
            0.11764822900295258,
            -0.8970962762832642,
            -0.03172535076737404
        ],
        [
            0.07824373245239258,
            0.6192751526832581,
            0.07876989245414734
        ],
        [
            0.13510748744010925,
            0.6009244918823242,
            0.13871726393699646
        ],
        [
            0.04601588845252991,
            0.4658666253089905,
            0.2786930799484253
        ],
        [
            -0.1502232551574707,
            0.6457709074020386,
            0.01719912886619568
        ],
        [
            -0.22353002429008484,
            0.6248124837875366,
            0.061034172773361206
        ],
        [
            -0.16727811098098755,
            0.518365204334259,
            0.235836923122406
        ],
        [
            -0.17966026067733765,
            0.4535621106624603,
            0.15703101456165314
        ],
        [
            -0.1360740065574646,
            0.14935459196567535,
            -0.08860590308904648
        ],
        [
            -0.14013245701789856,
            -0.27652812004089355,
            0.016844678670167923
        ],
        [
            0.13127723336219788,
            -0.24411766231060028,
            0.07240292429924011
        ],
        [
            0.1294066458940506,
            0.17187006771564484,
            -0.07317943125963211
        ],
        [
            0.06345631927251816,
            0.4299258589744568,
            0.2086494266986847
        ],
        [
            -0.19746989011764526,
            -0.18020755052566528,
            -0.04028410464525223
        ],
        [
            -0.21513377130031586,
            -0.42144253849983215,
            0.011601363308727741
        ],
        [
            -0.1167631596326828,
            -0.6855393052101135,
            -0.0019030115799978375
        ],
        [
            0.1656118631362915,
            -0.6765719652175903,
            0.06801408529281616
        ],
        [
            0.212754026055336,
            -0.40411800146102905,
            0.10985277593135834
        ],
        [
            0.19897103309631348,
            -0.16881686449050903,
            0.04449405521154404
        ],
        [
            0.034138020128011703,
            -0.73923259973526,
            0.013490388169884682
        ],
        [
            0.045915424823760986,
            -0.9502719044685364,
            -0.03994547575712204
        ],
        [
            -0.0040452368557453156,
            -0.2602233290672302,
            0.04434380307793617
        ],
        [
            0.02427762933075428,
            -0.6799150705337524,
            0.029358195140957832
        ],
        [
            0.01410757191479206,
            -0.5091018676757812,
            0.047553300857543945
        ],
        [
            0.04626455157995224,
            -0.8421606421470642,
            -0.07438341528177261
        ],
        [
            0.04159723222255707,
            -0.9692249894142151,
            -0.030250750482082367
        ]
    ],
    "pred_vertices": [
        [
            0.07833006978034973,
            -0.957169771194458,
            -0.1219300776720047
        ],
        [
            0.0718422383069992,
            -0.9431881308555603,
            -0.12782156467437744
        ],
        [
            0.08372136950492859,
            -0.9395819902420044,
            -0.12055206298828125
        ],
        [
            0.09046000242233276,
            -0.9501579999923706,
            -0.11149473488330841
        ],
        [
            0.07916868478059769,
            -0.9308739900588989,
            -0.12565642595291138
        ],
        [
            0.06842344254255295,
            -0.9323020577430725,
            -0.13132837414741516
        ],
        [
            0.09170901775360107,
            -0.9335561990737915,
            -0.11082909256219864
        ],
        [
            0.09798970073461533,
            -0.9401174783706665,
            -0.10099121183156967
        ],
        [
            0.09832246601581573,
            -0.898100733757019,
            -0.1004670113325119
        ],
        [
            0.10327233374118805,
            -0.8932105898857117,
            -0.09147438406944275
        ],
        [
            0.10344131290912628,
            -0.9051969647407532,
            -0.09303736686706543
        ],
        [
            0.09728565812110901,
            -0.9068320989608765,
            -0.1011936143040657
        ],
        [
            0.09780021011829376,
            -0.8717446327209473,
            -0.09705150872468948
        ],
        [
            0.09073567390441895,
            -0.8627759218215942,
            -0.10466846078634262
        ],
        [
            0.09431084990501404,
            -0.853374719619751,
            -0.09547927975654602
        ],
        [
            0.10033438354730606,
            -0.8619850873947144,
            -0.08694952726364136
        ],
        [
            0.05587107688188553,
            -0.8777173161506653,
            -0.1245703175663948
        ],
        [
            0.06154673546552658,
            -0.8709970712661743,
            -0.12409412860870361
        ],
        [
            0.06530585139989853,
            -0.8776552677154541,
            -0.12340892851352692
        ],
        [
            0.05899565666913986,
            -0.8835490345954895,
            -0.12358821928501129
        ],
        [
            0.046108461916446686,
            -0.8876053094863892,
            -0.13003940880298615
        ],
        [
            0.04742615297436714,
            -0.8929872512817383,
            -0.1265544444322586
        ],
        [
            0.04226993769407272,
            -0.8970791101455688,
            -0.1313621997833252
        ],
        [
            0.04168035835027695,
            -0.8909150958061218,
            -0.13603514432907104
        ],
        [
            0.05056014657020569,
            -0.8724595308303833,
            -0.12452077865600586
        ],
        [
            0.05676507577300072,
            -0.8654130697250366,
            -0.12382563203573227
        ],
        [
            0.050943490117788315,
            -0.8835930824279785,
            -0.1257406324148178
        ],
        [
            0.04897582530975342,
            -0.8789784908294678,
            -0.1281285136938095
        ],
        [
            0.04517035186290741,
            -0.873153567314148,
            -0.13874834775924683
        ],
        [
            0.04674062505364418,
            -0.8778319954872131,
            -0.13727405667304993
        ],
        [
            0.04269810765981674,
            -0.8791021108627319,
            -0.14403480291366577
        ],
        [
            0.04154221713542938,
            -0.8735855221748352,
            -0.14329791069030762
        ],
        [
            0.04867066442966461,
            -0.8721935749053955,
            -0.12946031987667084
        ],
        [
            0.04893000051379204,
            -0.8752241134643555,
            -0.13240724802017212
        ],
        [
            0.046392571181058884,
            -0.871512234210968,
            -0.13464684784412384
        ],
        [
            0.045342668890953064,
            -0.8692784309387207,
            -0.13122794032096863
        ],
        [
            0.04526791349053383,
            -0.8834229707717896,
            -0.13323622941970825
        ],
        [
            0.041733093559741974,
            -0.8854916095733643,
            -0.14009733498096466
        ],
        [
            0.03725293278694153,
            -0.8871694803237915,
            -0.14703702926635742
        ],
        [
            0.037923045456409454,
            -0.8787164092063904,
            -0.15065300464630127
        ],
        [
            0.07323014736175537,
            -0.8569252490997314,
            -0.11867187917232513
        ],
        [
            0.06762662529945374,
            -0.8641988039016724,
            -0.12252849340438843
        ],
        [
            0.06282783299684525,
            -0.8590736985206604,
            -0.12271377444267273
        ],
        [
            0.0679587721824646,
            -0.8533040285110474,
            -0.12026295065879822
        ],
        [
            0.04696306586265564,
            -0.8658633828163147,
            -0.12781664729118347
        ],
        [
            0.05099381506443024,
            -0.8493858575820923,
            -0.12846015393733978
        ],
        [
            0.051215626299381256,
            -0.8533650636672974,
            -0.12882208824157715
        ],
        [
            0.044872771948575974,
            -0.8543099164962769,
            -0.13226771354675293
        ],
        [
            0.04531640559434891,
            -0.8505938053131104,
            -0.131808802485466
        ],
        [
            0.07914504408836365,
            -0.8419687747955322,
            -0.11029490828514099
        ],
        [
            0.07333359122276306,
            -0.8409218788146973,
            -0.11471597105264664
        ],
        [
            0.07414861023426056,
            -0.833736002445221,
            -0.11192671954631805
        ],
        [
            0.07959319651126862,
            -0.8333824872970581,
            -0.10618017613887787
        ],
        [
            0.07232014834880829,
            -0.8276320099830627,
            -0.11049028486013412
        ],
        [
            0.07899904996156693,
            -0.8251732587814331,
            -0.10270477831363678
        ],
        [
            0.07036369293928146,
            -0.8107057213783264,
            -0.10220250487327576
        ],
        [
            0.07486361265182495,
            -0.8171204328536987,
            -0.10203476250171661
        ],
        [
            0.06857673823833466,
            -0.8218531012535095,
            -0.1106988787651062
        ],
        [
            0.06318418681621552,
            -0.8166592121124268,
            -0.1135331317782402
        ],
        [
            0.0500326082110405,
            -0.8217805624008179,
            -0.12127760052680969
        ],
        [
            0.04395247995853424,
            -0.8205839395523071,
            -0.12370304763317108
        ],
        [
            0.04916124790906906,
            -0.8082764148712158,
            -0.12185895442962646
        ],
        [
            0.056018486618995667,
            -0.8115253448486328,
            -0.1181793063879013
        ],
        [
            0.051017116755247116,
            -0.8435746431350708,
            -0.12379273772239685
        ],
        [
            0.055118586868047714,
            -0.8436055183410645,
            -0.1212281733751297
        ],
        [
            0.055162329226732254,
            -0.8451739549636841,
            -0.12360142171382904
        ],
        [
            0.050838980823755264,
            -0.8463038206100464,
            -0.1266423761844635
        ],
        [
            0.058857738971710205,
            -0.8432886600494385,
            -0.11959518492221832
        ],
        [
            0.060538116842508316,
            -0.8430497646331787,
            -0.11897329241037369
        ],
        [
            0.06018431484699249,
            -0.8444157838821411,
            -0.12023945152759552
        ],
        [
            0.05859982222318649,
            -0.8441897630691528,
            -0.12028585374355316
        ],
        [
            0.056653112173080444,
            -0.8437936305999756,
            -0.12072135508060455
        ],
        [
            0.05566437542438507,
            -0.841759443283081,
            -0.12101536989212036
        ],
        [
            0.05799981951713562,
            -0.8424307107925415,
            -0.12000221014022827
        ],
        [
            0.05197066068649292,
            -0.8408913612365723,
            -0.12359406799077988
        ],
        [
            0.03901764750480652,
            -0.8385355472564697,
            -0.13053469359874725
        ],
        [
            0.042880166321992874,
            -0.8391360640525818,
            -0.1293095052242279
        ],
        [
            0.04143321141600609,
            -0.843756914138794,
            -0.1283985674381256
        ],
        [
            0.038176678121089935,
            -0.8434821367263794,
            -0.12937653064727783
        ],
        [
            0.05834463983774185,
            -0.8462264537811279,
            -0.12209059298038483
        ],
        [
            0.060900602489709854,
            -0.8479360938072205,
            -0.12180621922016144
        ],
        [
            0.05692388862371445,
            -0.8507293462753296,
            -0.1251295804977417
        ],
        [
            0.0558096244931221,
            -0.8479077816009521,
            -0.12431590259075165
        ],
        [
            0.0635787695646286,
            -0.8499210476875305,
            -0.12174642831087112
        ],
        [
            0.06251583993434906,
            -0.8456124067306519,
            -0.11985545605421066
        ],
        [
            0.06571774929761887,
            -0.8461540937423706,
            -0.11937509477138519
        ],
        [
            0.060051314532756805,
            -0.8411709070205688,
            -0.11888030171394348
        ],
        [
            0.06290487945079803,
            -0.8394418954849243,
            -0.11760424077510834
        ],
        [
            0.06330598145723343,
            -0.8422211408615112,
            -0.11867597699165344
        ],
        [
            0.06092570722103119,
            -0.8360655903816223,
            -0.11778467893600464
        ],
        [
            0.057547952979803085,
            -0.8391929864883423,
            -0.11971298605203629
        ],
        [
            0.053878460079431534,
            -0.8372838497161865,
            -0.12221315503120422
        ],
        [
            0.04907950013875961,
            -0.8356544375419617,
            -0.12535500526428223
        ],
        [
            0.05181466042995453,
            -0.8307039737701416,
            -0.12232059240341187
        ],
        [
            0.05703413486480713,
            -0.8330581188201904,
            -0.11964886635541916
        ],
        [
            0.05901765450835228,
            -0.8545305728912354,
            -0.12442362308502197
        ],
        [
            0.06767082214355469,
            -0.8415271639823914,
            -0.11710210144519806
        ],
        [
            0.07103008031845093,
            -0.8480465412139893,
            -0.11731017380952835
        ],
        [
            0.06775876879692078,
            -0.8365674018859863,
            -0.11585766077041626
        ],
        [
            0.06584443151950836,
            -0.8319312930107117,
            -0.11519402265548706
        ],
        [
            0.061897680163383484,
            -0.8276842832565308,
            -0.11604642868041992
        ],
        [
            0.05611346289515495,
            -0.8244132399559021,
            -0.11861516535282135
        ],
        [
            0.052743688225746155,
            -0.7996626496315002,
            -0.11018086224794388
        ],
        [
            0.06131953001022339,
            -0.8042755722999573,
            -0.10682784020900726
        ],
        [
            0.06633061170578003,
            -0.9252984523773193,
            -0.12804529070854187
        ],
        [
            0.07528439164161682,
            -0.9242433905601501,
            -0.12601755559444427
        ],
        [
            0.07588112354278564,
            -0.9166653156280518,
            -0.12095963954925537
        ],
        [
            0.07763060927391052,
            -0.9192880392074585,
            -0.12095369398593903
        ],
        [
            0.07222504913806915,
            -0.9203259944915771,
            -0.1239762008190155
        ],
        [
            0.07175305485725403,
            -0.9175482988357544,
            -0.12322045862674713
        ],
        [
            0.09057921171188354,
            -0.9092139005661011,
            -0.10662920773029327
        ],
        [
            0.08541591465473175,
            -0.9110521674156189,
            -0.11087803542613983
        ],
        [
            0.08589087426662445,
            -0.9071606397628784,
            -0.10931727290153503
        ],
        [
            0.0922018513083458,
            -0.9024776220321655,
            -0.10586310178041458
        ],
        [
            0.07774262130260468,
            -0.8994124531745911,
            -0.11572661995887756
        ],
        [
            0.08230318874120712,
            -0.9006914496421814,
            -0.11271972954273224
        ],
        [
            0.07835403084754944,
            -0.9074857234954834,
            -0.11539504677057266
        ],
        [
            0.07505626231431961,
            -0.9066076278686523,
            -0.11763592064380646
        ],
        [
            0.07111532241106033,
            -0.9062018394470215,
            -0.11941040307283401
        ],
        [
            0.06683433055877686,
            -0.9062725305557251,
            -0.12029732763767242
        ],
        [
            0.06701938807964325,
            -0.9008811712265015,
            -0.11967193335294724
        ],
        [
            0.07226844131946564,
            -0.8998080492019653,
            -0.11815899610519409
        ],
        [
            0.06554827094078064,
            -0.9216508865356445,
            -0.12487903982400894
        ],
        [
            0.05845998227596283,
            -0.9210342764854431,
            -0.12389606237411499
        ],
        [
            0.059821583330631256,
            -0.917974591255188,
            -0.12337300181388855
        ],
        [
            0.06585563719272614,
            -0.9183914661407471,
            -0.12442336976528168
        ],
        [
            0.049969565123319626,
            -0.9117565155029297,
            -0.11728845536708832
        ],
        [
            0.05115528404712677,
            -0.914248526096344,
            -0.11844445765018463
        ],
        [
            0.047498349100351334,
            -0.9157106876373291,
            -0.11942632496356964
        ],
        [
            0.04661983251571655,
            -0.9111085534095764,
            -0.11849121749401093
        ],
        [
            0.0488811656832695,
            -0.907961905002594,
            -0.11869598925113678
        ],
        [
            0.05119570344686508,
            -0.9099726676940918,
            -0.11784027516841888
        ],
        [
            0.07007059454917908,
            -0.9784205555915833,
            -0.12015019357204437
        ],
        [
            0.06418052315711975,
            -0.9618172645568848,
            -0.1278155893087387
        ],
        [
            0.08612488210201263,
            -0.9712780714035034,
            -0.10897930711507797
        ],
        [
            0.0963200256228447,
            -0.9609538316726685,
            -0.09861965477466583
        ],
        [
            0.10437177121639252,
            -0.9475764036178589,
            -0.08942766487598419
        ],
        [
            0.08666675537824631,
            -0.8463428020477295,
            -0.10366229712963104
        ],
        [
            0.08845597505569458,
            -0.8371449708938599,
            -0.0972675085067749
        ],
        [
            0.09700727462768555,
            -0.8445533514022827,
            -0.08615227043628693
        ],
        [
            0.09554507583379745,
            -0.8338742256164551,
            -0.08038302510976791
        ],
        [
            0.08705174177885056,
            -0.8266000747680664,
            -0.09267385303974152
        ],
        [
            0.07426746934652328,
            -0.808264970779419,
            -0.08811333775520325
        ],
        [
            0.08240716904401779,
            -0.8164021968841553,
            -0.08950737118721008
        ],
        [
            0.09107956290245056,
            -0.8236207962036133,
            -0.0734657347202301
        ],
        [
            0.09941749274730682,
            -0.8361104726791382,
            -0.059144750237464905
        ],
        [
            0.10224515944719315,
            -0.8437220454216003,
            -0.06874187290668488
        ],
        [
            0.10420402884483337,
            -0.8516427874565125,
            -0.046817392110824585
        ],
        [
            0.09548331052064896,
            -0.8286205530166626,
            -0.04563486948609352
        ],
        [
            0.1021166518330574,
            -0.8503777980804443,
            -0.03734651580452919
        ],
        [
            0.08108823001384735,
            -0.7899888753890991,
            -0.04461126774549484
        ],
        [
            0.0834791362285614,
            -0.7774052619934082,
            -0.03821798413991928
        ],
        [
            0.09367021173238754,
            -0.7845903038978577,
            -0.024372080340981483
        ],
        [
            0.09278278052806854,
            -0.7969973087310791,
            -0.031142350286245346
        ],
        [
            0.10258392989635468,
            -0.8524292707443237,
            -0.07729523628950119
        ],
        [
            0.10579510778188705,
            -0.915855348110199,
            -0.08542174100875854
        ],
        [
            0.10075199604034424,
            -0.9157432317733765,
            -0.09644655883312225
        ],
        [
            0.10780519247055054,
            -0.9030237197875977,
            -0.08197793364524841
        ],
        [
            0.11058977991342545,
            -0.9744220972061157,
            -0.068740613758564
        ],
        [
            0.10450223088264465,
            -0.970197319984436,
            -0.08552701026201248
        ],
        [
            0.11125724017620087,
            -0.9546594023704529,
            -0.07871650159358978
        ],
        [
            0.11705541610717773,
            -0.9610356092453003,
            -0.0636596754193306
        ],
        [
            0.08251280337572098,
            -1.0086066722869873,
            -0.07613280415534973
        ],
        [
            0.07813119888305664,
            -0.996293306350708,
            -0.10007693618535995
        ],
        [
            0.09065937995910645,
            -0.9845497608184814,
            -0.09328403323888779
        ],
        [
            0.09604886919260025,
            -0.9941153526306152,
            -0.07412128150463104
        ],
        [
            0.11963274329900742,
            -0.9626678824424744,
            -0.050816044211387634
        ],
        [
            0.12193629145622253,
            -0.9640755653381348,
            -0.03239326551556587
        ],
        [
            0.11913778632879257,
            -0.9807822108268738,
            -0.026324450969696045
        ],
        [
            0.11497718095779419,
            -0.9799328446388245,
            -0.048486437648534775
        ],
        [
            0.10789364576339722,
            -1.00116765499115,
            -0.019117452204227448
        ],
        [
            0.10289207100868225,
            -1.0009129047393799,
            -0.046351902186870575
        ],
        [
            0.10051281750202179,
            -0.8367658257484436,
            -0.024912869557738304
        ],
        [
            0.10263232886791229,
            -0.855134129524231,
            -0.024352621287107468
        ],
        [
            0.09158078581094742,
            -0.8118603229522705,
            -0.03952886909246445
        ],
        [
            0.09894660860300064,
            -0.8195202350616455,
            -0.022924887016415596
        ],
        [
            0.09038614481687546,
            -1.0172789096832275,
            -0.012708567082881927
        ],
        [
            0.08567818999290466,
            -1.018090009689331,
            -0.04537907987833023
        ],
        [
            0.115679532289505,
            -0.9427447319030762,
            0.018438950181007385
        ],
        [
            0.11820526421070099,
            -0.9604341387748718,
            0.00906004011631012
        ],
        [
            0.12213120609521866,
            -0.9472032189369202,
            -0.006431564688682556
        ],
        [
            0.11998278647661209,
            -0.9324522018432617,
            0.004278935492038727
