{
    "pred_cam": [
        1.1851885318756104,
        -0.007717495784163475,
        0.22273284196853638
    ],
    "pred_smpl_params": {
        "global_orient": [
            [
                [
                    0.9904114007949829,
                    0.05560125410556793,
                    0.12646624445915222
                ],
                [
                    0.061770468950271606,
                    -0.9970576167106628,
                    -0.045391663908958435
                ],
                [
                    0.12357031553983688,
                    0.05276830121874809,
                    -0.9909317493438721
                ]
            ]
        ],
        "body_pose": [
            [
                [
                    0.9978073835372925,
                    -0.052480537444353104,
                    -0.04032561182975769
                ],
                [
                    0.06210163235664368,
                    0.9530846476554871,
                    0.2962650954723358
                ],
                [
                    0.02288557030260563,
                    -0.29811978340148926,
                    0.9542540311813354
                ]
            ],
            [
                [
                    0.9973838925361633,
                    0.07163858413696289,
                    -0.009652605280280113
                ],
                [
                    -0.06747446209192276,
                    0.9705621600151062,
                    0.23120619356632233
                ],
                [
                    0.02593173459172249,
                    -0.22995005548000336,
                    0.9728568196296692
                ]
            ],
            [
                [
                    0.9989226460456848,
                    0.02682514302432537,
                    0.037865906953811646
                ],
                [
                    -0.019780654460191727,
                    0.984286367893219,
                    -0.17546820640563965
                ],
                [
                    -0.04197785258293152,
                    0.17453017830848694,
                    0.9837565422058105
                ]
            ],
            [
                [
                    0.9889891147613525,
                    -0.004411814268678427,
                    -0.1479225754737854
                ],
                [
                    -0.12812365591526031,
                    0.4746960699558258,
                    -0.8707743883132935
                ],
                [
                    0.07405997067689896,
                    0.8801387548446655,
                    0.4689039885997772
                ]
            ],
            [
                [
                    0.9845036268234253,
                    -0.10197928547859192,
                    0.1426631510257721
                ],
                [
                    0.1751093864440918,
                    0.6155120730400085,
                    -0.7684279680252075
                ],
                [
                    -0.009447158314287663,
                    0.781501829624176,
                    0.6238313913345337
                ]
            ],
            [
                [
                    0.9987053871154785,
                    -0.018723413348197937,
                    0.04729524999856949
                ],
                [
                    0.016457805410027504,
                    0.9987190365791321,
                    0.047846946865320206
                ],
                [
                    -0.04813053086400032,
                    -0.04700663685798645,
                    0.9977342486381531
                ]
            ],
            [
                [
                    0.9836947917938232,
                    0.01718502677977085,
                    0.1790231317281723
                ],
                [
                    -0.040914129465818405,
                    0.9907070994377136,
                    0.12971340119838715
                ],
                [
                    -0.17513035237789154,
                    -0.13492296636104584,
                    0.9752565026283264
                ]
            ],
            [
                [
                    0.9837558269500732,
                    -0.006998238153755665,
                    -0.17937545478343964
                ],
                [
                    0.019346795976161957,
                    0.9975528717041016,
                    0.06718545407056808
                ],
                [
                    0.178466334939003,
                    -0.06956441700458527,
                    0.9814838171005249
                ]
            ],
            [
                [
                    0.9993647933006287,
                    -0.013546116650104523,
                    0.032960377633571625
                ],
                [
                    0.015846507623791695,
                    0.9973813891410828,
                    -0.0705636665225029
                ],
                [
                    -0.031918205320835114,
                    0.07104115933179855,
                    0.9969624876976013
                ]
            ],
            [
                [
                    0.9915115237236023,
                    -0.11753208190202713,
                    -0.0555972084403038
                ],
                [
                    0.125670924782753,
                    0.9759739637374878,
                    0.17799334228038788
                ],
                [
                    0.03334150090813637,
                    -0.18346941471099854,
                    0.9824597835540771
                ]
            ],
            [
                [
                    0.9915267825126648,
                    0.1298026442527771,
                    -0.0050925444811582565
                ],
                [
                    -0.12632311880588531,
                    0.9726039171218872,
                    0.19515137374401093
                ],
                [
                    0.03028419427573681,
                    -0.19285449385643005,
                    0.9807599186897278
                ]
            ],
            [
                [
                    0.9814234375953674,
                    0.014192408882081509,
                    -0.19132883846759796
                ],
                [
                    0.018852077424526215,
                    0.9852999448776245,
                    0.1697896420955658
                ],
                [
                    0.19092603027820587,
                    -0.17024245858192444,
                    0.966728925704956
                ]
            ],
            [
                [
                    0.8804075121879578,
                    0.47391968965530396,
                    0.016820920631289482
                ],
                [
                    -0.4727082848548889,
                    0.8798803091049194,
                    -0.04855422303080559
                ],
                [
                    -0.037811197340488434,
                    0.034796103835105896,
                    0.998678982257843
                ]
            ],
            [
                [
                    0.8863511681556702,
                    -0.46126729249954224,
                    0.040174636989831924
                ],
                [
                    0.46275511384010315,
                    0.8854140043258667,
                    -0.04358552396297455
                ],
                [
                    -0.015466608107089996,
                    0.05722310394048691,
                    0.9982415437698364
                ]
            ],
            [
                [
                    0.9883683919906616,
                    -0.05785190686583519,
                    -0.14064528048038483
                ],
                [
                    0.03162242844700813,
                    0.9827847480773926,
                    -0.1820279061794281
                ],
                [
                    0.14875470101833344,
                    0.17546308040618896,
                    0.9731827974319458
                ]
            ],
            [
                [
                    0.4974309802055359,
                    0.827501654624939,
                    -0.26039087772369385
                ],
                [
                    -0.863891065120697,
                    0.49988216161727905,
                    -0.06172575429081917
                ],
                [
                    0.07908659428358078,
                    0.25565364956855774,
                    0.9635281562805176
                ]
            ],
            [
                [
                    0.5498189926147461,
                    -0.809332549571991,
                    0.20659098029136658
                ],
                [
                    0.8326260447502136,
                    0.5507563352584839,
                    -0.05832058936357498
                ],
                [
                    -0.06658055633306503,
                    0.2040787935256958,
                    0.9766876101493835
                ]
            ],
            [
                [
                    0.8956089615821838,
                    -0.136060431599617,
                    -0.42352351546287537
                ],
                [
                    0.0799361914396286,
                    0.9858026504516602,
                    -0.1476593166589737
                ],
                [
                    0.4376012086868286,
                    0.09839016199111938,
                    0.8937698602676392
                ]
            ],
            [
                [
                    0.9324017763137817,
                    0.0925455316901207,
                    0.34937408566474915
                ],
                [
                    -0.04069923609495163,
                    0.9873979687690735,
                    -0.15293407440185547
                ],
                [
                    -0.3591246008872986,
                    0.12837673723697662,
                    0.9244181513786316
                ]
            ],
            [
                [
                    0.99744713306427,
                    0.0533333420753479,
                    0.04748377203941345
                ],
                [
                    -0.05239102989435196,
                    0.9984084963798523,
                    -0.020873965695500374
                ],
                [
                    -0.04852147772908211,
                    0.01833295449614525,
                    0.9986538887023926
                ]
            ],
            [
                [
                    0.9965178370475769,
                    -0.04775909334421158,
                    -0.06834699958562851
                ],
                [
                    0.04128354787826538,
                    0.9947903156280518,
                    -0.09320800006389618
                ],
                [
                    0.07244247198104858,
                    0.09006182104349136,
                    0.9932979345321655
                ]
            ],
            [
                [
                    0.9668123126029968,
                    0.23124827444553375,
                    -0.10861942917108536
                ],
                [
                    -0.21474505960941315,
                    0.9658650159835815,
                    0.14487691223621368
                ],
                [
                    0.13841424882411957,
                    -0.116743303835392,
                    0.9834696054458618
                ]
            ],
            [
                [
                    0.9714778661727905,
                    -0.22770026326179504,
                    0.06620567291975021
                ],
                [
                    0.2115362286567688,
                    0.9583315253257751,
                    0.19197148084640503
                ],
                [
                    -0.10715895146131516,
                    -0.1724911779165268,
                    0.979164719581604
                ]
            ]
        ],
        "betas": [
            0.01121377944946289,
            0.1874556988477707,
            0.14153948426246643,
            0.8201274871826172,
            -0.006187260150909424,
            0.059623394161462784,
            -0.08517798781394958,
            -0.014452219009399414,
            0.14085668325424194,
            -0.10220354795455933
        ]
    },
    "pred_cam_t": [
        -0.007717495784163475,
        0.22273284196853638,
        32.958892822265625
    ],
    "focal_length": [
        5000.0,
        5000.0
    ],
    "pred_keypoints_3d": [
        [
            0.03221941739320755,
            -0.8631306886672974,
            -0.14172181487083435
        ],
        [
            0.03417448699474335,
            -0.7481364011764526,
            0.017422934994101524
        ],
        [
            -0.14986105263233185,
            -0.6448144316673279,
            -0.006217239424586296
        ],
        [
            -0.1913336217403412,
            -0.40008455514907837,
            0.041866011917591095
        ],
        [
            -0.20746292173862457,
            -0.15345615148544312,
            -0.018663208931684494
        ],
        [
            0.19562754034996033,
            -0.6328502297401428,
            0.07995951175689697
        ],
        [
            0.17240072786808014,
            -0.38077738881111145,
            0.13842980563640594
        ],
        [
            0.19004297256469727,
            -0.14551164209842682,
            0.05885821580886841
        ],
        [
            -0.0025309803895652294,
            -0.2308996617794037,
            0.025703389197587967
        ],
        [
            -0.07239264994859695,
            -0.14484301209449768,
            0.01832476258277893
        ],
        [
            -0.14747247099876404,
            0.21382659673690796,
            -0.08796395361423492
        ],
        [
            -0.1596367359161377,
            0.5103780031204224,
            0.17479278147220612
        ],
        [
            0.05723176524043083,
            -0.13547936081886292,
            0.03673557564616203
        ],
        [
            0.10574661940336227,
            0.21424591541290283,
            -0.08386145532131195
        ],
        [
            0.06924159824848175,
            0.4788840413093567,
            0.20871911942958832
        ],
        [
            0.003025449812412262,
            -0.9036883115768433,
            -0.10393740236759186
        ],
        [
            0.0689377635717392,
            -0.9036859273910522,
            -0.1127871498465538
        ],
        [
            -0.026146728545427322,
            -0.8886494636535645,
            -0.005626380443572998
        ],
        [
            0.11960853636264801,
            -0.8881694674491882,
            -0.024181552231311798
        ],
        [
            0.078742116689682,
            0.627259373664856,
            0.07778188586235046
        ],
        [
            0.14214098453521729,
            0.6086630821228027,
            0.13016676902770996
        ],
        [
            0.07072057574987411,
            0.4725913405418396,
            0.2788073420524597
        ],
        [
            -0.15428045392036438,
            0.6501295566558838,
            0.03191658854484558
        ],
        [
            -0.2270088642835617,
            0.6276557445526123,
            0.07497292757034302
        ],
        [
            -0.1683737188577652,
            0.517662763595581,
            0.2469169795513153
        ],
        [
            -0.180822491645813,
            0.45442304015159607,
            0.1669013947248459
        ],
        [
            -0.1375090330839157,
            0.15423884987831116,
            -0.08472968637943268
        ],
        [
            -0.14200574159622192,
            -0.2732282876968384,
            0.021314717829227448
        ],
        [
            0.13558506965637207,
            -0.2393682301044464,
            0.06919633597135544
        ],
        [
            0.11502334475517273,
            0.17769911885261536,
            -0.07996199280023575
        ],
        [
            0.08006690442562103,
            0.4368985593318939,
            0.20727621018886566
        ],
        [
            -0.1889224648475647,
            -0.17595461010932922,
            -0.039627183228731155
        ],
        [
            -0.21246030926704407,
            -0.41679853200912476,
            0.01281917653977871
        ],
        [
            -0.11458824574947357,
            -0.6809759736061096,
            0.001909893937408924
        ],
        [
            0.16720114648342133,
            -0.6701803803443909,
            0.07295488566160202
        ],
        [
            0.214835062623024,
            -0.3980032801628113,
            0.11513781547546387
        ],
        [
            0.1979503035545349,
            -0.16246946156024933,
            0.05030304938554764
        ],
        [
            0.036031000316143036,
            -0.733427882194519,
            0.018498307093977928
        ],
        [
            0.04853195697069168,
            -0.9416944980621338,
            -0.031380679458379745
        ],
        [
            -0.002795545617118478,
            -0.2563305199146271,
            0.04520675167441368
        ],
        [
            0.026232654228806496,
            -0.6744999885559082,
            0.03358156606554985
        ],
        [
            0.014728461392223835,
            -0.5031174421310425,
            0.05114591866731644
        ],
        [
            0.04811089485883713,
            -0.8341150879859924,
            -0.06716015934944153
        ],
        [
            0.04435208439826965,
            -0.9605886936187744,
            -0.021600043401122093
        ]
    ],
    "pred_vertices": [
        [
            0.08064323663711548,
            -0.9491927623748779,
            -0.11354883015155792
        ],
        [
            0.07402545213699341,
            -0.9352463483810425,
            -0.11949768662452698
        ],
        [
            0.08589082211256027,
            -0.9315004348754883,
            -0.11233756691217422
        ],
        [
            0.09277346730232239,
            -0.9419810771942139,
            -0.10315513610839844
        ],
        [
            0.08126066625118256,
            -0.9227834939956665,
            -0.1175144836306572
        ],
        [
            0.07055594772100449,
            -0.9243358373641968,
            -0.12317101657390594
        ],
        [
            0.09384270757436752,
            -0.92530757188797,
            -0.10269978642463684
        ],
        [
            0.1002408117055893,
            -0.931820273399353,
            -0.09275674819946289
        ],
        [
            0.10050313174724579,
            -0.8896505832672119,
            -0.09275093674659729
        ],
        [
            0.10539959371089935,
            -0.8846707344055176,
            -0.08379893004894257
        ],
        [
            0.10550440847873688,
            -0.896658182144165,
            -0.08525390923023224
        ],
        [
            0.09934792667627335,
            -0.8983950614929199,
            -0.0934077650308609
        ],
        [
            0.0997859463095665,
            -0.8633022308349609,
            -0.08955036848783493
        ],
        [
            0.09266763925552368,
            -0.8544563055038452,
            -0.09728410840034485
        ],
        [
            0.09611602127552032,
            -0.8449824452400208,
            -0.08809404820203781
        ],
        [
            0.1021624207496643,
            -0.8534489274024963,
            -0.07946836948394775
        ],
        [
            0.05791006237268448,
            -0.8697031736373901,
            -0.11698020994663239
        ],
        [
            0.06352269649505615,
            -0.8629777431488037,
            -0.11658042669296265
        ],
        [
            0.06735815107822418,
            -0.8695927858352661,
            -0.11588931083679199
        ],
        [
            0.06109057739377022,
            -0.8755118250846863,
            -0.11598987877368927
        ],
        [
            0.048111699521541595,
            -0.8796477317810059,
            -0.12224990129470825
        ],
        [
            0.04947414994239807,
            -0.8850106000900269,
            -0.118775874376297
        ],
        [
            0.04429708793759346,
            -0.8891502618789673,
            -0.123443104326725
        ],
        [
            0.043657802045345306,
            -0.8830263018608093,
            -0.12810467183589935
        ],
        [
            0.05254798382520676,
            -0.8644898533821106,
            -0.11687132716178894
        ],
        [
            0.05867333710193634,
            -0.8574627637863159,
            -0.11623178422451019
        ],
        [
            0.05303121730685234,
            -0.8755847215652466,
            -0.11806610226631165
        ],
        [
            0.05093586444854736,
            -0.8709970712661743,
            -0.12041765451431274
        ],
        [
            0.04702442139387131,
            -0.8652951717376709,
            -0.13090044260025024
        ],
        [
            0.04864277318120003,
            -0.8699399828910828,
            -0.1294178068637848
        ],
        [
            0.044566988945007324,
            -0.8712957501411438,
            -0.13609397411346436
        ],
        [
            0.04339011013507843,
            -0.8657855987548828,
            -0.1354040503501892
        ],
        [
            0.050539206713438034,
            -0.8642539978027344,
            -0.1217334121465683
        ],
        [
            0.050807885825634,
            -0.867275595664978,
            -0.12462840974330902
        ],
        [
            0.048226311802864075,
            -0.8636153936386108,
            -0.1268576979637146
        ],
        [
            0.04717564955353737,
            -0.8613762259483337,
            -0.12346860766410828
        ],
        [
            0.047209739685058594,
            -0.8754868507385254,
            -0.1254010796546936
        ],
        [
            0.0436549112200737,
            -0.8776327967643738,
            -0.13215449452400208
        ],
        [
            0.03915417939424515,
            -0.8793940544128418,
            -0.13898083567619324
        ],
        [
            0.03977002948522568,
            -0.8710154294967651,
            -0.1426466703414917
        ],
        [
            0.07507152110338211,
            -0.8488671183586121,
            -0.11126084625720978
        ],
        [
            0.06954555958509445,
            -0.8561532497406006,
            -0.11507229506969452
        ],
        [
            0.06466152518987656,
            -0.8511145710945129,
            -0.1151718720793724
        ],
        [
            0.0697261244058609,
            -0.8453381061553955,
            -0.11275123059749603
        ],
        [
            0.04877258837223053,
            -0.8579800128936768,
            -0.1201149970293045
        ],
        [
            0.0526568740606308,
            -0.8416218757629395,
            -0.12087633460760117
        ],
        [
            0.05290013551712036,
            -0.8455615043640137,
            -0.12118619680404663
        ],
        [
            0.04654688015580177,
            -0.8465792536735535,
            -0.12459784746170044
        ],
        [
            0.046982504427433014,
            -0.8428945541381836,
            -0.12420469522476196
        ],
        [
            0.08083339035511017,
            -0.8339194059371948,
            -0.10292456299066544
        ],
        [
            0.07495367527008057,
            -0.8329708576202393,
            -0.10725517570972443
        ],
        [
            0.07569761574268341,
            -0.8258191347122192,
            -0.104529470205307
        ],
        [
            0.08118914067745209,
            -0.8253651261329651,
            -0.09886953979730606
        ],
        [
            0.07379651069641113,
            -0.8197974562644958,
            -0.10312887281179428
        ],
        [
            0.0804852843284607,
            -0.81721031665802,
            -0.09542034566402435
        ],
        [
            0.07176535576581955,
            -0.8029148578643799,
            -0.09495249390602112
        ],
        [
            0.07631127536296844,
            -0.8092418909072876,
            -0.09479939937591553
        ],
        [
            0.07002223283052444,
            -0.8140974044799805,
            -0.10335735976696014
        ],
        [
            0.06459440290927887,
            -0.8090068101882935,
            -0.10619275271892548
        ],
        [
            0.05153752118349075,
            -0.8141968250274658,
            -0.11393508315086365
        ],
        [
            0.045472726225852966,
            -0.8130524158477783,
            -0.11631196737289429
        ],
        [
            0.05054125934839249,
            -0.800769567489624,
            -0.11452482640743256
        ],
        [
            0.05738727003335953,
            -0.8039683103561401,
            -0.11083128303289413
        ],
        [
            0.05273767560720444,
            -0.835811972618103,
            -0.11629772931337357
        ],
        [
            0.05683359503746033,
            -0.8358020782470703,
            -0.11373977363109589
        ],
        [
            0.056887850165367126,
            -0.8373713493347168,
            -0.11608374118804932
        ],
        [
            0.05257714167237282,
            -0.8385469913482666,
            -0.11911242455244064
        ],
        [
            0.06054236739873886,
            -0.8354618549346924,
            -0.1121065765619278
        ],
        [
            0.0622088722884655,
            -0.8352000713348389,
            -0.11148485541343689
        ],
        [
            0.06187716871500015,
            -0.83655846118927,
            -0.11273235082626343
        ],
        [
            0.0603046715259552,
            -0.8363431692123413,
            -0.11278878152370453
        ],
        [
            0.05835616961121559,
            -0.8359769582748413,
            -0.11323565989732742
        ],
        [
            0.05735570937395096,
            -0.833983302116394,
            -0.11355139315128326
        ],
        [
            0.059677839279174805,
            -0.8346318602561951,
            -0.11252591013908386
        ],
        [
            0.05365464463829994,
            -0.8331786394119263,
            -0.11612462252378464
        ],
        [
            0.04063314199447632,
            -0.8309180736541748,
            -0.12307111918926239
        ],
        [
            0.044567450881004333,
            -0.8315035700798035,
            -0.12184272706508636
        ],
        [
            0.043166156858205795,
            -0.8360651731491089,
            -0.12089481949806213
        ],
        [
            0.039823777973651886,
            -0.8358232975006104,
            -0.12187850475311279
        ],
        [
            0.059993959963321686,
            -0.8383715152740479,
            -0.11456403136253357
        ],
        [
            0.06261623650789261,
            -0.8400532007217407,
            -0.11423235386610031
        ],
        [
            0.05866585671901703,
            -0.8428841829299927,
            -0.11750714480876923
        ],
        [
            0.057546015828847885,
            -0.840084433555603,
            -0.11674219369888306
        ],
        [
            0.0653063952922821,
            -0.8420028686523438,
            -0.11419154703617096
        ],
        [
            0.06419920921325684,
            -0.8377278447151184,
            -0.11232811957597733
        ],
        [
            0.06733067333698273,
            -0.8382447957992554,
            -0.11186293512582779
        ],
        [
            0.06170912832021713,
            -0.8333581686019897,
            -0.11141560971736908
        ],
        [
            0.06452226638793945,
            -0.8316075801849365,
            -0.11014288663864136
        ],
        [
            0.06495100259780884,
            -0.8343552947044373,
            -0.11119149625301361
        ],
        [
            0.06252875924110413,
            -0.8282924890518188,
            -0.1103639081120491
        ],
        [
            0.05920391529798508,
            -0.8314361572265625,
            -0.11227753758430481
        ],
        [
            0.05552688241004944,
            -0.8296025395393372,
            -0.11478563398122787
        ],
        [
            0.05072372406721115,
            -0.8280332088470459,
            -0.11794863641262054
        ],
        [
            0.0534152090549469,
            -0.8230767250061035,
            -0.11497116088867188
        ],
        [
            0.058640725910663605,
            -0.8253543972969055,
            -0.11227194964885712
        ],
        [
            0.06072390824556351,
            -0.8466281890869141,
            -0.11681528389453888
        ],
        [
            0.0692930668592453,
            -0.8336327075958252,
            -0.10960434377193451
        ],
        [
            0.072730153799057,
            -0.840085506439209,
            -0.10980527848005295
        ],
        [
            0.06932614743709564,
            -0.8287085890769958,
            -0.10840228199958801
        ],
        [
            0.06737364828586578,
            -0.8241320848464966,
            -0.10779334604740143
        ],
        [
            0.06342217326164246,
            -0.8199761509895325,
            -0.10866840183734894
        ],
        [
            0.05763232707977295,
            -0.8167749643325806,
            -0.11129137128591537
        ],
        [
            0.05410303175449371,
            -0.7920448184013367,
            -0.1029847040772438
        ],
        [
            0.06270615011453629,
            -0.7965972423553467,
            -0.0995887964963913
        ],
        [
            0.06850782036781311,
            -0.9172486066818237,
            -0.1200566366314888
        ],
        [
            0.07742609828710556,
            -0.9161103963851929,
            -0.11806134134531021
        ],
        [
            0.07804739475250244,
            -0.9084738492965698,
            -0.11307546496391296
        ],
        [
            0.07989390194416046,
            -0.9110862016677856,
            -0.11303122341632843
        ],
        [
            0.07438495755195618,
            -0.9121841192245483,
            -0.11604250967502594
        ],
        [
            0.07392609119415283,
            -0.9094008803367615,
            -0.11531186103820801
        ],
        [
            0.09268322587013245,
            -0.9008283615112305,
            -0.09883537888526917
        ],
        [
            0.08754007518291473,
            -0.902725100517273,
            -0.10308443009853363
        ],
        [
            0.08800137042999268,
            -0.8988321423530579,
            -0.10156802833080292
        ],
        [
            0.09430176764726639,
            -0.8940962553024292,
            -0.09815642237663269
        ],
        [
            0.07980898022651672,
            -0.8912339210510254,
            -0.10803191363811493
        ],
        [
            0.08437545597553253,
            -0.8924498558044434,
            -0.1050344705581665
        ],
        [
            0.08046074211597443,
            -0.8992780447006226,
            -0.10761144012212753
        ],
        [
            0.07716648280620575,
            -0.8984339237213135,
            -0.10986112058162689
        ],
        [
            0.0732254683971405,
            -0.8980563879013062,
            -0.11163769662380219
        ],
        [
            0.06894315034151077,
            -0.8981494307518005,
            -0.11251021176576614
        ],
        [
            0.06909158825874329,
            -0.8927575349807739,
            -0.11194388568401337
        ],
        [
            0.0743321105837822,
            -0.8916642665863037,
            -0.11046123504638672
        ],
        [
            0.06773732602596283,
            -0.9135334491729736,
            -0.11693716794252396
        ],
        [
            0.06063287705183029,
            -0.9129273891448975,
            -0.11595578491687775
        ],
        [
            0.06196317449212074,
            -0.9098601937294006,
            -0.11547772586345673
        ],
        [
            0.06802607327699661,
            -0.9102591872215271,
            -0.11654621362686157
        ],
        [
            0.05210437625646591,
            -0.9036144018173218,
            -0.10944820940494537
        ],
        [
            0.053294576704502106,
            -0.9061089754104614,
            -0.11060069501399994
        ],
        [
            0.049674808979034424,
            -0.9075900316238403,
            -0.11157231032848358
        ],
        [
            0.0487661249935627,
            -0.9030072689056396,
            -0.11064168810844421
        ],
        [
            0.05098789185285568,
            -0.8998640179634094,
            -0.11085513979196548
        ],
        [
            0.05331616848707199,
            -0.9018380641937256,
            -0.1099933534860611
        ],
        [
            0.07265742868185043,
            -0.9705328345298767,
            -0.1114489808678627
        ],
        [
            0.0665070191025734,
            -0.9539741277694702,
            -0.11949453502893448
        ],
        [
            0.08859957009553909,
            -0.9631659984588623,
            -0.10048620402812958
        ],
        [
            0.0988372191786766,
            -0.9526274800300598,
            -0.09022911638021469
        ],
        [
            0.10674324631690979,
            -0.9390466213226318,
            -0.08114488422870636
        ],
        [
            0.08840875327587128,
            -0.8381410837173462,
            -0.09629622101783752
        ],
        [
            0.09012371301651001,
            -0.8289320468902588,
            -0.08997876942157745
        ],
        [
            0.09870775043964386,
            -0.8361026048660278,
            -0.07879259437322617
        ],
        [
            0.09713508188724518,
            -0.825509786605835,
            -0.07310979813337326
        ],
        [
            0.08862698078155518,
            -0.8184497952461243,
            -0.08544266223907471
        ],
        [
            0.07575458288192749,
            -0.8002599477767944,
            -0.0809306651353836
        ],
        [
            0.08392011374235153,
            -0.8083093166351318,
            -0.08233126997947693
        ],
        [
            0.09257926046848297,
            -0.8153636455535889,
            -0.06629353016614914
        ],
        [
            0.10094745457172394,
            -0.8276151418685913,
            -0.05191671848297119
        ],
        [
            0.10376611351966858,
            -0.8351469039916992,
            -0.06137536093592644
        ],
        [
            0.10588215291500092,
            -0.842982292175293,
            -0.039619896560907364
        ],
        [
            0.09694564342498779,
            -0.8201587200164795,
            -0.038584038615226746
        ],
        [
            0.10379095375537872,
            -0.841735303401947,
            -0.030286679044365883
        ],
        [
            0.08245536684989929,
            -0.782101035118103,
            -0.0379830077290535
        ],
        [
            0.08476587384939194,
            -0.7697149515151978,
            -0.03182689845561981
        ],
        [
            0.09491154551506042,
            -0.7766937017440796,
            -0.01808508113026619
        ],
        [
            0.09411142021417618,
            -0.7889220714569092,
            -0.024603838101029396
        ],
        [
            0.10429258644580841,
            -0.8438218832015991,
            -0.06984340399503708
        ],
        [
            0.10792533308267593,
            -0.907356858253479,
            -0.0774577334523201
        ],
        [
            0.10281819850206375,
            -0.9073159694671631,
            -0.08849824965000153
        ],
        [
            0.10984515398740768,
            -0.8944177627563477,
            -0.07418978214263916
        ],
        [
            0.11323725432157516,
            -0.9658671617507935,
            -0.060004252940416336
        ],
        [
            0.10710381716489792,
            -0.9617462158203125,
            -0.07684598118066788
        ],
        [
            0.11363805830478668,
            -0.9460581541061401,
            -0.07025665044784546
        ],
        [
            0.11946053802967072,
            -0.9522851705551147,
            -0.055122263729572296
        ],
        [
            0.0854942798614502,
            -1.0004087686538696,
            -0.06692883372306824
        ],
        [
            0.08093160390853882,
            -0.9883142113685608,
            -0.09116092324256897
        ],
        [
            0.09337882697582245,
            -0.9763400554656982,
            -0.084478959441185
        ],
        [
            0.09889993071556091,
            -0.9857720732688904,
            -0.06510722637176514
        ],
        [
            0.12223143130540848,
            -0.953782320022583,
            -0.04220239073038101
        ],
        [
            0.12455816566944122,
            -0.954971194267273,
            -0.023752104490995407
        ],
        [
            0.12179730087518692,
            -0.9714419841766357,
            -0.01727575808763504
        ],
        [
            0.11761099845170975,
            -0.9711272120475769,
            -0.03949209675192833
        ],
        [
            0.11058050394058228,
            -0.9916952848434448,
            -0.009818531572818756
        ],
        [
            0.10576719045639038,
            -0.9919636249542236,
            -0.037061892449855804
        ],
        [
            0.1021224707365036,
            -0.8280996084213257,
            -0.018047578632831573
        ],
        [
            0.10441014915704727,
            -0.8464405536651611,
            -0.017346490174531937
        ],
        [
            0.09302157163619995,
            -0.8036141991615295,
            -0.03273279592394829
        ],
        [
            0.10040351748466492,
            -0.8111141920089722,
            -0.016235778108239174
        ],
        [
            0.09317043423652649,
            -1.0074752569198608,
            -0.003299340605735779
        ],
        [
            0.08868202567100525,
            -1.0090938806533813,
            -0.03581685945391655
        ],
        [
            0.11802908778190613,
            -0.9331916570663452,
            0.026526734232902527
        ],
        [
            0.12064516544342041,
            -0.9509096145629883,
            0.01755683124065399
        ],
        [
            0.12464135140180588,
            -0.9378840327262878,
            0.001863047480583191
        ],
        [
            0.12235017865896225,
            -0.9230973720550537,
            0.012236453592777252
        ],
        [
