{
    "pred_cam": [
        1.4228909015655518,
        0.14778639376163483,
        0.28645333647727966
    ],
    "pred_smpl_params": {
        "global_orient": [
            [
                [
                    -0.7081279158592224,
                    0.07321823388338089,
                    -0.7022777795791626
                ],
                [
                    0.19306480884552002,
                    -0.9366282820701599,
                    -0.2923243045806885
                ],
                [
                    -0.6791766285896301,
                    -0.3425880968570709,
                    0.6491167545318604
                ]
            ]
        ],
        "body_pose": [
            [
                [
                    0.9993937611579895,
                    0.027854831889271736,
                    0.020885484293103218
                ],
                [
                    -0.031796060502529144,
                    0.9746079444885254,
                    0.22164925932884216
                ],
                [
                    -0.014181156642735004,
                    -0.22217896580696106,
                    0.9749027490615845
                ]
            ],
            [
                [
                    0.9903421998023987,
                    0.09584548324346542,
                    -0.10017958283424377
                ],
                [
                    -0.07454922795295715,
                    0.9773443341255188,
                    0.19809222221374512
                ],
                [
                    0.11689618974924088,
                    -0.1887107789516449,
                    0.9750505685806274
                ]
            ],
            [
                [
                    0.9971259236335754,
                    -0.014989105053246021,
                    0.07426493614912033
                ],
                [
                    0.03361282870173454,
                    0.9660033583641052,
                    -0.2563350200653076
                ],
                [
                    -0.06789795309305191,
                    0.25809451937675476,
                    0.9637308120727539
                ]
            ],
            [
                [
                    0.9939843416213989,
                    0.10725802183151245,
                    -0.02215692773461342
                ],
                [
                    -0.10892336070537567,
                    0.9892398118972778,
                    -0.09767492115497589
                ],
                [
                    0.011442091315984726,
                    0.09950074553489685,
                    0.9949718117713928
                ]
            ],
            [
                [
                    0.9957942366600037,
                    -0.06799261271953583,
                    -0.06140772998332977
                ],
                [
                    0.05817420780658722,
                    0.9870445728302002,
                    -0.14952850341796875
                ],
                [
                    0.07077900320291519,
                    0.14532727003097534,
                    0.9868487119674683
                ]
            ],
            [
                [
                    0.9977416396141052,
                    -0.004477255046367645,
                    0.06701906025409698
                ],
                [
                    0.007861621677875519,
                    0.9987021684646606,
                    -0.0503203310072422
                ],
                [
                    -0.06670679152011871,
                    0.050733570009469986,
                    0.9964819550514221
                ]
            ],
            [
                [
                    0.9844602346420288,
                    0.040199678391218185,
                    0.1709444522857666
                ],
                [
                    -0.033383239060640335,
                    0.9985358119010925,
                    -0.042565591633319855
                ],
                [
                    -0.17240528762340546,
                    0.03619745373725891,
                    0.9843608140945435
                ]
            ],
            [
                [
                    0.977411687374115,
                    0.006637043319642544,
                    -0.21124009788036346
                ],
                [
                    4.87528886878863e-05,
                    0.9994996786117554,
                    0.0316292978823185
                ],
                [
                    0.21134433150291443,
                    -0.030925141647458076,
                    0.976922333240509
                ]
            ],
            [
                [
                    0.99848872423172,
                    0.009352795779705048,
                    0.05415547266602516
                ],
                [
                    -0.004846523050218821,
                    0.996558427810669,
                    -0.08275081217288971
                ],
                [
                    -0.054743051528930664,
                    0.08236328512430191,
                    0.9950976967811584
                ]
            ],
            [
                [
                    0.9950335025787354,
                    -0.08178083598613739,
                    0.05674741789698601
                ],
                [
                    0.0828811302781105,
                    0.9964091181755066,
                    -0.017310354858636856
                ],
                [
                    -0.055127985775470734,
                    0.021927671507000923,
                    0.9982385635375977
                ]
            ],
            [
                [
                    0.9987240433692932,
                    0.04751258343458176,
                    -0.01710904948413372
                ],
                [
                    -0.04765734449028969,
                    0.9988304972648621,
                    -0.00815552193671465
                ],
                [
                    0.01670154742896557,
                    0.008960488252341747,
                    0.999820351600647
                ]
            ],
            [
                [
                    0.9708065986633301,
                    0.010721977800130844,
                    0.2396240532398224
                ],
                [
                    0.017302321270108223,
                    0.9932677745819092,
                    -0.11454194784164429
                ],
                [
                    -0.2392389327287674,
                    0.11534412205219269,
                    0.9640854001045227
                ]
            ],
            [
                [
                    0.9220356345176697,
                    0.20433533191680908,
                    -0.32878172397613525
                ],
                [
                    -0.18497908115386963,
                    0.9786608219146729,
                    0.08947477489709854
                ],
                [
                    0.3400486409664154,
                    -0.02168118581175804,
                    0.9401578903198242
                ]
            ],
            [
                [
                    0.8856661915779114,
                    -0.30683961510658264,
                    0.34848931431770325
                ],
                [
                    0.2951905131340027,
                    0.951422929763794,
                    0.08750340342521667
                ],
                [
                    -0.3584102690219879,
                    0.025371938943862915,
                    0.9332192540168762
                ]
            ],
            [
                [
                    0.992259681224823,
                    0.09617063403129578,
                    0.07856173813343048
                ],
                [
                    -0.05509961023926735,
                    0.9079228043556213,
                    -0.41549989581108093
                ],
                [
                    -0.11128688603639603,
                    0.4079550802707672,
                    0.9061941504478455
                ]
            ],
            [
                [
                    0.7299732565879822,
                    0.5041266679763794,
                    -0.46151411533355713
                ],
                [
                    -0.5489614009857178,
                    0.8347150683403015,
                    0.043498095124959946
                ],
                [
                    0.4071613550186157,
                    0.22160100936889648,
                    0.8860657811164856
                ]
            ],
            [
                [
                    0.5566034913063049,
                    -0.6410717368125916,
                    0.5284123420715332
                ],
                [
                    0.6708089709281921,
                    0.722030520439148,
                    0.16937300562858582
                ],
                [
                    -0.4901100993156433,
                    0.26019012928009033,
                    0.831921398639679
                ]
            ],
            [
                [
                    0.7229062914848328,
                    -0.011326474137604237,
                    -0.6908532381057739
                ],
                [
                    -0.07866861671209335,
                    0.992014467716217,
                    -0.09858253598213196
                ],
                [
                    0.6864530444145203,
                    0.12561440467834473,
                    0.7162424325942993
                ]
            ],
            [
                [
                    0.6297078132629395,
                    0.12910722196102142,
                    0.7660282850265503
                ],
                [
                    -0.11004189401865005,
                    0.9909738898277283,
                    -0.07656065374612808
                ],
                [
                    -0.7689985632896423,
                    -0.0360843725502491,
                    0.6382312178611755
                ]
            ],
            [
                [
                    0.9949840307235718,
                    -0.08320291340351105,
                    -0.05553482472896576
                ],
                [
                    0.08506212383508682,
                    0.9958617687225342,
                    0.03199513256549835
                ],
                [
                    0.05264292284846306,
                    -0.03655855357646942,
                    0.9979439973831177
                ]
            ],
            [
                [
                    0.9939346313476562,
                    0.07370670884847641,
                    0.0816161036491394
                ],
                [
                    -0.08531522750854492,
                    0.9850965738296509,
                    0.14935210347175598
                ],
                [
                    -0.06939148902893066,
                    -0.1554093360900879,
                    0.9854099154472351
                ]
            ],
            [
                [
                    0.9861582517623901,
                    0.1323990821838379,
                    -0.09981127828359604
                ],
                [
                    -0.11772410571575165,
                    0.9830113649368286,
                    0.1408175677061081
                ],
                [
                    0.11675974726676941,
                    -0.12711822986602783,
                    0.9849913120269775
                ]
            ],
            [
                [
                    0.9849682450294495,
                    -0.15896724164485931,
                    0.06757891923189163
                ],
                [
                    0.15018180012702942,
                    0.9813929796218872,
                    0.11963824182748795
                ],
                [
                    -0.08534003794193268,
                    -0.10769075155258179,
                    0.9905149340629578
                ]
            ]
        ],
        "betas": [
            -0.2484571635723114,
            -0.35086384415626526,
            0.25094905495643616,
            0.8225827217102051,
            0.2851734757423401,
            -0.055893950164318085,
            -0.03387880325317383,
            -0.04556518793106079,
            0.0785667896270752,
            -0.05655449628829956
        ]
    },
    "pred_cam_t": [
        0.14778639376163483,
        0.28645333647727966,
        27.452913284301758
    ],
    "focal_length": [
        5000.0,
        5000.0
    ],
    "pred_keypoints_3d": [
        [
            -0.203497052192688,
            -0.7550003528594971,
            -0.03309730440378189
        ],
        [
            -0.026951640844345093,
            -0.7267827987670898,
            -0.07983376085758209
        ],
        [
            0.06746496260166168,
            -0.6615788340568542,
            0.09022942185401917
        ],
        [
            0.01686570793390274,
            -0.454021155834198,
            0.21512308716773987
        ],
        [
            -0.2109529972076416,
            -0.3799901306629181,
            0.2787770926952362
        ],
        [
            -0.13452407717704773,
            -0.611931562423706,
            -0.19805729389190674
        ],
        [
            -0.27869653701782227,
            -0.40330034494400024,
            -0.20142661035060883
        ],
        [
            -0.4115127921104431,
            -0.3009392321109772,
            -0.026235371828079224
        ],
        [
            -0.002125739585608244,
            -0.23048533499240875,
            0.028697967529296875
        ],
        [
            0.041888996958732605,
            -0.15781010687351227,
            0.10285593569278717
        ],
        [
            0.02501889318227768,
            0.14878149330615997,
            0.31026971340179443
        ],
        [
            -0.002686016261577606,
            0.517444908618927,
            0.4177117645740509
        ],
        [
            -0.053272638469934464,
            -0.12976601719856262,
            0.00875619612634182
        ],
        [
            -0.1475885957479477,
            0.18362519145011902,
            0.1638866662979126
        ],
        [
            -0.13189266622066498,
            0.5245766639709473,
            0.3410002589225769
        ],
        [
            -0.19061145186424255,
            -0.80999356508255,
            -0.009446509182453156
        ],
        [
            -0.20783764123916626,
            -0.8003735542297363,
            -0.07301821559667587
        ],
        [
            -0.09526999294757843,
            -0.8557322025299072,
            0.004099927842617035
        ],
        [
            -0.13612301647663116,
            -0.8343494534492493,
            -0.13882729411125183
        ],
        [
            -0.2838068902492523,
            0.5147112607955933,
            0.4719790816307068
        ],
        [
            -0.2851836681365967,
            0.5574497580528259,
            0.3999840319156647
        ],
        [
            -0.0905563086271286,
            0.5746954679489136,
            0.32252392172813416
        ],
        [
            -0.0936020165681839,
            0.48652535676956177,
            0.5913525819778442
        ],
        [
            -0.006881490349769592,
            0.5021031498908997,
            0.5870518088340759
        ],
        [
            0.019384540617465973,
            0.5782296657562256,
            0.3900272250175476
        ],
        [
            0.03454943746328354,
            0.47935158014297485,
            0.3885042071342468
        ],
        [
            0.029190199449658394,
            0.09184710681438446,
            0.27802273631095886
        ],
        [
            0.11327467858791351,
            -0.2858548164367676,
            0.1091955304145813
        ],
        [
            -0.08564574271440506,
            -0.2098335474729538,
            -0.09466488659381866
        ],
        [
            -0.14691269397735596,
            0.1492500752210617,
            0.13578513264656067
        ],
        [
            -0.11744166910648346,
            0.5066026449203491,
            0.304115891456604
        ],
        [
            -0.2071487307548523,
            -0.4135728180408478,
            0.2610645890235901
        ],
        [
            0.008758530020713806,
            -0.4877641797065735,
            0.23360544443130493
        ],
        [
            0.048293232917785645,
            -0.6878365278244019,
            0.0554780587553978
        ],
        [
            -0.11541646718978882,
            -0.6458531618118286,
            -0.1927589625120163
        ],
        [
            -0.3015114963054657,
            -0.44567281007766724,
            -0.19671808183193207
        ],
        [
            -0.4113686978816986,
            -0.3229406476020813,
            -0.027529919520020485
        ],
        [
            -0.03542941063642502,
            -0.7172539234161377,
            -0.07451265305280685
        ],
        [
            -0.160241037607193,
            -0.8802405595779419,
            -0.06518344581127167
        ],
        [
            0.013338140211999416,
            -0.24816592037677765,
            0.006677757948637009
        ],
        [
            -0.031136266887187958,
            -0.6633273363113403,
            -0.06607149541378021
        ],
        [
            0.02066894993185997,
            -0.49000298976898193,
            -0.05810146778821945
        ],
        [
            -0.12905551493167877,
            -0.7688753604888916,
            -0.05964278057217598
        ],
        [
            -0.16260161995887756,
            -0.9001215696334839,
            -0.06375466287136078
        ]
    ],
    "pred_vertices": [
        [
            -0.23709072172641754,
            -0.8388095498085022,
            -0.08350162208080292
        ],
        [
            -0.23345983028411865,
            -0.8235007524490356,
            -0.07612773776054382
        ],
        [
            -0.22677911818027496,
            -0.8237113356590271,
            -0.08919329196214676
        ],
        [
            -0.2265392541885376,
            -0.8366177678108215,
            -0.09706185758113861
        ],
        [
            -0.22586669027805328,
            -0.8130964636802673,
            -0.08393600583076477
        ],
        [
            -0.22943338751792908,
            -0.8123494982719421,
            -0.07262483239173889
        ],
        [
            -0.2168004959821701,
            -0.8225239515304565,
            -0.0987372025847435
        ],
        [
            -0.21344193816184998,
            -0.8331215381622314,
            -0.10655128210783005
        ],
        [
            -0.18958035111427307,
            -0.7970880270004272,
            -0.1074257493019104
        ],
        [
            -0.18098680675029755,
            -0.7975993156433105,
            -0.1140119805932045
        ],
        [
            -0.18870893120765686,
            -0.8074492812156677,
            -0.1130456030368805
        ],
        [
            -0.19500619173049927,
            -0.8045570850372314,
            -0.10582257807254791
        ],
        [
            -0.17287755012512207,
            -0.7771108150482178,
            -0.10739240050315857
        ],
        [
            -0.1731889247894287,
            -0.7659293413162231,
            -0.09937165677547455
        ],
        [
            -0.16118091344833374,
            -0.7628084421157837,
            -0.10443292558193207
        ],
        [
            -0.15939250588417053,
            -0.7742661237716675,
            -0.11180784553289413
        ],
        [
            -0.1914256513118744,
            -0.7708156108856201,
            -0.06188463419675827
        ],
        [
            -0.18850237131118774,
            -0.7648938894271851,
            -0.06740462779998779
        ],
        [
            -0.19247719645500183,
            -0.7703372240066528,
            -0.07131356000900269
        ],
        [
            -0.19451072812080383,
            -0.7758457064628601,
            -0.06523415446281433
        ],
        [
            -0.19935433566570282,
            -0.7774254679679871,
            -0.05160002410411835
        ],
        [
            -0.19984951615333557,
            -0.7835683822631836,
            -0.05350976064801216
        ],
        [
            -0.20500820875167847,
            -0.7848602533340454,
            -0.047544024884700775
        ],
        [
            -0.20524173974990845,
            -0.7775156497955322,
            -0.046236906200647354
        ],
        [
            -0.18720436096191406,
            -0.7671881914138794,
            -0.056726496666669846
        ],
        [
            -0.18391111493110657,
            -0.7612951993942261,
            -0.062655009329319
        ],
        [
            -0.1943836212158203,
            -0.7755762934684753,
            -0.05705815181136131
        ],
        [
            -0.1934874802827835,
            -0.7710850238800049,
            -0.05471523478627205
        ],
        [
            -0.19833588600158691,
            -0.7611584663391113,
            -0.049181997776031494
        ],
        [
            -0.2000516653060913,
            -0.7656052112579346,
            -0.051112204790115356
        ],
        [
            -0.20549267530441284,
            -0.7635284662246704,
            -0.04617462307214737
        ],
        [
            -0.2016640603542328,
            -0.7593554258346558,
            -0.0450395904481411
        ],
        [
            -0.19085314869880676,
            -0.764773964881897,
            -0.05453447625041008
        ],
        [
            -0.19490253925323486,
            -0.7658330202102661,
            -0.05433063581585884
        ],
        [
            -0.19427374005317688,
            -0.7618447542190552,
            -0.051337696611881256
        ],
        [
            -0.19006779789924622,
            -0.7618337869644165,
            -0.050709132105112076
        ],
        [
            -0.19931431114673615,
            -0.7724869847297668,
            -0.050495583564043045
        ],
        [
            -0.20555035769939423,
            -0.7709157466888428,
            -0.04588250815868378
        ],
        [
            -0.21121789515018463,
            -0.7690800428390503,
            -0.040231529623270035
        ],
        [
            -0.20980513095855713,
            -0.7602642178535461,
            -0.040035806596279144
        ],
        [
            -0.17862781882286072,
            -0.7550602555274963,
            -0.07957489043474197
        ],
        [
            -0.18453556299209595,
            -0.7595256567001343,
            -0.07385104894638062
        ],
        [
            -0.1807774156332016,
            -0.7561701536178589,
            -0.06873232126235962
        ],
        [
            -0.1766691505908966,
            -0.7522107362747192,
            -0.07403071969747543
        ],
        [
            -0.18581874668598175,
            -0.7607784271240234,
            -0.052617862820625305
        ],
        [
            -0.17832733690738678,
            -0.7469229698181152,
            -0.05594000592827797
        ],
        [
            -0.1805950254201889,
            -0.7499837279319763,
            -0.05622353032231331
        ],
        [
            -0.18295259773731232,
            -0.7494945526123047,
            -0.04940878972411156
        ],
        [
            -0.18083184957504272,
            -0.7466171979904175,
            -0.04979829490184784
        ],
        [
            -0.1649760603904724,
            -0.7468047142028809,
            -0.08679886907339096
        ],
        [
            -0.16671235859394073,
            -0.7443612813949585,
            -0.08006323128938675
        ],
        [
            -0.16100379824638367,
            -0.7398825287818909,
            -0.08111973106861115
        ],
        [
            -0.15742981433868408,
            -0.7420433759689331,
            -0.0874757394194603
        ],
        [
            -0.15659694373607635,
            -0.7359673976898193,
            -0.07867862284183502
        ],
        [
            -0.15060940384864807,
            -0.737459123134613,
            -0.08655853569507599
        ],
        [
            -0.1413063108921051,
            -0.7267682552337646,
            -0.0771564245223999
        ],
        [
            -0.14537757635116577,
            -0.7315794825553894,
            -0.0820423886179924
        ],
        [
            -0.1530274748802185,
            -0.7316709160804749,
            -0.07451945543289185
        ],
        [
            -0.15153641998767853,
            -0.7265661954879761,
            -0.0683303251862526
        ],
        [
            -0.1578807830810547,
            -0.7278363108634949,
            -0.055117253214120865
        ],
        [
            -0.15797463059425354,
            -0.7263307571411133,
            -0.048776932060718536
        ],
        [
            -0.15080928802490234,
            -0.7166417837142944,
            -0.053439926356077194
        ],
        [
            -0.1512504518032074,
            -0.7204742431640625,
            -0.06041679531335831
        ],
        [
            -0.17134979367256165,
            -0.7442870140075684,
            -0.056413665413856506
        ],
        [
            -0.17004896700382233,
            -0.7451918125152588,
            -0.06096652150154114
        ],
        [
            -0.17277568578720093,
            -0.7451640367507935,
            -0.060738228261470795
        ],
        [
            -0.175083190202713,
            -0.7450119853019714,
            -0.05599650740623474
        ],
        [
            -0.16928468644618988,
            -0.7453435659408569,
            -0.0649869292974472
        ],
        [
            -0.16892710328102112,
            -0.7453085780143738,
            -0.06676489859819412
        ],
        [
            -0.17058217525482178,
            -0.7457463145256042,
            -0.06629598885774612
        ],
        [
            -0.17009857296943665,
            -0.7456862926483154,
            -0.06499581784009933
        ],
        [
            -0.16996082663536072,
            -0.745368480682373,
            -0.06289017200469971
        ],
        [
            -0.16896554827690125,
            -0.7437413930892944,
            -0.061712346971035004
        ],
        [
            -0.1690567135810852,
            -0.7445571422576904,
            -0.0639558658003807
        ],
        [
            -0.17000499367713928,
            -0.7420900464057922,
            -0.05755537375807762
        ],
        [
            -0.17249837517738342,
            -0.7379841804504395,
            -0.04354013502597809
        ],
        [
            -0.17237842082977295,
            -0.7384412288665771,
            -0.047402337193489075
        ],
        [
            -0.17358636856079102,
            -0.7428797483444214,
            -0.04631592333316803
        ],
        [
            -0.17387109994888306,
            -0.7427144050598145,
            -0.043072573840618134
        ],
        [
            -0.17274609208106995,
            -0.7466673254966736,
            -0.06455014646053314
        ],
        [
            -0.17373301088809967,
            -0.7478131055831909,
            -0.06677555292844772
        ],
        [
            -0.17709395289421082,
            -0.7488738298416138,
            -0.06235724315047264
        ],
        [
            -0.1748669445514679,
            -0.7470407485961914,
            -0.06126800924539566
        ],
        [
            -0.17517462372779846,
            -0.7491041421890259,
            -0.06969332695007324
        ],
        [
            -0.171269029378891,
            -0.746787965297699,
            -0.06866130977869034
        ],
        [
            -0.17195361852645874,
            -0.7473056316375732,
            -0.0718802958726883
        ],
        [
            -0.16780146956443787,
            -0.743959367275238,
            -0.06616338342428207
        ],
        [
            -0.1662893146276474,
            -0.7430312633514404,
            -0.06915038079023361
        ],
        [
            -0.16874656081199646,
            -0.7445516586303711,
            -0.06953568756580353
        ],
        [
            -0.1644400805234909,
            -0.7403226494789124,
            -0.06698496639728546
        ],
        [
            -0.16701334714889526,
            -0.7422016859054565,
            -0.06341896951198578
        ],
        [
            -0.16752265393733978,
            -0.7396667003631592,
            -0.05930405110120773
        ],
        [
            -0.1684606820344925,
            -0.7370770573616028,
            -0.05403634533286095
        ],
        [
            -0.16388264298439026,
            -0.7343668937683105,
            -0.05701156705617905
        ],
        [
            -0.16380298137664795,
            -0.7371870279312134,
            -0.06268002092838287
        ],
        [
            -0.17910617589950562,
            -0.7523083686828613,
            -0.0646837055683136
        ],
        [
            -0.16782835125923157,
            -0.7443863153457642,
            -0.07410091906785965
        ],
        [
            -0.17209698259830475,
            -0.7490992546081543,
            -0.07744874805212021
        ],
        [
            -0.16423365473747253,
            -0.7410219311714172,
            -0.0741768553853035
        ],
        [
            -0.16102059185504913,
            -0.7378102540969849,
            -0.07209930568933487
        ],
        [
            -0.15906038880348206,
            -0.7343043088912964,
            -0.06732288748025894
        ],
        [
            -0.1582956165075302,
            -0.730774462223053,
            -0.061520420014858246
        ],
        [
            -0.1376049518585205,
            -0.7147897481918335,
            -0.05832329019904137
        ],
        [
            -0.13976475596427917,
            -0.71962571144104,
            -0.06703123450279236
        ],
        [
            -0.22209769487380981,
            -0.807909369468689,
            -0.07118115574121475
        ],
        [
            -0.2214350551366806,
            -0.807325005531311,
            -0.08031709492206573
        ],
        [
            -0.21313124895095825,
            -0.8033883571624756,
            -0.081790030002594
        ],
        [
            -0.2146678864955902,
            -0.8049668073654175,
            -0.08344791829586029
        ],
        [
            -0.21712851524353027,
            -0.805213451385498,
            -0.07769639045000076
        ],
        [
            -0.21470817923545837,
            -0.8032522201538086,
            -0.0773317813873291
        ],
        [
            -0.19927899539470673,
            -0.8039591312408447,
            -0.0987393856048584
        ],
        [
            -0.20286300778388977,
            -0.8036304712295532,
            -0.09285955131053925
        ],
        [
            -0.19962714612483978,
            -0.8012862205505371,
            -0.09330576658248901
        ],
        [
            -0.19555628299713135,
            -0.7984644174575806,
            -0.10033906996250153
        ],
        [
            -0.1992875635623932,
            -0.792395830154419,
            -0.08441653847694397
        ],
        [
            -0.19846850633621216,
            -0.7945377826690674,
            -0.08930423110723495
        ],
        [
            -0.20339877903461456,
            -0.799094557762146,
            -0.08516222983598709
        ],
        [
            -0.20413243770599365,
            -0.7974690198898315,
            -0.08168162405490875
        ],
        [
            -0.20452800393104553,
            -0.7965841293334961,
            -0.07764895260334015
        ],
        [
            -0.2047595977783203,
            -0.796486496925354,
            -0.07314753532409668
        ],
        [
            -0.20124034583568573,
            -0.7924343347549438,
            -0.07382143288850784
        ],
        [
            -0.20032548904418945,
            -0.7919280529022217,
            -0.07907041162252426
        ],
        [
            -0.21727219223976135,
            -0.8063769936561584,
            -0.0713181346654892
        ],
        [
            -0.215049147605896,
            -0.8069299459457397,
            -0.06419842690229416
        ],
        [
            -0.2128736972808838,
            -0.804710865020752,
            -0.06589335203170776
        ],
        [
            -0.21500611305236816,
            -0.8039646148681641,
            -0.07165087014436722
        ],
        [
            -0.20286785066127777,
            -0.803718626499176,
            -0.057323697954416275
        ],
        [
            -0.20546633005142212,
            -0.804863452911377,
            -0.05817935988306999
        ],
        [
            -0.20638710260391235,
            -0.8059824705123901,
            -0.054500166326761246
        ],
        [
            -0.20291104912757874,
            -0.8029621243476868,
            -0.053903620690107346
        ],
        [
            -0.20170584321022034,
            -0.8001062870025635,
            -0.0561983622610569
        ],
        [
            -0.20247286558151245,
            -0.8019311428070068,
            -0.05852048471570015
        ],
        [
            -0.24625074863433838,
            -0.8583866357803345,
            -0.07513576000928879
        ],
        [
            -0.24337248504161835,
            -0.8408374786376953,
            -0.06818246841430664
        ],
        [
            -0.23576989769935608,
            -0.8572596311569214,
            -0.09257122129201889
        ],
        [
            -0.2223789393901825,
            -0.8532196283340454,
            -0.10489015281200409
        ],
        [
            -0.20931513607501984,
            -0.845298171043396,
            -0.11479800194501877
        ],
        [
            -0.16313211619853973,
            -0.7533138990402222,
            -0.09549298137426376
        ],
        [
            -0.1535840928554535,
            -0.7492265105247498,
            -0.09816616028547287
        ],
        [
            -0.1493433117866516,
            -0.7605123519897461,
            -0.1085202693939209
        ],
        [
            -0.139744371175766,
            -0.7547925710678101,
            -0.10790331661701202
        ],
        [
            -0.1447599232196808,
            -0.7431179285049438,
            -0.09683215618133545
        ],
        [
            -0.13101094961166382,
            -0.7298093438148499,
            -0.08420960605144501
        ],
        [
            -0.13723421096801758,
            -0.7361449599266052,
            -0.09236112236976624
        ],
        [
            -0.13001912832260132,
            -0.7490766048431396,
            -0.10516741871833801
        ],
        [
            -0.12549452483654022,
            -0.7659811973571777,
            -0.1174992173910141
        ],
        [
            -0.13600817322731018,
            -0.76832115650177,
            -0.11726438254117966
        ],
        [
            -0.12402938306331635,
            -0.7855439186096191,
            -0.12475137412548065
        ],
        [
            -0.11264234781265259,
            -0.7644386887550354,
            -0.11637845635414124
        ],
        [
            -0.11585407704114914,
            -0.7895058989524841,
            -0.12410621345043182
        ],
        [
            -0.10281501710414886,
            -0.7351809144020081,
            -0.0962250679731369
        ],
        [
            -0.0985013097524643,
            -0.7278472185134888,
            -0.09716685116291046
        ],
        [
            -0.09207114577293396,
            -0.7375035285949707,
            -0.11272489279508591
        ],
        [
            -0.09680476039648056,
            -0.7455356121063232,
            -0.11171142756938934
        ],
        [
            -0.14671048521995544,
            -0.7711566686630249,
            -0.11608806252479553
        ],
        [
            -0.18898515403270721,
            -0.8199619054794312,
            -0.11696333438158035
        ],
        [
            -0.19705885648727417,
            -0.8142886757850647,
            -0.11006627976894379
        ],
        [
            -0.17914000153541565,
            -0.8109548687934875,
            -0.11992217600345612
        ],
        [
            -0.20710323750972748,
            -0.880029559135437,
            -0.1240304708480835
        ],
        [
            -0.21765132248401642,
            -0.8673754930496216,
            -0.11493194848299026
        ],
        [
            -0.20487722754478455,
            -0.8575049042701721,
            -0.12282544374465942
        ],
        [
            -0.19703586399555206,
            -0.8704131841659546,
            -0.13102686405181885
        ],
        [
            -0.22895151376724243,
            -0.9074194431304932,
            -0.09495904296636581
        ],
        [
            -0.24167737364768982,
            -0.8833322525024414,
            -0.08671582490205765
        ],
        [
            -0.23145174980163574,
            -0.8771823644638062,
            -0.10078789293766022
        ],
        [
            -0.22089974582195282,
            -0.8952791690826416,
            -0.10903333127498627
        ],
        [
            -0.18726575374603271,
            -0.8786048889160156,
            -0.13669353723526
        ],
        [
            -0.17371529340744019,
            -0.8896751999855042,
            -0.141781747341156
        ],
        [
            -0.17635738849639893,
            -0.9069494605064392,
            -0.1394520252943039
        ],
        [
            -0.19449879229068756,
            -0.8954772353172302,
            -0.13239708542823792
        ],
        [
            -0.18001055717468262,
            -0.9292454719543457,
            -0.12966924905776978
        ],
        [
            -0.2019461989402771,
            -0.9153684377670288,
            -0.12049390375614166
        ],
        [
            -0.10067035257816315,
            -0.7824902534484863,
            -0.12314864993095398
        ],
        [
            -0.10772289335727692,
            -0.8010468482971191,
            -0.12592515349388123
        ],
        [
            -0.10421257466077805,
            -0.7537142038345337,
            -0.11087175458669662
        ],
        [
            -0.09496953338384628,
            -0.7676444053649902,
            -0.12121891230344772
        ],
        [
            -0.18094778060913086,
            -0.9470695853233337,
            -0.11342266947031021
        ],
        [
            -0.20737141370773315,
            -0.9316975474357605,
            -0.10335563123226166
        ],
        [
            -0.11923672258853912,
            -0.8997584581375122,
            -0.1452835202217102
        ],
        [
            -0.1366516351699829,
            -0.9093148708343506,
            -0.14462697505950928
        ],
        [
            -0.14295655488967896,
            -0.8894175291061401,
            -0.14721429347991943
