{
    "pred_cam": [
        1.1882176399230957,
        -0.0025304313749074936,
        0.219392329454422
    ],
    "pred_smpl_params": {
        "global_orient": [
            [
                [
                    0.990347146987915,
                    0.07205893844366074,
                    0.11840660870075226
                ],
                [
                    0.07856188714504242,
                    -0.9955937266349792,
                    -0.051197391003370285
                ],
                [
                    0.11419564485549927,
                    0.06000543013215065,
                    -0.9916445016860962
                ]
            ]
        ],
        "body_pose": [
            [
                [
                    0.9990751147270203,
                    -0.005263971630483866,
                    -0.042675454169511795
                ],
                [
                    0.016924740746617317,
                    0.9605048894882202,
                    0.27774786949157715
                ],
                [
                    0.039527926594018936,
                    -0.2782132625579834,
                    0.959705650806427
                ]
            ],
            [
                [
                    0.9978132843971252,
                    0.06608434021472931,
                    0.0012537769507616758
                ],
                [
                    -0.06504355370998383,
                    0.9783728718757629,
                    0.19635669887065887
                ],
                [
                    0.011749442666769028,
                    -0.1960088610649109,
                    0.9805318117141724
                ]
            ],
            [
                [
                    0.9991657733917236,
                    0.016089508309960365,
                    0.03753368556499481
                ],
                [
                    -0.009829571470618248,
                    0.9868464469909668,
                    -0.1613614708185196
                ],
                [
                    -0.03963620960712433,
                    0.1608579307794571,
                    0.9861813187599182
                ]
            ],
            [
                [
                    0.9899082779884338,
                    -0.009147299453616142,
                    -0.14141348004341125
                ],
                [
                    -0.12030275166034698,
                    0.47313743829727173,
                    -0.8727359771728516
                ],
                [
                    0.07489121705293655,
                    0.8809411525726318,
                    0.4672622084617615
                ]
            ],
            [
                [
                    0.9847179651260376,
                    -0.08269334584474564,
                    0.15327177941799164
                ],
                [
                    0.1699131578207016,
                    0.6492612957954407,
                    -0.7413428425788879
                ],
                [
                    -0.03820931911468506,
                    0.756056547164917,
                    0.6533899307250977
                ]
            ],
            [
                [
                    0.9987697005271912,
                    -0.019615432247519493,
                    0.045544497668743134
                ],
                [
                    0.017322344705462456,
                    0.9985885620117188,
                    0.05020833760499954
                ],
                [
                    -0.04646507278084755,
                    -0.04935763031244278,
                    0.9976997971534729
                ]
            ],
            [
                [
                    0.9838225841522217,
                    0.004618184641003609,
                    0.1790863573551178
                ],
                [
                    -0.029533252120018005,
                    0.990170955657959,
                    0.13670878112316132
                ],
                [
                    -0.17669476568698883,
                    -0.13978616893291473,
                    0.9742889404296875
                ]
            ],
            [
                [
                    0.983404815196991,
                    -0.013351761735975742,
                    -0.1809326708316803
                ],
                [
                    0.022769689559936523,
                    0.9984858632087708,
                    0.05007540434598923
                ],
                [
                    0.17999011278152466,
                    -0.05336417630314827,
                    0.9822198152542114
                ]
            ],
            [
                [
                    0.9993865489959717,
                    -0.008822761476039886,
                    0.03389398008584976
                ],
                [
                    0.011206531897187233,
                    0.9974278211593628,
                    -0.07079659402370453
                ],
                [
                    -0.03318217769265175,
                    0.07113298773765564,
                    0.996914803981781
                ]
            ],
            [
                [
                    0.992680013179779,
                    -0.10377231240272522,
                    -0.061786822974681854
                ],
                [
                    0.11294764280319214,
                    0.9788335561752319,
                    0.17066814005374908
                ],
                [
                    0.042768388986587524,
                    -0.17639754712581635,
                    0.9833893179893494
                ]
            ],
            [
                [
                    0.9912071228027344,
                    0.13230493664741516,
                    -0.0019590186420828104
                ],
                [
                    -0.1291504055261612,
                    0.9705827236175537,
                    0.20319779217243195
                ],
                [
                    0.028785457834601402,
                    -0.2011580914258957,
                    0.9791357517242432
                ]
            ],
            [
                [
                    0.9810773134231567,
                    0.01868279092013836,
                    -0.1927127093076706
                ],
                [
                    0.0151042640209198,
                    0.9849151372909546,
                    0.17237789928913116
                ],
                [
                    0.19302614033222198,
                    -0.1720268428325653,
                    0.965995728969574
                ]
            ],
            [
                [
                    0.8720294237136841,
                    0.48905691504478455,
                    0.019697442650794983
                ],
                [
                    -0.487772673368454,
                    0.8716631531715393,
                    -0.04776086285710335
                ],
                [
                    -0.04052731767296791,
                    0.032041002064943314,
                    0.9986644983291626
                ]
            ],
            [
                [
                    0.8766101598739624,
                    -0.48007529973983765,
                    0.032898347824811935
                ],
                [
                    0.48115304112434387,
                    0.8754387497901917,
                    -0.04581209644675255
                ],
                [
                    -0.00680723087862134,
                    0.05598849430680275,
                    0.9984081983566284
                ]
            ],
            [
                [
                    0.9889734387397766,
                    -0.05235016345977783,
                    -0.13853150606155396
                ],
                [
                    0.02380361780524254,
                    0.9794658422470093,
                    -0.20020028948783875
                ],
                [
                    0.14616738259792328,
                    0.19469523429870605,
                    0.9699118137359619
                ]
            ],
            [
                [
                    0.5039169788360596,
                    0.824994683265686,
                    -0.25583481788635254
                ],
                [
                    -0.8610415458679199,
                    0.5032419562339783,
                    -0.07317794859409332
                ],
                [
                    0.06837540119886398,
                    0.2571600079536438,
                    0.9639468789100647
                ]
            ],
            [
                [
                    0.5455478429794312,
                    -0.8122493028640747,
                    0.2064668834209442
                ],
                [
                    0.8359104990959167,
                    0.5450782179832458,
                    -0.06436777114868164
                ],
                [
                    -0.060257937759160995,
                    0.2077035754919052,
                    0.9763339757919312
                ]
            ],
            [
                [
                    0.9053547382354736,
                    -0.13018067181110382,
                    -0.40421000123023987
                ],
                [
                    0.07974305748939514,
                    0.9870373606681824,
                    -0.1392776221036911
                ],
                [
                    0.41710165143013,
                    0.09386270493268967,
                    0.9039999842643738
                ]
            ],
            [
                [
                    0.9366607666015625,
                    0.0916304662823677,
                    0.33803918957710266
                ],
                [
                    -0.04305848479270935,
                    0.9879751205444336,
                    -0.1484958976507187
                ],
                [
                    -0.34758108854293823,
                    0.12453482300043106,
                    0.9293429851531982
                ]
            ],
            [
                [
                    0.9969435334205627,
                    0.06303588300943375,
                    0.04615240544080734
                ],
                [
                    -0.06225939467549324,
                    0.9978963136672974,
                    -0.01807420700788498
                ],
                [
                    -0.04719464108347893,
                    0.015145542100071907,
                    0.9987708330154419
                ]
            ],
            [
                [
                    0.9963443279266357,
                    -0.05188862234354019,
                    -0.06786300987005234
                ],
                [
                    0.04600604251027107,
                    0.9952714443206787,
                    -0.08554648607969284
                ],
                [
                    0.07198100537061691,
                    0.0821116641163826,
                    0.9940202236175537
                ]
            ],
            [
                [
                    0.9660472869873047,
                    0.23312444984912872,
                    -0.11138024926185608
                ],
                [
                    -0.21688324213027954,
                    0.9659960865974426,
                    0.1407594233751297
                ],
                [
                    0.14040733873844147,
                    -0.11182375997304916,
                    0.9837586879730225
                ]
            ],
            [
                [
                    0.9713964462280273,
                    -0.22823287546634674,
                    0.06556336581707001
                ],
                [
                    0.21230901777744293,
                    0.9584099054336548,
                    0.19072295725345612
                ],
                [
                    -0.10636584460735321,
                    -0.17134793102741241,
                    0.9794518947601318
                ]
            ]
        ],
        "betas": [
            0.00716988742351532,
            0.21055464446544647,
            0.16620931029319763,
            0.8950984477996826,
            0.0024690628051757812,
            0.052937958389520645,
            -0.10010316967964172,
            0.008907914161682129,
            0.14455920457839966,
            -0.10232144594192505
        ]
    },
    "pred_cam_t": [
        -0.0025304313749074936,
        0.219392329454422,
        32.87487030029297
    ],
    "focal_length": [
        5000.0,
        5000.0
    ],
    "pred_keypoints_3d": [
        [
            0.0363311693072319,
            -0.867384672164917,
            -0.13093693554401398
        ],
        [
            0.038138363510370255,
            -0.7497690320014954,
            0.026286214590072632
        ],
        [
            -0.1467943787574768,
            -0.6461263298988342,
            0.003368223085999489
        ],
        [
            -0.18370458483695984,
            -0.4006516635417938,
            0.04995587468147278
        ],
        [
            -0.19936197996139526,
            -0.15401852130889893,
            -0.00977274775505066
        ],
        [
            0.19867154955863953,
            -0.6301514506340027,
            0.08515439182519913
        ],
        [
            0.17105767130851746,
            -0.37781664729118347,
            0.13956844806671143
        ],
        [
            0.18357282876968384,
            -0.14187896251678467,
            0.061644263565540314
        ],
        [
            -0.0025835796259343624,
            -0.23150423169136047,
            0.025423044338822365
        ],
        [
            -0.07362895458936691,
            -0.14666618406772614,
            0.018156206235289574
        ],
        [
            -0.15502086281776428,
            0.21316172182559967,
            -0.077961765229702
        ],
        [
            -0.18088066577911377,
            0.512198805809021,
            0.1802108883857727
        ],
        [
            0.055457841604948044,
            -0.1351117342710495,
            0.03524775058031082
        ],
        [
            0.07895448058843613,
            0.2172570675611496,
            -0.08405914902687073
        ],
        [
            0.03608357533812523,
            0.4767688512802124,
            0.21158555150032043
        ],
        [
            0.00819951482117176,
            -0.9081612825393677,
            -0.09250137954950333
        ],
        [
            0.07401487231254578,
            -0.9071040749549866,
            -0.10196651518344879
        ],
        [
            -0.020289160311222076,
            -0.892796516418457,
            0.005974248051643372
        ],
        [
            0.12515555322170258,
            -0.8899408578872681,
            -0.014013603329658508
        ],
        [
            0.034195974469184875,
            0.6255612969398499,
            0.08124274015426636
        ],
        [
            0.10021514445543289,
            0.6100679039955139,
            0.1312444508075714
        ],
        [
            0.040119439363479614,
            0.4701747000217438,
            0.2813331186771393
        ],
        [
            -0.17531895637512207,
            0.652405321598053,
            0.03791928291320801
        ],
        [
            -0.2484808713197708,
            0.6281163692474365,
            0.07917499542236328
        ],
        [
            -0.19149817526340485,
            0.5192546844482422,
            0.25214821100234985
        ],
        [
            -0.20042788982391357,
            0.4556087255477905,
            0.17248836159706116
        ],
        [
            -0.14354200661182404,
            0.15310457348823547,
            -0.07572240382432938
        ],
        [
            -0.1403990387916565,
            -0.27609342336654663,
            0.021653907373547554
        ],
        [
            0.13584600389003754,
            -0.2369786500930786,
            0.06669019162654877
        ],
        [
            0.09040018916130066,
            0.18110908567905426,
            -0.08049362152814865
        ],
        [
            0.04919378459453583,
            0.4353504180908203,
            0.20935648679733276
        ],
        [
            -0.18153135478496552,
            -0.17673861980438232,
            -0.03128029406070709
        ],
        [
            -0.20555122196674347,
            -0.41742658615112305,
            0.021518826484680176
        ],
        [
            -0.1110081821680069,
            -0.6826885342597961,
            0.011651793494820595
        ],
        [
            0.17063738405704498,
            -0.6684004664421082,
            0.07924624532461166
        ],
        [
            0.21368375420570374,
            -0.39452728629112244,
            0.11632707715034485
        ],
        [
            0.1917586326599121,
            -0.1586330235004425,
            0.05301312357187271
        ],
        [
            0.03975581005215645,
            -0.7339576482772827,
            0.02754252590239048
        ],
        [
            0.054933540523052216,
            -0.9447845816612244,
            -0.0201564934104681
        ],
        [
            -0.0018816222436726093,
            -0.25663331151008606,
            0.044175710529088974
        ],
        [
            0.029596971347928047,
            -0.6746427416801453,
            0.04153766483068466
        ],
        [
            0.017463378608226776,
            -0.503902792930603,
            0.05452056974172592
        ],
        [
            0.05243222042918205,
            -0.837437629699707,
            -0.05674448981881142
        ],
        [
            0.05120576173067093,
            -0.9635967016220093,
            -0.010209644213318825
        ]
    ],
    "pred_vertices": [
        [
            0.08648565411567688,
            -0.9523696303367615,
            -0.10260595381259918
        ],
        [
            0.07954315841197968,
            -0.9386241436004639,
            -0.10854227840900421
        ],
        [
            0.0913853794336319,
            -0.9346100091934204,
            -0.10149398446083069
        ],
        [
            0.09854672104120255,
            -0.9448533654212952,
            -0.09231448173522949
        ],
        [
            0.08657380193471909,
            -0.9260319471359253,
            -0.10670151561498642
        ],
        [
            0.07587999105453491,
            -0.9277815818786621,
            -0.11225326359272003
        ],
        [
            0.09930048882961273,
            -0.9281942844390869,
            -0.0919584408402443
        ],
        [
            0.1059226542711258,
            -0.9344708323478699,
            -0.0820583775639534
        ],
        [
            0.1054893359541893,
            -0.8923568725585938,
            -0.08239209651947021
        ],
        [
            0.11037890613079071,
            -0.8872243165969849,
            -0.07353518158197403
        ],
        [
            0.11065882444381714,
            -0.8992049694061279,
            -0.07487916201353073
        ],
        [
            0.104459747672081,
            -0.9011235237121582,
            -0.08295924216508865
        ],
        [
            0.1043069064617157,
            -0.8660182952880859,
            -0.07937666028738022
        ],
        [
            0.09695322811603546,
            -0.857352077960968,
            -0.08708743005990982
        ],
        [
            0.10033465921878815,
            -0.8477417230606079,
            -0.07802294939756393
        ],
        [
            0.10661985725164413,
            -0.856033444404602,
            -0.06940726190805435
        ],
        [
            0.06232098489999771,
            -0.8733469247817993,
            -0.10631037503480911
        ],
        [
            0.0678163468837738,
            -0.8665261268615723,
            -0.10601479560136795
        ],
        [
            0.07176877558231354,
            -0.8730703592300415,
            -0.10531222075223923
        ],
        [
            0.0656166821718216,
            -0.8790979385375977,
            -0.1053142100572586
        ],
        [
            0.05268201231956482,
            -0.8835049867630005,
            -0.11145862936973572
        ],
        [
            0.05417133867740631,
            -0.8888194561004639,
            -0.10795383900403976
        ],
        [
            0.04903341084718704,
            -0.8930863738059998,
            -0.11255529522895813
        ],
        [
            0.048239968717098236,
            -0.8870067000389099,
            -0.11725892871618271
        ],
        [
            0.05688377842307091,
            -0.8682277202606201,
            -0.10620051622390747
        ],
        [
            0.06289231777191162,
            -0.8610846996307373,
            -0.10567410290241241
        ],
        [
            0.057554952800273895,
            -0.8793278932571411,
            -0.1073298305273056
        ],
        [
            0.05536624789237976,
            -0.8747783899307251,
            -0.10970523953437805
        ],
        [
            0.051263801753520966,
            -0.8692326545715332,
            -0.1202186867594719
        ],
        [
            0.05297279357910156,
            -0.8738359212875366,
            -0.11871716380119324
        ],
        [
            0.048875048756599426,
            -0.8753031492233276,
            -0.12535355985164642
        ],
        [
            0.047603219747543335,
            -0.8698170185089111,
            -0.12469698488712311
        ],
        [
            0.054851777851581573,
            -0.8680382966995239,
            -0.11106947064399719
        ],
        [
            0.055143170058727264,
            -0.8710817694664001,
            -0.11395469307899475
        ],
        [
            0.05248546600341797,
            -0.8674846887588501,
            -0.1161908209323883
        ],
        [
            0.05142495408654213,
            -0.8652359247207642,
            -0.11279907077550888
        ],
        [
            0.051696665585041046,
            -0.8793603181838989,
            -0.11464085429906845
        ],
        [
            0.04811699688434601,
            -0.8816295862197876,
            -0.1213560402393341
        ],
        [
            0.04358426481485367,
            -0.8835194110870361,
            -0.12813210487365723
        ],
        [
            0.04401017725467682,
            -0.8751624822616577,
            -0.13187561929225922
        ],
        [
            0.07916711270809174,
            -0.8521630764007568,
            -0.1009407564997673
        ],
        [
            0.07375337183475494,
            -0.8595607876777649,
            -0.10463128238916397
        ],
        [
            0.06877525895833969,
            -0.8546195030212402,
            -0.1047220453619957
        ],
        [
            0.07375600188970566,
            -0.8487375378608704,
            -0.10240120440721512
        ],
        [
            0.05298333242535591,
            -0.8617854118347168,
            -0.10948123782873154
        ],
        [
            0.05657672882080078,
            -0.8453538417816162,
            -0.11041520535945892
        ],
        [
            0.056881822645664215,
            -0.8493010997772217,
            -0.1106983870267868
        ],
        [
            0.05052337422966957,
            -0.8504523038864136,
            -0.11404290795326233
        ],
        [
            0.0508994460105896,
            -0.8467491865158081,
            -0.1136777251958847
        ],
        [
            0.08474796265363693,
            -0.8370547294616699,
            -0.09278073161840439
        ],
        [
            0.07881653308868408,
            -0.8362435102462769,
            -0.09705930948257446
        ],
        [
            0.0794689804315567,
            -0.8290560245513916,
            -0.09439345449209213
        ],
        [
            0.08499987423419952,
            -0.828474760055542,
            -0.08878479897975922
        ],
        [
            0.077473483979702,
            -0.8230892419815063,
            -0.09300173819065094
        ],
        [
            0.08420128375291824,
            -0.8203404545783997,
            -0.0853792130947113
        ],
        [
            0.07528102397918701,
            -0.8062249422073364,
            -0.08497457951307297
        ],
        [
            0.07991890609264374,
            -0.8124582767486572,
            -0.08478724956512451
        ],
        [
            0.07360710948705673,
            -0.8174676895141602,
            -0.0932428389787674
        ],
        [
            0.06808294355869293,
            -0.8124959468841553,
            -0.09607356786727905
        ],
        [
            0.05508001148700714,
            -0.8179020881652832,
            -0.10365550220012665
        ],
        [
            0.048970066010951996,
            -0.816886842250824,
            -0.10597948729991913
        ],
        [
            0.05386172980070114,
            -0.8045286536216736,
            -0.10434924066066742
        ],
        [
            0.060764096677303314,
            -0.8076204061508179,
            -0.10067950189113617
        ],
        [
            0.05659070611000061,
            -0.8395269513130188,
            -0.10586456954479218
        ],
        [
            0.06071025878190994,
            -0.839422345161438,
            -0.10335581749677658
        ],
        [
            0.06076950952410698,
            -0.8410124778747559,
            -0.10568641126155853
        ],
        [
            0.05645819380879402,
            -0.8422789573669434,
            -0.10866229981184006
        ],
        [
            0.06443075090646744,
            -0.8390028476715088,
            -0.10175896435976028
        ],
        [
            0.0660945251584053,
            -0.838713526725769,
            -0.10115140676498413
        ],
        [
            0.06577268987894058,
            -0.840088963508606,
            -0.10238993912935257
        ],
        [
            0.06422249972820282,
            -0.8398789763450623,
            -0.10243474692106247
        ],
        [
            0.062263116240501404,
            -0.8395487070083618,
            -0.10286466777324677
        ],
        [
            0.06122365593910217,
            -0.8375734090805054,
            -0.10318350791931152
        ],
        [
            0.06354724615812302,
            -0.838188648223877,
            -0.10217646509408951
        ],
        [
            0.05748448520898819,
            -0.8368492126464844,
            -0.10572180151939392
        ],
        [
            0.044351525604724884,
            -0.8348711729049683,
            -0.11254504323005676
        ],
        [
            0.04830233007669449,
            -0.835390031337738,
            -0.1113513857126236
        ],
        [
            0.046993695199489594,
            -0.8399722576141357,
            -0.11035534739494324
        ],
        [
            0.04363982006907463,
            -0.8397811651229858,
            -0.11130843311548233
        ],
        [
            0.06392727792263031,
            -0.8419187068939209,
            -0.104196697473526
        ],
        [
            0.06655284762382507,
            -0.8435877561569214,
            -0.10387592017650604
        ],
        [
            0.06263235211372375,
            -0.8465097546577454,
            -0.1070910170674324
        ],
        [
            0.06146906316280365,
            -0.8437193632125854,
            -0.10634125769138336
        ],
        [
            0.06928279995918274,
            -0.8454858064651489,
            -0.10383064299821854
        ],
        [
            0.06811808049678802,
            -0.8412171602249146,
            -0.10199350118637085
        ],
        [
            0.07125139981508255,
            -0.8416750431060791,
            -0.10154959559440613
        ],
        [
            0.0655670315027237,
            -0.836871862411499,
            -0.10109284520149231
        ],
        [
            0.06835858523845673,
            -0.8350698947906494,
            -0.0998479500412941
        ],
        [
            0.06882114708423615,
            -0.8378214836120605,
            -0.10088417679071426
        ],
        [
            0.06631568819284439,
            -0.8317832350730896,
            -0.10008912533521652
        ],
        [
            0.0630255788564682,
            -0.8349973559379578,
            -0.10194520652294159
        ],
        [
            0.059299640357494354,
            -0.833241879940033,
            -0.10443325340747833
        ],
        [
            0.054442647844552994,
            -0.8317776322364807,
            -0.10755661129951477
        ],
        [
            0.05708107724785805,
            -0.8267536163330078,
            -0.10464226454496384
        ],
        [
            0.0623687282204628,
            -0.8289246559143066,
            -0.10198475420475006
        ],
        [
            0.06475131958723068,
            -0.8502073287963867,
            -0.1063784807920456
        ],
        [
            0.07315805554389954,
            -0.837013304233551,
            -0.09934435784816742
        ],
        [
            0.07669338583946228,
            -0.8434102535247803,
            -0.09953293204307556
        ],
        [
            0.07312477380037308,
            -0.8320763111114502,
            -0.09817759692668915
        ],
        [
            0.07110989093780518,
            -0.8275283575057983,
            -0.09758000075817108
        ],
        [
            0.06705930829048157,
            -0.8234816789627075,
            -0.09845525771379471
        ],
        [
            0.06123390421271324,
            -0.8203588724136353,
            -0.10105076432228088
        ],
        [
            0.05741448700428009,
            -0.7956885099411011,
            -0.09293769299983978
        ],
        [
            0.06608815491199493,
            -0.8000999689102173,
            -0.08958009630441666
        ],
        [
            0.07374908775091171,
            -0.9207298755645752,
            -0.10917020589113235
        ],
        [
            0.08264864981174469,
            -0.9194108247756958,
            -0.10726731270551682
        ],
        [
            0.08317439258098602,
            -0.9117404222488403,
            -0.10231520235538483
        ],
        [
            0.08506643027067184,
            -0.914338231086731,
            -0.10228261351585388
        ],
        [
            0.07955408841371536,
            -0.9155349731445312,
            -0.10523487627506256
        ],
        [
            0.07905907928943634,
            -0.912758469581604,
            -0.10449910163879395
        ],
        [
            0.09782024472951889,
            -0.9037050008773804,
            -0.088290736079216
        ],
        [
            0.09266893565654755,
            -0.9057319164276123,
            -0.09246349334716797
        ],
        [
            0.09307734668254852,
            -0.9018243551254272,
            -0.09099774807691574
        ],
        [
            0.09932278096675873,
            -0.8969417214393616,
            -0.0876939445734024
        ],
        [
            0.0847063735127449,
            -0.8944058418273926,
            -0.09744986891746521
        ],
        [
            0.08931639790534973,
            -0.8955268859863281,
            -0.09449136257171631
        ],
        [
            0.08551256358623505,
            -0.9024314284324646,
            -0.09695889055728912
        ],
        [
            0.08218175172805786,
            -0.901661217212677,
            -0.09918434172868729
        ],
        [
            0.07821563631296158,
            -0.9013665318489075,
            -0.10092124342918396
        ],
        [
            0.07390885055065155,
            -0.9015599489212036,
            -0.10174639523029327
        ],
        [
            0.07398366928100586,
            -0.8961423635482788,
            -0.10123632848262787
        ],
        [
            0.07922579348087311,
            -0.8949410915374756,
            -0.09981676191091537
        ],
        [
            0.07295569032430649,
            -0.9170087575912476,
            -0.10604818165302277
        ],
        [
            0.06583406031131744,
            -0.9165359735488892,
            -0.10499570518732071
        ],
        [
            0.06713587045669556,
            -0.913425087928772,
            -0.10453824698925018
        ],
        [
            0.07319118082523346,
            -0.913720965385437,
            -0.10565850883722305
        ],
        [
            0.057214781641960144,
            -0.907306969165802,
            -0.09847146272659302
        ],
        [
            0.05844146013259888,
            -0.9097928404808044,
            -0.09961479902267456
        ],
        [
            0.05483802780508995,
            -0.9113500714302063,
            -0.10054285079240799
        ],
        [
            0.05385278910398483,
            -0.9067668318748474,
            -0.09964527934789658
        ],
        [
            0.056024618446826935,
            -0.9035745859146118,
            -0.09990128874778748
        ],
        [
            0.05839730054140091,
            -0.9055020809173584,
            -0.09903629124164581
        ],
        [
            0.07888339459896088,
            -0.973840057849884,
            -0.10028738528490067
        ],
        [
            0.0723213404417038,
            -0.9574717283248901,
            -0.10832496732473373
        ],
        [
            0.09473349899053574,
            -0.9661067724227905,
            -0.08940619975328445
        ],
        [
            0.10487224161624908,
            -0.9552919864654541,
            -0.07937248051166534
        ],
        [
            0.11262275278568268,
            -0.9414787292480469,
            -0.07047425210475922
        ],
        [
            0.09243312478065491,
            -0.8411012887954712,
            -0.08619467914104462
        ],
        [
            0.09406028687953949,
            -0.8318195343017578,
            -0.07996132969856262
        ],
        [
            0.10287131369113922,
            -0.8387595415115356,
            -0.06882794201374054
        ],
        [
            0.1012023314833641,
            -0.8281551003456116,
            -0.063212089240551
        ],
        [
            0.09245177358388901,
            -0.8213604688644409,
            -0.0754888653755188
        ],
        [
            0.07937873899936676,
            -0.8034148216247559,
            -0.07104267179965973
        ],
        [
            0.08765347301959991,
            -0.8113027811050415,
            -0.07242065668106079
        ],
        [
            0.09658627212047577,
            -0.8180367946624756,
            -0.05643857270479202
        ],
        [
            0.10528174042701721,
            -0.8300100564956665,
            -0.04205049201846123
        ],
        [
            0.10809428989887238,
            -0.8375787734985352,
            -0.05148651823401451
        ],
        [
            0.11058776080608368,
            -0.8451701402664185,
            -0.02962612733244896
        ],
        [
            0.10128407180309296,
            -0.8225396275520325,
            -0.028773531317710876
        ],
        [
            0.10852593183517456,
            -0.8438835144042969,
            -0.020283346995711327
        ],
        [
            0.08636356145143509,
            -0.7848050594329834,
            -0.028543271124362946
        ],
        [
            0.08862391114234924,
            -0.7722870111465454,
            -0.02261756919324398
        ],
        [
            0.09894916415214539,
            -0.7788650989532471,
            -0.008838675916194916
        ],
        [
            0.09821587055921555,
            -0.7912231683731079,
            -0.01515917107462883
        ],
        [
            0.10868623852729797,
            -0.8462981581687927,
            -0.05988773703575134
        ],
        [
            0.11333057284355164,
            -0.9097747802734375,
            -0.06701270490884781
        ],
        [
            0.10809140652418137,
            -0.9099401235580444,
            -0.07798942178487778
        ],
        [
            0.11505284905433655,
            -0.8968155980110168,
            -0.06387902796268463
        ],
        [
            0.11969906091690063,
            -0.9679552912712097,
            -0.049179475754499435
        ],
        [
            0.11334487795829773,
            -0.964152991771698,
            -0.06596307456493378
        ],
        [
            0.1196819543838501,
            -0.9482971429824829,
            -0.05956394970417023
        ],
        [
            0.12573713064193726,
            -0.9542471170425415,
            -0.04445105046033859
        ],
        [
            0.09255333989858627,
            -1.0030243396759033,
            -0.055632393807172775
        ],
        [
            0.08761709928512573,
            -0.9912620782852173,
            -0.07990619540214539
        ],
        [
            0.0999007448554039,
            -0.9790265560150146,
            -0.07343289256095886
        ],
        [
            0.10567998886108398,
            -0.9881587028503418,
            -0.05402716249227524
        ],
        [
            0.12863539159297943,
            -0.9556068778038025,
            -0.03153824806213379
        ],
        [
            0.13116879761219025,
            -0.9566099643707275,
            -0.013103671371936798
        ],
        [
            0.12879663705825806,
            -0.9731066226959229,
            -0.006499342620372772
        ],
        [
            0.12434214353561401,
            -0.9729542136192322,
            -0.02864794060587883
        ],
        [
            0.11804600059986115,
            -0.9935246706008911,
            0.0012604668736457825
        ],
        [
            0.1129777580499649,
            -0.9940675497055054,
            -0.02601166069507599
        ],
        [
            0.10678863525390625,
            -0.8301582932472229,
            -0.00818215124309063
        ],
        [
            0.10928799211978912,
            -0.8484266996383667,
            -0.007282540202140808
        ],
        [
            0.09721523523330688,
            -0.8060122728347778,
            -0.023075168952345848
        ],
        [
            0.10485386103391647,
            -0.8131584525108337,
            -0.006547125056385994
        ],
        [
            0.10097387433052063,
            -1.0096110105514526,
            0.008075244724750519
        ],
        [
            0.09617204964160919,
            -1.0114822387695312,
            -0.02448033168911934
        ],
        [
            0.1248864233493805,
            -0.9344925284385681,
            0.03709079325199127
        ],
        [
            0.12765558063983917,
            -0.9522838592529297,
            0.02820596843957901
        ],
        [
            0.1312934011220932,
            -0.9393020272254944,
            0.012389861047267914
        ],
        [
            0.1288805902004242,
            -0.9244571328163147,
            0.022709108889102936
        ],
        [
