{
    "pred_cam": [
        1.415670394897461,
        0.14284221827983856,
        0.2890106439590454
    ],
    "pred_smpl_params": {
        "global_orient": [
            [
                [
                    -0.6943870186805725,
                    0.06644683331251144,
                    -0.7165274620056152
                ],
                [
                    0.19811280071735382,
                    -0.9395962357521057,
                    -0.2791242003440857
                ],
                [
                    -0.6917933821678162,
                    -0.33577343821525574,
                    0.6392794847488403
                ]
            ]
        ],
        "body_pose": [
            [
                [
                    0.9996143579483032,
                    0.01623067818582058,
                    0.022533664479851723
                ],
                [
                    -0.020653631538152695,
                    0.9769335985183716,
                    0.21254228055477142
                ],
                [
                    -0.01856418512761593,
                    -0.2129257172346115,
                    0.9768920540809631
                ]
            ],
            [
                [
                    0.9901209473609924,
                    0.09622283279895782,
                    -0.10198815166950226
                ],
                [
                    -0.07629211992025375,
                    0.9799761176109314,
                    0.18391968309879303
                ],
                [
                    0.11764320731163025,
                    -0.17432186007499695,
                    0.97763592004776
                ]
            ],
            [
                [
                    0.9969057440757751,
                    -0.017426777631044388,
                    0.07664957642555237
                ],
                [
                    0.035812173038721085,
                    0.9687280654907227,
                    -0.24552707374095917
                ],
                [
                    -0.06997384130954742,
                    0.2475123554468155,
                    0.9663546681404114
                ]
            ],
            [
                [
                    0.9933682084083557,
                    0.11329859495162964,
                    -0.01957300491631031
                ],
                [
                    -0.1147332563996315,
                    0.9878703951835632,
                    -0.10463373363018036
                ],
                [
                    0.007480735424906015,
                    0.10618548840284348,
                    0.9943181872367859
                ]
            ],
            [
                [
                    0.9960903525352478,
                    -0.06889403611421585,
                    -0.055295150727033615
                ],
                [
                    0.0601312480866909,
                    0.9873183965682983,
                    -0.1469239592552185
                ],
                [
                    0.06471610069274902,
                    0.14302459359169006,
                    0.9876010417938232
                ]
            ],
            [
                [
                    0.9975818395614624,
                    -0.009917490184307098,
                    0.06879136711359024
                ],
                [
                    0.013956493698060513,
                    0.9981908202171326,
                    -0.058484114706516266
                ],
                [
                    -0.0680868923664093,
                    0.05930276960134506,
                    0.9959154725074768
                ]
            ],
            [
                [
                    0.9846343994140625,
                    0.04665980860590935,
                    0.16827911138534546
                ],
                [
                    -0.03842933475971222,
                    0.9979156851768494,
                    -0.05184037610888481
                ],
                [
                    -0.17034722864627838,
                    0.04457695782184601,
                    0.9843752384185791
                ]
            ],
            [
                [
                    0.9784920811653137,
                    0.0042174034751951694,
                    -0.20624129474163055
                ],
                [
                    0.001063651405274868,
                    0.9996745586395264,
                    0.02548862062394619
                ],
                [
                    0.2062816619873047,
                    -0.02515978179872036,
                    0.9781691431999207
                ]
            ],
            [
                [
                    0.9983752369880676,
                    0.006312537007033825,
                    0.05663061514496803
                ],
                [
                    -0.0014615291729569435,
                    0.9963545203208923,
                    -0.08529610186815262
                ],
                [
                    -0.05696260929107666,
                    0.08507474511861801,
                    0.9947448968887329
                ]
            ],
            [
                [
                    0.9942073822021484,
                    -0.0855884775519371,
                    0.06501003354787827
                ],
                [
                    0.08629286289215088,
                    0.9962369203567505,
                    -0.008100302889943123
                ],
                [
                    -0.06407209485769272,
                    0.013663282617926598,
                    0.9978517889976501
                ]
            ],
            [
                [
                    0.9986861944198608,
                    0.04499610885977745,
                    -0.024520736187696457
                ],
                [
                    -0.04510746896266937,
                    0.998974084854126,
                    -0.0040071457624435425
                ],
                [
                    0.024315273389220238,
                    0.005107949022203684,
                    0.9996913075447083
                ]
            ],
            [
                [
                    0.9699370861053467,
                    0.019645659253001213,
                    0.2425616830587387
                ],
                [
                    0.013278339058160782,
                    0.9909788966178894,
                    -0.13335822522640228
                ],
                [
                    -0.24299344420433044,
                    0.13256989419460297,
                    0.9609262943267822
                ]
            ],
            [
                [
                    0.9282499551773071,
                    0.18326330184936523,
                    -0.32367661595344543
                ],
                [
                    -0.1611451804637909,
                    0.982433557510376,
                    0.09410934895277023
                ],
                [
                    0.3352375626564026,
                    -0.035198066383600235,
                    0.9414759278297424
                ]
            ],
            [
                [
                    0.887771725654602,
                    -0.29404082894325256,
                    0.35412076115608215
                ],
                [
                    0.2813396751880646,
                    0.955553412437439,
                    0.08812328428030014
                ],
                [
                    -0.36429309844970703,
                    0.021394869312644005,
                    0.9310386776924133
                ]
            ],
            [
                [
                    0.9921789765357971,
                    0.09832358360290527,
                    0.07689839601516724
                ],
                [
                    -0.05754988268017769,
                    0.907002866268158,
                    -0.4171736240386963
                ],
                [
                    -0.11076506972312927,
                    0.409485399723053,
                    0.9055677056312561
                ]
            ],
            [
                [
                    0.7140040397644043,
                    0.5068825483322144,
                    -0.48297861218452454
                ],
                [
                    -0.5554553866386414,
                    0.8300432562828064,
                    0.049975406378507614
                ],
                [
                    0.4262247681617737,
                    0.23259040713310242,
                    0.8742048740386963
                ]
            ],
            [
                [
                    0.5537708401679993,
                    -0.624257504940033,
                    0.5510357618331909
                ],
                [
                    0.6649473905563354,
                    0.7298581600189209,
                    0.1585940569639206
                ],
                [
                    -0.5011814832687378,
                    0.2785849869251251,
                    0.8192725777626038
                ]
            ],
            [
                [
                    0.6426976919174194,
                    -0.04928216338157654,
                    -0.7645332217216492
                ],
                [
                    -0.06681927293539047,
                    0.990520179271698,
                    -0.12002040445804596
                ],
                [
                    0.7632004618644714,
                    0.12822239100933075,
                    0.6333120465278625
                ]
            ],
            [
                [
                    0.5601557493209839,
                    0.12616437673568726,
                    0.8187234401702881
                ],
                [
                    -0.08544063568115234,
                    0.9918623566627502,
                    -0.09438791126012802
                ],
                [
                    -0.8239692449569702,
                    -0.01708035171031952,
                    0.5663769841194153
                ]
            ],
            [
                [
                    0.9931396842002869,
                    -0.09841921925544739,
                    -0.06314423680305481
                ],
                [
                    0.10148350149393082,
                    0.9937119483947754,
                    0.04730362072587013
                ],
                [
                    0.058091603219509125,
                    -0.05338720232248306,
                    0.9968826770782471
                ]
            ],
            [
                [
                    0.9924977421760559,
                    0.08519844710826874,
                    0.08768952637910843
                ],
                [
                    -0.09799841791391373,
                    0.9832159280776978,
                    0.15389230847358704
                ],
                [
                    -0.07310634106397629,
                    -0.1613312065601349,
                    0.9841889142990112
                ]
            ],
            [
                [
                    0.9862569570541382,
                    0.13463586568832397,
                    -0.09576156735420227
                ],
                [
                    -0.12083391100168228,
                    0.9830787181854248,
                    0.13767878711223602
                ],
                [
                    0.11267764866352081,
                    -0.12421543151140213,
                    0.9858368039131165
                ]
            ],
            [
                [
                    0.9849643111228943,
                    -0.16202494502067566,
                    0.05994267761707306
                ],
                [
                    0.1539592295885086,
                    0.9806545376777649,
                    0.12088470160961151
                ],
                [
                    -0.07836940139532089,
                    -0.10983839631080627,
                    0.9908549785614014
                ]
            ]
        ],
        "betas": [
            -0.2509324848651886,
            -0.3569595515727997,
            0.2601310908794403,
            0.8073261976242065,
            0.2739890217781067,
            -0.0790562853217125,
            -0.02407515048980713,
            -0.04476657509803772,
            0.06411747634410858,
            -0.046754926443099976
        ]
    },
    "pred_cam_t": [
        0.14284221827983856,
        0.2890106439590454,
        27.592933654785156
    ],
    "focal_length": [
        5000.0,
        5000.0
    ],
    "pred_keypoints_3d": [
        [
            -0.2068997472524643,
            -0.7496386170387268,
            -0.03326338902115822
        ],
        [
            -0.028626786544919014,
            -0.7272433042526245,
            -0.07614277303218842
        ],
        [
            0.061708323657512665,
            -0.6616125106811523,
            0.09505721926689148
        ],
        [
            0.006926652044057846,
            -0.4545808434486389,
            0.21892577409744263
        ],
        [
            -0.23006699979305267,
            -0.39057034254074097,
            0.2525966763496399
        ],
        [
            -0.13232490420341492,
            -0.6157218813896179,
            -0.19897711277008057
        ],
        [
            -0.27913206815719604,
            -0.40911805629730225,
            -0.20582261681556702
        ],
        [
            -0.4075924754142761,
            -0.3276969790458679,
            -0.01703701913356781
        ],
        [
            -0.0021101634483784437,
            -0.23033127188682556,
            0.02878163382411003
        ],
        [
            0.04166056588292122,
            -0.15781188011169434,
            0.10331130027770996
        ],
        [
            0.02934557944536209,
            0.1525130569934845,
            0.3055076599121094
        ],
        [
            0.008208602666854858,
            0.5233019590377808,
            0.40715134143829346
        ],
        [
            -0.051699262112379074,
            -0.12908022105693817,
            0.007388634607195854
        ],
        [
            -0.14479951560497284,
            0.18877004086971283,
            0.1541212797164917
        ],
        [
            -0.12447306513786316,
            0.5329184532165527,
            0.3245388865470886
        ],
        [
            -0.19623325765132904,
            -0.8045539855957031,
            -0.008423257619142532
        ],
        [
            -0.21161140501499176,
            -0.7955232858657837,
            -0.07253289222717285
        ],
        [
            -0.10257647931575775,
            -0.8528358936309814,
            0.008253753185272217
        ],
        [
            -0.13941718637943268,
            -0.8327162265777588,
            -0.1360083967447281
        ],
        [
            -0.27861282229423523,
            0.530554473400116,
            0.453119158744812
        ],
        [
            -0.2772982120513916,
            0.5718380808830261,
            0.38036155700683594
        ],
        [
            -0.08134236931800842,
            0.5812417268753052,
            0.3056865930557251
        ],
        [
            -0.08701763302087784,
            0.4978419542312622,
            0.579326331615448
        ],
        [
            4.155188798904419e-05,
            0.5114941596984863,
            0.5764609575271606
        ],
        [
            0.03226510062813759,
            0.5829879641532898,
            0.3787342309951782
        ],
        [
            0.045072056353092194,
            0.48387610912323,
            0.3792841136455536
        ],
        [
            0.03265180066227913,
            0.09506796300411224,
            0.2741400897502899
        ],
        [
            0.11103838682174683,
            -0.2867506146430969,
            0.11181482672691345
        ],
        [
            -0.08344040811061859,
            -0.20941191911697388,
            -0.09597058594226837
        ],
        [
            -0.14405325055122375,
            0.15385955572128296,
            0.12674926221370697
        ],
        [
            -0.10982920229434967,
            0.5137129426002502,
            0.28831663727760315
        ],
        [
            -0.2224476933479309,
            -0.4241147041320801,
            0.2354833334684372
        ],
        [
            -0.003432295750826597,
            -0.48845580220222473,
            0.23644645512104034
        ],
        [
            0.043137453496456146,
            -0.6878561973571777,
            0.060330383479595184
        ],
        [
            -0.11369463801383972,
            -0.6487910747528076,
            -0.19226230680942535
        ],
        [
            -0.3006705939769745,
            -0.452606737613678,
            -0.2007535994052887
        ],
        [
            -0.40603476762771606,
            -0.349883496761322,
            -0.020024748519062996
        ],
        [
            -0.03712732344865799,
            -0.7181412577629089,
            -0.07129122316837311
        ],
        [
            -0.16661818325519562,
            -0.8766516447067261,
            -0.06228773668408394
        ],
        [
            0.013314871117472649,
            -0.24837493896484375,
            0.007310760673135519
        ],
        [
            -0.03279571980237961,
            -0.6645928025245667,
            -0.06340184807777405
        ],
        [
            0.020121213048696518,
            -0.49061575531959534,
            -0.05645791068673134
        ],
        [
            -0.1322990208864212,
            -0.7660996317863464,
            -0.057712335139513016
        ],
        [
            -0.1696595549583435,
            -0.896391749382019,
            -0.0605907216668129
        ]
    ],
    "pred_vertices": [
        [
            -0.2418510466814041,
            -0.8332275152206421,
            -0.08317650854587555
        ],
        [
            -0.23790870606899261,
            -0.8179090023040771,
            -0.07595912367105484
        ],
        [
            -0.23095619678497314,
            -0.8185286521911621,
            -0.08886843919754028
        ],
        [
            -0.23089957237243652,
            -0.8315540552139282,
            -0.09650994837284088
        ],
        [
            -0.2298082411289215,
            -0.8078793287277222,
            -0.08371822535991669
        ],
        [
            -0.23361682891845703,
            -0.8068424463272095,
            -0.0725075975060463
        ],
        [
            -0.2206984907388687,
            -0.8177910447120667,
            -0.0981721580028534
        ],
        [
            -0.21747490763664246,
            -0.8286435604095459,
            -0.10569915175437927
        ],
        [
            -0.19246163964271545,
            -0.7933535575866699,
            -0.10654133558273315
        ],
        [
            -0.1837187111377716,
            -0.7942408323287964,
            -0.1128820925951004
        ],
        [
            -0.19175317883491516,
            -0.8038133978843689,
            -0.11197742074728012
        ],
        [
            -0.19815440475940704,
            -0.8006272315979004,
            -0.104963019490242
        ],
        [
            -0.1751868575811386,
            -0.7738809585571289,
            -0.10642257332801819
        ],
        [
            -0.1753513514995575,
            -0.7625479698181152,
            -0.09859655052423477
        ],
        [
            -0.16313201189041138,
            -0.7598789930343628,
            -0.10339473187923431
        ],
        [
            -0.16151189804077148,
            -0.771498441696167,
            -0.11054150015115738
        ],
        [
            -0.19462785124778748,
            -0.766277015209198,
            -0.06147785484790802
        ],
        [
            -0.19140349328517914,
            -0.7605293989181519,
            -0.06702937930822372
        ],
        [
            -0.19545385241508484,
            -0.7659099698066711,
            -0.07094388455152512
        ],
        [
            -0.19777698814868927,
            -0.7712612152099609,
            -0.06481772661209106
        ],
        [
            -0.20297113060951233,
            -0.7724816799163818,
            -0.05127311125397682
        ],
        [
            -0.20360034704208374,
            -0.7786411046981812,
            -0.05308570712804794
        ],
        [
            -0.2089260220527649,
            -0.7796841859817505,
            -0.04722875356674194
        ],
        [
            -0.20897874236106873,
            -0.7723143696784973,
            -0.04605744034051895
        ],
        [
            -0.19039973616600037,
            -0.7627121210098267,
            -0.056277718394994736
        ],
        [
            -0.18680113554000854,
            -0.75701504945755,
            -0.06223011389374733
        ],
        [
            -0.1978188455104828,
            -0.7708644866943359,
            -0.05664198845624924
        ],
        [
            -0.196845144033432,
            -0.7663865089416504,
            -0.054351918399333954
        ],
        [
            -0.2015194594860077,
            -0.7562198638916016,
            -0.04911324381828308
        ],
        [
            -0.2033153474330902,
            -0.7606449127197266,
            -0.05100987106561661
        ],
        [
            -0.20880520343780518,
            -0.758333683013916,
            -0.046240177005529404
        ],
        [
            -0.2048918902873993,
            -0.7542506456375122,
            -0.045085832476615906
        ],
        [
            -0.19402776658535004,
            -0.760151743888855,
            -0.05422235280275345
        ],
        [
            -0.19810256361961365,
            -0.76108717918396,
            -0.05409412086009979
        ],
        [
            -0.1974332183599472,
            -0.7570695877075195,
            -0.051153186708688736
        ],
        [
            -0.19324657320976257,
            -0.757175087928772,
            -0.05042393133044243
        ],
        [
            -0.20279791951179504,
            -0.7675464153289795,
            -0.05024757608771324
        ],
        [
            -0.20909158885478973,
            -0.7657135725021362,
            -0.04582392796874046
        ],
        [
            -0.21483972668647766,
            -0.7636173963546753,
            -0.04035016521811485
        ],
        [
            -0.2131742388010025,
            -0.7548357248306274,
            -0.04026702046394348
        ],
        [
            -0.18093153834342957,
            -0.7512271404266357,
            -0.07912126928567886
        ],
        [
            -0.18711426854133606,
            -0.7554042339324951,
            -0.07347579300403595
        ],
        [
            -0.18337345123291016,
            -0.7521013021469116,
            -0.06831764429807663
        ],
        [
            -0.1790204644203186,
            -0.7483623623847961,
            -0.07357511669397354
        ],
        [
            -0.18892723321914673,
            -0.7562848925590515,
            -0.05224358290433884
        ],
        [
            -0.18094733357429504,
            -0.7427583932876587,
            -0.055606383830308914
        ],
        [
            -0.18329337239265442,
            -0.7457402944564819,
            -0.055895041674375534
        ],
        [
            -0.18580222129821777,
            -0.7450625896453857,
            -0.04914962872862816
        ],
        [
            -0.18359166383743286,
            -0.7422680854797363,
            -0.04953642189502716
        ],
        [
            -0.1668635755777359,
            -0.7435017228126526,
            -0.0861181765794754
        ],
        [
            -0.16868071258068085,
            -0.7409206628799438,
            -0.07946665585041046
        ],
        [
            -0.1628166139125824,
            -0.7366229891777039,
            -0.08044735342264175
        ],
        [
            -0.15915732085704803,
            -0.738983154296875,
            -0.08666631579399109
        ],
        [
            -0.15835538506507874,
            -0.7327999472618103,
            -0.07794933021068573
        ],
        [
            -0.15221935510635376,
            -0.7345864772796631,
            -0.08565141260623932
        ],
        [
            -0.14283503592014313,
            -0.7240021228790283,
            -0.076195128262043
        ],
        [
            -0.14693039655685425,
            -0.7287845611572266,
            -0.08109263330698013
        ],
        [
            -0.15475934743881226,
            -0.7285383343696594,
            -0.07377132773399353
        ],
        [
            -0.15327462553977966,
            -0.7233802080154419,
            -0.06761957705020905
        ],
        [
            -0.1599760800600052,
            -0.7242574691772461,
            -0.05456579849123955
        ],
        [
            -0.16017353534698486,
            -0.7226488590240479,
            -0.048266373574733734
        ],
        [
            -0.15261141955852509,
            -0.7132371664047241,
            -0.05289749801158905
        ],
        [
            -0.15300694108009338,
            -0.7171579003334045,
            -0.05980686843395233
        ],
        [
            -0.1738913357257843,
            -0.7403255701065063,
            -0.05595497414469719
        ],
        [
            -0.17249971628189087,
            -0.741358757019043,
            -0.060456953942775726
        ],
        [
            -0.1752261519432068,
            -0.7412422895431519,
            -0.060296282172203064
        ],
        [
            -0.17764993011951447,
            -0.7409361004829407,
            -0.05561944097280502
        ],
        [
            -0.1716390699148178,
            -0.7416120767593384,
            -0.06444006413221359
        ],
        [
            -0.17123626172542572,
            -0.7416180372238159,
            -0.06620728969573975
        ],
        [
            -0.17290954291820526,
            -0.7419959902763367,
            -0.06577636301517487
        ],
        [
            -0.1724555790424347,
            -0.7419369220733643,
            -0.06446485966444016
        ],
        [
            -0.17236784100532532,
            -0.7415847182273865,
            -0.0623612254858017
        ],
        [
            -0.17136400938034058,
            -0.7399613857269287,
            -0.061192356050014496
        ],
        [
            -0.1714211106300354,
            -0.740813136100769,
            -0.06341719627380371
        ],
        [
            -0.17246422171592712,
            -0.7382004261016846,
            -0.05709348991513252
        ],
        [
            -0.17518410086631775,
            -0.7337813377380371,
            -0.0432157889008522
        ],
        [
            -0.1749884933233261,
            -0.7343015670776367,
            -0.047072771936655045
        ],
        [
            -0.17634621262550354,
            -0.7386830449104309,
            -0.045939259231090546
        ],
        [
            -0.17670828104019165,
            -0.7384554147720337,
            -0.04270092397928238
        ],
        [
            -0.1751401126384735,
            -0.7428371906280518,
            -0.06406842172145844
        ],
        [
            -0.17610348761081696,
            -0.7439670562744141,
            -0.06630967557430267
        ],
        [
            -0.1796082854270935,
            -0.7448376417160034,
            -0.06196526065468788
        ],
        [
            -0.1773548722267151,
            -0.7430630326271057,
            -0.06084819883108139
        ],
        [
            -0.17752230167388916,
            -0.7452473640441895,
            -0.06924325227737427
        ],
        [
            -0.17356988787651062,
            -0.7430552244186401,
            -0.06814202666282654
        ],
        [
            -0.1742018759250641,
            -0.7436002492904663,
            -0.0713634341955185
        ],
        [
            -0.1700924038887024,
            -0.7402899265289307,
            -0.06560032814741135
        ],
        [
            -0.16848304867744446,
            -0.739450216293335,
            -0.06856165826320648
        ],
        [
            -0.17096586525440216,
            -0.7409074306488037,
            -0.06898392736911774
        ],
        [
            -0.16661123931407928,
            -0.7367602586746216,
            -0.06639464944601059
        ],
        [
            -0.16932857036590576,
            -0.7385026216506958,
            -0.06287059187889099
        ],
        [
            -0.1698719710111618,
            -0.7358753681182861,
            -0.058813612908124924
        ],
        [
            -0.1708652824163437,
            -0.7331670522689819,
            -0.053616393357515335
        ],
        [
            -0.16613560914993286,
            -0.730641782283783,
            -0.05650974065065384
        ],
        [
            -0.16599473357200623,
            -0.733563244342804,
            -0.06212734431028366
        ],
        [
            -0.1816781461238861,
            -0.7482468485832214,
            -0.06428277492523193
        ],
        [
            -0.16993577778339386,
            -0.7408350706100464,
            -0.07352913916110992
        ],
        [
            -0.17426720261573792,
            -0.7454648017883301,
            -0.0769156888127327
        ],
        [
            -0.1662452071905136,
            -0.7375773787498474,
            -0.07356656342744827
        ],
        [
            -0.16299009323120117,
            -0.7344268560409546,
            -0.07145839184522629
        ],
        [
            -0.16104358434677124,
            -0.7308874130249023,
            -0.06669016927480698
        ],
        [
            -0.16031917929649353,
            -0.7272903323173523,
            -0.06092412769794464
        ],
        [
            -0.13923417031764984,
            -0.7118300199508667,
            -0.057458702474832535
        ],
        [
            -0.14133287966251373,
            -0.7167396545410156,
            -0.0661282166838646
        ],
        [
            -0.22617080807685852,
            -0.8025805950164795,
            -0.07094409316778183
        ],
        [
            -0.2252790629863739,
            -0.8021724224090576,
            -0.08006314188241959
        ],
        [
            -0.216795414686203,
            -0.7985283732414246,
            -0.08139106631278992
        ],
        [
            -0.21833765506744385,
            -0.8000648021697998,
            -0.08306735754013062
        ],
        [
            -0.22095796465873718,
            -0.8001519441604614,
            -0.0773729607462883
        ],
        [
            -0.2184770256280899,
            -0.7982808947563171,
            -0.07697407901287079
        ],
        [
            -0.2025662511587143,
            -0.7997850775718689,
            -0.09798727929592133
        ],
        [
            -0.20627570152282715,
            -0.7992513179779053,
            -0.09220089763402939
        ],
        [
            -0.20296628773212433,
            -0.7970237731933594,
            -0.09259726107120514
        ],
        [
            -0.1986524909734726,
            -0.7944443225860596,
            -0.09958022832870483
        ],
        [
            -0.20256811380386353,
            -0.7880133390426636,
            -0.08383937180042267
        ],
        [
            -0.2016969919204712,
            -0.7902638912200928,
            -0.08866932988166809
        ],
        [
            -0.2068505585193634,
            -0.7945986390113831,
            -0.08458001911640167
        ],
        [
            -0.20761170983314514,
            -0.7928929328918457,
            -0.0811428353190422
        ],
        [
            -0.20808391273021698,
            -0.7919255495071411,
            -0.07713595777750015
        ],
        [
            -0.20842906832695007,
            -0.7917317748069763,
            -0.07263962924480438
        ],
        [
            -0.20476850867271423,
            -0.7878098487854004,
            -0.07328920811414719
        ],
        [
            -0.20371246337890625,
            -0.7874232530593872,
            -0.0785239189863205
        ],
        [
            -0.2212594449520111,
            -0.8012264966964722,
            -0.07098189741373062
        ],
        [
            -0.21924592554569244,
            -0.8017009496688843,
            -0.06379646807909012
        ],
        [
            -0.2169540524482727,
            -0.799594521522522,
            -0.06546616554260254
        ],
        [
            -0.2189282774925232,
            -0.7988990545272827,
            -0.07128751277923584
        ],
        [
            -0.2071424424648285,
            -0.7987442016601562,
            -0.05665837228298187
        ],
        [
            -0.20975151658058167,
            -0.799828052520752,
            -0.05756709724664688
        ],
        [
            -0.21078956127166748,
            -0.8008586764335632,
            -0.053895942866802216
        ],
        [
            -0.2072392702102661,
            -0.7979345321655273,
            -0.05325242504477501
        ],
        [
            -0.20590052008628845,
            -0.7951558828353882,
            -0.055558450520038605
        ],
        [
            -0.20667442679405212,
            -0.7969893217086792,
            -0.057874299585819244
        ],
        [
            -0.25171205401420593,
            -0.8523906469345093,
            -0.07471644878387451
        ],
        [
            -0.2485331892967224,
            -0.8347961902618408,
            -0.06802692264318466
        ],
        [
            -0.24083471298217773,
            -0.8518439531326294,
            -0.09191470593214035
        ],
        [
            -0.22699329257011414,
            -0.8484243154525757,
            -0.10394895821809769
        ],
        [
            -0.21346592903137207,
            -0.8410861492156982,
            -0.11365577578544617
        ],
        [
            -0.16500644385814667,
            -0.7501929998397827,
            -0.09466080367565155
        ],
        [
            -0.15527769923210144,
            -0.7464345693588257,
            -0.09715620428323746
        ],
        [
            -0.15113726258277893,
            -0.7579938769340515,
            -0.10724425315856934
        ],
        [
            -0.14138779044151306,
            -0.7525362968444824,
            -0.10646200180053711
        ],
        [
            -0.14630448818206787,
            -0.7405547499656677,
            -0.09569750726222992
        ],
        [
            -0.13246604800224304,
            -0.7273979187011719,
            -0.08293281495571136
        ],
        [
            -0.13867665827274323,
            -0.7337205410003662,
            -0.09112958610057831
        ],
        [
            -0.13156908750534058,
            -0.7470517158508301,
            -0.10355314612388611
        ],
        [
            -0.12726473808288574,
            -0.7642825245857239,
            -0.11550801992416382
        ],
        [
            -0.13783212006092072,
            -0.7663155794143677,
            -0.11549945175647736
        ],
        [
            -0.126198410987854,
            -0.7840009331703186,
            -0.12241355329751968
        ],
        [
            -0.11437329649925232,
            -0.7630543112754822,
            -0.11407708376646042
        ],
        [
            -0.11814603209495544,
            -0.7881765365600586,
            -0.1214982122182846
        ],
        [
            -0.10435822606086731,
            -0.7338798642158508,
            -0.09417566657066345
        ],
        [
            -0.09989655017852783,
            -0.7268247008323669,
            -0.09508323669433594
        ],
        [
            -0.09330090880393982,
            -0.736911416053772,
            -0.11028673499822617
        ],
        [
            -0.09822171926498413,
            -0.744678258895874,
            -0.10930496454238892
        ],
        [
            -0.14863337576389313,
            -0.7688127160072327,
            -0.1145559772849083
        ],
        [
            -0.19231285154819489,
            -0.8163727521896362,
            -0.1157437413930893
        ],
        [
            -0.20039285719394684,
            -0.8103252649307251,
            -0.10913219302892685
        ],
        [
            -0.18211936950683594,
            -0.8077133297920227,
            -0.11854438483715057
        ],
        [
            -0.21207214891910553,
            -0.8760461211204529,
            -0.1223524734377861
        ],
        [
            -0.22245697677135468,
            -0.8628851175308228,
            -0.11364729702472687
        ],
        [
            -0.20919938385486603,
            -0.8535668849945068,
            -0.12140578776597977
        ],
        [
            -0.2015600949525833,
            -0.8668445348739624,
            -0.1291888803243637
        ],
        [
            -0.23546889424324036,
            -0.9023267030715942,
            -0.09338527917861938
        ],
        [
            -0.24761390686035156,
            -0.8777419328689575,
            -0.08580100536346436
        ],
        [
            -0.23685139417648315,
            -0.8721047043800354,
            -0.09967117756605148
        ],
        [
            -0.22667056322097778,
            -0.8906505107879639,
            -0.10743242502212524
        ],
        [
            -0.19190584123134613,
            -0.8753629922866821,
            -0.1344793736934662
        ],
        [
            -0.17853756248950958,
            -0.8869408369064331,
            -0.13906022906303406
        ],
        [
            -0.18174710869789124,
            -0.9041073322296143,
            -0.13651026785373688
        ],
        [
            -0.1997632086277008,
            -0.8919974565505981,
            -0.13012954592704773
        ],
        [
            -0.18629515171051025,
            -0.9261193871498108,
            -0.12644512951374054
        ],
        [
            -0.20804139971733093,
            -0.9114929437637329,
            -0.11805291473865509
        ],
        [
            -0.10278106480836868,
            -0.7815765142440796,
            -0.12021208554506302
        ],
        [
            -0.11032277345657349,
            -0.7999786138534546,
            -0.12293419241905212
        ],
        [
            -0.1058342456817627,
            -0.7525250911712646,
            -0.1085500717163086
        ],
        [
            -0.09672726690769196,
            -0.7669111490249634,
            -0.11836624145507812
        ],
        [
            -0.18815746903419495,
            -0.9436563849449158,
            -0.10994476079940796
        ],
        [
            -0.21438920497894287,
            -0.9273455739021301,
            -0.1008259579539299
        ],
        [
            -0.1243024468421936,
            -0.8986524343490601,
            -0.14099183678627014
        ],
        [
            -0.14199630916118622,
            -0.907700777053833,
            -0.1405992954969406
        ],
        [
            -0.14765076339244843,
            -0.8876684308052063,
            -0.14365769922733307
        ],
