{
    "pred_cam": [
        1.4469389915466309,
        0.14685727655887604,
        0.2906687259674072
    ],
    "pred_smpl_params": {
        "global_orient": [
            [
                [
                    -0.6784388422966003,
                    0.06791771948337555,
                    -0.7315106391906738
                ],
                [
                    0.2082141637802124,
                    -0.9371138215065002,
                    -0.28011512756347656
                ],
                [
                    -0.704533576965332,
                    -0.34235188364982605,
                    0.621632993221283
                ]
            ]
        ],
        "body_pose": [
            [
                [
                    0.9989983439445496,
                    0.03255044296383858,
                    0.0307062566280365
                ],
                [
                    -0.03835083916783333,
                    0.9763637781143188,
                    0.21270392835140228
                ],
                [
                    -0.023056868463754654,
                    -0.21366846561431885,
                    0.97663414478302
                ]
            ],
            [
                [
                    0.9904722571372986,
                    0.09781301021575928,
                    -0.09693939983844757
                ],
                [
                    -0.07850086688995361,
                    0.9793837070465088,
                    0.18613207340240479
                ],
                [
                    0.11314701288938522,
                    -0.1767488420009613,
                    0.9777308106422424
                ]
            ],
            [
                [
                    0.9967145919799805,
                    -0.024854421615600586,
                    0.07708559930324554
                ],
                [
                    0.04367120936512947,
                    0.9664661884307861,
                    -0.2530531585216522
                ],
                [
                    -0.068211130797863,
                    0.25558820366859436,
                    0.9643763899803162
                ]
            ],
            [
                [
                    0.9906421899795532,
                    0.1363261640071869,
                    0.006583103910088539
                ],
                [
                    -0.1349625587463379,
                    0.9856356978416443,
                    -0.10152550041675568
                ],
                [
                    -0.020329125225543976,
                    0.09968695789575577,
                    0.9948112368583679
                ]
            ],
            [
                [
                    0.9980815649032593,
                    -0.046767812222242355,
                    -0.04056980088353157
                ],
                [
                    0.04174286127090454,
                    0.9922642707824707,
                    -0.11691541224718094
                ],
                [
                    0.04572384059429169,
                    0.11499762535095215,
                    0.9923129081726074
                ]
            ],
            [
                [
                    0.997732400894165,
                    -0.010699097067117691,
                    0.06644953787326813
                ],
                [
                    0.01459521148353815,
                    0.9981849789619446,
                    -0.05842682719230652
                ],
                [
                    -0.06570381671190262,
                    0.059264183044433594,
                    0.9960776567459106
                ]
            ],
            [
                [
                    0.9853517413139343,
                    0.038111742585897446,
                    0.16622066497802734
                ],
                [
                    -0.03119209036231041,
                    0.9985424876213074,
                    -0.044043730944395065
                ],
                [
                    -0.1676570028066635,
                    0.03821379691362381,
                    0.9851043820381165
                ]
            ],
            [
                [
                    0.9785196781158447,
                    -0.006381414830684662,
                    -0.20605483651161194
                ],
                [
                    0.011271689087152481,
                    0.9996817708015442,
                    0.022567709907889366
                ],
                [
                    0.20584525167942047,
                    -0.024405531585216522,
                    0.9782801866531372
                ]
            ],
            [
                [
                    0.9984474778175354,
                    0.001246361411176622,
                    0.055686596781015396
                ],
                [
                    0.003183472901582718,
                    0.9968386292457581,
                    -0.07938998192548752
                ],
                [
                    -0.05560949444770813,
                    0.07944400608539581,
                    0.9952870607376099
                ]
            ],
            [
                [
                    0.9932724833488464,
                    -0.08041782677173615,
                    0.08332350105047226
                ],
                [
                    0.08168727904558182,
                    0.9965865015983582,
                    -0.011933909729123116
                ],
                [
                    -0.08207938820123672,
                    0.01866009272634983,
                    0.9964510798454285
                ]
            ],
            [
                [
                    0.9983556270599365,
                    0.05711546540260315,
                    -0.004899776075035334
                ],
                [
                    -0.057139910757541656,
                    0.9983536601066589,
                    -0.004996125586330891
                ],
                [
                    0.004606353584676981,
                    0.005267881788313389,
                    0.9999755620956421
                ]
            ],
            [
                [
                    0.9529300332069397,
                    -0.0008059704559855163,
                    0.30318915843963623
                ],
                [
                    0.03699733316898346,
                    0.9928324222564697,
                    -0.11364414542913437
                ],
                [
                    -0.3009244501590729,
                    0.11951211839914322,
                    0.9461296796798706
                ]
            ],
            [
                [
                    0.9211416244506836,
                    0.19381724298000336,
                    -0.3375394940376282
                ],
                [
                    -0.1685001254081726,
                    0.980299174785614,
                    0.103058822453022
                ],
                [
                    0.35086432099342346,
                    -0.038056325167417526,
                    0.9356526136398315
                ]
            ],
            [
                [
                    0.8799970746040344,
                    -0.3002784550189972,
                    0.3680192232131958
                ],
                [
                    0.2849840819835663,
                    0.9536457061767578,
                    0.0966637060046196
                ],
                [
                    -0.3799859881401062,
                    0.01981586031615734,
                    0.924780011177063
                ]
            ],
            [
                [
                    0.9835631847381592,
                    0.11599621921777725,
                    0.13837774097919464
                ],
                [
                    -0.04974106326699257,
                    0.9107691049575806,
                    -0.40990909934043884
                ],
                [
                    -0.17357808351516724,
                    0.3962884247303009,
                    0.9015687108039856
                ]
            ],
            [
                [
                    0.7187140583992004,
                    0.49883726239204407,
                    -0.4843672513961792
                ],
                [
                    -0.5429624915122986,
                    0.8378081321716309,
                    0.05717797949910164
                ],
                [
                    0.4343293011188507,
                    0.22189861536026,
                    0.8729944229125977
                ]
            ],
            [
                [
                    0.5424970388412476,
                    -0.6073912382125854,
                    0.5803213119506836
                ],
                [
                    0.6545819640159607,
                    0.7386153340339661,
                    0.16115163266658783
                ],
                [
                    -0.526516318321228,
                    0.29244357347488403,
                    0.7982839941978455
                ]
            ],
            [
                [
                    0.6333958506584167,
                    -0.0527523010969162,
                    -0.7720277309417725
                ],
                [
                    -0.05647670850157738,
                    0.9918616414070129,
                    -0.11410870403051376
                ],
                [
                    0.7717642188072205,
                    0.11587755382061005,
                    0.6252617835998535
                ]
            ],
            [
                [
                    0.5679452419281006,
                    0.11033304035663605,
                    0.8156377077102661
                ],
                [
                    -0.07415628433227539,
                    0.9938035011291504,
                    -0.08279739320278168
                ],
                [
                    -0.8197189569473267,
                    -0.013460256159305573,
                    0.5726078748703003
                ]
            ],
            [
                [
                    0.9923025369644165,
                    -0.10370621085166931,
                    -0.06768012791872025
                ],
                [
                    0.10717214643955231,
                    0.9929946660995483,
                    0.049755994230508804
                ],
                [
                    0.06204600632190704,
                    -0.05662643164396286,
                    0.9964655637741089
                ]
            ],
            [
                [
                    0.9926562905311584,
                    0.07651466131210327,
                    0.09369613975286484
                ],
                [
                    -0.09027264267206192,
                    0.9841390252113342,
                    0.1527133584022522
                ],
                [
                    -0.08052520453929901,
                    -0.16005007922649384,
                    0.9838189482688904
                ]
            ],
            [
                [
                    0.9877092838287354,
                    0.12816312909126282,
                    -0.08946799486875534
                ],
                [
                    -0.11555403470993042,
                    0.984197735786438,
                    0.13417169451713562
                ],
                [
                    0.10525006055831909,
                    -0.12218425422906876,
                    0.9869109988212585
                ]
            ],
            [
                [
                    0.9845536947250366,
                    -0.16224555671215057,
                    0.0658058226108551
                ],
                [
                    0.15386955440044403,
                    0.9811488389968872,
                    0.11692316085100174
                ],
                [
                    -0.0835355743765831,
                    -0.104991614818573,
                    0.9909583926200867
                ]
            ]
        ],
        "betas": [
            -0.23107010126113892,
            -0.3495807945728302,
            0.24893203377723694,
            0.7908111810684204,
            0.27008670568466187,
            -0.09237229079008102,
            -0.02610623836517334,
            -0.0371708869934082,
            0.06442086398601532,
            -0.04993584752082825
        ]
    },
    "pred_cam_t": [
        0.14685727655887604,
        0.2906687259674072,
        26.996646881103516
    ],
    "focal_length": [
        5000.0,
        5000.0
    ],
    "pred_keypoints_3d": [
        [
            -0.20998519659042358,
            -0.7532137036323547,
            -0.053088776767253876
        ],
        [
            -0.028100373223423958,
            -0.7271164655685425,
            -0.07613489031791687
        ],
        [
            0.05792051553726196,
            -0.659964382648468,
            0.09696602821350098
        ],
        [
            -0.009892880916595459,
            -0.4541381597518921,
            0.21715876460075378
        ],
        [
            -0.24966086447238922,
            -0.3923405706882477,
            0.23449383676052094
        ],
        [
            -0.1307014524936676,
            -0.6151458621025085,
            -0.20025107264518738
        ],
        [
            -0.2811792492866516,
            -0.410624623298645,
            -0.20501922070980072
        ],
        [
            -0.41353821754455566,
            -0.33805179595947266,
            -0.014792084693908691
        ],
        [
            -0.0021078609861433506,
            -0.23034048080444336,
            0.02879546768963337
        ],
        [
            0.04051148518919945,
            -0.15868808329105377,
            0.10487673431634903
        ],
        [
            0.025477949529886246,
            0.14978621900081635,
            0.3108033239841461
        ],
        [
            0.004464687779545784,
            0.5160635113716125,
            0.43009406328201294
        ],
        [
            -0.050652746111154556,
            -0.12857049703598022,
            0.007250150665640831
        ],
        [
            -0.14121608436107635,
            0.18819746375083923,
            0.15933078527450562
        ],
        [
            -0.11348219215869904,
            0.5240781307220459,
            0.3460754454135895
        ],
        [
            -0.20108678936958313,
            -0.8063035607337952,
            -0.023719046264886856
        ],
        [
            -0.20799614489078522,
            -0.8014974594116211,
            -0.0897948145866394
        ],
        [
            -0.10881808400154114,
            -0.8501187562942505,
            0.008158646523952484
        ],
        [
            -0.12703905999660492,
            -0.8393299579620361,
            -0.14074960350990295
        ],
        [
            -0.27364516258239746,
            0.52179354429245,
            0.4679298400878906
        ],
        [
            -0.26716309785842896,
            0.5658503770828247,
            0.39723384380340576
        ],
        [
            -0.06797941029071808,
            0.5715649127960205,
            0.33111780881881714
        ],
        [
            -0.09889756888151169,
            0.48466265201568604,
            0.5962755084037781
        ],
        [
            -0.011446431279182434,
            0.49665310978889465,
            0.5987522006034851
        ],
        [
            0.030134186148643494,
            0.5768118500709534,
            0.4053025245666504
        ],
        [
            0.04199478402733803,
            0.47748371958732605,
            0.40165019035339355
        ],
        [
            0.029195677489042282,
            0.09282780438661575,
            0.2781522274017334
        ],
        [
            0.108914814889431,
            -0.2880606949329376,
            0.11371544748544693
        ],
        [
            -0.08070032298564911,
            -0.20755013823509216,
            -0.09767325967550278
        ],
        [
            -0.14061345160007477,
            0.15382906794548035,
            0.1309920996427536
        ],
        [
            -0.09830489754676819,
            0.5057599544525146,
            0.3095080256462097
        ],
        [
            -0.2404390573501587,
            -0.42594149708747864,
            0.218210369348526
        ],
        [
            -0.020586108788847923,
            -0.4879426956176758,
            0.2340705394744873
        ],
        [
            0.03984885662794113,
            -0.6864188313484192,
            0.06206982582807541
        ],
        [
            -0.11173489689826965,
            -0.6488924026489258,
            -0.19409668445587158
        ],
        [
            -0.3018784523010254,
            -0.454489141702652,
            -0.20116755366325378
        ],
        [
            -0.41150978207588196,
            -0.36013057827949524,
            -0.01838734932243824
        ],
        [
            -0.03665578365325928,
            -0.7177947759628296,
            -0.07161975651979446
        ],
        [
            -0.162275493144989,
            -0.880183756351471,
            -0.06864313781261444
        ],
        [
            0.013659640215337276,
            -0.24814370274543762,
            0.007392986211925745
        ],
        [
            -0.033343080431222916,
            -0.6638301014900208,
            -0.06330973654985428
        ],
        [
            0.020414605736732483,
            -0.49014729261398315,
            -0.05649086833000183
        ],
        [
            -0.13169275224208832,
            -0.7685014605522156,
            -0.0663335993885994
        ],
        [
            -0.16496479511260986,
            -0.899973452091217,
            -0.06641252338886261
        ]
    ],
    "pred_vertices": [
        [
            -0.23552486300468445,
            -0.8407618999481201,
            -0.10201230645179749
        ],
        [
            -0.23304888606071472,
            -0.8249839544296265,
            -0.09524257481098175
        ],
        [
            -0.22437968850135803,
            -0.8260606527328491,
            -0.10708776861429214
        ],
        [
            -0.22290007770061493,
            -0.8394341468811035,
            -0.11377028375864029
        ],
        [
            -0.22427020967006683,
            -0.815089762210846,
            -0.10249033570289612
        ],
        [
            -0.2295466959476471,
            -0.8135976791381836,
            -0.09198962152004242
        ],
        [
            -0.21299801766872406,
            -0.8253995180130005,
            -0.11500018835067749
        ],
        [
            -0.20847341418266296,
            -0.8365806341171265,
            -0.12128067761659622
        ],
        [
            -0.18456986546516418,
            -0.8004618883132935,
            -0.12099969387054443
        ],
        [
            -0.1750902682542801,
            -0.801368236541748,
            -0.12610135972499847
        ],
        [
            -0.18288294970989227,
            -0.8111699819564819,
            -0.12563949823379517
        ],
        [
            -0.19021031260490417,
            -0.8078291416168213,
            -0.11975782364606857
        ],
        [
            -0.16810904443264008,
            -0.7803383469581604,
            -0.11973610520362854
        ],
        [
            -0.16960200667381287,
            -0.7685977816581726,
            -0.11266662925481796
        ],
        [
            -0.15699414908885956,
            -0.7657105922698975,
            -0.11593711376190186
        ],
        [
            -0.1541028469800949,
            -0.7776559591293335,
            -0.12212691456079483
        ],
        [
            -0.1934831738471985,
            -0.7709818482398987,
            -0.07835062593221664
        ],
        [
            -0.1897045522928238,
            -0.7654444575309753,
            -0.08372100442647934
        ],
        [
            -0.193025603890419,
            -0.7712066173553467,
            -0.08781462907791138
        ],
        [
            -0.1959955394268036,
            -0.7762807607650757,
            -0.08177843689918518
        ],
        [
            -0.20298334956169128,
            -0.7768985033035278,
            -0.06903165578842163
        ],
        [
            -0.20317909121513367,
            -0.7831828594207764,
            -0.0705488920211792
        ],
        [
            -0.20921683311462402,
            -0.7840903401374817,
            -0.06540007889270782
        ],
        [
            -0.20963667333126068,
            -0.776668906211853,
            -0.06467229127883911
        ],
        [
            -0.19012299180030823,
            -0.7669310569763184,
            -0.07287205755710602
        ],
        [
            -0.18590518832206726,
            -0.7614655494689941,
            -0.07855935394763947
        ],
        [
            -0.19717055559158325,
            -0.7754007577896118,
            -0.07374506443738937
        ],
        [
            -0.19668465852737427,
            -0.7707376480102539,
            -0.07163041830062866
        ],
        [
            -0.20231640338897705,
            -0.7604771852493286,
            -0.06765153259038925
        ],
        [
            -0.20371201634407043,
            -0.7650763988494873,
            -0.06950964033603668
        ],
        [
            -0.20988328754901886,
            -0.7626993060112,
            -0.06567457318305969
        ],
        [
            -0.20626741647720337,
            -0.7583957314491272,
            -0.06423705816268921
        ],
        [
            -0.1941262185573578,
            -0.7643725872039795,
            -0.0715278834104538
        ],
        [
            -0.1981452852487564,
            -0.7654733657836914,
            -0.07187995314598083
        ],
        [
            -0.19799724221229553,
            -0.7612717151641846,
            -0.06911169737577438
        ],
        [
            -0.19394809007644653,
            -0.7611660957336426,
            -0.06781154125928879
        ],
        [
            -0.20311638712882996,
            -0.771896481513977,
            -0.06831470876932144
        ],
        [
            -0.21000422537326813,
            -0.7700573205947876,
            -0.06487762928009033
        ],
        [
            -0.21647599339485168,
            -0.7678744792938232,
            -0.060320883989334106
        ],
        [
            -0.2151014655828476,
            -0.759032130241394,
            -0.060523711144924164
        ],
        [
            -0.17804136872291565,
            -0.7564116716384888,
            -0.09478340297937393
        ],
        [
            -0.18479114770889282,
            -0.7605174779891968,
            -0.0898313820362091
        ],
        [
            -0.18186116218566895,
            -0.7567700147628784,
            -0.08440291881561279
        ],
        [
            -0.17697177827358246,
            -0.7531557083129883,
            -0.0892234668135643
        ],
        [
            -0.18945235013961792,
            -0.7602056264877319,
            -0.06907574087381363
        ],
        [
            -0.1814829558134079,
            -0.7465789318084717,
            -0.07206207513809204
        ],
        [
            -0.18367654085159302,
            -0.7496731281280518,
            -0.07249564677476883
        ],
        [
            -0.18708661198616028,
            -0.748720645904541,
            -0.06619998812675476
        ],
        [
            -0.18491512537002563,
            -0.7458645105361938,
            -0.06643256545066833
        ],
        [
            -0.16343896090984344,
            -0.748529314994812,
            -0.10027596354484558
        ],
        [
            -0.16616374254226685,
            -0.7456666827201843,
            -0.09408585727214813
        ],
        [
            -0.16036675870418549,
            -0.7411929368972778,
            -0.09449939429759979
        ],
        [
            -0.155903160572052,
            -0.7437255382537842,
            -0.09999839961528778
        ],
        [
            -0.15637841820716858,
            -0.7370404601097107,
            -0.09155422449111938
        ],
        [
            -0.149318128824234,
            -0.7389757633209229,
            -0.09822393953800201
        ],
        [
            -0.14151343703269958,
            -0.7274701595306396,
            -0.08809642493724823
        ],
        [
            -0.1448301076889038,
            -0.7326732873916626,
            -0.09326453506946564
        ],
        [
            -0.1534637212753296,
            -0.7323939800262451,
            -0.08714281767606735
        ],
        [
            -0.15291953086853027,
            -0.7268086075782776,
            -0.08114105463027954
        ],
        [
            -0.16128697991371155,
            -0.7272534966468811,
            -0.06920886784791946
        ],
        [
            -0.16235443949699402,
            -0.7253175973892212,
            -0.0630849227309227
        ],
        [
            -0.15446293354034424,
            -0.7158514261245728,
            -0.06711854040622711
        ],
        [
            -0.15384802222251892,
            -0.720152735710144,
            -0.07373593747615814
        ],
        [
            -0.17447341978549957,
            -0.7439135909080505,
            -0.07156438380479813
        ],
        [
            -0.17247755825519562,
            -0.7451359033584595,
            -0.07578211277723312
        ],
        [
            -0.17520734667778015,
            -0.7451140880584717,
            -0.07600424438714981
        ],
        [
            -0.17823201417922974,
            -0.744648814201355,
            -0.07171936333179474
        ],
        [
            -0.171092689037323,
            -0.7455884218215942,
            -0.079598568379879
        ],
        [
            -0.17045745253562927,
            -0.7456847429275513,
            -0.08129385113716125
        ],
        [
            -0.1721642017364502,
            -0.7460968494415283,
            -0.08107626438140869
        ],
        [
            -0.17192217707633972,
            -0.7459365725517273,
            -0.07974722981452942
        ],
        [
            -0.1721203625202179,
            -0.7454581260681152,
            -0.07766413688659668
        ],
        [
            -0.17132282257080078,
            -0.7437330484390259,
            -0.07645541429519653
        ],
        [
            -0.1710391640663147,
            -0.7447173595428467,
            -0.07859200239181519
        ],
        [
            -0.1730014979839325,
            -0.7417852878570557,
            -0.07264283299446106
        ],
        [
            -0.17765317857265472,
            -0.7367241382598877,
            -0.05950107425451279
        ],
        [
            -0.17691129446029663,
            -0.7374541759490967,
            -0.06324755400419235
        ],
        [
            -0.17827275395393372,
            -0.7418229579925537,
            -0.06206608563661575
        ],
        [
            -0.17909368872642517,
            -0.7414233684539795,
            -0.05894182249903679
        ],
        [
            -0.17464205622673035,
            -0.7468936443328857,
            -0.07968063652515411
        ],
        [
            -0.17519445717334747,
            -0.7482175827026367,
            -0.08191940188407898
        ],
        [
            -0.17921645939350128,
            -0.7489801645278931,
            -0.0780426636338234
        ],
        [
            -0.17718878388404846,
            -0.7470486164093018,
            -0.07673081755638123
        ],
        [
            -0.17618128657341003,
            -0.7497212886810303,
            -0.0849548876285553
        ],
        [
            -0.1724710613489151,
            -0.747324526309967,
            -0.08344744145870209
        ],
        [
            -0.17266497015953064,
            -0.7480698227882385,
            -0.0866849273443222
        ],
        [
            -0.16944372653961182,
            -0.7442798018455505,
            -0.080604687333107
        ],
        [
            -0.16746775805950165,
            -0.7435677647590637,
            -0.08336389064788818
        ],
        [
            -0.1698351949453354,
            -0.7451378107070923,
            -0.08404534310102463
        ],
        [
            -0.16598758101463318,
            -0.7406664490699768,
            -0.08111045509576797
        ],
        [
            -0.16909343004226685,
            -0.7423055768013,
            -0.07789290696382523
        ],
        [
            -0.1702401489019394,
            -0.7394710779190063,
            -0.07410097122192383
        ],
        [
            -0.17198315262794495,
            -0.736517608165741,
            -0.06924194097518921
        ],
        [
            -0.1669762134552002,
            -0.7339795827865601,
            -0.07160450518131256
        ],
        [
            -0.16602221131324768,
            -0.737201452255249,
            -0.07697993516921997
        ],
        [
            -0.18088117241859436,
            -0.7525931000709534,
            -0.0804266482591629
        ],
        [
            -0.16820478439331055,
            -0.7452939748764038,
            -0.08839856833219528
        ],
        [
            -0.17190372943878174,
            -0.7502613067626953,
            -0.09205242246389389
        ],
        [
            -0.16463536024093628,
            -0.7419021129608154,
            -0.08811448514461517
        ],
        [
            -0.16177961230278015,
            -0.7384960055351257,
            -0.08574308454990387
        ],
        [
            -0.1605474203824997,
            -0.7345994710922241,
            -0.0809110626578331
        ],
        [
            -0.16070300340652466,
            -0.7306464910507202,
            -0.07537000626325607
        ],
        [
            -0.1405724436044693,
            -0.7142000794410706,
            -0.06979365646839142
        ],
        [
            -0.14143231511116028,
            -0.7196091413497925,
            -0.07832380384206772
        ],
        [
            -0.22246992588043213,
            -0.8089922666549683,
            -0.08972164988517761
        ],
        [
            -0.22040048241615295,
            -0.8090583682060242,
            -0.09864561259746552
        ],
        [
            -0.2119324803352356,
            -0.8051351308822632,
            -0.09907993674278259
        ],
        [
            -0.2131464183330536,
            -0.8068578839302063,
            -0.10082000494003296
        ],
        [
            -0.21653957664966583,
            -0.8067070245742798,
            -0.09554656594991684
        ],
        [
            -0.2141772210597992,
            -0.8047201037406921,
            -0.09494423866271973
        ],
        [
            -0.1955500841140747,
            -0.806784987449646,
            -0.11351515352725983
        ],
        [
            -0.20002934336662292,
            -0.8060730695724487,
            -0.10832776129245758
        ],
        [
            -0.1967238485813141,
            -0.8037569522857666,
            -0.10837049782276154
        ],
        [
            -0.19157373905181885,
            -0.8014038801193237,
            -0.1148509830236435
        ],
        [
            -0.1977703869342804,
            -0.7942530512809753,
            -0.10020992904901505
        ],
        [
            -0.1961815357208252,
            -0.7967400550842285,
            -0.10471825301647186
        ],
        [
            -0.20174765586853027,
            -0.8010311126708984,
            -0.10113261640071869
        ],
        [
            -0.20300468802452087,
            -0.7991710901260376,
            -0.09793929755687714
        ],
        [
            -0.20403268933296204,
            -0.7980040311813354,
            -0.09410832822322845
        ],
        [
            -0.20494380593299866,
            -0.797582745552063,
            -0.08969983458518982
        ],
        [
            -0.20137810707092285,
            -0.7935465574264526,
            -0.09012588858604431
        ],
        [
            -0.19964846968650818,
            -0.793418288230896,
            -0.09517943114042282
        ],
        [
            -0.21766529977321625,
            -0.8074585199356079,
            -0.0892251506447792
        ],
        [
            -0.21659071743488312,
            -0.8074381947517395,
            -0.08179785311222076
        ],
        [
            -0.21418631076812744,
            -0.8053382635116577,
            -0.0833028256893158
        ],
        [
            -0.2153763473033905,
            -0.8050646781921387,
            -0.08936317265033722
        ],
        [
            -0.2056606113910675,
            -0.803580641746521,
            -0.07336612045764923
        ],
        [
            -0.20809200406074524,
            -0.8048070669174194,
            -0.07454317063093185
        ],
        [
            -0.20958875119686127,
            -0.8056607246398926,
            -0.0709884762763977
        ],
        [
            -0.20624032616615295,
            -0.8025805354118347,
            -0.07006143778562546
        ],
        [
            -0.20471706986427307,
            -0.7998805046081543,
            -0.07234881818294525
        ],
        [
            -0.20511165261268616,
            -0.8018790483474731,
            -0.07462742924690247
        ],
        [
            -0.24576593935489655,
            -0.859886884689331,
            -0.0936446487903595
        ],
        [
            -0.24409368634223938,
            -0.8418401479721069,
            -0.08771485090255737
        ],
        [
            -0.2326105833053589,
            -0.8599731922149658,
            -0.10921388864517212
        ],
        [
            -0.21746811270713806,
            -0.8566954731941223,
            -0.11951851844787598
        ],
        [
            -0.20303362607955933,
            -0.8493649959564209,
            -0.1277836710214615
        ],
        [
            -0.16030025482177734,
            -0.7556184530258179,
            -0.10809846222400665
        ],
        [
            -0.1504773199558258,
            -0.7516306638717651,
            -0.10945385694503784
        ],
        [
            -0.14472374320030212,
            -0.7635610699653625,
            -0.11826633661985397
        ],
        [
            -0.13544684648513794,
            -0.7576243281364441,
            -0.11646249890327454
        ],
        [
            -0.14202874898910522,
            -0.7452577352523804,
            -0.10708869248628616
        ],
        [
            -0.13036152720451355,
            -0.7307709455490112,
            -0.09302271902561188
        ],
        [
            -0.13533158600330353,
            -0.7377845048904419,
            -0.10179824382066727
        ],
        [
            -0.12642543017864227,
            -0.7514552474021912,
            -0.11252613365650177
        ],
        [
            -0.12014709413051605,
            -0.7691795825958252,
            -0.12302198261022568
        ],
        [
            -0.13029691576957703,
            -0.7717342376708984,
            -0.1242089793086052
        ],
        [
            -0.11761371046304703,
            -0.7892094254493713,
            -0.1286420226097107
        ],
        [
            -0.107903853058815,
            -0.7672252655029297,
            -0.11976996064186096
        ],
        [
            -0.1098220944404602,
            -0.7930169701576233,
            -0.12637516856193542
        ],
        [
            -0.10154332220554352,
            -0.7366285920143127,
            -0.09910336136817932
        ],
        [
            -0.09732203185558319,
            -0.7292405366897583,
            -0.09946015477180481
        ],
        [
            -0.08950386941432953,
            -0.7396187782287598,
            -0.11402496695518494
        ],
        [
            -0.09384884685277939,
            -0.7477931380271912,
            -0.11332826316356659
        ],
        [
            -0.14094626903533936,
            -0.7746853828430176,
            -0.12456037104129791
        ],
        [
            -0.18261218070983887,
            -0.8238437175750732,
            -0.12870612740516663
        ],
        [
            -0.19163411855697632,
            -0.8178038597106934,
            -0.12362729012966156
        ],
        [
            -0.17235873639583588,
            -0.8150124549865723,
            -0.13063859939575195
        ],
        [
            -0.19941425323486328,
            -0.8846313953399658,
            -0.13398431241512299
        ],
        [
            -0.2112473100423813,
            -0.871475338935852,
            -0.12755873799324036
        ],
        [
            -0.19736884534358978,
            -0.8620873689651489,
            -0.1340697705745697
        ],
        [
            -0.1884206086397171,
            -0.875406801700592,
            -0.13996905088424683
        ],
        [
            -0.22566527128219604,
            -0.9101083874702454,
            -0.1068744957447052
        ],
        [
            -0.2394302934408188,
            -0.8856141567230225,
            -0.10250255465507507
        ],
        [
            -0.22713661193847656,
            -0.880384087562561,
            -0.11510327458381653
        ],
        [
            -0.21543429791927338,
            -0.8989193439483643,
            -0.12032301723957062
        ],
        [
            -0.1778433918952942,
            -0.8838694095611572,
            -0.14337405562400818
        ],
        [
            -0.16372403502464294,
            -0.8951742649078369,
            -0.1453855335712433
        ],
        [
            -0.16663269698619843,
            -0.9122277498245239,
            -0.14225351810455322
        ],
        [
            -0.18569029867649078,
            -0.9004760980606079,
            -0.13905471563339233
        ],
        [
            -0.1718219816684723,
            -0.9338706731796265,
            -0.13165318965911865
        ],
        [
            -0.19496256113052368,
            -0.919662356376648,
            -0.12708362936973572
        ],
        [
            -0.09534025937318802,
            -0.7856928110122681,
            -0.1234944760799408
        ],
        [
            -0.10161542892456055,
            -0.8046592473983765,
            -0.12612050771713257
        ],
        [
            -0.10082973539829254,
            -0.7560480237007141,
            -0.11326456815004349
        ],
        [
            -0.09046860039234161,
            -0.7704856991767883,
            -0.1216314285993576
        ],
        [
            -0.17536403238773346,
            -0.9505959749221802,
            -0.11459136009216309
        ],
        [
            -0.20303355157375336,
            -0.9347578287124634,
            -0.10993881523609161
        ],
        [
            -0.10944809019565582,
            -0.9049166440963745,
            -0.13971984386444092
        ],
        [
            -0.12669432163238525,
            -0.9146044254302979,
            -0.14095616340637207
        ],
        [
            -0.13251276314258575,
            -0.894964873790741,
            -0.14602011442184448
        ],
        [
