{
    "pred_cam": [
        1.1754944324493408,
        0.007175290957093239,
        0.20234951376914978
    ],
    "pred_smpl_params": {
        "global_orient": [
            [
                [
                    0.9892308712005615,
                    0.09819653630256653,
                    0.10853433609008789
                ],
                [
                    0.09902391582727432,
                    -0.9950824975967407,
                    -0.002246897667646408
                ],
                [
                    0.10777998715639114,
                    0.012970197014510632,
                    -0.9940901398658752
                ]
            ]
        ],
        "body_pose": [
            [
                [
                    0.9991218447685242,
                    0.027928411960601807,
                    -0.031233811751008034
                ],
                [
                    -0.020308397710323334,
                    0.97482830286026,
                    0.22203001379966736
                ],
                [
                    0.036648549139499664,
                    -0.22120073437690735,
                    0.9745394587516785
                ]
            ],
            [
                [
                    0.9982492327690125,
                    0.05736315995454788,
                    0.01442235428839922
                ],
                [
                    -0.059011854231357574,
                    0.9824450016021729,
                    0.1769729107618332
                ],
                [
                    -0.004017442464828491,
                    -0.17751413583755493,
                    0.9841100573539734
                ]
            ],
            [
                [
                    0.9993966817855835,
                    0.0025087741669267416,
                    0.034640152007341385
                ],
                [
                    0.002166392980143428,
                    0.9909425377845764,
                    -0.13426965475082397
                ],
                [
                    -0.03466324508190155,
                    0.13426369428634644,
                    0.9903392195701599
                ]
            ],
            [
                [
                    0.991277277469635,
                    -0.012016203254461288,
                    -0.13124413788318634
                ],
                [
                    -0.10203167796134949,
                    0.5603580474853516,
                    -0.8219419121742249
                ],
                [
                    0.08342031389474869,
                    0.8281633853912354,
                    0.5542441606521606
                ]
            ],
            [
                [
                    0.9858709573745728,
                    -0.052491817623376846,
                    0.15906928479671478
                ],
                [
                    0.15053348243236542,
                    0.6941669583320618,
                    -0.7038975358009338
                ],
                [
                    -0.073471799492836,
                    0.7178974151611328,
                    0.6922608017921448
                ]
            ],
            [
                [
                    0.9987072944641113,
                    -0.02036442421376705,
                    0.046571359038352966
                ],
                [
                    0.01861116848886013,
                    0.9991129040718079,
                    0.037775371223688126
                ],
                [
                    -0.04729932174086571,
                    -0.036859799176454544,
                    0.9982003569602966
                ]
            ],
            [
                [
                    0.9816601872444153,
                    -0.02457500621676445,
                    0.1890481859445572
                ],
                [
                    -0.001983407186344266,
                    0.9902861714363098,
                    0.1390298455953598
                ],
                [
                    -0.19062848389148712,
                    -0.13685503602027893,
                    0.9720757603645325
                ]
            ],
            [
                [
                    0.9819751381874084,
                    -0.010051311925053596,
                    -0.18874260783195496
                ],
                [
                    0.0170570258051157,
                    0.9992230534553528,
                    0.03553023189306259
                ],
                [
                    0.18823882937431335,
                    -0.0381091944873333,
                    0.9813836216926575
                ]
            ],
            [
                [
                    0.9991952776908875,
                    -0.006350154988467693,
                    0.03960553556680679
                ],
                [
                    0.00800040178000927,
                    0.9991003274917603,
                    -0.0416484959423542
                ],
                [
                    -0.0393054261803627,
                    0.04193183407187462,
                    0.9983471035957336
                ]
            ],
            [
                [
                    0.9951062202453613,
                    -0.06983400136232376,
                    -0.06990646570920944
                ],
                [
                    0.07892777770757675,
                    0.9874014258384705,
                    0.13714514672756195
                ],
                [
                    0.05944835767149925,
                    -0.1419915407896042,
                    0.988081157207489
                ]
            ],
            [
                [
                    0.9936602115631104,
                    0.11121731251478195,
                    0.016435017809271812
                ],
                [
                    -0.11236166208982468,
                    0.9775214791297913,
                    0.17840030789375305
                ],
                [
                    0.00377561803907156,
                    -0.17911595106124878,
                    0.9838207364082336
                ]
            ],
            [
                [
                    0.9789749979972839,
                    0.025356657803058624,
                    -0.20239806175231934
                ],
                [
                    0.010565630160272121,
                    0.9846080541610718,
                    0.17445749044418335
                ],
                [
                    0.20370641350746155,
                    -0.17292799055576324,
                    0.9636387825012207
                ]
            ],
            [
                [
                    0.8902830481529236,
                    0.45534467697143555,
                    -0.007566520012915134
                ],
                [
                    -0.45528340339660645,
                    0.8895296454429626,
                    -0.038131218403577805
                ],
                [
                    -0.010632204823195934,
                    0.03739249333739281,
                    0.9992440342903137
                ]
            ],
            [
                [
                    0.8950672149658203,
                    -0.44098299741744995,
                    0.06624644249677658
                ],
                [
                    0.4439034163951874,
                    0.8952615261077881,
                    -0.03816421702504158
                ],
                [
                    -0.04247812181711197,
                    0.06356656551361084,
                    0.9970731139183044
                ]
            ],
            [
                [
                    0.9903414249420166,
                    -0.03826979175209999,
                    -0.13326425850391388
                ],
                [
                    0.01806325651705265,
                    0.9885732531547546,
                    -0.14965534210205078
                ],
                [
                    0.13746875524520874,
                    0.14580269157886505,
                    0.9797163009643555
                ]
            ],
            [
                [
                    0.49484243988990784,
                    0.8322690725326538,
                    -0.2499183714389801
                ],
                [
                    -0.8672044277191162,
                    0.4913557767868042,
                    -0.08078360557556152
                ],
                [
                    0.055565156042575836,
                    0.25670546293258667,
                    0.9648910760879517
                ]
            ],
            [
                [
                    0.5305385589599609,
                    -0.8222872614860535,
                    0.20584583282470703
                ],
                [
                    0.8460027575492859,
                    0.5288323760032654,
                    -0.06793878972530365
                ],
                [
                    -0.05299273878335953,
                    0.2101902812719345,
                    0.9762232899665833
                ]
            ],
            [
                [
                    0.9009924530982971,
                    -0.12136790156364441,
                    -0.41651225090026855
                ],
                [
                    0.04633362963795662,
                    0.9814997911453247,
                    -0.1857720911502838
                ],
                [
                    0.43135350942611694,
                    0.1480807214975357,
                    0.8899472951889038
                ]
            ],
            [
                [
                    0.927767276763916,
                    0.09506828337907791,
                    0.3608461022377014
                ],
                [
                    -0.020746923983097076,
                    0.97864830493927,
                    -0.20449191331863403
                ],
                [
                    -0.37258216738700867,
                    0.18223445117473602,
                    0.9099302291870117
                ]
            ],
            [
                [
                    0.9987406730651855,
                    0.038226623088121414,
                    0.0324915274977684
                ],
                [
                    -0.036789651960134506,
                    0.9983658194541931,
                    -0.04372917860746384
                ],
                [
                    -0.03411004692316055,
                    0.042478762567043304,
                    0.9985148906707764
                ]
            ],
            [
                [
                    0.9985818266868591,
                    -0.0271493811160326,
                    -0.04579593986272812
                ],
                [
                    0.022029221057891846,
                    0.9938172698020935,
                    -0.10882063210010529
                ],
                [
                    0.048467207700014114,
                    0.10765745490789413,
                    0.9930059313774109
                ]
            ],
            [
                [
                    0.9666104316711426,
                    0.23223328590393066,
                    -0.1083139106631279
                ],
                [
                    -0.21519307792186737,
                    0.9651479125022888,
                    0.1489339917898178
                ],
                [
                    0.13912639021873474,
                    -0.12065275758504868,
                    0.9828970432281494
                ]
            ],
            [
                [
                    0.972952127456665,
                    -0.222311869263649,
                    0.06278164684772491
                ],
                [
                    0.20602042973041534,
                    0.9579938650131226,
                    0.19950754940509796
                ],
                [
                    -0.10449734330177307,
                    -0.18117700517177582,
                    0.977882981300354
                ]
            ]
        ],
        "betas": [
            -0.04685395956039429,
            0.04223558306694031,
            -0.0368230938911438,
            0.08940005302429199,
            0.023000389337539673,
            0.06835290789604187,
            -0.03256538510322571,
            -0.07312071323394775,
            0.13738077878952026,
            -0.12208381295204163
        ]
    },
    "pred_cam_t": [
        0.007175290957093239,
        0.20234951376914978,
        33.23069763183594
    ],
    "focal_length": [
        5000.0,
        5000.0
    ],
    "pred_keypoints_3d": [
        [
            0.04055304825305939,
            -0.8498181104660034,
            -0.13120171427726746
        ],
        [
            0.04276784509420395,
            -0.7314332127571106,
            0.022162018343806267
        ],
        [
            -0.1407741904258728,
            -0.6354689002037048,
            -0.005283236503601074
        ],
        [
            -0.18537697196006775,
            -0.38932645320892334,
            0.04121818020939827
        ],
        [
            -0.19704756140708923,
            -0.14304184913635254,
            -0.0241231806576252
        ],
        [
            0.2041427195072174,
            -0.6164941191673279,
            0.0747961550951004
        ],
        [
            0.1817931830883026,
            -0.3634859323501587,
            0.13407203555107117
        ],
        [
            0.18695855140686035,
            -0.12786449491977692,
            0.05367530882358551
        ],
        [
            -0.0018653746228665113,
            -0.22343681752681732,
            0.027648039162158966
        ],
        [
            -0.07769505679607391,
            -0.14021354913711548,
            0.023901602253317833
        ],
        [
            -0.16725964844226837,
            0.22549527883529663,
            -0.04652320593595505
        ],
        [
            -0.21428881585597992,
            0.5221899747848511,
            0.21611058712005615
        ],
        [
            0.05666735768318176,
            -0.12579436600208282,
            0.04111286252737045
        ],
        [
            0.05295373126864433,
            0.240340456366539,
            -0.040467269718647
        ],
        [
            -0.0025924891233444214,
            0.4986404776573181,
            0.25819826126098633
        ],
        [
            0.013550822623074055,
            -0.8898415565490723,
            -0.09216947108507156
        ],
        [
            0.07926221191883087,
            -0.8875094652175903,
            -0.10174888372421265
        ],
        [
            -0.014393322169780731,
            -0.8717312812805176,
            0.005458798259496689
        ],
        [
            0.1298939287662506,
            -0.8661971092224121,
            -0.014904491603374481
        ],
        [
            -0.008786020800471306,
            0.6493446230888367,
            0.13016283512115479
        ],
        [
            0.05740492790937424,
            0.6345582008361816,
            0.17883041501045227
        ],
        [
            0.0018116720020771027,
            0.4913880228996277,
            0.32774582505226135
        ],
        [
            -0.21074433624744415,
            0.6668369770050049,
            0.08012163639068604
        ],
        [
            -0.28427207469940186,
            0.6393537521362305,
            0.11658167839050293
        ],
        [
            -0.22689396142959595,
            0.5272768139839172,
            0.288216233253479
        ],
        [
            -0.23099730908870697,
            0.4649471044540405,
            0.20714382827281952
        ],
        [
            -0.15460802614688873,
            0.16530370712280273,
            -0.0474393293261528
        ],
        [
            -0.14355021715164185,
            -0.27062278985977173,
            0.02192011848092079
        ],
        [
            0.14269772171974182,
            -0.225457102060318,
            0.06733883172273636
        ],
        [
            0.06774736940860748,
            0.20373332500457764,
            -0.039830662310123444
        ],
        [
            0.01236109808087349,
            0.45750242471694946,
            0.2554785907268524
        ],
        [
            -0.17700409889221191,
            -0.16611909866333008,
            -0.04289650544524193
        ],
        [
            -0.2057688683271408,
            -0.40619876980781555,
            0.011046184226870537
        ],
        [
            -0.1056169793009758,
            -0.669875979423523,
            0.00437643937766552
        ],
        [
            0.17641441524028778,
            -0.6533089876174927,
            0.07054892182350159
        ],
        [
            0.2228759378194809,
            -0.38008785247802734,
            0.10824194550514221
        ],
        [
            0.1941850781440735,
            -0.14476722478866577,
            0.04429122805595398
        ],
        [
            0.04506884142756462,
            -0.7189500331878662,
            0.020238174125552177
        ],
        [
            0.06145860627293587,
            -0.9224236607551575,
            -0.017408661544322968
        ],
        [
            0.00014775022282265127,
            -0.2484215945005417,
            0.04491720348596573
        ],
        [
            0.03537293151021004,
            -0.6607042551040649,
            0.03326040878891945
        ],
        [
            0.02072034403681755,
            -0.48941770195961,
            0.05132456496357918
        ],
        [
            0.05631560832262039,
            -0.8172948360443115,
            -0.05912432819604874
        ],
        [
            0.05833445489406586,
            -0.9409713745117188,
            -0.00681711919605732
        ]
    ],
    "pred_vertices": [
        [
            0.09276819229125977,
            -0.9329060316085815,
            -0.10000928491353989
        ],
        [
            0.08530893176794052,
            -0.9195260405540466,
            -0.10636249929666519
        ],
        [
            0.09709469974040985,
            -0.9148450493812561,
            -0.0996309295296669
        ],
        [
            0.10458037257194519,
            -0.9246208667755127,
            -0.09004329144954681
        ],
        [
            0.09200763702392578,
            -0.9064478874206543,
            -0.10523560643196106
        ],
        [
            0.08138211071491241,
            -0.9087321758270264,
            -0.11063854396343231
        ],
        [
            0.1048429012298584,
            -0.9077743887901306,
            -0.09053327888250351
        ],
        [
            0.11172160506248474,
            -0.9137060642242432,
            -0.08030687272548676
        ],
        [
            0.11035922169685364,
            -0.8714276552200317,
            -0.08269369602203369
        ],
        [
            0.11510726064443588,
            -0.8659576177597046,
            -0.07406747341156006
        ],
        [
            0.11554330587387085,
            -0.8778594732284546,
            -0.07478266209363937
        ],
        [
            0.10944061726331711,
            -0.8801455497741699,
            -0.08283773064613342
        ],
        [
            0.1086326539516449,
            -0.8450840711593628,
            -0.08076801151037216
        ],
        [
            0.10108152031898499,
            -0.8369452953338623,
            -0.0888804942369461
        ],
        [
            0.10407727211713791,
            -0.8269623517990112,
            -0.08004980534315109
        ],
        [
            0.11042848974466324,
            -0.8346990942955017,
            -0.07104077190160751
        ],
        [
            0.0668383538722992,
            -0.854271650314331,
            -0.10733769088983536
        ],
        [
            0.07213540375232697,
            -0.84740149974823,
            -0.10733234882354736
        ],
        [
            0.07631351053714752,
            -0.8537952899932861,
            -0.10645181685686111
        ],
        [
            0.07031790912151337,
            -0.8599154949188232,
            -0.10617358237504959
        ],
        [
            0.05739760771393776,
            -0.8646846413612366,
            -0.11173896491527557
        ],
        [
            0.05905011296272278,
            -0.86986243724823,
            -0.10815529525279999
        ],
        [
            0.05390255153179169,
            -0.8743708729743958,
            -0.11233216524124146
        ],
        [
            0.05294135957956314,
            -0.8684946298599243,
            -0.11713174730539322
        ],
        [
            0.061242349445819855,
            -0.8492752313613892,
            -0.10719427466392517
        ],
        [
            0.0670194923877716,
            -0.8421456217765808,
            -0.10694313794374466
        ],
        [
            0.06224187836050987,
            -0.8603146076202393,
            -0.1080213338136673
        ],
        [
            0.05989302322268486,
            -0.8558436632156372,
            -0.11036047339439392
        ],
        [
            0.05550529435276985,
            -0.8508234620094299,
            -0.12070547044277191
        ],
        [
            0.05736907944083214,
            -0.8553151488304138,
            -0.11908211559057236
        ],
        [
            0.05324815586209297,
            -0.8571497201919556,
            -0.12547026574611664
        ],
        [
            0.051861681044101715,
            -0.8516777753829956,
            -0.12503968179225922
        ],
        [
            0.05915118381381035,
            -0.8492149114608765,
            -0.11185275763273239
        ],
        [
            0.05949513614177704,
            -0.8523019552230835,
            -0.11454962193965912
        ],
        [
            0.05670588091015816,
            -0.848881185054779,
            -0.11684414744377136
        ],
        [
            0.055606380105018616,
            -0.8465702533721924,
            -0.1135786771774292
        ],
        [
            0.05626601725816727,
            -0.8606479167938232,
            -0.1148979514837265
        ],
        [
            0.05267241224646568,
            -0.8632726669311523,
            -0.12132278084754944
        ],
        [
            0.048117220401763916,
            -0.8655261993408203,
            -0.12778931856155396
        ],
        [
            0.048336707055568695,
            -0.857412576675415,
            -0.13182418048381805
        ],
        [
            0.08304714411497116,
            -0.8328007459640503,
            -0.10277466475963593
        ],
        [
            0.07787882536649704,
            -0.8403319120407104,
            -0.10620482265949249
        ],
        [
            0.07268765568733215,
            -0.8356008529663086,
            -0.106238953769207
        ],
        [
            0.07746565341949463,
            -0.8296207189559937,
            -0.10411094129085541
        ],
        [
            0.057095617055892944,
            -0.8430931568145752,
            -0.11046707630157471
        ],
        [
            0.06024033576250076,
            -0.8269442915916443,
            -0.11199615150690079
        ],
        [
            0.060625143349170685,
            -0.8307996392250061,
            -0.11207270622253418
        ],
        [
            0.05425683408975601,
            -0.8322451710700989,
            -0.11531125754117966
        ],
        [
            0.05457059666514397,
            -0.8286094665527344,
            -0.1151808351278305
        ],
        [
            0.08815435320138931,
            -0.8175222873687744,
            -0.09501221776008606
        ],
        [
            0.08207564800977707,
            -0.817051351070404,
            -0.09910185635089874
        ],
        [
            0.08250194042921066,
            -0.8099082708358765,
            -0.09673040360212326
        ],
        [
            0.0881154015660286,
            -0.8089444637298584,
            -0.09136244654655457
        ],
        [
            0.08027859032154083,
            -0.8041201233863831,
            -0.09558450430631638
        ],
        [
            0.08701018244028091,
            -0.8008724451065063,
            -0.08822353184223175
        ],
        [
            0.07776492089033127,
            -0.7872039079666138,
            -0.08809176832437515
        ],
        [
            0.08256541192531586,
            -0.7931883335113525,
            -0.08786821365356445
        ],
        [
            0.07629746198654175,
            -0.7987223863601685,
            -0.09594051539897919
        ],
        [
            0.0706440657377243,
            -0.7940841913223267,
            -0.09883016347885132
        ],
        [
            0.057958416640758514,
            -0.7999080419540405,
            -0.10630202293395996
        ],
        [
            0.05186504125595093,
            -0.7990811467170715,
            -0.10856729000806808
        ],
        [
            0.05631876364350319,
            -0.7867048978805542,
            -0.10729531943798065
        ],
        [
            0.06319873034954071,
            -0.7895854711532593,
            -0.10351763665676117
        ],
        [
            0.060125239193439484,
            -0.8210926651954651,
            -0.10777758806943893
        ],
        [
            0.06423860788345337,
            -0.8208067417144775,
            -0.10529212653636932
        ],
        [
            0.06434518098831177,
            -0.8224356174468994,
            -0.10754799842834473
        ],
        [
            0.060072608292102814,
            -0.8239070773124695,
            -0.11046625673770905
        ],
        [
            0.06789503991603851,
            -0.8202728629112244,
            -0.10371808707714081
        ],
        [
            0.06952755153179169,
            -0.819902777671814,
            -0.10312686860561371
        ],
        [
            0.06927123665809631,
            -0.8212791681289673,
            -0.10430464148521423
        ],
        [
            0.06773984432220459,
            -0.821117639541626,
            -0.10436809808015823
        ],
        [
            0.06577154994010925,
            -0.8208869099617004,
            -0.10480743646621704
        ],
        [
            0.06467372179031372,
            -0.8190319538116455,
            -0.105178102850914
        ],
        [
            0.06698375195264816,
            -0.8195462226867676,
            -0.10415942966938019
        ],
        [
            0.06090707331895828,
            -0.818539023399353,
            -0.10769931972026825
        ],
        [
            0.04779074341058731,
            -0.8169730305671692,
            -0.11462841182947159
        ],
        [
            0.051718950271606445,
            -0.8174543380737305,
            -0.1134064570069313
        ],
        [
            0.05055316537618637,
            -0.8218780755996704,
            -0.11224786937236786
        ],
        [
            0.04720352590084076,
            -0.8217453956604004,
            -0.11320020258426666
        ],
        [
            0.0675147995352745,
            -0.8231141567230225,
            -0.10601308196783066
        ],
        [
            0.07012317329645157,
            -0.8247379064559937,
            -0.10557689517736435
        ],
        [
            0.06628802418708801,
            -0.8278464078903198,
            -0.10859908163547516
        ],
        [
            0.06508409976959229,
            -0.8250993490219116,
            -0.10802721977233887
        ],
        [
            0.0728834792971611,
            -0.8265446424484253,
            -0.10552595555782318
        ],
        [
            0.07160114496946335,
            -0.8223217129707336,
            -0.1038380116224289
        ],
        [
            0.07472247630357742,
            -0.8226521611213684,
            -0.10339683294296265
        ],
        [
            0.06894512474536896,
            -0.8181672096252441,
            -0.1031283363699913
        ],
        [
            0.07162564247846603,
            -0.8162742853164673,
            -0.10193154215812683
        ],
        [
            0.07218524068593979,
            -0.81895911693573,
            -0.10288634896278381
        ],
        [
            0.06951737403869629,
            -0.8131680488586426,
            -0.10229362547397614
        ],
        [
            0.06637392193078995,
            -0.8164716958999634,
            -0.1040412038564682
        ],
        [
            0.06261133402585983,
            -0.8149809837341309,
            -0.10655373334884644
        ],
        [
            0.05774825066328049,
            -0.8137587308883667,
            -0.109773650765419
        ],
        [
            0.060248199850320816,
            -0.8086611032485962,
            -0.10707558691501617
        ],
        [
            0.06554475426673889,
            -0.8105562925338745,
            -0.1042984127998352
        ],
        [
            0.0685228705406189,
            -0.8313316702842712,
            -0.10781894624233246
        ],
        [
            0.0764554888010025,
            -0.8180249333381653,
            -0.1013193279504776
        ],
        [
            0.08020249009132385,
            -0.8242290019989014,
            -0.10136297345161438
        ],
        [
            0.0762452781200409,
            -0.8131669759750366,
            -0.10032863914966583
        ],
        [
            0.07409998029470444,
            -0.8087746500968933,
            -0.09993840754032135
        ],
        [
            0.06998686492443085,
            -0.80499267578125,
            -0.10092297196388245
        ],
        [
            0.06415940821170807,
            -0.8021364212036133,
            -0.10366646945476532
        ],
        [
            0.05973118171095848,
            -0.7773708701133728,
            -0.09636034071445465
        ],
        [
            0.06846435368061066,
            -0.7815027832984924,
            -0.09281764179468155
        ],
        [
            0.07922493666410446,
            -0.9014464616775513,
            -0.10816314816474915
        ],
        [
            0.08805380761623383,
            -0.899813175201416,
            -0.10635052621364594
        ],
        [
            0.08854827284812927,
            -0.8918919563293457,
            -0.10188084095716476
        ],
        [
            0.0904623493552208,
            -0.8945168852806091,
            -0.10170750319957733
        ],
        [
            0.08497493714094162,
            -0.895891547203064,
            -0.10457126051187515
        ],
        [
            0.0844462513923645,
            -0.8930960893630981,
            -0.10399511456489563
        ],
        [
            0.10292070358991623,
            -0.8830174803733826,
            -0.08812595903873444
        ],
        [
            0.09787186980247498,
            -0.8853000998497009,
            -0.09229981154203415
        ],
        [
            0.09819425642490387,
            -0.8813586235046387,
            -0.09100490808486938
        ],
        [
            0.10429412871599197,
            -0.8762471675872803,
            -0.08785352110862732
        ],
        [
            0.0896795392036438,
            -0.8745127320289612,
            -0.0977354496717453
        ],
        [
            0.09428824484348297,
            -0.8753874897956848,
            -0.09476339817047119
        ],
        [
            0.0906255766749382,
            -0.8824533224105835,
            -0.09690175950527191
        ],
        [
            0.08730952441692352,
            -0.8818482160568237,
            -0.09916551411151886
        ],
        [
            0.08336709439754486,
            -0.8816807270050049,
            -0.10092908143997192
        ],
        [
            0.07906866073608398,
            -0.8819724321365356,
            -0.10173460841178894
        ],
        [
            0.07903911173343658,
            -0.8765462040901184,
            -0.1014593243598938
        ],
        [
            0.08423690497875214,
            -0.8752357959747314,
            -0.10011176019906998
        ],
        [
            0.07841905951499939,
            -0.8974989056587219,
            -0.10533507913351059
        ],
        [
            0.07124900072813034,
            -0.8970995545387268,
            -0.1043219119310379
        ],
        [
            0.07248647511005402,
            -0.8939394950866699,
            -0.10402247309684753
        ],
        [
            0.07859431207180023,
            -0.8941826820373535,
            -0.10517460852861404
        ],
        [
            0.06252195686101913,
            -0.887721836566925,
            -0.09819164872169495
        ],
        [
            0.06377588212490082,
            -0.8902158737182617,
            -0.09928207099437714
        ],
        [
            0.06026371195912361,
            -0.8918628096580505,
            -0.10014797747135162
        ],
        [
            0.059185490012168884,
            -0.8873284459114075,
            -0.09935267269611359
        ],
        [
            0.061261095106601715,
            -0.8841319680213928,
            -0.09970386326313019
        ],
        [
            0.06366824358701706,
            -0.8859410285949707,
            -0.09878486394882202
        ],
        [
            0.08564375340938568,
            -0.9547551870346069,
            -0.09651605784893036
        ],
        [
            0.07861973345279694,
            -0.938660740852356,
            -0.10568396747112274
        ],
        [
            0.10133595764636993,
            -0.9460663795471191,
            -0.08616159111261368
        ],
        [
            0.11134447157382965,
            -0.9344744682312012,
            -0.07667970657348633
        ],
        [
            0.11866292357444763,
            -0.9199787378311157,
            -0.06850539147853851
        ],
        [
            0.09599524736404419,
            -0.8210121393203735,
            -0.08837799727916718
        ],
        [
            0.09735621511936188,
            -0.8115941286087036,
            -0.08254443109035492
        ],
        [
            0.10628189146518707,
            -0.8176676034927368,
            -0.07112947851419449
        ],
        [
            0.1042986661195755,
            -0.8072208166122437,
            -0.06593102216720581
        ],
        [
            0.0954766795039177,
            -0.8012144565582275,
            -0.0784405916929245
        ],
        [
            0.08204936981201172,
            -0.7835984826087952,
            -0.07440535724163055
        ],
        [
            0.09044227004051208,
            -0.7912590503692627,
            -0.07569745182991028
        ],
        [
            0.09941673278808594,
            -0.7973088026046753,
            -0.05956200137734413
        ],
        [
            0.10826177895069122,
            -0.808396577835083,
            -0.04484160244464874
        ],
        [
            0.11115533858537674,
            -0.815845251083374,
            -0.05378478392958641
        ],
        [
            0.11401616781949997,
            -0.8229514360427856,
            -0.03223384544253349
        ],
        [
            0.10425342619419098,
            -0.800879955291748,
            -0.03214468061923981
        ],
        [
            0.11198293417692184,
            -0.8215863704681396,
            -0.02322559989988804
        ],
        [
            0.08920953422784805,
            -0.7645596265792847,
            -0.03312015160918236
        ],
        [
            0.09146426618099213,
            -0.7525079846382141,
            -0.02766834758222103
        ],
        [
            0.10179263353347778,
            -0.7586582899093628,
            -0.014295530505478382
        ],
        [
            0.10114285349845886,
            -0.7705147862434387,
            -0.020028186962008476
        ],
        [
            0.11210095882415771,
            -0.8246313333511353,
            -0.06181654334068298
        ],
        [
            0.11846447736024857,
            -0.8882369995117188,
            -0.06642183661460876
        ],
        [
            0.1131509393453598,
            -0.8888311386108398,
            -0.07736735045909882
        ],
        [
            0.11992119252681732,
            -0.8750102519989014,
            -0.06391352415084839
        ],
        [
            0.12659378349781036,
            -0.9458232522010803,
            -0.04559457302093506
        ],
        [
            0.12011772394180298,
            -0.9426655769348145,
            -0.06272813677787781
        ],
        [
            0.12596653401851654,
            -0.9262664914131165,
            -0.057100728154182434
        ],
        [
            0.13213899731636047,
            -0.9314504265785217,
            -0.041677460074424744
        ],
        [
            0.10051412135362625,
            -0.9818140864372253,
            -0.05014247074723244
        ],
        [
            0.09502643346786499,
            -0.971182644367218,
            -0.07533157616853714
        ],
        [
            0.10714878141880035,
            -0.9582729339599609,
            -0.06947186589241028
        ],
        [
            0.11335006356239319,
            -0.9665431976318359,
            -0.049370892345905304
        ],
        [
            0.13536520302295685,
            -0.932258129119873,
            -0.028532840311527252
        ],
        [
            0.1379322111606598,
            -0.9323068857192993,
            -0.010099101811647415
        ],
        [
            0.13560214638710022,
            -0.9480544328689575,
            -0.0022674351930618286
        ],
        [
            0.13125687837600708,
            -0.9496192932128906,
            -0.024376124143600464
        ],
        [
            0.1252221167087555,
            -0.968128502368927,
            0.006495911628007889
        ],
        [
            0.12047569453716278,
            -0.9704598188400269,
            -0.020691193640232086
        ],
        [
            0.11021973192691803,
            -0.8077617883682251,
            -0.011820774525403976
        ],
        [
            0.11308509111404419,
            -0.8258047103881836,
            -0.010229041799902916
        ],
        [
            0.10023188591003418,
            -0.7848587036132812,
            -0.027206460013985634
        ],
        [
            0.10807283222675323,
            -0.7914779186248779,
            -0.010868077166378498
        ],
        [
            0.10842058062553406,
            -0.9834351539611816,
            0.01388930156826973
        ],
        [
            0.10415871441364288,
            -0.987830638885498,
            -0.01815899834036827
        ],
        [
            0.1307486891746521,
            -0.9082420468330383,
            0.03857297822833061
        ],
        [
            0.13390393555164337,
            -0.9262084364891052,
            0.030967768281698227
        ],
        [
            0.13767966628074646,
            -0.914031982421875,
            0.014325469732284546
        ],
        [
            0.13482160866260529,
            -0.8989676237106323,
            0.023647021502256393
        ],
        [
