{
    "pred_cam": [
        1.178657054901123,
        0.01398189552128315,
        0.19967225193977356
    ],
    "pred_smpl_params": {
        "global_orient": [
            [
                [
                    0.9883583188056946,
                    0.1036224216222763,
                    0.11140145361423492
                ],
                [
                    0.10571972280740738,
                    -0.9943100810050964,
                    -0.013071175664663315
                ],
                [
                    0.10941310971975327,
                    0.024696333333849907,
                    -0.9936895966529846
                ]
            ]
        ],
        "body_pose": [
            [
                [
                    0.9988247156143188,
                    0.03419053554534912,
                    -0.03435308113694191
                ],
                [
                    -0.024900535121560097,
                    0.9700809717178345,
                    0.24150128662586212
                ],
                [
                    0.04158232733607292,
                    -0.24036206305027008,
                    0.9697921872138977
                ]
            ],
            [
                [
                    0.9981302618980408,
                    0.058409787714481354,
                    0.0180083978921175
                ],
                [
                    -0.06078041344881058,
                    0.9796262979507446,
                    0.191410630941391
                ],
                [
                    -0.0064612445421516895,
                    -0.19214729964733124,
                    0.9813448190689087
                ]
            ],
            [
                [
                    0.9993502497673035,
                    0.004453195258975029,
                    0.03576695919036865
                ],
                [
                    0.0007152757025323808,
                    0.9896923303604126,
                    -0.1432078629732132
                ],
                [
                    -0.03603602200746536,
                    0.14314039051532745,
                    0.9890460968017578
                ]
            ],
            [
                [
                    0.9912917613983154,
                    -0.012738197110593319,
                    -0.13106636703014374
                ],
                [
                    -0.1033758819103241,
                    0.5412748456001282,
                    -0.8344668745994568
                ],
                [
                    0.08157255500555038,
                    0.840749204158783,
                    0.5352444648742676
                ]
            ],
            [
                [
                    0.9856781959533691,
                    -0.05333704873919487,
                    0.15998037159442902
                ],
                [
                    0.1529134064912796,
                    0.6826888918876648,
                    -0.7145302891731262
                ],
                [
                    -0.07110588252544403,
                    0.7287600040435791,
                    0.6810675263404846
                ]
            ],
            [
                [
                    0.9985933899879456,
                    -0.026363082230091095,
                    0.046003472059965134
                ],
                [
                    0.02467414177954197,
                    0.9990141987800598,
                    0.03690275549888611
                ],
                [
                    -0.04693099111318588,
                    -0.035715747624635696,
                    0.9982594847679138
                ]
            ],
            [
                [
                    0.9816379547119141,
                    -0.026601918041706085,
                    0.1888895183801651
                ],
                [
                    -4.238430847181007e-05,
                    0.9901976585388184,
                    0.13967306911945343
                ],
                [
                    -0.1907535344362259,
                    -0.13711640238761902,
                    0.9720144867897034
                ]
            ],
            [
                [
                    0.9815930128097534,
                    -0.0109324399381876,
                    -0.19067133963108063
                ],
                [
                    0.01767086051404476,
                    0.9992765784263611,
                    0.03367597982287407
                ],
                [
                    0.19016523659229279,
                    -0.036425430327653885,
                    0.9810761213302612
                ]
            ],
            [
                [
                    0.9991841316223145,
                    -0.011467177420854568,
                    0.038723114877939224
                ],
                [
                    0.013262436725199223,
                    0.9988336563110352,
                    -0.04642760008573532
                ],
                [
                    -0.038145553320646286,
                    0.04690328985452652,
                    0.998170793056488
                ]
            ],
            [
                [
                    0.9951313138008118,
                    -0.0707663744688034,
                    -0.06859851628541946
                ],
                [
                    0.07981856912374496,
                    0.9869659543037415,
                    0.13974033296108246
                ],
                [
                    0.05781547725200653,
                    -0.14453542232513428,
                    0.9878091812133789
                ]
            ],
            [
                [
                    0.9932568073272705,
                    0.11454689502716064,
                    0.01788891665637493
                ],
                [
                    -0.11588069796562195,
                    0.9761606454849243,
                    0.18352676928043365
                ],
                [
                    0.0035599679686129093,
                    -0.18436217308044434,
                    0.9828519821166992
                ]
            ],
            [
                [
                    0.9795969724655151,
                    0.02852964773774147,
                    -0.19893629848957062
                ],
                [
                    0.0062745180912315845,
                    0.9850483536720276,
                    0.17216353118419647
                ],
                [
                    0.20087365806102753,
                    -0.1698991358280182,
                    0.9647713899612427
                ]
            ],
            [
                [
                    0.8901787400245667,
                    0.4555208683013916,
                    -0.00907965563237667
                ],
                [
                    -0.4555233418941498,
                    0.8894384503364563,
                    -0.037387244403362274
                ],
                [
                    -0.008954876102507114,
                    0.03741732984781265,
                    0.9992595911026001
                ]
            ],
            [
                [
                    0.8916449546813965,
                    -0.4480116069316864,
                    0.06522852927446365
                ],
                [
                    0.45077136158943176,
                    0.891919732093811,
                    -0.03583677113056183
                ],
                [
                    -0.042123328894376755,
                    0.06135683134198189,
                    0.9972265362739563
                ]
            ],
            [
                [
                    0.9900608658790588,
                    -0.03462624549865723,
                    -0.1363108903169632
                ],
                [
                    0.012810473330318928,
                    0.9873919486999512,
                    -0.15777568519115448
                ],
                [
                    0.14005544781684875,
                    0.15446129441261292,
                    0.9780216813087463
                ]
            ],
            [
                [
                    0.4941028952598572,
                    0.831910252571106,
                    -0.25256210565567017
                ],
                [
                    -0.8675628304481506,
                    0.4906865954399109,
                    -0.08100234717130661
                ],
                [
                    0.056542154401540756,
                    0.25913700461387634,
                    0.964184045791626
                ]
            ],
            [
                [
                    0.5414454936981201,
                    -0.8149336576461792,
                    0.20668794214725494
                ],
                [
                    0.8387088179588318,
                    0.5406244397163391,
                    -0.06551939994096756
                ],
                [
                    -0.05834658443927765,
                    0.20882616937160492,
                    0.9762107133865356
                ]
            ],
            [
                [
                    0.9107262492179871,
                    -0.10900823026895523,
                    -0.39836522936820984
                ],
                [
                    0.03637310490012169,
                    0.981961727142334,
                    -0.18554821610450745
                ],
                [
                    0.41140568256378174,
                    0.15449385344982147,
                    0.8982632756233215
                ]
            ],
            [
                [
                    0.9306991696357727,
                    0.09147310256958008,
                    0.3541634678840637
                ],
                [
                    -0.023027926683425903,
                    0.9809586405754089,
                    -0.19284674525260925
                ],
                [
                    -0.3650600016117096,
                    0.1713266521692276,
                    0.9150838255882263
                ]
            ],
            [
                [
                    0.9983111023902893,
                    0.04597729071974754,
                    0.03550993651151657
                ],
                [
                    -0.04453672468662262,
                    0.9981926679611206,
                    -0.040346186608076096
                ],
                [
                    -0.03730076923966408,
                    0.03869654983282089,
                    0.998554527759552
                ]
            ],
            [
                [
                    0.998167872428894,
                    -0.032803747802972794,
                    -0.05084070935845375
                ],
                [
                    0.02723098173737526,
                    0.9939213395118713,
                    -0.10667173564434052
                ],
                [
                    0.054030898958444595,
                    0.10509186238050461,
                    0.9929936528205872
                ]
            ],
            [
                [
                    0.9665828943252563,
                    0.23119693994522095,
                    -0.11074958741664886
                ],
                [
                    -0.21395933628082275,
                    0.9655284881591797,
                    0.14824296534061432
                ],
                [
                    0.14120522141456604,
                    -0.11959321051836014,
                    0.9827300906181335
                ]
            ],
            [
                [
                    0.9729525446891785,
                    -0.22256842255592346,
                    0.06186017766594887
                ],
                [
                    0.20650653541088104,
                    0.9580175876617432,
                    0.19889046251773834
                ],
                [
                    -0.10352986305952072,
                    -0.18073643743991852,
                    0.9780674576759338
                ]
            ]
        ],
        "betas": [
            -0.02963496744632721,
            0.05777326226234436,
            -0.045999377965927124,
            0.15388989448547363,
            0.020386338233947754,
            0.06587949395179749,
            -0.044880956411361694,
            -0.06424853205680847,
            0.14105957746505737,
            -0.12162086367607117
        ]
    },
    "pred_cam_t": [
        0.01398189552128315,
        0.19967225193977356,
        33.14153289794922
    ],
    "focal_length": [
        5000.0,
        5000.0
    ],
    "pred_keypoints_3d": [
        [
            0.04307826608419418,
            -0.8495079874992371,
            -0.1325882226228714
        ],
        [
            0.044471971690654755,
            -0.7326396703720093,
            0.022187920287251472
        ],
        [
            -0.13925200700759888,
            -0.6352601051330566,
            -0.004410739988088608
        ],
        [
            -0.18430590629577637,
            -0.3888744115829468,
            0.04103631153702736
        ],
        [
            -0.19800542294979095,
            -0.1422867476940155,
            -0.023688148707151413
        ],
        [
            0.206211119890213,
            -0.6178762912750244,
            0.07562602311372757
        ],
        [
            0.18409159779548645,
            -0.36482593417167664,
            0.13562867045402527
        ],
        [
            0.1866835206747055,
            -0.12690497934818268,
            0.06116657704114914
        ],
        [
            -0.0019362324383109808,
            -0.22411558032035828,
            0.027455812320113182
        ],
        [
            -0.07795771956443787,
            -0.14136523008346558,
            0.02264237403869629
        ],
        [
            -0.16908404231071472,
            0.22196900844573975,
            -0.05811356008052826
        ],
        [
            -0.2192792296409607,
            0.5212126970291138,
            0.20121215283870697
        ],
        [
            0.05573674663901329,
            -0.12604117393493652,
            0.03996827080845833
        ],
        [
            0.04910816252231598,
            0.23727354407310486,
            -0.053598228842020035
        ],
        [
            -0.008205980062484741,
            0.4980332553386688,
            0.24276861548423767
        ],
        [
            0.01634170114994049,
            -0.8902729153633118,
            -0.09403547644615173
        ],
        [
            0.08205293118953705,
            -0.887349009513855,
            -0.10358378291130066
        ],
        [
            -0.0118153877556324,
            -0.87380051612854,
            0.003872804343700409
        ],
        [
            0.13256420195102692,
            -0.8669624328613281,
            -0.016412846744060516
        ],
        [
            -0.01608826033771038,
            0.6472533941268921,
            0.11292627453804016
        ],
        [
            0.050450827926397324,
            0.6336158514022827,
            0.16162455081939697
        ],
        [
            -0.003434687852859497,
            0.49151280522346497,
            0.3123994767665863
        ],
        [
            -0.21621406078338623,
            0.6646280884742737,
            0.06360000371932983
        ],
        [
            -0.28973090648651123,
            0.6368642449378967,
            0.10020360350608826
        ],
        [
            -0.23226575553417206,
            0.5268569588661194,
            0.273261159658432
        ],
        [
            -0.23560842871665955,
            0.4637279808521271,
            0.19273212552070618
        ],
        [
            -0.1560300886631012,
            0.16195179522037506,
            -0.057627931237220764
        ],
        [
            -0.14291051030158997,
            -0.2722014784812927,
            0.022251807153224945
        ],
        [
            0.14210344851016998,
            -0.22496795654296875,
            0.06780023872852325
        ],
        [
            0.06410296261310577,
            0.20097552239894867,
            -0.05197601020336151
        ],
        [
            0.0071737985126674175,
            0.4569888114929199,
            0.24037770926952362
        ],
        [
            -0.17809517681598663,
            -0.16515812277793884,
            -0.04286445304751396
        ],
        [
            -0.20476888120174408,
            -0.4059436023235321,
            0.011180396191775799
        ],
        [
            -0.10412381589412689,
            -0.6701172590255737,
            0.004923809785395861
        ],
        [
            0.17839199304580688,
            -0.6546400189399719,
            0.0712856724858284
        ],
        [
            0.22497045993804932,
            -0.3810586929321289,
            0.1094641387462616
        ],
        [
            0.19397661089897156,
            -0.14346449077129364,
            0.05130050331354141
        ],
        [
            0.04674656316637993,
            -0.7197806239128113,
            0.020641222596168518
        ],
        [
            0.06447073817253113,
            -0.9236631393432617,
            -0.01995498314499855
        ],
        [
            0.0001407598319929093,
            -0.24895963072776794,
            0.045298896729946136
        ],
        [
            0.03706508129835129,
            -0.661474883556366,
            0.03398694843053818
        ],
        [
            0.022489862516522408,
            -0.4901338815689087,
            0.05256752669811249
        ],
        [
            0.058610547333955765,
            -0.817833662033081,
            -0.05996501445770264
        ],
        [
            0.06145117059350014,
            -0.9423726797103882,
            -0.009628107771277428
        ]
    ],
    "pred_vertices": [
        [
            0.09585247188806534,
            -0.9326293468475342,
            -0.1026349812746048
        ],
        [
            0.0883462131023407,
            -0.9192163944244385,
            -0.10880061984062195
        ],
        [
            0.10009662806987762,
            -0.9145786762237549,
            -0.10198801755905151
        ],
        [
            0.10762885212898254,
            -0.9244239330291748,
            -0.09254206717014313
        ],
        [
            0.09496484696865082,
            -0.9061367511749268,
            -0.10747131705284119
        ],
        [
            0.08434994518756866,
            -0.9084124565124512,
            -0.1128918007016182
        ],
        [
            0.10781104862689972,
            -0.9075976014137268,
            -0.09277322143316269
        ],
        [
            0.11471174657344818,
            -0.9135951995849609,
            -0.08263429999351501
        ],
        [
            0.11304788291454315,
            -0.8713054656982422,
            -0.08432728797197342
        ],
        [
            0.11775990575551987,
            -0.8659210205078125,
            -0.07562287151813507
        ],
        [
            0.11828412115573883,
            -0.877845823764801,
            -0.07654774188995361
        ],
        [
            0.11220233142375946,
            -0.8800535798072815,
            -0.0846232920885086
        ],
        [
            0.11112235486507416,
            -0.8450111746788025,
            -0.08200111240148544
        ],
        [
            0.10350537300109863,
            -0.8368046283721924,
            -0.08997532725334167
        ],
        [
            0.10645166784524918,
            -0.8269299268722534,
            -0.0810088962316513
        ],
        [
            0.11288090795278549,
            -0.8347605466842651,
            -0.07212817668914795
        ],
        [
            0.06937972456216812,
            -0.8541068434715271,
            -0.1086895540356636
        ],
        [
            0.07462990283966064,
            -0.8471909165382385,
            -0.10858787596225739
        ],
        [
            0.07884757220745087,
            -0.8535712957382202,
            -0.10778984427452087
        ],
        [
            0.0728973001241684,
            -0.8597443103790283,
            -0.10760648548603058
        ],
        [
            0.060018789023160934,
            -0.8645528554916382,
            -0.11329019069671631
        ],
        [
            0.06170554459095001,
            -0.8697709441184998,
            -0.10976976901292801
        ],
        [
            0.05659868195652962,
            -0.8742572069168091,
            -0.11404480040073395
        ],
        [
            0.05559602379798889,
            -0.8683151006698608,
            -0.11876972019672394
        ],
        [
            0.0637543648481369,
            -0.8491497039794922,
            -0.10850057005882263
        ],
        [
            0.0694875717163086,
            -0.8419665098190308,
            -0.10815087705850601
        ],
        [
            0.06482751667499542,
            -0.8601816892623901,
            -0.10947680473327637
        ],
        [
            0.06245078146457672,
            -0.8557130098342896,
            -0.11177638173103333
        ],
        [
            0.05804063007235527,
            -0.8505638837814331,
            -0.12208988517522812
        ],
        [
            0.05993419513106346,
            -0.8550694584846497,
            -0.12052830308675766
        ],
        [
            0.05582832545042038,
            -0.8568347096443176,
            -0.12696194648742676
        ],
        [
            0.05440203472971916,
            -0.8513764142990112,
            -0.12644706666469574
        ],
        [
            0.06166800856590271,
            -0.8490644693374634,
            -0.11318451166152954
        ],
        [
            0.062038809061050415,
            -0.852115273475647,
            -0.11593587696552277
        ],
        [
            0.05922723561525345,
            -0.8486778140068054,
            -0.11818627268075943
        ],
        [
            0.05810995772480965,
            -0.8464159965515137,
            -0.11488386988639832
        ],
        [
            0.058866407722234726,
            -0.8604846000671387,
            -0.11640872061252594
        ],
        [
            0.055291518568992615,
            -0.8630337715148926,
            -0.12289389967918396
        ],
        [
            0.0507548451423645,
            -0.8652198314666748,
            -0.12941744923591614
        ],
        [
            0.05092129111289978,
            -0.8570355176925659,
            -0.13333363831043243
        ],
        [
            0.08545533567667007,
            -0.8325616121292114,
            -0.10382770001888275
        ],
        [
            0.08033180236816406,
            -0.8400915861129761,
            -0.10735700279474258
        ],
        [
            0.07511960715055466,
            -0.835383951663971,
            -0.1073540449142456
        ],
        [
            0.07986364513635635,
            -0.8293920159339905,
            -0.1051434576511383
        ],
        [
            0.059571851044893265,
            -0.8429602384567261,
            -0.11170629411935806
        ],
        [
            0.06261250376701355,
            -0.8267292380332947,
            -0.11301085352897644
        ],
        [
            0.06302601099014282,
            -0.8305916786193848,
            -0.11315154284238815
        ],
        [
            0.05666961520910263,
            -0.832030713558197,
            -0.11641737818717957
        ],
        [
            0.05695535987615585,
            -0.828383207321167,
            -0.11622340977191925
        ],
        [
            0.09047011286020279,
            -0.8173394203186035,
            -0.09585955739021301
        ],
        [
            0.08440348505973816,
            -0.8168383836746216,
            -0.09997369349002838
        ],
        [
            0.08478856086730957,
            -0.8097127676010132,
            -0.09749500453472137
        ],
        [
            0.09038268029689789,
            -0.8088070750236511,
            -0.0920817106962204
        ],
        [
            0.08253756165504456,
            -0.8039412498474121,
            -0.09626763314008713
        ],
        [
            0.08924002945423126,
            -0.8007801175117493,
            -0.0888325497508049
        ],
        [
            0.0799187570810318,
            -0.7871419787406921,
            -0.08853448927402496
        ],
        [
            0.08474966138601303,
            -0.7931196689605713,
            -0.08837360143661499
        ],
        [
            0.07851974666118622,
            -0.7985484600067139,
            -0.09655596315860748
        ],
        [
            0.07283303141593933,
            -0.7938919067382812,
            -0.09938649833202362
        ],
        [
            0.06015834957361221,
            -0.7997029423713684,
            -0.1069030612707138
        ],
        [
            0.05405488237738609,
            -0.7988848090171814,
            -0.10916280001401901
        ],
        [
            0.058442190289497375,
            -0.7864866852760315,
            -0.10772067308425903
        ],
        [
            0.06535419076681137,
            -0.7893631458282471,
            -0.104009710252285
        ],
        [
            0.062457285821437836,
            -0.820907711982727,
            -0.1086941659450531
        ],
        [
            0.0665702298283577,
            -0.8206315040588379,
            -0.10620297491550446
        ],
        [
            0.06668682396411896,
            -0.8222317099571228,
            -0.1084822341799736
        ],
        [
            0.062422312796115875,
            -0.8236887454986572,
            -0.11141957342624664
        ],
        [
            0.07023151963949203,
            -0.8200911283493042,
            -0.10462436079978943
        ],
        [
            0.07186571508646011,
            -0.8197186589241028,
            -0.1040290966629982
        ],
        [
            0.07161388546228409,
            -0.8210859894752502,
            -0.10522621870040894
        ],
        [
            0.0700819343328476,
            -0.8209335803985596,
            -0.10528165102005005
        ],
        [
            0.0681096762418747,
            -0.8207055330276489,
            -0.10571839660406113
        ],
        [
            0.06699834764003754,
            -0.8188432455062866,
            -0.10606399178504944
        ],
        [
            0.06931494921445847,
            -0.8193575143814087,
            -0.10505654662847519
        ],
        [
            0.06322683393955231,
            -0.818332314491272,
            -0.10857950150966644
        ],
        [
            0.05009105056524277,
            -0.8167779445648193,
            -0.11547872424125671
        ],
        [
            0.054026804864406586,
            -0.8172241449356079,
            -0.11426528543233871
        ],
        [
            0.05288805812597275,
            -0.8216887712478638,
            -0.11317107081413269
        ],
        [
            0.049535129219293594,
            -0.8215901851654053,
            -0.11412519216537476
        ],
        [
            0.06986680626869202,
            -0.8229353427886963,
            -0.10696056485176086
        ],
        [
            0.07249149680137634,
            -0.824527382850647,
            -0.10656073689460754
        ],
        [
            0.06867344677448273,
            -0.8276214599609375,
            -0.10963268578052521
        ],
        [
            0.06744706630706787,
            -0.8248873949050903,
            -0.10901229828596115
        ],
        [
            0.07526688277721405,
            -0.8263194561004639,
            -0.10652962327003479
        ],
        [
            0.0739581361413002,
            -0.8221195936203003,
            -0.10478253662586212
        ],
        [
            0.07708235830068588,
            -0.8224523067474365,
            -0.10435041785240173
        ],
        [
            0.0712713673710823,
            -0.8179779052734375,
            -0.10400647670030594
        ],
        [
            0.07394729554653168,
            -0.8160817623138428,
            -0.10278831422328949
        ],
        [
            0.07452287524938583,
            -0.8187569379806519,
            -0.10378177464008331
        ],
        [
            0.0718156173825264,
            -0.8129718899726868,
            -0.10310401022434235
        ],
        [
            0.06868429481983185,
            -0.816277265548706,
            -0.1048935204744339
        ],
        [
            0.06490878760814667,
            -0.814765214920044,
            -0.1073860228061676
        ],
        [
            0.06003241613507271,
            -0.8135255575180054,
            -0.11057783663272858
        ],
        [
            0.0625009685754776,
            -0.8084403872489929,
            -0.10780441015958786
        ],
        [
            0.06781774014234543,
            -0.8103481531143188,
            -0.1050664484500885
        ],
        [
            0.07092882692813873,
            -0.8311322927474976,
            -0.10889660567045212
        ],
        [
            0.07879137247800827,
            -0.8178139925003052,
            -0.10221040993928909
        ],
        [
            0.08257219940423965,
            -0.8240079879760742,
            -0.10233078896999359
        ],
        [
            0.0785546824336052,
            -0.8129605054855347,
            -0.10114830732345581
        ],
        [
            0.07638242095708847,
            -0.8085763454437256,
            -0.1006879210472107
        ],
        [
            0.0722355768084526,
            -0.8047918081283569,
            -0.10163260996341705
        ],
        [
            0.06637495756149292,
            -0.8019333481788635,
            -0.10430456697940826
        ],
        [
            0.06180151551961899,
            -0.7772889137268066,
            -0.09664691239595413
        ],
        [
            0.07057341933250427,
            -0.7814133167266846,
            -0.09319276362657547
        ],
        [
            0.08212648332118988,
            -0.9012000560760498,
            -0.11024583876132965
        ],
        [
            0.09094981849193573,
            -0.8995355367660522,
            -0.10842347145080566
        ],
        [
            0.09137284755706787,
            -0.8916826248168945,
            -0.10380399227142334
        ],
        [
            0.09331228584051132,
            -0.8942636251449585,
            -0.10368141531944275
        ],
        [
            0.08783048391342163,
            -0.8956677913665771,
            -0.10656286776065826
        ],
        [
            0.0872785747051239,
            -0.8928836584091187,
            -0.1059352457523346
        ],
        [
            0.10569540411233902,
            -0.8829018473625183,
            -0.08993315696716309
        ],
        [
            0.10065433382987976,
            -0.885164737701416,
            -0.09412321448326111
        ],
        [
            0.10094452649354935,
            -0.8812367916107178,
            -0.09276589751243591
        ],
        [
            0.10701179504394531,
            -0.8761202692985535,
            -0.08954647183418274
        ],
        [
            0.09237395226955414,
            -0.8743426203727722,
            -0.09938475489616394
        ],
        [
            0.09699154645204544,
            -0.8752276301383972,
            -0.09643057733774185
        ],
        [
            0.09338516741991043,
            -0.8822906613349915,
            -0.09867784380912781
        ],
        [
            0.09005934000015259,
            -0.8816770911216736,
            -0.10092625021934509
        ],
        [
            0.08611342310905457,
            -0.8815164566040039,
            -0.10268416255712509
        ],
        [
            0.08181394636631012,
            -0.8818289637565613,
            -0.10349221527576447
        ],
        [
            0.08174759149551392,
            -0.876410961151123,
            -0.1031356006860733
        ],
        [
            0.08693740516901016,
            -0.8750759959220886,
            -0.1017640233039856
        ],
        [
            0.08128505945205688,
            -0.8973184823989868,
            -0.10734328627586365
        ],
        [
            0.07411069422960281,
            -0.8969923257827759,
            -0.10632079839706421
        ],
        [
            0.07532966881990433,
            -0.8938263654708862,
            -0.10597066581249237
        ],
        [
            0.08143551647663116,
            -0.8940011858940125,
            -0.10712137818336487
        ],
        [
            0.06530657410621643,
            -0.8877785801887512,
            -0.10004083812236786
        ],
        [
            0.066582590341568,
            -0.8902493715286255,
            -0.10116483271121979
        ],
        [
            0.06307266652584076,
            -0.8919107913970947,
            -0.10205778479576111
        ],
        [
            0.061960622668266296,
            -0.8873884081840515,
            -0.10119886696338654
        ],
        [
            0.06401815265417099,
            -0.8841708898544312,
            -0.10149963200092316
        ],
        [
            0.06644108891487122,
            -0.8859786987304688,
            -0.1006041169166565
        ],
        [
            0.08889299631118774,
            -0.954530656337738,
            -0.09951821714639664
        ],
        [
            0.08175014704465866,
            -0.9384031891822815,
            -0.10838422179222107
        ],
        [
            0.10449907183647156,
            -0.9459278583526611,
            -0.08899471163749695
        ],
        [
            0.11442622542381287,
            -0.934431791305542,
            -0.07932302355766296
        ],
        [
            0.12167064845561981,
            -0.9200069308280945,
            -0.0709286481142044
        ],
        [
            0.09832675009965897,
            -0.8208925724029541,
            -0.08926118910312653
        ],
        [
            0.0996311753988266,
            -0.8115459680557251,
            -0.08327913284301758
        ],
        [
            0.10861506313085556,
            -0.8177475929260254,
            -0.071961909532547
        ],
        [
            0.10657312721014023,
            -0.807375431060791,
            -0.06660807132720947
        ],
        [
            0.09769414365291595,
            -0.8012328147888184,
            -0.07903175055980682
        ],
        [
            0.08417637646198273,
            -0.7837384343147278,
            -0.0747951939702034
        ],
        [
            0.09261242300271988,
            -0.791346549987793,
            -0.07616099715232849
        ],
        [
            0.1016574501991272,
            -0.7975579500198364,
            -0.06010691449046135
        ],
        [
            0.11059288680553436,
            -0.8088140487670898,
            -0.04553510248661041
        ],
        [
            0.11352796852588654,
            -0.8161507844924927,
            -0.054609060287475586
        ],
        [
            0.11644870042800903,
            -0.8235135078430176,
            -0.033095404505729675
        ],
        [
            0.1065206229686737,
            -0.8014975786209106,
            -0.032713502645492554
        ],
        [
            0.11438918113708496,
            -0.822290301322937,
            -0.024036139249801636
        ],
        [
            0.0912461057305336,
            -0.7652655839920044,
            -0.033258914947509766
        ],
        [
            0.09346602857112885,
            -0.7532613277435303,
            -0.027668289840221405
        ],
        [
            0.10382074117660522,
            -0.7594997882843018,
            -0.014287464320659637
        ],
        [
            0.10320088267326355,
            -0.7713074088096619,
            -0.020180322229862213
        ],
        [
            0.11450701206922531,
            -0.8248171806335449,
            -0.0627579391002655
        ],
        [
            0.12127484381198883,
            -0.8882969617843628,
            -0.0683489739894867
        ],
        [
            0.11598159372806549,
            -0.8887915015220642,
            -0.07930521667003632
        ],
        [
            0.12264777719974518,
            -0.8751311302185059,
            -0.06563815474510193
        ],
        [
            0.129745751619339,
            -0.9460972547531128,
            -0.04846182093024254
        ],
        [
            0.12324301898479462,
            -0.9427474737167358,
            -0.06551837921142578
        ],
        [
            0.12900234758853912,
            -0.9264217019081116,
            -0.05963391438126564
        ],
        [
            0.13520440459251404,
            -0.9317964911460876,
            -0.04430651664733887
        ],
        [
            0.10390333086252213,
            -0.9822053909301758,
            -0.05363129824399948
        ],
        [
            0.09837336838245392,
            -0.9712278842926025,
            -0.07860913872718811
        ],
        [
            0.11037662625312805,
            -0.9583339691162109,
            -0.07252191752195358
        ],
        [
            0.11662376672029495,
            -0.9668582081794739,
            -0.05260081589221954
        ],
        [
            0.13842256367206573,
            -0.9327706694602966,
            -0.03119206428527832
        ],
        [
            0.1410018354654312,
            -0.9331069588661194,
            -0.012768715620040894
        ],
        [
            0.1388179510831833,
            -0.949055552482605,
            -0.0052537620067596436
        ],
        [
            0.13447432219982147,
            -0.9502244591712952,
            -0.027373597025871277
        ],
        [
            0.12861067056655884,
            -0.9693663120269775,
            0.003184966742992401
        ],
        [
            0.1238410696387291,
            -0.9712390899658203,
            -0.024046123027801514
        ],
        [
            0.11248195916414261,
            -0.8086504936218262,
            -0.012430693954229355
        ],
        [
            0.11549308896064758,
            -0.8266803026199341,
            -0.011083463206887245
        ],
        [
            0.10235477983951569,
            -0.7855712175369263,
            -0.027562715113162994
        ],
        [
            0.11022178083658218,
            -0.7923563122749329,
            -0.011254897341132164
        ],
        [
            0.11192738264799118,
            -0.9849933385848999,
            0.01034504920244217
        ],
        [
            0.1076219230890274,
            -0.9888009428977966,
            -0.021801583468914032
        ],
        [
            0.13370713591575623,
            -0.9098750352859497,
            0.03631788492202759
        ],
        [
            0.13700595498085022,
            -0.9276944398880005,
            0.028377555310726166
        ],
        [
            0.14064204692840576,
            -0.9152066707611084,
            0.011971764266490936
        ],
        [
            0.1376969814300537,
            -0.9003032445907593,
            0.02155660092830658
        ],
