{
    "pred_cam": [
        1.1841528415679932,
        0.019639620557427406,
        0.19570761919021606
    ],
    "pred_smpl_params": {
        "global_orient": [
            [
                [
                    0.98613440990448,
                    0.11341865360736847,
                    0.12114167213439941
                ],
                [
                    0.1140013337135315,
                    -0.9934782981872559,
                    0.002132559660822153
                ],
                [
                    0.12059349566698074,
                    0.011707320809364319,
                    -0.9926329851150513
                ]
            ]
        ],
        "body_pose": [
            [
                [
                    0.998580813407898,
                    0.040296610444784164,
                    -0.034821007400751114
                ],
                [
                    -0.0316384993493557,
                    0.974809467792511,
                    0.22078385949134827
                ],
                [
                    0.04284068942070007,
                    -0.2193688601255417,
                    0.974700927734375
                ]
            ],
            [
                [
                    0.9982441663742065,
                    0.05809439718723297,
                    0.011564917862415314
                ],
                [
                    -0.05922224000096321,
                    0.9827824234962463,
                    0.17501844465732574
                ],
                [
                    -0.0011982031865045428,
                    -0.17539601027965546,
                    0.9844973087310791
                ]
            ],
            [
                [
                    0.9990917444229126,
                    0.00994854886084795,
                    0.04143297299742699
                ],
                [
                    -0.004378484096378088,
                    0.9911847114562988,
                    -0.13241493701934814
                ],
                [
                    -0.04238506406545639,
                    0.1321132630109787,
                    0.9903280138969421
                ]
            ],
            [
                [
                    0.9912766218185425,
                    -0.020993508398532867,
                    -0.13011561334133148
                ],
                [
                    -0.09469908475875854,
                    0.5731814503669739,
                    -0.8139380812644958
                ],
                [
                    0.09166722744703293,
                    0.8191595077514648,
                    0.5661932826042175
                ]
            ],
            [
                [
                    0.9861530065536499,
                    -0.05644867569208145,
                    0.15593521296977997
                ],
                [
                    0.1488388031721115,
                    0.715952455997467,
                    -0.6820989847183228
                ],
                [
                    -0.07313861697912216,
                    0.6958631873130798,
                    0.7144404053688049
                ]
            ],
            [
                [
                    0.998325765132904,
                    -0.027475200593471527,
                    0.05090051144361496
                ],
                [
                    0.025454267859458923,
                    0.998878002166748,
                    0.03993517905473709
                ],
                [
                    -0.05194062739610672,
                    -0.03857267647981644,
                    0.9979050159454346
                ]
            ],
            [
                [
                    0.9815433621406555,
                    -0.02676580101251602,
                    0.189357727766037
                ],
                [
                    2.0990404664189555e-05,
                    0.9901723861694336,
                    0.13985233008861542
                ],
                [
                    -0.19124004244804382,
                    -0.1372671276330948,
                    0.9718977212905884
                ]
            ],
            [
                [
                    0.9815130233764648,
                    -0.01660635694861412,
                    -0.19067400693893433
                ],
                [
                    0.021449798718094826,
                    0.9994968175888062,
                    0.023365944623947144
                ],
                [
                    0.19019004702568054,
                    -0.02702389843761921,
                    0.9813753366470337
                ]
            ],
            [
                [
                    0.9989500641822815,
                    -0.014447282999753952,
                    0.04347473010420799
                ],
                [
                    0.016338331624865532,
                    0.9989214539527893,
                    -0.043461356312036514
                ],
                [
                    -0.042799945920705795,
                    0.04412602633237839,
                    0.9981086850166321
                ]
            ],
            [
                [
                    0.9948181509971619,
                    -0.0707496702671051,
                    -0.07301656901836395
                ],
                [
                    0.08004327118396759,
                    0.9878250360488892,
                    0.1333969235420227
                ],
                [
                    0.06268980354070663,
                    -0.13855016231536865,
                    0.9883692860603333
                ]
            ],
            [
                [
                    0.9930463433265686,
                    0.1167408749461174,
                    0.01518481969833374
                ],
                [
                    -0.11756116896867752,
                    0.9765977263450623,
                    0.18010061979293823
                ],
                [
                    0.006195645779371262,
                    -0.18063339591026306,
                    0.9835309982299805
                ]
            ],
            [
                [
                    0.976500928401947,
                    0.032103441655635834,
                    -0.2131090611219406
                ],
                [
                    0.004324621520936489,
                    0.9857248067855835,
                    0.16830892860889435
                ],
                [
                    0.21547019481658936,
                    -0.1652754247188568,
                    0.9624223709106445
                ]
            ],
            [
                [
                    0.8974901437759399,
                    0.4410141408443451,
                    -0.004240529146045446
                ],
                [
                    -0.44082674384117126,
                    0.8967306017875671,
                    -0.03931811824440956
                ],
                [
                    -0.01353723555803299,
                    0.03715696185827255,
                    0.999217689037323
                ]
            ],
            [
                [
                    0.8973559737205505,
                    -0.43690329790115356,
                    0.062190793454647064
                ],
                [
                    0.43954282999038696,
                    0.897438108921051,
                    -0.03750874847173691
                ],
                [
                    -0.03942469134926796,
                    0.0609942190349102,
                    0.9973591566085815
                ]
            ],
            [
                [
                    0.9883439540863037,
                    -0.03816189989447594,
                    -0.14737693965435028
                ],
                [
                    0.015633078292012215,
                    0.9883953332901001,
                    -0.1510968804359436
                ],
                [
                    0.1514328271150589,
                    0.1470317244529724,
                    0.977471113204956
                ]
            ],
            [
                [
                    0.47850024700164795,
                    0.8414313197135925,
                    -0.25105953216552734
                ],
                [
                    -0.8766123652458191,
                    0.47432059049606323,
                    -0.08106072247028351
                ],
                [
                    0.05087565630674362,
                    0.2588694393634796,
                    0.9645715951919556
                ]
            ],
            [
                [
                    0.5287277698516846,
                    -0.8248206377029419,
                    0.200294628739357
                ],
                [
                    0.8466023206710815,
                    0.529407799243927,
                    -0.054698195308446884
                ],
                [
                    -0.060921330004930496,
                    0.19849036633968353,
                    0.9782076478004456
                ]
            ],
            [
                [
                    0.9083137512207031,
                    -0.11107569187879562,
                    -0.4032720625400543
                ],
                [
                    0.03778548166155815,
                    0.9819445610046387,
                    -0.18535658717155457
                ],
                [
                    0.4165794551372528,
                    0.1531241238117218,
                    0.8961107730865479
                ]
            ],
            [
                [
                    0.9251419305801392,
                    0.11001955717802048,
                    0.3633291721343994
                ],
                [
                    -0.04262428358197212,
                    0.9811355471611023,
                    -0.18856337666511536
                ],
                [
                    -0.37722086906433105,
                    0.1589612364768982,
                    0.9123791456222534
                ]
            ],
            [
                [
                    0.9984973669052124,
                    0.04286805912852287,
                    0.03413538262248039
                ],
                [
                    -0.04187995567917824,
                    0.9986972212791443,
                    -0.029153961688280106
                ],
                [
                    -0.03534068539738655,
                    0.027680568397045135,
                    0.998991847038269
                ]
            ],
            [
                [
                    0.9984853863716125,
                    -0.023953145369887352,
                    -0.049528975039720535
                ],
                [
                    0.01865237019956112,
                    0.9943137168884277,
                    -0.10484395921230316
                ],
                [
                    0.05175868421792984,
                    0.10376133024692535,
                    0.9932544827461243
                ]
            ],
            [
                [
                    0.9661082625389099,
                    0.23265954852104187,
                    -0.11182280629873276
                ],
                [
                    -0.21546316146850586,
                    0.9653768539428711,
                    0.14704842865467072
                ],
                [
                    0.14216335117816925,
                    -0.1179710105061531,
                    0.9827881455421448
                ]
            ],
            [
                [
                    0.9729859828948975,
                    -0.223611518740654,
                    0.05741330608725548
                ],
                [
                    0.20816640555858612,
                    0.9572944641113281,
                    0.20063403248786926
                ],
                [
                    -0.09982551634311676,
                    -0.18326255679130554,
                    0.9779825210571289
                ]
            ]
        ],
        "betas": [
            -0.05663621425628662,
            0.04770737886428833,
            -0.05194684863090515,
            0.04757782816886902,
            0.0180588960647583,
            0.06666234135627747,
            -0.030390501022338867,
            -0.07729822397232056,
            0.13256391882896423,
            -0.11643481254577637
        ]
    },
    "pred_cam_t": [
        0.019639620557427406,
        0.19570761919021606,
        32.98771667480469
    ],
    "focal_length": [
        5000.0,
        5000.0
    ],
    "pred_keypoints_3d": [
        [
            0.04990028589963913,
            -0.8459243774414062,
            -0.13218970596790314
        ],
        [
            0.04961226135492325,
            -0.7292520999908447,
            0.02198709174990654
        ],
        [
            -0.13354220986366272,
            -0.6350522637367249,
            -0.009708628058433533
        ],
        [
            -0.1806013435125351,
            -0.3889131247997284,
            0.03445375710725784
        ],
        [
            -0.19740663468837738,
            -0.14452217519283295,
            -0.03657080978155136
        ],
        [
            0.2089201658964157,
            -0.6153380274772644,
            0.07934098690748215
        ],
        [
            0.18231838941574097,
            -0.3631562888622284,
            0.14039893448352814
        ],
        [
            0.1852777898311615,
            -0.1254909485578537,
            0.06632161140441895
        ],
        [
            -0.0018322074320167303,
            -0.22280941903591156,
            0.02764824405312538
        ],
        [
            -0.07894004136323929,
            -0.14081859588623047,
            0.023146260529756546
        ],
        [
            -0.1736711859703064,
            0.2238219976425171,
            -0.046605776995420456
        ],
        [
            -0.22653841972351074,
            0.5269232988357544,
            0.20759986340999603
        ],
        [
            0.0550818145275116,
            -0.12436868250370026,
            0.0421273447573185
        ],
        [
            0.04202695190906525,
            0.24189214408397675,
            -0.03863601014018059
        ],
        [
            -0.0191517136991024,
            0.5031642913818359,
            0.25645092129707336
        ],
        [
            0.023506950587034225,
            -0.8867177963256836,
            -0.09362275898456573
        ],
        [
            0.08915680646896362,
            -0.8832728862762451,
            -0.10312611609697342
        ],
        [
            -0.0047150664031505585,
            -0.8701493740081787,
            0.004028677940368652
        ],
        [
            0.1393647938966751,
            -0.862088680267334,
            -0.016027092933654785
        ],
        [
            -0.02769467979669571,
            0.6520577669143677,
            0.12660914659500122
        ],
        [
            0.03876760974526405,
            0.6389594674110413,
            0.1753075122833252
        ],
        [
            -0.014837972819805145,
            0.49701744318008423,
            0.3261267840862274
        ],
        [
            -0.22383113205432892,
            0.6695113182067871,
            0.06949853897094727
        ],
        [
            -0.29711270332336426,
            0.6418439149856567,
            0.10610732436180115
        ],
        [
            -0.23966071009635925,
            0.5331704616546631,
            0.2795986831188202
        ],
        [
            -0.24241268634796143,
            0.46932780742645264,
            0.19998979568481445
        ],
        [
            -0.16014045476913452,
            0.1635129302740097,
            -0.04738415777683258
        ],
        [
            -0.14264896512031555,
            -0.2721181809902191,
            0.019785873591899872
        ],
        [
            0.14233562350273132,
            -0.22247549891471863,
            0.06899973750114441
        ],
        [
            0.05773191526532173,
            0.20553529262542725,
            -0.037836704403162
        ],
        [
            -0.003523023799061775,
            0.46230432391166687,
            0.2543615698814392
        ],
        [
            -0.17716583609580994,
            -0.16755448281764984,
            -0.05505691096186638
        ],
        [
            -0.2007627785205841,
            -0.40657615661621094,
            0.004389706999063492
        ],
        [
            -0.09825535118579865,
            -0.6690667867660522,
            0.0006620105123147368
        ],
        [
            0.18118128180503845,
            -0.6516584157943726,
            0.07407225668430328
        ],
        [
            0.22432291507720947,
            -0.3788565397262573,
            0.1154375821352005
        ],
        [
            0.19310206174850464,
            -0.14206050336360931,
            0.0567382276058197
        ],
        [
            0.05184184014797211,
            -0.7173616886138916,
            0.020128561183810234
        ],
        [
            0.07184159010648727,
            -0.9193322062492371,
            -0.019184036180377007
        ],
        [
            0.0004119772638659924,
            -0.24769625067710876,
            0.04473595321178436
        ],
        [
            0.04155309498310089,
            -0.6594505310058594,
            0.0331697091460228
        ],
        [
            0.02509715035557747,
            -0.48766568303108215,
            0.05130485072731972
        ],
        [
            0.0651247426867485,
            -0.8139539361000061,
            -0.05991269275546074
        ],
        [
            0.06896122545003891,
            -0.9380162358283997,
            -0.008800702169537544
        ]
    ],
    "pred_vertices": [
        [
            0.10335275530815125,
            -0.9285075664520264,
            -0.1018173098564148
        ],
        [
            0.09571947902441025,
            -0.9151771068572998,
            -0.108050137758255
        ],
        [
            0.10741100460290909,
            -0.9103885889053345,
            -0.10126635432243347
        ],
        [
            0.1150481253862381,
            -0.9201247692108154,
            -0.0917796939611435
        ],
        [
            0.10221563279628754,
            -0.9020053148269653,
            -0.10679464042186737
        ],
        [
            0.09163060784339905,
            -0.9044046401977539,
            -0.11222635209560394
        ],
        [
            0.11503656208515167,
            -0.9032927751541138,
            -0.0920916497707367
        ],
        [
            0.12201359122991562,
            -0.9091733694076538,
            -0.0819191038608551
        ],
        [
            0.11996036767959595,
            -0.8669266700744629,
            -0.08387526869773865
        ],
        [
            0.12459909915924072,
            -0.861491322517395,
            -0.0751899927854538
        ],
        [
            0.12522122263908386,
            -0.873387336730957,
            -0.07601878046989441
        ],
        [
            0.11918555200099945,
            -0.8756766319274902,
            -0.08411900699138641
        ],
        [
            0.11783280223608017,
            -0.8406553268432617,
            -0.08165787905454636
        ],
        [
            0.11017242819070816,
            -0.8325552940368652,
            -0.0897013396024704
        ],
        [
            0.11299151182174683,
            -0.822625994682312,
            -0.08073529601097107
        ],
        [
            0.1194460466504097,
            -0.8303490877151489,
            -0.07179968804121017
        ],
        [
            0.07621324062347412,
            -0.8501973152160645,
            -0.10838890075683594
        ],
        [
            0.08141116052865982,
            -0.8432531952857971,
            -0.10831964015960693
        ],
        [
            0.08568927645683289,
            -0.8495890498161316,
            -0.10750603675842285
        ],
        [
            0.07978770136833191,
            -0.855802059173584,
            -0.10729467868804932
        ],
        [
            0.0669487714767456,
            -0.8607147932052612,
            -0.11289758235216141
        ],
        [
            0.06868024170398712,
            -0.8659069538116455,
            -0.10937485098838806
        ],
        [
            0.06360378861427307,
            -0.8704400658607483,
            -0.11359083652496338
        ],
        [
            0.06255693733692169,
            -0.8645312786102295,
            -0.11832240223884583
        ],
        [
            0.07054093480110168,
            -0.8452907800674438,
            -0.10818792879581451
        ],
        [
            0.07621718943119049,
            -0.8380811214447021,
            -0.10786318778991699
        ],
        [
            0.07172052562236786,
            -0.8562992811203003,
            -0.10913945734500885
        ],
        [
            0.06929932534694672,
            -0.8518558740615845,
            -0.11142347753047943
        ],
        [
            0.06484489142894745,
            -0.846790075302124,
            -0.12169966101646423
        ],
        [
            0.06677526235580444,
            -0.8512682914733887,
            -0.12012378871440887
        ],
        [
            0.06268872320652008,
            -0.8530977964401245,
            -0.12652519345283508
        ],
        [
            0.06122167780995369,
            -0.8476585149765015,
            -0.12603622674942017
        ],
        [
            0.06845243275165558,
            -0.8452260494232178,
            -0.1128375381231308
        ],
        [
            0.06884700059890747,
            -0.8482741117477417,
            -0.11556379497051239
        ],
        [
            0.06601119786500931,
            -0.8448724746704102,
            -0.11782187223434448
        ],
        [
            0.06487652659416199,
            -0.8426144123077393,
            -0.11453443020582199
        ],
        [
            0.0657508373260498,
            -0.8566596508026123,
            -0.1160053014755249
        ],
        [
            0.06220217049121857,
            -0.859268307685852,
            -0.12244829535484314
        ],
        [
            0.05768907070159912,
            -0.8615180253982544,
            -0.1289280503988266
        ],
        [
            0.057790689170360565,
            -0.8533836603164673,
            -0.13287577033042908
        ],
        [
            0.0921013131737709,
            -0.8285386562347412,
            -0.10358208417892456
        ],
        [
            0.08704983443021774,
            -0.8361040353775024,
            -0.10710418969392776
        ],
        [
            0.0817866250872612,
            -0.8314615488052368,
            -0.10708253085613251
        ],
        [
            0.08647191524505615,
            -0.8254378437995911,
            -0.10487876832485199
        ],
        [
            0.06630928814411163,
            -0.8391594886779785,
            -0.11138434708118439
        ],
        [
            0.06922563165426254,
            -0.8229713439941406,
            -0.1127346083521843
        ],
        [
            0.06966347992420197,
            -0.8268139362335205,
            -0.1128532886505127
        ],
        [
            0.06332230567932129,
            -0.8283216953277588,
            -0.11611279845237732
        ],
        [
            0.06358697265386581,
            -0.8246887922286987,
            -0.11594678461551666
        ],
        [
            0.09695668518543243,
            -0.813285231590271,
            -0.09562031924724579
        ],
        [
            0.09087567031383514,
            -0.8128640651702881,
            -0.09971962124109268
        ],
        [
            0.09119541943073273,
            -0.805753231048584,
            -0.09725925326347351
        ],
        [
            0.09678887575864792,
            -0.8047655820846558,
            -0.09186020493507385
        ],
        [
            0.08889756351709366,
            -0.8000307083129883,
            -0.0960489958524704
        ],
        [
            0.09557008743286133,
            -0.7967656850814819,
            -0.08862711489200592
        ],
        [
            0.08616746962070465,
            -0.7832690477371216,
            -0.08835844695568085
        ],
        [
            0.09103421866893768,
            -0.7891719937324524,
            -0.08818614482879639
        ],
        [
            0.0848509818315506,
            -0.7946991920471191,
            -0.09634985029697418
        ],
        [
            0.07913720607757568,
            -0.7901336550712585,
            -0.09919092059135437
        ],
        [
            0.06655244529247284,
            -0.7960516810417175,
            -0.10675211995840073
        ],
        [
            0.060449495911598206,
            -0.7952907085418701,
            -0.10901227593421936
        ],
        [
            0.06472846865653992,
            -0.7828876972198486,
            -0.10759704560041428
        ],
        [
            0.07163530588150024,
            -0.7857027053833008,
            -0.10384026169776917
        ],
        [
            0.06902104616165161,
            -0.8171535134315491,
            -0.10845303535461426
        ],
        [
            0.07312501966953278,
            -0.8168295621871948,
            -0.10596227645874023
        ],
        [
            0.07325611263513565,
            -0.8184328079223633,
            -0.1082291379570961
        ],
        [
            0.06901245564222336,
            -0.8199385404586792,
            -0.11116822063922882
        ],
        [
            0.07676724344491959,
            -0.8162545561790466,
            -0.10438143461942673
        ],
        [
            0.07839035987854004,
            -0.8158650994300842,
            -0.10378547012805939
        ],
        [
            0.07815521955490112,
            -0.8172314167022705,
            -0.1049746423959732
        ],
        [
            0.07662470638751984,
            -0.8170865178108215,
            -0.1050388514995575
        ],
        [
            0.07465517520904541,
            -0.8168841600418091,
            -0.10547840595245361
        ],
        [
            0.07353290915489197,
            -0.8150461912155151,
            -0.1058313250541687
        ],
        [
            0.0758478045463562,
            -0.8155384063720703,
            -0.10481724143028259
        ],
        [
            0.06976322829723358,
            -0.8145873546600342,
            -0.10834742337465286
        ],
        [
            0.05664600431919098,
            -0.8131657838821411,
            -0.11528946459293365
        ],
        [
            0.060575973242521286,
            -0.8135809898376465,
            -0.11406198889017105
        ],
        [
            0.059471495449543,
            -0.818028450012207,
            -0.1129474937915802
        ],
        [
            0.05612434819340706,
            -0.8179576396942139,
            -0.11391277611255646
        ],
        [
            0.0764317587018013,
            -0.8190851807594299,
            -0.10670508444309235
        ],
        [
            0.07905624806880951,
            -0.8206605911254883,
            -0.10628063976764679
        ],
        [
            0.07527396082878113,
            -0.8237948417663574,
            -0.10933658480644226
        ],
        [
            0.07403094321489334,
            -0.8210766911506653,
            -0.1087365448474884
        ],
        [
            0.08184024691581726,
            -0.8224203586578369,
            -0.1062513217329979
        ],
        [
            0.08049517869949341,
            -0.8182432651519775,
            -0.10451680421829224
        ],
        [
            0.0836232528090477,
            -0.8185422420501709,
            -0.10408708453178406
        ],
        [
            0.07778550684452057,
            -0.8141416311264038,
            -0.10377092659473419
        ],
        [
            0.0804317444562912,
            -0.8122216463088989,
            -0.10255059599876404
        ],
        [
            0.0810304656624794,
            -0.8148826360702515,
            -0.10353496670722961
        ],
        [
            0.07828514277935028,
            -0.8091508150100708,
            -0.10288035869598389
        ],
        [
            0.07519600540399551,
            -0.8124814033508301,
            -0.10466750711202621
        ],
        [
            0.07141813635826111,
            -0.8110260963439941,
            -0.10716651380062103
        ],
        [
            0.06654755026102066,
            -0.8098447322845459,
            -0.11038225144147873
        ],
        [
            0.06896781921386719,
            -0.8047465085983276,
            -0.10762406140565872
        ],
        [
            0.0742831900715828,
            -0.8065857887268066,
            -0.10486148297786713
        ],
        [
            0.07755973935127258,
            -0.8272628784179688,
            -0.10860075801610947
        ],
        [
            0.08528107404708862,
            -0.8138975501060486,
            -0.10195638239383698
        ],
        [
            0.0891197994351387,
            -0.8200352191925049,
            -0.10206955671310425
        ],
        [
            0.08499842137098312,
            -0.8090616464614868,
            -0.100908562541008
        ],
        [
            0.0827951729297638,
            -0.8047164678573608,
            -0.1004694253206253
        ],
        [
            0.07863560318946838,
            -0.8010052442550659,
            -0.10142224282026291
        ],
        [
            0.07277567684650421,
            -0.7982118129730225,
            -0.10413308441638947
        ],
        [
            0.06802332401275635,
            -0.7736256718635559,
            -0.09656507521867752
        ],
        [
            0.07680266350507736,
            -0.7776645421981812,
            -0.09304466843605042
        ],
        [
            0.089359350502491,
            -0.8971593379974365,
            -0.1096801608800888
        ],
        [
            0.09816209971904755,
            -0.895413875579834,
            -0.10784757137298584
        ],
        [
            0.09852103143930435,
            -0.8875313401222229,
            -0.10329756885766983
        ],
        [
            0.10047505795955658,
            -0.8901047706604004,
            -0.10314501821994781
        ],
        [
            0.09501428157091141,
            -0.8915637135505676,
            -0.10602553188800812
        ],
        [
            0.09444200992584229,
            -0.8887699842453003,
            -0.10543671995401382
        ],
        [
            0.11273235082626343,
            -0.8785770535469055,
            -0.08945055305957794
        ],
        [
            0.10772895812988281,
            -0.880892276763916,
            -0.09365320950746536
        ],
        [
            0.10799211263656616,
            -0.8769682049751282,
            -0.09232251346111298
        ],
        [
            0.11400004476308823,
            -0.8717949390411377,
            -0.08910556137561798
        ],
        [
            0.09937265515327454,
            -0.8701996803283691,
            -0.09898214042186737
        ],
        [
            0.103994220495224,
            -0.8710319995880127,
            -0.0960175096988678
        ],
        [
            0.10044188797473907,
            -0.8781201839447021,
            -0.0982266366481781
        ],
        [
            0.09711934626102448,
            -0.8775414228439331,
            -0.10048659145832062
        ],
        [
            0.09317614138126373,
            -0.8774183988571167,
            -0.10225023329257965
        ],
        [
            0.08888228237628937,
            -0.8777703642845154,
            -0.10306267440319061
        ],
        [
            0.08876843750476837,
            -0.8723542094230652,
            -0.10274222493171692
        ],
        [
            0.09394571185112,
            -0.870976448059082,
            -0.10137417912483215
        ],
        [
            0.08848032355308533,
            -0.8932507038116455,
            -0.10682007670402527
        ],
        [
            0.08130335807800293,
            -0.8929740190505981,
            -0.1058148443698883
        ],
        [
            0.08248770982027054,
            -0.8897924423217773,
            -0.1054847314953804
        ],
        [
            0.08860082924365997,
            -0.8899233937263489,
            -0.1066415011882782
        ],
        [
            0.07241959124803543,
            -0.8837957978248596,
            -0.09958305954933167
        ],
        [
            0.07371168583631516,
            -0.8862560987472534,
            -0.10070318728685379
        ],
        [
            0.0702313780784607,
            -0.8879432678222656,
            -0.10159406810998917
        ],
        [
            0.06908011436462402,
            -0.8834412097930908,
            -0.10074573755264282
        ],
        [
            0.07110515236854553,
            -0.8802167177200317,
            -0.101052425801754
        ],
        [
            0.07353945076465607,
            -0.8819946050643921,
            -0.10014615952968597
        ],
        [
            0.0965932235121727,
            -0.9504842162132263,
            -0.09854753315448761
        ],
        [
            0.08932333439588547,
            -0.9344388842582703,
            -0.10760530829429626
        ],
        [
            0.11213699728250504,
            -0.9416555762290955,
            -0.08812161535024643
        ],
        [
            0.12196653336286545,
            -0.9299967288970947,
            -0.07852298021316528
        ],
        [
            0.12905320525169373,
            -0.9154415130615234,
            -0.07017832249403
        ],
        [
            0.10483042150735855,
            -0.816719651222229,
            -0.08900729566812515
        ],
        [
            0.10604667663574219,
            -0.8073549270629883,
            -0.08305485546588898
        ],
        [
            0.11503929644823074,
            -0.8134077787399292,
            -0.07169929146766663
        ],
        [
            0.1128934770822525,
            -0.8030717372894287,
            -0.06635473668575287
        ],
        [
            0.10401557385921478,
            -0.7970809936523438,
            -0.07882118225097656
        ],
        [
            0.09039732813835144,
            -0.7797588109970093,
            -0.0745939388871193
        ],
        [
            0.09885623306035995,
            -0.7872629165649414,
            -0.07595272362232208
        ],
        [
            0.10784976184368134,
            -0.7933489680290222,
            -0.05984417349100113
        ],
        [
            0.11677514761686325,
            -0.8044432997703552,
            -0.04522574692964554
        ],
        [
            0.11982675641775131,
            -0.8117262125015259,
            -0.054302580654621124
        ],
        [
            0.12273018062114716,
            -0.8190216422080994,
            -0.0327829010784626
        ],
        [
            0.11263613402843475,
            -0.7971484661102295,
            -0.03239599987864494
        ],
        [
            0.12066476047039032,
            -0.8177710771560669,
            -0.023737860843539238
        ],
        [
            0.09724635630846024,
            -0.7612030506134033,
            -0.03298616036772728
        ],
        [
            0.09930609166622162,
            -0.7492945194244385,
            -0.027348970994353294
        ],
        [
            0.10944511741399765,
            -0.7553831338882446,
            -0.013905731961131096
        ],
        [
            0.10906828939914703,
            -0.7670795917510986,
            -0.019841130822896957
        ],
        [
            0.12093667685985565,
            -0.8203635215759277,
            -0.06244538351893425
        ],
        [
            0.128319650888443,
            -0.8837661147117615,
            -0.06774227321147919
        ],
        [
            0.12300600111484528,
            -0.8843610286712646,
            -0.07871440052986145
        ],
        [
            0.12956903874874115,
            -0.8705792427062988,
            -0.06511367857456207
        ],
        [
            0.13734938204288483,
            -0.9414088726043701,
            -0.047475665807724
        ],
        [
            0.13085684180259705,
            -0.9381590485572815,
            -0.06462216377258301
        ],
        [
            0.13642922043800354,
            -0.9217536449432373,
            -0.058821991086006165
        ],
        [
            0.14264066517353058,
            -0.926994800567627,
            -0.04343134164810181
        ],
        [
            0.11186370253562927,
            -0.977764368057251,
            -0.052417341619729996
        ],
        [
            0.10622899234294891,
            -0.9669888615608215,
            -0.07751831412315369
        ],
        [
            0.11815168708562851,
            -0.9539363384246826,
            -0.07151980698108673
        ],
        [
            0.12445840239524841,
            -0.962302565574646,
            -0.051498398184776306
        ],
        [
            0.14589084684848785,
            -0.9278857707977295,
            -0.030290305614471436
        ],
        [
            0.14844903349876404,
            -0.9280726909637451,
            -0.011871855705976486
        ],
        [
            0.14630746841430664,
            -0.943935751914978,
            -0.004197556525468826
        ],
        [
            0.14205357432365417,
            -0.9453678131103516,
            -0.026289012283086777
        ],
        [
            0.13624384999275208,
            -0.9642152786254883,
            0.004346728324890137
        ],
        [
            0.1316080391407013,
            -0.966366171836853,
            -0.02283255010843277
        ],
        [
            0.11863187700510025,
            -0.8041213750839233,
            -0.012134743854403496
        ],
        [
            0.12182728201150894,
            -0.8220723867416382,
            -0.01081228256225586
        ],
        [
            0.10843537002801895,
            -0.7812756896018982,
            -0.027243448421359062
        ],
        [
            0.11618589609861374,
            -0.787940263748169,
            -0.010914955288171768
        ],
        [
            0.11966957151889801,
            -0.979812741279602,
            0.011555448174476624
        ],
        [
            0.11555729806423187,
            -0.9839872121810913,
            -0.020489200949668884
        ],
        [
            0.14077767729759216,
            -0.9046395421028137,
            0.03696007281541824
        ],
        [
            0.1442548930644989,
            -0.922462522983551,
            0.029195241630077362
        ],
        [
            0.14785991609096527,
            -0.9100625514984131,
            0.01269957423210144
        ],
        [
            0.14474248886108398,
            -0.8951435089111328,
            0.02216099202632904
        ],
        [
            0.13235969841480255,
