{
    "pred_cam": [
        1.1800966262817383,
        0.030822278931736946,
        0.18999776244163513
    ],
    "pred_smpl_params": {
        "global_orient": [
            [
                [
                    0.9862634539604187,
                    0.13960778713226318,
                    0.08828403055667877
                ],
                [
                    0.14041706919670105,
                    -0.9900879263877869,
                    -0.002993011148646474
                ],
                [
                    0.08699110150337219,
                    0.015348481014370918,
                    -0.996090829372406
                ]
            ]
        ],
        "body_pose": [
            [
                [
                    0.9984899163246155,
                    0.04929584264755249,
                    -0.0242462195456028
                ],
                [
                    -0.04215589538216591,
                    0.970542848110199,
                    0.2372119128704071
                ],
                [
                    0.035225555300712585,
                    -0.23583155870437622,
                    0.9711553454399109
                ]
            ],
            [
                [
                    0.9979524612426758,
                    0.061025429517030716,
                    0.019150640815496445
                ],
                [
                    -0.06340000033378601,
                    0.9833618998527527,
                    0.17023485898971558
                ],
                [
                    -0.008443353697657585,
                    -0.171100452542305,
                    0.9852174520492554
                ]
            ],
            [
                [
                    0.9994753003120422,
                    0.0054673803970217705,
                    0.03192506358027458
                ],
                [
                    -0.0008342052460648119,
                    0.9896686673164368,
                    -0.14337101578712463
                ],
                [
                    -0.03237909823656082,
                    0.14326916635036469,
                    0.9891539216041565
                ]
            ],
            [
                [
                    0.9932029247283936,
                    0.0013068702537566423,
                    -0.11638835817575455
                ],
                [
                    -0.09728678315877914,
                    0.5582775473594666,
                    -0.823930561542511
                ],
                [
                    0.06390022486448288,
                    0.829653263092041,
                    0.554610013961792
                ]
            ],
            [
                [
                    0.9872273802757263,
                    -0.04008211940526962,
                    0.1541929692029953
                ],
                [
                    0.12961235642433167,
                    0.7648574113845825,
                    -0.6310259699821472
                ],
                [
                    -0.09264278411865234,
                    0.6429514288902283,
                    0.7602832913398743
                ]
            ],
            [
                [
                    0.9989157915115356,
                    -0.02537161111831665,
                    0.03903130069375038
                ],
                [
                    0.023546883836388588,
                    0.9986398220062256,
                    0.04652029275894165
                ],
                [
                    -0.040158502757549286,
                    -0.045550793409347534,
                    0.9981545209884644
                ]
            ],
            [
                [
                    0.9826637506484985,
                    -0.022526340559124947,
                    0.18402312695980072
                ],
                [
                    -0.003695517545565963,
                    0.990013837814331,
                    0.1409217268228531
                ],
                [
                    -0.1853598952293396,
                    -0.1391587257385254,
                    0.9727674722671509
                ]
            ],
            [
                [
                    0.9815996885299683,
                    -0.036927998065948486,
                    -0.18734565377235413
                ],
                [
                    0.03774392977356911,
                    0.9992871284484863,
                    0.0007887019892223179
                ],
                [
                    0.1871829777956009,
                    -0.007845351472496986,
                    0.9822937250137329
                ]
            ],
            [
                [
                    0.9993920922279358,
                    -0.012366728857159615,
                    0.032594554126262665
                ],
                [
                    0.014046041294932365,
                    0.9985583424568176,
                    -0.05180666595697403
                ],
                [
                    -0.031906887888908386,
                    0.052233003079891205,
                    0.9981250166893005
                ]
            ],
            [
                [
                    0.9943782687187195,
                    -0.07530048489570618,
                    -0.0744425356388092
                ],
                [
                    0.08481091260910034,
                    0.9873217344284058,
                    0.13417477905750275
                ],
                [
                    0.06339531391859055,
                    -0.13973401486873627,
                    0.9881575703620911
                ]
            ],
            [
                [
                    0.9896710515022278,
                    0.14272454380989075,
                    0.01345212571322918
                ],
                [
                    -0.14259792864322662,
                    0.9704423546791077,
                    0.19469845294952393
                ],
                [
                    0.014733733609318733,
                    -0.19460566341876984,
                    0.9807709455490112
                ]
            ],
            [
                [
                    0.9829095005989075,
                    0.03772759065032005,
                    -0.1801818311214447
                ],
                [
                    -0.005259175319224596,
                    0.9841294288635254,
                    0.17737381160259247
                ],
                [
                    0.18401414155960083,
                    -0.1733948141336441,
                    0.9675085544586182
                ]
            ],
            [
                [
                    0.8993407487869263,
                    0.43719545006752014,
                    -0.006808905862271786
                ],
                [
                    -0.43707001209259033,
                    0.8984197378158569,
                    -0.042564939707517624
                ],
                [
                    -0.012491944245994091,
                    0.04125635325908661,
                    0.9990705251693726
                ]
            ],
            [
                [
                    0.9005550146102905,
                    -0.43294090032577515,
                    0.0395318865776062
                ],
                [
                    0.43446075916290283,
                    0.8995140790939331,
                    -0.0460241325199604
                ],
                [
                    -0.015633760020136833,
                    0.0586223229765892,
                    0.9981577396392822
                ]
            ],
            [
                [
                    0.9927834272384644,
                    -0.01460227556526661,
                    -0.11902840435504913
                ],
                [
                    -0.00012326058640610427,
                    0.9924340844154358,
                    -0.12277873605489731
                ],
                [
                    0.11992068588733673,
                    0.12190737575292587,
                    0.9852703213691711
                ]
            ],
            [
                [
                    0.4742259681224823,
                    0.8427790403366089,
                    -0.2546236515045166
                ],
                [
                    -0.8788466453552246,
                    0.4703473448753357,
                    -0.08001206070184708
                ],
                [
                    0.05232907831668854,
                    0.2617189288139343,
                    0.9637244939804077
                ]
            ],
            [
                [
                    0.5208696722984314,
                    -0.8259233236312866,
                    0.21574389934539795
                ],
                [
                    0.8514193296432495,
                    0.5208537578582764,
                    -0.06161562353372574
                ],
                [
                    -0.06148124113678932,
                    0.21578222513198853,
                    0.9745039939880371
                ]
            ],
            [
                [
                    0.9115434288978577,
                    -0.11650191247463226,
                    -0.3943549394607544
                ],
                [
                    0.04620463773608208,
                    0.9819711446762085,
                    -0.183296799659729
                ],
                [
                    0.4085996448993683,
                    0.14886198937892914,
                    0.900492250919342
                ]
            ],
            [
                [
                    0.9097847938537598,
                    0.1185893714427948,
                    0.39777904748916626
                ],
                [
                    -0.04524092748761177,
                    0.9809395670890808,
                    -0.18897297978401184
                ],
                [
                    -0.4126074016094208,
                    0.15392884612083435,
                    0.8978089690208435
                ]
            ],
            [
                [
                    0.9982041716575623,
                    0.04804466292262077,
                    0.03577834740281105
                ],
                [
                    -0.047100577503442764,
                    0.9985311031341553,
                    -0.02677876688539982
                ],
                [
                    -0.03701237216591835,
                    0.025045497342944145,
                    0.9990008473396301
                ]
            ],
            [
                [
                    0.9984394311904907,
                    -0.021252615377306938,
                    -0.05164334923028946
                ],
                [
                    0.016858138144016266,
                    0.9963158965110779,
                    -0.08408638834953308
                ],
                [
                    0.05324014276266098,
                    0.08308456093072891,
                    0.9951193332672119
                ]
            ],
            [
                [
                    0.9659760594367981,
                    0.23176482319831848,
                    -0.11478383839130402
                ],
                [
                    -0.2144208401441574,
                    0.9658211469650269,
                    0.14564736187458038
                ],
                [
                    0.14461660385131836,
                    -0.11607981473207474,
                    0.9826552867889404
                ]
            ],
            [
                [
                    0.9720355272293091,
                    -0.22685015201568604,
                    0.06071262061595917
                ],
                [
                    0.21074913442134857,
                    0.9567340612411499,
                    0.2006109356880188
                ],
                [
                    -0.10359445214271545,
                    -0.18220581114292145,
                    0.977787971496582
                ]
            ]
        ],
        "betas": [
            -0.029985442757606506,
            0.06574374437332153,
            0.02216893434524536,
            0.24742895364761353,
            0.013807684183120728,
            0.06430208683013916,
            -0.025880515575408936,
            -0.06547170877456665,
            0.12847104668617249,
            -0.11294221878051758
        ]
    },
    "pred_cam_t": [
        0.030822278931736946,
        0.18999776244163513,
        33.101104736328125
    ],
    "focal_length": [
        5000.0,
        5000.0
    ],
    "pred_keypoints_3d": [
        [
            0.06803811341524124,
            -0.8545246124267578,
            -0.13467861711978912
        ],
        [
            0.06341101974248886,
            -0.7332621216773987,
            0.018611019477248192
        ],
        [
            -0.12538817524909973,
            -0.6449752449989319,
            0.0018101371824741364
        ],
        [
            -0.1767367720603943,
            -0.40124377608299255,
            0.051747117191553116
        ],
        [
            -0.20207637548446655,
            -0.15903876721858978,
            -0.023534435778856277
        ],
        [
            0.22310149669647217,
            -0.6139829158782959,
            0.06600145995616913
        ],
        [
            0.1928514838218689,
            -0.363033652305603,
            0.12917304039001465
        ],
        [
            0.18482226133346558,
            -0.12465758621692657,
            0.05775054544210434
        ],
        [
            -0.002009499818086624,
            -0.2252490222454071,
            0.027308419346809387
        ],
        [
            -0.08085836470127106,
            -0.14517465233802795,
            0.024903181940317154
        ],
        [
            -0.18849852681159973,
            0.21575388312339783,
            -0.04335900768637657
        ],
        [
            -0.2513289749622345,
            0.5341074466705322,
            0.18798168003559113
        ],
        [
            0.05219189450144768,
            -0.12520471215248108,
            0.03913857042789459
        ],
        [
            0.02465325966477394,
            0.23763689398765564,
            -0.050374045968055725
        ],
        [
            -0.04793596640229225,
            0.49644774198532104,
            0.24348144233226776
        ],
        [
            0.04382992908358574,
            -0.8955132365226746,
            -0.09457394480705261
        ],
        [
            0.10929855704307556,
            -0.8886343240737915,
            -0.1041528731584549
        ],
        [
            0.014108102768659592,
            -0.8773455023765564,
            0.0027881208807229996
        ],
        [
            0.1581721305847168,
            -0.8617664575576782,
            -0.017685089260339737
        ],
        [
            -0.06464526057243347,
            0.6439293026924133,
            0.11264121532440186
        ],
        [
            0.003014175221323967,
            0.634574830532074,
            0.16095957159996033
        ],
        [
            -0.04328110069036484,
            0.49120840430259705,
            0.31342613697052
        ],
        [
            -0.2542579770088196,
            0.6693957448005676,
            0.04210019111633301
        ],
        [
            -0.3264462351799011,
            0.6410166025161743,
            0.08113357424736023
        ],
        [
            -0.2638101577758789,
            0.5440995693206787,
            0.2598632276058197
        ],
        [
            -0.26497960090637207,
            0.47561395168304443,
            0.18469256162643433
        ],
        [
            -0.17276187241077423,
            0.15521852672100067,
            -0.04334385693073273
        ],
        [
            -0.14073483645915985,
            -0.27849656343460083,
            0.02465745061635971
        ],
        [
            0.1424056887626648,
            -0.22091412544250488,
            0.06418532133102417
        ],
        [
            0.04166855663061142,
            0.2022629976272583,
            -0.04911062866449356
        ],
        [
            -0.03052276186645031,
            0.4564986228942871,
            0.2417484074831009
        ],
        [
            -0.182976633310318,
            -0.1823783963918686,
            -0.043191686272621155
        ],
        [
            -0.19825397431850433,
            -0.4195491075515747,
            0.022814519703388214
        ],
        [
            -0.08794766664505005,
            -0.6776902079582214,
            0.008810978382825851
        ],
        [
            0.19611383974552155,
            -0.651393711566925,
            0.06262784451246262
        ],
        [
            0.23355665802955627,
            -0.37739819288253784,
            0.10101509094238281
        ],
        [
            0.1923823356628418,
            -0.14082378149032593,
            0.047414738684892654
        ],
        [
            0.06507079303264618,
            -0.7212343215942383,
            0.01751106046140194
        ],
        [
            0.09376116842031479,
            -0.9229995012283325,
            -0.019295457750558853
        ],
        [
            0.0013789741788059473,
            -0.2500587999820709,
            0.04465712979435921
        ],
        [
            0.05373653024435043,
            -0.6636097431182861,
            0.031407829374074936
        ],
        [
            0.03330462425947189,
            -0.4918225109577179,
            0.0505201555788517
        ],
        [
            0.08122403919696808,
            -0.8191331624984741,
            -0.06275805830955505
        ],
        [
            0.09205607324838638,
            -0.9415639042854309,
            -0.008108286187052727
        ]
    ],
    "pred_vertices": [
        [
            0.12604017555713654,
            -0.9327903389930725,
            -0.10160530358552933
        ],
        [
            0.11769580841064453,
            -0.9201450347900391,
            -0.10827158391475677
        ],
        [
            0.12906980514526367,
            -0.9145162105560303,
            -0.10159419476985931
        ],
        [
            0.13720718026161194,
            -0.9234718084335327,
            -0.09186043590307236
        ],
        [
            0.12345318496227264,
            -0.9066321849822998,
            -0.10736703872680664
        ],
        [
            0.11302624642848969,
            -0.9098236560821533,
            -0.11266957223415375
        ],
        [
            0.13628946244716644,
            -0.9067074060440063,
            -0.0926273986697197
        ],
        [
            0.14355772733688354,
            -0.9118106961250305,
            -0.08233094215393066
        ],
        [
            0.13898733258247375,
            -0.8699584007263184,
            -0.08541975915431976
        ],
        [
            0.1433354914188385,
            -0.864007294178009,
            -0.07694236189126968
        ],
        [
            0.14464177191257477,
            -0.8758417367935181,
            -0.07739739865064621
        ],
        [
            0.13878002762794495,
            -0.8786938190460205,
            -0.0853894054889679
        ],
        [
            0.13546447455883026,
            -0.8437566757202148,
            -0.08411918580532074
        ],
        [
            0.12739387154579163,
            -0.8363280892372131,
            -0.09237362444400787
        ],
        [
            0.12967774271965027,
            -0.8259782791137695,
            -0.08378928899765015
        ],
        [
            0.13655510544776917,
            -0.8330686092376709,
            -0.07463161647319794
        ],
        [
            0.09447984397411346,
            -0.8564815521240234,
            -0.11050883680582047
        ],
        [
            0.09928129613399506,
            -0.8492392897605896,
            -0.11065526306629181
        ],
        [
            0.10390219837427139,
            -0.8553032279014587,
            -0.10960051417350769
        ],
        [
            0.09836909174919128,
            -0.861838161945343,
            -0.10921076685190201
        ],
        [
            0.08587264269590378,
            -0.8676835298538208,
            -0.11474256962537766
        ],
        [
            0.08789299428462982,
            -0.872641921043396,
            -0.11102235317230225
        ],
        [
            0.08311480283737183,
            -0.8776025772094727,
            -0.11515462398529053
        ],
        [
            0.08174273371696472,
            -0.8719276785850525,
            -0.12011402100324631
        ],
        [
            0.08854065090417862,
            -0.8519006967544556,
            -0.11054329574108124
        ],
        [
            0.09381208568811417,
            -0.844336748123169,
            -0.1104375422000885
        ],
        [
            0.0903482586145401,
            -0.862872838973999,
            -0.1110999584197998
        ],
        [
            0.0877036303281784,
            -0.8586587905883789,
            -0.11355915665626526
        ],
        [
            0.0830293521285057,
            -0.8541886210441589,
            -0.12411129474639893
        ],
        [
            0.08519479632377625,
            -0.8585042953491211,
            -0.12236261367797852
        ],
        [
            0.08126115798950195,
            -0.8607817888259888,
            -0.12875168025493622
        ],
        [
            0.07946643233299255,
            -0.8554052114486694,
            -0.12844127416610718
        ],
        [
            0.08651632815599442,
            -0.8521281480789185,
            -0.11523832380771637
        ],
        [
            0.0870966762304306,
            -0.8552535176277161,
            -0.11787515878677368
        ],
        [
            0.08408686518669128,
            -0.8520855903625488,
            -0.12027038633823395
        ],
        [
            0.08280520141124725,
            -0.849778413772583,
            -0.11705859005451202
        ],
        [
            0.08447606861591339,
            -0.8638235330581665,
            -0.11802941560745239
        ],
        [
            0.0811167061328888,
            -0.8668444156646729,
            -0.12444508075714111
        ],
        [
            0.07675467431545258,
            -0.869562029838562,
            -0.130911722779274
        ],
        [
            0.07638496160507202,
            -0.8615481853485107,
            -0.1351388394832611
        ],
        [
            0.10914069414138794,
            -0.8337555527687073,
            -0.10641184449195862
        ],
        [
            0.10453162342309952,
            -0.8417451977729797,
            -0.10967032611370087
        ],
        [
            0.09901012480258942,
            -0.8373658061027527,
            -0.10986009240150452
        ],
        [
            0.10335864126682281,
            -0.8309952020645142,
            -0.10786326974630356
        ],
        [
            0.08402647078037262,
            -0.8461077213287354,
            -0.1140085756778717
        ],
        [
            0.08599421381950378,
            -0.8297346234321594,
            -0.11587303876876831
        ],
        [
            0.08665831387042999,
            -0.8335777521133423,
            -0.11587470024824142
        ],
        [
            0.08042070269584656,
            -0.8355468511581421,
            -0.11912346631288528
        ],
        [
            0.08045739680528641,
            -0.8318698406219482,
            -0.1190539300441742
        ],
        [
            0.11314676702022552,
            -0.817954957485199,
            -0.09899599850177765
        ],
        [
            0.10707247257232666,
            -0.8179820775985718,
            -0.10314632952213287
        ],
        [
            0.10699029266834259,
            -0.8107528686523438,
            -0.10092774033546448
        ],
        [
            0.11247764527797699,
            -0.8093141317367554,
            -0.09553452581167221
        ],
        [
            0.10433362424373627,
            -0.8050757050514221,
            -0.09994371980428696
        ],
        [
            0.11079170554876328,
            -0.801246166229248,
            -0.09261702001094818
        ],
        [
            0.10056883096694946,
            -0.7881820201873779,
            -0.09278075397014618
        ],
        [
            0.10579151660203934,
            -0.7938420176506042,
            -0.09242091327905655
        ],
        [
            0.09996195137500763,
            -0.7999491691589355,
            -0.10042383521795273
        ],
        [
            0.09396715462207794,
            -0.7957522869110107,
            -0.10342729091644287
        ],
        [
            0.08175714313983917,
            -0.8026460409164429,
            -0.11076667904853821
        ],
        [
            0.07557982206344604,
            -0.8022903800010681,
            -0.11310909688472748
        ],
        [
            0.07914920151233673,
            -0.7895388603210449,
            -0.11208894103765488
        ],
        [
            0.08620944619178772,
            -0.7918655276298523,
            -0.10823746770620346
        ],
        [
            0.08540908992290497,
            -0.823765754699707,
            -0.11175161600112915
        ],
        [
            0.08950328081846237,
            -0.8231326341629028,
            -0.10926313698291779
        ],
        [
            0.08973580598831177,
            -0.8248109221458435,
            -0.11149335652589798
        ],
        [
            0.08557997643947601,
            -0.8266476988792419,
            -0.11439427733421326
        ],
        [
            0.09313508868217468,
            -0.8223001956939697,
            -0.10769590735435486
        ],
        [
            0.09474486112594604,
            -0.8218060731887817,
            -0.10710955411195755
        ],
        [
            0.09458521753549576,
            -0.8232330083847046,
            -0.10826817154884338
        ],
        [
            0.0930553451180458,
            -0.8231900334358215,
            -0.10832712799310684
        ],
        [
            0.09106499701738358,
            -0.8231005072593689,
            -0.108766570687294
        ],
        [
            0.08982563763856888,
            -0.8213208317756653,
            -0.10917021334171295
        ],
        [
            0.09216661751270294,
            -0.8216371536254883,
            -0.10814690589904785
        ],
        [
            0.08601930737495422,
            -0.8211398720741272,
            -0.1117086261510849
        ],
        [
            0.07281424105167389,
            -0.8206906318664551,
            -0.11874279379844666
        ],
        [
            0.07675546407699585,
            -0.820830225944519,
            -0.1174985021352768
        ],
        [
            0.07590813934803009,
            -0.8253344893455505,
            -0.11623600125312805
        ],
        [
            0.0725700706243515,
            -0.8254863023757935,
            -0.11721077561378479
        ],
        [
            0.0929969847202301,
            -0.8252643942832947,
            -0.10994371026754379
        ],
        [
            0.09568801522254944,
            -0.8266647458076477,
            -0.109492227435112
        ],
        [
            0.0920802652835846,
            -0.8301181793212891,
            -0.1124606654047966
        ],
        [
            0.09066863358020782,
            -0.8274368047714233,
            -0.11193884909152985
        ],
        [
            0.09858416020870209,
            -0.828283429145813,
            -0.10937677323818207
        ],
        [
            0.09699686616659164,
            -0.8241050839424133,
            -0.10778116434812546
        ],
        [
            0.10015716403722763,
            -0.8242146968841553,
            -0.10732884705066681
        ],
        [
            0.09403472393751144,
            -0.8200995922088623,
            -0.10714299976825714
        ],
        [
            0.09658942371606827,
            -0.8179937601089478,
            -0.10599041730165482
        ],
        [
            0.09734775871038437,
            -0.8206683993339539,
            -0.10689649730920792
        ],
        [
            0.09424920380115509,
            -0.815030574798584,
            -0.106407031416893
        ],
        [
            0.09133298695087433,
            -0.8185975551605225,
            -0.1080789715051651
        ],
        [
            0.08745869994163513,
            -0.8174141645431519,
            -0.11063174158334732
        ],
        [
            0.08251801133155823,
            -0.8166000843048096,
            -0.11389921605587006
        ],
        [
            0.08465316891670227,
            -0.8112626075744629,
            -0.11129684746265411
        ],
        [
            0.09007851779460907,
            -0.8127351999282837,
            -0.10846319794654846
        ],
        [
            0.0945744439959526,
            -0.8334556818008423,
            -0.11156599223613739
        ],
        [
            0.10155068337917328,
            -0.8193939328193665,
            -0.10536444932222366
        ],
        [
            0.10571235418319702,
            -0.8253356218338013,
            -0.10525770485401154
        ],
        [
            0.10099594295024872,
            -0.8145211338996887,
            -0.10447413474321365
        ],
        [
            0.0985332727432251,
            -0.8102614879608154,
            -0.10416322946548462
        ],
        [
            0.0940876305103302,
            -0.8067706823348999,
            -0.1052715927362442
        ],
        [
            0.08809737861156464,
            -0.8043838739395142,
            -0.10804738104343414
        ],
        [
            0.08186384290456772,
            -0.7797218561172485,
            -0.10123036801815033
        ],
        [
            0.09083870053291321,
            -0.7831858992576599,
            -0.09762484580278397
        ],
        [
            0.11033232510089874,
            -0.9026602506637573,
            -0.1102781742811203
        ],
        [
            0.11901842057704926,
            -0.9003572463989258,
            -0.10850770026445389
        ],
        [
            0.11889993399381638,
            -0.8923316597938538,
            -0.10419929027557373
        ],
        [
            0.12097889930009842,
            -0.894782543182373,
            -0.10398171097040176
        ],
        [
            0.11563076823949814,
            -0.8966453075408936,
            -0.1067851111292839
        ],
        [
            0.11489540338516235,
            -0.8938680291175842,
            -0.10629460215568542
        ],
        [
            0.13256698846817017,
            -0.8821542859077454,
            -0.09060123562812805
        ],
        [
            0.12772151827812195,
            -0.884886622428894,
            -0.09473110735416412
        ],
        [
            0.1277327984571457,
            -0.880892276763916,
            -0.09351272881031036
        ],
        [
            0.13340479135513306,
            -0.8752860426902771,
            -0.09044945240020752
        ],
        [
            0.11875222623348236,
            -0.8748173117637634,
            -0.10040102154016495
        ],
        [
            0.12340157479047775,
            -0.8752954006195068,
            -0.0973891168832779
        ],
        [
            0.12029160559177399,
            -0.882659912109375,
            -0.09941717982292175
        ],
        [
            0.11694102734327316,
            -0.8823453187942505,
            -0.10169637948274612
        ],
        [
            0.1129954531788826,
            -0.8825139999389648,
            -0.10344947874546051
        ],
        [
            0.10871854424476624,
            -0.8831288814544678,
            -0.10425233840942383
        ],
        [
            0.10831747949123383,
            -0.8777251243591309,
            -0.10410861670970917
        ],
        [
            0.11340569704771042,
            -0.8759981393814087,
            -0.10277489572763443
        ],
        [
            0.1092253252863884,
            -0.8987616896629333,
            -0.10752806067466736
        ],
        [
            0.10204348713159561,
            -0.8988511562347412,
            -0.10653950273990631
        ],
        [
            0.10305753350257874,
            -0.8956069946289062,
            -0.10629791766405106
        ],
        [
            0.10914988815784454,
            -0.8954190015792847,
            -0.10744153708219528
        ],
        [
            0.09265436232089996,
            -0.8900126218795776,
            -0.10060307383537292
        ],
        [
            0.09408857673406601,
            -0.8924234509468079,
            -0.10163238644599915
        ],
        [
            0.09070273488759995,
            -0.8943333625793457,
            -0.10248064994812012
        ],
        [
            0.08929091691970825,
            -0.8898807764053345,
            -0.10178491473197937
        ],
        [
            0.09114302694797516,
            -0.8865556716918945,
            -0.10222062468528748
        ],
        [
            0.09366843849420547,
            -0.8881696462631226,
            -0.10124516487121582
        ],
        [
            0.12046068161725998,
            -0.9550246000289917,
            -0.09772805869579315
        ],
        [
            0.11230885982513428,
            -0.9396912455558777,
            -0.1070876270532608
        ],
        [
            0.1354602575302124,
            -0.9450291395187378,
            -0.08743642270565033
        ],
        [
            0.14451730251312256,
            -0.9325857758522034,
            -0.07818636298179626
        ],
        [
            0.15088674426078796,
            -0.917393147945404,
            -0.07037495076656342
        ],
        [
            0.12118986248970032,
            -0.8207636475563049,
            -0.09226282685995102
        ],
        [
            0.1218656674027443,
            -0.8111534714698792,
            -0.08661141991615295
        ],
        [
            0.13118313252925873,
            -0.816399335861206,
            -0.07509351521730423
        ],
        [
            0.12846603989601135,
            -0.8060005903244019,
            -0.0701095387339592
        ],
        [
            0.11922565847635269,
            -0.8008409142494202,
            -0.08276741206645966
        ],
        [
            0.10453823208808899,
            -0.7840754389762878,
            -0.07911450415849686
        ],
        [
            0.11348224431276321,
            -0.7912026643753052,
            -0.08025392889976501
        ],
        [
            0.1229025200009346,
            -0.796319842338562,
            -0.06395769119262695
        ],
        [
            0.13252094388008118,
            -0.8065396547317505,
            -0.048963651061058044
        ],
        [
            0.1359403133392334,
            -0.8138928413391113,
            -0.05779963359236717
        ],
        [
            0.13927717506885529,
            -0.82039475440979,
            -0.03600217401981354
        ],
        [
            0.1280255764722824,
            -0.7991604208946228,
            -0.03635174781084061
        ],
        [
            0.13711023330688477,
            -0.8190430998802185,
            -0.02693478763103485
        ],
        [
            0.11061296612024307,
            -0.7642041444778442,
            -0.0377596914768219
        ],
        [
            0.11229443550109863,
            -0.7521219849586487,
            -0.032416217029094696
        ],
        [
            0.12331345677375793,
            -0.7576174736022949,
            -0.019078927114605904
        ],
        [
            0.12315309047698975,
            -0.7693302631378174,
            -0.02465010993182659
        ],
        [
            0.13750052452087402,
            -0.8227393627166748,
            -0.06563465297222137
        ],
        [
            0.14840839803218842,
            -0.8856935501098633,
            -0.06891000270843506
        ],
        [
            0.14315876364707947,
            -0.8869204521179199,
            -0.07983222603797913
        ],
        [
            0.148820698261261,
            -0.8724258542060852,
            -0.06661621481180191
        ],
        [
            0.1605055034160614,
            -0.94209885597229,
            -0.047030430287122726
        ],
        [
            0.1538611203432083,
            -0.9397910833358765,
            -0.06422817707061768
        ],
        [
            0.1585691273212433,
            -0.9229386448860168,
            -0.05888894945383072
        ],
        [
            0.165044367313385,
            -0.9273337125778198,
            -0.0433943048119545
        ],
        [
            0.1370430290699005,
            -0.9799032211303711,
            -0.05085514858365059
        ],
        [
            0.13094742596149445,
            -0.9702803492546082,
            -0.07618404924869537
        ],
        [
            0.1420656442642212,
            -0.9564530849456787,
            -0.0706237256526947
        ],
        [
            0.14873948693275452,
            -0.9637703895568848,
            -0.05042114108800888
        ],
        [
            0.1682376265525818,
            -0.9276471138000488,
            -0.030249902978539467
        ],
        [
            0.17077617347240448,
            -0.9271913766860962,
            -0.011840257793664932
        ],
        [
            0.1695542186498642,
            -0.9430001378059387,
            -0.003824833780527115
        ],
        [
            0.16541224718093872,
            -0.9451680183410645,
            -0.02583666704595089
        ],
        [
            0.1607367992401123,
            -0.9635815620422363,
            0.005334790796041489
        ],
        [
            0.15613707900047302,
            -0.9667414426803589,
            -0.02175486832857132
        ],
        [
            0.13452115654945374,
            -0.8054180145263672,
            -0.015784045681357384
        ],
        [
            0.1385469287633896,
            -0.822949230670929,
            -0.013818511739373207
        ],
        [
            0.12294605374336243,
            -0.7835697531700134,
            -0.031665682792663574
        ],
        [
            0.13141776621341705,
            -0.7894776463508606,
            -0.015135161578655243
        ],
        [
            0.1451108455657959,
            -0.9801110625267029,
            0.013128258287906647
        ],
        [
            0.14105188846588135,
            -0.9852077960968018,
            -0.01888190023601055
        ],
        [
            0.16191443800926208,
            -0.9028025269508362,
            0.03644268587231636
        ],
        [
            0.1663804054260254,
            -0.9206395745277405,
            0.029131315648555756
        ],
        [
            0.1692221760749817,
            -0.9084973335266113,
            0.012305498123168945
        ],
        [
            0.16528572142124176,
            -0.8934820294380188,
            0.021405164152383804
        ],
        [
