{
    "pred_cam": [
        1.4291123151779175,
        0.14071734249591827,
        0.2825094759464264
    ],
    "pred_smpl_params": {
        "global_orient": [
            [
                [
                    -0.5978587865829468,
                    0.0999944657087326,
                    -0.7953402400016785
                ],
                [
                    0.20904432237148285,
                    -0.9384077191352844,
                    -0.27512070536613464
                ],
                [
                    -0.7738639712333679,
                    -0.3307446539402008,
                    0.5401320457458496
                ]
            ]
        ],
        "body_pose": [
            [
                [
                    0.9981439709663391,
                    0.047338686883449554,
                    0.038309965282678604
                ],
                [
                    -0.053887490183115005,
                    0.9796151518821716,
                    0.19352062046527863
                ],
                [
                    -0.028368009254336357,
                    -0.19522587954998016,
                    0.9803479313850403
                ]
            ],
            [
                [
                    0.9849366545677185,
                    0.14097203314304352,
                    -0.1001325398683548
                ],
                [
                    -0.12526637315750122,
                    0.9809005260467529,
                    0.14880363643169403
                ],
                [
                    0.11919721215963364,
                    -0.1340189427137375,
                    0.9837839603424072
                ]
            ],
            [
                [
                    0.9955235123634338,
                    -0.04734093323349953,
                    0.08180399239063263
                ],
                [
                    0.06573014706373215,
                    0.9687175750732422,
                    -0.23930275440216064
                ],
                [
                    -0.0679161548614502,
                    0.2436084747314453,
                    0.9674928784370422
                ]
            ],
            [
                [
                    0.98851078748703,
                    0.1502235233783722,
                    0.016712980344891548
                ],
                [
                    -0.14788275957107544,
                    0.9840776920318604,
                    -0.09859954565763474
                ],
                [
                    -0.03125884011387825,
                    0.0949951559305191,
                    0.994986891746521
                ]
            ],
            [
                [
                    0.9999886155128479,
                    -0.003354255575686693,
                    -0.003402159782126546
                ],
                [
                    0.0031154341995716095,
                    0.9976855516433716,
                    -0.06792589277029037
                ],
                [
                    0.0036221262998878956,
                    0.06791451573371887,
                    0.9976846575737
                ]
            ],
            [
                [
                    0.9974176287651062,
                    -0.014816172420978546,
                    0.07027549296617508
                ],
                [
                    0.018797365948557854,
                    0.9982351064682007,
                    -0.056332606822252274
                ],
                [
                    -0.06931682676076889,
                    0.05750812590122223,
                    0.9959357976913452
                ]
            ],
            [
                [
                    0.9895527958869934,
                    0.038045864552259445,
                    0.13905993103981018
                ],
                [
                    -0.0336558036506176,
                    0.9988622665405273,
                    -0.03378656506538391
                ],
                [
                    -0.14018715918064117,
                    0.028753414750099182,
                    0.9897074103355408
                ]
            ],
            [
                [
                    0.9805799722671509,
                    -0.014049663208425045,
                    -0.19561535120010376
                ],
                [
                    0.01818900927901268,
                    0.9996467232704163,
                    0.019380277022719383
                ],
                [
                    0.1952739655971527,
                    -0.02256196364760399,
                    0.9804891347885132
                ]
            ],
            [
                [
                    0.9977531433105469,
                    -0.0012284100521355867,
                    0.06698580086231232
                ],
                [
                    0.007136850152164698,
                    0.9960916042327881,
                    -0.0880366638302803
                ],
                [
                    -0.06661585718393326,
                    0.08831693232059479,
                    0.9938622713088989
                ]
            ],
            [
                [
                    0.9911314249038696,
                    -0.0823146179318428,
                    0.1043214499950409
                ],
                [
                    0.08428072184324265,
                    0.9963354468345642,
                    -0.014572825282812119
                ],
                [
                    -0.1027396097779274,
                    0.02323586493730545,
                    0.9944369196891785
                ]
            ],
            [
                [
                    0.997870683670044,
                    0.06404145061969757,
                    -0.012356551364064217
                ],
                [
                    -0.0639360100030899,
                    0.9979155659675598,
                    0.008748034946620464
                ],
                [
                    0.012891034595668316,
                    -0.007939379662275314,
                    0.9998852610588074
                ]
            ],
            [
                [
                    0.9451649188995361,
                    -0.02291429042816162,
                    0.3257884681224823
                ],
                [
                    0.059147514402866364,
                    0.9930500984191895,
                    -0.10175042599439621
                ],
                [
                    -0.3211927115917206,
                    0.11544051766395569,
                    0.9399514198303223
                ]
            ],
            [
                [
                    0.925254225730896,
                    0.2609683573246002,
                    -0.2753182351589203
                ],
                [
                    -0.24126221239566803,
                    0.9648929238319397,
                    0.10379862785339355
                ],
                [
                    0.2927407920360565,
                    -0.029616234824061394,
                    0.955733060836792
                ]
            ],
            [
                [
                    0.9022287726402283,
                    -0.29810068011283875,
                    0.31163927912712097
                ],
                [
                    0.28646528720855713,
                    0.954434335231781,
                    0.08362317830324173
                ],
                [
                    -0.3223673105239868,
                    0.013826575130224228,
                    0.9465135931968689
                ]
            ],
            [
                [
                    0.9739100337028503,
                    0.12168757617473602,
                    0.19154977798461914
                ],
                [
                    -0.040976643562316895,
                    0.9244993329048157,
                    -0.3789747655391693
                ],
                [
                    -0.22320418059825897,
                    0.3612382709980011,
                    0.905365526676178
                ]
            ],
            [
                [
                    0.6576106548309326,
                    0.5871943831443787,
                    -0.47196507453918457
                ],
                [
                    -0.639560341835022,
                    0.766223132610321,
                    0.06216616556048393
                ],
                [
                    0.3981342017650604,
                    0.26096901297569275,
                    0.8794227242469788
                ]
            ],
            [
                [
                    0.5413653254508972,
                    -0.6196916103363037,
                    0.5682480931282043
                ],
                [
                    0.6817412972450256,
                    0.7190867066383362,
                    0.13469627499580383
                ],
                [
                    -0.49208980798721313,
                    0.3144783079624176,
                    0.8117579817771912
                ]
            ],
            [
                [
                    0.6056517958641052,
                    -0.09872042387723923,
                    -0.7895822525024414
                ],
                [
                    -0.02590079791843891,
                    0.9893028140068054,
                    -0.14355851709842682
                ],
                [
                    0.7953081130981445,
                    0.10739728063344955,
                    0.5966160893440247
                ]
            ],
            [
                [
                    0.4009760618209839,
                    0.1678454726934433,
                    0.9005809426307678
                ],
                [
                    -0.07327335327863693,
                    0.9857985377311707,
                    -0.15110351145267487
                ],
                [
                    -0.9131534099578857,
                    -0.005399705376476049,
                    0.4075802266597748
                ]
            ],
            [
                [
                    0.992479145526886,
                    -0.10679157078266144,
                    -0.05983974039554596
                ],
                [
                    0.11100107431411743,
                    0.9912016987800598,
                    0.07209712266921997
                ],
                [
                    0.051613885909318924,
                    -0.07819715887308121,
                    0.9956009984016418
                ]
            ],
            [
                [
                    0.9909986257553101,
                    0.09677189588546753,
                    0.09250359237194061
                ],
                [
                    -0.10945085436105728,
                    0.9835633039474487,
                    0.14360900223255157
                ],
                [
                    -0.07708584517240524,
                    -0.15244092047214508,
                    0.985301673412323
                ]
            ],
            [
                [
                    0.9856194853782654,
                    0.1428888589143753,
                    -0.09020494669675827
                ],
                [
                    -0.13010533154010773,
                    0.9823378920555115,
                    0.1344800740480423
                ],
                [
                    0.10782743245363235,
                    -0.12081003934144974,
                    0.9868019819259644
                ]
            ],
            [
                [
                    0.9817521572113037,
                    -0.17834922671318054,
                    0.06598667800426483
                ],
                [
                    0.16925108432769775,
                    0.9776918888092041,
                    0.12438882887363434
                ],
                [
                    -0.08669929951429367,
                    -0.11095068603754044,
                    0.9900369048118591
                ]
            ]
        ],
        "betas": [
            -0.23340240120887756,
            -0.3007337152957916,
            0.3211223781108856,
            0.8055444955825806,
            0.23780547082424164,
            -0.09201579540967941,
            -0.021012216806411743,
            -0.011972561478614807,
            0.042220547795295715,
            -0.03909224271774292
        ]
    },
    "pred_cam_t": [
        0.14071734249591827,
        0.2825094759464264,
        27.33340072631836
    ],
    "focal_length": [
        5000.0,
        5000.0
    ],
    "pred_keypoints_3d": [
        [
            -0.1936160922050476,
            -0.7654193043708801,
            -0.07897456735372543
        ],
        [
            -0.010184764862060547,
            -0.7300398945808411,
            -0.07064473628997803
        ],
        [
            0.057851649820804596,
            -0.6583823561668396,
            0.10865870118141174
        ],
        [
            -0.009988538920879364,
            -0.446571409702301,
            0.2175164520740509
        ],
        [
            -0.2543335556983948,
            -0.4143098294734955,
            0.1894623339176178
        ],
        [
            -0.09180264174938202,
            -0.616092324256897,
            -0.21277274191379547
        ],
        [
            -0.20637966692447662,
            -0.3902144432067871,
            -0.22973017394542694
        ],
        [
            -0.3619315028190613,
            -0.3154379725456238,
            -0.059202298521995544
        ],
        [
            -0.002117405878379941,
            -0.23051367700099945,
            0.028538573533296585
        ],
        [
            0.03238246962428093,
            -0.15873780846595764,
            0.10840277373790741
        ],
        [
            0.01900467649102211,
            0.15045133233070374,
            0.3141404986381531
        ],
        [
            0.00950189121067524,
            0.5089820623397827,
            0.45700937509536743
        ],
        [
            -0.04742977395653725,
            -0.1285836398601532,
            0.0017283521592617035
        ],
        [
            -0.14411146938800812,
            0.19161245226860046,
            0.14356358349323273
        ],
        [
            -0.12404057383537292,
            0.5245099663734436,
            0.337072491645813
        ],
        [
            -0.18748712539672852,
            -0.8157891035079956,
            -0.044472627341747284
        ],
        [
            -0.18176095187664032,
            -0.8157612681388855,
            -0.11083215475082397
        ],
        [
            -0.10065518319606781,
            -0.8506674766540527,
            0.007330738008022308
        ],
        [
            -0.090629443526268,
            -0.8506389856338501,
            -0.14250245690345764
        ],
        [
            -0.29485568404197693,
            0.5241298079490662,
            0.4434908628463745
        ],
        [
            -0.2806587517261505,
            0.5686407089233398,
            0.3743906319141388
        ],
        [
            -0.07642146199941635,
            0.5707525014877319,
            0.32752639055252075
        ],
        [
            -0.11472814530134201,
            0.47505682706832886,
            0.6071600317955017
        ],
        [
            -0.02764955163002014,
            0.48037534952163696,
            0.6208246946334839
        ],
        [
            0.04166532680392265,
            0.5691404938697815,
            0.4394795894622803
        ],
        [
            0.047135960310697556,
            0.4696444571018219,
            0.43001067638397217
        ],
        [
            0.022154521197080612,
            0.0938987135887146,
            0.2803899645805359
        ],
        [
            0.09746374934911728,
            -0.2888356149196625,
            0.1246870905160904
        ],
        [
            -0.06703030318021774,
            -0.20781803131103516,
            -0.10522442311048508
        ],
        [
            -0.14138205349445343,
            0.15697887539863586,
            0.11530500650405884
        ],
        [
            -0.1060384064912796,
            0.5058894157409668,
            0.30188214778900146
        ],
        [
            -0.23779064416885376,
            -0.4465433955192566,
            0.17593231797218323
        ],
        [
            -0.023699980229139328,
            -0.4814046025276184,
            0.2339620143175125
        ],
        [
            0.04260855168104172,
            -0.6849242448806763,
            0.07314479351043701
        ],
        [
            -0.07419118285179138,
            -0.6505345702171326,
            -0.20127004384994507
        ],
        [
            -0.23378512263298035,
            -0.43220269680023193,
            -0.23194515705108643
        ],
        [
            -0.3610221743583679,
            -0.33742934465408325,
            -0.0647369921207428
        ],
        [
            -0.018486808985471725,
            -0.720160961151123,
            -0.06893174350261688
        ],
        [
            -0.13634102046489716,
            -0.8893822431564331,
            -0.0752570703625679
        ],
        [
            0.014819256030023098,
            -0.24875223636627197,
            0.009017282165586948
        ],
        [
            -0.014280783012509346,
            -0.664190948009491,
            -0.06130995601415634
        ],
        [
            0.03184780105948448,
            -0.4912695288658142,
            -0.05078922212123871
        ],
        [
            -0.11290359497070312,
            -0.7763445377349854,
            -0.07587432861328125
        ],
        [
            -0.1381552815437317,
            -0.90932697057724,
            -0.07220856100320816
        ]
    ],
    "pred_vertices": [
        [
            -0.2042013257741928,
            -0.8574956655502319,
            -0.12490369379520416
        ],
        [
            -0.20393982529640198,
            -0.8412023782730103,
            -0.11905062943696976
        ],
        [
            -0.19315460324287415,
            -0.842434287071228,
            -0.12893779575824738
        ],
        [
            -0.18960170447826385,
            -0.8560560941696167,
            -0.1340969055891037
        ],
        [
            -0.1944425106048584,
            -0.8312760591506958,
            -0.12523961067199707
        ],
        [
            -0.2017219066619873,
            -0.8295021057128906,
            -0.11608783900737762
        ],
        [
            -0.1805078089237213,
            -0.8414565324783325,
            -0.13464055955410004
        ],
        [
            -0.17417491972446442,
            -0.8525980710983276,
            -0.13906706869602203
        ],
        [
            -0.15282820165157318,
            -0.8151222467422485,
            -0.13699135184288025
        ],
        [
            -0.14246614277362823,
            -0.8156359195709229,
            -0.14016471803188324
        ],
        [
            -0.14966844022274017,
            -0.8259170651435852,
            -0.14041060209274292
        ],
        [
            -0.15815961360931396,
            -0.822746753692627,
            -0.13628995418548584
        ],
        [
            -0.1380913406610489,
            -0.7938746809959412,
            -0.13420319557189941
        ],
        [
            -0.1415686309337616,
            -0.7818242311477661,
            -0.12839990854263306
        ],
        [
            -0.1288084089756012,
            -0.7782528400421143,
            -0.12940368056297302
        ],
        [
            -0.12414118647575378,
            -0.7903167009353638,
            -0.13402871787548065
        ],
        [
            -0.17143797874450684,
            -0.7836134433746338,
            -0.09919506311416626
        ],
        [
            -0.16701862215995789,
            -0.7781949639320374,
            -0.10415060818195343
        ],
        [
            -0.16913354396820068,
            -0.784447431564331,
            -0.10833404958248138
        ],
        [
            -0.17292433977127075,
            -0.789299488067627,
            -0.10260635614395142
        ],
        [
            -0.1822337508201599,
            -0.7895386219024658,
            -0.09143238514661789
        ],
        [
            -0.18175938725471497,
            -0.795913577079773,
            -0.09246756136417389
        ],
        [
            -0.18861299753189087,
            -0.7969141006469727,
            -0.0885142832994461
        ],
        [
            -0.18959802389144897,
            -0.7895054817199707,
            -0.08842682838439941
        ],
        [
            -0.169453963637352,
            -0.7789807319641113,
            -0.09352385997772217
        ],
        [
            -0.1645231544971466,
            -0.7736219167709351,
            -0.09868957102298737
        ],
        [
            -0.1757110208272934,
            -0.7879618406295776,
            -0.09506396949291229
        ],
        [
            -0.17591728270053864,
            -0.7831319570541382,
            -0.09325416386127472
        ],
        [
            -0.18277516961097717,
            -0.7730406522750854,
            -0.0912056416273117
        ],
        [
            -0.18350043892860413,
            -0.7778638005256653,
            -0.0929180383682251
        ],
        [
            -0.19045907258987427,
            -0.775676965713501,
            -0.09052692353725433
        ],
        [
            -0.18745571374893188,
            -0.7710378170013428,
            -0.088763028383255
        ],
        [
            -0.1738043874502182,
            -0.7765729427337646,
            -0.09318545460700989
        ],
        [
            -0.1776009202003479,
            -0.7779868841171265,
            -0.09418175369501114
        ],
        [
            -0.17823955416679382,
            -0.7736059427261353,
            -0.09177517890930176
        ],
        [
            -0.17452672123908997,
            -0.7731279730796814,
            -0.08975513279438019
        ],
        [
            -0.18280565738677979,
            -0.7845101356506348,
            -0.09113830327987671
        ],
        [
            -0.19031205773353577,
            -0.782959520816803,
            -0.08921518921852112
        ],
        [
            -0.19765311479568481,
            -0.7809615135192871,
            -0.08611580729484558
        ],
        [
            -0.1967945396900177,
            -0.7720787525177002,
            -0.08675183355808258
        ],
        [
            -0.15396764874458313,
            -0.7691062092781067,
            -0.11344512552022934
        ],
        [
            -0.16133657097816467,
            -0.7733210325241089,
            -0.10958497226238251
        ],
        [
            -0.1597130298614502,
            -0.7690374851226807,
            -0.10400189459323883
        ],
        [
            -0.1541968733072281,
            -0.7654111385345459,
            -0.10806658864021301
        ],
        [
            -0.16994106769561768,
            -0.7719497680664062,
            -0.09020808339118958
        ],
        [
            -0.16233175992965698,
            -0.7580307722091675,
            -0.09264624118804932
        ],
        [
            -0.1642128825187683,
            -0.7612939476966858,
            -0.0932391881942749
        ],
        [
            -0.16881929337978363,
            -0.7601824998855591,
            -0.08779710531234741
        ],
        [
            -0.16680660843849182,
            -0.7572129368782043,
            -0.08782432973384857
        ],
        [
            -0.1390606313943863,
            -0.7605745792388916,
            -0.11661852151155472
        ],
        [
            -0.14305201172828674,
            -0.7575434446334839,
            -0.11130907386541367
        ],
        [
            -0.13754063844680786,
            -0.7526912689208984,
            -0.11094025522470474
        ],
        [
            -0.13200035691261292,
            -0.755225419998169,
            -0.11523186415433884
        ],
        [
            -0.13437797129154205,
            -0.7480857372283936,
            -0.1075553297996521
        ],
        [
            -0.12609833478927612,
            -0.7498741149902344,
            -0.11257423460483551
        ],
        [
            -0.12095058709383011,
            -0.7371786832809448,
            -0.1019754707813263
        ],
        [
            -0.12296290695667267,
            -0.7429006099700928,
            -0.10729093104600906
        ],
        [
            -0.13260287046432495,
            -0.7429638504981995,
            -0.1030133068561554
        ],
        [
            -0.13352763652801514,
            -0.7369567155838013,
            -0.0974465161561966
        ],
        [
            -0.14411836862564087,
            -0.7372421026229858,
            -0.08742815256118774
        ],
        [
            -0.14645028114318848,
            -0.7349939346313477,
            -0.08178897202014923
        ],
        [
            -0.13845223188400269,
            -0.7252315282821655,
            -0.08491730690002441
        ],
        [
            -0.13624458014965057,
            -0.7299299836158752,
            -0.0908881276845932
        ],
        [
            -0.15567424893379211,
            -0.7548952102661133,
            -0.09102177619934082
        ],
        [
            -0.15282957255840302,
            -0.756251335144043,
            -0.09467363357543945
        ],
        [
            -0.1554783582687378,
            -0.7564256191253662,
            -0.09541812539100647
        ],
        [
            -0.15930898487567902,
            -0.7558916211128235,
            -0.09183849394321442
        ],
        [
            -0.15070700645446777,
            -0.7568768262863159,
            -0.09809443354606628
        ],
        [
            -0.14974460005760193,
            -0.7570427060127258,
            -0.0996265560388565
        ],
        [
            -0.15144342184066772,
            -0.7575503587722778,
            -0.09971252828836441
        ],
        [
            -0.15149912238121033,
            -0.7572669982910156,
            -0.09839522838592529
        ],
        [
            -0.15211650729179382,
            -0.7566690444946289,
            -0.09642541408538818
        ],
        [
            -0.15165233612060547,
            -0.7548279762268066,
            -0.09521777182817459
        ],
        [
            -0.1508817970752716,
            -0.75594162940979,
            -0.09716413915157318
        ],
        [
            -0.15414613485336304,
            -0.7527522444725037,
            -0.0919550433754921
        ],
        [
            -0.16150560975074768,
            -0.7471725344657898,
            -0.0803462490439415
        ],
        [
            -0.160017728805542,
            -0.748119056224823,
            -0.08381032198667526
        ],
        [
            -0.1613365113735199,
            -0.7524837255477905,
            -0.0825853943824768
        ],
        [
            -0.16278323531150818,
            -0.7519025802612305,
            -0.07971792668104172
        ],
        [
            -0.15414217114448547,
            -0.7583675384521484,
            -0.09878309816122055
        ],
        [
            -0.15412597358226776,
            -0.7599183320999146,
            -0.100961834192276
        ],
        [
            -0.15878844261169434,
            -0.7606911063194275,
            -0.09788057208061218
        ],
        [
            -0.15716250240802765,
            -0.7585417628288269,
            -0.09635992348194122
        ],
        [
            -0.1544361710548401,
            -0.7616686820983887,
            -0.10400241613388062
        ],
        [
            -0.15120857954025269,
            -0.7589563131332397,
            -0.10199892520904541
        ],
        [
            -0.1507490575313568,
            -0.7598766088485718,
            -0.10513898730278015
        ],
        [
            -0.1489568054676056,
            -0.755535364151001,
            -0.09886092692613602
        ],
        [
            -0.1465206891298294,
            -0.7548794746398926,
            -0.10122685134410858
        ],
        [
            -0.14862783253192902,
            -0.7566394805908203,
            -0.10223818570375443
        ],
        [
            -0.14565223455429077,
            -0.751736044883728,
            -0.09895285218954086
        ],
        [
            -0.14923760294914246,
            -0.7533718943595886,
            -0.09627437591552734
        ],
        [
            -0.15125709772109985,
            -0.7503721714019775,
            -0.09300641715526581
        ],
        [
            -0.1540856957435608,
            -0.7472285032272339,
            -0.08881489187479019
        ],
        [
            -0.14885550737380981,
            -0.7444992065429688,
            -0.090360626578331
        ],
        [
            -0.14668318629264832,
            -0.7480088472366333,
            -0.09517723321914673
        ],
        [
            -0.15976238250732422,
            -0.7645412683486938,
            -0.10024738311767578
        ],
        [
            -0.14618954062461853,
            -0.7569503784179688,
            -0.10617028176784515
        ],
        [
            -0.14883312582969666,
            -0.762374758720398,
            -0.1100744754076004
        ],
        [
            -0.14292064309120178,
            -0.7533149719238281,
            -0.10546131432056427
        ],
        [
            -0.14074140787124634,
            -0.7495747804641724,
            -0.10283011198043823
        ],
        [
            -0.14064174890518188,
            -0.7452934980392456,
            -0.09814183413982391
        ],
        [
            -0.1421680450439453,
            -0.7409740686416626,
            -0.09308582544326782
        ],
        [
            -0.1243210956454277,
            -0.7227581739425659,
            -0.08490265905857086
        ],
        [
            -0.12316124141216278,
            -0.7287440299987793,
            -0.09294354915618896
        ],
        [
            -0.19548913836479187,
            -0.8242471218109131,
            -0.11288612335920334
        ],
        [
            -0.19175392389297485,
            -0.8247919082641602,
            -0.12123439460992813
        ],
        [
            -0.18360421061515808,
            -0.8202873468399048,
            -0.12037204205989838
        ],
        [
            -0.1843409538269043,
            -0.8222893476486206,
            -0.12215042114257812
        ],
        [
            -0.18868277966976166,
            -0.8219714760780334,
            -0.11764257401227951
        ],
        [
            -0.18660253286361694,
            -0.8197574615478516,
            -0.11677439510822296
        ],
        [
            -0.16471098363399506,
            -0.8216506242752075,
            -0.13129575550556183
        ],
        [
            -0.17015206813812256,
            -0.8209347128868103,
            -0.12713606655597687
        ],
        [
            -0.16700837016105652,
            -0.8184154033660889,
            -0.12670272588729858
        ],
        [
            -0.16081483662128448,
            -0.816137433052063,
            -0.1322161704301834
        ],
        [
            -0.17015552520751953,
            -0.8084826469421387,
            -0.11962410807609558
        ],
        [
            -0.1675499826669693,
            -0.8111661076545715,
            -0.12353219091892242
        ],
        [
            -0.17350633442401886,
            -0.8155597448348999,
            -0.12079319357872009
        ],
        [
            -0.17547199130058289,
            -0.8135863542556763,
            -0.11804205924272537
        ],
        [
            -0.17725417017936707,
            -0.8122613430023193,
            -0.11456181108951569
        ],
        [
            -0.17900043725967407,
            -0.8116286396980286,
            -0.11043137311935425
        ],
        [
            -0.1756953001022339,
            -0.8073611855506897,
            -0.11049504578113556
        ],
        [
            -0.17303267121315002,
            -0.8074449300765991,
            -0.11513175070285797
        ],
        [
            -0.19095385074615479,
            -0.822376012802124,
            -0.11160823702812195
        ],
        [
            -0.19134202599525452,
            -0.8217864036560059,
            -0.10414581000804901
        ],
        [
            -0.18884819746017456,
            -0.8195773363113403,
            -0.10533913969993591
        ],
        [
            -0.18886691331863403,
            -0.8197814226150513,
            -0.1115080863237381
        ],
        [
            -0.18251222372055054,
            -0.8165551424026489,
            -0.09416195005178452
        ],
        [
            -0.18458779156208038,
            -0.8180323243141174,
            -0.09567967057228088
        ],
        [
            -0.1867108941078186,
            -0.8187223672866821,
            -0.09243418276309967
        ],
        [
            -0.18378853797912598,
            -0.8153786659240723,
            -0.09113313257694244
        ],
        [
            -0.18202975392341614,
            -0.8127307891845703,
            -0.09328791499137878
        ],
        [
            -0.181858092546463,
            -0.814903736114502,
            -0.09543749690055847
        ],
        [
            -0.21459037065505981,
            -0.8767929077148438,
            -0.11702106893062592
        ],
        [
            -0.21502585709095,
            -0.8584278225898743,
            -0.1123969778418541
        ],
        [
            -0.19858697056770325,
            -0.8770615458488464,
            -0.12977291643619537
        ],
        [
            -0.18210157752037048,
            -0.873382568359375,
            -0.13728123903274536
        ],
        [
            -0.16682648658752441,
            -0.8654434084892273,
            -0.14334383606910706
        ],
        [
            -0.13410237431526184,
            -0.7679346203804016,
            -0.12311522662639618
        ],
        [
            -0.12444838136434555,
            -0.7633190155029297,
            -0.12286769598722458
        ],
        [
            -0.11648084223270416,
            -0.7753731608390808,
            -0.12955893576145172
        ],
        [
            -0.10809681564569473,
            -0.7686048746109009,
            -0.12641771137714386
        ],
        [
            -0.11695168167352676,
            -0.7561442852020264,
            -0.11941491067409515
        ],
        [
            -0.10887538641691208,
            -0.7398940920829773,
            -0.10420297086238861
        ],
        [
            -0.1117718443274498,
            -0.7477803230285645,
            -0.11337931454181671
        ],
        [
            -0.10036314278841019,
            -0.7614716291427612,
            -0.12116872519254684
        ],
        [
            -0.09135398268699646,
            -0.779425859451294,
            -0.12897911667823792
        ],
        [
            -0.1008506640791893,
            -0.7827556729316711,
            -0.13193920254707336
        ],
        [
            -0.08671286702156067,
            -0.799468457698822,
            -0.13260585069656372
        ],
        [
            -0.08014248311519623,
            -0.7764073610305786,
            -0.12337320297956467
        ],
        [
            -0.07945629209280014,
            -0.8025784492492676,
            -0.1285575032234192
        ],
        [
            -0.07890145480632782,
            -0.7439777851104736,
            -0.10345964133739471
        ],
        [
            -0.07494198530912399,
            -0.7362114191055298,
            -0.10331861674785614
        ],
        [
            -0.0646732896566391,
            -0.74688720703125,
            -0.11608815938234329
        ],
        [
            -0.06857287883758545,
            -0.7554399967193604,
            -0.11569464206695557
        ],
        [
            -0.11101742088794708,
            -0.7865446209907532,
            -0.13410216569900513
        ],
        [
            -0.148160919547081,
            -0.8385160565376282,
            -0.1424981951713562
        ],
        [
            -0.15823405981063843,
            -0.8329136371612549,
            -0.13969045877456665
        ],
        [
            -0.13821741938591003,
            -0.829240620136261,
            -0.14302697777748108
        ],
        [
            -0.16010573506355286,
            -0.9006038308143616,
            -0.14586283266544342
        ],
        [
            -0.17361664772033691,
            -0.8880183696746826,
            -0.14286158978939056
        ],
        [
            -0.15940433740615845,
            -0.8780749440193176,
            -0.14734333753585815
        ],
        [
            -0.1487940400838852,
            -0.8909872770309448,
            -0.15038520097732544
        ],
        [
            -0.18933893740177155,
            -0.9261035919189453,
            -0.12226254492998123
        ],
        [
            -0.20513005554676056,
            -0.9026022553443909,
            -0.12247566133737564
        ],
        [
            -0.1911182701587677,
            -0.8972588777542114,
            -0.13293570280075073
        ],
        [
            -0.17750920355319977,
            -0.9151036739349365,
            -0.1343379020690918
        ],
        [
            -0.13724295794963837,
            -0.8989231586456299,
            -0.1509443074464798
        ],
        [
            -0.12238863110542297,
            -0.9093368649482727,
            -0.14930090308189392
        ],
        [
            -0.12477518618106842,
            -0.9262775182723999,
            -0.14548279345035553
        ],
        [
            -0.14468508958816528,
            -0.9156681299209595,
            -0.14686518907546997
        ],
        [
            -0.1305728554725647,
            -0.9474872946739197,
            -0.13435880839824677
        ],
        [
            -0.15488018095493317,
            -0.9347715973854065,
            -0.13540126383304596
        ],
        [
            -0.06631835550069809,
            -0.7941823601722717,
            -0.12373603880405426
        ],
        [
            -0.07085719704627991,
            -0.8134860396385193,
            -0.1261838972568512
        ],
        [
            -0.07502949982881546,
            -0.7642849087715149,
            -0.1163356825709343
        ],
        [
            -0.06274613738059998,
            -0.7785510420799255,
            -0.12209291756153107
        ],
        [
            -0.13626250624656677,
            -0.9633579850196838,
            -0.11709491908550262
        ],
        [
            -0.1651471108198166,
            -0.9492356777191162,
            -0.11896927654743195
        ],
        [
            -0.06992466747760773,
            -0.914714515209198,
            -0.13287702202796936
        ],
        [
            -0.08583113551139832,
            -0.9258172512054443,
            -0.13648760318756104
        ],
        [
            -0.09176686406135559,
            -0.9069458246231079,
            -0.1441068947315216
        ],
        [
