{
    "pred_cam": [
        1.1752232313156128,
        0.028772251680493355,
        0.185347318649292
    ],
    "pred_smpl_params": {
        "global_orient": [
            [
                [
                    0.984251856803894,
                    0.16729795932769775,
                    0.05709364637732506
                ],
                [
                    0.1676400750875473,
                    -0.985847532749176,
                    -0.0012219063937664032
                ],
                [
                    0.05608120560646057,
                    0.010773845948278904,
                    -0.9983680844306946
                ]
            ]
        ],
        "body_pose": [
            [
                [
                    0.9995101690292358,
                    0.02780682034790516,
                    -0.014362901449203491
                ],
                [
                    -0.023436548188328743,
                    0.9691510796546936,
                    0.245350643992424
                ],
                [
                    0.02074224315583706,
                    -0.24489381909370422,
                    0.9693280458450317
                ]
            ],
            [
                [
                    0.9979671835899353,
                    0.06291554123163223,
                    0.010161047801375389
                ],
                [
                    -0.06369349360466003,
                    0.9791704416275024,
                    0.192791149020195
                ],
                [
                    0.0021801642142236233,
                    -0.19304640591144562,
                    0.9811872839927673
                ]
            ],
            [
                [
                    0.999531626701355,
                    0.011167644523084164,
                    0.02849491871893406
                ],
                [
                    -0.006568197160959244,
                    0.987628698348999,
                    -0.15667292475700378
                ],
                [
                    -0.029892070218920708,
                    0.15641234815120697,
                    0.9872394800186157
                ]
            ],
            [
                [
                    0.9938034415245056,
                    0.02073453553020954,
                    -0.1092006117105484
                ],
                [
                    -0.10173576325178146,
                    0.5654122829437256,
                    -0.8185100555419922
                ],
                [
                    0.044771958142519,
                    0.8245477676391602,
                    0.5640181303024292
                ]
            ],
            [
                [
                    0.9886277318000793,
                    -0.0593753457069397,
                    0.13816533982753754
                ],
                [
                    0.13440001010894775,
                    0.7610328197479248,
                    -0.6346381902694702
                ],
                [
                    -0.06746648997068405,
                    0.6459904313087463,
                    0.7603582143783569
                ]
            ],
            [
                [
                    0.9990766048431396,
                    -0.0235843937844038,
                    0.035914454609155655
                ],
                [
                    0.022208785638213158,
                    0.9990221261978149,
                    0.038231123238801956
                ],
                [
                    -0.03678099066019058,
                    -0.03739820048213005,
                    0.9986234307289124
                ]
            ],
            [
                [
                    0.9825421571731567,
                    -0.020298464223742485,
                    0.18492920696735382
                ],
                [
                    -0.005188707262277603,
                    0.9906532168388367,
                    0.13630558550357819
                ],
                [
                    -0.18596751987934113,
                    -0.13488554954528809,
                    0.9732532501220703
                ]
            ],
            [
                [
                    0.9812626838684082,
                    -0.03078177385032177,
                    -0.19020013511180878
                ],
                [
                    0.032416924834251404,
                    0.9994593858718872,
                    0.005491035524755716
                ],
                [
                    0.18992827832698822,
                    -0.011553852818906307,
                    0.981730043888092
                ]
            ],
            [
                [
                    0.9995007514953613,
                    -0.015959080308675766,
                    0.027270838618278503
                ],
                [
                    0.01712159439921379,
                    0.9989309310913086,
                    -0.042940378189086914
                ],
                [
                    -0.02655639499425888,
                    0.04338585212826729,
                    0.9987054467201233
                ]
            ],
            [
                [
                    0.9940772652626038,
                    -0.07761389017105103,
                    -0.07606915384531021
                ],
                [
                    0.08697627484798431,
                    0.9878636002540588,
                    0.12868815660476685
                ],
                [
                    0.06515795737504959,
                    -0.13454216718673706,
                    0.9887633323669434
                ]
            ],
            [
                [
                    0.990759551525116,
                    0.134647399187088,
                    0.016295216977596283
                ],
                [
                    -0.1353013813495636,
                    0.9728444814682007,
                    0.187795490026474
                ],
                [
                    0.009433461353182793,
                    -0.18826495110988617,
                    0.9820729494094849
                ]
            ],
            [
                [
                    0.9867455363273621,
                    0.038634851574897766,
                    -0.15760894119739532
                ],
                [
                    -0.00825057365000248,
                    0.9819331765174866,
                    0.18904781341552734
                ],
                [
                    0.1620652973651886,
                    -0.1852417290210724,
                    0.9692369103431702
                ]
            ],
            [
                [
                    0.9053094983100891,
                    0.42418697476387024,
                    -0.02191220223903656
                ],
                [
                    -0.4247399568557739,
                    0.9044747352600098,
                    -0.03900378942489624
                ],
                [
                    0.003274135524407029,
                    0.044617485255002975,
                    0.9989987015724182
                ]
            ],
            [
                [
                    0.9034488201141357,
                    -0.42496591806411743,
                    0.056428808718919754
                ],
                [
                    0.4272453486919403,
                    0.9033768177032471,
                    -0.03703724592924118
                ],
                [
                    -0.0352369099855423,
                    0.0575702041387558,
                    0.9977194666862488
                ]
            ],
            [
                [
                    0.9940251708030701,
                    -0.007829972542822361,
                    -0.10887062549591064
                ],
                [
                    -0.0038533126935362816,
                    0.9942847490310669,
                    -0.10669109970331192
                ],
                [
                    0.10908379405736923,
                    0.10647314041852951,
                    0.9883139133453369
                ]
            ],
            [
                [
                    0.4693732261657715,
                    0.8469457626342773,
                    -0.24974316358566284
                ],
                [
                    -0.8815785050392151,
                    0.4655251204967499,
                    -0.07813933491706848
                ],
                [
                    0.050081945955753326,
                    0.256844699382782,
                    0.965154230594635
                ]
            ],
            [
                [
                    0.5213032960891724,
                    -0.8247107267379761,
                    0.2193058282136917
                ],
                [
                    0.8508495688438416,
                    0.5220487713813782,
                    -0.059330154210329056
                ],
                [
                    -0.06555812805891037,
                    0.21752527356147766,
                    0.9738504886627197
                ]
            ],
            [
                [
                    0.8968334197998047,
                    -0.12492035329341888,
                    -0.4243638813495636
                ],
                [
                    0.03846856951713562,
                    0.9776890277862549,
                    -0.2065051794052124
                ],
                [
                    0.44069260358810425,
                    0.1688760668039322,
                    0.8816297054290771
                ]
            ],
            [
                [
                    0.8936205506324768,
                    0.12867233157157898,
                    0.4299834072589874
                ],
                [
                    -0.04011835157871246,
                    0.9770888686180115,
                    -0.20901668071746826
                ],
                [
                    -0.4470266103744507,
                    0.16953137516975403,
                    0.8783088326454163
                ]
            ],
            [
                [
                    0.999141275882721,
                    0.02723555639386177,
                    0.03122437372803688
                ],
                [
                    -0.025900229811668396,
                    0.9987649321556091,
                    -0.042400576174259186
                ],
                [
                    -0.03234061226248741,
                    0.04155544564127922,
                    0.9986127018928528
                ]
            ],
            [
                [
                    0.9990971088409424,
                    -0.004430604167282581,
                    -0.04225236922502518
                ],
                [
                    0.0002973010123241693,
                    0.9952518343925476,
                    -0.09733308106660843
                ],
                [
                    0.04248299449682236,
                    0.0972326472401619,
                    0.9943545460700989
                ]
            ],
            [
                [
                    0.9658075571060181,
                    0.23228932917118073,
                    -0.11514052003622055
                ],
                [
                    -0.21384258568286896,
                    0.9648452997207642,
                    0.15279093384742737
                ],
                [
                    0.14658446609973907,
                    -0.12294471263885498,
                    0.9815282225608826
                ]
            ],
            [
                [
                    0.9720054268836975,
                    -0.22688868641853333,
                    0.061049990355968475
                ],
                [
                    0.2103118747472763,
                    0.9560103416442871,
                    0.20448262989521027
                ],
                [
                    -0.10475921630859375,
                    -0.1859186589717865,
                    0.9769646525382996
                ]
            ]
        ],
        "betas": [
            -0.04792553186416626,
            -0.013277888298034668,
            -0.02013266086578369,
            0.051881372928619385,
            0.01826101541519165,
            0.058039043098688126,
            -0.001490175724029541,
            -0.08419680595397949,
            0.0993267223238945,
            -0.0913301408290863
        ]
    },
    "pred_cam_t": [
        0.028772251680493355,
        0.185347318649292,
        33.238365173339844
    ],
    "focal_length": [
        5000.0,
        5000.0
    ],
    "pred_keypoints_3d": [
        [
            0.08581911027431488,
            -0.8471662998199463,
            -0.1390594244003296
        ],
        [
            0.07905010133981705,
            -0.7258859276771545,
            0.01344999484717846
        ],
        [
            -0.11279695481061935,
            -0.6449206471443176,
            0.0035974616184830666
        ],
        [
            -0.17191216349601746,
            -0.4029904305934906,
            0.05475784093141556
        ],
        [
            -0.20222920179367065,
            -0.16408684849739075,
            -0.028518855571746826
        ],
        [
            0.23739251494407654,
            -0.603197455406189,
            0.05264699459075928
        ],
        [
            0.2041034698486328,
            -0.35371410846710205,
            0.12002243101596832
        ],
        [
            0.18298014998435974,
            -0.11812810599803925,
            0.042904481291770935
        ],
        [
            -0.0018247978296130896,
            -0.22339236736297607,
            0.028105076402425766
        ],
        [
            -0.08368552476167679,
            -0.1455668807029724,
            0.02778530865907669
        ],
        [
            -0.20317049324512482,
            0.21087443828582764,
            -0.04447561502456665
        ],
        [
            -0.2578268051147461,
            0.5336617231369019,
            0.1834591180086136
        ],
        [
            0.050788313150405884,
            -0.12171315401792526,
            0.03800974786281586
        ],
        [
            0.018200159072875977,
            0.24069800972938538,
            -0.05230966955423355
        ],
        [
            -0.060141488909721375,
            0.5013570785522461,
            0.2388993203639984
        ],
        [
            0.06351441144943237,
            -0.888634204864502,
            -0.09865857660770416
        ],
        [
            0.1286061406135559,
            -0.8792668581008911,
            -0.10870759189128876
        ],
        [
            0.033813804388046265,
            -0.8706790208816528,
            -0.001191556453704834
        ],
        [
            0.17706239223480225,
            -0.8497819304466248,
            -0.0229262076318264
        ],
        [
            -0.0791071280837059,
            0.64811110496521,
            0.10766112804412842
        ],
        [
            -0.011426066979765892,
            0.6400201320648193,
            0.1559247076511383
        ],
        [
            -0.05588389188051224,
            0.4965004622936249,
            0.3088909387588501
        ],
        [
            -0.2724582552909851,
            0.6647368669509888,
            0.03517046570777893
        ],
        [
            -0.34186244010925293,
            0.6363171339035034,
            0.07863572239875793
        ],
        [
            -0.26580992341041565,
            0.5452730655670166,
            0.2555851936340332
        ],
        [
            -0.270639568567276,
            0.4748578369617462,
            0.18220806121826172
        ],
        [
            -0.18634161353111267,
            0.1508609503507614,
            -0.043808165937662125
        ],
        [
            -0.14100104570388794,
            -0.2805439233779907,
            0.030471451580524445
        ],
        [
            0.14512799680233002,
            -0.2148286998271942,
            0.06145545840263367
        ],
        [
            0.03598251938819885,
            0.20568734407424927,
            -0.05111732706427574
        ],
        [
            -0.042081866413354874,
            0.46169278025627136,
            0.23756305873394012
        ],
        [
            -0.1824861615896225,
            -0.18762260675430298,
            -0.04714273661375046
        ],
        [
            -0.19340229034423828,
            -0.42206522822380066,
            0.025941545143723488
        ],
        [
            -0.07438741624355316,
            -0.6760404109954834,
            0.00909541267901659
        ],
        [
            0.21169176697731018,
            -0.6411122679710388,
            0.05099102109670639
        ],
        [
            0.24334704875946045,
            -0.3668316602706909,
            0.08915625512599945
        ],
        [
            0.1902911365032196,
            -0.13431647419929504,
            0.03238177299499512
        ],
        [
            0.08045702427625656,
            -0.7145246267318726,
            0.01145128346979618
        ],
        [
            0.11511334031820297,
            -0.9133557081222534,
            -0.023127535358071327
        ],
        [
            0.0026883422397077084,
            -0.24802199006080627,
            0.0461922287940979
        ],
        [
            0.06803455203771591,
            -0.6575595140457153,
            0.025744199752807617
        ],
        [
            0.04229611158370972,
            -0.48669499158859253,
            0.04946780949831009
        ],
        [
            0.09812084585428238,
            -0.8105919361114502,
            -0.06768304854631424
        ],
        [
            0.11427564918994904,
            -0.9318839907646179,
            -0.011761082336306572
        ]
    ],
    "pred_vertices": [
        [
            0.14710783958435059,
            -0.9228116869926453,
            -0.10574228316545486
        ],
        [
            0.1381913274526596,
            -0.9105525016784668,
            -0.11245270073413849
        ],
        [
            0.1493862122297287,
            -0.904394268989563,
            -0.10595519840717316
        ],
        [
            0.15796618163585663,
            -0.9129568934440613,
            -0.09620495140552521
        ],
        [
            0.14340101182460785,
            -0.8967464566230774,
            -0.11177123337984085
        ],
        [
            0.13305774331092834,
            -0.9004557728767395,
            -0.11690914630889893
        ],
        [
            0.15636740624904633,
            -0.8961865901947021,
            -0.09717786312103271
        ],
        [
            0.1639403998851776,
            -0.9009695053100586,
            -0.08684360235929489
        ],
        [
            0.15765470266342163,
            -0.8592582941055298,
            -0.09036155045032501
        ],
        [
            0.16184395551681519,
            -0.8530819416046143,
            -0.08199553191661835
        ],
        [
            0.16358737647533417,
            -0.8648539185523987,
            -0.08231356739997864
        ],
        [
            0.15778517723083496,
            -0.8679769039154053,
            -0.09023600816726685
        ],
        [
            0.15316656231880188,
            -0.8332209587097168,
            -0.08933143317699432
        ],
        [
            0.1447605937719345,
            -0.8262192010879517,
            -0.09761998802423477
        ],
        [
            0.14665311574935913,
            -0.8157281875610352,
            -0.08913391828536987
        ],
        [
            0.15383021533489227,
            -0.8224270939826965,
            -0.07992786169052124
        ],
        [
            0.11254093796014786,
            -0.8477938175201416,
            -0.11528483778238297
        ],
        [
            0.11703673750162125,
            -0.8403897285461426,
            -0.11553846299648285
        ],
        [
            0.12191402167081833,
            -0.8462421298027039,
            -0.11446475982666016
        ],
        [
            0.1166486069560051,
            -0.8529738187789917,
            -0.11396045237779617
        ],
        [
            0.10433413088321686,
            -0.8593390583992004,
            -0.11925756931304932
        ],
        [
            0.10658258199691772,
            -0.8641783595085144,
            -0.11552881449460983
        ],
        [
            0.1019476056098938,
            -0.8693568706512451,
            -0.11952434480190277
        ],
        [
            0.10031758248806,
            -0.8638006448745728,
            -0.12450332194566727
        ],
        [
            0.10641457885503769,
            -0.8434476852416992,
            -0.11527933925390244
        ],
        [
            0.11136092245578766,
            -0.8357276320457458,
            -0.11527370661497116
        ],
        [
            0.10865962505340576,
            -0.8543226718902588,
            -0.11575422435998917
        ],
        [
            0.10582461953163147,
            -0.8502508401870728,
            -0.11818893253803253
        ],
        [
            0.10087385028600693,
            -0.8460935354232788,
            -0.1286797970533371
        ],
        [
            0.10323210060596466,
            -0.8502954244613647,
            -0.12691187858581543
        ],
        [
            0.09933433681726456,
            -0.8528128266334534,
            -0.1332140564918518
        ],
        [
            0.0973285585641861,
            -0.8474959135055542,
            -0.13294273614883423
        ],
        [
            0.10435768961906433,
            -0.8438123464584351,
            -0.1199086457490921
        ],
        [
            0.1050446555018425,
            -0.8469283580780029,
            -0.12250217795372009
        ],
        [
            0.10187532007694244,
            -0.8439191579818726,
            -0.1248883605003357
        ],
        [
            0.10052236914634705,
            -0.841639518737793,
            -0.12170086055994034
        ],
        [
            0.10274848341941833,
            -0.8555905222892761,
            -0.12253157794475555
        ],
        [
            0.09946156293153763,
            -0.8588099479675293,
            -0.12886042892932892
        ],
        [
            0.0951528251171112,
            -0.8617697954177856,
            -0.13522446155548096
        ],
        [
            0.09443085640668869,
            -0.8538427352905273,
            -0.13952121138572693
        ],
        [
            0.12627917528152466,
            -0.8245481252670288,
            -0.11150531470775604
        ],
        [
            0.12197725474834442,
            -0.8327274322509766,
            -0.11465512216091156
        ],
        [
            0.11626400053501129,
            -0.8285792469978333,
            -0.11479862034320831
        ],
        [
            0.1203591451048851,
            -0.8220475316047668,
            -0.11289073526859283
        ],
        [
            0.10162361711263657,
            -0.8379124402999878,
            -0.11870991438627243
        ],
        [
            0.10290209203958511,
            -0.8215697407722473,
            -0.12074514478445053
        ],
        [
            0.1037178486585617,
            -0.8253577947616577,
            -0.12069600820541382
        ],
        [
            0.09752857685089111,
            -0.8276125192642212,
            -0.1238752007484436
        ],
        [
            0.09742143750190735,
            -0.8239594101905823,
            -0.12386666983366013
        ],
        [
            0.12968513369560242,
            -0.8085907101631165,
            -0.1042504757642746
        ],
        [
            0.12355898320674896,
            -0.8089066743850708,
            -0.10829879343509674
        ],
        [
            0.12319019436836243,
            -0.8017041087150574,
            -0.10616982728242874
        ],
        [
            0.1286669224500656,
            -0.7999871969223022,
            -0.1008986234664917
        ],
        [
            0.12028734385967255,
            -0.7961503267288208,
            -0.10525382310152054
        ],
        [
            0.12664009630680084,
            -0.7919972538948059,
            -0.09805279970169067
        ],
        [
            0.11587264388799667,
            -0.7793766260147095,
            -0.09818679839372635
        ],
        [
            0.1213335171341896,
            -0.7848042249679565,
            -0.09788227081298828
        ],
        [
            0.11570978164672852,
            -0.7912200689315796,
            -0.10572344064712524
        ],
        [
            0.10951011627912521,
            -0.7873026132583618,
            -0.10868942737579346
        ],
        [
            0.09756258130073547,
            -0.7947419881820679,
            -0.1158921867609024
        ],
        [
            0.09136336296796799,
            -0.7946344614028931,
            -0.11818702518939972
        ],
        [
            0.09437946230173111,
            -0.7817668914794922,
            -0.11728819459676743
        ],
        [
            0.10155528783798218,
            -0.7837730646133423,
            -0.1134713888168335
        ],
        [
            0.10211247205734253,
            -0.8155956268310547,
            -0.11672376096248627
        ],
        [
            0.10619933903217316,
            -0.8147823810577393,
            -0.11426395177841187
        ],
        [
            0.10648462176322937,
            -0.8164584636688232,
            -0.11647947132587433
        ],
        [
            0.10237947851419449,
            -0.8184936046600342,
            -0.11933037638664246
        ],
        [
            0.10979057103395462,
            -0.8138059377670288,
            -0.11272585391998291
        ],
        [
            0.11137998104095459,
            -0.8132377862930298,
            -0.11215505003929138
        ],
        [
            0.11127875745296478,
            -0.8146646618843079,
            -0.11329717934131622
        ],
        [
            0.10974660515785217,
            -0.8147047758102417,
            -0.11334756761789322
        ],
        [
            0.1077498123049736,
            -0.8147073984146118,
            -0.1137758120894432
        ],
        [
            0.10643697530031204,
            -0.8129990696907043,
            -0.11418581008911133
        ],
        [
            0.10879354178905487,
            -0.8131986856460571,
            -0.1131768748164177
        ],
        [
            0.10260401666164398,
            -0.813005805015564,
            -0.11669603735208511
        ],
        [
            0.08934500813484192,
            -0.813113808631897,
            -0.12366580218076706
        ],
        [
            0.09329260885715485,
            -0.8130948543548584,
            -0.12244454026222229
        ],
        [
            0.09263794869184494,
            -0.8175806999206543,
            -0.12113091349601746
        ],
        [
            0.08930304646492004,
            -0.8178753852844238,
            -0.12208280712366104
        ],
        [
            0.10976853221654892,
            -0.8167780041694641,
            -0.11493352055549622
        ],
        [
            0.11250875890254974,
            -0.8180414438247681,
            -0.1144690215587616
        ],
        [
            0.10901530832052231,
            -0.8216598033905029,
            -0.11736094206571579
        ],
        [
            0.10751006007194519,
            -0.8190419673919678,
            -0.11687706410884857
        ],
        [
            0.11546264588832855,
            -0.8195440769195557,
            -0.11437509953975677
        ],
        [
            0.11371594667434692,
            -0.8154371976852417,
            -0.11280922591686249
        ],
        [
            0.11688021570444107,
            -0.8154149651527405,
            -0.1123812347650528
        ],
        [
            0.11059795320034027,
            -0.8115876913070679,
            -0.1121969223022461
        ],
        [
            0.11305604875087738,
            -0.8093786239624023,
            -0.11107892543077469
        ],
        [
            0.11392626166343689,
            -0.8120050430297852,
            -0.11196855455636978
        ],
        [
            0.11059719324111938,
            -0.8065404891967773,
            -0.11150418967008591
        ],
        [
            0.1078328788280487,
            -0.8102181553840637,
            -0.1131289005279541
        ],
        [
            0.10389353334903717,
            -0.8092318773269653,
            -0.11566156893968582
        ],
        [
            0.09890176355838776,
            -0.8086477518081665,
            -0.11891934275627136
        ],
        [
            0.1008329838514328,
            -0.8032254576683044,
            -0.11638621985912323
        ],
        [
            0.10632675141096115,
            -0.8044443130493164,
            -0.1135568767786026
        ],
        [
            0.111662358045578,
            -0.8248683214187622,
            -0.11646420508623123
        ],
        [
            0.11807887256145477,
            -0.8105605840682983,
            -0.11045502126216888
        ],
        [
            0.12249405682086945,
            -0.816301703453064,
            -0.1103363037109375
        ],
        [
            0.11731904745101929,
            -0.8057351112365723,
            -0.10961560159921646
        ],
        [
            0.11468051373958588,
            -0.8016034960746765,
            -0.1093437522649765
        ],
        [
            0.11009162664413452,
            -0.7982907891273499,
            -0.11045573651790619
        ],
        [
            0.10399296879768372,
            -0.7962060570716858,
            -0.11321081966161728
        ],
        [
            0.09675455838441849,
            -0.7717381715774536,
            -0.10654313117265701
        ],
        [
            0.10590072721242905,
            -0.7748039364814758,
            -0.1029806137084961
        ],
        [
            0.13013099133968353,
            -0.8933218717575073,
            -0.11460928618907928
        ],
        [
            0.13872013986110687,
            -0.8906570672988892,
            -0.1129620224237442
        ],
        [
            0.13835731148719788,
            -0.8825703859329224,
            -0.10880109667778015
        ],
        [
            0.14051653444766998,
            -0.8849319219589233,
            -0.10856008529663086
        ],
        [
            0.13522934913635254,
            -0.8870433568954468,
            -0.11128406226634979
        ],
        [
            0.1343948096036911,
            -0.8842850923538208,
            -0.11084289848804474
        ],
        [
            0.15167610347270966,
            -0.8717432022094727,
            -0.09536217153072357
        ],
        [
            0.1469283401966095,
            -0.8747003674507141,
            -0.09946046024560928
        ],
        [
            0.14678259193897247,
            -0.8706930875778198,
            -0.09826435148715973
        ],
        [
            0.15225131809711456,
            -0.8648445010185242,
            -0.09528744220733643
        ],
        [
            0.13753244280815125,
            -0.865085244178772,
            -0.10512708872556686
        ],
        [
            0.14221033453941345,
            -0.8653354644775391,
            -0.10214999318122864
        ],
        [
            0.13937516510486603,
            -0.8728491067886353,
            -0.104093536734581
        ],
        [
            0.13600949943065643,
            -0.8726924657821655,
            -0.10634809732437134
        ],
        [
            0.13207489252090454,
            -0.8730268478393555,
            -0.10807580500841141
        ],
        [
            0.12783139944076538,
            -0.8737923502922058,
            -0.10884176939725876
        ],
        [
            0.1272212564945221,
            -0.8684276342391968,
            -0.10874883830547333
        ],
        [
            0.13223478198051453,
            -0.8665059804916382,
            -0.10746157169342041
        ],
        [
            0.12889933586120605,
            -0.8894157409667969,
            -0.11195730417966843
        ],
        [
            0.12173481285572052,
            -0.8897435665130615,
            -0.11093366146087646
        ],
        [
            0.12261451780796051,
            -0.8864773511886597,
            -0.11074674129486084
        ],
        [
            0.12869833409786224,
            -0.8860786557197571,
            -0.11194100975990295
        ],
        [
            0.11208153516054153,
            -0.8812023997306824,
            -0.10503830760717392
        ],
        [
            0.11358967423439026,
            -0.8835639953613281,
            -0.10606201738119125
        ],
        [
            0.11028988659381866,
            -0.8855968713760376,
            -0.10687589645385742
        ],
        [
            0.10872174054384232,
            -0.881216287612915,
            -0.10618987679481506
        ],
        [
            0.11042839288711548,
            -0.8778481483459473,
            -0.10666528344154358
        ],
        [
            0.11301217973232269,
            -0.8793464303016663,
            -0.10569682717323303
        ],
        [
            0.14239610731601715,
            -0.9452869296073914,
            -0.10150672495365143
        ],
        [
            0.13361288607120514,
            -0.9303396940231323,
            -0.11109421402215958
        ],
        [
            0.15711621940135956,
            -0.9345663785934448,
            -0.09149893373250961
        ],
        [
            0.16576538980007172,
            -0.9216869473457336,
            -0.08242201805114746
        ],
        [
            0.1716008186340332,
            -0.9061461687088013,
            -0.07486987113952637
        ],
        [
            0.13789963722229004,
            -0.8109825849533081,
            -0.09757624566555023
        ],
        [
            0.13821211457252502,
            -0.8013429045677185,
            -0.09204347431659698
        ],
        [
            0.14778728783130646,
            -0.8060369491577148,
            -0.08052340149879456
        ],
        [
            0.1446765661239624,
            -0.7957851886749268,
            -0.07565338164567947
        ],
        [
            0.1351667046546936,
            -0.7911399006843567,
            -0.08829865604639053
        ],
        [
            0.11982745677232742,
            -0.7749028205871582,
            -0.08467666804790497
        ],
        [
            0.12904132902622223,
            -0.7817136645317078,
            -0.08586814254522324
        ],
        [
            0.13879495859146118,
            -0.7863168120384216,
            -0.06962089985609055
        ],
        [
            0.14894472062587738,
            -0.7959628105163574,
            -0.05461767688393593
        ],
        [
            0.15252630412578583,
            -0.8031796216964722,
            -0.06330662965774536
        ],
        [
            0.15639328956604004,
            -0.8094050884246826,
            -0.041660599410533905
        ],
        [
            0.14431028068065643,
            -0.7886695265769958,
            -0.04218403995037079
        ],
        [
            0.15424703061580658,
            -0.8081160187721252,
            -0.03266501426696777
        ],
        [
            0.1254437267780304,
            -0.7546704411506653,
            -0.04397648572921753
        ],
        [
            0.12673303484916687,
            -0.7426286935806274,
            -0.03894995152950287
        ],
        [
            0.13830190896987915,
            -0.7477158904075623,
            -0.02591823600232601
        ],
        [
            0.13843482732772827,
            -0.7593164443969727,
            -0.031126992776989937
        ],
        [
            0.15439057350158691,
            -0.8119958639144897,
            -0.0710352212190628
        ],
        [
            0.16783049702644348,
            -0.8745114803314209,
            -0.07377853989601135
        ],
        [
            0.16255106031894684,
            -0.8759932518005371,
            -0.08465252071619034
        ],
        [
            0.16771942377090454,
            -0.8611754775047302,
            -0.0716075748205185
        ],
        [
            0.18244284391403198,
            -0.9303034543991089,
            -0.051210034638643265
        ],
        [
            0.17556460201740265,
            -0.9283663630485535,
            -0.06846611201763153
        ],
        [
            0.1796320527791977,
            -0.9112778902053833,
            -0.06334295123815536
        ],
        [
            0.18639226257801056,
            -0.9152683615684509,
            -0.04782282933592796
        ],
        [
            0.16045451164245605,
            -0.9690616726875305,
            -0.054381631314754486
        ],
        [
            0.1537461131811142,
            -0.9599360227584839,
            -0.07988249510526657
        ],
        [
            0.16436117887496948,
            -0.9455987215042114,
            -0.07454574108123779
        ],
        [
            0.17155084013938904,
            -0.9524410963058472,
            -0.054249491542577744
        ],
        [
            0.18976424634456635,
            -0.9152870774269104,
            -0.03464575484395027
        ],
        [
            0.19239792227745056,
            -0.9145289659500122,
            -0.01626603864133358
        ],
        [
            0.1917230784893036,
            -0.9301636815071106,
            -0.007954489439725876
        ],
        [
            0.1876160204410553,
            -0.932917594909668,
            -0.029919270426034927
        ],
        [
            0.18374527990818024,
            -0.9509412050247192,
            0.0014833062887191772
        ],
        [
            0.17913436889648438,
            -0.9546793699264526,
            -0.02549969218671322
        ],
        [
            0.1512679159641266,
            -0.7945740222930908,
            -0.021740831434726715
        ],
        [
            0.15600931644439697,
            -0.8119189739227295,
            -0.01954156719148159
        ],
        [
            0.13864284753799438,
            -0.7734421491622925,
            -0.037769876420497894
        ],
        [
            0.147628054022789,
            -0.7789438962936401,
            -0.021393056958913803
        ],
        [
            0.16876031458377838,
            -0.9677839279174805,
            0.009518835693597794
        ],
        [
            0.16481895744800568,
            -0.973617434501648,
            -0.022266317158937454
        ],
        [
            0.18278776109218597,
            -0.8900458812713623,
            0.031741924583911896
        ],
        [
            0.18788039684295654,
            -0.9077135920524597,
            0.024715792387723923
        ],
        [
            0.19023853540420532,
            -0.8956884145736694,
            0.0076608918607234955
        ],
        [
            0.18575549125671387,
            -0.8807916045188904,
            0.016545597463846207
        ],
        [
