{
    "pred_cam": [
        1.1727943420410156,
        0.003287704661488533,
        0.1857638955116272
    ],
    "pred_smpl_params": {
        "global_orient": [
            [
                [
                    0.9826536178588867,
                    0.1779000461101532,
                    0.052377499639987946
                ],
                [
                    0.17855410277843475,
                    -0.9838972091674805,
                    -0.008046972565352917
                ],
                [
                    0.05010251700878143,
                    0.01725960522890091,
                    -0.9985949397087097
                ]
            ]
        ],
        "body_pose": [
            [
                [
                    0.9994496703147888,
                    0.022380826994776726,
                    -0.02448280341923237
                ],
                [
                    -0.015306373126804829,
                    0.9659719467163086,
                    0.2581934928894043
                ],
                [
                    0.029428286477923393,
                    -0.2576766610145569,
                    0.9657829403877258
                ]
            ],
            [
                [
                    0.9995879530906677,
                    0.015216531231999397,
                    0.024340597912669182
                ],
                [
                    -0.01971517875790596,
                    0.9802371859550476,
                    0.19684143364429474
                ],
                [
                    -0.02086430974304676,
                    -0.1972401887178421,
                    0.9801332950592041
                ]
            ],
            [
                [
                    0.9991230964660645,
                    0.03495294973254204,
                    0.023053105920553207
                ],
                [
                    -0.030177602544426918,
                    0.9827963709831238,
                    -0.1822102665901184
                ],
                [
                    -0.029025297611951828,
                    0.18135477602481842,
                    0.9829893708229065
                ]
            ],
            [
                [
                    0.994016706943512,
                    0.014773472212255001,
                    -0.10822456330060959
                ],
                [
                    -0.09821929782629013,
                    0.5543873906135559,
                    -0.8264428377151489
                ],
                [
                    0.04778889939188957,
                    0.8321276903152466,
                    0.5525213479995728
                ]
            ],
            [
                [
                    0.9897581338882446,
                    -0.056530267000198364,
                    0.131084606051445
                ],
                [
                    0.12328170239925385,
                    0.8014510869979858,
                    -0.5852159857749939
                ],
                [
                    -0.0719754695892334,
                    0.5953826308250427,
                    0.8002119064331055
                ]
            ],
            [
                [
                    0.9994021654129028,
                    -0.020166905596852303,
                    0.028079340234398842
                ],
                [
                    0.019122309982776642,
                    0.9991328120231628,
                    0.03698590770363808
                ],
                [
                    -0.028800882399082184,
                    -0.036426860839128494,
                    0.9989211559295654
                ]
            ],
            [
                [
                    0.9829795360565186,
                    -0.002975862706080079,
                    0.18369124829769135
                ],
                [
                    -0.019936546683311462,
                    0.9922360777854919,
                    0.12275993078947067
                ],
                [
                    -0.18263041973114014,
                    -0.12433264404535294,
                    0.975288450717926
                ]
            ],
            [
                [
                    0.9822812676429749,
                    -0.02711399272084236,
                    -0.18544092774391174
                ],
                [
                    0.026108240708708763,
                    0.9996281266212463,
                    -0.007863855920732021
                ],
                [
                    0.18558520078659058,
                    0.002882982837036252,
                    0.9826238751411438
                ]
            ],
            [
                [
                    0.9996341466903687,
                    -0.022059902548789978,
                    0.015647392719984055
                ],
                [
                    0.0227800365537405,
                    0.9986141324043274,
                    -0.047443971037864685
                ],
                [
                    -0.014579098671674728,
                    0.04778306558728218,
                    0.9987512826919556
                ]
            ],
            [
                [
                    0.9923698902130127,
                    -0.0841396376490593,
                    -0.09012524038553238
                ],
                [
                    0.09521064907312393,
                    0.9873787760734558,
                    0.1265624612569809
                ],
                [
                    0.07833883166313171,
                    -0.13417764008045197,
                    0.9878559708595276
                ]
            ],
            [
                [
                    0.990913450717926,
                    0.13437959551811218,
                    0.0057153054513037205
                ],
                [
                    -0.13308706879615784,
                    0.9734649658203125,
                    0.186155304312706
                ],
                [
                    0.019451826810836792,
                    -0.18522442877292633,
                    0.9825037121772766
                ]
            ],
            [
                [
                    0.9891445636749268,
                    0.03545597568154335,
                    -0.14260366559028625
                ],
                [
                    -0.008782519958913326,
                    0.9829835295677185,
                    0.18348374962806702
                ],
                [
                    0.14668263494968414,
                    -0.18023955821990967,
                    0.9726241827011108
                ]
            ],
            [
                [
                    0.9018853306770325,
                    0.4302925765514374,
                    -0.03809593990445137
                ],
                [
                    -0.43154945969581604,
                    0.9014014601707458,
                    -0.03522001951932907
                ],
                [
                    0.01918482594192028,
                    0.0482046939432621,
                    0.9986532926559448
                ]
            ],
            [
                [
                    0.8951553702354431,
                    -0.4429472088813782,
                    0.04994716867804527
                ],
                [
                    0.44470348954200745,
                    0.895110547542572,
                    -0.03187434747815132
                ],
                [
                    -0.030589580535888672,
                    0.05074417218565941,
                    0.9982431530952454
                ]
            ],
            [
                [
                    0.9944955706596375,
                    -0.018857786431908607,
                    -0.10306773334741592
                ],
                [
                    0.006949230097234249,
                    0.993375837802887,
                    -0.11470019817352295
                ],
                [
                    0.10454799234867096,
                    0.11335259675979614,
                    0.9880388975143433
                ]
            ],
            [
                [
                    0.48081299662590027,
                    0.8377746939659119,
                    -0.258751779794693
                ],
                [
                    -0.8746415972709656,
                    0.4790615439414978,
                    -0.07417682558298111
                ],
                [
                    0.0618145689368248,
                    0.26198023557662964,
                    0.9630916118621826
                ]
            ],
            [
                [
                    0.5295974612236023,
                    -0.8175106644630432,
                    0.22628045082092285
                ],
                [
                    0.8454182147979736,
                    0.5304787158966064,
                    -0.062132127583026886
                ],
                [
                    -0.06924328953027725,
                    0.2242066115140915,
                    0.9720785617828369
                ]
            ],
            [
                [
                    0.8965685367584229,
                    -0.12675686180591583,
                    -0.42437902092933655
                ],
                [
                    0.0480734221637249,
                    0.9803615808486938,
                    -0.1912592500448227
                ],
                [
                    0.44028833508491516,
                    0.15107566118240356,
                    0.8850550055503845
                ]
            ],
            [
                [
                    0.887703537940979,
                    0.1338392198085785,
                    0.44053322076797485
                ],
                [
                    -0.04821932315826416,
                    0.9785802364349365,
                    -0.200139120221138
                ],
                [
                    -0.4578835368156433,
                    0.1564219892024994,
                    0.8751427531242371
                ]
            ],
            [
                [
                    0.9993082880973816,
                    0.0250063706189394,
                    0.027525942772626877
                ],
                [
                    -0.024004504084587097,
                    0.9990582466125488,
                    -0.03614475205540657
                ],
                [
                    -0.028403867036104202,
                    0.0354590006172657,
                    0.9989674687385559
                ]
            ],
            [
                [
                    0.9991645216941833,
                    -0.0001590677711647004,
                    -0.040869325399398804
                ],
                [
                    -0.00334370625205338,
                    0.9963220357894897,
                    -0.08562356978654861
                ],
                [
                    0.04073261842131615,
                    0.08568868041038513,
                    0.9954891204833984
                ]
            ],
            [
                [
                    0.9650458097457886,
                    0.231605663895607,
                    -0.12265971302986145
                ],
                [
                    -0.21280115842819214,
                    0.9656533598899841,
                    0.14909468591213226
                ],
                [
                    0.15297794342041016,
                    -0.11778106540441513,
                    0.9811856746673584
                ]
            ],
            [
                [
                    0.970548152923584,
                    -0.23231397569179535,
                    0.06376867741346359
                ],
                [
                    0.21504297852516174,
                    0.9547668695449829,
                    0.20536956191062927
                ],
                [
                    -0.10859444737434387,
                    -0.18560805916786194,
                    0.976604700088501
                ]
            ]
        ],
        "betas": [
            -0.00019088387489318848,
            -0.005094558000564575,
            -0.022665083408355713,
            0.1920735239982605,
            0.0141773521900177,
            0.054477039724588394,
            -0.007988154888153076,
            -0.06114661693572998,
            0.09091497212648392,
            -0.07723820209503174
        ]
    },
    "pred_cam_t": [
        0.003287704661488533,
        0.1857638955116272,
        33.30720520019531
    ],
    "focal_length": [
        5000.0,
        5000.0
    ],
    "pred_keypoints_3d": [
        [
            0.10331723093986511,
            -0.8435737490653992,
            -0.15173989534378052
        ],
        [
            0.09494057297706604,
            -0.7263692021369934,
            0.004884790629148483
        ],
        [
            -0.10122691094875336,
            -0.6500843167304993,
            0.0039031002670526505
        ],
        [
            -0.1652768850326538,
            -0.4101928770542145,
            0.05981677770614624
        ],
        [
            -0.20504844188690186,
            -0.17193356156349182,
            -0.022839367389678955
        ],
        [
            0.25050973892211914,
            -0.5967767834663391,
            0.04097403213381767
        ],
        [
            0.21234160661697388,
            -0.348075807094574,
            0.11012277007102966
        ],
        [
            0.1816232055425644,
            -0.11247944831848145,
            0.03413904458284378
        ],
        [
            -0.001978251151740551,
            -0.22520855069160461,
            0.02788969874382019
        ],
        [
            -0.08425512164831161,
            -0.1481514871120453,
            0.027459729462862015
        ],
        [
            -0.1906379759311676,
            0.21196159720420837,
            -0.048782382160425186
        ],
        [
            -0.24072407186031342,
            0.5516567230224609,
            0.15504266321659088
        ],
        [
            0.04909564182162285,
            -0.12290744483470917,
            0.03672846406698227
        ],
        [
            0.015087306499481201,
            0.23752187192440033,
            -0.06152442842721939
        ],
        [
            -0.05811023712158203,
            0.5013241171836853,
            0.2287161648273468
        ],
        [
            0.08254111558198929,
            -0.8866748809814453,
            -0.11204933375120163
        ],
        [
            0.14731279015541077,
            -0.8754578232765198,
            -0.1226624846458435
        ],
        [
            0.05347518250346184,
            -0.8724455237388611,
            -0.013468306511640549
        ],
        [
            0.19646984338760376,
            -0.8473329544067383,
            -0.036492690443992615
        ],
        [
            -0.08149652183055878,
            0.6482019424438477,
            0.09819447994232178
        ],
        [
            -0.012152696028351784,
            0.6413732767105103,
            0.14482861757278442
        ],
        [
            -0.0529782697558403,
            0.4966965317726135,
            0.29894310235977173
        ],
        [
            -0.24754217267036438,
            0.6753292083740234,
            -0.001275092363357544
        ],
        [
            -0.3190412223339081,
            0.6505878567695618,
            0.04186181724071503
        ],
        [
            -0.25032666325569153,
            0.5673967599868774,
            0.22615090012550354
        ],
        [
            -0.2554486393928528,
            0.4928702712059021,
            0.15711244940757751
        ],
        [
            -0.17525558173656464,
            0.1503552794456482,
            -0.046516481786966324
        ],
        [
            -0.14023059606552124,
            -0.28418493270874023,
            0.03151854872703552
        ],
        [
            0.14390939474105835,
            -0.21513526141643524,
            0.06074715033173561
        ],
        [
            0.032678764313459396,
            0.20253939926624298,
            -0.05974780023097992
        ],
        [
            -0.04011537879705429,
            0.4616857171058655,
            0.22749784588813782
        ],
        [
            -0.18549814820289612,
            -0.1951390951871872,
            -0.04248674958944321
        ],
        [
            -0.18708962202072144,
            -0.42984145879745483,
            0.031575024127960205
        ],
        [
            -0.06128896400332451,
            -0.6805871725082397,
            0.0071392422541975975
        ],
        [
            0.22639530897140503,
            -0.63612300157547,
            0.03977270796895027
        ],
        [
            0.250663161277771,
            -0.3599429130554199,
            0.07755173742771149
        ],
        [
            0.1891256719827652,
            -0.12837035953998566,
            0.023156583309173584
        ],
        [
            0.09548567235469818,
            -0.7138500213623047,
            0.0035935239866375923
        ],
        [
            0.1357501596212387,
            -0.912591814994812,
            -0.03830002620816231
        ],
        [
            0.0024138200096786022,
            -0.24983316659927368,
            0.046315375715494156
        ],
        [
            0.08156099170446396,
            -0.65728759765625,
            0.019318509846925735
        ],
        [
            0.049936920404434204,
            -0.48849785327911377,
            0.04733167961239815
        ],
        [
            0.11556065827608109,
            -0.8086385726928711,
            -0.07907604426145554
        ],
        [
            0.13552409410476685,
            -0.931512713432312,
            -0.02740652672946453
        ]
    ],
    "pred_vertices": [
        [
            0.1669958233833313,
            -0.9185449481010437,
            -0.12153607606887817
        ],
        [
            0.157730370759964,
            -0.9063359498977661,
            -0.12778642773628235
        ],
        [
            0.16882649064064026,
            -0.9001760482788086,
            -0.12115038931369781
        ],
        [
            0.17773711681365967,
            -0.9087570905685425,
            -0.11179515719413757
        ],
        [
            0.1626354157924652,
            -0.8924936056137085,
            -0.1266554445028305
        ],
        [
            0.1522490531206131,
            -0.8963229656219482,
            -0.13177263736724854
        ],
        [
            0.17573419213294983,
            -0.8920736908912659,
            -0.11214488744735718
        ],
        [
            0.18356852233409882,
            -0.8968628644943237,
            -0.10212163627147675
        ],
        [
            0.1761913299560547,
            -0.8552443981170654,
            -0.10411673784255981
        ],
        [
            0.18034245073795319,
            -0.8492296934127808,
            -0.09563446789979935
        ],
        [
            0.18241631984710693,
            -0.8609876036643982,
            -0.09637212753295898
        ],
        [
            0.1765701323747635,
            -0.8640291690826416,
            -0.10430018603801727
        ],
        [
            0.1711103320121765,
            -0.8293123245239258,
            -0.10222078859806061
        ],
        [
            0.1623852550983429,
            -0.8222494125366211,
            -0.11017583310604095
        ],
        [
            0.16418959200382233,
            -0.8119510412216187,
            -0.10141582787036896
        ],
        [
            0.17171907424926758,
            -0.8187583684921265,
            -0.09252339601516724
        ],
        [
            0.1304072141647339,
            -0.8441525101661682,
            -0.12813329696655273
        ],
        [
            0.13473081588745117,
            -0.8366031646728516,
            -0.12822225689888
        ],
        [
            0.13975460827350616,
            -0.8423821330070496,
            -0.1273709237575531
        ],
        [
            0.13465027511119843,
            -0.8492756485939026,
            -0.12700393795967102
        ],
        [
            0.12244275957345963,
            -0.8558701276779175,
            -0.13242138922214508
        ],
        [
            0.1248674988746643,
            -0.8607659935951233,
            -0.12884773313999176
        ],
        [
            0.12031549215316772,
            -0.8659366965293884,
            -0.13299661874771118
        ],
        [
            0.11848491430282593,
            -0.8602720499038696,
            -0.1378152072429657
        ],
        [
            0.1241743415594101,
            -0.8399552702903748,
            -0.12797453999519348
        ],
        [
            0.1289530247449875,
            -0.8320522308349609,
            -0.12781161069869995
        ],
        [
            0.126672625541687,
            -0.8507828712463379,
            -0.12876231968402863
        ],
        [
            0.12372028827667236,
            -0.8467776775360107,
            -0.13109201192855835
        ],
        [
            0.11855694651603699,
            -0.8424148559570312,
            -0.14148004353046417
        ],
        [
            0.12104792892932892,
            -0.8466182947158813,
            -0.13986007869243622
        ],
        [
            0.11711887270212173,
            -0.8490473628044128,
            -0.1462228149175644
        ],
        [
            0.11496512591838837,
            -0.8437833189964294,
            -0.1457589566707611
        ],
        [
            0.1220795288681984,
            -0.8403270244598389,
            -0.1326332986354828
        ],
        [
            0.12282689660787582,
            -0.8433614373207092,
            -0.13533829152584076
        ],
        [
            0.11954496800899506,
            -0.840354859828949,
            -0.13761168718338013
        ],
        [
            0.11816884577274323,
            -0.8381880521774292,
            -0.1343410164117813
        ],
        [
            0.12072376161813736,
            -0.8520908355712891,
            -0.13559797406196594
        ],
        [
            0.11744527518749237,
            -0.8551892042160034,
            -0.14203064143657684
        ],
        [
            0.11312296241521835,
            -0.8580557107925415,
            -0.1484852135181427
        ],
        [
            0.11213348805904388,
            -0.8500123023986816,
            -0.15254071354866028
        ],
        [
            0.14367343485355377,
            -0.8205806016921997,
            -0.12383922934532166
        ],
        [
            0.1394989937543869,
            -0.8288233280181885,
            -0.12716221809387207
        ],
        [
            0.1336923986673355,
            -0.8247764110565186,
            -0.1271751970052719
        ],
        [
            0.13767032325267792,
            -0.8181718587875366,
            -0.1251268982887268
        ],
        [
            0.11921385675668716,
            -0.834478497505188,
            -0.13125106692314148
        ],
        [
            0.12005224078893661,
            -0.8179540038108826,
            -0.13282155990600586
        ],
        [
            0.12097789347171783,
            -0.821749210357666,
            -0.13291481137275696
        ],
        [
            0.1148005798459053,
            -0.8240585327148438,
            -0.1361062377691269
        ],
        [
            0.11458452045917511,
            -0.8203811645507812,
            -0.1359597146511078
        ],
        [
            0.14682623744010925,
            -0.8046771287918091,
            -0.11618520319461823
        ],
        [
            0.14066967368125916,
            -0.8050050735473633,
            -0.1202297955751419
        ],
        [
            0.1401626467704773,
            -0.7978287935256958,
            -0.11787763237953186
        ],
        [
            0.1456642895936966,
            -0.7961501479148865,
            -0.11256320774555206
        ],
        [
            0.13718116283416748,
            -0.792292594909668,
            -0.11678878962993622
        ],
        [
            0.1435059756040573,
            -0.7882389426231384,
            -0.10948952287435532
        ],
        [
            0.13234402239322662,
            -0.7758148908615112,
            -0.10917839407920837
        ],
        [
            0.13798467814922333,
            -0.7811462879180908,
            -0.10906605422496796
        ],
        [
            0.1324501484632492,
            -0.7874276638031006,
            -0.11708517372608185
        ],
        [
            0.12608319520950317,
            -0.7835475206375122,
            -0.11988352984189987
        ],
        [
            0.11408805847167969,
            -0.7911527156829834,
            -0.12710776925086975
        ],
        [
            0.10783741623163223,
            -0.7911399602890015,
            -0.12934301793575287
        ],
        [
            0.11056291311979294,
            -0.7781569957733154,
            -0.12811177968978882
        ],
        [
            0.11795219033956528,
            -0.7800544500350952,
            -0.1244753897190094
        ],
        [
            0.11915643513202667,
            -0.8120195269584656,
            -0.12857979536056519
        ],
        [
            0.12326660752296448,
            -0.8111749887466431,
            -0.12615065276622772
        ],
        [
            0.12356007844209671,
            -0.8127906918525696,
            -0.12841972708702087
        ],
        [
            0.11944679915904999,
            -0.8148519396781921,
            -0.13127350807189941
        ],
        [
            0.126875638961792,
            -0.8101394176483154,
            -0.12463326752185822
        ],
        [
            0.1284734606742859,
            -0.809552788734436,
            -0.1240614652633667
        ],
        [
            0.12838029861450195,
            -0.8109644651412964,
            -0.1252477467060089
        ],
        [
            0.12683223187923431,
            -0.8110493421554565,
            -0.12526686489582062
        ],
        [
            0.1248236894607544,
            -0.8110798597335815,
            -0.12567225098609924
        ],
        [
            0.12346242368221283,
            -0.809368908405304,
            -0.12602119147777557
        ],
        [
            0.12585873901844025,
            -0.8095276951789856,
            -0.12505465745925903
        ],
        [
            0.11957989633083344,
            -0.8093851804733276,
            -0.12848292291164398
        ],
        [
            0.10621058940887451,
            -0.8096917867660522,
            -0.1352965384721756
        ],
        [
            0.11017977446317673,
            -0.8095332384109497,
            -0.13412123918533325
        ],
        [
            0.10964841395616531,
            -0.8141198754310608,
            -0.13292181491851807
        ],
        [
            0.10630851984024048,
            -0.8145360946655273,
            -0.13384656608104706
        ],
        [
            0.1268884539604187,
            -0.8131575584411621,
            -0.12692971527576447
        ],
        [
            0.1296939253807068,
            -0.8142913579940796,
            -0.12655580043792725
        ],
        [
            0.12623725831508636,
            -0.8179271221160889,
            -0.12952542304992676
        ],
        [
            0.12465927749872208,
            -0.8153480291366577,
            -0.1289275884628296
        ],
        [
            0.1326977014541626,
            -0.8157361149787903,
            -0.12651211023330688
        ],
        [
            0.13086441159248352,
            -0.8116963505744934,
            -0.12481711804866791
        ],
        [
            0.13406330347061157,
            -0.8116567730903625,
            -0.12442024052143097
        ],
        [
            0.1276480257511139,
            -0.8078917264938354,
            -0.12405269593000412
        ],
        [
            0.1300928294658661,
            -0.8056446313858032,
            -0.12290477752685547
        ],
        [
            0.13101275265216827,
            -0.8082494139671326,
            -0.12387637794017792
        ],
        [
            0.12754707038402557,
            -0.8028193116188049,
            -0.12321958690881729
        ],
        [
            0.12482547760009766,
            -0.8065400123596191,
            -0.12491200864315033
        ],
        [
            0.12080760300159454,
            -0.805557131767273,
            -0.12736764550209045
        ],
        [
            0.11573153734207153,
            -0.8050007820129395,
            -0.13052862882614136
        ],
        [
            0.11757034063339233,
            -0.7995719909667969,
            -0.1278575360774994
        ],
        [
            0.12316800653934479,
            -0.8007481098175049,
            -0.12514758110046387
        ],
        [
            0.12898704409599304,
            -0.821182906627655,
            -0.12873908877372742
        ],
        [
            0.13517038524150848,
            -0.8067395091056824,
            -0.1223781481385231
        ],
        [
            0.13972723484039307,
            -0.812409520149231,
            -0.12245747447013855
        ],
        [
            0.13431794941425323,
            -0.8019172549247742,
            -0.12139557301998138
        ],
        [
            0.13158291578292847,
            -0.7978173494338989,
            -0.12096540629863739
        ],
        [
            0.12690672278404236,
            -0.7945290803909302,
            -0.1219547837972641
        ],
        [
            0.12061824649572372,
            -0.792534351348877,
            -0.12453708052635193
        ],
        [
            0.11279666423797607,
            -0.768369197845459,
            -0.11703811585903168
        ],
        [
            0.12215716391801834,
            -0.7712901830673218,
            -0.11373263597488403
        ],
        [
            0.14914073050022125,
            -0.8893459439277649,
            -0.1290757954120636
        ],
        [
            0.15769919753074646,
            -0.8865344524383545,
            -0.1274724304676056
        ],
        [
            0.15715399384498596,
            -0.8785885572433472,
            -0.12301599234342575
        ],
        [
            0.1593763679265976,
            -0.8808201551437378,
            -0.12287755310535431
        ],
        [
            0.15410591661930084,
            -0.883070707321167,
            -0.12560780346393585
        ],
        [
            0.15319667756557465,
            -0.8803396224975586,
            -0.12505576014518738
        ],
        [
            0.1704254299402237,
            -0.8678332567214966,
            -0.10941827297210693
        ],
        [
            0.16566665470600128,
            -0.8707993030548096,
            -0.11352206766605377
        ],
        [
            0.16545753180980682,
            -0.8668094873428345,
            -0.11222000420093536
        ],
        [
            0.1708461344242096,
            -0.8608864545822144,
            -0.10915227234363556
        ],
        [
            0.15595713257789612,
            -0.8612000942230225,
            -0.11877791583538055
        ],
        [
            0.16071346402168274,
            -0.8614184260368347,
            -0.11588016152381897
        ],
        [
            0.15801842510700226,
            -0.8689566850662231,
            -0.11802057176828384
        ],
        [
            0.15459735691547394,
            -0.8688169717788696,
            -0.12021540105342865
        ],
        [
            0.150642529129982,
            -0.869208574295044,
            -0.12188553810119629
        ],
        [
            0.14641785621643066,
            -0.8700498342514038,
            -0.12262327969074249
        ],
        [
            0.1456676870584488,
            -0.8647245764732361,
            -0.1223483458161354
        ],
        [
            0.15065352618694305,
            -0.8626999855041504,
            -0.12106674909591675
        ],
        [
            0.1478283554315567,
            -0.8856008052825928,
            -0.12625816464424133
        ],
        [
            0.14070522785186768,
            -0.8861207962036133,
            -0.1251521110534668
        ],
        [
            0.14149540662765503,
            -0.8828649520874023,
            -0.12485705316066742
        ],
        [
            0.14753234386444092,
            -0.8822681903839111,
            -0.12610621750354767
        ],
        [
            0.13090072572231293,
            -0.8780420422554016,
            -0.11885083466768265
        ],
        [
            0.1324560046195984,
            -0.8803319931030273,
            -0.11995410919189453
        ],
        [
            0.12917670607566833,
            -0.8824270963668823,
            -0.12078328430652618
        ],
        [
            0.1275133490562439,
            -0.8780994415283203,
            -0.11996853351593018
        ],
        [
            0.12913508713245392,
            -0.8746767044067383,
            -0.12038115411996841
        ],
        [
            0.1317651867866516,
            -0.8761444091796875,
            -0.11947856843471527
        ],
        [
            0.1629020869731903,
            -0.9412193298339844,
            -0.11805844306945801
        ],
        [
            0.1535896211862564,
            -0.9262800216674805,
            -0.1269492655992508
        ],
        [
            0.17747703194618225,
            -0.9305083155632019,
            -0.10781686753034592
        ],
        [
            0.18588508665561676,
            -0.917718231678009,
            -0.09841404855251312
        ],
        [
            0.19153441488742828,
            -0.9022432565689087,
            -0.09040726721286774
        ],
        [
            0.15518517792224884,
            -0.8071094751358032,
            -0.10964782536029816
        ],
        [
            0.15534991025924683,
            -0.7975986003875732,
            -0.10380637645721436
        ],
        [
            0.1652517318725586,
            -0.8024805784225464,
            -0.09253586828708649
        ],
        [
            0.16195973753929138,
            -0.7923674583435059,
            -0.08733247220516205
        ],
        [
            0.1521052122116089,
            -0.7875316143035889,
            -0.09974680840969086
        ],
        [
            0.13633710145950317,
            -0.7716708779335022,
            -0.09557436406612396
        ],
        [
            0.14575767517089844,
            -0.7782745957374573,
            -0.09701874852180481
        ],
        [
            0.1559387743473053,
            -0.7830933332443237,
            -0.08100119233131409
        ],
        [
            0.1666475236415863,
            -0.7929942607879639,
            -0.06635113060474396
        ],
        [
            0.1703227162361145,
            -0.799983024597168,
            -0.07533390820026398
        ],
        [
            0.1746300756931305,
            -0.8066734075546265,
            -0.05380835384130478
        ],
        [
            0.16200374066829681,
            -0.7860237956047058,
            -0.05365867167711258
        ],
        [
            0.172566756606102,
            -0.8056859970092773,
            -0.04467932507395744
        ],
        [
            0.14175903797149658,
            -0.752328634262085,
            -0.05436637997627258
        ],
        [
            0.14264579117298126,
            -0.7402867674827576,
            -0.049064844846725464
        ],
        [
            0.15473265945911407,
            -0.745368480682373,
            -0.03621780499815941
        ],
        [
            0.15517616271972656,
            -0.756938099861145,
            -0.04171968251466751
        ],
        [
            0.17221170663833618,
            -0.8085557818412781,
            -0.08334022015333176
        ],
        [
            0.1870279312133789,
            -0.8706900477409363,
            -0.08821357786655426
        ],
        [
            0.18165139853954315,
            -0.8720325231552124,
            -0.09908901154994965
        ],
        [
            0.1866292804479599,
            -0.8575153350830078,
            -0.08561194688081741
        ],
        [
            0.2031579166650772,
            -0.9267997741699219,
            -0.06778770685195923
        ],
        [
            0.19598650932312012,
            -0.9245407581329346,
            -0.08484186232089996
        ],
        [
            0.19979482889175415,
            -0.9075745344161987,
            -0.0791797786951065
        ],
        [
            0.20688283443450928,
            -0.9118908643722534,
            -0.06390226632356644
        ],
        [
            0.18199415504932404,
            -0.9660252332687378,
            -0.07201607525348663
        ],
        [
            0.17482563853263855,
            -0.95625901222229,
            -0.09705175459384918
        ],
        [
            0.185112863779068,
            -0.9419010877609253,
            -0.09135163575410843
        ],
        [
            0.19269967079162598,
            -0.9491667747497559,
            -0.07147403806447983
        ],
        [
            0.2103714942932129,
            -0.9122046232223511,
            -0.05080509930849075
        ],
        [
            0.21327656507492065,
            -0.9120317697525024,
            -0.032434042543172836
        ],
        [
            0.21313995122909546,
            -0.9280639886856079,
            -0.02476651221513748
        ],
        [
            0.20874445140361786,
            -0.9300565719604492,
            -0.04677997902035713
        ],
        [
            0.20585379004478455,
            -0.9493959546089172,
            -0.015920810401439667
        ],
        [
            0.20088976621627808,
            -0.9522840976715088,
            -0.04301128536462784
        ],
        [
            0.16932451725006104,
            -0.7924070358276367,
            -0.033315952867269516
        ],
        [
            0.1745319366455078,
            -0.809842586517334,
            -0.031616926193237305
        ],
        [
            0.15577995777130127,
            -0.7709753513336182,
            -0.048757608979940414
        ],
        [
            0.16516655683517456,
            -0.776695728302002,
            -0.032519955188035965
        ],
        [
            0.1914372593164444,
            -0.9670925140380859,
            -0.008216291666030884
        ],
        [
            0.18700048327445984,
            -0.9717345237731934,
            -0.04024489223957062
        ],
        [
            0.20389559864997864,
            -0.8894040584564209,
            0.01665022224187851
        ],
        [
            0.20931917428970337,
            -0.9067107439041138,
            0.008837051689624786
        ],
        [
            0.21103428304195404,
            -0.8940141797065735,
            -0.007770940661430359
        ],
        [
            0.2063479870557785,
            -0.8795225620269775,
            0.0017825961112976074
        ],
        [
            0.1969223916530609,
