{
    "pred_cam": [
        1.1838364601135254,
        -0.014066917821764946,
        0.18937388062477112
    ],
    "pred_smpl_params": {
        "global_orient": [
            [
                [
                    0.983630895614624,
                    0.17067815363407135,
                    0.05778595432639122
                ],
                [
                    0.1720179319381714,
                    -0.9849100708961487,
                    -0.019027601927518845
                ],
                [
                    0.0536663681268692,
                    0.028656357899308205,
                    -0.9981476664543152
                ]
            ]
        ],
        "body_pose": [
            [
                [
                    0.9990905523300171,
                    0.02535161003470421,
                    -0.03428291156888008
                ],
                [
                    -0.01543539296835661,
                    0.9645516276359558,
                    0.2634424865245819
                ],
                [
                    0.039746325463056564,
                    -0.2626737356185913,
                    0.9640657305717468
                ]
            ],
            [
                [
                    0.9994474649429321,
                    -0.0073896110989153385,
                    0.032404061406850815
                ],
                [
                    0.00038558890810236335,
                    0.9774819016456604,
                    0.21101894974708557
                ],
                [
                    -0.03323373943567276,
                    -0.21088989078998566,
                    0.9769446849822998
                ]
            ],
            [
                [
                    0.9989240169525146,
                    0.0395236536860466,
                    0.02426399663090706
                ],
                [
                    -0.034591227769851685,
                    0.9834485650062561,
                    -0.17785488069057465
                ],
                [
                    -0.030891867354512215,
                    0.1768241822719574,
                    0.9837575554847717
                ]
            ],
            [
                [
                    0.9929925203323364,
                    0.005138350185006857,
                    -0.11806569993495941
                ],
                [
                    -0.10363732278347015,
                    0.5179653763771057,
                    -0.8491002917289734
                ],
                [
                    0.05679098889231682,
                    0.8553861975669861,
                    0.5148682594299316
                ]
            ],
            [
                [
                    0.988631546497345,
                    -0.061980877071619034,
                    0.1369895488023758
                ],
                [
                    0.13673242926597595,
                    0.7495921850204468,
                    -0.6476232409477234
                ],
                [
                    -0.06254604458808899,
                    0.6589916348457336,
                    0.7495452761650085
                ]
            ],
            [
                [
                    0.9994672536849976,
                    -0.010640641674399376,
                    0.030852653086185455
                ],
                [
                    0.009270639158785343,
                    0.9989791512489319,
                    0.044212739914655685
                ],
                [
                    -0.03129160776734352,
                    -0.0439031682908535,
                    0.9985455870628357
                ]
            ],
            [
                [
                    0.9808838367462158,
                    -0.0009252369636669755,
                    0.19459177553653717
                ],
                [
                    -0.023617945611476898,
                    0.9920299649238586,
                    0.12376873940229416
                ],
                [
                    -0.1931554079055786,
                    -0.1259986311197281,
                    0.9730442762374878
                ]
            ],
            [
                [
                    0.9824621677398682,
                    -0.011309235356748104,
                    -0.18611888587474823
                ],
                [
                    0.012730147689580917,
                    0.9998982548713684,
                    0.006441093049943447
                ],
                [
                    0.18602709472179413,
                    -0.008697452023625374,
                    0.9825061559677124
                ]
            ],
            [
                [
                    0.9997144341468811,
                    -0.017739033326506615,
                    0.016012277454137802
                ],
                [
                    0.018682271242141724,
                    0.9979739785194397,
                    -0.060818299651145935
                ],
                [
                    -0.014900979585945606,
                    0.061100076884031296,
                    0.9980204105377197
                ]
            ],
            [
                [
                    0.9906715154647827,
                    -0.08663108944892883,
                    -0.10519027709960938
                ],
                [
                    0.10102175921201706,
                    0.9849501252174377,
                    0.14024171233177185
                ],
                [
                    0.09145789593458176,
                    -0.14955997467041016,
                    0.9845136404037476
                ]
            ],
            [
                [
                    0.9925662875175476,
                    0.12166129797697067,
                    0.003264464670792222
                ],
                [
                    -0.11992529034614563,
                    0.9731286764144897,
                    0.19656646251678467
                ],
                [
                    0.020737789571285248,
                    -0.19549673795700073,
                    0.9804849624633789
                ]
            ],
            [
                [
                    0.9883475303649902,
                    0.04572276398539543,
                    -0.14518427848815918
                ],
                [
                    -0.019375555217266083,
                    0.9838500022888184,
                    0.177943155169487
                ],
                [
                    0.15097561478614807,
                    -0.1730566769838333,
                    0.9732716083526611
                ]
            ],
            [
                [
                    0.9053502082824707,
                    0.4243420958518982,
                    -0.01657533459365368
                ],
                [
                    -0.4246632158756256,
                    0.9045212268829346,
                    -0.038763463497161865
                ],
                [
                    -0.0014562292490154505,
                    0.04213344678282738,
                    0.9991109371185303
                ]
            ],
            [
                [
                    0.8999971747398376,
                    -0.4348454475402832,
                    0.030241241678595543
                ],
                [
                    0.43575814366340637,
                    0.8992883563041687,
                    -0.03735332936048508
                ],
                [
                    -0.010952671058475971,
                    0.04679575562477112,
                    0.9988444447517395
                ]
            ],
            [
                [
                    0.9941304922103882,
                    -0.017313679680228233,
                    -0.10679314285516739
                ],
                [
                    0.00495842145755887,
                    0.9933658242225647,
                    -0.11489038914442062
                ],
                [
                    0.10807383060455322,
                    0.11368651688098907,
                    0.9876211285591125
                ]
            ],
            [
                [
                    0.4835330843925476,
                    0.8386422395706177,
                    -0.25074875354766846
                ],
                [
                    -0.8732249736785889,
                    0.48199328780174255,
                    -0.07183773070573807
                ],
                [
                    0.06061306223273277,
                    0.2536959946155548,
                    0.9653830528259277
                ]
            ],
            [
                [
                    0.5264638662338257,
                    -0.8214626312255859,
                    0.2191687971353531
                ],
                [
                    0.8480284810066223,
                    0.525775134563446,
                    -0.0663946345448494
                ],
                [
                    -0.06069280207157135,
                    0.2208157330751419,
                    0.9734252691268921
                ]
            ],
            [
                [
                    0.8988370299339294,
                    -0.1346522569656372,
                    -0.417086124420166
                ],
                [
                    0.06421825289726257,
                    0.9818273782730103,
                    -0.17858067154884338
                ],
                [
                    0.4335528314113617,
                    0.13373036682605743,
                    0.8911499381065369
                ]
            ],
            [
                [
                    0.8958273530006409,
                    0.12782664597034454,
                    0.4256214201450348
                ],
                [
                    -0.04410070553421974,
                    0.9785824418067932,
                    -0.20107604563236237
                ],
                [
                    -0.44220849871635437,
                    0.16135922074317932,
                    0.8822781443595886
                ]
            ],
            [
                [
                    0.9989221096038818,
                    0.032306008040905,
                    0.03333036229014397
                ],
                [
                    -0.031125709414482117,
                    0.9988903999328613,
                    -0.03534325957298279
                ],
                [
                    -0.03443517908453941,
                    0.03426773101091385,
                    0.9988192319869995
                ]
            ],
            [
                [
                    0.9987006187438965,
                    -0.013391363434493542,
                    -0.0491710901260376
                ],
                [
                    0.00913117453455925,
                    0.9962649941444397,
                    -0.08586390316486359
                ],
                [
                    0.05013727396726608,
                    0.08530333638191223,
                    0.9950927495956421
                ]
            ],
            [
                [
                    0.964785635471344,
                    0.23249725997447968,
                    -0.12301881611347198
                ],
                [
                    -0.21403279900550842,
                    0.9657565355300903,
                    0.14664390683174133
                ],
                [
                    0.15290050208568573,
                    -0.11514987796545029,
                    0.9815101027488708
                ]
            ],
            [
                [
                    0.9702552556991577,
                    -0.2338906228542328,
                    0.062449902296066284
                ],
                [
                    0.21711105108261108,
                    0.9548253417015076,
                    0.20290721952915192
                ],
                [
                    -0.10708683729171753,
                    -0.18331322073936462,
                    0.9772045612335205
                ]
            ]
        ],
        "betas": [
            -0.0018760710954666138,
            -0.0005026161670684814,
            -0.012708902359008789,
            0.2546115815639496,
            0.012644469738006592,
            0.0682973563671112,
            -0.009245574474334717,
            -0.06585711240768433,
            0.09596014767885208,
            -0.07534348964691162
        ]
    },
    "pred_cam_t": [
        -0.014066917821764946,
        0.18937388062477112,
        32.99653244018555
    ],
    "focal_length": [
        5000.0,
        5000.0
    ],
    "pred_keypoints_3d": [
        [
            0.10902152955532074,
            -0.8459030985832214,
            -0.14448663592338562
        ],
        [
            0.09689842164516449,
            -0.727988064289093,
            0.011627472937107086
        ],
        [
            -0.10022468119859695,
            -0.6551379561424255,
            0.009398717433214188
        ],
        [
            -0.16908060014247894,
            -0.4169394373893738,
            0.06568218767642975
        ],
        [
            -0.21622280776500702,
            -0.1786288619041443,
            -0.012284398078918457
        ],
        [
            0.2505486011505127,
            -0.5973263382911682,
            0.05044693499803543
        ],
        [
            0.2107803076505661,
            -0.34871548414230347,
            0.11820708960294724
        ],
        [
            0.1881009042263031,
            -0.1121862530708313,
            0.04265239089727402
        ],
        [
            -0.002036853926256299,
            -0.22579748928546906,
            0.027754418551921844
        ],
        [
            -0.08355943858623505,
            -0.14815720915794373,
            0.02611720934510231
        ],
        [
            -0.17804336547851562,
            0.21271193027496338,
            -0.059778448194265366
        ],
        [
            -0.2200314849615097,
            0.5404642820358276,
            0.16355371475219727
        ],
        [
            0.04951988533139229,
            -0.12382622808218002,
            0.035820238292217255
        ],
        [
            0.017936263233423233,
            0.23460602760314941,
            -0.06873812526464462
        ],
        [
            -0.04587775841355324,
            0.4921557307243347,
            0.22859662771224976
        ],
        [
            0.08910421282052994,
            -0.8893146514892578,
            -0.10463878512382507
        ],
        [
            0.15362656116485596,
            -0.8766047358512878,
            -0.11497492343187332
        ],
        [
            0.05914472043514252,
            -0.8752133250236511,
            -0.006259497255086899
        ],
        [
            0.20161369442939758,
            -0.8469282388687134,
            -0.028694460168480873
        ],
        [
            -0.07015197724103928,
            0.6411976218223572,
            0.10159221291542053
        ],
        [
            0.00010887905955314636,
            0.6332703828811646,
            0.14682748913764954
        ],
        [
            -0.03932955488562584,
            0.4859558343887329,
            0.2987084686756134
        ],
        [
            -0.22230622172355652,
            0.670673131942749,
            0.012670069932937622
        ],
        [
            -0.2946202754974365,
            0.6457127332687378,
            0.054149746894836426
        ],
        [
            -0.2304999828338623,
            0.5530640482902527,
            0.2352154552936554
        ],
        [
            -0.23657837510108948,
            0.48219096660614014,
            0.16222012042999268
        ],
        [
            -0.16459190845489502,
            0.1516890823841095,
            -0.05714626610279083
        ],
        [
            -0.1406189501285553,
            -0.2834974527359009,
            0.03143687546253204
        ],
        [
            0.14337004721164703,
            -0.2164025604724884,
            0.061157092452049255
        ],
        [
            0.03516378626227379,
            0.19998452067375183,
            -0.06677674502134323
        ],
        [
            -0.028240598738193512,
            0.452425479888916,
            0.22624993324279785
        ],
        [
            -0.1963178813457489,
            -0.20088046789169312,
            -0.03254508972167969
        ],
        [
            -0.1907225251197815,
            -0.43697404861450195,
            0.037723056972026825
        ],
        [
            -0.05982235074043274,
            -0.6848098635673523,
            0.012908056378364563
        ],
        [
            0.22653771936893463,
            -0.6365435719490051,
            0.04861011356115341
        ],
        [
            0.2505939304828644,
            -0.3608883023262024,
            0.08738144487142563
        ],
        [
            0.19590593874454498,
            -0.1281038522720337,
            0.03199224919080734
        ],
        [
            0.09729737788438797,
            -0.7159806489944458,
            0.0110746705904603
        ],
        [
            0.14258643984794617,
            -0.9135657548904419,
            -0.03055473044514656
        ],
        [
            0.0019332048250362277,
            -0.2500725984573364,
            0.046477530151605606
        ],
        [
            0.08247573673725128,
            -0.6596556901931763,
            0.026555465534329414
        ],
        [
            0.04903728514909744,
            -0.4900396466255188,
            0.05058262497186661
        ],
        [
            0.12012909352779388,
            -0.8103359341621399,
            -0.0719049945473671
        ],
        [
            0.14273090660572052,
            -0.932437539100647,
            -0.019551729783415794
        ]
    ],
    "pred_vertices": [
        [
            0.17434699833393097,
            -0.9191228151321411,
            -0.11358104646205902
        ],
        [
            0.16481080651283264,
            -0.9071624279022217,
            -0.11988978087902069
        ],
        [
            0.17573398351669312,
            -0.9007171392440796,
            -0.11325360834598541
        ],
        [
            0.18482135236263275,
            -0.9090540409088135,
            -0.10383342951536179
        ],
        [
            0.16937410831451416,
            -0.8932385444641113,
            -0.11879467219114304
        ],
        [
            0.15909123420715332,
            -0.8973196148872375,
            -0.12398866564035416
        ],
        [
            0.18240387737751007,
            -0.8924410343170166,
            -0.10422512888908386
        ],
        [
            0.19029974937438965,
            -0.8969976902008057,
            -0.0941573828458786
        ],
        [
            0.18199890851974487,
            -0.8555804491043091,
            -0.09638698399066925
        ],
        [
            0.1859492063522339,
            -0.8493795394897461,
            -0.08790311962366104
        ],
        [
            0.18831215798854828,
            -0.8610749244689941,
            -0.08859910070896149
        ],
        [
            0.18255674839019775,
            -0.864333987236023,
            -0.09652774035930634
        ],
        [
            0.17627084255218506,
            -0.8297714591026306,
            -0.09464914351701736
        ],
        [
            0.1674070805311203,
            -0.8229675889015198,
            -0.10268978774547577
        ],
        [
            0.16894105076789856,
            -0.8125864267349243,
            -0.09397818148136139
        ],
        [
            0.17659230530261993,
            -0.819162130355835,
            -0.08502334356307983
        ],
        [
            0.13601957261562347,
            -0.8457499146461487,
            -0.12066501379013062
        ],
        [
            0.1401650607585907,
            -0.8380945324897766,
            -0.12076330184936523
        ],
        [
            0.14531421661376953,
            -0.8437411189079285,
            -0.11986443400382996
        ],
        [
            0.14036472141742706,
            -0.8507540225982666,
            -0.11949033290147781
        ],
        [
            0.12832361459732056,
            -0.8576617240905762,
            -0.12496364116668701
        ],
        [
            0.13084082305431366,
            -0.862474799156189,
            -0.12134489417076111
        ],
        [
            0.12644103169441223,
            -0.8677799701690674,
            -0.12550634145736694
        ],
        [
            0.12450429797172546,
            -0.8621833324432373,
            -0.1303737908601761
        ],
        [
            0.1296880841255188,
            -0.8417133092880249,
            -0.12056489288806915
        ],
        [
            0.1342795193195343,
            -0.8336864709854126,
            -0.12041369825601578
        ],
        [
            0.13242927193641663,
            -0.8524736166000366,
            -0.12129032611846924
        ],
        [
            0.12938539683818817,
            -0.8485400676727295,
            -0.12366770207881927
        ],
        [
            0.12419359385967255,
            -0.8443543910980225,
            -0.13412462174892426
        ],
        [
            0.12676793336868286,
            -0.8484832048416138,
            -0.13247092068195343
        ],
        [
            0.12292228639125824,
            -0.8510323762893677,
            -0.13885734975337982
        ],
        [
            0.12064558267593384,
            -0.8458237648010254,
            -0.13842934370040894
        ],
        [
            0.1276005208492279,
            -0.8421410322189331,
            -0.12525686621665955
        ],
        [
            0.12843769788742065,
            -0.8451656103134155,
            -0.12795542180538177
        ],
        [
            0.12509766221046448,
            -0.8422556519508362,
            -0.13025973737239838
        ],
        [
            0.12365694344043732,
            -0.8401020765304565,
            -0.12699973583221436
        ],
        [
            0.12653063237667084,
            -0.8539450168609619,
            -0.12818661332130432
        ],
        [
            0.12336543947458267,
            -0.8571484088897705,
            -0.13463059067726135
        ],
        [
            0.11915596574544907,
            -0.8601534366607666,
            -0.1411101222038269
        ],
        [
            0.11800714582204819,
            -0.8521308898925781,
            -0.14520636200904846
        ],
        [
            0.14871343970298767,
            -0.8218371868133545,
            -0.116431824862957
        ],
        [
            0.14473631978034973,
            -0.8301960229873657,
            -0.11973614245653152
        ],
        [
            0.13883791863918304,
            -0.8262965679168701,
            -0.11979462951421738
        ],
        [
            0.14265534281730652,
            -0.819585919380188,
            -0.11776295304298401
        ],
        [
            0.12459156662225723,
            -0.8363491296768188,
            -0.12391330301761627
        ],
        [
            0.12504644691944122,
            -0.8198011517524719,
            -0.12557685375213623
        ],
        [
            0.12606428563594818,
            -0.8235743641853333,
            -0.12564533948898315
        ],
        [
            0.11996269226074219,
            -0.8260403871536255,
            -0.12885801494121552
        ],
        [
            0.11965814232826233,
            -0.8223670125007629,
            -0.12872731685638428
        ],
        [
            0.1514604389667511,
            -0.805814266204834,
            -0.10885998606681824
        ],
        [
            0.1453392058610916,
            -0.8063111901283264,
            -0.11293770372867584
        ],
        [
            0.14465174078941345,
            -0.7991279363632202,
            -0.11062856763601303
        ],
        [
            0.150092214345932,
            -0.7972925901412964,
            -0.1052752286195755
        ],
        [
            0.14156976342201233,
            -0.7936493754386902,
            -0.10955402255058289
        ],
        [
            0.1477554887533188,
            -0.7894063591957092,
            -0.10223069787025452
        ],
        [
            0.1363048553466797,
            -0.7772389650344849,
            -0.10205931961536407
        ],
        [
            0.14206881821155548,
            -0.7824485898017883,
            -0.10187628865242004
        ],
        [
            0.13672396540641785,
            -0.7889033555984497,
            -0.10991166532039642
        ],
        [
            0.13028937578201294,
            -0.7851818799972534,
            -0.11277639865875244
        ],
        [
            0.11844013631343842,
            -0.7931177020072937,
            -0.12004386633634567
        ],
        [
            0.11221712827682495,
            -0.7932615280151367,
            -0.12231649458408356
        ],
        [
            0.11464294791221619,
            -0.7802104353904724,
            -0.1211419403553009
        ],
        [
            0.12210305035114288,
            -0.7818974256515503,
            -0.11743542551994324
        ],
        [
            0.12401560693979263,
            -0.8138819932937622,
            -0.12137171626091003
        ],
        [
            0.1280861794948578,
            -0.8129339814186096,
            -0.11892002075910568
        ],
        [
            0.12842561304569244,
            -0.8145550489425659,
            -0.12118068337440491
        ],
        [
            0.12437266856431961,
            -0.8167234063148499,
            -0.1240469217300415
        ],
        [
            0.13165968656539917,
            -0.811808705329895,
            -0.117380790412426
        ],
        [
            0.13324210047721863,
            -0.8111796975135803,
            -0.11680366098880768
        ],
        [
            0.13318538665771484,
            -0.8126035928726196,
            -0.11798243969678879
        ],
        [
            0.13163131475448608,
            -0.8127266764640808,
            -0.11801829934120178
        ],
        [
            0.12962846457958221,
            -0.8128007650375366,
            -0.11843661963939667
        ],
        [
            0.1282343864440918,
            -0.811116635799408,
            -0.11881017684936523
        ],
        [
            0.13063392043113708,
            -0.8112169504165649,
            -0.11781422793865204
        ],
        [
            0.12437013536691666,
            -0.8112305402755737,
            -0.12130041420459747
        ],
        [
            0.11103200912475586,
            -0.8118718862533569,
            -0.12815402448177338
        ],
        [
            0.11501091718673706,
            -0.8116272687911987,
            -0.12696988880634308
        ],
        [
            0.11458230018615723,
            -0.8162261247634888,
            -0.1257563829421997
        ],
        [
            0.11124155670404434,
            -0.8167130947113037,
            -0.12668398022651672
        ],
        [
            0.13172754645347595,
            -0.8148292899131775,
            -0.1196664571762085
        ],
        [
            0.13459286093711853,
            -0.8159034252166748,
            -0.11926780641078949
        ],
        [
            0.13123594224452972,
            -0.8196292519569397,
            -0.12224745005369186
        ],
        [
            0.12959599494934082,
            -0.8170855045318604,
            -0.12166817486286163
        ],
        [
            0.13763035833835602,
            -0.817274808883667,
            -0.11920034885406494
        ],
        [
            0.1356893628835678,
            -0.813269317150116,
            -0.11753688752651215
        ],
        [
            0.1388770490884781,
            -0.8131415247917175,
            -0.11710929125547409
        ],
        [
            0.1323801577091217,
            -0.8095318675041199,
            -0.11681336164474487
        ],
        [
            0.134773388504982,
            -0.8072181940078735,
            -0.11566708236932755
        ],
        [
            0.13575318455696106,
            -0.8098119497299194,
            -0.1166100949048996
        ],
        [
            0.1321621835231781,
            -0.8044512271881104,
            -0.11601763963699341
        ],
        [
            0.1295345276594162,
            -0.8082457780838013,
            -0.11770674586296082
        ],
        [
            0.12550708651542664,
            -0.8073647022247314,
            -0.12019401788711548
        ],
        [
            0.12043198198080063,
            -0.806942343711853,
            -0.12338239699602127
        ],
        [
            0.12213088572025299,
            -0.8014532327651978,
            -0.12073606997728348
        ],
        [
            0.1277477741241455,
            -0.8024879693984985,
            -0.11799047142267227
        ],
        [
            0.13404086232185364,
            -0.8228069543838501,
            -0.12142002582550049
        ],
        [
            0.13987313210964203,
            -0.8081953525543213,
            -0.11509636789560318
        ],
        [
            0.1445746123790741,
            -0.8137595653533936,
            -0.11511552333831787
        ],
        [
            0.1389089822769165,
            -0.8033813238143921,
            -0.11415483057498932
        ],
        [
            0.13607880473136902,
            -0.7993424534797668,
            -0.1137624979019165
        ],
        [
            0.13137578964233398,
            -0.7961562871932983,
            -0.11478284001350403
        ],
        [
            0.12500177323818207,
            -0.794338047504425,
            -0.11743120849132538
        ],
        [
            0.11660446226596832,
            -0.7703200578689575,
            -0.11009372770786285
        ],
        [
            0.12605901062488556,
            -0.7729949951171875,
            -0.10669736564159393
        ],
        [
            0.15578067302703857,
            -0.8904546499252319,
            -0.12133519351482391
        ],
        [
            0.16426129639148712,
            -0.8874194622039795,
            -0.11969979107379913
        ],
        [
            0.16350989043712616,
            -0.8794819116592407,
            -0.11524388939142227
        ],
        [
            0.1658104956150055,
            -0.8816683292388916,
            -0.1150972843170166
        ],
        [
            0.16058136522769928,
            -0.8840368986129761,
            -0.1178494542837143
        ],
        [
            0.15960463881492615,
            -0.8813486099243164,
            -0.11728927493095398
        ],
        [
            0.1764870285987854,
            -0.8683352470397949,
            -0.10166366398334503
        ],
        [
            0.17180374264717102,
            -0.8714407682418823,
            -0.10576319694519043
        ],
        [
            0.1714993417263031,
            -0.867449164390564,
            -0.10447334498167038
        ],
        [
            0.17675243318080902,
            -0.8613859415054321,
            -0.10142333805561066
        ],
        [
            0.1619010716676712,
            -0.8620935678482056,
            -0.11112283915281296
        ],
        [
            0.16665253043174744,
            -0.8621827363967896,
            -0.10819292068481445
        ],
        [
            0.16414496302604675,
            -0.8697954416275024,
            -0.1103144958615303
        ],
        [
            0.1607249230146408,
            -0.8697497844696045,
            -0.11253267526626587
        ],
        [
            0.1567840576171875,
            -0.8702468872070312,
            -0.11422731727361679
        ],
        [
            0.15258148312568665,
            -0.8711966276168823,
            -0.11497002840042114
        ],
        [
            0.15169444680213928,
            -0.8658838868141174,
            -0.1147264912724495
        ],
        [
            0.15663202106952667,
            -0.8637304306030273,
            -0.11343348026275635
        ],
        [
            0.15436995029449463,
            -0.8867242336273193,
            -0.11852526664733887
        ],
        [
            0.14725860953330994,
            -0.8874192237854004,
            -0.11743628233671188
        ],
        [
            0.14797329902648926,
            -0.8841493129730225,
            -0.11715711653232574
        ],
        [
            0.15399575233459473,
            -0.8834116458892822,
            -0.11838234215974808
        ],
        [
            0.13722354173660278,
            -0.8795689344406128,
            -0.11122868955135345
        ],
        [
            0.13884294033050537,
            -0.8818327188491821,
            -0.11230214685201645
        ],
        [
            0.13561032712459564,
            -0.8840212821960449,
            -0.11313419044017792
        ],
        [
            0.13383929431438446,
            -0.8797107934951782,
            -0.11236221343278885
        ],
        [
            0.13537046313285828,
            -0.8762462139129639,
            -0.11278663575649261
        ],
        [
            0.13803604245185852,
            -0.8776489496231079,
            -0.11186949908733368
        ],
        [
            0.17081531882286072,
            -0.9418097734451294,
            -0.11006666719913483
        ],
        [
            0.16115917265415192,
            -0.9271259903907776,
            -0.1189856082201004
        ],
        [
            0.18507234752178192,
            -0.9307210445404053,
            -0.09986108541488647
        ],
        [
            0.1931397020816803,
            -0.9176878929138184,
            -0.09044148027896881
        ],
        [
            0.19835641980171204,
            -0.9020886421203613,
            -0.0823906660079956
        ],
        [
            0.159856915473938,
            -0.8080066442489624,
            -0.10227438807487488
        ],
        [
            0.15978199243545532,
            -0.7984530925750732,
            -0.09647731482982635
        ],
        [
            0.16975614428520203,
            -0.8030329942703247,
            -0.08513301610946655
        ],
        [
            0.1661938726902008,
            -0.7929697036743164,
            -0.07998776435852051
        ],
        [
            0.15628260374069214,
            -0.7884337902069092,
            -0.09245923906564713
        ],
        [
            0.14014120399951935,
            -0.7729341983795166,
            -0.08842694759368896
        ],
        [
            0.14970950782299042,
            -0.7793205976486206,
            -0.08978967368602753
        ],
        [
            0.1599184274673462,
            -0.7838020920753479,
            -0.07369650900363922
        ],
        [
            0.17078430950641632,
            -0.793371319770813,
            -0.05895911902189255
        ],
        [
            0.17469753324985504,
            -0.800307035446167,
            -0.06790797412395477
        ],
        [
            0.17899459600448608,
            -0.8068075776100159,
            -0.04630591347813606
        ],
        [
            0.1658788025379181,
            -0.7864855527877808,
            -0.04625316709280014
        ],
        [
            0.17684897780418396,
            -0.8058280944824219,
            -0.037160977721214294
        ],
        [
            0.14492319524288177,
            -0.753311812877655,
            -0.04713007062673569
        ],
        [
            0.14553771913051605,
            -0.7412666082382202,
            -0.04183400794863701
        ],
        [
            0.15758411586284637,
            -0.7460199594497681,
            -0.028822362422943115
        ],
        [
            0.15831226110458374,
            -0.7575676441192627,
            -0.03432966023683548
        ],
        [
            0.17681002616882324,
            -0.8089005947113037,
            -0.0758841335773468
        ],
        [
            0.19304820895195007,
            -0.8707155585289001,
            -0.08032949268817902
        ],
        [
            0.1877990961074829,
            -0.8722019195556641,
            -0.09122635424137115
        ],
        [
            0.1923336386680603,
            -0.8574996590614319,
            -0.07781565189361572
        ],
        [
            0.21043407917022705,
            -0.9262495636940002,
            -0.05966559424996376
        ],
        [
            0.2032758593559265,
            -0.9242570996284485,
            -0.07670469582080841
        ],
        [
            0.2066909670829773,
            -0.9071519374847412,
            -0.07112771272659302
        ],
        [
            0.2137914001941681,
            -0.9112427234649658,
            -0.0557844452559948
        ],
        [
            0.1902274787425995,
            -0.9659909009933472,
            -0.06381414085626602
        ],
        [
            0.18295621871948242,
            -0.9565057158470154,
            -0.08891038596630096
        ],
        [
            0.19282667338848114,
            -0.9418526291847229,
            -0.08321674168109894
        ],
        [
            0.2005181908607483,
            -0.9488825798034668,
            -0.06327829509973526
        ],
        [
            0.21720072627067566,
            -0.9114133715629578,
            -0.0427192747592926
        ],
        [
            0.22004756331443787,
            -0.9110658168792725,
            -0.02429608255624771
        ],
        [
            0.22031500935554504,
            -0.9270786046981812,
            -0.01659470796585083
        ],
        [
            0.2159923017024994,
            -0.9292616248130798,
            -0.038649674504995346
        ],
        [
            0.21344196796417236,
            -0.948555588722229,
            -0.007700406014919281
        ],
        [
            0.20868037641048431,
            -0.9516680240631104,
            -0.0348055474460125
        ],
        [
            0.1732000857591629,
            -0.7925917506217957,
            -0.025820687413215637
        ],
        [
            0.17879384756088257,
            -0.8098609447479248,
            -0.02405592054128647
        ],
        [
            0.1592809110879898,
            -0.7715926170349121,
            -0.04139584302902222
        ],
        [
            0.1686607450246811,
            -0.7770229578018188,
            -0.025055531412363052
        ],
        [
            0.1994422972202301,
            -0.9665839672088623,
            3.909692168235779e-05
        ],
        [
            0.19525068998336792,
            -0.9714611768722534,
            -0.032025571912527084
        ],
        [
            0.2098550796508789,
            -0.8884279727935791,
            0.024635642766952515
        ],
        [
            0.21578148007392883,
            -0.9056414365768433,
            0.016894526779651642
        ],
        [
            0.21719735860824585,
            -0.8930071592330933,
            0.0002700686454772949
        ],
        [
            0.21212337911128998,
            -0.8785731792449951,
            0.009713895618915558
        ],
        [
