{
    "pred_cam": [
        1.425333857536316,
        0.14538735151290894,
        0.29218029975891113
    ],
    "pred_smpl_params": {
        "global_orient": [
            [
                [
                    -0.5945897698402405,
                    0.11193989217281342,
                    -0.7961987257003784
                ],
                [
                    0.22493331134319305,
                    -0.92756187915802,
                    -0.2983855903148651
                ],
                [
                    -0.7719248533248901,
                    -0.35650867223739624,
                    0.5263397693634033
                ]
            ]
        ],
        "body_pose": [
            [
                [
                    0.9975078701972961,
                    0.05259277671575546,
                    0.04703240096569061
                ],
                [
                    -0.06086714565753937,
                    0.9785817265510559,
                    0.19665423035621643
                ],
                [
                    -0.03568246215581894,
                    -0.19902686774730682,
                    0.9793441295623779
                ]
            ],
            [
                [
                    0.9855191707611084,
                    0.14251111447811127,
                    -0.09188276529312134
                ],
                [
                    -0.12790100276470184,
                    0.980534553527832,
                    0.14897418022155762
                ],
                [
                    0.11132470518350601,
                    -0.1350650191307068,
                    0.9845629334449768
                ]
            ],
            [
                [
                    0.9957168102264404,
                    -0.05154405161738396,
                    0.07675450295209885
                ],
                [
                    0.06912828981876373,
                    0.9663286209106445,
                    -0.24785135686397552
                ],
                [
                    -0.06139481067657471,
                    0.25209566950798035,
                    0.9657527804374695
                ]
            ],
            [
                [
                    0.987770676612854,
                    0.15189753472805023,
                    0.03516092151403427
                ],
                [
                    -0.1489679366350174,
                    0.9860151410102844,
                    -0.07471735030412674
                ],
                [
                    -0.046018581837415695,
                    0.0685657486319542,
                    0.9965847134590149
                ]
            ],
            [
                [
                    0.999720573425293,
                    0.018470151349902153,
                    0.014754930511116982
                ],
                [
                    -0.017786726355552673,
                    0.9988206028938293,
                    -0.04517852142453194
                ],
                [
                    -0.01557198166847229,
                    0.04490344971418381,
                    0.9988700151443481
                ]
            ],
            [
                [
                    0.9980695843696594,
                    -0.008877299726009369,
                    0.061466384679079056
                ],
                [
                    0.011737058870494366,
                    0.9988576173782349,
                    -0.046321917325258255
                ],
                [
                    -0.06098495051264763,
                    0.04695393890142441,
                    0.9970335960388184
                ]
            ],
            [
                [
                    0.9898870587348938,
                    0.0496223159134388,
                    0.13289542496204376
                ],
                [
                    -0.04394950345158577,
                    0.9980068206787109,
                    -0.0452863946557045
                ],
                [
                    -0.1348777413368225,
                    0.03898772969841957,
                    0.9900949001312256
                ]
            ],
            [
                [
                    0.9809238314628601,
                    -0.02745293639600277,
                    -0.19244438409805298
                ],
                [
                    0.031068818643689156,
                    0.9993923902511597,
                    0.015796184539794922
                ],
                [
                    0.1918938159942627,
                    -0.021473871544003487,
                    0.981180727481842
                ]
            ],
            [
                [
                    0.998106062412262,
                    0.003940043970942497,
                    0.06139041483402252
                ],
                [
                    0.0008228946826420724,
                    0.9970023036003113,
                    -0.07736658304929733
                ],
                [
                    -0.061511218547821045,
                    0.07727056741714478,
                    0.995110809803009
                ]
            ],
            [
                [
                    0.9901777505874634,
                    -0.09312760084867477,
                    0.10428503155708313
                ],
                [
                    0.09564316272735596,
                    0.9952270984649658,
                    -0.0193755142390728
                ],
                [
                    -0.10198289155960083,
                    0.029159346595406532,
                    0.9943587183952332
                ]
            ],
            [
                [
                    0.9964762330055237,
                    0.08387454599142075,
                    -0.0005391848389990628
                ],
                [
                    -0.08386214822530746,
                    0.9964056015014648,
                    0.011956913396716118
                ],
                [
                    0.0015401275595650077,
                    -0.011869561858475208,
                    0.9999284148216248
                ]
            ],
            [
                [
                    0.9332212805747986,
                    -0.04359196126461029,
                    0.3566480875015259
                ],
                [
                    0.07239781320095062,
                    0.9950675964355469,
                    -0.0678153932094574
                ],
                [
                    -0.3519327938556671,
                    0.08910730481147766,
                    0.9317741990089417
                ]
            ],
            [
                [
                    0.9138676524162292,
                    0.28300490975379944,
                    -0.2911258339881897
                ],
                [
                    -0.26443856954574585,
                    0.958979070186615,
                    0.10213420540094376
                ],
                [
                    0.3080880641937256,
                    -0.016352228820323944,
                    0.9512173533439636
                ]
            ],
            [
                [
                    0.913474977016449,
                    -0.2783554494380951,
                    0.29678571224212646
                ],
                [
                    0.2703700065612793,
                    0.9603157639503479,
                    0.0685102641582489
                ],
                [
                    -0.30407822132110596,
                    0.01765955612063408,
                    0.9524833559989929
                ]
            ],
            [
                [
                    0.9644125699996948,
                    0.12817448377609253,
                    0.2312566637992859
                ],
                [
                    -0.03547077625989914,
                    0.9294544458389282,
                    -0.36722785234451294
                ],
                [
                    -0.2620117664337158,
                    0.34595632553100586,
                    0.900924026966095
                ]
            ],
            [
                [
                    0.6775538325309753,
                    0.5743712186813354,
                    -0.4593675434589386
                ],
                [
                    -0.6212355494499207,
                    0.7812795042991638,
                    0.06057015433907509
                ],
                [
                    0.3936842083930969,
                    0.24433588981628418,
                    0.886178731918335
                ]
            ],
            [
                [
                    0.5706837177276611,
                    -0.6173103451728821,
                    0.5415236949920654
                ],
                [
                    0.6772868037223816,
                    0.7267269492149353,
                    0.11467555165290833
                ],
                [
                    -0.4643303155899048,
                    0.30132338404655457,
                    0.8328273892402649
                ]
            ],
            [
                [
                    0.6246142983436584,
                    -0.0906018316745758,
                    -0.7756598591804504
                ],
                [
                    -0.015691613778471947,
                    0.9915905594825745,
                    -0.12845979630947113
                ],
                [
                    0.7807756662368774,
                    0.0924091711640358,
                    0.6179399490356445
                ]
            ],
            [
                [
                    0.2961784899234772,
                    0.20214682817459106,
                    0.9334961175918579
                ],
                [
                    -0.10166576504707336,
                    0.9784669876098633,
                    -0.17962880432605743
                ],
                [
                    -0.949706494808197,
                    -0.04170239716768265,
                    0.31035229563713074
                ]
            ],
            [
                [
                    0.9899070262908936,
                    -0.12505485117435455,
                    -0.06667373329401016
                ],
                [
                    0.12859392166137695,
                    0.9903478622436523,
                    0.05171797424554825
                ],
                [
                    0.05956260487437248,
                    -0.05976982042193413,
                    0.9964336156845093
                ]
            ],
            [
                [
                    0.9879890084266663,
                    0.1074986383318901,
                    0.11100295931100845
                ],
                [
                    -0.1240641251206398,
                    0.9800769090652466,
                    0.15510471165180206
                ],
                [
                    -0.09211787581443787,
                    -0.1670132577419281,
                    0.981641948223114
                ]
            ],
            [
                [
                    0.9861288070678711,
                    0.14005716145038605,
                    -0.08907265216112137
                ],
                [
                    -0.1276644617319107,
                    0.9829641580581665,
                    0.1322241872549057
                ],
                [
                    0.10607416927814484,
                    -0.11901867389678955,
                    0.9872096180915833
                ]
            ],
            [
                [
                    0.9809837341308594,
                    -0.18042007088661194,
                    0.07155093550682068
                ],
                [
                    0.1710696965456009,
                    0.977878749370575,
                    0.12036726623773575
                ],
                [
                    -0.09168481826782227,
                    -0.10583813488483429,
                    0.9901475310325623
                ]
            ]
        ],
        "betas": [
            -0.2621365487575531,
            -0.30417540669441223,
            0.3487044870853424,
            0.8015793561935425,
            0.24161042273044586,
            -0.06644120067358017,
            -0.03610166907310486,
            -0.004809632897377014,
            0.05052025616168976,
            -0.015405237674713135
        ]
    },
    "pred_cam_t": [
        0.14538735151290894,
        0.29218029975891113,
        27.405858993530273
    ],
    "focal_length": [
        5000.0,
        5000.0
    ],
    "pred_keypoints_3d": [
        [
            -0.18323861062526703,
            -0.7721803188323975,
            -0.10431872308254242
        ],
        [
            -0.0027957335114479065,
            -0.726032018661499,
            -0.08638744056224823
        ],
        [
            0.06659901142120361,
            -0.6627249717712402,
            0.09422767162322998
        ],
        [
            0.008858561515808105,
            -0.45965081453323364,
            0.22270479798316956
        ],
        [
            -0.23723526298999786,
            -0.4479730427265167,
            0.19946983456611633
        ],
        [
            -0.08942075818777084,
            -0.605640172958374,
            -0.22112038731575012
        ],
        [
            -0.20853149890899658,
            -0.3820703625679016,
            -0.22648309171199799
        ],
        [
            -0.3667299747467041,
            -0.3150719404220581,
            -0.05601821839809418
        ],
        [
            -0.0020980716217309237,
            -0.23025977611541748,
            0.02855364792048931
        ],
        [
            0.031148400157690048,
            -0.16047713160514832,
            0.11068472266197205
        ],
        [
            0.013064006343483925,
            0.14153268933296204,
            0.3253587484359741
        ],
        [
            -0.0004885923117399216,
            0.4894624650478363,
            0.4903353452682495
        ],
        [
            -0.0482553131878376,
            -0.12808533012866974,
            0.0042269788682460785
        ],
        [
            -0.1486027091741562,
            0.18549911677837372,
            0.15624018013477325
        ],
        [
            -0.14092190563678741,
            0.5068688988685608,
            0.3677571415901184
        ],
        [
            -0.17602986097335815,
            -0.8224069476127625,
            -0.06996457278728485
        ],
        [
            -0.16632500290870667,
            -0.8212100267410278,
            -0.13583341240882874
        ],
        [
            -0.09025885164737701,
            -0.8522562980651855,
            -0.013412462547421455
        ],
        [
            -0.07157391309738159,
            -0.8496547341346741,
            -0.16220442950725555
        ],
        [
            -0.3136642873287201,
            0.4999035894870758,
            0.47036781907081604
        ],
        [
            -0.29840707778930664,
            0.5475107431411743,
            0.40377646684646606
        ],
        [
            -0.09359600394964218,
            0.5539966821670532,
            0.3621904253959656
        ],
        [
            -0.12985281646251678,
            0.4477669894695282,
            0.6330174207687378
        ],
        [
            -0.04350143298506737,
            0.4513670802116394,
            0.6507052183151245
        ],
        [
            0.03200748562812805,
            0.5505343675613403,
            0.477485716342926
        ],
        [
            0.037765808403491974,
            0.4521394371986389,
            0.461979478597641
        ],
        [
            0.01708713360130787,
            0.08658222109079361,
            0.28952932357788086
        ],
        [
            0.09739658236503601,
            -0.2902931571006775,
            0.12381882965564728
        ],
        [
            -0.06625258922576904,
            -0.2042616307735443,
            -0.10519775748252869
        ],
        [
            -0.14524173736572266,
            0.15220104157924652,
            0.12660884857177734
        ],
        [
            -0.12140374630689621,
            0.49065303802490234,
            0.3323148488998413
        ],
        [
            -0.2175634503364563,
            -0.47764360904693604,
            0.1835751235485077
        ],
        [
            -0.0039827097207307816,
            -0.49649715423583984,
            0.23714889585971832
        ],
        [
            0.05139201879501343,
            -0.6871740818023682,
            0.05850841850042343
        ],
        [
            -0.0705636739730835,
            -0.6414729356765747,
            -0.21232348680496216
        ],
        [
            -0.2353643774986267,
            -0.4242887794971466,
            -0.2307717204093933
        ],
        [
            -0.36566483974456787,
            -0.3369390368461609,
            -0.06229700520634651
        ],
        [
            -0.01153730507940054,
            -0.7166404724121094,
            -0.0845400020480156
        ],
        [
            -0.11824548244476318,
            -0.8921548128128052,
            -0.09805049747228622
        ],
        [
            0.015167562291026115,
            -0.24770542979240417,
            0.008569495752453804
        ],
        [
            -0.008484129793941975,
            -0.6608359217643738,
            -0.07409889996051788
        ],
        [
            0.035133108496665955,
            -0.4879440665245056,
            -0.05699453502893448
        ],
        [
            -0.10202975571155548,
            -0.7780728340148926,
            -0.09639554470777512
        ],
        [
            -0.11887253075838089,
            -0.9122542142868042,
            -0.09546145051717758
        ]
    ],
    "pred_vertices": [
        [
            -0.1851658821105957,
            -0.8640085458755493,
            -0.15152274072170258
        ],
        [
            -0.18632659316062927,
            -0.8478831052780151,
            -0.14553898572921753
        ],
        [
            -0.17489248514175415,
            -0.8483082056045532,
            -0.15472355484962463
        ],
        [
            -0.17015326023101807,
            -0.8615527749061584,
            -0.15974804759025574
        ],
        [
            -0.17708083987236023,
            -0.837311863899231,
            -0.15107065439224243
        ],
        [
            -0.18495799601078033,
            -0.8361491560935974,
            -0.14234553277492523
        ],
        [
            -0.1620231568813324,
            -0.8464246392250061,
            -0.15966321527957916
        ],
        [
            -0.15471263229846954,
            -0.8570641875267029,
            -0.1637946218252182
        ],
        [
            -0.1360531449317932,
            -0.8183530569076538,
            -0.16012154519557953
        ],
        [
            -0.12551015615463257,
            -0.8181337118148804,
            -0.1627243459224701
        ],
        [
            -0.1319999396800995,
            -0.8288627862930298,
            -0.16343611478805542
        ],
        [
            -0.14087271690368652,
            -0.8262833952903748,
            -0.1598142385482788
        ],
        [
            -0.12294159829616547,
            -0.7962474822998047,
            -0.15628978610038757
        ],
        [
            -0.12751102447509766,
            -0.7845401167869568,
            -0.15056046843528748
        ],
        [
            -0.11501841247081757,
            -0.7801434993743896,
            -0.150748610496521
        ],
        [
            -0.1093180701136589,
            -0.7918069362640381,
            -0.1552005410194397
        ],
        [
            -0.15878510475158691,
            -0.7885946035385132,
            -0.1233290582895279
        ],
        [
            -0.1544404774904251,
            -0.7828620672225952,
            -0.12790581583976746
        ],
        [
            -0.15588189661502838,
            -0.7891847491264343,
            -0.13227693736553192
        ],
        [
            -0.15969011187553406,
            -0.794327974319458,
            -0.12687347829341888
        ],
        [
            -0.1696031093597412,
            -0.7952930927276611,
            -0.11632408201694489
        ],
        [
            -0.1686559021472931,
            -0.8016031980514526,
            -0.11739902198314667
        ],
        [
            -0.17564281821250916,
            -0.8030939102172852,
            -0.11388540267944336
        ],
        [
            -0.17710332572460175,
            -0.7957816123962402,
            -0.1137586236000061
        ],
        [
            -0.15745815634727478,
            -0.7839093208312988,
            -0.11750290542840958
        ],
        [
            -0.15258002281188965,
            -0.7782098650932312,
            -0.1222507581114769
        ],
        [
            -0.16300015151500702,
            -0.7932610511779785,
            -0.11952386051416397
        ],
        [
            -0.16363218426704407,
            -0.7884616255760193,
            -0.11769494414329529
        ],
        [
            -0.171223983168602,
            -0.7788888812065125,
            -0.11592286080121994
        ],
        [
            -0.1715289056301117,
            -0.7837321758270264,
            -0.11772996187210083
        ],
        [
            -0.17875348031520844,
            -0.7820311784744263,
            -0.11574599146842957
        ],
        [
            -0.17616426944732666,
            -0.7772246599197388,
            -0.11375071108341217
        ],
        [
            -0.16198024153709412,
            -0.7817831039428711,
            -0.11742459237575531
        ],
        [
            -0.16559790074825287,
            -0.783435046672821,
            -0.11865993589162827
        ],
        [
            -0.16666141152381897,
            -0.7791428565979004,
            -0.11623714864253998
        ],
        [
            -0.16312283277511597,
            -0.7784515619277954,
            -0.11398759484291077
        ],
        [
            -0.17052918672561646,
            -0.7903127670288086,
            -0.11600995808839798
        ],
        [
            -0.1782102882862091,
            -0.7892899513244629,
            -0.11452364176511765
        ],
        [
            -0.1858137995004654,
            -0.7878220677375793,
            -0.11182846873998642
        ],
        [
            -0.18550971150398254,
            -0.7789061069488525,
            -0.11231598258018494
        ],
        [
            -0.14153355360031128,
            -0.7728394865989685,
            -0.1362481713294983
        ],
        [
            -0.1488139033317566,
            -0.7775700092315674,
            -0.1329079568386078
        ],
        [
            -0.1477941870689392,
            -0.7732620239257812,
            -0.12718360126018524
        ],
        [
            -0.14231449365615845,
            -0.7692359685897827,
            -0.1308501809835434
        ],
        [
            -0.15861380100250244,
            -0.7769705057144165,
            -0.1141485646367073
        ],
        [
            -0.15180173516273499,
            -0.7625755667686462,
            -0.11592648178339005
        ],
        [
            -0.15341982245445251,
            -0.7659516930580139,
            -0.11666788905858994
        ],
        [
            -0.15839779376983643,
            -0.7652158737182617,
            -0.11150927096605301
        ],
        [
            -0.1565854698419571,
            -0.7621234655380249,
            -0.11136937886476517
        ],
        [
            -0.1270829290151596,
            -0.7633538842201233,
            -0.13842402398586273
        ],
        [
            -0.13152462244033813,
            -0.7606703042984009,
            -0.13332197070121765
        ],
        [
            -0.1263902485370636,
            -0.7554874420166016,
            -0.132563054561615
        ],
        [
            -0.1205097883939743,
            -0.7575768232345581,
            -0.1365431249141693
        ],
        [
            -0.1237202063202858,
            -0.7507429718971252,
            -0.12890978157520294
        ],
        [
            -0.1151413545012474,
            -0.7519047260284424,
            -0.13341936469078064
        ],
        [
            -0.11141153424978256,
            -0.7391036748886108,
            -0.122308649122715
        ],
        [
            -0.11276042461395264,
            -0.7448089122772217,
            -0.12784302234649658
        ],
        [
            -0.12251804769039154,
            -0.7456034421920776,
            -0.1241958886384964
        ],
        [
            -0.1241266205906868,
            -0.7397375106811523,
            -0.11862897872924805
        ],
        [
            -0.1352909654378891,
            -0.7407903075218201,
            -0.1093611940741539
        ],
        [
            -0.13809484243392944,
            -0.7387586236000061,
            -0.10385221242904663
        ],
        [
            -0.13052311539649963,
            -0.7284983396530151,
            -0.10632497817277908
        ],
        [
            -0.12765558063983917,
            -0.7330027222633362,
            -0.11218445003032684
        ],
        [
            -0.14546309411525726,
            -0.759056568145752,
            -0.11385020613670349
        ],
        [
            -0.1423342227935791,
            -0.7601662874221802,
            -0.11733737587928772
        ],
        [
            -0.14492368698120117,
            -0.7604957818984985,
            -0.11825181543827057
        ],
        [
            -0.1489778459072113,
            -0.760269284248352,
            -0.11490035057067871
        ],
        [
            -0.139987051486969,
            -0.7606091499328613,
            -0.12063362449407578
        ],
        [
            -0.13893014192581177,
            -0.7606977820396423,
            -0.12210483849048615
        ],
        [
            -0.140586718916893,
            -0.7613059282302856,
            -0.12230591475963593
        ],
        [
            -0.1407579779624939,
            -0.7610410451889038,
            -0.1209939643740654
        ],
        [
            -0.14151719212532043,
            -0.760510265827179,
            -0.11905764788389206
        ],
        [
            -0.1412331461906433,
            -0.7586774826049805,
            -0.11779201030731201
        ],
        [
            -0.14027029275894165,
            -0.7597057223320007,
            -0.11969906836748123
        ],
        [
            -0.14403629302978516,
            -0.7568216323852539,
            -0.11466102302074432
        ],
        [
            -0.15239301323890686,
            -0.7518693208694458,
            -0.10347114503383636
        ],
        [
            -0.1506500244140625,
            -0.7526879906654358,
            -0.10682537406682968
        ],
        [
            -0.1517457365989685,
            -0.757135272026062,
            -0.10574084520339966
        ],
        [
            -0.1533980369567871,
            -0.7566674947738647,
            -0.10298275947570801
        ],
        [
            -0.14330345392227173,
            -0.7622847557067871,
            -0.12157081812620163
        ],
        [
            -0.14302398264408112,
            -0.7638310194015503,
            -0.12373440712690353
        ],
        [
            -0.14778795838356018,
            -0.7649550437927246,
            -0.12094369530677795
        ],
        [
            -0.14640599489212036,
            -0.7627107501029968,
            -0.11931508779525757
        ],
        [
            -0.14304915070533752,
            -0.7655680179595947,
            -0.12679597735404968
        ],
        [
            -0.14012816548347473,
            -0.7626726627349854,
            -0.1245785653591156
        ],
        [
            -0.13942335546016693,
            -0.7635109424591064,
            -0.12769469618797302
        ],
        [
            -0.1382823884487152,
            -0.7591640949249268,
            -0.12126925587654114
        ],
        [
            -0.13575342297554016,
            -0.7583405375480652,
            -0.12346257269382477
        ],
        [
            -0.13768929243087769,
            -0.7602008581161499,
            -0.1246345192193985
        ],
        [
            -0.13521930575370789,
            -0.7551860809326172,
            -0.12110481411218643
        ],
        [
            -0.1388329714536667,
            -0.7570734024047852,
            -0.11866767704486847
        ],
        [
            -0.1412218064069748,
            -0.7542629241943359,
            -0.11550123244524002
        ],
        [
            -0.144494891166687,
            -0.7513604164123535,
            -0.11145931482315063
        ],
        [
            -0.13936972618103027,
            -0.7482905983924866,
            -0.11265790462493896
        ],
        [
            -0.13669165968894958,
            -0.7515946626663208,
            -0.11735697090625763
        ],
        [
            -0.14836901426315308,
            -0.7688145637512207,
            -0.12341593205928802
        ],
        [
            -0.13499411940574646,
            -0.7603344917297363,
            -0.1283871829509735
        ],
        [
            -0.1370427906513214,
            -0.7658534049987793,
            -0.13249199092388153
        ],
        [
            -0.132010355591774,
            -0.7565189003944397,
            -0.1274336725473404
        ],
        [
            -0.13022805750370026,
            -0.7526929378509521,
            -0.12462428212165833
        ],
        [
            -0.13065782189369202,
            -0.748479425907135,
            -0.11990131437778473
        ],
        [
            -0.13277365267276764,
            -0.7443239688873291,
            -0.11492276191711426
        ],
        [
            -0.11656566709280014,
            -0.7251696586608887,
            -0.10534581542015076
        ],
        [
            -0.11458645761013031,
            -0.7309621572494507,
            -0.11334764212369919
        ],
        [
            -0.17927934229373932,
            -0.8305590152740479,
            -0.13875114917755127
        ],
        [
            -0.175064817070961,
            -0.8307445049285889,
            -0.14687255024909973
        ],
        [
            -0.16732516884803772,
            -0.8256980180740356,
            -0.1455150544643402
        ],
        [
            -0.16781069338321686,
            -0.8277617692947388,
            -0.14732208847999573
        ],
        [
            -0.17240774631500244,
            -0.8277707099914551,
            -0.143096461892128
        ],
        [
            -0.17052987217903137,
            -0.8254338502883911,
            -0.14208194613456726
        ],
        [
            -0.14777351915836334,
            -0.8256882429122925,
            -0.15524382889270782
        ],
        [
            -0.15350165963172913,
            -0.8253883123397827,
            -0.15143705904483795
        ],
        [
            -0.15053854882717133,
            -0.8226631283760071,
            -0.15078267455101013
        ],
        [
            -0.14418205618858337,
            -0.8199151158332825,
            -0.15586216747760773
        ],
        [
            -0.15473684668540955,
            -0.8130449056625366,
            -0.1438433825969696
        ],
        [
            -0.15172436833381653,
            -0.8155007362365723,
            -0.14759734272956848
        ],
        [
            -0.15757277607917786,
            -0.8203073740005493,
            -0.145290806889534
        ],
        [
            -0.15982358157634735,
            -0.8185067772865295,
            -0.14264875650405884
        ],
        [
            -0.16186803579330444,
            -0.8173526525497437,
            -0.13927365839481354
        ],
        [
            -0.16385920345783234,
            -0.8168949484825134,
            -0.13525249063968658
        ],
        [
            -0.1608639657497406,
            -0.8124091625213623,
            -0.13508722186088562
        ],
        [
            -0.1579454094171524,
            -0.8122603893280029,
            -0.1395484060049057
        ],
        [
            -0.17499609291553497,
            -0.828414797782898,
            -0.1372164487838745
        ],
        [
            -0.17583954334259033,
            -0.8279241323471069,
            -0.12978553771972656
        ],
        [
            -0.17344743013381958,
            -0.8255354166030884,
            -0.13082417845726013
        ],
        [
            -0.1731002926826477,
            -0.8256574869155884,
            -0.1369713544845581
        ],
        [
            -0.16801193356513977,
            -0.8221961259841919,
            -0.11932342499494553
        ],
        [
            -0.16988348960876465,
            -0.8237882852554321,
            -0.12095943838357925
        ],
        [
            -0.1721504032611847,
            -0.8246370553970337,
            -0.11786520481109619
        ],
        [
            -0.16954711079597473,
            -0.8211431503295898,
            -0.11638820171356201
        ],
        [
            -0.16786691546440125,
            -0.818354070186615,
            -0.11840857565402985
        ],
        [
            -0.16742223501205444,
            -0.8204900026321411,
            -0.12054088711738586
        ],
        [
            -0.1946641206741333,
            -0.8841367363929749,
            -0.14433757960796356
        ],
        [
            -0.19657166302204132,
            -0.865912675857544,
            -0.13964605331420898
        ],
        [
            -0.17788413166999817,
            -0.8832885026931763,
            -0.15609101951122284
        ],
        [
            -0.1613524854183197,
            -0.878434419631958,
            -0.16266897320747375
        ],
        [
            -0.14629681408405304,
            -0.8693687915802002,
            -0.1676802933216095
        ],
        [
            -0.1213207095861435,
            -0.7702910900115967,
            -0.1446821689605713
        ],
        [
            -0.11205115169286728,
            -0.7650653719902039,
            -0.1437932252883911
        ],
        [
            -0.10297750681638718,
            -0.776477575302124,
            -0.15012064576148987
        ],
        [
            -0.09532210230827332,
            -0.7692208290100098,
            -0.14637985825538635
        ],
        [
            -0.10530032217502594,
            -0.7574628591537476,
            -0.13978548347949982
        ],
        [
            -0.09915392100811005,
            -0.7409719228744507,
            -0.1237548217177391
        ],
        [
            -0.10105669498443604,
            -0.7488390803337097,
            -0.1332760453224182
        ],
        [
            -0.08847149461507797,
            -0.7616500854492188,
            -0.14053785800933838
        ],
        [
            -0.07793006300926208,
            -0.7788922786712646,
            -0.1480504870414734
        ],
        [
            -0.08684885501861572,
            -0.7827794551849365,
            -0.15162956714630127
        ],
        [
            -0.07186586409807205,
            -0.7985074520111084,
            -0.15164592862129211
        ],
        [
            -0.06748029589653015,
            -0.7752035856246948,
            -0.14162394404411316
        ],
        [
            -0.06483116745948792,
            -0.8012406229972839,
            -0.1471276581287384
        ],
        [
            -0.069375179708004,
            -0.7428672313690186,
            -0.12075288593769073
        ],
        [
            -0.0659492015838623,
            -0.7345854640007019,
            -0.12012815475463867
        ],
        [
            -0.05496911332011223,
            -0.7443280220031738,
            -0.13295739889144897
        ],
        [
            -0.05811595916748047,
            -0.7533865571022034,
            -0.13290999829769135
        ],
        [
            -0.09654049575328827,
            -0.787217378616333,
            -0.1544344425201416
        ],
        [
            -0.12962517142295837,
            -0.8412247896194458,
            -0.1655433475971222
        ],
        [
            -0.14009495079517365,
            -0.8363657593727112,
            -0.16332146525382996
        ],
        [
            -0.12029726803302765,
            -0.8313597440719604,
            -0.16542880237102509
        ],
        [
            -0.13712206482887268,
            -0.9040352702140808,
            -0.16986286640167236
        ],
        [
            -0.15150794386863708,
            -0.8923946619033813,
            -0.16754990816116333
        ],
        [
            -0.1378452032804489,
            -0.8814734220504761,
            -0.17120271921157837
        ],
        [
            -0.12627317011356354,
            -0.8935949206352234,
            -0.17364519834518433
        ],
        [
            -0.16586118936538696,
            -0.9316824674606323,
            -0.14838659763336182
        ],
        [
            -0.18319302797317505,
            -0.9092448353767395,
            -0.14936015009880066
        ],
        [
            -0.16901949048042297,
            -0.9029092788696289,
            -0.1589249074459076
        ],
        [
            -0.15414369106292725,
            -0.9198223352432251,
            -0.15965351462364197
        ],
        [
            -0.11415703594684601,
            -0.900833249092102,
            -0.17356780171394348
        ],
        [
            -0.098817840218544,
            -0.9102734327316284,
            -0.1711207628250122
        ],
        [
            -0.10022217035293579,
            -0.9272800087928772,
            -0.16755835711956024
        ],
        [
            -0.12064477801322937,
            -0.9180074334144592,
            -0.1699802577495575
        ],
        [
            -0.10521200299263,
            -0.948995053768158,
            -0.15696439146995544
        ],
        [
            -0.13018573820590973,
            -0.9379109144210815,
            -0.15941913425922394
        ],
        [
            -0.05273517221212387,
            -0.7920093536376953,
            -0.1416723132133484
        ],
        [
            -0.0557304248213768,
            -0.8115459680557251,
            -0.1445232629776001
        ],
        [
            -0.06373785436153412,
            -0.7628185153007507,
            -0.13399164378643036
        ],
        [
            -0.050491318106651306,
            -0.7761239409446716,
            -0.13966408371925354
        ],
        [
            -0.11082521080970764,
            -0.9653394222259521,
            -0.14030848443508148
        ],
        [
            -0.14034105837345123,
            -0.9531786441802979,
            -0.14373426139354706
        ],
        [
            -0.0474298894405365,
            -0.9124878644943237,
            -0.151691734790802
        ],
        [
            -0.06215405464172363,
            -0.9245665669441223,
            -0.15626420080661774
        ],
        [
            -0.06891477108001709,
            -0.9060055613517761,
            -0.16413994133472443
        ],
        [
            -0.054531827569007874,
