{
    "pred_cam": [
        1.4169033765792847,
        0.15985406935214996,
        0.28128781914711
    ],
    "pred_smpl_params": {
        "global_orient": [
            [
                [
                    -0.596307098865509,
                    0.11176183074712753,
                    -0.7949383854866028
                ],
                [
                    0.22990165650844574,
                    -0.925006091594696,
                    -0.30250439047813416
                ],
                [
                    -0.7691313624382019,
                    -0.3631431758403778,
                    0.5258934497833252
                ]
            ]
        ],
        "body_pose": [
            [
                [
                    0.9973013997077942,
                    0.062293641269207,
                    0.0388525053858757
                ],
                [
                    -0.06857142597436905,
                    0.9794239401817322,
                    0.18980713188648224
                ],
                [
                    -0.026229295879602432,
                    -0.19195906817913055,
                    0.9810524582862854
                ]
            ],
            [
                [
                    0.9862688183784485,
                    0.13713377714157104,
                    -0.09202281385660172
                ],
                [
                    -0.12257196009159088,
                    0.9812690019607544,
                    0.14861786365509033
                ],
                [
                    0.11067966371774673,
                    -0.1352977454662323,
                    0.984603762626648
                ]
            ],
            [
                [
                    0.9956949353218079,
                    -0.0474209189414978,
                    0.07964201271533966
                ],
                [
                    0.06614040583372116,
                    0.9654539823532104,
                    -0.25203976035118103
                ],
                [
                    -0.0649387463927269,
                    0.2562222480773926,
                    0.9644340872764587
                ]
            ],
            [
                [
                    0.9892599582672119,
                    0.14496389031410217,
                    0.018713871017098427
                ],
                [
                    -0.14346349239349365,
                    0.9874826073646545,
                    -0.06554657965898514
                ],
                [
                    -0.027981508523225784,
                    0.062157850712537766,
                    0.9976740479469299
                ]
            ],
            [
                [
                    0.999851644039154,
                    0.01544945128262043,
                    0.00761610409244895
                ],
                [
                    -0.015011330135166645,
                    0.9983972907066345,
                    -0.05456698313355446
                ],
                [
                    -0.008446927182376385,
                    0.054444558918476105,
                    0.9984810948371887
                ]
            ],
            [
                [
                    0.997960090637207,
                    -0.01065668836236,
                    0.06294519454240799
                ],
                [
                    0.014071237295866013,
                    0.998438835144043,
                    -0.05405470356345177
                ],
                [
                    -0.0622708797454834,
                    0.054830152541399,
                    0.996552050113678
                ]
            ],
            [
                [
                    0.989754855632782,
                    0.042583972215652466,
                    0.13627904653549194
                ],
                [
                    -0.03710121288895607,
                    0.9984063506126404,
                    -0.042523156851530075
                ],
                [
                    -0.13787266612052917,
                    0.0370313823223114,
                    0.9897574782371521
                ]
            ],
            [
                [
                    0.9818280339241028,
                    -0.02688741311430931,
                    -0.18785835802555084
                ],
                [
                    0.029791036620736122,
                    0.9994761347770691,
                    0.01264968328177929
                ],
                [
                    0.1874198168516159,
                    -0.018016308546066284,
                    0.9821146726608276
                ]
            ],
            [
                [
                    0.9980449080467224,
                    -0.0015283877728506923,
                    0.062481801956892014
                ],
                [
                    0.005809552501887083,
                    0.997641384601593,
                    -0.06839457154273987
                ],
                [
                    -0.062229905277490616,
                    0.068623848259449,
                    0.9956997632980347
                ]
            ],
            [
                [
                    0.990490198135376,
                    -0.08687859773635864,
                    0.10668329149484634
                ],
                [
                    0.09009905904531479,
                    0.995600163936615,
                    -0.02573874220252037
                ],
                [
                    -0.1039777621626854,
                    0.03510603681206703,
                    0.993959903717041
                ]
            ],
            [
                [
                    0.9971330761909485,
                    0.07565975189208984,
                    0.0011917018564417958
                ],
                [
                    -0.07566075772047043,
                    0.9971333146095276,
                    0.0008173283422365785
                ],
                [
                    -0.0011264466447755694,
                    -0.0009051500237546861,
                    0.9999991059303284
                ]
            ],
            [
                [
                    0.9260699152946472,
                    -0.04022059589624405,
                    0.37520238757133484
                ],
                [
                    0.0729512944817543,
                    0.9946281909942627,
                    -0.07343627512454987
                ],
                [
                    -0.3702332079410553,
                    0.09537862241268158,
                    0.9240294098854065
                ]
            ],
            [
                [
                    0.9069134593009949,
                    0.2791673541069031,
                    -0.31555289030075073
                ],
                [
                    -0.2579061985015869,
                    0.960097074508667,
                    0.10815680772066116
                ],
                [
                    0.3331552743911743,
                    -0.016705816611647606,
                    0.9427239298820496
                ]
            ],
            [
                [
                    0.8885027766227722,
                    -0.3088056743144989,
                    0.33941400051116943
                ],
                [
                    0.30058810114860535,
                    0.9505613446235657,
                    0.07797369360923767
                ],
                [
                    -0.34671255946159363,
                    0.03274397552013397,
                    0.937399685382843
                ]
            ],
            [
                [
                    0.9619697332382202,
                    0.12967298924922943,
                    0.24041441082954407
                ],
                [
                    -0.03295152261853218,
                    0.9287976622581482,
                    -0.3691193163394928
                ],
                [
                    -0.27116116881370544,
                    0.34715962409973145,
                    0.8977481722831726
                ]
            ],
            [
                [
                    0.6891961097717285,
                    0.5563955307006836,
                    -0.46414732933044434
                ],
                [
                    -0.5988304615020752,
                    0.7980300188064575,
                    0.06745431572198868
                ],
                [
                    0.4079348146915436,
                    0.23145630955696106,
                    0.8831858038902283
                ]
            ],
            [
                [
                    0.5375540256500244,
                    -0.6277754306793213,
                    0.5629686713218689
                ],
                [
                    0.6870898604393005,
                    0.7131243348121643,
                    0.1391446888446808
                ],
                [
                    -0.48881828784942627,
                    0.3120121955871582,
                    0.8146809935569763
                ]
            ],
            [
                [
                    0.6610742807388306,
                    -0.07008375227451324,
                    -0.7470402121543884
                ],
                [
                    -0.014951926656067371,
                    0.9941999912261963,
                    -0.106502465903759
                ],
                [
                    0.7501715421676636,
                    0.08157575130462646,
                    0.6561921834945679
                ]
            ],
            [
                [
                    0.49438852071762085,
                    0.14634518325328827,
                    0.8568331599235535
                ],
                [
                    -0.08863164484500885,
                    0.9890750646591187,
                    -0.1177917867898941
                ],
                [
                    -0.8647106289863586,
                    -0.017707623541355133,
                    0.5019581913948059
                ]
            ],
            [
                [
                    0.991711437702179,
                    -0.11210290342569351,
                    -0.06278041005134583
                ],
                [
                    0.11581690609455109,
                    0.9915156960487366,
                    0.059017613530159
                ],
                [
                    0.055631719529628754,
                    -0.06579947471618652,
                    0.99628084897995
                ]
            ],
            [
                [
                    0.9918868541717529,
                    0.08144482225179672,
                    0.09760764241218567
                ],
                [
                    -0.09648954123258591,
                    0.9822368621826172,
                    0.16093601286411285
                ],
                [
                    -0.08276642858982086,
                    -0.16904842853546143,
                    0.9821264147758484
                ]
            ],
            [
                [
                    0.9873021245002747,
                    0.13333120942115784,
                    -0.08635580539703369
                ],
                [
                    -0.12138435244560242,
                    0.9838821887969971,
                    0.1313074231147766
                ],
                [
                    0.10247132182121277,
                    -0.11915785074234009,
                    0.9875733256340027
                ]
            ],
            [
                [
                    0.9817907810211182,
                    -0.174421027302742,
                    0.0752604603767395
                ],
                [
                    0.1644568294286728,
                    0.9787058234214783,
                    0.12283611297607422
                ],
                [
                    -0.0950830727815628,
                    -0.10822226852178574,
                    0.9895690679550171
                ]
            ]
        ],
        "betas": [
            -0.23396021127700806,
            -0.2634149491786957,
            0.24172982573509216,
            0.7019924521446228,
            0.2243453711271286,
            -0.07030125707387924,
            -0.028601855039596558,
            0.0024634599685668945,
            0.06217926740646362,
            -0.028186440467834473
        ]
    },
    "pred_cam_t": [
        0.15985406935214996,
        0.28128781914711,
        27.56892204284668
    ],
    "focal_length": [
        5000.0,
        5000.0
    ],
    "pred_keypoints_3d": [
        [
            -0.18455275893211365,
            -0.7665365934371948,
            -0.11058343201875687
        ],
        [
            -0.004649080336093903,
            -0.7225167751312256,
            -0.08808501809835434
        ],
        [
            0.06042875722050667,
            -0.6559560894966125,
            0.09397972375154495
        ],
        [
            -0.011758867651224136,
            -0.4459493160247803,
            0.2049456685781479
        ],
        [
            -0.25530490279197693,
            -0.39746877551078796,
            0.19270403683185577
        ],
        [
            -0.0926867201924324,
            -0.602742612361908,
            -0.2214118242263794
        ],
        [
            -0.22080865502357483,
            -0.3828446865081787,
            -0.2242150455713272
        ],
        [
            -0.38210195302963257,
            -0.31234604120254517,
            -0.05654677748680115
        ],
        [
            -0.0020713303238153458,
            -0.22897788882255554,
            0.02837570197880268
        ],
        [
            0.03132513910531998,
            -0.1597931981086731,
            0.11075451970100403
        ],
        [
            0.01218479871749878,
            0.14274320006370544,
            0.3273341655731201
        ],
        [
            -0.0011785253882408142,
            0.4932810366153717,
            0.4910649359226227
        ],
        [
            -0.048205047845840454,
            -0.12677159905433655,
            0.004839876666665077
        ],
        [
            -0.14522507786750793,
            0.18751713633537292,
            0.16154038906097412
        ],
        [
            -0.13673023879528046,
            0.5094724893569946,
            0.3755240738391876
        ],
        [
            -0.1790083944797516,
            -0.8166713714599609,
            -0.07565245777368546
        ],
        [
            -0.16734057664871216,
            -0.8161062002182007,
            -0.14123274385929108
        ],
        [
            -0.09539236128330231,
            -0.8471918106079102,
            -0.016364039853215218
        ],
        [
            -0.07233518362045288,
            -0.8458966016769409,
            -0.16435877978801727
        ],
        [
            -0.3080313205718994,
            0.5001232624053955,
            0.48135337233543396
        ],
        [
            -0.2942715585231781,
            0.5481231212615967,
            0.41486799716949463
        ],
        [
            -0.09017590433359146,
            0.557307243347168,
            0.36895397305488586
        ],
        [
            -0.1302652806043625,
            0.4534052610397339,
            0.6354471445083618
        ],
        [
            -0.04383079707622528,
            0.45712441205978394,
            0.652310311794281
        ],
        [
            0.03163141384720802,
            0.554131269454956,
            0.4774926006793976
        ],
        [
            0.03710636496543884,
            0.4554394781589508,
            0.4624783992767334
        ],
        [
            0.016252726316452026,
            0.0874045193195343,
            0.29129454493522644
        ],
        [
            0.09741302579641342,
            -0.28942054510116577,
            0.12290820479393005
        ],
        [
            -0.06660223752260208,
            -0.2021266222000122,
            -0.104677215218544
        ],
        [
            -0.14225737750530243,
            0.15408122539520264,
            0.1315651834011078
        ],
        [
            -0.11785788834095001,
            0.4933569133281708,
            0.3394908607006073
        ],
        [
            -0.24178026616573334,
            -0.4304337799549103,
            0.17803266644477844
        ],
        [
            -0.024587024003267288,
            -0.48044517636299133,
            0.22100454568862915
        ],
        [
            0.046286676079034805,
            -0.6814634799957275,
            0.05730117857456207
        ],
        [
            -0.07337737828493118,
            -0.638359785079956,
            -0.21364209055900574
        ],
        [
            -0.2459167093038559,
            -0.42494383454322815,
            -0.22860431671142578
        ],
        [
            -0.381152868270874,
            -0.33397427201271057,
            -0.062126852571964264
        ],
        [
            -0.014103717170655727,
            -0.7124191522598267,
            -0.08534206449985504
        ],
        [
            -0.12134569883346558,
            -0.8872649669647217,
            -0.10152465105056763
        ],
        [
            0.015098215080797672,
            -0.2462298572063446,
            0.008385540917515755
        ],
        [
            -0.012047258205711842,
            -0.6565818786621094,
            -0.07510054856538773
        ],
        [
            0.03408173471689224,
            -0.4848717749118805,
            -0.05878063291311264
        ],
        [
            -0.1037064641714096,
            -0.7734899520874023,
            -0.10014671832323074
        ],
        [
            -0.12235338240861893,
            -0.9073293805122375,
            -0.09889475256204605
        ]
    ],
    "pred_vertices": [
        [
            -0.18615871667861938,
            -0.8588915467262268,
            -0.15712356567382812
        ],
        [
            -0.1873232126235962,
            -0.8426820039749146,
            -0.1512570083141327
        ],
        [
            -0.17560750246047974,
            -0.8432961106300354,
            -0.16008605062961578
        ],
        [
            -0.17090260982513428,
            -0.8566442728042603,
            -0.1648898720741272
        ],
        [
            -0.17783492803573608,
            -0.8322241306304932,
            -0.1565985530614853
        ],
        [
            -0.18598882853984833,
            -0.8308877944946289,
            -0.1481742113828659
        ],
        [
            -0.1626071035861969,
            -0.8416051864624023,
            -0.16462907195091248
        ],
        [
            -0.15534549951553345,
            -0.8523921966552734,
            -0.16843682527542114
        ],
        [
            -0.13632458448410034,
            -0.8138467669487,
            -0.16455510258674622
        ],
        [
            -0.1257699877023697,
            -0.8138183355331421,
            -0.16685481369495392
        ],
        [
            -0.1323554962873459,
            -0.8244576454162598,
            -0.16765326261520386
        ],
        [
            -0.1412825584411621,
            -0.8217206001281738,
            -0.16432629525661469
        ],
        [
            -0.12310194224119186,
            -0.7918222546577454,
            -0.16045556962490082
        ],
        [
            -0.12769389152526855,
            -0.7800055742263794,
            -0.15495586395263672
        ],
        [
            -0.11516375094652176,
            -0.7757543921470642,
            -0.15477675199508667
        ],
        [
            -0.10947117209434509,
            -0.7875527143478394,
            -0.15898019075393677
        ],
        [
            -0.15974465012550354,
            -0.7834677696228027,
            -0.12869201600551605
        ],
        [
            -0.15519964694976807,
            -0.7778278589248657,
            -0.1331632137298584
        ],
        [
            -0.15658771991729736,
            -0.7841811180114746,
            -0.1375269591808319
        ],
        [
            -0.16061139106750488,
            -0.7892340421676636,
            -0.13222567737102509
        ],
        [
            -0.17088201642036438,
            -0.7899555563926697,
            -0.12201215326786041
        ],
        [
            -0.16998958587646484,
            -0.7963011860847473,
            -0.12302148342132568
        ],
        [
            -0.1770985722541809,
            -0.7976651191711426,
            -0.11970829218626022
        ],
        [
            -0.17845524847507477,
            -0.790314793586731,
            -0.11967284977436066
        ],
        [
            -0.15857020020484924,
            -0.778712272644043,
            -0.12289546430110931
        ],
        [
            -0.15348459780216217,
            -0.773116946220398,
            -0.127493217587471
        ],
        [
            -0.16413751244544983,
            -0.788046658039093,
            -0.12501293420791626
        ],
        [
            -0.1647874414920807,
            -0.7831939458847046,
            -0.12323570251464844
        ],
        [
            -0.17229841649532318,
            -0.7734909653663635,
            -0.12176760286092758
        ],
        [
            -0.17261728644371033,
            -0.778342604637146,
            -0.12355129420757294
        ],
        [
            -0.17987090349197388,
            -0.7765331268310547,
            -0.1218104213476181
        ],
        [
            -0.17727966606616974,
            -0.7717380523681641,
            -0.11976759880781174
        ],
        [
            -0.16306911408901215,
            -0.7765206098556519,
            -0.12297415733337402
        ],
        [
            -0.16665779054164886,
            -0.7781434059143066,
            -0.12429683655500412
        ],
        [
            -0.16773799061775208,
            -0.7738027572631836,
            -0.12194996327161789
        ],
        [
            -0.1642763614654541,
            -0.7731282711029053,
            -0.1196034774184227
        ],
        [
            -0.17175054550170898,
            -0.7849478721618652,
            -0.12176435440778732
        ],
        [
            -0.17945832014083862,
            -0.783798336982727,
            -0.12052012979984283
        ],
        [
            -0.18710194528102875,
            -0.7821943759918213,
            -0.1180659830570221
        ],
        [
            -0.18667080998420715,
            -0.7732864618301392,
            -0.1185886412858963
        ],
        [
            -0.14198949933052063,
            -0.7680130004882812,
            -0.14115078747272491
        ],
        [
            -0.14939191937446594,
            -0.7726479768753052,
            -0.13802030682563782
        ],
        [
            -0.14851094782352448,
            -0.7682703137397766,
            -0.13230206072330475
        ],
        [
            -0.14288721978664398,
            -0.7643388509750366,
            -0.13581474125385284
        ],
        [
            -0.15976157784461975,
            -0.7717095613479614,
            -0.11963106691837311
        ],
        [
            -0.152740478515625,
            -0.7574094533920288,
            -0.12125104665756226
        ],
        [
            -0.15436986088752747,
            -0.760780930519104,
            -0.12202718108892441
        ],
        [
            -0.15948019921779633,
            -0.7599456310272217,
            -0.11703529208898544
        ],
        [
            -0.15764224529266357,
            -0.7568647861480713,
            -0.11685602366924286
        ],
        [
            -0.12739093601703644,
            -0.7587032318115234,
            -0.14294153451919556
        ],
        [
            -0.13194748759269714,
            -0.7559099197387695,
            -0.13799680769443512
        ],
        [
            -0.12678657472133636,
            -0.7507916688919067,
            -0.13710278272628784
        ],
        [
            -0.12083075195550919,
            -0.7529841661453247,
            -0.14089301228523254
        ],
        [
            -0.12418921291828156,
            -0.7460289001464844,
            -0.13338738679885864
        ],
        [
            -0.11553692072629929,
            -0.7473282814025879,
            -0.13762661814689636
        ],
        [
            -0.11200249940156937,
            -0.7344242334365845,
            -0.12648814916610718
        ],
        [
            -0.11325502395629883,
            -0.7402105331420898,
            -0.13201947510242462
        ],
        [
            -0.12308258563280106,
            -0.7408393025398254,
            -0.12866106629371643
        ],
        [
            -0.12476443499326706,
            -0.734891414642334,
            -0.12318950891494751
        ],
        [
            -0.1361657977104187,
            -0.7357854843139648,
            -0.11428715288639069
        ],
        [
            -0.13907533884048462,
            -0.7336997389793396,
            -0.10887601226568222
        ],
        [
            -0.1313140094280243,
            -0.7235259413719177,
            -0.11114713549613953
        ],
        [
            -0.12836621701717377,
            -0.7280632257461548,
            -0.11689423024654388
        ],
        [
            -0.14642605185508728,
            -0.7539473176002502,
            -0.11899533867835999
        ],
        [
            -0.14322596788406372,
            -0.7551164627075195,
            -0.12238052487373352
        ],
        [
            -0.14577695727348328,
            -0.7554308772087097,
            -0.12337156385183334
        ],
        [
            -0.14991435408592224,
            -0.7551282644271851,
            -0.1201544851064682
        ],
        [
            -0.14078839123249054,
            -0.7556170225143433,
            -0.12560243904590607
        ],
        [
            -0.13968652486801147,
            -0.755733847618103,
            -0.12703487277030945
        ],
        [
            -0.14134012162685394,
            -0.7563241124153137,
            -0.12728367745876312
        ],
        [
            -0.1415519416332245,
            -0.7560507655143738,
            -0.12599092721939087
        ],
        [
            -0.14236557483673096,
            -0.7554906606674194,
            -0.1240851879119873
        ],
        [
            -0.14210277795791626,
            -0.7536455392837524,
            -0.12281946837902069
        ],
        [
            -0.14109662175178528,
            -0.7546976208686829,
            -0.12468292564153671
        ],
        [
            -0.14496542513370514,
            -0.7517248392105103,
            -0.11979243159294128
        ],
        [
            -0.1535736322402954,
            -0.7465980052947998,
            -0.10888603329658508
        ],
        [
            -0.1517285406589508,
            -0.7474591732025146,
            -0.11218656599521637
        ],
        [
            -0.15290135145187378,
            -0.7518866658210754,
            -0.11110745370388031
        ],
        [
            -0.15463390946388245,
            -0.7513864636421204,
            -0.10840307176113129
        ],
        [
            -0.14410243928432465,
            -0.7572647333145142,
            -0.12663540244102478
        ],
        [
            -0.143751859664917,
            -0.7588381171226501,
            -0.1287640929222107
        ],
        [
            -0.1485970914363861,
            -0.7598850727081299,
            -0.1261257827281952
        ],
        [
            -0.14724484086036682,
            -0.7576382756233215,
            -0.12446331232786179
        ],
        [
            -0.14369884133338928,
            -0.7606150507926941,
            -0.1318262219429016
        ],
        [
            -0.14082422852516174,
            -0.7577211856842041,
            -0.1295311450958252
        ],
        [
            -0.14003713428974152,
            -0.7586090564727783,
            -0.13260942697525024
        ],
        [
            -0.13905465602874756,
            -0.7541985511779785,
            -0.12618932127952576
        ],
        [
            -0.13644316792488098,
            -0.7534340023994446,
            -0.12830524146556854
        ],
        [
            -0.13835859298706055,
            -0.7552847862243652,
            -0.1295240819454193
        ],
        [
            -0.1359623670578003,
            -0.750257670879364,
            -0.12595148384571075
        ],
        [
            -0.13966789841651917,
            -0.7520720362663269,
            -0.12362715601921082
        ],
        [
            -0.14210551977157593,
            -0.74920654296875,
            -0.12054972350597382
        ],
        [
            -0.1454438865184784,
            -0.746238112449646,
            -0.11662976443767548
        ],
        [
            -0.1402498036623001,
            -0.7432512044906616,
            -0.11767283082008362
        ],
        [
            -0.13749897480010986,
            -0.746613621711731,
            -0.12227383255958557
        ],
        [
            -0.14916202425956726,
            -0.7637606263160706,
            -0.1285843551158905
        ],
        [
            -0.13555720448493958,
            -0.7554821968078613,
            -0.1331895887851715
        ],
        [
            -0.13753999769687653,
            -0.7610113620758057,
            -0.1373133510351181
        ],
        [
            -0.13256403803825378,
            -0.7517025470733643,
            -0.13216045498847961
        ],
        [
            -0.13084332644939423,
            -0.7478588223457336,
            -0.12932047247886658
        ],
        [
            -0.13134703040122986,
            -0.7435898780822754,
            -0.12461590021848679
        ],
        [
            -0.13354386389255524,
            -0.7393763661384583,
            -0.11974545568227768
        ],
        [
            -0.11739596724510193,
            -0.7203245162963867,
            -0.1097792461514473
        ],
        [
            -0.11528199911117554,
            -0.7261611223220825,
            -0.11768186092376709
        ],
        [
            -0.1803755760192871,
            -0.825317919254303,
            -0.1444765031337738
        ],
        [
            -0.17588181793689728,
            -0.8256305456161499,
            -0.15243208408355713
        ],
        [
            -0.16813910007476807,
            -0.8206506967544556,
            -0.15089735388755798
        ],
        [
            -0.16856694221496582,
            -0.8227332234382629,
            -0.1526993215084076
        ],
        [
            -0.17331889271736145,
            -0.8226508498191833,
            -0.14861954748630524
        ],
        [
            -0.17144839465618134,
            -0.8203065395355225,
            -0.14758606255054474
        ],
        [
            -0.14830350875854492,
            -0.821000337600708,
            -0.15998683869838715
        ],
        [
            -0.15413685142993927,
            -0.820574164390564,
            -0.1563754677772522
        ],
        [
            -0.15116170048713684,
            -0.817882239818573,
            -0.15563195943832397
        ],
        [
            -0.14461958408355713,
            -0.8152610659599304,
            -0.16052471101284027
        ],
        [
            -0.15542419254779816,
            -0.8081607222557068,
            -0.14889517426490784
        ],
        [
            -0.1523425281047821,
            -0.8106821775436401,
            -0.15253184735774994
        ],
        [
            -0.1583026647567749,
            -0.8154116868972778,
            -0.15037491917610168
        ],
        [
            -0.16059862077236176,
            -0.8135602474212646,
            -0.14782552421092987
        ],
        [
            -0.16274014115333557,
            -0.8123453259468079,
            -0.1445363163948059
        ],
        [
            -0.16482874751091003,
            -0.8118262887001038,
            -0.14058032631874084
        ],
        [
            -0.1617870330810547,
            -0.8073855042457581,
            -0.14035624265670776
        ],
        [
            -0.15874117612838745,
            -0.8073112368583679,
            -0.14471754431724548
        ],
        [
            -0.17610928416252136,
            -0.8232090473175049,
            -0.14285604655742645
        ],
        [
            -0.1771492063999176,
            -0.8226395845413208,
            -0.13544493913650513
        ],
        [
            -0.17470324039459229,
            -0.8203071355819702,
            -0.13643130660057068
        ],
        [
            -0.17415735125541687,
            -0.8205024003982544,
            -0.14256945252418518
        ],
        [
            -0.16954141855239868,
            -0.8169224262237549,
            -0.12477583438158035
        ],
        [
            -0.1714043766260147,
            -0.8184893131256104,
            -0.12646228075027466
        ],
        [
            -0.17377912998199463,
            -0.8192899227142334,
            -0.1234402060508728
        ],
        [
            -0.17115497589111328,
            -0.8158212900161743,
            -0.12189708650112152
        ],
        [
            -0.16936731338500977,
            -0.8130849599838257,
            -0.12388777732849121
        ],
        [
            -0.16887590289115906,
            -0.8152457475662231,
            -0.12598800659179688
        ],
        [
            -0.19613616168498993,
            -0.8788115978240967,
            -0.1501271277666092
        ],
        [
            -0.19805723428726196,
            -0.8604635000228882,
            -0.14558127522468567
        ],
        [
            -0.1790243685245514,
            -0.8781991004943848,
            -0.16131672263145447
        ],
        [
            -0.16225364804267883,
            -0.8735663890838623,
            -0.16743576526641846
        ],
        [
            -0.14698831737041473,
            -0.8648278713226318,
            -0.17198097705841064
        ],
        [
            -0.12153466790914536,
            -0.765758752822876,
            -0.1489788293838501
        ],
        [
            -0.11225509643554688,
            -0.7606506943702698,
            -0.14782041311264038
        ],
        [
            -0.10312569886445999,
            -0.7722110748291016,
            -0.15379342436790466
        ],
        [
            -0.09555467963218689,
            -0.7649981379508972,
            -0.14989826083183289
        ],
        [
            -0.1055871993303299,
            -0.7530726194381714,
            -0.14365176856517792
        ],
        [
            -0.09979305416345596,
            -0.7364838123321533,
            -0.1275552213191986
        ],
        [
            -0.10149670392274857,
            -0.7444337010383606,
            -0.1370997428894043
        ],
        [
            -0.08888684213161469,
            -0.7574043273925781,
            -0.14397001266479492
        ],
        [
            -0.07832285016775131,
            -0.7748395204544067,
            -0.1511201709508896
        ],
        [
            -0.0870717316865921,
            -0.7787237167358398,
            -0.15480822324752808
        ],
        [
            -0.07239899784326553,
            -0.7945775985717773,
            -0.1543462872505188
        ],
        [
            -0.0682138204574585,
            -0.77118319272995,
            -0.1444520354270935
        ],
        [
            -0.06561393290758133,
            -0.7973392009735107,
            -0.1496904045343399
        ],
        [
            -0.07054714858531952,
            -0.7389188408851624,
            -0.12343738228082657
        ],
        [
            -0.06712356209754944,
            -0.7307498455047607,
            -0.12269102782011032
        ],
        [
            -0.056101225316524506,
            -0.7405423521995544,
            -0.13542237877845764
        ],
        [
            -0.059214793145656586,
            -0.7495276927947998,
            -0.13537725806236267
        ],
        [
            -0.09668701887130737,
            -0.7831082344055176,
            -0.15786349773406982
        ],
        [
            -0.13005287945270538,
            -0.8368931412696838,
            -0.16957055032253265
        ],
        [
            -0.14052897691726685,
            -0.831920862197876,
            -0.16767993569374084
        ],
        [
            -0.12059730291366577,
            -0.8270907402038574,
            -0.16924777626991272
        ],
        [
            -0.13819639384746552,
            -0.8994730710983276,
            -0.17375607788562775
        ],
        [
            -0.15251976251602173,
            -0.8877221941947937,
            -0.17203453183174133
        ],
        [
            -0.13855965435504913,
            -0.877002477645874,
            -0.17521604895591736
        ],
        [
            -0.1270839124917984,
            -0.8892495632171631,
            -0.1773078739643097
        ],
        [
            -0.1678754985332489,
            -0.926567792892456,
            -0.15294359624385834
        ],
        [
            -0.1848241239786148,
            -0.9039160013198853,
            -0.15461251139640808
        ],
        [
            -0.17032088339328766,
            -0.8978607654571533,
            -0.16383203864097595
        ],
        [
            -0.1556890606880188,
            -0.914961576461792,
            -0.16395197808742523
        ],
        [
            -0.11508525907993317,
            -0.8965815305709839,
            -0.17683354020118713
        ],
        [
            -0.10002444684505463,
            -0.9061310291290283,
            -0.17382065951824188
        ],
        [
            -0.10167032480239868,
            -0.9230921268463135,
            -0.17017164826393127
        ],
        [
            -0.12192264199256897,
            -0.9136611223220825,
            -0.17328611016273499
        ],
        [
            -0.10723572969436646,
            -0.9446260929107666,
            -0.15961074829101562
        ],
        [
            -0.13200269639492035,
            -0.9333096742630005,
            -0.16290512681007385
        ],
        [
            -0.053762614727020264,
            -0.7882242798805237,
            -0.14395153522491455
        ],
        [
            -0.05681716650724411,
            -0.8078294396400452,
            -0.14663150906562805
        ],
        [
            -0.06472370773553848,
            -0.7588487863540649,
            -0.1365978717803955
        ],
        [
            -0.0515868216753006,
            -0.7722759246826172,
            -0.14197173714637756
        ],
        [
            -0.11353406310081482,
            -0.9607645273208618,
            -0.14302724599838257
        ],
        [
            -0.1428021788597107,
            -0.94832444190979,
            -0.14747557044029236
        ],
        [
            -0.049196094274520874,
            -0.90871262550354,
            -0.1530066728591919
        ],
        [
            -0.06401754915714264,
            -0.9206058382987976,
            -0.1578630805015564
        ],
        [
            -0.0702541321516037,
            -0.9020990133285522,
            -0.1660936325788498
        ],
        [
            -0.055929988622665405,
