{
    "pred_cam": [
        1.3980088233947754,
        0.16061881184577942,
        0.2815077602863312
    ],
    "pred_smpl_params": {
        "global_orient": [
            [
                [
                    -0.552789568901062,
                    0.11746729910373688,
                    -0.824999988079071
                ],
                [
                    0.2245604693889618,
                    -0.9323928356170654,
                    -0.2832246422767639
                ],
                [
                    -0.8024937510490417,
                    -0.34182605147361755,
                    0.48903852701187134
                ]
            ]
        ],
        "body_pose": [
            [
                [
                    0.996974527835846,
                    0.06967810541391373,
                    0.03445008024573326
                ],
                [
                    -0.07478414475917816,
                    0.9806904792785645,
                    0.1807025969028473
                ],
                [
                    -0.021193852648139,
                    -0.18273219466209412,
                    0.9829342365264893
                ]
            ],
            [
                [
                    0.9849115014076233,
                    0.14559364318847656,
                    -0.09355124086141586
                ],
                [
                    -0.13303835690021515,
                    0.9827114343643188,
                    0.12875895202159882
                ],
                [
                    0.11068037897348404,
                    -0.11437027156352997,
                    0.9872533082962036
                ]
            ],
            [
                [
                    0.9947918057441711,
                    -0.0642031654715538,
                    0.07916534692049026
                ],
                [
                    0.08111079037189484,
                    0.9689964652061462,
                    -0.23338136076927185
                ],
                [
                    -0.061727121472358704,
                    0.23858705163002014,
                    0.969157338142395
                ]
            ],
            [
                [
                    0.9902495741844177,
                    0.1386851966381073,
                    0.01312314160168171
                ],
                [
                    -0.13778096437454224,
                    0.9889578819274902,
                    -0.05457877367734909
                ],
                [
                    -0.020547499880194664,
                    0.05223848670721054,
                    0.9984232783317566
                ]
            ],
            [
                [
                    0.9998802542686462,
                    0.014606688171625137,
                    0.005123128183186054
                ],
                [
                    -0.014331063255667686,
                    0.9986343383789062,
                    -0.05023951828479767
                ],
                [
                    -0.005849964451044798,
                    0.05016007646918297,
                    0.998724102973938
                ]
            ],
            [
                [
                    0.9979932308197021,
                    -0.009868746623396873,
                    0.06254738569259644
                ],
                [
                    0.01288858987390995,
                    0.9987611174583435,
                    -0.04806281253695488
                ],
                [
                    -0.06199558079242706,
                    0.048772506415843964,
                    0.9968840479850769
                ]
            ],
            [
                [
                    0.9903957843780518,
                    0.05365345627069473,
                    0.1274261474609375
                ],
                [
                    -0.049478285014629364,
                    0.9981366395950317,
                    -0.035709887742996216
                ],
                [
                    -0.12910465896129608,
                    0.029062094166874886,
                    0.9912049770355225
                ]
            ],
            [
                [
                    0.9817609786987305,
                    -0.016382522881031036,
                    -0.1894121617078781
                ],
                [
                    0.022052999585866928,
                    0.9993683099746704,
                    0.027868328616023064
                ],
                [
                    0.1888359636068344,
                    -0.031537145376205444,
                    0.981502115726471
                ]
            ],
            [
                [
                    0.9978204965591431,
                    0.004398148041218519,
                    0.06583897024393082
                ],
                [
                    0.0011543766595423222,
                    0.9964600205421448,
                    -0.08406034857034683
                ],
                [
                    -0.0659756064414978,
                    0.08395315706729889,
                    0.994283139705658
                ]
            ],
            [
                [
                    0.9902224540710449,
                    -0.09635638445615768,
                    0.100871741771698
                ],
                [
                    0.09893932938575745,
                    0.9948737025260925,
                    -0.020912274718284607
                ],
                [
                    -0.09833961725234985,
                    0.030687978491187096,
                    0.9946796894073486
                ]
            ],
            [
                [
                    0.9977309107780457,
                    0.06716092675924301,
                    -0.004744179546833038
                ],
                [
                    -0.0670657604932785,
                    0.9975866079330444,
                    0.017974821850657463
                ],
                [
                    0.005939936265349388,
                    -0.01761586219072342,
                    0.9998272061347961
                ]
            ],
            [
                [
                    0.9330437779426575,
                    -0.03548610210418701,
                    0.35800814628601074
                ],
                [
                    0.07101362943649292,
                    0.9937108755111694,
                    -0.08657874166965485
                ],
                [
                    -0.3526841998100281,
                    0.10620523244142532,
                    0.929695725440979
                ]
            ],
            [
                [
                    0.9183145761489868,
                    0.29271137714385986,
                    -0.2664925456047058
                ],
                [
                    -0.27437400817871094,
                    0.955927848815918,
                    0.1045030727982521
                ],
                [
                    0.2853368818759918,
                    -0.022848078981041908,
                    0.9581548571586609
                ]
            ],
            [
                [
                    0.9149618744850159,
                    -0.27988332509994507,
                    0.29070600867271423
                ],
                [
                    0.2715090215206146,
                    0.9599133729934692,
                    0.06963518261909485
                ],
                [
                    -0.2985423505306244,
                    0.015215765684843063,
                    0.9542750120162964
                ]
            ],
            [
                [
                    0.963094174861908,
                    0.12857107818126678,
                    0.2364725023508072
                ],
                [
                    -0.035714875906705856,
                    0.9318144917488098,
                    -0.36117348074913025
                ],
                [
                    -0.2667849361896515,
                    0.33939841389656067,
                    0.9020169973373413
                ]
            ],
            [
                [
                    0.6702113151550293,
                    0.5945135951042175,
                    -0.4442638158798218
                ],
                [
                    -0.6348087191581726,
                    0.7693222165107727,
                    0.07184141874313354
                ],
                [
                    0.3844927251338959,
                    0.23387360572814941,
                    0.8930108547210693
                ]
            ],
            [
                [
                    0.540734052658081,
                    -0.6236014366149902,
                    0.564560055732727
                ],
                [
                    0.7018567323684692,
                    0.7044109106063843,
                    0.10584141314029694
                ],
                [
                    -0.4636850953102112,
                    0.3390082120895386,
                    0.8185778260231018
                ]
            ],
            [
                [
                    0.6654258370399475,
                    -0.08267831802368164,
                    -0.7418711185455322
                ],
                [
                    0.004934963770210743,
                    0.9943127632141113,
                    -0.10638535767793655
                ],
                [
                    0.7464476227760315,
                    0.0671304315328598,
                    0.662049412727356
                ]
            ],
            [
                [
                    0.24955961108207703,
                    0.21760636568069458,
                    0.9435929656028748
                ],
                [
                    -0.051328204572200775,
                    0.9760269522666931,
                    -0.21151097118854523
                ],
                [
                    -0.9669982194900513,
                    0.004351696465164423,
                    0.2547462582588196
                ]
            ],
            [
                [
                    0.9921994805335999,
                    -0.10877435654401779,
                    -0.060896873474121094
                ],
                [
                    0.11184331029653549,
                    0.9924933910369873,
                    0.049477703869342804
                ],
                [
                    0.0550578348338604,
                    -0.05590265616774559,
                    0.9969171285629272
                ]
            ],
            [
                [
                    0.9894377589225769,
                    0.09618845582008362,
                    0.10844679176807404
                ],
                [
                    -0.11331834644079208,
                    0.9797878861427307,
                    0.16484729945659637
                ],
                [
                    -0.09039844572544098,
                    -0.1753951609134674,
                    0.9803390502929688
                ]
            ],
            [
                [
                    0.9863390326499939,
                    0.13906994462013245,
                    -0.08828793466091156
                ],
                [
                    -0.126902773976326,
                    0.9832236766815186,
                    0.13102209568023682
                ],
                [
                    0.10502803325653076,
                    -0.11802823096513748,
                    0.9874402284622192
                ]
            ],
            [
                [
                    0.9815325140953064,
                    -0.17753802239894867,
                    0.0712335929274559
                ],
                [
                    0.16901367902755737,
                    0.9792545437812805,
                    0.11178036779165268
                ],
                [
                    -0.08960109204053879,
                    -0.0976766049861908,
                    0.9911765456199646
                ]
            ]
        ],
        "betas": [
            -0.21878311038017273,
            -0.2461945116519928,
            0.3837909996509552,
            0.9045406579971313,
            0.21513043344020844,
            -0.04624467343091965,
            -0.021069377660751343,
            0.002768993377685547,
            0.052767857909202576,
            -0.02407097816467285
        ]
    },
    "pred_cam_t": [
        0.16061881184577942,
        0.2815077602863312,
        27.941526412963867
    ],
    "focal_length": [
        5000.0,
        5000.0
    ],
    "pred_keypoints_3d": [
        [
            -0.17932651937007904,
            -0.7759491205215454,
            -0.10882633179426193
        ],
        [
            0.0013330131769180298,
            -0.7318423986434937,
            -0.07998482137918472
        ],
        [
            0.061074960976839066,
            -0.6650556325912476,
            0.10348183661699295
        ],
        [
            -0.0035668574273586273,
            -0.45513126254081726,
            0.21745775640010834
        ],
        [
            -0.24348193407058716,
            -0.44337233901023865,
            0.1555553376674652
        ],
        [
            -0.0742078423500061,
            -0.6123790144920349,
            -0.22344465553760529
        ],
        [
            -0.18618419766426086,
            -0.3851592242717743,
            -0.23977909982204437
        ],
        [
            -0.36357831954956055,
            -0.3045509457588196,
            -0.0951160192489624
        ],
        [
            -0.002230405807495117,
            -0.23169946670532227,
            0.0281093567609787
        ],
        [
            0.0276777483522892,
            -0.1612863838672638,
            0.11066489666700363
        ],
        [
            0.009586241096258163,
            0.14595338702201843,
            0.319444477558136
        ],
        [
            -0.00048050656914711,
            0.4992341101169586,
            0.47507038712501526
        ],
        [
            -0.045428063720464706,
            -0.12918558716773987,
            0.0009818412363529205
        ],
        [
            -0.14219412207603455,
            0.18892747163772583,
            0.14777666330337524
        ],
        [
            -0.14015375077724457,
            0.5135364532470703,
            0.3560652434825897
        ],
        [
            -0.17487314343452454,
            -0.82567298412323,
            -0.07306566089391708
        ],
        [
            -0.16092686355113983,
            -0.8259313106536865,
            -0.13822323083877563
        ],
        [
            -0.09319713711738586,
            -0.8553438186645508,
            -0.010377347469329834
        ],
        [
            -0.06503723561763763,
            -0.8560318946838379,
            -0.15793384611606598
        ],
        [
            -0.3147520422935486,
            0.504502534866333,
            0.45613381266593933
        ],
        [
            -0.2992020845413208,
            0.5521442890167236,
            0.3893738389015198
        ],
        [
            -0.09339923411607742,
            0.5612289905548096,
            0.35107317566871643
        ],
        [
            -0.1361352652311325,
            0.4617968797683716,
            0.613847553730011
        ],
        [
            -0.050180062651634216,
            0.464115709066391,
            0.6344985961914062
        ],
        [
            0.034114886075258255,
            0.559393048286438,
            0.4625931978225708
        ],
        [
            0.037923216819763184,
            0.46010148525238037,
            0.4488963782787323
        ],
        [
            0.01338410284370184,
            0.08990222215652466,
            0.2846914529800415
        ],
        [
            0.09065556526184082,
            -0.2920278012752533,
            0.12802791595458984
        ],
        [
            -0.059515438973903656,
            -0.20655976235866547,
            -0.10760822892189026
        ],
        [
            -0.1383403092622757,
            0.15492041409015656,
            0.11850766837596893
        ],
        [
            -0.11992060393095016,
            0.4968743622303009,
            0.3210606575012207
        ],
        [
            -0.22154530882835388,
            -0.47356852889060974,
            0.143646702170372
        ],
        [
            -0.019028227776288986,
            -0.4915507435798645,
            0.2312804013490677
        ],
        [
            0.04746409133076668,
            -0.6898609399795532,
            0.06691743433475494
        ],
        [
            -0.05634456127882004,
            -0.6480918526649475,
            -0.2120467722415924
        ],
        [
            -0.2138693630695343,
            -0.4266473054885864,
            -0.24692320823669434
        ],
        [
            -0.36275714635849,
            -0.32648003101348877,
            -0.1006975993514061
        ],
        [
            -0.006995528005063534,
            -0.7220108509063721,
            -0.07920247316360474
        ],
        [
            -0.11650566011667252,
            -0.8965764045715332,
            -0.09602492302656174
        ],
        [
            0.015226462855935097,
            -0.24973824620246887,
            0.009479019790887833
        ],
        [
            -0.0034628575667738914,
            -0.6656397581100464,
            -0.06970547884702682
        ],
        [
            0.038181159645318985,
            -0.4925062954425812,
            -0.05239730700850487
        ],
        [
            -0.09854759275913239,
            -0.7827938795089722,
            -0.09548505395650864
        ],
        [
            -0.11753273010253906,
            -0.9167063236236572,
            -0.09308770298957825
        ]
    ],
    "pred_vertices": [
        [
            -0.17933756113052368,
            -0.8687534332275391,
            -0.15426188707351685
        ],
        [
            -0.18062695860862732,
            -0.8524558544158936,
            -0.14871175587177277
        ],
        [
            -0.1686573624610901,
            -0.8532518148422241,
            -0.15712511539459229
        ],
        [
            -0.16382038593292236,
            -0.8666481971740723,
            -0.16157229244709015
        ],
        [
            -0.17090478539466858,
            -0.8421863317489624,
            -0.15384316444396973
        ],
        [
            -0.1793520301580429,
            -0.8407113552093506,
            -0.14566707611083984
        ],
        [
            -0.15545371174812317,
            -0.851672887802124,
            -0.1612471044063568
        ],
        [
            -0.14803843200206757,
            -0.8623975515365601,
            -0.164701908826828
        ],
        [
            -0.12908045947551727,
            -0.8239713907241821,
            -0.1605960726737976
        ],
        [
            -0.11836130172014236,
            -0.8238904476165771,
            -0.16252577304840088
        ],
        [
            -0.12495944648981094,
            -0.8345459699630737,
            -0.16348645091056824
        ],
        [
            -0.13403962552547455,
            -0.8318303823471069,
            -0.16044887900352478
        ],
        [
            -0.11592710763216019,
            -0.8019286394119263,
            -0.15636304020881653
        ],
        [
            -0.12067238241434097,
            -0.7900421619415283,
            -0.15113528072834015
        ],
        [
            -0.10814148187637329,
            -0.7857853174209595,
            -0.150650292634964
        ],
        [
            -0.1023523211479187,
            -0.7976257801055908,
            -0.1545300930738449
        ],
        [
            -0.15374045073986053,
            -0.793142557144165,
            -0.12585395574569702
        ],
        [
            -0.14901089668273926,
            -0.7875562906265259,
            -0.13025984168052673
        ],
        [
            -0.15025463700294495,
            -0.7939680218696594,
            -0.13458466529846191
        ],
        [
            -0.15448132157325745,
            -0.7989519834518433,
            -0.12932947278022766
        ],
        [
            -0.16515962779521942,
            -0.7995345592498779,
            -0.119448721408844
        ],
        [
            -0.1641966551542282,
            -0.8058902621269226,
            -0.12032323330640793
        ],
        [
            -0.17146481573581696,
            -0.807209849357605,
            -0.11727291345596313
        ],
        [
            -0.17285536229610443,
            -0.7998558878898621,
            -0.11738349497318268
        ],
        [
            -0.15277156233787537,
            -0.7883235812187195,
            -0.12007278949022293
        ],
        [
            -0.14750292897224426,
            -0.7827558517456055,
            -0.12460470199584961
        ],
        [
            -0.15828680992126465,
            -0.7976781129837036,
            -0.12223604321479797
        ],
        [
            -0.15901198983192444,
            -0.7927977442741394,
            -0.12056306004524231
        ],
        [
            -0.16662314534187317,
            -0.7830462455749512,
            -0.11951672285795212
        ],
        [
            -0.16686737537384033,
            -0.7879414558410645,
            -0.1212330013513565
        ],
        [
            -0.17420493066310883,
            -0.786088764667511,
            -0.11976180970668793
        ],
        [
            -0.17169728875160217,
            -0.7812708020210266,
            -0.11769811809062958
        ],
        [
            -0.15730610489845276,
            -0.7860952615737915,
            -0.12034978717565536
        ],
        [
            -0.16087687015533447,
            -0.7877346277236938,
            -0.12177412211894989
        ],
        [
            -0.16204451024532318,
            -0.7833643555641174,
            -0.11952251195907593
        ],
        [
            -0.15863743424415588,
            -0.782659649848938,
            -0.11706629395484924
        ],
        [
            -0.16607354581356049,
            -0.7945060729980469,
            -0.11931529641151428
        ],
        [
            -0.17384183406829834,
            -0.793347954750061,
            -0.11835794150829315
        ],
        [
            -0.18161284923553467,
            -0.7917172312736511,
            -0.11619869619607925
        ],
        [
            -0.18114884197711945,
            -0.7828068733215332,
            -0.11683180928230286
        ],
        [
            -0.13544772565364838,
            -0.7778334617614746,
            -0.13797573745250702
        ],
        [
            -0.14301258325576782,
            -0.7824040651321411,
            -0.1350003480911255
        ],
        [
            -0.14232563972473145,
            -0.7779663801193237,
            -0.1293279528617859
        ],
        [
            -0.1365600973367691,
            -0.774065375328064,
            -0.13273434340953827
        ],
        [
            -0.15409120917320251,
            -0.7812336683273315,
            -0.11696584522724152
        ],
        [
            -0.14695747196674347,
            -0.7669023871421814,
            -0.11858393251895905
        ],
        [
            -0.14857980608940125,
            -0.7702871561050415,
            -0.11936743557453156
        ],
        [
            -0.15387168526649475,
            -0.7693754434585571,
            -0.11456083506345749
        ],
        [
            -0.15200957655906677,
            -0.7662943005561829,
            -0.11435046046972275
        ],
        [
            -0.1207544207572937,
            -0.7685070037841797,
            -0.13943807780742645
        ],
        [
            -0.12550494074821472,
            -0.7656283974647522,
            -0.13471639156341553
        ],
        [
            -0.1203395277261734,
            -0.7604609727859497,
            -0.13373351097106934
        ],
        [
            -0.1142100840806961,
            -0.7627498507499695,
            -0.13725854456424713
        ],
        [
            -0.11780502647161484,
            -0.7556505799293518,
            -0.13000190258026123
        ],
        [
            -0.1089479848742485,
            -0.7570329308509827,
            -0.1339220106601715
        ],
        [
            -0.10578323900699615,
            -0.743952751159668,
            -0.12282741069793701
        ],
        [
            -0.1068364754319191,
            -0.7498055696487427,
            -0.12832556664943695
        ],
        [
            -0.11685759574174881,
            -0.750397801399231,
            -0.1253034472465515
        ],
        [
            -0.11874844133853912,
            -0.7443645000457764,
            -0.11996649205684662
        ],
        [
            -0.13052980601787567,
            -0.7451229691505432,
            -0.11138090491294861
        ],
        [
            -0.1336667835712433,
            -0.7429354190826416,
            -0.10611271858215332
        ],
        [
            -0.12579460442066193,
            -0.7327795028686523,
            -0.1083192452788353
        ],
        [
            -0.12258607894182205,
            -0.7374399304389954,
            -0.11390364170074463
        ],
        [
            -0.1406872570514679,
            -0.7634242177009583,
            -0.11616001278162003
        ],
        [
            -0.13735392689704895,
            -0.7646489143371582,
            -0.119417205452919
        ],
        [
            -0.13989466428756714,
            -0.7649667263031006,
            -0.12049597501754761
        ],
        [
            -0.14415216445922852,
            -0.7646178007125854,
            -0.11740905791521072
        ],
        [
            -0.13479748368263245,
            -0.7651911973953247,
            -0.12256236374378204
        ],
        [
            -0.1336452215909958,
            -0.7653223276138306,
            -0.12397260963916779
        ],
        [
            -0.13530679047107697,
            -0.7659204602241516,
            -0.12426263093948364
        ],
        [
            -0.13556548953056335,
            -0.7656155824661255,
            -0.1229611486196518
        ],
        [
            -0.13643231987953186,
            -0.7650320529937744,
            -0.12108026444911957
        ],
        [
            -0.13619865477085114,
            -0.7631669044494629,
            -0.11982889473438263
        ],
        [
            -0.1351173371076584,
            -0.7642586827278137,
            -0.1216583177447319
        ],
        [
            -0.1391695886850357,
            -0.7611971497535706,
            -0.11692006886005402
        ],
        [
            -0.14815223217010498,
            -0.7559226155281067,
            -0.10636971890926361
        ],
        [
            -0.1462140828371048,
            -0.7568367123603821,
            -0.10959844291210175
        ],
        [
            -0.14745260775089264,
            -0.761276125907898,
            -0.1084984689950943
        ],
        [
            -0.14926615357398987,
            -0.7607167959213257,
            -0.10586019605398178
        ],
        [
            -0.13810443878173828,
            -0.7668335437774658,
            -0.12367912381887436
        ],
        [
            -0.13769535720348358,
            -0.7684551477432251,
            -0.1258053183555603
        ],
        [
            -0.14266037940979004,
            -0.7694575190544128,
            -0.12330368161201477
        ],
        [
            -0.1413433700799942,
            -0.7671912908554077,
            -0.12162068486213684
        ],
        [
            -0.13753452897071838,
            -0.7702665328979492,
            -0.1288246512413025
        ],
        [
            -0.134714737534523,
            -0.7673432230949402,
            -0.1264885812997818
        ],
        [
            -0.133817657828331,
            -0.7682522535324097,
            -0.12953826785087585
        ],
        [
            -0.13302278518676758,
            -0.7637721300125122,
            -0.12311821430921555
        ],
        [
            -0.13033895194530487,
            -0.7630234956741333,
            -0.1251785159111023
        ],
        [
            -0.13223052024841309,
            -0.7648916244506836,
            -0.12643660604953766
        ],
        [
            -0.1299043744802475,
            -0.7598123550415039,
            -0.12283152341842651
        ],
        [
            -0.13370680809020996,
            -0.7616105079650879,
            -0.12058144807815552
        ],
        [
            -0.13625478744506836,
            -0.7586835622787476,
            -0.11762752383947372
        ],
        [
            -0.13973930478096008,
            -0.7556549310684204,
            -0.11385501176118851
        ],
        [
            -0.13449349999427795,
            -0.7526532411575317,
            -0.11478468775749207
        ],
        [
            -0.13156625628471375,
            -0.7561084032058716,
            -0.11924473941326141
        ],
        [
            -0.1431298404932022,
            -0.7733803987503052,
            -0.12571778893470764
        ],
        [
            -0.1293032020330429,
            -0.7651337385177612,
            -0.13001514971256256
        ],
        [
            -0.13114675879478455,
            -0.7707549333572388,
            -0.1341187059879303
        ],
        [
            -0.12631815671920776,
            -0.7613216042518616,
            -0.12895146012306213
        ],
        [
            -0.12464342266321182,
            -0.7574488520622253,
            -0.1260906606912613
        ],
        [
            -0.12530472874641418,
            -0.7531045079231262,
            -0.12148179858922958
        ],
        [
            -0.1277075707912445,
            -0.7488062381744385,
            -0.1167089194059372
        ],
        [
            -0.11184417456388474,
            -0.7295917868614197,
            -0.10648223757743835
        ],
        [
            -0.10942233353853226,
            -0.7355866432189941,
            -0.11423119157552719
        ],
        [
            -0.173881396651268,
            -0.8351097106933594,
            -0.14181965589523315
        ],
        [
            -0.16910859942436218,
            -0.8355693817138672,
            -0.14965254068374634
        ],
        [
            -0.1613527238368988,
            -0.8306318521499634,
            -0.14784707129001617
        ],
        [
            -0.1617562174797058,
            -0.8327382802963257,
            -0.14965775609016418
        ],
        [
            -0.16663214564323425,
            -0.8325705528259277,
            -0.14573976397514343
        ],
        [
            -0.1647634208202362,
            -0.8302581906318665,
            -0.14462614059448242
        ],
        [
            -0.14123624563217163,
            -0.831042468547821,
            -0.1563277393579483
        ],
        [
            -0.1471807062625885,
            -0.8305997848510742,
            -0.15288665890693665
        ],
        [
            -0.14421522617340088,
            -0.8278998136520386,
            -0.15209728479385376
        ],
        [
            -0.13751068711280823,
            -0.8253437280654907,
            -0.15681537985801697
        ],
        [
            -0.14870107173919678,
            -0.8180574774742126,
            -0.14561837911605835
        ],
        [
            -0.14547806978225708,
            -0.8206437230110168,
            -0.14911577105522156
        ],
        [
            -0.15155912935733795,
            -0.8253095149993896,
            -0.14712589979171753
        ],
        [
            -0.1539558619260788,
            -0.8234262466430664,
            -0.14466196298599243
        ],
        [
            -0.15617990493774414,
            -0.8221904039382935,
            -0.1414274275302887
        ],
        [
            -0.15842580795288086,
            -0.8216352462768555,
            -0.13755086064338684
        ],
        [
            -0.15537835657596588,
            -0.8171690702438354,
            -0.13727477192878723
        ],
        [
            -0.15217268466949463,
            -0.8171436786651611,
            -0.14154306054115295
        ],
        [
            -0.16962796449661255,
            -0.8330308198928833,
            -0.14002716541290283
        ],
        [
            -0.1709308624267578,
            -0.8323987722396851,
            -0.13266707956790924
        ],
        [
            -0.16842815279960632,
            -0.8300670385360718,
            -0.13360193371772766
        ],
        [
            -0.16768524050712585,
            -0.8303141593933105,
            -0.13970312476158142
        ],
        [
            -0.16369372606277466,
            -0.8265842795372009,
            -0.121808260679245
        ],
        [
            -0.16547495126724243,
            -0.8281946778297424,
            -0.12353430688381195
        ],
        [
            -0.1679656058549881,
            -0.8289564847946167,
            -0.12056510150432587
        ],
        [
            -0.1654113531112671,
            -0.8254508376121521,
            -0.11899257451295853
        ],
        [
            -0.1635606288909912,
            -0.8227094411849976,
            -0.12096372246742249
        ],
        [
            -0.16300520300865173,
            -0.8248962163925171,
            -0.12302692979574203
        ],
        [
            -0.18958844244480133,
            -0.8884999752044678,
            -0.14737218618392944
        ],
        [
            -0.19136962294578552,
            -0.8703067302703857,
            -0.14309513568878174
        ],
        [
            -0.17210771143436432,
            -0.8881282210350037,
            -0.15800607204437256
        ],
        [
            -0.15508392453193665,
            -0.8836864233016968,
            -0.16350845992565155
        ],
        [
            -0.13960956037044525,
            -0.8749041557312012,
            -0.16778507828712463
        ],
        [
            -0.11468173563480377,
            -0.7756925821304321,
            -0.1451859176158905
        ],
        [
            -0.10539005696773529,
            -0.7705259919166565,
            -0.1438145637512207
        ],
        [
            -0.09610222280025482,
            -0.7822299599647522,
            -0.1493682861328125
        ],
        [
            -0.08857358992099762,
            -0.7749288082122803,
            -0.14527904987335205
        ],
        [
            -0.09877748042345047,
            -0.762873649597168,
            -0.13952763378620148
        ],
        [
            -0.09345603734254837,
            -0.7460443377494812,
            -0.12336838245391846
        ],
        [
            -0.09483323991298676,
            -0.7541245818138123,
            -0.13288289308547974
        ],
        [
            -0.08196575939655304,
            -0.7672513127326965,
            -0.1391202062368393
        ],
        [
            -0.0712336078286171,
            -0.7848490476608276,
            -0.14565175771713257
        ],
        [
            -0.07999476045370102,
            -0.7887405157089233,
            -0.14975206553936005
        ],
        [
            -0.06523572653532028,
            -0.8046213984489441,
            -0.1484425961971283
        ],
        [
            -0.061130255460739136,
            -0.7811347842216492,
            -0.13860730826854706
        ],
        [
            -0.05850333720445633,
            -0.8073502779006958,
            -0.14343656599521637
        ],
        [
            -0.06371653079986572,
            -0.7483400106430054,
            -0.11836391687393188
        ],
        [
            -0.06013956293463707,
            -0.7401750087738037,
            -0.11765464395284653
        ],
        [
            -0.04848148673772812,
            -0.7503421306610107,
            -0.12969699501991272
        ],
        [
            -0.0518404096364975,
            -0.7592790126800537,
            -0.1296686828136444
        ],
        [
            -0.08957856148481369,
            -0.7931677103042603,
            -0.15306192636489868
        ],
        [
            -0.12270373106002808,
            -0.8469470143318176,
            -0.16516226530075073
        ],
        [
            -0.1331670880317688,
            -0.841956615447998,
            -0.16373345255851746
        ],
        [
            -0.11316652595996857,
            -0.8371884822845459,
            -0.16462761163711548
        ],
        [
            -0.13089051842689514,
            -0.9095981121063232,
            -0.16863644123077393
        ],
        [
            -0.14511506259441376,
            -0.8978421688079834,
            -0.1674211472272873
        ],
        [
            -0.13116906583309174,
            -0.8871293663978577,
            -0.1704699546098709
        ],
        [
            -0.11968256533145905,
            -0.8994171023368835,
            -0.17191514372825623
        ],
        [
            -0.16135381162166595,
            -0.9363802671432495,
            -0.1484762728214264
        ],
        [
            -0.17824527621269226,
            -0.9138069152832031,
            -0.15107876062393188
        ],
        [
            -0.16341429948806763,
            -0.907910943031311,
            -0.15980535745620728
        ],
        [
            -0.14879480004310608,
            -0.9249662756919861,
            -0.15916362404823303
        ],
        [
            -0.10770580172538757,
            -0.9068104028701782,
            -0.17090196907520294
        ],
        [
            -0.0926915854215622,
            -0.9164310097694397,
            -0.1673162579536438
        ],
        [
            -0.09462660551071167,
            -0.9333500862121582,
            -0.16364891827106476
        ],
        [
            -0.11470356583595276,
            -0.9237161874771118,
            -0.1674657166004181
        ],
        [
            -0.10065174102783203,
            -0.954814076423645,
            -0.15295004844665527
        ],
        [
            -0.12523654103279114,
            -0.9433960914611816,
            -0.15714140236377716
        ],
        [
            -0.04662585258483887,
            -0.7981973886489868,
            -0.13739356398582458
        ],
        [
            -0.0497375950217247,
            -0.8177083730697632,
            -0.1400086134672165
        ],
        [
            -0.05763368308544159,
            -0.7686132788658142,
            -0.13095825910568237
        ],
        [
            -0.044199347496032715,
            -0.7822884321212769,
            -0.1355406939983368
        ],
        [
            -0.10756641626358032,
            -0.9709048271179199,
            -0.13636663556098938
        ],
        [
            -0.13665486872196198,
            -0.9582265615463257,
            -0.14181657135486603
        ],
        [
            -0.04257360100746155,
            -0.9189436435699463,
            -0.14467079937458038
        ],
        [
            -0.057219311594963074,
            -0.9309256076812744,
            -0.14993567764759064
        ],
        [
            -0.06319327652454376,
            -0.9124284386634827,
            -0.15849098563194275
        ],
        [
