{
    "pred_cam": [
        1.3964343070983887,
        0.1442827433347702,
        0.2861647605895996
    ],
    "pred_smpl_params": {
        "global_orient": [
            [
                [
                    -0.5272677540779114,
                    0.12333423644304276,
                    -0.8407005071640015
                ],
                [
                    0.24295760691165924,
                    -0.9262177348136902,
                    -0.28825730085372925
                ],
                [
                    -0.8142237663269043,
                    -0.356243371963501,
                    0.4583997428417206
                ]
            ]
        ],
        "body_pose": [
            [
                [
                    0.9964407682418823,
                    0.06977277249097824,
                    0.0473036915063858
                ],
                [
                    -0.07730153948068619,
                    0.9801362156867981,
                    0.18264050781726837
                ],
                [
                    -0.033620722591876984,
                    -0.18564708530902863,
                    0.9820412397384644
                ]
            ],
            [
                [
                    0.980018138885498,
                    0.1741393804550171,
                    -0.09612393379211426
                ],
                [
                    -0.16188693046569824,
                    0.9790850877761841,
                    0.1232275515794754
                ],
                [
                    0.11557227373123169,
                    -0.1052040383219719,
                    0.987712025642395
                ]
            ],
            [
                [
                    0.9944716095924377,
                    -0.0718601644039154,
                    0.07656577229499817
                ],
                [
                    0.0874883309006691,
                    0.9702577590942383,
                    -0.22571144998073578
                ],
                [
                    -0.05806886777281761,
                    0.23116223514080048,
                    0.9711807370185852
                ]
            ],
            [
                [
                    0.9864981770515442,
                    0.1611662358045578,
                    0.029100345447659492
                ],
                [
                    -0.15835005044937134,
                    0.9840018153190613,
                    -0.08164381235837936
                ],
                [
                    -0.04179301857948303,
                    0.07593342661857605,
                    0.9962366819381714
                ]
            ],
            [
                [
                    0.9987529516220093,
                    0.03815307840704918,
                    0.03219906985759735
                ],
                [
                    -0.037290818989276886,
                    0.9989405274391174,
                    -0.026968108490109444
                ],
                [
                    -0.03319386765360832,
                    0.02573375217616558,
                    0.9991175532341003
                ]
            ],
            [
                [
                    0.9978834390640259,
                    -0.014902757480740547,
                    0.06329628080129623
                ],
                [
                    0.01801907829940319,
                    0.9986385703086853,
                    -0.048951875418424606
                ],
                [
                    -0.06248059496283531,
                    0.04998881369829178,
                    0.9967934489250183
                ]
            ],
            [
                [
                    0.9915475845336914,
                    0.047710273414850235,
                    0.1206527128815651
                ],
                [
                    -0.04374442994594574,
                    0.9984186291694641,
                    -0.035308919847011566
                ],
                [
                    -0.12214650213718414,
                    0.029732586815953255,
                    0.9920666217803955
                ]
            ],
            [
                [
                    0.9816257357597351,
                    -0.03187324479222298,
                    -0.18813525140285492
                ],
                [
                    0.03418809548020363,
                    0.9993742108345032,
                    0.009071196429431438
                ],
                [
                    0.1877284049987793,
                    -0.015336507000029087,
                    0.9821011424064636
                ]
            ],
            [
                [
                    0.9977107644081116,
                    0.0014312105486169457,
                    0.06761103868484497
                ],
                [
                    0.004484734497964382,
                    0.9961748719215393,
                    -0.08726680278778076
                ],
                [
                    -0.06747731566429138,
                    0.08737023919820786,
                    0.9938879609107971
                ]
            ],
            [
                [
                    0.9900929927825928,
                    -0.08723065257072449,
                    0.11003012210130692
                ],
                [
                    0.09004009515047073,
                    0.9957205057144165,
                    -0.020819177851080894
                ],
                [
                    -0.10774318128824234,
                    0.03052004985511303,
                    0.9937101602554321
                ]
            ],
            [
                [
                    0.996589183807373,
                    0.08222298324108124,
                    -0.007039940916001797
                ],
                [
                    -0.08199521899223328,
                    0.9962359666824341,
                    0.028121190145611763
                ],
                [
                    0.00932565052062273,
                    -0.027448028326034546,
                    0.999579906463623
                ]
            ],
            [
                [
                    0.9411961436271667,
                    -0.04989812895655632,
                    0.3341556787490845
                ],
                [
                    0.08302748203277588,
                    0.992864191532135,
                    -0.08559802174568176
                ],
                [
                    -0.3275000751018524,
                    0.10830862820148468,
                    0.9386228919029236
                ]
            ],
            [
                [
                    0.9205227494239807,
                    0.3009681701660156,
                    -0.2491104155778885
                ],
                [
                    -0.2858419120311737,
                    0.9534843564033508,
                    0.09571843594312668
                ],
                [
                    0.2663310766220093,
                    -0.0169048048555851,
                    0.9637333750724792
                ]
            ],
            [
                [
                    0.9258856177330017,
                    -0.2701652944087982,
                    0.26409560441970825
                ],
                [
                    0.2657475173473358,
                    0.962583065032959,
                    0.05302901193499565
                ],
                [
                    -0.26854056119918823,
                    0.021083950996398926,
                    0.9630375504493713
                ]
            ],
            [
                [
                    0.9660791158676147,
                    0.11866069585084915,
                    0.22937017679214478
                ],
                [
                    -0.027157407253980637,
                    0.9299407601356506,
                    -0.36670511960983276
                ],
                [
                    -0.256814181804657,
                    0.34803709387779236,
                    0.9016188383102417
                ]
            ],
            [
                [
                    0.6504515409469604,
                    0.6109430193901062,
                    -0.4512886106967926
                ],
                [
                    -0.6584725975990295,
                    0.7497159838676453,
                    0.06587628275156021
                ],
                [
                    0.37858498096466064,
                    0.2543118894100189,
                    0.8899431824684143
                ]
            ],
            [
                [
                    0.5529301166534424,
                    -0.6286154389381409,
                    0.546910285949707
                ],
                [
                    0.7163591384887695,
                    0.6938720345497131,
                    0.07328828424215317
                ],
                [
                    -0.42555591464042664,
                    0.3512609004974365,
                    0.8339771628379822
                ]
            ],
            [
                [
                    0.6088323593139648,
                    -0.1034766435623169,
                    -0.7865212559700012
                ],
                [
                    -0.007881990633904934,
                    0.9906184077262878,
                    -0.13642945885658264
                ],
                [
                    0.7932597398757935,
                    0.08926202356815338,
                    0.6023049354553223
                ]
            ],
            [
                [
                    0.14485371112823486,
                    0.24862203001976013,
                    0.9577078819274902
                ],
                [
                    -0.029574546962976456,
                    0.9685719013214111,
                    -0.24696916341781616
                ],
                [
                    -0.9890109896659851,
                    0.007450610864907503,
                    0.14765411615371704
                ]
            ],
            [
                [
                    0.9909946918487549,
                    -0.11781107634305954,
                    -0.06363988667726517
                ],
                [
                    0.12114271521568298,
                    0.9913086891174316,
                    0.05129896476864815
                ],
                [
                    0.05704318359494209,
                    -0.0585465133190155,
                    0.9966536164283752
                ]
            ],
            [
                [
                    0.9878159761428833,
                    0.10518854856491089,
                    0.11469510942697525
                ],
                [
                    -0.12303390353918076,
                    0.9791499376296997,
                    0.16164147853851318
                ],
                [
                    -0.09530089050531387,
                    -0.17378342151641846,
                    0.980161726474762
                ]
            ],
            [
                [
                    0.985185980796814,
                    0.1478072851896286,
                    -0.0869574099779129
                ],
                [
                    -0.13569821417331696,
                    0.9819574952125549,
                    0.13170213997364044
                ],
                [
                    0.104855015873909,
                    -0.11795113980770111,
                    0.9874679446220398
                ]
            ],
            [
                [
                    0.9803041219711304,
                    -0.18517105281352997,
                    0.06866991519927979
                ],
                [
                    0.17594875395298004,
                    0.9767884612083435,
                    0.12217390537261963
                ],
                [
                    -0.08969903737306595,
                    -0.10768519341945648,
                    0.9901303648948669
                ]
            ]
        ],
        "betas": [
            -0.21610578894615173,
            -0.26574602723121643,
            0.3615553081035614,
            0.7942719459533691,
            0.2224387675523758,
            -0.05361517518758774,
            -0.030780702829360962,
            -0.010484650731086731,
            0.05545198917388916,
            -0.01598680019378662
        ]
    },
    "pred_cam_t": [
        0.1442827433347702,
        0.2861647605895996,
        27.97303009033203
    ],
    "focal_length": [
        5000.0,
        5000.0
    ],
    "pred_keypoints_3d": [
        [
            -0.17307499051094055,
            -0.7732506990432739,
            -0.1138206422328949
        ],
        [
            0.007141010835766792,
            -0.728580892086029,
            -0.08592110872268677
        ],
        [
            0.06322938203811646,
            -0.6643469333648682,
            0.09907571971416473
        ],
        [
            0.01051107794046402,
            -0.45314836502075195,
            0.2176799774169922
        ],
        [
            -0.22529271245002747,
            -0.44770392775535583,
            0.140032097697258
        ],
        [
            -0.06317129731178284,
            -0.6077349781990051,
            -0.23131081461906433
        ],
        [
            -0.16661426424980164,
            -0.3760160207748413,
            -0.2460222840309143
        ],
        [
            -0.34233468770980835,
            -0.3064056634902954,
            -0.09348112344741821
        ],
        [
            -0.0021340185776352882,
            -0.23074549436569214,
            0.028437810018658638
        ],
        [
            0.02570950984954834,
            -0.1621633768081665,
            0.11361093819141388
        ],
        [
            0.011660465970635414,
            0.13783791661262512,
            0.33379387855529785
        ],
        [
            0.006959268823266029,
            0.47961166501045227,
            0.5150523781776428
        ],
        [
            -0.04429999366402626,
            -0.12737710773944855,
            0.0017257798463106155
        ],
        [
            -0.14422675967216492,
            0.18860049545764923,
            0.15232989192008972
        ],
        [
            -0.1354094296693802,
            0.5068190693855286,
            0.37133991718292236
        ],
        [
            -0.16832640767097473,
            -0.8228424787521362,
            -0.07793596386909485
        ],
        [
            -0.15500947833061218,
            -0.8233184218406677,
            -0.1432136595249176
        ],
        [
            -0.08615058660507202,
            -0.8522524833679199,
            -0.016146302223205566
        ],
        [
            -0.0592942088842392,
            -0.8534084558486938,
            -0.16372092068195343
        ],
        [
            -0.3139602243900299,
            0.5028703808784485,
            0.46470907330513
        ],
        [
            -0.2936382293701172,
            0.5513323545455933,
            0.39999932050704956
        ],
        [
            -0.08644101768732071,
            0.5523402690887451,
            0.36939680576324463
        ],
        [
            -0.13498002290725708,
            0.44012650847435,
            0.6465588808059692
        ],
        [
            -0.049883607774972916,
            0.437865287065506,
            0.6704922318458557
        ],
        [
            0.04401329159736633,
            0.5393099784851074,
            0.507217526435852
        ],
        [
            0.04485674947500229,
            0.44122928380966187,
            0.48747020959854126
        ],
        [
            0.014879487454891205,
            0.08344872295856476,
            0.296575129032135
        ],
        [
            0.0874321311712265,
            -0.2937723994255066,
            0.13028188049793243
        ],
        [
            -0.05555485561490059,
            -0.20238175988197327,
            -0.10933394730091095
        ],
        [
            -0.1398138403892517,
            0.15534713864326477,
            0.12231038510799408
        ],
        [
            -0.11468307673931122,
            0.49021780490875244,
            0.33637601137161255
        ],
        [
            -0.201190784573555,
            -0.47702717781066895,
            0.12916436791419983
        ],
        [
            -0.006906104274094105,
            -0.49007782340049744,
            0.23064938187599182
        ],
        [
            0.05057257041335106,
            -0.6883348226547241,
            0.0624379925429821
        ],
        [
            -0.04610282927751541,
            -0.6436326503753662,
            -0.2189916968345642
        ],
        [
            -0.19541403651237488,
            -0.4172881245613098,
            -0.25438496470451355
        ],
        [
            -0.34100064635276794,
            -0.32829058170318604,
            -0.10043647885322571
        ],
        [
            -0.0012954510748386383,
            -0.7191619873046875,
            -0.08549319952726364
        ],
        [
            -0.10998271405696869,
            -0.8938575387001038,
            -0.10109896212816238
        ],
        [
            0.015599524602293968,
            -0.24855925142765045,
            0.009667681530117989
        ],
        [
            0.0026606647297739983,
            -0.6627265214920044,
            -0.07545308768749237
        ],
        [
            0.041793178766965866,
            -0.4894292652606964,
            -0.055155158042907715
        ],
        [
            -0.0924767404794693,
            -0.7800114154815674,
            -0.10126356780529022
        ],
        [
            -0.11100494116544724,
            -0.9139459133148193,
            -0.09799869358539581
        ]
    ],
    "pred_vertices": [
        [
            -0.17362886667251587,
            -0.8662611246109009,
            -0.158936008810997
        ],
        [
            -0.17485971748828888,
            -0.8499529361724854,
            -0.15342719852924347
        ],
        [
            -0.16299092769622803,
            -0.850765585899353,
            -0.16198119521141052
        ],
        [
            -0.15809181332588196,
            -0.8642117977142334,
            -0.16636794805526733
        ],
        [
            -0.16514432430267334,
            -0.8397010564804077,
            -0.15867041051387787
        ],
        [
            -0.17350763082504272,
            -0.8381657600402832,
            -0.150405615568161
        ],
        [
            -0.14978820085525513,
            -0.8491700291633606,
            -0.1662464439868927
        ],
        [
            -0.14235657453536987,
            -0.8599660396575928,
            -0.1697060912847519
        ],
        [
            -0.12335680425167084,
            -0.8214601874351501,
            -0.16591569781303406
        ],
        [
            -0.11261802911758423,
            -0.8213761448860168,
            -0.16791418194770813
        ],
        [
            -0.11923177540302277,
            -0.8320360779762268,
            -0.16879627108573914
        ],
        [
            -0.12830600142478943,
            -0.8293150663375854,
            -0.1656903326511383
        ],
        [
            -0.11015892028808594,
            -0.7994271516799927,
            -0.16185960173606873
        ],
        [
            -0.11488362401723862,
            -0.787502110004425,
            -0.156633198261261
        ],
        [
            -0.10232876986265182,
            -0.7832447290420532,
            -0.15623416006565094
        ],
        [
            -0.09656700491905212,
            -0.7950807809829712,
            -0.16011756658554077
        ],
        [
            -0.14773006737232208,
            -0.7904701232910156,
            -0.13106852769851685
        ],
        [
            -0.14305880665779114,
            -0.784900426864624,
            -0.13555458188056946
        ],
        [
            -0.14434638619422913,
            -0.7913267612457275,
            -0.13984984159469604
        ],
        [
            -0.14850905537605286,
            -0.7962932586669922,
            -0.1345164179801941
        ],
        [
            -0.15902911126613617,
            -0.7968598008155823,
            -0.12449487298727036
        ],
        [
            -0.1580895185470581,
            -0.8032165765762329,
            -0.12534666061401367
        ],
        [
            -0.16529202461242676,
            -0.8045446276664734,
            -0.12219645082950592
        ],
        [
            -0.1666731834411621,
            -0.797199547290802,
            -0.12232711911201477
        ],
        [
            -0.14665284752845764,
            -0.7856624126434326,
            -0.12528999149799347
        ],
        [
            -0.14145590364933014,
            -0.7801189422607422,
            -0.12992340326309204
        ],
        [
            -0.1522127389907837,
            -0.7949988842010498,
            -0.12737628817558289
        ],
        [
            -0.15289390087127686,
            -0.790124773979187,
            -0.12571075558662415
        ],
        [
            -0.16045084595680237,
            -0.7803914546966553,
            -0.1246006190776825
        ],
        [
            -0.16070672869682312,
            -0.7852989435195923,
            -0.12628516554832458
        ],
        [
            -0.16801849007606506,
            -0.7834581732749939,
            -0.12473365664482117
        ],
        [
            -0.16550084948539734,
            -0.7786229252815247,
            -0.12273093312978745
        ],
        [
            -0.15116536617279053,
            -0.7834341526031494,
            -0.12551265954971313
        ],
        [
            -0.15473739802837372,
            -0.7850770950317383,
            -0.12688861787319183
        ],
        [
            -0.1558825969696045,
            -0.780701756477356,
            -0.12464086711406708
        ],
        [
            -0.1524542272090912,
            -0.7800054550170898,
            -0.12222032994031906
        ],
        [
            -0.1599126160144806,
            -0.7918380498886108,
            -0.12435106933116913
        ],
        [
            -0.16764545440673828,
            -0.7907029390335083,
            -0.12330427765846252
        ],
        [
            -0.1753782331943512,
            -0.789088249206543,
            -0.12106350064277649
        ],
        [
            -0.17494335770606995,
            -0.7801777124404907,
            -0.12177290767431259
        ],
        [
            -0.12953609228134155,
            -0.7752403020858765,
            -0.14342854917049408
        ],
        [
            -0.13708695769309998,
            -0.7797760963439941,
            -0.1403735876083374
        ],
        [
            -0.13632671535015106,
            -0.7753456830978394,
            -0.1347132921218872
        ],
        [
            -0.13058672845363617,
            -0.7714745402336121,
            -0.13817834854125977
        ],
        [
            -0.14792081713676453,
            -0.7785817384719849,
            -0.1221752017736435
        ],
        [
            -0.14082248508930206,
            -0.7643046379089355,
            -0.123954638838768
        ],
        [
            -0.14244434237480164,
            -0.7676776647567749,
            -0.12469617277383804
        ],
        [
            -0.1476883888244629,
            -0.7667553424835205,
            -0.11983543634414673
        ],
        [
            -0.14583997428417206,
            -0.763687014579773,
            -0.11967460066080093
        ],
        [
            -0.1148366630077362,
            -0.7659573554992676,
            -0.14502421021461487
        ],
        [
            -0.11952892690896988,
            -0.7630925178527832,
            -0.14026042819023132
        ],
        [
            -0.11435239017009735,
            -0.7579338550567627,
            -0.13934370875358582
        ],
        [
            -0.10826187580823898,
            -0.760212779045105,
            -0.14291825890541077
        ],
        [
            -0.11178214848041534,
            -0.7531615495681763,
            -0.13566827774047852
        ],
        [
            -0.10294317454099655,
            -0.7545304298400879,
            -0.13966399431228638
        ],
        [
            -0.09968256950378418,
            -0.741469144821167,
            -0.12869669497013092
        ],
        [
            -0.10078117251396179,
            -0.7473055720329285,
            -0.13414239883422852
        ],
        [
            -0.1107800304889679,
            -0.7479215264320374,
            -0.13101954758167267
        ],
        [
            -0.11263406276702881,
            -0.741905927658081,
            -0.12568625807762146
        ],
        [
            -0.12435485422611237,
            -0.7425757646560669,
            -0.11699254810810089
        ],
        [
            -0.1274237036705017,
            -0.7403869032859802,
            -0.11170642822980881
        ],
        [
            -0.11960502713918686,
            -0.7302653789520264,
            -0.11405055969953537
        ],
        [
            -0.11642982065677643,
            -0.7349836826324463,
            -0.11961539834737778
        ],
        [
            -0.13453438878059387,
            -0.76084303855896,
            -0.12161208689212799
        ],
        [
            -0.1312248408794403,
            -0.7620813250541687,
            -0.1248868778347969
        ],
        [
            -0.13377563655376434,
            -0.7623944282531738,
            -0.12593986093997955
        ],
        [
            -0.13801421225070953,
            -0.762027382850647,
            -0.12282412499189377
        ],
        [
            -0.12870143353939056,
            -0.7626346349716187,
            -0.12803520262241364
        ],
        [
            -0.12755945324897766,
            -0.7627705931663513,
            -0.12944969534873962
        ],
        [
            -0.12921927869319916,
            -0.7633629441261292,
            -0.12972602248191833
        ],
        [
            -0.12946215271949768,
            -0.7630504369735718,
            -0.12842248380184174
        ],
        [
            -0.13031642138957977,
            -0.7624669075012207,
            -0.12653881311416626
        ],
        [
            -0.13007357716560364,
            -0.7606103420257568,
            -0.12530523538589478
        ],
        [
            -0.12901166081428528,
            -0.7617095112800598,
            -0.1271359920501709
        ],
        [
            -0.133023202419281,
            -0.758639931678772,
            -0.1223813146352768
        ],
        [
            -0.1419067233800888,
            -0.7533020973205566,
            -0.11179856956005096
        ],
        [
            -0.1400018036365509,
            -0.7542493343353271,
            -0.11503078043460846
        ],
        [
            -0.14122483134269714,
            -0.7586610317230225,
            -0.11389897763729095
        ],
        [
            -0.1430218517780304,
            -0.7580780982971191,
            -0.11124906688928604
        ],
        [
            -0.13200059533119202,
            -0.764259397983551,
            -0.12911328673362732
        ],
        [
            -0.131612628698349,
            -0.7658916115760803,
            -0.1312381625175476
        ],
        [
            -0.13655436038970947,
            -0.7668817043304443,
            -0.12868785858154297
        ],
        [
            -0.13522611558437347,
            -0.7646180987358093,
            -0.12703587114810944
        ],
        [
            -0.13149502873420715,
            -0.7676924467086792,
            -0.1342461258172989
        ],
        [
            -0.12864919006824493,
            -0.7647870779037476,
            -0.1319447159767151
        ],
        [
            -0.12779803574085236,
            -0.7656850814819336,
            -0.13500404357910156
        ],
        [
            -0.12693269550800323,
            -0.7612244486808777,
            -0.12861332297325134
        ],
        [
            -0.12427307665348053,
            -0.7604752779006958,
            -0.13069340586662292
        ],
        [
            -0.12617141008377075,
            -0.7623392343521118,
            -0.13192389905452728
        ],
        [
            -0.1238139197230339,
            -0.7572736740112305,
            -0.12837180495262146
        ],
        [
            -0.12759795784950256,
            -0.7590662240982056,
            -0.12608683109283447
        ],
        [
            -0.1301262527704239,
            -0.7561405897140503,
            -0.12313230335712433
        ],
        [
            -0.1335853487253189,
            -0.7530996203422546,
            -0.11934805661439896
        ],
        [
            -0.12835201621055603,
            -0.7501055002212524,
            -0.12033554166555405
        ],
        [
            -0.12545159459114075,
            -0.7535710334777832,
            -0.12479642778635025
        ],
        [
            -0.1370578110218048,
            -0.7707797288894653,
            -0.13109131157398224
        ],
        [
            -0.12328169494867325,
            -0.762584388256073,
            -0.13552677631378174
        ],
        [
            -0.1251731961965561,
            -0.7682058215141296,
            -0.13960188627243042
        ],
        [
            -0.12028658390045166,
            -0.7587810158729553,
            -0.13450440764427185
        ],
        [
            -0.1185828149318695,
            -0.7549194097518921,
            -0.1316813826560974
        ],
        [
            -0.11920566856861115,
            -0.7506124973297119,
            -0.12710243463516235
        ],
        [
            -0.12158794701099396,
            -0.7462708950042725,
            -0.12232916802167892
        ],
        [
            -0.10568047314882278,
            -0.72704017162323,
            -0.11238723248243332
        ],
        [
            -0.10328949987888336,
            -0.7330906391143799,
            -0.12011554837226868
        ],
        [
            -0.16798266768455505,
            -0.8325331807136536,
            -0.1466529816389084
        ],
        [
            -0.1633092164993286,
            -0.8330258131027222,
            -0.15453046560287476
        ],
        [
            -0.15553012490272522,
            -0.8280586004257202,
            -0.1528245210647583
        ],
        [
            -0.15595366060733795,
            -0.8301954865455627,
            -0.1546192318201065
        ],
        [
            -0.16079190373420715,
            -0.8299883604049683,
            -0.15065953135490417
        ],
        [
            -0.1589108407497406,
            -0.8276707530021667,
            -0.14957085251808167
        ],
        [
            -0.13547742366790771,
            -0.828497052192688,
            -0.16149990260601044
        ],
        [
            -0.14140163362026215,
            -0.8280434012413025,
            -0.1580038070678711
        ],
        [
            -0.1384352743625641,
            -0.8253422379493713,
            -0.15726420283317566
        ],
        [
            -0.13176420331001282,
            -0.8228041529655457,
            -0.16204923391342163
        ],
        [
            -0.14287878572940826,
            -0.815481424331665,
            -0.1507723480463028
        ],
        [
            -0.13968580961227417,
            -0.8180849552154541,
            -0.15429456532001495
        ],
        [
            -0.1457340270280838,
            -0.8227419853210449,
            -0.15220922231674194
        ],
        [
            -0.14811185002326965,
            -0.8208421468734741,
            -0.14973390102386475
        ],
        [
            -0.15030594170093536,
            -0.8195843696594238,
            -0.14648666977882385
        ],
        [
            -0.15252532064914703,
            -0.8190092444419861,
            -0.14259521663188934
        ],
        [
            -0.14948350191116333,
            -0.814531683921814,
            -0.14236187934875488
        ],
        [
            -0.14631667733192444,
            -0.8145319223403931,
            -0.14666464924812317
        ],
        [
            -0.16370004415512085,
            -0.830445408821106,
            -0.14488577842712402
        ],
        [
            -0.16495221853256226,
            -0.8297817707061768,
            -0.13752391934394836
        ],
        [
            -0.16245701909065247,
            -0.8274284601211548,
            -0.13848501443862915
        ],
        [
            -0.16178730130195618,
            -0.8276922702789307,
            -0.14460338652133942
        ],
        [
            -0.15761032700538635,
            -0.8238844275474548,
            -0.12676197290420532
        ],
        [
            -0.15940448641777039,
            -0.8255112767219543,
            -0.12846693396568298
        ],
        [
            -0.16185957193374634,
            -0.8262507915496826,
            -0.125477135181427
        ],
        [
            -0.15929803252220154,
            -0.822745680809021,
            -0.12393350899219513
        ],
        [
            -0.15746621787548065,
            -0.8200070858001709,
            -0.12592685222625732
        ],
        [
            -0.15693646669387817,
            -0.8221993446350098,
            -0.12799356877803802
        ],
        [
            -0.18370378017425537,
            -0.8860968351364136,
            -0.1517726182937622
        ],
        [
            -0.18551988899707794,
            -0.867816686630249,
            -0.147664874792099
        ],
        [
            -0.16626492142677307,
            -0.8857877254486084,
            -0.16257953643798828
        ],
        [
            -0.1493450403213501,
            -0.881317138671875,
            -0.16829276084899902
        ],
        [
            -0.1338939368724823,
            -0.8724707961082458,
            -0.17274531722068787
        ],
        [
            -0.10881397128105164,
            -0.7731524705886841,
            -0.15077035129070282
        ],
        [
            -0.09950637817382812,
            -0.7679763436317444,
            -0.1495053470134735
        ],
        [
            -0.09025552868843079,
            -0.7796839475631714,
            -0.15509328246116638
        ],
        [
            -0.0826791375875473,
            -0.7723682522773743,
            -0.15109822154045105
        ],
        [
            -0.09283152967691422,
            -0.7603403925895691,
            -0.1453382670879364
        ],
        [
            -0.08734701573848724,
            -0.7434873580932617,
            -0.12935766577720642
        ],
        [
            -0.08879626542329788,
            -0.7515788078308105,
            -0.13878074288368225
        ],
        [
            -0.07599630951881409,
            -0.7647109627723694,
            -0.14500008523464203
        ],
        [
            -0.06532880663871765,
            -0.7822694778442383,
            -0.15148262679576874
        ],
        [
            -0.07416324317455292,
            -0.7861670255661011,
            -0.15553981065750122
        ],
        [
            -0.05934733897447586,
            -0.8020099401473999,
            -0.15430337190628052
        ],
        [
            -0.055093735456466675,
            -0.7785228490829468,
            -0.1445421278476715
        ],
        [
            -0.0525684654712677,
            -0.8046822547912598,
            -0.1493174433708191
        ],
        [
            -0.05756937339901924,
            -0.7456035614013672,
            -0.12474006414413452
        ],
        [
            -0.05402296781539917,
            -0.7373894453048706,
            -0.12414680421352386
        ],
        [
            -0.04219327121973038,
            -0.7475165128707886,
            -0.13593655824661255
        ],
        [
            -0.04560593515634537,
            -0.7565127611160278,
            -0.1359078586101532
        ],
        [
            -0.08377036452293396,
            -0.790585994720459,
            -0.15876789391040802
        ],
        [
            -0.11695411801338196,
            -0.8444512486457825,
            -0.17046013474464417
        ],
        [
            -0.12744031846523285,
            -0.8394285440444946,
            -0.16895386576652527
        ],
        [
            -0.1074867844581604,
            -0.8347002863883972,
            -0.17004798352718353
        ],
        [
            -0.12509065866470337,
            -0.9073003530502319,
            -0.17348673939704895
        ],
        [
            -0.13933467864990234,
            -0.8954931497573853,
            -0.17219480872154236
        ],
        [
            -0.12544819712638855,
            -0.8847737312316895,
            -0.17540201544761658
        ],
        [
            -0.11395624279975891,
            -0.8970599174499512,
            -0.1768682599067688
        ],
        [
            -0.15528473258018494,
            -0.9340972304344177,
            -0.15298329293727875
        ],
        [
            -0.1722739189863205,
            -0.9115571975708008,
            -0.1554597169160843
        ],
        [
            -0.1575613021850586,
            -0.9055963754653931,
            -0.16436170041561127
        ],
        [
            -0.142847940325737,
            -0.9226645827293396,
            -0.1637977659702301
        ],
        [
            -0.10195110738277435,
            -0.9044607877731323,
            -0.17593637108802795
        ],
        [
            -0.08683733642101288,
            -0.9140584468841553,
            -0.1724422127008438
        ],
        [
            -0.08866262435913086,
            -0.930980920791626,
            -0.16868853569030762
        ],
        [
            -0.1087886393070221,
            -0.9214056730270386,
            -0.17235809564590454
        ],
        [
            -0.09449020028114319,
            -0.9523704051971436,
            -0.15780109167099
        ],
        [
            -0.11915233731269836,
            -0.9410519599914551,
            -0.16184332966804504
        ],
        [
            -0.04055076837539673,
            -0.7954517006874084,
            -0.14340534806251526
        ],
        [
            -0.04373912513256073,
            -0.8149596452713013,
            -0.14602172374725342
        ],
        [
            -0.05146649479866028,
            -0.7659273147583008,
            -0.137114018201828
        ],
        [
            -0.03800800442695618,
            -0.7795591354370117,
            -0.14160270988941193
        ],
        [
            -0.10122087597846985,
            -0.968330979347229,
            -0.14104661345481873
        ],
        [
            -0.13037464022636414,
            -0.9558069705963135,
            -0.14635500311851501
        ],
        [
            -0.03664325177669525,
            -0.9163219928741455,
            -0.1501392424106598
        ],
        [
            -0.05121377110481262,
            -0.9284458160400391,
            -0.15522192418575287
        ],
        [
            -0.057338908314704895,
            -0.9099598526954651,
            -0.16388832032680511
        ],
        [
