{
    "pred_cam": [
        1.4049417972564697,
        0.13768625259399414,
        0.29186442494392395
    ],
    "pred_smpl_params": {
        "global_orient": [
            [
                [
                    -0.5140726566314697,
                    0.12623287737369537,
                    -0.8484071493148804
                ],
                [
                    0.23630847036838531,
                    -0.9299913048744202,
                    -0.2815572917461395
                ],
                [
                    -0.8245530724525452,
                    -0.3452266752719879,
                    0.44825321435928345
                ]
            ]
        ],
        "body_pose": [
            [
                [
                    0.9960318803787231,
                    0.06995154172182083,
                    0.055019211024045944
                ],
                [
                    -0.07885661721229553,
                    0.9802700281143188,
                    0.18125148117542267
                ],
                [
                    -0.04125487431883812,
                    -0.1848709136247635,
                    0.9818963408470154
                ]
            ],
            [
                [
                    0.9830915331840515,
                    0.15689966082572937,
                    -0.0944119244813919
                ],
                [
                    -0.1469631940126419,
                    0.9836224913597107,
                    0.10434886068105698
                ],
                [
                    0.10923799127340317,
                    -0.08870939910411835,
                    0.990049421787262
                ]
            ],
            [
                [
                    0.9948275089263916,
                    -0.06964319944381714,
                    0.0739470049738884
                ],
                [
                    0.08429429680109024,
                    0.9722105860710144,
                    -0.2184053510427475
                ],
                [
                    -0.05668162927031517,
                    0.22350893914699554,
                    0.9730523824691772
                ]
            ],
            [
                [
                    0.9831221699714661,
                    0.17388713359832764,
                    0.05686911940574646
                ],
                [
                    -0.16936638951301575,
                    0.9825800657272339,
                    -0.07649442553520203
                ],
                [
                    -0.06917986273765564,
                    0.06557164341211319,
                    0.9954468607902527
                ]
            ],
            [
                [
                    0.9983348846435547,
                    0.03757461532950401,
                    0.043767593801021576
                ],
                [
                    -0.03692621365189552,
                    0.9991973042488098,
                    -0.015530324541032314
                ],
                [
                    -0.04431600868701935,
                    0.013888292945921421,
                    0.9989210367202759
                ]
            ],
            [
                [
                    0.9980800151824951,
                    -0.007791972253471613,
                    0.06144454702734947
                ],
                [
                    0.010814323090016842,
                    0.9987397789955139,
                    -0.04901016876101494
                ],
                [
                    -0.060985222458839417,
                    0.04958055540919304,
                    0.9969064593315125
                ]
            ],
            [
                [
                    0.9903481006622314,
                    0.0526682585477829,
                    0.1282058209180832
                ],
                [
                    -0.04740068316459656,
                    0.9979152083396912,
                    -0.04379913955926895
                ],
                [
                    -0.1302453577518463,
                    0.037299349904060364,
                    0.9907799363136292
                ]
            ],
            [
                [
                    0.9806638956069946,
                    -0.02838677540421486,
                    -0.19362963736057281
                ],
                [
                    0.030478114262223244,
                    0.9995047450065613,
                    0.007829724811017513
                ],
                [
                    0.19331149756908417,
                    -0.013579795137047768,
                    0.9810433983802795
                ]
            ],
            [
                [
                    0.9978862404823303,
                    0.0047320593148469925,
                    0.06481247395277023
                ],
                [
                    0.0007979565998539329,
                    0.9963778257369995,
                    -0.08503285050392151
                ],
                [
                    -0.06498009711503983,
                    0.08490482717752457,
                    0.9942679405212402
                ]
            ],
            [
                [
                    0.9901490211486816,
                    -0.08890370279550552,
                    0.10817214846611023
                ],
                [
                    0.09150570631027222,
                    0.9956170320510864,
                    -0.019322732463479042
                ],
                [
                    -0.10598017275333405,
                    0.02903074398636818,
                    0.9939444065093994
                ]
            ],
            [
                [
                    0.9966922402381897,
                    0.0811908021569252,
                    -0.0035352446138858795
                ],
                [
                    -0.08108656853437424,
                    0.9964321255683899,
                    0.0234084390103817
                ],
                [
                    0.005423181224614382,
                    -0.023044351488351822,
                    0.9997196793556213
                ]
            ],
            [
                [
                    0.9436932802200317,
                    -0.05087931826710701,
                    0.32688578963279724
                ],
                [
                    0.08511938899755478,
                    0.9921787977218628,
                    -0.09130167216062546
                ],
                [
                    -0.3196837604045868,
                    0.1139850914478302,
                    0.940643310546875
                ]
            ],
            [
                [
                    0.9210652112960815,
                    0.3057538568973541,
                    -0.24115030467510223
                ],
                [
                    -0.2923711836338043,
                    0.9520254731178284,
                    0.09036904573440552
                ],
                [
                    0.25721192359924316,
                    -0.012730376794934273,
                    0.966271162033081
                ]
            ],
            [
                [
                    0.9318296909332275,
                    -0.24818027019500732,
                    0.26476380228996277
                ],
                [
                    0.24373655021190643,
                    0.9685487151145935,
                    0.05005865916609764
                ],
                [
                    -0.26886022090911865,
                    0.01788647100329399,
                    0.9630130529403687
                ]
            ],
            [
                [
                    0.9643652439117432,
                    0.11698116362094879,
                    0.23730798065662384
                ],
                [
                    -0.0218384750187397,
                    0.9290764927864075,
                    -0.36924242973327637
                ],
                [
                    -0.2636716663837433,
                    0.35090211033821106,
                    0.89852374792099
                ]
            ],
            [
                [
                    0.6413130164146423,
                    0.6233298182487488,
                    -0.4474119544029236
                ],
                [
                    -0.6760758757591248,
                    0.7348030209541321,
                    0.054643917828798294
                ],
                [
                    0.3628208339214325,
                    0.2674405872821808,
                    0.8926569819450378
                ]
            ],
            [
                [
                    0.5666435360908508,
                    -0.6092061400413513,
                    0.554781973361969
                ],
                [
                    0.7018457651138306,
                    0.7095946073532104,
                    0.06235431134700775
                ],
                [
                    -0.43165692687034607,
                    0.35403868556022644,
                    0.8296559453010559
                ]
            ],
            [
                [
                    0.5552822947502136,
                    -0.1263277530670166,
                    -0.8220114707946777
                ],
                [
                    -0.012940357439219952,
                    0.9869641065597534,
                    -0.1604193150997162
                ],
                [
                    0.831561267375946,
                    0.09971513599157333,
                    0.5464089512825012
                ]
            ],
            [
                [
                    0.14873453974723816,
                    0.24137148261070251,
                    0.9589670896530151
                ],
                [
                    -0.0019406437641009688,
                    0.969822883605957,
                    -0.24380289018154144
                ],
                [
                    -0.9888752698898315,
                    0.03440091013908386,
                    0.1447145789861679
                ]
            ],
            [
                [
                    0.9891132712364197,
                    -0.12862442433834076,
                    -0.07148909568786621
                ],
                [
                    0.13278697431087494,
                    0.9895113110542297,
                    0.05687633529305458
                ],
                [
                    0.06342358887195587,
                    -0.06574995815753937,
                    0.9958184361457825
                ]
            ],
            [
                [
                    0.9861619472503662,
                    0.11089465022087097,
                    0.12323565036058426
                ],
                [
                    -0.1282801777124405,
                    0.9813016057014465,
                    0.14349697530269623
                ],
                [
                    -0.10501829534769058,
                    -0.15731994807720184,
                    0.9819478988647461
                ]
            ],
            [
                [
                    0.9848223328590393,
                    0.1527034342288971,
                    -0.08250303566455841
                ],
                [
                    -0.14102108776569366,
                    0.9810932874679565,
                    0.1325480192899704
                ],
                [
                    0.10118371248245239,
                    -0.1189015656709671,
                    0.9877369999885559
                ]
            ],
            [
                [
                    0.9797350168228149,
                    -0.1881265491247177,
                    0.06875767558813095
                ],
                [
                    0.17838691174983978,
                    0.9756508469581604,
                    0.12760663032531738
                ],
                [
                    -0.09108968824148178,
                    -0.11275521665811539,
                    0.9894385933876038
                ]
            ]
        ],
        "betas": [
            -0.246689110994339,
            -0.2822386920452118,
            0.37916627526283264,
            0.788476288318634,
            0.231270894408226,
            -0.045491091907024384,
            -0.022797346115112305,
            -0.023517578840255737,
            0.044082626700401306,
            -0.012990832328796387
        ]
    },
    "pred_cam_t": [
        0.13768625259399414,
        0.29186442494392395,
        27.80364227294922
    ],
    "focal_length": [
        5000.0,
        5000.0
    ],
    "pred_keypoints_3d": [
        [
            -0.170234814286232,
            -0.7714307308197021,
            -0.1149374395608902
        ],
        [
            0.009521111845970154,
            -0.7280242443084717,
            -0.0858868733048439
        ],
        [
            0.06300269812345505,
            -0.6674665212631226,
            0.09956298768520355
        ],
        [
            0.008133724331855774,
            -0.4631749391555786,
            0.22775539755821228
        ],
        [
            -0.22338688373565674,
            -0.44813936948776245,
            0.14097633957862854
        ],
        [
            -0.05882290378212929,
            -0.6058883666992188,
            -0.23113995790481567
        ],
        [
            -0.15436331927776337,
            -0.371368408203125,
            -0.24462582170963287
        ],
        [
            -0.326912522315979,
            -0.3116617202758789,
            -0.08541184663772583
        ],
        [
            -0.002102831844240427,
            -0.2304626703262329,
            0.028502369299530983
        ],
        [
            0.02465786226093769,
            -0.16119384765625,
            0.11350524425506592
        ],
        [
            0.009631975553929806,
            0.14545691013336182,
            0.3228629231452942
        ],
        [
            0.0019397204741835594,
            0.49088549613952637,
            0.49483031034469604
        ],
        [
            -0.043636422604322433,
            -0.12727849185466766,
            2.485699951648712e-05
        ],
        [
            -0.14411993324756622,
            0.18998976051807404,
            0.14562451839447021
        ],
        [
            -0.1382693648338318,
            0.5049893260002136,
            0.3676896393299103
        ],
        [
            -0.16621197760105133,
            -0.8210232853889465,
            -0.07909807562828064
        ],
        [
            -0.15242120623588562,
            -0.8215893507003784,
            -0.14422214031219482
        ],
        [
            -0.0848073661327362,
            -0.8510763645172119,
            -0.01685941033065319
        ],
        [
            -0.05692414939403534,
            -0.8524216413497925,
            -0.16404035687446594
        ],
        [
            -0.32038629055023193,
            0.5058039426803589,
            0.4530044198036194
        ],
        [
            -0.2958354949951172,
            0.5541538000106812,
            0.38989463448524475
        ],
        [
            -0.0879836305975914,
            0.5488541722297668,
            0.3683982491493225
        ],
        [
            -0.14362108707427979,
            0.45607098937034607,
            0.6229651570320129
        ],
        [
            -0.05940774455666542,
            0.4535107910633087,
            0.6493988037109375
        ],
        [
            0.03954404592514038,
            0.5499392747879028,
            0.4865298569202423
        ],
        [
            0.04031786322593689,
            0.45157942175865173,
            0.4694984555244446
        ],
        [
            0.01324552670121193,
            0.09006389230489731,
            0.2873523533344269
        ],
        [
            0.08540879935026169,
            -0.29277166724205017,
            0.1328209638595581
        ],
        [
            -0.053387466818094254,
            -0.20320425927639008,
            -0.11039243638515472
        ],
        [
            -0.13941660523414612,
            0.15673089027404785,
            0.11585871875286102
        ],
        [
            -0.11644050478935242,
            0.48832622170448303,
            0.33351942896842957
        ],
        [
            -0.1992512196302414,
            -0.4771137237548828,
            0.12932629883289337
        ],
        [
            -0.010208183899521828,
            -0.5002248883247375,
            0.23822224140167236
        ],
        [
            0.05091911926865578,
            -0.6907709240913391,
            0.06317730247974396
        ],
        [
            -0.04200427979230881,
            -0.641879677772522,
            -0.21857725083827972
        ],
        [
            -0.18405623733997345,
            -0.4122082591056824,
            -0.25359249114990234
        ],
        [
            -0.3251698613166809,
            -0.3333950638771057,
            -0.09351940453052521
        ],
        [
            0.0006935754790902138,
            -0.7191342115402222,
            -0.08591389656066895
        ],
        [
            -0.10824320465326309,
            -0.8925093412399292,
            -0.10183468461036682
        ],
        [
            0.015674510970711708,
            -0.24844466149806976,
            0.010394682176411152
        ],
        [
            0.004760220181196928,
            -0.6630195379257202,
            -0.07506252825260162
        ],
        [
            0.04323676973581314,
            -0.48963382840156555,
            -0.053105488419532776
        ],
        [
            -0.09000619500875473,
            -0.778860867023468,
            -0.10186579823493958
        ],
        [
            -0.10950611531734467,
            -0.9125521779060364,
            -0.09880241751670837
        ]
    ],
    "pred_vertices": [
        [
            -0.17129334807395935,
            -0.8643763065338135,
            -0.16022923588752747
        ],
        [
            -0.1724415421485901,
            -0.8480626344680786,
            -0.15467505156993866
        ],
        [
            -0.16049933433532715,
            -0.8489722013473511,
            -0.16313809156417847
        ],
        [
            -0.15567228198051453,
            -0.862444281578064,
            -0.16749395430088043
        ],
        [
            -0.16258540749549866,
            -0.8378815650939941,
            -0.15980535745620728
        ],
        [
            -0.17096680402755737,
            -0.8363065719604492,
            -0.15157587826251984
        ],
        [
            -0.14724615216255188,
            -0.8474658727645874,
            -0.16729722917079926
        ],
        [
            -0.13990342617034912,
            -0.8583168983459473,
            -0.17070676386356354
        ],
        [
            -0.12061551213264465,
            -0.81995689868927,
            -0.16676902770996094
        ],
        [
            -0.10985571146011353,
            -0.8199609518051147,
            -0.16866666078567505
        ],
        [
            -0.11651688814163208,
            -0.8305402994155884,
            -0.16963346302509308
        ],
        [
            -0.1256086230278015,
            -0.8277677297592163,
            -0.16658061742782593
        ],
        [
            -0.10730686783790588,
            -0.7980479001998901,
            -0.16257408261299133
        ],
        [
            -0.11196163296699524,
            -0.7861080765724182,
            -0.15736757218837738
        ],
        [
            -0.09938143193721771,
            -0.7819656133651733,
            -0.15685485303401947
        ],
        [
            -0.09368591755628586,
            -0.7938268184661865,
            -0.1606982797384262
        ],
        [
            -0.14498458802700043,
            -0.7888302803039551,
            -0.13202190399169922
        ],
        [
            -0.14024625718593597,
            -0.7832990288734436,
            -0.13648372888565063
        ],
        [
            -0.1415605992078781,
            -0.7896983623504639,
            -0.14079537987709045
        ],
        [
            -0.14578665792942047,
            -0.7946313619613647,
            -0.1354815512895584
        ],
        [
            -0.1563376784324646,
            -0.7951253056526184,
            -0.12552395462989807
        ],
        [
            -0.15545710921287537,
            -0.8014787435531616,
            -0.12638068199157715
        ],
        [
            -0.16266801953315735,
            -0.802757978439331,
            -0.12326511740684509
        ],
        [
            -0.1639818251132965,
            -0.7954134941101074,
            -0.1233992874622345
        ],
        [
            -0.14387694001197815,
            -0.7840596437454224,
            -0.12621918320655823
        ],
        [
            -0.13861961662769318,
            -0.7785618305206299,
            -0.13082483410835266
        ],
        [
            -0.14951017498970032,
            -0.7933161854743958,
            -0.1283530443906784
        ],
        [
            -0.15013539791107178,
            -0.7884540557861328,
            -0.12669099867343903
        ],
        [
            -0.15760359168052673,
            -0.7786782383918762,
            -0.12562622129917145
        ],
        [
            -0.15788942575454712,
            -0.7835700511932373,
            -0.12731915712356567
        ],
        [
            -0.16518433392047882,
            -0.781678318977356,
            -0.125812828540802
        ],
        [
            -0.16264458000659943,
            -0.7768744826316833,
            -0.12378630042076111
        ],
        [
            -0.1483452022075653,
            -0.7817893028259277,
            -0.12647850811481476
        ],
        [
            -0.15191537141799927,
            -0.7833974361419678,
            -0.1278807669878006
        ],
        [
            -0.15304067730903625,
            -0.7790261507034302,
            -0.1256348192691803
        ],
        [
            -0.14962904155254364,
            -0.7783592939376831,
            -0.1231892853975296
        ],
        [
            -0.15715745091438293,
            -0.7901083827018738,
            -0.1253669708967209
        ],
        [
            -0.16488179564476013,
            -0.7889175415039062,
            -0.12438062578439713
        ],
        [
            -0.17260605096817017,
            -0.7872449159622192,
            -0.12219467759132385
        ],
        [
            -0.17209644615650177,
            -0.7783437967300415,
            -0.12290655821561813
        ],
        [
            -0.12659981846809387,
            -0.7737685441970825,
            -0.1442466676235199
        ],
        [
            -0.13419851660728455,
            -0.7782303094863892,
            -0.141252338886261
        ],
        [
            -0.133424311876297,
            -0.773847222328186,
            -0.13556286692619324
        ],
        [
            -0.12763512134552002,
            -0.7700345516204834,
            -0.1389768123626709
        ],
        [
            -0.1450909674167633,
            -0.7769839763641357,
            -0.12310534715652466
        ],
        [
            -0.1378948986530304,
            -0.7628005743026733,
            -0.12482906877994537
        ],
        [
            -0.13952931761741638,
            -0.766151487827301,
            -0.1255842000246048
        ],
        [
            -0.1447940468788147,
            -0.7651902437210083,
            -0.12076075375080109
        ],
        [
            -0.1429348886013031,
            -0.7621426582336426,
            -0.12058824300765991
        ],
        [
            -0.11182577162981033,
            -0.7646370530128479,
            -0.1457168459892273
        ],
        [
            -0.11651147156953812,
            -0.7617676258087158,
            -0.14096112549304962
        ],
        [
            -0.11131646484136581,
            -0.7566596865653992,
            -0.13999857008457184
        ],
        [
            -0.10523638129234314,
            -0.7589548826217651,
            -0.14355534315109253
        ],
        [
            -0.1087714359164238,
            -0.7519068717956543,
            -0.13631829619407654
        ],
        [
            -0.09992247819900513,
            -0.7533233761787415,
            -0.14025430381298065
        ],
        [
            -0.0966547504067421,
            -0.7403314113616943,
            -0.1292312741279602
        ],
        [
            -0.09775608032941818,
            -0.7461389303207397,
            -0.13470324873924255
        ],
        [
            -0.1077672466635704,
            -0.7466965317726135,
            -0.13165462017059326
        ],
        [
            -0.10961643606424332,
            -0.7406865358352661,
            -0.1263335645198822
        ],
        [
            -0.12135008722543716,
            -0.7412797212600708,
            -0.11770440638065338
        ],
        [
            -0.12443318963050842,
            -0.7390748262405396,
            -0.11245425790548325
        ],
        [
            -0.1165386363863945,
            -0.7290248870849609,
            -0.11472679674625397
        ],
        [
            -0.11340054124593735,
            -0.7337387204170227,
            -0.1202964186668396
        ],
        [
            -0.13161517679691315,
            -0.7594107985496521,
            -0.12242212891578674
        ],
        [
            -0.12829050421714783,
            -0.7606807351112366,
            -0.12566611170768738
        ],
        [
            -0.13083112239837646,
            -0.7609681487083435,
            -0.12673845887184143
        ],
        [
            -0.13508659601211548,
            -0.7605627775192261,
            -0.1236586719751358
        ],
        [
            -0.1257452368736267,
            -0.7612658739089966,
            -0.1287827342748642
        ],
        [
            -0.12459138035774231,
            -0.7614140510559082,
            -0.13018657267093658
        ],
        [
            -0.12625271081924438,
            -0.7619863748550415,
            -0.13047824800014496
        ],
        [
            -0.12649786472320557,
            -0.7616721391677856,
            -0.12917117774486542
        ],
        [
            -0.12736554443836212,
            -0.7610802054405212,
            -0.12730035185813904
        ],
        [
            -0.12712502479553223,
            -0.7592263221740723,
            -0.1260712444782257
        ],
        [
            -0.12605910003185272,
            -0.7603375911712646,
            -0.12789155542850494
        ],
        [
            -0.13008201122283936,
            -0.7572336196899414,
            -0.1231735423207283
        ],
        [
            -0.13898706436157227,
            -0.7518209218978882,
            -0.11268160492181778
        ],
        [
            -0.13706880807876587,
            -0.7527937293052673,
            -0.11588026583194733
        ],
        [
            -0.13833224773406982,
            -0.7571736574172974,
            -0.11476573348045349
        ],
        [
            -0.14014384150505066,
            -0.756568431854248,
            -0.11214792728424072
        ],
        [
            -0.1290322244167328,
            -0.7628457546234131,
            -0.12989541888237
        ],
        [
            -0.12865610420703888,
            -0.7644762396812439,
            -0.13202156126499176
        ],
        [
            -0.13361787796020508,
            -0.7654160261154175,
            -0.1295163631439209
        ],
        [
            -0.13229045271873474,
            -0.7631685733795166,
            -0.12785381078720093
        ],
        [
            -0.12853610515594482,
            -0.7662645578384399,
            -0.13503830134868622
        ],
        [
            -0.12567636370658875,
            -0.7634100914001465,
            -0.13269345462322235
        ],
        [
            -0.12481244653463364,
            -0.7642993927001953,
            -0.13576748967170715
        ],
        [
            -0.12396317720413208,
            -0.7598745226860046,
            -0.12934599816799164
        ],
        [
            -0.12128321826457977,
            -0.7591485381126404,
            -0.13140524923801422
        ],
        [
            -0.12318078428506851,
            -0.760994553565979,
            -0.13264861702919006
        ],
        [
            -0.12082888931035995,
            -0.7559536099433899,
            -0.12908557057380676
        ],
        [
            -0.12464317679405212,
            -0.7577064037322998,
            -0.12683773040771484
        ],
        [
            -0.1271749883890152,
            -0.7547640800476074,
            -0.12390665709972382
        ],
        [
            -0.1306384652853012,
            -0.7516962289810181,
            -0.12015089392662048
        ],
        [
            -0.12538613379001617,
            -0.7487520575523376,
            -0.12109703570604324
        ],
        [
            -0.12247695028781891,
            -0.752234935760498,
            -0.12553513050079346
        ],
        [
            -0.13413232564926147,
            -0.7692896723747253,
            -0.1319434940814972
        ],
        [
            -0.12027077376842499,
            -0.7612565159797668,
            -0.13623306155204773
        ],
        [
            -0.12218986451625824,
            -0.7668268084526062,
            -0.14035049080848694
        ],
        [
            -0.11726174503564835,
            -0.7574847936630249,
            -0.13518384099006653
        ],
        [
            -0.1155618205666542,
            -0.7536423802375793,
            -0.13234904408454895
        ],
        [
            -0.11623699218034744,
            -0.7493143081665039,
            -0.12782210111618042
        ],
        [
            -0.11858279258012772,
            -0.7449864149093628,
            -0.12302859127521515
        ],
        [
            -0.10263954102993011,
            -0.7258976697921753,
            -0.11295531690120697
        ],
        [
            -0.1002756729722023,
            -0.7319347262382507,
            -0.12069475650787354
        ],
        [
            -0.16542908549308777,
            -0.830695390701294,
            -0.14777526259422302
        ],
        [
            -0.16070887446403503,
            -0.83121258020401,
            -0.15560820698738098
        ],
        [
            -0.15290327370166779,
            -0.8263051509857178,
            -0.15386345982551575
        ],
        [
            -0.15333935618400574,
            -0.828441321849823,
            -0.1556476354598999
        ],
        [
            -0.15820619463920593,
            -0.8281787633895874,
            -0.15174511075019836
        ],
        [
            -0.15630480647087097,
            -0.8258945941925049,
            -0.15063375234603882
        ],
        [
            -0.13278207182884216,
            -0.8269176483154297,
            -0.16239327192306519
        ],
        [
            -0.13873013854026794,
            -0.8264170289039612,
            -0.15892980992794037
        ],
        [
            -0.13575342297554016,
            -0.8237471580505371,
            -0.15817593038082123
        ],
        [
            -0.12902921438217163,
            -0.821260929107666,
            -0.16293023526668549
        ],
        [
            -0.14018680155277252,
            -0.81385338306427,
            -0.15171436965465546
        ],
        [
            -0.13699018955230713,
            -0.8164805173873901,
            -0.15522760152816772
        ],
        [
            -0.14307168126106262,
            -0.8210892677307129,
            -0.15316185355186462
        ],
        [
            -0.14545413851737976,
            -0.8191694617271423,
            -0.15070049464702606
        ],
        [
            -0.1476735770702362,
            -0.8178832530975342,
            -0.14747872948646545
        ],
        [
            -0.14992131292819977,
            -0.8172855377197266,
            -0.1436048150062561
        ],
        [
            -0.14684416353702545,
            -0.8128353357315063,
            -0.14334478974342346
        ],
        [
            -0.1436508595943451,
            -0.8128640651702881,
            -0.14763130247592926
        ],
        [
            -0.16114631295204163,
            -0.8286236524581909,
            -0.14597897231578827
        ],
        [
            -0.16245657205581665,
            -0.8279485702514648,
            -0.13863086700439453
        ],
        [
            -0.15993383526802063,
            -0.8256218433380127,
            -0.13956770300865173
        ],
        [
            -0.15922299027442932,
            -0.825897216796875,
            -0.14568446576595306
        ],
        [
            -0.1551407128572464,
            -0.822128415107727,
            -0.1277996450662613
        ],
        [
            -0.15693148970603943,
            -0.8237468600273132,
            -0.12952281534671783
        ],
        [
            -0.15940850973129272,
            -0.8244714140892029,
            -0.12654690444469452
        ],
        [
            -0.15683025121688843,
            -0.820984423160553,
            -0.1249777227640152
        ],
        [
            -0.15496200323104858,
            -0.8182612657546997,
            -0.12694770097732544
        ],
        [
            -0.15443989634513855,
            -0.8204527497291565,
            -0.12901824712753296
        ],
        [
            -0.18160966038703918,
            -0.8842154741287231,
            -0.15310581028461456
        ],
        [
            -0.1832904815673828,
            -0.8658112287521362,
            -0.14906741678714752
        ],
        [
            -0.16404852271080017,
            -0.8839807510375977,
            -0.1637977808713913
        ],
        [
            -0.14704999327659607,
            -0.8795887231826782,
            -0.16940410435199738
        ],
        [
            -0.13148988783359528,
            -0.8708690404891968,
            -0.1736992597579956
        ],
        [
            -0.10582710057497025,
            -0.7718470096588135,
            -0.15143635869026184
        ],
        [
            -0.0965084582567215,
            -0.7667485475540161,
            -0.1501014530658722
        ],
        [
            -0.08732330799102783,
            -0.7784847617149353,
            -0.15563781559467316
        ],
        [
            -0.0797450840473175,
            -0.7712383270263672,
            -0.1515805423259735
        ],
        [
            -0.08983438462018967,
            -0.759167492389679,
            -0.1458844691514969
        ],
        [
            -0.08436329662799835,
            -0.7423700094223022,
            -0.12985040247440338
        ],
        [
            -0.08578858524560928,
            -0.7504475712776184,
            -0.1392802745103836
        ],
        [
            -0.07307692617177963,
            -0.7636308073997498,
            -0.1454186737537384
        ],
        [
            -0.06250353157520294,
            -0.7812493443489075,
            -0.1518254578113556
        ],
        [
            -0.0713055282831192,
            -0.7850747108459473,
            -0.1559721976518631
        ],
        [
            -0.05666084587574005,
            -0.801037073135376,
            -0.15461131930351257
        ],
        [
            -0.052353836596012115,
            -0.7775563597679138,
            -0.14482079446315765
        ],
        [
            -0.04998137056827545,
            -0.803733766078949,
            -0.149595245718956
        ],
        [
            -0.05485840141773224,
            -0.7447138428688049,
            -0.12503516674041748
        ],
        [
            -0.05134183540940285,
            -0.7365477085113525,
            -0.12438715994358063
        ],
        [
            -0.039463333785533905,
            -0.7466750741004944,
            -0.13606372475624084
        ],
        [
            -0.04288140684366226,
            -0.755642294883728,
            -0.13610386848449707
        ],
        [
            -0.08087509870529175,
            -0.7894294261932373,
            -0.1592499315738678
        ],
        [
            -0.11428666114807129,
            -0.8430255651473999,
            -0.17124664783477783
        ],
        [
            -0.1247870922088623,
            -0.8378748893737793,
            -0.1698441356420517
        ],
        [
            -0.10481314361095428,
            -0.8333236575126648,
            -0.17078378796577454
        ],
        [
            -0.1229102611541748,
            -0.9058244824409485,
            -0.17439690232276917
        ],
        [
            -0.13715103268623352,
            -0.8938612937927246,
            -0.17320086061954498
        ],
        [
            -0.1230883002281189,
            -0.8832467794418335,
            -0.17629116773605347
        ],
        [
            -0.11168017983436584,
            -0.895635724067688,
            -0.17771579325199127
        ],
        [
            -0.1534700244665146,
            -0.9324040412902832,
            -0.15411260724067688
        ],
        [
            -0.17025648057460785,
            -0.9097520709037781,
            -0.15668675303459167
        ],
        [
            -0.15544432401657104,
            -0.9038563966751099,
            -0.16551461815834045
        ],
        [
            -0.14084042608737946,
            -0.9210375547409058,
            -0.1648484617471695
        ],
        [
            -0.09978421032428741,
            -0.903126060962677,
            -0.17664572596549988
        ],
        [
            -0.08474299311637878,
            -0.9128333330154419,
            -0.17302048206329346
        ],
        [
            -0.08668939769268036,
            -0.9297338724136353,
            -0.16926300525665283
        ],
        [
            -0.10673154890537262,
            -0.9200538396835327,
            -0.17308682203292847
        ],
        [
            -0.09273701906204224,
            -0.9510766267776489,
            -0.15840847790241241
        ],
        [
            -0.117298424243927,
            -0.939626932144165,
            -0.16267900168895721
        ],
        [
            -0.037967585027217865,
            -0.7945455312728882,
            -0.14358846843242645
        ],
        [
            -0.041268542408943176,
            -0.8140887022018433,
            -0.14621999859809875
        ],
        [
            -0.0487295538187027,
            -0.7650105357170105,
            -0.13738271594047546
        ],
        [
            -0.035367175936698914,
            -0.7786832451820374,
            -0.14174655079841614
        ],
        [
            -0.09972682595252991,
            -0.9669641256332397,
            -0.1417398750782013
        ],
        [
            -0.12874092161655426,
            -0.9542648196220398,
            -0.1472989171743393
        ],
        [
            -0.03476640582084656,
            -0.9154374599456787,
            -0.15030384063720703
        ],
        [
            -0.04938347637653351,
            -0.9274801015853882,
            -0.155491903424263
        ],
        [
            -0.05531559884548187,
            -0.9089428186416626,
            -0.16424283385276794
        ],
        [
