{
    "pred_cam": [
        1.4058127403259277,
        0.13697753846645355,
        0.2934492826461792
    ],
    "pred_smpl_params": {
        "global_orient": [
            [
                [
                    -0.5131866335868835,
                    0.12654130160808563,
                    -0.848897397518158
                ],
                [
                    0.23556894063949585,
                    -0.9303207993507385,
                    -0.2810879349708557
                ],
                [
                    -0.8253161907196045,
                    -0.34422439336776733,
                    0.4476189911365509
                ]
            ]
        ],
        "body_pose": [
            [
                [
                    0.9960967898368835,
                    0.06772369891405106,
                    0.056610554456710815
                ],
                [
                    -0.0767950564622879,
                    0.9811123013496399,
                    0.1775418519973755
                ],
                [
                    -0.043517522513866425,
                    -0.18119627237319946,
                    0.9824836850166321
                ]
            ],
            [
                [
                    0.9830527901649475,
                    0.15718026459217072,
                    -0.09434790909290314
                ],
                [
                    -0.14700530469417572,
                    0.9833789467811584,
                    0.10656095296144485
                ],
                [
                    0.1095290333032608,
                    -0.09088540077209473,
                    0.9898197650909424
                ]
            ],
            [
                [
                    0.9949304461479187,
                    -0.06987901777029037,
                    0.07232099771499634
                ],
                [
                    0.08409395068883896,
                    0.9724888801574707,
                    -0.21724073588848114
                ],
                [
                    -0.055150795727968216,
                    0.22222118079662323,
                    0.9734352231025696
                ]
            ],
            [
                [
                    0.9830467104911804,
                    0.17462821304798126,
                    0.055894650518894196
                ],
                [
                    -0.16989833116531372,
                    0.9821720123291016,
                    -0.08045411854982376
                ],
                [
                    -0.06894771009683609,
                    0.06959374994039536,
                    0.9951900243759155
                ]
            ],
            [
                [
                    0.998497724533081,
                    0.03534964844584465,
                    0.041864149272441864
                ],
                [
                    -0.03436577320098877,
                    0.9991212487220764,
                    -0.023992739617824554
                ],
                [
                    -0.04267549887299538,
                    0.02251800335943699,
                    0.9988350868225098
                ]
            ],
            [
                [
                    0.9981194138526917,
                    -0.00824690144509077,
                    0.06074203923344612
                ],
                [
                    0.011176418513059616,
                    0.9987824559211731,
                    -0.048048123717308044
                ],
                [
                    -0.060271840542554855,
                    0.04863664507865906,
                    0.9969963431358337
                ]
            ],
            [
                [
                    0.9904342889785767,
                    0.05139286443591118,
                    0.12805764377117157
                ],
                [
                    -0.04636668041348457,
                    0.9980441331863403,
                    -0.04192812740802765
                ],
                [
                    -0.1299619972705841,
                    0.03558944910764694,
                    0.9908800721168518
                ]
            ],
            [
                [
                    0.9808637499809265,
                    -0.026787349954247475,
                    -0.19284358620643616
                ],
                [
                    0.029336275532841682,
                    0.9995157718658447,
                    0.010373739525675774
                ],
                [
                    0.19247232377529144,
                    -0.015832537785172462,
                    0.981174647808075
                ]
            ],
            [
                [
                    0.9979501366615295,
                    0.0045407963916659355,
                    0.06383565068244934
                ],
                [
                    0.0009310640743933618,
                    0.9963439702987671,
                    -0.08542792499065399
                ],
                [
                    -0.06399016827344894,
                    0.08531223982572556,
                    0.9942973852157593
                ]
            ],
            [
                [
                    0.9901939034461975,
                    -0.08820938318967819,
                    0.10832835733890533
                ],
                [
                    0.09075822681188583,
                    0.9956951141357422,
                    -0.018818916752934456
                ],
                [
                    -0.10620201379060745,
                    0.02846607193350792,
                    0.9939369559288025
                ]
            ],
            [
                [
                    0.9966847896575928,
                    0.08121565729379654,
                    -0.004850225057452917
                ],
                [
                    -0.08108165115118027,
                    0.9964340925216675,
                    0.023342348635196686
                ],
                [
                    0.006728694308549166,
                    -0.022871697321534157,
                    0.9997158050537109
                ]
            ],
            [
                [
                    0.9433318972587585,
                    -0.051431771367788315,
                    0.32784098386764526
                ],
                [
                    0.08493600785732269,
                    0.9924302101135254,
                    -0.08870277553796768
                ],
                [
                    -0.3207971453666687,
                    0.1115216612815857,
                    0.9405595064163208
                ]
            ],
            [
                [
                    0.9211962819099426,
                    0.3094014823436737,
                    -0.23594099283218384
                ],
                [
                    -0.29616329073905945,
                    0.950835108757019,
                    0.09055333584547043
                ],
                [
                    0.2523583173751831,
                    -0.013540329411625862,
                    0.9675391316413879
                ]
            ],
            [
                [
                    0.9319626688957214,
                    -0.25429263710975647,
                    0.25841978192329407
                ],
                [
                    0.2502964437007904,
                    0.9669371843338013,
                    0.048827800899744034
                ],
                [
                    -0.2622922360897064,
                    0.019175859168171883,
                    0.9647979140281677
                ]
            ],
            [
                [
                    0.9646965265274048,
                    0.11875763535499573,
                    0.23506823182106018
                ],
                [
                    -0.02342604473233223,
                    0.9277167320251465,
                    -0.37254899740219116
                ],
                [
                    -0.26231980323791504,
                    0.353890061378479,
                    0.8977471590042114
                ]
            ],
            [
                [
                    0.6420612931251526,
                    0.625410258769989,
                    -0.44341763854026794
                ],
                [
                    -0.6758281588554382,
                    0.7347906231880188,
                    0.05778418481349945
                ],
                [
                    0.36195796728134155,
                    0.26257312297821045,
                    0.8944504857063293
                ]
            ],
            [
                [
                    0.5659446120262146,
                    -0.6165516376495361,
                    0.5473306179046631
                ],
                [
                    0.7064664959907532,
                    0.7048882246017456,
                    0.06354310363531113
                ],
                [
                    -0.42498451471328735,
                    0.35070887207984924,
                    0.834500789642334
                ]
            ],
            [
                [
                    0.5544784069061279,
                    -0.13134059309959412,
                    -0.8217684030532837
                ],
                [
                    -0.0036553069949150085,
                    0.9870733618736267,
                    -0.16022711992263794
                ],
                [
                    0.8321900963783264,
                    0.0918462947010994,
                    0.5468307733535767
                ]
            ],
            [
                [
                    0.1438131332397461,
                    0.24813763797283173,
                    0.9579903483390808
                ],
                [
                    -0.010952995158731937,
                    0.9683932065963745,
                    -0.24918793141841888
                ],
                [
                    -0.9895442724227905,
                    0.025343643501400948,
                    0.14198550581932068
                ]
            ],
            [
                [
                    0.9892226457595825,
                    -0.12872163951396942,
                    -0.06978001445531845
                ],
                [
                    0.1326010376214981,
                    0.9896901249885559,
                    0.05413311347365379
                ],
                [
                    0.06209249049425125,
                    -0.06280260533094406,
                    0.9960924983024597
                ]
            ],
            [
                [
                    0.9862857460975647,
                    0.11172416061162949,
                    0.12148218601942062
                ],
                [
                    -0.12888404726982117,
                    0.9811417460441589,
                    0.14404813945293427
                ],
                [
                    -0.1030975803732872,
                    -0.15772977471351624,
                    0.9820855855941772
                ]
            ],
            [
                [
                    0.984599232673645,
                    0.15374788641929626,
                    -0.08322202414274216
                ],
                [
                    -0.14201276004314423,
                    0.9809989333152771,
                    0.13218694925308228
                ],
                [
                    0.10196419060230255,
                    -0.11833257973194122,
                    0.9877249598503113
                ]
            ],
            [
                [
                    0.979436993598938,
                    -0.1893869787454605,
                    0.06954005360603333
                ],
                [
                    0.17962965369224548,
                    0.9755297899246216,
                    0.1267865151166916
                ],
                [
                    -0.09185011684894562,
                    -0.11168793588876724,
                    0.9894894957542419
                ]
            ]
        ],
        "betas": [
            -0.25148141384124756,
            -0.2844844162464142,
            0.3752971589565277,
            0.7883679866790771,
            0.23288530111312866,
            -0.04588695615530014,
            -0.02745988965034485,
            -0.02157503366470337,
            0.04700234532356262,
            -0.011826813220977783
        ]
    },
    "pred_cam_t": [
        0.13697753846645355,
        0.2934492826461792,
        27.78641700744629
    ],
    "focal_length": [
        5000.0,
        5000.0
    ],
    "pred_keypoints_3d": [
        [
            -0.16918426752090454,
            -0.7718030214309692,
            -0.11433720588684082
        ],
        [
            0.010376818478107452,
            -0.7279267907142639,
            -0.08553498983383179
        ],
        [
            0.06473366916179657,
            -0.6665801405906677,
            0.09973429143428802
        ],
        [
            0.01222158968448639,
            -0.46077319979667664,
            0.22637303173542023
        ],
        [
            -0.2211896777153015,
            -0.4490199685096741,
            0.1444944143295288
        ],
        [
            -0.058060482144355774,
            -0.6057199835777283,
            -0.23087608814239502
        ],
        [
            -0.15331491827964783,
            -0.37114495038986206,
            -0.24435128271579742
        ],
        [
            -0.3286572992801666,
            -0.31297430396080017,
            -0.08775116503238678
        ],
        [
            -0.0020998786203563213,
            -0.23038333654403687,
            0.02850513905286789
        ],
        [
            0.024578556418418884,
            -0.16105690598487854,
            0.11346407979726791
        ],
        [
            0.008737605065107346,
            0.1453714668750763,
            0.32285380363464355
        ],
        [
            0.00226028636097908,
            0.49184533953666687,
            0.49243080615997314
        ],
        [
            -0.04359070956707001,
            -0.1272432804107666,
            -0.00012436136603355408
        ],
        [
            -0.14340072870254517,
            0.19084545969963074,
            0.1438189595937729
        ],
        [
            -0.13564319908618927,
            0.5069627165794373,
            0.3639844059944153
        ],
        [
            -0.16503936052322388,
            -0.8214471936225891,
            -0.07862402498722076
        ],
        [
            -0.15134575963020325,
            -0.8218545913696289,
            -0.14375898241996765
        ],
        [
            -0.08348941802978516,
            -0.8514779210090637,
            -0.01660107634961605
        ],
        [
            -0.05584003031253815,
            -0.8524819612503052,
            -0.16378448903560638
        ],
        [
            -0.31781184673309326,
            0.5090709924697876,
            0.4490166902542114
        ],
        [
            -0.29296305775642395,
            0.5569385290145874,
            0.38567593693733215
        ],
        [
            -0.08514904975891113,
            0.5505924820899963,
            0.3644872307777405
        ],
        [
            -0.14313872158527374,
            0.4578001797199249,
            0.6208724975585938
        ],
        [
            -0.05889807268977165,
            0.4552481472492218,
            0.6471765041351318
        ],
        [
            0.039959367364645004,
            0.550760805606842,
            0.48380905389785767
        ],
        [
            0.04047660529613495,
            0.45229822397232056,
            0.46731483936309814
        ],
        [
            0.01239875890314579,
            0.08998340368270874,
            0.2874397039413452
        ],
        [
            0.0853317379951477,
            -0.29259729385375977,
            0.13294175267219543
        ],
        [
            -0.053276944905519485,
            -0.20331278443336487,
            -0.11044341325759888
        ],
        [
            -0.13877180218696594,
            0.15745535492897034,
            0.11422798782587051
        ],
        [
            -0.11390376091003418,
            0.4899999499320984,
            0.3299318850040436
        ],
        [
            -0.19700807332992554,
            -0.47783908247947693,
            0.132643461227417
        ],
        [
            -0.005804447457194328,
            -0.49792155623435974,
            0.23764008283615112
        ],
        [
            0.05243363603949547,
            -0.6900288462638855,
            0.06335695087909698
        ],
        [
            -0.04125209152698517,
            -0.6417514085769653,
            -0.21821466088294983
        ],
        [
            -0.18290942907333374,
            -0.4120379090309143,
            -0.2539113163948059
        ],
        [
            -0.32667356729507446,
            -0.33461815118789673,
            -0.09593617171049118
        ],
        [
            0.001729985699057579,
            -0.7188882231712341,
            -0.08551118522882462
        ],
        [
            -0.10695455223321915,
            -0.8927894234657288,
            -0.1015990823507309
        ],
        [
            0.015680648386478424,
            -0.24840964376926422,
            0.010432680137455463
        ],
        [
            0.005839912220835686,
            -0.6626261472702026,
            -0.0747661218047142
        ],
        [
            0.04355192929506302,
            -0.4894186854362488,
            -0.0529782697558403
        ],
        [
            -0.08895459026098251,
            -0.7790970802307129,
            -0.1014203354716301
        ],
        [
            -0.10818314552307129,
            -0.9128235578536987,
            -0.09860220551490784
        ]
    ],
    "pred_vertices": [
        [
            -0.17016932368278503,
            -0.8646444082260132,
            -0.15982528030872345
        ],
        [
            -0.17132776975631714,
            -0.8483562469482422,
            -0.1542215496301651
        ],
        [
            -0.15940096974372864,
            -0.8492220640182495,
            -0.1627044975757599
        ],
        [
            -0.1545591652393341,
            -0.8626717925071716,
            -0.16710440814495087
        ],
        [
            -0.16149689257144928,
            -0.8381454348564148,
            -0.1593439280986786
        ],
        [
            -0.16987073421478271,
            -0.8366011381149292,
            -0.15110069513320923
        ],
        [
            -0.1461600661277771,
            -0.8476831912994385,
            -0.1668848991394043
        ],
        [
            -0.13880522549152374,
            -0.8585076332092285,
            -0.17034436762332916
        ],
        [
            -0.11957375705242157,
            -0.8201260566711426,
            -0.16633929312229156
        ],
        [
            -0.10881778597831726,
            -0.8201032280921936,
            -0.16825668513774872
        ],
        [
            -0.1154666543006897,
            -0.8306981325149536,
            -0.16923680901527405
        ],
        [
            -0.12455765902996063,
            -0.8279454708099365,
            -0.16616308689117432
        ],
        [
            -0.10629650950431824,
            -0.7982093095779419,
            -0.1621187925338745
        ],
        [
            -0.11096504330635071,
            -0.7862876653671265,
            -0.15688002109527588
        ],
        [
            -0.0983959510922432,
            -0.7821259498596191,
            -0.1563742458820343
        ],
        [
            -0.09268456697463989,
            -0.7939649820327759,
            -0.1602509468793869
        ],
        [
            -0.14393529295921326,
            -0.7891170382499695,
            -0.1315021961927414
        ],
        [
            -0.13921353220939636,
            -0.7835713624954224,
            -0.13595576584339142
        ],
        [
            -0.1405230164527893,
            -0.7899612188339233,
            -0.14027713239192963
        ],
        [
            -0.14473247528076172,
            -0.7949099540710449,
            -0.13496863842010498
        ],
        [
            -0.155268594622612,
            -0.7954453825950623,
            -0.124997578561306
        ],
        [
            -0.15438003838062286,
            -0.8017944693565369,
            -0.12586794793605804
        ],
        [
            -0.1615830361843109,
            -0.8030929565429688,
            -0.12274543941020966
        ],
        [
            -0.16290807723999023,
            -0.7957513332366943,
            -0.122861847281456
        ],
        [
            -0.14282557368278503,
            -0.7843585014343262,
            -0.12569233775138855
        ],
        [
            -0.13758641481399536,
            -0.7788463830947876,
            -0.1302916407585144
        ],
        [
            -0.14844782650470734,
            -0.793616771697998,
            -0.12783655524253845
        ],
        [
            -0.14907793700695038,
            -0.788763165473938,
            -0.12616105377674103
        ],
        [
            -0.1565598100423813,
            -0.7790015935897827,
            -0.12506644427776337
        ],
        [
            -0.15684011578559875,
            -0.7838897705078125,
            -0.1267668902873993
        ],
        [
            -0.16413670778274536,
            -0.7820155620574951,
            -0.12524333596229553
        ],
        [
            -0.16160112619400024,
            -0.7772105932235718,
            -0.12321361154317856
        ],
        [
            -0.1472974419593811,
            -0.7820981740951538,
            -0.12593403458595276
        ],
        [
            -0.150867760181427,
            -0.7837075591087341,
            -0.1273360401391983
        ],
        [
            -0.15199580788612366,
            -0.7793433666229248,
            -0.12507876753807068
        ],
        [
            -0.1485804319381714,
            -0.7786790132522583,
            -0.12263599038124084
        ],
        [
            -0.1560949683189392,
            -0.790432333946228,
            -0.12482666969299316
        ],
        [
            -0.1638195514678955,
            -0.7892560958862305,
            -0.12382667511701584
        ],
        [
            -0.17154228687286377,
            -0.7876031994819641,
            -0.12162581086158752
        ],
        [
            -0.1710478663444519,
            -0.7787022590637207,
            -0.12231959402561188
        ],
        [
            -0.12559983134269714,
            -0.7740055322647095,
            -0.14371812343597412
        ],
        [
            -0.13318458199501038,
            -0.7784857749938965,
            -0.1407189667224884
        ],
        [
            -0.1324094533920288,
            -0.7741122841835022,
            -0.13502603769302368
        ],
        [
            -0.1266334354877472,
            -0.7702837586402893,
            -0.13843992352485657
        ],
        [
            -0.14404559135437012,
            -0.77729731798172,
            -0.12255671620368958
        ],
        [
            -0.1368800401687622,
            -0.7631014585494995,
            -0.12426411360502243
        ],
        [
            -0.1385081708431244,
            -0.7664530277252197,
            -0.1250210702419281
        ],
        [
            -0.14376506209373474,
            -0.765511155128479,
            -0.12018795311450958
        ],
        [
            -0.14191275835037231,
            -0.7624617218971252,
            -0.12001416832208633
        ],
        [
            -0.11084950715303421,
            -0.7648494243621826,
            -0.1451869010925293
        ],
        [
            -0.11552955210208893,
            -0.7619996070861816,
            -0.14042094349861145
        ],
        [
            -0.11034362018108368,
            -0.7568896412849426,
            -0.1394541710615158
        ],
        [
            -0.10426860302686691,
            -0.7591671943664551,
            -0.14302155375480652
        ],
        [
            -0.10779988765716553,
            -0.7521507740020752,
            -0.13576766848564148
        ],
        [
            -0.09895532578229904,
            -0.7535489797592163,
            -0.13971608877182007
        ],
        [
            -0.09569162875413895,
            -0.7405860424041748,
            -0.12867964804172516
        ],
        [
            -0.09679238498210907,
            -0.7463796138763428,
            -0.13415728509426117
        ],
        [
            -0.1067952811717987,
            -0.7469547986984253,
            -0.13109683990478516
        ],
        [
            -0.10864339768886566,
            -0.7409615516662598,
            -0.1257617324590683
        ],
        [
            -0.12036385387182236,
            -0.7415804862976074,
            -0.11712245643138885
        ],
        [
            -0.12343870103359222,
            -0.7393920421600342,
            -0.11186568439006805
        ],
        [
            -0.11557310074567795,
            -0.7293325662612915,
            -0.11412866413593292
        ],
        [
            -0.1124313473701477,
            -0.7340365648269653,
            -0.11970610916614532
        ],
        [
            -0.130604088306427,
            -0.7597048282623291,
            -0.12186732143163681
        ],
        [
            -0.12728330492973328,
            -0.7609618902206421,
            -0.12511801719665527
        ],
        [
            -0.12982507050037384,
            -0.7612497806549072,
            -0.12618675827980042
        ],
        [
            -0.13407552242279053,
            -0.7608583569526672,
            -0.12309987843036652
        ],
        [
            -0.12474261224269867,
            -0.761536717414856,
            -0.1282365322113037
        ],
        [
            -0.1235908642411232,
            -0.761680006980896,
            -0.12964138388633728
        ],
        [
            -0.1252506971359253,
            -0.7622535228729248,
            -0.12993213534355164
        ],
        [
            -0.12549513578414917,
            -0.7619439363479614,
            -0.12862245738506317
        ],
        [
            -0.1263606697320938,
            -0.7613580226898193,
            -0.12675023078918457
        ],
        [
            -0.1261206865310669,
            -0.7595083713531494,
            -0.12551762163639069
        ],
        [
            -0.12505584955215454,
            -0.7606123089790344,
            -0.1273435652256012
        ],
        [
            -0.1290760636329651,
            -0.7575274705886841,
            -0.12261295318603516
        ],
        [
            -0.13796836137771606,
            -0.7521522641181946,
            -0.11209762096405029
        ],
        [
            -0.13605570793151855,
            -0.7531129717826843,
            -0.11530447006225586
        ],
        [
            -0.1373087465763092,
            -0.7574965953826904,
            -0.11419688165187836
        ],
        [
            -0.13911554217338562,
            -0.7569026350975037,
            -0.11157044023275375
        ],
        [
            -0.12802746891975403,
            -0.7631213665008545,
            -0.1293415129184723
        ],
        [
            -0.1276499330997467,
            -0.7647446393966675,
            -0.1314745396375656
        ],
        [
            -0.13260549306869507,
            -0.7656974792480469,
            -0.12896394729614258
        ],
        [
            -0.1312798112630844,
            -0.7634514570236206,
            -0.12730173766613007
        ],
        [
            -0.12753182649612427,
            -0.7665267586708069,
            -0.13449016213417053
        ],
        [
            -0.12467542290687561,
            -0.7636723518371582,
            -0.1321483850479126
        ],
        [
            -0.12381570041179657,
            -0.7645559310913086,
            -0.1352205127477646
        ],
        [
            -0.12296440452337265,
            -0.7601430416107178,
            -0.12879878282546997
        ],
        [
            -0.1202898770570755,
            -0.7594099044799805,
            -0.1308567076921463
        ],
        [
            -0.12218545377254486,
            -0.7612539529800415,
            -0.13210180401802063
        ],
        [
            -0.11983697861433029,
            -0.7562216520309448,
            -0.12853281199932098
        ],
        [
            -0.12364429980516434,
            -0.7579830884933472,
            -0.12628604471683502
        ],
        [
            -0.12617595493793488,
            -0.7550526857376099,
            -0.12334635853767395
        ],
        [
            -0.12963829934597015,
            -0.7519978880882263,
            -0.11958114802837372
        ],
        [
            -0.12439348548650742,
            -0.7490460276603699,
            -0.12052777409553528
        ],
        [
            -0.1214853823184967,
            -0.7525148391723633,
            -0.12497414648532867
        ],
        [
            -0.13311690092086792,
            -0.7695683836936951,
            -0.1313939392566681
        ],
        [
            -0.1192811131477356,
            -0.7615047097206116,
            -0.13568827509880066
        ],
        [
            -0.12119723856449127,
            -0.7670661211013794,
            -0.1398148536682129
        ],
        [
            -0.1162789836525917,
            -0.7577325105667114,
            -0.13463538885116577
        ],
        [
            -0.11458215862512589,
            -0.7538975477218628,
            -0.13179630041122437
        ],
        [
            -0.11525070667266846,
            -0.7495887279510498,
            -0.1272575557231903
        ],
        [
            -0.11760108172893524,
            -0.7452703714370728,
            -0.12245822697877884
        ],
        [
            -0.1016867533326149,
            -0.7261905670166016,
            -0.11237721145153046
        ],
        [
            -0.09931694716215134,
            -0.7322152853012085,
            -0.12012623250484467
        ],
        [
            -0.1643339991569519,
            -0.8309898376464844,
            -0.14730198681354523
        ],
        [
            -0.15962709486484528,
            -0.8314809799194336,
            -0.15514326095581055
        ],
        [
            -0.15183180570602417,
            -0.8265578150749207,
            -0.1534019559621811
        ],
        [
            -0.15226706862449646,
            -0.8286921381950378,
            -0.1551927775144577
        ],
        [
            -0.1571248322725296,
            -0.828449547290802,
            -0.1512778401374817
        ],
        [
            -0.155227929353714,
            -0.8261606097221375,
            -0.1501678228378296
        ],
        [
            -0.13172802329063416,
            -0.8271149396896362,
            -0.16196347773075104
        ],
        [
            -0.13767114281654358,
            -0.8266324996948242,
            -0.15849128365516663
        ],
        [
            -0.13469751179218292,
            -0.823957622051239,
            -0.15773841738700867
        ],
        [
            -0.12798470258712769,
            -0.8214481472969055,
            -0.16249677538871765
        ],
        [
            -0.13913413882255554,
            -0.8140871524810791,
            -0.15124905109405518
        ],
        [
            -0.13593876361846924,
            -0.8167017698287964,
            -0.15477192401885986
        ],
        [
            -0.14200982451438904,
            -0.821325421333313,
            -0.15270653367042542
        ],
        [
            -0.14439138770103455,
            -0.8194143176078796,
            -0.1502383053302765
        ],
        [
            -0.1466086506843567,
            -0.8181374669075012,
            -0.14701026678085327
        ],
        [
            -0.14885124564170837,
            -0.8175504207611084,
            -0.14313377439975739
        ],
        [
            -0.14577975869178772,
            -0.8130983114242554,
            -0.142863929271698
        ],
        [
            -0.14259156584739685,
            -0.8131135702133179,
            -0.14715510606765747
        ],
        [
            -0.16005533933639526,
            -0.8289116621017456,
            -0.14550663530826569
        ],
        [
            -0.16135618090629578,
            -0.8282520771026611,
            -0.1381603181362152
        ],
        [
            -0.15884169936180115,
            -0.8259167075157166,
            -0.139093279838562
        ],
        [
            -0.15813985466957092,
            -0.8261785507202148,
            -0.1452113389968872
        ],
        [
            -0.15403568744659424,
            -0.8224362730979919,
            -0.12733212113380432
        ],
        [
            -0.15582725405693054,
            -0.8240543603897095,
            -0.12905530631542206
        ],
        [
            -0.15829721093177795,
            -0.8247887492179871,
            -0.126079261302948
        ],
        [
            -0.15572267770767212,
            -0.8212998509407043,
            -0.12450773268938065
        ],
        [
            -0.15386226773262024,
            -0.8185708522796631,
            -0.1264709085226059
        ],
        [
            -0.15333986282348633,
            -0.8207579851150513,
            -0.12854599952697754
        ],
        [
            -0.18042734265327454,
            -0.8845085501670837,
            -0.15272004902362823
        ],
        [
            -0.18214277923107147,
            -0.8661339282989502,
            -0.14863835275173187
        ],
        [
            -0.16288435459136963,
            -0.8842270970344543,
            -0.16345009207725525
        ],
        [
            -0.14591345191001892,
            -0.8797938227653503,
            -0.16907340288162231
        ],
        [
            -0.13037271797657013,
            -0.8710353374481201,
            -0.17337843775749207
        ],
        [
            -0.10484874248504639,
            -0.7720351815223694,
            -0.15092559158802032
        ],
        [
            -0.09554023295640945,
            -0.7669285535812378,
            -0.1495932638645172
        ],
        [
            -0.08634066581726074,
            -0.7786350250244141,
            -0.15515926480293274
        ],
        [
            -0.07876988500356674,
            -0.7713925242424011,
            -0.1510990858078003
        ],
        [
            -0.08886918425559998,
            -0.7593606114387512,
            -0.14536897838115692
        ],
        [
            -0.08340542763471603,
            -0.7426005601882935,
            -0.12933287024497986
        ],
        [
            -0.08482950180768967,
            -0.7506572008132935,
            -0.13876357674598694
        ],
        [
            -0.07210522890090942,
            -0.7637999057769775,
            -0.14493931829929352
        ],
        [
            -0.0615084171295166,
            -0.7813650965690613,
            -0.15139620006084442
        ],
        [
            -0.07031216472387314,
            -0.785192608833313,
            -0.15552997589111328
        ],
        [
            -0.05563093721866608,
            -0.8011263012886047,
            -0.15423235297203064
        ],
        [
            -0.05136042833328247,
            -0.777673602104187,
            -0.14440834522247314
        ],
        [
            -0.04893810302019119,
            -0.8038241863250732,
            -0.14922788739204407
        ],
        [
            -0.053961381316185,
            -0.74489426612854,
            -0.12458594143390656
        ],
        [
            -0.05049066245555878,
            -0.7367181777954102,
            -0.12394054234027863
        ],
        [
            -0.03859710693359375,
            -0.7467959523200989,
            -0.1356247067451477
        ],
        [
            -0.04196999967098236,
            -0.7557716369628906,
            -0.1356746405363083
        ],
        [
            -0.07988210022449493,
            -0.7895486354827881,
            -0.15880613029003143
        ],
        [
            -0.11322097480297089,
            -0.8431628942489624,
            -0.17088726162910461
        ],
        [
            -0.12372159957885742,
            -0.838043749332428,
            -0.1694493293762207
        ],
        [
            -0.10376185178756714,
            -0.8334653377532959,
            -0.17040102183818817
        ],
        [
            -0.12172433733940125,
            -0.9059761762619019,
            -0.17416688799858093
        ],
        [
            -0.1359834372997284,
            -0.8940392136573792,
            -0.1729249358177185
        ],
        [
            -0.12195686995983124,
            -0.8833961486816406,
            -0.17602169513702393
        ],
        [
            -0.11051996052265167,
            -0.8957595825195312,
            -0.17748215794563293
        ],
        [
            -0.15219423174858093,
            -0.9326554536819458,
            -0.15388387441635132
        ],
        [
            -0.1690325140953064,
            -0.9100241661071777,
            -0.15637969970703125
        ],
        [
            -0.1542491465806961,
            -0.9040807485580444,
            -0.16522158682346344
        ],
        [
            -0.13960915803909302,
            -0.9212443828582764,
            -0.164616659283638
        ],
        [
            -0.09860344231128693,
            -0.9032307863235474,
            -0.1764475405216217
        ],
        [
            -0.08353611826896667,
            -0.9129172563552856,
            -0.1728692352771759
        ],
        [
            -0.08543597161769867,
            -0.9298239946365356,
            -0.16913285851478577
        ],
        [
            -0.10550327599048615,
            -0.9201793670654297,
            -0.1729099154472351
        ],
        [
            -0.0914299488067627,
            -0.9511976838111877,
            -0.1583051234483719
        ],
        [
            -0.11601760983467102,
            -0.9397778511047363,
            -0.16251568496227264
        ],
        [
            -0.03694363683462143,
            -0.7946279048919678,
            -0.14322523772716522
        ],
        [
            -0.040199220180511475,
            -0.8141574263572693,
            -0.14588983356952667
        ],
        [
            -0.04777093231678009,
            -0.7651457786560059,
            -0.13695786893367767
        ],
        [
            -0.03438869118690491,
            -0.7787752151489258,
            -0.14136135578155518
        ],
        [
            -0.09835517406463623,
            -0.9671157598495483,
            -0.14164990186691284
        ],
        [
            -0.1274023950099945,
            -0.9544762372970581,
            -0.14715735614299774
        ],
        [
            -0.033531174063682556,
            -0.9154648184776306,
            -0.1502150297164917
        ],
        [
            -0.048121899366378784,
            -0.9275344014167786,
            -0.15540644526481628
        ],
        [
            -0.0541100800037384,
            -0.9089912176132202,
            -0.1641140878200531
        ],
        [
