{
    "pred_cam": [
        1.4085431098937988,
        0.13615348935127258,
        0.297012597322464
    ],
    "pred_smpl_params": {
        "global_orient": [
            [
                [
                    -0.5174437165260315,
                    0.1279096156358719,
                    -0.8461034893989563
                ],
                [
                    0.24147431552410126,
                    -0.9267544746398926,
                    -0.28777822852134705
                ],
                [
                    -0.8209397792816162,
                    -0.3532212972640991,
                    0.4486563801765442
                ]
            ]
        ],
        "body_pose": [
            [
                [
                    0.9958866834640503,
                    0.0703742504119873,
                    0.05707257613539696
                ],
                [
                    -0.07938878983259201,
                    0.9813149571418762,
                    0.17526669800281525
                ],
                [
                    -0.04367190599441528,
                    -0.1790766716003418,
                    0.9828654527664185
                ]
            ],
            [
                [
                    0.9823594689369202,
                    0.16234439611434937,
                    -0.09281234443187714
                ],
                [
                    -0.152134969830513,
                    0.9824225902557373,
                    0.10817069560289383
                ],
                [
                    0.10874184221029282,
                    -0.0921425074338913,
                    0.9897903800010681
                ]
            ],
            [
                [
                    0.9949597716331482,
                    -0.06665794551372528,
                    0.07491327077150345
                ],
                [
                    0.08176586031913757,
                    0.971775233745575,
                    -0.22128543257713318
                ],
                [
                    -0.05804843455553055,
                    0.22629539668560028,
                    0.9723275899887085
                ]
            ],
            [
                [
                    0.9830138683319092,
                    0.17427007853984833,
                    0.05756504833698273
                ],
                [
                    -0.16934333741664886,
                    0.9821740984916687,
                    -0.08159048110246658
                ],
                [
                    -0.0707576721906662,
                    0.07045631855726242,
                    0.9950022101402283
                ]
            ],
            [
                [
                    0.9984352588653564,
                    0.03915826231241226,
                    0.03992033377289772
                ],
                [
                    -0.03828563913702965,
                    0.9990158677101135,
                    -0.022394582629203796
                ],
                [
                    -0.040757980197668076,
                    0.020831167697906494,
                    0.9989518523216248
                ]
            ],
            [
                [
                    0.9980216026306152,
                    -0.015298571437597275,
                    0.06098191812634468
                ],
                [
                    0.018770242109894753,
                    0.9982108473777771,
                    -0.056769393384456635
                ],
                [
                    -0.06000431999564171,
                    0.05780172720551491,
                    0.9965231418609619
                ]
            ],
            [
                [
                    0.9924899339675903,
                    0.038230493664741516,
                    0.11619853973388672
                ],
                [
                    -0.03419020399451256,
                    0.9987461566925049,
                    -0.036567702889442444
                ],
                [
                    -0.11745084077119827,
                    0.03232022747397423,
                    0.992552638053894
                ]
            ],
            [
                [
                    0.9844814538955688,
                    -0.02616029605269432,
                    -0.17352788150310516
                ],
                [
                    0.02787371538579464,
                    0.9995837211608887,
                    0.0074440427124500275
                ],
                [
                    0.1732609122991562,
                    -0.012165389023721218,
                    0.9848008155822754
                ]
            ],
            [
                [
                    0.9980468153953552,
                    0.0006827872130088508,
                    0.062467142939567566
                ],
                [
                    0.004066335968673229,
                    0.997109591960907,
                    -0.07586710155010223
                ],
                [
                    -0.06233839690685272,
                    0.07597292214632034,
                    0.9951592683792114
                ]
            ],
            [
                [
                    0.9900152087211609,
                    -0.08017483353614807,
                    0.11593936383724213
                ],
                [
                    0.08377683907747269,
                    0.9961313605308533,
                    -0.026528196409344673
                ],
                [
                    -0.11336394399404526,
                    0.0359763465821743,
                    0.9929019808769226
                ]
            ],
            [
                [
                    0.9970649480819702,
                    0.07510990649461746,
                    -0.014828749932348728
                ],
                [
                    -0.07479621469974518,
                    0.9969844222068787,
                    0.02068239450454712
                ],
                [
                    0.016337482258677483,
                    -0.019512558355927467,
                    0.9996761679649353
                ]
            ],
            [
                [
                    0.9417716264724731,
                    -0.05791039764881134,
                    0.3312288522720337
                ],
                [
                    0.08697754889726639,
                    0.9934874773025513,
                    -0.07360391318798065
                ],
                [
                    -0.3248092830181122,
                    0.09812755137681961,
                    0.9406751990318298
                ]
            ],
            [
                [
                    0.9075781106948853,
                    0.33124473690986633,
                    -0.25802919268608093
                ],
                [
                    -0.3179013431072235,
                    0.9435416460037231,
                    0.09310157597064972
                ],
                [
                    0.2743006944656372,
                    -0.002469118684530258,
                    0.9616408944129944
                ]
            ],
            [
                [
                    0.8999557495117188,
                    -0.31921836733818054,
                    0.29695016145706177
                ],
                [
                    0.31661292910575867,
                    0.9467666149139404,
                    0.05821726471185684
                ],
                [
                    -0.2997264862060547,
                    0.04162530601024628,
                    0.9531167149543762
                ]
            ],
            [
                [
                    0.968913197517395,
                    0.1174260675907135,
                    0.2177576869726181
                ],
                [
                    -0.024918219074606895,
                    0.9220243692398071,
                    -0.3863289952278137
                ],
                [
                    -0.24614299833774567,
                    0.3688930869102478,
                    0.8962876200675964
                ]
            ],
            [
                [
                    0.6390063166618347,
                    0.6249299645423889,
                    -0.4484789967536926
                ],
                [
                    -0.67067551612854,
                    0.7381523847579956,
                    0.07297462224960327
                ],
                [
                    0.3766498863697052,
                    0.25415268540382385,
                    0.8908092379570007
                ]
            ],
            [
                [
                    0.5087274312973022,
                    -0.6456789970397949,
                    0.569469153881073
                ],
                [
                    0.7403551936149597,
                    0.6656959652900696,
                    0.09339739382266998
                ],
                [
                    -0.43939805030822754,
                    0.374095618724823,
                    0.8166896104812622
                ]
            ],
            [
                [
                    0.5796917080879211,
                    -0.12652654945850372,
                    -0.8049525022506714
                ],
                [
                    0.027073565870523453,
                    0.9903160333633423,
                    -0.13616573810577393
                ],
                [
                    0.8143860101699829,
                    0.057141195982694626,
                    0.577503502368927
                ]
            ],
            [
                [
                    0.20150822401046753,
                    0.2390131950378418,
                    0.9498774409294128
                ],
                [
                    -0.03910953924059868,
                    0.9709604978561401,
                    -0.2360214740037918
                ],
                [
                    -0.9787057042121887,
                    0.010410993359982967,
                    0.20500421524047852
                ]
            ],
            [
                [
                    0.9898012280464172,
                    -0.12744759023189545,
                    -0.06364496797323227
                ],
                [
                    0.13130289316177368,
                    0.9894894361495972,
                    0.06058161333203316
                ],
                [
                    0.05525504797697067,
                    -0.06832052022218704,
                    0.9961320757865906
                ]
            ],
            [
                [
                    0.9875255823135376,
                    0.11166831851005554,
                    0.11101073026657104
                ],
                [
                    -0.1296021044254303,
                    0.9768340587615967,
                    0.17028971016407013
                ],
                [
                    -0.08942308276891708,
                    -0.18255268037319183,
                    0.9791210889816284
                ]
            ],
            [
                [
                    0.9842812418937683,
                    0.15465953946113586,
                    -0.08526890724897385
                ],
                [
                    -0.14265350997447968,
                    0.9808757305145264,
                    0.13241168856620789
                ],
                [
                    0.10411692410707474,
                    -0.11816643923521042,
                    0.9875203371047974
                ]
            ],
            [
                [
                    0.9792211055755615,
                    -0.18928378820419312,
                    0.07278565317392349
                ],
                [
                    0.17952004075050354,
                    0.9760279655456543,
                    0.12305273115634918
                ],
                [
                    -0.09433271735906601,
                    -0.10742934048175812,
                    0.9897274374961853
                ]
            ]
        ],
        "betas": [
            -0.2494768500328064,
            -0.2592633068561554,
            0.3199348747730255,
            0.7411205768585205,
            0.23358003795146942,
            -0.059509746730327606,
            -0.0362909734249115,
            -0.009910941123962402,
            0.04676686227321625,
            -0.021577894687652588
        ]
    },
    "pred_cam_t": [
        0.13615348935127258,
        0.297012597322464,
        27.732555389404297
    ],
    "focal_length": [
        5000.0,
        5000.0
    ],
    "pred_keypoints_3d": [
        [
            -0.16894933581352234,
            -0.7703104615211487,
            -0.11422396451234818
        ],
        [
            0.009962307289242744,
            -0.7250441312789917,
            -0.08745098114013672
        ],
        [
            0.061609137803316116,
            -0.6561452150344849,
            0.09902974963188171
        ],
        [
            -0.0015487037599086761,
            -0.43592381477355957,
            0.19320924580097198
        ],
        [
            -0.23507586121559143,
            -0.4315376281738281,
            0.10971018671989441
        ],
        [
            -0.06110461801290512,
            -0.6010293364524841,
            -0.23086276650428772
        ],
        [
            -0.15853986144065857,
            -0.3665262460708618,
            -0.23379507660865784
        ],
        [
            -0.3365080952644348,
            -0.3109215795993805,
            -0.07870592176914215
        ],
        [
            -0.0020707817748188972,
            -0.22954429686069489,
            0.02834377810359001
        ],
        [
            0.02480495348572731,
            -0.16098348796367645,
            0.11368045210838318
        ],
        [
            0.0095515176653862,
            0.14278240501880646,
            0.3279174268245697
        ],
        [
            0.003669939935207367,
            0.4865773916244507,
            0.5041723847389221
        ],
        [
            -0.04389207810163498,
            -0.12638750672340393,
            0.0008029770106077194
        ],
        [
            -0.14315827190876007,
            0.19075268507003784,
            0.14878085255622864
        ],
        [
            -0.1340818554162979,
            0.5052057504653931,
            0.37233036756515503
        ],
        [
            -0.16410711407661438,
            -0.8201320171356201,
            -0.07889103889465332
        ],
        [
            -0.15144895017147064,
            -0.8201425671577454,
            -0.14424124360084534
        ],
        [
            -0.08160267770290375,
            -0.8502274751663208,
            -0.018498117104172707
        ],
        [
            -0.05613487958908081,
            -0.8502070307731628,
            -0.16594605147838593
        ],
        [
            -0.3157467842102051,
            0.5054937601089478,
            0.4587169289588928
        ],
        [
            -0.2918056845664978,
            0.5535918474197388,
            0.3954390287399292
        ],
        [
            -0.08397236466407776,
            0.5489471554756165,
            0.3724484145641327
        ],
        [
            -0.14293089509010315,
            0.4515933692455292,
            0.6314364671707153
        ],
        [
            -0.05882623419165611,
            0.44811153411865234,
            0.6578736901283264
        ],
        [
            0.04188235476613045,
            0.5450122952461243,
            0.4964781403541565
        ],
        [
            0.041817083954811096,
            0.4470026195049286,
            0.4781482219696045
        ],
        [
            0.013037620112299919,
            0.08758954703807831,
            0.29130709171295166
        ],
        [
            0.08579114079475403,
            -0.2925691604614258,
            0.13164645433425903
        ],
        [
            -0.05383485183119774,
            -0.20146672427654266,
            -0.11004069447517395
        ],
        [
            -0.1385517418384552,
            0.1573387086391449,
            0.11882635951042175
        ],
        [
            -0.11270193755626678,
            0.4882251024246216,
            0.33783668279647827
        ],
        [
            -0.2117413878440857,
            -0.46222370862960815,
            0.10222064703702927
        ],
        [
            -0.019176701083779335,
            -0.47155243158340454,
            0.20847712457180023
        ],
        [
            0.05004706233739853,
            -0.6816124320030212,
            0.06134868785738945
        ],
        [
            -0.043724436312913895,
            -0.6375874280929565,
            -0.21908067166805267
        ],
        [
            -0.18776115775108337,
            -0.406871497631073,
            -0.2447986602783203
        ],
        [
            -0.3348543643951416,
            -0.33203136920928955,
            -0.08749198913574219
        ],
        [
            0.00026886630803346634,
            -0.7137941718101501,
            -0.0859733447432518
        ],
        [
            -0.10617857426404953,
            -0.8910831809043884,
            -0.10320858657360077
        ],
        [
            0.015660099685192108,
            -0.24749143421649933,
            0.00998399592936039
        ],
        [
            0.0037184511311352253,
            -0.6566222906112671,
            -0.07572845369577408
        ],
        [
            0.04324481636285782,
            -0.4863969385623932,
            -0.05556807294487953
        ],
        [
            -0.08865593373775482,
            -0.7772703170776367,
            -0.10263457149267197
        ],
        [
            -0.10734529793262482,
            -0.9110450744628906,
            -0.10029329359531403
        ]
    ],
    "pred_vertices": [
        [
            -0.17028799653053284,
            -0.862973690032959,
            -0.16017861664295197
        ],
        [
            -0.17147792875766754,
            -0.8467063903808594,
            -0.15446919202804565
        ],
        [
            -0.1596360057592392,
            -0.8474582433700562,
            -0.16312217712402344
        ],
        [
            -0.15479274094104767,
            -0.8608965873718262,
            -0.167646586894989
        ],
        [
            -0.16174770891666412,
            -0.8364146947860718,
            -0.159674733877182
        ],
        [
            -0.17002242803573608,
            -0.8349484801292419,
            -0.15135040879249573
        ],
        [
            -0.14647606015205383,
            -0.8458497524261475,
            -0.16748206317424774
        ],
        [
            -0.1391604095697403,
            -0.8566124439239502,
            -0.17114007472991943
        ],
        [
            -0.12003193795681,
            -0.8182141780853271,
            -0.16722752153873444
        ],
        [
            -0.1093117818236351,
            -0.8181370496749878,
            -0.16934116184711456
        ],
        [
            -0.11597559601068497,
            -0.8287492990493774,
            -0.17027294635772705
        ],
        [
            -0.12501856684684753,
            -0.8260466456413269,
            -0.16702613234519958
        ],
        [
            -0.10673781484365463,
            -0.7962673306465149,
            -0.16306674480438232
        ],
        [
            -0.11137935519218445,
            -0.7843822836875916,
            -0.15768352150917053
        ],
        [
            -0.09882234036922455,
            -0.7801778316497803,
            -0.15733566880226135
        ],
        [
            -0.09312042593955994,
            -0.7919913530349731,
            -0.1613733023405075
        ],
        [
            -0.1439262330532074,
            -0.7874394655227661,
            -0.13187378644943237
        ],
        [
            -0.13930033147335052,
            -0.7818628549575806,
            -0.1363668143749237
        ],
        [
            -0.14064860343933105,
            -0.7882386445999146,
            -0.14069011807441711
        ],
        [
            -0.14475709199905396,
            -0.7932265996932983,
            -0.13535955548286438
        ],
        [
            -0.15515398979187012,
            -0.7938283681869507,
            -0.12525957822799683
        ],
        [
            -0.1542605757713318,
            -0.8001821637153625,
            -0.1261860430240631
        ],
        [
            -0.16140800714492798,
            -0.8015135526657104,
            -0.12296446412801743
        ],
        [
            -0.16275109350681305,
            -0.7941604852676392,
            -0.12301010638475418
        ],
        [
            -0.14278465509414673,
            -0.7826776504516602,
            -0.12607915699481964
        ],
        [
            -0.13763374090194702,
            -0.7771309018135071,
            -0.1307210624217987
        ],
        [
            -0.1483769416809082,
            -0.7919756770133972,
            -0.1281844675540924
        ],
        [
            -0.14900946617126465,
            -0.787109375,
            -0.12646673619747162
        ],
        [
            -0.15649853646755219,
            -0.7773674130439758,
            -0.12518873810768127
        ],
        [
            -0.1567867398262024,
            -0.7822490930557251,
            -0.12690454721450806
        ],
        [
            -0.16406096518039703,
            -0.7804133892059326,
            -0.12526071071624756
        ],
        [
            -0.1615154892206192,
            -0.7756131291389465,
            -0.12324702739715576
        ],
        [
            -0.14725445210933685,
            -0.7804338932037354,
            -0.12622645497322083
        ],
        [
            -0.15083089470863342,
            -0.7820496559143066,
            -0.12756624817848206
        ],
        [
            -0.15193788707256317,
            -0.7776898145675659,
            -0.12527664005756378
        ],
        [
            -0.14849698543548584,
            -0.7770307064056396,
            -0.12290065735578537
        ],
        [
            -0.1559908390045166,
            -0.7888129949569702,
            -0.12503528594970703
        ],
        [
            -0.16369518637657166,
            -0.7876582145690918,
            -0.12390491366386414
        ],
        [
            -0.17137253284454346,
            -0.7860398292541504,
            -0.12156787514686584
        ],
        [
            -0.1709207445383072,
            -0.7771462202072144,
            -0.12219690531492233
        ],
        [
            -0.12585581839084625,
            -0.7722070813179016,
            -0.14426709711551666
        ],
        [
            -0.1333734095096588,
            -0.7767326831817627,
            -0.14118382334709167
        ],
        [
            -0.132548987865448,
            -0.7723532319068909,
            -0.13549959659576416
        ],
        [
            -0.12683823704719543,
            -0.7684911489486694,
            -0.13897225260734558
        ],
        [
            -0.1439722776412964,
            -0.7756345272064209,
            -0.12289439141750336
        ],
        [
            -0.13687379658222198,
            -0.761430025100708,
            -0.1246151477098465
        ],
        [
            -0.13850346207618713,
            -0.7647809982299805,
            -0.12536467611789703
        ],
        [
            -0.14367863535881042,
            -0.7638894319534302,
            -0.12044565379619598
        ],
        [
            -0.14183449745178223,
            -0.760839581489563,
            -0.12028621137142181
        ],
        [
            -0.11116885393857956,
            -0.7629932165145874,
            -0.145884171128273
        ],
        [
            -0.11578888446092606,
            -0.7601771354675293,
            -0.14104963839054108
        ],
        [
            -0.11059817671775818,
            -0.7550675868988037,
            -0.1401323825120926
        ],
        [
            -0.10457406938076019,
            -0.7573024034500122,
            -0.14379596710205078
        ],
        [
            -0.10801242291927338,
            -0.7503432631492615,
            -0.1364726424217224
        ],
        [
            -0.0992242619395256,
            -0.7516967058181763,
            -0.140566885471344
        ],
        [
            -0.09583187848329544,
            -0.7387857437133789,
            -0.12956425547599792
        ],
        [
            -0.09700068086385727,
            -0.7445608377456665,
            -0.1350238174200058
        ],
        [
            -0.1069575622677803,
            -0.7451677322387695,
            -0.13180503249168396
        ],
        [
            -0.10873229056596756,
            -0.7392159700393677,
            -0.12641531229019165
        ],
        [
            -0.12031517177820206,
            -0.7399212121963501,
            -0.11761930584907532
        ],
        [
            -0.12329905480146408,
            -0.7377778887748718,
            -0.11230441927909851
        ],
        [
            -0.11551360040903091,
            -0.7276874780654907,
            -0.11463286727666855
        ],
        [
            -0.11243326961994171,
            -0.7323533296585083,
            -0.12026026844978333
        ],
        [
            -0.13058128952980042,
            -0.7580230236053467,
            -0.12231558561325073
        ],
        [
            -0.12731897830963135,
            -0.7592394351959229,
            -0.1256282925605774
        ],
        [
            -0.1298695206642151,
            -0.7595306634902954,
            -0.1266534924507141
        ],
        [
            -0.1340627372264862,
            -0.7591819763183594,
            -0.12349419295787811
        ],
        [
            -0.12482956051826477,
            -0.7597783803939819,
            -0.12878447771072388
        ],
        [
            -0.12369760125875473,
            -0.7599148154258728,
            -0.13019844889640808
        ],
        [
            -0.12535707652568817,
            -0.7604876160621643,
            -0.1304677575826645
        ],
        [
            -0.12558385729789734,
            -0.7601937055587769,
            -0.12916472554206848
        ],
        [
            -0.12642353773117065,
            -0.7596241235733032,
            -0.12727998197078705
        ],
        [
            -0.12616652250289917,
            -0.7577898502349854,
            -0.12603867053985596
        ],
        [
            -0.12512928247451782,
            -0.7588651180267334,
            -0.1278844028711319
        ],
        [
            -0.1290726363658905,
            -0.7558432817459106,
            -0.12307662516832352
        ],
        [
            -0.13780105113983154,
            -0.7505757212638855,
            -0.11239442229270935
        ],
        [
            -0.13593733310699463,
            -0.7515115737915039,
            -0.115634024143219
        ],
        [
            -0.1371503621339798,
            -0.7559046745300293,
            -0.11452814936637878
        ],
        [
            -0.13891997933387756,
            -0.7553273439407349,
            -0.11187322437763214
        ],
        [
            -0.12812089920043945,
            -0.7613736391067505,
            -0.12984633445739746
        ],
        [
            -0.12775945663452148,
            -0.7629901170730591,
            -0.1319718062877655
        ],
        [
            -0.1326698660850525,
            -0.7639774680137634,
            -0.12939453125
        ],
        [
            -0.13132399320602417,
            -0.7617379426956177,
            -0.12774400413036346
        ],
        [
            -0.1276801973581314,
            -0.7647632360458374,
            -0.13499122858047485
        ],
        [
            -0.12480556219816208,
            -0.7619038820266724,
            -0.13268697261810303
        ],
        [
            -0.12399380654096603,
            -0.7627739310264587,
            -0.1357620656490326
        ],
        [
            -0.12306590378284454,
            -0.7583819627761841,
            -0.12936381995677948
        ],
        [
            -0.12042267620563507,
            -0.7576371431350708,
            -0.1314396858215332
        ],
        [
            -0.12233099341392517,
            -0.759473443031311,
            -0.13266590237617493
        ],
        [
            -0.11994096636772156,
            -0.7544687390327454,
            -0.12911060452461243
        ],
        [
            -0.12371344864368439,
            -0.7562494277954102,
            -0.12682950496673584
        ],
        [
            -0.12619686126708984,
            -0.7533566951751709,
            -0.12383004277944565
        ],
        [
            -0.12960048019886017,
            -0.7503468990325928,
            -0.11999679356813431
        ],
        [
            -0.12437930703163147,
            -0.7473750114440918,
            -0.12100078910589218
        ],
        [
            -0.12153779715299606,
            -0.7508025169372559,
            -0.1255028247833252
        ],
        [
            -0.13320812582969666,
            -0.7678353786468506,
            -0.1318323165178299
        ],
        [
            -0.11948392540216446,
            -0.7597002387046814,
            -0.13628527522087097
        ],
        [
            -0.12143830209970474,
            -0.7652461528778076,
            -0.14040416479110718
        ],
        [
            -0.11647738516330719,
            -0.7559343576431274,
            -0.13525478541851044
        ],
        [
            -0.11474975943565369,
            -0.7521126866340637,
            -0.13242968916893005
        ],
        [
            -0.11533188819885254,
            -0.7478489875793457,
            -0.12784013152122498
        ],
        [
            -0.11763297021389008,
            -0.7435576915740967,
            -0.1230093389749527
        ],
        [
            -0.10165262967348099,
            -0.7244893312454224,
            -0.11312408745288849
        ],
        [
            -0.09935139864683151,
            -0.730469286441803,
            -0.12091892957687378
        ],
        [
            -0.1644551157951355,
            -0.8293278813362122,
            -0.1476239264011383
        ],
        [
            -0.15984101593494415,
            -0.8297779560089111,
            -0.15551133453845978
        ],
        [
            -0.15206080675125122,
            -0.824820339679718,
            -0.15386515855789185
        ],
        [
            -0.15251672267913818,
            -0.8269641995429993,
            -0.1556551456451416
        ],
        [
            -0.15731549263000488,
            -0.826746940612793,
            -0.15167859196662903
        ],
        [
            -0.15540283918380737,
            -0.8244407176971436,
            -0.15059837698936462
        ],
        [
            -0.13212957978248596,
            -0.8252618908882141,
            -0.16272717714309692
        ],
        [
            -0.13801318407058716,
            -0.8248075246810913,
            -0.1591714769601822
        ],
        [
            -0.13504654169082642,
            -0.8221118450164795,
            -0.1584569811820984
        ],
        [
            -0.1284153163433075,
            -0.8195505738258362,
            -0.16329188644886017
        ],
        [
            -0.13937701284885406,
            -0.8122918605804443,
            -0.15184248983860016
        ],
        [
            -0.13623949885368347,
            -0.8148791790008545,
            -0.15542972087860107
        ],
        [
            -0.14226122200489044,
            -0.8195472955703735,
            -0.1533033847808838
        ],
        [
            -0.14460137486457825,
            -0.8176562786102295,
            -0.1507926881313324
        ],
        [
            -0.14676830172538757,
            -0.8164021372795105,
            -0.14752545952796936
        ],
        [
            -0.14894819259643555,
            -0.8158363103866577,
            -0.14361830055713654
        ],
        [
            -0.14588378369808197,
            -0.8113853931427002,
            -0.14335757493972778
        ],
        [
            -0.14276236295700073,
            -0.8113683462142944,
            -0.1476854532957077
        ],
        [
            -0.16016671061515808,
            -0.8272432088851929,
            -0.14589884877204895
        ],
        [
            -0.16134509444236755,
            -0.8266165256500244,
            -0.13853248953819275
        ],
        [
            -0.1588555872440338,
            -0.8242751955986023,
            -0.1394876092672348
        ],
        [
            -0.15824046730995178,
            -0.8245127201080322,
            -0.1456129252910614
        ],
        [
            -0.15386566519737244,
            -0.8208099603652954,
            -0.12779375910758972
        ],
        [
            -0.15569187700748444,
            -0.8224179744720459,
            -0.12949810922145844
        ],
        [
            -0.15811336040496826,
            -0.823172390460968,
            -0.12649890780448914
        ],
        [
            -0.155521959066391,
            -0.8196848630905151,
            -0.12494778633117676
        ],
        [
            -0.1536872535943985,
            -0.8169490098953247,
            -0.1269151270389557
        ],
        [
            -0.15317973494529724,
            -0.8191260695457458,
            -0.1290026307106018
        ],
        [
            -0.18033969402313232,
            -0.8829063177108765,
            -0.15302185714244843
        ],
        [
            -0.18214210867881775,
            -0.8646001815795898,
            -0.14881287515163422
        ],
        [
            -0.1629282832145691,
            -0.882522463798523,
            -0.16399239003658295
        ],
        [
            -0.146136075258255,
            -0.8779851198196411,
            -0.16984699666500092
        ],
        [
            -0.13076293468475342,
            -0.8691051006317139,
            -0.1743651032447815
        ],
        [
            -0.10522645711898804,
            -0.7701342105865479,
            -0.15173102915287018
        ],
        [
            -0.09591598808765411,
            -0.7650123834609985,
            -0.150512233376503
        ],
        [
            -0.08674665540456772,
            -0.7766613960266113,
            -0.15626831352710724
        ],
        [
            -0.07913102209568024,
            -0.7694110870361328,
            -0.15232013165950775
        ],
        [
            -0.08919578045606613,
            -0.7574595808982849,
            -0.14637671411037445
        ],
        [
            -0.0835484117269516,
            -0.7408044338226318,
            -0.13042987883090973
        ],
        [
            -0.0850890576839447,
            -0.7488024234771729,
            -0.1398402601480484
        ],
        [
            -0.07238627225160599,
            -0.7618379592895508,
            -0.14627966284751892
        ],
        [
            -0.06183336675167084,
            -0.7793174982070923,
            -0.15297570824623108
        ],
        [
            -0.07070264965295792,
            -0.7831650972366333,
            -0.1569269597530365
        ],
        [
            -0.05589136481285095,
            -0.7990206480026245,
            -0.1559842973947525
        ],
        [
            -0.051592886447906494,
            -0.7756068706512451,
            -0.14618319272994995
        ],
        [
            -0.049093276262283325,
            -0.801721453666687,
            -0.1511538028717041
        ],
        [
            -0.05410296469926834,
            -0.7429012060165405,
            -0.1261749118566513
        ],
        [
            -0.05069557577371597,
            -0.7346534729003906,
            -0.12558312714099884
        ],
        [
            -0.03888469189405441,
            -0.7445617914199829,
            -0.13745549321174622
        ],
        [
            -0.042216889560222626,
            -0.7535991668701172,
            -0.13747313618659973
        ],
        [
            -0.08032442629337311,
            -0.7875337600708008,
            -0.16008345782756805
        ],
        [
            -0.11371345818042755,
            -0.8411432504653931,
            -0.17204296588897705
        ],
        [
            -0.12419627606868744,
            -0.8361189365386963,
            -0.17035353183746338
        ],
        [
            -0.1041935533285141,
            -0.8314270377159119,
            -0.17163775861263275
        ],
        [
            -0.12199282646179199,
            -0.9038864970207214,
            -0.1755782663822174
        ],
        [
            -0.13623540103435516,
            -0.8920879364013672,
            -0.17410032451152802
        ],
        [
            -0.12234474718570709,
            -0.8813990354537964,
            -0.17728716135025024
        ],
        [
            -0.11087891459465027,
            -0.8936427235603333,
            -0.17902320623397827
        ],
        [
            -0.15200217068195343,
            -0.9307506084442139,
            -0.15499861538410187
        ],
        [
            -0.16896897554397583,
            -0.9082138538360596,
            -0.15710286796092987
        ],
        [
            -0.15436765551567078,
            -0.9022079706192017,
            -0.16618132591247559
        ],
        [
            -0.1396661102771759,
            -0.919241189956665,
            -0.1658579707145691
        ],
        [
            -0.09891203045845032,
            -0.9010577201843262,
            -0.17825600504875183
        ],
        [
            -0.08381466567516327,
            -0.91068035364151,
            -0.17494741082191467
        ],
        [
            -0.08553574979305267,
            -0.9276093244552612,
            -0.1712568700313568
        ],
        [
            -0.10566137731075287,
            -0.9180442094802856,
            -0.1746932417154312
        ],
        [
            -0.09130337834358215,
            -0.9490407109260559,
            -0.16046568751335144
        ],
        [
            -0.11597758531570435,
            -0.9376596808433533,
            -0.16424381732940674
        ],
        [
            -0.03707925230264664,
            -0.7924911975860596,
            -0.14533361792564392
        ],
        [
            -0.04027387499809265,
            -0.8120231032371521,
            -0.14798271656036377
        ],
        [
            -0.04795496165752411,
            -0.763067364692688,
            -0.1387150138616562
        ],
        [
            -0.03460463136434555,
            -0.7765577435493469,
            -0.14341002702713013
        ],
        [
            -0.097892165184021,
            -0.9650133848190308,
            -0.14375558495521545
        ],
        [
            -0.1270662248134613,
            -0.9524879455566406,
            -0.14881473779678345
        ],
        [
            -0.033407941460609436,
            -0.9131059646606445,
            -0.15313707292079926
        ],
        [
            -0.048075973987579346,
            -0.9251925945281982,
            -0.15812034904956818
        ],
        [
            -0.05422593653202057,
            -0.9066730737686157,
            -0.1666688323020935
        ],
        [
