{
    "pred_cam": [
        1.2069742679595947,
        -0.0029672961682081223,
        0.21928995847702026
    ],
    "pred_smpl_params": {
        "global_orient": [
            [
                [
                    0.9911527037620544,
                    0.0833534300327301,
                    0.10328882187604904
                ],
                [
                    0.08830423653125763,
                    -0.9951072335243225,
                    -0.044316310435533524
                ],
                [
                    0.09908954054117203,
                    0.05304506793618202,
                    -0.9936636686325073
                ]
            ]
        ],
        "body_pose": [
            [
                [
                    0.9975845217704773,
                    0.008696853183209896,
                    -0.06891606748104095
                ],
                [
                    0.014809579588472843,
                    0.9426915049552917,
                    0.3333367705345154
                ],
                [
                    0.06786556541919708,
                    -0.3335522413253784,
                    0.9402856826782227
                ]
            ],
            [
                [
                    0.9999794960021973,
                    -0.0025129865389317274,
                    0.005896540358662605
                ],
                [
                    0.0008191535598598421,
                    0.9625006914138794,
                    0.2712780237197876
                ],
                [
                    -0.0063571385107934475,
                    -0.2712676227092743,
                    0.9624829888343811
                ]
            ],
            [
                [
                    0.9979107975959778,
                    0.042499735951423645,
                    0.048660311847925186
                ],
                [
                    -0.0324215292930603,
                    0.9808946251869202,
                    -0.19181911647319794
                ],
                [
                    -0.05588290095329285,
                    0.18984071910381317,
                    0.9802232384681702
                ]
            ],
            [
                [
                    0.9897283911705017,
                    -0.021657081320881844,
                    -0.14131084084510803
                ],
                [
                    -0.1220480427145958,
                    0.38672661781311035,
                    -0.9140824675559998
                ],
                [
                    0.07444501668214798,
                    0.92194002866745,
                    0.38011109828948975
                ]
            ],
            [
                [
                    0.9857036471366882,
                    -0.1095108613371849,
                    0.12804539501667023
                ],
                [
                    0.16797645390033722,
                    0.579542875289917,
                    -0.7974422574043274
                ],
                [
                    0.013120780698955059,
                    0.8075503706932068,
                    0.5896527767181396
                ]
            ],
            [
                [
                    0.9984170198440552,
                    -0.00020912018953822553,
                    0.056243717670440674
                ],
                [
                    -0.0025702721904963255,
                    0.998778760433197,
                    0.049340102821588516
                ],
                [
                    -0.056185346096754074,
                    -0.04940656200051308,
                    0.997197151184082
                ]
            ],
            [
                [
                    0.9808528423309326,
                    -0.013926147483289242,
                    0.1942521184682846
                ],
                [
                    -0.012505710124969482,
                    0.9908776879310608,
                    0.13418298959732056
                ],
                [
                    -0.19434872269630432,
                    -0.13404300808906555,
                    0.9717310667037964
                ]
            ],
            [
                [
                    0.9811862707138062,
                    0.042206622660160065,
                    -0.18839333951473236
                ],
                [
                    -0.02598707005381584,
                    0.9958035945892334,
                    0.08774914592504501
                ],
                [
                    0.19130635261535645,
                    -0.08120246976613998,
                    0.9781656265258789
                ]
            ],
            [
                [
                    0.999043345451355,
                    -0.010569890961050987,
                    0.042435336858034134
                ],
                [
                    0.013427050784230232,
                    0.9976208209991455,
                    -0.06761953234672546
                ],
                [
                    -0.04161964729428291,
                    0.06812461465597153,
                    0.9968083500862122
                ]
            ],
            [
                [
                    0.9933193325996399,
                    -0.07316336780786514,
                    -0.0892401710152626
                ],
                [
                    0.08807045221328735,
                    0.9803401231765747,
                    0.17656971514225006
                ],
                [
                    0.0745672807097435,
                    -0.1832495480775833,
                    0.9802343249320984
                ]
            ],
            [
                [
                    0.9959020614624023,
                    0.09043741971254349,
                    0.0004524794057942927
                ],
                [
                    -0.08908168226480484,
                    0.9800845980644226,
                    0.17747850716114044
                ],
                [
                    0.015607229433953762,
                    -0.1767915040254593,
                    0.9841246008872986
                ]
            ],
            [
                [
                    0.9793267250061035,
                    0.08597709983587265,
                    -0.18310390412807465
                ],
                [
                    -0.05146222934126854,
                    0.9812911152839661,
                    0.1855243742465973
                ],
                [
                    0.19562910497188568,
                    -0.17226605117321014,
                    0.9654291868209839
                ]
            ],
            [
                [
                    0.8902524709701538,
                    0.45522087812423706,
                    0.014986480586230755
                ],
                [
                    -0.4546552002429962,
                    0.8901477456092834,
                    -0.030423350632190704
                ],
                [
                    -0.027189526706933975,
                    0.020270777866244316,
                    0.9994247555732727
                ]
            ],
            [
                [
                    0.8879533410072327,
                    -0.4566496014595032,
                    0.05486426502466202
                ],
                [
                    0.4586155414581299,
                    0.8881110548973083,
                    -0.030505560338497162
                ],
                [
                    -0.03479520604014397,
                    0.05224911496043205,
                    0.9980278015136719
                ]
            ],
            [
                [
                    0.9884962439537048,
                    -0.028236864134669304,
                    -0.148586705327034
                ],
                [
                    0.00747649697586894,
                    0.9903395771980286,
                    -0.13846199214458466
                ],
                [
                    0.15106101334095,
                    0.13575823605060577,
                    0.9791580438613892
                ]
            ],
            [
                [
                    0.483732670545578,
                    0.8398595452308655,
                    -0.24624890089035034
                ],
                [
                    -0.8720438480377197,
                    0.48644113540649414,
                    -0.053985729813575745
                ],
                [
                    0.07444515824317932,
                    0.24085453152656555,
                    0.96770179271698
                ]
            ],
            [
                [
                    0.5480688214302063,
                    -0.8148677945137024,
                    0.18870872259140015
                ],
                [
                    0.8344833850860596,
                    0.5480895638465881,
                    -0.05687969923019409
                ],
                [
                    -0.05707985535264015,
                    0.1886482685804367,
                    0.9803844094276428
                ]
            ],
            [
                [
                    0.8881913423538208,
                    -0.1624743789434433,
                    -0.42978861927986145
                ],
                [
                    0.10507421940565109,
                    0.9824292063713074,
                    -0.15424701571464539
                ],
                [
                    0.447298139333725,
                    0.09184116125106812,
                    0.8896569609642029
                ]
            ],
            [
                [
                    0.9318162798881531,
                    0.10788463056087494,
                    0.34652450680732727
                ],
                [
                    -0.04927724599838257,
                    0.9835636019706726,
                    -0.17370784282684326
                ],
                [
                    -0.3595693111419678,
                    0.14478802680969238,
                    0.9218168258666992
                ]
            ],
            [
                [
                    0.9980447292327881,
                    0.037592630833387375,
                    0.04993439465761185
                ],
                [
                    -0.036293599754571915,
                    0.9989851713180542,
                    -0.02667193114757538
                ],
                [
                    -0.05088638886809349,
                    0.024807482957839966,
                    0.9983962774276733
                ]
            ],
            [
                [
                    0.9975315928459167,
                    -0.039156246930360794,
                    -0.05828888341784477
                ],
                [
                    0.0318494513630867,
                    0.9920935034751892,
                    -0.12139210850000381
                ],
                [
                    0.06258128583431244,
                    0.11923597753047943,
                    0.990891695022583
                ]
            ],
            [
                [
                    0.9660582542419434,
                    0.23126140236854553,
                    -0.11510659009218216
                ],
                [
                    -0.2146676927804947,
                    0.966560959815979,
                    0.14027667045593262
                ],
                [
                    0.14369814097881317,
                    -0.11080577969551086,
                    0.9833985567092896
                ]
            ],
            [
                [
                    0.9708004593849182,
                    -0.2308368682861328,
                    0.06527530401945114
                ],
                [
                    0.21428771317005157,
                    0.9567870497703552,
                    0.19656875729560852
                ],
                [
                    -0.10782987624406815,
                    -0.17684133350849152,
                    0.9783148169517517
                ]
            ]
        ],
        "betas": [
            -0.011851191520690918,
            0.02208724617958069,
            -0.05492591857910156,
            0.23511546850204468,
            0.01781296730041504,
            0.07605668902397156,
            -0.043860793113708496,
            -0.07760053873062134,
            0.1369139552116394,
            -0.10673147439956665
        ]
    },
    "pred_cam_t": [
        -0.0029672961682081223,
        0.21928995847702026,
        32.36398696899414
    ],
    "focal_length": [
        5000.0,
        5000.0
    ],
    "pred_keypoints_3d": [
        [
            0.07409445196390152,
            -0.8504912853240967,
            -0.13502168655395508
        ],
        [
            0.058271266520023346,
            -0.7326339483261108,
            0.0192964319139719
        ],
        [
            -0.1302814483642578,
            -0.6424329280853271,
            -0.008243439719080925
        ],
        [
            -0.18707895278930664,
            -0.399253785610199,
            0.04058055579662323
        ],
        [
            -0.21978190541267395,
            -0.1540609896183014,
            -0.022629275918006897
        ],
        [
            0.21301785111427307,
            -0.6115763187408447,
            0.08120425045490265
        ],
        [
            0.17546510696411133,
            -0.35990649461746216,
            0.138898566365242
        ],
        [
            0.1897495985031128,
            -0.12527205049991608,
            0.055341362953186035
        ],
        [
            -0.00202239234931767,
            -0.2252277284860611,
            0.0275886170566082
        ],
        [
            -0.07626058906316757,
            -0.14104686677455902,
            0.020824352279305458
        ],
        [
            -0.13394922018051147,
            0.2184201329946518,
            -0.09741060435771942
        ],
        [
            -0.13435117900371552,
            0.5137194395065308,
            0.17061002552509308
        ],
        [
            0.05762024223804474,
            -0.12800675630569458,
            0.03665987402200699
        ],
        [
            0.07196352630853653,
            0.22002840042114258,
            -0.10144331306219101
        ],
        [
            0.045395687222480774,
            0.4684208929538727,
            0.20906710624694824
        ],
        [
            0.05091542750597,
            -0.8933569192886353,
            -0.09652401506900787
        ],
        [
            0.11622924357652664,
            -0.8833168745040894,
            -0.10418852418661118
        ],
        [
            0.017955176532268524,
            -0.8786944150924683,
            0.0005340687930583954
        ],
        [
            0.1617240458726883,
            -0.8565014600753784,
            -0.015805386006832123
        ],
        [
            0.038489699363708496,
            0.6223039627075195,
            0.08668330311775208
        ],
        [
            0.10690611600875854,
            0.6048608422279358,
            0.13159874081611633
        ],
        [
            0.05310666188597679,
            0.45803049206733704,
            0.2783139944076538
        ],
        [
            -0.1282147914171219,
            0.6528813242912292,
            0.028106749057769775
        ],
        [
            -0.201198011636734,
            0.6313064694404602,
            0.06986218690872192
        ],
        [
            -0.14304423332214355,
            0.5213448405265808,
            0.24278488755226135
        ],
        [
            -0.15758056938648224,
            0.458193302154541,
            0.16222989559173584
        ],
        [
            -0.1271498054265976,
            0.15909740328788757,
            -0.0928572341799736
        ],
        [
            -0.14511707425117493,
            -0.27030718326568604,
            0.026569783687591553
        ],
        [
            0.14208725094795227,
            -0.22800765931606293,
            0.0690009593963623
        ],
        [
            0.08457227051258087,
            0.1853114515542984,
            -0.0970207005739212
        ],
        [
            0.05849691480398178,
            0.4268578886985779,
            0.2042938470840454
        ],
        [
            -0.1988431215286255,
            -0.17527876794338226,
            -0.042433831840753555
        ],
        [
            -0.20724479854106903,
            -0.4172295928001404,
            0.011159226298332214
        ],
        [
            -0.093455970287323,
            -0.6763355731964111,
            0.0008499091491103172
        ],
        [
            0.1868177354335785,
            -0.6487429141998291,
            0.07461456954479218
        ],
        [
            0.2197851538658142,
            -0.37547117471694946,
            0.11686618626117706
        ],
        [
            0.198332279920578,
            -0.14214548468589783,
            0.047101717442274094
        ],
        [
            0.059803612530231476,
            -0.7190189361572266,
            0.019434822723269463
        ],
        [
            0.10055599361658096,
            -0.9203166365623474,
            -0.02057816833257675
        ],
        [
            -0.0010453879367560148,
            -0.2493048757314682,
            0.048084426671266556
        ],
        [
            0.046530041843652725,
            -0.6615533232688904,
            0.033681292086839676
        ],
        [
            0.024319157004356384,
            -0.49148261547088623,
            0.05343976989388466
        ],
        [
            0.08409833163022995,
            -0.8160600662231445,
            -0.0622483529150486
        ],
        [
            0.09924087673425674,
            -0.939177930355072,
            -0.00999645795673132
        ]
    ],
    "pred_vertices": [
        [
            0.13494332134723663,
            -0.9266366958618164,
            -0.10218219459056854
        ],
        [
            0.12621374428272247,
            -0.914164662361145,
            -0.10877344757318497
        ],
        [
            0.13715900480747223,
            -0.9081952571868896,
            -0.10172121226787567
        ],
        [
            0.1455610990524292,
            -0.9170799851417542,
            -0.09197629988193512
        ],
        [
            0.13127870857715607,
            -0.9004607200622559,
            -0.10742739588022232
        ],
        [
            0.12107234448194504,
            -0.9040250778198242,
            -0.11313159763813019
        ],
        [
            0.14384546875953674,
            -0.9003651142120361,
            -0.09236644208431244
        ],
        [
            0.15116751194000244,
            -0.9054135084152222,
            -0.08199706673622131
        ],
        [
            0.14490580558776855,
            -0.8635565638542175,
            -0.08428597450256348
        ],
        [
            0.14874082803726196,
            -0.857467770576477,
            -0.07551322877407074
        ],
        [
            0.1506207138299942,
            -0.8693138360977173,
            -0.0763266533613205
        ],
        [
            0.14496327936649323,
            -0.872359037399292,
            -0.08448922634124756
        ],
        [
            0.13999082148075104,
            -0.8376317024230957,
            -0.08245077729225159
        ],
        [
            0.13173916935920715,
            -0.8304469585418701,
            -0.09080526232719421
        ],
        [
            0.1333404779434204,
            -0.8202242851257324,
            -0.08191204816102982
        ],
        [
            0.14034713804721832,
            -0.8271709680557251,
            -0.07271576672792435
        ],
        [
            0.10015957057476044,
            -0.8517305850982666,
            -0.1101536899805069
        ],
        [
            0.10462883859872818,
            -0.8442641496658325,
            -0.11001197248697281
        ],
        [
            0.10947945713996887,
            -0.8501061201095581,
            -0.10897903144359589
        ],
        [
            0.1042165607213974,
            -0.8569079041481018,
            -0.10887739062309265
        ],
        [
            0.09204660356044769,
            -0.8632323741912842,
            -0.11490651965141296
        ],
        [
            0.09420221298933029,
            -0.8681772351264954,
            -0.11123961955308914
        ],
        [
            0.08975213766098022,
            -0.8732707500457764,
            -0.11562958359718323
        ],
        [
            0.08824298530817032,
            -0.8675403594970703,
            -0.120510533452034
        ],
        [
            0.09401809424161911,
            -0.8474482297897339,
            -0.11027167737483978
        ],
        [
            0.09893068671226501,
            -0.8396317958831787,
            -0.10986325144767761
        ],
        [
            0.09628599882125854,
            -0.8582926392555237,
            -0.11099101603031158
        ],
        [
            0.0934537947177887,
            -0.854190468788147,
            -0.1134515330195427
        ],
        [
            0.08886680006980896,
            -0.8496954441070557,
            -0.12406978011131287
        ],
        [
            0.09118294715881348,
            -0.8539320230484009,
            -0.1223670244216919
        ],
        [
            0.08746837079524994,
            -0.8562600612640381,
            -0.12894706428050995
        ],
        [
            0.08542443811893463,
            -0.8509719967842102,
            -0.1285380721092224
        ],
        [
            0.0919981598854065,
            -0.8477238416671753,
            -0.11505065858364105
        ],
        [
            0.09279869496822357,
            -0.8507441282272339,
            -0.11775922775268555
        ],
        [
            0.08968186378479004,
            -0.8476815819740295,
            -0.12015871703624725
        ],
        [
            0.08823084831237793,
            -0.8455023765563965,
            -0.11692602932453156
        ],
        [
            0.0905274972319603,
            -0.8594357371330261,
            -0.11816934496164322
        ],
        [
            0.08746592700481415,
            -0.8624268174171448,
            -0.1247633546590805
        ],
        [
            0.08341725915670395,
            -0.8652048707008362,
            -0.13144522905349731
        ],
        [
            0.08279933035373688,
            -0.8570553064346313,
            -0.13545988500118256
        ],
        [
            0.11367480456829071,
            -0.8284487724304199,
            -0.10520181059837341
        ],
        [
            0.10946701467037201,
            -0.8366004228591919,
            -0.10875348001718521
        ],
        [
            0.10376454144716263,
            -0.8324581384658813,
            -0.10902531445026398
        ],
        [
            0.10778234153985977,
            -0.8259388208389282,
            -0.10677053034305573
        ],
        [
            0.08919707685709,
            -0.8418214321136475,
            -0.11373187601566315
        ],
        [
            0.09046266227960587,
            -0.8253346681594849,
            -0.11523452401161194
        ],
        [
            0.09130692481994629,
            -0.8291269540786743,
            -0.1153029352426529
        ],
        [
            0.0852397084236145,
            -0.831298828125,
            -0.11875602602958679
        ],
        [
            0.08511410653591156,
            -0.8276389837265015,
            -0.118599072098732
        ],
        [
            0.11677767336368561,
            -0.8126412630081177,
            -0.0973697304725647
        ],
        [
            0.11082950979471207,
            -0.812848687171936,
            -0.10170615464448929
        ],
        [
            0.11036865413188934,
            -0.8056756258010864,
            -0.09933064877986908
        ],
        [
            0.11568380147218704,
            -0.8040891885757446,
            -0.09373574703931808
        ],
        [
            0.10757174342870712,
            -0.8000810146331787,
            -0.09824265539646149
        ],
        [
            0.11363598704338074,
            -0.7961387634277344,
            -0.09061528742313385
        ],
        [
            0.10285449773073196,
            -0.7835074663162231,
            -0.0907668024301529
        ],
        [
            0.10830502212047577,
            -0.7889800071716309,
            -0.09039710462093353
        ],
        [
            0.10298953205347061,
            -0.7951445579528809,
            -0.09873354434967041
        ],
        [
            0.09689612686634064,
            -0.7911463975906372,
            -0.10180608928203583
        ],
        [
            0.08492565155029297,
            -0.7985497713088989,
            -0.10966911911964417
        ],
        [
            0.07885193824768066,
            -0.7984129786491394,
            -0.1121683269739151
        ],
        [
            0.08184944093227386,
            -0.7855454683303833,
            -0.11076536774635315
        ],
        [
            0.08908521384000778,
            -0.787489652633667,
            -0.10676315426826477
        ],
        [
            0.08963429927825928,
            -0.819449782371521,
            -0.11104967445135117
        ],
        [
            0.09361594915390015,
            -0.8187063932418823,
            -0.10841937363147736
        ],
        [
            0.0939629077911377,
            -0.8203141689300537,
            -0.11068132519721985
        ],
        [
            0.08994074165821075,
            -0.822287917137146,
            -0.11372153460979462
        ],
        [
            0.09714081138372421,
            -0.8177486658096313,
            -0.10673536360263824
        ],
        [
            0.0987139642238617,
            -0.8171813488006592,
            -0.10610158741474152
        ],
        [
            0.09864456206560135,
            -0.818588376045227,
            -0.10728131979703903
        ],
        [
            0.09708581119775772,
            -0.8186620473861694,
            -0.10739846527576447
        ],
        [
            0.09511228650808334,
            -0.8186501264572144,
            -0.10790134966373444
        ],
        [
            0.09382873773574829,
            -0.8169066905975342,
            -0.10832291841506958
        ],
        [
            0.09617290645837784,
            -0.817110538482666,
            -0.10721321403980255
        ],
        [
            0.09008888155221939,
            -0.8168392181396484,
            -0.11097049713134766
        ],
        [
            0.07699400186538696,
            -0.8168152570724487,
            -0.11828023195266724
        ],
        [
            0.08098873496055603,
            -0.8167798519134521,
            -0.11695165187120438
        ],
        [
            0.0803089439868927,
            -0.8213483095169067,
            -0.11583961546421051
        ],
        [
            0.07693128287792206,
            -0.8216687440872192,
            -0.11687545478343964
        ],
        [
            0.09708824008703232,
            -0.8207235336303711,
            -0.1090303510427475
        ],
        [
            0.09996011108160019,
            -0.8219243288040161,
            -0.10852477699518204
        ],
        [
            0.09656386077404022,
            -0.8254659175872803,
            -0.1116802990436554
        ],
        [
            0.09503806382417679,
            -0.8228757381439209,
            -0.11113230884075165
        ],
        [
            0.10291481763124466,
            -0.8234137296676636,
            -0.1083848848938942
        ],
        [
            0.10108692944049835,
            -0.8193473815917969,
            -0.10676166415214539
        ],
        [
            0.10419488698244095,
            -0.8193344473838806,
            -0.10618628561496735
        ],
        [
            0.09793709963560104,
            -0.8155102729797363,
            -0.10612986236810684
        ],
        [
            0.10036777704954147,
            -0.8133057355880737,
            -0.10487519204616547
        ],
        [
            0.10125423967838287,
            -0.8159174919128418,
            -0.10579672455787659
        ],
        [
            0.09791094809770584,
            -0.8104437589645386,
            -0.1052880808711052
        ],
        [
            0.09520923346281052,
            -0.8141019344329834,
            -0.10713110119104385
        ],
        [
            0.09134513884782791,
            -0.8130375146865845,
            -0.1097649484872818
        ],
        [
            0.08644028007984161,
            -0.8123822212219238,
            -0.11312490701675415
        ],
        [
            0.0882658064365387,
            -0.8069980144500732,
            -0.11036349833011627
        ],
        [
            0.09370256960391998,
            -0.8082808256149292,
            -0.10742685198783875
        ],
        [
            0.09913375228643417,
            -0.8287272453308105,
            -0.11078076809644699
        ],
        [
            0.10536804050207138,
            -0.8144896030426025,
            -0.10410043597221375
        ],
        [
            0.10984184592962265,
            -0.8202416896820068,
            -0.10396978259086609
        ],
        [
            0.10458482056856155,
            -0.8096637725830078,
            -0.10314714908599854
        ],
        [
            0.10194067656993866,
            -0.8055292367935181,
            -0.10281198471784592
        ],
        [
            0.09754277020692825,
            -0.8021135330200195,
            -0.10392364859580994
        ],
        [
            0.09131607413291931,
            -0.8000669479370117,
            -0.10682575404644012
        ],
        [
            0.08388635516166687,
            -0.7758585214614868,
            -0.09960819780826569
        ],
        [
            0.09309756755828857,
            -0.7788689136505127,
            -0.09578514099121094
        ],
        [
            0.11794184893369675,
            -0.8971388339996338,
            -0.11057485640048981
        ],
        [
            0.12647227942943573,
            -0.8944704532623291,
            -0.10858112573623657
        ],
        [
            0.12590011954307556,
            -0.8865693807601929,
            -0.10403873026371002
        ],
        [
            0.12818756699562073,
            -0.8888716101646423,
            -0.10384546220302582
        ],
        [
            0.12288279831409454,
            -0.8909525871276855,
            -0.10683180391788483
        ],
        [
            0.1220095157623291,
            -0.8882728219032288,
            -0.10624849051237106
        ],
        [
            0.13884292542934418,
            -0.8761197328567505,
            -0.08990462124347687
        ],
        [
            0.13416674733161926,
            -0.8789857625961304,
            -0.09419923275709152
        ],
        [
            0.13397754728794098,
            -0.8749967217445374,
            -0.09285484254360199
        ],
        [
            0.1394108235836029,
            -0.8691790103912354,
            -0.08955169469118118
        ],
        [
            0.12488202005624771,
            -0.8691703677177429,
            -0.09984858334064484
        ],
        [
            0.1295166313648224,
            -0.8694827556610107,
            -0.0967167466878891
        ],
        [
            0.12676599621772766,
            -0.8769781589508057,
            -0.09901021420955658
        ],
        [
            0.12342926859855652,
            -0.8767671585083008,
            -0.10137055814266205
        ],
        [
            0.11953645944595337,
            -0.8770784735679626,
            -0.10325727611780167
        ],
        [
            0.11532320827245712,
            -0.8778337240219116,
            -0.10414960980415344
        ],
        [
            0.11462198197841644,
            -0.8724957704544067,
            -0.10389188677072525
        ],
        [
            0.11960865557193756,
            -0.8705663681030273,
            -0.10238245129585266
        ],
        [
            0.11659092456102371,
            -0.8933787941932678,
            -0.10777321457862854
        ],
        [
            0.10942196100950241,
            -0.8937757611274719,
            -0.10693652927875519
        ],
        [
            0.11025352776050568,
            -0.8905587196350098,
            -0.10663861036300659
        ],
        [
            0.11635877192020416,
            -0.8900783061981201,
            -0.10761013627052307
        ],
        [
            0.09943559020757675,
            -0.8855786323547363,
            -0.10108137130737305
        ],
        [
            0.101010262966156,
            -0.8879185914993286,
            -0.10210525244474411
        ],
        [
            0.09771347045898438,
            -0.8899758458137512,
            -0.10308040678501129
        ],
        [
            0.09609095007181168,
            -0.8855652809143066,
            -0.10234665125608444
        ],
        [
            0.09775687009096146,
            -0.8821635246276855,
            -0.10265249013900757
        ],
        [
            0.10034060478210449,
            -0.8836840391159058,
            -0.10165879130363464
        ],
        [
            0.13042481243610382,
            -0.9489838480949402,
            -0.09903638809919357
        ],
        [
            0.12176138162612915,
            -0.9338862895965576,
            -0.10826179385185242
        ],
        [
            0.14472723007202148,
            -0.9385829567909241,
            -0.08837363123893738
        ],
        [
            0.15312427282333374,
            -0.9259940385818481,
            -0.07861429452896118
        ],
        [
            0.15860231220722198,
            -0.9107812643051147,
            -0.07004806399345398
        ],
        [
            0.12481990456581116,
            -0.8152102828025818,
            -0.0905066654086113
        ],
        [
            0.12492729723453522,
            -0.8057041168212891,
            -0.0846048891544342
        ],
        [
            0.13422273099422455,
            -0.8107261657714844,
            -0.07292354851961136
        ],
        [
            0.13089746236801147,
            -0.8005764484405518,
            -0.06778234243392944
        ],
        [
            0.12175893783569336,
            -0.7955622673034668,
            -0.08054201304912567
        ],
        [
            0.10639481991529465,
            -0.7794439196586609,
            -0.07689142972230911
        ],
        [
            0.11557222902774811,
            -0.7862237691879272,
            -0.07794097810983658
        ],
        [
            0.12481223791837692,
            -0.7911741137504578,
            -0.06151675432920456
        ],
        [
            0.13452965021133423,
            -0.8012779951095581,
            -0.046531569212675095
        ],
        [
            0.13852107524871826,
            -0.8083380460739136,
            -0.055436693131923676
        ],
        [
            0.1415945142507553,
            -0.8151352405548096,
            -0.03371618688106537
        ],
        [
            0.1293485462665558,
            -0.7943084239959717,
            -0.033767178654670715
        ],
        [
            0.1391591578722,
            -0.814086377620697,
            -0.024622565135359764
        ],
        [
            0.11020177602767944,
            -0.7599986791610718,
            -0.03494015336036682
        ],
        [
            0.11108531057834625,
            -0.7480390071868896,
            -0.02931159734725952
        ],
        [
            0.12160272151231766,
            -0.7532702684402466,
            -0.015525535680353642
        ],
        [
            0.12230376899242401,
            -0.7648373246192932,
            -0.021403158083558083
        ],
        [
            0.14062249660491943,
            -0.816991925239563,
            -0.06345777213573456
        ],
        [
            0.15446984767913818,
            -0.8794134855270386,
            -0.06787732243537903
        ],
        [
            0.14961399137973785,
            -0.8805689811706543,
            -0.07897630333900452
        ],
        [
            0.15422484278678894,
            -0.8661032915115356,
            -0.06530149281024933
        ],
        [
            0.16889792680740356,
            -0.9355911612510681,
            -0.047142740339040756
        ],
        [
            0.16241103410720825,
            -0.9331856966018677,
            -0.06431269645690918
        ],
        [
            0.16631221771240234,
            -0.9162813425064087,
            -0.0584976002573967
        ],
        [
            0.1726452261209488,
            -0.9207857847213745,
            -0.04288623481988907
        ],
        [
            0.14713279902935028,
            -0.9744080305099487,
            -0.0524224191904068
        ],
        [
            0.14111056923866272,
            -0.9644040465354919,
            -0.07761864364147186
        ],
        [
            0.15138687193393707,
            -0.9501603245735168,
            -0.07137539237737656
        ],
        [
            0.15808413922786713,
            -0.9577242136001587,
            -0.051283832639455795
        ],
        [
            0.1755649745464325,
            -0.9211627244949341,
            -0.029757611453533173
        ],
        [
            0.1777021735906601,
            -0.921011209487915,
            -0.011141795665025711
        ],
        [
            0.17712000012397766,
            -0.9371222257614136,
            -0.003555145114660263
        ],
        [
            0.17351467907428741,
            -0.9389855861663818,
            -0.025872915983200073
        ],
        [
            0.16882304847240448,
            -0.9583017230033875,
            0.004786007106304169
        ],
        [
            0.16506162285804749,
            -0.9609586596488953,
            -0.022554945200681686
        ],
        [
            0.13530997931957245,
            -0.8007700443267822,
            -0.013098735362291336
        ],
        [
            0.14025303721427917,
            -0.8182512521743774,
            -0.011509809643030167
        ],
        [
            0.12319294363260269,
            -0.7790143489837646,
            -0.02881593257188797
        ],
        [
            0.1312204897403717,
            -0.7849405407905579,
            -0.01211903989315033
        ],
        [
            0.15380306541919708,
            -0.9756456017494202,
            0.011696819216012955
        ],
        [
            0.1507723480463028,
            -0.9802381992340088,
            -0.020525619387626648
        ],
        [
            0.16633029282093048,
            -0.898272693157196,
            0.03741609305143356
        ],
        [
            0.17198140919208527,
            -0.9156398773193359,
            0.02976180613040924
        ],
        [
            0.17448627948760986,
            -0.9030224084854126,
            0.013354133814573288
        ],
        [
            0.1695897877216339,
            -0.8884477019309998,
            0.022608835250139236
        ],
        [
