{
    "pred_cam": [
        1.4147655963897705,
        0.14027859270572662,
        0.3003994822502136
    ],
    "pred_smpl_params": {
        "global_orient": [
            [
                [
                    -0.5453862547874451,
                    0.12397798150777817,
                    -0.8289651870727539
                ],
                [
                    0.23871687054634094,
                    -0.9250674843788147,
                    -0.2954055368900299
                ],
                [
                    -0.8034725189208984,
                    -0.3589980900287628,
                    0.4749234616756439
                ]
            ]
        ],
        "body_pose": [
            [
                [
                    0.995079755783081,
                    0.08266179263591766,
                    0.054620448499917984
                ],
                [
                    -0.09118726849555969,
                    0.979684054851532,
                    0.17861680686473846
                ],
                [
                    -0.03874599561095238,
                    -0.18271863460540771,
                    0.9824014902114868
                ]
            ],
            [
                [
                    0.9825674295425415,
                    0.1617731750011444,
                    -0.09160063415765762
                ],
                [
                    -0.1494227647781372,
                    0.980374276638031,
                    0.1286049336194992
                ],
                [
                    0.11060772091150284,
                    -0.11267580091953278,
                    0.9874564409255981
                ]
            ],
            [
                [
                    0.9950458407402039,
                    -0.0625644251704216,
                    0.07726281136274338
                ],
                [
                    0.07919692248106003,
                    0.9686160683631897,
                    -0.23560716211795807
                ],
                [
                    -0.060097381472587585,
                    0.24055889248847961,
                    0.968772292137146
                ]
            ],
            [
                [
                    0.9846286773681641,
                    0.1673082411289215,
                    0.05014224350452423
                ],
                [
                    -0.16329878568649292,
                    0.9836787581443787,
                    -0.07556268572807312
                ],
                [
                    -0.06196611374616623,
                    0.06621302664279938,
                    0.9958795309066772
                ]
            ],
            [
                [
                    0.9987595081329346,
                    0.04070229083299637,
                    0.028685087338089943
                ],
                [
                    -0.04010383039712906,
                    0.9989718794822693,
                    -0.02113805152475834
                ],
                [
                    -0.029515964910387993,
                    0.019961446523666382,
                    0.999364972114563
                ]
            ],
            [
                [
                    0.9977321028709412,
                    -0.021565211936831474,
                    0.06376074254512787
                ],
                [
                    0.02485012076795101,
                    0.9983800053596497,
                    -0.05118329077959061
                ],
                [
                    -0.06255367398262024,
                    0.05265168473124504,
                    0.9966517090797424
                ]
            ],
            [
                [
                    0.9926249384880066,
                    0.0334763340651989,
                    0.11651208251714706
                ],
                [
                    -0.029824459925293922,
                    0.9990120530128479,
                    -0.03294725716114044
                ],
                [
                    -0.11749991029500961,
                    0.029229357838630676,
                    0.9926427006721497
                ]
            ],
            [
                [
                    0.9846354126930237,
                    -0.03236547112464905,
                    -0.17159655690193176
                ],
                [
                    0.03353476896882057,
                    0.9994298219680786,
                    0.003919104114174843
                ],
                [
                    0.17137187719345093,
                    -0.009613340720534325,
                    0.9851593375205994
                ]
            ],
            [
                [
                    0.9978619813919067,
                    -0.0009637214243412018,
                    0.06534900516271591
                ],
                [
                    0.005933537147939205,
                    0.9970977902412415,
                    -0.07589905709028244
                ],
                [
                    -0.06508620828390121,
                    0.07612454146146774,
                    0.9949716925621033
                ]
            ],
            [
                [
                    0.9905983209609985,
                    -0.07997611910104752,
                    0.11098944395780563
                ],
                [
                    0.08357503265142441,
                    0.9961037039756775,
                    -0.02815413475036621
                ],
                [
                    -0.10830532759428024,
                    0.03716539219021797,
                    0.9934226870536804
                ]
            ],
            [
                [
                    0.9967154860496521,
                    0.07969534397125244,
                    -0.014383679255843163
                ],
                [
                    -0.07935158908367157,
                    0.9965797662734985,
                    0.02306741289794445
                ],
                [
                    0.016172848641872406,
                    -0.021850280463695526,
                    0.9996304512023926
                ]
            ],
            [
                [
                    0.9362269043922424,
                    -0.054479166865348816,
                    0.3471471965312958
                ],
                [
                    0.08340258151292801,
                    0.9941299557685852,
                    -0.06891704350709915
                ],
                [
                    -0.3413549065589905,
                    0.09347496181726456,
                    0.9352748990058899
                ]
            ],
            [
                [
                    0.9075347781181335,
                    0.32142576575279236,
                    -0.27030718326568604
                ],
                [
                    -0.30669862031936646,
                    0.9469242095947266,
                    0.09628373384475708
                ],
                [
                    0.28690847754478455,
                    -0.004478020593523979,
                    0.9579474925994873
                ]
            ],
            [
                [
                    0.8974540829658508,
                    -0.33291831612586975,
                    0.28938114643096924
                ],
                [
                    0.3318377733230591,
                    0.9417703747749329,
                    0.05433471128344536
                ],
                [
                    -0.2906196117401123,
                    0.04726468026638031,
                    0.9556705355644226
                ]
            ],
            [
                [
                    0.9665905237197876,
                    0.12831972539424896,
                    0.22189365327358246
                ],
                [
                    -0.03261464089155197,
                    0.9202048182487488,
                    -0.3900761902332306
                ],
                [
                    -0.25424206256866455,
                    0.3698069751262665,
                    0.8936463594436646
                ]
            ],
            [
                [
                    0.6495839357376099,
                    0.6079416275024414,
                    -0.45656073093414307
                ],
                [
                    -0.649599015712738,
                    0.7558210492134094,
                    0.08219254016876221
                ],
                [
                    0.3950464427471161,
                    0.24319049715995789,
                    0.8858875036239624
                ]
            ],
            [
                [
                    0.5043405890464783,
                    -0.672086238861084,
                    0.5421629548072815
                ],
                [
                    0.7581703066825867,
                    0.6451721787452698,
                    0.09450168162584305
                ],
                [
                    -0.4133017659187317,
                    0.36339083313941956,
                    0.8349423408508301
                ]
            ],
            [
                [
                    0.5987858176231384,
                    -0.11887463182210922,
                    -0.792038083076477
                ],
                [
                    0.030400559306144714,
                    0.9915844798088074,
                    -0.1258409321308136
                ],
                [
                    0.8003320097923279,
                    0.051273368299007416,
                    0.5973605513572693
                ]
            ],
            [
                [
                    0.23128797113895416,
                    0.24267403781414032,
                    0.942133367061615
                ],
                [
                    -0.06429291516542435,
                    0.9700865745544434,
                    -0.23409071564674377
                ],
                [
                    -0.9707586765289307,
                    -0.0064301034435629845,
                    0.2399715781211853
                ]
            ],
            [
                [
                    0.9905056953430176,
                    -0.12253590673208237,
                    -0.06231793388724327
                ],
                [
                    0.12600651383399963,
                    0.99049311876297,
                    0.055187467485666275
                ],
                [
                    0.054963044822216034,
                    -0.06251595914363861,
                    0.9965294003486633
                ]
            ],
            [
                [
                    0.9890012145042419,
                    0.10237812250852585,
                    0.10674894601106644
                ],
                [
                    -0.12095311284065247,
                    0.9752054214477539,
                    0.1853233277797699
                ],
                [
                    -0.08512909710407257,
                    -0.19619661569595337,
                    0.9768623113632202
                ]
            ],
            [
                [
                    0.9845730662345886,
                    0.1506310999393463,
                    -0.08902890980243683
                ],
                [
                    -0.13841545581817627,
                    0.9817606806755066,
                    0.130334734916687
                ],
                [
                    0.10703754425048828,
                    -0.11600109934806824,
                    0.9874647855758667
                ]
            ],
            [
                [
                    0.9799503087997437,
                    -0.1861172616481781,
                    0.07111766934394836
                ],
                [
                    0.17655056715011597,
                    0.9765768647193909,
                    0.12299355119466782
                ],
                [
                    -0.09234309941530228,
                    -0.10797170549631119,
                    0.9898558855056763
                ]
            ]
        ],
        "betas": [
            -0.24619540572166443,
            -0.24801746010780334,
            0.319284588098526,
            0.7637338638305664,
            0.24357970058918,
            -0.04557584971189499,
            -0.04532238841056824,
            -0.00610719621181488,
            0.07049360871315002,
            -0.02732306718826294
        ]
    },
    "pred_cam_t": [
        0.14027859270572662,
        0.3003994822502136,
        27.610580444335938
    ],
    "focal_length": [
        5000.0,
        5000.0
    ],
    "pred_keypoints_3d": [
        [
            -0.17247501015663147,
            -0.7711753845214844,
            -0.11173711717128754
        ],
        [
            0.006340572610497475,
            -0.7255344986915588,
            -0.08574606478214264
        ],
        [
            0.06391716003417969,
            -0.653587818145752,
            0.09869347512722015
        ],
        [
            0.010976605117321014,
            -0.4280816316604614,
            0.18659202754497528
        ],
        [
            -0.22969859838485718,
            -0.41855427622795105,
            0.12707620859146118
        ],
        [
            -0.06983484327793121,
            -0.6036322116851807,
            -0.22765743732452393
        ],
        [
            -0.17699459195137024,
            -0.3733203113079071,
            -0.23095017671585083
        ],
        [
            -0.3530857563018799,
            -0.3174402117729187,
            -0.07371552288532257
        ],
        [
            -0.0020956394728273153,
            -0.2297770231962204,
            0.02822922170162201
        ],
        [
            0.02695111557841301,
            -0.161100372672081,
            0.11268100142478943
        ],
        [
            0.009775396436452866,
            0.13948287069797516,
            0.33119550347328186
        ],
        [
            -0.0003142841160297394,
            0.480596661567688,
            0.512333869934082
        ],
        [
            -0.04548007622361183,
            -0.12690620124340057,
            0.002301134169101715
        ],
        [
            -0.14133292436599731,
            0.1874060481786728,
            0.15822482109069824
        ],
        [
            -0.12889665365219116,
            0.5000252723693848,
            0.3841385245323181
        ],
        [
            -0.16760088503360748,
            -0.8209961652755737,
            -0.07634752243757248
        ],
        [
            -0.15487435460090637,
            -0.8210222721099854,
            -0.14170852303504944
        ],
        [
            -0.08510486781597137,
            -0.8510377407073975,
            -0.01577853411436081
        ],
        [
            -0.059525102376937866,
            -0.8510140776634216,
            -0.1632620245218277
        ],
        [
            -0.3069996237754822,
            0.49567872285842896,
            0.4776303768157959
        ],
        [
            -0.2868114113807678,
            0.544536828994751,
            0.41361770033836365
        ],
        [
            -0.07975562661886215,
            0.544964075088501,
            0.382705956697464
        ],
        [
            -0.14165011048316956,
            0.44018468260765076,
            0.644031822681427
        ],
        [
            -0.05661468952894211,
            0.4390050768852234,
            0.6676428318023682
        ],
        [
            0.03592946380376816,
            0.5402709245681763,
            0.5040465593338013
        ],
        [
            0.03811052069067955,
            0.44261878728866577,
            0.4844614863395691
        ],
        [
            0.013494102284312248,
            0.08478696644306183,
            0.29397010803222656
        ],
        [
            0.08979179710149765,
            -0.29203563928604126,
            0.12816357612609863
        ],
        [
            -0.05840897560119629,
            -0.20170184969902039,
            -0.10829231888055801
        ],
        [
            -0.1375695765018463,
            0.15439142286777496,
            0.12772542238235474
        ],
        [
            -0.10855451226234436,
            0.483775794506073,
            0.34871524572372437
        ],
        [
            -0.2083110809326172,
            -0.4503789246082306,
            0.1186876967549324
        ],
        [
            -0.005821350030601025,
            -0.4627704918384552,
            0.20472010970115662
        ],
        [
            0.051224932074546814,
            -0.6796049475669861,
            0.06121521070599556
        ],
        [
            -0.051824431866407394,
            -0.6399778127670288,
            -0.21658411622047424
        ],
        [
            -0.20493730902671814,
            -0.41456568241119385,
            -0.24044948816299438
        ],
        [
            -0.35132309794425964,
            -0.33866143226623535,
            -0.08174850046634674
        ],
        [
            -0.0029747402295470238,
            -0.7140761613845825,
            -0.08371159434318542
        ],
        [
            -0.10956738144159317,
            -0.8919103145599365,
            -0.10057208687067032
        ],
        [
            0.015362861566245556,
            -0.24736571311950684,
            0.009153888560831547
        ],
        [
            0.0002994714304804802,
            -0.6568508148193359,
            -0.07436904311180115
        ],
        [
            0.040537089109420776,
            -0.48650771379470825,
            -0.056651484221220016
        ],
        [
            -0.09205884486436844,
            -0.7780208587646484,
            -0.10001208633184433
        ],
        [
            -0.11067894846200943,
            -0.9118568897247314,
            -0.09772289544343948
        ]
    ],
    "pred_vertices": [
        [
            -0.17369739711284637,
            -0.863837480545044,
            -0.1576251983642578
        ],
        [
            -0.17490270733833313,
            -0.8475842475891113,
            -0.15192168951034546
        ],
        [
            -0.16305017471313477,
            -0.8483147025108337,
            -0.16055166721343994
        ],
        [
            -0.15820059180259705,
            -0.8617374897003174,
            -0.16507893800735474
        ],
        [
            -0.16517524421215057,
            -0.8372846841812134,
            -0.1571309119462967
        ],
        [
            -0.17346885800361633,
            -0.8358275890350342,
            -0.1488303542137146
        ],
        [
            -0.14988955855369568,
            -0.8466912508010864,
            -0.16490618884563446
        ],
        [
            -0.14255055785179138,
            -0.857448160648346,
            -0.16855205595493317
        ],
        [
            -0.12345646321773529,
            -0.8190546035766602,
            -0.16460254788398743
        ],
        [
            -0.11277222633361816,
            -0.8189769387245178,
            -0.16672275960445404
        ],
        [
            -0.11943434178829193,
            -0.829601526260376,
            -0.16763725876808167
        ],
        [
            -0.12845057249069214,
            -0.8268845081329346,
            -0.1644170582294464
        ],
        [
            -0.11019927263259888,
            -0.7971029281616211,
            -0.16042976081371307
        ],
        [
            -0.11485329270362854,
            -0.7852154970169067,
            -0.15506361424922943
        ],
        [
            -0.10232042521238327,
            -0.7809920310974121,
            -0.15470659732818604
        ],
        [
            -0.09660106897354126,
            -0.7928079962730408,
            -0.1587357223033905
        ],
        [
            -0.147376149892807,
            -0.7883036732673645,
            -0.12931305170059204
        ],
        [
            -0.14275901019573212,
            -0.7827211618423462,
            -0.13378986716270447
        ],
        [
            -0.14409446716308594,
            -0.7891052961349487,
            -0.1381126344203949
        ],
        [
            -0.14819931983947754,
            -0.7940964698791504,
            -0.13280081748962402
        ],
        [
            -0.15862974524497986,
            -0.7946995496749878,
            -0.12274033576250076
        ],
        [
            -0.15772821009159088,
            -0.8010562658309937,
            -0.12366780638694763
        ],
        [
            -0.16488522291183472,
            -0.8023861646652222,
            -0.12046244740486145
        ],
        [
            -0.16623693704605103,
            -0.7950317859649658,
            -0.12051306664943695
        ],
        [
            -0.14625996351242065,
            -0.7835255861282349,
            -0.12352931499481201
        ],
        [
            -0.14110678434371948,
            -0.7779814004898071,
            -0.12814448773860931
        ],
        [
            -0.15182846784591675,
            -0.7928439378738403,
            -0.12564553320407867
        ],
        [
            -0.15249399840831757,
            -0.7879683971405029,
            -0.12393628805875778
        ],
        [
            -0.16000580787658691,
            -0.7782248258590698,
            -0.12268191576004028
        ],
        [
            -0.1602851152420044,
            -0.7831084728240967,
            -0.12439077347517014
        ],
        [
            -0.16757819056510925,
            -0.7812786102294922,
            -0.12277200073003769
        ],
        [
            -0.16503159701824188,
            -0.7764663100242615,
            -0.12075509130954742
        ],
        [
            -0.1507626473903656,
            -0.7812881469726562,
            -0.1237037405371666
        ],
        [
            -0.1543354094028473,
            -0.7829090356826782,
            -0.12505409121513367
        ],
        [
            -0.15545019507408142,
            -0.7785449028015137,
            -0.12276862561702728
        ],
        [
            -0.15201261639595032,
            -0.7778831720352173,
            -0.12038302421569824
        ],
        [
            -0.15948861837387085,
            -0.7896793484687805,
            -0.122533418238163
        ],
        [
            -0.16720154881477356,
            -0.7885249853134155,
            -0.12141793221235275
        ],
        [
            -0.17488659918308258,
            -0.7869085669517517,
            -0.11909171938896179
        ],
        [
            -0.17444196343421936,
            -0.7780107259750366,
            -0.11971215158700943
        ],
        [
            -0.12934422492980957,
            -0.7730395793914795,
            -0.14167523384094238
        ],
        [
            -0.13685299456119537,
            -0.7775875329971313,
            -0.13860823214054108
        ],
        [
            -0.13603651523590088,
            -0.7731904983520508,
            -0.13291864097118378
        ],
        [
            -0.13033461570739746,
            -0.7693183422088623,
            -0.1363852620124817
        ],
        [
            -0.14748604595661163,
            -0.7764785289764404,
            -0.12036169320344925
        ],
        [
            -0.140400230884552,
            -0.7622581124305725,
            -0.12205375730991364
        ],
        [
            -0.14202576875686646,
            -0.7656164169311523,
            -0.1228056252002716
        ],
        [
            -0.14720767736434937,
            -0.7647261023521423,
            -0.11789991706609726
        ],
        [
            -0.14536350965499878,
            -0.7616711854934692,
            -0.11773332953453064
        ],
        [
            -0.11468392610549927,
            -0.7638043165206909,
            -0.14328134059906006
        ],
        [
            -0.11930523812770844,
            -0.7609809637069702,
            -0.13845877349376678
        ],
        [
            -0.1141272783279419,
            -0.7558701038360596,
            -0.13753335177898407
        ],
        [
            -0.10810816287994385,
            -0.7581127285957336,
            -0.14117664098739624
        ],
        [
            -0.11153914779424667,
            -0.7511541843414307,
            -0.13384246826171875
        ],
        [
            -0.10278291255235672,
            -0.7525169849395752,
            -0.13792181015014648
        ],
        [
            -0.09941522032022476,
            -0.7396007776260376,
            -0.12691733241081238
        ],
        [
            -0.10057434439659119,
            -0.7453811764717102,
            -0.1323738992214203
        ],
        [
            -0.11048763245344162,
            -0.7459783554077148,
            -0.1291663646697998
        ],
        [
            -0.11226223409175873,
            -0.7400201559066772,
            -0.12377471476793289
        ],
        [
            -0.12385521829128265,
            -0.7407209873199463,
            -0.11503510177135468
        ],
        [
            -0.12684422731399536,
            -0.7385751605033875,
            -0.10971549898386002
        ],
        [
            -0.11906784027814865,
            -0.7284814119338989,
            -0.11201706528663635
        ],
        [
            -0.11597022414207458,
            -0.7331587076187134,
            -0.11762078106403351
        ],
        [
            -0.1340959370136261,
            -0.7588402628898621,
            -0.11974034458398819
        ],
        [
            -0.1308371126651764,
            -0.7600463032722473,
            -0.12305622547864914
        ],
        [
            -0.13338536024093628,
            -0.7603433132171631,
            -0.1240849494934082
        ],
        [
            -0.1375776082277298,
            -0.7600020170211792,
            -0.12093032151460648
        ],
        [
            -0.12835022807121277,
            -0.7605775594711304,
            -0.12621846795082092
        ],
        [
            -0.12721936404705048,
            -0.7607128620147705,
            -0.12763027846813202
        ],
        [
            -0.128875732421875,
            -0.7612901926040649,
            -0.12790073454380035
        ],
        [
            -0.12911677360534668,
            -0.7609970569610596,
            -0.1266143023967743
        ],
        [
            -0.12995529174804688,
            -0.7604289650917053,
            -0.12472601234912872
        ],
        [
            -0.12969718873500824,
            -0.7585955262184143,
            -0.12347729504108429
        ],
        [
            -0.12865258753299713,
            -0.7596641778945923,
            -0.12531517446041107
        ],
        [
            -0.132603257894516,
            -0.756653904914856,
            -0.12051407247781754
        ],
        [
            -0.14134344458580017,
            -0.751397430896759,
            -0.10982733964920044
        ],
        [
            -0.13946625590324402,
            -0.7523256540298462,
            -0.11306492984294891
        ],
        [
            -0.1406695544719696,
            -0.7567266225814819,
            -0.11196212470531464
        ],
        [
            -0.14245259761810303,
            -0.7561541795730591,
            -0.109310582280159
        ],
        [
            -0.13166646659374237,
            -0.7621833086013794,
            -0.12729893624782562
        ],
        [
            -0.1312696933746338,
            -0.7638038396835327,
            -0.12939704954624176
        ],
        [
            -0.1361771821975708,
            -0.7648029327392578,
            -0.12682193517684937
        ],
        [
            -0.13483494520187378,
            -0.7625565528869629,
            -0.12517128884792328
        ],
        [
            -0.1311872899532318,
            -0.7655855417251587,
            -0.13241879642009735
        ],
        [
            -0.1283257007598877,
            -0.7627074718475342,
            -0.13011838495731354
        ],
        [
            -0.127515971660614,
            -0.7635847926139832,
            -0.13318541646003723
        ],
        [
            -0.12659066915512085,
            -0.7591793537139893,
            -0.12679383158683777
        ],
        [
            -0.12394508719444275,
            -0.7584375143051147,
            -0.1288628727197647
        ],
        [
            -0.12585270404815674,
            -0.7602736949920654,
            -0.13009563088417053
        ],
        [
            -0.12346924096345901,
            -0.7552672624588013,
            -0.12653209269046783
        ],
        [
            -0.12723509967327118,
            -0.7570512890815735,
            -0.12425435334444046
        ],
        [
            -0.12971875071525574,
            -0.7541624307632446,
            -0.1212521344423294
        ],
        [
            -0.13312341272830963,
            -0.7511554956436157,
            -0.11742118000984192
        ],
        [
            -0.1279052197933197,
            -0.7481814622879028,
            -0.11841820925474167
        ],
        [
            -0.1250644028186798,
            -0.7516055107116699,
            -0.12291913479566574
        ],
        [
            -0.13672125339508057,
            -0.7686676979064941,
            -0.12926046550273895
        ],
        [
            -0.12300217151641846,
            -0.7605019807815552,
            -0.13370934128761292
        ],
        [
            -0.1249409019947052,
            -0.7660585641860962,
            -0.1378181278705597
        ],
        [
            -0.12000318616628647,
            -0.756732702255249,
            -0.13267400860786438
        ],
        [
            -0.11828280240297318,
            -0.7529115676879883,
            -0.12984207272529602
        ],
        [
            -0.11884262412786484,
            -0.7486583590507507,
            -0.12521126866340637
        ],
        [
            -0.12116435170173645,
            -0.7443596720695496,
            -0.12041615694761276
        ],
        [
            -0.1052100658416748,
            -0.7252776622772217,
            -0.11049485206604004
        ],
        [
            -0.10290146619081497,
            -0.7312724590301514,
            -0.11826090514659882
        ],
        [
            -0.1678849458694458,
            -0.8302339315414429,
            -0.14510023593902588
        ],
        [
            -0.163271963596344,
            -0.8306716680526733,
            -0.15297895669937134
        ],
        [
            -0.15550093352794647,
            -0.8256963491439819,
            -0.1513245552778244
        ],
        [
            -0.15593260526657104,
            -0.8278437256813049,
            -0.15311011672019958
        ],
        [
            -0.16074654459953308,
            -0.8276468515396118,
            -0.1491374671459198
        ],
        [
            -0.15884354710578918,
            -0.8253178000450134,
            -0.14806488156318665
        ],
        [
            -0.13557091355323792,
            -0.8261140584945679,
            -0.16016119718551636
        ],
        [
            -0.1414577215909958,
            -0.8256692886352539,
            -0.15662071108818054
        ],
        [
            -0.13848134875297546,
            -0.8229672908782959,
            -0.15588271617889404
        ],
        [
            -0.13184720277786255,
            -0.8203920722007751,
            -0.1606978476047516
        ],
        [
            -0.14281342923641205,
            -0.813161313533783,
            -0.14927297830581665
        ],
        [
            -0.13967081904411316,
            -0.8157420754432678,
            -0.1528480052947998
        ],
        [
            -0.14570140838623047,
            -0.8204190731048584,
            -0.1507534384727478
        ],
        [
            -0.14804010093212128,
            -0.8185303211212158,
            -0.14824819564819336
        ],
        [
            -0.15020638704299927,
            -0.8172821402549744,
            -0.14498335123062134
        ],
        [
            -0.15237104892730713,
            -0.8167210817337036,
            -0.14106860756874084
        ],
        [
            -0.1493232399225235,
            -0.8122694492340088,
            -0.14081397652626038
        ],
        [
            -0.1462000012397766,
            -0.8122462630271912,
            -0.14513421058654785
        ],
        [
            -0.163610577583313,
            -0.8281458616256714,
            -0.14338496327400208
        ],
        [
            -0.16477558016777039,
            -0.8275130987167358,
            -0.13600867986679077
        ],
        [
            -0.16230016946792603,
            -0.8251686096191406,
            -0.1369737833738327
        ],
        [
            -0.16168010234832764,
            -0.8254051208496094,
            -0.14309415221214294
        ],
        [
            -0.15731176733970642,
            -0.8216885328292847,
            -0.12527434527873993
        ],
        [
            -0.15914133191108704,
            -0.823289692401886,
            -0.12697967886924744
        ],
        [
            -0.16156312823295593,
            -0.824047863483429,
            -0.12398883700370789
        ],
        [
            -0.1589745581150055,
            -0.8205580115318298,
            -0.12243279069662094
        ],
        [
            -0.15714611113071442,
            -0.8178237080574036,
            -0.1244039237499237
        ],
        [
            -0.15663300454616547,
            -0.8200042247772217,
            -0.12648633122444153
        ],
        [
            -0.1837342083454132,
            -0.8837662935256958,
            -0.15047991275787354
        ],
        [
            -0.18559959530830383,
            -0.8654834032058716,
            -0.14624333381652832
        ],
        [
            -0.166298970580101,
            -0.8834011554718018,
            -0.16140028834342957
        ],
        [
            -0.14951278269290924,
            -0.8788414001464844,
            -0.16724170744419098
        ],
        [
            -0.13413552939891815,
            -0.8699569702148438,
            -0.17175385355949402
        ],
        [
            -0.10873618721961975,
            -0.7709473371505737,
            -0.14911207556724548
        ],
        [
            -0.09944166988134384,
            -0.7658339738845825,
            -0.14787232875823975
        ],
        [
            -0.09026354551315308,
            -0.7774783372879028,
            -0.15360455214977264
        ],
        [
            -0.08268776535987854,
            -0.7702358365058899,
            -0.1496533751487732
        ],
        [
            -0.0927632674574852,
            -0.7582895755767822,
            -0.14371249079704285
        ],
        [
            -0.08717937767505646,
            -0.7416330575942993,
            -0.1277780383825302
        ],
        [
            -0.08870884776115417,
            -0.7496383190155029,
            -0.13719290494918823
        ],
        [
            -0.07600724697113037,
            -0.7626628875732422,
            -0.14364883303642273
        ],
        [
            -0.0654071792960167,
            -0.7801169157028198,
            -0.15037919580936432
        ],
        [
            -0.07422618567943573,
            -0.783970296382904,
            -0.15427029132843018
        ],
        [
            -0.059426650404930115,
            -0.7998201847076416,
            -0.1533801257610321
        ],
        [
            -0.05525359511375427,
            -0.7764116525650024,
            -0.14360098540782928
        ],
        [
            -0.05265039950609207,
            -0.8025397658348083,
            -0.14853110909461975
        ],
        [
            -0.058056462556123734,
            -0.74383145570755,
            -0.12353307008743286
        ],
        [
            -0.05474388226866722,
            -0.7356175184249878,
            -0.1229778528213501
        ],
        [
            -0.04305762052536011,
            -0.7455357313156128,
            -0.13496407866477966
        ],
        [
            -0.04623038321733475,
            -0.7545348405838013,
            -0.13489872217178345
        ],
        [
            -0.08382734656333923,
            -0.7883444428443909,
            -0.15743683278560638
        ],
        [
            -0.11715948581695557,
            -0.8419701457023621,
            -0.16942940652370453
        ],
        [
            -0.12763892114162445,
            -0.8369704484939575,
            -0.1677388846874237
        ],
        [
            -0.10764297842979431,
            -0.8322729468345642,
            -0.16898755729198456
        ],
        [
            -0.12534096837043762,
            -0.9047180414199829,
            -0.17289820313453674
        ],
        [
            -0.13956469297409058,
            -0.8929646611213684,
            -0.17144915461540222
        ],
        [
            -0.12571598589420319,
            -0.8822669982910156,
            -0.17464347183704376
        ],
        [
            -0.11423191428184509,
            -0.8944891691207886,
            -0.1763533055782318
        ],
        [
            -0.15532062947750092,
            -0.931603193283081,
            -0.15237310528755188
        ],
        [
            -0.17230716347694397,
            -0.9090713262557983,
            -0.154525026679039
        ],
        [
            -0.15772701799869537,
            -0.9030800461769104,
            -0.1635783612728119
        ],
        [
            -0.14300763607025146,
            -0.9200950860977173,
            -0.16321124136447906
        ],
        [
            -0.1022270917892456,
            -0.901893138885498,
            -0.17558985948562622
        ],
        [
            -0.08715742826461792,
            -0.911493718624115,
            -0.17227235436439514
        ],
        [
            -0.08886045217514038,
            -0.9284154176712036,
            -0.16857339441776276
        ],
        [
            -0.10899831354618073,
            -0.9188679456710815,
            -0.1720350831747055
        ],
        [
            -0.09459781646728516,
            -0.9498214721679688,
            -0.15780223906040192
        ],
        [
            -0.11928276717662811,
            -0.9384685754776001,
            -0.16161507368087769
        ],
        [
            -0.04075472056865692,
            -0.7933425903320312,
            -0.14271393418312073
        ],
        [
            -0.043846458196640015,
            -0.8128467798233032,
            -0.14532369375228882
        ],
        [
            -0.051794007420539856,
            -0.7639283537864685,
            -0.13607865571975708
        ],
        [
            -0.038445845246315,
            -0.7774292230606079,
            -0.14084595441818237
        ],
        [
            -0.10117238759994507,
            -0.9658006429672241,
            -0.14113140106201172
        ],
        [
            -0.130341574549675,
            -0.9533212184906006,
            -0.1461986005306244
        ],
        [
            -0.036778002977371216,
            -0.9138663411140442,
            -0.1504553258419037
        ],
        [
            -0.051423534750938416,
            -0.9259610772132874,
            -0.1554492563009262
        ],
        [
            -0.057571277022361755,
            -0.9074587821960449,
            -0.16400164365768433
        ],
