{
    "pred_cam": [
        1.408764362335205,
        0.14753390848636627,
        0.28611263632774353
    ],
    "pred_smpl_params": {
        "global_orient": [
            [
                [
                    -0.5761419534683228,
                    0.11646462231874466,
                    -0.8090095520019531
                ],
                [
                    0.22603793442249298,
                    -0.928490400314331,
                    -0.29463958740234375
                ],
                [
                    -0.7854726910591125,
                    -0.35262107849121094,
                    0.5086168646812439
                ]
            ]
        ],
        "body_pose": [
            [
                [
                    0.996910035610199,
                    0.06817924231290817,
                    0.03901218622922897
                ],
                [
                    -0.07448907941579819,
                    0.9781718850135803,
                    0.1939876526594162
                ],
                [
                    -0.024934688583016396,
                    -0.19629421830177307,
                    0.9802280068397522
                ]
            ],
            [
                [
                    0.9829999804496765,
                    0.15819613635540009,
                    -0.09319339692592621
                ],
                [
                    -0.14313313364982605,
                    0.9781661033630371,
                    0.15067830681800842
                ],
                [
                    0.11499534547328949,
                    -0.1347777098417282,
                    0.9841803908348083
                ]
            ],
            [
                [
                    0.9949028491973877,
                    -0.05899732932448387,
                    0.08177799731492996
                ],
                [
                    0.07739466428756714,
                    0.9666265249252319,
                    -0.2442195564508438
                ],
                [
                    -0.06464048475027084,
                    0.2493039071559906,
                    0.9662655591964722
                ]
            ],
            [
                [
                    0.9888613224029541,
                    0.14755015075206757,
                    0.019551178440451622
                ],
                [
                    -0.14560860395431519,
                    0.9862335324287415,
                    -0.07836764305830002
                ],
                [
                    -0.03084518574178219,
                    0.07464791089296341,
                    0.996732771396637
                ]
            ],
            [
                [
                    0.9997335076332092,
                    0.02106272242963314,
                    0.009451142512261868
                ],
                [
                    -0.020485220476984978,
                    0.9981339573860168,
                    -0.05752311646938324
                ],
                [
                    -0.01064509991556406,
                    0.057314176112413406,
                    0.9982994198799133
                ]
            ],
            [
                [
                    0.9976006150245667,
                    -0.01787571609020233,
                    0.06688368320465088
                ],
                [
                    0.02088872902095318,
                    0.9987854957580566,
                    -0.044623810797929764
                ],
                [
                    -0.06600476056337357,
                    0.045913856476545334,
                    0.9967624545097351
                ]
            ],
            [
                [
                    0.9918070435523987,
                    0.03992273658514023,
                    0.12134630978107452
                ],
                [
                    -0.03603018820285797,
                    0.9987685680389404,
                    -0.03410552442073822
                ],
                [
                    -0.12255845963954926,
                    0.02945397049188614,
                    0.9920241236686707
                ]
            ],
            [
                [
                    0.983237624168396,
                    -0.02831864170730114,
                    -0.18011632561683655
                ],
                [
                    0.03235749900341034,
                    0.9992856383323669,
                    0.019524594768881798
                ],
                [
                    0.17943474650382996,
                    -0.02502542920410633,
                    0.9834515452384949
                ]
            ],
            [
                [
                    0.9975747466087341,
                    0.0005133277736604214,
                    0.06960046291351318
                ],
                [
                    0.0051348707638680935,
                    0.9967049956321716,
                    -0.08094856142997742
                ],
                [
                    -0.06941269338130951,
                    0.08110964298248291,
                    0.9942851066589355
                ]
            ],
            [
                [
                    0.9900065660476685,
                    -0.08832848817110062,
                    0.10993165522813797
                ],
                [
                    0.0905739963054657,
                    0.9957676529884338,
                    -0.01559374202042818
                ],
                [
                    -0.10808901488780975,
                    0.0253948625177145,
                    0.9938167929649353
                ]
            ],
            [
                [
                    0.9967364072799683,
                    0.08044400811195374,
                    -0.006733568850904703
                ],
                [
                    -0.08033259958028793,
                    0.9966484904289246,
                    0.01544349268078804
                ],
                [
                    0.007953337393701077,
                    -0.014852166175842285,
                    0.9998581409454346
                ]
            ],
            [
                [
                    0.9314001798629761,
                    -0.039803944528102875,
                    0.36181408166885376
                ],
                [
                    0.06935033947229385,
                    0.9952004551887512,
                    -0.06904106587171555
                ],
                [
                    -0.357329398393631,
                    0.08939678966999054,
                    0.9296903014183044
                ]
            ],
            [
                [
                    0.9131098985671997,
                    0.31152117252349854,
                    -0.2630298435688019
                ],
                [
                    -0.2937292158603668,
                    0.9500475525856018,
                    0.10551222413778305
                ],
                [
                    0.2827601432800293,
                    -0.01908472552895546,
                    0.9590007066726685
                ]
            ],
            [
                [
                    0.9020985960960388,
                    -0.3273181915283203,
                    0.28121301531791687
                ],
                [
                    0.3238852918148041,
                    0.9441915154457092,
                    0.06000649556517601
                ],
                [
                    -0.2851601541042328,
                    0.03694896399974823,
                    0.9577673673629761
                ]
            ],
            [
                [
                    0.9637203812599182,
                    0.13254520297050476,
                    0.2316780537366867
                ],
                [
                    -0.035773783922195435,
                    0.9242984056472778,
                    -0.37999019026756287
                ],
                [
                    -0.2645055651664734,
                    0.35791632533073425,
                    0.8955068588256836
                ]
            ],
            [
                [
                    0.6579668521881104,
                    0.6004308462142944,
                    -0.45449134707450867
                ],
                [
                    -0.6406635642051697,
                    0.763516366481781,
                    0.0811971127986908
                ],
                [
                    0.3957648277282715,
                    0.2377510368824005,
                    0.8870426416397095
                ]
            ],
            [
                [
                    0.5355114936828613,
                    -0.6619584560394287,
                    0.524441123008728
                ],
                [
                    0.7300901412963867,
                    0.675001323223114,
                    0.10649669170379639
                ],
                [
                    -0.4244948625564575,
                    0.32585906982421875,
                    0.8447602987289429
                ]
            ],
            [
                [
                    0.632941722869873,
                    -0.10532044619321823,
                    -0.767002284526825
                ],
                [
                    0.020777668803930283,
                    0.9926576018333435,
                    -0.11916016042232513
                ],
                [
                    0.7739206552505493,
                    0.05948492884635925,
                    0.6304827332496643
                ]
            ],
            [
                [
                    0.3420136868953705,
                    0.2102653980255127,
                    0.9158685207366943
                ],
                [
                    -0.09917068481445312,
                    0.9772780537605286,
                    -0.1873304545879364
                ],
                [
                    -0.9344474077224731,
                    -0.026757700368762016,
                    0.35509464144706726
                ]
            ],
            [
                [
                    0.9906451106071472,
                    -0.12318596243858337,
                    -0.05871424078941345
                ],
                [
                    0.1263248175382614,
                    0.9905651807785034,
                    0.05312797799706459
                ],
                [
                    0.05161566659808159,
                    -0.060048047453165054,
                    0.9968600273132324
                ]
            ],
            [
                [
                    0.9906993508338928,
                    0.0951147973537445,
                    0.09730299562215805
                ],
                [
                    -0.1106821820139885,
                    0.9792643189430237,
                    0.16967886686325073
                ],
                [
                    -0.0791463777422905,
                    -0.17887046933174133,
                    0.9806840419769287
                ]
            ],
            [
                [
                    0.9851214289665222,
                    0.14602021872997284,
                    -0.09063100069761276
                ],
                [
                    -0.13363364338874817,
                    0.9824278950691223,
                    0.1302977353334427
                ],
                [
                    0.10806453227996826,
                    -0.11624772846698761,
                    0.9873239994049072
                ]
            ],
            [
                [
                    0.9805615544319153,
                    -0.18190760910511017,
                    0.0735437422990799
                ],
                [
                    0.17231445014476776,
                    0.9776259064674377,
                    0.12064507603645325
                ],
                [
                    -0.09384453296661377,
                    -0.10562727600336075,
                    0.9899677038192749
                ]
            ]
        ],
        "betas": [
            -0.2487277090549469,
            -0.2672392427921295,
            0.3253374397754669,
            0.8046259880065918,
            0.2329377830028534,
            -0.0465024933218956,
            -0.044357895851135254,
            0.0011149346828460693,
            0.07243774831295013,
            -0.02261132001876831
        ]
    },
    "pred_cam_t": [
        0.14753390848636627,
        0.28611263632774353,
        27.728200912475586
    ],
    "focal_length": [
        5000.0,
        5000.0
    ],
    "pred_keypoints_3d": [
        [
            -0.17799636721611023,
            -0.7728580236434937,
            -0.1067858412861824
        ],
        [
            0.0013790987432003021,
            -0.7273880243301392,
            -0.0807904377579689
        ],
        [
            0.0651719868183136,
            -0.6548802256584167,
            0.10130707919597626
        ],
        [
            0.013208121061325073,
            -0.43398797512054443,
            0.20013387501239777
        ],
        [
            -0.23219753801822662,
            -0.4069080948829651,
            0.17787814140319824
        ],
        [
            -0.07742936909198761,
            -0.6074044108390808,
            -0.22250762581825256
        ],
        [
            -0.1885596066713333,
            -0.3793284296989441,
            -0.22961202263832092
        ],
        [
            -0.3633519113063812,
            -0.3128810524940491,
            -0.07530264556407928
        ],
        [
            -0.0021303740795701742,
            -0.23020341992378235,
            0.02830277755856514
        ],
        [
            0.029497317969799042,
            -0.160373717546463,
            0.11080965399742126
        ],
        [
            0.011264316737651825,
            0.1398630440235138,
            0.32894980907440186
        ],
        [
            0.0026557110249996185,
            0.48787233233451843,
            0.49550604820251465
        ],
        [
            -0.0470980703830719,
            -0.12793377041816711,
            0.002902338281273842
        ],
        [
            -0.14632508158683777,
            0.18586662411689758,
            0.15657326579093933
        ],
        [
            -0.13694384694099426,
            0.5079668760299683,
            0.3680708110332489
        ],
        [
            -0.17302829027175903,
            -0.8226596117019653,
            -0.07134981453418732
        ],
        [
            -0.16009488701820374,
            -0.8226227760314941,
            -0.1366824060678482
        ],
        [
            -0.09052835404872894,
            -0.8524684309959412,
            -0.01025533676147461
        ],
        [
            -0.06456306576728821,
            -0.8524157404899597,
            -0.15784940123558044
        ],
        [
            -0.3091675341129303,
            0.49868226051330566,
            0.4716455936431885
        ],
        [
            -0.29474371671676636,
            0.5462899804115295,
            0.40502840280532837
        ],
        [
            -0.09021452814340591,
            0.5555090308189392,
            0.3620830178260803
        ],
        [
            -0.12994343042373657,
            0.44732779264450073,
            0.6359080672264099
        ],
        [
            -0.04377782717347145,
            0.4495656490325928,
            0.6548242568969727
        ],
        [
            0.03659643977880478,
            0.5483295321464539,
            0.48354965448379517
        ],
        [
            0.040531329810619354,
            0.4498199224472046,
            0.46732473373413086
        ],
        [
            0.014972370117902756,
            0.08499517291784286,
            0.292559951543808
        ],
        [
            0.09439336508512497,
            -0.2905081510543823,
            0.12527012825012207
        ],
        [
            -0.06333296000957489,
            -0.2042650729417801,
            -0.10640959441661835
        ],
        [
            -0.14282876253128052,
            0.15242548286914825,
            0.12683570384979248
        ],
        [
            -0.11774566024541855,
            0.4915348291397095,
            0.33241719007492065
        ],
        [
            -0.21497219800949097,
            -0.43950265645980835,
            0.16552519798278809
        ],
        [
            -0.0011924034915864468,
            -0.46850481629371643,
            0.21882638335227966
        ],
        [
            0.05091444030404091,
            -0.6812047362327576,
            0.06476335972547531
        ],
        [
            -0.059325650334358215,
            -0.6433466672897339,
            -0.21148207783699036
        ],
        [
            -0.2161838710308075,
            -0.42067813873291016,
            -0.23781514167785645
        ],
        [
            -0.36210983991622925,
            -0.33435195684432983,
            -0.08217918872833252
        ],
        [
            -0.006902800872921944,
            -0.7162418365478516,
            -0.0791371613740921
        ],
        [
            -0.11469012498855591,
            -0.8934193253517151,
            -0.09546982496976852
        ],
        [
            0.015179242938756943,
            -0.24786880612373352,
            0.008682139217853546
        ],
        [
            -0.0034149200655519962,
            -0.6591968536376953,
            -0.07024196535348892
        ],
        [
            0.037198472768068314,
            -0.48810267448425293,
            -0.05476219579577446
        ],
        [
            -0.097356416285038,
            -0.7795014381408691,
            -0.09473751485347748
        ],
        [
            -0.11569859087467194,
            -0.9134340882301331,
            -0.09263002127408981
        ]
    ],
    "pred_vertices": [
        [
            -0.17864114046096802,
            -0.8655227422714233,
            -0.1525862067937851
        ],
        [
            -0.17987436056137085,
            -0.8492714166641235,
            -0.1468898057937622
        ],
        [
            -0.1680344045162201,
            -0.8499458432197571,
            -0.15549512207508087
        ],
        [
            -0.16320005059242249,
            -0.8633401989936829,
            -0.16007894277572632
        ],
        [
            -0.1702479124069214,
            -0.8388997912406921,
            -0.15210337936878204
        ],
        [
            -0.1785867065191269,
            -0.8374834060668945,
            -0.14384636282920837
        ],
        [
            -0.15491554141044617,
            -0.8482860922813416,
            -0.159829244017601
        ],
        [
            -0.14754018187522888,
            -0.8590326309204102,
            -0.16344806551933289
        ],
        [
            -0.1285991370677948,
            -0.8205313086509705,
            -0.15943464636802673
        ],
        [
            -0.11795355379581451,
            -0.8204442262649536,
            -0.16154009103775024
        ],
        [
            -0.12455552816390991,
            -0.8311285972595215,
            -0.16241341829299927
        ],
        [
            -0.13355836272239685,
            -0.8284096717834473,
            -0.1592482030391693
        ],
        [
            -0.11544562876224518,
            -0.7985221147537231,
            -0.15525507926940918
        ],
        [
            -0.12016315758228302,
            -0.7866494655609131,
            -0.14993539452552795
        ],
        [
            -0.1076572984457016,
            -0.7823762893676758,
            -0.14955933392047882
        ],
        [
            -0.10188111662864685,
            -0.7941776514053345,
            -0.153559148311615
        ],
        [
            -0.15274065732955933,
            -0.789907693862915,
            -0.1242620125412941
        ],
        [
            -0.14811992645263672,
            -0.7842997312545776,
            -0.1287069022655487
        ],
        [
            -0.14941200613975525,
            -0.7906898260116577,
            -0.13303008675575256
        ],
        [
            -0.15353143215179443,
            -0.795696496963501,
            -0.12774795293807983
        ],
        [
            -0.1640130579471588,
            -0.7963507175445557,
            -0.11772751063108444
        ],
        [
            -0.16308367252349854,
            -0.8026998043060303,
            -0.11865326762199402
        ],
        [
            -0.17025959491729736,
            -0.804050862789154,
            -0.11547917127609253
        ],
        [
            -0.17164096236228943,
            -0.7967047691345215,
            -0.11553923040628433
        ],
        [
            -0.15167376399040222,
            -0.7851219773292542,
            -0.1184808611869812
        ],
        [
            -0.14650990068912506,
            -0.7795538902282715,
            -0.12305925786495209
        ],
        [
            -0.157207190990448,
            -0.7944604158401489,
            -0.12061938643455505
        ],
        [
            -0.15789934992790222,
            -0.7896019816398621,
            -0.11890024691820145
        ],
        [
            -0.16546911001205444,
            -0.7798853516578674,
            -0.11768804490566254
        ],
        [
            -0.16573244333267212,
            -0.7847611904144287,
            -0.11941132694482803
        ],
        [
            -0.17304661870002747,
            -0.7829447984695435,
            -0.11782833933830261
        ],
        [
            -0.1705087125301361,
            -0.778127133846283,
            -0.11578986793756485
        ],
        [
            -0.15619751811027527,
            -0.782914400100708,
            -0.118672214448452
        ],
        [
            -0.15977075695991516,
            -0.7845468521118164,
            -0.12005335092544556
        ],
        [
            -0.1609048843383789,
            -0.7801888585090637,
            -0.1177695095539093
        ],
        [
            -0.15747085213661194,
            -0.7795072793960571,
            -0.11535923928022385
        ],
        [
            -0.16490986943244934,
            -0.7913353443145752,
            -0.11754674464464188
        ],
        [
            -0.17264443635940552,
            -0.790195643901825,
            -0.11646395176649094
        ],
        [
            -0.18035420775413513,
            -0.7885986566543579,
            -0.11417628824710846
        ],
        [
            -0.17992810904979706,
            -0.7796977758407593,
            -0.11478035151958466
        ],
        [
            -0.13473843038082123,
            -0.7745426297187805,
            -0.13656401634216309
        ],
        [
            -0.14222997426986694,
            -0.7791377305984497,
            -0.1335194855928421
        ],
        [
            -0.14144963026046753,
            -0.7747291326522827,
            -0.12782731652259827
        ],
        [
            -0.1357552707195282,
            -0.7708228826522827,
            -0.13128222525119781
        ],
        [
            -0.15294396877288818,
            -0.778085470199585,
            -0.11531031131744385
        ],
        [
            -0.1459038257598877,
            -0.7637950778007507,
            -0.11696531623601913
        ],
        [
            -0.14751610159873962,
            -0.7671698331832886,
            -0.1177273616194725
        ],
        [
            -0.15272453427314758,
            -0.7662944793701172,
            -0.11284109950065613
        ],
        [
            -0.15088950097560883,
            -0.7632209658622742,
            -0.11266176402568817
        ],
        [
            -0.12011481076478958,
            -0.7652359008789062,
            -0.13815182447433472
        ],
        [
            -0.12476728111505508,
            -0.7624142169952393,
            -0.13333940505981445
        ],
        [
            -0.11961669474840164,
            -0.7572813034057617,
            -0.1324005275964737
        ],
        [
            -0.11357193440198898,
            -0.7595154047012329,
            -0.13602393865585327
        ],
        [
            -0.11704494059085846,
            -0.7525438666343689,
            -0.12867629528045654
        ],
        [
            -0.10828503966331482,
            -0.7538841962814331,
            -0.13273051381111145
        ],
        [
            -0.10497505217790604,
            -0.7409271001815796,
            -0.12167897820472717
        ],
        [
            -0.10610897094011307,
            -0.7467317581176758,
            -0.1271575689315796
        ],
        [
            -0.11602619290351868,
            -0.7473434805870056,
            -0.12398567795753479
        ],
        [
            -0.11783122271299362,
            -0.7413690686225891,
            -0.11859489977359772
        ],
        [
            -0.12947699427604675,
            -0.742124617099762,
            -0.1099136620759964
        ],
        [
            -0.13250036537647247,
            -0.7399860620498657,
            -0.10458865761756897
        ],
        [
            -0.12474118173122406,
            -0.7298436164855957,
            -0.10684484243392944
        ],
        [
            -0.12159214913845062,
            -0.7345024943351746,
            -0.11244054138660431
        ],
        [
            -0.13962006568908691,
            -0.7603250741958618,
            -0.1146397739648819
        ],
        [
            -0.13634660840034485,
            -0.7615211606025696,
            -0.1179502010345459
        ],
        [
            -0.1388908326625824,
            -0.7618342041969299,
            -0.11898767948150635
        ],
        [
            -0.1430998146533966,
            -0.7615060210227966,
            -0.11584960669279099
        ],
        [
            -0.13384494185447693,
            -0.7620457410812378,
            -0.12111350148916245
        ],
        [
            -0.1327138990163803,
            -0.7621726393699646,
            -0.12252561748027802
        ],
        [
            -0.13436628878116608,
            -0.7627629041671753,
            -0.1227995976805687
        ],
        [
            -0.1346149742603302,
            -0.7624659538269043,
            -0.12152270972728729
        ],
        [
            -0.13546040654182434,
            -0.7618988752365112,
            -0.11963307857513428
        ],
        [
            -0.13521385192871094,
            -0.7600530982017517,
            -0.1183793917298317
        ],
        [
            -0.13415586948394775,
            -0.7611275911331177,
            -0.12020829319953918
        ],
        [
            -0.13814124464988708,
            -0.758114218711853,
            -0.11542432010173798
        ],
        [
            -0.14694705605506897,
            -0.752901554107666,
            -0.1047254353761673
        ],
        [
            -0.1450488120317459,
            -0.7537976503372192,
            -0.10798536241054535
        ],
        [
            -0.14624419808387756,
            -0.7582179307937622,
            -0.10688550770282745
        ],
        [
            -0.14803078770637512,
            -0.7576828598976135,
            -0.10421194136142731
        ],
        [
            -0.13715504109859467,
            -0.7636810541152954,
            -0.12219929695129395
        ],
        [
            -0.13674747943878174,
            -0.7652909755706787,
            -0.12430020421743393
        ],
        [
            -0.14165878295898438,
            -0.766312837600708,
            -0.1217382550239563
        ],
        [
            -0.14033064246177673,
            -0.7640565633773804,
            -0.12008003890514374
        ],
        [
            -0.13664114475250244,
            -0.7670783996582031,
            -0.12733128666877747
        ],
        [
            -0.13380686938762665,
            -0.764176607131958,
            -0.12502233684062958
        ],
        [
            -0.1329663097858429,
            -0.7650729417800903,
            -0.12806950509548187
        ],
        [
            -0.13209110498428345,
            -0.7606358528137207,
            -0.1216823011636734
        ],
        [
            -0.1294439435005188,
            -0.7598847150802612,
            -0.12375031411647797
        ],
        [
            -0.13134101033210754,
            -0.7617365121841431,
            -0.12498992681503296
        ],
        [
            -0.12899108231067657,
            -0.7566994428634644,
            -0.12141638994216919
        ],
        [
            -0.13275086879730225,
            -0.7584984302520752,
            -0.11914394795894623
        ],
        [
            -0.13525733351707458,
            -0.7556090354919434,
            -0.11614437401294708
        ],
        [
            -0.13868524134159088,
            -0.7526059150695801,
            -0.11232125014066696
        ],
        [
            -0.13347375392913818,
            -0.749616801738739,
            -0.11330227553844452
        ],
        [
            -0.13061097264289856,
            -0.7530286312103271,
            -0.1178041473031044
        ],
        [
            -0.14216861128807068,
            -0.7702063322067261,
            -0.12416289746761322
        ],
        [
            -0.12847793102264404,
            -0.761951208114624,
            -0.12860384583473206
        ],
        [
            -0.13037686049938202,
            -0.7675203084945679,
            -0.13271254301071167
        ],
        [
            -0.12550051510334015,
            -0.7581619024276733,
            -0.12755954265594482
        ],
        [
            -0.1238122433423996,
            -0.7543201446533203,
            -0.12472042441368103
        ],
        [
            -0.1243751272559166,
            -0.7500597238540649,
            -0.12004907429218292
        ],
        [
            -0.1267414689064026,
            -0.7457651495933533,
            -0.11528526246547699
        ],
        [
            -0.11085144430398941,
            -0.726629376411438,
            -0.10524751991033554
        ],
        [
            -0.10848832130432129,
            -0.7326064109802246,
            -0.11300505697727203
        ],
        [
            -0.17302951216697693,
            -0.831890881061554,
            -0.1400812417268753
        ],
        [
            -0.16839492321014404,
            -0.8322831392288208,
            -0.1479572206735611
        ],
        [
            -0.16066983342170715,
            -0.8272901773452759,
            -0.14628973603248596
        ],
        [
            -0.16107326745986938,
            -0.8294111490249634,
            -0.1480865180492401
        ],
        [
            -0.16588935256004333,
            -0.8292781114578247,
            -0.14409583806991577
        ],
        [
            -0.1640322357416153,
            -0.8269224166870117,
            -0.1430394947528839
        ],
        [
            -0.14070183038711548,
            -0.827640175819397,
            -0.1550540179014206
        ],
        [
            -0.14660200476646423,
            -0.8272112607955933,
            -0.15154486894607544
        ],
        [
            -0.14363037049770355,
            -0.8245134949684143,
            -0.15076832473278046
        ],
        [
            -0.1369970738887787,
            -0.8219146728515625,
            -0.15556013584136963
        ],
        [
            -0.14802458882331848,
            -0.8147333860397339,
            -0.14417633414268494
        ],
        [
            -0.14485707879066467,
            -0.817296028137207,
            -0.14773154258728027
        ],
        [
            -0.15088000893592834,
            -0.8219879269599915,
            -0.145674467086792
        ],
        [
            -0.15323463082313538,
            -0.8201102018356323,
            -0.14317959547042847
        ],
        [
            -0.15542569756507874,
            -0.8188766241073608,
            -0.13992416858673096
        ],
        [
            -0.15759244561195374,
            -0.8183370232582092,
            -0.13600322604179382
        ],
        [
            -0.15456447005271912,
            -0.8138785362243652,
            -0.1357526183128357
        ],
        [
            -0.15142542123794556,
            -0.8138374090194702,
            -0.14006167650222778
        ],
        [
            -0.16878589987754822,
            -0.8297812938690186,
            -0.13837158679962158
        ],
        [
            -0.16996870934963226,
            -0.8291670083999634,
            -0.13099461793899536
        ],
        [
            -0.1675165295600891,
            -0.8268080353736877,
            -0.1319575011730194
        ],
        [
            -0.166866734623909,
            -0.8270391225814819,
            -0.13807666301727295
        ],
        [
            -0.1625831127166748,
            -0.823331356048584,
            -0.12023697793483734
        ],
        [
            -0.1644059419631958,
            -0.8249286413192749,
            -0.12194564938545227
        ],
        [
            -0.16683676838874817,
            -0.8256953954696655,
            -0.11896707117557526
        ],
        [
            -0.1642545461654663,
            -0.8222022652626038,
            -0.11740301549434662
        ],
        [
            -0.1624383181333542,
            -0.8194694519042969,
            -0.11937389522790909
        ],
        [
            -0.16191066801548004,
            -0.821650505065918,
            -0.12145069986581802
        ],
        [
            -0.18865326046943665,
            -0.885393500328064,
            -0.1455668807029724
        ],
        [
            -0.19060149788856506,
            -0.867119312286377,
            -0.14123976230621338
        ],
        [
            -0.17128945887088776,
            -0.8849204778671265,
            -0.1564638465642929
        ],
        [
            -0.1544511616230011,
            -0.8803409337997437,
            -0.1622661054134369
        ],
        [
            -0.13908997178077698,
            -0.8715218305587769,
            -0.16668862104415894
        ],
        [
            -0.11412903666496277,
            -0.7723498344421387,
            -0.14398202300071716
        ],
        [
            -0.10485901683568954,
            -0.767219603061676,
            -0.14270159602165222
        ],
        [
            -0.09561172127723694,
            -0.7788397669792175,
            -0.14837945997714996
        ],
        [
            -0.08807886391878128,
            -0.7715921998023987,
            -0.14439229667186737
        ],
        [
            -0.0982203483581543,
            -0.7596479654312134,
            -0.13848429918289185
        ],
        [
            -0.09272392839193344,
            -0.742955207824707,
            -0.12248145043849945
        ],
        [
            -0.09423097223043442,
            -0.7509761452674866,
            -0.13194702565670013
        ],
        [
            -0.08146291971206665,
            -0.763984739780426,
            -0.13838987052440643
        ],
        [
            -0.07076209783554077,
            -0.7814117670059204,
            -0.14514003694057465
        ],
        [
            -0.07952231168746948,
            -0.7852935194969177,
            -0.14900988340377808
        ],
        [
            -0.06471192091703415,
            -0.8011151552200317,
            -0.1481168270111084
        ],
        [
            -0.06065751612186432,
            -0.7777349948883057,
            -0.13829532265663147
        ],
        [
            -0.05794726312160492,
            -0.8038393259048462,
            -0.14325088262557983
        ],
        [
            -0.0635404884815216,
            -0.7452317476272583,
            -0.11793486028909683
        ],
        [
            -0.060208410024642944,
            -0.7370509505271912,
            -0.11730094254016876
        ],
        [
            -0.04867657274007797,
            -0.7470173835754395,
            -0.1294674128293991
        ],
        [
            -0.05178161710500717,
            -0.7559868097305298,
            -0.1294010430574417
        ],
        [
            -0.08912494778633118,
            -0.7896898984909058,
            -0.15222269296646118
        ],
        [
            -0.12224400788545609,
            -0.8434868454933167,
            -0.16423267126083374
        ],
        [
            -0.13272492587566376,
            -0.8385422229766846,
            -0.16256512701511383
        ],
        [
            -0.11276350170373917,
            -0.8337758183479309,
            -0.16372337937355042
        ],
        [
            -0.13022978603839874,
            -0.906198263168335,
            -0.16792473196983337
        ],
        [
            -0.14451809227466583,
            -0.8944729566574097,
            -0.16651979088783264
        ],
        [
            -0.13063380122184753,
            -0.8837536573410034,
            -0.16963915526866913
        ],
        [
            -0.11909657716751099,
            -0.8959808349609375,
            -0.1713441014289856
        ],
        [
            -0.1602078676223755,
            -0.9331742525100708,
            -0.14742165803909302
        ],
        [
            -0.17720448970794678,
            -0.9106258749961853,
            -0.1496056318283081
        ],
        [
            -0.16257590055465698,
            -0.9046025276184082,
            -0.15860362350940704
        ],
        [
            -0.14787697792053223,
            -0.921630322933197,
            -0.1582571417093277
        ],
        [
            -0.10707703232765198,
            -0.903322696685791,
            -0.17053818702697754
        ],
        [
            -0.09200529754161835,
            -0.9128742218017578,
            -0.16716645658016205
        ],
        [
            -0.09371210634708405,
            -0.9298204779624939,
            -0.16345378756523132
        ],
        [
            -0.11390550434589386,
            -0.9203494787216187,
            -0.16702844202518463
        ],
        [
            -0.09944474697113037,
            -0.9512511491775513,
            -0.15274685621261597
        ],
        [
            -0.12413385510444641,
            -0.9399436712265015,
            -0.1566077023744583
        ],
        [
            -0.04612475633621216,
            -0.7947032451629639,
            -0.13733163475990295
        ],
        [
            -0.04914720356464386,
            -0.8141930103302002,
            -0.13999983668327332
        ],
        [
            -0.057295143604278564,
            -0.765313982963562,
            -0.13061830401420593
        ],
        [
            -0.04391901195049286,
            -0.7788230180740356,
            -0.13545987010002136
        ],
        [
            -0.10601325333118439,
            -0.967289924621582,
            -0.13612566888332367
        ],
        [
            -0.1352088749408722,
            -0.9548721313476562,
            -0.1412561535835266
        ],
        [
            -0.04163689911365509,
            -0.9151844382286072,
            -0.14525459706783295
        ],
        [
            -0.05626198649406433,
            -0.9272513389587402,
            -0.15033219754695892
        ],
        [
            -0.062419310212135315,
            -0.9087729454040527,
            -0.15881866216659546
        ],
        [
