{
    "pred_cam": [
        1.4078905582427979,
        0.14833180606365204,
        0.2875005900859833
    ],
    "pred_smpl_params": {
        "global_orient": [
            [
                [
                    -0.5836045742034912,
                    0.11517056822776794,
                    -0.8038292527198792
                ],
                [
                    0.2210712730884552,
                    -0.9299675822257996,
                    -0.29374784231185913
                ],
                [
                    -0.7813662886619568,
                    -0.3491361439228058,
                    0.517272412776947
                ]
            ]
        ],
        "body_pose": [
            [
                [
                    0.9971509575843811,
                    0.065572589635849,
                    0.0372861884534359
                ],
                [
                    -0.07152988761663437,
                    0.9788993000984192,
                    0.19141481816768646
                ],
                [
                    -0.023947859182953835,
                    -0.19353653490543365,
                    0.9808007478713989
                ]
            ],
            [
                [
                    0.9824854135513306,
                    0.16024646162986755,
                    -0.09509633481502533
                ],
                [
                    -0.14388036727905273,
                    0.9766868352890015,
                    0.1593146175146103
                ],
                [
                    0.11840895563364029,
                    -0.14284181594848633,
                    0.9826368689537048
                ]
            ],
            [
                [
                    0.9948752522468567,
                    -0.05889623984694481,
                    0.08218551427125931
                ],
                [
                    0.0773918554186821,
                    0.9666521549224854,
                    -0.24411919713020325
                ],
                [
                    -0.0650670975446701,
                    0.24922864139080048,
                    0.9662563800811768
                ]
            ],
            [
                [
                    0.9901392459869385,
                    0.13969555497169495,
                    0.010458768345415592
                ],
                [
                    -0.13843029737472534,
                    0.9871487617492676,
                    -0.0798398032784462
                ],
                [
                    -0.021477626636624336,
                    0.07760471850633621,
                    0.9967527985572815
                ]
            ],
            [
                [
                    0.9998599886894226,
                    0.01622912287712097,
                    -0.004080746788531542
                ],
                [
                    -0.016441402956843376,
                    0.9981286525726318,
                    -0.05889778211712837
                ],
                [
                    0.0031172505114227533,
                    0.05895662680268288,
                    0.998255729675293
                ]
            ],
            [
                [
                    0.997535765171051,
                    -0.014789389446377754,
                    0.06858307123184204
                ],
                [
                    0.01770947128534317,
                    0.998953640460968,
                    -0.04216665029525757
                ],
                [
                    -0.06788768619298935,
                    0.0432773120701313,
                    0.9967538714408875
                ]
            ],
            [
                [
                    0.9920909404754639,
                    0.04191904515028,
                    0.11831559240818024
                ],
                [
                    -0.0387064628303051,
                    0.9988203048706055,
                    -0.029322611168026924
                ],
                [
                    -0.11940519511699677,
                    0.024511119350790977,
                    0.99254310131073
                ]
            ],
            [
                [
                    0.9836966395378113,
                    -0.02590220794081688,
                    -0.17796070873737335
                ],
                [
                    0.030875319615006447,
                    0.999204695224762,
                    0.025232180953025818
                ],
                [
                    0.17716561257839203,
                    -0.030315404757857323,
                    0.9837140440940857
                ]
            ],
            [
                [
                    0.9974117279052734,
                    0.003098285524174571,
                    0.07183534651994705
                ],
                [
                    0.0029953180346637964,
                    0.99641352891922,
                    -0.0845646783709526
                ],
                [
                    -0.07183970510959625,
                    0.08456096798181534,
                    0.9938252568244934
                ]
            ],
            [
                [
                    0.9901533722877502,
                    -0.09034297615289688,
                    0.10693169385194778
                ],
                [
                    0.0923037901520729,
                    0.9956390857696533,
                    -0.0135219506919384
                ],
                [
                    -0.1052437573671341,
                    0.023259008303284645,
                    0.9941744208335876
                ]
            ],
            [
                [
                    0.9968423247337341,
                    0.07890944927930832,
                    -0.008864632807672024
                ],
                [
                    -0.0787440836429596,
                    0.9967383742332458,
                    0.01766788959503174
                ],
                [
                    0.010229881852865219,
                    -0.016914064064621925,
                    0.999804675579071
                ]
            ],
            [
                [
                    0.9308058023452759,
                    -0.0364278145134449,
                    0.36369428038597107
                ],
                [
                    0.06577970832586288,
                    0.9954703450202942,
                    -0.0686437115073204
                ],
                [
                    -0.3595462739467621,
                    0.08781766891479492,
                    0.9289857745170593
                ]
            ],
            [
                [
                    0.9136008620262146,
                    0.31229907274246216,
                    -0.26038941740989685
                ],
                [
                    -0.2942664921283722,
                    0.9497562646865845,
                    0.10663213580846786
                ],
                [
                    0.28060755133628845,
                    -0.020795362070202827,
                    0.9595972895622253
                ]
            ],
            [
                [
                    0.9035677909851074,
                    -0.3246613144874573,
                    0.2795713245868683
                ],
                [
                    0.3211250901222229,
                    0.9451519846916199,
                    0.05972002074122429
                ],
                [
                    -0.28362616896629333,
                    0.035816263407468796,
                    0.9582657814025879
                ]
            ],
            [
                [
                    0.9622109532356262,
                    0.1336681842803955,
                    0.23723992705345154
                ],
                [
                    -0.03435278683900833,
                    0.9238549470901489,
                    -0.38119804859161377
                ],
                [
                    -0.27012932300567627,
                    0.35864314436912537,
                    0.8935351967811584
                ]
            ],
            [
                [
                    0.6546016335487366,
                    0.6068514585494995,
                    -0.45080816745758057
                ],
                [
                    -0.6449743509292603,
                    0.759384274482727,
                    0.08569520711898804
                ],
                [
                    0.394340842962265,
                    0.23466350138187408,
                    0.8884978294372559
                ]
            ],
            [
                [
                    0.5315693020820618,
                    -0.6681988835334778,
                    0.5205230116844177
                ],
                [
                    0.7334873676300049,
                    0.6704725623130798,
                    0.11163705587387085
                ],
                [
                    -0.42359215021133423,
                    0.32245418429374695,
                    0.8465180397033691
                ]
            ],
            [
                [
                    0.6340761780738831,
                    -0.10947373509407043,
                    -0.7654821276664734
                ],
                [
                    0.028503939509391785,
                    0.9925640821456909,
                    -0.11833855509757996
                ],
                [
                    0.7727450728416443,
                    0.053216416388750076,
                    0.6324816942214966
                ]
            ],
            [
                [
                    0.34399139881134033,
                    0.2167484611272812,
                    0.9136137366294861
                ],
                [
                    -0.1065920889377594,
                    0.9757171273231506,
                    -0.19134829938411713
                ],
                [
                    -0.9329030513763428,
                    -0.03156182914972305,
                    0.35874196887016296
                ]
            ],
            [
                [
                    0.991102933883667,
                    -0.1202625185251236,
                    -0.057025764137506485
                ],
                [
                    0.12341918796300888,
                    0.9908015131950378,
                    0.05549826845526695
                ],
                [
                    0.04982684925198555,
                    -0.06204256787896156,
                    0.9968289732933044
                ]
            ],
            [
                [
                    0.990955650806427,
                    0.09323688596487045,
                    0.09650758653879166
                ],
                [
                    -0.10864689946174622,
                    0.9795693159103394,
                    0.16923314332962036
                ],
                [
                    -0.07875709980726242,
                    -0.1781878024339676,
                    0.9808396697044373
                ]
            ],
            [
                [
                    0.9852529168128967,
                    0.14416149258613586,
                    -0.09216368198394775
                ],
                [
                    -0.13184796273708344,
                    0.9829639792442322,
                    0.12805433571338654
                ],
                [
                    0.1090540811419487,
                    -0.11401432007551193,
                    0.9874755144119263
                ]
            ],
            [
                [
                    0.9810081720352173,
                    -0.1800527423620224,
                    0.07213912159204483
                ],
                [
                    0.1708955317735672,
                    0.9782427549362183,
                    0.11762550473213196
                ],
                [
                    -0.09174837172031403,
                    -0.10306332260370255,
                    0.9904343485832214
                ]
            ]
        ],
        "betas": [
            -0.2455790936946869,
            -0.2561333477497101,
            0.3657107651233673,
            0.8732707500457764,
            0.22866451740264893,
            -0.0356292650103569,
            -0.04076027870178223,
            0.003033682703971863,
            0.07475118339061737,
            -0.025112450122833252
        ]
    },
    "pred_cam_t": [
        0.14833180606365204,
        0.2875005900859833,
        27.74540901184082
    ],
    "focal_length": [
        5000.0,
        5000.0
    ],
    "pred_keypoints_3d": [
        [
            -0.17928734421730042,
            -0.774836540222168,
            -0.10641328990459442
        ],
        [
            0.0003294553607702255,
            -0.7296953797340393,
            -0.07984744757413864
        ],
        [
            0.0653514713048935,
            -0.6572867631912231,
            0.10194876790046692
        ],
        [
            0.014677323400974274,
            -0.43617039918899536,
            0.20029380917549133
        ],
        [
            -0.23092204332351685,
            -0.40924957394599915,
            0.1823766976594925
        ],
        [
            -0.07853449881076813,
            -0.6093224287033081,
            -0.22153130173683167
        ],
        [
            -0.1880548596382141,
            -0.3806716203689575,
            -0.2274925261735916
        ],
        [
            -0.3638541102409363,
            -0.3143173158168793,
            -0.07449842989444733
        ],
        [
            -0.002187806647270918,
            -0.23103493452072144,
            0.028160324320197105
        ],
        [
            0.02997151017189026,
            -0.160652756690979,
            0.10988299548625946
        ],
        [
            0.011198677122592926,
            0.13890805840492249,
            0.328525185585022
        ],
        [
            -0.00021023862063884735,
            0.4871760904788971,
            0.49358028173446655
        ],
        [
            -0.047446634620428085,
            -0.12896007299423218,
            0.002818213775753975
        ],
        [
            -0.14582373201847076,
            0.18572139739990234,
            0.15452982485294342
        ],
        [
            -0.1359640657901764,
            0.5112729072570801,
            0.36001405119895935
        ],
        [
            -0.17454227805137634,
            -0.8246718645095825,
            -0.07094202935695648
        ],
        [
            -0.16136741638183594,
            -0.8246710896492004,
            -0.13623112440109253
        ],
        [
            -0.09229852259159088,
            -0.8547207117080688,
            -0.009453605860471725
        ],
        [
            -0.06582069396972656,
            -0.8547756671905518,
            -0.15707382559776306
        ],
        [
            -0.3062255084514618,
            0.500965416431427,
            0.46659812331199646
        ],
        [
            -0.29371702671051025,
            0.5479652881622314,
            0.3990423381328583
        ],
        [
            -0.0899491161108017,
            0.5593589544296265,
            0.35264143347740173
        ],
        [
            -0.1296137571334839,
            0.4437737464904785,
            0.6361643671989441
        ],
        [
            -0.04314124584197998,
            0.4477600157260895,
            0.6535724997520447
        ],
        [
            0.03240649774670601,
            0.5482442378997803,
            0.4811117351055145
        ],
        [
            0.03780798241496086,
            0.44973325729370117,
            0.46486175060272217
        ],
        [
            0.014988530427217484,
            0.08406409621238708,
            0.29222291707992554
        ],
        [
            0.09530967473983765,
            -0.2905983328819275,
            0.1241483986377716
        ],
        [
            -0.06453163921833038,
            -0.20603474974632263,
            -0.10577938705682755
        ],
        [
            -0.14250680804252625,
            0.15200118720531464,
            0.12517224252223969
        ],
        [
            -0.1171475201845169,
            0.4944911599159241,
            0.3244093358516693
        ],
        [
            -0.21389766037464142,
            -0.44181028008461,
            0.16964513063430786
        ],
        [
            0.0005395358894020319,
            -0.4707264006137848,
            0.21924762427806854
        ],
        [
            0.050769492983818054,
            -0.6835325360298157,
            0.06539653986692429
        ],
        [
            -0.06045367196202278,
            -0.6452822685241699,
            -0.21037352085113525
        ],
        [
            -0.2159673124551773,
            -0.4219394028186798,
            -0.23612575232982635
        ],
        [
            -0.3626370429992676,
            -0.3357207775115967,
            -0.08150701224803925
        ],
        [
            -0.007786376401782036,
            -0.7184863686561584,
            -0.07824468612670898
        ],
        [
            -0.11636942625045776,
            -0.895606279373169,
            -0.09487290680408478
        ],
        [
            0.015012257732450962,
            -0.2487998753786087,
            0.008472109213471413
        ],
        [
            -0.004013830330222845,
            -0.6613501310348511,
            -0.06938444077968597
        ],
        [
            0.03659223020076752,
            -0.49024200439453125,
            -0.054172150790691376
        ],
        [
            -0.09859099984169006,
            -0.7817349433898926,
            -0.09401834011077881
        ],
        [
            -0.11744145303964615,
            -0.915620744228363,
            -0.09204388409852982
        ]
    ],
    "pred_vertices": [
        [
            -0.1800120770931244,
            -0.8674917221069336,
            -0.1521962732076645
        ],
        [
            -0.18119460344314575,
            -0.8512346744537354,
            -0.14650514721870422
        ],
        [
            -0.16933447122573853,
            -0.8519496917724609,
            -0.155079185962677
        ],
        [
            -0.1645514965057373,
            -0.8653508424758911,
            -0.15966008603572845
        ],
        [
            -0.1715255081653595,
            -0.8409093022346497,
            -0.15168702602386475
        ],
        [
            -0.1798945963382721,
            -0.8394593000411987,
            -0.14346452057361603
        ],
        [
            -0.15620025992393494,
            -0.8503380417823792,
            -0.1593717634677887
        ],
        [
            -0.1488499492406845,
            -0.8610949516296387,
            -0.162970632314682
        ],
        [
            -0.12977878749370575,
            -0.8226665258407593,
            -0.15887567400932312
        ],
        [
            -0.1191251128911972,
            -0.822598934173584,
            -0.160953551530838
        ],
        [
            -0.12577000260353088,
            -0.833274781703949,
            -0.16185444593429565
        ],
        [
            -0.13477398455142975,
            -0.8305376768112183,
            -0.15870675444602966
        ],
        [
            -0.11657930910587311,
            -0.8006947040557861,
            -0.15465348958969116
        ],
        [
            -0.12127973139286041,
            -0.7888020873069763,
            -0.1493566930294037
        ],
        [
            -0.10877201706171036,
            -0.7845612168312073,
            -0.1489543616771698
        ],
        [
            -0.10302218049764633,
            -0.7963825464248657,
            -0.1529410481452942
        ],
        [
            -0.15396077930927277,
            -0.7919846773147583,
            -0.12377592921257019
        ],
        [
            -0.14930179715156555,
            -0.786387026309967,
            -0.12820440530776978
        ],
        [
            -0.15059596300125122,
            -0.7927747964859009,
            -0.13252750039100647
        ],
        [
            -0.15475282073020935,
            -0.7977702617645264,
            -0.12726011872291565
        ],
        [
            -0.16530048847198486,
            -0.7983969449996948,
            -0.11728375405073166
        ],
        [
            -0.16437697410583496,
            -0.80474853515625,
            -0.11820259690284729
        ],
        [
            -0.17158550024032593,
            -0.8060734868049622,
            -0.11506786197423935
        ],
        [
            -0.17295511066913605,
            -0.7987216114997864,
            -0.11513803154230118
        ],
        [
            -0.15291470289230347,
            -0.7871962785720825,
            -0.11799833178520203
        ],
        [
            -0.14770722389221191,
            -0.7816356420516968,
            -0.12255515158176422
        ],
        [
            -0.15846353769302368,
            -0.7965251207351685,
            -0.12014985084533691
        ],
        [
            -0.15916070342063904,
            -0.7916687726974487,
            -0.1184319481253624
        ],
        [
            -0.1667291820049286,
            -0.7819174528121948,
            -0.11726675182580948
        ],
        [
            -0.16699805855751038,
            -0.7867937088012695,
            -0.1189870536327362
        ],
        [
            -0.17432433366775513,
            -0.7849504351615906,
            -0.11743980646133423
        ],
        [
            -0.17177844047546387,
            -0.780137300491333,
            -0.11538966745138168
        ],
        [
            -0.15744414925575256,
            -0.7849794030189514,
            -0.11820782721042633
        ],
        [
            -0.1610252410173416,
            -0.7866016626358032,
            -0.11960633099079132
        ],
        [
            -0.1621570587158203,
            -0.7822376489639282,
            -0.11732959747314453
        ],
        [
            -0.15872400999069214,
            -0.7815641164779663,
            -0.1149037703871727
        ],
        [
            -0.16619578003883362,
            -0.7933765649795532,
            -0.1171145811676979
        ],
        [
            -0.17394417524337769,
            -0.7922077178955078,
            -0.11607077717781067
        ],
        [
            -0.181672602891922,
            -0.7905827760696411,
            -0.11381977796554565
        ],
        [
            -0.1812155544757843,
            -0.781676173210144,
            -0.11442205309867859
        ],
        [
            -0.13586527109146118,
            -0.7766497135162354,
            -0.1360287070274353
        ],
        [
            -0.14337998628616333,
            -0.7812338471412659,
            -0.1330019235610962
        ],
        [
            -0.14261281490325928,
            -0.7768187522888184,
            -0.12730954587459564
        ],
        [
            -0.13689494132995605,
            -0.7729207277297974,
            -0.1307530403137207
        ],
        [
            -0.1541869342327118,
            -0.7801504731178284,
            -0.11483527719974518
        ],
        [
            -0.1470923125743866,
            -0.7658572196960449,
            -0.11646214127540588
        ],
        [
            -0.14871534705162048,
            -0.7692320942878723,
            -0.11723224818706512
        ],
        [
            -0.15394163131713867,
            -0.7683389186859131,
            -0.11236763000488281
        ],
        [
            -0.15209148824214935,
            -0.7652679681777954,
            -0.11217591166496277
        ],
        [
            -0.121213398873806,
            -0.7673640251159668,
            -0.13757944107055664
        ],
        [
            -0.12587839365005493,
            -0.7645230293273926,
            -0.13278847932815552
        ],
        [
            -0.12071297317743301,
            -0.7593972682952881,
            -0.13183197379112244
        ],
        [
            -0.11465728282928467,
            -0.7616578936576843,
            -0.13542672991752625
        ],
        [
            -0.11812862008810043,
            -0.7546622157096863,
            -0.12808583676815033
        ],
        [
            -0.10936043411493301,
            -0.7560375332832336,
            -0.13210365176200867
        ],
        [
            -0.1060560941696167,
            -0.7430707216262817,
            -0.12101677060127258
        ],
        [
            -0.10718364268541336,
            -0.7488834261894226,
            -0.12650741636753082
        ],
        [
            -0.11711271852254868,
            -0.7494574189186096,
            -0.12338116765022278
        ],
        [
            -0.11892064660787582,
            -0.7434678077697754,
            -0.11799099296331406
        ],
        [
            -0.13061398267745972,
            -0.744194746017456,
            -0.10935541987419128
        ],
        [
            -0.1336604803800583,
            -0.7420436143875122,
            -0.1040380597114563
        ],
        [
            -0.1258629858493805,
            -0.7319149971008301,
            -0.10626769065856934
        ],
        [
            -0.1226908341050148,
            -0.7365843057632446,
            -0.11184930801391602
        ],
        [
            -0.14079967141151428,
            -0.7623929977416992,
            -0.11411899328231812
        ],
        [
            -0.1375167965888977,
            -0.7635974884033203,
            -0.11742091178894043
        ],
        [
            -0.14006133377552032,
            -0.7639049887657166,
            -0.1184682697057724
        ],
        [
            -0.14428171515464783,
            -0.7635656595230103,
            -0.11534284055233002
        ],
        [
            -0.13500306010246277,
            -0.7641295194625854,
            -0.12057995796203613
        ],
        [
            -0.1338670551776886,
            -0.764259934425354,
            -0.12199033051729202
        ],
        [
            -0.13552361726760864,
            -0.7648481130599976,
            -0.12226905673742294
        ],
        [
            -0.13577362895011902,
            -0.7645500302314758,
            -0.12099231779575348
        ],
        [
            -0.13662275671958923,
            -0.7639784216880798,
            -0.11910386383533478
        ],
        [
            -0.13637354969978333,
            -0.7621276378631592,
            -0.11784787476062775
        ],
        [
            -0.13531258702278137,
            -0.7632070183753967,
            -0.11967439204454422
        ],
        [
            -0.13930779695510864,
            -0.7601760029792786,
            -0.11490237712860107
        ],
        [
            -0.14814060926437378,
            -0.7549550533294678,
            -0.10421258211135864
        ],
        [
            -0.14623287320137024,
            -0.7558431625366211,
            -0.10747873783111572
        ],
        [
            -0.14744925498962402,
            -0.7602717280387878,
            -0.10638372600078583
        ],
        [
            -0.1492411196231842,
            -0.7597420811653137,
            -0.10370451956987381
        ],
        [
            -0.1383189558982849,
            -0.7657672166824341,
            -0.121670663356781
        ],
        [
            -0.13791154325008392,
            -0.7673730850219727,
            -0.12377957254648209
        ],
        [
            -0.14283886551856995,
            -0.768380343914032,
            -0.12123310565948486
        ],
        [
            -0.14150738716125488,
            -0.7661261558532715,
            -0.1195673793554306
        ],
        [
            -0.1377902776002884,
            -0.7691665887832642,
            -0.12680914998054504
        ],
        [
            -0.1349596530199051,
            -0.7662652134895325,
            -0.12449314445257187
        ],
        [
            -0.13410425186157227,
            -0.767173171043396,
            -0.1275303065776825
        ],
        [
            -0.13323991000652313,
            -0.7627213001251221,
            -0.12114288657903671
        ],
        [
            -0.13058172166347504,
            -0.761978030204773,
            -0.12320596724748611
        ],
        [
            -0.13248223066329956,
            -0.763828694820404,
            -0.1244526207447052
        ],
        [
            -0.13012363016605377,
            -0.7587878704071045,
            -0.12086436152458191
        ],
        [
            -0.1338995099067688,
            -0.7605768442153931,
            -0.11860240995883942
        ],
        [
            -0.13640961050987244,
            -0.7576725482940674,
            -0.11560936272144318
        ],
        [
            -0.1398421823978424,
            -0.7546581029891968,
            -0.11179455369710922
        ],
        [
            -0.13461321592330933,
            -0.7516816258430481,
            -0.1127554178237915
        ],
        [
            -0.13174517452716827,
            -0.755105197429657,
            -0.11725279688835144
        ],
        [
            -0.14334452152252197,
            -0.7722905874252319,
            -0.1236477792263031
        ],
        [
            -0.12960654497146606,
            -0.7640502452850342,
            -0.1280614733695984
        ],
        [
            -0.13150498270988464,
            -0.7696220874786377,
            -0.13217440247535706
        ],
        [
            -0.12661992013454437,
            -0.7602623105049133,
            -0.12700891494750977
        ],
        [
            -0.12492478638887405,
            -0.7564215064048767,
            -0.1241578757762909
        ],
        [
            -0.12548214197158813,
            -0.752153754234314,
            -0.1194695457816124
        ],
        [
            -0.12786275148391724,
            -0.7478469610214233,
            -0.11471909284591675
        ],
        [
            -0.11195515096187592,
            -0.7287552356719971,
            -0.10459870845079422
        ],
        [
            -0.10957414656877518,
            -0.7347397804260254,
            -0.1123414933681488
        ],
        [
            -0.1743292510509491,
            -0.8338967561721802,
            -0.13967067003250122
        ],
        [
            -0.1696692407131195,
            -0.8343075513839722,
            -0.147535502910614
        ],
        [
            -0.16192947328090668,
            -0.8293419480323792,
            -0.14583122730255127
        ],
        [
            -0.1623344123363495,
            -0.831452488899231,
            -0.14764118194580078
        ],
        [
            -0.16715790331363678,
            -0.8313183784484863,
            -0.1436525583267212
        ],
        [
            -0.16530251502990723,
            -0.828961968421936,
            -0.14259174466133118
        ],
        [
            -0.14193019270896912,
            -0.8297499418258667,
            -0.1545364409685135
        ],
        [
            -0.14783909916877747,
            -0.8293062448501587,
            -0.15104351937770844
        ],
        [
            -0.1448577642440796,
            -0.8266177773475647,
            -0.15025070309638977
        ],
        [
            -0.13820138573646545,
            -0.8240355849266052,
            -0.15502414107322693
        ],
        [
            -0.14923986792564392,
            -0.8168196678161621,
            -0.14366841316223145
        ],
        [
            -0.1460658609867096,
            -0.8193947672843933,
            -0.147212415933609
        ],
        [
            -0.15211446583271027,
            -0.8240639567375183,
            -0.1451849341392517
        ],
        [
            -0.15447291731834412,
            -0.8221786022186279,
            -0.14269712567329407
        ],
        [
            -0.1566689908504486,
            -0.8209446668624878,
            -0.13944339752197266
        ],
        [
            -0.15884792804718018,
            -0.8204036355018616,
            -0.13552582263946533
        ],
        [
            -0.15580496191978455,
            -0.8159542083740234,
            -0.13526374101638794
        ],
        [
            -0.15264862775802612,
            -0.815916895866394,
            -0.13956424593925476
        ],
        [
            -0.17007453739643097,
            -0.8318129777908325,
            -0.1379382312297821
        ],
        [
            -0.17128008604049683,
            -0.8311991691589355,
            -0.13057006895542145
        ],
        [
            -0.16881728172302246,
            -0.8288480043411255,
            -0.13152220845222473
        ],
        [
            -0.16814596951007843,
            -0.8290764093399048,
            -0.13763484358787537
        ],
        [
            -0.16392052173614502,
            -0.8253953456878662,
            -0.11978118121623993
        ],
        [
            -0.16574051976203918,
            -0.8269861936569214,
            -0.12149661779403687
        ],
        [
            -0.16818775236606598,
            -0.827745795249939,
            -0.11852686107158661
        ],
        [
            -0.16559955477714539,
            -0.8242583274841309,
            -0.11695174872875214
        ],
        [
            -0.16377022862434387,
            -0.821530282497406,
            -0.11891794204711914
        ],
        [
            -0.16324225068092346,
            -0.8237141370773315,
            -0.12099306285381317
        ],
        [
            -0.19011175632476807,
            -0.8872919678688049,
            -0.145237997174263
        ],
        [
            -0.19198039174079895,
            -0.8690518140792847,
            -0.14088836312294006
        ],
        [
            -0.17272648215293884,
            -0.8868682980537415,
            -0.15609043836593628
        ],
        [
            -0.15585514903068542,
            -0.8823584318161011,
            -0.16181805729866028
        ],
        [
            -0.14043068885803223,
            -0.8736164569854736,
            -0.1662050485610962
        ],
        [
            -0.11523117125034332,
            -0.7745017409324646,
            -0.1433955729007721
        ],
        [
            -0.10594630241394043,
            -0.7693970203399658,
            -0.14207705855369568
        ],
        [
            -0.09671662002801895,
            -0.7810628414154053,
            -0.1477246731519699
        ],
        [
            -0.0891716331243515,
            -0.7738224267959595,
            -0.1437045782804489
        ],
        [
            -0.09929307550191879,
            -0.761839747428894,
            -0.1378156542778015
        ],
        [
            -0.09382157772779465,
            -0.7451428771018982,
            -0.1217556819319725
        ],
        [
            -0.09531141072511673,
            -0.7531733512878418,
            -0.131249338388443
        ],
        [
            -0.08255541324615479,
            -0.7662122845649719,
            -0.1376725733280182
        ],
        [
            -0.07187515497207642,
            -0.7836815118789673,
            -0.14442116022109985
        ],
        [
            -0.08063869923353195,
            -0.7875579595565796,
            -0.14831852912902832
        ],
        [
            -0.0658542588353157,
            -0.8034089803695679,
            -0.14738164842128754
        ],
        [
            -0.06178484857082367,
            -0.7800108194351196,
            -0.13753335177898407
        ],
        [
            -0.059098877012729645,
            -0.8061491250991821,
            -0.14249317348003387
        ],
        [
            -0.06468651443719864,
            -0.7474362850189209,
            -0.11703154444694519
        ],
        [
            -0.06134520843625069,
            -0.7392420768737793,
            -0.11634846031665802
        ],
        [
            -0.04981481283903122,
            -0.7492496967315674,
            -0.12855938076972961
        ],
        [
            -0.05291496217250824,
            -0.7582358121871948,
            -0.12851189076900482
        ],
        [
            -0.0902610644698143,
            -0.7919320464134216,
            -0.15157005190849304
        ],
        [
            -0.1235111802816391,
            -0.8456263542175293,
            -0.16368216276168823
        ],
        [
            -0.13396771252155304,
            -0.8406627178192139,
            -0.16204431653022766
        ],
        [
            -0.11397133767604828,
            -0.8359586596488953,
            -0.1631157398223877
        ],
        [
            -0.13171696662902832,
            -0.9082819223403931,
            -0.167418971657753
        ],
        [
            -0.14595481753349304,
            -0.8965210914611816,
            -0.16605940461158752
        ],
        [
            -0.13202738761901855,
            -0.8858648538589478,
            -0.16913124918937683
        ],
        [
            -0.12052670121192932,
            -0.8981329202651978,
            -0.170804962515831
        ],
        [
            -0.16186568140983582,
            -0.9351447820663452,
            -0.14697730541229248
        ],
        [
            -0.17874711751937866,
            -0.9125429391860962,
            -0.14922243356704712
        ],
        [
            -0.16408348083496094,
            -0.9065871238708496,
            -0.15817345678806305
        ],
        [
            -0.14946012198925018,
            -0.9236533641815186,
            -0.1577717363834381
        ],
        [
            -0.10853716731071472,
            -0.905501127243042,
            -0.1699402630329132
        ],
        [
            -0.0935087502002716,
            -0.9151092767715454,
            -0.1665293276309967
        ],
        [
            -0.09532216191291809,
            -0.9320627450942993,
            -0.16285985708236694
        ],
        [
            -0.11547401547431946,
            -0.9224833250045776,
            -0.16648481786251068
        ],
        [
            -0.10118478536605835,
            -0.9534667134284973,
            -0.15218055248260498
        ],
        [
            -0.12582102417945862,
            -0.9420548677444458,
            -0.15608756244182587
        ],
        [
            -0.047292932868003845,
            -0.7970443964004517,
            -0.13649961352348328
        ],
        [
            -0.05034638196229935,
            -0.8165369629859924,
            -0.13919083774089813
        ],
        [
            -0.058433160185813904,
            -0.7675718069076538,
            -0.12978050112724304
        ],
        [
            -0.04506095498800278,
            -0.7811353206634521,
            -0.13460752367973328
        ],
        [
            -0.10788044333457947,
            -0.9695452451705933,
            -0.1355847269296646
        ],
        [
            -0.13701584935188293,
            -0.9569658041000366,
            -0.14077427983283997
        ],
        [
            -0.043173596262931824,
            -0.9176002740859985,
            -0.14447283744812012
        ],
        [
            -0.05784715712070465,
            -0.929624080657959,
            -0.14961972832679749
        ],
        [
            -0.06391575932502747,
            -0.9111076593399048,
            -0.15806663036346436
        ],
        [
            -0.04967658221721649,
