{
    "pred_cam": [
        1.4050112962722778,
        0.14888553321361542,
        0.2819768190383911
    ],
    "pred_smpl_params": {
        "global_orient": [
            [
                [
                    -0.5825948715209961,
                    0.1170860007405281,
                    -0.804284930229187
                ],
                [
                    0.21733644604682922,
                    -0.9310905337333679,
                    -0.2929767370223999
                ],
                [
                    -0.7831655144691467,
                    -0.345487117767334,
                    0.5170015096664429
                ]
            ]
        ],
        "body_pose": [
            [
                [
                    0.9975110292434692,
                    0.05799347534775734,
                    0.04010681435465813
                ],
                [
                    -0.06441586464643478,
                    0.9808446168899536,
                    0.1838325411081314
                ],
                [
                    -0.02867746539413929,
                    -0.18595848977565765,
                    0.9821390509605408
                ]
            ],
            [
                [
                    0.983047604560852,
                    0.15616072714328766,
                    -0.09607937932014465
                ],
                [
                    -0.14027413725852966,
                    0.9780072569847107,
                    0.1543532907962799
                ],
                [
                    0.11807025969028473,
                    -0.1382591724395752,
                    0.9833329916000366
                ]
            ],
            [
                [
                    0.9950240254402161,
                    -0.05667997524142265,
                    0.08194200694561005
                ],
                [
                    0.07504888623952866,
                    0.9673140645027161,
                    -0.24222128093242645
                ],
                [
                    -0.0655345544219017,
                    0.24716567993164062,
                    0.9667544960975647
                ]
            ],
            [
                [
                    0.9899109601974487,
                    0.14110292494297028,
                    0.012893103063106537
                ],
                [
                    -0.13953442871570587,
                    0.9866163730621338,
                    -0.08436944335699081
                ],
                [
                    -0.024625321850180626,
                    0.08171920478343964,
                    0.9963510632514954
                ]
            ],
            [
                [
                    0.9999247789382935,
                    0.012257682159543037,
                    -0.0005051485495641828
                ],
                [
                    -0.012264381162822247,
                    0.9977635741233826,
                    -0.06570708006620407
                ],
                [
                    -0.000301397405564785,
                    0.06570832431316376,
                    0.9978388547897339
                ]
            ],
            [
                [
                    0.9974644184112549,
                    -0.016006188467144966,
                    0.06934334337711334
                ],
                [
                    0.01914331689476967,
                    0.9988119006156921,
                    -0.044814784079790115
                ],
                [
                    -0.06854363530874252,
                    0.04602861776947975,
                    0.9965857267379761
                ]
            ],
            [
                [
                    0.9921634793281555,
                    0.03981867432594299,
                    0.11843154579401016
                ],
                [
                    -0.036656469106674194,
                    0.9989139437675476,
                    -0.028760865330696106
                ],
                [
                    -0.11944814771413803,
                    0.024194197729229927,
                    0.9925455451011658
                ]
            ],
            [
                [
                    0.9842482209205627,
                    -0.019390223547816277,
                    -0.17572571337223053
                ],
                [
                    0.02405867539346218,
                    0.9994109272956848,
                    0.02447512187063694
                ],
                [
                    0.17514760792255402,
                    -0.028317321091890335,
                    0.9841349124908447
                ]
            ],
            [
                [
                    0.9975453615188599,
                    0.0007660867413505912,
                    0.07001800835132599
                ],
                [
                    0.004964727442711592,
                    0.9966496825218201,
                    -0.08163708448410034
                ],
                [
                    -0.06984598189592361,
                    0.08178432285785675,
                    0.9941994547843933
                ]
            ],
            [
                [
                    0.9899395704269409,
                    -0.0887627974152565,
                    0.11018528789281845
                ],
                [
                    0.09130501747131348,
                    0.9956560134887695,
                    -0.018235113471746445
                ],
                [
                    -0.10808804631233215,
                    0.028112130239605904,
                    0.9937437772750854
                ]
            ],
            [
                [
                    0.9974027276039124,
                    0.07095146924257278,
                    -0.012397275306284428
                ],
                [
                    -0.07075529545545578,
                    0.9973716139793396,
                    0.015604796819388866
                ],
                [
                    0.013471873477101326,
                    -0.014687093906104565,
                    0.9998013377189636
                ]
            ],
            [
                [
                    0.9312615394592285,
                    -0.03459034487605095,
                    0.36270585656166077
                ],
                [
                    0.0654141828417778,
                    0.995181143283844,
                    -0.07304559648036957
                ],
                [
                    -0.35843127965927124,
                    0.09175065904855728,
                    0.9290366172790527
                ]
            ],
            [
                [
                    0.9123988151550293,
                    0.3254930078983307,
                    -0.24815839529037476
                ],
                [
                    -0.3080941140651703,
                    0.9453047513961792,
                    0.10713058710098267
                ],
                [
                    0.26945555210113525,
                    -0.02128969132900238,
                    0.9627774357795715
                ]
            ],
            [
                [
                    0.8976315855979919,
                    -0.3394978940486908,
                    0.28106689453125
                ],
                [
                    0.3364604115486145,
                    0.9397475123405457,
                    0.060572050511837006
                ],
                [
                    -0.2846960127353668,
                    0.0401964969933033,
                    0.9577746391296387
                ]
            ],
            [
                [
                    0.9631231427192688,
                    0.13897864520549774,
                    0.23038828372955322
                ],
                [
                    -0.04015451297163963,
                    0.9209228157997131,
                    -0.38767096400260925
                ],
                [
                    -0.26604780554771423,
                    0.36412373185157776,
                    0.8925427198410034
                ]
            ],
            [
                [
                    0.653660237789154,
                    0.6168742179870605,
                    -0.438400000333786
                ],
                [
                    -0.6494656205177307,
                    0.7546240091323853,
                    0.09347226470708847
                ],
                [
                    0.3884877860546112,
                    0.22362662851810455,
                    0.89390629529953
                ]
            ],
            [
                [
                    0.524555504322052,
                    -0.6662122011184692,
                    0.5300969481468201
                ],
                [
                    0.7344654202461243,
                    0.6690029501914978,
                    0.11399818956851959
                ],
                [
                    -0.4305834174156189,
                    0.3295394778251648,
                    0.8402389883995056
                ]
            ],
            [
                [
                    0.6545260548591614,
                    -0.11101538687944412,
                    -0.7478444576263428
                ],
                [
                    0.05350128188729286,
                    0.9934819340705872,
                    -0.10065437853336334
                ],
                [
                    0.7541440725326538,
                    0.025870300829410553,
                    0.6561992764472961
                ]
            ],
            [
                [
                    0.3418799638748169,
                    0.21717236936092377,
                    0.9143053293228149
                ],
                [
                    -0.09843938797712326,
                    0.9758541584014893,
                    -0.1949830800294876
                ],
                [
                    -0.9345735311508179,
                    -0.023342877626419067,
                    0.355003297328949
                ]
            ],
            [
                [
                    0.9916571974754333,
                    -0.11796744167804718,
                    -0.0519586019217968
                ],
                [
                    0.12088105827569962,
                    0.9910268783569336,
                    0.05703829601407051
                ],
                [
                    0.0447637140750885,
                    -0.06284324824810028,
                    0.9970189929008484
                ]
            ],
            [
                [
                    0.9915910363197327,
                    0.09159597754478455,
                    0.09141849726438522
                ],
                [
                    -0.10654973238706589,
                    0.9787797331809998,
                    0.17503541707992554
                ],
                [
                    -0.07344602793455124,
                    -0.18330417573451996,
                    0.9803087115287781
                ]
            ],
            [
                [
                    0.984698474407196,
                    0.14766108989715576,
                    -0.09254758805036545
                ],
                [
                    -0.1351378858089447,
                    0.9823315739631653,
                    0.12946954369544983
                ],
                [
                    0.11003004014492035,
                    -0.11498177796602249,
                    0.9872550368309021
                ]
            ],
            [
                [
                    0.9804447293281555,
                    -0.18212328851222992,
                    0.07456076890230179
                ],
                [
                    0.1727757304906845,
                    0.9779953956604004,
                    0.11693407595157623
                ],
                [
                    -0.09421650320291519,
                    -0.10176509618759155,
                    0.9903368949890137
                ]
            ]
        ],
        "betas": [
            -0.24884456396102905,
            -0.2568911612033844,
            0.3274939954280853,
            0.8140907287597656,
            0.23054257035255432,
            -0.0516374334692955,
            -0.04470682144165039,
            0.001985698938369751,
            0.07041537761688232,
            -0.024754047393798828
        ]
    },
    "pred_cam_t": [
        0.14888553321361542,
        0.2819768190383911,
        27.80226707458496
    ],
    "focal_length": [
        5000.0,
        5000.0
    ],
    "pred_keypoints_3d": [
        [
            -0.1776386797428131,
            -0.7723349332809448,
            -0.10403922200202942
        ],
        [
            0.0018841959536075592,
            -0.7281630039215088,
            -0.07824107259511948
        ],
        [
            0.0664437934756279,
            -0.6534067988395691,
            0.10330919176340103
        ],
        [
            0.01220855861902237,
            -0.4304032623767853,
            0.19594451785087585
        ],
        [
            -0.23341074585914612,
            -0.40630626678466797,
            0.17250844836235046
        ],
        [
            -0.0762610137462616,
            -0.6075767874717712,
            -0.22072254121303558
        ],
        [
            -0.1824716031551361,
            -0.3771345019340515,
            -0.2265823781490326
        ],
        [
            -0.3658408522605896,
            -0.3068220913410187,
            -0.08440059423446655
        ],
        [
            -0.002139200922101736,
            -0.23023748397827148,
            0.028217261657118797
        ],
        [
            0.02983943559229374,
            -0.1595931351184845,
            0.10981188714504242
        ],
        [
            0.010727938264608383,
            0.14234548807144165,
            0.32559919357299805
        ],
        [
            6.295740604400635e-05,
            0.49371644854545593,
            0.48482489585876465
        ],
        [
            -0.04757719486951828,
            -0.12836627662181854,
            0.0023002009838819504
        ],
        [
            -0.1459636390209198,
            0.1889313906431198,
            0.149316668510437
        ],
        [
            -0.1347876489162445,
            0.5176727771759033,
            0.35026299953460693
        ],
        [
            -0.17317895591259003,
            -0.8223047256469727,
            -0.06886792182922363
        ],
        [
            -0.16023728251457214,
            -0.82209312915802,
            -0.1341727375984192
        ],
        [
            -0.09094902873039246,
            -0.8531767129898071,
            -0.007914513349533081
        ],
        [
            -0.0650346577167511,
            -0.8527408242225647,
            -0.15547877550125122
        ],
        [
            -0.30597832798957825,
            0.5106141567230225,
            0.4557071626186371
        ],
        [
            -0.29244208335876465,
            0.5563194155693054,
            0.38758230209350586
        ],
        [
            -0.08836270123720169,
            0.5651730895042419,
            0.34237614274024963
        ],
        [
            -0.13000133633613586,
            0.4535059928894043,
            0.6277375221252441
        ],
        [
            -0.04361557587981224,
            0.45721209049224854,
            0.6452597975730896
        ],
        [
            0.033204685896635056,
            0.5541934370994568,
            0.4714052677154541
        ],
        [
            0.03804934397339821,
            0.4554150104522705,
            0.45686131715774536
        ],
        [
            0.014596677385270596,
            0.08700916916131973,
            0.2897440493106842
        ],
        [
            0.09527690708637238,
            -0.28944528102874756,
            0.1248573586344719
        ],
        [
            -0.06438545882701874,
            -0.20588965713977814,
            -0.10598453879356384
        ],
        [
            -0.14258277416229248,
            0.15472863614559174,
            0.12039174884557724
        ],
        [
            -0.11593106389045715,
            0.5001097917556763,
            0.31499069929122925
        ],
        [
            -0.21591731905937195,
            -0.4389483630657196,
            0.16093017160892487
        ],
        [
            -0.0018930912483483553,
            -0.4647427499294281,
            0.2153993397951126
        ],
        [
            0.051834262907505035,
            -0.6802864074707031,
            0.0667535588145256
        ],
        [
            -0.058273740112781525,
            -0.6435790657997131,
            -0.2091684639453888
        ],
        [
            -0.2106824368238449,
            -0.4178466796875,
            -0.2369733452796936
        ],
        [
            -0.364789217710495,
            -0.32808738946914673,
            -0.0915064662694931
        ],
        [
            -0.006245285272598267,
            -0.7163548469543457,
            -0.07666561007499695
        ],
        [
            -0.11553847044706345,
            -0.8935196995735168,
            -0.0933356061577797
        ],
        [
            0.01507898885756731,
            -0.2481255978345871,
            0.008712874725461006
        ],
        [
            -0.0023820451460778713,
            -0.6589356660842896,
            -0.06806061416864395
        ],
        [
            0.03731917962431908,
            -0.4885571300983429,
            -0.05344095453619957
        ],
        [
            -0.09707795828580856,
            -0.7797654867172241,
            -0.09205331653356552
        ],
        [
            -0.11676789820194244,
            -0.9135091304779053,
            -0.09059594571590424
        ]
    ],
    "pred_vertices": [
        [
            -0.17918813228607178,
            -0.8648013472557068,
            -0.1502387821674347
        ],
        [
            -0.18026411533355713,
            -0.8485406637191772,
            -0.1444653868675232
        ],
        [
            -0.16842594742774963,
            -0.849297285079956,
            -0.15306082367897034
        ],
        [
            -0.16374972462654114,
            -0.8627175688743591,
            -0.15772755444049835
        ],
        [
            -0.1705382615327835,
            -0.8382471799850464,
            -0.14962899684906006
        ],
        [
            -0.17887166142463684,
            -0.836778998374939,
            -0.14138838648796082
        ],
        [
            -0.1552978754043579,
            -0.8477577567100525,
            -0.15739363431930542
        ],
        [
            -0.14804458618164062,
            -0.8585194945335388,
            -0.1611013412475586
        ],
        [
            -0.1287059485912323,
            -0.8202391862869263,
            -0.15689381957054138
        ],
        [
            -0.11806070804595947,
            -0.8202250003814697,
            -0.15901342034339905
        ],
        [
            -0.12478043138980865,
            -0.8308689594268799,
            -0.15993520617485046
        ],
        [
            -0.13376349210739136,
            -0.8280823230743408,
            -0.15673908591270447
        ],
        [
            -0.11533739417791367,
            -0.7983812093734741,
            -0.15261659026145935
        ],
        [
            -0.11993853747844696,
            -0.7864847183227539,
            -0.1472427397966385
        ],
        [
            -0.10740264505147934,
            -0.7823421359062195,
            -0.14684420824050903
        ],
        [
            -0.10174296796321869,
            -0.7941750884056091,
            -0.15090695023536682
        ],
        [
            -0.1525324285030365,
            -0.7895367741584778,
            -0.1215904951095581
        ],
        [
            -0.14785416424274445,
            -0.783963680267334,
            -0.1260039210319519
        ],
        [
            -0.1492103934288025,
            -0.7903146147727966,
            -0.1303538680076599
        ],
        [
            -0.15337777137756348,
            -0.7952991724014282,
            -0.12509474158287048
        ],
        [
            -0.16388674080371857,
            -0.7959021329879761,
            -0.11508031189441681
        ],
        [
            -0.16301552951335907,
            -0.8022575378417969,
            -0.1160322055220604
        ],
        [
            -0.1702154278755188,
            -0.8035491108894348,
            -0.11287356168031693
        ],
        [
            -0.17152449488639832,
            -0.7961855530738831,
            -0.11289745569229126
        ],
        [
            -0.15143053233623505,
            -0.7847855091094971,
            -0.11579316854476929
        ],
        [
            -0.1462143212556839,
            -0.7792478203773499,
            -0.12033824622631073
        ],
        [
            -0.15705105662345886,
            -0.7940582036972046,
            -0.11796895414590836
        ],
        [
            -0.15769943594932556,
            -0.7892155051231384,
            -0.11621852964162827
        ],
        [
            -0.1651838719844818,
            -0.7794144749641418,
            -0.1149744838476181
        ],
        [
            -0.16549474000930786,
            -0.7842823266983032,
            -0.11671850830316544
        ],
        [
            -0.1727934330701828,
            -0.7824016809463501,
            -0.11512812972068787
        ],
        [
            -0.1702108383178711,
            -0.7776183485984802,
            -0.1130669042468071
        ],
        [
            -0.15593165159225464,
            -0.782541811466217,
            -0.11595908552408218
        ],
        [
            -0.15952569246292114,
            -0.7841293811798096,
            -0.1173507422208786
        ],
        [
            -0.16061615943908691,
            -0.779766857624054,
            -0.11504878848791122
        ],
        [
            -0.15717270970344543,
            -0.779130220413208,
            -0.11263519525527954
        ],
        [
            -0.16473357379436493,
            -0.7908799648284912,
            -0.11487407982349396
        ],
        [
            -0.17246243357658386,
            -0.7896633148193359,
            -0.11379291117191315
        ],
        [
            -0.18015718460083008,
            -0.7880010604858398,
            -0.11150174587965012
        ],
        [
            -0.1796388030052185,
            -0.7791069149971008,
            -0.11206304281949997
        ],
        [
            -0.1343928575515747,
            -0.7743020057678223,
            -0.13382145762443542
        ],
        [
            -0.14192262291908264,
            -0.7788365483283997,
            -0.1307867467403412
        ],
        [
            -0.14110860228538513,
            -0.7744522094726562,
            -0.12508685886859894
        ],
        [
            -0.13538020849227905,
            -0.7705836296081543,
            -0.12852957844734192
        ],
        [
            -0.1526322364807129,
            -0.7777614593505859,
            -0.11257939785718918
        ],
        [
            -0.14545509219169617,
            -0.7635362148284912,
            -0.11416901648044586
        ],
        [
            -0.14709807932376862,
            -0.7668917775154114,
            -0.1149432510137558
        ],
        [
            -0.15229462087154388,
            -0.7659858465194702,
            -0.11005493998527527
        ],
        [
            -0.15042942762374878,
            -0.7629328966140747,
            -0.10986260324716568
        ],
        [
            -0.11969209462404251,
            -0.7651277780532837,
            -0.13535812497138977
        ],
        [
            -0.12431585043668747,
            -0.7622772455215454,
            -0.1305447816848755
        ],
        [
            -0.11911360919475555,
            -0.757207989692688,
            -0.1295730173587799
        ],
        [
            -0.11309553682804108,
            -0.7594939470291138,
            -0.13319382071495056
        ],
        [
            -0.11649368703365326,
            -0.7525255084037781,
            -0.12581568956375122
        ],
        [
            -0.1077435165643692,
            -0.7539525628089905,
            -0.1298653930425644
        ],
        [
            -0.1043025553226471,
            -0.7410775423049927,
            -0.11875854432582855
        ],
        [
            -0.10549987852573395,
            -0.7468539476394653,
            -0.12425697594881058
        ],
        [
            -0.11542508006095886,
            -0.7473646998405457,
            -0.12109522521495819
        ],
        [
            -0.11716076731681824,
            -0.7413979768753052,
            -0.1156739592552185
        ],
        [
            -0.128807932138443,
            -0.7420700788497925,
            -0.10701368004083633
        ],
        [
            -0.131801575422287,
            -0.7399256229400635,
            -0.1016884595155716
        ],
        [
            -0.1239575520157814,
            -0.7298580408096313,
            -0.10389536619186401
        ],
        [
            -0.12084968388080597,
            -0.7345260381698608,
            -0.10949535667896271
        ],
        [
            -0.13914182782173157,
            -0.7601231336593628,
            -0.11184624582529068
        ],
        [
            -0.13588164746761322,
            -0.7613369226455688,
            -0.11516068130731583
        ],
        [
            -0.1384294033050537,
            -0.7616171836853027,
            -0.11620108038187027
        ],
        [
            -0.14263081550598145,
            -0.7612630128860474,
            -0.11305928975343704
        ],
        [
            -0.1333850771188736,
            -0.7618741989135742,
            -0.118323415517807
        ],
        [
            -0.13225474953651428,
            -0.7620053291320801,
            -0.11973728239536285
        ],
        [
            -0.13391345739364624,
            -0.7625751495361328,
            -0.12001453340053558
        ],
        [
            -0.13415536284446716,
            -0.762286365032196,
            -0.11872956156730652
        ],
        [
            -0.13499441742897034,
            -0.7617201805114746,
            -0.11683721840381622
        ],
        [
            -0.13472767174243927,
            -0.759886622428894,
            -0.11557090282440186
        ],
        [
            -0.13368257880210876,
            -0.760959804058075,
            -0.11741141974925995
        ],
        [
            -0.13763397932052612,
            -0.7579299211502075,
            -0.11261067539453506
        ],
        [
            -0.14637577533721924,
            -0.7526942491531372,
            -0.10188476741313934
        ],
        [
            -0.14449554681777954,
            -0.753578782081604,
            -0.10516224801540375
        ],
        [
            -0.14573466777801514,
            -0.7579960823059082,
            -0.10408303886651993
        ],
        [
            -0.1475074291229248,
            -0.7574712634086609,
            -0.10139236599206924
        ],
        [
            -0.1367059350013733,
            -0.7634841799736023,
            -0.11940013617277145
        ],
        [
            -0.1363181173801422,
            -0.7650741338729858,
            -0.12152595072984695
        ],
        [
            -0.14123865962028503,
            -0.7660581469535828,
            -0.11896838247776031
        ],
        [
            -0.13988742232322693,
            -0.7638236880302429,
            -0.11730042845010757
        ],
        [
            -0.13622623682022095,
            -0.7668501734733582,
            -0.12455879896879196
        ],
        [
            -0.133365660905838,
            -0.7639859914779663,
            -0.1222434937953949
        ],
        [
            -0.13253751397132874,
            -0.7648859024047852,
            -0.12528352439403534
        ],
        [
            -0.13161557912826538,
            -0.7604840993881226,
            -0.11888188123703003
        ],
        [
            -0.12896302342414856,
            -0.7597523927688599,
            -0.1209435760974884
        ],
        [
            -0.13087871670722961,
            -0.7615724205970764,
            -0.12219710648059845
        ],
        [
            -0.12847456336021423,
            -0.756588339805603,
            -0.11858652532100677
        ],
        [
            -0.13225527107715607,
            -0.7583538293838501,
            -0.11632899194955826
        ],
        [
            -0.1347319483757019,
            -0.7554513812065125,
            -0.11331753432750702
        ],
        [
            -0.13812851905822754,
            -0.7524305582046509,
            -0.10948673635721207
        ],
        [
            -0.1328863948583603,
            -0.7494922876358032,
            -0.1104472205042839
        ],
        [
            -0.13005849719047546,
            -0.7529176473617554,
            -0.1149575263261795
        ],
        [
            -0.1417839676141739,
            -0.7699519395828247,
            -0.12139473855495453
        ],
        [
            -0.1280244141817093,
            -0.761797308921814,
            -0.12581025063991547
        ],
        [
            -0.1299785077571869,
            -0.7673215866088867,
            -0.12994754314422607
        ],
        [
            -0.1250099241733551,
            -0.758049488067627,
            -0.12474335730075836
        ],
        [
            -0.12327968329191208,
            -0.7542486190795898,
            -0.12187693268060684
        ],
        [
            -0.12378841638565063,
            -0.7500095367431641,
            -0.11717478185892105
        ],
        [
            -0.12611722946166992,
            -0.7457101345062256,
            -0.11240236461162567
        ],
        [
            -0.11005310714244843,
            -0.7267863750457764,
            -0.10228770971298218
        ],
        [
            -0.107744000852108,
            -0.732765257358551,
            -0.11005314439535141
        ],
        [
            -0.17326673865318298,
            -0.8312501311302185,
            -0.1376006305217743
        ],
        [
            -0.16862726211547852,
            -0.831662654876709,
            -0.1454794704914093
        ],
        [
            -0.1608472466468811,
            -0.8267501592636108,
            -0.14377731084823608
        ],
        [
            -0.16127917170524597,
            -0.8288480043411255,
            -0.14559975266456604
        ],
        [
            -0.1660856008529663,
            -0.8287038207054138,
            -0.1415943205356598
        ],
        [
            -0.16420140862464905,
            -0.8263663053512573,
            -0.14052772521972656
        ],
        [
            -0.14090311527252197,
            -0.8272567987442017,
            -0.15253862738609314
        ],
        [
            -0.1467912197113037,
            -0.8267819881439209,
            -0.14902879297733307
        ],
        [
            -0.14379525184631348,
            -0.824113130569458,
            -0.14824528992176056
        ],
        [
            -0.1371389478445053,
            -0.8215577602386475,
            -0.15302914381027222
        ],
        [
            -0.1480732262134552,
            -0.8143175840377808,
            -0.1416068971157074
        ],
        [
            -0.144934743642807,
            -0.8168997168540955,
            -0.14517180621623993
        ],
        [
            -0.15100447833538055,
            -0.8215368390083313,
            -0.1431410014629364
        ],
        [
            -0.15334010124206543,
            -0.8196448087692261,
            -0.14063963294029236
        ],
        [
            -0.15551379323005676,
            -0.8184056878089905,
            -0.13737334311008453
        ],
        [
            -0.15768101811408997,
            -0.8178587555885315,
            -0.1334557831287384
        ],
        [
            -0.15459787845611572,
            -0.8134411573410034,
            -0.13317227363586426
        ],
        [
            -0.15145546197891235,
            -0.813413679599762,
            -0.1374782919883728
        ],
        [
            -0.16899335384368896,
            -0.8291962146759033,
            -0.13586995005607605
        ],
        [
            -0.17016588151454926,
            -0.828601598739624,
            -0.12850205600261688
        ],
        [
            -0.16769255697727203,
            -0.826264500617981,
            -0.12944462895393372
        ],
        [
            -0.16704440116882324,
            -0.8264751434326172,
            -0.13556253910064697
        ],
        [
            -0.16271810233592987,
            -0.8228868246078491,
            -0.11771458387374878
        ],
        [
            -0.1645604968070984,
            -0.8244609832763672,
            -0.1194300502538681
        ],
        [
            -0.16700199246406555,
            -0.8252140879631042,
            -0.11646004021167755
        ],
        [
            -0.1643802970647812,
            -0.8217532634735107,
            -0.11487993597984314
        ],
        [
            -0.16252782940864563,
            -0.8190321922302246,
            -0.11682994663715363
        ],
        [
            -0.16202008724212646,
            -0.821208119392395,
            -0.11891637742519379
        ],
        [
            -0.18939262628555298,
            -0.8845471143722534,
            -0.14335358142852783
        ],
        [
            -0.1911492794752121,
            -0.866348147392273,
            -0.13890644907951355
        ],
        [
            -0.17205514013767242,
            -0.8841885328292847,
            -0.15426376461982727
        ],
        [
            -0.15518638491630554,
            -0.8797608613967896,
            -0.16001930832862854
        ],
        [
            -0.1397327184677124,
            -0.8710623979568481,
            -0.16443714499473572
        ],
        [
            -0.11377336829900742,
            -0.772279679775238,
            -0.14121921360492706
        ],
        [
            -0.1044580340385437,
            -0.7672522664070129,
            -0.13990668952465057
        ],
        [
            -0.09531350433826447,
            -0.778939962387085,
            -0.1456325501203537
        ],
        [
            -0.08771377801895142,
            -0.7717925310134888,
            -0.1416148841381073
        ],
        [
            -0.09773381054401398,
            -0.7597888708114624,
            -0.13564160466194153
        ],
        [
            -0.09210042655467987,
            -0.7432127594947815,
            -0.11959674954414368
        ],
        [
            -0.09367220103740692,
            -0.7511941194534302,
            -0.12907691299915314
        ],
        [
            -0.08103182166814804,
            -0.7642784118652344,
            -0.13559749722480774
        ],
        [
            -0.07049208879470825,
            -0.7817517518997192,
            -0.14244572818279266
        ],
        [
            -0.07929446548223495,
            -0.7855449318885803,
            -0.1462983638048172
        ],
        [
            -0.06462262570858002,
            -0.801487922668457,
            -0.14549796283245087
        ],
        [
            -0.06038902699947357,
            -0.7781840562820435,
            -0.13562466204166412
        ],
        [
            -0.057885825634002686,
            -0.8043029308319092,
            -0.14066222310066223
        ],
        [
            -0.0631791353225708,
            -0.7457946538925171,
            -0.11515286564826965
        ],
        [
            -0.05988359823822975,
            -0.7377002835273743,
            -0.1145189180970192
        ],
        [
            -0.048415616154670715,
            -0.7476985454559326,
            -0.12671664357185364
        ],
        [
            -0.05150514096021652,
            -0.7565951347351074,
            -0.12666168808937073
        ],
        [
            -0.0889456495642662,
            -0.7898191809654236,
            -0.14954279363155365
        ],
        [
            -0.12262481451034546,
            -0.8432015180587769,
            -0.16181743144989014
        ],
        [
            -0.13302385807037354,
            -0.8382036089897156,
            -0.16011278331279755
        ],
        [
            -0.11300508677959442,
            -0.833615779876709,
            -0.1612238734960556
        ],
        [
            -0.13122545182704926,
            -0.9057825207710266,
            -0.16587992012500763
        ],
        [
            -0.14536477625370026,
            -0.8939359188079834,
            -0.16439864039421082
        ],
        [
            -0.13141898810863495,
            -0.8833504915237427,
            -0.1674695909023285
        ],
        [
            -0.11999817192554474,
            -0.8956652283668518,
            -0.16924487054347992
        ],
        [
            -0.16145527362823486,
            -0.9325622916221619,
            -0.14544959366321564
        ],
        [
            -0.17824165523052216,
            -0.9098415970802307,
            -0.1475309133529663
        ],
        [
            -0.16355043649673462,
            -0.9039356708526611,
            -0.156513512134552
        ],
        [
            -0.14902842044830322,
            -0.9211071133613586,
            -0.1562393307685852
        ],
        [
            -0.10804378986358643,
            -0.9031304121017456,
            -0.1684836447238922
        ],
        [
            -0.0930623859167099,
            -0.9128466248512268,
            -0.16517555713653564
        ],
        [
            -0.09492485225200653,
            -0.9297796487808228,
            -0.16151824593544006
        ],
        [
            -0.11503039300441742,
            -0.9201008677482605,
            -0.16506095230579376
        ],
        [
            -0.10089614987373352,
            -0.9512090682983398,
            -0.15088655054569244
        ],
        [
            -0.12546652555465698,
            -0.9396262168884277,
            -0.1546822339296341
        ],
        [
            -0.04603981971740723,
            -0.7952978610992432,
            -0.13472378253936768
        ],
        [
            -0.049195483326911926,
            -0.8147284388542175,
            -0.13744688034057617
        ],
        [
            -0.05699402093887329,
            -0.7658401131629944,
            -0.12790560722351074
        ],
        [
            -0.04374699294567108,
            -0.7794522643089294,
            -0.13279372453689575
        ],
        [
            -0.10760898888111115,
            -0.9672517776489258,
            -0.13431096076965332
        ],
        [
            -0.13669872283935547,
            -0.9545294046401978,
            -0.13940708339214325
        ],
        [
            -0.04270792007446289,
            -0.9157195091247559,
            -0.1432424634695053
        ],
        [
            -0.05745047330856323,
            -0.9276304244995117,
            -0.1483672857284546
        ],
        [
            -0.0634337067604065,
            -0.9090635180473328,
            -0.15676553547382355
        ],
        [
            -0.04914778470993042,
