{
    "pred_cam": [
        1.405745267868042,
        0.1486075073480606,
        0.28291383385658264
    ],
    "pred_smpl_params": {
        "global_orient": [
            [
                [
                    -0.5889565348625183,
                    0.11765852570533752,
                    -0.7995539903640747
                ],
                [
                    0.22059880197048187,
                    -0.9283695220947266,
                    -0.2991088628768921
                ],
                [
                    -0.7774742841720581,
                    -0.35254278779029846,
                    0.5208139419555664
                ]
            ]
        ],
        "body_pose": [
            [
                [
                    0.9971392154693604,
                    0.06639263033866882,
                    0.03613128140568733
                ],
                [
                    -0.07210466265678406,
                    0.9789127111434937,
                    0.19113026559352875
                ],
                [
                    -0.022679731249809265,
                    -0.19318869709968567,
                    0.980899453163147
                ]
            ],
            [
                [
                    0.9824814200401306,
                    0.16131149232387543,
                    -0.09332132339477539
                ],
                [
                    -0.14483268558979034,
                    0.976044237613678,
                    0.16236096620559692
                ],
                [
                    0.11727643013000488,
                    -0.14600065350532532,
                    0.9823085069656372
                ]
            ],
            [
                [
                    0.9948896765708923,
                    -0.05749175325036049,
                    0.08300121873617172
                ],
                [
                    0.07645535469055176,
                    0.965894877910614,
                    -0.24738965928554535
                ],
                [
                    -0.06594758480787277,
                    0.25247129797935486,
                    0.9653543829917908
                ]
            ],
            [
                [
                    0.9901492595672607,
                    0.1397722214460373,
                    0.008257774636149406
                ],
                [
                    -0.13851778209209442,
                    0.9864542484283447,
                    -0.08786872029304504
                ],
                [
                    -0.0204275194555521,
                    0.08585929870605469,
                    0.9960978627204895
                ]
            ],
            [
                [
                    0.9998526573181152,
                    0.01697661355137825,
                    -0.0025548392441123724
                ],
                [
                    -0.017106300219893456,
                    0.9977614283561707,
                    -0.06464886665344238
                ],
                [
                    0.0014516011578962207,
                    0.06468304246664047,
                    0.9979048371315002
                ]
            ],
            [
                [
                    0.9974569082260132,
                    -0.015271962620317936,
                    0.06961657106876373
                ],
                [
                    0.0183766707777977,
                    0.9988546967506409,
                    -0.04417724162340164
                ],
                [
                    -0.06886216253042221,
                    0.045344218611717224,
                    0.9965951442718506
                ]
            ],
            [
                [
                    0.9924924373626709,
                    0.039478931576013565,
                    0.11575920879840851
                ],
                [
                    -0.03670278936624527,
                    0.9989874958992004,
                    -0.026016926392912865
                ],
                [
                    -0.11666912585496902,
                    0.021572913974523544,
                    0.9929364919662476
                ]
            ],
            [
                [
                    0.9845353960990906,
                    -0.02319801039993763,
                    -0.17364293336868286
                ],
                [
                    0.02785395085811615,
                    0.9993135333061218,
                    0.02442432940006256
                ],
                [
                    0.1729571521282196,
                    -0.028883259743452072,
                    0.9845057129859924
                ]
            ],
            [
                [
                    0.9974656105041504,
                    0.0011390375439077616,
                    0.07114007323980331
                ],
                [
                    0.004741466138511896,
                    0.9965850710868835,
                    -0.08243739604949951
                ],
                [
                    -0.07099101692438126,
                    0.0825657919049263,
                    0.9940539598464966
                ]
            ],
            [
                [
                    0.9899199604988098,
                    -0.0891151949763298,
                    0.11007685959339142
                ],
                [
                    0.09169100970029831,
                    0.9956145882606506,
                    -0.01855386421084404
                ],
                [
                    -0.10794071108102798,
                    0.028459899127483368,
                    0.9937497973442078
                ]
            ],
            [
                [
                    0.9971004724502563,
                    0.07516969740390778,
                    -0.011833606287837029
                ],
                [
                    -0.07496172189712524,
                    0.997039258480072,
                    0.017133688554167747
                ],
                [
                    0.013086502440273762,
                    -0.016196943819522858,
                    0.9997831583023071
                ]
            ],
            [
                [
                    0.9305543899536133,
                    -0.03667587414383888,
                    0.36431214213371277
                ],
                [
                    0.06551013886928558,
                    0.9955930709838867,
                    -0.06710316985845566
                ],
                [
                    -0.36024558544158936,
                    0.0863092914223671,
                    0.9288561344146729
                ]
            ],
            [
                [
                    0.9102851152420044,
                    0.3281655013561249,
                    -0.25236567854881287
                ],
                [
                    -0.31060323119163513,
                    0.944415271282196,
                    0.10772847384214401
                ],
                [
                    0.27369076013565063,
                    -0.019678018987178802,
                    0.9616163969039917
                ]
            ],
            [
                [
                    0.8943005204200745,
                    -0.34555256366729736,
                    0.28428882360458374
                ],
                [
                    0.34291136264801025,
                    0.937404453754425,
                    0.06070145219564438
                ],
                [
                    -0.28746914863586426,
                    0.043200522661209106,
                    0.9568151831626892
                ]
            ],
            [
                [
                    0.9617877006530762,
                    0.13927727937698364,
                    0.23572516441345215
                ],
                [
                    -0.037999991327524185,
                    0.9205207228660583,
                    -0.3888413608074188
                ],
                [
                    -0.27114665508270264,
                    0.36502522230148315,
                    0.8906380534172058
                ]
            ],
            [
                [
                    0.6574215292930603,
                    0.6112893223762512,
                    -0.4405931532382965
                ],
                [
                    -0.6447036862373352,
                    0.758989691734314,
                    0.09105958789587021
                ],
                [
                    0.3900693953037262,
                    0.2241874635219574,
                    0.8930766582489014
                ]
            ],
            [
                [
                    0.5221523642539978,
                    -0.6672329306602478,
                    0.5311846137046814
                ],
                [
                    0.7372166514396667,
                    0.6662694215774536,
                    0.112234927713871
                ],
                [
                    -0.4287988841533661,
                    0.33299440145492554,
                    0.8397893905639648
                ]
            ],
            [
                [
                    0.6495202779769897,
                    -0.1114252582192421,
                    -0.7521354556083679
                ],
                [
                    0.0516824834048748,
                    0.9933860301971436,
                    -0.1025339886546135
                ],
                [
                    0.7585856914520264,
                    0.027725661173462868,
                    0.6509830951690674
                ]
            ],
            [
                [
                    0.3374272286891937,
                    0.2199525535106659,
                    0.915294349193573
                ],
                [
                    -0.0968799889087677,
                    0.9752704501152039,
                    -0.1986500471830368
                ],
                [
                    -0.9363530874252319,
                    -0.02164379134774208,
                    0.35039180517196655
                ]
            ],
            [
                [
                    0.9913185834884644,
                    -0.11987944692373276,
                    -0.05400337278842926
                ],
                [
                    0.12279822677373886,
                    0.9909383058547974,
                    0.05442303791642189
                ],
                [
                    0.046989805996418,
                    -0.06058209016919136,
                    0.9970565438270569
                ]
            ],
            [
                [
                    0.9913197755813599,
                    0.09153912216424942,
                    0.09437060356140137
                ],
                [
                    -0.10697224736213684,
                    0.9788866639137268,
                    0.1741778403520584
                ],
                [
                    -0.07643403112888336,
                    -0.18276095390319824,
                    0.980181872844696
                ]
            ],
            [
                [
                    0.9849974513053894,
                    0.1457148641347885,
                    -0.09245133399963379
                ],
                [
                    -0.13333967328071594,
                    0.9827333688735962,
                    0.12827976047992706
                ],
                [
                    0.10954727977514267,
                    -0.11402780562639236,
                    0.9874194264411926
                ]
            ],
            [
                [
                    0.9808627367019653,
                    -0.1799352765083313,
                    0.0743752047419548
                ],
                [
                    0.17071093618869781,
                    0.9784820079803467,
                    0.1158912256360054
                ],
                [
                    -0.09362771362066269,
                    -0.10097672045230865,
                    0.9904734492301941
                ]
            ]
        ],
        "betas": [
            -0.2417440414428711,
            -0.25262412428855896,
            0.34259042143821716,
            0.8618439435958862,
            0.23318436741828918,
            -0.048723213374614716,
            -0.05014413595199585,
            0.00867539644241333,
            0.07708717882633209,
            -0.028094202280044556
        ]
    },
    "pred_cam_t": [
        0.1486075073480606,
        0.28291383385658264,
        27.787752151489258
    ],
    "focal_length": [
        5000.0,
        5000.0
    ],
    "pred_keypoints_3d": [
        [
            -0.17874610424041748,
            -0.7738049030303955,
            -0.10632221400737762
        ],
        [
            0.0007927529513835907,
            -0.7288929224014282,
            -0.0803871750831604
        ],
        [
            0.06639345735311508,
            -0.6539268493652344,
            0.10130149871110916
        ],
        [
            0.012997545301914215,
            -0.4301939010620117,
            0.19250649213790894
        ],
        [
            -0.23254245519638062,
            -0.4062038064002991,
            0.16822375357151031
        ],
        [
            -0.07829686254262924,
            -0.6071813106536865,
            -0.22185930609703064
        ],
        [
            -0.18530896306037903,
            -0.37709978222846985,
            -0.22602474689483643
        ],
        [
            -0.36688268184661865,
            -0.3088177442550659,
            -0.08053886890411377
        ],
        [
            -0.0021799057722091675,
            -0.23082879185676575,
            0.02813645452260971
        ],
        [
            0.030106015503406525,
            -0.16056470572948456,
            0.10986413061618805
        ],
        [
            0.010421134531497955,
            0.13769926130771637,
            0.3304860591888428
        ],
        [
            -0.0005509369075298309,
            0.4856940507888794,
            0.49664461612701416
        ],
        [
            -0.04804827272891998,
            -0.12892939150333405,
            0.003336135298013687
        ],
        [
            -0.14691324532032013,
            0.18498261272907257,
            0.15678942203521729
        ],
        [
            -0.13461261987686157,
            0.5110794305801392,
            0.36169207096099854
        ],
        [
            -0.17410096526145935,
            -0.8238178491592407,
            -0.07113230228424072
        ],
        [
            -0.16109967231750488,
            -0.8235338926315308,
            -0.1364523470401764
        ],
        [
            -0.09179103374481201,
            -0.854465901851654,
            -0.01002778671681881
        ],
        [
            -0.06572447717189789,
            -0.8538625836372375,
            -0.15771345794200897
        ],
        [
            -0.30376189947128296,
            0.50058513879776,
            0.47022706270217896
        ],
        [
            -0.29202941060066223,
            0.5473807454109192,
            0.40245944261550903
        ],
        [
            -0.08883436769247055,
            0.5591546297073364,
            0.3536294996738434
        ],
        [
            -0.12970232963562012,
            0.4421021342277527,
            0.6395571231842041
        ],
        [
            -0.04315122961997986,
            0.4458748698234558,
            0.6566252112388611
        ],
        [
            0.03218187391757965,
            0.5466335415840149,
            0.4841892421245575
        ],
        [
            0.037401050329208374,
            0.44817981123924255,
            0.4676554799079895
        ],
        [
            0.014323778450489044,
            0.08298464119434357,
            0.29373279213905334
        ],
        [
            0.09612347185611725,
            -0.29033103585243225,
            0.12333314120769501
        ],
        [
            -0.06537959724664688,
            -0.2057522088289261,
            -0.10536026954650879
        ],
        [
            -0.14362667500972748,
            0.15120670199394226,
            0.12732481956481934
        ],
        [
            -0.11627902090549469,
            0.49411994218826294,
            0.3258480429649353
        ],
        [
            -0.21492809057235718,
            -0.43892064690589905,
            0.15678612887859344
        ],
        [
            -0.001217432669363916,
            -0.46442729234695435,
            0.2121104896068573
        ],
        [
            0.05162870138883591,
            -0.6809400320053101,
            0.0646105483174324
        ],
        [
            -0.06020790711045265,
            -0.6434674859046936,
            -0.210737407207489
        ],
        [
            -0.2134753316640854,
            -0.41788560152053833,
            -0.23613831400871277
        ],
        [
            -0.36580395698547363,
            -0.3300817012786865,
            -0.08775650709867477
        ],
        [
            -0.007319462485611439,
            -0.7167305946350098,
            -0.07860414683818817
        ],
        [
            -0.11623746156692505,
            -0.8948358297348022,
            -0.09557731449604034
        ],
        [
            0.015008455142378807,
            -0.24851492047309875,
            0.00826991256326437
        ],
        [
            -0.0034020072780549526,
            -0.6592227816581726,
            -0.06986402720212936
        ],
        [
            0.036836571991443634,
            -0.4891616404056549,
            -0.054990652948617935
        ],
        [
            -0.09803451597690582,
            -0.7809861898422241,
            -0.0942065417766571
        ],
        [
            -0.11739391833543777,
            -0.9148375988006592,
            -0.09285163879394531
        ]
    ],
    "pred_vertices": [
        [
            -0.17992495000362396,
            -0.8662500977516174,
            -0.15254585444927216
        ],
        [
            -0.1810494363307953,
            -0.8500086665153503,
            -0.14677363634109497
        ],
        [
            -0.1692039668560028,
            -0.8507226705551147,
            -0.15536639094352722
        ],
        [
            -0.16447800397872925,
            -0.8641231060028076,
            -0.16002383828163147
        ],
        [
            -0.17135241627693176,
            -0.8396905660629272,
            -0.15192753076553345
        ],
        [
            -0.179704487323761,
            -0.8382501602172852,
            -0.14369922876358032
        ],
        [
            -0.15607163310050964,
            -0.8491361141204834,
            -0.15968836843967438
        ],
        [
            -0.1487763226032257,
            -0.8598847985267639,
            -0.16337847709655762
        ],
        [
            -0.12954923510551453,
            -0.8215459585189819,
            -0.15914374589920044
        ],
        [
            -0.11890186369419098,
            -0.8214917182922363,
            -0.16126087307929993
        ],
        [
            -0.12559452652931213,
            -0.8321586847305298,
            -0.1621924191713333
        ],
        [
            -0.13458487391471863,
            -0.8294080495834351,
            -0.15899810194969177
        ],
        [
            -0.116245336830616,
            -0.7996492385864258,
            -0.1548355221748352
        ],
        [
            -0.12088942527770996,
            -0.7877643704414368,
            -0.14946109056472778
        ],
        [
            -0.10837208479642868,
            -0.7835721969604492,
            -0.1490665078163147
        ],
        [
            -0.10267320275306702,
            -0.7953898310661316,
            -0.15313880145549774
        ],
        [
            -0.15350845456123352,
            -0.790945291519165,
            -0.12383639067411423
        ],
        [
            -0.14884009957313538,
            -0.7853493690490723,
            -0.1282423436641693
        ],
        [
            -0.15016865730285645,
            -0.791709303855896,
            -0.13259275257587433
        ],
        [
            -0.1543293297290802,
            -0.7967125773429871,
            -0.12734320759773254
        ],
        [
            -0.1648738980293274,
            -0.7973507642745972,
            -0.11735139042139053
        ],
        [
            -0.16397371888160706,
            -0.8037056922912598,
            -0.11830390989780426
        ],
        [
            -0.17118532955646515,
            -0.8050190210342407,
            -0.11516137421131134
        ],
        [
            -0.17252612113952637,
            -0.7976558804512024,
            -0.11518542468547821
        ],
        [
            -0.1524413824081421,
            -0.7861838340759277,
            -0.11804330348968506
        ],
        [
            -0.14722973108291626,
            -0.78061842918396,
            -0.12257938832044601
        ],
        [
            -0.15802451968193054,
            -0.7954868674278259,
            -0.12022470682859421
        ],
        [
            -0.15870755910873413,
            -0.7906379699707031,
            -0.11848132312297821
        ],
        [
            -0.1662435233592987,
            -0.7808563709259033,
            -0.11724551022052765
        ],
        [
            -0.1665337234735489,
            -0.7857273817062378,
            -0.11899128556251526
        ],
        [
            -0.17385315895080566,
            -0.7838634252548218,
            -0.1174154058098793
        ],
        [
            -0.17128542065620422,
            -0.7790697813034058,
            -0.11534474790096283
        ],
        [
            -0.156971737742424,
            -0.783949613571167,
            -0.11822739243507385
        ],
        [
            -0.16056391596794128,
            -0.7855517268180847,
            -0.11962440609931946
        ],
        [
            -0.16167426109313965,
            -0.7811920642852783,
            -0.11732180416584015
        ],
        [
            -0.15823206305503845,
            -0.7805441617965698,
            -0.11490095406770706
        ],
        [
            -0.16575297713279724,
            -0.792323112487793,
            -0.11715681850910187
        ],
        [
            -0.1734960377216339,
            -0.7911293506622314,
            -0.11608505994081497
        ],
        [
            -0.1812104880809784,
            -0.7894896268844604,
            -0.11380323022603989
        ],
        [
            -0.1807207465171814,
            -0.7805865406990051,
            -0.11435571312904358
        ],
        [
            -0.13539919257164001,
            -0.7756211757659912,
            -0.13604992628097534
        ],
        [
            -0.14292357861995697,
            -0.7801886796951294,
            -0.1330290138721466
        ],
        [
            -0.14213058352470398,
            -0.7757956981658936,
            -0.1273239254951477
        ],
        [
            -0.13640981912612915,
            -0.7718998193740845,
            -0.13076220452785492
        ],
        [
            -0.15368661284446716,
            -0.779151439666748,
            -0.11483900249004364
        ],
        [
            -0.1465437412261963,
            -0.7648794651031494,
            -0.11640843003988266
        ],
        [
            -0.14818118512630463,
            -0.7682446837425232,
            -0.11718999594449997
        ],
        [
            -0.1533893644809723,
            -0.7673574686050415,
            -0.11230657994747162
        ],
        [
            -0.15152594447135925,
            -0.7642955780029297,
            -0.11210455000400543
        ],
        [
            -0.12072580307722092,
            -0.7663800716400146,
            -0.13757959008216858
        ],
        [
            -0.12536779046058655,
            -0.7635408639907837,
            -0.13277322053909302
        ],
        [
            -0.12017814069986343,
            -0.7584452629089355,
            -0.1317969411611557
        ],
        [
            -0.11414407938718796,
            -0.760717511177063,
            -0.13540613651275635
        ],
        [
            -0.1175626739859581,
            -0.7537531852722168,
            -0.12801901996135712
        ],
        [
            -0.10880842804908752,
            -0.7551546096801758,
            -0.13206104934215546
        ],
        [
            -0.10542147606611252,
            -0.7422562837600708,
            -0.12092801183462143
        ],
        [
            -0.10659189522266388,
            -0.7480402588844299,
            -0.12643687427043915
        ],
        [
            -0.11651520431041718,
            -0.7485812306404114,
            -0.12328942865133286
        ],
        [
            -0.11827636510133743,
            -0.7426131963729858,
            -0.11786342412233353
        ],
        [
            -0.12994684278964996,
            -0.7433245182037354,
            -0.10922728478908539
        ],
        [
            -0.1329614222049713,
            -0.741191029548645,
            -0.10389676690101624
        ],
        [
            -0.12513798475265503,
            -0.7310868501663208,
            -0.10609151422977448
        ],
        [
            -0.12199612706899643,
            -0.7357527613639832,
            -0.11168128252029419
        ],
        [
            -0.1402289867401123,
            -0.7614449858665466,
            -0.11407022178173065
        ],
        [
            -0.1369616985321045,
            -0.7626434564590454,
            -0.11738745868206024
        ],
        [
            -0.13951095938682556,
            -0.7629331350326538,
            -0.11843176186084747
        ],
        [
            -0.1437179446220398,
            -0.7625961303710938,
            -0.11529143899679184
        ],
        [
            -0.13445881009101868,
            -0.7631669640541077,
            -0.12055564671754837
        ],
        [
            -0.1333262324333191,
            -0.7632948160171509,
            -0.12197031080722809
        ],
        [
            -0.13498646020889282,
            -0.7638721466064453,
            -0.12224835902452469
        ],
        [
            -0.1352357715368271,
            -0.7635791897773743,
            -0.12097290903329849
        ],
        [
            -0.1360762119293213,
            -0.7630165219306946,
            -0.11907701194286346
        ],
        [
            -0.1358138620853424,
            -0.761179506778717,
            -0.11780698597431183
        ],
        [
            -0.1347578912973404,
            -0.7622523307800293,
            -0.11964148283004761
        ],
        [
            -0.13872933387756348,
            -0.7592328786849976,
            -0.11484428495168686
        ],
        [
            -0.1475033462047577,
            -0.7540422677993774,
            -0.10410477221012115
        ],
        [
            -0.14561006426811218,
            -0.7549169659614563,
            -0.10738275945186615
        ],
        [
            -0.14684005081653595,
            -0.7593470215797424,
            -0.10630765557289124
        ],
        [
            -0.14862307906150818,
            -0.7588292956352234,
            -0.10361698269844055
        ],
        [
            -0.13779056072235107,
            -0.7647873163223267,
            -0.121647909283638
        ],
        [
            -0.13738510012626648,
            -0.766383945941925,
            -0.12376216799020767
        ],
        [
            -0.14231039583683014,
            -0.7673870325088501,
            -0.12120766192674637
        ],
        [
            -0.14096421003341675,
            -0.7651468515396118,
            -0.11953441798686981
        ],
        [
            -0.13728250563144684,
            -0.7681604623794556,
            -0.12680014967918396
        ],
        [
            -0.13443179428577423,
            -0.7652814984321594,
            -0.12448061257600784
        ],
        [
            -0.1335960328578949,
            -0.7661807537078857,
            -0.1275181770324707
        ],
        [
            -0.13268977403640747,
            -0.7617675065994263,
            -0.12111277878284454
        ],
        [
            -0.13003545999526978,
            -0.7610256671905518,
            -0.12317489087581635
        ],
        [
            -0.13194799423217773,
            -0.7628557085990906,
            -0.1244310736656189
        ],
        [
            -0.1295558363199234,
            -0.7578544616699219,
            -0.12081315368413925
        ],
        [
            -0.1333356499671936,
            -0.7596375942230225,
            -0.11855437606573105
        ],
        [
            -0.13582420349121094,
            -0.756740927696228,
            -0.11553992331027985
        ],
        [
            -0.13923287391662598,
            -0.7537349462509155,
            -0.11170342564582825
        ],
        [
            -0.13399429619312286,
            -0.7507725954055786,
            -0.11266054958105087
        ],
        [
            -0.13115286827087402,
            -0.7541868090629578,
            -0.11717721819877625
        ],
        [
            -0.14284104108810425,
            -0.7712888717651367,
            -0.12363694608211517
        ],
        [
            -0.1290874183177948,
            -0.7630704641342163,
            -0.12804381549358368
        ],
        [
            -0.13101564347743988,
            -0.7686139345169067,
            -0.13217754662036896
        ],
        [
            -0.1260819137096405,
            -0.7593055367469788,
            -0.126974955201149
        ],
        [
            -0.12436056137084961,
            -0.755494236946106,
            -0.12410199642181396
        ],
        [
            -0.12487618625164032,
            -0.7512590885162354,
            -0.11937441676855087
        ],
        [
            -0.12723350524902344,
            -0.7469576597213745,
            -0.1146141067147255
        ],
        [
            -0.11122876405715942,
            -0.727981448173523,
            -0.10444781184196472
        ],
        [
            -0.10888787358999252,
            -0.7339558601379395,
            -0.11220510303974152
        ],
        [
            -0.17410781979560852,
            -0.8327206373214722,
            -0.13989950716495514
        ],
        [
            -0.16946208477020264,
            -0.833114743232727,
            -0.14777590334415436
        ],
        [
            -0.16169342398643494,
            -0.8281830549240112,
            -0.14605961740016937
        ],
        [
            -0.16211256384849548,
            -0.8302805423736572,
            -0.14788182079792023
        ],
        [
            -0.16692891716957092,
            -0.8301548957824707,
            -0.14388081431388855
        ],
        [
            -0.16504931449890137,
            -0.8278143405914307,
            -0.14281003177165985
        ],
        [
            -0.14174073934555054,
            -0.8286083936691284,
            -0.15481331944465637
        ],
        [
            -0.14763426780700684,
            -0.8281599283218384,
            -0.15130625665187836
        ],
        [
            -0.1446390151977539,
            -0.8254824876785278,
            -0.15050949156284332
        ],
        [
            -0.13798537850379944,
            -0.8228983879089355,
            -0.1552857607603073
        ],
        [
            -0.14895257353782654,
            -0.8156994581222534,
            -0.14386874437332153
        ],
        [
            -0.14580011367797852,
            -0.8182711601257324,
            -0.1474294364452362
        ],
        [
            -0.15186838805675507,
            -0.82292640209198,
            -0.14541959762573242
        ],
        [
            -0.15421243011951447,
            -0.8210439682006836,
            -0.14291706681251526
        ],
        [
            -0.15639156103134155,
            -0.8198186159133911,
            -0.1396493762731552
        ],
        [
            -0.1585572361946106,
            -0.8192895650863647,
            -0.1357242614030838
        ],
        [
            -0.15549291670322418,
            -0.8148540258407593,
            -0.1354435533285141
        ],
        [
            -0.1523459553718567,
            -0.8148095607757568,
            -0.13974812626838684
        ],
        [
            -0.1698436737060547,
            -0.8306646347045898,
            -0.1381673812866211
        ],
        [
            -0.17101633548736572,
            -0.8300838470458984,
            -0.13079139590263367
        ],
        [
            -0.16855278611183167,
            -0.8277353048324585,
            -0.1317390650510788
        ],
        [
            -0.16789698600769043,
            -0.8279390931129456,
            -0.13785389065742493
        ],
        [
            -0.16360145807266235,
            -0.8243483901023865,
            -0.11999733000993729
        ],
        [
            -0.16543591022491455,
            -0.8259283304214478,
            -0.12171632796525955
        ],
        [
            -0.1678791493177414,
            -0.8266913294792175,
            -0.11874663829803467
        ],
        [
            -0.16527202725410461,
            -0.8232186436653137,
            -0.1171608567237854
        ],
        [
            -0.16343146562576294,
            -0.8204848766326904,
            -0.11911594867706299
        ],
        [
            -0.16291359066963196,
            -0.8226603269577026,
            -0.1212027370929718
        ],
        [
            -0.19006946682929993,
            -0.8860254883766174,
            -0.14567330479621887
        ],
        [
            -0.19187699258327484,
            -0.8678531050682068,
            -0.14121069014072418
        ],
        [
            -0.17271380126476288,
            -0.8856287002563477,
            -0.15655337274074554
        ],
        [
            -0.15585632622241974,
            -0.8811566829681396,
            -0.16228407621383667
        ],
        [
            -0.14042511582374573,
            -0.8724151849746704,
            -0.1666918843984604
        ],
        [
            -0.11477947235107422,
            -0.7735198736190796,
            -0.14343921840190887
        ],
        [
            -0.10547467321157455,
            -0.7684603929519653,
            -0.14211153984069824
        ],
        [
            -0.09629076719284058,
            -0.7801306843757629,
            -0.14784343540668488
        ],
        [
            -0.08871537446975708,
            -0.7729434967041016,
            -0.14381200075149536
        ],
        [
            -0.09877541661262512,
            -0.7609671354293823,
            -0.13782769441604614
        ],
        [
            -0.09321970492601395,
            -0.7443703413009644,
            -0.12172402441501617
        ],
        [
            -0.094756118953228,
            -0.7523540258407593,
            -0.13124054670333862
        ],
        [
            -0.08206653594970703,
            -0.765389084815979,
            -0.13778050243854523
        ],
        [
            -0.07146014273166656,
            -0.7828366756439209,
            -0.1446632593870163
        ],
        [
            -0.08024661242961884,
            -0.7866768836975098,
            -0.1485191136598587
        ],
        [
            -0.06550712883472443,
            -0.8025604486465454,
            -0.1477360874414444
        ],
        [
            -0.06137862801551819,
            -0.7792263031005859,
            -0.13781240582466125
        ],
        [
            -0.05876114219427109,
            -0.805357813835144,
            -0.1428927332162857
        ],
        [
            -0.06428809463977814,
            -0.7467609643936157,
            -0.11720192432403564
        ],
        [
            -0.061008259654045105,
            -0.7385820150375366,
            -0.1165553629398346
        ],
        [
            -0.04952986165881157,
            -0.7485502362251282,
            -0.12883725762367249
        ],
        [
            -0.05258603394031525,
            -0.7575226426124573,
            -0.12877008318901062
        ],
        [
            -0.08989182114601135,
            -0.7909912467002869,
            -0.15177370607852936
        ],
        [
            -0.1234065443277359,
            -0.8444749116897583,
            -0.1640864908695221
        ],
        [
            -0.13382041454315186,
            -0.8395124673843384,
            -0.16238753497600555
        ],
        [
            -0.11380067467689514,
            -0.834869921207428,
            -0.1634732484817505
        ],
        [
            -0.13183088600635529,
            -0.9070855379104614,
            -0.1681288182735443
        ],
        [
            -0.14598745107650757,
            -0.8953084349632263,
            -0.16663964092731476
        ],
        [
            -0.13208088278770447,
            -0.8846822381019592,
            -0.1697106659412384
        ],
        [
            -0.12062948942184448,
            -0.8969545364379883,
            -0.17148618400096893
        ],
        [
            -0.16201569139957428,
            -0.9339537620544434,
            -0.14774064719676971
        ],
        [
            -0.17884685099124908,
            -0.9112814664840698,
            -0.14983069896697998
        ],
        [
            -0.16417358815670013,
            -0.9053454995155334,
            -0.15878471732139587
        ],
        [
            -0.14960801601409912,
            -0.922460675239563,
            -0.15850061178207397
        ],
        [
            -0.10864675045013428,
            -0.9043806195259094,
            -0.1707008183002472
        ],
        [
            -0.09364646673202515,
            -0.9140658378601074,
            -0.1673910915851593
        ],
        [
            -0.09548319876194,
            -0.9310194253921509,
            -0.16378407180309296
        ],
        [
            -0.11561189591884613,
            -0.9213513135910034,
            -0.16732069849967957
        ],
        [
            -0.10140325129032135,
            -0.9524766206741333,
            -0.1531868427991867
        ],
        [
            -0.1260182410478592,
            -0.9409397840499878,
            -0.156972274184227
        ],
        [
            -0.04696251451969147,
            -0.7963111400604248,
            -0.13691934943199158
        ],
        [
            -0.05003773421049118,
            -0.8157789707183838,
            -0.13966001570224762
        ],
        [
            -0.058040060102939606,
            -0.7668387293815613,
            -0.1300268918275833
        ],
        [
            -0.04473653435707092,
            -0.7804097533226013,
            -0.13497039675712585
        ],
        [
            -0.1081051230430603,
            -0.9685990810394287,
            -0.13663119077682495
        ],
        [
            -0.13722950220108032,
            -0.955894947052002,
            -0.14170818030834198
        ],
        [
            -0.043261244893074036,
            -0.9168315529823303,
            -0.14547516405582428
        ],
        [
            -0.05798161029815674,
            -0.9287834167480469,
            -0.1506209820508957
        ],
        [
            -0.06401081383228302,
            -0.910210132598877,
            -0.15898172557353973
        ],
        [
