{
    "pred_cam": [
        1.1991626024246216,
        -0.003924278542399406,
        0.21782973408699036
    ],
    "pred_smpl_params": {
        "global_orient": [
            [
                [
                    0.9897490739822388,
                    0.08401637524366379,
                    0.11549094319343567
                ],
                [
                    0.08848735690116882,
                    -0.9954921007156372,
                    -0.03413804620504379
                ],
                [
                    0.11210217326879501,
                    0.04400758072733879,
                    -0.9927217960357666
                ]
            ]
        ],
        "body_pose": [
            [
                [
                    0.9978805780410767,
                    0.004396534990519285,
                    -0.0649234801530838
                ],
                [
                    0.017059363424777985,
                    0.9451440572738647,
                    0.32620811462402344
                ],
                [
                    0.0627962276339531,
                    -0.3266242742538452,
                    0.943065881729126
                ]
            ],
            [
                [
                    0.9999968409538269,
                    0.0013984090182930231,
                    0.0020894650369882584
                ],
                [
                    -0.0019042073981836438,
                    0.9639100432395935,
                    0.26622140407562256
                ],
                [
                    -0.0016417697770521045,
                    -0.26622453331947327,
                    0.9639096856117249
                ]
            ],
            [
                [
                    0.9977527260780334,
                    0.043061088770627975,
                    0.051334936171770096
                ],
                [
                    -0.032652292400598526,
                    0.9814972877502441,
                    -0.18867127597332
                ],
                [
                    -0.05850949510931969,
                    0.18657106161117554,
                    0.9806976318359375
                ]
            ],
            [
                [
                    0.9900773763656616,
                    -0.017871949821710587,
                    -0.1393819898366928
                ],
                [
                    -0.11991292983293533,
                    0.4096820652484894,
                    -0.904312789440155
                ],
                [
                    0.07326412945985794,
                    0.9120533466339111,
                    0.4034738540649414
                ]
            ],
            [
                [
                    0.985979437828064,
                    -0.10885351151227951,
                    0.1264728456735611
                ],
                [
                    0.1666129231452942,
                    0.6004366278648376,
                    -0.7821227312088013
                ],
                [
                    0.00919788796454668,
                    0.7922289967536926,
                    0.6101545691490173
                ]
            ],
            [
                [
                    0.9983128309249878,
                    -0.0021325708366930485,
                    0.05802658572793007
                ],
                [
                    -0.0004926075926050544,
                    0.998978316783905,
                    0.045189015567302704
                ],
                [
                    -0.05806367099285126,
                    -0.045141350477933884,
                    0.9972918033599854
                ]
            ],
            [
                [
                    0.9806737899780273,
                    -0.018776148557662964,
                    0.19474680721759796
                ],
                [
                    -0.00807464960962534,
                    0.9906522035598755,
                    0.13617293536663055
                ],
                [
                    -0.19548313319683075,
                    -0.13511374592781067,
                    0.9713550209999084
                ]
            ],
            [
                [
                    0.9814233779907227,
                    0.03837324306368828,
                    -0.18797776103019714
                ],
                [
                    -0.022582048550248146,
                    0.9960874915122986,
                    0.085438571870327
                ],
                [
                    0.19052085280418396,
                    -0.07960648834705353,
                    0.9784501194953918
                ]
            ],
            [
                [
                    0.9989489912986755,
                    -0.011599126271903515,
                    0.04434429481625557
                ],
                [
                    0.014102721586823463,
                    0.9982990622520447,
                    -0.05656884238123894
                ],
                [
                    -0.04361272230744362,
                    0.057134758681058884,
                    0.9974133968353271
                ]
            ],
            [
                [
                    0.9936828017234802,
                    -0.06851973384618759,
                    -0.08887932449579239
                ],
                [
                    0.08295498043298721,
                    0.981859028339386,
                    0.17050330340862274
                ],
                [
                    0.07558412104845047,
                    -0.17679917812347412,
                    0.9813404679298401
                ]
            ],
            [
                [
                    0.9960779547691345,
                    0.08840081840753555,
                    0.003743566107004881
                ],
                [
                    -0.08775928616523743,
                    0.9816896915435791,
                    0.1690671592950821
                ],
                [
                    0.011270655319094658,
                    -0.16873259842395782,
                    0.9855974316596985
                ]
            ],
            [
                [
                    0.980857253074646,
                    0.0828467309474945,
                    -0.1762256622314453
                ],
                [
                    -0.04783188924193382,
                    0.9797605872154236,
                    0.19437411427497864
                ],
                [
                    0.18876221776008606,
                    -0.18222405016422272,
                    0.9649679660797119
                ]
            ],
            [
                [
                    0.8913641571998596,
                    0.4532536566257477,
                    0.005569313652813435
                ],
                [
                    -0.45300018787384033,
                    0.8911688923835754,
                    -0.024676579982042313
                ],
                [
                    -0.016147948801517487,
                    0.019472919404506683,
                    0.9996799826622009
                ]
            ],
            [
                [
                    0.8849216103553772,
                    -0.4612526297569275,
                    0.06449658423662186
                ],
                [
                    0.4636004865169525,
                    0.8856279253959656,
                    -0.027162032201886177
                ],
                [
                    -0.04459141567349434,
                    0.0539369136095047,
                    0.9975482225418091
                ]
            ],
            [
                [
                    0.9892067909240723,
                    -0.026110682636499405,
                    -0.14418113231658936
                ],
                [
                    0.006199363153427839,
                    0.9905716180801392,
                    -0.13685598969459534
                ],
                [
                    0.14639511704444885,
                    0.13448503613471985,
                    0.980042040348053
                ]
            ],
            [
                [
                    0.49201473593711853,
                    0.8357617259025574,
                    -0.2437698394060135
                ],
                [
                    -0.8675622344017029,
                    0.4940125644207001,
                    -0.057335108518600464
                ],
                [
                    0.07250688225030899,
                    0.2396952360868454,
                    0.9681367874145508
                ]
            ],
            [
                [
                    0.556046187877655,
                    -0.8110888004302979,
                    0.18151476979255676
                ],
                [
                    0.8293673396110535,
                    0.5557610392570496,
                    -0.057267338037490845
                ],
                [
                    -0.054429955780506134,
                    0.18238568305969238,
                    0.9817193746566772
                ]
            ],
            [
                [
                    0.8797525763511658,
                    -0.1655394434928894,
                    -0.4456816613674164
                ],
                [
                    0.10032190382480621,
                    0.9809543490409851,
                    -0.1663254350423813
                ],
                [
                    0.4647267460823059,
                    0.1016135960817337,
                    0.8796043395996094
                ]
            ],
            [
                [
                    0.9324281811714172,
                    0.11038941144943237,
                    0.3440810739994049
                ],
                [
                    -0.0515856109559536,
                    0.9831069707870483,
                    -0.1756117194890976
                ],
                [
                    -0.3576542139053345,
                    0.14599567651748657,
                    0.9223711490631104
                ]
            ],
            [
                [
                    0.9985210299491882,
                    0.031397879123687744,
                    0.04438433051109314
                ],
                [
                    -0.02982410416007042,
                    0.9989178776741028,
                    -0.035686176270246506
                ],
                [
                    -0.04545677453279495,
                    0.03430967032909393,
                    0.9983769059181213
                ]
            ],
            [
                [
                    0.998113751411438,
                    -0.033746346831321716,
                    -0.05128423869609833
                ],
                [
                    0.02686472423374653,
                    0.9912281632423401,
                    -0.1294020563364029
                ],
                [
                    0.05520123615860939,
                    0.1277802437543869,
                    0.9902650713920593
                ]
            ],
            [
                [
                    0.9664109945297241,
                    0.2300657033920288,
                    -0.11454066634178162
                ],
                [
                    -0.21338123083114624,
                    0.9666916728019714,
                    0.14133530855178833
                ],
                [
                    0.14324191212654114,
                    -0.11214716732501984,
                    0.9833131432533264
                ]
            ],
            [
                [
                    0.971105694770813,
                    -0.2295304834842682,
                    0.06534099578857422
                ],
                [
                    0.21290722489356995,
                    0.9569432735443115,
                    0.19730709493160248
                ],
                [
                    -0.10781562328338623,
                    -0.17769448459148407,
                    0.9781617522239685
                ]
            ]
        ],
        "betas": [
            -0.024597227573394775,
            0.004606753587722778,
            -0.08438023924827576,
            0.10283598303794861,
            0.02254965901374817,
            0.06607598066329956,
            -0.037919700145721436,
            -0.0799611508846283,
            0.12686949968338013,
            -0.10634887218475342
        ]
    },
    "pred_cam_t": [
        -0.003924278542399406,
        0.21782973408699036,
        32.57481384277344
    ],
    "focal_length": [
        5000.0,
        5000.0
    ],
    "pred_keypoints_3d": [
        [
            0.07682927697896957,
            -0.8476898670196533,
            -0.1346002221107483
        ],
        [
            0.057613421231508255,
            -0.7293150424957275,
            0.018287688493728638
        ],
        [
            -0.12936171889305115,
            -0.6380271911621094,
            -0.013777222484350204
        ],
        [
            -0.1869051158428192,
            -0.3944920301437378,
            0.033799249678850174
        ],
        [
            -0.21861019730567932,
            -0.14933380484580994,
            -0.030404996126890182
        ],
        [
            0.21184776723384857,
            -0.6093446612358093,
            0.08193010091781616
        ],
        [
            0.1773259937763214,
            -0.35699573159217834,
            0.13933439552783966
        ],
        [
            0.19493021070957184,
            -0.12437151372432709,
            0.0510278046131134
        ],
        [
            -0.0018971392419189215,
            -0.22378361225128174,
            0.02787715196609497
        ],
        [
            -0.07654545456171036,
            -0.13965746760368347,
            0.020898913964629173
        ],
        [
            -0.1350204348564148,
            0.22163966298103333,
            -0.09233824163675308
        ],
        [
            -0.1386922299861908,
            0.5202451944351196,
            0.17271378636360168
        ],
        [
            0.05794860050082207,
            -0.12658190727233887,
            0.038643382489681244
        ],
        [
            0.07449249923229218,
            0.22445571422576904,
            -0.09267886728048325
        ],
        [
            0.04109397903084755,
            0.47512760758399963,
            0.21595758199691772
        ],
        [
            0.05212077498435974,
            -0.8901937007904053,
            -0.09682469069957733
        ],
        [
            0.1177113801240921,
            -0.8806982040405273,
            -0.10240228474140167
        ],
        [
            0.016302557662129402,
            -0.8748005032539368,
            -0.0009806714951992035
        ],
        [
            0.16046586632728577,
            -0.8538234233856201,
            -0.012813650071620941
        ],
        [
            0.03745824843645096,
            0.6282700896263123,
            0.09255683422088623
        ],
        [
            0.10472884774208069,
            0.6108587980270386,
            0.138899028301239
        ],
        [
            0.04724681377410889,
            0.46514973044395447,
            0.2853515148162842
        ],
        [
            -0.1313537359237671,
            0.6583789587020874,
            0.02959379553794861
        ],
        [
            -0.20473775267601013,
            0.6373906135559082,
            0.07063055038452148
        ],
        [
            -0.1478322148323059,
            0.5284461975097656,
            0.24471482634544373
        ],
        [
            -0.16164067387580872,
            0.4645273685455322,
            0.16464923322200775
        ],
        [
            -0.12805041670799255,
            0.1619388461112976,
            -0.08826155960559845
        ],
        [
            -0.14560097455978394,
            -0.2689909040927887,
            0.024350471794605255
        ],
        [
            0.1424872726202011,
            -0.2267245352268219,
            0.0711023211479187
        ],
        [
            0.08714810013771057,
            0.1893836259841919,
            -0.08851425349712372
        ],
        [
            0.05422387272119522,
            0.4334908127784729,
            0.21165674924850464
        ],
        [
            -0.19705741107463837,
            -0.1705566644668579,
            -0.04947924613952637
        ],
        [
            -0.20657113194465637,
            -0.4124348759651184,
            0.003917057067155838
        ],
        [
            -0.0932331532239914,
            -0.6722410321235657,
            -0.003768977476283908
        ],
        [
            0.1858748197555542,
            -0.6463251113891602,
            0.07533657550811768
        ],
        [
            0.22149404883384705,
            -0.3732706904411316,
            0.11764731258153915
        ],
        [
            0.20317229628562927,
            -0.14156591892242432,
            0.0430886372923851
        ],
        [
            0.059257104992866516,
            -0.7157849669456482,
            0.017995327711105347
        ],
        [
            0.09906503558158875,
            -0.9170767068862915,
            -0.018971139565110207
        ],
        [
            -0.0010652112541720271,
            -0.24805007874965668,
            0.04808475077152252
        ],
        [
            0.0462212935090065,
            -0.6582677364349365,
            0.031706616282463074
        ],
        [
            0.023910559713840485,
            -0.4885813295841217,
            0.05229651927947998
        ],
        [
            0.08477815985679626,
            -0.8130439519882202,
            -0.061836469918489456
        ],
        [
            0.0972914844751358,
            -0.9358575344085693,
            -0.008394707925617695
        ]
    ],
    "pred_vertices": [
        [
            0.13598604500293732,
            -0.9241974949836731,
            -0.0994970053434372
        ],
        [
            0.12753483653068542,
            -0.9117144346237183,
            -0.10639870911836624
        ],
        [
            0.13828222453594208,
            -0.9057639837265015,
            -0.09904937446117401
        ],
        [
            0.14631912112236023,
            -0.9146546125411987,
            -0.08899438381195068
        ],
        [
            0.13265325129032135,
            -0.897997260093689,
            -0.1050042137503624
        ],
        [
            0.12261754274368286,
            -0.9015335440635681,
            -0.11099319159984589
        ],
        [
            0.14472082257270813,
            -0.8979146480560303,
            -0.08956331014633179
        ],
        [
            0.15169358253479004,
            -0.9030054807662964,
            -0.07890918850898743
        ],
        [
            0.14583349227905273,
            -0.8610659837722778,
            -0.08168847113847733
        ],
        [
            0.1494280993938446,
            -0.8550010919570923,
            -0.07283851504325867
        ],
        [
            0.1512022763490677,
            -0.8668500185012817,
            -0.07348235696554184
        ],
        [
            0.14580562710762024,
            -0.8698606491088867,
            -0.08182694017887115
        ],
        [
            0.14106385409832,
            -0.8351113200187683,
            -0.0801539272069931
        ],
        [
            0.13315007090568542,
            -0.8279168605804443,
            -0.08880888670682907
        ],
        [
            0.13450460135936737,
            -0.8176727294921875,
            -0.07991066575050354
        ],
        [
            0.1411360502243042,
            -0.8246150016784668,
            -0.07044807821512222
        ],
        [
            0.1020977646112442,
            -0.8490157127380371,
            -0.10903692245483398
        ],
        [
            0.10659968852996826,
            -0.8415981531143188,
            -0.10878320038318634
        ],
        [
            0.1113780289888382,
            -0.8474670648574829,
            -0.10757076740264893
        ],
        [
            0.10607463121414185,
            -0.8542201519012451,
            -0.10760506242513657
        ],
        [
            0.0940515398979187,
            -0.8604576587677002,
            -0.11394850164651871
        ],
        [
            0.09605470299720764,
            -0.8654073476791382,
            -0.11020796746015549
        ],
        [
            0.09169226884841919,
            -0.8704806566238403,
            -0.11467962712049484
        ],
        [
            0.09038039296865463,
            -0.8647617101669312,
            -0.11961249262094498
        ],
        [
            0.09599553048610687,
            -0.8446822166442871,
            -0.10934685170650482
        ],
        [
            0.10093127191066742,
            -0.8369331359863281,
            -0.10881046950817108
        ],
        [
            0.09821605682373047,
            -0.8555393218994141,
            -0.10995479673147202
        ],
        [
            0.09548034518957138,
            -0.8514184355735779,
            -0.11249478906393051
        ],
        [
            0.0912420004606247,
            -0.8469458222389221,
            -0.12322501838207245
        ],
        [
            0.09347974509000778,
            -0.8511902093887329,
            -0.12143810838460922
        ],
        [
            0.08995531499385834,
            -0.8535246849060059,
            -0.12809838354587555
        ],
        [
            0.08794298768043518,
            -0.8482153415679932,
            -0.12777939438819885
        ],
        [
            0.09411526471376419,
            -0.844954252243042,
            -0.11415401101112366
        ],
        [
            0.09497451782226562,
            -0.8479884266853333,
            -0.11680976301431656
        ],
        [
            0.09195243567228317,
            -0.8449172973632812,
            -0.11931203305721283
        ],
        [
            0.09041652083396912,
            -0.8427183032035828,
            -0.11614383012056351
        ],
        [
            0.09265666455030441,
            -0.8566591739654541,
            -0.1172470897436142
        ],
        [
            0.08977735787630081,
            -0.8596615791320801,
            -0.12389849126338959
        ],
        [
            0.08591333031654358,
            -0.8624376058578491,
            -0.13065877556800842
        ],
        [
            0.08547896146774292,
            -0.8543215990066528,
            -0.1347285658121109
        ],
        [
            0.11557283252477646,
            -0.8258691430091858,
            -0.10375934839248657
        ],
        [
            0.11144281923770905,
            -0.8339855670928955,
            -0.10740159451961517
        ],
        [
            0.10577251762151718,
            -0.8298096656799316,
            -0.10785123705863953
        ],
        [
            0.10974574834108353,
            -0.8233276009559631,
            -0.10549776256084442
        ],
        [
            0.09130815416574478,
            -0.8390481472015381,
            -0.11294832825660706
        ],
        [
            0.0927315428853035,
            -0.8226320743560791,
            -0.11448521167039871
        ],
        [
            0.09354552626609802,
            -0.8264168500900269,
            -0.11449849605560303
        ],
        [
            0.08757513016462326,
            -0.8285634517669678,
            -0.11812488734722137
        ],
        [
            0.08747722208499908,
            -0.8249157667160034,
            -0.11800533533096313
        ],
        [
            0.11851410567760468,
            -0.8100879192352295,
            -0.09589266777038574
        ],
        [
            0.11269094794988632,
            -0.8102791905403137,
            -0.10037727653980255
        ],
        [
            0.11219759285449982,
            -0.8031191825866699,
            -0.09805875271558762
        ],
        [
            0.1173502504825592,
            -0.8015356063842773,
            -0.09235349297523499
        ],
        [
            0.10938812047243118,
            -0.7975273132324219,
            -0.0971028208732605
        ],
        [
            0.11523393541574478,
            -0.7935869693756104,
            -0.08934243023395538
        ],
        [
            0.1045665591955185,
            -0.7809109687805176,
            -0.08987051248550415
        ],
        [
            0.1099584549665451,
            -0.7864034175872803,
            -0.08932629227638245
        ],
        [
            0.10487164556980133,
            -0.7925705909729004,
            -0.09775016456842422
        ],
        [
            0.09891501069068909,
            -0.7885494232177734,
            -0.10101709514856339
        ],
        [
            0.08721014112234116,
            -0.7958756685256958,
            -0.10923163592815399
        ],
        [
            0.08122661709785461,
            -0.7957019805908203,
            -0.1119040995836258
        ],
        [
            0.0842398926615715,
            -0.7828784584999084,
            -0.11045718193054199
        ],
        [
            0.09130227565765381,
            -0.7848676443099976,
            -0.10622619092464447
        ],
        [
            0.09182478487491608,
            -0.8167405128479004,
            -0.11038181185722351
        ],
        [
            0.09572213888168335,
            -0.8160147070884705,
            -0.10763221234083176
        ],
        [
            0.09613053500652313,
            -0.8176298141479492,
            -0.10986845195293427
        ],
        [
            0.09220001101493835,
            -0.8195886015892029,
            -0.11302481591701508
        ],
        [
            0.09918398410081863,
            -0.8150822520256042,
            -0.1058390736579895
        ],
        [
            0.10073345899581909,
            -0.814522385597229,
            -0.10515626519918442
        ],
        [
            0.10069720447063446,
            -0.8159250617027283,
            -0.10632868111133575
        ],
        [
            0.09915190190076828,
            -0.8159899115562439,
            -0.10650023818016052
        ],
        [
            0.0971982404589653,
            -0.8159717321395874,
            -0.10706748813390732
        ],
        [
            0.09594276547431946,
            -0.814233124256134,
            -0.10753686726093292
        ],
        [
            0.09823786467313766,
            -0.8144476413726807,
            -0.10635201632976532
        ],
        [
            0.0922938883304596,
            -0.8141571879386902,
            -0.1102975457906723
        ],
        [
            0.07944627106189728,
            -0.8140478134155273,
            -0.11802297830581665
        ],
        [
            0.08339988440275192,
            -0.8140501379966736,
            -0.1165676862001419
        ],
        [
            0.08265237510204315,
            -0.8185853958129883,
            -0.11545318365097046
        ],
        [
            0.07929833233356476,
            -0.818875789642334,
            -0.11659201979637146
        ],
        [
            0.09918571263551712,
            -0.8180415630340576,
            -0.10811205208301544
        ],
        [
            0.1020202785730362,
            -0.8192659616470337,
            -0.10749701410531998
        ],
        [
            0.09870846569538116,
            -0.8227934837341309,
            -0.11072994768619537
        ],
        [
            0.0971912145614624,
            -0.8201953172683716,
            -0.11025847494602203
        ],
        [
            0.10495377331972122,
            -0.8207756280899048,
            -0.10726338624954224
        ],
        [
            0.10310392081737518,
            -0.8167001008987427,
            -0.10572005808353424
        ],
        [
            0.106175996363163,
            -0.8167043924331665,
            -0.10504510998725891
        ],
        [
            0.09996998310089111,
            -0.8128613233566284,
            -0.10521736741065979
        ],
        [
            0.1023566871881485,
            -0.8106762170791626,
            -0.1038878858089447
        ],
        [
            0.10325852781534195,
            -0.813284158706665,
            -0.1047702357172966
        ],
        [
            0.09994611889123917,
            -0.8078139424324036,
            -0.10439907014369965
        ],
        [
            0.09729501605033875,
            -0.811448335647583,
            -0.10631372034549713
        ],
        [
            0.09353279322385788,
            -0.81037837266922,
            -0.10907074064016342
        ],
        [
            0.08875208348035812,
            -0.809704065322876,
            -0.11259326338768005
        ],
        [
            0.09052018821239471,
            -0.804337739944458,
            -0.10979785025119781
        ],
        [
            0.09583728760480881,
            -0.805639386177063,
            -0.10668085515499115
        ],
        [
            0.10121951252222061,
            -0.8260492086410522,
            -0.10974188148975372
        ],
        [
            0.10731114447116852,
            -0.8118870854377747,
            -0.10293401777744293
        ],
        [
            0.11173905432224274,
            -0.8176515102386475,
            -0.10264568030834198
        ],
        [
            0.10652308166027069,
            -0.8070717453956604,
            -0.10202912986278534
        ],
        [
            0.10390236973762512,
            -0.8029345273971558,
            -0.10181225091218948
        ],
        [
            0.09956346452236176,
            -0.799502968788147,
            -0.10307659208774567
        ],
        [
            0.09348461776971817,
            -0.7974256277084351,
            -0.10618855804204941
        ],
        [
            0.0859825611114502,
            -0.7731703519821167,
            -0.09931907057762146
        ],
        [
            0.09502336382865906,
            -0.7762253284454346,
            -0.09519977867603302
        ],
        [
            0.11950348317623138,
            -0.8945798873901367,
            -0.10860822349786758
        ],
        [
            0.12796922028064728,
            -0.8919611573219299,
            -0.10636730492115021
        ],
        [
            0.12733794748783112,
            -0.884014904499054,
            -0.10193030536174774
        ],
        [
            0.12960077822208405,
            -0.8863463401794434,
            -0.10164054483175278
        ],
        [
            0.12437111884355545,
            -0.8883991241455078,
            -0.10477112978696823
        ],
        [
            0.12351047247648239,
            -0.8857014179229736,
            -0.10425245761871338
        ],
        [
            0.13986527919769287,
            -0.8735955357551575,
            -0.0874265506863594
        ],
        [
            0.1353263407945633,
            -0.8764435052871704,
            -0.09187330305576324
        ],
        [
            0.13511991500854492,
            -0.8724511861801147,
            -0.09055307507514954
        ],
        [
            0.1404740810394287,
            -0.8666601181030273,
            -0.08709369599819183
        ],
        [
            0.12631100416183472,
            -0.8666110634803772,
            -0.09785400331020355
        ],
        [
            0.13083098828792572,
            -0.8669391870498657,
            -0.09457914531230927
        ],
        [
            0.1281004548072815,
            -0.874426007270813,
            -0.09691591560840607
        ],
        [
            0.12485160678625107,
            -0.8742011785507202,
            -0.09938006103038788
        ],
        [
            0.12102726101875305,
            -0.8744863271713257,
            -0.10139486193656921
        ],
        [
            0.11684288084506989,
            -0.8752062320709229,
            -0.10241487622261047
        ],
        [
            0.1161765456199646,
            -0.8698654770851135,
            -0.10221357643604279
        ],
        [
            0.12112222611904144,
            -0.8679770827293396,
            -0.10055508464574814
        ],
        [
            0.11810088157653809,
            -0.8907797336578369,
            -0.10589654743671417
        ],
        [
            0.11090346425771713,
            -0.89110267162323,
            -0.10530250519514084
        ],
        [
            0.11174619197845459,
            -0.8878883123397827,
            -0.10500174015760422
        ],
        [
            0.11789264529943466,
            -0.8874698877334595,
            -0.1057770699262619
        ],
        [
            0.10081437230110168,
            -0.8827658891677856,
            -0.09983217716217041
        ],
        [
            0.10239806771278381,
            -0.8851222991943359,
            -0.10080252587795258
        ],
        [
            0.09913159161806107,
            -0.8871495723724365,
            -0.10187652707099915
        ],
        [
            0.09752281755208969,
            -0.8827353715896606,
            -0.10120297968387604
        ],
        [
            0.09922011196613312,
            -0.8793569803237915,
            -0.10146591812372208
        ],
        [
            0.10175324976444244,
            -0.8808886408805847,
            -0.10038068890571594
        ],
        [
            0.13116838037967682,
            -0.9465421438217163,
            -0.09629987180233002
        ],
        [
            0.12292514741420746,
            -0.9314159750938416,
            -0.1059952974319458
        ],
        [
            0.14520613849163055,
            -0.9361689686775208,
            -0.08526139706373215
        ],
        [
            0.15340326726436615,
            -0.9235755801200867,
            -0.07533000409603119
        ],
        [
            0.15869663655757904,
            -0.9083444476127625,
            -0.06670016050338745
        ],
        [
            0.12630663812160492,
            -0.8126654624938965,
            -0.08878429234027863
        ],
        [
            0.12627816200256348,
            -0.8031572103500366,
            -0.08294479548931122
        ],
        [
            0.13513319194316864,
            -0.8081473112106323,
            -0.07095149904489517
        ],
        [
            0.13171501457691193,
            -0.7979958057403564,
            -0.06599176675081253
        ],
        [
            0.12305036932229996,
            -0.7930009365081787,
            -0.07905172556638718
        ],
        [
            0.10770945996046066,
            -0.7767829895019531,
            -0.07595696300268173
        ],
        [
            0.11685775220394135,
            -0.7836191058158875,
            -0.07670921087265015
        ],
        [
            0.12551002204418182,
            -0.7885663509368896,
            -0.060009829699993134
        ],
        [
            0.1346505731344223,
            -0.7986334562301636,
            -0.04468998312950134
        ],
        [
            0.13882744312286377,
            -0.8057220578193665,
            -0.05335528403520584
        ],
        [
            0.14121638238430023,
            -0.8124606609344482,
            -0.03163444250822067
        ],
        [
            0.12913420796394348,
            -0.7915811538696289,
            -0.032230377197265625
        ],
        [
            0.13850970566272736,
            -0.8113725185394287,
            -0.022701911628246307
        ],
        [
            0.11031423509120941,
            -0.7572339773178101,
            -0.03431733697652817
        ],
        [
            0.1111379936337471,
            -0.7452638149261475,
            -0.028839662671089172
        ],
        [
            0.12125197052955627,
            -0.7504955530166626,
            -0.014851056039333344
        ],
        [
            0.12199831753969193,
            -0.7620863914489746,
            -0.02050667442381382
        ],
        [
            0.1411566138267517,
            -0.8144038319587708,
            -0.0612407885491848
        ],
        [
            0.15473294258117676,
            -0.8769387602806091,
            -0.0648699402809143
        ],
        [
            0.15019598603248596,
            -0.8781083822250366,
            -0.07610094547271729
        ],
        [
            0.15447689592838287,
            -0.8636159896850586,
            -0.06238241866230965
        ],
        [
            0.16809894144535065,
            -0.9331504106521606,
            -0.043229274451732635
        ],
        [
            0.16218897700309753,
            -0.9307660460472107,
            -0.060668669641017914
        ],
        [
            0.16600210964679718,
            -0.9138514995574951,
            -0.054828744381666183
        ],
        [
            0.17178255319595337,
            -0.9183027744293213,
            -0.03898318111896515
        ],
        [
            0.1462489664554596,
            -0.9718338251113892,
            -0.04894494265317917
        ],
        [
            0.1410791426897049,
            -0.9619166851043701,
            -0.07444971799850464
        ],
        [
            0.15127518773078918,
            -0.9477035999298096,
            -0.06795874983072281
        ],
        [
            0.15729960799217224,
            -0.9552114009857178,
            -0.04756854102015495
        ],
        [
            0.17432574927806854,
            -0.9186172485351562,
            -0.025721894577145576
        ],
        [
            0.17584063112735748,
            -0.9183477163314819,
            -0.0070663876831531525
        ],
        [
            0.17480064928531647,
            -0.9343287944793701,
            0.000677548348903656
        ],
        [
            0.1719689667224884,
            -0.9364194273948669,
            -0.021719040349125862
        ],
        [
            0.16607291996479034,
            -0.9553622007369995,
            0.008890464901924133
        ],
        [
            0.16322192549705505,
            -0.9582382440567017,
            -0.01854662597179413
        ],
        [
            0.13445721566677094,
            -0.7979814410209656,
            -0.011466505005955696
        ],
        [
            0.13919572532176971,
            -0.8154984712600708,
            -0.009575874544680119
        ],
        [
            0.12296102195978165,
            -0.7762724161148071,
            -0.027655266225337982
        ],
        [
            0.13049845397472382,
            -0.7821575999259949,
            -0.010798103176057339
        ],
        [
            0.15065997838974,
            -0.9724098443984985,
            0.015368703752756119
        ],
        [
            0.14875158667564392,
            -0.9773358106613159,
            -0.01683470979332924
        ],
        [
            0.1630263775587082,
            -0.8952405452728271,
            0.040860626846551895
        ],
        [
            0.16875144839286804,
            -0.9126712083816528,
            0.03359032794833183
        ],
        [
            0.17198172211647034,
            -0.9001955986022949,
            0.017147764563560486
        ],
        [
            0.16689473390579224,
            -0.8855626583099365,
            0.026094824075698853
        ],
        [
