{
    "pred_cam": [
        1.1940850019454956,
        -0.006350992247462273,
        0.20742374658584595
    ],
    "pred_smpl_params": {
        "global_orient": [
            [
                [
                    0.9917316436767578,
                    0.08211789280176163,
                    0.0986153781414032
                ],
                [
                    0.0858033150434494,
                    -0.9957411289215088,
                    -0.03372383862733841
                ],
                [
                    0.09542606770992279,
                    0.04190652444958687,
                    -0.9945539832115173
                ]
            ]
        ],
        "body_pose": [
            [
                [
                    0.9966428279876709,
                    -0.053713731467723846,
                    -0.06178828701376915
                ],
                [
                    0.07096497714519501,
                    0.9431198835372925,
                    0.324790358543396
                ],
                [
                    0.04082806035876274,
                    -0.3280848264694214,
                    0.9437654614448547
                ]
            ],
            [
                [
                    0.9992009997367859,
                    0.03993818536400795,
                    -0.0015188140096142888
                ],
                [
                    -0.03821926191449165,
                    0.9659297466278076,
                    0.2559666931629181
                ],
                [
                    0.011689914390444756,
                    -0.2557041049003601,
                    0.9666844010353088
                ]
            ],
            [
                [
                    0.9975911974906921,
                    0.04932227358222008,
                    0.04877649247646332
                ],
                [
                    -0.039703406393527985,
                    0.9825800657272339,
                    -0.1815490424633026
                ],
                [
                    -0.05688122287392616,
                    0.17917512357234955,
                    0.9821714758872986
                ]
            ],
            [
                [
                    0.9879429936408997,
                    -0.027371995151042938,
                    -0.15237893164157867
                ],
                [
                    -0.12441083043813705,
                    0.44543689489364624,
                    -0.886627197265625
                ],
                [
                    0.09214397519826889,
                    0.8948947787284851,
                    0.43666088581085205
                ]
            ],
            [
                [
                    0.9857791066169739,
                    -0.0991692841053009,
                    0.13566501438617706
                ],
                [
                    0.16734692454338074,
                    0.6528918147087097,
                    -0.7387335896492004
                ],
                [
                    -0.015314905904233456,
                    0.7509312629699707,
                    0.6602028012275696
                ]
            ],
            [
                [
                    0.9984835386276245,
                    -0.006447264924645424,
                    0.05467171221971512
                ],
                [
                    0.0042679947800934315,
                    0.9991951584815979,
                    0.0398845374584198
                ],
                [
                    -0.054884858429431915,
                    -0.03959071636199951,
                    0.9977074265480042
                ]
            ],
            [
                [
                    0.9830049872398376,
                    0.019350094720721245,
                    0.182556614279747
                ],
                [
                    -0.03989759087562561,
                    0.9931788444519043,
                    0.10956257581710815
                ],
                [
                    -0.17919132113456726,
                    -0.11498409509658813,
                    0.9770717620849609
                ]
            ],
            [
                [
                    0.9840933084487915,
                    0.014271941035985947,
                    -0.1770782768726349
                ],
                [
                    -0.004095721524208784,
                    0.9983254671096802,
                    0.05770038813352585
                ],
                [
                    0.1776052862405777,
                    -0.05605730041861534,
                    0.9825038909912109
                ]
            ],
            [
                [
                    0.9991341233253479,
                    -0.014642472378909588,
                    0.03894410654902458
                ],
                [
                    0.01690838672220707,
                    0.9981439113616943,
                    -0.058505672961473465
                ],
                [
                    -0.038015153259038925,
                    0.05911349505186081,
                    0.9975272417068481
                ]
            ],
            [
                [
                    0.9910661578178406,
                    -0.1032274141907692,
                    -0.08445139974355698
                ],
                [
                    0.11629436910152435,
                    0.978857159614563,
                    0.16826876997947693
                ],
                [
                    0.06529589742422104,
                    -0.17658670246601105,
                    0.9821169972419739
                ]
            ],
            [
                [
                    0.9938666820526123,
                    0.10951501131057739,
                    -0.015341357327997684
                ],
                [
                    -0.10517264902591705,
                    0.9789568185806274,
                    0.1748778223991394
                ],
                [
                    0.03417027369141579,
                    -0.1721917688846588,
                    0.984470546245575
                ]
            ],
            [
                [
                    0.9794307351112366,
                    0.07807976007461548,
                    -0.18606218695640564
                ],
                [
                    -0.04572928324341774,
                    0.9839982986450195,
                    0.17220960557460785
                ],
                [
                    0.19653096795082092,
                    -0.16015885770320892,
                    0.9673287272453308
                ]
            ],
            [
                [
                    0.8981971144676208,
                    0.4394517242908478,
                    0.011136054061353207
                ],
                [
                    -0.4388312101364136,
                    0.8978438973426819,
                    -0.03610481321811676
                ],
                [
                    -0.02586475946009159,
                    0.027542397379875183,
                    0.9992859363555908
                ]
            ],
            [
                [
                    0.8913545608520508,
                    -0.4502512812614441,
                    0.052543263882398605
                ],
                [
                    0.4521616995334625,
                    0.8913435935974121,
                    -0.03250347822904587
                ],
                [
                    -0.03219936415553093,
                    0.05273017659783363,
                    0.9980895519256592
                ]
            ],
            [
                [
                    0.9878179430961609,
                    -0.02930460311472416,
                    -0.15282973647117615
                ],
                [
                    0.007698078639805317,
                    0.9901084303855896,
                    -0.1400933563709259
                ],
                [
                    0.1554233729839325,
                    0.13721024990081787,
                    0.9782724380493164
                ]
            ],
            [
                [
                    0.47251811623573303,
                    0.8435323238372803,
                    -0.2553032338619232
                ],
                [
                    -0.8780985474586487,
                    0.4753533899784088,
                    -0.05460783466696739
                ],
                [
                    0.07529577612876892,
                    0.24998460710048676,
                    0.9653176069259644
                ]
            ],
            [
                [
                    0.5463511943817139,
                    -0.8161409497261047,
                    0.18818695843219757
                ],
                [
                    0.8352972865104675,
                    0.547436535358429,
                    -0.05090863257646561
                ],
                [
                    -0.06147179380059242,
                    0.1850060522556305,
                    0.9808129072189331
                ]
            ],
            [
                [
                    0.8639726638793945,
                    -0.16673265397548676,
                    -0.4751330316066742
                ],
                [
                    0.0939430445432663,
                    0.9803937077522278,
                    -0.1732134222984314
                ],
                [
                    0.49469777941703796,
                    0.10501623153686523,
                    0.8626967072486877
                ]
            ],
            [
                [
                    0.9246521592140198,
                    0.119906947016716,
                    0.3614423871040344
                ],
                [
                    -0.05838477239012718,
                    0.9825504422187805,
                    -0.17659515142440796
                ],
                [
                    -0.3763103485107422,
                    0.14218637347221375,
                    0.9155181050300598
                ]
            ],
            [
                [
                    0.9986026883125305,
                    0.027546269819140434,
                    0.045099787414073944
                ],
                [
                    -0.026777027174830437,
                    0.9994869232177734,
                    -0.017572885379195213
                ],
                [
                    -0.04556071758270264,
                    0.01634068973362446,
                    0.9988279342651367
                ]
            ],
            [
                [
                    0.9980137348175049,
                    -0.026547158136963844,
                    -0.05713053420186043
                ],
                [
                    0.019734367728233337,
                    0.992974579334259,
                    -0.11667072772979736
                ],
                [
                    0.05982644110918045,
                    0.11531154066324234,
                    0.991526186466217
                ]
            ],
            [
                [
                    0.9659459590911865,
                    0.23132334649562836,
                    -0.11592193692922592
                ],
                [
                    -0.21418817341327667,
                    0.9662195444107056,
                    0.1433287262916565
                ],
                [
                    0.14516133069992065,
                    -0.11361869424581528,
                    0.9828625917434692
                ]
            ],
            [
                [
                    0.9711728096008301,
                    -0.2310047149658203,
                    0.05882491171360016
                ],
                [
                    0.21451501548290253,
                    0.9545458555221558,
                    0.2069433033466339
                ],
                [
                    -0.103955939412117,
                    -0.1883588582277298,
                    0.976582944393158
                ]
            ]
        ],
        "betas": [
            -0.04239444434642792,
            0.007336676120758057,
            -0.04316017031669617,
            0.07969331741333008,
            0.016534894704818726,
            0.07101592421531677,
            -0.02628752589225769,
            -0.08549338579177856,
            0.11294112354516983,
            -0.09728619456291199
        ]
    },
    "pred_cam_t": [
        -0.006350992247462273,
        0.20742374658584595,
        32.71333312988281
    ],
    "focal_length": [
        5000.0,
        5000.0
    ],
    "pred_keypoints_3d": [
        [
            0.0688360333442688,
            -0.8436422348022461,
            -0.13750024139881134
        ],
        [
            0.05706001818180084,
            -0.7288515567779541,
            0.01831434853374958
        ],
        [
            -0.13048893213272095,
            -0.6389089226722717,
            -0.007582379505038261
        ],
        [
            -0.18636833131313324,
            -0.39557555317878723,
            0.04123283177614212
        ],
        [
            -0.21941474080085754,
            -0.15228775143623352,
            -0.027698494493961334
        ],
        [
            0.21321934461593628,
            -0.610895037651062,
            0.07764376699924469
        ],
        [
            0.178874671459198,
            -0.35950955748558044,
            0.13773982226848602
        ],
        [
            0.19047591090202332,
            -0.12968435883522034,
            0.04259016364812851
        ],
        [
            -0.0018615792505443096,
            -0.22353002429008484,
            0.027913682162761688
        ],
        [
            -0.0765077993273735,
            -0.13918942213058472,
            0.02222794108092785
        ],
        [
            -0.15077102184295654,
            0.22038722038269043,
            -0.08649894595146179
        ],
        [
            -0.16064712405204773,
            0.533899188041687,
            0.1600998044013977
        ],
        [
            0.05854190140962601,
            -0.12647071480751038,
            0.03775113448500633
        ],
        [
            0.09535323083400726,
            0.22378140687942505,
            -0.09106041491031647
        ],
        [
            0.07855843007564545,
            0.4859161674976349,
            0.2088911384344101
        ],
        [
            0.04581187292933464,
            -0.8868468999862671,
            -0.09953965246677399
        ],
        [
            0.11098332703113556,
            -0.8773994445800781,
            -0.10823225229978561
        ],
        [
            0.01483939215540886,
            -0.8736748695373535,
            -0.001844700425863266
        ],
        [
            0.15833041071891785,
            -0.8527555465698242,
            -0.020300254225730896
        ],
        [
            0.0785788968205452,
            0.638636589050293,
            0.08439546823501587
        ],
        [
            0.145377978682518,
            0.6190032958984375,
            0.1305028200149536
        ],
        [
            0.08443465083837509,
            0.47716498374938965,
            0.27863234281539917
        ],
        [
            -0.15752345323562622,
            0.667279064655304,
            0.012221932411193848
        ],
        [
            -0.22952082753181458,
            0.6464430093765259,
            0.055551111698150635
        ],
        [
            -0.1688690185546875,
            0.544684648513794,
            0.2318730652332306
        ],
        [
            -0.18186557292938232,
            0.4773709177970886,
            0.155413419008255
        ],
        [
            -0.14146551489830017,
            0.16028299927711487,
            -0.08210386335849762
        ],
        [
            -0.1457587480545044,
            -0.268868088722229,
            0.0266667939722538
        ],
        [
            0.14284801483154297,
            -0.22764131426811218,
            0.06902248412370682
        ],
        [
            0.10593658685684204,
            0.18799760937690735,
            -0.08688171207904816
        ],
        [
            0.08928873389959335,
            0.44384485483169556,
            0.20601966977119446
        ],
        [
            -0.19888252019882202,
            -0.17394059896469116,
            -0.04723893478512764
        ],
        [
            -0.20704102516174316,
            -0.41382190585136414,
            0.01197719480842352
        ],
        [
            -0.0938587635755539,
            -0.6724992394447327,
            0.001022272976115346
        ],
        [
            0.18659403920173645,
            -0.647325873374939,
            0.07132123410701752
        ],
        [
            0.22243747115135193,
            -0.3754885196685791,
            0.11439347267150879
        ],
        [
            0.198762446641922,
            -0.1470475196838379,
            0.0348525196313858
        ],
        [
            0.05863575637340546,
            -0.7160047292709351,
            0.01770051382482052
        ],
        [
            0.09648856520652771,
            -0.9156760573387146,
            -0.02478792890906334
        ],
        [
            -0.0009235789766535163,
            -0.24839664995670319,
            0.048125144094228745
        ],
        [
            0.046161241829395294,
            -0.6587725877761841,
            0.032101258635520935
        ],
        [
            0.024739569053053856,
            -0.4884507954120636,
            0.053186677396297455
        ],
        [
            0.08041917532682419,
            -0.810742199420929,
            -0.06466392427682877
        ],
        [
            0.09513574838638306,
            -0.9347048401832581,
            -0.014620557427406311
        ]
    ],
    "pred_vertices": [
        [
            0.1292906105518341,
            -0.921172022819519,
            -0.10722175240516663
        ],
        [
            0.12057649344205856,
            -0.9084399938583374,
            -0.11347076296806335
        ],
        [
            0.13172411918640137,
            -0.9027434587478638,
            -0.10656852275133133
        ],
        [
            0.1402195394039154,
            -0.9118462204933167,
            -0.09711234271526337
        ],
        [
            0.1258019208908081,
            -0.8947936296463013,
            -0.11199641227722168
        ],
        [
            0.11549264937639236,
            -0.8981493711471558,
            -0.11754488945007324
        ],
        [
            0.1386507749557495,
            -0.8951241374015808,
            -0.09722166508436203
        ],
        [
            0.1460946649312973,
            -0.9004402160644531,
            -0.08705355226993561
        ],
        [
            0.14007696509361267,
            -0.8584529757499695,
            -0.08851142972707748
        ],
        [
            0.14413674175739288,
            -0.8526347875595093,
            -0.07972829043865204
        ],
        [
            0.14590898156166077,
            -0.8644883036613464,
            -0.08070939779281616
        ],
        [
            0.14011730253696442,
            -0.8672748804092407,
            -0.08886130154132843
        ],
        [
            0.1355934739112854,
            -0.8325027227401733,
            -0.086126908659935
        ],
        [
            0.127344012260437,
            -0.8250455856323242,
            -0.09421837329864502
        ],
        [
            0.129156231880188,
            -0.8150248527526855,
            -0.08514439314603806
        ],
        [
            0.13620521128177643,
            -0.8222067356109619,
            -0.07619646191596985
        ],
        [
            0.09525887668132782,
            -0.8455767035484314,
            -0.1133459210395813
        ],
        [
            0.09980399161577225,
            -0.8381789922714233,
            -0.11316651105880737
        ],
        [
            0.10460950434207916,
            -0.8440911769866943,
            -0.11234375089406967
        ],
        [
            0.09927141666412354,
            -0.8508221507072449,
            -0.11223559081554413
        ],
        [
            0.08696103096008301,
            -0.856895387172699,
            -0.11806455254554749
        ],
        [
            0.08910845965147018,
            -0.8619371652603149,
            -0.11454778909683228
        ],
        [
            0.08451324701309204,
            -0.8668797016143799,
            -0.11889010667800903
        ],
        [
            0.0830046683549881,
            -0.8610524535179138,
            -0.1236163005232811
        ],
        [
            0.08915244042873383,
            -0.8412268161773682,
            -0.11319614946842194
        ],
        [
            0.09415768831968307,
            -0.833504855632782,
            -0.11275580525398254
        ],
        [
            0.09130346029996872,
            -0.8520572185516357,
            -0.11418665200471878
        ],
        [
            0.08849575370550156,
            -0.8479160666465759,
            -0.1164788156747818
        ],
        [
            0.08374476432800293,
            -0.8431663513183594,
            -0.12684494256973267
        ],
        [
            0.08604194223880768,
            -0.8474563360214233,
            -0.1252693235874176
        ],
        [
            0.0821944996714592,
            -0.849634051322937,
            -0.13178901374340057
        ],
        [
            0.08023891597986221,
            -0.8443247079849243,
            -0.13124367594718933
        ],
        [
            0.0870509147644043,
            -0.8414128422737122,
            -0.11790350824594498
        ],
        [
            0.08776097744703293,
            -0.84438157081604,
            -0.1206597164273262
        ],
        [
            0.0846470445394516,
            -0.8412312269210815,
            -0.12293879687786102
        ],
        [
            0.08328097313642502,
            -0.839112401008606,
            -0.11964952945709229
        ],
        [
            0.0854005292057991,
            -0.8530255556106567,
            -0.12118014693260193
        ],
        [
            0.08219697326421738,
            -0.8558597564697266,
            -0.1277313530445099
        ],
        [
            0.0780097171664238,
            -0.8584638833999634,
            -0.13433951139450073
        ],
        [
            0.07743364572525024,
            -0.8502869606018066,
            -0.13820955157279968
        ],
        [
            0.10909789800643921,
            -0.8225952386856079,
            -0.10820406675338745
        ],
        [
            0.10473314672708511,
            -0.8306164741516113,
            -0.11183981597423553
        ],
        [
            0.09909101575613022,
            -0.8264210820198059,
            -0.1118762195110321
        ],
        [
            0.10320688784122467,
            -0.8200067281723022,
            -0.10957566648721695
        ],
        [
            0.0843648761510849,
            -0.8355354070663452,
            -0.11641508340835571
        ],
        [
            0.08579815179109573,
            -0.8191417455673218,
            -0.11760213971138
        ],
        [
            0.08658620715141296,
            -0.8229135870933533,
            -0.11775092780590057
        ],
        [
            0.08043863624334335,
            -0.8249596357345581,
            -0.12112779915332794
        ],
        [
            0.0803709328174591,
            -0.8213322758674622,
            -0.1209205910563469
        ],
        [
            0.11248212307691574,
            -0.8070148229598999,
            -0.10012918710708618
        ],
        [
            0.1064433753490448,
            -0.8070975542068481,
            -0.1043035164475441
        ],
        [
            0.10609418153762817,
            -0.800007164478302,
            -0.10178633034229279
        ],
        [
            0.11150971800088882,
            -0.7985690236091614,
            -0.096319779753685
        ],
        [
            0.103338323533535,
            -0.7944650650024414,
            -0.10057565569877625
        ],
        [
            0.10956067591905594,
            -0.7907165288925171,
            -0.09302777051925659
        ],
        [
            0.09895040839910507,
            -0.7780455946922302,
            -0.0927201509475708
        ],
        [
            0.1043255403637886,
            -0.7835507988929749,
            -0.09256839752197266
        ],
        [
            0.09882163256406784,
            -0.7894971370697021,
            -0.10086479783058167
        ],
        [
            0.09271466732025146,
            -0.7854200005531311,
            -0.10372883081436157
        ],
        [
            0.0806422233581543,
            -0.7925130128860474,
            -0.11149834096431732
        ],
        [
            0.0745282843708992,
            -0.7922705411911011,
            -0.11385402083396912
        ],
        [
            0.07765945047140121,
            -0.7795048952102661,
            -0.11227987706661224
        ],
        [
            0.08486110717058182,
            -0.7816240787506104,
            -0.10846919566392899
        ],
        [
            0.08508948981761932,
            -0.8133126497268677,
            -0.11331786215305328
        ],
        [
            0.08912009000778198,
            -0.8126554489135742,
            -0.1107417419552803
        ],
        [
            0.08940944075584412,
            -0.8142139911651611,
            -0.11302913725376129
        ],
        [
            0.08533000946044922,
            -0.8160927295684814,
            -0.11604161560535431
        ],
        [
            0.09266480803489685,
            -0.8117704391479492,
            -0.10910707712173462
        ],
        [
            0.09424448013305664,
            -0.8112328052520752,
            -0.10849182307720184
        ],
        [
            0.0941460058093071,
            -0.8126002550125122,
            -0.1096910908818245
        ],
        [
            0.09256254136562347,
            -0.8126592636108398,
            -0.10977880656719208
        ],
        [
            0.09059100598096848,
            -0.8126285672187805,
            -0.11024847626686096
        ],
        [
            0.08932390064001083,
            -0.8108859658241272,
            -0.11061510443687439
        ],
        [
            0.09169851243495941,
            -0.8111297488212585,
            -0.10955528914928436
        ],
        [
            0.08555310219526291,
            -0.8107437491416931,
            -0.11319620162248611
        ],
        [
            0.07241234928369522,
            -0.8104677200317383,
            -0.12030729651451111
        ],
        [
            0.07640036195516586,
            -0.8104731440544128,
            -0.11903780698776245
        ],
        [
            0.07568138837814331,
            -0.815026581287384,
            -0.11797897517681122
        ],
        [
            0.07230859994888306,
            -0.8153232932090759,
            -0.11897676438093185
        ],
        [
            0.09254026412963867,
            -0.8147051334381104,
            -0.11144761741161346
        ],
        [
            0.09538951516151428,
            -0.8159074783325195,
            -0.11100601404905319
        ],
        [
            0.09190811216831207,
            -0.8193521499633789,
            -0.11415013670921326
        ],
        [
            0.09042952209711075,
            -0.8167723417282104,
            -0.11353011429309845
        ],
        [
            0.09830973297357559,
            -0.8174192905426025,
            -0.11098635196685791
        ],
        [
            0.09657133370637894,
            -0.813395619392395,
            -0.10923238098621368
        ],
        [
            0.09970615804195404,
            -0.8134415149688721,
            -0.10876068472862244
        ],
        [
            0.09348855912685394,
            -0.8095728754997253,
            -0.10847390443086624
        ],
        [
            0.09594683349132538,
            -0.8074219226837158,
            -0.10723401606082916
        ],
        [
            0.0967937558889389,
            -0.8100041151046753,
            -0.10821885615587234
        ],
        [
            0.09352368861436844,
            -0.8045521378517151,
            -0.10754178464412689
        ],
        [
            0.09076829254627228,
            -0.8081369996070862,
            -0.1094006597995758
        ],
        [
            0.08688290417194366,
            -0.8070034980773926,
            -0.11194868385791779
        ],
        [
            0.08195067942142487,
            -0.8062397241592407,
            -0.11522655189037323
        ],
        [
            0.08386930823326111,
            -0.8009549975395203,
            -0.11239579319953918
        ],
        [
            0.08931265026330948,
            -0.8023305535316467,
            -0.10956472158432007
        ],
        [
            0.09448186308145523,
            -0.8226577043533325,
            -0.11340200901031494
        ],
        [
            0.10094527900218964,
            -0.8086411952972412,
            -0.10659914463758469
        ],
        [
            0.1053532287478447,
            -0.8144056797027588,
            -0.10670217126607895
        ],
        [
            0.10021845996379852,
            -0.8038591146469116,
            -0.10553646832704544
        ],
        [
            0.09762472659349442,
            -0.7997369766235352,
            -0.10507961362600327
        ],
        [
            0.09321053326129913,
            -0.796309232711792,
            -0.10604406893253326
        ],
        [
            0.08703360706567764,
            -0.7941350340843201,
            -0.10879800468683243
        ],
        [
            0.07998617738485336,
            -0.7700423002243042,
            -0.10104494541883469
        ],
        [
            0.08915888518095016,
            -0.7732405662536621,
            -0.09746285527944565
        ],
        [
            0.11250005662441254,
            -0.8911702632904053,
            -0.11483272910118103
        ],
        [
            0.12110047787427902,
            -0.8886579275131226,
            -0.11296345293521881
        ],
        [
            0.12068864703178406,
            -0.8808006644248962,
            -0.10832855850458145
        ],
        [
            0.12291029095649719,
            -0.8831032514572144,
            -0.10818499326705933
        ],
        [
            0.1175779178738594,
            -0.8851218223571777,
            -0.11109179258346558
        ],
        [
            0.11674408614635468,
            -0.8824107646942139,
            -0.11050166189670563
        ],
        [
            0.13390439748764038,
            -0.8707900643348694,
            -0.09425824880599976
        ],
        [
            0.12916012108325958,
            -0.8734961152076721,
            -0.09853912889957428
        ],
        [
            0.12904837727546692,
            -0.8695515394210815,
            -0.09711552411317825
        ],
        [
            0.1345718801021576,
            -0.8638763427734375,
            -0.09379325807094574
        ],
        [
            0.11990035325288773,
            -0.8635343313217163,
            -0.1037873700261116
        ],
        [
            0.12457606196403503,
            -0.8639584183692932,
            -0.10076068341732025
        ],
        [
            0.12167444825172424,
            -0.8713542819023132,
            -0.10312772542238235
        ],
        [
            0.1183197870850563,
            -0.8710527420043945,
            -0.10541386157274246
        ],
        [
            0.11440113186836243,
            -0.8712825775146484,
            -0.10723482072353363
        ],
        [
            0.11020264029502869,
            -0.8719648122787476,
            -0.10806912183761597
        ],
        [
            0.10954958945512772,
            -0.8666485548019409,
            -0.10770180076360703
        ],
        [
            0.11456451565027237,
            -0.8648134469985962,
            -0.10625630617141724
        ],
        [
            0.11120423674583435,
            -0.8874431252479553,
            -0.11193665862083435
        ],
        [
            0.10408974438905716,
            -0.887753963470459,
            -0.11099967360496521
        ],
        [
            0.10491003841161728,
            -0.884556233882904,
            -0.11068010330200195
        ],
        [
            0.11100900173187256,
            -0.8841336369514465,
            -0.11177055537700653
        ],
        [
            0.09430760890245438,
            -0.8795202374458313,
            -0.1048474907875061
        ],
        [
            0.09582571685314178,
            -0.881851077079773,
            -0.1059555783867836
        ],
        [
            0.09252095967531204,
            -0.8838181495666504,
            -0.10691145062446594
        ],
        [
            0.09096113592386246,
            -0.8794487714767456,
            -0.10604165494441986
        ],
        [
            0.09265632182359695,
            -0.8760824203491211,
            -0.10630683600902557
        ],
        [
            0.09522546082735062,
            -0.8776455521583557,
            -0.10539300739765167
        ],
        [
            0.12455697357654572,
            -0.9434775710105896,
            -0.10421335697174072
        ],
        [
            0.11600285023450851,
            -0.9281402230262756,
            -0.11328934133052826
        ],
        [
            0.13925999402999878,
            -0.9334220290184021,
            -0.09384773671627045
        ],
        [
            0.14795885980129242,
            -0.9210753440856934,
            -0.08402586728334427
        ],
        [
            0.15368963778018951,
            -0.906093418598175,
            -0.07527686655521393
        ],
        [
            0.12058225274085999,
            -0.8097766637802124,
            -0.09347966313362122
        ],
        [
            0.12086305767297745,
            -0.8004214763641357,
            -0.08741933107376099
        ],
        [
            0.13023258745670319,
            -0.8057512044906616,
            -0.0760066881775856
        ],
        [
            0.12709441781044006,
            -0.7956995368003845,
            -0.07062160223722458
        ],
        [
            0.11784259974956512,
            -0.7903867959976196,
            -0.08312623202800751
        ],
        [
            0.10279157757759094,
            -0.7742164134979248,
            -0.07891964912414551
        ],
        [
            0.11181826144456863,
            -0.781070351600647,
            -0.08026021718978882
        ],
        [
            0.12120983004570007,
            -0.7864440679550171,
            -0.06412321329116821
        ],
        [
            0.13100981712341309,
            -0.7968322038650513,
            -0.049491036683321
        ],
        [
            0.13479368388652802,
            -0.803743302822113,
            -0.058575309813022614
        ],
        [
            0.13812218606472015,
            -0.8109531402587891,
            -0.037089042365550995
        ],
        [
            0.12616074085235596,
            -0.7899855971336365,
            -0.036558058112859726
        ],
        [
            0.13587252795696259,
            -0.8100224137306213,
            -0.027979694306850433
        ],
        [
            0.10751978307962418,
            -0.7556993961334229,
            -0.037146858870983124
        ],
        [
            0.10860426723957062,
            -0.743981122970581,
            -0.031521160155534744
        ],
        [
            0.11915146559476852,
            -0.7494518756866455,
            -0.01801510900259018
        ],
        [
            0.11969646066427231,
            -0.7608304619789124,
            -0.02391652576625347
        ],
        [
            0.13671405613422394,
            -0.8122000694274902,
            -0.0667724758386612
        ],
        [
            0.14989590644836426,
            -0.8746552467346191,
            -0.07248999178409576
        ],
        [
            0.1448052078485489,
            -0.8755947351455688,
            -0.08357155323028564
        ],
        [
            0.14979320764541626,
            -0.8614633083343506,
            -0.06972795724868774
        ],
        [
            0.16426147520542145,
            -0.9314438700675964,
            -0.05286896973848343
        ],
        [
            0.15750356018543243,
            -0.9285786151885986,
            -0.0700313001871109
        ],
        [
            0.16159005463123322,
            -0.9118883013725281,
            -0.06396707147359848
        ],
        [
            0.16814753413200378,
            -0.916745662689209,
            -0.04851873219013214
        ],
        [
            0.14200830459594727,
            -0.9699771404266357,
            -0.05828380957245827
        ],
        [
            0.13551189005374908,
            -0.9594252705574036,
            -0.08324162662029266
        ],
        [
            0.14614982903003693,
            -0.945388913154602,
            -0.07701371610164642
        ],
        [
            0.1531786024570465,
            -0.9534051418304443,
            -0.05712380260229111
        ],
        [
            0.17134082317352295,
            -0.917351484298706,
            -0.03543965891003609
        ],
        [
            0.17379529774188995,
            -0.9174996614456177,
            -0.016894958913326263
        ],
        [
            0.17303456366062164,
            -0.9336599707603455,
            -0.009438525885343552
        ],
        [
            0.16921144723892212,
            -0.9352889060974121,
            -0.031693827360868454
        ],
        [
            0.16461443901062012,
            -0.9547806978225708,
            -0.0012691095471382141
        ],
        [
            0.1604153960943222,
            -0.9570425748825073,
            -0.028483517467975616
        ],
        [
            0.13241267204284668,
            -0.7968425750732422,
            -0.016246292740106583
        ],
        [
            0.13729622960090637,
            -0.814411997795105,
            -0.015053100883960724
        ],
        [
            0.12032301723957062,
            -0.7747900485992432,
            -0.03137099742889404
        ],
        [
            0.1284857541322708,
            -0.7810606956481934,
            -0.01498018205165863
        ],
        [
            0.1494527906179428,
            -0.9719066619873047,
            0.005602248013019562
        ],
        [
            0.14603041112422943,
            -0.9761306047439575,
            -0.02649921551346779
        ],
        [
            0.1633061170578003,
            -0.8954955339431763,
            0.032024092972278595
        ],
        [
            0.1686118096113205,
            -0.9127432703971863,
            0.02412593364715576
        ],
        [
            0.17108154296875,
            -0.8999131321907043,
            0.007851950824260712
        ],
        [
            0.16642042994499207,
            -0.885485827922821,
            0.017369233071804047
        ],
        [
            0.15561743080615997,
