{
    "pred_cam": [
        1.3622781038284302,
        0.12284108251333237,
        0.2803996503353119
    ],
    "pred_smpl_params": {
        "global_orient": [
            [
                [
                    -0.1586914211511612,
                    0.13811379671096802,
                    -0.9776203036308289
                ],
                [
                    0.2853671908378601,
                    -0.9414911866188049,
                    -0.17933161556720734
                ],
                [
                    -0.9451891779899597,
                    -0.3074391484260559,
                    0.10999342799186707
                ]
            ]
        ],
        "body_pose": [
            [
                [
                    0.9907439947128296,
                    0.10645467787981033,
                    0.08422473073005676
                ],
                [
                    -0.11584896594285965,
                    0.9864827394485474,
                    0.11589157581329346
                ],
                [
                    -0.07074903696775436,
                    -0.12457622587680817,
                    0.989684522151947
                ]
            ],
            [
                [
                    0.9862406253814697,
                    0.154455304145813,
                    -0.05893205851316452
                ],
                [
                    -0.15525496006011963,
                    0.9878314733505249,
                    -0.009212990291416645
                ],
                [
                    0.05679194629192352,
                    0.018235718831419945,
                    0.9982194900512695
                ]
            ],
            [
                [
                    0.9944806694984436,
                    -0.09911252558231354,
                    0.034424278885126114
                ],
                [
                    0.10340449213981628,
                    0.9814291596412659,
                    -0.1615680307149887
                ],
                [
                    -0.017771583050489426,
                    0.1642358899116516,
                    0.9862610101699829
                ]
            ],
            [
                [
                    0.9745012521743774,
                    0.20466715097427368,
                    0.0919710323214531
                ],
                [
                    -0.19347982108592987,
                    0.9740411043167114,
                    -0.11751417815685272
                ],
                [
                    -0.11363484710454941,
                    0.09672317653894424,
                    0.9888032674789429
                ]
            ],
            [
                [
                    0.9891104698181152,
                    0.09108183532953262,
                    0.11560557782649994
                ],
                [
                    -0.08768562227487564,
                    0.9955629706382751,
                    -0.03414132446050644
                ],
                [
                    -0.11820228397846222,
                    0.02363259345293045,
                    0.9927083253860474
                ]
            ],
            [
                [
                    0.9993305206298828,
                    -0.03432473912835121,
                    0.01265877578407526
                ],
                [
                    0.03493614122271538,
                    0.998049259185791,
                    -0.05174065753817558
                ],
                [
                    -0.010858097113668919,
                    0.05214827135205269,
                    0.998580276966095
                ]
            ],
            [
                [
                    0.9910193681716919,
                    0.04217081889510155,
                    0.12689504027366638
                ],
                [
                    -0.040784403681755066,
                    0.9990767240524292,
                    -0.01350549515336752
                ],
                [
                    -0.1273474097251892,
                    0.008208870887756348,
                    0.9918242692947388
                ]
            ],
            [
                [
                    0.9849494099617004,
                    -0.020948700606822968,
                    -0.17156893014907837
                ],
                [
                    0.02586766704916954,
                    0.9993144273757935,
                    0.026485005393624306
                ],
                [
                    0.1708965003490448,
                    -0.03052447736263275,
                    0.9848160743713379
                ]
            ],
            [
                [
                    0.9996556043624878,
                    -0.013882380910217762,
                    0.022270549088716507
                ],
                [
                    0.015229678712785244,
                    0.9979899525642395,
                    -0.06151418387889862
                ],
                [
                    -0.02137182280421257,
                    0.06183217093348503,
                    0.9978576898574829
                ]
            ],
            [
                [
                    0.9898791909217834,
                    -0.08307015895843506,
                    0.11505910009145737
                ],
                [
                    0.0870404914021492,
                    0.9957556128501892,
                    -0.029914967715740204
                ],
                [
                    -0.11208567768335342,
                    0.03962700068950653,
                    0.992908239364624
                ]
            ],
            [
                [
                    0.9982745051383972,
                    0.058641672134399414,
                    0.0030324989929795265
                ],
                [
                    -0.05871580168604851,
                    0.9962509870529175,
                    0.06353326886892319
                ],
                [
                    0.0007045672973617911,
                    -0.06360170245170593,
                    0.9979751706123352
                ]
            ],
            [
                [
                    0.9359981417655945,
                    -0.10292896628379822,
                    0.3366202414035797
                ],
                [
                    0.1349335014820099,
                    0.9881588220596313,
                    -0.07304180413484573
                ],
                [
                    -0.3251161277294159,
                    0.11378833651542664,
                    0.9388033747673035
                ]
            ],
            [
                [
                    0.9007468223571777,
                    0.3562825620174408,
                    -0.24843089282512665
                ],
                [
                    -0.3484025001525879,
                    0.9342127442359924,
                    0.0765657052397728
                ],
                [
                    0.25936633348464966,
                    0.01758762262761593,
                    0.965618908405304
                ]
            ],
            [
                [
                    0.9447206258773804,
                    -0.2508878707885742,
                    0.2110878974199295
                ],
                [
                    0.2461319863796234,
                    0.9679993987083435,
                    0.04895265772938728
                ],
                [
                    -0.21661455929279327,
                    0.005708890035748482,
                    0.9762405157089233
                ]
            ],
            [
                [
                    0.9615910649299622,
                    0.09142155945301056,
                    0.25881442427635193
                ],
                [
                    0.003546890802681446,
                    0.9386870265007019,
                    -0.34475234150886536
                ],
                [
                    -0.2744635045528412,
                    0.3324286937713623,
                    0.9023088216781616
                ]
            ],
            [
                [
                    0.6159356832504272,
                    0.6734408736228943,
                    -0.4087795317173004
                ],
                [
                    -0.7030495405197144,
                    0.7040066719055176,
                    0.10047861933708191
                ],
                [
                    0.35544994473457336,
                    0.22550389170646667,
                    0.907085120677948
                ]
            ],
            [
                [
                    0.5593051314353943,
                    -0.6049553751945496,
                    0.5667510032653809
                ],
                [
                    0.7240128517150879,
                    0.6894535422325134,
                    0.021428387612104416
                ],
                [
                    -0.40371173620224,
                    0.3983500003814697,
                    0.8236103653907776
                ]
            ],
            [
                [
                    0.614007830619812,
                    -0.1234615221619606,
                    -0.7795842289924622
                ],
                [
                    0.03953384980559349,
                    0.9912616014480591,
                    -0.12584729492664337
                ],
                [
                    0.7883092164993286,
                    0.04645126685500145,
                    0.6135233044624329
                ]
            ],
            [
                [
                    -0.07801780849695206,
                    0.3316672742366791,
                    0.9401649832725525
                ],
                [
                    -5.518624311662279e-05,
                    0.9430379271507263,
                    -0.3326853811740875
                ],
                [
                    -0.9969519972801208,
                    -0.026007259264588356,
                    -0.07355544716119766
                ]
            ],
            [
                [
                    0.9880513548851013,
                    -0.13368666172027588,
                    -0.07669668644666672
                ],
                [
                    0.13596034049987793,
                    0.9903935194015503,
                    0.02520832046866417
                ],
                [
                    0.07258988171815872,
                    -0.03533482179045677,
                    0.9967357516288757
                ]
            ],
            [
                [
                    0.9825960397720337,
                    0.12117044627666473,
                    0.1407930999994278
                ],
                [
                    -0.14743982255458832,
                    0.9697868227958679,
                    0.19435827434062958
                ],
                [
                    -0.11298879981040955,
                    -0.21173419058322906,
                    0.9707740545272827
                ]
            ],
            [
                [
                    0.9846843481063843,
                    0.15791860222816467,
                    -0.07388126105070114
                ],
                [
                    -0.14832887053489685,
                    0.9815056324005127,
                    0.12101715058088303
                ],
                [
                    0.09162574261426926,
                    -0.10820497572422028,
                    0.9898971319198608
                ]
            ],
            [
                [
                    0.9777229428291321,
                    -0.1967421919107437,
                    0.07314599305391312
                ],
                [
                    0.18840840458869934,
                    0.9762089848518372,
                    0.1073233038187027
                ],
                [
                    -0.09252079576253891,
                    -0.09115114063024521,
                    0.9915298223495483
                ]
            ]
        ],
        "betas": [
            -0.14641526341438293,
            -0.14539098739624023,
            0.29945823550224304,
            0.7217576503753662,
            0.2045648843050003,
            -0.0238703154027462,
            -0.03627774119377136,
            -0.003273218870162964,
            0.05143934488296509,
            -0.018391847610473633
        ]
    },
    "pred_cam_t": [
        0.12284108251333237,
        0.2803996503353119,
        28.674394607543945
    ],
    "focal_length": [
        5000.0,
        5000.0
    ],
    "pred_keypoints_3d": [
        [
            -0.14185205101966858,
            -0.7863214015960693,
            -0.14443480968475342
        ],
        [
            0.02539723366498947,
            -0.7327324748039246,
            -0.07415967434644699
        ],
        [
            0.036808520555496216,
            -0.6679531335830688,
            0.11749796569347382
        ],
        [
            -0.03658434748649597,
            -0.4563239812850952,
            0.22762781381607056
        ],
        [
            -0.2252153754234314,
            -0.4819389879703522,
            0.06527076661586761
        ],
        [
            -0.004303790628910065,
            -0.6089345216751099,
            -0.23388366401195526
        ],
        [
            -0.08183988183736801,
            -0.3657134175300598,
            -0.25356197357177734
        ],
        [
            -0.2958734929561615,
            -0.2916141748428345,
            -0.16106320917606354
        ],
        [
            -0.002159286057576537,
            -0.23019835352897644,
            0.02780483476817608
        ],
        [
            0.0003516154829412699,
            -0.1633802354335785,
            0.11841879785060883
        ],
        [
            -0.018107306212186813,
            0.15507373213768005,
            0.31647995114326477
        ],
        [
            0.0022335443645715714,
            0.4977840483188629,
            0.5018442869186401
        ],
        [
            -0.01896394044160843,
            -0.12327035516500473,
            -0.00979156605899334
        ],
        [
            -0.10679620504379272,
            0.21149858832359314,
            0.11279541254043579
        ],
        [
            -0.11000380665063858,
            0.5165513157844543,
            0.3553240895271301
        ],
        [
            -0.14600127935409546,
            -0.8319632411003113,
            -0.10333626717329025
        ],
        [
            -0.1161477267742157,
            -0.8387514352798462,
            -0.16252553462982178
        ],
        [
            -0.08210745453834534,
            -0.8511710166931152,
            -0.020184345543384552
        ],
        [
            -0.018187731504440308,
            -0.8665149211883545,
            -0.15429195761680603
        ],
        [
            -0.30737897753715515,
            0.5585132241249084,
            0.367897629737854
        ],
        [
            -0.2512144446372986,
            0.6006130576133728,
            0.32281652092933655
        ],
        [
            -0.05544228479266167,
            0.5476192235946655,
            0.37816810607910156
        ],
        [
            -0.18787047266960144,
            0.507569432258606,
            0.5538371205329895
        ],
        [
            -0.12729284167289734,
            0.4829722046852112,
            0.6134286522865295
        ],
        [
            0.054667845368385315,
            0.5438349843025208,
            0.5155688524246216
        ],
        [
            0.03538242727518082,
            0.44790005683898926,
            0.49001461267471313
        ],
        [
            -0.014490509405732155,
            0.09810097515583038,
            0.2818774878978729
        ],
        [
            0.032419491559267044,
            -0.30107438564300537,
            0.15314660966396332
        ],
        [
            0.0010274327360093594,
            -0.19911284744739532,
            -0.1180354505777359
        ],
        [
            -0.0980442613363266,
            0.1772322803735733,
            0.08405842632055283
        ],
        [
            -0.08156038075685501,
            0.49490824341773987,
            0.32898953557014465
        ],
        [
            -0.19372907280921936,
            -0.5073145627975464,
            0.06572234630584717
        ],
        [
            -0.056859467178583145,
            -0.4956521987915039,
            0.233839213848114
        ],
        [
            0.03231286630034447,
            -0.6911231279373169,
            0.08000977337360382
        ],
        [
            0.009074393659830093,
            -0.6465673446655273,
            -0.21618033945560455
        ],
        [
            -0.10960625857114792,
            -0.40432941913604736,
            -0.27455323934555054
        ],
        [
            -0.2926517426967621,
            -0.31316515803337097,
            -0.16917258501052856
        ],
        [
            0.017331907525658607,
            -0.7234776020050049,
            -0.07683087885379791
        ],
        [
            -0.08278988301753998,
            -0.9022296667098999,
            -0.10238993167877197
        ],
        [
            0.016591830179095268,
            -0.2505837678909302,
            0.016700316220521927
        ],
        [
            0.019968030974268913,
            -0.6658293008804321,
            -0.06578823924064636
        ],
        [
            0.05225212872028351,
            -0.49203407764434814,
            -0.03890000656247139
        ],
        [
            -0.0670086070895195,
            -0.7891013622283936,
            -0.1107589602470398
        ],
        [
            -0.08435455709695816,
            -0.922102689743042,
            -0.09742025285959244
        ]
    ],
    "pred_vertices": [
        [
            -0.12964846193790436,
            -0.8835139274597168,
            -0.177957683801651
        ],
        [
            -0.13242089748382568,
            -0.8670058250427246,
            -0.1745845228433609
        ],
        [
            -0.11871439218521118,
            -0.868277370929718,
            -0.17957763373851776
        ],
        [
            -0.11262796819210052,
            -0.8818134069442749,
            -0.18096564710140228
        ],
        [
            -0.12165795266628265,
            -0.8571000099182129,
            -0.17816607654094696
        ],
        [
            -0.13192373514175415,
            -0.854926586151123,
            -0.1724839210510254
        ],
        [
            -0.1047975942492485,
            -0.8666426539421082,
            -0.18039166927337646
        ],
        [
            -0.09659443795681,
            -0.877352774143219,
            -0.18065546452999115
        ],
        [
            -0.0796089768409729,
            -0.8380544185638428,
            -0.17642006278038025
        ],
        [
            -0.06859055161476135,
            -0.8376865983009338,
            -0.17553523182868958
        ],
        [
            -0.07462464272975922,
            -0.8485428094863892,
            -0.17702870070934296
        ],
        [
            -0.08431367576122284,
            -0.8459608554840088,
            -0.17664477229118347
        ],
        [
            -0.06813269853591919,
            -0.8151542544364929,
            -0.171564519405365
        ],
        [
            -0.07416985183954239,
            -0.8029375672340393,
            -0.16888879239559174
        ],
        [
            -0.06221675127744675,
            -0.7981417179107666,
            -0.16571840643882751
        ],
        [
            -0.05552159249782562,
            -0.8100922107696533,
            -0.16674751043319702
        ],
        [
            -0.11258935183286667,
            -0.8044081926345825,
            -0.15264774858951569
        ],
        [
            -0.10694205015897751,
            -0.7991778254508972,
            -0.15632036328315735
        ],
        [
            -0.10695890337228775,
            -0.806107223033905,
            -0.16003742814064026
        ],
        [
            -0.1123395562171936,
            -0.8106263875961304,
            -0.155461847782135
        ],
        [
            -0.1251908242702484,
            -0.8104374408721924,
            -0.14856678247451782
        ],
        [
            -0.12396565079689026,
            -0.8168303370475769,
            -0.14842891693115234
        ],
        [
            -0.13173887133598328,
            -0.8181139230728149,
            -0.1471424102783203
        ],
        [
            -0.1331348419189453,
            -0.8108418583869934,
            -0.14837318658828735
        ],
        [
            -0.11316247284412384,
            -0.7989203929901123,
            -0.14741617441177368
        ],
        [
            -0.10697644203901291,
            -0.7936924695968628,
            -0.15110136568546295
        ],
        [
            -0.11786779761314392,
            -0.8086956739425659,
            -0.14977233111858368
        ],
        [
            -0.1190175861120224,
            -0.803581178188324,
            -0.1489015817642212
        ],
        [
            -0.12669268250465393,
            -0.7940413951873779,
            -0.15078696608543396
        ],
        [
            -0.12644383311271667,
            -0.7991650104522705,
            -0.1519174575805664
        ],
        [
            -0.1339409351348877,
            -0.7974221110343933,
            -0.15245583653450012
        ],
        [
            -0.13210800290107727,
            -0.7922964096069336,
            -0.15045025944709778
        ],
        [
            -0.11748462915420532,
            -0.7967807054519653,
            -0.14897297322750092
        ],
        [
            -0.12055645883083344,
            -0.798720121383667,
            -0.15097938477993011
        ],
        [
            -0.12230391055345535,
            -0.7941542863845825,
            -0.1495942920446396
        ],
        [
            -0.11962927877902985,
            -0.7930649518966675,
            -0.14651724696159363
        ],
        [
            -0.12614965438842773,
            -0.8053968548774719,
            -0.14915558695793152
        ],
        [
            -0.1338910162448883,
            -0.8044863939285278,
            -0.15022927522659302
        ],
        [
            -0.14195051789283752,
            -0.8029447197914124,
            -0.15018793940544128
        ],
        [
            -0.14144718647003174,
            -0.7941209077835083,
            -0.15175023674964905
        ],
        [
            -0.09193453937768936,
            -0.7898715734481812,
            -0.16140441596508026
        ],
        [
            -0.10000298172235489,
            -0.7943125367164612,
            -0.1599116176366806
        ],
        [
            -0.10082311928272247,
            -0.7892500758171082,
            -0.15486329793930054
        ],
        [
            -0.0944085568189621,
            -0.7855302095413208,
            -0.15711581707000732
        ],
        [
            -0.11526539921760559,
            -0.7914645671844482,
            -0.14551153779029846
        ],
        [
            -0.10808254778385162,
            -0.7771450281143188,
            -0.14695583283901215
        ],
        [
            -0.10942002385854721,
            -0.7806555032730103,
            -0.14771653711795807
        ],
        [
            -0.11573590338230133,
            -0.7794507741928101,
            -0.14448729157447815
        ],
        [
            -0.11401767283678055,
            -0.7763041853904724,
            -0.14417503774166107
        ],
        [
            -0.07740405946969986,
            -0.7801912426948547,
            -0.16013376414775848
        ],
        [
            -0.0832044929265976,
            -0.7770180106163025,
            -0.15713736414909363
        ],
        [
            -0.0784793347120285,
            -0.77156001329422,
            -0.15547515451908112
        ],
        [
            -0.07164032012224197,
            -0.773962140083313,
            -0.15705792605876923
        ],
        [
            -0.07696623355150223,
            -0.7663357257843018,
            -0.15187430381774902
        ],
        [
            -0.06736662238836288,
            -0.7676992416381836,
            -0.15322443842887878
        ],
        [
            -0.06723093241453171,
            -0.7533571720123291,
            -0.1432373970746994
        ],
        [
            -0.06678301841020584,
            -0.7597869634628296,
            -0.1481287032365799
        ],
        [
            -0.07726471871137619,
            -0.7605830430984497,
            -0.14772820472717285
        ],
        [
            -0.0804910883307457,
            -0.7540863752365112,
            -0.14376582205295563
        ],
        [
            -0.09410438686609268,
            -0.7542699575424194,
            -0.13827507197856903
        ],
        [
            -0.09844808280467987,
            -0.7516796588897705,
            -0.1342753767967224
        ],
        [
            -0.09035336971282959,
            -0.7415503263473511,
            -0.13559846580028534
        ],
        [
            -0.08577174693346024,
            -0.7467584013938904,
            -0.1396886706352234
        ],
        [
            -0.10264734923839569,
            -0.7733146548271179,
            -0.1434522569179535
        ],
        [
            -0.09859755635261536,
            -0.774753212928772,
            -0.14558786153793335
        ],
        [
            -0.10079528391361237,
            -0.7752663493156433,
            -0.1472383737564087
        ],
        [
            -0.10569337755441666,
            -0.7747393846511841,
            -0.14535832405090332
        ],
        [
            -0.09532660990953445,
            -0.7755411863327026,
            -0.1478881537914276
        ],
        [
            -0.09384401887655258,
            -0.775781512260437,
            -0.14894792437553406
        ],
        [
            -0.0953836739063263,
            -0.776463508605957,
            -0.14957544207572937
        ],
        [
            -0.09600398689508438,
            -0.7759910225868225,
            -0.14837004244327545
        ],
        [
            -0.0973038449883461,
            -0.7752478122711182,
            -0.14684894680976868
        ],
        [
            -0.09739620238542557,
            -0.7732746005058289,
            -0.1458013504743576
        ],
        [
            -0.09585168957710266,
            -0.7745411396026611,
            -0.147201806306839
        ],
        [
            -0.10100256651639938,
            -0.7711232900619507,
            -0.14397069811820984
        ],
        [
            -0.11230767518281937,
            -0.7650223970413208,
            -0.1367139369249344
        ],
        [
            -0.1096460223197937,
            -0.7663211226463318,
            -0.13920718431472778
        ],
        [
            -0.11109655350446701,
            -0.7706282138824463,
            -0.13797147572040558
        ],
        [
            -0.11351357400417328,
            -0.7697415351867676,
            -0.1359778344631195
        ],
        [
            -0.09825943410396576,
            -0.7772836685180664,
            -0.14957314729690552
        ],
        [
            -0.09728055447340012,
            -0.7792434692382812,
            -0.1513945311307907
        ],
        [
            -0.10271568596363068,
            -0.7801496982574463,
            -0.15012547373771667
        ],
        [
            -0.10187970101833344,
            -0.7776618003845215,
            -0.14843623340129852
        ],
        [
            -0.09638191759586334,
            -0.7813590168952942,
            -0.1540045589208603
        ],
        [
            -0.09422601014375687,
            -0.7781049013137817,
            -0.15139785408973694
        ],
        [
            -0.09258244931697845,
            -0.7792415022850037,
            -0.15402458608150482
        ],
        [
            -0.0934639573097229,
            -0.7741310596466064,
            -0.1481442153453827
        ],
        [
            -0.09034647047519684,
            -0.7735068798065186,
            -0.1495361477136612
        ],
        [
            -0.09184940159320831,
            -0.7755569219589233,
            -0.15101173520088196
        ],
        [
            -0.09053019434213638,
            -0.7700658440589905,
            -0.1475241631269455
        ],
        [
            -0.09477844834327698,
            -0.7717570066452026,
            -0.14611172676086426
        ],
        [
            -0.09799087047576904,
            -0.7686400413513184,
            -0.14424118399620056
        ],
        [
            -0.10234206169843674,
            -0.765358567237854,
            -0.14182478189468384
        ],
        [
            -0.0970454290509224,
            -0.7622623443603516,
            -0.14175115525722504
        ],
        [
            -0.09305751323699951,
            -0.7660887241363525,
            -0.14490288496017456
        ],
        [
            -0.10253117978572845,
            -0.7842446565628052,
            -0.15211597084999084
        ],
        [
            -0.08811300992965698,
            -0.7761023640632629,
            -0.15365323424339294
        ],
        [
            -0.0888151228427887,
            -0.7822348475456238,
            -0.15741580724716187
        ],
        [
            -0.08549655228853226,
            -0.7721021175384521,
            -0.15230527520179749
        ],
        [
            -0.08459651470184326,
            -0.7678956985473633,
            -0.14956887066364288
        ],
        [
            -0.08641389012336731,
            -0.7631865739822388,
            -0.14593584835529327
        ],
        [
            -0.09002269804477692,
            -0.7583922147750854,
            -0.14231444895267487
        ],
        [
            -0.07741180062294006,
            -0.7376230359077454,
            -0.13068467378616333
        ],
        [
            -0.07301861047744751,
            -0.7443466186523438,
            -0.13690349459648132
        ],
        [
            -0.12771084904670715,
            -0.8487191200256348,
            -0.16818523406982422
        ],
        [
            -0.12109386920928955,
            -0.8499038219451904,
            -0.17442835867404938
        ],
        [
            -0.11404111981391907,
            -0.8444800972938538,
            -0.17133697867393494
        ],
        [
            -0.11398541927337646,
            -0.8469574451446533,
            -0.17293676733970642
        ],
        [
            -0.11970020085573196,
            -0.8463547229766846,
            -0.17044682800769806
        ],
        [
            -0.11814842373132706,
            -0.8439203500747681,
            -0.16910050809383392
        ],
        [
            -0.09240688383579254,
            -0.8449873924255371,
            -0.17444661259651184
        ],
        [
            -0.09906741231679916,
            -0.8444228172302246,
            -0.17265544831752777
        ],
        [
            -0.09638726711273193,
            -0.841532826423645,
            -0.17154863476753235
        ],
        [
            -0.08868947625160217,
            -0.8392633199691772,
            -0.17466257512569427
        ],
        [
            -0.10248009860515594,
            -0.8311483860015869,
            -0.16757109761238098
        ],
        [
            -0.09842299669981003,
            -0.834014892578125,
            -0.16984295845031738
        ],
        [
            -0.1048235297203064,
            -0.8386505842208862,
            -0.16886959969997406
        ],
        [
            -0.10779833048582077,
            -0.8366007208824158,
            -0.1672942340373993
        ],
        [
            -0.11078036576509476,
            -0.8350791931152344,
            -0.1648866981267929
        ],
        [
            -0.11392021179199219,
            -0.8342052698135376,
            -0.1618167757987976
        ],
        [
            -0.11112182587385178,
            -0.8295347690582275,
            -0.16126689314842224
        ],
        [
            -0.10693466663360596,
            -0.8298784494400024,
            -0.16459150612354279
        ],
        [
            -0.12404462695121765,
            -0.8463126420974731,
            -0.16552329063415527
        ],
        [
            -0.127202570438385,
            -0.8449391722679138,
            -0.15890547633171082
        ],
        [
            -0.12453550845384598,
            -0.8425682783126831,
            -0.15942266583442688
        ],
        [
            -0.12228726595640182,
            -0.843448281288147,
            -0.16507451236248016
        ],
        [
            -0.12295497953891754,
            -0.8375632762908936,
            -0.1473805457353592
        ],
        [
            -0.12420082092285156,
            -0.83946692943573,
            -0.14928236603736877
        ],
        [
            -0.12738829851150513,
            -0.8399760723114014,
            -0.14695680141448975
        ],
        [
            -0.1253570020198822,
            -0.836203932762146,
            -0.14525344967842102
        ],
        [
            -0.12311126291751862,
            -0.8335798978805542,
            -0.1469866931438446
        ],
        [
            -0.12202782928943634,
            -0.8359681367874146,
            -0.14857512712478638
        ],
        [
            -0.14102904498577118,
            -0.903012752532959,
            -0.17115887999534607
        ],
        [
            -0.14385253190994263,
            -0.88451087474823,
            -0.16972866654396057
        ],
        [
            -0.1212005540728569,
            -0.9032679796218872,
            -0.17692281305789948
        ],
        [
            -0.10351884365081787,
            -0.8987501859664917,
            -0.17863690853118896
        ],
        [
            -0.0875575989484787,
            -0.8897246718406677,
            -0.17978471517562866
        ],
        [
            -0.07002508640289307,
            -0.7877597212791443,
            -0.16326379776000977
        ],
        [
            -0.06139572709798813,
            -0.7820082902908325,
            -0.16026590764522552
        ],
        [
            -0.050915561616420746,
            -0.7939062118530273,
            -0.16208016872406006
        ],
        [
            -0.04473006725311279,
            -0.7857540249824524,
            -0.15708184242248535
        ],
        [
            -0.05610107630491257,
            -0.7736137509346008,
            -0.15543654561042786
        ],
        [
            -0.05513677000999451,
            -0.7549436092376709,
            -0.14019784331321716
        ],
        [
            -0.05395768582820892,
            -0.7639430165290833,
            -0.1488807499408722
        ],
        [
            -0.03993184119462967,
            -0.7771233320236206,
            -0.15007153153419495
        ],
        [
            -0.02794230729341507,
            -0.7949305176734924,
            -0.1516675353050232
        ],
        [
            -0.03525282442569733,
            -0.7996820211410522,
            -0.15764522552490234
        ],
        [
            -0.02132439613342285,
            -0.8145601749420166,
            -0.15075086057186127
        ],
        [
            -0.020030908286571503,
            -0.7899880409240723,
            -0.14247429370880127
        ],
        [
            -0.01622883975505829,
            -0.816382646560669,
            -0.14387372136116028
        ],
        [
            -0.02707892283797264,
            -0.7547642588615417,
            -0.12674953043460846
        ],
        [
            -0.023573800921440125,
            -0.7458699345588684,
            -0.1257489025592804
        ],
        [
            -0.009161345660686493,
            -0.7563546895980835,
            -0.13346751034259796
        ],
        [
            -0.01267196238040924,
            -0.7659669518470764,
            -0.13372071087360382
        ],
        [
            -0.0435965359210968,
            -0.8049371242523193,
            -0.16264745593070984
        ],
        [
            -0.07193630188703537,
            -0.8608826398849487,
            -0.17657802999019623
        ],
        [
            -0.08242009580135345,
            -0.856275737285614,
            -0.1783895194530487
        ],
        [
            -0.06299412250518799,
            -0.8507494926452637,
            -0.1749228835105896
        ],
        [
            -0.07849372923374176,
            -0.9238851070404053,
            -0.17408747971057892
        ],
        [
            -0.0927184522151947,
            -0.9127105474472046,
            -0.17772433161735535
        ],
        [
            -0.07859380543231964,
            -0.9017777442932129,
            -0.17864173650741577
        ],
        [
            -0.06702570617198944,
            -0.9135448932647705,
            -0.17556670308113098
        ],
        [
            -0.11251859366893768,
            -0.9495276212692261,
            -0.15921221673488617
        ],
        [
            -0.12861153483390808,
            -0.9281930923461914,
            -0.16853520274162292
        ],
        [
            -0.1122971773147583,
            -0.922598123550415,
            -0.17402324080467224
        ],
        [
            -0.09794595837593079,
            -0.9388697147369385,
            -0.16775032877922058
        ],
        [
            -0.055685773491859436,
            -0.9203550815582275,
            -0.17068201303482056
        ],
        [
            -0.04178608953952789,
            -0.9288716316223145,
            -0.16234518587589264
        ],
        [
            -0.044252559542655945,
            -0.9453328847885132,
            -0.1574319452047348
        ],
        [
            -0.06282320618629456,
            -0.9368289709091187,
            -0.16693146526813507
        ],
        [
            -0.052501291036605835,
            -0.9658275842666626,
            -0.14597731828689575
        ],
        [
            -0.07541750371456146,
            -0.9559749364852905,
            -0.15756532549858093
        ],
        [
            -0.006039828062057495,
            -0.8059362173080444,
            -0.13643226027488708
        ],
        [
            -0.008321598172187805,
            -0.8256804347038269,
            -0.13754165172576904
        ],
        [
            -0.01825353503227234,
            -0.7761991024017334,
            -0.13559980690479279
        ],
        [
            -0.003993459045886993,
            -0.7895430326461792,
            -0.13552244007587433
        ],
        [
            -0.06314420700073242,
            -0.980282187461853,
            -0.1297786831855774
        ],
        [
            -0.09014534950256348,
            -0.9694246053695679,
            -0.14389517903327942
        ],
        [
            0.0006944239139556885,
            -0.9266719818115234,
            -0.12777993083000183
        ],
        [
            -0.011723965406417847,
            -0.9399928450584412,
            -0.13498149812221527
        ],
        [
            -0.015738636255264282,
            -0.9227259159088135,
            -0.14703530073165894
