{
    "pred_cam": [
        1.349744200706482,
        0.11665789037942886,
        0.2911013960838318
    ],
    "pred_smpl_params": {
        "global_orient": [
            [
                [
                    0.04999396577477455,
                    0.12648260593414307,
                    -0.9907082319259644
                ],
                [
                    0.30790334939956665,
                    -0.9455854296684265,
                    -0.1051841527223587
                ],
                [
                    -0.950103223323822,
                    -0.2997838258743286,
                    -0.0862179845571518
                ]
            ]
        ],
        "body_pose": [
            [
                [
                    0.9866592288017273,
                    0.13417929410934448,
                    0.0921931117773056
                ],
                [
                    -0.1442275494337082,
                    0.9831046462059021,
                    0.11271035671234131
                ],
                [
                    -0.07551208138465881,
                    -0.1245034858584404,
                    0.9893416166305542
                ]
            ],
            [
                [
                    0.9840591549873352,
                    0.17313618957996368,
                    -0.040636710822582245
                ],
                [
                    -0.174814373254776,
                    0.9836974740028381,
                    -0.042180031538009644
                ],
                [
                    0.03267134353518486,
                    0.048611532896757126,
                    0.9982832074165344
                ]
            ],
            [
                [
                    0.9935766458511353,
                    -0.11118888854980469,
                    0.021032145246863365
                ],
                [
                    0.11304479092359543,
                    0.9836728572845459,
                    -0.1400306224822998
                ],
                [
                    -0.005118895322084427,
                    0.14150874316692352,
                    0.9899237155914307
                ]
            ],
            [
                [
                    0.9697456955909729,
                    0.2238752841949463,
                    0.09733003377914429
                ],
                [
                    -0.2065422236919403,
                    0.9649782776832581,
                    -0.16173182427883148
                ],
                [
                    -0.1301291286945343,
                    0.1367359757423401,
                    0.9820232391357422
                ]
            ],
            [
                [
                    0.9843069911003113,
                    0.12400658428668976,
                    0.1255471110343933
                ],
                [
                    -0.11415994167327881,
                    0.9900037050247192,
                    -0.0828259289264679
                ],
                [
                    -0.13456307351589203,
                    0.06719369441270828,
                    0.9886241555213928
                ]
            ],
            [
                [
                    0.9991936087608337,
                    -0.03929421678185463,
                    -0.008250037208199501
                ],
                [
                    0.038976047188043594,
                    0.9986016750335693,
                    -0.035715118050575256
                ],
                [
                    0.009641898795962334,
                    0.03536476567387581,
                    0.9993279576301575
                ]
            ],
            [
                [
                    0.9902382493019104,
                    0.038924407213926315,
                    0.13384033739566803
                ],
                [
                    -0.04196895658969879,
                    0.9989187121391296,
                    0.020000891759991646
                ],
                [
                    -0.13291709125041962,
                    -0.025422781705856323,
                    0.9908011555671692
                ]
            ],
            [
                [
                    0.9859673380851746,
                    -0.0354306623339653,
                    -0.1631351113319397
                ],
                [
                    0.04550738260149956,
                    0.9972524642944336,
                    0.05845140293240547
                ],
                [
                    0.1606159210205078,
                    -0.06505502760410309,
                    0.9848707318305969
                ]
            ],
            [
                [
                    0.999826192855835,
                    -0.016610722988843918,
                    0.008465548045933247
                ],
                [
                    0.017078299075365067,
                    0.9981393814086914,
                    -0.05853309482336044
                ],
                [
                    -0.007477519568055868,
                    0.05866749957203865,
                    0.9982495903968811
                ]
            ],
            [
                [
                    0.9890517592430115,
                    -0.09252452105283737,
                    0.11496005952358246
                ],
                [
                    0.09489026665687561,
                    0.9953706860542297,
                    -0.015267932787537575
                ],
                [
                    -0.11301520466804504,
                    0.026009367778897285,
                    0.9932528138160706
                ]
            ],
            [
                [
                    0.9973111748695374,
                    0.07204356044530869,
                    0.013421230018138885
                ],
                [
                    -0.07295668870210648,
                    0.9933415651321411,
                    0.08916202932596207
                ],
                [
                    -0.006908315699547529,
                    -0.08990145474672318,
                    0.9959266781806946
                ]
            ],
            [
                [
                    0.9323363900184631,
                    -0.1222815215587616,
                    0.3402884006500244
                ],
                [
                    0.14051374793052673,
                    0.9896433353424072,
                    -0.029360424727201462
                ],
                [
                    -0.33317387104034424,
                    0.07518899440765381,
                    0.9398627281188965
                ]
            ],
            [
                [
                    0.891363799571991,
                    0.3549608886241913,
                    -0.2819100618362427
                ],
                [
                    -0.3454146087169647,
                    0.934624195098877,
                    0.08465447276830673
                ],
                [
                    0.2935289740562439,
                    0.02191791497170925,
                    0.9556988477706909
                ]
            ],
            [
                [
                    0.9474467039108276,
                    -0.211120143532753,
                    0.2403603345155716
                ],
                [
                    0.20227113366127014,
                    0.9774152040481567,
                    0.061203598976135254
                ],
                [
                    -0.24785315990447998,
                    -0.00936918519437313,
                    0.9687523245811462
                ]
            ],
            [
                [
                    0.9524747133255005,
                    0.08119272440671921,
                    0.2935979664325714
                ],
                [
                    0.01612764038145542,
                    0.9490312337875366,
                    -0.3147691786289215
                ],
                [
                    -0.30419057607650757,
                    0.30454471707344055,
                    0.9026188254356384
                ]
            ],
            [
                [
                    0.6044129133224487,
                    0.6855153441429138,
                    -0.40589869022369385
                ],
                [
                    -0.7079365253448486,
                    0.6958321928977966,
                    0.12100976705551147
                ],
                [
                    0.36539146304130554,
                    0.2142106592655182,
                    0.9058713316917419
                ]
            ],
            [
                [
                    0.5803191065788269,
                    -0.5735394358634949,
                    0.57817143201828
                ],
                [
                    0.6912822723388672,
                    0.7222314476966858,
                    0.022595137357711792
                ],
                [
                    -0.4305327832698822,
                    0.38656729459762573,
                    0.8156023621559143
                ]
            ],
            [
                [
                    0.6199870705604553,
                    -0.13329392671585083,
                    -0.7732068300247192
                ],
                [
                    0.04385049641132355,
                    0.9898101687431335,
                    -0.13547338545322418
                ],
                [
                    0.783385694026947,
                    0.05008625239133835,
                    0.619514524936676
                ]
            ],
            [
                [
                    -0.11392377316951752,
                    0.349519819021225,
                    0.9299770593643188
                ],
                [
                    0.00010971436131512746,
                    0.9360758066177368,
                    -0.35179850459098816
                ],
                [
                    -0.9934895038604736,
                    -0.03997616842389107,
                    -0.10667963325977325
                ]
            ],
            [
                [
                    0.986864447593689,
                    -0.14217150211334229,
                    -0.07671882957220078
                ],
                [
                    0.14207075536251068,
                    0.9898331165313721,
                    -0.006797321140766144
                ],
                [
                    0.07690522819757462,
                    -0.004191468004137278,
                    0.9970295429229736
                ]
            ],
            [
                [
                    0.9803934693336487,
                    0.12516985833644867,
                    0.15218809247016907
                ],
                [
                    -0.15172088146209717,
                    0.9723223447799683,
                    0.17767947912216187
                ],
                [
                    -0.12573577463626862,
                    -0.19728589057922363,
                    0.9722493290901184
                ]
            ],
            [
                [
                    0.9864751696586609,
                    0.1498062163591385,
                    -0.06651976704597473
                ],
                [
                    -0.14143481850624084,
                    0.9830710291862488,
                    0.11648015677928925
                ],
                [
                    0.0828431025147438,
                    -0.10549657046794891,
                    0.9909629821777344
                ]
            ],
            [
                [
                    0.978948712348938,
                    -0.18875214457511902,
                    0.07766566425561905
                ],
                [
                    0.1816888302564621,
                    0.9792505502700806,
                    0.0897638127207756
                ],
                [
                    -0.09299725294113159,
                    -0.07376319169998169,
                    0.9929302334785461
                ]
            ]
        ],
        "betas": [
            -0.1122789978981018,
            -0.06074315309524536,
            0.48295632004737854,
            1.1920479536056519,
            0.18805377185344696,
            -0.0005287490785121918,
            -0.05747649073600769,
            0.0299055278301239,
            0.0737210065126419,
            -0.031446218490600586
        ]
    },
    "pred_cam_t": [
        0.11665789037942886,
        0.2911013960838318,
        28.9406681060791
    ],
    "focal_length": [
        5000.0,
        5000.0
    ],
    "pred_keypoints_3d": [
        [
            -0.13228851556777954,
            -0.8089989423751831,
            -0.1755230724811554
        ],
        [
            0.02009868249297142,
            -0.7460612058639526,
            -0.07616791874170303
        ],
        [
            0.0002012699842453003,
            -0.6844475269317627,
            0.1150328665971756
        ],
        [
            -0.1012975201010704,
            -0.4843510687351227,
            0.22154191136360168
        ],
        [
            -0.24677637219429016,
            -0.5077313184738159,
            0.020149633288383484
        ],
        [
            0.01683419942855835,
            -0.6192947030067444,
            -0.2378837764263153
        ],
        [
            -0.05702692270278931,
            -0.3761565685272217,
            -0.2608223855495453
        ],
        [
            -0.2808167338371277,
            -0.30152320861816406,
            -0.19719873368740082
        ],
        [
            -0.0025656111538410187,
            -0.2354482114315033,
            0.026694756001234055
        ],
        [
            -0.01242724247276783,
            -0.1695862114429474,
            0.1165551096200943
        ],
        [
            -0.03637225180864334,
            0.14236703515052795,
            0.32198798656463623
        ],
        [
            0.0002253986895084381,
            0.46593695878982544,
            0.5334575772285461
        ],
        [
            -0.0036811158061027527,
            -0.12736362218856812,
            -0.009087685495615005
        ],
        [
            -0.09019073098897934,
            0.20680370926856995,
            0.11128556728363037
        ],
        [
            -0.10429815948009491,
            0.49372074007987976,
            0.371884822845459
        ],
        [
            -0.14221450686454773,
            -0.853127658367157,
            -0.1330711990594864
        ],
        [
            -0.10154937207698822,
            -0.8614383935928345,
            -0.1853441596031189
        ],
        [
            -0.09423519670963287,
            -0.8653348684310913,
            -0.03806103765964508
        ],
        [
            -0.005568593740463257,
            -0.8843980431556702,
            -0.15757542848587036
        ],
        [
            -0.29582929611206055,
            0.5536466240882874,
            0.34656018018722534
        ],
        [
            -0.22775575518608093,
            0.5930269956588745,
            0.31722453236579895
        ],
        [
            -0.05290916562080383,
            0.5180145502090454,
            0.40730246901512146
        ],
        [
            -0.19415318965911865,
            0.4994010925292969,
            0.5440153479576111
        ],
        [
            -0.15146863460540771,
            0.46426090598106384,
            0.6134986877441406
        ],
        [
            0.05404789745807648,
            0.5034438967704773,
            0.5615452527999878
        ],
        [
            0.027315843850374222,
            0.41257286071777344,
            0.5243529081344604
        ],
        [
            -0.03268924728035927,
            0.0872553139925003,
            0.2859412133693695
        ],
        [
            0.0012545378413051367,
            -0.3095763027667999,
            0.1515093892812729
        ],
        [
            0.030467486009001732,
            -0.20384949445724487,
            -0.11244988441467285
        ],
        [
            -0.07906290143728256,
            0.17329095304012299,
            0.08310902118682861
        ],
        [
            -0.07390405237674713,
            0.47070735692977905,
            0.34975990653038025
        ],
        [
            -0.214072123169899,
            -0.531082272529602,
            0.026036439463496208
        ],
        [
            -0.1205010712146759,
            -0.5246255397796631,
            0.2205945998430252
        ],
        [
            0.0019044762011617422,
            -0.7069704532623291,
            0.07769610732793808
        ],
        [
            0.02738458849489689,
            -0.6581841707229614,
            -0.2182178795337677
        ],
        [
            -0.08185982704162598,
            -0.41441988945007324,
            -0.2859976291656494
        ],
        [
            -0.27650880813598633,
            -0.32281559705734253,
            -0.20476791262626648
        ],
        [
            0.012727349065244198,
            -0.7371068000793457,
            -0.08061297237873077
        ],
        [
            -0.0782318115234375,
            -0.9202897548675537,
            -0.11674852669239044
        ],
        [
            0.015703437849879265,
            -0.25720250606536865,
            0.01873432658612728
        ],
        [
            0.014084801077842712,
            -0.6793352961540222,
            -0.06836187839508057
        ],
        [
            0.047485820949077606,
            -0.5042950510978699,
            -0.034999486058950424
        ],
        [
            -0.06403416395187378,
            -0.8073089122772217,
            -0.12768983840942383
        ],
        [
            -0.07994548976421356,
            -0.9401532411575317,
            -0.11096194386482239
        ]
    ],
    "pred_vertices": [
        [
            -0.1105109304189682,
            -0.9069035649299622,
            -0.20075736939907074
        ],
        [
            -0.11429382860660553,
            -0.890579342842102,
            -0.19871929287910461
        ],
        [
            -0.09989432990550995,
            -0.8915125727653503,
            -0.2010945826768875
        ],
        [
            -0.0932527482509613,
            -0.9047850370407104,
            -0.20060206949710846
        ],
        [
            -0.1033981442451477,
            -0.8805213570594788,
            -0.20080816745758057
        ],
        [
            -0.11464543640613556,
            -0.8784459233283997,
            -0.19720715284347534
        ],
        [
            -0.08611616492271423,
            -0.889390766620636,
            -0.19938769936561584
        ],
        [
            -0.07766160368919373,
            -0.8997848033905029,
            -0.19747254252433777
        ],
        [
            -0.06302836537361145,
            -0.8597548007965088,
            -0.19226112961769104
        ],
        [
            -0.052302539348602295,
            -0.8588653802871704,
            -0.18937468528747559
        ],
        [
            -0.05760437250137329,
            -0.8699409365653992,
            -0.19142526388168335
        ],
        [
            -0.06730005145072937,
            -0.8678030967712402,
            -0.19294632971286774
        ],
        [
            -0.053338438272476196,
            -0.8361530303955078,
            -0.18670083582401276
        ],
        [
            -0.060137487947940826,
            -0.8240648508071899,
            -0.18577992916107178
        ],
        [
            -0.04911859333515167,
            -0.8185803294181824,
            -0.180888831615448
        ],
        [
            -0.04198490083217621,
            -0.830321192741394,
            -0.18007153272628784
        ],
        [
            -0.10104995220899582,
            -0.8264648914337158,
            -0.1768423318862915
        ],
        [
            -0.09491425007581711,
            -0.821160614490509,
            -0.17964933812618256
        ],
        [
            -0.09398563206195831,
            -0.8282828330993652,
            -0.1828480064868927
        ],
        [
            -0.10004059970378876,
            -0.8328009843826294,
            -0.17916327714920044
        ],
        [
            -0.11413881927728653,
            -0.8327702283859253,
            -0.17497146129608154
        ],
        [
            -0.11268629878759384,
            -0.839087724685669,
            -0.17420236766338348
        ],
        [
            -0.12058065086603165,
            -0.8406470417976379,
            -0.17444318532943726
        ],
        [
            -0.12203359603881836,
            -0.8334839344024658,
            -0.1763400137424469
        ],
        [
            -0.10286948084831238,
            -0.8207038640975952,
            -0.17224201560020447
        ],
        [
            -0.0961701050400734,
            -0.8153524994850159,
            -0.17496564984321594
        ],
        [
            -0.1067211776971817,
            -0.8308467864990234,
            -0.1748127043247223
        ],
        [
            -0.10824722051620483,
            -0.8256485462188721,
            -0.17454198002815247
        ],
        [
            -0.11584613472223282,
            -0.8165098428726196,
            -0.17844948172569275
        ],
        [
            -0.115207239985466,
            -0.821694016456604,
            -0.17921379208564758
        ],
        [
            -0.12258344888687134,
            -0.8202334046363831,
            -0.18129746615886688
        ],
        [
            -0.12133271992206573,
            -0.8149354457855225,
            -0.17925241589546204
        ],
        [
            -0.10697219520807266,
            -0.8187370300292969,
            -0.174775630235672
        ],
        [
            -0.10958884656429291,
            -0.8209236860275269,
            -0.17722660303115845
        ],
        [
            -0.11173055320978165,
            -0.8163652420043945,
            -0.17645999789237976
        ],
        [
            -0.10968144983053207,
            -0.8149944543838501,
            -0.17300814390182495
        ],
        [
            -0.11521607637405396,
            -0.8277527093887329,
            -0.17610768973827362
        ],
        [
            -0.1226993277668953,
            -0.8272204399108887,
            -0.17871135473251343
        ],
        [
            -0.13074494898319244,
            -0.8260027170181274,
            -0.18032488226890564
        ],
        [
            -0.13025033473968506,
            -0.8171672821044922,
            -0.1822383999824524
        ],
        [
            -0.07945972681045532,
            -0.811373233795166,
            -0.1824149489402771
        ],
        [
            -0.08756502717733383,
            -0.8161123991012573,
            -0.18218767642974854
        ],
        [
            -0.08951812237501144,
            -0.8107812404632568,
            -0.177762970328331
        ],
        [
            -0.08288354426622391,
            -0.8068439960479736,
            -0.17902258038520813
        ],
        [
            -0.10557612776756287,
            -0.8131011724472046,
            -0.171292245388031
        ],
        [
            -0.09862563759088516,
            -0.7983622550964355,
            -0.1721460521221161
        ],
        [
            -0.09971339255571365,
            -0.802010178565979,
            -0.17298918962478638
        ],
        [
            -0.10657774657011032,
            -0.8009201288223267,
            -0.17107157409191132
        ],
        [
            -0.1050109937787056,
            -0.7976478338241577,
            -0.170546293258667
        ],
        [
            -0.06566748023033142,
            -0.8008956909179688,
            -0.1791287362575531
        ],
        [
            -0.07204974442720413,
            -0.7977905869483948,
            -0.17751538753509521
        ],
        [
            -0.06784208863973618,
            -0.7919760346412659,
            -0.17532847821712494
        ],
        [
            -0.060713574290275574,
            -0.7941997051239014,
            -0.17541028559207916
        ],
        [
            -0.06710632145404816,
            -0.7864576578140259,
            -0.1717626452445984
        ],
        [
            -0.057385899126529694,
            -0.787456750869751,
            -0.17119978368282318
        ],
        [
            -0.05962756276130676,
            -0.772441565990448,
            -0.1620405614376068
        ],
        [
            -0.058013878762722015,
            -0.7791591286659241,
            -0.1664387285709381
        ],
        [
            -0.06836950778961182,
            -0.7804263830184937,
            -0.1680481731891632
        ],
        [
            -0.07250057905912399,
            -0.7737888693809509,
            -0.1651354432106018
        ],
        [
            -0.08705528825521469,
            -0.7742751836776733,
            -0.16227304935455322
        ],
        [
            -0.09225719422101974,
            -0.771654486656189,
            -0.15933245420455933
        ],
        [
            -0.08427613228559494,
            -0.7611722946166992,
            -0.15966688096523285
        ],
        [
            -0.07871375232934952,
            -0.7664607763290405,
            -0.16254325211048126
        ],
        [
            -0.09400086104869843,
            -0.7941755652427673,
            -0.16785931587219238
        ],
        [
            -0.08956121653318405,
            -0.7955361008644104,
            -0.16913318634033203
        ],
        [
            -0.09142521023750305,
            -0.7962378263473511,
            -0.17114847898483276
        ],
        [
            -0.0966276079416275,
            -0.7958269715309143,
            -0.1702238917350769
        ],
        [
            -0.08585202693939209,
            -0.796291708946228,
            -0.1707707941532135
        ],
        [
            -0.08417955040931702,
            -0.7965264320373535,
            -0.17154020071029663
        ],
        [
            -0.08558837324380875,
            -0.7973278760910034,
            -0.17240044474601746
        ],
        [
            -0.08645910024642944,
            -0.7967823147773743,
            -0.1713656783103943
        ],
        [
            -0.0880257710814476,
            -0.7960094213485718,
            -0.17013594508171082
        ],
        [
            -0.08835739642381668,
            -0.7939534187316895,
            -0.16922375559806824
        ],
        [
            -0.08651426434516907,
            -0.7952565550804138,
            -0.1702398657798767
        ],
        [
            -0.09232015162706375,
            -0.7918440103530884,
            -0.16820740699768066
        ],
        [
            -0.10507494956254959,
            -0.7858926653862,
            -0.16343897581100464
        ],
        [
            -0.10190786421298981,
            -0.787238359451294,
            -0.16533337533473969
        ],
        [
            -0.1034734919667244,
            -0.791608989238739,
            -0.16416969895362854
        ],
        [
            -0.1062680184841156,
            -0.790672779083252,
            -0.16270309686660767
        ],
        [
            -0.08844360709190369,
            -0.7981895208358765,
            -0.17290587723255157
        ],
        [
            -0.08706071227788925,
            -0.8003169298171997,
            -0.17441627383232117
        ],
        [
            -0.09265264868736267,
            -0.801389217376709,
            -0.17414291203022003
        ],
        [
            -0.09221136569976807,
            -0.7987631559371948,
            -0.172432541847229
        ],
        [
            -0.08559475839138031,
            -0.8025485873222351,
            -0.17666536569595337
        ],
        [
            -0.08404286950826645,
            -0.799022912979126,
            -0.17390435934066772
        ],
        [
            -0.081853486597538,
            -0.800200343132019,
            -0.1760820746421814
        ],
        [
            -0.08398415148258209,
            -0.7947837114334106,
            -0.17076101899147034
        ],
        [
            -0.08064962178468704,
            -0.7940973043441772,
            -0.17161476612091064
        ],
        [
            -0.08181297779083252,
            -0.7963235378265381,
            -0.1732240915298462
        ],
        [
            -0.08129360526800156,
            -0.7905194163322449,
            -0.1698286384344101
        ],
        [
            -0.0857105404138565,
            -0.7923394441604614,
            -0.1691015660762787
        ],
        [
            -0.08931612968444824,
            -0.7892318367958069,
            -0.16801007091999054
        ],
        [
            -0.09416614472866058,
            -0.7860133647918701,
            -0.16658857464790344
        ],
        [
            -0.0890212431550026,
            -0.7826511859893799,
            -0.1657112091779709
        ],
        [
            -0.08438043296337128,
            -0.7864912152290344,
            -0.1678929626941681
        ],
        [
            -0.09195000678300858,
            -0.8055787682533264,
            -0.1757773905992508
        ],
        [
            -0.07760574668645859,
            -0.7968621253967285,
            -0.17509031295776367
        ],
        [
            -0.07739164680242538,
            -0.8032930493354797,
            -0.17849932610988617
        ],
        [
            -0.07536940276622772,
            -0.7926346063613892,
            -0.1735207736492157
        ],
        [
            -0.07508727163076401,
            -0.7882001399993896,
            -0.17087316513061523
        ],
        [
            -0.0776628628373146,
            -0.7833716869354248,
            -0.16786405444145203
        ],
        [
            -0.08209408819675446,
            -0.7784621715545654,
            -0.16521993279457092
        ],
        [
            -0.07253948599100113,
            -0.7565772533416748,
            -0.15240341424942017
        ],
        [
            -0.06677747517824173,
            -0.7634149789810181,
            -0.15732233226299286
        ],
        [
            -0.1115320697426796,
            -0.8719929456710815,
            -0.19251567125320435
        ],
        [
            -0.103824183344841,
            -0.8731812238693237,
            -0.19735217094421387
        ],
        [
            -0.09763728827238083,
            -0.8673853874206543,
            -0.1932734251022339
        ],
        [
            -0.09719183295965195,
            -0.8700090646743774,
            -0.19471049308776855
        ],
        [
            -0.10330475866794586,
            -0.8694334030151367,
            -0.19334332644939423
        ],
        [
            -0.10212051868438721,
            -0.8669007420539856,
            -0.19185887277126312
        ],
        [
            -0.07572104036808014,
            -0.8670681715011597,
            -0.19234015047550201
        ],
        [
            -0.08263605087995529,
            -0.8667267560958862,
            -0.19182941317558289
        ],
        [
            -0.0802779495716095,
            -0.8636763095855713,
            -0.19036510586738586
        ],
        [
            -0.07220697402954102,
            -0.8612394332885742,
            -0.19208864867687225
        ],
        [
            -0.08735999464988708,
            -0.8533046245574951,
            -0.18818369507789612
        ],
        [
            -0.08282535523176193,
            -0.8561264872550964,
            -0.18946845829486847
        ],
        [
            -0.08919648826122284,
            -0.8609663248062134,
            -0.18952912092208862
        ],
        [
            -0.09250508248806,
            -0.8589816689491272,
            -0.1886315792798996
        ],
        [
            -0.09595798701047897,
            -0.8574990034103394,
            -0.18689683079719543
        ],
        [
            -0.09964489191770554,
            -0.856663703918457,
            -0.18447645008563995
        ],
        [
            -0.09715673327445984,
            -0.8517855405807495,
            -0.1836957484483719
        ],
        [
            -0.09237828850746155,
            -0.852085530757904,
            -0.1861758679151535
        ],
        [
            -0.1085144504904747,
            -0.8693646192550659,
            -0.18932227790355682
        ],
        [
            -0.11289907991886139,
            -0.8678697347640991,
            -0.18348926305770874
        ],
        [
            -0.11024317890405655,
            -0.8653819561004639,
            -0.18365822732448578
        ],
        [
            -0.10694580525159836,
            -0.8664109706878662,
            -0.1886984407901764
        ],
        [
            -0.11118710786104202,
            -0.8597850799560547,
            -0.17184436321258545
        ],
        [
            -0.11195924133062363,
            -0.8618354201316833,
            -0.17382507026195526
        ],
        [
            -0.11555078625679016,
            -0.8623825311660767,
            -0.17208518087863922
        ],
        [
            -0.11400755494832993,
            -0.8584146499633789,
            -0.1702718436717987
        ],
        [
            -0.11159888654947281,
            -0.855739951133728,
            -0.17175596952438354
        ],
        [
            -0.11016051471233368,
            -0.8581708669662476,
            -0.17297816276550293
        ],
        [
            -0.12240874022245407,
            -0.9264708757400513,
            -0.19509786367416382
        ],
        [
            -0.1257917582988739,
            -0.9081107974052429,
            -0.19496944546699524
        ],
        [
            -0.10174752026796341,
            -0.9262673854827881,
            -0.19699665904045105
        ],
        [
            -0.08421457558870316,
            -0.9212461113929749,
            -0.1955866813659668
        ],
        [
            -0.0686141848564148,
            -0.9117786288261414,
            -0.19421948492527008
        ],
        [
            -0.0575900673866272,
            -0.8083406686782837,
            -0.18045710027217865
        ],
        [
            -0.04979991167783737,
            -0.8020120859146118,
            -0.17623353004455566
        ],
        [
            -0.03881893306970596,
            -0.8136649131774902,
            -0.17553973197937012
        ],
        [
            -0.033885657787323,
            -0.8048487305641174,
            -0.1698790192604065
        ],
        [
            -0.045743897557258606,
            -0.7930320501327515,
            -0.1709328293800354
        ],
        [
            -0.04832352325320244,
            -0.7735345363616943,
            -0.1563500463962555
        ],
        [
            -0.045202165842056274,
            -0.7828629016876221,
            -0.16442182660102844
        ],
        [
            -0.030736960470676422,
            -0.7955403923988342,
            -0.162324920296669
        ],
        [
            -0.018113993108272552,
            -0.8130965828895569,
            -0.1608513742685318
        ],
        [
            -0.023977182805538177,
            -0.8185341358184814,
            -0.16800644993782043
        ],
        [
            -0.01110677421092987,
            -0.8324354887008667,
            -0.1576404720544815
        ],
        [
            -0.012165524065494537,
            -0.8073779940605164,
            -0.15026719868183136
        ],
        [
            -0.007302373647689819,
            -0.8336966633796692,
            -0.14976423978805542
        ],
        [
            -0.022200778126716614,
            -0.7706233859062195,
            -0.13668417930603027
        ],
        [
            -0.018645454198122025,
            -0.7608569860458374,
            -0.13511580228805542
        ],
        [
            -0.0028422698378562927,
            -0.7714247107505798,
            -0.14030821621418
        ],
        [
            -0.006454702466726303,
            -0.7817336916923523,
            -0.14089027047157288
        ],
        [
            -0.031183883547782898,
            -0.8244903087615967,
            -0.1741865575313568
        ],
        [
            -0.054693832993507385,
            -0.8820934891700745,
            -0.1898929476737976
        ],
        [
            -0.06475652754306793,
            -0.8780546188354492,
            -0.1938132494688034
        ],
        [
            -0.046448200941085815,
            -0.8715174198150635,
            -0.1871190071105957
        ],
        [
            -0.05989755690097809,
            -0.9449117183685303,
            -0.18523262441158295
        ],
        [
            -0.07351627945899963,
            -0.9346510171890259,
            -0.1919669657945633
        ],
        [
            -0.05968083441257477,
            -0.9232323169708252,
            -0.19088920950889587
        ],
        [
            -0.04855995625257492,
            -0.9343355894088745,
            -0.1850781887769699
        ],
        [
            -0.09543561190366745,
            -0.9709688425064087,
            -0.17555853724479675
        ],
        [
            -0.10998256504535675,
            -0.9508142471313477,
            -0.18874287605285645
        ],
        [
            -0.0932091623544693,
            -0.9448846578598022,
            -0.19137272238731384
        ],
        [
            -0.07982613146305084,
            -0.9602022171020508,
            -0.18178823590278625
        ],
        [
            -0.03825482726097107,
            -0.9404126405715942,
            -0.17772190272808075
        ],
        [
            -0.0259084552526474,
            -0.9479656219482422,
            -0.16647833585739136
        ],
        [
            -0.028864815831184387,
            -0.9644151926040649,
            -0.16162121295928955
        ],
        [
            -0.04558040201663971,
            -0.956710934638977,
            -0.1746668666601181
        ],
        [
            -0.038530901074409485,
            -0.9848490953445435,
            -0.15098078548908234
        ],
        [
            -0.05929744243621826,
            -0.9762221574783325,
            -0.16693629324436188
        ],
        [
            0.0012217238545417786,
            -0.8225075006484985,
            -0.14111755788326263
        ],
        [
            -0.00029846280813217163,
            -0.842361569404602,
            -0.14158906042575836
        ],
        [
            -0.011793076992034912,
            -0.7928011417388916,
            -0.14347980916500092
        ],
        [
            0.002837851643562317,
            -0.8056542873382568,
            -0.1405727118253708
        ],
        [
            -0.05165064334869385,
            -0.9994189143180847,
            -0.13625557720661163
        ],
        [
            -0.07606764137744904,
            -0.9896985292434692,
            -0.15558889508247375
        ],
        [
            0.009775295853614807,
            -0.9427679777145386,
            -0.12485577166080475
        ],
        [
            -0.0007683634757995605,
            -0.9568726420402527,
            -0.1336844265460968
        ],
        [
            -0.003190457820892334,
            -0.9401774406433105,
            -0.14691394567489624
        ],
        [
