{
    "pred_cam": [
        1.1413453817367554,
        0.004289181903004646,
        0.16868489980697632
    ],
    "pred_smpl_params": {
        "global_orient": [
            [
                [
                    0.9763792753219604,
                    0.2157822549343109,
                    0.011024816893041134
                ],
                [
                    0.2159169316291809,
                    -0.9763254523277283,
                    -0.012981448322534561
                ],
                [
                    0.007962643168866634,
                    0.015055261552333832,
                    -0.9998549818992615
                ]
            ]
        ],
        "body_pose": [
            [
                [
                    0.9990743398666382,
                    -0.04284386709332466,
                    -0.003850003704428673
                ],
                [
                    0.042669713497161865,
                    0.9757013320922852,
                    0.2149096429347992
                ],
                [
                    -0.005451105535030365,
                    -0.2148749977350235,
                    0.9766262769699097
                ]
            ],
            [
                [
                    0.9994527101516724,
                    0.033066775649785995,
                    -0.0009475693223066628
                ],
                [
                    -0.03169315680861473,
                    0.9653564095497131,
                    0.25900301337242126
                ],
                [
                    0.009479139931499958,
                    -0.2588312327861786,
                    0.965876042842865
                ]
            ],
            [
                [
                    0.9996200203895569,
                    0.022979015484452248,
                    0.015227637253701687
                ],
                [
                    -0.020108485594391823,
                    0.9856829643249512,
                    -0.16740579903125763
                ],
                [
                    -0.01885644532740116,
                    0.16703596711158752,
                    0.9857705235481262
                ]
            ],
            [
                [
                    0.9918742775917053,
                    0.018944505602121353,
                    -0.1258029341697693
                ],
                [
                    -0.10075689852237701,
                    0.7207136154174805,
                    -0.6858716011047363
                ],
                [
                    0.07767442613840103,
                    0.6929740309715271,
                    0.7167660593986511
                ]
            ],
            [
                [
                    0.9865927696228027,
                    -0.11517442762851715,
                    0.11562667042016983
                ],
                [
                    0.16120153665542603,
                    0.5771540999412537,
                    -0.8005667328834534
                ],
                [
                    0.02547040395438671,
                    0.8084725737571716,
                    0.5879823565483093
                ]
            ],
            [
                [
                    0.9990553259849548,
                    -0.03541581705212593,
                    0.025185126811265945
                ],
                [
                    0.03455862030386925,
                    0.9988345503807068,
                    0.0336931087076664
                ],
                [
                    -0.02634904347360134,
                    -0.032790910452604294,
                    0.9991148710250854
                ]
            ],
            [
                [
                    0.9828932881355286,
                    0.03126018866896629,
                    0.18150410056114197
                ],
                [
                    -0.04388460889458656,
                    0.9968568086624146,
                    0.06595936417579651
                ],
                [
                    -0.17887169122695923,
                    -0.07279623299837112,
                    0.9811757206916809
                ]
            ],
            [
                [
                    0.9846226572990417,
                    -0.002667631721124053,
                    -0.17467476427555084
                ],
                [
                    0.012360003776848316,
                    0.9984413981437683,
                    0.05442391335964203
                ],
                [
                    0.17425735294818878,
                    -0.05574599280953407,
                    0.9831209778785706
                ]
            ],
            [
                [
                    0.9994874000549316,
                    -0.031101102009415627,
                    0.007601800840348005
                ],
                [
                    0.03144291415810585,
                    0.9982550144195557,
                    -0.0499814935028553
                ],
                [
                    -0.006034056656062603,
                    0.050194889307022095,
                    0.9987212419509888
                ]
            ],
            [
                [
                    0.9880512356758118,
                    -0.13628265261650085,
                    -0.07198473811149597
                ],
                [
                    0.14606067538261414,
                    0.9770516753196716,
                    0.15503668785095215
                ],
                [
                    0.04920399934053421,
                    -0.16369833052158356,
                    0.9852826595306396
                ]
            ],
            [
                [
                    0.9951023459434509,
                    0.097434863448143,
                    0.016663840040564537
                ],
                [
                    -0.0988413542509079,
                    0.9786091446876526,
                    0.18042878806591034
                ],
                [
                    0.001272666733711958,
                    -0.18119220435619354,
                    0.9834468364715576
                ]
            ],
            [
                [
                    0.996860921382904,
                    0.044637810438871384,
                    -0.06538815796375275
                ],
                [
                    -0.03262653574347496,
                    0.9841299653053284,
                    0.1744241714477539
                ],
                [
                    0.07213634997606277,
                    -0.1717432737350464,
                    0.9824970960617065
                ]
            ],
            [
                [
                    0.9169731736183167,
                    0.3977630138397217,
                    -0.03074006177484989
                ],
                [
                    -0.3989264667034149,
                    0.9150152802467346,
                    -0.06003992259502411
                ],
                [
                    0.0042459662072360516,
                    0.06731801480054855,
                    0.9977226257324219
                ]
            ],
            [
                [
                    0.9082725048065186,
                    -0.4152948558330536,
                    0.05070691928267479
                ],
                [
                    0.41731593012809753,
                    0.9079206585884094,
                    -0.03908367082476616
                ],
                [
                    -0.029806608334183693,
                    0.056659430265426636,
                    0.9979485273361206
                ]
            ],
            [
                [
                    0.9962440133094788,
                    0.010048680938780308,
                    -0.08600533753633499
                ],
                [
                    -0.01867361180484295,
                    0.9948046207427979,
                    -0.10007517784833908
                ],
                [
                    0.08455288410186768,
                    0.10130532085895538,
                    0.9912558197975159
                ]
            ],
            [
                [
                    0.4054158627986908,
                    0.8698357343673706,
                    -0.28111156821250916
                ],
                [
                    -0.9132444858551025,
                    0.39894577860832214,
                    -0.08262399584054947
                ],
                [
                    0.04027895629405975,
                    0.2902206778526306,
                    0.9561116099357605
                ]
            ],
            [
                [
                    0.521077036857605,
                    -0.8272708058357239,
                    0.2100042700767517
                ],
                [
                    0.8513145446777344,
                    0.5213941335678101,
                    -0.058409880846738815
                ],
                [
                    -0.06117420271039009,
                    0.20921573042869568,
                    0.9759541749954224
                ]
            ],
            [
                [
                    0.7940558791160583,
                    -0.18514478206634521,
                    -0.5789616703987122
                ],
                [
                    0.009469372220337391,
                    0.9561351537704468,
                    -0.2927727699279785
                ],
                [
                    0.6077709794044495,
                    0.2269955426454544,
                    0.7609779238700867
                ]
            ],
            [
                [
                    0.8755127191543579,
                    0.15368123352527618,
                    0.45810434222221375
                ],
                [
                    -0.07004895061254501,
                    0.9784260392189026,
                    -0.19435963034629822
                ],
                [
                    -0.47809064388275146,
                    0.1380746066570282,
                    0.8673896789550781
                ]
            ],
            [
                [
                    0.9997876286506653,
                    -0.012348667718470097,
                    0.016496742144227028
                ],
                [
                    0.012642156332731247,
                    0.9997615218162537,
                    -0.017806537449359894
                ],
                [
                    -0.01627292111515999,
                    0.018011312931776047,
                    0.9997053146362305
                ]
            ],
            [
                [
                    0.9990271329879761,
                    0.012556998059153557,
                    -0.04227359592914581
                ],
                [
                    -0.01734834536910057,
                    0.9932190179824829,
                    -0.11495692282915115
                ],
                [
                    0.04054342210292816,
                    0.11557847261428833,
                    0.9924705624580383
                ]
            ],
            [
                [
                    0.9648340344429016,
                    0.23665188252925873,
                    -0.11441664397716522
                ],
                [
                    -0.21633197367191315,
                    0.9621418714523315,
                    0.16578179597854614
                ],
                [
                    0.14931760728359222,
                    -0.13519994914531708,
                    0.9795026183128357
                ]
            ],
            [
                [
                    0.9710889458656311,
                    -0.23190216720104218,
                    0.05663673207163811
                ],
                [
                    0.21629852056503296,
                    0.9551466107368469,
                    0.20226193964481354
                ],
                [
                    -0.10100135952234268,
                    -0.1841638833284378,
                    0.9776924252510071
                ]
            ]
        ],
        "betas": [
            -0.05370861291885376,
            -0.08099442720413208,
            0.037169694900512695,
            0.04519534111022949,
            0.016081243753433228,
            0.06924694776535034,
            0.009788095951080322,
            -0.1133795976638794,
            0.0635858029127121,
            -0.08013328909873962
        ]
    },
    "pred_cam_t": [
        0.004289181903004646,
        0.16868489980697632,
        34.22496032714844
    ],
    "focal_length": [
        5000.0,
        5000.0
    ],
    "pred_keypoints_3d": [
        [
            0.11771602928638458,
            -0.8378951549530029,
            -0.14596061408519745
        ],
        [
            0.10251457244157791,
            -0.7220724821090698,
            0.010345421731472015
        ],
        [
            -0.0928996205329895,
            -0.6501930356025696,
            0.01921859197318554
        ],
        [
            -0.15924489498138428,
            -0.4123685956001282,
            0.07799794524908066
        ],
        [
            -0.21457526087760925,
            -0.18040673434734344,
            -0.010281577706336975
        ],
        [
            0.2597939372062683,
            -0.5952393412590027,
            0.03327716514468193
        ],
        [
            0.2134583294391632,
            -0.35181382298469543,
            0.11196981370449066
        ],
        [
            0.14570686221122742,
            -0.13932350277900696,
            0.0028179585933685303
        ],
        [
            -0.0017849851865321398,
            -0.22391445934772491,
            0.028655176982283592
        ],
        [
            -0.0877380222082138,
            -0.15006211400032043,
            0.030930109322071075
        ],
        [
            -0.21522510051727295,
            0.19732794165611267,
            -0.06438252329826355
        ],
        [
            -0.2290317714214325,
            0.48149573802948,
            0.21438920497894287
        ],
        [
            0.04654660075902939,
            -0.11940973252058029,
            0.03458721190690994
        ],
        [
            0.01746515929698944,
            0.2448672652244568,
            -0.045769646763801575
        ],
        [
            -0.05622480809688568,
            0.5537043809890747,
            0.19411911070346832
        ],
        [
            0.09750349819660187,
            -0.881972074508667,
            -0.10743948817253113
        ],
        [
            0.16204921901226044,
            -0.8681012392044067,
            -0.1155942752957344
        ],
        [
            0.06457867473363876,
            -0.8690845370292664,
            -0.009853886440396309
        ],
        [
            0.20696625113487244,
            -0.8386051058769226,
            -0.028074201196432114
        ],
        [
            -0.07873449474573135,
            0.6848719120025635,
            0.04712513089179993
        ],
        [
            -0.009921513497829437,
            0.6824477314949036,
            0.09532570838928223
        ],
        [
            -0.05242502689361572,
            0.5579355955123901,
            0.2644846439361572
        ],
        [
            -0.2582394480705261,
            0.626605749130249,
            0.08358460664749146
        ],
        [
            -0.3233526051044464,
            0.5952174663543701,
            0.13173478841781616
        ],
        [
            -0.22813528776168823,
            0.4847852289676666,
            0.2873329818248749
        ],
        [
            -0.24426817893981934,
            0.42390668392181396,
            0.2065148949623108
        ],
        [
            -0.19900858402252197,
            0.14075930416584015,
            -0.06304895877838135
        ],
        [
            -0.13978911936283112,
            -0.2872828245162964,
            0.04090442508459091
        ],
        [
            0.14632827043533325,
            -0.20859235525131226,
            0.05560702085494995
        ],
        [
            0.03512495011091232,
            0.2079683542251587,
            -0.04504860192537308
        ],
        [
            -0.038964804261922836,
            0.5141007900238037,
            0.19943499565124512
        ],
        [
            -0.1956770122051239,
            -0.20349904894828796,
            -0.03014710545539856
        ],
        [
            -0.18332639336585999,
            -0.43296635150909424,
            0.051603786647319794
        ],
        [
            -0.052860938012599945,
            -0.6792469024658203,
            0.020025869831442833
        ],
        [
            0.2353176474571228,
            -0.6336713433265686,
            0.03493405133485794
        ],
        [
            0.2485438585281372,
            -0.36236244440078735,
            0.07477165758609772
        ],
        [
            0.1538701355457306,
            -0.15674808621406555,
            -0.006165608298033476
        ],
        [
            0.10366818308830261,
            -0.7114040851593018,
            0.007576577365398407
        ],
        [
            0.1493827998638153,
            -0.905851423740387,
            -0.0314164012670517
        ],
        [
            0.004026865586638451,
            -0.24807152152061462,
            0.048147838562726974
        ],
        [
            0.09011267125606537,
            -0.655340850353241,
            0.02321670576930046
        ],
        [
            0.059262584894895554,
            -0.4839983880519867,
            0.05044134333729744
        ],
        [
            0.12609925866127014,
            -0.8028655648231506,
            -0.07303321361541748
        ],
        [
            0.1496792733669281,
            -0.9247852563858032,
            -0.020715340971946716
        ]
    ],
    "pred_vertices": [
        [
            0.1834704875946045,
            -0.910606861114502,
            -0.11381987482309341
        ],
        [
            0.17385339736938477,
            -0.8986800909042358,
            -0.12037444114685059
        ],
        [
            0.1845235675573349,
            -0.891939640045166,
            -0.11350454390048981
        ],
        [
            0.1935170441865921,
            -0.9003065824508667,
            -0.10390527546405792
        ],
        [
            0.1780242919921875,
            -0.8845268487930298,
            -0.11915139853954315
        ],
        [
            0.16802652180194855,
            -0.8887719511985779,
            -0.12461718916893005
        ],
        [
            0.1908470094203949,
            -0.8835365772247314,
            -0.1044229120016098
        ],
        [
            0.1984947919845581,
            -0.8882613182067871,
            -0.0940200686454773
        ],
        [
            0.1894703358411789,
            -0.846723198890686,
            -0.09610801190137863
        ],
        [
            0.1931287795305252,
            -0.8405909538269043,
            -0.08747271448373795
        ],
        [
            0.1956157088279724,
            -0.8523527383804321,
            -0.08824354410171509
        ],
        [
            0.19016417860984802,
            -0.8555244207382202,
            -0.09636327624320984
        ],
        [
            0.18325915932655334,
            -0.8211604952812195,
            -0.09444758296012878
        ],
        [
            0.17455071210861206,
            -0.8144744634628296,
            -0.10272836685180664
        ],
        [
            0.17557023465633392,
            -0.8042106628417969,
            -0.09393441677093506
        ],
        [
            0.1830003410577774,
            -0.8106973171234131,
            -0.08477465808391571
        ],
        [
            0.14408721029758453,
            -0.8375670909881592,
            -0.12163805961608887
        ],
        [
            0.14806291460990906,
            -0.8298484683036804,
            -0.1215791404247284
        ],
        [
            0.15329667925834656,
            -0.8354055285453796,
            -0.12057371437549591
        ],
        [
            0.14846444129943848,
            -0.8424673080444336,
            -0.12035592645406723
        ],
        [
            0.13663350045681,
            -0.8495006561279297,
            -0.12611594796180725
        ],
        [
            0.13913902640342712,
            -0.8542945981025696,
            -0.12250715494155884
        ],
        [
            0.13491412997245789,
            -0.8596188426017761,
            -0.1267477422952652
        ],
        [
            0.1330234855413437,
            -0.8540459871292114,
            -0.1315843015909195
        ],
        [
            0.13765451312065125,
            -0.8336192965507507,
            -0.12155590951442719
        ],
        [
            0.1420556902885437,
            -0.8256117105484009,
            -0.12118624895811081
        ],
        [
            0.14062145352363586,
            -0.8442781567573547,
            -0.122353196144104
        ],
        [
            0.13748064637184143,
            -0.8404147624969482,
            -0.12471172213554382
        ],
        [
            0.13249695301055908,
            -0.8362436294555664,
            -0.1351878046989441
        ],
        [
            0.13511693477630615,
            -0.8403165340423584,
            -0.1335049271583557
        ],
        [
            0.13147954642772675,
            -0.8428815603256226,
            -0.13994386792182922
        ],
        [
            0.12914055585861206,
            -0.8377159833908081,
            -0.13958629965782166
        ],
        [
            0.135687455534935,
            -0.8340110778808594,
            -0.1262696236371994
        ],
        [
            0.13663746416568756,
            -0.837005615234375,
            -0.12893113493919373
        ],
        [
            0.13328884541988373,
            -0.8341574668884277,
            -0.13128571212291718
        ],
        [
            0.13173019886016846,
            -0.8320392370223999,
            -0.1280614584684372
        ],
        [
            0.1348324567079544,
            -0.8457993268966675,
            -0.12924537062644958
        ],
        [
            0.1319180130958557,
            -0.8490010499954224,
            -0.1357705295085907
        ],
        [
            0.12792332470417023,
            -0.8520313501358032,
            -0.14232288300991058
        ],
        [
            0.12673836946487427,
            -0.8439836502075195,
            -0.1464003324508667
        ],
        [
            0.156187504529953,
            -0.8136340379714966,
            -0.11688512563705444
        ],
        [
            0.1524742841720581,
            -0.821940541267395,
            -0.12032358348369598
        ],
        [
            0.14646410942077637,
            -0.8182286024093628,
            -0.1204083263874054
        ],
        [
            0.15009213984012604,
            -0.8115265965461731,
            -0.1182410717010498
        ],
        [
            0.1324877142906189,
            -0.8283821940422058,
            -0.12492287904024124
        ],
        [
            0.13266512751579285,
            -0.8120054006576538,
            -0.12646488845348358
        ],
        [
            0.1337483823299408,
            -0.8157023787498474,
            -0.1264893114566803
        ],
        [
            0.12776833772659302,
            -0.8182421922683716,
            -0.1298632025718689
        ],
        [
            0.12740358710289001,
            -0.8146249055862427,
            -0.12976229190826416
        ],
        [
            0.1583702117204666,
            -0.7977601289749146,
            -0.1091485321521759
        ],
        [
            0.15232309699058533,
            -0.7983726263046265,
            -0.11325602233409882
        ],
        [
            0.15141558647155762,
            -0.7912967205047607,
            -0.11100872606039047
        ],
        [
            0.15667259693145752,
            -0.7893880605697632,
            -0.10563458502292633
        ],
        [
            0.14809522032737732,
            -0.785959005355835,
            -0.11001087725162506
        ],
        [
            0.15402328968048096,
            -0.7816356420516968,
            -0.10264967381954193
        ],
        [
            0.14230850338935852,
            -0.7697207927703857,
            -0.10261353850364685
        ],
        [
            0.1481645107269287,
            -0.7748106122016907,
            -0.10238905251026154
        ],
        [
            0.14316636323928833,
            -0.7813228368759155,
            -0.1104281097650528
        ],
        [
            0.13671159744262695,
            -0.7777001857757568,
            -0.11339503526687622
        ],
        [
            0.12537682056427002,
            -0.7857562303543091,
            -0.12102337181568146
        ],
        [
            0.11925087869167328,
            -0.7859688997268677,
            -0.12341735512018204
        ],
        [
            0.12128960341215134,
            -0.7729231119155884,
            -0.12216780334711075
        ],
        [
            0.12857232987880707,
            -0.7745122909545898,
            -0.11826236546039581
        ],
        [
            0.13145965337753296,
            -0.8061705827713013,
            -0.12230388820171356
        ],
        [
            0.13544246554374695,
            -0.8051828145980835,
            -0.11972954869270325
        ],
        [
            0.13587935268878937,
            -0.8067409992218018,
            -0.12198927253484726
        ],
        [
            0.1319572627544403,
            -0.8089592456817627,
            -0.12497435510158539
        ],
        [
            0.13892468810081482,
            -0.8040505647659302,
            -0.11808133125305176
        ],
        [
            0.1404678374528885,
            -0.8033945560455322,
            -0.11747023463249207
        ],
        [
            0.14048783481121063,
            -0.8047706484794617,
            -0.11863407492637634
        ],
        [
            0.13895346224308014,
            -0.804915189743042,
            -0.1186860203742981
        ],
        [
            0.13697056472301483,
            -0.805038332939148,
            -0.11917082965373993
        ],
        [
            0.13555549085140228,
            -0.8034076690673828,
            -0.11957411468029022
        ],
        [
            0.1379055380821228,
            -0.8034964799880981,
            -0.11854520440101624
        ],
        [
            0.1317863017320633,
            -0.8035841584205627,
            -0.12219581753015518
        ],
        [
            0.11861120164394379,
            -0.8044029474258423,
            -0.1293874979019165
        ],
        [
            0.12259069085121155,
            -0.8040931820869446,
            -0.1281142383813858
        ],
        [
            0.1221986711025238,
            -0.8086227774620056,
            -0.12691988050937653
        ],
        [
            0.11885683238506317,
            -0.809177041053772,
            -0.12798070907592773
        ],
        [
            0.13910385966300964,
            -0.8069750666618347,
            -0.12035389244556427
        ],
        [
            0.14197373390197754,
            -0.8079987168312073,
            -0.11983916163444519
        ],
        [
            0.13877904415130615,
            -0.8117139339447021,
            -0.12291404604911804
        ],
        [
            0.1370844841003418,
            -0.8092370629310608,
            -0.12239903956651688
        ],
        [
            0.1450437307357788,
            -0.8092823028564453,
            -0.11971330642700195
        ],
        [
            0.1429625302553177,
            -0.8054065704345703,
            -0.11810584366321564
        ],
        [
            0.1460898071527481,
            -0.8052352070808411,
            -0.11762721836566925
        ],
        [
            0.13957513868808746,
            -0.8018147349357605,
            -0.11748099327087402
        ],
        [
            0.1418570876121521,
            -0.799492359161377,
            -0.11626295745372772
        ],
        [
            0.14292219281196594,
            -0.8020164966583252,
            -0.11717849969863892
        ],
        [
            0.1392214000225067,
            -0.7968156337738037,
            -0.11667399853467941
        ],
        [
            0.13674229383468628,
            -0.8005938529968262,
            -0.11844444274902344
        ],
        [
            0.13277824223041534,
            -0.7997872829437256,
            -0.12104713171720505
        ],
        [
            0.12780699133872986,
            -0.7994123697280884,
            -0.1244020015001297
        ],
        [
            0.12930317223072052,
            -0.7939717769622803,
            -0.12169653922319412
        ],
        [
            0.13483263552188873,
            -0.7949291467666626,
            -0.11876899003982544
        ],
        [
            0.1416064351797104,
            -0.8148354887962341,
            -0.12208062410354614
        ],
        [
            0.1469685584306717,
            -0.8003494143486023,
            -0.11552540957927704
        ],
        [
            0.1518072634935379,
            -0.8057613372802734,
            -0.1154610812664032
        ],
        [
            0.14586001634597778,
            -0.7956192493438721,
            -0.11460891366004944
        ],
        [
            0.14293275773525238,
            -0.791693925857544,
            -0.11433526873588562
        ],
        [
            0.13811960816383362,
            -0.7885796427726746,
            -0.11542678624391556
        ],
        [
            0.13188226521015167,
            -0.7868891954421997,
            -0.1182718575000763
        ],
        [
            0.12267571687698364,
            -0.7630493640899658,
            -0.11107377707958221
        ],
        [
            0.13206112384796143,
            -0.7656050324440002,
            -0.10746892541646957
        ],
        [
            0.1645491123199463,
            -0.881879985332489,
            -0.12208083271980286
        ],
        [
            0.17286579310894012,
            -0.8787573575973511,
            -0.1201939508318901
        ],
        [
            0.17195695638656616,
            -0.8708127737045288,
            -0.11579713225364685
        ],
        [
            0.17429843544960022,
            -0.8729232549667358,
            -0.11555120348930359
        ],
        [
            0.16919340193271637,
            -0.8754016757011414,
            -0.11849717050790787
        ],
        [
            0.1681537628173828,
            -0.8726909160614014,
            -0.1179920881986618
        ],
        [
            0.1843472421169281,
            -0.8595056533813477,
            -0.1016988754272461
        ],
        [
            0.17984843254089355,
            -0.8626730442047119,
            -0.10599740594625473
        ],
        [
            0.17936959862709045,
            -0.8587712049484253,
            -0.10462062060832977
        ],
        [
            0.18445925414562225,
            -0.8526530265808105,
            -0.10138124227523804
        ],
        [
            0.16986870765686035,
            -0.8536080121994019,
            -0.11146047711372375
        ],
        [
            0.1745174080133438,
            -0.8536304831504822,
            -0.1083841621875763
        ],
        [
            0.17222604155540466,
            -0.8612138032913208,
            -0.11062489449977875
        ],
        [
            0.16889606416225433,
            -0.8612067103385925,
            -0.11292734742164612
        ],
        [
            0.16502925753593445,
            -0.8617392182350159,
            -0.11476612091064453
        ],
        [
            0.16084736585617065,
            -0.862751841545105,
            -0.11566278338432312
        ],
        [
            0.15987098217010498,
            -0.8574661016464233,
            -0.11536650359630585
        ],
        [
            0.1647283434867859,
            -0.8552717566490173,
            -0.11390707641839981
        ],
        [
            0.16302675008773804,
            -0.8780874013900757,
            -0.11925558745861053
        ],
        [
            0.15588445961475372,
            -0.8789411187171936,
            -0.11849965155124664
        ],
        [
            0.15652567148208618,
            -0.8756517171859741,
            -0.11814330518245697
        ],
        [
            0.16260764002799988,
            -0.8748303055763245,
            -0.11918634176254272
        ],
        [
            0.14553722739219666,
            -0.871308445930481,
            -0.11249515414237976
        ],
        [
            0.14722345769405365,
            -0.8735308647155762,
            -0.1135767251253128
        ],
        [
            0.1440722495317459,
            -0.8757215738296509,
            -0.11453375220298767
        ],
        [
            0.14222308993339539,
            -0.8714717030525208,
            -0.1137177050113678
        ],
        [
            0.14366869628429413,
            -0.8680373430252075,
            -0.1140531599521637
        ],
        [
            0.14633800089359283,
            -0.8694135546684265,
            -0.11310357600450516
        ],
        [
            0.180099755525589,
            -0.9333429336547852,
            -0.11028526723384857
        ],
        [
            0.17062754929065704,
            -0.9186634421348572,
            -0.11970855295658112
        ],
        [
            0.1940726637840271,
            -0.9220684170722961,
            -0.09993020445108414
        ],
        [
            0.20172683894634247,
            -0.9089087247848511,
            -0.09005151689052582
        ],
        [
            0.20635512471199036,
            -0.8933109045028687,
            -0.0819050669670105
        ],
        [
            0.1666645109653473,
            -0.799795389175415,
            -0.10243355482816696
        ],
        [
            0.1662168949842453,
            -0.7903721928596497,
            -0.09665952622890472
        ],
        [
            0.1758534014225006,
            -0.7947374582290649,
            -0.08502738922834396
        ],
        [
            0.1719091236591339,
            -0.7849119901657104,
            -0.080009326338768
        ],
        [
            0.16233664751052856,
            -0.7804867029190063,
            -0.09274645149707794
        ],
        [
            0.14577370882034302,
            -0.7652479410171509,
            -0.08912274241447449
        ],
        [
            0.15551172196865082,
            -0.7715498805046082,
            -0.09031660854816437
        ],
        [
            0.1654016673564911,
            -0.7759649157524109,
            -0.0740470290184021
        ],
        [
            0.17608310282230377,
            -0.7853444814682007,
            -0.05912734568119049
        ],
        [
            0.1801176518201828,
            -0.7920786142349243,
            -0.06777016818523407
        ],
        [
            0.1841476410627365,
            -0.7986727952957153,
            -0.046402134001255035
        ],
        [
            0.17061208188533783,
            -0.7787980437278748,
            -0.046796344220638275
        ],
        [
            0.18172770738601685,
            -0.7979075908660889,
            -0.03744097799062729
        ],
        [
            0.148885577917099,
            -0.7467206716537476,
            -0.04885420203208923
        ],
        [
            0.14917287230491638,
            -0.7350977659225464,
            -0.044189561158418655
        ],
        [
            0.16156171262264252,
            -0.7398602962493896,
            -0.031367797404527664
        ],
        [
            0.1623750776052475,
            -0.7510226964950562,
            -0.03610392287373543
        ],
        [
            0.18264618515968323,
            -0.800550103187561,
            -0.07562433183193207
        ],
        [
            0.2004629224538803,
            -0.8618941903114319,
            -0.08002305030822754
        ],
        [
            0.19550201296806335,
            -0.8633359670639038,
            -0.09106137603521347
        ],
        [
            0.19931572675704956,
            -0.8486279249191284,
            -0.07733611762523651
        ],
        [
            0.21851904690265656,
            -0.9174983501434326,
            -0.058868542313575745
        ],
        [
            0.2118251770734787,
            -0.9153966307640076,
            -0.0762932077050209
        ],
        [
            0.21476705372333527,
            -0.8982248306274414,
            -0.07052239775657654
        ],
        [
            0.22152088582515717,
            -0.9024264812469482,
            -0.05498126894235611
        ],
        [
            0.19901518523693085,
            -0.9576008915901184,
            -0.06361925601959229
        ],
        [
            0.19213049113750458,
            -0.9479101300239563,
            -0.08904367685317993
        ],
        [
            0.20174169540405273,
            -0.9331616759300232,
            -0.08304373919963837
        ],
        [
            0.2091059386730194,
            -0.9401874542236328,
            -0.06281059980392456
        ],
        [
            0.22457924485206604,
            -0.9025116562843323,
            -0.041765131056308746
        ],
        [
            0.2267274260520935,
            -0.9022069573402405,
            -0.02331533655524254
        ],
        [
            0.22693891823291779,
            -0.9180833101272583,
            -0.015469282865524292
        ],
        [
            0.22357326745986938,
            -0.9205691814422607,
            -0.037716276943683624
        ],
        [
            0.22001346945762634,
            -0.9396908283233643,
            -0.006899964064359665
        ],
        [
            0.2161814123392105,
            -0.942887544631958,
            -0.033964190632104874
        ],
        [
            0.17750060558319092,
            -0.7850145101547241,
            -0.02646039053797722
        ],
        [
            0.18351522088050842,
            -0.8020614385604858,
            -0.024434370920062065
        ],
        [
            0.16357091069221497,
            -0.7645347714424133,
            -0.042543232440948486
        ],
        [
            0.17296645045280457,
            -0.7699592113494873,
            -0.026307756081223488
        ],
        [
            0.20610401034355164,
            -0.9577600955963135,
            0.00039605051279067993
        ],
        [
            0.20319896936416626,
            -0.9628551006317139,
            -0.031571805477142334
        ],
        [
            0.2145455777645111,
            -0.8800009489059448,
            0.025284558534622192
        ],
        [
            0.22103166580200195,
            -0.8970968127250671,
            0.01783837378025055
        ],
        [
            0.22275413572788239,
            -0.8843778967857361,
            0.001213017851114273
        ],
        [
            0.2171660214662552,
            -0.8699789047241211,
            0.010397005826234818
        ],
        [
            0.20744237303733826,
