{
    "pred_cam": [
        1.1423451900482178,
        -0.014897895976901054,
        0.1487058699131012
    ],
    "pred_smpl_params": {
        "global_orient": [
            [
                [
                    0.9771144986152649,
                    0.2125641405582428,
                    -0.007979237474501133
                ],
                [
                    0.2124924510717392,
                    -0.9771216511726379,
                    -0.008965175598859787
                ],
                [
                    -0.009702359326183796,
                    0.007064475677907467,
                    -0.9999279975891113
                ]
            ]
        ],
        "body_pose": [
            [
                [
                    0.9989162683486938,
                    -0.04653967171907425,
                    0.0006128661916591227
                ],
                [
                    0.045409612357616425,
                    0.9773809909820557,
                    0.20655342936515808
                ],
                [
                    -0.010211932472884655,
                    -0.206301748752594,
                    0.9784350991249084
                ]
            ],
            [
                [
                    0.9992257952690125,
                    0.03326766937971115,
                    -0.021000854671001434
                ],
                [
                    -0.026049386709928513,
                    0.959496796131134,
                    0.2805125415325165
                ],
                [
                    0.029482251033186913,
                    -0.2797483205795288,
                    0.9596205353736877
                ]
            ],
            [
                [
                    0.9996865391731262,
                    0.019068071618676186,
                    0.01621977612376213
                ],
                [
                    -0.01610639877617359,
                    0.9859321117401123,
                    -0.1663685441017151
                ],
                [
                    -0.01916392333805561,
                    0.16605517268180847,
                    0.9859302043914795
                ]
            ],
            [
                [
                    0.9916656613349915,
                    0.018771372735500336,
                    -0.12746356427669525
                ],
                [
                    -0.09920914471149445,
                    0.7424579858779907,
                    -0.6625056862831116
                ],
                [
                    0.08220019936561584,
                    0.6696295738220215,
                    0.7381323575973511
                ]
            ],
            [
                [
                    0.9806700348854065,
                    -0.15686213970184326,
                    0.11696350574493408
                ],
                [
                    0.17239287495613098,
                    0.40989577770233154,
                    -0.8956930637359619
                ],
                [
                    0.09255748242139816,
                    0.898543119430542,
                    0.4290144145488739
                ]
            ],
            [
                [
                    0.9989277124404907,
                    -0.03587106242775917,
                    0.029268387705087662
                ],
                [
                    0.034809648990631104,
                    0.9987452626228333,
                    0.03600252419710159
                ],
                [
                    -0.030523112043738365,
                    -0.03494510054588318,
                    0.9989230036735535
                ]
            ],
            [
                [
                    0.9812303185462952,
                    0.029948700219392776,
                    0.19049938023090363
                ],
                [
                    -0.04411293566226959,
                    0.9965322017669678,
                    0.07055220007896423
                ],
                [
                    -0.18772582709789276,
                    -0.07763145864009857,
                    0.9791487455368042
                ]
            ],
            [
                [
                    0.9839923977851868,
                    0.034709855914115906,
                    -0.17479732632637024
                ],
                [
                    -0.016130851581692696,
                    0.9941701889038086,
                    0.1066083237528801
                ],
                [
                    0.17747865617275238,
                    -0.10208215564489365,
                    0.9788157939910889
                ]
            ],
            [
                [
                    0.9994733333587646,
                    -0.030805472284555435,
                    0.010206125676631927
                ],
                [
                    0.03125058487057686,
                    0.9984163641929626,
                    -0.04677864536643028
                ],
                [
                    -0.008748923428356647,
                    0.04707295075058937,
                    0.9988532066345215
                ]
            ],
            [
                [
                    0.9858476519584656,
                    -0.14566431939601898,
                    -0.08298369497060776
                ],
                [
                    0.15741728246212006,
                    0.9745827913284302,
                    0.1593993604183197
                ],
                [
                    0.057655688375234604,
                    -0.17020656168460846,
                    0.9837202429771423
                ]
            ],
            [
                [
                    0.9983952045440674,
                    0.055021341890096664,
                    0.013408839702606201
                ],
                [
                    -0.0565800704061985,
                    0.9792273640632629,
                    0.19471128284931183
                ],
                [
                    -0.0024170242249965668,
                    -0.1951574683189392,
                    0.9807690382003784
                ]
            ],
            [
                [
                    0.9972553253173828,
                    0.046313706785440445,
                    -0.05776582658290863
                ],
                [
                    -0.03518526256084442,
                    0.9829220771789551,
                    0.18062710762023926
                ],
                [
                    0.06514481455087662,
                    -0.17809882760047913,
                    0.9818538427352905
                ]
            ],
            [
                [
                    0.917410135269165,
                    0.39676597714424133,
                    -0.030585527420043945
                ],
                [
                    -0.39789536595344543,
                    0.9157770872116089,
                    -0.05506013706326485
                ],
                [
                    0.006163537036627531,
                    0.06268256157636642,
                    0.998014509677887
                ]
            ],
            [
                [
                    0.9119365811347961,
                    -0.4065850079059601,
                    0.055319394916296005
                ],
                [
                    0.408755898475647,
                    0.9119439721107483,
                    -0.03573191538453102
                ],
                [
                    -0.03592012822628021,
                    0.055197373032569885,
                    0.9978290796279907
                ]
            ],
            [
                [
                    0.9957969784736633,
                    0.01679025962948799,
                    -0.09003683179616928
                ],
                [
                    -0.025497907772660255,
                    0.9950109720230103,
                    -0.09645234048366547
                ],
                [
                    0.08796817809343338,
                    0.09834268689155579,
                    0.9912570118904114
                ]
            ],
            [
                [
                    0.40756329894065857,
                    0.8708407878875732,
                    -0.2748243510723114
                ],
                [
                    -0.9122171401977539,
                    0.4020547568798065,
                    -0.0788157731294632
                ],
                [
                    0.04185844212770462,
                    0.2828218638896942,
                    0.9582586288452148
                ]
            ],
            [
                [
                    0.5297265648841858,
                    -0.8237433433532715,
                    0.20208057761192322
                ],
                [
                    0.8463888168334961,
                    0.5288181900978088,
                    -0.06306453794240952
                ],
                [
                    -0.05491491034626961,
                    0.2044457197189331,
                    0.9773361682891846
                ]
            ],
            [
                [
                    0.8048908114433289,
                    -0.17561326920986176,
                    -0.566842794418335
                ],
                [
                    0.0020798027981072664,
                    0.956037700176239,
                    -0.29323631525039673
                ],
                [
                    0.5934192538261414,
                    0.23484431207180023,
                    0.769871175289154
                ]
            ],
            [
                [
                    0.8771471381187439,
                    0.15067605674266815,
                    0.4559710621833801
                ],
                [
                    -0.060856450349092484,
                    0.9767231345176697,
                    -0.20569008588790894
                ],
                [
                    -0.4763500392436981,
                    0.1526716947555542,
                    0.8658995032310486
                ]
            ],
            [
                [
                    0.9997662305831909,
                    -0.0037583853118121624,
                    0.02129058726131916
                ],
                [
                    0.004423521924763918,
                    0.9995008707046509,
                    -0.03128062188625336
                ],
                [
                    -0.021162396296858788,
                    0.03136748820543289,
                    0.9992838501930237
                ]
            ],
            [
                [
                    0.9989005327224731,
                    -0.0031722092535346746,
                    -0.046769607812166214
                ],
                [
                    -0.0031152875162661076,
                    0.9910097122192383,
                    -0.13375331461429596
                ],
                [
                    0.04677343741059303,
                    0.1337520033121109,
                    0.9899102449417114
                ]
            ],
            [
                [
                    0.9642162919044495,
                    0.23823651671409607,
                    -0.11631946265697479
                ],
                [
                    -0.21738363802433014,
                    0.9616053104400635,
                    0.16750988364219666
                ],
                [
                    0.15176038444042206,
                    -0.13622982800006866,
                    0.9789842367172241
                ]
            ],
            [
                [
                    0.9723414778709412,
                    -0.22677861154079437,
                    0.05588835850358009
                ],
                [
                    0.2116468846797943,
                    0.9567039012908936,
                    0.1998080313205719
                ],
                [
                    -0.0987807959318161,
                    -0.18245303630828857,
                    0.978239893913269
                ]
            ]
        ],
        "betas": [
            -0.03971691429615021,
            -0.07054078578948975,
            0.025231778621673584,
            0.03471308946609497,
            0.012879937887191772,
            0.06792300939559937,
            0.01660788059234619,
            -0.11594074964523315,
            0.06038565933704376,
            -0.0741959810256958
        ]
    },
    "pred_cam_t": [
        -0.014897895976901054,
        0.1487058699131012,
        34.19500732421875
    ],
    "focal_length": [
        5000.0,
        5000.0
    ],
    "pred_keypoints_3d": [
        [
            0.11276783049106598,
            -0.8401933908462524,
            -0.14781507849693298
        ],
        [
            0.0986417680978775,
            -0.7229095697402954,
            0.007808107882738113
        ],
        [
            -0.09609271585941315,
            -0.6501376628875732,
            0.018094364553689957
        ],
        [
            -0.1644812822341919,
            -0.41275447607040405,
            0.07749061286449432
        ],
        [
            -0.22112160921096802,
            -0.1802184134721756,
            -0.009321436285972595
        ],
        [
            0.2573963403701782,
            -0.5975048542022705,
            0.029003065079450607
        ],
        [
            0.21457529067993164,
            -0.35271650552749634,
            0.10641737282276154
        ],
        [
            0.14830508828163147,
            -0.13784343004226685,
            0.00035159289836883545
        ],
        [
            -0.0017941412515938282,
            -0.2238960862159729,
            0.028613246977329254
        ],
        [
            -0.08740255981683731,
            -0.1497373878955841,
            0.03283247351646423
        ],
        [
            -0.21520915627479553,
            0.19707036018371582,
            -0.06604847311973572
        ],
        [
            -0.1855090856552124,
            0.434278666973114,
            0.2532198131084442
        ],
        [
            0.0469781793653965,
            -0.11957603693008423,
            0.03405066207051277
        ],
        [
            0.018942350521683693,
            0.2463965117931366,
            -0.04108797386288643
        ],
        [
            -0.05029080808162689,
            0.5604292750358582,
            0.1942349523305893
        ],
        [
            0.09276163578033447,
            -0.8839912414550781,
            -0.10878539085388184
        ],
        [
            0.15731963515281677,
            -0.8702429533004761,
            -0.11731543391942978
        ],
        [
            0.060347527265548706,
            -0.8700356483459473,
            -0.0110577791929245
        ],
        [
            0.2025483250617981,
            -0.8399438858032227,
            -0.03029794991016388
        ],
        [
            -0.07258913666009903,
            0.6885999441146851,
            0.04454439878463745
        ],
        [
            -0.002989046275615692,
            0.6865564584732056,
            0.09226644039154053
        ],
        [
            -0.04579950124025345,
            0.5657108426094055,
            0.26435399055480957
        ],
        [
            -0.2221674919128418,
            0.5921838879585266,
            0.14103862643241882
        ],
        [
            -0.2836311459541321,
            0.5579566955566406,
            0.19187015295028687
        ],
        [
            -0.17831742763519287,
            0.42889130115509033,
            0.3255268931388855
        ],
        [
            -0.20477546751499176,
            0.37893974781036377,
            0.23870119452476501
        ],
        [
            -0.20078034698963165,
            0.14272798597812653,
            -0.06597233563661575
        ],
        [
            -0.14004932343959808,
            -0.2862929105758667,
            0.04420424997806549
        ],
        [
            0.14700709283351898,
            -0.20930971205234528,
            0.052886880934238434
        ],
        [
            0.036624833941459656,
            0.20894375443458557,
            -0.041236989200115204
        ],
        [
            -0.03318667411804199,
            0.5204561948776245,
            0.19990302622318268
        ],
        [
            -0.20169952511787415,
            -0.20283950865268707,
            -0.02895357459783554
        ],
        [
            -0.1884719580411911,
            -0.4334416389465332,
            0.051189471036195755
        ],
        [
            -0.056484587490558624,
            -0.6793960928916931,
            0.01876671612262726
        ],
        [
            0.2326073944568634,
            -0.6355706453323364,
            0.031080272048711777
        ],
        [
            0.24922829866409302,
            -0.36377573013305664,
            0.06910388916730881
        ],
        [
            0.15605060756206512,
            -0.15525570511817932,
            -0.008778647519648075
        ],
        [
            0.10007936507463455,
            -0.7126210331916809,
            0.00509137287735939
        ],
        [
            0.14502421021461487,
            -0.9070939421653748,
            -0.032793156802654266
        ],
        [
            0.004225254524499178,
            -0.24791258573532104,
            0.04833962395787239
        ],
        [
            0.0870370864868164,
            -0.6563612222671509,
            0.02074281871318817
        ],
        [
            0.05790529027581215,
            -0.4839239716529846,
            0.04787217080593109
        ],
        [
            0.1216311827301979,
            -0.8045440912246704,
            -0.07509209960699081
        ],
        [
            0.1453382819890976,
            -0.9259238243103027,
            -0.02187732234597206
        ]
    ],
    "pred_vertices": [
        [
            0.17865197360515594,
            -0.9126598834991455,
            -0.11524806916713715
        ],
        [
            0.16901518404483795,
            -0.9007580876350403,
            -0.12186029553413391
        ],
        [
            0.17972011864185333,
            -0.8938981294631958,
            -0.11511015892028809
        ],
        [
            0.18878473341464996,
            -0.902291476726532,
            -0.10550694167613983
        ],
        [
            0.17319738864898682,
            -0.8866095542907715,
            -0.12079153209924698
        ],
        [
            0.16315215826034546,
            -0.8908703327178955,
            -0.12621119618415833
        ],
        [
            0.1861007660627365,
            -0.885451078414917,
            -0.10612497478723526
        ],
        [
            0.19379925727844238,
            -0.8901618719100952,
            -0.09569214284420013
        ],
        [
            0.18496257066726685,
            -0.8485887050628662,
            -0.09812599420547485
        ],
        [
            0.1886550933122635,
            -0.8422977924346924,
            -0.08951382339000702
        ],
        [
            0.19108964502811432,
            -0.8541126251220703,
            -0.09027189761400223
        ],
        [
            0.18555547297000885,
            -0.8573923707008362,
            -0.09833512455224991
        ],
        [
            0.1786884218454361,
            -0.8230375051498413,
            -0.09666874259710312
        ],
        [
            0.1699245274066925,
            -0.8164681196212769,
            -0.10499007254838943
        ],
        [
            0.17100349068641663,
            -0.8061219453811646,
            -0.09629719704389572
        ],
        [
            0.1784631609916687,
            -0.812527060508728,
            -0.0871042013168335
        ],
        [
            0.13932111859321594,
            -0.8397523164749146,
            -0.12355520576238632
        ],
        [
            0.14329548180103302,
            -0.8320268392562866,
            -0.12356489896774292
        ],
        [
            0.14853034913539886,
            -0.8375703692436218,
            -0.12253297865390778
        ],
        [
            0.1436900496482849,
            -0.8446328639984131,
            -0.12223856151103973
        ],
        [
            0.1317792534828186,
            -0.851692795753479,
            -0.12793001532554626
        ],
        [
            0.1342969685792923,
            -0.8564440011978149,
            -0.12427859008312225
        ],
        [
            0.13004323840141296,
            -0.8618186712265015,
            -0.12846717238426208
        ],
        [
            0.12812721729278564,
            -0.856288492679596,
            -0.13335546851158142
        ],
        [
            0.13289085030555725,
            -0.8358039855957031,
            -0.12350226938724518
        ],
        [
            0.13727740943431854,
            -0.8277980089187622,
            -0.12319748103618622
        ],
        [
            0.13583213090896606,
            -0.846472978591919,
            -0.12420669198036194
        ],
        [
            0.1326390504837036,
            -0.8425946831703186,
            -0.12660393118858337
        ],
        [
            0.12761083245277405,
            -0.8385290503501892,
            -0.13711440563201904
        ],
        [
            0.1302453875541687,
            -0.8425788879394531,
            -0.1354084312915802
        ],
        [
            0.1265600621700287,
            -0.845187783241272,
            -0.14181557297706604
        ],
        [
            0.12423183023929596,
            -0.8400376439094543,
            -0.1415032148361206
        ],
        [
            0.1308632493019104,
            -0.8361893892288208,
            -0.12822221219539642
        ],
        [
            0.1318003535270691,
            -0.8392143249511719,
            -0.13086570799350739
        ],
        [
            0.1284283697605133,
            -0.8363962173461914,
            -0.13322779536247253
        ],
        [
            0.1268947273492813,
            -0.834229588508606,
            -0.13001054525375366
        ],
        [
            0.12996865808963776,
            -0.8480146527290344,
            -0.1310964673757553
        ],
        [
            0.12701508402824402,
            -0.8512749671936035,
            -0.1375894546508789
        ],
        [
            0.12297330796718597,
            -0.854373574256897,
            -0.14411038160324097
        ],
        [
            0.12176202982664108,
            -0.8462997674942017,
            -0.1482342928647995
        ],
        [
            0.15144965052604675,
            -0.815782368183136,
            -0.1190677210688591
        ],
        [
            0.14770805835723877,
            -0.8241037726402283,
            -0.12240594625473022
        ],
        [
            0.14169369637966156,
            -0.8204135894775391,
            -0.12251340597867966
        ],
        [
            0.14534476399421692,
            -0.8136884570121765,
            -0.1204291582107544
        ],
        [
            0.12765739858150482,
            -0.8305558562278748,
            -0.12690384685993195
        ],
        [
            0.1278359293937683,
            -0.8141740560531616,
            -0.12862950563430786
        ],
        [
            0.12892085313796997,
            -0.8178709745407104,
            -0.12861493229866028
        ],
        [
            0.122916579246521,
            -0.8204339742660522,
            -0.13192595541477203
        ],
        [
            0.12255255877971649,
            -0.8168128728866577,
            -0.13185834884643555
        ],
        [
            0.15367242693901062,
            -0.7998277544975281,
            -0.11148935556411743
        ],
        [
            0.14760777354240417,
            -0.80047607421875,
            -0.11557053029537201
        ],
        [
            0.1467105895280838,
            -0.7933669686317444,
            -0.11340117454528809
        ],
        [
            0.1519995778799057,
            -0.7914097309112549,
            -0.10804565250873566
        ],
        [
            0.1433948576450348,
            -0.7880062460899353,
            -0.11238424479961395
        ],
        [
            0.14936822652816772,
            -0.7835972309112549,
            -0.10509863495826721
        ],
        [
            0.13765642046928406,
            -0.7716733813285828,
            -0.10510464012622833
        ],
        [
            0.1435084491968155,
            -0.7767642736434937,
            -0.1048755794763565
        ],
        [
            0.13846944272518158,
            -0.7833693623542786,
            -0.11283508688211441
        ],
        [
            0.13201984763145447,
            -0.7797558307647705,
            -0.11581572890281677
        ],
        [
            0.12061311304569244,
            -0.7879056930541992,
            -0.12337601184844971
        ],
        [
            0.11449354887008667,
            -0.7881304025650024,
            -0.12574556469917297
        ],
        [
            0.11654473096132278,
            -0.775075376033783,
            -0.12462286651134491
        ],
        [
            0.12386329472064972,
            -0.7765955328941345,
            -0.1206875592470169
        ],
        [
            0.12670107185840607,
            -0.8083391785621643,
            -0.12451890856027603
        ],
        [
            0.13068945705890656,
            -0.8073365688323975,
            -0.12196380645036697
        ],
        [
            0.13111168146133423,
            -0.808915376663208,
            -0.12421460449695587
        ],
        [
            0.12716838717460632,
            -0.8111586570739746,
            -0.12715739011764526
        ],
        [
            0.13417783379554749,
            -0.8061986565589905,
            -0.12033708393573761
        ],
        [
            0.13572585582733154,
            -0.80553138256073,
            -0.11974270641803741
        ],
        [
            0.13573795557022095,
            -0.806922435760498,
            -0.12088722735643387
        ],
        [
            0.1342094987630844,
            -0.8070586919784546,
            -0.12093235552310944
        ],
        [
            0.13222427666187286,
            -0.8071824312210083,
            -0.12140889465808868
        ],
        [
            0.1308099329471588,
            -0.8055493831634521,
            -0.12182410061359406
        ],
        [
            0.1331576704978943,
            -0.8056435585021973,
            -0.1208028569817543
        ],
        [
            0.12703724205493927,
            -0.8057423830032349,
            -0.12444103509187698
        ],
        [
            0.11377127468585968,
            -0.8065837025642395,
            -0.13152429461479187
        ],
        [
            0.11779357492923737,
            -0.8063094615936279,
            -0.13028666377067566
        ],
        [
            0.11740736663341522,
            -0.8108274936676025,
            -0.12905818223953247
        ],
        [
            0.11402702331542969,
            -0.811342716217041,
            -0.130094975233078
        ],
        [
            0.13431638479232788,
            -0.8090983629226685,
            -0.12258292734622955
        ],
        [
            0.13721714913845062,
            -0.8101657032966614,
            -0.12205606698989868
        ],
        [
            0.13400237262248993,
            -0.8138983249664307,
            -0.1250879168510437
        ],
        [
            0.13231505453586578,
            -0.811416745185852,
            -0.12459354102611542
        ],
        [
            0.14029163122177124,
            -0.8114421963691711,
            -0.12192041426897049
        ],
        [
            0.1382131427526474,
            -0.8075481653213501,
            -0.12036021053791046
        ],
        [
            0.14131402969360352,
            -0.807344913482666,
            -0.11988286674022675
        ],
        [
            0.13483358919620514,
            -0.8039529323577881,
            -0.11976243555545807
        ],
        [
            0.13712111115455627,
            -0.8016177415847778,
            -0.11857371032238007
        ],
        [
            0.1381760835647583,
            -0.8041552305221558,
            -0.11946213245391846
        ],
        [
            0.134486585855484,
            -0.7989414930343628,
            -0.11900319159030914
        ],
        [
            0.13199664652347565,
            -0.8027351498603821,
            -0.12072612345218658
        ],
        [
            0.1280248761177063,
            -0.8019438982009888,
            -0.12332426756620407
        ],
        [
            0.12303566932678223,
            -0.8015937805175781,
            -0.12665805220603943
        ],
        [
            0.1245466023683548,
            -0.7961229085922241,
            -0.12401513755321503
        ],
        [
            0.1300920695066452,
            -0.7970660924911499,
            -0.12109784781932831
        ],
        [
            0.13680502772331238,
            -0.8169841170310974,
            -0.12424223124980927
        ],
        [
            0.14223214983940125,
            -0.8024791479110718,
            -0.11781835556030273
        ],
        [
            0.14708437025547028,
            -0.807898998260498,
            -0.1176905557513237
        ],
        [
            0.14113043248653412,
            -0.797734260559082,
            -0.11694752424955368
        ],
        [
            0.13820365071296692,
            -0.7938036918640137,
            -0.11670573055744171
        ],
        [
            0.13341785967350006,
            -0.7906572818756104,
            -0.11776982992887497
        ],
        [
            0.12714551389217377,
            -0.7890223264694214,
            -0.12064851820468903
        ],
        [
            0.11798129230737686,
            -0.7651358842849731,
            -0.11359317600727081
        ],
        [
            0.12740997970104218,
            -0.767633318901062,
            -0.10995624214410782
        ],
        [
            0.1596914827823639,
            -0.8840364217758179,
            -0.12376351654529572
        ],
        [
            0.16800709068775177,
            -0.88089919090271,
            -0.121910460293293
        ],
        [
            0.16715681552886963,
            -0.8729234337806702,
            -0.11756264418363571
        ],
        [
            0.16953584551811218,
            -0.8750715851783752,
            -0.11730477213859558
        ],
        [
            0.16438592970371246,
            -0.8775166273117065,
            -0.12024703621864319
        ],
        [
            0.16334588825702667,
            -0.8748114705085754,
            -0.119740329682827
        ],
        [
            0.17967747151851654,
            -0.8614543080329895,
            -0.10361458361148834
        ],
        [
            0.1751321256160736,
            -0.8646777868270874,
            -0.10786570608615875
        ],
        [
            0.17465047538280487,
            -0.8607727289199829,
            -0.10649974644184113
        ],
        [
            0.17979708313941956,
            -0.8546252846717834,
            -0.1033456027507782
        ],
        [
            0.16512984037399292,
            -0.8556593656539917,
            -0.11337677389383316
        ],
        [
            0.16978883743286133,
            -0.8556504249572754,
            -0.11029790341854095
        ],
        [
            0.16748985648155212,
            -0.8632553219795227,
            -0.1124630719423294
        ],
        [
            0.16414690017700195,
            -0.8632802963256836,
            -0.11475589871406555
        ],
        [
            0.16026970744132996,
            -0.8638187646865845,
            -0.11657911539077759
        ],
        [
            0.15606950223445892,
            -0.8648478984832764,
            -0.1174546554684639
        ],
        [
            0.15510140359401703,
            -0.8595391511917114,
            -0.11720084398984909
        ],
        [
            0.15997476875782013,
            -0.8573371171951294,
            -0.11578172445297241
        ],
        [
            0.15821506083011627,
            -0.8801764249801636,
            -0.12095621228218079
        ],
        [
            0.15105582773685455,
            -0.881051778793335,
            -0.12016058713197708
        ],
        [
            0.15172509849071503,
            -0.8777443170547485,
            -0.1198207214474678
        ],
        [
            0.15780863165855408,
            -0.8769366145133972,
            -0.12090013921260834
        ],
        [
            0.1407364010810852,
            -0.8733835220336914,
            -0.114158995449543
        ],
        [
            0.1424199640750885,
            -0.8756234645843506,
            -0.11522583663463593
        ],
        [
            0.13925078511238098,
            -0.8778393268585205,
            -0.11614612489938736
        ],
        [
            0.13741783797740936,
            -0.8735557794570923,
            -0.11536652594804764
        ],
        [
            0.13885065913200378,
            -0.8701149225234985,
            -0.11572972685098648
        ],
        [
            0.14153388142585754,
            -0.8714877963066101,
            -0.11479954421520233
        ],
        [
            0.17529384791851044,
            -0.9353525638580322,
            -0.11154600977897644
        ],
        [
            0.16580623388290405,
            -0.9206961393356323,
            -0.12093186378479004
        ],
        [
            0.18933328986167908,
            -0.9239851236343384,
            -0.10137978196144104
        ],
        [
            0.19707602262496948,
            -0.9107121229171753,
            -0.09153833240270615
        ],
        [
            0.20175932347774506,
            -0.895085334777832,
            -0.083582803606987
        ],
        [
            0.16203971207141876,
            -0.8017946481704712,
            -0.10479508340358734
        ],
        [
            0.1616356372833252,
            -0.792292594909668,
            -0.0991201251745224
        ],
        [
            0.1713426560163498,
            -0.796507716178894,
            -0.08746399730443954
        ],
        [
            0.16739055514335632,
            -0.7866551280021667,
            -0.08251816034317017
        ],
        [
            0.15775707364082336,
            -0.782331109046936,
            -0.09526073187589645
        ],
        [
            0.14115892350673676,
            -0.7671160697937012,
            -0.09161745756864548
        ],
        [
            0.15091125667095184,
            -0.7733931541442871,
            -0.09284811466932297
        ],
        [
            0.1608830690383911,
            -0.7776623964309692,
            -0.0765686109662056
        ],
        [
            0.17163506150245667,
            -0.786925196647644,
            -0.061647359281778336
        ],
        [
            0.17564110457897186,
            -0.7937023639678955,
            -0.07024019956588745
        ],
        [
            0.17971806228160858,
            -0.8001595735549927,
            -0.04887621849775314
        ],
        [
            0.1661292314529419,
            -0.7803562879562378,
            -0.049310825765132904
        ],
        [
            0.17734646797180176,
            -0.7993288040161133,
            -0.03992851823568344
        ],
        [
            0.14438001811504364,
            -0.7481032609939575,
            -0.051350489258766174
        ],
        [
            0.14471553266048431,
            -0.7363499999046326,
            -0.04674825072288513
        ],
        [
            0.15725871920585632,
            -0.7410717010498047,
            -0.03404710441827774
        ],
        [
            0.15798477828502655,
            -0.7523534297943115,
            -0.03872360289096832
        ],
        [
            0.178139328956604,
            -0.8023046255111694,
            -0.07803934067487717
        ],
        [
            0.19585645198822021,
            -0.8637433648109436,
            -0.08197852224111557
        ],
        [
            0.1909133642911911,
            -0.8652001023292542,
            -0.0929614007472992
        ],
        [
            0.19475895166397095,
            -0.850263774394989,
            -0.07937677204608917
        ],
        [
            0.21398726105690002,
            -0.9190478324890137,
            -0.06043357774615288
        ],
        [
            0.20724299550056458,
            -0.917103111743927,
            -0.07776834070682526
        ],
        [
            0.21022361516952515,
            -0.8998253345489502,
            -0.07223587483167648
        ],
        [
            0.21704047918319702,
            -0.9039078950881958,
            -0.056689225137233734
        ],
        [
            0.19440717995166779,
            -0.959172248840332,
            -0.06476721167564392
        ],
        [
            0.1874295175075531,
            -0.9496944546699524,
            -0.09028516709804535
        ],
        [
            0.19707375764846802,
            -0.934895396232605,
            -0.08439625054597855
        ],
        [
            0.20453384518623352,
            -0.9417448043823242,
            -0.06412983685731888
        ],
        [
            0.22018665075302124,
            -0.9038736820220947,
            -0.04348255693912506
        ],
        [
            0.22240374982357025,
            -0.9033800959587097,
            -0.025029990822076797
        ],
        [
            0.22270113229751587,
            -0.919156551361084,
            -0.017061877995729446
        ],
        [
            0.21916036307811737,
            -0.9218771457672119,
            -0.03933291137218475
        ],
        [
            0.21571189165115356,
            -0.9407531023025513,
            -0.008304189890623093
        ],
        [
            0.21175116300582886,
            -0.9441742897033691,
            -0.03529733419418335
        ],
        [
            0.173170268535614,
            -0.7863409519195557,
            -0.02899499237537384
        ],
        [
            0.17918884754180908,
            -0.8033186197280884,
            -0.026904849335551262
        ],
        [
            0.15911424160003662,
            -0.7660080194473267,
            -0.04509742558002472
        ],
        [
            0.1686922162771225,
            -0.7712888717651367,
            -0.028950437903404236
        ],
        [
            0.20186564326286316,
            -0.958720326423645,
            -0.000763285905122757
        ],
        [
            0.19878709316253662,
            -0.9641551375389099,
            -0.03266282379627228
        ],
        [
            0.2104228287935257,
            -0.8806918859481812,
            0.023530572652816772
        ],
        [
            0.21691690385341644,
            -0.8978560566902161,
            0.016171172261238098
        ],
        [
            0.21850906312465668,
            -0.8853276371955872,
            -0.0005852095782756805
        ],
        [
            0.2130104899406433,
            -0.8707910776138306,
            0.008444417268037796
        ],
        [
            0.2034808248281479,
