{
    "pred_cam": [
        1.306538701057434,
        0.11955208331346512,
        0.28491002321243286
    ],
    "pred_smpl_params": {
        "global_orient": [
            [
                [
                    0.24634189903736115,
                    0.11904401332139969,
                    -0.9618442058563232
                ],
                [
                    0.3031317889690399,
                    -0.9521002769470215,
                    -0.04020170122385025
                ],
                [
                    -0.9205578565597534,
                    -0.2816621959209442,
                    -0.2706282138824463
                ]
            ]
        ],
        "body_pose": [
            [
                [
                    0.987008810043335,
                    0.12745974957942963,
                    0.09781496226787567
                ],
                [
                    -0.13823826611042023,
                    0.98396235704422,
                    0.11273080110549927
                ],
                [
                    -0.08187759667634964,
                    -0.12478803843259811,
                    0.9887993335723877
                ]
            ],
            [
                [
                    0.9902495741844177,
                    0.13753239810466766,
                    -0.02215156890451908
                ],
                [
                    -0.13910309970378876,
                    0.9847896695137024,
                    -0.10411360114812851
                ],
                [
                    0.007495642639696598,
                    0.10617978870868683,
                    0.9943187236785889
                ]
            ],
            [
                [
                    0.995658278465271,
                    -0.09220113605260849,
                    0.012781976722180843
                ],
                [
                    0.09307794272899628,
                    0.9875960946083069,
                    -0.1264527440071106
                ],
                [
                    -0.0009643402299843729,
                    0.12709346413612366,
                    0.9918901324272156
                ]
            ],
            [
                [
                    0.9671891927719116,
                    0.2295914888381958,
                    0.10877837985754013
                ],
                [
                    -0.20183119177818298,
                    0.9544204473495483,
                    -0.21987660229206085
                ],
                [
                    -0.15430210530757904,
                    0.19070741534233093,
                    0.9694438576698303
                ]
            ],
            [
                [
                    0.9740461111068726,
                    0.15232418477535248,
                    0.16742585599422455
                ],
                [
                    -0.13779284060001373,
                    0.9858661890029907,
                    -0.09529408812522888
                ],
                [
                    -0.1795751005411148,
                    0.06975076347589493,
                    0.9812682867050171
                ]
            ],
            [
                [
                    0.9983533024787903,
                    -0.04924294725060463,
                    -0.029422711580991745
                ],
                [
                    0.04809969291090965,
                    0.9981050491333008,
                    -0.038376335054636
                ],
                [
                    0.031256720423698425,
                    0.036897920072078705,
                    0.9988300204277039
                ]
            ],
            [
                [
                    0.9901366233825684,
                    0.028801804408431053,
                    0.13711240887641907
                ],
                [
                    -0.03178676590323448,
                    0.9993019104003906,
                    0.01963047869503498
                ],
                [
                    -0.13645128905773163,
                    -0.023795222863554955,
                    0.9903609156608582
                ]
            ],
            [
                [
                    0.9847213625907898,
                    -0.03140098229050636,
                    -0.1712830513715744
                ],
                [
                    0.042405951768159866,
                    0.9972380995750427,
                    0.06097385287284851
                ],
                [
                    0.16889536380767822,
                    -0.06730566918849945,
                    0.9833332300186157
                ]
            ],
            [
                [
                    0.9995326995849609,
                    -0.02931707724928856,
                    -0.008652924560010433
                ],
                [
                    0.02896501123905182,
                    0.9988449215888977,
                    -0.03833840414881706
                ],
                [
                    0.009766899049282074,
                    0.03806985542178154,
                    0.9992273449897766
                ]
            ],
            [
                [
                    0.9894417524337769,
                    -0.082468681037426,
                    0.11918069422245026
                ],
                [
                    0.08530465513467789,
                    0.99617600440979,
                    -0.018884403631091118
                ],
                [
                    -0.11716756224632263,
                    0.02885168045759201,
                    0.9926930665969849
                ]
            ],
            [
                [
                    0.9969953894615173,
                    0.07179892063140869,
                    0.029072901234030724
                ],
                [
                    -0.07416550815105438,
                    0.9931074380874634,
                    0.09075819700956345
                ],
                [
                    -0.022356173023581505,
                    -0.09264169633388519,
                    0.9954485297203064
                ]
            ],
            [
                [
                    0.9254568219184875,
                    -0.138320654630661,
                    0.3526996076107025
                ],
                [
                    0.15115942060947418,
                    0.9884686470031738,
                    -0.008976149372756481
                ],
                [
                    -0.34739091992378235,
                    0.06162090599536896,
                    0.9356935024261475
                ]
            ],
            [
                [
                    0.8739079833030701,
                    0.3583453893661499,
                    -0.3284408450126648
                ],
                [
                    -0.35035908222198486,
                    0.9327131509780884,
                    0.08540910482406616
                ],
                [
                    0.3369470536708832,
                    0.040432535111904144,
                    0.9406550526618958
                ]
            ],
            [
                [
                    0.9555041790008545,
                    -0.2010062038898468,
                    0.21588963270187378
                ],
                [
                    0.19491872191429138,
                    0.979576826095581,
                    0.04935557022690773
                ],
                [
                    -0.22140124440193176,
                    -0.005078518763184547,
                    0.9751695990562439
                ]
            ],
            [
                [
                    0.9474214315414429,
                    0.062404815107584,
                    0.3138444721698761
                ],
                [
                    0.02758060395717621,
                    0.9612231850624084,
                    -0.27438876032829285
                ],
                [
                    -0.3187977969646454,
                    0.26861777901649475,
                    0.9089623093605042
                ]
            ],
            [
                [
                    0.5779756307601929,
                    0.688556969165802,
                    -0.4379880726337433
                ],
                [
                    -0.7140902280807495,
                    0.6865260601043701,
                    0.13695695996284485
                ],
                [
                    0.3949928283691406,
                    0.23360520601272583,
                    0.8884871602058411
                ]
            ],
            [
                [
                    0.620849609375,
                    -0.5828225016593933,
                    0.5242745280265808
                ],
                [
                    0.6843554973602295,
                    0.7291485071182251,
                    0.00015707314014434814
                ],
                [
                    -0.38236552476882935,
                    0.35869258642196655,
                    0.8515493273735046
                ]
            ],
            [
                [
                    0.6165782809257507,
                    -0.1424291878938675,
                    -0.7743029594421387
                ],
                [
                    0.03710690140724182,
                    0.9876640439033508,
                    -0.15212760865688324
                ],
                [
                    0.786418616771698,
                    0.06506657600402832,
                    0.614257276058197
                ]
            ],
            [
                [
                    -0.17155390977859497,
                    0.36117497086524963,
                    0.9165816307067871
                ],
                [
                    -0.0496348962187767,
                    0.9260244369506836,
                    -0.3741858899593353
                ],
                [
                    -0.9839235544204712,
                    -0.10968749225139618,
                    -0.1409362256526947
                ]
            ],
            [
                [
                    0.984591543674469,
                    -0.15792182087898254,
                    -0.07510193437337875
                ],
                [
                    0.15564629435539246,
                    0.9871825575828552,
                    -0.03528079017996788
                ],
                [
                    0.0797109305858612,
                    0.023047825321555138,
                    0.9965515732765198
                ]
            ],
            [
                [
                    0.9800034761428833,
                    0.13023926317691803,
                    0.1504356414079666
                ],
                [
                    -0.15759381651878357,
                    0.9695962071418762,
                    0.18720963597297668
                ],
                [
                    -0.12147977203130722,
                    -0.20717383921146393,
                    0.970732569694519
                ]
            ],
            [
                [
                    0.986236572265625,
                    0.15197335183620453,
                    -0.06512761116027832
                ],
                [
                    -0.14415442943572998,
                    0.9832586050033569,
                    0.11145421117544174
                ],
                [
                    0.08097535371780396,
                    -0.10053177922964096,
                    0.9916332364082336
                ]
            ],
            [
                [
                    0.9765090942382812,
                    -0.19759170711040497,
                    0.08595120906829834
                ],
                [
                    0.18974313139915466,
                    0.9775541424751282,
                    0.09157212823629379
                ],
                [
                    -0.10211586207151413,
                    -0.0731123611330986,
                    0.9920821785926819
                ]
            ]
        ],
        "betas": [
            -0.07953426241874695,
            -0.08916345238685608,
            0.316662460565567,
            0.8806818723678589,
            0.19283349812030792,
            -0.01270374283194542,
            -0.03609365224838257,
            -0.007498294115066528,
            0.06387452781200409,
            -0.044444262981414795
        ]
    },
    "pred_cam_t": [
        0.11955208331346512,
        0.28491002321243286,
        29.89769744873047
    ],
    "focal_length": [
        5000.0,
        5000.0
    ],
    "pred_keypoints_3d": [
        [
            -0.1164541095495224,
            -0.807126522064209,
            -0.1956995576620102
        ],
        [
            0.017996449023485184,
            -0.7400690913200378,
            -0.07490231096744537
        ],
        [
            -0.0263383649289608,
            -0.6800175309181213,
            0.1116897314786911
        ],
        [
            -0.12750768661499023,
            -0.4796055555343628,
            0.2221035659313202
        ],
        [
            -0.2613063454627991,
            -0.5079084038734436,
            0.011464506387710571
        ],
        [
            0.03662405535578728,
            -0.6133290529251099,
            -0.23494285345077515
        ],
        [
            -0.03768220916390419,
            -0.36837461590766907,
            -0.2550707757472992
        ],
        [
            -0.2673839032649994,
            -0.29796865582466125,
            -0.20337185263633728
        ],
        [
            -0.002346036722883582,
            -0.23241856694221497,
            0.02729901671409607
        ],
        [
            -0.024961324408650398,
            -0.16616569459438324,
            0.11514299362897873
        ],
        [
            -0.04366222396492958,
            0.15464265644550323,
            0.3113477826118469
        ],
        [
            -0.004360821098089218,
            0.472412109375,
            0.5360767841339111
        ],
        [
            0.010243237018585205,
            -0.12430174648761749,
            -0.007634900510311127
        ],
        [
            -0.074899822473526,
            0.21804754436016083,
            0.09724307060241699
        ],
        [
            -0.10023105144500732,
            0.5046449899673462,
            0.3616774082183838
        ],
        [
            -0.13342507183551788,
            -0.8489004373550415,
            -0.1532084345817566
        ],
        [
            -0.08453269302845001,
            -0.8597912788391113,
            -0.19737529754638672
        ],
        [
            -0.10175984352827072,
            -0.8552340269088745,
            -0.0512227900326252
        ],
        [
            0.005280151963233948,
            -0.8799649477005005,
            -0.15259380638599396
        ],
        [
            -0.2749364376068115,
            0.5900171995162964,
            0.30413544178009033
        ],
        [
            -0.19820332527160645,
            0.61991286277771,
            0.28847330808639526
        ],
        [
            -0.053035177290439606,
            0.5220757722854614,
            0.4065253734588623
        ],
        [
            -0.1888008862733841,
            0.5355896353721619,
            0.5056067705154419
        ],
        [
            -0.16911420226097107,
            0.4946731626987457,
            0.5817256569862366
        ],
        [
            0.047409750521183014,
            0.5016695261001587,
            0.5762774348258972
        ],
        [
            0.015568830072879791,
            0.41521012783050537,
            0.5314773917198181
        ],
        [
            -0.04022130370140076,
            0.0983208566904068,
            0.2765781879425049
        ],
        [
            -0.028360169380903244,
            -0.30673372745513916,
            0.15116040408611298
        ],
        [
            0.05878655984997749,
            -0.20281165838241577,
            -0.10404661297798157
        ],
        [
            -0.06133248284459114,
            0.18387572467327118,
            0.07107380777597427
        ],
        [
            -0.0692673996090889,
            0.478066086769104,
            0.34451237320899963
        ],
        [
            -0.22842425107955933,
            -0.5305300951004028,
            0.019720979034900665
        ],
        [
            -0.14735302329063416,
            -0.5201887488365173,
            0.21913361549377441
        ],
        [
            -0.020205561071634293,
            -0.7019051313400269,
            0.07570274919271469
        ],
        [
            0.044592004269361496,
            -0.6528551578521729,
            -0.21442943811416626
        ],
        [
            -0.060269132256507874,
            -0.40618979930877686,
            -0.28315696120262146
        ],
        [
            -0.2622984051704407,
            -0.3190826177597046,
            -0.210753932595253
        ],
        [
            0.010806817561388016,
            -0.7317879796028137,
            -0.08048790693283081
        ],
        [
            -0.07276266068220139,
            -0.9142921566963196,
            -0.12228412926197052
        ],
        [
            0.015279803425073624,
            -0.25519460439682007,
            0.022724000737071037
        ],
        [
            0.011122560128569603,
            -0.6741449236869812,
            -0.06788206100463867
        ],
        [
            0.04597323760390282,
            -0.4999033510684967,
            -0.0285000242292881
        ],
        [
            -0.057069242000579834,
            -0.8023653626441956,
            -0.13729657232761383
        ],
        [
            -0.07533738762140274,
            -0.9339722394943237,
            -0.11562371253967285
        ]
    ],
    "pred_vertices": [
        [
            -0.09066979587078094,
            -0.9060914516448975,
            -0.21135510504245758
        ],
        [
            -0.09482773393392563,
            -0.8898649215698242,
            -0.21081838011741638
        ],
        [
            -0.08025547862052917,
            -0.8907538652420044,
            -0.21066203713417053
        ],
        [
            -0.0736946165561676,
            -0.9038783311843872,
            -0.20826369524002075
        ],
        [
            -0.08371980488300323,
            -0.8797955513000488,
            -0.21163681149482727
        ],
        [
            -0.09543072432279587,
            -0.8776007890701294,
            -0.2100149244070053
        ],
        [
            -0.0669427216053009,
            -0.88837730884552,
            -0.20682910084724426
        ],
        [
            -0.05886354297399521,
            -0.8985857963562012,
            -0.20292076468467712
        ],
        [
            -0.04538965970277786,
            -0.8581172227859497,
            -0.1977531611919403
        ],
        [
            -0.03530567139387131,
            -0.8570084571838379,
            -0.19313965737819672
        ],
        [
            -0.040184393525123596,
            -0.8681812286376953,
            -0.19533750414848328
        ],
        [
            -0.04944542050361633,
            -0.8661936521530151,
            -0.1986353099346161
        ],
        [
            -0.036721035838127136,
            -0.8340893387794495,
            -0.1921142339706421
        ],
        [
            -0.04363880306482315,
            -0.8220338821411133,
            -0.19300566613674164
        ],
        [
            -0.03364217281341553,
            -0.8161462545394897,
            -0.18659648299217224
        ],
        [
            -0.026714690029621124,
            -0.8277289867401123,
            -0.1838957965373993
        ],
        [
            -0.0854293704032898,
            -0.8243156671524048,
            -0.1910260021686554
        ],
        [
            -0.0789371132850647,
            -0.8191261887550354,
            -0.19303393363952637
        ],
        [
            -0.07745140790939331,
            -0.8264177441596985,
            -0.1955978125333786
        ],
        [
            -0.08403851836919785,
            -0.8307716250419617,
            -0.1927596628665924
        ],
        [
            -0.09863013029098511,
            -0.8306103944778442,
            -0.1909390091896057
        ],
        [
            -0.09733715653419495,
            -0.8368685245513916,
            -0.18959768116474152
        ],
        [
            -0.10505901277065277,
            -0.8385259509086609,
            -0.19099785387516022
        ],
        [
            -0.10616983473300934,
            -0.8314917683601379,
            -0.1934763491153717
        ],
        [
            -0.08800264447927475,
            -0.8183046579360962,
            -0.18713772296905518
        ],
        [
            -0.08096446096897125,
            -0.8130877017974854,
            -0.1889752745628357
        ],
        [
            -0.09134441614151001,
            -0.8286255598068237,
            -0.18973445892333984
        ],
        [
            -0.09289876371622086,
            -0.8233981132507324,
            -0.18996603786945343
        ],
        [
            -0.0997161865234375,
            -0.8145797252655029,
            -0.19550716876983643
        ],
        [
            -0.09894651174545288,
            -0.8198187947273254,
            -0.1958675980567932
        ],
        [
            -0.1058901846408844,
            -0.8185524940490723,
            -0.19916445016860962
        ],
        [
            -0.10499990731477737,
            -0.813118577003479,
            -0.1972583532333374
        ],
        [
            -0.0916406437754631,
            -0.816502571105957,
            -0.19033485651016235
        ],
        [
            -0.09377753734588623,
            -0.8188557624816895,
            -0.193032905459404
        ],
        [
            -0.09603771567344666,
            -0.8142728805541992,
            -0.19287516176700592
        ],
        [
            -0.0946083664894104,
            -0.8126916289329529,
            -0.18924739956855774
        ],
        [
            -0.0995061993598938,
            -0.8256765604019165,
            -0.1924675554037094
        ],
        [
            -0.10643540322780609,
            -0.8253824710845947,
            -0.19624996185302734
        ],
        [
            -0.11409705877304077,
            -0.8243443965911865,
            -0.19917307794094086
        ],
        [
            -0.1132921651005745,
            -0.8156242370605469,
            -0.2014913409948349
        ],
        [
            -0.06329372525215149,
            -0.809380292892456,
            -0.19368156790733337
        ],
        [
            -0.07130599766969681,
            -0.8141779899597168,
            -0.19454538822174072
        ],
        [
            -0.07397589832544327,
            -0.8086057901382446,
            -0.19085103273391724
        ],
        [
            -0.06724447011947632,
            -0.8046848773956299,
            -0.19117379188537598
        ],
        [
            -0.09085933864116669,
            -0.8106603026390076,
            -0.1870100051164627
        ],
        [
            -0.0839163064956665,
            -0.7959473133087158,
            -0.1875360906124115
        ],
        [
            -0.0848323330283165,
            -0.7996455430984497,
            -0.18832111358642578
        ],
        [
            -0.09193155169487,
            -0.7985262870788574,
            -0.1876404732465744
        ],
        [
            -0.0904904305934906,
            -0.7952167987823486,
            -0.1870676577091217
        ],
        [
            -0.05028107762336731,
            -0.7986252307891846,
            -0.18867045640945435
        ],
        [
            -0.056839168071746826,
            -0.7955046892166138,
            -0.18832211196422577
        ],
        [
            -0.05308489874005318,
            -0.7895420789718628,
            -0.18579316139221191
        ],
        [
            -0.0460607148706913,
            -0.7916605472564697,
            -0.1845831423997879
        ],
        [
            -0.05296345055103302,
            -0.7838389873504639,
            -0.18254438042640686
        ],
        [
            -0.04350421577692032,
            -0.784633994102478,
            -0.18028324842453003
        ],
        [
            -0.04722055420279503,
            -0.7691432237625122,
            -0.17243167757987976
        ],
        [
            -0.044907473027706146,
            -0.7760584354400635,
            -0.17616122961044312
        ],
        [
            -0.05480189621448517,
            -0.7776157259941101,
            -0.1794491559267044
        ],
        [
            -0.05935041606426239,
            -0.7708582878112793,
            -0.17764240503311157
        ],
        [
            -0.07421508431434631,
            -0.7712739706039429,
            -0.17723318934440613
        ],
        [
            -0.07982187718153,
            -0.7685486674308777,
            -0.17536063492298126
        ],
        [
            -0.07190269976854324,
            -0.7580198049545288,
            -0.1748540699481964
        ],
        [
            -0.06591060012578964,
            -0.7634633779525757,
            -0.17653223872184753
        ],
        [
            -0.08007138222455978,
            -0.7915099859237671,
            -0.18284480273723602
        ],
        [
            -0.0754842460155487,
            -0.7928917407989502,
            -0.18326571583747864
        ],
        [
            -0.07698065787553787,
            -0.7937231063842773,
            -0.18551164865493774
        ],
        [
            -0.08227229118347168,
            -0.7933145761489868,
            -0.18549573421478271
        ],
        [
            -0.07157184183597565,
            -0.7937031984329224,
            -0.18419453501701355
        ],
        [
            -0.06979770958423615,
            -0.7939587831497192,
            -0.18465235829353333
        ],
        [
            -0.07102706283330917,
            -0.7948238849639893,
            -0.18568164110183716
        ],
        [
            -0.0720912292599678,
            -0.794227123260498,
            -0.18484154343605042
        ],
        [
            -0.07384157180786133,
            -0.7934062480926514,
            -0.18395093083381653
        ],
        [
            -0.07432130724191666,
            -0.7913193702697754,
            -0.18323567509651184
        ],
        [
            -0.07231910526752472,
            -0.7926532626152039,
            -0.18385908007621765
        ],
        [
            -0.07840044051408768,
            -0.7892065644264221,
            -0.1830122172832489
        ],
        [
            -0.09177716821432114,
            -0.7830485105514526,
            -0.18081897497177124
        ],
        [
            -0.08831920474767685,
            -0.7845171689987183,
            -0.182088702917099
        ],
        [
            -0.09004674106836319,
            -0.7888017892837524,
            -0.1809564232826233
        ],
        [
            -0.09307511150836945,
            -0.7877761125564575,
            -0.1800168752670288
        ],
        [
            -0.07378752529621124,
            -0.7957099676132202,
            -0.18657636642456055
        ],
        [
            -0.0721140056848526,
            -0.7979423999786377,
            -0.18772843480110168
        ],
        [
            -0.07766147702932358,
            -0.7990621328353882,
            -0.1883278787136078
        ],
        [
            -0.07752478122711182,
            -0.7963336110115051,
            -0.1867455542087555
        ],
        [
            -0.07031747698783875,
            -0.8002926111221313,
            -0.1895485371351242
        ],
        [
            -0.06925427168607712,
            -0.7965900897979736,
            -0.18678998947143555
        ],
        [
            -0.0667416900396347,
            -0.7978589534759521,
            -0.18846595287322998
        ],
        [
            -0.06974587589502335,
            -0.7921826243400574,
            -0.18397171795368195
        ],
        [
            -0.06632868200540543,
            -0.7915124297142029,
            -0.18426939845085144
        ],
        [
            -0.06718741357326508,
            -0.7938315272331238,
            -0.1859150230884552
        ],
        [
            -0.06726457178592682,
            -0.7878643870353699,
            -0.18284377455711365
        ],
        [
            -0.07171842455863953,
            -0.7896871566772461,
            -0.18277153372764587
        ],
        [
            -0.07545296847820282,
            -0.7865789532661438,
            -0.18246543407440186
        ],
        [
            -0.08048075437545776,
            -0.7833274602890015,
            -0.1820763796567917
        ],
        [
            -0.07556266337633133,
            -0.7798739671707153,
            -0.18053582310676575
        ],
        [
            -0.07061842083930969,
            -0.7837860584259033,
            -0.18167561292648315
        ],
        [
            -0.07670310139656067,
            -0.8032962083816528,
            -0.18955940008163452
        ],
        [
            -0.0627269446849823,
            -0.7944633960723877,
            -0.18696138262748718
        ],
        [
            -0.06192264333367348,
            -0.8010827302932739,
            -0.18990153074264526
        ],
        [
            -0.060806192457675934,
            -0.7901416420936584,
            -0.18528059124946594
        ],
        [
            -0.06098414584994316,
            -0.7855609655380249,
            -0.18291300535202026
        ],
        [
            -0.0639813244342804,
            -0.7806410789489746,
            -0.1807268261909485
        ],
        [
            -0.06882454454898834,
            -0.7755908370018005,
            -0.17907507717609406
        ],
        [
            -0.06153922528028488,
            -0.7528970241546631,
            -0.16593462228775024
        ],
        [
            -0.05500785633921623,
            -0.7599495053291321,
            -0.1694955676794052
        ],
        [
            -0.09313024580478668,
            -0.8708791136741638,
            -0.20533668994903564
        ],
        [
            -0.08475658297538757,
            -0.8722286224365234,
            -0.2087368369102478
        ],
        [
            -0.07934068888425827,
            -0.8661267757415771,
            -0.2041124850511551
        ],
        [
            -0.07862568646669388,
            -0.8688945174217224,
            -0.20528557896614075
        ],
        [
            -0.08491313457489014,
            -0.8682502508163452,
            -0.20496878027915955
        ],
        [
            -0.08400920033454895,
            -0.8656166195869446,
            -0.2034960687160492
        ],
        [
            -0.05787214636802673,
            -0.8655160069465637,
            -0.19949693977832794
        ],
        [
            -0.06479238718748093,
            -0.8652313947677612,
            -0.20020732283592224
        ],
        [
            -0.06269402801990509,
            -0.8620579242706299,
            -0.19857564568519592
        ],
        [
            -0.05444197356700897,
            -0.8596378564834595,
            -0.19901321828365326
        ],
        [
            -0.07006460428237915,
            -0.8516490459442139,
            -0.1982615888118744
        ],
        [
            -0.06536335498094559,
            -0.8544919490814209,
            -0.1985970139503479
        ],
        [
            -0.07166723906993866,
            -0.8594093918800354,
            -0.1994270384311676
        ],
        [
            -0.07508663833141327,
            -0.8574117422103882,
            -0.199212446808815
        ],
        [
            -0.07878535985946655,
            -0.8558609485626221,
            -0.19819799065589905
        ],
        [
            -0.08279065787792206,
            -0.8549152612686157,
            -0.19648036360740662
        ],
        [
            -0.08050955832004547,
            -0.8499593734741211,
            -0.19558632373809814
        ],
        [
            -0.07537783682346344,
            -0.850369393825531,
            -0.19720956683158875
        ],
        [
            -0.09073270857334137,
            -0.8680150508880615,
            -0.20187152922153473
        ],
        [
            -0.09603679925203323,
            -0.8661990761756897,
            -0.19700786471366882
        ],
        [
            -0.09341809153556824,
            -0.8636689186096191,
            -0.19688363373279572
        ],
        [
            -0.08931630849838257,
            -0.8649660348892212,
            -0.20121824741363525
        ],
        [
            -0.09630639851093292,
            -0.8573468327522278,
            -0.18583008646965027
        ],
        [
            -0.09673257917165756,
            -0.8595163822174072,
            -0.18776988983154297
        ],
        [
            -0.10056447982788086,
            -0.8599826097488403,
            -0.18664109706878662
        ],
        [
            -0.09934278577566147,
            -0.855920672416687,
            -0.1848621964454651
        ],
        [
            -0.09675346314907074,
            -0.853312611579895,
            -0.1860673725605011
        ],
        [
            -0.0951337069272995,
            -0.8557982444763184,
            -0.18686726689338684
        ],
        [
            -0.1033317893743515,
            -0.9255312085151672,
            -0.20648165047168732
        ],
        [
            -0.1067981868982315,
            -0.9071332812309265,
            -0.20807629823684692
        ],
        [
            -0.08258291333913803,
            -0.9252818822860718,
            -0.20479926466941833
        ],
        [
            -0.06552940607070923,
            -0.9199581742286682,
            -0.20090407133102417
        ],
        [
            -0.050433725118637085,
            -0.9102162718772888,
            -0.1974678784608841
        ],
        [
            -0.042102694511413574,
            -0.8060210943222046,
            -0.18818455934524536
        ],
        [
            -0.03515961021184921,
            -0.7993640899658203,
            -0.1831035017967224
        ],
        [
            -0.02441731095314026,
            -0.8108090758323669,
            -0.1799049973487854
        ],
        [
            -0.020594492554664612,
            -0.801628589630127,
            -0.17401601374149323
        ],
        [
            -0.0320824533700943,
            -0.790030837059021,
            -0.17775243520736694
        ],
        [
            -0.037053629755973816,
            -0.7697627544403076,
            -0.16476160287857056
        ],
        [
            -0.0326533205807209,
            -0.7794417142868042,
            -0.1717669665813446
        ],
        [
            -0.018838047981262207,
            -0.7918593883514404,
            -0.1665273904800415
        ],
        [
            -0.006708689033985138,
            -0.8092103004455566,
            -0.16197657585144043
        ],
        [
            -0.011150084435939789,
            -0.815070629119873,
            -0.16968272626399994
        ],
        [
            -0.0003858208656311035,
            -0.8282320499420166,
            -0.15667971968650818
        ],
        [
            -0.002778187394142151,
            -0.8028850555419922,
            -0.15085038542747498
        ],
        [
            0.001849345862865448,
            -0.8290468454360962,
            -0.14828696846961975
        ],
        [
            -0.014584120362997055,
            -0.7654281854629517,
            -0.14042994379997253
        ],
        [
            -0.011190854012966156,
            -0.7554149627685547,
            -0.138482004404068
        ],
        [
            0.004976235330104828,
            -0.7660818696022034,
            -0.14101651310920715
        ],
        [
            0.0014560967683792114,
            -0.7765815258026123,
            -0.1418338119983673
        ],
        [
            -0.01712454855442047,
            -0.8214429616928101,
            -0.1765875220298767
        ],
        [
            -0.037508606910705566,
            -0.880154013633728,
            -0.19265858829021454
        ],
        [
            -0.04677211493253708,
            -0.8765010833740234,
            -0.19838565587997437
        ],
        [
            -0.029949791729450226,
            -0.8693776726722717,
            -0.1892334371805191
        ],
        [
            -0.04326038062572479,
            -0.9427441358566284,
            -0.18512356281280518
        ],
        [
            -0.055644385516643524,
            -0.9330006241798401,
            -0.1946796476840973
        ],
        [
            -0.04213134944438934,
            -0.9213820695877075,
            -0.19199484586715698
        ],
        [
            -0.032159313559532166,
            -0.9320062398910522,
            -0.18365995585918427
        ],
        [
            -0.07974118739366531,
            -0.9686247110366821,
            -0.17992812395095825
        ],
        [
            -0.09200599789619446,
            -0.9494292736053467,
            -0.19652704894542694
        ],
        [
            -0.07507921010255814,
            -0.943372905254364,
            -0.1966874599456787
        ],
        [
            -0.06335071474313736,
            -0.9580647349357605,
            -0.18419691920280457
        ],
        [
            -0.023189760744571686,
            -0.9375197887420654,
            -0.1743563711643219
        ],
        [
            -0.01288006454706192,
            -0.944225549697876,
            -0.16070547699928284
        ],
        [
            -0.01656467467546463,
            -0.9603173136711121,
            -0.15529727935791016
        ],
        [
            -0.030882924795150757,
            -0.9536895751953125,
            -0.17139475047588348
        ],
        [
            -0.02781239151954651,
            -0.9801852703094482,
            -0.14514940977096558
        ],
        [
            -0.04556792229413986,
            -0.9728212356567383,
            -0.16494661569595337
        ],
        [
            0.0089646577835083,
            -0.8173796534538269,
            -0.13913610577583313
        ],
        [
            0.0075504109263420105,
            -0.8371376991271973,
            -0.13880842924118042
        ],
        [
            -0.0034973695874214172,
            -0.7879253625869751,
            -0.14476794004440308
        ],
        [
            0.010484576225280762,
            -0.8005015850067139,
            -0.1392078697681427
        ],
        [
            -0.043105348944664,
            -0.9938046336174011,
            -0.1319582462310791
        ],
        [
            -0.06391661614179611,
            -0.9857582449913025,
            -0.1557473987340927
        ],
        [
            0.014957979321479797,
            -0.9362410306930542,
            -0.11417258530855179
        ],
        [
            0.0063111186027526855,
            -0.9509633779525757,
            -0.12365144491195679
        ],
        [
            0.006097167730331421,
            -0.9350989460945129,
            -0.1382070630788803
        ],
        [
