{
    "pred_cam": [
        1.1179882287979126,
        -0.024292344227433205,
        0.13019663095474243
    ],
    "pred_smpl_params": {
        "global_orient": [
            [
                [
                    0.9817875623703003,
                    0.1898811161518097,
                    0.006194336339831352
                ],
                [
                    0.18996907770633698,
                    -0.980816125869751,
                    -0.04372040927410126
                ],
                [
                    -0.002226174809038639,
                    0.04410088434815407,
                    -0.9990246295928955
                ]
            ]
        ],
        "body_pose": [
            [
                [
                    0.9994204640388489,
                    -0.03172105550765991,
                    -0.012347148731350899
                ],
                [
                    0.03355292230844498,
                    0.9791473746299744,
                    0.20036101341247559
                ],
                [
                    0.005734016187489033,
                    -0.20065918564796448,
                    0.979644238948822
                ]
            ],
            [
                [
                    0.9988519549369812,
                    -0.03674341365695,
                    0.030737778171896935
                ],
                [
                    0.024253102019429207,
                    0.941202700138092,
                    0.336970716714859
                ],
                [
                    -0.04131193086504936,
                    -0.33583831787109375,
                    0.9410132765769958
                ]
            ],
            [
                [
                    0.9999000430107117,
                    0.0031981992069631815,
                    -0.013774687424302101
                ],
                [
                    -0.005608537700027227,
                    0.9838908314704895,
                    -0.17868216335773468
                ],
                [
                    0.012981327250599861,
                    0.17874154448509216,
                    0.9838104248046875
                ]
            ],
            [
                [
                    0.9909969568252563,
                    0.007935467176139355,
                    -0.13364864885807037
                ],
                [
                    -0.09080768376588821,
                    0.7733726501464844,
                    -0.627414345741272
                ],
                [
                    0.09838137030601501,
                    0.6339020729064941,
                    0.7671305537223816
                ]
            ],
            [
                [
                    0.9839267730712891,
                    -0.11189261078834534,
                    0.13916939496994019
                ],
                [
                    0.16694368422031403,
                    0.29973629117012024,
                    -0.9393017888069153
                ],
                [
                    0.06338681280612946,
                    0.9474376440048218,
                    0.3135983347892761
                ]
            ],
            [
                [
                    0.9996650815010071,
                    -0.022648697718977928,
                    0.012520612217485905
                ],
                [
                    0.02216877043247223,
                    0.9990609288215637,
                    0.037225719541311264
                ],
                [
                    -0.013351969420909882,
                    -0.03693568706512451,
                    0.9992284178733826
                ]
            ],
            [
                [
                    0.9795281291007996,
                    0.03603610023856163,
                    0.1980554461479187
                ],
                [
                    -0.04652781784534454,
                    0.9977351427078247,
                    0.04857650026679039
                ],
                [
                    -0.19585639238357544,
                    -0.056797146797180176,
                    0.9789863228797913
                ]
            ],
            [
                [
                    0.9830644130706787,
                    0.05206691101193428,
                    -0.17570830881595612
                ],
                [
                    -0.029363403096795082,
                    0.9911550283432007,
                    0.1294204592704773
                ],
                [
                    0.180892676115036,
                    -0.12206925451755524,
                    0.9758980870246887
                ]
            ],
            [
                [
                    0.999778687953949,
                    -0.01837531290948391,
                    -0.010243668220937252
                ],
                [
                    0.01788429729640484,
                    0.9987756013870239,
                    -0.04612432420253754
                ],
                [
                    0.011078675277531147,
                    0.04593091458082199,
                    0.9988831877708435
                ]
            ],
            [
                [
                    0.9849273562431335,
                    -0.15019291639328003,
                    -0.08579176664352417
                ],
                [
                    0.16294631361961365,
                    0.9720649719238281,
                    0.16893236339092255
                ],
                [
                    0.05802273005247116,
                    -0.18036554753780365,
                    0.9818867444992065
                ]
            ],
            [
                [
                    0.9987178444862366,
                    0.04117215424776077,
                    0.0294530987739563
                ],
                [
                    -0.04609828442335129,
                    0.9801034331321716,
                    0.1930602490901947
                ],
                [
                    -0.020918378606438637,
                    -0.19417046010494232,
                    0.9807447791099548
                ]
            ],
            [
                [
                    0.9988633990287781,
                    0.04020381718873978,
                    -0.025605399161577225
                ],
                [
                    -0.03474550321698189,
                    0.9818843007087708,
                    0.1862688511610031
                ],
                [
                    0.032630257308483124,
                    -0.18516746163368225,
                    0.9821652173995972
                ]
            ],
            [
                [
                    0.9060083031654358,
                    0.42022642493247986,
                    -0.05058325454592705
                ],
                [
                    -0.42245447635650635,
                    0.9051724672317505,
                    -0.046852048486471176
                ],
                [
                    0.026098094880580902,
                    0.06381747126579285,
                    0.9976202845573425
                ]
            ],
            [
                [
                    0.9046109914779663,
                    -0.42245709896087646,
                    0.05664778873324394
                ],
                [
                    0.42435431480407715,
                    0.9051051139831543,
                    -0.026612194254994392
                ],
                [
                    -0.04002968966960907,
                    0.0481124185025692,
                    0.9980395436286926
                ]
            ],
            [
                [
                    0.9976077079772949,
                    0.02991977147758007,
                    -0.06231927499175072
                ],
                [
                    -0.03634127229452133,
                    0.9938502311706543,
                    -0.10459956526756287
                ],
                [
                    0.05880643054842949,
                    0.10661409795284271,
                    0.9925599694252014
                ]
            ],
            [
                [
                    0.4407990276813507,
                    0.8587052226066589,
                    -0.26138392090797424
                ],
                [
                    -0.8963104486465454,
                    0.43672558665275574,
                    -0.07680018246173859
                ],
                [
                    0.048204321414232254,
                    0.26813462376594543,
                    0.9621747136116028
                ]
            ],
            [
                [
                    0.5308715105056763,
                    -0.8198713660240173,
                    0.21444430947303772
                ],
                [
                    0.8459717035293579,
                    0.5276482701301575,
                    -0.07693620771169662
                ],
                [
                    -0.050073377788066864,
                    0.22225704789161682,
                    0.9737014174461365
                ]
            ],
            [
                [
                    0.8643076419830322,
                    -0.13859587907791138,
                    -0.48349106311798096
                ],
                [
                    0.006780277006328106,
                    0.9644076228141785,
                    -0.26433315873146057
                ],
                [
                    0.5029179453849792,
                    0.22518695890903473,
                    0.8344845771789551
                ]
            ],
            [
                [
                    0.8922802805900574,
                    0.13111808896064758,
                    0.4320230185985565
                ],
                [
                    -0.04325781390070915,
                    0.9773260951042175,
                    -0.2072737067937851
                ],
                [
                    -0.4494047462940216,
                    0.1662578582763672,
                    0.8777207136154175
                ]
            ],
            [
                [
                    0.9996209144592285,
                    0.010871204547584057,
                    0.025294553488492966
                ],
                [
                    -0.009696858935058117,
                    0.9988899827003479,
                    -0.04609507694840431
                ],
                [
                    -0.025767585262656212,
                    0.045832328498363495,
                    0.9986167550086975
                ]
            ],
            [
                [
                    0.998486340045929,
                    -0.025298738852143288,
                    -0.04883623123168945
                ],
                [
                    0.019332678988575935,
                    0.9927076101303101,
                    -0.11898650228977203
                ],
                [
                    0.051490310579538345,
                    0.117862269282341,
                    0.9916940927505493
                ]
            ],
            [
                [
                    0.9646902680397034,
                    0.2375255972146988,
                    -0.11381714046001434
                ],
                [
                    -0.21626567840576172,
                    0.960982620716095,
                    0.1724572479724884
                ],
                [
                    0.1503393054008484,
                    -0.14175307750701904,
                    0.9784192442893982
                ]
            ],
            [
                [
                    0.9727143049240112,
                    -0.22200672328472137,
                    0.0673791840672493
                ],
                [
                    0.20605507493019104,
                    0.9601421356201172,
                    0.18886075913906097
                ],
                [
                    -0.10662194341421127,
                    -0.16982372105121613,
                    0.9796895980834961
                ]
            ]
        ],
        "betas": [
            -0.004181355237960815,
            -0.026771456003189087,
            -0.022181391716003418,
            0.04932987689971924,
            -0.0016494989395141602,
            0.062312278896570206,
            0.001616746187210083,
            -0.08693814277648926,
            0.07645620405673981,
            -0.074199378490448
        ]
    },
    "pred_cam_t": [
        -0.024292344227433205,
        0.13019663095474243,
        34.93999099731445
    ],
    "focal_length": [
        5000.0,
        5000.0
    ],
    "pred_keypoints_3d": [
        [
            0.10237450152635574,
            -0.8479856252670288,
            -0.13054347038269043
        ],
        [
            0.08867934346199036,
            -0.7257435917854309,
            0.02175232023000717
        ],
        [
            -0.10536547750234604,
            -0.6498304605484009,
            0.039609670639038086
        ],
        [
            -0.16657951474189758,
            -0.4082421064376831,
            0.09273833781480789
        ],
        [
            -0.22011539340019226,
            -0.17342910170555115,
            0.0075765252113342285
        ],
        [
            0.2482285499572754,
            -0.59742271900177,
            0.02894912287592888
        ],
        [
            0.21217992901802063,
            -0.3474673330783844,
            0.09538339078426361
        ],
        [
            0.1493615210056305,
            -0.12387335300445557,
            0.00425419956445694
        ],
        [
            -0.001852362067438662,
            -0.22401249408721924,
            0.028316117823123932
        ],
        [
            -0.08545391261577606,
            -0.14782726764678955,
            0.02879990078508854
        ],
        [
            -0.1774774193763733,
            0.19844257831573486,
            -0.10856712609529495
        ],
        [
            -0.17380015552043915,
            0.4200408458709717,
            0.22453659772872925
        ],
        [
            0.048898328095674515,
            -0.12078659981489182,
            0.03098122775554657
        ],
        [
            0.025008611381053925,
            0.24394169449806213,
            -0.0561923086643219
        ],
        [
            -0.03764399141073227,
            0.5781670808792114,
            0.15397334098815918
        ],
        [
            0.08212361484766006,
            -0.8908969163894653,
            -0.09063147008419037
        ],
        [
            0.14676114916801453,
            -0.8772331476211548,
            -0.09884439408779144
        ],
        [
            0.04888773709535599,
            -0.8746116161346436,
            0.006515024229884148
        ],
        [
            0.19104263186454773,
            -0.8447670936584473,
            -0.012300672009587288
        ],
        [
            -0.05797930434346199,
            0.6979222893714905,
            -0.0032988935708999634
        ],
        [
            0.01186295598745346,
            0.6974254250526428,
            0.044387221336364746
        ],
        [
            -0.03278099000453949,
            0.5878462791442871,
            0.22384729981422424
        ],
        [
            -0.18749907612800598,
            0.5825103521347046,
            0.1133807897567749
        ],
        [
            -0.25718939304351807,
            0.550356924533844,
            0.15436780452728271
        ],
        [
            -0.1766316294670105,
            0.4122776687145233,
            0.296991765499115
        ],
        [
            -0.19438901543617249,
            0.3663516938686371,
            0.20513030886650085
        ],
        [
            -0.166474848985672,
            0.14497844874858856,
            -0.10378792881965637
        ],
        [
            -0.14204370975494385,
            -0.28206121921539307,
            0.044987116008996964
        ],
        [
            0.14623934030532837,
            -0.21196959912776947,
            0.0540185272693634
        ],
        [
            0.04224677011370659,
            0.20538443326950073,
            -0.05504460260272026
        ],
        [
            -0.021210242062807083,
            0.5381486415863037,
            0.16268423199653625
        ],
        [
            -0.20210880041122437,
            -0.1967359185218811,
            -0.012781184166669846
        ],
        [
            -0.19171829521656036,
            -0.42909523844718933,
            0.06817828863859177
        ],
        [
            -0.06594394147396088,
            -0.6796878576278687,
            0.039250634610652924
        ],
        [
            0.22444464266300201,
            -0.6361046433448792,
            0.03457782417535782
        ],
        [
            0.24452653527259827,
            -0.3598659634590149,
            0.05717604607343674
        ],
        [
            0.1556929051876068,
            -0.14076906442642212,
            -0.006203034892678261
        ],
        [
            0.08998237550258636,
            -0.714337944984436,
            0.01900395005941391
        ],
        [
            0.13379080593585968,
            -0.9120396971702576,
            -0.013841523788869381
        ],
        [
            0.002781393937766552,
            -0.24717479944229126,
            0.04918571934103966
        ],
        [
            0.07791651785373688,
            -0.6570745706558228,
            0.032898206263780594
        ],
        [
            0.050893113017082214,
            -0.48519352078437805,
            0.05597146600484848
        ],
        [
            0.11052501201629639,
            -0.810396671295166,
            -0.05840330198407173
        ],
        [
            0.1341773271560669,
            -0.9305377006530762,
            -0.0024080099537968636
        ]
    ],
    "pred_vertices": [
        [
            0.16817328333854675,
            -0.9194760322570801,
            -0.09566514939069748
        ],
        [
            0.1585886925458908,
            -0.9078078866004944,
            -0.10270543396472931
        ],
        [
            0.1692390888929367,
            -0.9007606506347656,
            -0.09594900906085968
        ],
        [
            0.17813418805599213,
            -0.9088804125785828,
            -0.08606104552745819
        ],
        [
            0.1627473533153534,
            -0.8936395645141602,
            -0.10189317911863327
        ],
        [
            0.15275752544403076,
            -0.898043155670166,
            -0.10732213407754898
        ],
        [
            0.17553764581680298,
            -0.8920811414718628,
            -0.08710069954395294
        ],
        [
            0.1830688714981079,
            -0.8964601159095764,
            -0.07654215395450592
        ],
        [
            0.17423759400844574,
            -0.8549587726593018,
            -0.08002344518899918
        ],
        [
            0.1778573989868164,
            -0.8483966588973999,
            -0.07156064361333847
        ],
        [
            0.18031126260757446,
            -0.8603438138961792,
            -0.07206478714942932
        ],
        [
            0.17484526336193085,
            -0.8638330101966858,
            -0.0800325870513916
        ],
        [
            0.1678333431482315,
            -0.8293942213058472,
            -0.07930167764425278
        ],
        [
            0.15903878211975098,
            -0.8230916261672974,
            -0.08779328316450119
        ],
        [
            0.16005027294158936,
            -0.8125302195549011,
            -0.0793832540512085
        ],
        [
            0.1675044447183609,
            -0.8186981678009033,
            -0.07000495493412018
        ],
        [
            0.1286923587322235,
            -0.8468749523162842,
            -0.10599607229232788
        ],
        [
            0.13261057436466217,
            -0.8391405344009399,
            -0.10614672303199768
        ],
        [
            0.1378597915172577,
            -0.8446540236473083,
            -0.10491780936717987
        ],
        [
            0.13305741548538208,
            -0.851719319820404,
            -0.10450124740600586
        ],
        [
            0.12123449146747589,
            -0.8589897155761719,
            -0.11020068824291229
        ],
        [
            0.12375496327877045,
            -0.863649308681488,
            -0.10639959573745728
        ],
        [
            0.11955627799034119,
            -0.8691338300704956,
            -0.11053114384412766
        ],
        [
            0.11764044314622879,
            -0.863716721534729,
            -0.11556847393512726
        ],
        [
            0.1222408264875412,
            -0.8429380655288696,
            -0.10615049302577972
        ],
        [
            0.12657701969146729,
            -0.834912896156311,
            -0.10599580407142639
        ],
        [
            0.12523245811462402,
            -0.8536288738250732,
            -0.10653974860906601
        ],
        [
            0.12203427404165268,
            -0.8498457670211792,
            -0.10908786207437515
        ],
        [
            0.11709006130695343,
            -0.8460460305213928,
            -0.11976461112499237
        ],
        [
            0.11974027752876282,
            -0.8500454425811768,
            -0.11793877184391022
        ],
        [
            0.11610082536935806,
            -0.8528072237968445,
            -0.12431713938713074
        ],
        [
            0.11374062299728394,
            -0.8476753830909729,
            -0.12416427582502365
        ],
        [
            0.12026040256023407,
            -0.8434876799583435,
            -0.11089197546243668
        ],
        [
            0.12124189734458923,
            -0.8465753793716431,
            -0.11344725638628006
        ],
        [
            0.11786580085754395,
            -0.8438324928283691,
            -0.1159103512763977
        ],
        [
            0.11630315333604813,
            -0.8415626287460327,
            -0.11278218030929565
        ],
        [
            0.11943691223859787,
            -0.8553927540779114,
            -0.11348502337932587
        ],
        [
            0.11654908210039139,
            -0.8588079214096069,
            -0.1199398934841156
        ],
        [
            0.11254838109016418,
            -0.8620598912239075,
            -0.1264243870973587
        ],
        [
            0.1113608181476593,
            -0.8540612459182739,
            -0.13074961304664612
        ],
        [
            0.14066171646118164,
            -0.8227880001068115,
            -0.10205069929361343
        ],
        [
            0.13696594536304474,
            -0.831190824508667,
            -0.10516329854726791
        ],
        [
            0.13094323873519897,
            -0.8275182247161865,
            -0.10545769333839417
        ],
        [
            0.1345474272966385,
            -0.8207356929779053,
            -0.10352227836847305
        ],
        [
            0.11700262129306793,
            -0.837822437286377,
            -0.10974831134080887
        ],
        [
            0.117098368704319,
            -0.8214449882507324,
            -0.111895352602005
        ],
        [
            0.11821698397397995,
            -0.8251557350158691,
            -0.11178060621023178
        ],
        [
            0.11225094646215439,
            -0.8278032541275024,
            -0.11506721377372742
        ],
        [
            0.11184868216514587,
            -0.8241578340530396,
            -0.11507733166217804
        ],
        [
            0.1427827924489975,
            -0.8066272735595703,
            -0.09489572793245316
        ],
        [
            0.13676118850708008,
            -0.8073697090148926,
            -0.09901442378759384
        ],
        [
            0.13581182062625885,
            -0.8001962900161743,
            -0.09705422818660736
        ],
        [
            0.14105862379074097,
            -0.7981231808662415,
            -0.09170442819595337
        ],
        [
            0.1325012892484665,
            -0.7947710752487183,
            -0.09620502591133118
        ],
        [
            0.13838648796081543,
            -0.7902208566665649,
            -0.08901888132095337
        ],
        [
            0.12659189105033875,
            -0.778300940990448,
            -0.08947257697582245
        ],
        [
            0.13248485326766968,
            -0.7833898067474365,
            -0.08905482292175293
        ],
        [
            0.12754979729652405,
            -0.790152370929718,
            -0.09684038907289505
        ],
        [
            0.12112019956111908,
            -0.7865722179412842,
            -0.09997120499610901
        ],
        [
            0.10970757901668549,
            -0.7949604988098145,
            -0.10732641071081161
        ],
        [
            0.10363546013832092,
            -0.7952425479888916,
            -0.1097235456109047
        ],
        [
            0.10559049248695374,
            -0.7821334600448608,
            -0.10890129208564758
        ],
        [
            0.11298513412475586,
            -0.7835162878036499,
            -0.10494158416986465
        ],
        [
            0.11590886116027832,
            -0.8154640793800354,
            -0.10794124007225037
        ],
        [
            0.11986818164587021,
            -0.8143975734710693,
            -0.10539687424898148
        ],
        [
            0.12031305581331253,
            -0.8160353899002075,
            -0.1075984388589859
        ],
        [
            0.11638732254505157,
            -0.8183515071868896,
            -0.11048963665962219
        ],
        [
            0.12335386127233505,
            -0.8132138848304749,
            -0.10377120971679688
        ],
        [
            0.12490390241146088,
            -0.8125284910202026,
            -0.10318318754434586
        ],
        [
            0.12492278218269348,
            -0.8139569759368896,
            -0.10429240763187408
        ],
        [
            0.1233922690153122,
            -0.8140973448753357,
            -0.10433580726385117
        ],
        [
            0.1214107871055603,
            -0.8142257928848267,
            -0.10482914000749588
        ],
        [
            0.11998769640922546,
            -0.8125994801521301,
            -0.10529279708862305
        ],
        [
            0.12233369052410126,
            -0.8126645088195801,
            -0.10425841063261032
        ],
        [
            0.11623683571815491,
            -0.8128492832183838,
            -0.10792616009712219
        ],
        [
            0.10302269458770752,
            -0.8139162659645081,
            -0.11498288065195084
        ],
        [
            0.10703062266111374,
            -0.8135712146759033,
            -0.11376459151506424
        ],
        [
            0.1066572293639183,
            -0.818069338798523,
            -0.11242462694644928
        ],
        [
            0.10329671204090118,
            -0.8186486959457397,
            -0.11344683915376663
        ],
        [
            0.1235179528594017,
            -0.8162214159965515,
            -0.10593169182538986
        ],
        [
            0.12643802165985107,
            -0.8172281384468079,
            -0.10537154972553253
        ],
        [
            0.12325888872146606,
            -0.8210422992706299,
            -0.10832992196083069
        ],
        [
            0.12154863774776459,
            -0.8185423612594604,
            -0.10791244357824326
        ],
        [
            0.12952867150306702,
            -0.8185091018676758,
            -0.10514974594116211
        ],
        [
            0.12741278111934662,
            -0.8145619630813599,
            -0.10373125225305557
        ],
        [
            0.130515918135643,
            -0.8143837451934814,
            -0.10320781916379929
        ],
        [
            0.12400307506322861,
            -0.8109461069107056,
            -0.103250652551651
        ],
        [
            0.1262843906879425,
            -0.8085778951644897,
            -0.10209806263446808
        ],
        [
            0.12735597789287567,
            -0.8111411333084106,
            -0.10291511565446854
        ],
        [
            0.12364093959331512,
            -0.8059074878692627,
            -0.10263393819332123
        ],
        [
            0.12116309255361557,
            -0.8097490668296814,
            -0.10426945984363556
        ],
        [
            0.11720804125070572,
            -0.8090144395828247,
            -0.10690861940383911
        ],
        [
            0.11222856491804123,
            -0.8087494969367981,
            -0.11025908589363098
        ],
        [
            0.11370546370744705,
            -0.8031980991363525,
            -0.10776036977767944
        ],
        [
            0.11924701929092407,
            -0.8040802478790283,
            -0.1047978550195694
        ],
        [
            0.12606485188007355,
            -0.8241612911224365,
            -0.10736116021871567
        ],
        [
            0.13139285147190094,
            -0.8094338178634644,
            -0.10126139968633652
        ],
        [
            0.1362682729959488,
            -0.8148558139801025,
            -0.10093303769826889
        ],
        [
            0.13027174770832062,
            -0.8046538829803467,
            -0.1005244180560112
        ],
        [
            0.12732751667499542,
            -0.8007102012634277,
            -0.10041967034339905
        ],
        [
            0.12259306013584137,
            -0.7975383996963501,
            -0.10162293165922165
        ],
        [
            0.11624143272638321,
            -0.7960175275802612,
            -0.1045585572719574
        ],
        [
            0.10687289386987686,
            -0.771928071975708,
            -0.09814012050628662
        ],
        [
            0.11639277637004852,
            -0.774317741394043,
            -0.09447333216667175
        ],
        [
            0.14919647574424744,
            -0.8912395238876343,
            -0.10499388724565506
        ],
        [
            0.15748676657676697,
            -0.8880422711372375,
            -0.10313183069229126
        ],
        [
            0.1565813422203064,
            -0.8799538612365723,
            -0.09895485639572144
        ],
        [
            0.15897183120250702,
            -0.882042407989502,
            -0.09865415096282959
        ],
        [
            0.15385974943637848,
            -0.8846182823181152,
            -0.10158093273639679
        ],
        [
            0.1527930200099945,
            -0.8819093704223633,
            -0.10108430683612823
        ],
        [
            0.16896605491638184,
            -0.8680828809738159,
            -0.0852304995059967
        ],
        [
            0.164445161819458,
            -0.8714533448219299,
            -0.08940058946609497
        ],
        [
            0.16393828392028809,
            -0.8674988746643066,
            -0.08815561234951019
        ],
        [
            0.16905373334884644,
            -0.8612380623817444,
            -0.08514206111431122
        ],
        [
            0.15447166562080383,
            -0.8625454902648926,
            -0.09524279832839966
        ],
        [
            0.15911324322223663,
            -0.8624434471130371,
            -0.09214163571596146
        ],
        [
            0.15687428414821625,
            -0.8701193332672119,
            -0.09412652254104614
        ],
        [
            0.15353894233703613,
            -0.8702226281166077,
            -0.09643788635730743
        ],
        [
            0.14968116581439972,
            -0.8708106279373169,
            -0.09826341271400452
        ],
        [
            0.14548645913600922,
            -0.8718687891960144,
            -0.09913764894008636
        ],
        [
            0.14449886977672577,
            -0.8665543794631958,
            -0.09899932891130447
        ],
        [
            0.14935193955898285,
            -0.8643091917037964,
            -0.09761479496955872
        ],
        [
            0.1477397382259369,
            -0.8873178958892822,
            -0.10226508229970932
        ],
        [
            0.14055997133255005,
            -0.8881981372833252,
            -0.1014934629201889
        ],
        [
            0.14124247431755066,
            -0.8848912715911865,
            -0.10120908915996552
        ],
        [
            0.14731663465499878,
            -0.8840877413749695,
            -0.10224054753780365
        ],
        [
            0.1301569789648056,
            -0.8804140090942383,
            -0.09579890966415405
        ],
        [
            0.1318630427122116,
            -0.8826850652694702,
            -0.09678681194782257
        ],
        [
            0.12868613004684448,
            -0.8849495649337769,
            -0.09768296033143997
        ],
        [
            0.12684644758701324,
            -0.8806211352348328,
            -0.09704219549894333
        ],
        [
            0.1282610446214676,
            -0.8771753907203674,
            -0.09747529029846191
        ],
        [
            0.130942702293396,
            -0.8785251379013062,
            -0.09648900479078293
        ],
        [
            0.16486674547195435,
            -0.9420598745346069,
            -0.09160953760147095
        ],
        [
            0.1553470939397812,
            -0.9277452826499939,
            -0.10123074799776077
        ],
        [
            0.17869503796100616,
            -0.9305206537246704,
            -0.08145904541015625
        ],
        [
            0.18631401658058167,
            -0.9169437885284424,
            -0.07180862128734589
        ],
        [
            0.19087103009223938,
            -0.9010375738143921,
            -0.06429660320281982
        ],
        [
            0.1511208713054657,
            -0.8084343671798706,
            -0.08807823061943054
        ],
        [
            0.15064948797225952,
            -0.7987856864929199,
            -0.08267132192850113
        ],
        [
            0.1603529155254364,
            -0.8026626110076904,
            -0.07085113227367401
        ],
        [
            0.1563299298286438,
            -0.7927206158638,
            -0.0662664994597435
        ],
        [
            0.14672178030014038,
            -0.7887223958969116,
            -0.07917125523090363
        ],
        [
            0.12998934090137482,
            -0.7734477519989014,
            -0.07616031169891357
        ],
        [
            0.1398184448480606,
            -0.7797462940216064,
            -0.0771312266588211
        ],
        [
            0.14981020987033844,
            -0.7835533618927002,
            -0.06074000895023346
        ],
        [
            0.16058030724525452,
            -0.7924438714981079,
            -0.045511290431022644
        ],
        [
            0.16462759673595428,
            -0.7994521856307983,
            -0.05373939499258995
        ],
        [
            0.16854575276374817,
            -0.805382490158081,
            -0.032315004616975784
        ],
        [
            0.15488667786121368,
            -0.7856666445732117,
            -0.03361163288354874
        ],
        [
            0.16609422862529755,
            -0.8044581413269043,
            -0.02347314916551113
        ],
        [
            0.13291004300117493,
            -0.7536911964416504,
            -0.03691833093762398
        ],
        [
            0.13334673643112183,
            -0.7417258024215698,
            -0.03290807083249092
        ],
        [
            0.14626756310462952,
            -0.7460250854492188,
            -0.02034134417772293
        ],
        [
            0.1467524915933609,
            -0.7575402855873108,
            -0.024386238306760788
        ],
        [
            0.16710151731967926,
            -0.8082855343818665,
            -0.0612165592610836
        ],
        [
            0.18487969040870667,
            -0.8697951436042786,
            -0.06354163587093353
        ],
        [
            0.18017767369747162,
            -0.8715212941169739,
            -0.074433334171772
        ],
        [
            0.18384449183940887,
            -0.8561984300613403,
            -0.061250969767570496
        ],
        [
            0.2027255892753601,
            -0.9243674278259277,
            -0.040559232234954834
        ],
        [
            0.1961798518896103,
            -0.9229146242141724,
            -0.05779816210269928
        ],
        [
            0.19916528463363647,
            -0.9054756164550781,
            -0.052764348685741425
        ],
        [
            0.20583407580852509,
            -0.9091789722442627,
            -0.037140004336833954
        ],
        [
            0.18341416120529175,
            -0.9646657109260559,
            -0.04411744698882103
        ],
        [
            0.17671872675418854,
            -0.955809473991394,
            -0.06998689472675323
        ],
        [
            0.186253622174263,
            -0.9409273862838745,
            -0.06425490975379944
        ],
        [
            0.19350291788578033,
            -0.9472393989562988,
            -0.0437932163476944
        ],
        [
            0.20883922278881073,
            -0.9088298082351685,
            -0.02391183003783226
        ],
        [
            0.21094821393489838,
            -0.9079334735870361,
            -0.005498435348272324
        ],
        [
            0.21126960217952728,
            -0.9234325885772705,
            0.0027958713471889496
        ],
        [
            0.20778080821037292,
            -0.9266787767410278,
            -0.019430235028266907
        ],
        [
            0.20424777269363403,
            -0.9449374675750732,
            0.01204213872551918
        ],
        [
            0.2005748450756073,
            -0.9489545822143555,
            -0.01495012640953064
        ],
        [
            0.16194631159305573,
            -0.7911715507507324,
            -0.013210613280534744
        ],
        [
            0.16777533292770386,
            -0.8081120252609253,
            -0.010385713540017605
        ],
        [
            0.14771895110607147,
            -0.771358847618103,
            -0.030086014419794083
        ],
        [
            0.1575293242931366,
            -0.7761397957801819,
            -0.013927138410508633
        ],
        [
            0.19050484895706177,
            -0.9627789258956909,
            0.01988796889781952
        ],
        [
            0.1875629723072052,
            -0.9688935875892639,
            -0.011906009167432785
        ],
        [
            0.1986997276544571,
            -0.8841739892959595,
            0.042401716113090515
        ],
        [
            0.20527125895023346,
            -0.9014683961868286,
            0.035467479377985
        ],
        [
            0.20693889260292053,
            -0.8893178701400757,
            0.018487252295017242
        ],
        [
            0.20142506062984467,
            -0.8745894432067871,
            0.027060534805059433
        ],
        [
