{
    "pred_cam": [
        1.2900480031967163,
        0.12394530326128006,
        0.302388995885849
    ],
    "pred_smpl_params": {
        "global_orient": [
            [
                [
                    0.30416831374168396,
                    0.11618034541606903,
                    -0.9455072283744812
                ],
                [
                    0.2806021571159363,
                    -0.9594267010688782,
                    -0.027621403336524963
                ],
                [
                    -0.9103538393974304,
                    -0.2569097876548767,
                    -0.32442766427993774
                ]
            ]
        ],
        "body_pose": [
            [
                [
                    0.9842260479927063,
                    0.14989857375621796,
                    0.09396528452634811
                ],
                [
                    -0.16030262410640717,
                    0.9803219437599182,
                    0.11520355939865112
                ],
                [
                    -0.07484738528728485,
                    -0.1284492313861847,
                    0.9888875484466553
                ]
            ],
            [
                [
                    0.9890997409820557,
                    0.14722220599651337,
                    -0.0026992717757821083
                ],
                [
                    -0.1466822773218155,
                    0.9835373759269714,
                    -0.10553945600986481
                ],
                [
                    -0.012882915325462818,
                    0.10478498786687851,
                    0.9944114685058594
                ]
            ],
            [
                [
                    0.9956318140029907,
                    -0.09181555360555649,
                    0.016948319971561432
                ],
                [
                    0.09322275966405869,
                    0.9876575469970703,
                    -0.12586544454097748
                ],
                [
                    -0.005182729102671146,
                    0.12689560651779175,
                    0.9919025897979736
                ]
            ],
            [
                [
                    0.9665127992630005,
                    0.2341921329498291,
                    0.1049145758152008
                ],
                [
                    -0.2044694870710373,
                    0.9498458504676819,
                    -0.23661187291145325
                ],
                [
                    -0.15506529808044434,
                    0.20723657310009003,
                    0.9659233093261719
                ]
            ],
            [
                [
                    0.9744083285331726,
                    0.16786566376686096,
                    0.14949780702590942
                ],
                [
                    -0.15024255216121674,
                    0.9810523390769958,
                    -0.12232555449008942
                ],
                [
                    -0.16719941794872284,
                    0.09673409909009933,
                    0.9811661243438721
                ]
            ],
            [
                [
                    0.9982179999351501,
                    -0.05519537627696991,
                    -0.022677524015307426
                ],
                [
                    0.05441363900899887,
                    0.9979478716850281,
                    -0.03375302255153656
                ],
                [
                    0.024493996053934097,
                    0.03245890885591507,
                    0.9991729259490967
                ]
            ],
            [
                [
                    0.9917559027671814,
                    0.029659315943717957,
                    0.12466193735599518
                ],
                [
                    -0.034785326570272446,
                    0.9986278414726257,
                    0.03914528340101242
                ],
                [
                    -0.12332986295223236,
                    -0.04315897077322006,
                    0.9914267659187317
                ]
            ],
            [
                [
                    0.9875715970993042,
                    -0.04473044350743294,
                    -0.15067030489444733
                ],
                [
                    0.05642680078744888,
                    0.9956406354904175,
                    0.07426853477954865
                ],
                [
                    0.14669141173362732,
                    -0.08184733986854553,
                    0.9857904314994812
                ]
            ],
            [
                [
                    0.9995206594467163,
                    -0.030931876972317696,
                    -0.0012884729076176882
                ],
                [
                    0.030843572691082954,
                    0.998526930809021,
                    -0.044640544801950455
                ],
                [
                    0.002667390275746584,
                    0.0445794053375721,
                    0.9990023374557495
                ]
            ],
            [
                [
                    0.9899387359619141,
                    -0.08946717530488968,
                    0.10962161421775818
                ],
                [
                    0.0909430980682373,
                    0.9958195686340332,
                    -0.008528818376362324
                ],
                [
                    -0.10840030014514923,
                    0.018412338569760323,
                    0.9939367771148682
                ]
            ],
            [
                [
                    0.9970188140869141,
                    0.07637421041727066,
                    0.01097662653774023
                ],
                [
                    -0.0770946592092514,
                    0.991862952709198,
                    0.10131267458200455
                ],
                [
                    -0.003149634227156639,
                    -0.10185687988996506,
                    0.9947940707206726
                ]
            ],
            [
                [
                    0.931398332118988,
                    -0.11874528229236603,
                    0.3440883159637451
                ],
                [
                    0.12092213332653046,
                    0.9925454258918762,
                    0.015209538862109184
                ],
                [
                    -0.34332937002182007,
                    0.027441753074526787,
                    0.938814103603363
                ]
            ],
            [
                [
                    0.8616827726364136,
                    0.3728320598602295,
                    -0.34423691034317017
                ],
                [
                    -0.36109238862991333,
                    0.9271242618560791,
                    0.10026395320892334
                ],
                [
                    0.3565320074558258,
                    0.037905607372522354,
                    0.9335138201713562
                ]
            ],
            [
                [
                    0.9405126571655273,
                    -0.2255302369594574,
                    0.2541102468967438
                ],
                [
                    0.2134392112493515,
                    0.9741065502166748,
                    0.0745668113231659
                ],
                [
                    -0.26434752345085144,
                    -0.01589394174516201,
                    0.9642965197563171
                ]
            ],
            [
                [
                    0.9478735327720642,
                    0.07502428442239761,
                    0.3096887171268463
                ],
                [
                    0.01737689971923828,
                    0.9582706689834595,
                    -0.2853338420391083
                ],
                [
                    -0.3181725740432739,
                    0.2758418321609497,
                    0.9070157408714294
                ]
            ],
            [
                [
                    0.5510719418525696,
                    0.7048187255859375,
                    -0.4467104971408844
                ],
                [
                    -0.7305586934089661,
                    0.6661960482597351,
                    0.14988918602466583
                ],
                [
                    0.40324148535728455,
                    0.2437485158443451,
                    0.8820334076881409
                ]
            ],
            [
                [
                    0.5927459001541138,
                    -0.5893781185150146,
                    0.5488951206207275
                ],
                [
                    0.6785687804222107,
                    0.7325630187988281,
                    0.05381316691637039
                ],
                [
                    -0.4338165521621704,
                    0.3405655324459076,
                    0.8341572880744934
                ]
            ],
            [
                [
                    0.6160884499549866,
                    -0.1613217443227768,
                    -0.770980179309845
                ],
                [
                    0.05267827957868576,
                    0.9850496649742126,
                    -0.16401906311511993
                ],
                [
                    0.7859135270118713,
                    0.06043633446097374,
                    0.6153758764266968
                ]
            ],
            [
                [
                    -0.07191619277000427,
                    0.3483349084854126,
                    0.9346074461936951
                ],
                [
                    -0.10548047721385956,
                    0.9291229248046875,
                    -0.35440734028816223
                ],
                [
                    -0.9918175339698792,
                    -0.1240704357624054,
                    -0.03007645346224308
                ]
            ],
            [
                [
                    0.9848127365112305,
                    -0.1534813642501831,
                    -0.08116317540407181
                ],
                [
                    0.15255267918109894,
                    0.9881393313407898,
                    -0.017559392377734184
                ],
                [
                    0.08289556205272675,
                    0.004911054391413927,
                    0.99654620885849
                ]
            ],
            [
                [
                    0.9789543747901917,
                    0.1377917230129242,
                    0.15053869783878326
                ],
                [
                    -0.16220079362392426,
                    0.973003625869751,
                    0.1641790270805359
                ],
                [
                    -0.1238522008061409,
                    -0.18514125049114227,
                    0.9748761057853699
                ]
            ],
            [
                [
                    0.9867877960205078,
                    0.14634044468402863,
                    -0.06952916085720062
                ],
                [
                    -0.13886280357837677,
                    0.9850057363510132,
                    0.10237528383731842
                ],
                [
                    0.08346828073263168,
                    -0.09136766195297241,
                    0.9923129081726074
                ]
            ],
            [
                [
                    0.9793583154678345,
                    -0.18544438481330872,
                    0.08042198419570923
                ],
                [
                    0.1795327216386795,
                    0.9808549880981445,
                    0.07544201612472534
                ],
                [
                    -0.09287259727716446,
                    -0.059446386992931366,
                    0.9939018487930298
                ]
            ]
        ],
        "betas": [
            -0.09968298673629761,
            0.09921754896640778,
            0.5304235219955444,
            1.414103627204895,
            0.13324028253555298,
            -0.0038630031049251556,
            -0.05608174204826355,
            0.0801193118095398,
            0.08217085897922516,
            -0.06193274259567261
        ]
    },
    "pred_cam_t": [
        0.12394530326128006,
        0.302388995885849,
        30.27988052368164
    ],
    "focal_length": [
        5000.0,
        5000.0
    ],
    "pred_keypoints_3d": [
        [
            -0.11581986397504807,
            -0.8236661553382874,
            -0.19745662808418274
        ],
        [
            0.009311828762292862,
            -0.7523058652877808,
            -0.06653593480587006
        ],
        [
            -0.049279727041721344,
            -0.6816417574882507,
            0.11359701305627823
        ],
        [
            -0.16541092097759247,
            -0.4748767614364624,
            0.18646112084388733
        ],
        [
            -0.2934038043022156,
            -0.5149986743927002,
            -0.024216756224632263
        ],
        [
            0.04267976060509682,
            -0.6278930902481079,
            -0.22671489417552948
        ],
        [
            -0.029719766229391098,
            -0.3839195966720581,
            -0.24563315510749817
        ],
        [
            -0.2608785033226013,
            -0.3138296604156494,
            -0.2072533667087555
        ],
        [
            -0.002800247399136424,
            -0.23698639869689941,
            0.02528759278357029
        ],
        [
            -0.02764265611767769,
            -0.16834935545921326,
            0.10873483121395111
        ],
        [
            -0.054652828723192215,
            0.15321242809295654,
            0.29953497648239136
        ],
        [
            -0.01716936007142067,
            0.4647871255874634,
            0.5281243920326233
        ],
        [
            0.01384322252124548,
            -0.13059113919734955,
            -0.008690482005476952
        ],
        [
            -0.07508216798305511,
            0.2106694132089615,
            0.08964551985263824
        ],
        [
            -0.10706990212202072,
            0.49292004108428955,
            0.3538320064544678
        ],
        [
            -0.1349281370639801,
            -0.8657737970352173,
            -0.15568330883979797
        ],
        [
            -0.08283518254756927,
            -0.8760277032852173,
            -0.19616717100143433
        ],
        [
            -0.110793337225914,
            -0.8710126876831055,
            -0.05156179144978523
        ],
        [
            0.0038961246609687805,
            -0.8943234086036682,
            -0.14480002224445343
        ],
        [
            -0.279331773519516,
            0.5754992961883545,
            0.2885092496871948
        ],
        [
            -0.2025480568408966,
            0.6073166131973267,
            0.2761520445346832
        ],
        [
            -0.0621243417263031,
            0.5105199813842773,
            0.40035784244537354
        ],
        [
            -0.1973763257265091,
            0.5332767367362976,
            0.4836012125015259
        ],
        [
            -0.1827681064605713,
            0.4927498698234558,
            0.5610626339912415
        ],
        [
            0.03214789927005768,
            0.4918375015258789,
            0.5720604658126831
        ],
        [
            0.0009721450041979551,
            0.40719956159591675,
            0.524101972579956
        ],
        [
            -0.05051366612315178,
            0.09712658077478409,
            0.2650947868824005
        ],
        [
            -0.036339521408081055,
            -0.30738353729248047,
            0.14447428286075592
        ],
        [
            0.06393992900848389,
            -0.21226736903190613,
            -0.09930120408535004
        ],
        [
            -0.06101374328136444,
            0.1761750876903534,
            0.0646195262670517
        ],
        [
            -0.07600293308496475,
            0.4662727117538452,
            0.33783119916915894
        ],
        [
            -0.26137763261795044,
            -0.5373538136482239,
            -0.013793131336569786
        ],
        [
            -0.18390972912311554,
            -0.5150310397148132,
            0.18547382950782776
        ],
        [
            -0.040137164294719696,
            -0.7062071561813354,
            0.07832704484462738
        ],
        [
            0.04839201271533966,
            -0.6672871708869934,
            -0.2042323797941208
        ],
        [
            -0.05064549297094345,
            -0.4213714003562927,
            -0.2750064730644226
        ],
        [
            -0.2551082372665405,
            -0.3345244824886322,
            -0.2143695056438446
        ],
        [
            0.003116864711046219,
            -0.7422714829444885,
            -0.07250005006790161
        ],
        [
            -0.07599260658025742,
            -0.9297391772270203,
            -0.12068691849708557
        ],
        [
            0.013736122287809849,
            -0.2602757215499878,
            0.02187993749976158
        ],
        [
            0.0036304695531725883,
            -0.6835893392562866,
            -0.06133042275905609
        ],
        [
            0.04047904163599014,
            -0.5102509260177612,
            -0.02464182674884796
        ],
        [
            -0.06051674485206604,
            -0.8176738619804382,
            -0.1343958079814911
        ],
        [
            -0.07871368527412415,
            -0.9493827819824219,
            -0.1141393780708313
        ]
    ],
    "pred_vertices": [
        [
            -0.08719560503959656,
            -0.9219985008239746,
            -0.2105257660150528
        ],
        [
            -0.09155832231044769,
            -0.9059637784957886,
            -0.21030667424201965
        ],
        [
            -0.07704252004623413,
            -0.9066080451011658,
            -0.20914021134376526
        ],
        [
            -0.07052310556173325,
            -0.9195479154586792,
            -0.20628994703292847
        ],
        [
            -0.08063718676567078,
            -0.8958464860916138,
            -0.21034866571426392
        ],
        [
            -0.09245242178440094,
            -0.8938486576080322,
            -0.20963647961616516
        ],
        [
            -0.06412839889526367,
            -0.9040772914886475,
            -0.2043221890926361
        ],
        [
            -0.05623342841863632,
            -0.9140396118164062,
            -0.19980522990226746
        ],
        [
            -0.043905965983867645,
            -0.873650848865509,
            -0.19366173446178436
        ],
        [
            -0.034195877611637115,
            -0.8723621368408203,
            -0.18836311995983124
        ],
        [
            -0.03869889676570892,
            -0.8835684061050415,
            -0.19094885885715485
        ],
        [
            -0.04772487282752991,
            -0.8817839622497559,
            -0.19488084316253662
        ],
        [
            -0.03604479879140854,
            -0.8494720458984375,
            -0.18748435378074646
        ],
        [
            -0.04302312806248665,
            -0.8375354409217834,
            -0.18887734413146973
        ],
        [
            -0.0335814543068409,
            -0.831468939781189,
            -0.18192532658576965
        ],
        [
            -0.026710182428359985,
            -0.8429751396179199,
            -0.1787775605916977
        ],
        [
            -0.08484270423650742,
            -0.8405556678771973,
            -0.18987786769866943
        ],
        [
            -0.07826152443885803,
            -0.835254430770874,
            -0.19142895936965942
        ],
        [
            -0.07650090754032135,
            -0.8425331115722656,
            -0.19376987218856812
        ],
        [
            -0.08322511613368988,
            -0.8469842672348022,
            -0.191450834274292
        ],
        [
            -0.09798261523246765,
            -0.8470219373703003,
            -0.19099532067775726
        ],
        [
            -0.0966552272439003,
            -0.8532553911209106,
            -0.18947303295135498
        ],
        [
            -0.10423599183559418,
            -0.8550277948379517,
            -0.19159117341041565
        ],
        [
            -0.10531719028949738,
            -0.8479894399642944,
            -0.19424450397491455
        ],
        [
            -0.08784249424934387,
            -0.8345241546630859,
            -0.18640512228012085
        ],
        [
            -0.08068564534187317,
            -0.8291537761688232,
            -0.18771666288375854
        ],
        [
            -0.09082406759262085,
            -0.8449593186378479,
            -0.18911100924015045
        ],
        [
            -0.09248444437980652,
            -0.8397143483161926,
            -0.18959105014801025
        ],
        [
            -0.09904439747333527,
            -0.830962061882019,
            -0.19586166739463806
        ],
        [
            -0.09817935526371002,
            -0.8361819982528687,
            -0.19610854983329773
        ],
        [
            -0.10488162934780121,
            -0.834992527961731,
            -0.20004025101661682
        ],
        [
            -0.10421731323003769,
            -0.8295626640319824,
            -0.19807317852973938
        ],
        [
            -0.0912838727235794,
            -0.8327613472938538,
            -0.19000929594039917
        ],
        [
            -0.09321827441453934,
            -0.8351616859436035,
            -0.19287508726119995
        ],
        [
            -0.09553330391645432,
            -0.8306045532226562,
            -0.1929570883512497
        ],
        [
            -0.0943521037697792,
            -0.8289726376533508,
            -0.18924251198768616
        ],
        [
            -0.09886680543422699,
            -0.8420749306678772,
            -0.19271835684776306
        ],
        [
            -0.10551759600639343,
            -0.8418639898300171,
            -0.1971234381198883
        ],
        [
            -0.1129712462425232,
            -0.8409177660942078,
            -0.2007342129945755
        ],
        [
            -0.11213894188404083,
            -0.8321373462677002,
            -0.20299430191516876
        ],
        [
            -0.06271975487470627,
            -0.8251817226409912,
            -0.1910324990749359
        ],
        [
            -0.07059593498706818,
            -0.8301512598991394,
            -0.1924477070569992
        ],
        [
            -0.07361504435539246,
            -0.8245450258255005,
            -0.18909716606140137
        ],
        [
            -0.06691225618124008,
            -0.8204824924468994,
            -0.18897265195846558
        ],
        [
            -0.09077522158622742,
            -0.82684725522995,
            -0.18668889999389648
        ],
        [
            -0.08395659923553467,
            -0.8118975162506104,
            -0.18672475218772888
        ],
        [
            -0.08478573709726334,
            -0.815645694732666,
            -0.1876087337732315
        ],
        [
            -0.09190450608730316,
            -0.8146282434463501,
            -0.18747389316558838
        ],
        [
            -0.09053123742341995,
            -0.8112657070159912,
            -0.18673831224441528
        ],
        [
            -0.05023887753486633,
            -0.8140853643417358,
            -0.18523478507995605
        ],
        [
            -0.056825269013643265,
            -0.8110410571098328,
            -0.18547363579273224
        ],
        [
            -0.05329836532473564,
            -0.8049591779708862,
            -0.18270368874073029
        ],
        [
            -0.046362973749637604,
            -0.807002067565918,
            -0.18087872862815857
        ],
        [
            -0.053420618176460266,
            -0.7991734743118286,
            -0.17943769693374634
        ],
        [
            -0.04416775703430176,
            -0.7998497486114502,
            -0.17646202445030212
        ],
        [
            -0.04865375906229019,
            -0.7842463850975037,
            -0.1690540313720703
        ],
        [
            -0.04597758129239082,
            -0.7912349700927734,
            -0.17248408496379852
        ],
        [
            -0.05557209625840187,
            -0.7928826212882996,
            -0.17655086517333984
        ],
        [
            -0.06031087040901184,
            -0.7861168384552002,
            -0.17516949772834778
        ],
        [
            -0.07518790662288666,
            -0.7868515253067017,
            -0.17583830654621124
        ],
        [
            -0.08100113272666931,
            -0.7841932773590088,
            -0.17443938553333282
        ],
        [
            -0.0732380747795105,
            -0.7734777927398682,
            -0.17344553768634796
        ],
        [
            -0.0670192763209343,
            -0.7787994146347046,
            -0.17461274564266205
        ],
        [
            -0.08048464357852936,
            -0.8073703050613403,
            -0.18172815442085266
        ],
        [
            -0.07586497068405151,
            -0.8086773753166199,
            -0.18181566894054413
        ],
        [
            -0.07720138132572174,
            -0.8095612525939941,
            -0.18416142463684082
        ],
        [
            -0.0824788510799408,
            -0.8092347383499146,
            -0.18453040719032288
        ],
        [
            -0.07185953855514526,
            -0.8094345331192017,
            -0.18245142698287964
        ],
        [
            -0.07005320489406586,
            -0.8096746206283569,
            -0.18277795612812042
        ],
        [
            -0.07122217118740082,
            -0.8105792999267578,
            -0.1838911771774292
        ],
        [
            -0.07233799993991852,
            -0.8099840879440308,
            -0.18316197395324707
        ],
        [
            -0.07414335012435913,
            -0.809171199798584,
            -0.1824001967906952
        ],
        [
            -0.07468351721763611,
            -0.8070460557937622,
            -0.18173334002494812
        ],
        [
            -0.07262642681598663,
            -0.8083678483963013,
            -0.18217560648918152
        ],
        [
            -0.07878042757511139,
            -0.8049635887145996,
            -0.18182629346847534
        ],
        [
            -0.09240739792585373,
            -0.7990906238555908,
            -0.18057873845100403
        ],
        [
            -0.0888185203075409,
            -0.8004812002182007,
            -0.1815875768661499
        ],
        [
            -0.09060031175613403,
            -0.8048557043075562,
            -0.18057233095169067
        ],
        [
            -0.093704953789711,
            -0.8038703203201294,
            -0.17986735701560974
        ],
        [
            -0.07391394674777985,
            -0.8115056753158569,
            -0.18503251671791077
        ],
        [
            -0.07214850187301636,
            -0.8137484788894653,
            -0.18602801859378815
        ],
        [
            -0.07763318717479706,
            -0.8149441480636597,
            -0.18707433342933655
        ],
        [
            -0.07763680070638657,
            -0.8121978044509888,
            -0.18545304238796234
        ],
        [
            -0.0701686441898346,
            -0.8161063194274902,
            -0.18768315017223358
        ],
        [
            -0.06934131681919098,
            -0.8123377561569214,
            -0.18486669659614563
        ],
        [
            -0.06668247282505035,
            -0.8135807514190674,
            -0.18632622063159943
        ],
        [
            -0.0700484961271286,
            -0.8078567981719971,
            -0.1821024864912033
        ],
        [
            -0.06660868972539902,
            -0.8071422576904297,
            -0.18216198682785034
        ],
        [
            -0.06734487414360046,
            -0.8095169067382812,
            -0.1838449239730835
        ],
        [
            -0.06767214834690094,
            -0.8034526109695435,
            -0.18081580102443695
        ],
        [
            -0.07211916148662567,
            -0.8053475618362427,
            -0.18105736374855042
        ],
        [
            -0.07589375972747803,
            -0.8022507429122925,
            -0.18103618919849396
        ],
        [
            -0.0809691771864891,
            -0.7990787029266357,
            -0.18099793791770935
        ],
        [
            -0.07619673013687134,
            -0.7955225706100464,
            -0.1790994256734848
        ],
        [
            -0.0711466521024704,
            -0.7993803024291992,
            -0.17989464104175568
        ],
        [
            -0.0765383243560791,
            -0.8192143440246582,
            -0.18816451728343964
        ],
        [
            -0.06280943006277084,
            -0.8100751042366028,
            -0.1845814436674118
        ],
        [
            -0.06172509863972664,
            -0.8167388439178467,
            -0.18737483024597168
        ],
        [
            -0.06103239580988884,
            -0.8056784868240356,
            -0.18279680609703064
        ],
        [
            -0.06140347570180893,
            -0.8010416626930237,
            -0.18045711517333984
        ],
        [
            -0.06461074948310852,
            -0.7960847616195679,
            -0.17846348881721497
        ],
        [
            -0.06961683928966522,
            -0.79108726978302,
            -0.17721715569496155
        ],
        [
            -0.06362569332122803,
            -0.7682324647903442,
            -0.16374535858631134
        ],
        [
            -0.05674871429800987,
            -0.7751462459564209,
            -0.16673125326633453
        ],
        [
            -0.09064505994319916,
            -0.8872005343437195,
            -0.20474189519882202
        ],
        [
            -0.08201561868190765,
            -0.8884294033050537,
            -0.20747891068458557
        ],
        [
            -0.07707753777503967,
            -0.8822811245918274,
            -0.20243673026561737
        ],
        [
            -0.07622961699962616,
            -0.8850376605987549,
            -0.20355163514614105
        ],
        [
            -0.08252507448196411,
            -0.8844991326332092,
            -0.20369359850883484
        ],
        [
            -0.08176998049020767,
            -0.8818244934082031,
            -0.202201247215271
        ],
        [
            -0.05604260042309761,
            -0.8812521696090698,
            -0.19639374315738678
        ],
        [
            -0.06287561357021332,
            -0.8810901641845703,
            -0.19758081436157227
        ],
        [
            -0.06096808239817619,
            -0.8778838515281677,
            -0.19576549530029297
        ],
        [
            -0.05278272554278374,
            -0.8753289580345154,
            -0.19558191299438477
        ],
        [
            -0.06848391890525818,
            -0.8675495386123657,
            -0.19598795473575592
        ],
        [
            -0.06372813880443573,
            -0.870334267616272,
            -0.1959509700536728
        ],
        [
            -0.06985042989253998,
            -0.8753494024276733,
            -0.19730059802532196
        ],
        [
            -0.0733145922422409,
            -0.8734128475189209,
            -0.19733190536499023
        ],
        [
            -0.07711988687515259,
            -0.8719426989555359,
            -0.19658249616622925
        ],
        [
            -0.0812688022851944,
            -0.8710771799087524,
            -0.19512653350830078
        ],
        [
            -0.07914577424526215,
            -0.8660732507705688,
            -0.19409656524658203
        ],
        [
            -0.07388269901275635,
            -0.86637282371521,
            -0.19534233212471008
        ],
        [
            -0.08854135870933533,
            -0.8843545913696289,
            -0.20110252499580383
        ],
        [
            -0.09420211613178253,
            -0.8826320171356201,
            -0.19663068652153015
        ],
        [
            -0.09163439273834229,
            -0.8800615072250366,
            -0.19634827971458435
        ],
        [
            -0.08721144497394562,
            -0.8812969923019409,
            -0.2003227025270462
        ],
        [
            -0.09549561142921448,
            -0.8737980127334595,
            -0.18550950288772583
        ],
        [
            -0.09572307765483856,
            -0.8759762048721313,
            -0.18747688829898834
        ],
        [
            -0.09965214133262634,
            -0.8765153884887695,
            -0.18663179874420166
        ],
        [
            -0.09863626956939697,
            -0.8723874092102051,
            -0.18478479981422424
        ],
        [
            -0.09600447118282318,
            -0.8697381019592285,
            -0.18582038581371307
        ],
        [
            -0.09428390860557556,
            -0.8722155690193176,
            -0.18648231029510498
        ],
        [
            -0.09987814724445343,
            -0.9414325952529907,
            -0.2066546231508255
        ],
        [
            -0.10339395701885223,
            -0.9232465028762817,
            -0.20829100906848907
        ],
        [
            -0.07928041368722916,
            -0.9408575892448425,
            -0.20344358682632446
        ],
        [
            -0.06273308396339417,
            -0.9353528022766113,
            -0.19822822511196136
        ],
        [
            -0.04805874079465866,
            -0.925567626953125,
            -0.1937604695558548
        ],
        [
            -0.04204540699720383,
            -0.8213871717453003,
            -0.18412627279758453
        ],
        [
            -0.035549525171518326,
            -0.8145818114280701,
            -0.17855288088321686
        ],
        [
            -0.024942144751548767,
            -0.8259554505348206,
            -0.17464995384216309
        ],
        [
            -0.021602746099233627,
            -0.8165971040725708,
            -0.16849768161773682
        ],
        [
            -0.03296525776386261,
            -0.8051177859306335,
            -0.17301443219184875
        ],
        [
            -0.039182405918836594,
            -0.7849125862121582,
            -0.16044257581233978
        ],
        [
            -0.034117359668016434,
            -0.794550895690918,
            -0.1670963168144226
        ],
        [
            -0.02048766240477562,
            -0.8067161440849304,
            -0.16083502769470215
        ],
        [
            -0.008512258529663086,
            -0.8239988684654236,
            -0.15539079904556274
        ],
        [
            -0.012315325438976288,
            -0.8300084471702576,
            -0.16353164613246918
        ],
        [
            -0.002268970012664795,
            -0.8429311513900757,
            -0.1493721753358841
        ],
        [
            -0.005479566752910614,
            -0.8176536560058594,
            -0.14374005794525146
        ],
        [
            -0.0005492791533470154,
            -0.8436797261238098,
            -0.14075344800949097
        ],
        [
            -0.01791663095355034,
            -0.7797633409500122,
            -0.13385725021362305
        ],
        [
            -0.014344360679388046,
            -0.7693604230880737,
            -0.13168343901634216
        ],
        [
            0.002153247594833374,
            -0.7800866365432739,
            -0.13305379450321198
        ],
        [
            -0.0016374774277210236,
            -0.790823221206665,
            -0.13410580158233643
        ],
        [
            -0.01778465509414673,
            -0.8365558385848999,
            -0.17088022828102112
        ],
        [
            -0.03597395122051239,
            -0.8953992128372192,
            -0.1880757212638855
        ],
        [
            -0.044893763959407806,
            -0.8919844627380371,
            -0.19443951547145844
        ],
        [
            -0.02882571518421173,
            -0.8845276236534119,
            -0.18403692543506622
        ],
        [
            -0.041427865624427795,
            -0.9574933648109436,
            -0.18116505444049835
        ],
        [
            -0.0531458705663681,
            -0.9481667280197144,
            -0.19161735475063324
        ],
        [
            -0.04002860188484192,
            -0.9364376068115234,
            -0.1878984123468399
        ],
        [
            -0.030519694089889526,
            -0.946830153465271,
            -0.17888948321342468
        ],
        [
            -0.07791177183389664,
            -0.9836527109146118,
            -0.17860567569732666
        ],
        [
            -0.08900955319404602,
            -0.9648303985595703,
            -0.19592061638832092
        ],
        [
            -0.07227553427219391,
            -0.9586318731307983,
            -0.19488686323165894
        ],
        [
            -0.06143230199813843,
            -0.9729000926017761,
            -0.18165557086467743
        ],
        [
            -0.022369712591171265,
            -0.9520548582077026,
            -0.16891002655029297
        ],
        [
            -0.013041988015174866,
            -0.9585628509521484,
            -0.1545601487159729
        ],
        [
            -0.01695340871810913,
            -0.9748727083206177,
            -0.14974504709243774
        ],
        [
            -0.03005104511976242,
            -0.9681854844093323,
            -0.16677790880203247
        ],
        [
            -0.02859632670879364,
            -0.9949561357498169,
            -0.14061035215854645
        ],
        [
            -0.04500170052051544,
            -0.987634003162384,
            -0.16152358055114746
        ],
        [
            0.005754709243774414,
            -0.8320153951644897,
            -0.13108187913894653
        ],
        [
            0.004542507231235504,
            -0.8515992164611816,
            -0.13075286149978638
        ],
        [
            -0.0066197700798511505,
            -0.8024768829345703,
            -0.13748304545879364
        ],
        [
            0.007232442498207092,
            -0.8148869276046753,
            -0.13097909092903137
        ],
        [
            -0.04463617503643036,
            -1.0091779232025146,
            -0.12855881452560425
        ],
        [
            -0.06386273354291916,
            -1.0009229183197021,
            -0.1537841260433197
        ],
        [
            0.011720262467861176,
            -0.9502773880958557,
            -0.1060822606086731
        ],
        [
            0.003874748945236206,
            -0.9651187658309937,
            -0.11639212816953659
        ],
        [
            0.0043084025382995605,
            -0.9491581916809082,
