{
    "pred_cam": [
        1.2896448373794556,
        0.12028469890356064,
        0.2875775396823883
    ],
    "pred_smpl_params": {
        "global_orient": [
            [
                [
                    0.3375859260559082,
                    0.11938777565956116,
                    -0.9336928129196167
                ],
                [
                    0.2849564552307129,
                    -0.9583418369293213,
                    -0.019510729238390923
                ],
                [
                    -0.897126317024231,
                    -0.2594752311706543,
                    -0.357543021440506
                ]
            ]
        ],
        "body_pose": [
            [
                [
                    0.9865449070930481,
                    0.13714449107646942,
                    0.08899800479412079
                ],
                [
                    -0.14702679216861725,
                    0.9822961091995239,
                    0.11609233915805817
                ],
                [
                    -0.07150097191333771,
                    -0.12761537730693817,
                    0.9892431497573853
                ]
            ],
            [
                [
                    0.9915308952331543,
                    0.12983325123786926,
                    -0.0031204959377646446
                ],
                [
                    -0.12930059432983398,
                    0.9846439361572266,
                    -0.11729314178228378
                ],
                [
                    -0.012155973352491856,
                    0.11670326441526413,
                    0.99309241771698
                ]
            ],
            [
                [
                    0.9957762956619263,
                    -0.09139824658632278,
                    0.00871617067605257
                ],
                [
                    0.09177419543266296,
                    0.988103985786438,
                    -0.12340175360441208
                ],
                [
                    0.002666221233084798,
                    0.12368045747280121,
                    0.9923185110092163
                ]
            ],
            [
                [
                    0.971382737159729,
                    0.21791847050189972,
                    0.09448399394750595
                ],
                [
                    -0.1913299560546875,
                    0.9536193013191223,
                    -0.23238559067249298
                ],
                [
                    -0.14074288308620453,
                    0.20765770971775055,
                    0.9680236577987671
                ]
            ],
            [
                [
                    0.9724708795547485,
                    0.1630827635526657,
                    0.1664462834596634
                ],
                [
                    -0.1420304775238037,
                    0.9810954928398132,
                    -0.13144944608211517
                ],
                [
                    -0.18473683297634125,
                    0.10419031977653503,
                    0.9772495031356812
                ]
            ],
            [
                [
                    0.9979332685470581,
                    -0.05516400933265686,
                    -0.032953958958387375
                ],
                [
                    0.05395176261663437,
                    0.9978722929954529,
                    -0.03660771995782852
                ],
                [
                    0.03490326926112175,
                    0.03475414216518402,
                    0.9987861514091492
                ]
            ],
            [
                [
                    0.9911573529243469,
                    0.022814791649580002,
                    0.1307157725095749
                ],
                [
                    -0.02723449096083641,
                    0.9991127848625183,
                    0.032123856246471405
                ],
                [
                    -0.12986689805984497,
                    -0.035399772226810455,
                    0.9908993244171143
                ]
            ],
            [
                [
                    0.9863852858543396,
                    -0.032209597527980804,
                    -0.1612658053636551
                ],
                [
                    0.04495028406381607,
                    0.9960949420928955,
                    0.07598932832479477
                ],
                [
                    0.15818846225738525,
                    -0.0822036936879158,
                    0.9839812517166138
                ]
            ],
            [
                [
                    0.9993696808815002,
                    -0.03411749005317688,
                    -0.009812396951019764
                ],
                [
                    0.03372941538691521,
                    0.998734176158905,
                    -0.037315282970666885
                ],
                [
                    0.011073078960180283,
                    0.036960795521736145,
                    0.9992554187774658
                ]
            ],
            [
                [
                    0.9898197054862976,
                    -0.08020094037055969,
                    0.11757884174585342
                ],
                [
                    0.08202411234378815,
                    0.9965724349021912,
                    -0.01074186060577631
                ],
                [
                    -0.11631432920694351,
                    0.020276803523302078,
                    0.9930054545402527
                ]
            ],
            [
                [
                    0.9973946809768677,
                    0.06824269890785217,
                    0.02338593825697899
                ],
                [
                    -0.07011329382658005,
                    0.9933175444602966,
                    0.09167630225419998
                ],
                [
                    -0.01697341911494732,
                    -0.09307710826396942,
                    0.9955143332481384
                ]
            ],
            [
                [
                    0.9319477081298828,
                    -0.12358022481203079,
                    0.3408832252025604
                ],
                [
                    0.1319519430398941,
                    0.9912551045417786,
                    -0.0013869006652384996
                ],
                [
                    -0.33773085474967957,
                    0.04627272114157677,
                    0.9401045441627502
                ]
            ],
            [
                [
                    0.8641299605369568,
                    0.3676527142524719,
                    -0.34367284178733826
                ],
                [
                    -0.3566013276576996,
                    0.9291692972183228,
                    0.09736502915620804
                ],
                [
                    0.3551267385482788,
                    0.038418155163526535,
                    0.9340285062789917
                ]
            ],
            [
                [
                    0.9423494338989258,
                    -0.22239822149276733,
                    0.25003325939178467
                ],
                [
                    0.2101612091064453,
                    0.9747877717018127,
                    0.07497325539588928
                ],
                [
                    -0.2604033052921295,
                    -0.018103713169693947,
                    0.965330183506012
                ]
            ],
            [
                [
                    0.9524971842765808,
                    0.06994642317295074,
                    0.29640641808509827
                ],
                [
                    0.018522655591368675,
                    0.9581608176231384,
                    -0.285630464553833
                ],
                [
                    -0.3039838373661041,
                    0.27755239605903625,
                    0.911349892616272
                ]
            ],
            [
                [
                    0.5526614785194397,
                    0.703203022480011,
                    -0.4472927153110504
                ],
                [
                    -0.725696325302124,
                    0.6699543595314026,
                    0.15660777688026428
                ],
                [
                    0.40979278087615967,
                    0.23804759979248047,
                    0.8805698156356812
                ]
            ],
            [
                [
                    0.6027265787124634,
                    -0.5833758115768433,
                    0.5444201827049255
                ],
                [
                    0.6724082827568054,
                    0.7386795282363892,
                    0.047113217413425446
                ],
                [
                    -0.42963671684265137,
                    0.3376762568950653,
                    0.8374885320663452
                ]
            ],
            [
                [
                    0.626387357711792,
                    -0.1561899185180664,
                    -0.7637039422988892
                ],
                [
                    0.055365774780511856,
                    0.9861605763435364,
                    -0.15627515316009521
                ],
                [
                    0.777543306350708,
                    0.05560573190450668,
                    0.6263660788536072
                ]
            ],
            [
                [
                    -0.08373328298330307,
                    0.3442070484161377,
                    0.935152530670166
                ],
                [
                    -0.10678355395793915,
                    0.9299449920654297,
                    -0.3518516719341278
                ],
                [
                    -0.990750253200531,
                    -0.12932059168815613,
                    -0.041111696511507034
                ]
            ],
            [
                [
                    0.98578280210495,
                    -0.15200084447860718,
                    -0.07160995900630951
                ],
                [
                    0.15112915635108948,
                    0.9883596897125244,
                    -0.017469212412834167
                ],
                [
                    0.07343172281980515,
                    0.006398498080670834,
                    0.9972797632217407
                ]
            ],
            [
                [
                    0.9803537130355835,
                    0.1359240561723709,
                    0.1429380625486374
                ],
                [
                    -0.15992999076843262,
                    0.9719076752662659,
                    0.17267842590808868
                ],
                [
                    -0.11545145511627197,
                    -0.19214601814746857,
                    0.9745516180992126
                ]
            ],
            [
                [
                    0.9863133430480957,
                    0.15020732581615448,
                    -0.0679987445473671
                ],
                [
                    -0.14261342585086823,
                    0.9841529726982117,
                    0.10537673532962799
                ],
                [
                    0.08274953067302704,
                    -0.09423693269491196,
                    0.9921047687530518
                ]
            ],
            [
                [
                    0.9771970510482788,
                    -0.19302932918071747,
                    0.08846341073513031
                ],
                [
                    0.18617939949035645,
                    0.979242742061615,
                    0.08013060688972473
                ],
                [
                    -0.10209470242261887,
                    -0.06183331459760666,
                    0.992851197719574
                ]
            ]
        ],
        "betas": [
            -0.0849563479423523,
            0.02537396550178528,
            0.3616348206996918,
            1.0566731691360474,
            0.14811992645263672,
            -0.016219016164541245,
            -0.04683727025985718,
            0.03350931406021118,
            0.07373762130737305,
            -0.0617314875125885
        ]
    },
    "pred_cam_t": [
        0.12028469890356064,
        0.2875775396823883,
        30.28934669494629
    ],
    "focal_length": [
        5000.0,
        5000.0
    ],
    "pred_keypoints_3d": [
        [
            -0.11270634829998016,
            -0.8117634654045105,
            -0.19598272442817688
        ],
        [
            0.013679182156920433,
            -0.7444387674331665,
            -0.06628377735614777
        ],
        [
            -0.04710475727915764,
            -0.676349937915802,
            0.11329809576272964
        ],
        [
            -0.16645368933677673,
            -0.4709370732307434,
            0.1901911050081253
        ],
        [
            -0.29258209466934204,
            -0.5123258233070374,
            -0.02282838523387909
        ],
        [
            0.04714906960725784,
            -0.6207048296928406,
            -0.22606059908866882
        ],
        [
            -0.027692630887031555,
            -0.3762120008468628,
            -0.24676485359668732
        ],
        [
            -0.26063892245292664,
            -0.3057989478111267,
            -0.21340006589889526
        ],
        [
            -0.002519093919545412,
            -0.23351286351680756,
            0.02626088820397854
        ],
        [
            -0.030590325593948364,
            -0.1655379831790924,
            0.11013837158679962
        ],
        [
            -0.05560735613107681,
            0.15911716222763062,
            0.29921507835388184
        ],
        [
            -0.014496590942144394,
            0.4726243019104004,
            0.5286753177642822
        ],
        [
            0.016061097383499146,
            -0.12667730450630188,
            -0.00750257633626461
        ],
        [
            -0.07230750471353531,
            0.21776136755943298,
            0.08727184683084488
        ],
        [
            -0.10720987617969513,
            0.5083856582641602,
            0.34549787640571594
        ],
        [
            -0.1321900486946106,
            -0.8539000749588013,
            -0.15476131439208984
        ],
        [
            -0.08068543672561646,
            -0.864517092704773,
            -0.1958782970905304
        ],
        [
            -0.10700571537017822,
            -0.8608112931251526,
            -0.05120427906513214
        ],
        [
            0.006119489669799805,
            -0.8848311901092529,
            -0.14562390744686127
        ],
        [
            -0.27615469694137573,
            0.5939786434173584,
            0.2741539478302002
        ],
        [
            -0.1983923614025116,
            0.6233011484146118,
            0.26332730054855347
        ],
        [
            -0.06272097676992416,
            0.5262070298194885,
            0.3927248418331146
        ],
        [
            -0.190426304936409,
            0.5473463535308838,
            0.4784543216228485
        ],
        [
            -0.1807774305343628,
            0.5062551498413086,
            0.5562567710876465
        ],
        [
            0.03440474718809128,
            0.498214453458786,
            0.5743391513824463
        ],
        [
            0.001562305260449648,
            0.4141218960285187,
            0.5255476236343384
        ],
        [
            -0.05161312222480774,
            0.10241726785898209,
            0.26525595784187317
        ],
        [
            -0.041558701545000076,
            -0.3048611283302307,
            0.14588910341262817
        ],
        [
            0.0697173997759819,
            -0.20775483548641205,
            -0.09746479988098145
        ],
        [
            -0.05762823298573494,
            0.18289202451705933,
            0.06275714933872223
        ],
        [
            -0.07600037753582001,
            0.4808647036552429,
            0.3307124972343445
        ],
        [
            -0.26051637530326843,
            -0.5344036817550659,
            -0.01219981163740158
        ],
        [
            -0.1846638023853302,
            -0.5115206837654114,
            0.18872730433940887
        ],
        [
            -0.03768865764141083,
            -0.7002696394920349,
            0.07829287648200989
        ],
        [
            0.05287579074501991,
            -0.6597801446914673,
            -0.20388606190681458
        ],
        [
            -0.047771960496902466,
            -0.4137974679470062,
            -0.2765195965766907
        ],
        [
            -0.25488388538360596,
            -0.326509565114975,
            -0.22039154171943665
        ],
        [
            0.007106355391442776,
            -0.735155463218689,
            -0.0725066065788269
        ],
        [
            -0.07373906672000885,
            -0.9192931652069092,
            -0.12085909396409988
        ],
        [
            0.01415954902768135,
            -0.2567557096481323,
            0.023478524759411812
        ],
        [
            0.0069566816091537476,
            -0.6768404245376587,
            -0.06121649593114853
        ],
        [
            0.042947880923748016,
            -0.5034475922584534,
            -0.022973310202360153
        ],
        [
            -0.05700111761689186,
            -0.8073526620864868,
            -0.1339263617992401
        ],
        [
            -0.07676361501216888,
            -0.9389444589614868,
            -0.11449794471263885
        ]
    ],
    "pred_vertices": [
        [
            -0.08585525304079056,
            -0.9105322360992432,
            -0.21052342653274536
        ],
        [
            -0.09000824391841888,
            -0.8943811655044556,
            -0.21010325849056244
        ],
        [
            -0.07549498230218887,
            -0.8952547311782837,
            -0.209078848361969
        ],
        [
            -0.06911544501781464,
            -0.90836101770401,
            -0.20638436079025269
        ],
        [
            -0.07892103493213654,
            -0.8843523263931274,
            -0.21017986536026
        ],
        [
            -0.09070166200399399,
            -0.8821791410446167,
            -0.2093239426612854
        ],
        [
            -0.06250043213367462,
            -0.8929494619369507,
            -0.20437952876091003
        ],
        [
            -0.05469176173210144,
            -0.903114378452301,
            -0.20004764199256897
        ],
        [
            -0.04165526479482651,
            -0.8628430366516113,
            -0.19373741745948792
        ],
        [
            -0.03189387917518616,
            -0.8617739677429199,
            -0.18849103152751923
        ],
        [
            -0.03660362958908081,
            -0.8729148507118225,
            -0.19110536575317383
        ],
        [
            -0.04562827944755554,
            -0.8709216117858887,
            -0.19496233761310577
        ],
        [
            -0.033358536660671234,
            -0.8388621211051941,
            -0.18737584352493286
        ],
        [
            -0.04018961638212204,
            -0.8268045783042908,
            -0.18860244750976562
        ],
        [
            -0.030607685446739197,
            -0.8209704160690308,
            -0.18158450722694397
        ],
        [
            -0.023874230682849884,
            -0.8325920701026917,
            -0.17858071625232697
        ],
        [
            -0.08202537149190903,
            -0.8290984630584717,
            -0.18924343585968018
        ],
        [
            -0.07540203630924225,
            -0.8238990306854248,
            -0.19081087410449982
        ],
        [
            -0.0737687349319458,
            -0.8311728239059448,
            -0.19328227639198303
        ],
        [
            -0.08052967488765717,
            -0.8355377912521362,
            -0.19092024862766266
        ],
        [
            -0.09523186087608337,
            -0.8353585004806519,
            -0.19015702605247498
        ],
        [
            -0.0940135046839714,
            -0.8416336178779602,
            -0.18875305354595184
        ],
        [
            -0.10163070261478424,
            -0.8432657718658447,
            -0.19071544706821442
        ],
        [
            -0.10259756445884705,
            -0.8361902236938477,
            -0.19323551654815674
        ],
        [
            -0.08487015217542648,
            -0.8230809569358826,
            -0.1855899691581726
        ],
        [
            -0.0776827335357666,
            -0.8178447484970093,
            -0.18693536520004272
        ],
        [
            -0.088040292263031,
            -0.8334071636199951,
            -0.18841922283172607
        ],
        [
            -0.0895911231637001,
            -0.8281574249267578,
            -0.1887509673833847
        ],
        [
            -0.0960434079170227,
            -0.8192590475082397,
            -0.1947256624698639
        ],
        [
            -0.09525971859693527,
            -0.8244926333427429,
            -0.1950628161430359
        ],
        [
            -0.10197672247886658,
            -0.823172926902771,
            -0.1988285481929779
        ],
        [
            -0.10120383650064468,
            -0.8177756071090698,
            -0.19682636857032776
        ],
        [
            -0.08829764276742935,
            -0.8212441205978394,
            -0.18903502821922302
        ],
        [
            -0.09027431905269623,
            -0.823573648929596,
            -0.19188295304775238
        ],
        [
            -0.09252284467220306,
            -0.8189840316772461,
            -0.19186443090438843
        ],
        [
            -0.09129762649536133,
            -0.8174188137054443,
            -0.18815839290618896
        ],
        [
            -0.09602601081132889,
            -0.8303976655006409,
            -0.19174373149871826
        ],
        [
            -0.10270553827285767,
            -0.8300440311431885,
            -0.19599652290344238
        ],
        [
            -0.11016181111335754,
            -0.8289563655853271,
            -0.1994381844997406
        ],
        [
            -0.10921008884906769,
            -0.8202041387557983,
            -0.2016187459230423
        ],
        [
            -0.05973084270954132,
            -0.814139187335968,
            -0.1904337853193283
        ],
        [
            -0.06768278777599335,
            -0.8189331293106079,
            -0.19182604551315308
        ],
        [
            -0.07057298719882965,
            -0.813351035118103,
            -0.18834641575813293
        ],
        [
            -0.06382375210523605,
            -0.8094223737716675,
            -0.18822777271270752
        ],
        [
            -0.08768075704574585,
            -0.8154082298278809,
            -0.1856556534767151
        ],
        [
            -0.0806618332862854,
            -0.8006623983383179,
            -0.18562933802604675
        ],
        [
            -0.0815468356013298,
            -0.8043624758720398,
            -0.18651479482650757
        ],
        [
            -0.08865399658679962,
            -0.8032394051551819,
            -0.18627770245075226
        ],
        [
            -0.0872323215007782,
            -0.7999279499053955,
            -0.18556712567806244
        ],
        [
            -0.047055017203092575,
            -0.8033790588378906,
            -0.1845712959766388
        ],
        [
            -0.05360537767410278,
            -0.8002400398254395,
            -0.184673473238945
        ],
        [
            -0.04998484626412392,
            -0.7942864894866943,
            -0.18186882138252258
        ],
        [
            -0.04306068643927574,
            -0.7964416742324829,
            -0.1801799237728119
        ],
        [
            -0.050018396228551865,
            -0.7885863780975342,
            -0.17857839167118073
        ],
        [
            -0.0407257154583931,
            -0.7894263863563538,
            -0.17571142315864563
        ],
        [
            -0.04486554488539696,
            -0.7739285230636597,
            -0.16809901595115662
        ],
        [
            -0.04235266521573067,
            -0.7808746099472046,
            -0.17165076732635498
        ],
        [
            -0.05203324556350708,
            -0.7823405861854553,
            -0.17560043931007385
        ],
        [
            -0.05665365979075432,
            -0.7755599021911621,
            -0.17407658696174622
        ],
        [
            -0.07150925695896149,
            -0.7760062217712402,
            -0.17458981275558472
        ],
        [
            -0.07722055912017822,
            -0.773285984992981,
            -0.1730688214302063
        ],
        [
            -0.06932156533002853,
            -0.7627543210983276,
            -0.17202827334403992
        ],
        [
            -0.06324101984500885,
            -0.7681595087051392,
            -0.17334316670894623
        ],
        [
            -0.07709869742393494,
            -0.7962474822998047,
            -0.18067288398742676
        ],
        [
            -0.07250668853521347,
            -0.7976321578025818,
            -0.18081611394882202
        ],
        [
            -0.07386696338653564,
            -0.7984557151794434,
            -0.1831512749195099
        ],
        [
            -0.07913869619369507,
            -0.7980398535728455,
            -0.18346691131591797
        ],
        [
            -0.06854255497455597,
            -0.7984441518783569,
            -0.1814965009689331
        ],
        [
            -0.06674875319004059,
            -0.7986999750137329,
            -0.1818416714668274
        ],
        [
            -0.06792135536670685,
            -0.7995630502700806,
            -0.1829472780227661
        ],
        [
            -0.06902892887592316,
            -0.7989662885665894,
            -0.18218481540679932
        ],
        [
            -0.07082214951515198,
            -0.7981447577476501,
            -0.1814034879207611
        ],
        [
            -0.07133243978023529,
            -0.796045184135437,
            -0.1807103157043457
        ],
        [
            -0.06930018961429596,
            -0.7973850965499878,
            -0.18120437860488892
        ],
        [
            -0.07539819180965424,
            -0.793914258480072,
            -0.18073487281799316
        ],
        [
            -0.08886611461639404,
            -0.7878042459487915,
            -0.1793215572834015
        ],
        [
            -0.0853319764137268,
            -0.7892483472824097,
            -0.18038833141326904
        ],
        [
            -0.08715223520994186,
            -0.7935624122619629,
            -0.1793941855430603
        ],
        [
            -0.09022526443004608,
            -0.7925465106964111,
            -0.1786365807056427
        ],
        [
            -0.07062117755413055,
            -0.8004441261291504,
            -0.18402807414531708
        ],
        [
            -0.06889582425355911,
            -0.8026759028434753,
            -0.1850847601890564
        ],
        [
            -0.07439503073692322,
            -0.8037768602371216,
            -0.18606525659561157
        ],
        [
            -0.07434502243995667,
            -0.8010611534118652,
            -0.18443989753723145
        ],
        [
            -0.06698976457118988,
            -0.8050261735916138,
            -0.1867968887090683
        ],
        [
            -0.06608527898788452,
            -0.8013299703598022,
            -0.1839524805545807
        ],
        [
            -0.06347225606441498,
            -0.8026010990142822,
            -0.1854594498872757
        ],
        [
            -0.06672404706478119,
            -0.7969152927398682,
            -0.1811535358428955
        ],
        [
            -0.06329303979873657,
            -0.796249508857727,
            -0.18123330175876617
        ],
        [
            -0.06406286358833313,
            -0.7985666990280151,
            -0.18293505907058716
        ],
        [
            -0.06429717689752579,
            -0.7925953269004822,
            -0.17984502017498016
        ],
        [
            -0.06875324249267578,
            -0.79441237449646,
            -0.1800680160522461
        ],
        [
            -0.0724811926484108,
            -0.7912851572036743,
            -0.1799737811088562
        ],
        [
            -0.0775010883808136,
            -0.7880347967147827,
            -0.1798696517944336
        ],
        [
            -0.07267913222312927,
            -0.7845914363861084,
            -0.1779920905828476
        ],
        [
            -0.06769926846027374,
            -0.788506269454956,
            -0.1788582056760788
        ],
        [
            -0.07337316125631332,
            -0.8080285787582397,
            -0.18723218142986298
        ],
        [
            -0.05955463647842407,
            -0.7991911768913269,
            -0.1837114691734314
        ],
        [
            -0.0585874542593956,
            -0.8058101534843445,
            -0.1866125911474228
        ],
        [
            -0.05772053450345993,
            -0.7948744893074036,
            -0.1818893700838089
        ],
        [
            -0.05801829695701599,
            -0.7902929782867432,
            -0.1795118749141693
        ],
        [
            -0.06112094968557358,
            -0.7853555083274841,
            -0.17746543884277344
        ],
        [
            -0.06603427231311798,
            -0.7803072929382324,
            -0.1761014759540558
        ],
        [
            -0.05953460559248924,
            -0.7577290534973145,
            -0.1624818593263626
        ],
        [
            -0.052798472344875336,
            -0.7647364139556885,
            -0.16563159227371216
        ],
        [
            -0.0887318104505539,
            -0.8755518794059753,
            -0.20442797243595123
        ],
        [
            -0.08015000075101852,
            -0.8768752813339233,
            -0.20728090405464172
        ],
        [
            -0.07505978643894196,
            -0.8708361387252808,
            -0.20225518941879272
        ],
        [
            -0.07427360117435455,
            -0.8735876083374023,
            -0.2034081071615219
        ],
        [
            -0.08055688440799713,
            -0.8729588985443115,
            -0.2034740000963211
        ],
        [
            -0.07974722981452942,
            -0.870312511920929,
            -0.20196233689785004
        ],
        [
            -0.053967222571372986,
            -0.8702223300933838,
            -0.1963762491941452
        ],
        [
            -0.0608082115650177,
            -0.8699331283569336,
            -0.19750435650348663
        ],
        [
            -0.058829665184020996,
            -0.8667787313461304,
            -0.19571200013160706
        ],
        [
            -0.050592586398124695,
            -0.8643594980239868,
            -0.19559288024902344
        ],
        [
            -0.06618885695934296,
            -0.8563511371612549,
            -0.1957617849111557
        ],
        [
            -0.061480820178985596,
            -0.8592034578323364,
            -0.1958160102367401
        ],
        [
            -0.06770260632038116,
            -0.8641072511672974,
            -0.19710083305835724
        ],
        [
            -0.07112995535135269,
            -0.8621111512184143,
            -0.19708099961280823
        ],
        [
            -0.07489687204360962,
            -0.8605728149414062,
            -0.19629217684268951
        ],
        [
            -0.0790090411901474,
            -0.8596398830413818,
            -0.19480878114700317
        ],
        [
            -0.07679703086614609,
            -0.854695200920105,
            -0.1937321126461029
        ],
        [
            -0.07156338542699814,
            -0.8550848960876465,
            -0.19503289461135864
        ],
        [
            -0.08655782043933868,
            -0.8727276921272278,
            -0.2007986605167389
        ],
        [
            -0.09215573966503143,
            -0.8709478378295898,
            -0.19626808166503906
        ],
        [
            -0.08955778181552887,
            -0.8684139251708984,
            -0.19597703218460083
        ],
        [
            -0.08518484234809875,
            -0.8696878552436829,
            -0.20002788305282593
        ],
        [
            -0.09318095445632935,
            -0.8621747493743896,
            -0.18504995107650757
        ],
        [
            -0.09347628057003021,
            -0.8643258213996887,
            -0.18704208731651306
        ],
        [
            -0.09738761931657791,
            -0.8648105263710022,
            -0.1861613690853119
        ],
        [
            -0.09627878665924072,
            -0.8607386350631714,
            -0.18427807092666626
        ],
        [
            -0.09361569583415985,
            -0.8581300377845764,
            -0.18529249727725983
        ],
        [
            -0.09194280207157135,
            -0.860615611076355,
            -0.1859990507364273
        ],
        [
            -0.09877774119377136,
            -0.9298689961433411,
            -0.20667871832847595
        ],
        [
            -0.10211461782455444,
            -0.9115482568740845,
            -0.20823901891708374
        ],
        [
            -0.07817639410495758,
            -0.9296351075172424,
            -0.203701913356781
        ],
        [
            -0.06144045293331146,
            -0.9243854284286499,
            -0.19864031672477722
        ],
        [
            -0.04662971943616867,
            -0.9147800207138062,
            -0.19421681761741638
        ],
        [
            -0.03894795477390289,
            -0.8107919096946716,
            -0.18361161649227142
        ],
        [
            -0.03231059014797211,
            -0.8041741847991943,
            -0.17805132269859314
        ],
        [
            -0.021808817982673645,
            -0.8156814575195312,
            -0.17430764436721802
        ],
        [
            -0.018299944698810577,
            -0.8065253496170044,
            -0.1681138277053833
        ],
        [
            -0.02952522039413452,
            -0.7948720455169678,
            -0.17246249318122864
        ],
        [
            -0.03522992134094238,
            -0.7747582197189331,
            -0.1597117930650711
        ],
        [
            -0.03042486310005188,
            -0.784377932548523,
            -0.16646122932434082
        ],
        [
            -0.01696464791893959,
            -0.796830415725708,
            -0.1604188084602356
        ],
        [
            -0.005235843360424042,
            -0.8142609596252441,
            -0.1552056223154068
        ],
        [
            -0.009199663996696472,
            -0.8200629353523254,
            -0.16330426931381226
        ],
        [
            0.0007255375385284424,
            -0.8333107829093933,
            -0.14952440559864044
        ],
        [
            -0.001981981098651886,
            -0.8081096410751343,
            -0.14365896582603455
        ],
        [
            0.0024893954396247864,
            -0.8341991901397705,
            -0.14100012183189392
        ],
        [
            -0.013886820524930954,
            -0.7705767154693604,
            -0.1337144374847412
        ],
        [
            -0.010337825864553452,
            -0.7604880928993225,
            -0.1315712332725525
        ],
        [
            0.0059377215802669525,
            -0.7712677121162415,
            -0.132939875125885
        ],
        [
            0.002167738974094391,
            -0.7817701697349548,
            -0.13406692445278168
        ],
        [
            -0.01478441059589386,
            -0.826382040977478,
            -0.1706535965204239
        ],
        [
            -0.03406749665737152,
            -0.8848403692245483,
            -0.18834148347377777
        ],
        [
            -0.04298371076583862,
            -0.8812199234962463,
            -0.19457927346229553
        ],
        [
            -0.026728957891464233,
            -0.8741109371185303,
            -0.18432587385177612
        ],
        [
            -0.04022660851478577,
            -0.9471274614334106,
            -0.18190786242485046
        ],
        [
            -0.05196131020784378,
            -0.9374225735664368,
            -0.1921616941690445
        ],
        [
            -0.038650915026664734,
            -0.9258868098258972,
            -0.18847042322158813
        ],
        [
            -0.029214732348918915,
            -0.9365354776382446,
            -0.17961964011192322
        ],
        [
            -0.0769963189959526,
            -0.9728922247886658,
            -0.17921176552772522
        ],
        [
            -0.0881209522485733,
            -0.9536592364311218,
            -0.19630126655101776
        ],
        [
            -0.07122382521629333,
            -0.9476611614227295,
            -0.19535595178604126
        ],
        [
            -0.060390010476112366,
            -0.9623322486877441,
            -0.18235786259174347
        ],
        [
            -0.020944856107234955,
            -0.9420264363288879,
            -0.16982793807983398
        ],
        [
            -0.011558368802070618,
            -0.9487941861152649,
            -0.1556100845336914
        ],
        [
            -0.015644803643226624,
            -0.9649922847747803,
            -0.15067191421985626
        ],
        [
            -0.02882344275712967,
            -0.9581634998321533,
            -0.1675809621810913
        ],
        [
            -0.02751389890909195,
            -0.9849425554275513,
            -0.1415119767189026
        ],
        [
            -0.04394092410802841,
            -0.9773160219192505,
            -0.16229698061943054
        ],
        [
            0.009073510766029358,
            -0.8227076530456543,
            -0.1313139945268631
        ],
        [
            0.007592931389808655,
            -0.842278003692627,
            -0.1312120109796524
        ],
        [
            -0.0028590410947799683,
            -0.793144702911377,
            -0.13744032382965088
        ],
        [
            0.010735265910625458,
            -0.805768609046936,
            -0.13108254969120026
        ],
        [
            -0.04360293596982956,
            -0.9987515211105347,
            -0.12940602004528046
        ],
        [
            -0.06285513937473297,
            -0.99034583568573,
            -0.15444032847881317
        ],
        [
            0.013478711247444153,
            -0.9412378072738647,
            -0.10735596716403961
        ],
        [
            0.005413658916950226,
            -0.9558510184288025,
            -0.11758527159690857
        ],
        [
            0.006043843924999237,
            -0.9398534297943115,
            -0.13183653354644775
        ],
        [
