{
    "pred_cam": [
        1.085139513015747,
        -0.020981116220355034,
        0.11920144408941269
    ],
    "pred_smpl_params": {
        "global_orient": [
            [
                [
                    0.9850807785987854,
                    0.16320058703422546,
                    -0.05460181459784508
                ],
                [
                    0.1598251760005951,
                    -0.985236406326294,
                    -0.06136125698685646
                ],
                [
                    -0.06380988657474518,
                    0.0517190545797348,
                    -0.9966210126876831
                ]
            ]
        ],
        "body_pose": [
            [
                [
                    0.998711347579956,
                    -0.050749771296978,
                    -0.0003013847453985363
                ],
                [
                    0.05024200677871704,
                    0.9878455400466919,
                    0.14709526300430298
                ],
                [
                    -0.007167329080402851,
                    -0.14692085981369019,
                    0.9891223311424255
                ]
            ],
            [
                [
                    0.9893115758895874,
                    -0.13455615937709808,
                    0.05618949234485626
                ],
                [
                    0.11001180112361908,
                    0.9416680932044983,
                    0.3180542290210724
                ],
                [
                    -0.09570802003145218,
                    -0.30847322940826416,
                    0.9464058876037598
                ]
            ],
            [
                [
                    0.9984112977981567,
                    -0.004747327882796526,
                    -0.05614609643816948
                ],
                [
                    -0.005207440350204706,
                    0.9844059348106384,
                    -0.17583510279655457
                ],
                [
                    0.05610528960824013,
                    0.175848126411438,
                    0.9828172922134399
                ]
            ],
            [
                [
                    0.9910723567008972,
                    -9.835592209128663e-05,
                    -0.13332509994506836
                ],
                [
                    -0.06579729914665222,
                    0.8693790435791016,
                    -0.4897456467151642
                ],
                [
                    0.11595821380615234,
                    0.49414578080177307,
                    0.8616110682487488
                ]
            ],
            [
                [
                    0.9909532070159912,
                    -0.07754388451576233,
                    0.1095384731888771
                ],
                [
                    0.13137778639793396,
                    0.39376139640808105,
                    -0.9097756743431091
                ],
                [
                    0.027415532618761063,
                    0.9159360527992249,
                    0.40038666129112244
                ]
            ],
            [
                [
                    0.9996191263198853,
                    -0.0028460253961384296,
                    -0.027449922636151314
                ],
                [
                    0.00400923378765583,
                    0.9990921020507812,
                    0.04241415485739708
                ],
                [
                    0.027304287999868393,
                    -0.04250805452466011,
                    0.9987229704856873
                ]
            ],
            [
                [
                    0.978458821773529,
                    0.0788530707359314,
                    0.19078920781612396
                ],
                [
                    -0.07624529302120209,
                    0.9968683123588562,
                    -0.020982496440410614
                ],
                [
                    -0.19184623658657074,
                    0.00598372844979167,
                    0.9814067482948303
                ]
            ],
            [
                [
                    0.9821433424949646,
                    0.049975328147411346,
                    -0.181374654173851
                ],
                [
                    -0.02767891064286232,
                    0.9919657707214355,
                    0.12344132363796234
                ],
                [
                    0.1860864758491516,
                    -0.11621683835983276,
                    0.975635826587677
                ]
            ],
            [
                [
                    0.9987288117408752,
                    -0.007667188066989183,
                    -0.049819622188806534
                ],
                [
                    0.004771240521222353,
                    0.9983057379722595,
                    -0.057989902794361115
                ],
                [
                    0.05017983913421631,
                    0.05767848715186119,
                    0.9970732927322388
                ]
            ],
            [
                [
                    0.982489824295044,
                    -0.17477968335151672,
                    -0.06454306840896606
                ],
                [
                    0.18377767503261566,
                    0.966087281703949,
                    0.18138675391674042
                ],
                [
                    0.0306515134871006,
                    -0.1900722235441208,
                    0.9812915325164795
                ]
            ],
            [
                [
                    0.997219443321228,
                    0.050953663885593414,
                    0.054378442466259
                ],
                [
                    -0.05950138345360756,
                    0.9837549328804016,
                    0.16936913132667542
                ],
                [
                    -0.04486508294939995,
                    -0.17213380336761475,
                    0.9840513467788696
                ]
            ],
            [
                [
                    0.9978890419006348,
                    0.008451797999441624,
                    0.06439010053873062
                ],
                [
                    -0.018684150651097298,
                    0.986937940120697,
                    0.160013809800148
                ],
                [
                    -0.062196627259254456,
                    -0.16087909042835236,
                    0.9850124716758728
                ]
            ],
            [
                [
                    0.900577962398529,
                    0.4313252866268158,
                    -0.05401869863271713
                ],
                [
                    -0.43388065695762634,
                    0.8995254635810852,
                    -0.05100513994693756
                ],
                [
                    0.02659139223396778,
                    0.06937175989151001,
                    0.9972364902496338
                ]
            ],
            [
                [
                    0.9084705114364624,
                    -0.41760462522506714,
                    0.01696064881980419
                ],
                [
                    0.41793522238731384,
                    0.9080207347869873,
                    -0.02878396585583687
                ],
                [
                    -0.003380303271114826,
                    0.03323783725500107,
                    0.9994417428970337
                ]
            ],
            [
                [
                    0.9995264410972595,
                    0.0307565126568079,
                    0.0010518892668187618
                ],
                [
                    -0.030362281948328018,
                    0.9911379218101501,
                    -0.1293201446533203
                ],
                [
                    -0.005020001903176308,
                    0.129226952791214,
                    0.9916024208068848
                ]
            ],
            [
                [
                    0.4900151193141937,
                    0.8370206356048584,
                    -0.24347826838493347
                ],
                [
                    -0.8692092299461365,
                    0.4903191924095154,
                    -0.06373666226863861
                ],
                [
                    0.06603315472602844,
                    0.24286551773548126,
                    0.9678098559379578
                ]
            ],
            [
                [
                    0.5157638788223267,
                    -0.8166550397872925,
                    0.25896376371383667
                ],
                [
                    0.8548044562339783,
                    0.5107908844947815,
                    -0.09166266024112701
                ],
                [
                    -0.057419560849666595,
                    0.2686396539211273,
                    0.9615278244018555
                ]
            ],
            [
                [
                    0.9104747176170349,
                    -0.10999412834644318,
                    -0.3986690044403076
                ],
                [
                    0.03156566247344017,
                    0.9796531200408936,
                    -0.19820034503936768
                ],
                [
                    0.41235822439193726,
                    0.16787216067314148,
                    0.8954214453697205
                ]
            ],
            [
                [
                    0.8522976636886597,
                    0.14383144676685333,
                    0.502892792224884
                ],
                [
                    -0.044143255800008774,
                    0.9777985215187073,
                    -0.20484481751918793
                ],
                [
                    -0.5211910009384155,
                    0.15238943696022034,
                    0.839724600315094
                ]
            ],
            [
                [
                    0.9994032979011536,
                    0.01538453996181488,
                    0.030923355370759964
                ],
                [
                    -0.013956508599221706,
                    0.9988495707511902,
                    -0.045876964926719666
                ],
                [
                    -0.031593579798936844,
                    0.045418012887239456,
                    0.998468279838562
                ]
            ],
            [
                [
                    0.9982255101203918,
                    -0.04048113897442818,
                    -0.043669428676366806
                ],
                [
                    0.03805370628833771,
                    0.9977579116821289,
                    -0.05505496263504028
                ],
                [
                    0.045800209045410156,
                    0.05329549312591553,
                    0.9975278377532959
                ]
            ],
            [
                [
                    0.9656911492347717,
                    0.23598064482212067,
                    -0.10841413587331772
                ],
                [
                    -0.21381697058677673,
                    0.9594287872314453,
                    0.18378998339176178
                ],
                [
                    0.14738650619983673,
                    -0.15430359542369843,
                    0.97696852684021
                ]
            ],
            [
                [
                    0.9698270559310913,
                    -0.22388508915901184,
                    0.09649345278739929
                ],
                [
                    0.20714320242404938,
                    0.9654494524002075,
                    0.1581108421087265
                ],
                [
                    -0.1285582184791565,
                    -0.13335220515727997,
                    0.9826952815055847
                ]
            ]
        ],
        "betas": [
            0.020365223288536072,
            0.12694169580936432,
            0.06737694144248962,
            0.2627910375595093,
            -0.03851565718650818,
            0.05471501126885414,
            -0.01132214069366455,
            -0.04536914825439453,
            0.08304174244403839,
            -0.08277499675750732
        ]
    },
    "pred_cam_t": [
        -0.020981116220355034,
        0.11920144408941269,
        35.997676849365234
    ],
    "focal_length": [
        5000.0,
        5000.0
    ],
    "pred_keypoints_3d": [
        [
            0.08307988941669464,
            -0.8515934348106384,
            -0.1344330906867981
        ],
        [
            0.08015868812799454,
            -0.7324318885803223,
            0.02194458432495594
        ],
        [
            -0.1069021001458168,
            -0.6570870280265808,
            0.07577958703041077
        ],
        [
            -0.15793177485466003,
            -0.41368478536605835,
            0.13055208325386047
        ],
        [
            -0.22125232219696045,
            -0.18759551644325256,
            0.02930975705385208
        ],
        [
            0.23670682311058044,
            -0.6016454696655273,
            -0.0021556997671723366
        ],
        [
            0.21944350004196167,
            -0.3473411798477173,
            0.0552486851811409
        ],
        [
            0.16588200628757477,
            -0.1146705150604248,
            -0.01810576021671295
        ],
        [
            -0.002069533569738269,
            -0.22591632604599,
            0.02705521509051323
        ],
        [
            -0.08204870671033859,
            -0.14714772999286652,
            0.03147997707128525
        ],
        [
            -0.13544130325317383,
            0.20949964225292206,
            -0.10203943401575089
        ],
        [
            -0.1189080998301506,
            0.4582239091396332,
            0.21126529574394226
        ],
        [
            0.050659455358982086,
            -0.12447869777679443,
            0.02525847777724266
        ],
        [
            0.04064283147454262,
            0.24456274509429932,
            -0.04858845844864845
        ],
        [
            0.0012423209846019745,
            0.6066365838050842,
            0.1170114278793335
        ],
        [
            0.0627782940864563,
            -0.8952914476394653,
            -0.09531717747449875
        ],
        [
            0.12748008966445923,
            -0.8833651542663574,
            -0.10512873530387878
        ],
        [
            0.0331287607550621,
            -0.8817264437675476,
            0.0035679861903190613
        ],
        [
            0.17531952261924744,
            -0.8557047843933105,
            -0.019240494817495346
        ],
        [
            -0.02164633572101593,
            0.7171024084091187,
            -0.04779787361621857
        ],
        [
            0.04950536787509918,
            0.7173585891723633,
            -0.0020654648542404175
        ],
        [
            0.00858624279499054,
            0.622688889503479,
            0.18590131402015686
        ],
        [
            -0.11937786638736725,
            0.6132423877716064,
            0.08845889568328857
        ],
        [
            -0.1924755871295929,
            0.5887248516082764,
            0.12977060675621033
        ],
        [
            -0.12341220676898956,
            0.4561661183834076,
            0.28397297859191895
        ],
        [
            -0.1428990662097931,
            0.40433651208877563,
            0.19587616622447968
        ],
        [
            -0.1296546757221222,
            0.1533736139535904,
            -0.09703659266233444
        ],
        [
            -0.14121347665786743,
            -0.2791535258293152,
            0.0522419698536396
        ],
        [
            0.1438615918159485,
            -0.21869757771492004,
            0.04261647164821625
        ],
        [
            0.05570833384990692,
            0.20377005636692047,
            -0.047977693378925323
        ],
        [
            0.01578446291387081,
            0.5673909187316895,
            0.13039438426494598
        ],
        [
            -0.20764145255088806,
            -0.21423566341400146,
            0.008880188688635826
        ],
        [
            -0.1865343153476715,
            -0.43574899435043335,
            0.11108949035406113
        ],
        [
            -0.06821505725383759,
            -0.6857384443283081,
            0.06704932451248169
        ],
        [
            0.2156333327293396,
            -0.6410549283027649,
            0.008907650597393513
        ],
        [
            0.24559500813484192,
            -0.36184895038604736,
            0.013774553313851357
        ],
        [
            0.1695367693901062,
            -0.1309753954410553,
            -0.03005630522966385
        ],
        [
            0.08120802044868469,
            -0.7206957936286926,
            0.020212557166814804
        ],
        [
            0.11594060063362122,
            -0.9210463166236877,
            -0.021592918783426285
        ],
        [
            0.001888541504740715,
            -0.24894925951957703,
            0.046919144690036774
        ],
        [
            0.0715000331401825,
            -0.662707507610321,
            0.03438747674226761
        ],
        [
            0.04700741916894913,
            -0.4910569190979004,
            0.05674682557582855
        ],
        [
            0.0943460464477539,
            -0.8170300722122192,
            -0.06074412539601326
        ],
        [
            0.11643774062395096,
            -0.9399512410163879,
            -0.010829209350049496
        ]
    ],
    "pred_vertices": [
        [
            0.1477276086807251,
            -0.9264373779296875,
            -0.10443002730607986
        ],
        [
            0.13835857808589935,
            -0.9142610430717468,
            -0.11088839173316956
        ],
        [
            0.14934620261192322,
            -0.9078893661499023,
            -0.10401564836502075
        ],
        [
            0.1581639051437378,
            -0.9165451526641846,
            -0.09481571614742279
        ],
        [
            0.14303869009017944,
            -0.9003345370292664,
            -0.10953931510448456
        ],
        [
            0.1327023059129715,
            -0.9041889905929565,
            -0.1148449182510376
        ],
        [
            0.1561790555715561,
            -0.8997551202774048,
            -0.0950709879398346
        ],
        [
            0.1638006567955017,
            -0.9045491218566895,
            -0.08507441729307175
        ],
        [
            0.1560463160276413,
            -0.8628336191177368,
            -0.0865350291132927
        ],
        [
            0.1602036952972412,
            -0.8567332029342651,
            -0.07806991040706635
        ],
        [
            0.1622793972492218,
            -0.8688665628433228,
            -0.07904613763093948
        ],
        [
            0.15649192035198212,
            -0.8718326091766357,
            -0.08690080046653748
        ],
        [
            0.15047329664230347,
            -0.8370935916900635,
            -0.08474236726760864
        ],
        [
            0.1415116935968399,
            -0.8301493525505066,
            -0.09257260710000992
        ],
        [
            0.14315341413021088,
            -0.8199511170387268,
            -0.0839475765824318
        ],
        [
            0.15084512531757355,
            -0.826728105545044,
            -0.0751381665468216
        ],
        [
            0.11006958037614822,
            -0.8521733283996582,
            -0.1105194166302681
        ],
        [
            0.11414505541324615,
            -0.8445688486099243,
            -0.11048993468284607
        ],
        [
            0.11926887929439545,
            -0.8503233194351196,
            -0.1096222847700119
        ],
        [
            0.11432168632745743,
            -0.8572241067886353,
            -0.10931329429149628
        ],
        [
            0.10222987830638885,
            -0.8639762997627258,
            -0.1150297150015831
        ],
        [
            0.1047447994351387,
            -0.8688576221466064,
            -0.11145753413438797
        ],
        [
            0.1003132164478302,
            -0.8740242719650269,
            -0.1157466471195221
        ],
        [
            0.09836165606975555,
            -0.8683525323867798,
            -0.12051808834075928
        ],
        [
            0.1037335991859436,
            -0.848008394241333,
            -0.11039410531520844
        ],
        [
            0.10825188457965851,
            -0.840111494064331,
            -0.11008597910404205
        ],
        [
            0.10642223805189133,
            -0.8587954044342041,
            -0.11123349517583847
        ],
        [
            0.10328207910060883,
            -0.8548989295959473,
            -0.11359024047851562
        ],
        [
            0.09818002581596375,
            -0.8504828810691833,
            -0.12404344975948334
        ],
        [
            0.10076554864645004,
            -0.8546515107154846,
            -0.12244930863380432
        ],
        [
            0.09686298668384552,
            -0.8570159673690796,
            -0.12881812453269958
        ],
        [
            0.09464404731988907,
            -0.8518347144126892,
            -0.12841635942459106
        ],
        [
            0.10168223083019257,
            -0.8483765721321106,
            -0.11514025926589966
        ],
        [
            0.1024966686964035,
            -0.8514189720153809,
            -0.11783136427402496
        ],
        [
            0.09913773834705353,
            -0.8484571576118469,
            -0.1201036274433136
        ],
        [
            0.09772823750972748,
            -0.8462299108505249,
            -0.11685973405838013
        ],
        [
            0.10042911022901535,
            -0.860169529914856,
            -0.11814410239458084
        ],
        [
            0.097283273935318,
            -0.8632274866104126,
            -0.12468310445547104
        ],
        [
            0.092971570789814,
            -0.866054892539978,
            -0.13115951418876648
        ],
        [
            0.09184722602367401,
            -0.8578951358795166,
            -0.1351635456085205
        ],
        [
            0.12274519354104996,
            -0.8286508321762085,
            -0.10619112849235535
        ],
        [
            0.11870907992124557,
            -0.8368005752563477,
            -0.10939490050077438
        ],
        [
            0.11282239109277725,
            -0.8329081535339355,
            -0.10944022238254547
        ],
        [
            0.1166638433933258,
            -0.8263070583343506,
            -0.10743866860866547
        ],
        [
            0.0985875129699707,
            -0.8426481485366821,
            -0.11372032761573792
        ],
        [
            0.0989900529384613,
            -0.8261678814888,
            -0.11524765938520432
        ],
        [
            0.10003746300935745,
            -0.8299435377120972,
            -0.11530087888240814
        ],
        [
            0.09393266588449478,
            -0.8322542309761047,
            -0.1184629499912262
        ],
        [
            0.09358838945627213,
            -0.828567385673523,
            -0.11830426007509232
        ],
        [
            0.12558305263519287,
            -0.812782883644104,
            -0.09867704659700394
        ],
        [
            0.11945343017578125,
            -0.8131368160247803,
            -0.10263024270534515
        ],
        [
            0.1187460795044899,
            -0.8059897422790527,
            -0.10040601342916489
        ],
        [
            0.12419019639492035,
            -0.8043450117111206,
            -0.09518097341060638
        ],
        [
            0.11560799181461334,
            -0.800453782081604,
            -0.09929243475198746
        ],
        [
            0.12179622799158096,
            -0.7964306473731995,
            -0.09222303330898285
        ],
        [
            0.110174261033535,
            -0.784056544303894,
            -0.09198056161403656
        ],
        [
            0.11601276695728302,
            -0.7893857955932617,
            -0.09188544750213623
        ],
        [
            0.11070792376995087,
            -0.7956434488296509,
            -0.09963131695985794
        ],
        [
            0.10426013171672821,
            -0.7916662693023682,
            -0.10241759568452835
        ],
        [
            0.09238240122795105,
            -0.7994327545166016,
            -0.10943945497274399
        ],
        [
            0.08627151697874069,
            -0.7994472980499268,
            -0.11156872659921646
        ],
        [
            0.08851219713687897,
            -0.786373496055603,
            -0.1104060709476471
        ],
        [
            0.0960841253399849,
            -0.7881473302841187,
            -0.10691405832767487
        ],
        [
            0.0980304554104805,
            -0.8201863765716553,
            -0.11101958900690079
        ],
        [
            0.10208810120820999,
            -0.8193365335464478,
            -0.10862599313259125
        ],
        [
            0.10242883861064911,
            -0.8209108114242554,
            -0.11089767515659332
        ],
        [
            0.09834799915552139,
            -0.8229814767837524,
            -0.11368855834007263
        ],
        [
            0.10568559914827347,
            -0.818324863910675,
            -0.1070866733789444
        ],
        [
            0.10729444772005081,
            -0.8177247643470764,
            -0.1065300852060318
        ],
        [
            0.10722818970680237,
            -0.8191215991973877,
            -0.10769705474376678
        ],
        [
            0.10567062348127365,
            -0.819185733795166,
            -0.10766298323869705
        ],
        [
            0.10367316007614136,
            -0.8192160129547119,
            -0.10808366537094116
        ],
        [
            0.10226766765117645,
            -0.8175162672996521,
            -0.10842914134263992
        ],
        [
            0.10466083884239197,
            -0.8177134990692139,
            -0.10750305652618408
        ],
        [
            0.09843693673610687,
            -0.8175177574157715,
            -0.11091701686382294
        ],
        [
            0.08505314588546753,
            -0.8180563449859619,
            -0.1173810362815857
        ],
        [
            0.08906285464763641,
            -0.8177720308303833,
            -0.11637771129608154
        ],
        [
            0.0886106863617897,
            -0.8223474025726318,
            -0.11513270437717438
        ],
        [
            0.08525927364826202,
            -0.8228683471679688,
            -0.11600781232118607
        ],
        [
            0.10571984946727753,
            -0.8213598728179932,
            -0.10935616493225098
        ],
        [
            0.10863689333200455,
            -0.8224197626113892,
            -0.10896782577037811
        ],
        [
            0.10527277737855911,
            -0.8260219097137451,
            -0.11193607747554779
        ],
        [
            0.10361234843730927,
            -0.8234617710113525,
            -0.11136020720005035
        ],
        [
            0.11171934008598328,
            -0.8238236308097839,
            -0.10885540395975113
        ],
        [
            0.10974520444869995,
            -0.8198425769805908,
            -0.10723959654569626
        ],
        [
            0.11290981620550156,
            -0.819880485534668,
            -0.10682523250579834
        ],
        [
            0.10641749203205109,
            -0.8160935640335083,
            -0.10649940371513367
        ],
        [
            0.10883085429668427,
            -0.8138598203659058,
            -0.10533566027879715
        ],
        [
            0.10981963574886322,
            -0.8164366483688354,
            -0.106296107172966
        ],
        [
            0.10621927678585052,
            -0.8110569715499878,
            -0.10570134967565536
        ],
        [
            0.10356317460536957,
            -0.8147464394569397,
            -0.10737216472625732
        ],
        [
            0.0995531678199768,
            -0.8137494325637817,
            -0.10983404517173767
        ],
        [
            0.09447409212589264,
            -0.8131911754608154,
            -0.11294984817504883
        ],
        [
            0.09616589546203613,
            -0.8077777624130249,
            -0.11031226813793182
        ],
        [
            0.10178443044424057,
            -0.8089830279350281,
            -0.10762466490268707
        ],
        [
            0.10804083943367004,
            -0.829397439956665,
            -0.1111505851149559
        ],
        [
            0.11395412683486938,
            -0.8149330615997314,
            -0.10474558919668198
        ],
        [
            0.11865579336881638,
            -0.8205400705337524,
            -0.10477748513221741
        ],
        [
            0.11298608034849167,
            -0.8101290464401245,
            -0.10378566384315491
        ],
        [
            0.110136479139328,
            -0.8060671091079712,
            -0.10344230383634567
        ],
        [
            0.10543305426836014,
            -0.8026821613311768,
            -0.10440060496330261
        ],
        [
            0.09896108508110046,
            -0.8007968664169312,
            -0.1070118397474289
        ],
        [
            0.09026588499546051,
            -0.7765776515007019,
            -0.0994102954864502
        ],
        [
            0.0999126061797142,
            -0.7794691324234009,
            -0.09640863537788391
        ],
        [
            0.12935689091682434,
            -0.8973692059516907,
            -0.11199602484703064
        ],
        [
            0.13783037662506104,
            -0.8945373296737671,
            -0.11026428639888763
        ],
        [
            0.1372240036725998,
            -0.8865699172019958,
            -0.10572177171707153
        ],
        [
            0.13953730463981628,
            -0.8886414766311646,
            -0.1055954247713089
        ],
        [
            0.13432729244232178,
            -0.8910748958587646,
            -0.10842214524745941
        ],
        [
            0.13331854343414307,
            -0.8883192539215088,
            -0.10774391889572144
        ],
        [
            0.15033330023288727,
            -0.8756062984466553,
            -0.09205730259418488
        ],
        [
            0.14558057487010956,
            -0.8786789178848267,
            -0.09613951295614243
        ],
        [
            0.14522673189640045,
            -0.8747649788856506,
            -0.09476953744888306
        ],
        [
            0.15060412883758545,
            -0.8687809109687805,
            -0.09175634384155273
        ],
        [
            0.13568304479122162,
            -0.8691866397857666,
            -0.1012478768825531
        ],
        [
            0.1404341459274292,
            -0.8693729639053345,
            -0.09834754467010498
        ],
        [
            0.1379520297050476,
            -0.8768528699874878,
            -0.100542813539505
        ],
        [
            0.13453592360019684,
            -0.876760721206665,
            -0.10270849615335464
        ],
        [
            0.1306070238351822,
            -0.8771587610244751,
            -0.10434679687023163
        ],
        [
            0.12637946009635925,
            -0.8780679106712341,
            -0.10515560209751129
        ],
        [
            0.12554550170898438,
            -0.8727311491966248,
            -0.10471038520336151
        ],
        [
            0.1304706484079361,
            -0.8706920146942139,
            -0.10342596471309662
        ],
        [
            0.12813128530979156,
            -0.8935147523880005,
            -0.10901811718940735
        ],
        [
            0.12095969915390015,
            -0.8942131400108337,
            -0.10804644227027893
        ],
        [
            0.12176594138145447,
            -0.8909505605697632,
            -0.10759246349334717
        ],
        [
            0.12778903543949127,
            -0.8902942538261414,
            -0.10877388715744019
        ],
        [
            0.11098034679889679,
            -0.8863300085067749,
            -0.10167801380157471
        ],
        [
            0.11258251219987869,
            -0.888609766960144,
            -0.10280203819274902
        ],
        [
            0.10929518193006516,
            -0.8907488584518433,
            -0.10368135571479797
        ],
        [
            0.10764092952013016,
            -0.8863816261291504,
            -0.1028481274843216
        ],
        [
            0.10913611948490143,
            -0.8829602003097534,
            -0.10321186482906342
        ],
        [
            0.11178582906723022,
            -0.8844373226165771,
            -0.10233542323112488
        ],
        [
            0.14387017488479614,
            -0.9489091634750366,
            -0.10127158463001251
        ],
        [
            0.1344704031944275,
            -0.9341888427734375,
            -0.10978203266859055
        ],
        [
            0.15830504894256592,
            -0.9383629560470581,
            -0.09108950197696686
        ],
        [
            0.16651752591133118,
            -0.9253978133201599,
            -0.0810985118150711
        ],
        [
            0.17176352441310883,
            -0.9099106788635254,
            -0.07331731170415878
        ],
        [
            0.13405431807041168,
            -0.8151906728744507,
            -0.09219890832901001
        ],
        [
            0.13403505086898804,
            -0.805721640586853,
            -0.08649465441703796
        ],
        [
            0.14409151673316956,
            -0.810423731803894,
            -0.0751945823431015
        ],
        [
            0.1405114084482193,
            -0.8004295825958252,
            -0.07029902189970016
        ],
        [
            0.1304699182510376,
            -0.7956294417381287,
            -0.08265027403831482
        ],
        [
            0.11404639482498169,
            -0.7798599004745483,
            -0.07889537513256073
        ],
        [
            0.12380629032850266,
            -0.7864679098129272,
            -0.08028896152973175
        ],
        [
            0.13445964455604553,
            -0.7910871505737305,
            -0.06458474695682526
        ],
        [
            0.14576292037963867,
            -0.8008822202682495,
            -0.050046034157276154
        ],
        [
            0.14928211271762848,
            -0.8079496026039124,
            -0.05837893858551979
        ],
        [
            0.1536605805158615,
            -0.8145614862442017,
            -0.03747592121362686
        ],
        [
            0.14048363268375397,
            -0.794240415096283,
            -0.03824683651328087
        ],
        [
            0.15145570039749146,
            -0.813896656036377,
            -0.028621509671211243
        ],
        [
            0.11807023733854294,
            -0.7621408700942993,
            -0.040621571242809296
        ],
        [
            0.11861784011125565,
            -0.7503077983856201,
            -0.03703010082244873
        ],
        [
            0.13283763825893402,
            -0.7549017667770386,
            -0.025649327784776688
        ],
        [
            0.13288603723049164,
            -0.7664371728897095,
            -0.029187938198447227
        ],
        [
            0.15109412372112274,
            -0.8166393637657166,
            -0.06606580317020416
        ],
        [
            0.1667971909046173,
            -0.8784729838371277,
            -0.07130050659179688
        ],
        [
            0.1618225872516632,
            -0.8797893524169922,
            -0.08185707032680511
        ],
        [
            0.16627660393714905,
            -0.865098237991333,
            -0.06835486739873886
        ],
        [
            0.18334870040416718,
            -0.9342188835144043,
            -0.05100230127573013
        ],
        [
            0.17631039023399353,
            -0.9319875240325928,
            -0.06776784360408783
        ],
        [
            0.18015889823436737,
            -0.9149242639541626,
            -0.06231243163347244
        ],
        [
            0.18715757131576538,
            -0.9194258451461792,
            -0.047194913029670715
        ],
        [
            0.16281823813915253,
            -0.9738027453422546,
            -0.05547495186328888
        ],
        [
            0.15574410557746887,
            -0.963692307472229,
            -0.0807618498802185
        ],
        [
            0.1659112274646759,
            -0.9495733976364136,
            -0.07472705841064453
        ],
        [
            0.17344745993614197,
            -0.9568356871604919,
            -0.054781269282102585
        ],
        [
            0.19049343466758728,
            -0.919672966003418,
            -0.03410938382148743
        ],
        [
            0.19320596754550934,
            -0.919654369354248,
            -0.015885300934314728
        ],
        [
            0.19333451986312866,
            -0.9353647828102112,
            -0.008272431790828705
        ],
        [
            0.18898947536945343,
            -0.9375905990600586,
            -0.0304165780544281
        ],
        [
            0.18606945872306824,
            -0.9571827054023743,
            0.0004284903407096863
        ],
        [
            0.1814054548740387,
            -0.9599568843841553,
            -0.026466835290193558
        ],
        [
            0.14818327128887177,
            -0.8007383346557617,
            -0.018471134826540947
        ],
        [
            0.15339352190494537,
            -0.817973256111145,
            -0.015865549445152283
        ],
        [
            0.13334810733795166,
            -0.7800284624099731,
            -0.034591007977724075
        ],
        [
            0.14408129453659058,
            -0.7854063510894775,
            -0.019244255498051643
        ],
        [
            0.17226044833660126,
            -0.9751219153404236,
            0.008166700601577759
        ],
        [
            0.16787955164909363,
            -0.9796271324157715,
            -0.02371608093380928
        ],
        [
            0.1836223304271698,
            -0.8973872065544128,
            0.03322198614478111
        ],
        [
            0.1891801953315735,
            -0.9146360158920288,
            0.025345586240291595
        ],
        [
            0.19063936173915863,
            -0.9018569588661194,
            0.00887937843799591
        ],
        [
            0.1860334724187851,
            -0.8872842788696289,
            0.018166739493608475
        ],
        [
            0.17684954404830933,
