{
    "pred_cam": [
        1.0704137086868286,
        -0.010168632492423058,
        0.10026448220014572
    ],
    "pred_smpl_params": {
        "global_orient": [
            [
                [
                    0.9885141849517822,
                    0.1425468921661377,
                    -0.050200849771499634
                ],
                [
                    0.14105647802352905,
                    -0.9894811511039734,
                    -0.03209403529763222
                ],
                [
                    -0.05424770712852478,
                    0.02464425191283226,
                    -0.9982233047485352
                ]
            ]
        ],
        "body_pose": [
            [
                [
                    0.9993467330932617,
                    -0.0261194109916687,
                    -0.02498026005923748
                ],
                [
                    0.029503123834729195,
                    0.9887836575508118,
                    0.1464119851589203
                ],
                [
                    0.020875878632068634,
                    -0.1470533162355423,
                    0.9889083504676819
                ]
            ],
            [
                [
                    0.9863816499710083,
                    -0.15599586069583893,
                    0.05211804807186127
                ],
                [
                    0.13941451907157898,
                    0.9611408114433289,
                    0.23826847970485687
                ],
                [
                    -0.08726169168949127,
                    -0.22775769233703613,
                    0.9697997570037842
                ]
            ],
            [
                [
                    0.9992665648460388,
                    -0.01595206931233406,
                    -0.034810200333595276
                ],
                [
                    0.009888523258268833,
                    0.9857593774795532,
                    -0.16787122189998627
                ],
                [
                    0.03699237108230591,
                    0.167403906583786,
                    0.9851941466331482
                ]
            ],
            [
                [
                    0.9867118000984192,
                    -0.041482798755168915,
                    -0.15709567070007324
                ],
                [
                    -0.022079605609178543,
                    0.9236572980880737,
                    -0.3825829029083252
                ],
                [
                    0.1609731763601303,
                    0.3809676468372345,
                    0.9104676246643066
                ]
            ],
            [
                [
                    0.9942721724510193,
                    -0.0449100062251091,
                    0.09698476642370224
                ],
                [
                    0.10569856315851212,
                    0.547629714012146,
                    -0.8300178050994873
                ],
                [
                    -0.015835637226700783,
                    0.8355146646499634,
                    0.5492399334907532
                ]
            ],
            [
                [
                    0.9996677041053772,
                    0.017777778208255768,
                    -0.0186673142015934
                ],
                [
                    -0.017024459317326546,
                    0.9990639686584473,
                    0.0397665910422802
                ],
                [
                    0.019356802105903625,
                    -0.039435576647520065,
                    0.9990346431732178
                ]
            ],
            [
                [
                    0.9764119982719421,
                    0.09802020341157913,
                    0.1923837810754776
                ],
                [
                    -0.0832204595208168,
                    0.9930204153060913,
                    -0.08357547223567963
                ],
                [
                    -0.19923308491706848,
                    0.06559383124113083,
                    0.9777543544769287
                ]
            ],
            [
                [
                    0.9806122183799744,
                    0.06448189169168472,
                    -0.18504564464092255
                ],
                [
                    -0.04061629995703697,
                    0.9906843304634094,
                    0.12998074293136597
                ],
                [
                    0.191703200340271,
                    -0.11994481831789017,
                    0.9740961790084839
                ]
            ],
            [
                [
                    0.9994059205055237,
                    0.004212058614939451,
                    -0.034205563366413116
                ],
                [
                    -0.006059147417545319,
                    0.9985183477401733,
                    -0.05407680943608284
                ],
                [
                    0.03392711281776428,
                    0.05425194278359413,
                    0.9979506731033325
                ]
            ],
            [
                [
                    0.981920063495636,
                    -0.18031159043312073,
                    -0.05762592703104019
                ],
                [
                    0.187685027718544,
                    0.9669876098632812,
                    0.17236362397670746
                ],
                [
                    0.02464439906179905,
                    -0.18006283044815063,
                    0.9833463430404663
                ]
            ],
            [
                [
                    0.99709552526474,
                    0.032534126192331314,
                    0.06886259466409683
                ],
                [
                    -0.04162491485476494,
                    0.9899714589118958,
                    0.1349957436323166
                ],
                [
                    -0.0637800320982933,
                    -0.1374700516462326,
                    0.9884503483772278
                ]
            ],
            [
                [
                    0.9847849607467651,
                    0.020426064729690552,
                    0.172572523355484
                ],
                [
                    -0.034544724971055984,
                    0.9962591528892517,
                    0.07921004295349121
                ],
                [
                    -0.17030902206897736,
                    -0.08396633714437485,
                    0.9818066358566284
                ]
            ],
            [
                [
                    0.9069751501083374,
                    0.4190426170825958,
                    -0.042418792843818665
                ],
                [
                    -0.42055365443229675,
                    0.9065213799476624,
                    -0.0367906279861927
                ],
                [
                    0.02303670346736908,
                    0.051207564771175385,
                    0.9984222650527954
                ]
            ],
            [
                [
                    0.917810320854187,
                    -0.3968835175037384,
                    0.010375221259891987
                ],
                [
                    0.3970066010951996,
                    0.9172605872154236,
                    -0.031917404383420944
                ],
                [
                    0.003150710603222251,
                    0.03341315686702728,
                    0.999436616897583
                ]
            ],
            [
                [
                    0.9950958490371704,
                    0.061056263744831085,
                    0.07782230526208878
                ],
                [
                    -0.04429624229669571,
                    0.9785261750221252,
                    -0.20130659639835358
                ],
                [
                    -0.08844219148159027,
                    0.19687214493751526,
                    0.9764319062232971
                ]
            ],
            [
                [
                    0.5182008743286133,
                    0.8250540494918823,
                    -0.22528576850891113
                ],
                [
                    -0.8521519303321838,
                    0.5205161571502686,
                    -0.05385094881057739
                ],
                [
                    0.07283496856689453,
                    0.21988332271575928,
                    0.9728033542633057
                ]
            ],
            [
                [
                    0.5065934658050537,
                    -0.8202231526374817,
                    0.2657008171081543
                ],
                [
                    0.8588771224021912,
                    0.5070578455924988,
                    -0.07226518541574478
                ],
                [
                    -0.07545213401317596,
                    0.26481345295906067,
                    0.9613430500030518
                ]
            ],
            [
                [
                    0.9162622094154358,
                    -0.12152274698019028,
                    -0.38170111179351807
                ],
                [
                    0.06053577736020088,
                    0.9839362502098083,
                    -0.1679428368806839
                ],
                [
                    0.3959784507751465,
                    0.13077309727668762,
                    0.9089000821113586
                ]
            ],
            [
                [
                    0.8385922312736511,
                    0.1433449685573578,
                    0.5255618095397949
                ],
                [
                    -0.047687746584415436,
                    0.9803721904754639,
                    -0.19130156934261322
                ],
                [
                    -0.5426682829856873,
                    0.13536113500595093,
                    0.8289682865142822
                ]
            ],
            [
                [
                    0.9997060298919678,
                    -0.004960769787430763,
                    0.02373211458325386
                ],
                [
                    0.005670007783919573,
                    0.999536395072937,
                    -0.029911788180470467
                ],
                [
                    -0.023572729900479317,
                    0.03003755770623684,
                    0.9992706775665283
                ]
            ],
            [
                [
                    0.9988847970962524,
                    -0.03615843877196312,
                    -0.030360495671629906
                ],
                [
                    0.03625116124749184,
                    0.9993395805358887,
                    0.0025091995485126972
                ],
                [
                    0.030249714851379395,
                    -0.0036070046480745077,
                    0.9995359182357788
                ]
            ],
            [
                [
                    0.9681947231292725,
                    0.22863353788852692,
                    -0.10161556303501129
                ],
                [
                    -0.20728705823421478,
                    0.9604446887969971,
                    0.18595196306705475
                ],
                [
                    0.14011096954345703,
                    -0.15897411108016968,
                    0.9772902727127075
                ]
            ],
            [
                [
                    0.9689174294471741,
                    -0.2224176824092865,
                    0.10830254852771759
                ],
                [
                    0.20628151297569275,
                    0.9680493474006653,
                    0.14257784187793732
                ],
                [
                    -0.1365540325641632,
                    -0.11580533534288406,
                    0.9838405251502991
                ]
            ]
        ],
        "betas": [
            -0.03661717474460602,
            0.13953091204166412,
            -0.05719587206840515,
            -0.09542477130889893,
            -0.03727823495864868,
            0.05675340071320534,
            -0.006202250719070435,
            -0.04956364631652832,
            0.08821987360715866,
            -0.08939573168754578
        ]
    },
    "pred_cam_t": [
        -0.010168632492423058,
        0.10026448220014572,
        36.49290084838867
    ],
    "focal_length": [
        5000.0,
        5000.0
    ],
    "pred_keypoints_3d": [
        [
            0.10538062453269958,
            -0.8100597262382507,
            -0.15556147694587708
        ],
        [
            0.07194773852825165,
            -0.7227623462677002,
            0.01273166760802269
        ],
        [
            -0.11538393795490265,
            -0.651737630367279,
            0.05781618878245354
        ],
        [
            -0.17148396372795105,
            -0.40899747610092163,
            0.1137436032295227
        ],
        [
            -0.23181864619255066,
            -0.18466052412986755,
            0.006329774856567383
        ],
        [
            0.22915449738502502,
            -0.5953742861747742,
            0.0003976598381996155
        ],
        [
            0.21988330781459808,
            -0.3399597704410553,
            0.05705179274082184
        ],
        [
            0.19295550882816315,
            -0.10377180576324463,
            -0.0191982239484787
        ],
        [
            -0.0017581288702785969,
            -0.22120533883571625,
            0.02732560783624649
        ],
        [
            -0.08078165352344513,
            -0.14126387238502502,
            0.03357063978910446
        ],
        [
            -0.1174519807100296,
            0.2310793101787567,
            -0.059211328625679016
        ],
        [
            -0.10005281120538712,
            0.49949777126312256,
            0.2388884276151657
        ],
        [
            0.05391079559922218,
            -0.12107671797275543,
            0.028722375631332397
        ],
        [
            0.04224914312362671,
            0.2511795163154602,
            -0.034690432250499725
        ],
        [
            0.019509868696331978,
            0.6305472254753113,
            0.0941060408949852
        ],
        [
            0.07856332510709763,
            -0.8603498935699463,
            -0.13245290517807007
        ],
        [
            0.14337478578090668,
            -0.8480000495910645,
            -0.12535974383354187
        ],
        [
            0.028275834396481514,
            -0.8677457571029663,
            -0.04164235293865204
        ],
        [
            0.1704619973897934,
            -0.841071367263794,
            -0.028302721679210663
        ],
        [
            -0.007377959787845612,
            0.735839307308197,
            -0.07348166406154633
        ],
        [
            0.06461163610219955,
            0.7352055311203003,
            -0.030617699027061462
        ],
        [
            0.03004140406847,
            0.650299072265625,
            0.16154208779335022
        ],
        [
            -0.09586900472640991,
            0.6463797092437744,
            0.107718825340271
        ],
        [
            -0.17019851505756378,
            0.6261300444602966,
            0.1480991542339325
        ],
        [
            -0.10607355087995529,
            0.5021013021469116,
            0.31131309270858765
        ],
        [
            -0.12452122569084167,
            0.44486767053604126,
            0.22630974650382996
        ],
        [
            -0.11389118432998657,
            0.1717061847448349,
            -0.05859287455677986
        ],
        [
            -0.14320731163024902,
            -0.271870881319046,
            0.047641538083553314
        ],
        [
            0.14490985870361328,
            -0.21669775247573853,
            0.043031975626945496
        ],
        [
            0.05704798549413681,
            0.20975768566131592,
            -0.03390800952911377
        ],
        [
            0.03344021737575531,
            0.5923276543617249,
            0.11056122183799744
        ],
        [
            -0.21810366213321686,
            -0.2121400088071823,
            -0.013243284076452255
        ],
        [
            -0.19898971915245056,
            -0.4311143457889557,
            0.0928589254617691
        ],
        [
            -0.07672541588544846,
            -0.6786666512489319,
            0.04908359423279762
        ],
        [
            0.20813918113708496,
            -0.6335251331329346,
            0.0096620824187994
        ],
        [
            0.24935108423233032,
            -0.3559747338294983,
            0.018469931557774544
        ],
        [
            0.19683992862701416,
            -0.12010806053876877,
            -0.031070325523614883
        ],
        [
            0.07359147816896439,
            -0.7123960256576538,
            0.01125464215874672
        ],
        [
            0.1151251271367073,
            -0.9025552272796631,
            -0.056068651378154755
        ],
        [
            0.0015021971194073558,
            -0.24442337453365326,
            0.045216988772153854
        ],
        [
            0.06355645507574081,
            -0.6552936434745789,
            0.025876682251691818
        ],
        [
            0.038376301527023315,
            -0.48514994978904724,
            0.051916491240262985
        ],
        [
            0.09960485249757767,
            -0.7925354242324829,
            -0.07644183933734894
        ],
        [
            0.11425743997097015,
            -0.9230360984802246,
            -0.04995701089501381
        ]
    ],
    "pred_vertices": [
        [
            0.16412413120269775,
            -0.8914593458175659,
            -0.12968793511390686
        ],
        [
            0.1558932363986969,
            -0.8778722286224365,
            -0.1352081298828125
        ],
        [
            0.16482572257518768,
            -0.8734629154205322,
            -0.1249440535902977
        ],
        [
            0.1718759834766388,
            -0.8838496804237366,
            -0.1162165105342865
        ],
        [
            0.15976320207118988,
            -0.8645612001419067,
            -0.1299581676721573
        ],
        [
            0.15099044144153595,
            -0.8668946623802185,
            -0.13800589740276337
        ],
        [
            0.16935959458351135,
            -0.8674700260162354,
            -0.11333424597978592
        ],
        [
            0.1749633401632309,
            -0.8742611408233643,
            -0.10322331637144089
        ],
        [
            0.16654101014137268,
            -0.8328437209129333,
            -0.09746431559324265
        ],
        [
            0.1687324047088623,
            -0.8288223147392273,
            -0.08736260235309601
        ],
        [
            0.17107713222503662,
            -0.8407182693481445,
            -0.09029225260019302
        ],
        [
            0.1671895980834961,
            -0.8417541980743408,
            -0.09961578994989395
        ],
        [
            0.1599220335483551,
            -0.8081178665161133,
            -0.09169966727495193
        ],
        [
            0.15267814695835114,
            -0.7993901968002319,
            -0.0995093509554863
        ],
        [
            0.15200939774513245,
            -0.7913955450057983,
            -0.0888691395521164
        ],
        [
            0.15785783529281616,
            -0.8000114560127258,
            -0.08024948090314865
        ],
        [
            0.1266520768404007,
            -0.8161499500274658,
            -0.1274869740009308
        ],
        [
            0.13031642138957977,
            -0.8089047074317932,
            -0.12505556643009186
        ],
        [
            0.13535644114017487,
            -0.8147979974746704,
            -0.12441246956586838
        ],
        [
            0.13071683049201965,
            -0.8214354515075684,
            -0.1265377700328827
        ],
        [
            0.12034420669078827,
            -0.8265637755393982,
            -0.13586710393428802
        ],
        [
            0.1221906915307045,
            -0.8321692943572998,
            -0.1330322027206421
        ],
        [
            0.11891329288482666,
            -0.836169958114624,
            -0.13909810781478882
        ],
        [
            0.11782124638557434,
            -0.8295795321464539,
            -0.14274823665618896
        ],
        [
            0.12031593918800354,
            -0.8119815587997437,
            -0.12772256135940552
        ],
        [
            0.12429538369178772,
            -0.804568350315094,
            -0.12486737221479416
        ],
        [
            0.12350766360759735,
            -0.8223116397857666,
            -0.1303025484085083
        ],
        [
            0.12076950073242188,
            -0.818044900894165,
            -0.1322934627532959
        ],
        [
            0.11787750571966171,
            -0.8113791942596436,
            -0.14229223132133484
        ],
        [
            0.1202099546790123,
            -0.8158369660377502,
            -0.1411457061767578
        ],
        [
            0.11783278733491898,
            -0.8166928887367249,
            -0.14847485721111298
        ],
        [
            0.11543204635381699,
            -0.811650276184082,
            -0.14745700359344482
        ],
        [
            0.11935919523239136,
            -0.8112989664077759,
            -0.13268175721168518
        ],
        [
            0.12081266194581985,
            -0.8137103915214539,
            -0.13569146394729614
        ],
        [
            0.11792255938053131,
            -0.8102547526359558,
            -0.13791751861572266
        ],
        [
            0.1157509833574295,
            -0.8087520599365234,
            -0.13467824459075928
        ],
        [
            0.1191161572933197,
            -0.8221102952957153,
            -0.13828149437904358
        ],
        [
            0.11753121018409729,
            -0.8236324191093445,
            -0.1457926630973816
        ],
        [
            0.11473436653614044,
            -0.824897825717926,
            -0.1533532738685608
        ],
        [
            0.11420686542987823,
            -0.8161872625350952,
            -0.15571662783622742
        ],
        [
            0.13722750544548035,
            -0.7946190237998962,
            -0.11602180451154709
        ],
        [
            0.13428573310375214,
            -0.8017024993896484,
            -0.12150529772043228
        ],
        [
            0.12835811078548431,
            -0.7978665828704834,
            -0.12185437232255936
        ],
        [
            0.13143159449100494,
            -0.7919989824295044,
            -0.11784230172634125
        ],
        [
            0.11575672030448914,
            -0.8060592412948608,
            -0.1307782530784607
        ],
        [
            0.1158607006072998,
            -0.7899404764175415,
            -0.1287921667098999
        ],
        [
            0.1169896125793457,
            -0.793595552444458,
            -0.12933044135570526
        ],
        [
            0.11180534213781357,
            -0.7950375080108643,
            -0.1340804100036621
        ],
        [
            0.11134111881256104,
            -0.791508674621582,
            -0.1333133578300476
        ],
        [
            0.13786214590072632,
            -0.7809867262840271,
            -0.10505498945713043
        ],
        [
            0.1326538622379303,
            -0.7803954482078552,
            -0.11003609001636505
        ],
        [
            0.13122287392616272,
            -0.7740160822868347,
            -0.10664594918489456
        ],
        [
            0.13539454340934753,
            -0.7736750841140747,
            -0.10037726908922195
        ],
        [
            0.12758789956569672,
            -0.7690515518188477,
            -0.10524724423885345
        ],
        [
            0.13200028240680695,
            -0.7668147087097168,
            -0.09657417237758636
        ],
        [
            0.12018713355064392,
            -0.7546669244766235,
            -0.09634693711996078
        ],
        [
            0.12604832649230957,
            -0.7599984407424927,
            -0.096120186150074
        ],
        [
            0.12265719473361969,
            -0.7642899751663208,
            -0.10559916496276855
        ],
        [
            0.11678588390350342,
            -0.7597132921218872,
            -0.1087144985795021
        ],
        [
            0.10720397531986237,
            -0.7652765512466431,
            -0.11914727091789246
        ],
        [
            0.10173625499010086,
            -0.764769434928894,
            -0.12226542830467224
        ],
        [
            0.1030983254313469,
            -0.7524590492248535,
            -0.11810581386089325
        ],
        [
            0.10968294739723206,
            -0.7551767826080322,
            -0.11385549604892731
        ],
        [
            0.11385736614465714,
            -0.7849356532096863,
            -0.12382704019546509
        ],
        [
            0.11727249622344971,
            -0.7846983671188354,
            -0.12055697292089462
        ],
        [
            0.11816392838954926,
            -0.7857208847999573,
            -0.12293732166290283
        ],
        [
            0.11487561464309692,
            -0.7870395183563232,
            -0.12684549391269684
        ],
        [
            0.12040238827466965,
            -0.7841470241546631,
            -0.118126779794693
        ],
        [
            0.12182701379060745,
            -0.7837170362472534,
            -0.11712732911109924
        ],
        [
            0.12207533419132233,
            -0.7847867608070374,
            -0.11852366477251053
        ],
        [
            0.12057213485240936,
            -0.7847910523414612,
            -0.11882699280977249
        ],
        [
            0.11871714890003204,
            -0.7847050428390503,
            -0.11967040598392487
        ],
        [
            0.11734879016876221,
            -0.7829995155334473,
            -0.11995420604944229
        ],
        [
            0.11946278065443039,
            -0.7834699153900146,
            -0.11862743645906448
        ],
        [
            0.11416291445493698,
            -0.7823939919471741,
            -0.12310910224914551
        ],
        [
            0.1025167852640152,
            -0.7813613414764404,
            -0.1320376843214035
        ],
        [
            0.10624410957098007,
            -0.7812778949737549,
            -0.13027149438858032
        ],
        [
            0.10568072646856308,
            -0.785929262638092,
            -0.13005730509757996
        ],
        [
            0.10256858170032501,
            -0.78630530834198,
            -0.13165032863616943
        ],
        [
            0.12101109325885773,
            -0.7866160869598389,
            -0.12084507197141647
        ],
        [
            0.12381011247634888,
            -0.7877407073974609,
            -0.12007324397563934
        ],
        [
            0.12129297107458115,
            -0.7905322313308716,
            -0.12428823858499527
        ],
        [
            0.11948063969612122,
            -0.7881323099136353,
            -0.1236141249537468
        ],
        [
            0.12686008214950562,
            -0.7891697883605957,
            -0.11963031440973282
        ],
        [
            0.12443559616804123,
            -0.7856568098068237,
            -0.11769615858793259
        ],
        [
            0.1273779273033142,
            -0.7859499454498291,
            -0.11669263988733292
        ],
        [
            0.12089225649833679,
            -0.7821760177612305,
            -0.1169598177075386
        ],
        [
            0.12288998067378998,
            -0.7803598642349243,
            -0.11485332995653152
        ],
        [
            0.12418492883443832,
            -0.7826029062271118,
            -0.11609998345375061
        ],
        [
            0.12033076584339142,
            -0.7775391340255737,
            -0.11523876339197159
        ],
        [
            0.11825908720493317,
            -0.7806485891342163,
            -0.11815126985311508
        ],
        [
            0.11487310379743576,
            -0.7790764570236206,
            -0.12113948166370392
        ],
        [
            0.11060905456542969,
            -0.7777424454689026,
            -0.12504306435585022
        ],
        [
            0.11146049201488495,
            -0.773158609867096,
            -0.12107018381357193
        ],
        [
            0.1163811981678009,
            -0.7750179767608643,
            -0.11762136965990067
        ],
        [
            0.12388739734888077,
            -0.7941061854362488,
            -0.12367027997970581
        ],
        [
            0.12781299650669098,
            -0.7815723419189453,
            -0.11346781998872757
        ],
        [
            0.13259531557559967,
            -0.7870316505432129,
            -0.11375434696674347
        ],
        [
            0.1264566332101822,
            -0.7771848440170288,
            -0.11176566779613495
        ],
        [
            0.12343551218509674,
            -0.7733346223831177,
            -0.11124970763921738
        ],
        [
            0.11882589757442474,
            -0.7699136734008789,
            -0.11258290708065033
        ],
        [
            0.11313608288764954,
            -0.7672463655471802,
            -0.11591357737779617
        ],
        [
            0.10216784477233887,
            -0.7451653480529785,
            -0.10560213029384613
        ],
        [
            0.11097988486289978,
            -0.7489824295043945,
            -0.10166434198617935
        ],
        [
            0.1470574289560318,
            -0.8605362176895142,
            -0.13454890251159668
        ],
        [
            0.1548629105091095,
            -0.8583389520645142,
            -0.1305253505706787
        ],
        [
            0.15308129787445068,
            -0.8514024019241333,
            -0.12464044243097305
        ],
        [
            0.15541934967041016,
            -0.8534216284751892,
            -0.12447982281446457
        ],
        [
            0.15095269680023193,
            -0.8552531003952026,
            -0.12872818112373352
        ],
        [
            0.14976193010807037,
            -0.8525913953781128,
            -0.12771841883659363
        ],
        [
            0.16251930594444275,
            -0.8439885973930359,
            -0.10656709223985672
        ],
        [
            0.15887071192264557,
            -0.8459594249725342,
            -0.11209221184253693
        ],
        [
            0.158078134059906,
            -0.8424707651138306,
            -0.11004732549190521
        ],
        [
            0.16253535449504852,
            -0.8373854160308838,
            -0.10481908172369003
        ],
        [
            0.149993896484375,
            -0.8354814648628235,
            -0.11692382395267487
        ],
        [
            0.15401148796081543,
            -0.8364005088806152,
            -0.11327336728572845
        ],
        [
            0.1522977650165558,
            -0.8431093692779541,
            -0.11740061640739441
        ],
        [
            0.1494544893503189,
            -0.842450737953186,
            -0.12012814730405807
        ],
        [
            0.14598143100738525,
            -0.842394232749939,
            -0.12254553288221359
        ],
        [
            0.1420612633228302,
            -0.8430178165435791,
            -0.12440237402915955
        ],
        [
            0.14101220667362213,
            -0.8379001617431641,
            -0.12299629300832748
        ],
        [
            0.1454569399356842,
            -0.8363279700279236,
            -0.12033336609601974
        ],
        [
            0.14513462781906128,
            -0.8573147058486938,
            -0.13110464811325073
        ],
        [
            0.13791751861572266,
            -0.8580138683319092,
            -0.13185933232307434
        ],
        [
            0.13849377632141113,
            -0.8549414873123169,
            -0.1305389106273651
        ],
        [
            0.1446455866098404,
            -0.8541750311851501,
            -0.13026836514472961
        ],
        [
            0.12658743560314178,
            -0.8513565063476562,
            -0.12616854906082153
        ],
        [
            0.12845033407211304,
            -0.8533637523651123,
            -0.1274435967206955
        ],
        [
            0.1255388855934143,
            -0.8551697134971619,
            -0.12943771481513977
        ],
        [
            0.12362775951623917,
            -0.8510987162590027,
            -0.12799496948719025
        ],
        [
            0.12503501772880554,
            -0.8477505445480347,
            -0.12723377346992493
        ],
        [
            0.12744316458702087,
            -0.8494220972061157,
            -0.12613993883132935
        ],
        [
            0.1603209525346756,
            -0.9138408303260803,
            -0.13215747475624084
        ],
        [
            0.1525331735610962,
            -0.8976415991783142,
            -0.13931134343147278
        ],
        [
            0.17186792194843292,
            -0.9060527086257935,
            -0.11729790270328522
        ],
        [
            0.17751233279705048,
            -0.8955162763595581,
            -0.1032649502158165
        ],
        [
            0.18037332594394684,
            -0.8820745348930359,
            -0.09149401634931564
        ],
        [
            0.14478270709514618,
            -0.7848853468894958,
            -0.09764912724494934
        ],
        [
            0.14321750402450562,
            -0.7770110368728638,
            -0.09035758674144745
        ],
        [
            0.15067049860954285,
            -0.7841315269470215,
            -0.07847671955823898
        ],
        [
            0.14592765271663666,
            -0.7754487991333008,
            -0.07281128317117691
        ],
        [
            0.13852187991142273,
            -0.7681374549865723,
            -0.08561385422945023
        ],
        [
            0.12144256383180618,
            -0.7530301213264465,
            -0.08285778015851974
        ],
        [
            0.13137932121753693,
            -0.759552001953125,
            -0.08324529975652695
        ],
        [
            0.1388680338859558,
            -0.7672927975654602,
            -0.06732393056154251
        ],
        [
            0.14733213186264038,
            -0.7798633575439453,
            -0.053000640124082565
        ],
        [
            0.1522304266691208,
            -0.7853221297264099,
            -0.06112615391612053
        ],
        [
            0.15272317826747894,
            -0.795958399772644,
            -0.042170535773038864
        ],
        [
            0.13968883454799652,
            -0.7755197882652283,
            -0.04255016893148422
        ],
        [
            0.14864233136177063,
            -0.7971764206886292,
            -0.0344926118850708
        ],
        [
            0.11713236570358276,
            -0.7453069686889648,
            -0.04631439223885536
        ],
        [
            0.11661272495985031,
            -0.7352231740951538,
            -0.04239112511277199
        ],
        [
            0.12883585691452026,
            -0.741304874420166,
            -0.02969791740179062
        ],
        [
            0.12962955236434937,
            -0.7514663934707642,
            -0.03340651094913483
        ],
        [
            0.15587981045246124,
            -0.7920819520950317,
            -0.06950843334197998
        ],
        [
            0.17420224845409393,
            -0.8516525030136108,
            -0.08408276736736298
        ],
        [
            0.17156882584095,
            -0.8507963418960571,
            -0.09530646353960037
        ],
        [
            0.17251086235046387,
            -0.8394159078598022,
            -0.07865332067012787
        ],
        [
            0.18744154274463654,
            -0.910825252532959,
            -0.07254979759454727
        ],
        [
            0.1839744746685028,
            -0.9050105810165405,
            -0.08956822007894516
        ],
        [
            0.18607287108898163,
            -0.8896411657333374,
            -0.08012989163398743
        ],
        [
            0.18972676992416382,
            -0.8972765803337097,
            -0.06522871553897858
        ],
        [
            0.16968077421188354,
            -0.9483602046966553,
            -0.08944053947925568
        ],
        [
            0.16791056096553802,
            -0.9328542947769165,
            -0.11314849555492401
        ],
        [
            0.1762866973876953,
            -0.9206596612930298,
            -0.10218232870101929
        ],
        [
            0.17936457693576813,
            -0.9321981072425842,
            -0.08291417360305786
        ],
        [
            0.19034245610237122,
            -0.9002541303634644,
            -0.05200694501399994
        ],
        [
            0.18905076384544373,
            -0.9041218161582947,
            -0.034123994410037994
        ],
        [
            0.18773280084133148,
            -0.9207855463027954,
            -0.02976255863904953
        ],
        [
            0.18851199746131897,
            -0.9186611175537109,
            -0.052277304232120514
        ],
        [
            0.17924825847148895,
            -0.9437574148178101,
            -0.02745838463306427
        ],
        [
            0.18087109923362732,
            -0.9409816265106201,
            -0.05462868511676788
        ],
        [
            0.14308494329452515,
            -0.7862790822982788,
            -0.023961611092090607
        ],
        [
            0.1478281319141388,
            -0.8039196729660034,
            -0.023022890090942383
        ],
        [
            0.13136990368366241,
            -0.762974202632904,
            -0.03931524232029915
        ],
        [
            0.1389790028333664,
            -0.7712811231613159,
            -0.023784037679433823
        ],
        [
            0.16461889445781708,
            -0.9622341990470886,
            -0.026791229844093323
        ],
        [
            0.1676258146762848,
            -0.9603514671325684,
            -0.058867864310741425
        ],
        [
            0.16869331896305084,
            -0.8922229409217834,
            0.014722615480422974
        ],
        [
            0.17583319544792175,
            -0.9076278805732727,
            0.005052067339420319
        ],
        [
            0.1808239072561264,
            -0.8917862176895142,
            -0.00765053927898407
        ],
        [
            0.17406369745731354,
            -0.8793803453445435,
            0.002914920449256897
        ],
        [
            0.15863384306430817,
