{
    "pred_cam": [
        1.3220548629760742,
        0.1295347958803177,
        0.28953003883361816
    ],
    "pred_smpl_params": {
        "global_orient": [
            [
                [
                    0.12869180738925934,
                    0.1427229940891266,
                    -0.9813606142997742
                ],
                [
                    0.30078160762786865,
                    -0.9485912919044495,
                    -0.09851390868425369
                ],
                [
                    -0.9449703097343445,
                    -0.28249725699424744,
                    -0.16500437259674072
                ]
            ]
        ],
        "body_pose": [
            [
                [
                    0.9882460832595825,
                    0.10709289461374283,
                    0.1090908944606781
                ],
                [
                    -0.12114821374416351,
                    0.983869194984436,
                    0.13162283599376678
                ],
                [
                    -0.09323529154062271,
                    -0.1432919204235077,
                    0.9852789640426636
                ]
            ],
            [
                [
                    0.9886540174484253,
                    0.14667700231075287,
                    -0.0323915034532547
                ],
                [
                    -0.14896294474601746,
                    0.9851128458976746,
                    -0.08580582588911057
                ],
                [
                    0.019323546439409256,
                    0.08965739607810974,
                    0.9957852363586426
                ]
            ],
            [
                [
                    0.9948453903198242,
                    -0.09933706372976303,
                    0.02036472223699093
                ],
                [
                    0.10122840851545334,
                    0.9846792817115784,
                    -0.14198406040668488
                ],
                [
                    -0.0059484392404556274,
                    0.1433136910200119,
                    0.9896593689918518
                ]
            ],
            [
                [
                    0.957840621471405,
                    0.25914761424064636,
                    0.12403205037117004
                ],
                [
                    -0.22256550192832947,
                    0.9423058032989502,
                    -0.2500486969947815
                ],
                [
                    -0.18167564272880554,
                    0.21190151572227478,
                    0.9602560997009277
                ]
            ],
            [
                [
                    0.9744514226913452,
                    0.14304721355438232,
                    0.17315292358398438
                ],
                [
                    -0.1302577704191208,
                    0.9879867434501648,
                    -0.08315712213516235
                ],
                [
                    -0.18296818435192108,
                    0.058478061109781265,
                    0.9813780784606934
                ]
            ],
            [
                [
                    0.9986176490783691,
                    -0.05001478269696236,
                    -0.016167713329195976
                ],
                [
                    0.04918306693434715,
                    0.9976217150688171,
                    -0.04829097539186478
                ],
                [
                    0.018544523045420647,
                    0.04742904007434845,
                    0.9987025260925293
                ]
            ],
            [
                [
                    0.9900341629981995,
                    0.026128798723220825,
                    0.13838237524032593
                ],
                [
                    -0.026391826570034027,
                    0.9996516704559326,
                    6.575197767233476e-05
                ],
                [
                    -0.13833245635032654,
                    -0.00371725857257843,
                    0.9903789162635803
                ]
            ],
            [
                [
                    0.9836196899414062,
                    -0.024567265063524246,
                    -0.17857439815998077
                ],
                [
                    0.032985880970954895,
                    0.9984723329544067,
                    0.04432789236307144
                ],
                [
                    0.17721258103847504,
                    -0.04949221760034561,
                    0.9829274415969849
                ]
            ],
            [
                [
                    0.9996326565742493,
                    -0.0269745122641325,
                    0.0026487091090530157
                ],
                [
                    0.027065057307481766,
                    0.9986626505851746,
                    -0.04405048489570618
                ],
                [
                    -0.0014569265767931938,
                    0.04410598427057266,
                    0.9990258812904358
                ]
            ],
            [
                [
                    0.9891865253448486,
                    -0.07789473235607147,
                    0.12426667660474777
                ],
                [
                    0.08142688870429993,
                    0.9963999390602112,
                    -0.023595672100782394
                ],
                [
                    -0.12198133766651154,
                    0.03345918655395508,
                    0.9919680953025818
                ]
            ],
            [
                [
                    0.9975358247756958,
                    0.06535682082176208,
                    0.025512434542179108
                ],
                [
                    -0.06730557978153229,
                    0.9941068291664124,
                    0.08498029410839081
                ],
                [
                    -0.01980804093182087,
                    -0.08648800849914551,
                    0.996056079864502
                ]
            ],
            [
                [
                    0.9266465306282043,
                    -0.12089803814888,
                    0.3559633791446686
                ],
                [
                    0.15040844678878784,
                    0.9870186448097229,
                    -0.056317225098609924
                ],
                [
                    -0.3445338010787964,
                    0.10572606325149536,
                    0.9328014850616455
                ]
            ],
            [
                [
                    0.8873823285102844,
                    0.3376719057559967,
                    -0.3138951063156128
                ],
                [
                    -0.32849252223968506,
                    0.9408146142959595,
                    0.08342986553907394
                ],
                [
                    0.3234890103340149,
                    0.029077976942062378,
                    0.9457849860191345
                ]
            ],
            [
                [
                    0.9529122114181519,
                    -0.20431526005268097,
                    0.22408412396907806
                ],
                [
                    0.19984716176986694,
                    0.9788964986801147,
                    0.04269246757030487
                ],
                [
                    -0.22807790338993073,
                    0.0041004084050655365,
                    0.9736342430114746
                ]
            ],
            [
                [
                    0.9531731605529785,
                    0.07519680261611938,
                    0.29292720556259155
                ],
                [
                    0.014520649798214436,
                    0.9560977816581726,
                    -0.29268771409988403
                ],
                [
                    -0.3020762801170349,
                    0.2832355499267578,
                    0.910234808921814
                ]
            ],
            [
                [
                    0.5827826261520386,
                    0.6840474605560303,
                    -0.4386838972568512
                ],
                [
                    -0.7065088748931885,
                    0.6932324767112732,
                    0.14238686859607697
                ],
                [
                    0.40150928497314453,
                    0.22695346176624298,
                    0.8872894644737244
                ]
            ],
            [
                [
                    0.5806457996368408,
                    -0.6061131954193115,
                    0.5435782670974731
                ],
                [
                    0.7183005213737488,
                    0.6956818699836731,
                    0.0084325997158885
                ],
                [
                    -0.38326865434646606,
                    0.3855561912059784,
                    0.839316189289093
                ]
            ],
            [
                [
                    0.622114360332489,
                    -0.1405697762966156,
                    -0.7702037692070007
                ],
                [
                    0.053251344710588455,
                    0.9890689849853516,
                    -0.1375022977590561
                ],
                [
                    0.78111332654953,
                    0.044527776539325714,
                    0.6227995753288269
                ]
            ],
            [
                [
                    -0.14489026367664337,
                    0.3534562587738037,
                    0.924161970615387
                ],
                [
                    -0.021735938265919685,
                    0.9326556324958801,
                    -0.3601124584674835
                ],
                [
                    -0.9892088770866394,
                    -0.07226435840129852,
                    -0.12745001912117004
                ]
            ],
            [
                [
                    0.9847903251647949,
                    -0.16036945581436157,
                    -0.06685654819011688
                ],
                [
                    0.15877272188663483,
                    0.9869012832641602,
                    -0.028583772480487823
                ],
                [
                    0.07056478410959244,
                    0.01753402315080166,
                    0.9973531365394592
                ]
            ],
            [
                [
                    0.9814077019691467,
                    0.1318361759185791,
                    0.13949234783649445
                ],
                [
                    -0.15775729715824127,
                    0.9680302143096924,
                    0.1950129270553589
                ],
                [
                    -0.10932306200265884,
                    -0.21339312195777893,
                    0.9708304405212402
                ]
            ],
            [
                [
                    0.984775185585022,
                    0.1606183797121048,
                    -0.0664796382188797
                ],
                [
                    -0.15210628509521484,
                    0.9813244342803955,
                    0.11775390803813934
                ],
                [
                    0.08415154367685318,
                    -0.10584915429353714,
                    0.9908150434494019
                ]
            ],
            [
                [
                    0.9751996397972107,
                    -0.20565521717071533,
                    0.08180242031812668
                ],
                [
                    0.19670695066452026,
                    0.9747617244720459,
                    0.10557489097118378
                ],
                [
                    -0.1014498919248581,
                    -0.08686549216508865,
                    0.9910410642623901
                ]
            ]
        ],
        "betas": [
            -0.10520756244659424,
            -0.11921104788780212,
            0.24331870675086975,
            0.632920503616333,
            0.19029904901981354,
            -0.00978207215666771,
            -0.01748618483543396,
            -0.050462424755096436,
            0.051478490233421326,
            -0.02064955234527588
        ]
    },
    "pred_cam_t": [
        0.1295347958803177,
        0.28953003883361816,
        29.54680633544922
    ],
    "focal_length": [
        5000.0,
        5000.0
    ],
    "pred_keypoints_3d": [
        [
            -0.11981428414583206,
            -0.7931087017059326,
            -0.1756976693868637
        ],
        [
            0.025766680017113686,
            -0.7336485981941223,
            -0.06779561936855316
        ],
        [
            -0.005024397745728493,
            -0.6716286540031433,
            0.11998047679662704
        ],
        [
            -0.09506384283304214,
            -0.4623895287513733,
            0.2245374172925949
        ],
        [
            -0.24091926217079163,
            -0.4898741841316223,
            0.02173285186290741
        ],
        [
            0.029107550159096718,
            -0.6126024723052979,
            -0.23096132278442383
        ],
        [
            -0.05305090546607971,
            -0.37044355273246765,
            -0.2572565972805023
        ],
        [
            -0.28194552659988403,
            -0.3031731843948364,
            -0.19822737574577332
        ],
        [
            -0.002143493853509426,
            -0.22963225841522217,
            0.027811767533421516
        ],
        [
            -0.019269365817308426,
            -0.16352787613868713,
            0.11748699843883514
        ],
        [
            -0.04095734655857086,
            0.15793809294700623,
            0.31350111961364746
        ],
        [
            -0.0060183145105838776,
            0.4836776554584503,
            0.5288607478141785
        ],
        [
            0.0004216744564473629,
            -0.12146344780921936,
            -0.010215343907475471
        ],
        [
            -0.09750383347272873,
            0.21916118264198303,
            0.09197982400655746
        ],
        [
            -0.11206553876399994,
            0.5046086311340332,
            0.3597396910190582
        ],
        [
            -0.13408882915973663,
            -0.8358111381530762,
            -0.13354560732841492
        ],
        [
            -0.08994972705841064,
            -0.8462321758270264,
            -0.18243993818759918
        ],
        [
            -0.09335741400718689,
            -0.8469506502151489,
            -0.03556564450263977
        ],
        [
            0.002677828073501587,
            -0.8705884218215942,
            -0.14720302820205688
        ],
        [
            -0.29315146803855896,
            0.5865901708602905,
            0.3201591968536377
        ],
        [
            -0.21910721063613892,
            0.617743730545044,
            0.2978961765766144
        ],
        [
            -0.06138157844543457,
            0.5229448676109314,
            0.40016162395477295
        ],
        [
            -0.19668327271938324,
            0.5325422286987305,
            0.5205243825912476
        ],
        [
            -0.16524150967597961,
            0.49449318647384644,
            0.5937796235084534
        ],
        [
            0.04770337790250778,
            0.517325758934021,
            0.5623286366462708
        ],
        [
            0.017995454370975494,
            0.427997887134552,
            0.5227310657501221
        ],
        [
            -0.03668483346700668,
            0.10127690434455872,
            0.2789137363433838
        ],
        [
            -0.010343335568904877,
            -0.30330124497413635,
            0.15592560172080994
        ],
        [
            0.043963994830846786,
            -0.19840072095394135,
            -0.11081575602293015
        ],
        [
            -0.08443012833595276,
            0.1854688823223114,
            0.06532663106918335
        ],
        [
            -0.08170266449451447,
            0.4792056679725647,
            0.3397696614265442
        ],
        [
            -0.20938479900360107,
            -0.5141199231147766,
            0.029087908565998077
        ],
        [
            -0.1164475679397583,
            -0.5021681189537048,
            0.22444704174995422
        ],
        [
            -0.00109853595495224,
            -0.6934941411018372,
            0.08365442603826523
        ],
        [
            0.039122436195611954,
            -0.6502916812896729,
            -0.2106468379497528
        ],
        [
            -0.07604864239692688,
            -0.40969589352607727,
            -0.28234612941741943
        ],
        [
            -0.2769600450992584,
            -0.324351042509079,
            -0.20511794090270996
        ],
        [
            0.01741584949195385,
            -0.7260726094245911,
            -0.07283132523298264
        ],
        [
            -0.07273051142692566,
            -0.903981626033783,
            -0.11079397052526474
        ],
        [
            0.016886446624994278,
            -0.25131189823150635,
            0.021711228415369987
        ],
        [
            0.01790746860206127,
            -0.6687410473823547,
            -0.06168777495622635
        ],
        [
            0.052376557141542435,
            -0.493642657995224,
            -0.027824480086565018
        ],
        [
            -0.055629611015319824,
            -0.7919259071350098,
            -0.12359550595283508
        ],
        [
            -0.07530205696821213,
            -0.9236928820610046,
            -0.10472524911165237
        ]
    ],
    "pred_vertices": [
        [
            -0.09882305562496185,
            -0.8920917510986328,
            -0.19734179973602295
        ],
        [
            -0.10243962705135345,
            -0.8756669759750366,
            -0.19584888219833374
        ],
        [
            -0.08795616775751114,
            -0.8769513368606567,
            -0.19712510704994202
        ],
        [
            -0.0815795361995697,
            -0.8903496265411377,
            -0.19579489529132843
        ],
        [
            -0.09116173535585403,
            -0.8658221960067749,
            -0.19734936952590942
        ],
        [
            -0.10256362706422806,
            -0.8634084463119507,
            -0.19461466372013092
        ],
        [
            -0.07427646964788437,
            -0.8750448226928711,
            -0.19448456168174744
        ],
        [
            -0.06617183983325958,
            -0.8856151103973389,
            -0.19172526895999908
        ],
        [
            -0.05106474459171295,
            -0.845685601234436,
            -0.18642568588256836
        ],
        [
            -0.040611520409584045,
            -0.8450074195861816,
            -0.1827688366174698
        ],
        [
            -0.04599727690219879,
            -0.8559554815292358,
            -0.1848939210176468
        ],
        [
            -0.05546678602695465,
            -0.8536026477813721,
            -0.18722566962242126
        ],
        [
            -0.04129057377576828,
            -0.8221380710601807,
            -0.1807830035686493
        ],
        [
            -0.04789718985557556,
            -0.8098901510238647,
            -0.18064308166503906
        ],
        [
            -0.03721843659877777,
            -0.804542064666748,
            -0.17491577565670013
        ],
        [
            -0.030410483479499817,
            -0.8163686990737915,
            -0.17325779795646667
        ],
        [
            -0.08920756727457047,
            -0.8111031651496887,
            -0.17475351691246033
        ],
        [
            -0.08282832056283951,
            -0.8060296773910522,
            -0.17722441256046295
        ],
        [
            -0.08181577175855637,
            -0.8132309317588806,
            -0.18022114038467407
        ],
        [
            -0.0881848931312561,
            -0.817512035369873,
            -0.17687319219112396
        ],
        [
            -0.10244139283895493,
            -0.8170639276504517,
            -0.17356207966804504
        ],
        [
            -0.10124202817678452,
            -0.8233959078788757,
            -0.17259886860847473
        ],
        [
            -0.10907553881406784,
            -0.8247970342636108,
            -0.17325323820114136
        ],
        [
            -0.11017011851072311,
            -0.817662239074707,
            -0.17534217238426208
        ],
        [
            -0.09117370843887329,
            -0.8052198886871338,
            -0.1703454852104187
        ],
        [
            -0.08425966650247574,
            -0.8001548051834106,
            -0.17269101738929749
        ],
        [
            -0.09503862261772156,
            -0.815287709236145,
            -0.17301495373249054
        ],
        [
            -0.09643784910440445,
            -0.8100734949111938,
            -0.17288225889205933
        ],
        [
            -0.103419229388237,
            -0.8008962273597717,
            -0.17737045884132385
        ],
        [
            -0.10285241156816483,
            -0.8061165809631348,
            -0.17798322439193726
        ],
        [
            -0.11000216007232666,
            -0.804591953754425,
            -0.18053936958312988
        ],
        [
            -0.10877463221549988,
            -0.7992632985115051,
            -0.1785385012626648
        ],
        [
            -0.09501179307699203,
            -0.8032468557357788,
            -0.17309460043907166
        ],
        [
            -0.09743870049715042,
            -0.8054184913635254,
            -0.17564457654953003
        ],
        [
            -0.09952441602945328,
            -0.8007950782775879,
            -0.17510870099067688
        ],
        [
            -0.09773100912570953,
            -0.7994041442871094,
            -0.17158257961273193
        ],
        [
            -0.10327742248773575,
            -0.81209397315979,
            -0.17477819323539734
        ],
        [
            -0.11048407852649689,
            -0.8114793300628662,
            -0.1778361201286316
        ],
        [
            -0.11830614507198334,
            -0.8101498484611511,
            -0.17994068562984467
        ],
        [
            -0.11746781319379807,
            -0.8014196157455444,
            -0.18202269077301025
        ],
        [
            -0.06709614396095276,
            -0.7967524528503418,
            -0.17899911105632782
        ],
        [
            -0.07525426149368286,
            -0.8012841939926147,
            -0.17928805947303772
        ],
        [
            -0.07738266885280609,
            -0.7958235740661621,
            -0.1750950813293457
        ],
        [
            -0.0706261694431305,
            -0.7921021580696106,
            -0.17591428756713867
        ],
        [
            -0.0937703400850296,
            -0.7976022958755493,
            -0.16964253783226013
        ],
        [
            -0.08653003722429276,
            -0.7832196950912476,
            -0.17030009627342224
        ],
        [
            -0.08760587871074677,
            -0.7868175506591797,
            -0.17109942436218262
        ],
        [
            -0.0945555791258812,
            -0.7855443358421326,
            -0.16969746351242065
        ],
        [
            -0.09298979490995407,
            -0.7823354601860046,
            -0.16919031739234924
        ],
        [
            -0.05343268811702728,
            -0.7866148948669434,
            -0.1748151034116745
        ],
        [
            -0.0598113015294075,
            -0.7833598852157593,
            -0.17369261384010315
        ],
        [
            -0.05570553243160248,
            -0.7776561975479126,
            -0.17130279541015625
        ],
        [
            -0.048707425594329834,
            -0.779982328414917,
            -0.17087052762508392
        ],
        [
            -0.05518361181020737,
            -0.7721308469772339,
            -0.16786114871501923
        ],
        [
            -0.04559474438428879,
            -0.7732687592506409,
            -0.16657030582427979
        ],
        [
            -0.048055969178676605,
            -0.7581033706665039,
            -0.15792256593704224
        ],
        [
            -0.04635842144489288,
            -0.7648976445198059,
            -0.16207492351531982
        ],
        [
            -0.05653379112482071,
            -0.7660543322563171,
            -0.1643647849559784
        ],
        [
            -0.06068626046180725,
            -0.7593196630477905,
            -0.161854088306427
        ],
        [
            -0.07531853020191193,
            -0.7593973875045776,
            -0.16006675362586975
        ],
        [
            -0.08056917041540146,
            -0.7566179633140564,
            -0.15754789113998413
        ],
        [
            -0.07240992039442062,
            -0.7463727593421936,
            -0.1574413776397705
        ],
        [
            -0.06686413288116455,
            -0.7518370151519775,
            -0.1598362922668457
        ],
        [
            -0.08215877413749695,
            -0.7790583968162537,
            -0.16584981977939606
        ],
        [
            -0.07768937200307846,
            -0.7805495262145996,
            -0.16675099730491638
        ],
        [
            -0.0793934017419815,
            -0.7812389135360718,
            -0.16887150704860687
        ],
        [
            -0.08462332934141159,
            -0.780693769454956,
            -0.16834869980812073
        ],
        [
            -0.07394184172153473,
            -0.7814209461212158,
            -0.16807565093040466
        ],
        [
            -0.07223272323608398,
            -0.7816928029060364,
            -0.16870710253715515
        ],
        [
            -0.0735526829957962,
            -0.7824685573577881,
            -0.16964663565158844
        ],
        [
            -0.07450497150421143,
            -0.7819194793701172,
            -0.16868922114372253
        ],
        [
            -0.07615169137716293,
            -0.7810977697372437,
            -0.16760742664337158
        ],
        [
            -0.07651405781507492,
            -0.7790558934211731,
            -0.16677050292491913
        ],
        [
            -0.07463712990283966,
            -0.7803826332092285,
            -0.16762864589691162
        ],
        [
            -0.08048001676797867,
            -0.7768632173538208,
            -0.16608808934688568
        ],
        [
            -0.09334684908390045,
            -0.7704408168792725,
            -0.1624774932861328
        ],
        [
            -0.09008361399173737,
            -0.771929919719696,
            -0.16409286856651306
        ],
        [
            -0.09178906679153442,
            -0.7761660814285278,
            -0.16294679045677185
        ],
        [
            -0.09468162804841995,
            -0.7751309871673584,
            -0.16171297430992126
        ],
        [
            -0.07638967782258987,
            -0.7832995653152466,
            -0.17031893134117126
        ],
        [
            -0.07489176094532013,
            -0.7854480743408203,
            -0.17166709899902344
        ],
        [
            -0.0804704800248146,
            -0.7864010334014893,
            -0.17175710201263428
        ],
        [
            -0.08011511713266373,
            -0.7837622165679932,
            -0.1701136827468872
        ],
        [
            -0.07336543500423431,
            -0.7877465486526489,
            -0.17377716302871704
        ],
        [
            -0.07195568084716797,
            -0.7842194437980652,
            -0.17098446190357208
        ],
        [
            -0.06969571113586426,
            -0.7854792475700378,
            -0.17298221588134766
        ],
        [
            -0.07208701968193054,
            -0.7799771428108215,
            -0.1679675281047821
        ],
        [
            -0.06871818751096725,
            -0.7793747186660767,
            -0.16856616735458374
        ],
        [
            -0.06977073848247528,
            -0.7815713286399841,
            -0.17021365463733673
        ],
        [
            -0.06943000108003616,
            -0.7758088707923889,
            -0.16691529750823975
        ],
        [
            -0.07387708872556686,
            -0.7775075435638428,
            -0.16649878025054932
        ],
        [
            -0.07747016847133636,
            -0.7743467092514038,
            -0.16573157906532288
        ],
        [
            -0.08232102543115616,
            -0.7709938287734985,
            -0.16477559506893158
        ],
        [
            -0.07722746580839157,
            -0.7677571773529053,
            -0.16358070075511932
        ],
        [
            -0.07254328578710556,
            -0.7717239856719971,
            -0.16530276834964752
        ],
        [
            -0.07978504151105881,
            -0.7905834913253784,
            -0.17328685522079468
        ],
        [
            -0.06547550112009048,
            -0.7822518348693848,
            -0.17172598838806152
        ],
        [
            -0.06514593958854675,
            -0.788707435131073,
            -0.17500686645507812
        ],
        [
            -0.06331734359264374,
            -0.778092622756958,
            -0.17006325721740723
        ],
        [
            -0.06316891312599182,
            -0.773658275604248,
            -0.16750961542129517
        ],
        [
            -0.06582457572221756,
            -0.7687778472900391,
            -0.16484081745147705
        ],
        [
            -0.07029979676008224,
            -0.7637412548065186,
            -0.16259118914604187
        ],
        [
            -0.06114691495895386,
            -0.7417557239532471,
            -0.14955246448516846
        ],
        [
            -0.05525825917720795,
            -0.7488253712654114,
            -0.1539316028356552
        ],
        [
            -0.09961555898189545,
            -0.8568638563156128,
            -0.1899608075618744
        ],
        [
            -0.09165646880865097,
            -0.8582990169525146,
            -0.19419243931770325
        ],
        [
            -0.08563783019781113,
            -0.8524792790412903,
            -0.1898956000804901
        ],
        [
            -0.08511407673358917,
            -0.8551831245422363,
            -0.1912027895450592
        ],
        [
            -0.09132850170135498,
            -0.8544369339942932,
            -0.1903028041124344
        ],
        [
            -0.09019725024700165,
            -0.8518714308738708,
            -0.1888294219970703
        ],
        [
            -0.0638805478811264,
            -0.8526738882064819,
            -0.18727359175682068
        ],
        [
            -0.07080180943012238,
            -0.8521459102630615,
            -0.1873355209827423
        ],
        [
            -0.06848767399787903,
            -0.8490921258926392,
            -0.1857927441596985
        ],
        [
            -0.06026037037372589,
            -0.8468937277793884,
            -0.18692834675312042
        ],
        [
            -0.075463205575943,
            -0.8385735750198364,
            -0.18437796831130981
        ],
        [
            -0.07093300670385361,
            -0.8415063619613647,
            -0.18526612222194672
        ],
        [
            -0.07738759368658066,
            -0.8462282419204712,
            -0.18564946949481964
        ],
        [
            -0.08068534731864929,
            -0.8441485166549683,
            -0.18505260348320007
        ],
        [
            -0.08420689404010773,
            -0.842528223991394,
            -0.18364280462265015
        ],
        [
            -0.08800157904624939,
            -0.8415065407752991,
            -0.18153424561023712
        ],
        [
            -0.08549697697162628,
            -0.836701512336731,
            -0.18067839741706848
        ],
        [
            -0.0805816501379013,
            -0.8372006416320801,
            -0.18277908861637115
        ],
        [
            -0.0968012809753418,
            -0.8541625738143921,
            -0.1866605281829834
        ],
        [
            -0.10156174004077911,
            -0.8523563146591187,
            -0.18123139441013336
        ],
        [
            -0.09888087958097458,
            -0.8499209880828857,
            -0.18127331137657166
        ],
        [
            -0.09525291621685028,
            -0.851172924041748,
            -0.18605461716651917
        ],
        [
            -0.10047411918640137,
            -0.8439459800720215,
            -0.16974486410617828
        ],
        [
            -0.10116545855998993,
            -0.8460186123847961,
            -0.1717270016670227
        ],
        [
            -0.1048608273267746,
            -0.8464316725730896,
            -0.17026829719543457
        ],
        [
            -0.10335079580545425,
            -0.8424957990646362,
            -0.168436199426651
        ],
        [
            -0.10078652203083038,
            -0.8399375677108765,
            -0.16975754499435425
        ],
        [
            -0.09932418167591095,
            -0.8424159288406372,
            -0.17081117630004883
        ],
        [
            -0.1115027591586113,
            -0.9113656282424927,
            -0.19197596609592438
        ],
        [
            -0.11463086307048798,
            -0.8928372859954834,
            -0.1927318125963211
        ],
        [
            -0.09073285013437271,
            -0.9116790890693665,
            -0.19231203198432922
        ],
        [
            -0.07322646677494049,
            -0.9069134593009949,
            -0.18981985747814178
        ],
        [
            -0.05759963393211365,
            -0.8976398706436157,
            -0.1875128149986267
        ],
        [
            -0.04546882212162018,
            -0.7942017316818237,
            -0.17535841464996338
        ],
        [
            -0.0379449799656868,
            -0.7879745960235596,
            -0.17072272300720215
        ],
        [
            -0.027268685400485992,
            -0.7997334003448486,
            -0.16891419887542725
        ],
        [
            -0.022686488926410675,
            -0.7909770011901855,
            -0.16316083073616028
        ],
        [
            -0.034138888120651245,
            -0.7790234684944153,
            -0.16538280248641968
        ],
        [
            -0.03719870746135712,
            -0.7591372728347778,
            -0.1515437513589859
        ],
        [
            -0.03382040560245514,
            -0.7687118053436279,
            -0.15911681950092316
        ],
        [
            -0.01996959000825882,
            -0.7816301584243774,
            -0.15568816661834717
        ],
        [
            -0.007940314710140228,
            -0.7993220686912537,
            -0.15287548303604126
        ],
        [
            -0.013311512768268585,
            -0.804721474647522,
            -0.16015300154685974
        ],
        [
            -0.0017498880624771118,
            -0.8186782598495483,
            -0.14885957539081573
        ],
        [
            -0.002810157835483551,
            -0.7935407161712646,
            -0.14217790961265564
        ],
        [
            0.0012365877628326416,
            -0.8198716640472412,
            -0.14079225063323975
        ],
        [
            -0.013087984174489975,
            -0.7569783926010132,
            -0.13033199310302734
        ],
        [
            -0.009606234729290009,
            -0.7476953268051147,
            -0.12867483496665955
        ],
        [
            0.005993582308292389,
            -0.758467972278595,
            -0.13258066773414612
        ],
        [
            0.002436012029647827,
            -0.768390953540802,
            -0.13324110209941864
        ],
        [
            -0.020002655684947968,
            -0.8106046915054321,
            -0.16665580868721008
        ],
        [
            -0.04343007504940033,
            -0.8681632280349731,
            -0.1828465759754181
        ],
        [
            -0.05307472497224808,
            -0.8640159368515015,
            -0.1875784546136856
        ],
        [
            -0.03534293174743652,
            -0.8576818704605103,
            -0.17981287837028503
        ],
        [
            -0.05012993514537811,
            -0.9309465885162354,
            -0.177021324634552
        ],
        [
            -0.06307651102542877,
            -0.9204655885696411,
            -0.18503278493881226
        ],
        [
            -0.04914381355047226,
            -0.9092779159545898,
            -0.18319293856620789
        ],
        [
            -0.038739390671253204,
            -0.9204473495483398,
            -0.17623846232891083
        ],
        [
            -0.08661634474992752,
            -0.9561805725097656,
            -0.16935868561267853
        ],
        [
            -0.09991766512393951,
            -0.9360300302505493,
            -0.18407276272773743
        ],
        [
            -0.08288196474313736,
            -0.9303590059280396,
            -0.18560883402824402
        ],
        [
            -0.07043588161468506,
            -0.9458445906639099,
            -0.17473717033863068
        ],
        [
            -0.029018446803092957,
            -0.9265400171279907,
            -0.1680949479341507
        ],
        [
            -0.017687097191810608,
            -0.9340055584907532,
            -0.15575674176216125
        ],
        [
            -0.021204710006713867,
            -0.9500770568847656,
            -0.15039202570915222
        ],
        [
            -0.03675872087478638,
            -0.9427487850189209,
            -0.16490046679973602
        ],
        [
            -0.03200092911720276,
            -0.9699337482452393,
            -0.1398545652627945
        ],
        [
            -0.05123971402645111,
            -0.9615446329116821,
            -0.1576424539089203
        ],
        [
            0.009350687265396118,
            -0.8087676763534546,
            -0.1319800615310669
        ],
        [
            0.00747651606798172,
            -0.8284754753112793,
            -0.13216204941272736
        ],
        [
            -0.0027566328644752502,
            -0.7790876626968384,
            -0.13586872816085815
        ],
        [
            0.011156328022480011,
            -0.792183518409729,
            -0.1317610740661621
        ],
        [
            -0.046327248215675354,
            -0.9833805561065674,
            -0.12573815882205963
        ],
        [
            -0.06891682744026184,
            -0.9742936491966248,
            -0.14719882607460022
        ],
        [
            0.014379560947418213,
            -0.9282490015029907,
            -0.11182108521461487
        ],
        [
            0.004472136497497559,
            -0.9423900842666626,
            -0.1208205446600914
        ],
        [
            0.0034911781549453735,
            -0.9261358976364136,
