{
    "pred_cam": [
        1.3658498525619507,
        0.137551411986351,
        0.28014495968818665
    ],
    "pred_smpl_params": {
        "global_orient": [
            [
                [
                    -0.26614072918891907,
                    0.16218049824237823,
                    -0.950192928314209
                ],
                [
                    0.2647974491119385,
                    -0.9355209469795227,
                    -0.23384371399879456
                ],
                [
                    -0.9268502593040466,
                    -0.3138439953327179,
                    0.20603524148464203
                ]
            ]
        ],
        "body_pose": [
            [
                [
                    0.9931575059890747,
                    0.08545596897602081,
                    0.0795951634645462
                ],
                [
                    -0.09620692580938339,
                    0.985058605670929,
                    0.14284151792526245
                ],
                [
                    -0.06619924306869507,
                    -0.14952173829078674,
                    0.9865397810935974
                ]
            ],
            [
                [
                    0.9818669557571411,
                    0.17086374759674072,
                    -0.08211451023817062
                ],
                [
                    -0.1702696681022644,
                    0.9852946400642395,
                    0.014235714450478554
                ],
                [
                    0.08333936333656311,
                    4.03433932660846e-06,
                    0.9965211749076843
                ]
            ],
            [
                [
                    0.9936301112174988,
                    -0.09978225082159042,
                    0.05237008258700371
                ],
                [
                    0.10754411667585373,
                    0.9784707427024841,
                    -0.176151305437088
                ],
                [
                    -0.033665817230939865,
                    0.18066135048866272,
                    0.9829689860343933
                ]
            ],
            [
                [
                    0.9760550856590271,
                    0.20376180112361908,
                    0.07614267617464066
                ],
                [
                    -0.19003669917583466,
                    0.9690926671028137,
                    -0.15730729699134827
                ],
                [
                    -0.10584252327680588,
                    0.13907067477703094,
                    0.9846100211143494
                ]
            ],
            [
                [
                    0.9931353330612183,
                    0.07025659829378128,
                    0.09352143108844757
                ],
                [
                    -0.06947170943021774,
                    0.9975162148475647,
                    -0.011626000516116619
                ],
                [
                    -0.09410593658685684,
                    0.005049097817391157,
                    0.9955494403839111
                ]
            ],
            [
                [
                    0.999296247959137,
                    -0.02244388870894909,
                    0.03005531057715416
                ],
                [
                    0.023913871496915817,
                    0.9984888434410095,
                    -0.0494777150452137
                ],
                [
                    -0.0288994237780571,
                    0.05016162991523743,
                    0.9983229041099548
                ]
            ],
            [
                [
                    0.9923984408378601,
                    0.042063016444444656,
                    0.11565418541431427
                ],
                [
                    -0.040838390588760376,
                    0.9990819692611694,
                    -0.012938672676682472
                ],
                [
                    -0.116092249751091,
                    0.008117184974253178,
                    0.993205189704895
                ]
            ],
            [
                [
                    0.985314667224884,
                    -0.01673094369471073,
                    -0.16992691159248352
                ],
                [
                    0.022425970062613487,
                    0.9992474317550659,
                    0.03165057674050331
                ],
                [
                    0.16926947236061096,
                    -0.034996550530195236,
                    0.9849483370780945
                ]
            ],
            [
                [
                    0.9991466403007507,
                    -0.005815910641103983,
                    0.040892522782087326
                ],
                [
                    0.008463077247142792,
                    0.9978583455085754,
                    -0.06486281007528305
                ],
                [
                    -0.04042770713567734,
                    0.06515353173017502,
                    0.9970560073852539
                ]
            ],
            [
                [
                    0.9893425107002258,
                    -0.08289507776498795,
                    0.11970692127943039
                ],
                [
                    0.0869966447353363,
                    0.9957733154296875,
                    -0.02944508008658886
                ],
                [
                    -0.11676011979579926,
                    0.03954537212848663,
                    0.992372453212738
                ]
            ],
            [
                [
                    0.9984179139137268,
                    0.05598081648349762,
                    -0.005268903914839029
                ],
                [
                    -0.05557158216834068,
                    0.9966955184936523,
                    0.05924449861049652
                ],
                [
                    0.008568047545850277,
                    -0.05885796993970871,
                    0.9982296228408813
                ]
            ],
            [
                [
                    0.9332913756370544,
                    -0.09146872162818909,
                    0.34727606177330017
                ],
                [
                    0.1281227022409439,
                    0.9881907105445862,
                    -0.08404632657766342
                ],
                [
                    -0.33548733592033386,
                    0.12293365597724915,
                    0.9339891076087952
                ]
            ],
            [
                [
                    0.907965898513794,
                    0.33944469690322876,
                    -0.2457135021686554
                ],
                [
                    -0.3280912935733795,
                    0.9406247138977051,
                    0.0870702937245369
                ],
                [
                    0.2606797516345978,
                    0.001559602445922792,
                    0.9654240012168884
                ]
            ],
            [
                [
                    0.9395378232002258,
                    -0.24258926510810852,
                    0.24170051515102386
                ],
                [
                    0.23659971356391907,
                    0.9701074361801147,
                    0.05396462604403496
                ],
                [
                    -0.24756669998168945,
                    0.006484461948275566,
                    0.9688491821289062
                ]
            ],
            [
                [
                    0.9601241946220398,
                    0.09928284585475922,
                    0.2613513171672821
                ],
                [
                    -0.0024346020072698593,
                    0.9377536773681641,
                    -0.3472924828529358
                ],
                [
                    -0.27956336736679077,
                    0.33280760049819946,
                    0.9006016850471497
                ]
            ],
            [
                [
                    0.6289557814598083,
                    0.6658809781074524,
                    -0.4012693464756012
                ],
                [
                    -0.687825620174408,
                    0.7171818614006042,
                    0.11200948804616928
                ],
                [
                    0.3623681366443634,
                    0.2055542916059494,
                    0.9090856909751892
                ]
            ],
            [
                [
                    0.5311004519462585,
                    -0.6034813523292542,
                    0.5947625637054443
                ],
                [
                    0.7207894921302795,
                    0.6907838582992554,
                    0.0572725348174572
                ],
                [
                    -0.44541531801223755,
                    0.39828115701675415,
                    0.80185866355896
                ]
            ],
            [
                [
                    0.6477576494216919,
                    -0.11820457130670547,
                    -0.7526205778121948
                ],
                [
                    0.07519002258777618,
                    0.9929861426353455,
                    -0.09124192595481873
                ],
                [
                    0.7581269145011902,
                    0.002513070125132799,
                    0.6521021723747253
                ]
            ],
            [
                [
                    -0.09792974591255188,
                    0.3335663378238678,
                    0.9376263618469238
                ],
                [
                    -0.003107367781922221,
                    0.9420478940010071,
                    -0.33546388149261475
                ],
                [
                    -0.9951884746551514,
                    -0.03576546534895897,
                    -0.0912179946899414
                ]
            ],
            [
                [
                    0.98974609375,
                    -0.12788589298725128,
                    -0.06362274289131165
                ],
                [
                    0.13016103208065033,
                    0.9909440279006958,
                    0.03298509865999222
                ],
                [
                    0.05882824584841728,
                    -0.04092807322740555,
                    0.9974287152290344
                ]
            ],
            [
                [
                    0.9829930663108826,
                    0.12547369301319122,
                    0.13409367203712463
                ],
                [
                    -0.15050673484802246,
                    0.9688308238983154,
                    0.19676019251346588
                ],
                [
                    -0.10522585362195969,
                    -0.21359586715698242,
                    0.9712386131286621
                ]
            ],
            [
                [
                    0.984530508518219,
                    0.1563674360513687,
                    -0.07904929667711258
                ],
                [
                    -0.146219402551651,
                    0.9818206429481506,
                    0.12102936953306198
                ],
                [
                    0.096537284553051,
                    -0.10759858042001724,
                    0.9894963502883911
                ]
            ],
            [
                [
                    0.9784114360809326,
                    -0.19321614503860474,
                    0.07333886623382568
                ],
                [
                    0.18543641269207,
                    0.9774306416511536,
                    0.10120543092489243
                ],
                [
                    -0.09123818576335907,
                    -0.08542085438966751,
                    0.9921586513519287
                ]
            ]
        ],
        "betas": [
            -0.13365212082862854,
            -0.15560275316238403,
            0.29824647307395935,
            0.7178652286529541,
            0.18921375274658203,
            -0.008798982948064804,
            -0.01397770643234253,
            -0.02192869782447815,
            0.04182794690132141,
            -0.016125261783599854
        ]
    },
    "pred_cam_t": [
        0.137551411986351,
        0.28014495968818665,
        28.599409103393555
    ],
    "focal_length": [
        5000.0,
        5000.0
    ],
    "pred_keypoints_3d": [
        [
            -0.13151204586029053,
            -0.7875806093215942,
            -0.14096230268478394
        ],
        [
            0.03674944490194321,
            -0.731881856918335,
            -0.07541663944721222
        ],
        [
            0.0523037388920784,
            -0.668041467666626,
            0.11593563854694366
        ],
        [
            -0.03612668067216873,
            -0.46003252267837524,
            0.2220814824104309
        ],
        [
            -0.2183438241481781,
            -0.5043902397155762,
            0.056215181946754456
        ],
        [
            -0.004087148234248161,
            -0.6104089617729187,
            -0.23365864157676697
        ],
        [
            -0.09709769487380981,
            -0.3728206157684326,
            -0.2561626136302948
        ],
        [
            -0.31607985496520996,
            -0.3030291199684143,
            -0.1716943383216858
        ],
        [
            -0.002175547182559967,
            -0.23040705919265747,
            0.027909647673368454
        ],
        [
            0.005172360222786665,
            -0.1624702513217926,
            0.11750850081443787
        ],
        [
            -0.0162734966725111,
            0.15276950597763062,
            0.3207922875881195
        ],
        [
            -0.01318163238465786,
            0.49841034412384033,
            0.5024246573448181
        ],
        [
            -0.02883792109787464,
            -0.12501275539398193,
            -0.008483346551656723
        ],
        [
            -0.1344854086637497,
            0.2046491801738739,
            0.11451476812362671
        ],
        [
            -0.12704211473464966,
            0.5181598663330078,
            0.3464190363883972
        ],
        [
            -0.13353943824768066,
            -0.8338910937309265,
            -0.1005033403635025
        ],
        [
            -0.10529805719852448,
            -0.8390990495681763,
            -0.16065701842308044
        ],
        [
            -0.06686998903751373,
            -0.853226363658905,
            -0.01928103342652321
        ],
        [
            -0.006649717688560486,
            -0.8652521371841431,
            -0.15575768053531647
        ],
        [
            -0.3238334059715271,
            0.5485970377922058,
            0.38238072395324707
        ],
        [
            -0.27626746892929077,
            0.5923272371292114,
            0.3295184373855591
        ],
        [
            -0.07210402935743332,
            0.5534583926200867,
            0.3613925576210022
        ],
        [
            -0.19559983909130096,
            0.4860910177230835,
            0.5775971412658691
        ],
        [
            -0.12545457482337952,
            0.4695374667644501,
            0.6290447115898132
        ],
        [
            0.03480111062526703,
            0.5503999590873718,
            0.5097368955612183
        ],
        [
            0.023816507309675217,
            0.4523688852787018,
            0.4865158200263977
        ],
        [
            -0.011614615097641945,
            0.09605462849140167,
            0.2854153513908386
        ],
        [
            0.0490802526473999,
            -0.29776448011398315,
            0.1496695727109909
        ],
        [
            -0.01425282470881939,
            -0.20092657208442688,
            -0.1180354654788971
        ],
        [
            -0.12591266632080078,
            0.17050793766975403,
            0.08604731410741806
        ],
        [
            -0.10063744336366653,
            0.49727511405944824,
            0.31764864921569824
        ],
        [
            -0.1852598488330841,
            -0.5273474454879761,
            0.05787063390016556
        ],
        [
            -0.05370371416211128,
            -0.5005464553833008,
            0.22869107127189636
        ],
        [
            0.04727226123213768,
            -0.6909298300743103,
            0.07808129489421844
        ],
        [
            0.011256189085543156,
            -0.6468759775161743,
            -0.21674495935440063
        ],
        [
            -0.12277292460203171,
            -0.41333040595054626,
            -0.27653899788856506
        ],
        [
            -0.3123113811016083,
            -0.32445889711380005,
            -0.17934951186180115
        ],
        [
            0.02807023748755455,
            -0.7231962084770203,
            -0.07769201695919037
        ],
        [
            -0.06909976154565811,
            -0.9029461741447449,
            -0.10268495231866837
        ],
        [
            0.017285017296671867,
            -0.2498408555984497,
            0.014998845756053925
        ],
        [
            0.0288511011749506,
            -0.6658021211624146,
            -0.06680489331483841
        ],
        [
            0.05743136256933212,
            -0.49090614914894104,
            -0.040641434490680695
        ],
        [
            -0.05556860938668251,
            -0.7893545627593994,
            -0.10946495831012726
        ],
        [
            -0.07013772428035736,
            -0.9229207634925842,
            -0.09799414873123169
        ]
    ],
    "pred_vertices": [
        [
            -0.11845102161169052,
            -0.8839755058288574,
            -0.17632848024368286
        ],
        [
            -0.12141846865415573,
            -0.8675144910812378,
            -0.1726313978433609
        ],
        [
            -0.10785682499408722,
            -0.868463933467865,
            -0.178081676363945
        ],
        [
            -0.10158190131187439,
            -0.8818457126617432,
            -0.1798962950706482
        ],
        [
            -0.11097928136587143,
            -0.8573582172393799,
            -0.17639979720115662
        ],
        [
            -0.12110891938209534,
            -0.8554685115814209,
            -0.17041552066802979
        ],
        [
            -0.0940065085887909,
            -0.8665608167648315,
            -0.17928573489189148
        ],
        [
            -0.08558278530836105,
            -0.877098023891449,
            -0.1799822300672531
        ],
        [
            -0.06920697540044785,
            -0.8375097513198853,
            -0.17556366324424744
        ],
        [
            -0.058164358139038086,
            -0.8369160294532776,
            -0.1750430166721344
        ],
        [
            -0.06407728791236877,
            -0.8479203581809998,
            -0.1765059232711792
        ],
        [
            -0.07382155954837799,
            -0.8455414175987244,
            -0.17576108872890472
        ],
        [
            -0.058046743273735046,
            -0.8144528865814209,
            -0.1706981360912323
        ],
        [
            -0.06424425542354584,
            -0.8023882508277893,
            -0.16766785085201263
        ],
        [
            -0.052303291857242584,
            -0.7974191904067993,
            -0.16478252410888672
        ],
        [
            -0.045400284230709076,
            -0.8092304468154907,
            -0.16620196402072906
        ],
        [
            -0.10210391879081726,
            -0.8048820495605469,
            -0.15029987692832947
        ],
        [
            -0.09666988998651505,
            -0.7994901537895203,
            -0.15404608845710754
        ],
        [
            -0.09666965156793594,
            -0.8063492774963379,
            -0.15788596868515015
        ],
        [
            -0.10182139277458191,
            -0.8110483288764954,
            -0.153227299451828
        ],
        [
            -0.114502914249897,
            -0.8112598657608032,
            -0.14594414830207825
        ],
        [
            -0.11314207315444946,
            -0.817626953125,
            -0.14593419432640076
        ],
        [
            -0.12086591869592667,
            -0.819083571434021,
            -0.1444639265537262
        ],
        [
            -0.12244044244289398,
            -0.8118230104446411,
            -0.14554107189178467
        ],
        [
            -0.10264250636100769,
            -0.7994903326034546,
            -0.14496567845344543
        ],
        [
            -0.09667748957872391,
            -0.7940775156021118,
            -0.14873376488685608
        ],
        [
            -0.10721153020858765,
            -0.8093223571777344,
            -0.14733701944351196
        ],
        [
            -0.10847640782594681,
            -0.8042885661125183,
            -0.14634716510772705
        ],
        [
            -0.11639983206987381,
            -0.7948633432388306,
            -0.14787285029888153
        ],
        [
            -0.11608301103115082,
            -0.7999656796455383,
            -0.1490960419178009
        ],
        [
            -0.12363787740468979,
            -0.7983682751655579,
            -0.1494092047214508
        ],
        [
            -0.12184033542871475,
            -0.793232798576355,
            -0.14734961092472076
        ],
        [
            -0.10708919167518616,
            -0.7974600791931152,
            -0.146369069814682
        ],
        [
            -0.11018535494804382,
            -0.7994270324707031,
            -0.14833109080791473
        ],
        [
            -0.11197955161333084,
            -0.7949167490005493,
            -0.14681550860404968
        ],
        [
            -0.10923592001199722,
            -0.7938171625137329,
            -0.14378796517848969
        ],
        [
            -0.11559402942657471,
            -0.8062458038330078,
            -0.1464463621377945
        ],
        [
            -0.1233842670917511,
            -0.8054642677307129,
            -0.1472901552915573
        ],
        [
            -0.13147424161434174,
            -0.8040850758552551,
            -0.14699870347976685
        ],
        [
            -0.13118039071559906,
            -0.7952371835708618,
            -0.14842191338539124
        ],
        [
            -0.08202718943357468,
            -0.789790153503418,
            -0.15942561626434326
        ],
        [
            -0.08995160460472107,
            -0.7944331169128418,
            -0.1577766388654709
        ],
        [
            -0.0907275602221489,
            -0.789447546005249,
            -0.15261322259902954
        ],
        [
            -0.0844629630446434,
            -0.7855513691902161,
            -0.15500766038894653
        ],
        [
            -0.10488073527812958,
            -0.7921489477157593,
            -0.14286860823631287
        ],
        [
            -0.09802873432636261,
            -0.7776569128036499,
            -0.1442699134349823
        ],
        [
            -0.09931518137454987,
            -0.7811805605888367,
            -0.14504985511302948
        ],
        [
            -0.10556314140558243,
            -0.7801512479782104,
            -0.14162379503250122
        ],
        [
            -0.10389580577611923,
            -0.776975691318512,
            -0.14130663871765137
        ],
        [
            -0.06767262518405914,
            -0.7798252105712891,
            -0.15843923389911652
        ],
        [
            -0.07344270497560501,
            -0.7767965793609619,
            -0.15523317456245422
        ],
        [
            -0.06877971440553665,
            -0.771277904510498,
            -0.15360823273658752
        ],
        [
            -0.06195609271526337,
            -0.773531436920166,
            -0.15541797876358032
        ],
        [
            -0.06727031618356705,
            -0.7660589218139648,
            -0.14993201196193695
        ],
        [
            -0.057702384889125824,
            -0.767238974571228,
            -0.15157721936702728
        ],
        [
            -0.05755196511745453,
            -0.7530128955841064,
            -0.14132338762283325
        ],
        [
            -0.05713596194982529,
            -0.759377121925354,
            -0.1463485211133957
        ],
        [
            -0.06755651533603668,
            -0.7603697776794434,
            -0.145654559135437
        ],
        [
            -0.07078509777784348,
            -0.7539924383163452,
            -0.14145755767822266
        ],
        [
            -0.0842343121767044,
            -0.7545727491378784,
            -0.13559633493423462
        ],
        [
            -0.08850523084402084,
            -0.7521270513534546,
            -0.13142438232898712
        ],
        [
            -0.08065254241228104,
            -0.7418036460876465,
            -0.13280290365219116
        ],
        [
            -0.07608385384082794,
            -0.7468299865722656,
            -0.13709738850593567
        ],
        [
            -0.09254187345504761,
            -0.7737154364585876,
            -0.14088387787342072
        ],
        [
            -0.0885278582572937,
            -0.775041401386261,
            -0.14316290616989136
        ],
        [
            -0.09076180309057236,
            -0.7755743265151978,
            -0.1447620391845703
        ],
        [
            -0.09561171382665634,
            -0.7751803994178772,
            -0.14272630214691162
        ],
        [
            -0.08531752228736877,
            -0.7757205963134766,
            -0.14558584988117218
        ],
        [
            -0.08386242389678955,
            -0.7759100198745728,
            -0.14669844508171082
        ],
        [
            -0.08540365844964981,
            -0.7766127586364746,
            -0.14729493856430054
        ],
        [
            -0.08599834144115448,
            -0.7761861085891724,
            -0.14607198536396027
        ],
        [
            -0.0872691422700882,
            -0.7754939794540405,
            -0.14448928833007812
        ],
        [
            -0.08736961334943771,
            -0.7735387086868286,
            -0.14339467883110046
        ],
        [
            -0.08584408462047577,
            -0.7747427225112915,
            -0.14485622942447662
        ],
        [
            -0.09096460044384003,
            -0.7714849710464478,
            -0.14142251014709473
        ],
        [
            -0.10221030563116074,
            -0.7657562494277954,
            -0.13370710611343384
        ],
        [
            -0.0995715782046318,
            -0.7669171690940857,
            -0.13632336258888245
        ],
        [
            -0.1008954793214798,
            -0.7712932229042053,
            -0.1351138949394226
        ],
        [
            -0.10329054296016693,
            -0.7705341577529907,
            -0.1330084502696991
        ],
        [
            -0.08828869462013245,
            -0.7775461077690125,
            -0.1472143977880478
        ],
        [
            -0.08729120343923569,
            -0.77940833568573,
            -0.14910273253917694
        ],
        [
            -0.09266527742147446,
            -0.7804520130157471,
            -0.14767679572105408
        ],
        [
            -0.09183256328105927,
            -0.7779749631881714,
            -0.14596745371818542
        ],
        [
            -0.08642524480819702,
            -0.7814646363258362,
            -0.15178753435611725
        ],
        [
            -0.08426684886217117,
            -0.7782021760940552,
            -0.14918723702430725
        ],
        [
            -0.0827043280005455,
            -0.7792888879776001,
            -0.15186762809753418
        ],
        [
            -0.08349444717168808,
            -0.7742697596549988,
            -0.14586621522903442
        ],
        [
            -0.08043485879898071,
            -0.7735552787780762,
            -0.14734913408756256
        ],
        [
            -0.08193626999855042,
            -0.7756081819534302,
            -0.14882603287696838
        ],
        [
            -0.08062414824962616,
            -0.770155668258667,
            -0.14524197578430176
        ],
        [
            -0.08479098230600357,
            -0.7719559669494629,
            -0.14373379945755005
        ],
        [
            -0.08801063895225525,
            -0.7689259052276611,
            -0.14171552658081055
        ],
        [
            -0.09235281497240067,
            -0.7657679319381714,
            -0.13912135362625122
        ],
        [
            -0.08711694180965424,
            -0.7625676393508911,
            -0.13913147151470184
        ],
        [
            -0.08314916491508484,
            -0.7662663459777832,
            -0.1424672156572342
        ],
        [
            -0.09248263388872147,
            -0.7845532894134521,
            -0.14971983432769775
        ],
        [
            -0.07827535271644592,
            -0.7760311365127563,
            -0.15159526467323303
        ],
        [
            -0.07896099239587784,
            -0.7821172475814819,
            -0.15543332695960999
        ],
        [
            -0.0757036879658699,
            -0.7720019817352295,
            -0.15024860203266144
        ],
        [
            -0.07480266690254211,
            -0.7678288221359253,
            -0.14743629097938538
        ],
        [
            -0.07658179849386215,
            -0.7631920576095581,
            -0.14362561702728271
        ],
        [
            -0.08019135147333145,
            -0.7585450410842896,
            -0.13982993364334106
        ],
        [
            -0.06763816624879837,
            -0.7376775741577148,
            -0.1281779706478119
        ],
        [
            -0.06330892443656921,
            -0.7442071437835693,
            -0.13462941348552704
        ],
        [
            -0.11687689274549484,
            -0.8492407202720642,
            -0.16612014174461365
        ],
        [
            -0.11044051498174667,
            -0.8502085208892822,
            -0.17260371148586273
        ],
        [
            -0.10339611023664474,
            -0.8446794748306274,
            -0.169599711894989
        ],
        [
            -0.1033039540052414,
            -0.8470854759216309,
            -0.17127004265785217
        ],
        [
            -0.10898427665233612,
            -0.8466964960098267,
            -0.16856618225574493
        ],
        [
            -0.10744236409664154,
            -0.8442327380180359,
            -0.16723251342773438
        ],
        [
            -0.08186115324497223,
            -0.8447557091712952,
            -0.17334166169166565
        ],
        [
            -0.08846963942050934,
            -0.8443298935890198,
            -0.1713537722826004
        ],
        [
            -0.08580996096134186,
            -0.841401219367981,
            -0.1702449768781662
        ],
        [
            -0.0782538652420044,
            -0.8389428853988647,
            -0.17354479432106018
        ],
        [
            -0.09196010231971741,
            -0.8312081098556519,
            -0.16591492295265198
        ],
        [
            -0.08792302757501602,
            -0.8339575529098511,
            -0.1683378368616104
        ],
        [
            -0.09420854598283768,
            -0.8387283086776733,
            -0.16729359328746796
        ],
        [
            -0.09716949611902237,
            -0.8367617130279541,
            -0.1656050831079483
        ],
        [
            -0.10009211301803589,
            -0.8353508114814758,
            -0.16307049989700317
        ],
        [
            -0.10315588861703873,
            -0.8345838785171509,
            -0.15988636016845703
        ],
        [
            -0.1004338413476944,
            -0.8298816680908203,
            -0.15935549139976501
        ],
        [
            -0.09633961319923401,
            -0.8300888538360596,
            -0.16279801726341248
        ],
        [
            -0.11318015307188034,
            -0.8468151092529297,
            -0.16353875398635864
        ],
        [
            -0.11614308506250381,
            -0.8456032276153564,
            -0.15678682923316956
        ],
        [
            -0.11355572193861008,
            -0.8431758880615234,
            -0.15735779702663422
        ],
        [
            -0.11146742850542068,
            -0.8439100980758667,
            -0.16309195756912231
        ],
        [
            -0.11170107126235962,
            -0.8383524417877197,
            -0.14527207612991333
        ],
        [
            -0.11297185719013214,
            -0.8402420282363892,
            -0.14716829359531403
        ],
        [
            -0.11607904732227325,
            -0.8408516645431519,
            -0.14476338028907776
        ],
        [
            -0.11406402289867401,
            -0.8370809555053711,
            -0.1430480182170868
        ],
        [
            -0.11191604286432266,
            -0.8343905210494995,
            -0.1448059380054474
        ],
        [
            -0.11083652824163437,
            -0.8367244005203247,
            -0.1464681625366211
        ],
        [
            -0.12921564280986786,
            -0.9036601781845093,
            -0.1695994734764099
        ],
        [
            -0.1323527991771698,
            -0.8854062557220459,
            -0.1677359938621521
        ],
        [
            -0.10965019464492798,
            -0.903457760810852,
            -0.17600341141223907
        ],
        [
            -0.09209755808115005,
            -0.8986354470252991,
            -0.17809364199638367
        ],
        [
            -0.07629446685314178,
            -0.8892822265625,
            -0.17964884638786316
        ],
        [
            -0.06023845821619034,
            -0.7872136831283569,
            -0.1619245857000351
        ],
        [
            -0.05164705961942673,
            -0.7813475728034973,
            -0.1590609848499298
        ],
        [
            -0.0409640297293663,
            -0.7930359840393066,
            -0.16138379275798798
        ],
        [
            -0.03482002764940262,
            -0.7848321199417114,
            -0.15644122660160065
        ],
        [
            -0.04638412594795227,
            -0.7729247212409973,
            -0.15422385931015015
        ],
        [
            -0.0453813299536705,
            -0.754386305809021,
            -0.13870301842689514
        ],
        [
            -0.044280022382736206,
            -0.7632913589477539,
            -0.1475728452205658
        ],
        [
            -0.030023209750652313,
            -0.7761819362640381,
            -0.14946945011615753
        ],
        [
            -0.017669767141342163,
            -0.7937420606613159,
            -0.15178076922893524
        ],
        [
            -0.025068439543247223,
            -0.7985866069793701,
            -0.15752553939819336
        ],
        [
            -0.010657787322998047,
            -0.8132747411727905,
            -0.15138454735279083
        ],
        [
            -0.009602561593055725,
            -0.7887245416641235,
            -0.14283710718154907
        ],
        [
            -0.005297362804412842,
            -0.8151127696037292,
            -0.14470812678337097
        ],
        [
            -0.017275068908929825,
            -0.7539314031600952,
            -0.12625882029533386
        ],
        [
            -0.014073744416236877,
            -0.7451381683349609,
            -0.12520401179790497
        ],
        [
            0.0003131255507469177,
            -0.7552318572998047,
            -0.13363273441791534
        ],
        [
            -0.0028492137789726257,
            -0.7647838592529297,
            -0.13387873768806458
        ],
        [
            -0.03343895077705383,
            -0.8039129972457886,
            -0.16238515079021454
        ],
        [
            -0.061193495988845825,
            -0.8602031469345093,
            -0.17638076841831207
        ],
        [
            -0.07176532596349716,
            -0.8558001518249512,
            -0.1777980476617813
        ],
        [
            -0.05234634876251221,
            -0.8499199748039246,
            -0.1747632920742035
        ],
        [
            -0.06651052832603455,
            -0.9233437776565552,
            -0.17481142282485962
        ],
        [
            -0.08094142377376556,
            -0.9123808145523071,
            -0.17782312631607056
        ],
        [
            -0.06715591251850128,
            -0.9012018442153931,
            -0.1789511889219284
        ],
        [
            -0.05531705915927887,
            -0.9127614498138428,
            -0.17642974853515625
        ],
        [
            -0.09964832663536072,
            -0.9498705267906189,
            -0.15942147374153137
        ],
        [
            -0.11638650298118591,
            -0.9286661148071289,
            -0.16789409518241882
        ],
        [
            -0.10030800104141235,
            -0.9227203130722046,
            -0.17368760704994202
        ],
        [
            -0.08552071452140808,
            -0.9388214945793152,
            -0.16813750565052032
        ],
        [
            -0.043639957904815674,
            -0.919426679611206,
            -0.17203307151794434
        ],
        [
            -0.02937622368335724,
            -0.9278581142425537,
            -0.16430240869522095
        ],
        [
            -0.03140474855899811,
            -0.9444036483764648,
            -0.1596163511276245
        ],
        [
            -0.05038493871688843,
            -0.9361227750778198,
            -0.16845814883708954
        ],
        [
            -0.03897511959075928,
            -0.9652374982833862,
            -0.148306205868721
        ],
        [
            -0.062390342354774475,
            -0.9556165933609009,
            -0.1589623987674713
        ],
        [
            0.004807204008102417,
            -0.8045960664749146,
            -0.13736730813980103
        ],
        [
            0.0029449760913848877,
            -0.8244036436080933,
            -0.13874326646327972
        ],
        [
            -0.008100159466266632,
            -0.7750282287597656,
            -0.1357520967721939
        ],
        [
            0.0064406245946884155,
            -0.7881593704223633,
            -0.13629446923732758
        ],
        [
            -0.04889136552810669,
            -0.9801795482635498,
            -0.13202153146266937
        ],
        [
            -0.07648839056491852,
            -0.969582200050354,
            -0.14509132504463196
        ],
        [
            0.01408800482749939,
            -0.9254535436630249,
            -0.13097642362117767
        ],
        [
            0.0016748905181884766,
            -0.9388324618339539,
            -0.13801047205924988
        ],
        [
            -0.002993553876876831,
            -0.9214609265327454,
            -0.14961862564086914
        ],
