{
    "pred_cam": [
        1.1102147102355957,
        -0.005686866119503975,
        0.13541698455810547
    ],
    "pred_smpl_params": {
        "global_orient": [
            [
                [
                    0.9972683191299438,
                    0.07245553284883499,
                    0.014354389160871506
                ],
                [
                    0.07274001836776733,
                    -0.9971422553062439,
                    -0.020400550216436386
                ],
                [
                    0.012835236266255379,
                    0.021388961002230644,
                    -0.9996888041496277
                ]
            ]
        ],
        "body_pose": [
            [
                [
                    0.9928084015846252,
                    -0.11925219744443893,
                    -0.010510295629501343
                ],
                [
                    0.11926202476024628,
                    0.9776113033294678,
                    0.17335717380046844
                ],
                [
                    -0.010398239828646183,
                    -0.17336392402648926,
                    0.9848029613494873
                ]
            ],
            [
                [
                    0.9988695979118347,
                    -0.025998499244451523,
                    0.0397956520318985
                ],
                [
                    0.014047309756278992,
                    0.9612314105033875,
                    0.27538514137268066
                ],
                [
                    -0.045412421226501465,
                    -0.2745147943496704,
                    0.9605100154876709
                ]
            ],
            [
                [
                    0.999615490436554,
                    0.01120455376803875,
                    -0.025364873930811882
                ],
                [
                    -0.01552316639572382,
                    0.9840781092643738,
                    -0.17705748975276947
                ],
                [
                    0.02297716587781906,
                    0.17738313972949982,
                    0.9838736653327942
                ]
            ],
            [
                [
                    0.9830126762390137,
                    -0.04637830704450607,
                    -0.17758134007453918
                ],
                [
                    -0.05138836428523064,
                    0.859299898147583,
                    -0.508884072303772
                ],
                [
                    0.17619681358337402,
                    0.5093650817871094,
                    0.8423193693161011
                ]
            ],
            [
                [
                    0.9891092777252197,
                    -0.048654425889253616,
                    0.13890911638736725
                ],
                [
                    0.1421390175819397,
                    0.5607336163520813,
                    -0.8157048225402832
                ],
                [
                    -0.038203369826078415,
                    0.8265655040740967,
                    0.5615425109863281
                ]
            ],
            [
                [
                    0.9999698996543884,
                    0.00774796400219202,
                    -0.0004899040795862675
                ],
                [
                    -0.007728643249720335,
                    0.99947190284729,
                    0.0315621979534626
                ],
                [
                    0.0007341881282627583,
                    -0.03155745938420296,
                    0.9995017051696777
                ]
            ],
            [
                [
                    0.9777327179908752,
                    0.10484256595373154,
                    0.1817876696586609
                ],
                [
                    -0.10323520004749298,
                    0.9944884181022644,
                    -0.01830858550965786
                ],
                [
                    -0.18270525336265564,
                    -0.0008659858722239733,
                    0.983167290687561
                ]
            ],
            [
                [
                    0.9859644770622253,
                    0.021620335057377815,
                    -0.1655491590499878
                ],
                [
                    -0.005690240766853094,
                    0.9953552484512329,
                    0.0961015447974205
                ],
                [
                    0.16685797274112701,
                    -0.09381069988012314,
                    0.9815079569816589
                ]
            ],
            [
                [
                    0.9997931718826294,
                    0.00016535064787603915,
                    -0.020335320383310318
                ],
                [
                    -0.0012218889314681292,
                    0.9986487030982971,
                    -0.051954690366983414
                ],
                [
                    0.02029925212264061,
                    0.05196879431605339,
                    0.9984423518180847
                ]
            ],
            [
                [
                    0.9789522886276245,
                    -0.1945161074399948,
                    -0.06177288666367531
                ],
                [
                    0.20252124965190887,
                    0.9633118510246277,
                    0.17611227929592133
                ],
                [
                    0.025249870494008064,
                    -0.18491584062576294,
                    0.9824299812316895
                ]
            ],
            [
                [
                    0.9967819452285767,
                    0.07703530043363571,
                    0.022164946421980858
                ],
                [
                    -0.0794505923986435,
                    0.9861552119255066,
                    0.14555247128009796
                ],
                [
                    -0.010645398870110512,
                    -0.14684510231018066,
                    0.9891021847724915
                ]
            ],
            [
                [
                    0.9988240003585815,
                    0.009715547785162926,
                    -0.047500040382146835
                ],
                [
                    -0.004760995507240295,
                    0.9946359992027283,
                    0.10332696884870529
                ],
                [
                    0.04824913293123245,
                    -0.10297930240631104,
                    0.9935125708580017
                ]
            ],
            [
                [
                    0.9119753837585449,
                    0.4102174639701843,
                    -0.004755132831633091
                ],
                [
                    -0.410005658864975,
                    0.910986065864563,
                    -0.044718410819768906
                ],
                [
                    -0.01401241309940815,
                    0.042731717228889465,
                    0.9989883303642273
                ]
            ],
            [
                [
                    0.9177707433700562,
                    -0.39696505665779114,
                    0.010751155205070972
                ],
                [
                    0.3971102833747864,
                    0.9173986911773682,
                    -0.02613372541964054
                ],
                [
                    0.0005110789206810296,
                    0.028254162520170212,
                    0.9996005892753601
                ]
            ],
            [
                [
                    0.9979508519172668,
                    -0.007528841029852629,
                    -0.06354132294654846
                ],
                [
                    -0.0028645507991313934,
                    0.9868009090423584,
                    -0.16191276907920837
                ],
                [
                    0.06392165273427963,
                    0.16176298260688782,
                    0.9847572445869446
                ]
            ],
            [
                [
                    0.5369954109191895,
                    0.812304675579071,
                    -0.22758960723876953
                ],
                [
                    -0.8391904830932617,
                    0.5418921113014221,
                    -0.04595959931612015
                ],
                [
                    0.08599581569433212,
                    0.2156711220741272,
                    0.9726719260215759
                ]
            ],
            [
                [
                    0.5243748426437378,
                    -0.8197586536407471,
                    0.23027533292770386
                ],
                [
                    0.8484161496162415,
                    0.5259636044502258,
                    -0.05960177630186081
                ],
                [
                    -0.07225736975669861,
                    0.22662296891212463,
                    0.9712985754013062
                ]
            ],
            [
                [
                    0.9105024337768555,
                    -0.12790949642658234,
                    -0.3932233154773712
                ],
                [
                    0.08058566600084305,
                    0.9876096844673157,
                    -0.13465937972068787
                ],
                [
                    0.40557533502578735,
                    0.09091952443122864,
                    0.9095286726951599
                ]
            ],
            [
                [
                    0.8735330700874329,
                    0.14289937913417816,
                    0.4653168320655823
                ],
                [
                    -0.05909698083996773,
                    0.9800004959106445,
                    -0.19001732766628265
                ],
                [
                    -0.48316407203674316,
                    0.1384875774383545,
                    0.8645077347755432
                ]
            ],
            [
                [
                    0.9992678761482239,
                    0.003697838867083192,
                    0.03807945176959038
                ],
                [
                    -0.003183647058904171,
                    0.9999030828475952,
                    -0.013555007055401802
                ],
                [
                    -0.03812588378787041,
                    0.013423851691186428,
                    0.9991828203201294
                ]
            ],
            [
                [
                    0.9981113076210022,
                    -0.030636603012681007,
                    -0.053246766328811646
                ],
                [
                    0.029592880979180336,
                    0.9993562698364258,
                    -0.020281009376049042
                ],
                [
                    0.05383382737636566,
                    0.018666980788111687,
                    0.998375415802002
                ]
            ],
            [
                [
                    0.968360185623169,
                    0.2278962880373001,
                    -0.10169428586959839
                ],
                [
                    -0.20831096172332764,
                    0.9625537395477295,
                    0.17348451912403107
                ],
                [
                    0.13742269575595856,
                    -0.14681148529052734,
                    0.9795719981193542
                ]
            ],
            [
                [
                    0.9721581339836121,
                    -0.21483206748962402,
                    0.09357275068759918
                ],
                [
                    0.19833849370479584,
                    0.967047929763794,
                    0.15962490439414978
                ],
                [
                    -0.12478188425302505,
                    -0.13662156462669373,
                    0.9827329516410828
                ]
            ]
        ],
        "betas": [
            -0.0377686470746994,
            0.05412808060646057,
            -0.012293249368667603,
            -0.005806565284729004,
            -0.017125368118286133,
            0.060794178396463394,
            0.010912388563156128,
            -0.07260864973068237,
            0.07435129582881927,
            -0.08481067419052124
        ]
    },
    "pred_cam_t": [
        -0.005686866119503975,
        0.13541698455810547,
        35.184635162353516
    ],
    "focal_length": [
        5000.0,
        5000.0
    ],
    "pred_keypoints_3d": [
        [
            0.03733712434768677,
            -0.8270120620727539,
            -0.1595344841480255
        ],
        [
            0.044865772128105164,
            -0.7283070087432861,
            0.006885174661874771
        ],
        [
            -0.1425202190876007,
            -0.6462628841400146,
            0.03415793925523758
        ],
        [
            -0.19402605295181274,
            -0.40343528985977173,
            0.09104136377573013
        ],
        [
            -0.2457565814256668,
            -0.17066249251365662,
            -0.0001075640320777893
        ],
        [
            0.21072541177272797,
            -0.6121759414672852,
            0.019144080579280853
        ],
        [
            0.21915364265441895,
            -0.35896894335746765,
            0.082027867436409
        ],
        [
            0.23094621300697327,
            -0.12167391180992126,
            0.007031209766864777
        ],
        [
            -0.0018027987098321319,
            -0.22267958521842957,
            0.02778719738125801
        ],
        [
            -0.07562518864870071,
            -0.1373666226863861,
            0.029575593769550323
        ],
        [
            -0.1295676976442337,
            0.22768619656562805,
            -0.07704509794712067
        ],
        [
            -0.13392359018325806,
            0.5101311206817627,
            0.206401988863945
        ],
        [
            0.06054694950580597,
            -0.1264728605747223,
            0.03386157378554344
        ],
        [
            0.1136217713356018,
            0.239966481924057,
            -0.03326971456408501
        ],
        [
            0.13862623274326324,
            0.5982650518417358,
            0.14251327514648438
        ],
        [
            0.013726815581321716,
            -0.8727625608444214,
            -0.1254979968070984
        ],
        [
            0.07877903431653976,
            -0.8659560680389404,
            -0.1364736407995224
        ],
        [
            -0.011772150173783302,
            -0.8691290616989136,
            -0.025211438536643982
        ],
        [
            0.13137772679328918,
            -0.8542219400405884,
            -0.049525462090969086
        ],
        [
            0.1382063925266266,
            0.715063214302063,
            -0.019241780042648315
        ],
        [
            0.2065083235502243,
            0.7022325992584229,
            0.028271034359931946
        ],
        [
            0.14717991650104523,
            0.6115783452987671,
            0.212019145488739
        ],
        [
            -0.12361069023609161,
            0.6551838517189026,
            0.07150566577911377
        ],
        [
            -0.19861388206481934,
            0.6345725655555725,
            0.11071056127548218
        ],
        [
            -0.14326883852481842,
            0.5147709250450134,
            0.27871182560920715
        ],
        [
            -0.1564486026763916,
            0.45516976714134216,
            0.195421040058136
        ],
        [
            -0.12310947477817535,
            0.16895945370197296,
            -0.07399842888116837
        ],
        [
            -0.1473473310470581,
            -0.2653602361679077,
            0.0396706685423851
        ],
        [
            0.14395952224731445,
            -0.22984004020690918,
            0.05461794510483742
        ],
        [
            0.1218719556927681,
            0.19819417595863342,
            -0.03215187042951584
        ],
        [
            0.14542725682258606,
            0.5574002265930176,
            0.15526489913463593
        ],
        [
            -0.23130452632904053,
            -0.1959272176027298,
            -0.021462082862854004
        ],
        [
            -0.221005380153656,
            -0.42405638098716736,
            0.06783610582351685
        ],
        [
            -0.10493659973144531,
            -0.6759390830993652,
            0.030359074473381042
        ],
        [
            0.18510296940803528,
            -0.6485813856124878,
            0.02172161266207695
        ],
        [
            0.2530624270439148,
            -0.37753766775131226,
            0.048311129212379456
        ],
        [
            0.2355719804763794,
            -0.13835623860359192,
            -0.004303096793591976
        ],
        [
            0.04642242565751076,
            -0.7180283665657043,
            0.005898501258343458
        ],
        [
            0.06587662547826767,
            -0.9126209616661072,
            -0.05727968364953995
        ],
        [
            -0.001026080921292305,
            -0.2476501613855362,
            0.04689774289727211
        ],
        [
            0.038742437958717346,
            -0.6609688997268677,
            0.022369621321558952
        ],
        [
            0.02180478908121586,
            -0.4892527461051941,
            0.04942043125629425
        ],
        [
            0.05370593070983887,
            -0.8033231496810913,
            -0.08408664911985397
        ],
        [
            0.06441548466682434,
            -0.9325613975524902,
            -0.049181677401065826
        ]
    ],
    "pred_vertices": [
        [
            0.09463556855916977,
            -0.9110678434371948,
            -0.14142906665802002
        ],
        [
            0.0863683819770813,
            -0.8971192836761475,
            -0.14602646231651306
        ],
        [
            0.09813165664672852,
            -0.8928616046905518,
            -0.13898016512393951
        ],
        [
            0.10638540238142014,
            -0.9033575057983398,
            -0.13112205266952515
        ],
        [
            0.09244632720947266,
            -0.8839786052703857,
            -0.14323733747005463
        ],
        [
            0.08173622936010361,
            -0.8860989809036255,
            -0.14861392974853516
        ],
        [
            0.10593340545892715,
            -0.8866252899169922,
            -0.129325270652771
        ],
        [
            0.11337652802467346,
            -0.8932703733444214,
            -0.12023571133613586
        ],
        [
            0.10968368500471115,
            -0.8510633111000061,
            -0.1165572926402092
        ],
        [
            0.11459421366453171,
            -0.8464822769165039,
            -0.10752612352371216
        ],
        [
            0.1154823824763298,
            -0.8585816621780396,
            -0.10992429405450821
        ],
        [
            0.10919840633869171,
            -0.8600262403488159,
            -0.11796548962593079
        ],
        [
            0.10684458911418915,
            -0.8253048658370972,
            -0.1112847775220871
        ],
        [
            0.09857925027608871,
            -0.8165401220321655,
            -0.11798960715532303
        ],
        [
            0.10138384997844696,
            -0.8077169060707092,
            -0.10809318721294403
        ],
        [
            0.1084986999630928,
            -0.8162269592285156,
            -0.10040770471096039
        ],
        [
            0.06466033309698105,
            -0.8329579830169678,
            -0.13731878995895386
        ],
        [
            0.069512739777565,
            -0.8258700966835022,
            -0.1365678459405899
        ],
        [
            0.07406100630760193,
            -0.8321431875228882,
            -0.13669061660766602
        ],
        [
            0.06841150671243668,
            -0.8385170698165894,
            -0.13695752620697021
        ],
        [
            0.05553162097930908,
            -0.8433356285095215,
            -0.14273567497730255
        ],
        [
            0.057585421949625015,
            -0.8488420248031616,
            -0.13992804288864136
        ],
        [
            0.05253145843744278,
            -0.8529739379882812,
            -0.14452525973320007
        ],
        [
            0.05109196901321411,
            -0.8466049432754517,
            -0.1484484076499939
        ],
        [
            0.058772359043359756,
            -0.82830810546875,
            -0.13626979291439056
        ],
        [
            0.06410439312458038,
            -0.8210011124610901,
            -0.13524921238422394
        ],
        [
            0.06033144146203995,
            -0.8390561938285828,
            -0.1385895311832428
        ],
        [
            0.057570602744817734,
            -0.8346778750419617,
            -0.14025762677192688
        ],
        [
            0.05263632535934448,
            -0.8285385370254517,
            -0.14971962571144104
        ],
        [
            0.05481968820095062,
            -0.8330953121185303,
            -0.14876776933670044
        ],
        [
            0.050533734261989594,
            -0.834286093711853,
            -0.15516480803489685
        ],
        [
            0.04889938235282898,
            -0.8290040493011475,
            -0.15402433276176453
        ],
        [
            0.05648577958345413,
            -0.8279422521591187,
            -0.1408461332321167
        ],
        [
            0.05691618472337723,
            -0.8306591510772705,
            -0.14390242099761963
        ],
        [
            0.05384735390543938,
            -0.827111542224884,
            -0.1456437110900879
        ],
        [
            0.05274500697851181,
            -0.8252281546592712,
            -0.14210106432437897
        ],
        [
            0.05402208864688873,
            -0.839028000831604,
            -0.1452268362045288
        ],
        [
            0.050398118793964386,
            -0.8409323692321777,
            -0.15185925364494324
        ],
        [
            0.04570464789867401,
            -0.8425136804580688,
            -0.1583917886018753
        ],
        [
            0.045375533401966095,
            -0.8339722752571106,
            -0.1613452434539795
        ],
        [
            0.07980888336896896,
            -0.8115482330322266,
            -0.13059192895889282
        ],
        [
            0.07485257089138031,
            -0.8187850117683411,
            -0.1346936672925949
        ],
        [
            0.06943124532699585,
            -0.8144147396087646,
            -0.13391095399856567
        ],
        [
            0.07396654784679413,
            -0.8085380792617798,
            -0.131244957447052
        ],
        [
            0.054099902510643005,
            -0.8221962451934814,
            -0.13860934972763062
        ],
        [
            0.05624151974916458,
            -0.8059442639350891,
            -0.1380952000617981
        ],
        [
            0.056855808943510056,
            -0.8097178936004639,
            -0.13864612579345703
        ],
        [
            0.05047144368290901,
            -0.8110277652740479,
            -0.14183294773101807
        ],
        [
            0.0505656860768795,
            -0.8074307441711426,
            -0.14125367999076843
        ],
        [
            0.08442544937133789,
            -0.7971758246421814,
            -0.12121912837028503
        ],
        [
            0.0781698226928711,
            -0.7964736223220825,
            -0.12493794411420822
        ],
        [
            0.07826249301433563,
            -0.7897113561630249,
            -0.12176807969808578
        ],
        [
            0.08400062471628189,
            -0.7892354726791382,
            -0.11658855527639389
        ],
        [
            0.07575355470180511,
            -0.7842340469360352,
            -0.11987753957509995
        ],
        [
            0.08249218761920929,
            -0.781717836856842,
            -0.11252743750810623
        ],
        [
            0.0723171979188919,
            -0.7686669826507568,
            -0.11036621034145355
        ],
        [
            0.07753680646419525,
            -0.7744048833847046,
            -0.11111081391572952
        ],
        [
            0.07139872759580612,
            -0.779078483581543,
            -0.119401715695858
        ],
        [
            0.06533682346343994,
            -0.774340033531189,
            -0.12143410742282867
        ],
        [
            0.05263567715883255,
            -0.7798677682876587,
            -0.1289435625076294
        ],
        [
            0.04651238024234772,
            -0.7790568470954895,
            -0.13077525794506073
        ],
        [
            0.05016493797302246,
            -0.7666728496551514,
            -0.12815241515636444
        ],
        [
            0.057459186762571335,
            -0.7696160078048706,
            -0.12517186999320984
        ],
        [
            0.05602632835507393,
            -0.8004623651504517,
            -0.1331673264503479
        ],
        [
            0.06019209697842598,
            -0.8003009557723999,
            -0.13082367181777954
        ],
        [
            0.060314398258924484,
            -0.8015908598899841,
            -0.13326296210289001
        ],
        [
            0.05600768327713013,
            -0.802895188331604,
            -0.13616690039634705
        ],
        [
            0.06388803571462631,
            -0.799811065196991,
            -0.12932902574539185
        ],
        [
            0.06554217636585236,
            -0.7994365096092224,
            -0.12876692414283752
        ],
        [
            0.065313920378685,
            -0.8006455302238464,
            -0.13007961213588715
        ],
        [
            0.06370285153388977,
            -0.8005675077438354,
            -0.12999801337718964
        ],
        [
            0.061716821044683456,
            -0.8003792762756348,
            -0.13034415245056152
        ],
        [
            0.06049167364835739,
            -0.7985672950744629,
            -0.13042974472045898
        ],
        [
            0.06291750073432922,
            -0.7990900278091431,
            -0.12962588667869568
        ],
        [
            0.05664323270320892,
            -0.7979250550270081,
            -0.13276267051696777
        ],
        [
            0.04324248805642128,
            -0.7963799238204956,
            -0.1388852447271347
        ],
        [
            0.04727380722761154,
            -0.7965810298919678,
            -0.13795843720436096
        ],
        [
            0.046372730284929276,
            -0.8011789321899414,
            -0.13724574446678162
        ],
        [
            0.04296640679240227,
            -0.8013137578964233,
            -0.13806575536727905
        ],
        [
            0.06348282098770142,
            -0.8025445938110352,
            -0.13191422820091248
        ],
        [
            0.06632234901189804,
            -0.8038517236709595,
            -0.13177931308746338
        ],
        [
            0.06253647059202194,
            -0.8067277669906616,
            -0.13501068949699402
        ],
        [
            0.06119163706898689,
            -0.8041471838951111,
            -0.1340615451335907
        ],
        [
            0.06919954717159271,
            -0.8055088520050049,
            -0.13203513622283936
        ],
        [
            0.06772563606500626,
            -0.8016358613967896,
            -0.12982729077339172
        ],
        [
            0.07088179886341095,
            -0.8020356893539429,
            -0.12961214780807495
        ],
        [
            0.06484678387641907,
            -0.7977731227874756,
            -0.1285066306591034
        ],
        [
            0.06749401986598969,
            -0.795928955078125,
            -0.12719911336898804
        ],
        [
            0.06818447262048721,
            -0.7984116077423096,
            -0.12850192189216614
        ],
        [
            0.06517469137907028,
            -0.7929278016090393,
            -0.12709009647369385
        ],
        [
            0.06213585287332535,
            -0.7961078882217407,
            -0.129105806350708
        ],
        [
            0.058209002017974854,
            -0.7944813370704651,
            -0.1312883496284485
        ],
        [
            0.05318140611052513,
            -0.7930787801742554,
            -0.13416177034378052
        ],
        [
            0.055468976497650146,
            -0.7882723212242126,
            -0.13094425201416016
        ],
        [
            0.06095553934574127,
            -0.7902766466140747,
            -0.12860260903835297
        ],
        [
            0.06494659185409546,
            -0.8103888034820557,
            -0.13482317328453064
        ],
        [
            0.07248355448246002,
            -0.7974697351455688,
            -0.12700505554676056
        ],
        [
            0.07656778395175934,
            -0.8033939003944397,
            -0.12797272205352783
        ],
        [
            0.07202770560979843,
            -0.7928174734115601,
            -0.12540560960769653
        ],
        [
            0.06962382048368454,
            -0.788657009601593,
            -0.12442447245121002
        ],
        [
            0.06529393047094345,
            -0.7849295139312744,
            -0.12478805333375931
        ],
        [
            0.05906660109758377,
            -0.7821037769317627,
            -0.12693458795547485
        ],
        [
            0.05329890549182892,
            -0.758547306060791,
            -0.11632710695266724
        ],
        [
            0.06254398077726364,
            -0.7627512812614441,
            -0.11393868923187256
        ],
        [
            0.07916223257780075,
            -0.8791959285736084,
            -0.1449156403541565
        ],
        [
            0.08796554058790207,
            -0.8774722814559937,
            -0.1431807428598404
        ],
        [
            0.08821581304073334,
            -0.870084285736084,
            -0.13771389424800873
        ],
        [
            0.09031699597835541,
            -0.8723360896110535,
            -0.13790777325630188
        ],
        [
            0.08481036871671677,
            -0.87394118309021,
            -0.1407833695411682
        ],
        [
            0.08410205692052841,
            -0.871190071105957,
            -0.13978257775306702
        ],
        [
            0.10258051007986069,
            -0.8623612523078918,
            -0.12337113171815872
        ],
        [
            0.09747400879859924,
            -0.8643433451652527,
            -0.1276198923587799
        ],
        [
            0.09761619567871094,
            -0.8606314659118652,
            -0.12580934166908264
        ],
        [
            0.10363540053367615,
            -0.8556593656539917,
            -0.12229239195585251
        ],
        [
            0.08853143453598022,
            -0.8534297943115234,
            -0.1311422884464264
        ],
        [
            0.09331382811069489,
            -0.854442298412323,
            -0.1285092830657959
        ],
        [
            0.08994549512863159,
            -0.861280620098114,
            -0.13144095242023468
        ],
        [
            0.08653035759925842,
            -0.8605573177337646,
            -0.13346047699451447
        ],
        [
            0.08253439515829086,
            -0.8603579998016357,
            -0.13499510288238525
        ],
        [
            0.07828191667795181,
            -0.8607429265975952,
            -0.13576219975948334
        ],
        [
            0.07796205580234528,
            -0.8554810285568237,
            -0.1346205174922943
        ],
        [
            0.08307883143424988,
            -0.8541116714477539,
            -0.13330571353435516
        ],
        [
            0.07830293476581573,
            -0.8756560683250427,
            -0.1414404958486557
        ],
        [
            0.07120782136917114,
            -0.8757648468017578,
            -0.14022623002529144
        ],
        [
            0.07224221527576447,
            -0.8726838231086731,
            -0.1394588053226471
        ],
        [
            0.07828061282634735,
            -0.8724541664123535,
            -0.14083868265151978
        ],
        [
            0.06219139322638512,
            -0.8677732944488525,
            -0.13259953260421753
        ],
        [
            0.0635063424706459,
            -0.8700293898582458,
            -0.13407662510871887
        ],
        [
            0.0600561685860157,
            -0.8717007637023926,
            -0.13503721356391907
        ],
        [
            0.05885348841547966,
            -0.8673856854438782,
            -0.13360029458999634
        ],
        [
            0.06068332493305206,
            -0.8641180992126465,
            -0.13358095288276672
        ],
        [
            0.06317311525344849,
            -0.8659186363220215,
            -0.13299953937530518
        ],
        [
            0.08878610283136368,
            -0.9331632852554321,
            -0.14068473875522614
        ],
        [
            0.0807269737124443,
            -0.9166662693023682,
            -0.14737248420715332
        ],
        [
            0.10452292859554291,
            -0.9253391027450562,
            -0.13028407096862793
        ],
        [
            0.1143280565738678,
            -0.9144508838653564,
            -0.11919146776199341
        ],
        [
            0.1211150735616684,
            -0.9007089734077454,
            -0.10952447354793549
        ],
        [
            0.09271787852048874,
            -0.8011374473571777,
            -0.1153724268078804
        ],
        [
            0.09378081560134888,
            -0.7925499677658081,
            -0.10851159691810608
        ],
        [
            0.10342331230640411,
            -0.7995916604995728,
            -0.09817114472389221
        ],
        [
            0.10104356706142426,
            -0.7900453805923462,
            -0.09184494614601135
        ],
        [
            0.09136014431715012,
            -0.7829068303108215,
            -0.10322427749633789
        ],
        [
            0.07707887887954712,
            -0.766386866569519,
            -0.09703578054904938
        ],
        [
            0.08584579825401306,
            -0.7736234664916992,
            -0.09943104535341263
        ],
        [
            0.09607154130935669,
            -0.7811679840087891,
            -0.08466960489749908
        ],
        [
            0.10638988018035889,
            -0.793468713760376,
            -0.07171845436096191
        ],
        [
            0.10910771042108536,
            -0.7997596859931946,
            -0.08122168481349945
        ],
        [
            0.11309801042079926,
            -0.8092639446258545,
            -0.06123640015721321
        ],
        [
            0.10238788276910782,
            -0.7876367568969727,
            -0.058786388486623764
        ],
        [
            0.11131110787391663,
            -0.8092920184135437,
            -0.05219092220067978
        ],
        [
            0.08427689224481583,
            -0.7536858320236206,
            -0.057121556252241135
        ],
        [
            0.08600769937038422,
            -0.7427843809127808,
            -0.052081234753131866
        ],
        [
            0.09842856973409653,
            -0.7495368719100952,
            -0.040443241596221924
        ],
        [
            0.09781579673290253,
            -0.7603631019592285,
            -0.045777250081300735
        ],
        [
            0.11000511050224304,
            -0.807380735874176,
            -0.09008753299713135
        ],
        [
            0.11929076910018921,
            -0.8694260716438293,
            -0.10338309407234192
        ],
        [
            0.11380428075790405,
            -0.8690004348754883,
            -0.11399991065263748
        ],
        [
            0.12015610188245773,
            -0.8566536903381348,
            -0.09903205931186676
        ],
        [
            0.13100670278072357,
            -0.9287950992584229,
            -0.09047035872936249
        ],
        [
            0.12370516359806061,
            -0.9236452579498291,
            -0.10669726133346558
        ],
        [
            0.129146009683609,
            -0.9079506993293762,
            -0.0993952602148056
        ],
        [
            0.13605839014053345,
            -0.914946436882019,
            -0.08507607877254486
        ],
        [
            0.10656923800706863,
            -0.9655081033706665,
            -0.09880576282739639
        ],
        [
            0.09958286583423615,
            -0.9515818357467651,
            -0.12243881821632385
        ],
        [
            0.11147792637348175,
            -0.9392971992492676,
            -0.11520367860794067
        ],
        [
            0.11881300806999207,
            -0.9498745203018188,
            -0.09645529091358185
        ],
        [
            0.13982655107975006,
            -0.9171635508537292,
            -0.07225163280963898
        ],
        [
            0.14302495121955872,
            -0.9195574522018433,
            -0.05419587343931198
        ],
        [
            0.14164841175079346,
            -0.9360225200653076,
            -0.04832863062620163
        ],
        [
            0.136699378490448,
            -0.935285210609436,
            -0.07045292109251022
        ],
        [
            0.1323096752166748,
            -0.9577173590660095,
            -0.04198534041643143
        ],
        [
            0.12691332399845123,
            -0.9568641781806946,
            -0.06877227872610092
        ],
        [
            0.10942576080560684,
            -0.7969101667404175,
            -0.04008592292666435
        ],
        [
            0.1131691187620163,
            -0.8149902820587158,
            -0.04014509171247482
        ],
        [
            0.09720492362976074,
            -0.7731826901435852,
            -0.0530531220138073
        ],
        [
            0.10657631605863571,
            -0.7812668085098267,
            -0.03828837350010872
        ],
        [
            0.11681094765663147,
            -0.9747391939163208,
            -0.03602156043052673
        ],
        [
            0.11166346073150635,
            -0.9752587080001831,
            -0.06793926656246185
        ],
        [
            0.1363832801580429,
            -0.9026124477386475,
            -0.002744808793067932
        ],
        [
            0.14002951979637146,
            -0.9191568493843079,
            -0.01269674301147461
        ],
        [
            0.14253516495227814,
            -0.9047729969024658,
            -0.02760300785303116
        ],
        [
            0.13942104578018188,
            -0.8911821842193604,
            -0.016544140875339508
        ],
