{
    "pred_cam": [
        1.400085687637329,
        0.13366802036762238,
        0.2957352101802826
    ],
    "pred_smpl_params": {
        "global_orient": [
            [
                [
                    -0.5636858940124512,
                    0.15733525156974792,
                    -0.8108660578727722
                ],
                [
                    0.197913259267807,
                    -0.9273669719696045,
                    -0.3175227642059326
                ],
                [
                    -0.8019280433654785,
                    -0.3394642472267151,
                    0.4916049540042877
                ]
            ]
        ],
        "body_pose": [
            [
                [
                    0.996003270149231,
                    0.06431612372398376,
                    0.061974890530109406
                ],
                [
                    -0.07492278516292572,
                    0.9793581366539001,
                    0.1877346634864807
                ],
                [
                    -0.048621244728565216,
                    -0.19162768125534058,
                    0.9802626371383667
                ]
            ],
            [
                [
                    0.9825969338417053,
                    0.15384846925735474,
                    -0.1040855124592781
                ],
                [
                    -0.14319509267807007,
                    0.9843094348907471,
                    0.10310212522745132
                ],
                [
                    0.1183144673705101,
                    -0.08640331029891968,
                    0.989209771156311
                ]
            ],
            [
                [
                    0.9933664798736572,
                    -0.0785294845700264,
                    0.08400126546621323
                ],
                [
                    0.09565071761608124,
                    0.969759464263916,
                    -0.22453832626342773
                ],
                [
                    -0.06382814794778824,
                    0.23108361661434174,
                    0.9708379507064819
                ]
            ],
            [
                [
                    0.9822140336036682,
                    0.1780700981616974,
                    0.05955290049314499
                ],
                [
                    -0.1668051928281784,
                    0.9731404781341553,
                    -0.15866199135780334
                ],
                [
                    -0.08620629459619522,
                    0.14590631425380707,
                    0.9855352640151978
                ]
            ],
            [
                [
                    0.9999677538871765,
                    -0.0029476850759238005,
                    0.0074666952714324
                ],
                [
                    0.0037315180525183678,
                    0.9942260384559631,
                    -0.10724107921123505
                ],
                [
                    -0.007107470650225878,
                    0.10726548731327057,
                    0.9942049980163574
                ]
            ],
            [
                [
                    0.9977744817733765,
                    -0.006478643044829369,
                    0.06636408716440201
                ],
                [
                    0.00843800324946642,
                    0.9995354413986206,
                    -0.029286811128258705
                ],
                [
                    -0.06614351272583008,
                    0.029781611636281013,
                    0.9973656535148621
                ]
            ],
            [
                [
                    0.9918129444122314,
                    0.043990518897771835,
                    0.11988319456577301
                ],
                [
                    -0.04209994897246361,
                    0.9989465475082397,
                    -0.01825876347720623
                ],
                [
                    -0.12056011706590652,
                    0.01306220144033432,
                    0.9926201105117798
                ]
            ],
            [
                [
                    0.9840017557144165,
                    -0.004922626540064812,
                    -0.17809027433395386
                ],
                [
                    0.013005735352635384,
                    0.9989358186721802,
                    0.04424876719713211
                ],
                [
                    0.17768295109272003,
                    -0.04585706815123558,
                    0.9830186367034912
                ]
            ],
            [
                [
                    0.9972971081733704,
                    0.008631108328700066,
                    0.07296493649482727
                ],
                [
                    -0.002740552881732583,
                    0.9967550039291382,
                    -0.08044902980327606
                ],
                [
                    -0.07342252135276794,
                    0.0800316333770752,
                    0.9940845370292664
                ]
            ],
            [
                [
                    0.9894286394119263,
                    -0.10153167694807053,
                    0.10354834794998169
                ],
                [
                    0.10407836735248566,
                    0.9943782687187195,
                    -0.019481144845485687
                ],
                [
                    -0.10098827630281448,
                    0.030052348971366882,
                    0.994433581829071
                ]
            ],
            [
                [
                    0.997775137424469,
                    0.06456943601369858,
                    -0.016601521521806717
                ],
                [
                    -0.06369633972644806,
                    0.9967842698097229,
                    0.04862085357308388
                ],
                [
                    0.019687555730342865,
                    -0.04745522141456604,
                    0.9986793994903564
                ]
            ],
            [
                [
                    0.9284996390342712,
                    -0.0682690367102623,
                    0.3650038242340088
                ],
                [
                    0.09673473984003067,
                    0.9934845566749573,
                    -0.06025673449039459
                ],
                [
                    -0.3585119843482971,
                    0.09125690162181854,
                    0.9290540218353271
                ]
            ],
            [
                [
                    0.9204648733139038,
                    0.34454819560050964,
                    -0.18447528779506683
                ],
                [
                    -0.33307945728302,
                    0.9385051131248474,
                    0.09091890603303909
                ],
                [
                    0.20445694029331207,
                    -0.02224271558225155,
                    0.9786229133605957
                ]
            ],
            [
                [
                    0.935846209526062,
                    -0.28378960490226746,
                    0.20893821120262146
                ],
                [
                    0.284665048122406,
                    0.9582600593566895,
                    0.026522407308220863
                ],
                [
                    -0.20774394273757935,
                    0.03465650975704193,
                    0.977569043636322
                ]
            ],
            [
                [
                    0.956127941608429,
                    0.13852669298648834,
                    0.25812748074531555
                ],
                [
                    -0.03806425631046295,
                    0.9324095249176025,
                    -0.3593934178352356
                ],
                [
                    -0.2904660701751709,
                    0.33380064368247986,
                    0.8967757225036621
                ]
            ],
            [
                [
                    0.6488479971885681,
                    0.6675565242767334,
                    -0.36519119143486023
                ],
                [
                    -0.6855404376983643,
                    0.7211137413978577,
                    0.10014645010232925
                ],
                [
                    0.3301977813243866,
                    0.18537351489067078,
                    0.925530195236206
                ]
            ],
            [
                [
                    0.5252892374992371,
                    -0.6800169348716736,
                    0.5115154981613159
                ],
                [
                    0.7591605186462402,
                    0.6460576057434082,
                    0.0792766883969307
                ],
                [
                    -0.38437798619270325,
                    0.3466792106628418,
                    0.855609118938446
                ]
            ],
            [
                [
                    0.6468308568000793,
                    -0.1469406634569168,
                    -0.7483436465263367
                ],
                [
                    0.1271159052848816,
                    0.9883087277412415,
                    -0.08418626338243484
                ],
                [
                    0.7519650459289551,
                    -0.04067211225628853,
                    0.6579470634460449
                ]
            ],
            [
                [
                    -0.0615941621363163,
                    0.3430747389793396,
                    0.9372864961624146
                ],
                [
                    -0.06194096431136131,
                    0.9359455704689026,
                    -0.34665441513061523
                ],
                [
                    -0.9961774349212646,
                    -0.07940830290317535,
                    -0.036398403346538544
                ]
            ],
            [
                [
                    0.9913150072097778,
                    -0.12333120405673981,
                    -0.0456511490046978
                ],
                [
                    0.12487217783927917,
                    0.9916373491287231,
                    0.032590825110673904
                ],
                [
                    0.041249923408031464,
                    -0.03800832852721214,
                    0.9984256029129028
                ]
            ],
            [
                [
                    0.9879719614982605,
                    0.11437571793794632,
                    0.10406569391489029
                ],
                [
                    -0.1332261711359024,
                    0.9712375998497009,
                    0.1973535120487213
                ],
                [
                    -0.07850005477666855,
                    -0.20884399116039276,
                    0.9747933745384216
                ]
            ],
            [
                [
                    0.9815218448638916,
                    0.1666364222764969,
                    -0.0940595269203186
                ],
                [
                    -0.15397900342941284,
                    0.979648232460022,
                    0.1287624090909958
                ],
                [
                    0.11360175907611847,
                    -0.11189991980791092,
                    0.9872046709060669
                ]
            ],
            [
                [
                    0.9776319265365601,
                    -0.19715873897075653,
                    0.07324142754077911
                ],
                [
                    0.1887066811323166,
                    0.9760227203369141,
                    0.1084870770573616
                ],
                [
                    -0.09287446737289429,
                    -0.09223927557468414,
                    0.9913961291313171
                ]
            ]
        ],
        "betas": [
            -0.25982430577278137,
            -0.29551342129707336,
            0.33111193776130676,
            0.762305736541748,
            0.22817961871623993,
            0.0022625066339969635,
            -0.03318995237350464,
            -0.0397028923034668,
            0.04594786465167999,
            -0.020705968141555786
        ]
    },
    "pred_cam_t": [
        0.13366802036762238,
        0.2957352101802826,
        27.90007781982422
    ],
    "focal_length": [
        5000.0,
        5000.0
    ],
    "pred_keypoints_3d": [
        [
            -0.1393936276435852,
            -0.7890535593032837,
            -0.11380909383296967
        ],
        [
            0.0342879518866539,
            -0.7271617650985718,
            -0.07921331375837326
        ],
        [
            0.09325752407312393,
            -0.6577885150909424,
            0.10361020267009735
        ],
        [
            0.04781151935458183,
            -0.439445436000824,
            0.2105105072259903
        ],
        [
            -0.18396605551242828,
            -0.49335846304893494,
            0.14188531041145325
        ],
        [
            -0.04011775925755501,
            -0.6076900362968445,
            -0.22602523863315582
        ],
        [
            -0.13554030656814575,
            -0.37326058745384216,
            -0.24073484539985657
        ],
        [
            -0.3460179269313812,
            -0.30751296877861023,
            -0.14052441716194153
        ],
        [
            -0.0020872463937848806,
            -0.22994306683540344,
            0.028555773198604584
        ],
        [
            0.025055622681975365,
            -0.15825426578521729,
            0.11130764335393906
        ],
        [
            0.004398662596940994,
            0.15098991990089417,
            0.3157494068145752
        ],
        [
            0.0017230603843927383,
            0.5131248235702515,
            0.44834035634994507
        ],
        [
            -0.05012265220284462,
            -0.12950484454631805,
            0.0008019134402275085
        ],
        [
            -0.162480890750885,
            0.18341045081615448,
            0.14637911319732666
        ],
        [
            -0.13901031017303467,
            0.5087878108024597,
            0.3511715233325958
        ],
        [
            -0.13210445642471313,
            -0.8372114896774292,
            -0.07691427320241928
        ],
        [
            -0.1149863451719284,
            -0.8373908996582031,
            -0.1412411630153656
        ],
        [
            -0.05097724497318268,
            -0.8571814298629761,
            -0.010138994082808495
        ],
        [
            -0.016130968928337097,
            -0.8582585453987122,
            -0.15576431155204773
        ],
        [
            -0.3158307671546936,
            0.5119153261184692,
            0.44636353850364685
        ],
        [
            -0.29557812213897705,
            0.5569015741348267,
            0.37942951917648315
        ],
        [
            -0.08900858461856842,
            0.5532302856445312,
            0.34711509943008423
        ],
        [
            -0.13050635159015656,
            0.48175233602523804,
            0.5901609659194946
        ],
        [
            -0.04450707882642746,
            0.48526495695114136,
            0.6097049117088318
        ],
        [
            0.03612265735864639,
            0.5723614692687988,
            0.43212267756462097
        ],
        [
            0.03887001425027847,
            0.4722803235054016,
            0.42390745878219604
        ],
        [
            0.008619476109743118,
            0.09459081292152405,
            0.28217342495918274
        ],
        [
            0.09329831600189209,
            -0.28623926639556885,
            0.12933923304080963
        ],
        [
            -0.06089027225971222,
            -0.20742301642894745,
            -0.10830824077129364
        ],
        [
            -0.1579982042312622,
            0.15006570518016815,
            0.11741812527179718
        ],
        [
            -0.11937692761421204,
            0.49054932594299316,
            0.3168732225894928
        ],
        [
            -0.15371116995811462,
            -0.5170397162437439,
            0.1321680247783661
        ],
        [
            0.03455350175499916,
            -0.47872641682624817,
            0.2277996838092804
        ],
        [
            0.07973602414131165,
            -0.6819660067558289,
            0.06718310713768005
        ],
        [
            -0.02134731598198414,
            -0.6433276534080505,
            -0.2122747302055359
        ],
        [
            -0.16338738799095154,
            -0.41453275084495544,
            -0.25823596119880676
        ],
        [
            -0.3427697718143463,
            -0.3287416696548462,
            -0.1482974886894226
        ],
        [
            0.026524946093559265,
            -0.7176543474197388,
            -0.07910603284835815
        ],
        [
            -0.06554916501045227,
            -0.9023558497428894,
            -0.0951090157032013
        ],
        [
            0.015874313190579414,
            -0.24726292490959167,
            0.009682576172053814
        ],
        [
            0.02878512814640999,
            -0.6598735451698303,
            -0.06957869231700897
        ],
        [
            0.05280352011322975,
            -0.48660093545913696,
            -0.049819182604551315
        ],
        [
            -0.05917380005121231,
            -0.7877063751220703,
            -0.09676256775856018
        ],
        [
            -0.06470044702291489,
            -0.9224650263786316,
            -0.09171484410762787
        ]
    ],
    "pred_vertices": [
        [
            -0.12850001454353333,
            -0.8822209239006042,
            -0.15704865753650665
        ],
        [
            -0.1315062791109085,
            -0.8661575317382812,
            -0.1517479121685028
        ],
        [
            -0.1191650927066803,
            -0.8659662008285522,
            -0.1595628559589386
        ],
        [
            -0.11279520392417908,
            -0.8788013458251953,
            -0.16351866722106934
        ],
        [
            -0.12247934192419052,
            -0.8551232814788818,
            -0.1566275954246521
        ],
        [
            -0.13140828907489777,
            -0.8542919158935547,
            -0.14886198937892914
        ],
        [
            -0.10595612972974777,
            -0.8631495833396912,
            -0.1631869673728943
        ],
        [
            -0.09732437133789062,
            -0.8730559349060059,
            -0.16623061895370483
        ],
        [
            -0.08236969262361526,
            -0.8328456282615662,
            -0.162095308303833
        ],
        [
            -0.07153439521789551,
            -0.8316218852996826,
            -0.16359683871269226
        ],
        [
            -0.07705672085285187,
            -0.8429692983627319,
            -0.16458214819431305
        ],
        [
            -0.08655614405870438,
            -0.8411470651626587,
            -0.16195812821388245
        ],
        [
            -0.07165036350488663,
            -0.8096031546592712,
            -0.15783578157424927
        ],
        [
            -0.07780232280492783,
            -0.7981375455856323,
            -0.1530541479587555
        ],
        [
            -0.06585462391376495,
            -0.7926919460296631,
            -0.15202145278453827
        ],
        [
            -0.05872560292482376,
            -0.8039140701293945,
            -0.1553383469581604
        ],
        [
            -0.11151877790689468,
            -0.8038449287414551,
            -0.12940357625484467
        ],
        [
            -0.10714232176542282,
            -0.7979694604873657,
            -0.1336648166179657
        ],
        [
            -0.10752653330564499,
            -0.8045356273651123,
            -0.13788564503192902
        ],
        [
            -0.11149623245000839,
            -0.8097597360610962,
            -0.1327178031206131
        ],
        [
            -0.12254504859447479,
            -0.8111979961395264,
            -0.12329407781362534
        ],
        [
            -0.1209317222237587,
            -0.817430853843689,
            -0.123954176902771
        ],
        [
            -0.128146231174469,
            -0.8194260001182556,
            -0.12120655924081802
        ],
        [
            -0.13022248446941376,
            -0.8122646808624268,
            -0.12152553349733353
        ],
        [
            -0.11126985400915146,
            -0.7988593578338623,
            -0.12368997931480408
        ],
        [
            -0.10639138519763947,
            -0.7929558753967285,
            -0.12805789709091187
        ],
        [
            -0.11575218290090561,
            -0.8087114691734314,
            -0.12587346136569977
        ],
        [
            -0.1170298382639885,
            -0.8039199709892273,
            -0.12432117760181427
        ],
        [
            -0.12554483115673065,
            -0.7949597835540771,
            -0.12382497638463974
        ],
        [
            -0.1252131462097168,
            -0.7999155521392822,
            -0.1254103183746338
        ],
        [
            -0.13278135657310486,
            -0.7987828254699707,
            -0.12428180873394012
        ],
        [
            -0.13085584342479706,
            -0.7936761379241943,
            -0.12223470211029053
        ],
        [
            -0.11601222306489944,
            -0.7970826625823975,
            -0.1241619661450386
        ],
        [
            -0.11932672560214996,
            -0.799087643623352,
            -0.1257130354642868
        ],
        [
            -0.12101440131664276,
            -0.794822096824646,
            -0.12358598411083221
        ],
        [
            -0.11781077086925507,
            -0.7937572002410889,
            -0.1209852397441864
        ],
        [
            -0.12394914776086807,
            -0.8062818050384521,
            -0.12329073250293732
        ],
        [
            -0.1317918300628662,
            -0.8059130907058716,
            -0.12269848585128784
        ],
        [
            -0.13973861932754517,
            -0.8050650358200073,
            -0.12089133262634277
        ],
        [
            -0.1400987058877945,
            -0.796222448348999,
            -0.12172160297632217
        ],
        [
            -0.0942949652671814,
            -0.7871897220611572,
            -0.14093579351902008
        ],
        [
            -0.1015302762389183,
            -0.7923632860183716,
            -0.13821975886821747
        ],
        [
            -0.10152070224285126,
            -0.7877882122993469,
            -0.13261598348617554
        ],
        [
            -0.0960250273346901,
            -0.7834274768829346,
            -0.13583388924598694
        ],
        [
            -0.11345074325799942,
            -0.7919144630432129,
            -0.12071351706981659
        ],
        [
            -0.10774600505828857,
            -0.7770498394966125,
            -0.1223512664437294
        ],
        [
            -0.1089506670832634,
            -0.7805811166763306,
            -0.12309581786394119
        ],
        [
            -0.11451572179794312,
            -0.7801077365875244,
            -0.11855345964431763
        ],
        [
            -0.11300761997699738,
            -0.7768722772598267,
            -0.11835237592458725
        ],
        [
            -0.08058559149503708,
            -0.7765705585479736,
            -0.1418645679950714
        ],
        [
            -0.08575376868247986,
            -0.7741008996963501,
            -0.13745054602622986
        ],
        [
            -0.08120273053646088,
            -0.768480658531189,
            -0.13631629943847656
        ],
        [
            -0.07479017972946167,
            -0.7702043056488037,
            -0.1394726037979126
        ],
        [
            -0.07931946963071823,
            -0.7634564638137817,
            -0.13255301117897034
        ],
        [
            -0.07022131979465485,
            -0.7640294432640076,
            -0.13597294688224792
        ],
        [
            -0.06881736218929291,
            -0.7505451440811157,
            -0.12500745058059692
        ],
        [
            -0.0690803974866867,
            -0.7565203309059143,
            -0.13043171167373657
        ],
        [
            -0.07906309515237808,
            -0.7581106424331665,
            -0.12791866064071655
        ],
        [
            -0.08173233270645142,
            -0.7522113919258118,
            -0.12278272211551666
        ],
        [
            -0.09386307001113892,
            -0.7538236379623413,
            -0.11482860147953033
        ],
        [
            -0.09740319848060608,
            -0.7518388032913208,
            -0.10981189459562302
        ],
        [
            -0.09049809724092484,
            -0.7410858869552612,
            -0.11184696853160858
        ],
        [
            -0.0865008533000946,
            -0.7456285953521729,
            -0.11709190905094147
        ],
        [
            -0.10196509212255478,
            -0.7729394435882568,
            -0.1198035329580307
        ],
        [
            -0.09837819635868073,
            -0.7738958597183228,
            -0.12285234779119492
        ],
        [
            -0.1008303239941597,
            -0.7744591236114502,
            -0.12405656278133392
        ],
        [
            -0.10523644089698792,
            -0.7744710445404053,
            -0.12116653472185135
        ],
        [
            -0.09564577788114548,
            -0.7742626667022705,
            -0.12583491206169128
        ],
        [
            -0.09441579878330231,
            -0.7743048667907715,
            -0.1271897852420807
        ],
        [
            -0.09598661959171295,
            -0.775050163269043,
            -0.127552330493927
        ],
        [
            -0.09639141708612442,
            -0.7747310400009155,
            -0.12627530097961426
        ],
        [
            -0.097386434674263,
            -0.7742120027542114,
            -0.12444533407688141
        ],
        [
            -0.09738247096538544,
            -0.7723484635353088,
            -0.123213991522789
        ],
        [
            -0.0960787832736969,
            -0.7733721733093262,
            -0.1249622255563736
        ],
        [
            -0.10066103935241699,
            -0.770638108253479,
            -0.12050395458936691
        ],
        [
            -0.11055935174226761,
            -0.7660311460494995,
            -0.11050146073102951
        ],
        [
            -0.10839356482028961,
            -0.7668396234512329,
            -0.11364075541496277
        ],
        [
            -0.10922685265541077,
            -0.7713296413421631,
            -0.11250033229589462
        ],
        [
            -0.11123152077198029,
            -0.7708873152732849,
            -0.10992024093866348
        ],
        [
            -0.09877347201108932,
            -0.7761892080307007,
            -0.1270487904548645
        ],
        [
            -0.09800069779157639,
            -0.7778419852256775,
            -0.12913259863853455
        ],
        [
            -0.10294605046510696,
            -0.7792739272117615,
            -0.12682899832725525
        ],
        [
            -0.10195767879486084,
            -0.7768536806106567,
            -0.1251695305109024
        ],
        [
            -0.09755503386259079,
            -0.7796726226806641,
            -0.13206787407398224
        ],
        [
            -0.09514450281858444,
            -0.7764623165130615,
            -0.12969684600830078
        ],
        [
            -0.09405358880758286,
            -0.7773312330245972,
            -0.13263551890850067
        ],
        [
            -0.0939917266368866,
            -0.7727214097976685,
            -0.12632682919502258
        ],
        [
            -0.09130685031414032,
            -0.7717673182487488,
            -0.12824596464633942
        ],
        [
            -0.09293670952320099,
            -0.7737929224967957,
            -0.12957638502120972
        ],
        [
            -0.09128294140100479,
            -0.7685356140136719,
            -0.1259349137544632
        ],
        [
            -0.09499491751194,
            -0.7706210613250732,
            -0.1238589808344841
        ],
        [
            -0.09794570505619049,
            -0.767921507358551,
            -0.12110650539398193
        ],
        [
            -0.10190136730670929,
            -0.7651612758636475,
            -0.11759737133979797
        ],
        [
            -0.09694240987300873,
            -0.7617028951644897,
            -0.11833538115024567
        ],
        [
            -0.09345954656600952,
            -0.7649655342102051,
            -0.12252938747406006
        ],
        [
            -0.10293328762054443,
            -0.783259391784668,
            -0.12912532687187195
        ],
        [
            -0.0898270234465599,
            -0.7738547921180725,
            -0.13296252489089966
        ],
        [
            -0.09090044349431992,
            -0.7796810865402222,
            -0.13702166080474854
        ],
        [
            -0.08729720115661621,
            -0.7697902917861938,
            -0.13182798027992249
        ],
        [
            -0.08613698929548264,
            -0.7657790184020996,
            -0.128951758146286
        ],
        [
            -0.08736293762922287,
            -0.7615005970001221,
            -0.12449745088815689
        ],
        [
            -0.09048029035329819,
            -0.7573153972625732,
            -0.11995933949947357
        ],
        [
            -0.07706209272146225,
            -0.7364933490753174,
            -0.1093842014670372
        ],
        [
            -0.07363560050725937,
            -0.7424601912498474,
            -0.11681626737117767
        ],
        [
            -0.1267324686050415,
            -0.848002552986145,
            -0.14504963159561157
        ],
        [
            -0.12161821871995926,
            -0.848179817199707,
            -0.15264274179935455
        ],
        [
            -0.11448565870523453,
            -0.8423713445663452,
            -0.15065661072731018
        ],
        [
            -0.11455626040697098,
            -0.8446298837661743,
            -0.15245452523231506
        ],
        [
            -0.11962650716304779,
            -0.844821572303772,
            -0.14872223138809204
        ],
        [
            -0.11803112179040909,
            -0.8423012495040894,
            -0.14758698642253876
        ],
        [
            -0.09406208992004395,
            -0.8409628868103027,
            -0.15819454193115234
        ],
        [
            -0.10021203011274338,
            -0.8410360813140869,
            -0.1550663560628891
        ],
        [
            -0.09750653803348541,
            -0.8380316495895386,
            -0.15420463681221008
        ],
        [
            -0.09083092212677002,
            -0.8349391222000122,
            -0.15864846110343933
        ],
        [
            -0.10323204845190048,
            -0.828544557094574,
            -0.1481999307870865
        ],
        [
            -0.0995764434337616,
            -0.8308907747268677,
            -0.1514516919851303
        ],
        [
            -0.10535236448049545,
            -0.8360586166381836,
            -0.14968016743659973
        ],
        [
            -0.10804964601993561,
            -0.8343610167503357,
            -0.14738737046718597
        ],
        [
            -0.11051851511001587,
            -0.8332761526107788,
            -0.1442786455154419
        ],
        [
            -0.11296138167381287,
            -0.8328729867935181,
            -0.14052337408065796
        ],
        [
            -0.11042051762342453,
            -0.8280897736549377,
            -0.14020466804504395
        ],
        [
            -0.10700900107622147,
            -0.8278644680976868,
            -0.14431723952293396
        ],
        [
            -0.12284280359745026,
            -0.845435380935669,
            -0.14311246573925018
        ],
        [
            -0.12453775852918625,
            -0.8447685241699219,
            -0.13585598766803741
        ],
        [
            -0.12228293716907501,
            -0.8421645164489746,
            -0.136756032705307
        ],
        [
            -0.12126007676124573,
            -0.8424496054649353,
            -0.14281576871871948
        ],
        [
            -0.1184442937374115,
            -0.8379442095756531,
            -0.1249334067106247
        ],
        [
            -0.11996598541736603,
            -0.839789092540741,
            -0.1266811192035675
        ],
        [
            -0.12252181023359299,
            -0.8407005071640015,
            -0.12383340299129486
        ],
        [
            -0.12039972096681595,
            -0.836930513381958,
            -0.12225957214832306
        ],
        [
            -0.11875676363706589,
            -0.8340529799461365,
            -0.12417402118444443
        ],
        [
            -0.11789174377918243,
            -0.8362215161323547,
            -0.12614694237709045
        ],
        [
            -0.13686957955360413,
            -0.902751088142395,
            -0.149884432554245
        ],
        [
            -0.14056037366390228,
            -0.8849613666534424,
            -0.14622969925403595
        ],
        [
            -0.11893913894891739,
            -0.9010118246078491,
            -0.1597965955734253
        ],
        [
            -0.10233607888221741,
            -0.895043134689331,
            -0.16469138860702515
        ],
        [
            -0.08750338852405548,
            -0.8846615552902222,
            -0.16850504279136658
        ],
        [
            -0.07359141111373901,
            -0.7832428812980652,
            -0.14711645245552063
        ],
        [
            -0.06498003751039505,
            -0.7771511077880859,
            -0.14541630446910858
        ],
        [
            -0.054311975836753845,
            -0.7879654765129089,
            -0.1502343714237213
        ],
        [
            -0.047831833362579346,
            -0.7798753976821899,
            -0.14593523740768433
        ],
        [
            -0.05934146046638489,
            -0.7688702344894409,
            -0.14098075032234192
        ],
        [
            -0.05642244964838028,
            -0.7512548565864563,
            -0.12491501867771149
        ],
        [
            -0.05659639835357666,
            -0.7596020698547363,
            -0.13431493937969208
        ],
        [
            -0.042343929409980774,
            -0.7714803814888,
            -0.1395563781261444
        ],
        [
            -0.029706284403800964,
            -0.7879337668418884,
            -0.1452166736125946
        ],
        [
            -0.037737488746643066,
            -0.792765736579895,
            -0.14962166547775269
        ],
        [
            -0.021794527769088745,
            -0.8069392442703247,
            -0.1473807543516159
        ],
        [
            -0.02052050083875656,
            -0.7830748558044434,
            -0.13775427639484406
        ],
        [
            -0.015228189527988434,
            -0.8089056015014648,
            -0.14191558957099915
        ],
        [
            -0.027554072439670563,
            -0.7502482533454895,
            -0.1182514876127243
        ],
        [
            -0.025014668703079224,
            -0.7416709661483765,
            -0.11748786270618439
        ],
        [
            -0.012190088629722595,
            -0.7507885694503784,
            -0.128917396068573
        ],
        [
            -0.014381058514118195,
            -0.7601010799407959,
            -0.12892183661460876
        ],
        [
            -0.04657529294490814,
            -0.7981733679771423,
            -0.15331190824508667
        ],
        [
            -0.07366827875375748,
            -0.8550064563751221,
            -0.16587945818901062
        ],
        [
            -0.08446456491947174,
            -0.8511497974395752,
            -0.16502004861831665
        ],
        [
            -0.06512592732906342,
            -0.844510555267334,
            -0.16498218476772308
        ],
        [
            -0.07531172037124634,
            -0.9185070395469666,
            -0.1677759736776352
        ],
        [
            -0.09051446616649628,
            -0.908185601234436,
            -0.16743454337120056
        ],
        [
            -0.07784578204154968,
            -0.8961765766143799,
            -0.17036153376102448
        ],
        [
            -0.06515805423259735,
            -0.9071682691574097,
            -0.17077471315860748
        ],
        [
            -0.10368919372558594,
            -0.9477845430374146,
            -0.1483907252550125
        ],
        [
            -0.12281212210655212,
            -0.9270960092544556,
            -0.1523638516664505
        ],
        [
            -0.1083030253648758,
            -0.9198768138885498,
            -0.16054585576057434
        ],
        [
            -0.09193627536296844,
            -0.9354307055473328,
            -0.15877193212509155
        ],
        [
            -0.052427634596824646,
            -0.9133769273757935,
            -0.16899706423282623
        ],
        [
            -0.03664471209049225,
            -0.9213979244232178,
            -0.16452130675315857
        ],
        [
            -0.03686028718948364,
            -0.9381277561187744,
            -0.16044068336486816
        ],
        [
            -0.05759526789188385,
            -0.9307335615158081,
            -0.165374755859375
        ],
        [
            -0.04121387004852295,
            -0.9598333835601807,
            -0.14927515387535095
        ],
        [
            -0.06656676530838013,
            -0.9511003494262695,
            -0.15493986010551453
        ],
        [
            -0.004712402820587158,
            -0.7985027432441711,
            -0.1357484757900238
        ],
        [
            -0.005665332078933716,
            -0.8181259632110596,
            -0.13808292150497437
        ],
        [
            -0.018869847059249878,
            -0.7700985670089722,
            -0.13024957478046417
        ],
        [
            -0.004114039242267609,
            -0.7824628353118896,
            -0.1341804563999176
        ],
        [
            -0.04717135429382324,
            -0.9759597182273865,
            -0.1325129270553589
        ],
        [
            -0.07706983387470245,
            -0.9666633009910583,
            -0.1398031860589981
        ],
        [
            0.011817112565040588,
            -0.9182068109512329,
            -0.13926614820957184
        ],
        [
            -0.0009046643972396851,
            -0.9319076538085938,
            -0.14479246735572815
        ],
        [
            -0.008471429347991943,
            -0.9142868518829346,
            -0.1542871594429016
        ],
        [
