{
    "pred_cam": [
        1.3891297578811646,
        0.13247568905353546,
        0.2993219494819641
    ],
    "pred_smpl_params": {
        "global_orient": [
            [
                [
                    -0.5284197330474854,
                    0.1601325273513794,
                    -0.8337446451187134
                ],
                [
                    0.19727960228919983,
                    -0.9320089221000671,
                    -0.3040395677089691
                ],
                [
                    -0.825744092464447,
                    -0.3251413106918335,
                    0.46090102195739746
                ]
            ]
        ],
        "body_pose": [
            [
                [
                    0.9954541325569153,
                    0.06514841318130493,
                    0.06947465986013412
                ],
                [
                    -0.0765942633152008,
                    0.9811515808105469,
                    0.17741182446479797
                ],
                [
                    -0.056607071310281754,
                    -0.1819266974925995,
                    0.9816814064979553
                ]
            ],
            [
                [
                    0.9841446876525879,
                    0.1407395899295807,
                    -0.1079426258802414
                ],
                [
                    -0.13258548080921173,
                    0.9879896640777588,
                    0.07935672998428345
                ],
                [
                    0.11781483888626099,
                    -0.06378687918186188,
                    0.9909847974777222
                ]
            ],
            [
                [
                    0.9934742450714111,
                    -0.07936851680278778,
                    0.08191105723381042
                ],
                [
                    0.09550473839044571,
                    0.9714843034744263,
                    -0.21701869368553162
                ],
                [
                    -0.06235085055232048,
                    0.22342540323734283,
                    0.9727246761322021
                ]
            ],
            [
                [
                    0.9785301089286804,
                    0.19190159440040588,
                    0.07518453896045685
                ],
                [
                    -0.1758977174758911,
                    0.9676939845085144,
                    -0.18063345551490784
                ],
                [
                    -0.1074194684624672,
                    0.16353046894073486,
                    0.9806727766990662
                ]
            ],
            [
                [
                    0.9999910593032837,
                    -0.0035078288055956364,
                    0.002360109006986022
                ],
                [
                    0.003682364709675312,
                    0.9969040155410767,
                    -0.078542560338974
                ],
                [
                    -0.0020772884599864483,
                    0.0785505473613739,
                    0.9969080090522766
                ]
            ],
            [
                [
                    0.9979569911956787,
                    -0.006336748134344816,
                    0.06357394903898239
                ],
                [
                    0.008599454537034035,
                    0.999336838722229,
                    -0.03538144752383232
                ],
                [
                    -0.06330759078264236,
                    0.035855866968631744,
                    0.9973496794700623
                ]
            ],
            [
                [
                    0.9916305541992188,
                    0.04212591052055359,
                    0.12204214930534363
                ],
                [
                    -0.040504295378923416,
                    0.9990553855895996,
                    -0.01573893427848816
                ],
                [
                    -0.12258988618850708,
                    0.010663975030183792,
                    0.9924001097679138
                ]
            ],
            [
                [
                    0.9835306406021118,
                    -0.0017966064624488354,
                    -0.18073251843452454
                ],
                [
                    0.010067437775433064,
                    0.9989427328109741,
                    0.044855933636426926
                ],
                [
                    0.1804608553647995,
                    -0.045936696231365204,
                    0.9825088977813721
                ]
            ],
            [
                [
                    0.9975016713142395,
                    0.00745967123657465,
                    0.07024826109409332
                ],
                [
                    -0.0020238771103322506,
                    0.9970186948776245,
                    -0.07713513821363449
                ],
                [
                    -0.07061421871185303,
                    0.07680025696754456,
                    0.9945428967475891
                ]
            ],
            [
                [
                    0.9897810220718384,
                    -0.09807875007390976,
                    0.10350867360830307
                ],
                [
                    0.10042962431907654,
                    0.9947860240936279,
                    -0.0177374966442585
                ],
                [
                    -0.10122931003570557,
                    0.027951577678322792,
                    0.9944703578948975
                ]
            ],
            [
                [
                    0.998060941696167,
                    0.06031187251210213,
                    -0.015390398912131786
                ],
                [
                    -0.05941377952694893,
                    0.9968077540397644,
                    0.053330499678850174
                ],
                [
                    0.018557734787464142,
                    -0.05231268331408501,
                    0.9984582662582397
                ]
            ],
            [
                [
                    0.9290923476219177,
                    -0.07631687819957733,
                    0.36188846826553345
                ],
                [
                    0.10500353574752808,
                    0.9926453232765198,
                    -0.060246191918849945
                ],
                [
                    -0.3546290695667267,
                    0.09397383779287338,
                    0.9302726984024048
                ]
            ],
            [
                [
                    0.9191287755966187,
                    0.3459061086177826,
                    -0.18855020403862
                ],
                [
                    -0.33404940366744995,
                    0.938011646270752,
                    0.09243975579738617
                ],
                [
                    0.20883776247501373,
                    -0.021978961303830147,
                    0.9777032136917114
                ]
            ],
            [
                [
                    0.9371815323829651,
                    -0.2749249339103699,
                    0.21472565829753876
                ],
                [
                    0.275003582239151,
                    0.9609714150428772,
                    0.030116166919469833
                ],
                [
                    -0.21462489664554596,
                    0.030826011672616005,
                    0.9762099981307983
                ]
            ],
            [
                [
                    0.9561874270439148,
                    0.13004529476165771,
                    0.2622857093811035
                ],
                [
                    -0.03099248558282852,
                    0.9358532428741455,
                    -0.3510243594646454
                ],
                [
                    -0.2911100387573242,
                    0.32751619815826416,
                    0.8988815546035767
                ]
            ],
            [
                [
                    0.6448757648468018,
                    0.6715455055236816,
                    -0.36491361260414124
                ],
                [
                    -0.6882169842720032,
                    0.7178824543952942,
                    0.1048913300037384
                ],
                [
                    0.33240437507629395,
                    0.18349787592887878,
                    0.9251140356063843
                ]
            ],
            [
                [
                    0.5149831175804138,
                    -0.6717783212661743,
                    0.5324531197547913
                ],
                [
                    0.7631933093070984,
                    0.6421442031860352,
                    0.0720193088054657
                ],
                [
                    -0.3902927041053772,
                    0.36927592754364014,
                    0.843390166759491
                ]
            ],
            [
                [
                    0.6402028799057007,
                    -0.14492297172546387,
                    -0.7544121146202087
                ],
                [
                    0.12335474789142609,
                    0.9886942505836487,
                    -0.0852484256029129
                ],
                [
                    0.758237361907959,
                    -0.03848402574658394,
                    0.6508418321609497
                ]
            ],
            [
                [
                    -0.11978236585855484,
                    0.3556755483150482,
                    0.9269019365310669
                ],
                [
                    -0.028564440086483955,
                    0.9320026636123657,
                    -0.3613241910934448
                ],
                [
                    -0.9923892021179199,
                    -0.06975667923688889,
                    -0.10147780925035477
                ]
            ],
            [
                [
                    0.9909491539001465,
                    -0.12555605173110962,
                    -0.047491852194070816
                ],
                [
                    0.12699533998966217,
                    0.99149090051651,
                    0.028599267825484276
                ],
                [
                    0.04349692910909653,
                    -0.03437166288495064,
                    0.9984620809555054
                ]
            ],
            [
                [
                    0.9871550798416138,
                    0.11583441495895386,
                    0.11003278940916061
                ],
                [
                    -0.13619408011436462,
                    0.9701741933822632,
                    0.20053210854530334
                ],
                [
                    -0.08352246135473251,
                    -0.21294210851192474,
                    0.9734883308410645
                ]
            ],
            [
                [
                    0.9819732308387756,
                    0.16623307764530182,
                    -0.08997297286987305
                ],
                [
                    -0.1541190892457962,
                    0.9797196984291077,
                    0.12804940342903137
                ],
                [
                    0.1094343364238739,
                    -0.1118745356798172,
                    0.9876782298088074
                ]
            ],
            [
                [
                    0.9781560897827148,
                    -0.19604888558387756,
                    0.06910529732704163
                ],
                [
                    0.18817220628261566,
                    0.9763568639755249,
                    0.10638736188411713
                ],
                [
                    -0.08832857757806778,
                    -0.09105974435806274,
                    0.9919203519821167
                ]
            ]
        ],
        "betas": [
            -0.239507257938385,
            -0.26710644364356995,
            0.33194199204444885,
            0.7474303245544434,
            0.21954227983951569,
            0.0018080510199069977,
            -0.028334707021713257,
            -0.044525325298309326,
            0.03718934953212738,
            -0.019993364810943604
        ]
    },
    "pred_cam_t": [
        0.13247568905353546,
        0.2993219494819641,
        28.1201229095459
    ],
    "focal_length": [
        5000.0,
        5000.0
    ],
    "pred_keypoints_3d": [
        [
            -0.1382819265127182,
            -0.7913669347763062,
            -0.11312007904052734
        ],
        [
            0.03472410514950752,
            -0.7286666631698608,
            -0.07445038110017776
        ],
        [
            0.0872437059879303,
            -0.6592190265655518,
            0.10978811979293823
        ],
        [
            0.03657970204949379,
            -0.44006919860839844,
            0.21355582773685455
        ],
        [
            -0.18380841612815857,
            -0.5003085732460022,
            0.11680992692708969
        ],
        [
            -0.034176528453826904,
            -0.6096879839897156,
            -0.22441627085208893
        ],
        [
            -0.1280582845211029,
            -0.3743574619293213,
            -0.24167270958423615
        ],
        [
            -0.34128400683403015,
            -0.30911147594451904,
            -0.14600318670272827
        ],
        [
            -0.0020942140836268663,
            -0.22996069490909576,
            0.02843381091952324
        ],
        [
            0.022524049505591393,
            -0.15780416131019592,
            0.11155712604522705
        ],
        [
            0.0013437550514936447,
            0.15897983312606812,
            0.30563318729400635
        ],
        [
            -0.00689338706433773,
            0.5237475633621216,
            0.43319231271743774
        ],
        [
            -0.047732092440128326,
            -0.12919268012046814,
            -0.0020322948694229126
        ],
        [
            -0.15941008925437927,
            0.18862268328666687,
            0.13529981672763824
        ],
        [
            -0.12844900786876678,
            0.5149095058441162,
            0.33928537368774414
        ],
        [
            -0.1319664567708969,
            -0.8386503458023071,
            -0.07487981766462326
        ],
        [
            -0.1129823550581932,
            -0.8403638601303101,
            -0.13867399096488953
        ],
        [
            -0.05273190140724182,
            -0.8567975759506226,
            -0.005435071885585785
        ],
        [
            -0.013738095760345459,
            -0.8613157272338867,
            -0.14986026287078857
        ],
        [
            -0.3096463978290558,
            0.5279874801635742,
            0.4251464307308197
        ],
        [
            -0.28371119499206543,
            0.571461021900177,
            0.3591638207435608
        ],
        [
            -0.07599763572216034,
            0.5566102266311646,
            0.3375076949596405
        ],
        [
            -0.14461196959018707,
            0.4938576817512512,
            0.5701858401298523
        ],
        [
            -0.05944817140698433,
            0.4977450668811798,
            0.5932461023330688
        ],
        [
            0.02809695526957512,
            0.5828136205673218,
            0.41745996475219727
        ],
        [
            0.03127120062708855,
            0.4823816418647766,
            0.4107332229614258
        ],
        [
            0.00594751164317131,
            0.10122823715209961,
            0.2735472619533539
        ],
        [
            0.08792388439178467,
            -0.28655368089675903,
            0.13368088006973267
        ],
        [
            -0.05505979806184769,
            -0.2080136090517044,
            -0.11059437692165375
        ],
        [
            -0.15464016795158386,
            0.15480832755565643,
            0.10691209137439728
        ],
        [
            -0.1081523597240448,
            0.49525243043899536,
            0.30602723360061646
        ],
        [
            -0.1516103446483612,
            -0.5229740738868713,
            0.11067444086074829
        ],
        [
            0.021748855710029602,
            -0.47963833808898926,
            0.22952918708324432
        ],
        [
            0.07502073794603348,
            -0.6831928491592407,
            0.07310467958450317
        ],
        [
            -0.016001055017113686,
            -0.645380973815918,
            -0.2097242921590805
        ],
        [
            -0.1555621474981308,
            -0.4156641960144043,
            -0.2599579691886902
        ],
        [
            -0.3377174735069275,
            -0.33039945363998413,
            -0.15377116203308105
        ],
        [
            0.026809293776750565,
            -0.7193308472633362,
            -0.07474035024642944
        ],
        [
            -0.06485346704721451,
            -0.9040072560310364,
            -0.08954256027936935
        ],
        [
            0.01614353619515896,
            -0.2476920336484909,
            0.010711967945098877
        ],
        [
            0.029028404504060745,
            -0.6614952087402344,
            -0.06541047245264053
        ],
        [
            0.05391513928771019,
            -0.4879051148891449,
            -0.0460219644010067
        ],
        [
            -0.05850893259048462,
            -0.7895342111587524,
            -0.09379741549491882
        ],
        [
            -0.06408537924289703,
            -0.9240757822990417,
            -0.08562140166759491
        ]
    ],
    "pred_vertices": [
        [
            -0.12604165077209473,
            -0.8855373859405518,
            -0.15381810069084167
        ],
        [
            -0.12923496961593628,
            -0.869391679763794,
            -0.14898592233657837
        ],
        [
            -0.11664783209562302,
            -0.8693808317184448,
            -0.15643399953842163
        ],
        [
            -0.11013716459274292,
            -0.8822744488716125,
            -0.15986965596675873
        ],
        [
            -0.12005580961704254,
            -0.8584919571876526,
            -0.15385951101779938
        ],
        [
            -0.12918511033058167,
            -0.8574659824371338,
            -0.14634358882904053
        ],
        [
            -0.10332384705543518,
            -0.8666288256645203,
            -0.15973696112632751
        ],
        [
            -0.09459282457828522,
            -0.8765841126441956,
            -0.1622859537601471
        ],
        [
            -0.07978852838277817,
            -0.8362551927566528,
            -0.15871483087539673
        ],
        [
            -0.06889481842517853,
            -0.8350334167480469,
            -0.15992462635040283
        ],
        [
            -0.0743798092007637,
            -0.8463937640190125,
            -0.16081246733665466
        ],
        [
            -0.0839768499135971,
            -0.8445539474487305,
            -0.15849384665489197
        ],
        [
            -0.06923259794712067,
            -0.812867283821106,
            -0.15472310781478882
        ],
        [
            -0.07551693916320801,
            -0.801310658454895,
            -0.15035594999790192
        ],
        [
            -0.0636078491806984,
            -0.7958157062530518,
            -0.14910674095153809
        ],
        [
            -0.056378260254859924,
            -0.8071056604385376,
            -0.1519639939069748
        ],
        [
            -0.10992823541164398,
            -0.8064926266670227,
            -0.1275661140680313
        ],
        [
            -0.10542815923690796,
            -0.8007178902626038,
            -0.13184010982513428
        ],
        [
            -0.10567532479763031,
            -0.8073917031288147,
            -0.135908842086792
        ],
        [
            -0.10979042202234268,
            -0.8124969601631165,
            -0.1307300180196762
        ],
        [
            -0.12113485485315323,
            -0.813719630241394,
            -0.12159456312656403
        ],
        [
            -0.11948688328266144,
            -0.8199688792228699,
            -0.12205427885055542
        ],
        [
            -0.12678340077400208,
            -0.8219118714332581,
            -0.11947298794984818
        ],
        [
            -0.1288638710975647,
            -0.8147577047348022,
            -0.12001711130142212
        ],
        [
            -0.10986042022705078,
            -0.8013584613800049,
            -0.12197792530059814
        ],
        [
            -0.10486423224210739,
            -0.7955458164215088,
            -0.12634634971618652
        ],
        [
            -0.114256851375103,
            -0.811282753944397,
            -0.12403834611177444
        ],
        [
            -0.11559779196977615,
            -0.8064509630203247,
            -0.12263656407594681
        ],
        [
            -0.12414048612117767,
            -0.7974830269813538,
            -0.12260275334119797
        ],
        [
            -0.1237548291683197,
            -0.802486777305603,
            -0.12405243515968323
        ],
        [
            -0.1313515603542328,
            -0.8013410568237305,
            -0.12315812706947327
        ],
        [
            -0.129497691988945,
            -0.7961785793304443,
            -0.12118367850780487
        ],
        [
            -0.11459214240312576,
            -0.7996007204055786,
            -0.12261610478162766
        ],
        [
            -0.11785975843667984,
            -0.8016536831855774,
            -0.12420016527175903
        ],
        [
            -0.11961638182401657,
            -0.7973352074623108,
            -0.12222668528556824
        ],
        [
            -0.11649125069379807,
            -0.7961970567703247,
            -0.11957141011953354
        ],
        [
            -0.12254201620817184,
            -0.8088021278381348,
            -0.1217363178730011
        ],
        [
            -0.13040125370025635,
            -0.8084378242492676,
            -0.1213778555393219
        ],
        [
            -0.13840267062187195,
            -0.807559072971344,
            -0.11981455236673355
        ],
        [
            -0.13874730467796326,
            -0.7987301349639893,
            -0.12087254226207733
        ],
        [
            -0.09237591922283173,
            -0.7900903224945068,
            -0.13898253440856934
        ],
        [
            -0.09968112409114838,
            -0.7952111959457397,
            -0.1363498419523239
        ],
        [
            -0.099854975938797,
            -0.7904878854751587,
            -0.13087354600429535
        ],
        [
            -0.09426823258399963,
            -0.7861934900283813,
            -0.1340332329273224
        ],
        [
            -0.1121436133980751,
            -0.7943368554115295,
            -0.11922420561313629
        ],
        [
            -0.10640715807676315,
            -0.7794950008392334,
            -0.12105491012334824
        ],
        [
            -0.10758732259273529,
            -0.783047080039978,
            -0.12175154685974121
        ],
        [
            -0.11327982693910599,
            -0.7824773788452148,
            -0.11738193780183792
        ],
        [
            -0.11177809536457062,
            -0.7792326211929321,
            -0.11721307784318924
        ],
        [
            -0.07864859700202942,
            -0.7794525623321533,
            -0.139766126871109
        ],
        [
            -0.08395178616046906,
            -0.7768814563751221,
            -0.13557548820972443
        ],
        [
            -0.07943613827228546,
            -0.7712117433547974,
            -0.1344435214996338
        ],
        [
            -0.07293231785297394,
            -0.7729924917221069,
            -0.1373722106218338
        ],
        [
            -0.07768607139587402,
            -0.7660588026046753,
            -0.1307777762413025
        ],
        [
            -0.06847865879535675,
            -0.7666811347007751,
            -0.13390690088272095
        ],
        [
            -0.06740855425596237,
            -0.7528883814811707,
            -0.12322527170181274
        ],
        [
            -0.06750728189945221,
            -0.7590065002441406,
            -0.128513902425766
        ],
        [
            -0.07757274806499481,
            -0.7605850696563721,
            -0.12627103924751282
        ],
        [
            -0.08039577305316925,
            -0.7545594573020935,
            -0.12136159092187881
        ],
        [
            -0.09272337704896927,
            -0.7560431361198425,
            -0.11367854475975037
        ],
        [
            -0.09641798585653305,
            -0.7539437413215637,
            -0.1088251918554306
        ],
        [
            -0.08945156633853912,
            -0.7432105541229248,
            -0.11092211306095123
        ],
        [
            -0.08532678335905075,
            -0.7478512525558472,
            -0.11598134785890579
        ],
        [
            -0.10069689899682999,
            -0.7753078937530518,
            -0.11844824999570847
        ],
        [
            -0.09701952338218689,
            -0.7763326168060303,
            -0.12136322259902954
        ],
        [
            -0.09943651407957077,
            -0.7769322395324707,
            -0.12262357771396637
        ],
        [
            -0.10392098128795624,
            -0.7768842577934265,
            -0.11985710263252258
        ],
        [
            -0.09419770538806915,
            -0.7767677903175354,
            -0.12425270676612854
        ],
        [
            -0.09292628616094589,
            -0.776840090751648,
            -0.1255718171596527
        ],
        [
            -0.09448878467082977,
            -0.777599036693573,
            -0.12596213817596436
        ],
        [
            -0.09492778778076172,
            -0.7772505283355713,
            -0.12469208240509033
        ],
        [
            -0.0959755927324295,
            -0.7766859531402588,
            -0.12290677428245544
        ],
        [
            -0.09601067006587982,
            -0.7747882604598999,
            -0.12172701954841614
        ],
        [
            -0.09465762227773666,
            -0.7758529186248779,
            -0.12341618537902832
        ],
        [
            -0.09936492145061493,
            -0.7730165719985962,
            -0.11915422976016998
        ],
        [
            -0.10956192761659622,
            -0.7681918144226074,
            -0.10955198109149933
        ],
        [
            -0.10729775577783585,
            -0.7690755128860474,
            -0.11261101067066193
        ],
        [
            -0.10816388577222824,
            -0.7735429406166077,
            -0.11138899624347687
        ],
        [
            -0.11025087535381317,
            -0.7730381488800049,
            -0.10887574404478073
        ],
        [
            -0.09729555249214172,
            -0.7787323594093323,
            -0.12549686431884766
        ],
        [
            -0.09645997732877731,
            -0.7804335355758667,
            -0.12754327058792114
        ],
        [
            -0.1014711856842041,
            -0.7818185091018677,
            -0.1253526210784912
        ],
        [
            -0.10053373873233795,
            -0.7793537974357605,
            -0.12371963262557983
        ],
        [
            -0.09592385590076447,
            -0.7823400497436523,
            -0.13041219115257263
        ],
        [
            -0.09357950091362,
            -0.7790625095367432,
            -0.12804925441741943
        ],
        [
            -0.09241003543138504,
            -0.7800030708312988,
            -0.13093219697475433
        ],
        [
            -0.09252911061048508,
            -0.7752308249473572,
            -0.12473452091217041
        ],
        [
            -0.08978670835494995,
            -0.7743158340454102,
            -0.1266004741191864
        ],
        [
            -0.09137605875730515,
            -0.7763810157775879,
            -0.12792761623859406
        ],
        [
            -0.08983196318149567,
            -0.7710239291191101,
            -0.12436560541391373
        ],
        [
            -0.09360596537590027,
            -0.773068904876709,
            -0.12235063314437866
        ],
        [
            -0.0966353565454483,
            -0.7703046202659607,
            -0.11975351721048355
        ],
        [
            -0.10068998485803604,
            -0.767471432685852,
            -0.11642079800367355
        ],
        [
            -0.09570802748203278,
            -0.764014482498169,
            -0.11709502339363098
        ],
        [
            -0.09210550785064697,
            -0.767374575138092,
            -0.12111209332942963
        ],
        [
            -0.10139450430870056,
            -0.785863995552063,
            -0.12754198908805847
        ],
        [
            -0.08816345036029816,
            -0.7765266299247742,
            -0.13121215999126434
        ],
        [
            -0.08911152184009552,
            -0.7824646234512329,
            -0.13515859842300415
        ],
        [
            -0.08566562086343765,
            -0.7724254131317139,
            -0.1301029920578003
        ],
        [
            -0.08458896726369858,
            -0.7683308720588684,
            -0.1272912323474884
        ],
        [
            -0.08597595244646072,
            -0.7639244794845581,
            -0.1230265274643898
        ],
        [
            -0.08919496089220047,
            -0.7596485614776611,
            -0.1186324805021286
        ],
        [
            -0.0760876014828682,
            -0.7385179996490479,
            -0.10815829038619995
        ],
        [
            -0.07247312366962433,
            -0.7446242570877075,
            -0.11538315564393997
        ],
        [
            -0.12464120239019394,
            -0.8510754108428955,
            -0.14256875216960907
        ],
        [
            -0.11930657178163528,
            -0.851446270942688,
            -0.14999961853027344
        ],
        [
            -0.11222153902053833,
            -0.8455768823623657,
            -0.14794592559337616
        ],
        [
            -0.11223433166742325,
            -0.8478829860687256,
            -0.1497032344341278
        ],
        [
            -0.1174304336309433,
            -0.84797602891922,
            -0.14611287415027618
        ],
        [
            -0.11585285514593124,
            -0.8454461693763733,
            -0.14497599005699158
        ],
        [
            -0.09157568961381912,
            -0.8443151116371155,
            -0.1549169421195984
        ],
        [
            -0.09781676530838013,
            -0.8443253040313721,
            -0.15196077525615692
        ],
        [
            -0.09514077007770538,
            -0.8412866592407227,
            -0.15110927820205688
        ],
        [
            -0.0883335992693901,
            -0.8382939696311951,
            -0.155429869890213
        ],
        [
            -0.10104980319738388,
            -0.8316519260406494,
            -0.1455053687095642
        ],
        [
            -0.09729915857315063,
            -0.8340729475021362,
            -0.14859580993652344
        ],
        [
            -0.10312283039093018,
            -0.8392109870910645,
            -0.1468624472618103
        ],
        [
            -0.10588669776916504,
            -0.8374652862548828,
            -0.1446850597858429
        ],
        [
            -0.10844294726848602,
            -0.8363113403320312,
            -0.14167460799217224
        ],
        [
            -0.11100265383720398,
            -0.835818886756897,
            -0.1380128562450409
        ],
        [
            -0.10847889631986618,
            -0.8310142755508423,
            -0.13772982358932495
        ],
        [
            -0.10494643449783325,
            -0.8308846950531006,
            -0.14174625277519226
        ],
        [
            -0.12080345302820206,
            -0.8484628200531006,
            -0.14056824147701263
        ],
        [
            -0.12271445244550705,
            -0.8476176857948303,
            -0.13338817656040192
        ],
        [
            -0.12042288482189178,
            -0.8450383543968201,
            -0.13428011536598206
        ],
        [
            -0.11922184377908707,
            -0.845472514629364,
            -0.1402946412563324
        ],
        [
            -0.11693673580884933,
            -0.8405179977416992,
            -0.12246356159448624
        ],
        [
            -0.1183936670422554,
            -0.8424161672592163,
            -0.12420668452978134
        ],
        [
            -0.12103907018899918,
            -0.8432618975639343,
            -0.12140724807977676
        ],
        [
            -0.11897654086351395,
            -0.8394452333450317,
            -0.11987096071243286
        ],
        [
            -0.11727933585643768,
            -0.8366069793701172,
            -0.12180569022893906
        ],
        [
            -0.11635196208953857,
            -0.838821291923523,
            -0.12370188534259796
        ],
        [
            -0.13458696007728577,
            -0.9059273600578308,
            -0.1463734358549118
        ],
        [
            -0.13839365541934967,
            -0.8880839943885803,
            -0.14326757192611694
        ],
        [
            -0.11634662747383118,
            -0.9044182300567627,
            -0.15576928853988647
        ],
        [
            -0.09963200986385345,
            -0.8985352516174316,
            -0.16031116247177124
        ],
        [
            -0.08468791842460632,
            -0.888190746307373,
            -0.1639704555273056
        ],
        [
            -0.07149578630924225,
            -0.7862511873245239,
            -0.14465072751045227
        ],
        [
            -0.06294313073158264,
            -0.7800700664520264,
            -0.14285695552825928
        ],
        [
            -0.05214093625545502,
            -0.7909871935844421,
            -0.14714962244033813
        ],
        [
            -0.045797161757946014,
            -0.7827329635620117,
            -0.14285969734191895
        ],
        [
            -0.057447850704193115,
            -0.7716230154037476,
            -0.13848282396793365
        ],
        [
            -0.05500473827123642,
            -0.7535734176635742,
            -0.12268716096878052
        ],
        [
            -0.05489286035299301,
            -0.762144148349762,
            -0.1319206953048706
        ],
        [
            -0.040489375591278076,
            -0.7741250991821289,
            -0.13646411895751953
        ],
        [
            -0.027709364891052246,
            -0.7907472848892212,
            -0.1413736790418625
        ],
        [
            -0.035611942410469055,
            -0.7957404255867004,
            -0.1459377408027649
        ],
        [
            -0.019739598035812378,
            -0.8097913861274719,
            -0.14287468791007996
        ],
        [
            -0.018745258450508118,
            -0.7856391668319702,
            -0.1337163895368576
        ],
        [
            -0.013341620564460754,
            -0.8115849494934082,
            -0.13717220723628998
        ],
        [
            -0.026076696813106537,
            -0.7521696090698242,
            -0.11503386497497559
        ],
        [
            -0.023431342095136642,
            -0.7434774041175842,
            -0.11431589722633362
        ],
        [
            -0.010317936539649963,
            -0.7528087496757507,
            -0.12523573637008667
        ],
        [
            -0.01263841986656189,
            -0.7622146606445312,
            -0.12515875697135925
        ],
        [
            -0.04430060088634491,
            -0.8012827634811401,
            -0.14973759651184082
        ],
        [
            -0.0709439292550087,
            -0.8584583401679993,
            -0.16170737147331238
        ],
        [
            -0.08176645636558533,
            -0.8546141386032104,
            -0.16125495731830597
        ],
        [
            -0.06244330108165741,
            -0.8479007482528687,
            -0.16084271669387817
        ],
        [
            -0.07247185707092285,
            -0.9219780564308167,
            -0.16199687123298645
        ],
        [
            -0.08768333494663239,
            -0.9116957187652588,
            -0.16231998801231384
        ],
        [
            -0.07496210932731628,
            -0.8997254371643066,
            -0.165207639336586
        ],
        [
            -0.06226551532745361,
            -0.9106765985488892,
            -0.16496343910694122
        ],
        [
            -0.10138371586799622,
            -0.950825572013855,
            -0.14275646209716797
        ],
        [
            -0.12040400505065918,
            -0.9303115010261536,
            -0.14779914915561676
        ],
        [
            -0.10568834096193314,
            -0.9232629537582397,
            -0.15569448471069336
        ],
        [
            -0.08934774994850159,
            -0.9387122392654419,
            -0.15308164060115814
        ],
        [
            -0.04958786070346832,
            -0.9168118238449097,
            -0.1626751869916916
        ],
        [
            -0.03390684723854065,
            -0.9246971607208252,
            -0.15756583213806152
        ],
        [
            -0.03422337770462036,
            -0.9413163661956787,
            -0.15312865376472473
        ],
        [
            -0.05481216311454773,
            -0.9340505599975586,
            -0.15877395868301392
        ],
        [
            -0.038879841566085815,
            -0.9627737998962402,
            -0.14156311750411987
        ],
        [
            -0.06410017609596252,
            -0.9542297124862671,
            -0.14813998341560364
        ],
        [
            -0.002990037202835083,
            -0.8009786009788513,
            -0.13097789883613586
        ],
        [
            -0.0038806498050689697,
            -0.8206721544265747,
            -0.13286538422107697
        ],
        [
            -0.017208553850650787,
            -0.7723710536956787,
            -0.12644170224666595
        ],
        [
            -0.002361491322517395,
            -0.7847979068756104,
            -0.1297244280576706
        ],
        [
            -0.04532121121883392,
            -0.9785176515579224,
            -0.12457142770290375
        ],
        [
            -0.0750400722026825,
            -0.9694263935089111,
            -0.13291992247104645
        ],
        [
            0.013811618089675903,
            -0.9207833409309387,
            -0.13100890815258026
        ],
        [
            0.0012619644403457642,
            -0.9346558451652527,
            -0.13655148446559906
        ],
        [
            -0.006068602204322815,
            -0.9172672033309937,
