{
    "pred_cam": [
        1.1254624128341675,
        6.562285125255585e-05,
        0.16236251592636108
    ],
    "pred_smpl_params": {
        "global_orient": [
            [
                [
                    0.9962317943572998,
                    0.0867304652929306,
                    -0.0004078152123838663
                ],
                [
                    0.08658408373594284,
                    -0.9948022365570068,
                    -0.05358768254518509
                ],
                [
                    -0.005053380038589239,
                    0.05335043743252754,
                    -0.9985631108283997
                ]
            ]
        ],
        "body_pose": [
            [
                [
                    0.9938504099845886,
                    -0.11009643226861954,
                    -0.011835643090307713
                ],
                [
                    0.11034361273050308,
                    0.9757712483406067,
                    0.18893058598041534
                ],
                [
                    -0.009251704439520836,
                    -0.18907473981380463,
                    0.9819191098213196
                ]
            ],
            [
                [
                    0.9985354542732239,
                    -0.015614017844200134,
                    0.051798418164253235
                ],
                [
                    -0.00019267095194663852,
                    0.9564140439033508,
                    0.29201388359069824
                ],
                [
                    -0.05410024896264076,
                    -0.2915962338447571,
                    0.9550102949142456
                ]
            ],
            [
                [
                    0.9994165897369385,
                    0.008098295889794827,
                    -0.033178750425577164
                ],
                [
                    -0.01422742661088705,
                    0.9818932414054871,
                    -0.1889001578092575
                ],
                [
                    0.03104822151362896,
                    0.1892620176076889,
                    0.9814355969429016
                ]
            ],
            [
                [
                    0.9853999614715576,
                    -0.02713622711598873,
                    -0.16807891428470612
                ],
                [
                    -0.0765056237578392,
                    0.8113561272621155,
                    -0.579524040222168
                ],
                [
                    0.15209795534610748,
                    0.5839219689369202,
                    0.7974342107772827
                ]
            ],
            [
                [
                    0.9878870248794556,
                    -0.04677369073033333,
                    0.14795787632465363
                ],
                [
                    0.15018077194690704,
                    0.5281484723091125,
                    -0.835766077041626
                ],
                [
                    -0.03905186802148819,
                    0.8478627800941467,
                    0.5287755131721497
                ]
            ],
            [
                [
                    0.9999749064445496,
                    -0.0023994678631424904,
                    -0.006674680393189192
                ],
                [
                    0.0026460306253284216,
                    0.9993050694465637,
                    0.037180088460445404
                ],
                [
                    0.006580829620361328,
                    -0.0371968150138855,
                    0.9992863535881042
                ]
            ],
            [
                [
                    0.979216456413269,
                    0.09021399915218353,
                    0.18164952099323273
                ],
                [
                    -0.09316714107990265,
                    0.9956201910972595,
                    0.007772836834192276
                ],
                [
                    -0.18015268445014954,
                    -0.024535056203603745,
                    0.983332633972168
                ]
            ],
            [
                [
                    0.9842262864112854,
                    0.00511064101010561,
                    -0.1768401712179184
                ],
                [
                    0.010560871101915836,
                    0.9961028695106506,
                    0.08756493031978607
                ],
                [
                    0.17659850418567657,
                    -0.08805128931999207,
                    0.9803366661071777
                ]
            ],
            [
                [
                    0.9996151328086853,
                    -0.001199523569084704,
                    -0.02771608717739582
                ],
                [
                    -0.0007118916255421937,
                    0.9976266622543335,
                    -0.0688515305519104
                ],
                [
                    0.02773289754986763,
                    0.0688447579741478,
                    0.9972418546676636
                ]
            ],
            [
                [
                    0.9823387265205383,
                    -0.1806759387254715,
                    -0.04864983260631561
                ],
                [
                    0.18661002814769745,
                    0.9650304317474365,
                    0.18410024046897888
                ],
                [
                    0.013686084188520908,
                    -0.189927339553833,
                    0.9817026853561401
                ]
            ],
            [
                [
                    0.9950317144393921,
                    0.09333106875419617,
                    0.03465931490063667
                ],
                [
                    -0.09775624424219131,
                    0.9818461537361145,
                    0.16254819929599762
                ],
                [
                    -0.018859315663576126,
                    -0.16512876749038696,
                    0.9860917329788208
                ]
            ],
            [
                [
                    0.9972026944160461,
                    -0.022217407822608948,
                    -0.07136610150337219
                ],
                [
                    0.029465526342391968,
                    0.9943302273750305,
                    0.1021726131439209
                ],
                [
                    0.06869145482778549,
                    -0.10398965328931808,
                    0.992203414440155
                ]
            ],
            [
                [
                    0.8948044180870056,
                    0.4463857412338257,
                    0.008054573088884354
                ],
                [
                    -0.4453566372394562,
                    0.8937175869941711,
                    -0.05409536883234978
                ],
                [
                    -0.0313459150493145,
                    0.044817615300416946,
                    0.9985032677650452
                ]
            ],
            [
                [
                    0.9066956639289856,
                    -0.4216325283050537,
                    -0.01135205663740635
                ],
                [
                    0.42118343710899353,
                    0.9065111875534058,
                    -0.0290188267827034
                ],
                [
                    0.022526048123836517,
                    0.021529950201511383,
                    0.9995144009590149
                ]
            ],
            [
                [
                    0.9962140321731567,
                    -0.03601076826453209,
                    -0.07912588119506836
                ],
                [
                    0.0194866880774498,
                    0.9795119166374207,
                    -0.2004411220550537
                ],
                [
                    0.08472278714179993,
                    0.19814033806324005,
                    0.9765052199363708
                ]
            ],
            [
                [
                    0.562523365020752,
                    0.797344982624054,
                    -0.21865132451057434
                ],
                [
                    -0.8224891424179077,
                    0.5665919184684753,
                    -0.04985171929001808
                ],
                [
                    0.08413705974817276,
                    0.2078811079263687,
                    0.9745287895202637
                ]
            ],
            [
                [
                    0.5505431890487671,
                    -0.8022450804710388,
                    0.23087875545024872
                ],
                [
                    0.8318986296653748,
                    0.5502908229827881,
                    -0.07158719003200531
                ],
                [
                    -0.06961999088525772,
                    0.23147954046726227,
                    0.9703454375267029
                ]
            ],
            [
                [
                    0.9302558302879333,
                    -0.11699099838733673,
                    -0.34776023030281067
                ],
                [
                    0.0824817344546318,
                    0.9902240633964539,
                    -0.11248606443405151
                ],
                [
                    0.3575204014778137,
                    0.07595695555210114,
                    0.93081134557724
                ]
            ],
            [
                [
                    0.8735816478729248,
                    0.13917958736419678,
                    0.4663519859313965
                ],
                [
                    -0.06626547127962112,
                    0.9833278656005859,
                    -0.16933748126029968
                ],
                [
                    -0.4821452498435974,
                    0.11702708154916763,
                    0.8682399988174438
                ]
            ],
            [
                [
                    0.9985510110855103,
                    0.03206922486424446,
                    0.043213117867708206
                ],
                [
                    -0.03125965967774391,
                    0.9993252158164978,
                    -0.019281795248389244
                ],
                [
                    -0.04380231723189354,
                    0.017903029918670654,
                    0.9988796710968018
                ]
            ],
            [
                [
                    0.9971767067909241,
                    -0.05004341900348663,
                    -0.05598536878824234
                ],
                [
                    0.048324257135391235,
                    0.9983300566673279,
                    -0.03165126591920853
                ],
                [
                    0.05747581645846367,
                    0.02885645069181919,
                    0.9979298114776611
                ]
            ],
            [
                [
                    0.9676961302757263,
                    0.23070266842842102,
                    -0.10168863832950592
                ],
                [
                    -0.2112954705953598,
                    0.9621509313583374,
                    0.1721038967370987
                ],
                [
                    0.1375446617603302,
                    -0.14505791664123535,
                    0.9798161387443542
                ]
            ],
            [
                [
                    0.9708848595619202,
                    -0.2184256762266159,
                    0.0983501523733139
                ],
                [
                    0.20197568833827972,
                    0.9671810269355774,
                    0.15416419506072998
                ],
                [
                    -0.1287958323955536,
                    -0.1298113465309143,
                    0.9831380844116211
                ]
            ]
        ],
        "betas": [
            0.017305195331573486,
            0.12363725900650024,
            0.054769307374954224,
            0.4029300808906555,
            -0.023201823234558105,
            0.04076680913567543,
            -0.02801293134689331,
            -0.016742229461669922,
            0.07348199188709259,
            -0.057861387729644775
        ]
    },
    "pred_cam_t": [
        6.562285125255585e-05,
        0.16236251592636108,
        34.70795440673828
    ],
    "focal_length": [
        5000.0,
        5000.0
    ],
    "pred_keypoints_3d": [
        [
            0.023387935012578964,
            -0.8375555276870728,
            -0.15317001938819885
        ],
        [
            0.047829993069171906,
            -0.7381091713905334,
            0.012470701709389687
        ],
        [
            -0.13937759399414062,
            -0.6523362398147583,
            0.050231002271175385
        ],
        [
            -0.19012045860290527,
            -0.41004303097724915,
            0.10790030658245087
        ],
        [
            -0.2507029175758362,
            -0.17845919728279114,
            0.01904992014169693
        ],
        [
            0.21417123079299927,
            -0.6167206168174744,
            0.020350836217403412
        ],
        [
            0.2220088541507721,
            -0.3634859323501587,
            0.08262771368026733
        ],
        [
            0.23490814864635468,
            -0.12230730056762695,
            0.019826799631118774
        ],
        [
            -0.002187911421060562,
            -0.2269999384880066,
            0.02677830308675766
        ],
        [
            -0.0758347362279892,
            -0.14265313744544983,
            0.027244042605161667
        ],
        [
            -0.1404474824666977,
            0.214202880859375,
            -0.0979689210653305
        ],
        [
            -0.15132997930049896,
            0.49934157729148865,
            0.1813146024942398
        ],
        [
            0.057456906884908676,
            -0.12990933656692505,
            0.028882184997200966
        ],
        [
            0.10172426700592041,
            0.23273873329162598,
            -0.058100536465644836
        ],
        [
            0.11212228983640671,
            0.5842041969299316,
            0.13049688935279846
        ],
        [
            0.0005298629403114319,
            -0.8824039697647095,
            -0.11680515110492706
        ],
        [
            0.06458189338445663,
            -0.8790284395217896,
            -0.1338454633951187
        ],
        [
            -0.01566106081008911,
            -0.8784931898117065,
            -0.014469526708126068
        ],
        [
            0.12591969966888428,
            -0.8707835674285889,
            -0.051872603595256805
        ],
        [
            0.10798226296901703,
            0.701959490776062,
            -0.030942261219024658
        ],
        [
            0.17683352530002594,
            0.6915763020515442,
            0.01714174449443817
        ],
        [
            0.12054231762886047,
            0.5966258645057678,
            0.20017088949680328
        ],
        [
            -0.14551135897636414,
            0.643714189529419,
            0.04469522833824158
        ],
        [
            -0.22008082270622253,
            0.6213747262954712,
            0.08515340089797974
        ],
        [
            -0.1599988341331482,
            0.5042328834533691,
            0.2538043260574341
        ],
        [
            -0.1725880205631256,
            0.4437369704246521,
            0.17106252908706665
        ],
        [
            -0.13205362856388092,
            0.15620626509189606,
            -0.09241315722465515
        ],
        [
            -0.14425601065158844,
            -0.2717381715774536,
            0.04295846074819565
        ],
        [
            0.14166495203971863,
            -0.23184004426002502,
            0.051634110510349274
        ],
        [
            0.11063678562641144,
            0.19152432680130005,
            -0.055935438722372055
        ],
        [
            0.12073223292827606,
            0.5431872606277466,
            0.14183853566646576
        ],
        [
            -0.23740069568157196,
            -0.2038540244102478,
            -0.0031758639961481094
        ],
        [
            -0.21806199848651886,
            -0.43122369050979614,
            0.08680272102355957
        ],
        [
            -0.1019354909658432,
            -0.6830940246582031,
            0.04443613812327385
        ],
        [
            0.18872272968292236,
            -0.6549625396728516,
            0.02339150570333004
        ],
        [
            0.2554224133491516,
            -0.3814505338668823,
            0.048480600118637085
        ],
        [
            0.23940132558345795,
            -0.13840395212173462,
            0.007754097692668438
        ],
        [
            0.04942148178815842,
            -0.7258129715919495,
            0.013178922235965729
        ],
        [
            0.0562102235853672,
            -0.9258266687393188,
            -0.05470334738492966
        ],
        [
            -0.0007352095562964678,
            -0.251754492521286,
            0.04687013477087021
        ],
        [
            0.04202192649245262,
            -0.6677990555763245,
            0.03039398230612278
        ],
        [
            0.025770632550120354,
            -0.4962168335914612,
            0.05337662622332573
        ],
        [
            0.04773549363017082,
            -0.8153961896896362,
            -0.07906182110309601
        ],
        [
            0.05423986166715622,
            -0.9457175731658936,
            -0.04652916640043259
        ]
    ],
    "pred_vertices": [
        [
            0.07745718210935593,
            -0.9244773983955383,
            -0.14087720215320587
        ],
        [
            0.06968897581100464,
            -0.9101195335388184,
            -0.1446382999420166
        ],
        [
            0.08230637013912201,
            -0.9066600799560547,
            -0.1386011838912964
        ],
        [
            0.09051197022199631,
            -0.9176493883132935,
            -0.13155055046081543
        ],
        [
            0.07678885012865067,
            -0.897527813911438,
            -0.1422753483057022
        ],
        [
            0.0654752105474472,
            -0.8989568948745728,
            -0.14666466414928436
        ],
        [
            0.09130490571260452,
            -0.9010198712348938,
            -0.1295768916606903
        ],
        [
            0.09904632717370987,
            -0.9080687761306763,
            -0.1212625801563263
        ],
        [
            0.09808798879384995,
            -0.865928053855896,
            -0.1168542131781578
        ],
        [
            0.10405391454696655,
            -0.861636757850647,
            -0.10826500505208969
        ],
        [
            0.10418415814638138,
            -0.8737536668777466,
            -0.1109267994761467
        ],
        [
            0.09708616137504578,
            -0.8748409748077393,
            -0.11832401901483536
        ],
        [
            0.09711641073226929,
            -0.8400558233261108,
            -0.11104895919561386
        ],
        [
            0.08870596438646317,
            -0.8307728171348572,
            -0.11683867871761322
        ],
        [
            0.09300684928894043,
            -0.8221470713615417,
            -0.10725046694278717
        ],
        [
            0.10041260719299316,
            -0.831139862537384,
            -0.10038638859987259
        ],
        [
            0.05223778635263443,
            -0.8452584147453308,
            -0.13317705690860748
        ],
        [
            0.05755645036697388,
            -0.838392436504364,
            -0.1328408420085907
        ],
        [
            0.0616941973567009,
            -0.8449252843856812,
            -0.13339245319366455
        ],
        [
            0.05568047612905502,
            -0.8510216474533081,
            -0.13319149613380432
        ],
        [
            0.042120251804590225,
            -0.8551462888717651,
            -0.13796791434288025
        ],
        [
            0.04411452263593674,
            -0.8607763051986694,
            -0.13533462584018707
        ],
        [
            0.03846656531095505,
            -0.8645973205566406,
            -0.1395973563194275
        ],
        [
            0.03702365607023239,
            -0.8581022024154663,
            -0.14339429140090942
        ],
        [
            0.04674214869737625,
            -0.8402960300445557,
            -0.13167068362236023
        ],
        [
            0.05259484797716141,
            -0.833186149597168,
            -0.13112810254096985
        ],
        [
            0.047450944781303406,
            -0.8511554002761841,
            -0.1341230869293213
        ],
        [
            0.044864583760499954,
            -0.8466150164604187,
            -0.13563254475593567
        ],
        [
            0.03945351392030716,
            -0.8400944471359253,
            -0.14472050964832306
        ],
        [
            0.04144889861345291,
            -0.8447872400283813,
            -0.1439819037914276
        ],
        [
            0.03654009848833084,
            -0.8456464409828186,
            -0.15004101395606995
        ],
        [
            0.035290494561195374,
            -0.8403000831604004,
            -0.14870598912239075
        ],
        [
            0.04411611333489418,
            -0.8398001194000244,
            -0.13612544536590576
        ],
        [
            0.044124722480773926,
            -0.842528223991394,
            -0.13926947116851807
        ],
        [
            0.041117001324892044,
            -0.8387881517410278,
            -0.14072421193122864
        ],
        [
            0.04044429957866669,
            -0.8368721008300781,
            -0.13705572485923767
        ],
        [
            0.04065990447998047,
            -0.8507364988327026,
            -0.14038923382759094
        ],
        [
            0.03633880615234375,
            -0.8523550629615784,
            -0.14674478769302368
        ],
        [
            0.03098273277282715,
            -0.8535962104797363,
            -0.15292564034461975
        ],
        [
            0.030873259529471397,
            -0.8449620008468628,
            -0.15578950941562653
        ],
        [
            0.0692165344953537,
            -0.8245505094528198,
            -0.12775272130966187
        ],
        [
            0.0634595975279808,
            -0.8315491080284119,
            -0.13143564760684967
        ],
        [
            0.05843169242143631,
            -0.8268328309059143,
            -0.1302533596754074
        ],
        [
            0.06355547159910202,
            -0.8211661577224731,
            -0.1279907375574112
        ],
        [
            0.04229918494820595,
            -0.8338660597801208,
            -0.13365285098552704
        ],
        [
            0.04545135423541069,
            -0.8175387978553772,
            -0.13324569165706635
        ],
        [
            0.04580136388540268,
            -0.8213881254196167,
            -0.13392838835716248
        ],
        [
            0.03909393399953842,
            -0.8223146200180054,
            -0.1365281641483307
        ],
        [
            0.039437856525182724,
            -0.8186855912208557,
            -0.1358683705329895
        ],
        [
            0.07554418593645096,
            -0.8103678226470947,
            -0.11880963295698166
        ],
        [
            0.06907525658607483,
            -0.8092545866966248,
            -0.12208573520183563
        ],
        [
            0.06988189369440079,
            -0.8024409413337708,
            -0.11885730922222137
        ],
        [
            0.07606986165046692,
            -0.8023625612258911,
            -0.11407467722892761
        ],
        [
            0.06794698536396027,
            -0.796764612197876,
            -0.11668273061513901
        ],
        [
            0.07546520233154297,
            -0.7947129011154175,
            -0.10984856635332108
        ],
        [
            0.06625136733055115,
            -0.7810347080230713,
            -0.10679725557565689
        ],
        [
            0.07107540965080261,
            -0.7870897054672241,
            -0.10795830190181732
        ],
        [
            0.0639367550611496,
            -0.791316032409668,
            -0.11581872403621674
        ],
        [
            0.05798313394188881,
            -0.7861989736557007,
            -0.1173197329044342
        ],
        [
            0.04420258104801178,
            -0.7910512685775757,
            -0.12355510145425797
        ],
        [
            0.037956953048706055,
            -0.7899243831634521,
            -0.12485115975141525
        ],
        [
            0.0426146574318409,
            -0.7776997089385986,
            -0.12257804721593857
        ],
        [
            0.05005355924367905,
            -0.7810207605361938,
            -0.12032031267881393
        ],
        [
            0.04594805836677551,
            -0.8120583295822144,
            -0.12818783521652222
        ],
        [
            0.05032282695174217,
            -0.8121330142021179,
            -0.1262425184249878
        ],
        [
            0.05013715848326683,
            -0.8134299516677856,
            -0.12870004773139954
        ],
        [
            0.04550480097532272,
            -0.8144744038581848,
            -0.13119176030158997
        ],
        [
            0.05420064181089401,
            -0.8118240833282471,
            -0.12510927021503448
        ],
        [
            0.055934540927410126,
            -0.8115524053573608,
            -0.12470598518848419
        ],
        [
            0.05549582839012146,
            -0.8127672672271729,
            -0.12600550055503845
        ],
        [
            0.053893692791461945,
            -0.8125983476638794,
            -0.12576597929000854
        ],
        [
            0.05189332365989685,
            -0.8122828006744385,
            -0.12591631710529327
        ],
        [
            0.05077368766069412,
            -0.8103601336479187,
            -0.12587834894657135
        ],
        [
            0.05325060337781906,
            -0.8110233545303345,
            -0.12530618906021118
        ],
        [
            0.04676247388124466,
            -0.8094661831855774,
            -0.12783902883529663
        ],
        [
            0.032972387969493866,
            -0.8072154521942139,
            -0.13264906406402588
        ],
        [
            0.03701773285865784,
            -0.8076067566871643,
            -0.13209199905395508
        ],
        [
            0.03591402247548103,
            -0.8122426867485046,
            -0.1313425898551941
        ],
        [
            0.03249629959464073,
            -0.8121981620788574,
            -0.13185107707977295
        ],
        [
            0.05341855436563492,
            -0.8145909905433655,
            -0.12769988179206848
        ],
        [
            0.05616234242916107,
            -0.816044807434082,
            -0.12787561118602753
        ],
        [
            0.051919933408498764,
            -0.8186979293823242,
            -0.130796417593956
        ],
        [
            0.05080606788396835,
            -0.8160399198532104,
            -0.12965527176856995
        ],
        [
            0.05891461670398712,
            -0.8178695440292358,
            -0.12838655710220337
        ],
        [
            0.057889536023139954,
            -0.8138883113861084,
            -0.12601338326931
        ],
        [
            0.06107981503009796,
            -0.8144664764404297,
            -0.12610629200935364
        ],
        [
            0.055366531014442444,
            -0.8097981214523315,
            -0.12437205761671066
        ],
        [
            0.058263521641492844,
            -0.8080887198448181,
            -0.12332743406295776
        ],
        [
            0.05866934731602669,
            -0.810650646686554,
            -0.12469995021820068
        ],
        [
            0.05613008141517639,
            -0.8048979043960571,
            -0.12297341227531433
        ],
        [
            0.05269433557987213,
            -0.8079380989074707,
            -0.12469595670700073
        ],
        [
            0.04867333918809891,
            -0.8060406446456909,
            -0.12649399042129517
        ],
        [
            0.04346174746751785,
            -0.8043496608734131,
            -0.12882861495018005
        ],
        [
            0.046322301030159,
            -0.7996423244476318,
            -0.12580150365829468
        ],
        [
            0.051915548741817474,
            -0.8019735813140869,
            -0.12404345721006393
        ],
        [
            0.054161183536052704,
            -0.8225436210632324,
            -0.13084828853607178
        ],
        [
            0.06315711885690689,
            -0.8099262714385986,
            -0.12364278733730316
        ],
        [
            0.06676888465881348,
            -0.816130518913269,
            -0.124983049929142
        ],
        [
            0.06315246969461441,
            -0.8051926493644714,
            -0.121978260576725
        ],
        [
            0.061107467859983444,
            -0.8008458018302917,
            -0.12071338295936584
        ],
        [
            0.05698254704475403,
            -0.7968441247940063,
            -0.12066292017698288
        ],
        [
            0.05068022757768631,
            -0.7936334609985352,
            -0.12215013056993484
        ],
        [
            0.047248952090740204,
            -0.7698901295661926,
            -0.11099379509687424
        ],
        [
            0.05648323893547058,
            -0.7745698094367981,
            -0.10950033366680145
        ],
        [
            0.06354032456874847,
            -0.8921276330947876,
            -0.14248980581760406
        ],
        [
            0.07260525226593018,
            -0.8909031748771667,
            -0.14156845211982727
        ],
        [
            0.07367977499961853,
            -0.8836623430252075,
            -0.1359834522008896
        ],
        [
            0.07559063285589218,
            -0.8859935998916626,
            -0.13641497492790222
        ],
        [
            0.06981378048658371,
            -0.887272834777832,
            -0.13881544768810272
        ],
        [
            0.06932893395423889,
            -0.8845237493515015,
            -0.13767559826374054
        ],
        [
            0.08978478610515594,
            -0.8768218159675598,
            -0.12306176871061325
        ],
        [
            0.0841631069779396,
            -0.8785173892974854,
            -0.1267588883638382
        ],
        [
            0.08469753712415695,
            -0.8748093843460083,
            -0.1249627098441124
        ],
        [
            0.09130015969276428,
            -0.8701688051223755,
            -0.12202185392379761
        ],
        [
            0.07553894817829132,
            -0.8670027256011963,
            -0.12937989830970764
        ],
        [
            0.08050274848937988,
            -0.8683080673217773,
            -0.1272205412387848
        ],
        [
            0.07650052756071091,
            -0.8749449253082275,
            -0.12988385558128357
        ],
        [
            0.07292939722537994,
            -0.8740230202674866,
            -0.13155442476272583
        ],
        [
            0.06881072372198105,
            -0.8736089468002319,
            -0.13269619643688202
        ],
        [
            0.06448031961917877,
            -0.8737790584564209,
            -0.13307146728038788
        ],
        [
            0.06455892324447632,
            -0.8685095310211182,
            -0.13185343146324158
        ],
        [
            0.06985706090927124,
            -0.867396354675293,
            -0.13100391626358032
        ],
        [
            0.06316256523132324,
            -0.888670027256012,
            -0.13889729976654053
        ],
        [
            0.05621654912829399,
            -0.8884539008140564,
            -0.136996328830719
        ],
        [
            0.057508837431669235,
            -0.8854333162307739,
            -0.13629955053329468
        ],
        [
            0.06337618082761765,
            -0.8854908347129822,
            -0.13819745182991028
        ],
        [
            0.048366814851760864,
            -0.8801324367523193,
            -0.1284816712141037
        ],
        [
            0.04943421483039856,
            -0.8824464082717896,
            -0.13006854057312012
        ],
        [
            0.04578094929456711,
            -0.8839511871337891,
            -0.13069267570972443
        ],
        [
            0.044943008571863174,
            -0.8795464038848877,
            -0.12916867434978485
        ],
        [
            0.0469781756401062,
            -0.8763430118560791,
            -0.1293153613805771
        ],
        [
            0.04942064732313156,
            -0.8782944679260254,
            -0.12897923588752747
        ],
        [
            0.07042887061834335,
            -0.946149468421936,
            -0.13991251587867737
        ],
        [
            0.06280465424060822,
            -0.9293180704116821,
            -0.1454186588525772
        ],
        [
            0.08744433522224426,
            -0.939434826374054,
            -0.1306890994310379
        ],
        [
            0.09870236366987228,
            -0.9293298721313477,
            -0.12042000144720078
        ],
        [
            0.10717257857322693,
            -0.9161547422409058,
            -0.11133944988250732
        ],
        [
            0.0840853750705719,
            -0.8149187564849854,
            -0.11369451135396957
        ],
        [
            0.08631429821252823,
            -0.8063772320747375,
            -0.1068684458732605
        ],
        [
            0.09654518961906433,
            -0.8141748905181885,
            -0.0975315198302269
        ],
        [
            0.0953385978937149,
            -0.8043838739395142,
            -0.09088070690631866
        ],
        [
            0.08500142395496368,
            -0.7965496182441711,
            -0.10129649192094803
        ],
        [
            0.07216960191726685,
            -0.7792751789093018,
            -0.0937948152422905
        ],
        [
            0.08037063479423523,
            -0.7869457602500916,
            -0.09692403674125671
        ],
        [
            0.09153871238231659,
            -0.7951396703720093,
            -0.08310014754533768
        ],
        [
            0.10239285975694656,
            -0.8081698417663574,
            -0.07118415832519531
        ],
        [
            0.1039561927318573,
            -0.8147443532943726,
            -0.08118638396263123
        ],
        [
            0.10922130942344666,
            -0.8244495391845703,
            -0.06128032132983208
        ],
        [
            0.09987936913967133,
            -0.802029550075531,
            -0.057634737342596054
        ],
        [
            0.10829011350870132,
            -0.8243163824081421,
            -0.05190547928214073
        ],
        [
            0.08344555646181107,
            -0.766277015209198,
            -0.05394376069307327
        ],
        [
            0.0859658345580101,
            -0.7549063563346863,
            -0.0487186573445797
        ],
        [
            0.09897670149803162,
            -0.7621328234672546,
            -0.0376439169049263
        ],
        [
            0.09756680577993393,
            -0.7734981775283813,
            -0.043380677700042725
        ],
        [
            0.10346468538045883,
            -0.8224340677261353,
            -0.09021461009979248
        ],
        [
            0.107871875166893,
            -0.8847712278366089,
            -0.10484246909618378
        ],
        [
            0.10154381394386292,
            -0.8839962482452393,
            -0.11493086069822311
        ],
        [
            0.10994681715965271,
            -0.8722240924835205,
            -0.10048092901706696
        ],
        [
            0.11698459833860397,
            -0.9447205066680908,
            -0.09368385374546051
        ],
        [
            0.10855630785226822,
            -0.9390963315963745,
            -0.10903598368167877
        ],
        [
            0.11562267690896988,
            -0.923856258392334,
            -0.10213644802570343
        ],
        [
            0.1234331801533699,
            -0.9313921332359314,
            -0.08862192183732986
        ],
        [
            0.08981730043888092,
            -0.9799089431762695,
            -0.10033775866031647
        ],
        [
            0.08165132999420166,
            -0.9653540849685669,
            -0.12288574874401093
        ],
        [
            0.09468566626310349,
            -0.9538583755493164,
            -0.11657825112342834
        ],
        [
            0.10303148627281189,
            -0.9650295972824097,
            -0.0988699197769165
        ],
        [
            0.1280452311038971,
            -0.9339978694915771,
            -0.07628310471773148
        ],
        [
            0.13280433416366577,
            -0.9368855953216553,
            -0.05864404886960983
        ],
        [
            0.13121220469474792,
            -0.9535923004150391,
            -0.0531698614358902
        ],
        [
            0.12416870892047882,
            -0.9518217444419861,
            -0.07464523613452911
        ],
        [
            0.12146100401878357,
            -0.9750564694404602,
            -0.046271152794361115
        ],
        [
            0.11345771700143814,
            -0.9732191562652588,
            -0.0724475309252739
        ],
        [
            0.10797247290611267,
            -0.8116523027420044,
            -0.03928346186876297
        ],
        [
            0.1108112633228302,
            -0.8300986289978027,
            -0.03993109613656998
        ],
        [
            0.09586896002292633,
            -0.7868314981460571,
            -0.05106458440423012
        ],
        [
            0.10597161203622818,
            -0.7953325510025024,
            -0.036848053336143494
        ],
        [
            0.10568349063396454,
            -0.9918385744094849,
            -0.039059147238731384
        ],
        [
            0.09724444150924683,
            -0.9909641742706299,
            -0.07050047814846039
        ],
        [
            0.1322435885667801,
            -0.9203833341598511,
            -0.00629955530166626
        ],
        [
            0.13400469720363617,
            -0.9369972944259644,
            -0.016996733844280243
        ],
        [
            0.13572512567043304,
            -0.9224492311477661,
            -0.03179454058408737
        ],
        [
            0.13452288508415222,
            -0.9088327884674072,
            -0.02012743055820465
        ],
        [
