{
    "pred_cam": [
        1.1484156847000122,
        0.0180815476924181,
        0.15231767296791077
    ],
    "pred_smpl_params": {
        "global_orient": [
            [
                [
                    0.9922032356262207,
                    0.12435052543878555,
                    -0.008340501226484776
                ],
                [
                    0.12354230880737305,
                    -0.9901614785194397,
                    -0.06570736318826675
                ],
                [
                    -0.01642918959259987,
                    0.0641646608710289,
                    -0.9978039860725403
                ]
            ]
        ],
        "body_pose": [
            [
                [
                    0.9987029433250427,
                    -0.050169628113508224,
                    0.008691022172570229
                ],
                [
                    0.04691304266452789,
                    0.9730138182640076,
                    0.2259276658296585
                ],
                [
                    -0.019791189581155777,
                    -0.22522687911987305,
                    0.9741053581237793
                ]
            ],
            [
                [
                    0.9960160851478577,
                    0.04117269068956375,
                    0.07909977436065674
                ],
                [
                    -0.06296442449092865,
                    0.9528385996818542,
                    0.2968737483024597
                ],
                [
                    -0.06314623355865479,
                    -0.3006714880466461,
                    0.9516350030899048
                ]
            ],
            [
                [
                    0.9994419813156128,
                    -0.007880416698753834,
                    -0.03246023505926132
                ],
                [
                    0.0014366373652592301,
                    0.981014609336853,
                    -0.19392850995063782
                ],
                [
                    0.03337220102548599,
                    0.19377364218235016,
                    0.9804785251617432
                ]
            ],
            [
                [
                    0.99106365442276,
                    0.012855910696089268,
                    -0.13276927173137665
                ],
                [
                    -0.10403706133365631,
                    0.6974327564239502,
                    -0.7090584635734558
                ],
                [
                    0.08348201215267181,
                    0.7165349125862122,
                    0.6925377249717712
                ]
            ],
            [
                [
                    0.9844090938568115,
                    -0.00987221859395504,
                    0.17561665177345276
                ],
                [
                    0.15671710669994354,
                    0.5025635957717896,
                    -0.850217342376709
                ],
                [
                    -0.079865001142025,
                    0.8644838929176331,
                    0.49627530574798584
                ]
            ],
            [
                [
                    0.9992401003837585,
                    -0.038758911192417145,
                    -0.004129943437874317
                ],
                [
                    0.03885838761925697,
                    0.9988633990287781,
                    0.027603214606642723
                ],
                [
                    0.003055378794670105,
                    -0.027742719277739525,
                    0.9996104836463928
                ]
            ],
            [
                [
                    0.9822214245796204,
                    0.017418982461094856,
                    0.18691618740558624
                ],
                [
                    -0.035824015736579895,
                    0.9947802424430847,
                    0.09554574638605118
                ],
                [
                    -0.18427619338035583,
                    -0.10054316371679306,
                    0.9777184724807739
                ]
            ],
            [
                [
                    0.9825841784477234,
                    -0.006605375092476606,
                    -0.18570071458816528
                ],
                [
                    0.01735389605164528,
                    0.9982622265815735,
                    0.05631522834300995
                ],
                [
                    0.1850060075521469,
                    -0.05855708196759224,
                    0.9809913039207458
                ]
            ],
            [
                [
                    0.9997402429580688,
                    -0.01113795954734087,
                    -0.019886193796992302
                ],
                [
                    0.009995291009545326,
                    0.9983433485031128,
                    -0.05666360631585121
                ],
                [
                    0.02048436552286148,
                    0.05645011365413666,
                    0.9981953501701355
                ]
            ],
            [
                [
                    0.9922519326210022,
                    -0.1190083846449852,
                    -0.035680223256349564
                ],
                [
                    0.12315932661294937,
                    0.9800019264221191,
                    0.15629522502422333
                ],
                [
                    0.01636623963713646,
                    -0.1594785898923874,
                    0.9870657920837402
                ]
            ],
            [
                [
                    0.994425356388092,
                    0.09666763991117477,
                    0.042113449424505234
                ],
                [
                    -0.10284645110368729,
                    0.9773041605949402,
                    0.185200497508049
                ],
                [
                    -0.023254752159118652,
                    -0.1884993016719818,
                    0.9817979335784912
                ]
            ],
            [
                [
                    0.97940993309021,
                    -0.061784736812114716,
                    -0.19219446182250977
                ],
                [
                    0.08207357674837112,
                    0.9916513562202454,
                    0.09945525228977203
                ],
                [
                    0.1844451129436493,
                    -0.11318156123161316,
                    0.9763040542602539
                ]
            ],
            [
                [
                    0.8814342021942139,
                    0.47219282388687134,
                    -0.010376653634011745
                ],
                [
                    -0.47219327092170715,
                    0.8805277347564697,
                    -0.04128497093915939
                ],
                [
                    -0.010357537306845188,
                    0.04128977283835411,
                    0.9990935325622559
                ]
            ],
            [
                [
                    0.9002717733383179,
                    -0.4349280297756195,
                    0.018666554242372513
                ],
                [
                    0.4352472424507141,
                    0.9001041650772095,
                    -0.0192977674305439
                ],
                [
                    -0.008408702909946442,
                    0.02549779787659645,
                    0.9996395707130432
                ]
            ],
            [
                [
                    0.9877483248710632,
                    -0.08206424862146378,
                    -0.13273492455482483
                ],
                [
                    0.05303655564785004,
                    0.9764686822891235,
                    -0.20903602242469788
                ],
                [
                    0.14676587283611298,
                    0.19943520426750183,
                    0.9688577055931091
                ]
            ],
            [
                [
                    0.5245485305786133,
                    0.8198827505111694,
                    -0.22943636775016785
                ],
                [
                    -0.8469973802566528,
                    0.5298519134521484,
                    -0.043039318174123764
                ],
                [
                    0.08628010749816895,
                    0.21690821647644043,
                    0.9723715782165527
                ]
            ],
            [
                [
                    0.5633274912834167,
                    -0.7950292229652405,
                    0.2249235212802887
                ],
                [
                    0.8234623074531555,
                    0.5625121593475342,
                    -0.07409339398145676
                ],
                [
                    -0.067615807056427,
                    0.22695490717887878,
                    0.9715551733970642
                ]
            ],
            [
                [
                    0.9298062324523926,
                    -0.10833568871021271,
                    -0.35174399614334106
                ],
                [
                    0.05965081602334976,
                    0.9874195456504822,
                    -0.14643919467926025
                ],
                [
                    0.36318349838256836,
                    0.11517824977636337,
                    0.92457115650177
                ]
            ],
            [
                [
                    0.8949909806251526,
                    0.12594486773014069,
                    0.42793577909469604
                ],
                [
                    -0.0504605658352375,
                    0.9817423224449158,
                    -0.18340054154396057
                ],
                [
                    -0.4432210326194763,
                    0.14254795014858246,
                    0.8850057721138
                ]
            ],
            [
                [
                    0.9983870387077332,
                    0.04031972587108612,
                    0.03996991738677025
                ],
                [
                    -0.03899095207452774,
                    0.9986783266067505,
                    -0.03348453342914581
                ],
                [
                    -0.04126718267798424,
                    0.031872060149908066,
                    0.9986395835876465
                ]
            ],
            [
                [
                    0.9978637099266052,
                    -0.03796808794140816,
                    -0.05316437780857086
                ],
                [
                    0.03405306488275528,
                    0.9967721104621887,
                    -0.07270292192697525
                ],
                [
                    0.055753160268068314,
                    0.07073719054460526,
                    0.9959356188774109
                ]
            ],
            [
                [
                    0.9672786593437195,
                    0.23223410546779633,
                    -0.10217224061489105
                ],
                [
                    -0.21425221860408783,
                    0.9633623957633972,
                    0.1613350212574005
                ],
                [
                    0.13589638471603394,
                    -0.13416531682014465,
                    0.9815965294837952
                ]
            ],
            [
                [
                    0.973069429397583,
                    -0.2133663147687912,
                    0.0872400775551796
                ],
                [
                    0.1958247870206833,
                    0.9648133516311646,
                    0.17546454071998596
                ],
                [
                    -0.12160861492156982,
                    -0.15365538001060486,
                    0.9806128144264221
                ]
            ]
        ],
        "betas": [
            -0.027533307671546936,
            0.0036897659301757812,
            -0.06098473072052002,
            0.18101607263088226,
            0.01301535964012146,
            0.038737449795007706,
            -0.02855798602104187,
            -0.04533025622367859,
            0.08710943907499313,
            -0.055475592613220215
        ]
    },
    "pred_cam_t": [
        0.0180815476924181,
        0.15231767296791077,
        34.014251708984375
    ],
    "focal_length": [
        5000.0,
        5000.0
    ],
    "pred_keypoints_3d": [
        [
            -0.011315740644931793,
            -0.8307380080223083,
            -0.13340935111045837
        ],
        [
            0.04790225625038147,
            -0.7311526536941528,
            0.02009735070168972
        ],
        [
            -0.13704168796539307,
            -0.6389232277870178,
            0.05446482077240944
        ],
        [
            -0.1815437376499176,
            -0.39411789178848267,
            0.10683615505695343
        ],
        [
            -0.23253971338272095,
            -0.1587105542421341,
            0.02308252453804016
        ],
        [
            0.21661199629306793,
            -0.6116852164268494,
            0.022999560460448265
        ],
        [
            0.21227088570594788,
            -0.35732290148735046,
            0.08007480204105377
        ],
        [
            0.20542564988136292,
            -0.11780969798564911,
            0.011845625936985016
        ],
        [
            -0.0019654524512588978,
            -0.22441259026527405,
            0.027749672532081604
        ],
        [
            -0.07964064925909042,
            -0.14303526282310486,
            0.027605662122368813
        ],
        [
            -0.17949864268302917,
            0.2024381160736084,
            -0.10343564301729202
        ],
        [
            -0.23278477787971497,
            0.479009747505188,
            0.17883864045143127
        ],
        [
            0.055023256689310074,
            -0.12515641748905182,
            0.027785710990428925
        ],
        [
            0.06178931146860123,
            0.23499725759029388,
            -0.07570353895425797
        ],
        [
            0.022042635828256607,
            0.5571251511573792,
            0.15543776750564575
        ],
        [
            -0.03064524382352829,
            -0.8723723888397217,
            -0.09187348186969757
        ],
        [
            0.028781168162822723,
            -0.8753145337104797,
            -0.12116039544343948
        ],
        [
            -0.025931410491466522,
            -0.8649812936782837,
            0.010738156735897064
        ],
        [
            0.10584545135498047,
            -0.8708752393722534,
            -0.05285923182964325
        ],
        [
            0.014838486909866333,
            0.6812471747398376,
            -0.00025659799575805664
        ],
        [
            0.08170812577009201,
            0.6742413640022278,
            0.05000174045562744
        ],
        [
            0.027534201741218567,
            0.5644078254699707,
            0.2252037525177002
        ],
        [
            -0.24032406508922577,
            0.6280620098114014,
            0.04919755458831787
        ],
        [
            -0.3125773072242737,
            0.5963067412376404,
            0.08618289232254028
        ],
        [
            -0.2430952936410904,
            0.48016437888145447,
            0.2513687312602997
        ],
        [
            -0.24710221588611603,
            0.4218651056289673,
            0.16710823774337769
        ],
        [
            -0.16529197990894318,
            0.14654871821403503,
            -0.09708534926176071
        ],
        [
            -0.14309050142765045,
            -0.27419033646583557,
            0.04612308740615845
        ],
        [
            0.14547793567180634,
            -0.2224271446466446,
            0.05199667438864708
        ],
        [
            0.07542278617620468,
            0.19613716006278992,
            -0.07304210215806961
        ],
        [
            0.03570584952831268,
            0.5159883499145508,
            0.1617777943611145
        ],
        [
            -0.2188921868801117,
            -0.18351183831691742,
            0.0008057057857513428
        ],
        [
            -0.2097470462322235,
            -0.4143361449241638,
            0.08543629199266434
        ],
        [
            -0.10081541538238525,
            -0.6713238954544067,
            0.05089343711733818
        ],
        [
            0.18972226977348328,
            -0.6498751640319824,
            0.026752904057502747
        ],
        [
            0.2452777624130249,
            -0.37395113706588745,
            0.04527350515127182
        ],
        [
            0.21014854311943054,
            -0.13402625918388367,
            6.177974864840508e-05
        ],
        [
            0.04946298152208328,
            -0.7182345390319824,
            0.019130099564790726
        ],
        [
            0.03210126608610153,
            -0.9194598197937012,
            -0.03973671793937683
        ],
        [
            0.001811653608456254,
            -0.2485070824623108,
            0.04870430380105972
        ],
        [
            0.043444111943244934,
            -0.6595145463943481,
            0.03528329357504845
        ],
        [
            0.03211993724107742,
            -0.488723486661911,
            0.05766412988305092
        ],
        [
            0.02856971137225628,
            -0.8095141053199768,
            -0.06733974814414978
        ],
        [
            0.02973673865199089,
            -0.9387803673744202,
            -0.030504081398248672
        ]
    ],
    "pred_vertices": [
        [
            0.036345090717077255,
            -0.9219026565551758,
            -0.1285688579082489
        ],
        [
            0.0292558204382658,
            -0.9070161581039429,
            -0.13118445873260498
        ],
        [
            0.04318301007151604,
            -0.9045830965042114,
            -0.1279415488243103
        ],
        [
            0.051496971398591995,
            -0.9162088632583618,
            -0.12196324020624161
        ],
        [
            0.037762828171253204,
            -0.895010232925415,
            -0.13081473112106323
        ],
        [
            0.025725549086928368,
            -0.8954904079437256,
            -0.132816344499588
        ],
        [
            0.054192915558815,
            -0.899545431137085,
            -0.12102127075195312
        ],
        [
            0.06261808425188065,
            -0.9072574377059937,
            -0.1139741986989975
        ],
        [
            0.0662655308842659,
            -0.8650014400482178,
            -0.11145975440740585
        ],
        [
            0.07409229874610901,
            -0.8610447645187378,
            -0.10426026582717896
        ],
        [
            0.07284360378980637,
            -0.8730748295783997,
            -0.1065116822719574
        ],
        [
            0.06437676399946213,
            -0.873725414276123,
            -0.1123565062880516
        ],
        [
            0.06871667504310608,
            -0.839060366153717,
            -0.1064225360751152
        ],
        [
            0.06010876223444939,
            -0.8292089700698853,
            -0.11092676967382431
        ],
        [
            0.06696218252182007,
            -0.8207734823226929,
            -0.10254743695259094
        ],
        [
            0.07471997290849686,
            -0.8302068710327148,
            -0.09681335836648941
        ],
        [
            0.019869348034262657,
            -0.8406040668487549,
            -0.11951814591884613
        ],
        [
            0.02578398771584034,
            -0.8342700600624084,
            -0.12056376039981842
        ],
        [
            0.02914314717054367,
            -0.8411425352096558,
            -0.12165607511997223
        ],
        [
            0.02272813208401203,
            -0.8466536998748779,
            -0.12001492083072662
        ],
        [
            0.008309576660394669,
            -0.8495523929595947,
            -0.12167908996343613
        ],
        [
            0.010263409465551376,
            -0.8552840948104858,
            -0.11930245906114578
        ],
        [
            0.003557652235031128,
            -0.8586664795875549,
            -0.1221003383398056
        ],
        [
            0.0020086169242858887,
            -0.8521621823310852,
            -0.12576335668563843
        ],
        [
            0.0152556411921978,
            -0.8351439833641052,
            -0.11709576100111008
        ],
        [
            0.02175789326429367,
            -0.8286371827125549,
            -0.11805133521556854
        ],
        [
            0.014487769454717636,
            -0.8460347056388855,
            -0.11920057237148285
        ],
        [
            0.01223963126540184,
            -0.8412651419639587,
            -0.12032729387283325
        ],
        [
            0.005707096308469772,
            -0.8345398902893066,
            -0.12821714580059052
        ],
        [
            0.007385674864053726,
            -0.8393707275390625,
            -0.12770691514015198
        ],
        [
            0.001332700252532959,
            -0.839931845664978,
            -0.13258762657642365
        ],
        [
            0.0008425042033195496,
            -0.8344716429710388,
            -0.1312474012374878
        ],
        [
            0.011959634721279144,
            -0.8344894647598267,
            -0.12083493918180466
        ],
        [
            0.011120077222585678,
            -0.837240993976593,
            -0.12377068400382996
        ],
        [
            0.008223477751016617,
            -0.8332988023757935,
            -0.12472953647375107
        ],
        [
            0.008454464375972748,
            -0.8312918543815613,
            -0.12111040204763412
        ],
        [
            0.006830621510744095,
            -0.845102071762085,
            -0.12389868497848511
        ],
        [
            0.0011987462639808655,
            -0.8464717864990234,
            -0.12909385561943054
        ],
        [
            -0.005339108407497406,
            -0.8473800420761108,
            -0.13398215174674988
        ],
        [
            -0.005177527666091919,
            -0.8388795852661133,
            -0.13710260391235352
        ],
        [
            0.039487823843955994,
            -0.8214722275733948,
            -0.11824756115674973
        ],
        [
            0.03247854858636856,
            -0.8279708623886108,
            -0.12057342380285263
        ],
        [
            0.028242139145731926,
            -0.8228179216384888,
            -0.11857103556394577
        ],
        [
            0.034220725297927856,
            -0.8176265954971313,
            -0.11749591678380966
        ],
        [
            0.011259377002716064,
            -0.8283857107162476,
            -0.11831450462341309
        ],
        [
            0.01599680259823799,
            -0.8125144243240356,
            -0.11917566508054733
        ],
        [
            0.015835462138056755,
            -0.8163553476333618,
            -0.11977861076593399
        ],
        [
            0.008668478578329086,
            -0.8167366981506348,
            -0.12096060812473297
        ],
        [
            0.009483113884925842,
            -0.8131833672523499,
            -0.12054005265235901
        ],
        [
            0.048703331500291824,
            -0.8078124523162842,
            -0.1110805869102478
        ],
        [
            0.04181433096528053,
            -0.8062218427658081,
            -0.11311386525630951
        ],
        [
            0.04387757182121277,
            -0.7994768619537354,
            -0.11031556129455566
        ],
        [
            0.050920501351356506,
            -0.7997952699661255,
            -0.10679026693105698
        ],
        [
            0.04299582540988922,
            -0.7936703562736511,
            -0.10802413523197174
        ],
        [
            0.05195207521319389,
            -0.7920814752578735,
            -0.10275275260210037
        ],
        [
            0.04488632455468178,
            -0.7777533531188965,
            -0.09846815466880798
        ],
        [
            0.04879105091094971,
            -0.7841231226921082,
            -0.10032474249601364
        ],
        [
            0.0397869311273098,
            -0.7879239320755005,
            -0.10659439861774445
        ],
        [
            0.03414446860551834,
            -0.7824469804763794,
            -0.10713089257478714
        ],
        [
            0.01893584243953228,
            -0.7860808372497559,
            -0.110469751060009
        ],
        [
            0.012673038989305496,
            -0.7844198942184448,
            -0.11060845106840134
        ],
        [
            0.01884428597986698,
            -0.7727686166763306,
            -0.10971691459417343
        ],
        [
            0.026245979592204094,
            -0.7767108678817749,
            -0.1087585836648941
        ],
        [
            0.017824074253439903,
            -0.8071011900901794,
            -0.1145261749625206
        ],
        [
            0.022477595135569572,
            -0.8075313568115234,
            -0.11344663798809052
        ],
        [
            0.02169402502477169,
            -0.8088440299034119,
            -0.11576595157384872
        ],
        [
            0.01658022776246071,
            -0.8095124959945679,
            -0.11728228628635406
        ],
        [
            0.026493707671761513,
            -0.8075300455093384,
            -0.11311975866556168
        ],
        [
            0.02827971614897251,
            -0.8073948621749878,
            -0.11307121813297272
        ],
        [
            0.027493853121995926,
            -0.8085836172103882,
            -0.1142025738954544
        ],
        [
            0.025987202301621437,
            -0.8082826733589172,
            -0.11368098855018616
        ],
        [
            0.024024689570069313,
            -0.8078083395957947,
            -0.11346014589071274
        ],
        [
            0.023120583966374397,
            -0.8058232069015503,
            -0.11328159272670746
        ],
        [
            0.02559925802052021,
            -0.8066738843917847,
            -0.11317460983991623
        ],
        [
            0.018887169659137726,
            -0.8046472072601318,
            -0.1144421175122261
        ],
        [
            0.004828415811061859,
            -0.8011468648910522,
            -0.11670318245887756
        ],
        [
            0.008708331733942032,
            -0.8019821643829346,
            -0.11682901531457901
        ],
        [
            0.007352761924266815,
            -0.8064063787460327,
            -0.11575416475534439
        ],
        [
            0.004068370908498764,
            -0.8060019016265869,
            -0.11564703285694122
        ],
        [
            0.025110017508268356,
            -0.8101975917816162,
            -0.11539624631404877
        ],
        [
            0.027482230216264725,
            -0.811923623085022,
            -0.11603241413831711
        ],
        [
            0.02252081222832203,
            -0.8142411112785339,
            -0.11796147376298904
        ],
        [
            0.021914752200245857,
            -0.8114991188049316,
            -0.11672927439212799
        ],
        [
            0.02986583299934864,
            -0.8139761686325073,
            -0.11704989522695541
        ],
        [
            0.029720308259129524,
            -0.8098976612091064,
            -0.11464116722345352
        ],
        [
            0.03287098556756973,
            -0.8106991648674011,
            -0.11535782366991043
        ],
        [
            0.027958067134022713,
            -0.8056130409240723,
            -0.1127203106880188
        ],
        [
            0.031129982322454453,
            -0.8041309118270874,
            -0.1123238131403923
        ],
        [
            0.031015992164611816,
            -0.8067209720611572,
            -0.11364952474832535
        ],
        [
            0.029419859871268272,
            -0.8008027076721191,
            -0.11167213320732117
        ],
        [
            0.025452720001339912,
            -0.8035639524459839,
            -0.11258438974618912
        ],
        [
            0.021341079846024513,
            -0.8014053106307983,
            -0.11361800134181976
        ],
        [
            0.015935832634568214,
            -0.7993268966674805,
            -0.11496607959270477
        ],
        [
            0.01975914277136326,
            -0.7948501706123352,
            -0.11276368796825409
        ],
        [
            0.02536577172577381,
            -0.7975873947143555,
            -0.11201498657464981
        ],
        [
            0.024480924010276794,
            -0.818162202835083,
            -0.11836959421634674
        ],
        [
            0.03566475212574005,
            -0.806377112865448,
            -0.11349686235189438
        ],
        [
            0.03838174790143967,
            -0.812889814376831,
            -0.11529524624347687
        ],
        [
            0.036417968571186066,
            -0.8016586303710938,
            -0.1120351180434227
        ],
        [
            0.03508196771144867,
            -0.7971580028533936,
            -0.11054056882858276
        ],
        [
            0.03151319921016693,
            -0.792911171913147,
            -0.10987846553325653
        ],
        [
            0.025323672220110893,
            -0.7891854047775269,
            -0.1102096363902092
        ],
        [
            0.026403943076729774,
            -0.7652159333229065,
            -0.09963426738977432
        ],
        [
            0.03535041958093643,
            -0.7706195116043091,
            -0.09960290044546127
        ],
        [
            0.025135038420557976,
            -0.8883929252624512,
            -0.128740131855011
        ],
        [
            0.03432849422097206,
            -0.8879716396331787,
            -0.12964293360710144
        ],
        [
            0.03709226846694946,
            -0.8807625770568848,
            -0.12470784038305283
        ],
        [
            0.03849637508392334,
            -0.8833370208740234,
            -0.12538674473762512
        ],
        [
            0.03242773562669754,
            -0.8840186595916748,
            -0.12661969661712646
        ],
        [
            0.03240741044282913,
            -0.881256103515625,
            -0.12551002204418182
        ],
        [
            0.0559898242354393,
            -0.8751676678657532,
            -0.11545170843601227
        ],
        [
            0.049603190273046494,
            -0.8764225244522095,
            -0.11791730672121048
        ],
        [
            0.05084436014294624,
            -0.872726559638977,
            -0.11646334081888199
        ],
        [
            0.0582873709499836,
            -0.8686509132385254,
            -0.11502072960138321
        ],
        [
            0.041673917323350906,
            -0.8642475605010986,
            -0.1194000095129013
        ],
        [
            0.046840593218803406,
            -0.8659393191337585,
            -0.11821068078279495
        ],
        [
            0.04176044836640358,
            -0.8722611665725708,
            -0.11970524489879608
        ],
        [
            0.03801444545388222,
            -0.8710498809814453,
            -0.12069831788539886
        ],
        [
            0.03380740433931351,
            -0.8702653646469116,
            -0.12109296023845673
        ],
        [
            0.029490841552615166,
            -0.8700222969055176,
            -0.12061339616775513
        ],
        [
            0.030275896191596985,
            -0.8647604584693909,
            -0.11967360973358154
        ],
        [
            0.035726457834243774,
            -0.8641433119773865,
            -0.11990350484848022
        ],
        [
            0.025717997923493385,
            -0.8848111629486084,
            -0.12537918984889984
        ],
        [
            0.019300192594528198,
            -0.8838983774185181,
            -0.12217162549495697
        ],
        [
            0.02098376303911209,
            -0.8809802532196045,
            -0.12191163748502731
        ],
        [
            0.02635580115020275,
            -0.8816369771957397,
            -0.1248982697725296
        ],
        [
            0.014071330428123474,
            -0.8746790885925293,
            -0.11268306523561478
        ],
        [
            0.014598388224840164,
            -0.8771159648895264,
            -0.11435627192258835
        ],
        [
            0.01077650859951973,
            -0.8783091306686401,
            -0.11416582763195038
        ],
        [
            0.010634426027536392,
            -0.8738100528717041,
            -0.112684465944767
        ],
        [
            0.012922890484333038,
            -0.8708104491233826,
            -0.113343246281147
        ],
        [
            0.015212129801511765,
            -0.8729525804519653,
            -0.11342252790927887
        ],
        [
            0.027564246207475662,
            -0.9430913925170898,
            -0.1252513825893402
        ],
        [
            0.020665962249040604,
            -0.9255815744400024,
            -0.13007205724716187
        ],
        [
            0.04664977267384529,
            -0.9376885294914246,
            -0.11948645859956741
        ],
        [
            0.06051826849579811,
            -0.9284511208534241,
            -0.1121470183134079
        ],
        [
            0.0716184675693512,
            -0.9158831834793091,
            -0.10536333173513412
        ],
        [
            0.05765562504529953,
            -0.812959611415863,
            -0.10746391862630844
        ],
        [
            0.061978839337825775,
            -0.8045051097869873,
            -0.1014920175075531
        ],
        [
            0.0731484591960907,
            -0.812942624092102,
            -0.0939265564084053
        ],
        [
            0.07416169345378876,
            -0.8029846549034119,
            -0.08739621192216873
        ],
        [
            0.06281416118144989,
            -0.7945419549942017,
            -0.0960507020354271
        ],
        [
            0.05338195338845253,
            -0.7762172222137451,
            -0.08667081594467163
        ],
        [
            0.06007305905222893,
            -0.7844929099082947,
            -0.09103556722402573
        ],
        [
            0.07270598411560059,
            -0.7934103608131409,
            -0.0790230855345726
        ],
        [
            0.08419816195964813,
            -0.8069992065429688,
            -0.06882880628108978
        ],
        [
            0.08342233300209045,
            -0.8138299584388733,
            -0.07904355227947235
        ],
        [
            0.09148025512695312,
            -0.823606550693512,
            -0.05992784723639488
        ],
        [
            0.0850575715303421,
            -0.8003311157226562,
            -0.054923154413700104
        ],
        [
            0.09246138483285904,
            -0.8230893015861511,
            -0.05051747336983681
        ],
        [
            0.07390926033258438,
            -0.7624971866607666,
            -0.04897785931825638
        ],
        [
            0.07838884741067886,
            -0.7509268522262573,
            -0.043828532099723816
        ],
        [
            0.09160716831684113,
            -0.7588274478912354,
            -0.034184280782938004
        ],
        [
            0.08848324418067932,
            -0.7705152034759521,
            -0.04022062569856644
        ],
        [
            0.08046877384185791,
            -0.8215707540512085,
            -0.0876598060131073
        ],
        [
            0.07641566544771194,
            -0.8844099044799805,
            -0.10051921010017395
        ],
        [
            0.0684046521782875,
            -0.8832088708877563,
            -0.10938792675733566
        ],
        [
            0.08068299293518066,
            -0.8720139265060425,
            -0.09734050929546356
        ],
        [
            0.08221983909606934,
            -0.9450125694274902,
            -0.08850864320993423
        ],
        [
            0.07147908955812454,
            -0.9389294385910034,
            -0.10235174000263214
        ],
        [
            0.08102962374687195,
            -0.9241615533828735,
            -0.09745845198631287
        ],
        [
            0.09067554771900177,
            -0.9320734739303589,
            -0.08531928062438965
        ],
        [
            0.051465440541505814,
            -0.9776404500007629,
            -0.08850720524787903
        ],
        [
            0.04022423177957535,
            -0.9629926681518555,
            -0.10966289043426514
        ],
        [
            0.05519264563918114,
            -0.9524198770523071,
            -0.1064436212182045
        ],
        [
            0.06595215946435928,
            -0.9639803171157837,
            -0.09022997319698334
        ],
        [
            0.0973290354013443,
            -0.9348989725112915,
            -0.07395876199007034
        ],
        [
            0.10521756112575531,
            -0.9377518892288208,
            -0.057405635714530945
        ],
        [
            0.10320857167243958,
            -0.9541052579879761,
            -0.050872884690761566
        ],
        [
            0.09236045181751251,
            -0.9521803855895996,
            -0.07066363096237183
        ],
        [
            0.09321420639753342,
            -0.9743120670318604,
            -0.04137025773525238
        ],
        [
            0.08055423945188522,
            -0.9724265336990356,
            -0.06576405465602875
        ],
        [
            0.09561321884393692,
            -0.8098781108856201,
            -0.03791031613945961
        ],
        [
            0.09677743166685104,
            -0.8287761807441711,
            -0.038936275988817215
        ],
        [
            0.08431956171989441,
            -0.7842742204666138,
            -0.04783770069479942
        ],
        [
            0.09552013874053955,
            -0.7931944131851196,
            -0.034968383610248566
        ],
        [
            0.07758015394210815,
            -0.98906409740448,
            -0.030650809407234192
        ],
        [
            0.06352517753839493,
            -0.9884374141693115,
            -0.059988975524902344
        ],
        [
            0.11595941334962845,
            -0.9199963212013245,
            -0.006598331034183502
        ],
        [
            0.11435627937316895,
            -0.9369664192199707,
            -0.01666073501110077
        ],
        [
            0.11457721889019012,
            -0.9230504035949707,
            -0.032294996082782745
        ],
        [
            0.11673866212368011,
