{
    "pred_cam": [
        1.4700508117675781,
        0.10880938917398453,
        0.3018358051776886
    ],
    "pred_smpl_params": {
        "global_orient": [
            [
                [
                    -0.7724990248680115,
                    0.11078665405511856,
                    -0.6252771615982056
                ],
                [
                    0.14681580662727356,
                    -0.9268260598182678,
                    -0.3455987572669983
                ],
                [
                    -0.6178109645843506,
                    -0.3587752878665924,
                    0.6997069716453552
                ]
            ]
        ],
        "body_pose": [
            [
                [
                    0.9988536238670349,
                    0.04724200814962387,
                    0.007728206925094128
                ],
                [
                    -0.047869689762592316,
                    0.9862826466560364,
                    0.15797168016433716
                ],
                [
                    -0.00015929700748529285,
                    -0.1581605225801468,
                    0.9874134659767151
                ]
            ],
            [
                [
                    0.9911758899688721,
                    0.0597592331469059,
                    -0.11831822246313095
                ],
                [
                    -0.0430634468793869,
                    0.989362895488739,
                    0.13894827663898468
                ],
                [
                    0.12536309659481049,
                    -0.1326269954442978,
                    0.9832060933113098
                ]
            ],
            [
                [
                    0.9966384172439575,
                    -0.025908110663294792,
                    0.07772142440080643
                ],
                [
                    0.04037587344646454,
                    0.980797529220581,
                    -0.19080345332622528
                ],
                [
                    -0.07128562033176422,
                    0.19330012798309326,
                    0.9785465598106384
                ]
            ],
            [
                [
                    0.9948011636734009,
                    0.08423054218292236,
                    -0.05723477154970169
                ],
                [
                    -0.09475643932819366,
                    0.9715110659599304,
                    -0.21722671389579773
                ],
                [
                    0.03730709105730057,
                    0.22152076661586761,
                    0.9744417071342468
                ]
            ],
            [
                [
                    0.9762780070304871,
                    -0.20689493417739868,
                    -0.06384187936782837
                ],
                [
                    0.1471911072731018,
                    0.8504136204719543,
                    -0.5051053762435913
                ],
                [
                    0.1587957739830017,
                    0.48372629284858704,
                    0.8606932163238525
                ]
            ],
            [
                [
                    0.9971864223480225,
                    0.007643893826752901,
                    0.07457158714532852
                ],
                [
                    -0.003010981483384967,
                    0.9980689287185669,
                    -0.06204274296760559
                ],
                [
                    -0.07490183413028717,
                    0.06164364144206047,
                    0.9952837824821472
                ]
            ],
            [
                [
                    0.9818661212921143,
                    0.009718156419694424,
                    0.18932601809501648
                ],
                [
                    -0.0091320239007473,
                    0.9999504089355469,
                    -0.0039677610620856285
                ],
                [
                    -0.18935519456863403,
                    0.00216687167994678,
                    0.9819061756134033
                ]
            ],
            [
                [
                    0.9770071506500244,
                    0.061676088720560074,
                    -0.20409102737903595
                ],
                [
                    -0.04355544596910477,
                    0.9947947263717651,
                    0.09212104231119156
                ],
                [
                    0.20871037244796753,
                    -0.08111363649368286,
                    0.9746078848838806
                ]
            ],
            [
                [
                    0.9977233409881592,
                    0.024411818012595177,
                    0.06286659091711044
                ],
                [
                    -0.019578492268919945,
                    0.9968863725662231,
                    -0.07638216018676758
                ],
                [
                    -0.0645354762673378,
                    0.07497743517160416,
                    0.9950947761535645
                ]
            ],
            [
                [
                    0.9963948726654053,
                    -0.07682181894779205,
                    0.03599458187818527
                ],
                [
                    0.07685945928096771,
                    0.9970418810844421,
                    0.0003384939336683601
                ],
                [
                    -0.0359141081571579,
                    0.0024292508605867624,
                    0.9993519186973572
                ]
            ],
            [
                [
                    0.9997351765632629,
                    -0.0051343063823878765,
                    -0.022433459758758545
                ],
                [
                    0.005640121176838875,
                    0.9997299909591675,
                    0.022542539983987808
                ],
                [
                    0.022311661392450333,
                    -0.022663095965981483,
                    0.999494194984436
                ]
            ],
            [
                [
                    0.9761976599693298,
                    0.007993051782250404,
                    0.21673542261123657
                ],
                [
                    0.014348424971103668,
                    0.9947511553764343,
                    -0.10131244361400604
                ],
                [
                    -0.21640761196613312,
                    0.10201077908277512,
                    0.9709590673446655
                ]
            ],
            [
                [
                    0.9219337105751038,
                    0.2921478748321533,
                    -0.25433817505836487
                ],
                [
                    -0.2748201787471771,
                    0.9560680389404297,
                    0.10201870650053024
                ],
                [
                    0.272969126701355,
                    -0.024157220497727394,
                    0.9617195129394531
                ]
            ],
            [
                [
                    0.8725091814994812,
                    -0.37832802534103394,
                    0.3091852366924286
                ],
                [
                    0.36732417345046997,
                    0.925177276134491,
                    0.0954987183213234
                ],
                [
                    -0.32218101620674133,
                    0.03024769015610218,
                    0.9461947083473206
                ]
            ],
            [
                [
                    0.9935363531112671,
                    0.09017740935087204,
                    0.06894584745168686
                ],
                [
                    -0.05039409548044205,
                    0.8946382999420166,
                    -0.44393980503082275
                ],
                [
                    -0.10171496123075485,
                    0.4375959038734436,
                    0.8934000730514526
                ]
            ],
            [
                [
                    0.7193707227706909,
                    0.549004316329956,
                    -0.42555856704711914
                ],
                [
                    -0.5933368802070618,
                    0.8042140603065491,
                    0.03451411798596382
                ],
                [
                    0.36118853092193604,
                    0.22767113149166107,
                    0.9042725563049316
                ]
            ],
            [
                [
                    0.5291622281074524,
                    -0.670803427696228,
                    0.5196248888969421
                ],
                [
                    0.7016854286193848,
                    0.6902708411216736,
                    0.17653243243694305
                ],
                [
                    -0.47710052132606506,
                    0.27119892835617065,
                    0.8359582424163818
                ]
            ],
            [
                [
                    0.6772174835205078,
                    -0.08938712626695633,
                    -0.730333149433136
                ],
                [
                    0.0010611932957544923,
                    0.9927108287811279,
                    -0.1205161064863205
                ],
                [
                    0.7357821464538574,
                    0.0808405801653862,
                    0.6723759770393372
                ]
            ],
            [
                [
                    0.6209851503372192,
                    0.16769568622112274,
                    0.7656732797622681
                ],
                [
                    -0.13249099254608154,
                    0.9852463603019714,
                    -0.10833162814378738
                ],
                [
                    -0.7725435495376587,
                    -0.034172460436820984,
                    0.6340415477752686
                ]
            ],
            [
                [
                    0.995776355266571,
                    -0.08187326043844223,
                    -0.04154862463474274
                ],
                [
                    0.08203005790710449,
                    0.996627688407898,
                    0.0020799394696950912
                ],
                [
                    0.041238218545913696,
                    -0.005479389801621437,
                    0.999134361743927
                ]
            ],
            [
                [
                    0.9951008558273315,
                    0.07622583210468292,
                    0.06295938044786453
                ],
                [
                    -0.08150570094585419,
                    0.992950975894928,
                    0.08605344593524933
                ],
                [
                    -0.05595608055591583,
                    -0.09076341241598129,
                    0.9942992329597473
                ]
            ],
            [
                [
                    0.9835967421531677,
                    0.1523033231496811,
                    -0.09664939343929291
                ],
                [
                    -0.13889029622077942,
                    0.981342613697052,
                    0.13295181095600128
                ],
                [
                    0.11509517580270767,
                    -0.11734731495380402,
                    0.9863988757133484
                ]
            ],
            [
                [
                    0.9830426573753357,
                    -0.1707903891801834,
                    0.06676670908927917
                ],
                [
                    0.16256800293922424,
                    0.9801335334777832,
                    0.11362134665250778
                ],
                [
                    -0.08484572917222977,
                    -0.1008405014872551,
                    0.9912781119346619
                ]
            ]
        ],
        "betas": [
            -0.323793888092041,
            -0.4423312246799469,
            0.24636784195899963,
            0.7880909442901611,
            0.2971729040145874,
            -0.09120594710111618,
            -0.04768487811088562,
            -0.041593968868255615,
            0.030089497566223145,
            -0.08259916305541992
        ]
    },
    "pred_cam_t": [
        0.10880938917398453,
        0.3018358051776886,
        26.57221031188965
    ],
    "focal_length": [
        5000.0,
        5000.0
    ],
    "pred_keypoints_3d": [
        [
            -0.1521262526512146,
            -0.7687089443206787,
            -0.04670075699687004
        ],
        [
            0.015617705881595612,
            -0.7203808426856995,
            -0.10457907617092133
        ],
        [
            0.11550554633140564,
            -0.64970463514328,
            0.06422791630029678
        ],
        [
            0.049668751657009125,
            -0.4454723000526428,
            0.1850813627243042
        ],
        [
            -0.17801707983016968,
            -0.40378254652023315,
            0.269687682390213
        ],
        [
            -0.10377170890569687,
            -0.6007951498031616,
            -0.21330000460147858
        ],
        [
            -0.2391759157180786,
            -0.3884873390197754,
            -0.19914813339710236
        ],
        [
            -0.38503897190093994,
            -0.3241961598396301,
            -0.018369123339653015
        ],
        [
            -0.0019934535957872868,
            -0.2294750064611435,
            0.029214588925242424
        ],
        [
            0.04283552244305611,
            -0.15465617179870605,
            0.10090852528810501
        ],
        [
            0.02362341433763504,
            0.16077920794487,
            0.28996676206588745
        ],
        [
            0.008600937202572823,
            0.5385316610336304,
            0.23132635653018951
        ],
        [
            -0.06202101707458496,
            -0.13270384073257446,
            0.01449467334896326
        ],
        [
            -0.14505480229854584,
            0.18144002556800842,
            0.16951385140419006
        ],
        [
            -0.09643760323524475,
            0.5400211811065674,
            0.29211950302124023
        ],
        [
            -0.13315558433532715,
            -0.823340654373169,
            -0.02832397073507309
        ],
        [
            -0.15662384033203125,
            -0.811434268951416,
            -0.08924172818660736
        ],
        [
            -0.033560484647750854,
            -0.8609044551849365,
            -0.026417702436447144
        ],
        [
            -0.08875508606433868,
            -0.834896981716156,
            -0.16282705962657928
        ],
        [
            -0.22921964526176453,
            0.545996367931366,
            0.4404267966747284
        ],
        [
            -0.2405543029308319,
            0.5802778601646423,
            0.36506888270378113
        ],
        [
            -0.05870750546455383,
            0.5859329700469971,
            0.26135116815567017
        ],
        [
            -0.05626852810382843,
            0.5752043128013611,
            0.413311243057251
        ],
        [
            0.027986042201519012,
            0.5851373672485352,
            0.39225971698760986
        ],
        [
            0.026616428047418594,
            0.5831201076507568,
            0.1806195080280304
        ],
        [
            0.04241897910833359,
            0.4906056821346283,
            0.21711836755275726
        ],
        [
            0.027444761246442795,
            0.10271482914686203,
            0.26701033115386963
        ],
        [
            0.12316489219665527,
            -0.2770552933216095,
            0.10083495080471039
        ],
        [
            -0.09841039776802063,
            -0.2143825888633728,
            -0.08618810772895813
        ],
        [
            -0.147244393825531,
            0.14569635689258575,
            0.14333674311637878
        ],
        [
            -0.08849029242992401,
            0.516511082649231,
            0.2561691999435425
        ],
        [
            -0.17129401862621307,
            -0.43530818819999695,
            0.2505109906196594
        ],
        [
            0.047558851540088654,
            -0.4800313115119934,
            0.20566928386688232
        ],
        [
            0.09555104374885559,
            -0.6779292225837708,
            0.028982728719711304
        ],
        [
            -0.08215795457363129,
            -0.6348140239715576,
            -0.20912623405456543
        ],
        [
            -0.2630653381347656,
            -0.43193331360816956,
            -0.20145036280155182
        ],
        [
            -0.38291189074516296,
            -0.3451838493347168,
            -0.02392931655049324
        ],
        [
            0.007401174865663052,
            -0.7090233564376831,
            -0.09855489432811737
        ],
        [
            -0.10192812979221344,
            -0.8871626853942871,
            -0.09141485393047333
        ],
        [
            0.011801300570368767,
            -0.2459651380777359,
            0.0066064586862921715
        ],
        [
            0.008714168332517147,
            -0.6532830595970154,
            -0.08749430626630783
        ],
        [
            0.038567401468753815,
            -0.4815538823604584,
            -0.06851451098918915
        ],
        [
            -0.07999725639820099,
            -0.7741746306419373,
            -0.08054348081350327
        ],
        [
            -0.1025758907198906,
            -0.9071003794670105,
            -0.09093037247657776
        ]
    ],
    "pred_vertices": [
        [
            -0.18342596292495728,
            -0.8514923453330994,
            -0.09996606409549713
        ],
        [
            -0.18000110983848572,
            -0.8367037177085876,
            -0.091776542365551
        ],
        [
            -0.17462384700775146,
            -0.8354525566101074,
            -0.10522091388702393
        ],
        [
            -0.17421762645244598,
            -0.8477007150650024,
            -0.11416123807430267
        ],
        [
            -0.17411160469055176,
            -0.8251488208770752,
            -0.09933066368103027
        ],
        [
            -0.17673368752002716,
            -0.8254328966140747,
            -0.08762410283088684
        ],
        [
            -0.16572536528110504,
            -0.8328142762184143,
            -0.11541790515184402
        ],
        [
            -0.16235879063606262,
            -0.8424946069717407,
            -0.124432273209095
        ],
        [
            -0.14179781079292297,
            -0.8044000267982483,
            -0.12493846565485
        ],
        [
            -0.1337587535381317,
            -0.8036918640136719,
            -0.13224416971206665
        ],
        [
            -0.14049679040908813,
            -0.814183235168457,
            -0.1313152313232422
        ],
        [
            -0.1463957130908966,
            -0.8123780488967896,
            -0.12330541759729385
        ],
        [
            -0.12676465511322021,
            -0.783152163028717,
            -0.12495608627796173
        ],
        [
            -0.1272781938314438,
            -0.7726112604141235,
            -0.1160830557346344
        ],
        [
            -0.11608193814754486,
            -0.7681602239608765,
            -0.12187466025352478
        ],
        [
            -0.11399650573730469,
            -0.7788344621658325,
            -0.13014549016952515
        ],
        [
            -0.14163795113563538,
            -0.7814878225326538,
            -0.07768329977989197
        ],
        [
            -0.1396653950214386,
            -0.7750293016433716,
            -0.08300289511680603
        ],
        [
            -0.1435125470161438,
            -0.7804793119430542,
            -0.08689409494400024
        ],
        [
            -0.14455744624137878,
            -0.7864890098571777,
            -0.08102932572364807
        ],
        [
            -0.14802446961402893,
            -0.7893295288085938,
            -0.06707112491130829
        ],
        [
            -0.1481945514678955,
            -0.795330822467804,
            -0.06932323426008224
        ],
        [
            -0.1526595652103424,
            -0.7974709272384644,
            -0.06306114792823792
        ],
        [
            -0.1533469259738922,
            -0.7902916073799133,
            -0.06123638153076172
        ],
        [
            -0.13726595044136047,
            -0.7778896689414978,
            -0.07270926237106323
        ],
        [
            -0.13497386872768402,
            -0.7714258432388306,
            -0.07845252007246017
        ],
        [
            -0.1437576860189438,
            -0.7867422103881836,
            -0.07292008399963379
        ],
        [
            -0.1429717093706131,
            -0.7823620438575745,
            -0.07028227299451828
        ],
        [
            -0.1480644941329956,
            -0.773323118686676,
            -0.06371649354696274
        ],
        [
            -0.1495949625968933,
            -0.7777300477027893,
            -0.06579916179180145
        ],
        [
            -0.1546773612499237,
            -0.7764567136764526,
            -0.06020543351769447
        ],
        [
            -0.1511288434267044,
            -0.7720719575881958,
            -0.05915123224258423
        ],
        [
            -0.14082452654838562,
            -0.7759078145027161,
            -0.06988001614809036
        ],
        [
            -0.1447574496269226,
            -0.7773038148880005,
            -0.0693904459476471
        ],
        [
            -0.1441618800163269,
            -0.7735263705253601,
            -0.0661822035908699
        ],
        [
            -0.13990020751953125,
            -0.7732034921646118,
            -0.06594592332839966
        ],
        [
            -0.148251473903656,
            -0.7845237255096436,
            -0.06560599058866501
        ],
        [
            -0.15414069592952728,
            -0.7838011980056763,
            -0.06039470434188843
        ],
        [
            -0.1593981236219406,
            -0.7828669548034668,
            -0.054177869111299515
        ],
        [
            -0.15860505402088165,
            -0.7740508317947388,
            -0.0534706637263298
        ],
        [
            -0.13177606463432312,
            -0.7636947631835938,
            -0.09522920846939087
        ],
        [
            -0.13676680624485016,
            -0.7689409255981445,
            -0.08929164707660675
        ],
        [
            -0.13282155990600586,
            -0.7657058238983154,
            -0.08434849977493286
        ],
        [
            -0.1295425444841385,
            -0.7611067295074463,
            -0.08968092501163483
        ],
        [
            -0.13594992458820343,
            -0.7716888785362244,
            -0.06814628094434738
        ],
        [
            -0.13002166152000427,
            -0.7571057081222534,
            -0.07111526280641556
        ],
        [
            -0.13200289011001587,
            -0.7603061199188232,
            -0.07141987979412079
        ],
        [
            -0.1337357759475708,
            -0.7604659795761108,
            -0.0644194707274437
        ],
        [
            -0.13194599747657776,
            -0.7574163675308228,
            -0.06480131298303604
        ],
        [
            -0.11954675614833832,
            -0.7538970708847046,
            -0.10291565954685211
        ],
        [
            -0.12084435671567917,
            -0.7521250247955322,
            -0.09593155235052109
        ],
        [
            -0.11565686762332916,
            -0.7471201419830322,
            -0.09713248908519745
        ],
        [
            -0.11249787360429764,
            -0.7484961748123169,
            -0.10390201956033707
        ],
        [
            -0.11135762929916382,
            -0.7431089878082275,
            -0.09490154683589935
        ],
        [
            -0.10592822730541229,
            -0.7435337901115417,
            -0.10335195064544678
        ],
        [
            -0.0967237576842308,
            -0.7328529357910156,
            -0.0941058099269867
        ],
        [
            -0.1008184477686882,
            -0.737601637840271,
            -0.09892536699771881
        ],
        [
            -0.10782597959041595,
            -0.7388553619384766,
            -0.09080382436513901
        ],
        [
            -0.10623959451913834,
            -0.7340654730796814,
            -0.08447785675525665
        ],
        [
            -0.11132245510816574,
            -0.7366178631782532,
            -0.0707535520195961
        ],
        [
            -0.11097124218940735,
            -0.7355349659919739,
            -0.06444843113422394
        ],
        [
            -0.10512933880090714,
            -0.7250880002975464,
            -0.06898803263902664
        ],
        [
            -0.10578123480081558,
            -0.7285192012786865,
            -0.07624657452106476
        ],
        [
            -0.12348440289497375,
            -0.753860354423523,
            -0.07214011251926422
        ],
        [
            -0.12250920385122299,
            -0.7543880939483643,
            -0.07680634409189224
        ],
        [
            -0.12518428266048431,
            -0.7545912265777588,
            -0.0763377696275711
        ],
        [
            -0.1270577609539032,
            -0.7549296617507935,
            -0.07141967862844467
        ],
        [
            -0.12204939872026443,
            -0.7542661428451538,
            -0.08081835508346558
        ],
        [
            -0.12183838337659836,
            -0.7540833950042725,
            -0.08260390162467957
        ],
        [
            -0.12339373677968979,
            -0.7546827793121338,
            -0.08204099535942078
        ],
        [
            -0.12283433973789215,
            -0.7546509504318237,
            -0.08073317259550095
        ],
        [
            -0.12255662679672241,
            -0.7544476985931396,
            -0.07865088433027267
        ],
        [
            -0.1216273382306099,
            -0.7528140544891357,
            -0.07747458666563034
        ],
        [
            -0.12181223183870316,
            -0.7535211443901062,
            -0.07978235185146332
        ],
        [
            -0.12245146185159683,
            -0.7515096664428711,
            -0.073170505464077
        ],
        [
            -0.12389115989208221,
            -0.7485283017158508,
            -0.058749932795763016
        ],
        [
            -0.1241566613316536,
            -0.7487486600875854,
            -0.06272678077220917
        ],
        [
            -0.1248956099152565,
            -0.7532879710197449,
            -0.061843641102313995
        ],
        [
            -0.12483888119459152,
            -0.7533472776412964,
            -0.05847747251391411
        ],
        [
            -0.12527284026145935,
            -0.7558568120002747,
            -0.08004357665777206
        ],
        [
            -0.1263466328382492,
            -0.7569839954376221,
            -0.08242616802453995
        ],
        [
            -0.12921740114688873,
            -0.7585560083389282,
            -0.07784993201494217
        ],
        [
            -0.1270984560251236,
            -0.7566120624542236,
            -0.07683955132961273
        ],
        [
            -0.12792356312274933,
            -0.7581754922866821,
            -0.085242860019207
        ],
        [
            -0.1241564005613327,
            -0.755642831325531,
            -0.08439864218235016
        ],
        [
            -0.12502425909042358,
            -0.7560158967971802,
            -0.08747730404138565
        ],
        [
            -0.12080427259206772,
            -0.7526906728744507,
            -0.08201276510953903
        ],
        [
            -0.11961637437343597,
            -0.7514713406562805,
            -0.08501120656728745
        ],
        [
            -0.12192856520414352,
            -0.753169596195221,
            -0.08529187738895416
        ],
        [
            -0.11786405742168427,
            -0.7487524151802063,
            -0.08285054564476013
        ],
        [
            -0.11998074501752853,
            -0.7510370016098022,
            -0.0792536586523056
        ],
        [
            -0.12035791575908661,
            -0.7488179206848145,
            -0.0749695673584938
        ],
        [
            -0.12103904038667679,
            -0.7466543912887573,
            -0.06948430091142654
        ],
        [
            -0.11700109392404556,
            -0.7433938980102539,
            -0.07261897623538971
        ],
        [
            -0.1171669289469719,
            -0.7458345890045166,
            -0.07844527810811996
        ],
        [
            -0.1310880035161972,
            -0.76197749376297,
            -0.08012422174215317
        ],
        [
            -0.12139596045017242,
            -0.7526733875274658,
            -0.08988755196332932
        ],
        [
            -0.12555046379566193,
            -0.7574731111526489,
            -0.0932396799325943
        ],
        [
            -0.11814750730991364,
            -0.7490134239196777,
            -0.09001964330673218
        ],
        [
            -0.11508891731500626,
            -0.7456863522529602,
            -0.08801564574241638
        ],
        [
            -0.11301630735397339,
            -0.7423758506774902,
            -0.08336301147937775
        ],
        [
            -0.11210808902978897,
            -0.7391462326049805,
            -0.07730182260274887
        ],
        [
            -0.09266583621501923,
            -0.7218847274780273,
            -0.07477882504463196
        ],
        [
            -0.09504683315753937,
            -0.7263628840446472,
            -0.08372683078050613
        ],
        [
            -0.16986894607543945,
            -0.8203230500221252,
            -0.08657023310661316
        ],
        [
            -0.1700255274772644,
            -0.8191070556640625,
            -0.09563079476356506
        ],
        [
            -0.16225242614746094,
            -0.8144400119781494,
            -0.09759849309921265
        ],
        [
            -0.1638379693031311,
            -0.8160441517829895,
            -0.0993523895740509
        ],
        [
            -0.16573256254196167,
            -0.8167943954467773,
            -0.09329599142074585
        ],
        [
            -0.16343410313129425,
            -0.8147396445274353,
            -0.09304316341876984
        ],
        [
            -0.15006312727928162,
            -0.8126113414764404,
            -0.11569070816040039
        ],
        [
            -0.15311527252197266,
            -0.8129934072494507,
            -0.10948178172111511
        ],
        [
            -0.15013736486434937,
            -0.8103659152984619,
            -0.11010986566543579
        ],
        [
            -0.1470194309949875,
            -0.8067476749420166,
            -0.11731799691915512
        ],
        [
            -0.14976689219474792,
            -0.8020612001419067,
            -0.10069142282009125
        ],
        [
            -0.1491999626159668,
            -0.8038089275360107,
            -0.10577765107154846
        ],
        [
            -0.1533414125442505,
            -0.8090197443962097,
            -0.1015099436044693
        ],
        [
            -0.15389731526374817,
            -0.8076908588409424,
            -0.09785933792591095
        ],
        [
            -0.15402843058109283,
            -0.8070768713951111,
            -0.09373222291469574
        ],
        [
            -0.1538674682378769,
            -0.8072905540466309,
            -0.08925946801900864
        ],
        [
            -0.1507207751274109,
            -0.8029261827468872,
            -0.08987799286842346
        ],
        [
            -0.15032929182052612,
            -0.8020308017730713,
            -0.09516638517379761
        ],
        [
            -0.16523489356040955,
            -0.8182998895645142,
            -0.0869903489947319
        ],
        [
            -0.1623765379190445,
            -0.8191120028495789,
            -0.08016710728406906
        ],
        [
            -0.16056160628795624,
            -0.8166176080703735,
            -0.0818389505147934
        ],
        [
            -0.16323265433311462,
            -0.8157607316970825,
            -0.08735793828964233
        ],
        [
            -0.14997026324272156,
            -0.8153051733970642,
            -0.07414190471172333
        ],
        [
            -0.15253688395023346,
            -0.8166371583938599,
            -0.0748521089553833
        ],
        [
            -0.15302562713623047,
            -0.818078875541687,
            -0.07119503617286682
        ],
        [
            -0.14977574348449707,
            -0.814760684967041,
            -0.07071662694215775
        ],
        [
            -0.14898107945919037,
            -0.8117035627365112,
            -0.07283985614776611
        ],
        [
            -0.14981701970100403,
            -0.8134301900863647,
            -0.07521567493677139
        ],
        [
            -0.1900113821029663,
            -0.8720972537994385,
            -0.09234129637479782
        ],
        [
            -0.1878771185874939,
            -0.8550623655319214,
            -0.08433358371257782
        ],
        [
            -0.18141916394233704,
            -0.8689815998077393,
            -0.11049424856901169
        ],
        [
            -0.1694299876689911,
            -0.8631147146224976,
            -0.12357839941978455
        ],
        [
            -0.15801241993904114,
            -0.8536592721939087,
            -0.13389542698860168
        ],
        [
            -0.1179681345820427,
            -0.7595779895782471,
            -0.1121639758348465
        ],
        [
            -0.10909723490476608,
            -0.7544962167739868,
            -0.11536591500043869
        ],
        [
            -0.10478794574737549,
            -0.7646279335021973,
            -0.12678088247776031
        ],
        [
            -0.09562574326992035,
            -0.7582259774208069,
            -0.12653355300426483
        ],
        [
            -0.10058280825614929,
            -0.7478646039962769,
            -0.1144256740808487
        ],
        [
            -0.08680395781993866,
            -0.7344291806221008,
            -0.10221697390079498
        ],
        [
            -0.09320269525051117,
            -0.7406582236289978,
            -0.11018496751785278
        ],
        [
            -0.0860617533326149,
            -0.7519894242286682,
            -0.12425023317337036
        ],
        [
            -0.0813586562871933,
            -0.7673938274383545,
            -0.13797350227832794
        ],
        [
            -0.091612309217453,
            -0.7705947160720825,
            -0.1369972974061966
        ],
        [
            -0.0789809376001358,
            -0.7861034870147705,
            -0.14664337038993835
        ],
        [
            -0.06853750348091125,
            -0.764858603477478,
            -0.13776060938835144
        ],
        [
            -0.07050754129886627,
            -0.7892795205116272,
            -0.14693519473075867
        ],
        [
            -0.059358950704336166,
            -0.7360481023788452,
            -0.11669883131980896
        ],
        [
            -0.0557764433324337,
            -0.7281438708305359,
            -0.11748087406158447
        ],
        [
            -0.04969310760498047,
            -0.7360914945602417,
            -0.13389071822166443
        ],
        [
            -0.05372215807437897,
            -0.7447829246520996,
            -0.13313204050064087
        ],
        [
            -0.10198359191417694,
            -0.7743569612503052,
            -0.1351487785577774
        ],
        [
            -0.1400790959596634,
            -0.8264797925949097,
            -0.1359439492225647
        ],
        [
            -0.14785052835941315,
            -0.8220293521881104,
            -0.128025621175766
        ],
        [
            -0.13119789958000183,
            -0.8166185617446899,
            -0.13894788920879364
        ],
        [
            -0.15383580327033997,
            -0.887373685836792,
            -0.1460552215576172
        ],
        [
            -0.16451148688793182,
            -0.8762685060501099,
            -0.1351030319929123
        ],
        [
            -0.1534571498632431,
            -0.8647596836090088,
            -0.14337730407714844
        ],
        [
            -0.1452348679304123,
            -0.8764681816101074,
            -0.1530981957912445
        ],
        [
            -0.17066305875778198,
            -0.918315589427948,
            -0.11708540469408035
        ],
        [
            -0.1845022439956665,
            -0.8959198594093323,
            -0.10601219534873962
        ],
        [
            -0.17598623037338257,
            -0.8879427909851074,
            -0.12037909030914307
        ],
        [
            -0.16488231718540192,
            -0.9047011137008667,
            -0.13091358542442322
        ],
        [
            -0.13533897697925568,
            -0.8832975625991821,
            -0.16009798645973206
        ],
        [
            -0.12127038836479187,
            -0.892784833908081,
            -0.1671239584684372
        ],
        [
            -0.12203392386436462,
            -0.9103342294692993,
            -0.165899395942688
        ],
        [
            -0.140556201338768,
            -0.9010422229766846,
            -0.15639889240264893
        ],
        [
            -0.12296642363071442,
            -0.9335774183273315,
            -0.15714095532894135
        ],
        [
            -0.1451355218887329,
            -0.9221796989440918,
            -0.1452184021472931
        ],
        [
            -0.05577775835990906,
            -0.7809652090072632,
            -0.14674711227416992
        ],
        [
            -0.06157594919204712,
            -0.7997900247573853,
            -0.1502617448568344
        ],
        [
            -0.06048284471035004,
            -0.753754734992981,
            -0.13236108422279358
        ],
        [
            -0.05112367123365402,
            -0.7659210562705994,
            -0.1442597508430481
        ],
        [
            -0.12068383395671844,
            -0.9522160291671753,
            -0.14204229414463043
        ],
        [
            -0.1477578729391098,
            -0.9400547742843628,
            -0.12902897596359253
        ],
        [
            -0.06651172041893005,
            -0.8976104259490967,
            -0.1757371723651886
        ],
        [
            -0.08285331726074219,
            -0.9088988304138184,
            -0.1743364930152893
        ],
        [
            -0.0911734402179718,
            -0.8895018100738525,
            -0.17487074434757233
        ],
        [
