{
    "pred_cam": [
        1.1471824645996094,
        0.0468340665102005,
        0.16674700379371643
    ],
    "pred_smpl_params": {
        "global_orient": [
            [
                [
                    0.962738573551178,
                    0.2278265804052353,
                    -0.14570321142673492
                ],
                [
                    0.2184726446866989,
                    -0.9727623462677002,
                    -0.07747981697320938
                ],
                [
                    -0.1593865603208542,
                    0.04276064410805702,
                    -0.9862896800041199
                ]
            ]
        ],
        "body_pose": [
            [
                [
                    0.9932160377502441,
                    -0.10672558844089508,
                    0.046169787645339966
                ],
                [
                    0.094597227871418,
                    0.9724717140197754,
                    0.21295571327209473
                ],
                [
                    -0.06762663275003433,
                    -0.20714347064495087,
                    0.975970447063446
                ]
            ],
            [
                [
                    0.9960312843322754,
                    0.02865023724734783,
                    0.08426600694656372
                ],
                [
                    -0.05125093832612038,
                    0.9586768746376038,
                    0.27984291315078735
                ],
                [
                    -0.07276631146669388,
                    -0.2830510139465332,
                    0.956340491771698
                ]
            ],
            [
                [
                    0.9976533055305481,
                    0.00078090641181916,
                    -0.06846434623003006
                ],
                [
                    -0.014322067610919476,
                    0.9801944494247437,
                    -0.19751906394958496
                ],
                [
                    0.0669541209936142,
                    0.1980360895395279,
                    0.9779053926467896
                ]
            ],
            [
                [
                    0.9907172918319702,
                    0.04528534784913063,
                    -0.1281735599040985
                ],
                [
                    -0.1272209733724594,
                    0.6410872340202332,
                    -0.756850004196167
                ],
                [
                    0.04789622500538826,
                    0.766130805015564,
                    0.6408974528312683
                ]
            ],
            [
                [
                    0.9874702095985413,
                    0.003238348290324211,
                    0.1577720046043396
                ],
                [
                    0.11655567586421967,
                    0.6590298414230347,
                    -0.7430304884910583
                ],
                [
                    -0.10638266056776047,
                    0.7521097660064697,
                    0.6503949165344238
                ]
            ],
            [
                [
                    0.9986606240272522,
                    -0.025263700634241104,
                    -0.0451527014374733
                ],
                [
                    0.025224318727850914,
                    0.9996808171272278,
                    -0.0014418205246329308
                ],
                [
                    0.04517471417784691,
                    0.0003009432111866772,
                    0.9989791512489319
                ]
            ],
            [
                [
                    0.9841632843017578,
                    0.011026392690837383,
                    0.1769212782382965
                ],
                [
                    -0.029916658997535706,
                    0.9940786361694336,
                    0.10446319729089737
                ],
                [
                    -0.174721822142601,
                    -0.1081017255783081,
                    0.9786655902862549
                ]
            ],
            [
                [
                    0.9807666540145874,
                    -0.014334872364997864,
                    -0.19465693831443787
                ],
                [
                    0.019737714901566505,
                    0.999471127986908,
                    0.02584453672170639
                ],
                [
                    0.19418349862098694,
                    -0.029189545661211014,
                    0.9805309176445007
                ]
            ],
            [
                [
                    0.9979507923126221,
                    -0.004541932605206966,
                    -0.0638248398900032
                ],
                [
                    0.00014671900134999305,
                    0.9976373314857483,
                    -0.06870031356811523
                ],
                [
                    0.06398607790470123,
                    0.06855016946792603,
                    0.9955936074256897
                ]
            ],
            [
                [
                    0.9957667589187622,
                    -0.09136420488357544,
                    -0.010053183883428574
                ],
                [
                    0.09185623377561569,
                    0.9852226376533508,
                    0.14456450939178467
                ],
                [
                    -0.0033033955842256546,
                    -0.14487600326538086,
                    0.9894443154335022
                ]
            ],
            [
                [
                    0.9932208061218262,
                    0.11539836972951889,
                    0.013985865749418736
                ],
                [
                    -0.1161205992102623,
                    0.9794541001319885,
                    0.1648808717727661
                ],
                [
                    0.005328469909727573,
                    -0.16538716852664948,
                    0.9862143397331238
                ]
            ],
            [
                [
                    0.969551146030426,
                    -0.09218382090330124,
                    -0.226875901222229
                ],
                [
                    0.0964842289686203,
                    0.9953030347824097,
                    0.007914275862276554
                ],
                [
                    0.2250807136297226,
                    -0.029563242569565773,
                    0.9738914966583252
                ]
            ],
            [
                [
                    0.8844945430755615,
                    0.46343281865119934,
                    -0.05384720489382744
                ],
                [
                    -0.4652973711490631,
                    0.884677529335022,
                    -0.02905193716287613
                ],
                [
                    0.034173790365457535,
                    0.05075123906135559,
                    0.9981265068054199
                ]
            ],
            [
                [
                    0.9022390246391296,
                    -0.43044039607048035,
                    0.026186395436525345
                ],
                [
                    0.4306260943412781,
                    0.9025288820266724,
                    -0.001632224884815514
                ],
                [
                    -0.022931406274437904,
                    0.01274920254945755,
                    0.9996556639671326
                ]
            ],
            [
                [
                    0.9830387830734253,
                    -0.10530024021863937,
                    -0.15015555918216705
                ],
                [
                    0.06325618177652359,
                    0.9631759524345398,
                    -0.261324942111969
                ],
                [
                    0.17214380204677582,
                    0.24739426374435425,
                    0.9535002112388611
                ]
            ],
            [
                [
                    0.550442636013031,
                    0.8006533980369568,
                    -0.23657366633415222
                ],
                [
                    -0.82500821352005,
                    0.5650755763053894,
                    -0.007143418304622173
                ],
                [
                    0.1279626190662384,
                    0.19910725951194763,
                    0.9715873599052429
                ]
            ],
            [
                [
                    0.5191584825515747,
                    -0.7977432012557983,
                    0.3067251741886139
                ],
                [
                    0.8492581844329834,
                    0.5218535661697388,
                    -0.08018407970666885
                ],
                [
                    -0.09609930217266083,
                    0.30211707949638367,
                    0.9484146237373352
                ]
            ],
            [
                [
                    0.9490213394165039,
                    -0.08392546325922012,
                    -0.30383387207984924
                ],
                [
                    0.050740938633680344,
                    0.9920077323913574,
                    -0.11552528291940689
                ],
                [
                    0.3111010491847992,
                    0.0942191481590271,
                    0.9456949830055237
                ]
            ],
            [
                [
                    0.7880387902259827,
                    0.1641184240579605,
                    0.5933464765548706
                ],
                [
                    0.010563642717897892,
                    0.9600637555122375,
                    -0.27958157658576965
                ],
                [
                    -0.6155350208282471,
                    0.22658900916576385,
                    0.7548338174819946
                ]
            ],
            [
                [
                    0.9988333582878113,
                    0.02445346862077713,
                    0.04164237529039383
                ],
                [
                    -0.022151043638586998,
                    0.9982471466064453,
                    -0.054881587624549866
                ],
                [
                    -0.04291142523288727,
                    0.05389513075351715,
                    0.9976242184638977
                ]
            ],
            [
                [
                    0.9996439814567566,
                    -0.011369727551937103,
                    -0.024138769134879112
                ],
                [
                    0.010859253816306591,
                    0.9997168183326721,
                    -0.021173931658267975
                ],
                [
                    0.024372674524784088,
                    0.020904263481497765,
                    0.9994843602180481
                ]
            ],
            [
                [
                    0.968303382396698,
                    0.23202863335609436,
                    -0.09247268736362457
                ],
                [
                    -0.2125891000032425,
                    0.9599361419677734,
                    0.18256115913391113
                ],
                [
                    0.1311272829771042,
                    -0.15711592137813568,
                    0.978836178779602
                ]
            ],
            [
                [
                    0.9720770120620728,
                    -0.2124297171831131,
                    0.09969907999038696
                ],
                [
                    0.19365406036376953,
                    0.9661514759063721,
                    0.17043916881084442
                ],
                [
                    -0.13253074884414673,
                    -0.14637286961078644,
                    0.9803115129470825
                ]
            ]
        ],
        "betas": [
            -0.0599941611289978,
            -0.03949671983718872,
            -0.06764006614685059,
            0.19399015605449677,
            0.03349021077156067,
            0.007874105125665665,
            -0.0504571795463562,
            -0.038829922676086426,
            0.0890846773982048,
            -0.05260220170021057
        ]
    },
    "pred_cam_t": [
        0.0468340665102005,
        0.16674700379371643,
        34.05081558227539
    ],
    "focal_length": [
        5000.0,
        5000.0
    ],
    "pred_keypoints_3d": [
        [
            0.0024650543928146362,
            -0.8066465854644775,
            -0.13730520009994507
        ],
        [
            0.1029677614569664,
            -0.7204463481903076,
            -0.0013105310499668121
        ],
        [
            -0.0770198255777359,
            -0.6553746461868286,
            0.08339530974626541
        ],
        [
            -0.13281095027923584,
            -0.41525590419769287,
            0.14341171085834503
        ],
        [
            -0.19800066947937012,
            -0.20124231278896332,
            0.022414177656173706
        ],
        [
            0.24792414903640747,
            -0.5786993503570557,
            -0.041622135788202286
        ],
        [
            0.2296675741672516,
            -0.3241574168205261,
            0.00867234542965889
        ],
        [
            0.18003517389297485,
            -0.08717264235019684,
            -0.04717646911740303
        ],
        [
            -0.0019340645521879196,
            -0.2242071032524109,
            0.027948761358857155
        ],
        [
            -0.08648966997861862,
            -0.15083467960357666,
            0.03919439762830734
        ],
        [
            -0.23177552223205566,
            0.18489164113998413,
            -0.06919483095407486
        ],
        [
            -0.2914772033691406,
            0.49938538670539856,
            0.16642031073570251
        ],
        [
            0.0447213277220726,
            -0.11998976767063141,
            0.01991574466228485
        ],
        [
            0.023056546226143837,
            0.24018816649913788,
            -0.07691705971956253
        ],
        [
            -0.018723784014582634,
            0.535184919834137,
            0.18570563197135925
        ],
        [
            -0.0004722103476524353,
            -0.8542183637619019,
            -0.0983491763472557
        ],
        [
            0.04516050964593887,
            -0.8486084938049316,
            -0.14592337608337402
        ],
        [
            0.03878094255924225,
            -0.8598174452781677,
            -0.003428429365158081
        ],
        [
            0.1411879062652588,
            -0.8470832109451294,
            -0.10756606608629227
        ],
        [
            -0.047892551869153976,
            0.6705732345581055,
            0.04242056608200073
        ],
        [
            0.022452980279922485,
            0.6647351384162903,
            0.0867326557636261
        ],
        [
            -0.007554367184638977,
            0.5373128652572632,
            0.2549300193786621
        ],
        [
            -0.33294689655303955,
            0.6267172694206238,
            0.019786924123764038
        ],
        [
            -0.3951247036457062,
            0.59182208776474,
            0.06991547346115112
        ],
        [
            -0.29342004656791687,
            0.5103824138641357,
            0.2385757565498352
        ],
        [
            -0.29937201738357544,
            0.43988028168678284,
            0.16549578309059143
        ],
        [
            -0.21119196712970734,
            0.12832631170749664,
            -0.06384159624576569
        ],
        [
            -0.13394562900066376,
            -0.28813257813453674,
            0.06624103337526321
        ],
        [
            0.14616601169109344,
            -0.20813903212547302,
            0.031294893473386765
        ],
        [
            0.03890632838010788,
            0.20300813019275665,
            -0.07647556811571121
        ],
        [
            -0.0016304138116538525,
            0.4951375126838684,
            0.18707209825515747
        ],
        [
            -0.18431976437568665,
            -0.2298472821712494,
            0.004020027816295624
        ],
        [
            -0.1615373194217682,
            -0.4384123682975769,
            0.12489479035139084
        ],
        [
            -0.03879968822002411,
            -0.6816419959068298,
            0.06877574324607849
        ],
        [
            0.22869883477687836,
            -0.6199520230293274,
            -0.032155148684978485
        ],
        [
            0.2528073489665985,
            -0.33792954683303833,
            -0.033643938601017
        ],
        [
            0.18290479481220245,
            -0.10223579406738281,
            -0.060690782964229584
        ],
        [
            0.10118036717176437,
            -0.7070366144180298,
            -0.0032868189737200737
        ],
        [
            0.07754665613174438,
            -0.9027782082557678,
            -0.0779709443449974
        ],
        [
            0.006676360033452511,
            -0.24809342622756958,
            0.04819798842072487
        ],
        [
            0.09277556091547012,
            -0.6497913002967834,
            0.015899188816547394
        ],
        [
            0.06634528189897537,
            -0.4843074679374695,
            0.05136841535568237
        ],
        [
            0.06098765879869461,
            -0.7906695604324341,
            -0.08656439185142517
        ],
        [
            0.07893723249435425,
            -0.9231007695198059,
            -0.07141894102096558
        ]
    ],
    "pred_vertices": [
        [
            0.051663611084222794,
            -0.8935765624046326,
            -0.1622849553823471
        ],
        [
            0.043578967452049255,
            -0.878937304019928,
            -0.16033843159675598
        ],
        [
            0.057751771062612534,
            -0.8759826421737671,
            -0.16154471039772034
        ],
        [
            0.06789355725049973,
            -0.8875949382781982,
            -0.16029684245586395
        ],
        [
            0.05140766501426697,
            -0.8664689064025879,
            -0.16104775667190552
        ],
        [
            0.03929496556520462,
            -0.8676056265830994,
            -0.15888002514839172
        ],
        [
            0.07027128338813782,
            -0.8709716796875,
            -0.15795937180519104
        ],
        [
            0.08074134588241577,
            -0.8787224292755127,
            -0.15535637736320496
        ],
        [
            0.08333417773246765,
            -0.8369685411453247,
            -0.14793971180915833
        ],
        [
            0.09298863261938095,
            -0.8333281874656677,
            -0.143324613571167
        ],
        [
            0.09171944856643677,
            -0.8450753688812256,
            -0.1468312293291092
        ],
        [
            0.08181972056627274,
            -0.8456850051879883,
            -0.1495250016450882
        ],
        [
            0.08671894669532776,
            -0.8117538094520569,
            -0.14021876454353333
        ],
        [
            0.07675635814666748,
            -0.8020662069320679,
            -0.14007876813411713
        ],
        [
            0.08582169562578201,
            -0.7942491769790649,
            -0.1332923322916031
        ],
        [
            0.09540189802646637,
            -0.803663969039917,
            -0.13196611404418945
        ],
        [
            0.036439090967178345,
            -0.8153878450393677,
            -0.1363140046596527
        ],
        [
            0.04142136499285698,
            -0.8085305690765381,
            -0.13842295110225677
        ],
        [
            0.044377002865076065,
            -0.8148990869522095,
            -0.14162060618400574
        ],
        [
            0.03910885006189346,
            -0.8210741877555847,
            -0.13866105675697327
        ],
        [
            0.025338035076856613,
            -0.8249662518501282,
            -0.13576850295066833
        ],
        [
            0.02813997119665146,
            -0.8307763338088989,
            -0.13504710793495178
        ],
        [
            0.021016370505094528,
            -0.8342999815940857,
            -0.1359030306339264
        ],
        [
            0.018145952373743057,
            -0.8275418281555176,
            -0.13784126937389374
        ],
        [
            0.03281206265091896,
            -0.8106921911239624,
            -0.13163916766643524
        ],
        [
            0.03836549073457718,
            -0.8036094903945923,
            -0.1338662952184677
        ],
        [
            0.031700681895017624,
            -0.821219801902771,
            -0.1349204182624817
        ],
        [
            0.029239289462566376,
            -0.8166475296020508,
            -0.13462327420711517
        ],
        [
            0.02027580887079239,
            -0.8095153570175171,
            -0.1387946903705597
        ],
        [
            0.02215714007616043,
            -0.8142351508140564,
            -0.13957929611206055
        ],
        [
            0.014856874942779541,
            -0.814690113067627,
            -0.1421765238046646
        ],
        [
            0.01467941701412201,
            -0.8094916343688965,
            -0.13993164896965027
        ],
        [
            0.028575271368026733,
            -0.809942901134491,
            -0.13399174809455872
        ],
        [
            0.02689335122704506,
            -0.8123403787612915,
            -0.1368533968925476
        ],
        [
            0.023736193776130676,
            -0.8085351586341858,
            -0.13620498776435852
        ],
        [
            0.025109384208917618,
            -0.8070223331451416,
            -0.13261044025421143
        ],
        [
            0.02306285873055458,
            -0.8204284906387329,
            -0.13669362664222717
        ],
        [
            0.016090810298919678,
            -0.8215882778167725,
            -0.13983416557312012
        ],
        [
            0.008363358676433563,
            -0.8224046230316162,
            -0.14232546091079712
        ],
        [
            0.0072197988629341125,
            -0.8136690855026245,
            -0.14403146505355835
        ],
        [
            0.05471809580922127,
            -0.795081615447998,
            -0.13898122310638428
        ],
        [
            0.047459568828344345,
            -0.8017677068710327,
            -0.13976046442985535
        ],
        [
            0.04409134387969971,
            -0.797275185585022,
            -0.13570258021354675
        ],
        [
            0.04991374537348747,
            -0.7917989492416382,
            -0.135962575674057
        ],
        [
            0.028618745505809784,
            -0.8042863607406616,
            -0.1305433213710785
        ],
        [
            0.032356370240449905,
            -0.7882204055786133,
            -0.13060346245765686
        ],
        [
            0.03211159259080887,
            -0.7919199466705322,
            -0.13167187571525574
        ],
        [
            0.025018323212862015,
            -0.7927272915840149,
            -0.13042530417442322
        ],
        [
            0.025816578418016434,
            -0.7892367839813232,
            -0.12979519367218018
        ],
        [
            0.0654086321592331,
            -0.7817590236663818,
            -0.13339576125144958
        ],
        [
            0.05821027606725693,
            -0.7804728746414185,
            -0.13280442357063293
        ],
        [
            0.060918956995010376,
            -0.7740232944488525,
            -0.1298643797636032
        ],
        [
            0.0687437355518341,
            -0.7742455005645752,
            -0.12893716990947723
        ],
        [
            0.06075425073504448,
            -0.7687230110168457,
            -0.12663866579532623
        ],
        [
            0.07090778648853302,
            -0.7671372890472412,
            -0.12438295036554337
        ],
        [
            0.065245121717453,
            -0.7541881203651428,
            -0.11598926037549973
        ],
        [
            0.0684986338019371,
            -0.7598915696144104,
            -0.11993890255689621
        ],
        [
            0.05805306136608124,
            -0.76356041431427,
            -0.12335594743490219
        ],
        [
            0.05238177627325058,
            -0.7586280703544617,
            -0.12114615738391876
        ],
        [
            0.03704877570271492,
            -0.7629842162132263,
            -0.11952038109302521
        ],
        [
            0.031153950840234756,
            -0.7618522644042969,
            -0.1173076182603836
        ],
        [
            0.03687059506773949,
            -0.7500402927398682,
            -0.1168724000453949
        ],
        [
            0.04427231103181839,
            -0.7534599304199219,
            -0.11915825307369232
        ],
        [
            0.03533173352479935,
            -0.7832351922988892,
            -0.12599647045135498
        ],
        [
            0.04006589576601982,
            -0.7834163904190063,
            -0.1266164928674698
        ],
        [
            0.03857693448662758,
            -0.7844629287719727,
            -0.12871289253234863
        ],
        [
            0.033287107944488525,
            -0.7853448390960693,
            -0.12849971652030945
        ],
        [
            0.04391542822122574,
            -0.7831013798713684,
            -0.1276843249797821
        ],
        [
            0.045608531683683395,
            -0.7828179597854614,
            -0.12823009490966797
        ],
        [
            0.04451955854892731,
            -0.7839019298553467,
            -0.12920069694519043
        ],
        [
            0.043220940977334976,
            -0.7838177680969238,
            -0.12812329828739166
        ],
        [
            0.04144762456417084,
            -0.7835513949394226,
            -0.1271817982196808
        ],
        [
            0.04060989245772362,
            -0.7817127108573914,
            -0.1264118254184723
        ],
        [
            0.04303964227437973,
            -0.7823411226272583,
            -0.12729614973068237
        ],
        [
            0.03622454032301903,
            -0.7807642221450806,
            -0.12587648630142212
        ],
        [
            0.022422805428504944,
            -0.7782336473464966,
            -0.12293662130832672
        ],
        [
            0.02585587278008461,
            -0.7786579132080078,
            -0.12436620146036148
        ],
        [
            0.025090422481298447,
            -0.7832604646682739,
            -0.12355015426874161
        ],
        [
            0.02224227413535118,
            -0.7832226753234863,
            -0.12239442020654678
        ],
        [
            0.042027201503515244,
            -0.785642683506012,
            -0.12979692220687866
        ],
        [
            0.044002365320920944,
            -0.7869611978530884,
            -0.13141608238220215
        ],
        [
            0.038760606199502945,
            -0.7894265651702881,
            -0.13186109066009521
        ],
        [
            0.038544587790966034,
            -0.7869405746459961,
            -0.1300910860300064
        ],
        [
            0.04588432237505913,
            -0.7886432409286499,
            -0.13351139426231384
        ],
        [
            0.04649431258440018,
            -0.7849519848823547,
            -0.13057494163513184
        ],
        [
            0.049326442182064056,
            -0.7854419350624084,
            -0.13257133960723877
        ],
        [
            0.045366764068603516,
            -0.7811446785926819,
            -0.12752056121826172
        ],
        [
            0.04842739179730415,
            -0.7794616222381592,
            -0.1280318796634674
        ],
        [
            0.047941822558641434,
            -0.781823992729187,
            -0.1296423077583313
        ],
        [
            0.04694189131259918,
            -0.7764260768890381,
            -0.12631458044052124
        ],
        [
            0.04299397021532059,
            -0.7793694734573364,
            -0.12623080611228943
        ],
        [
            0.03872683644294739,
            -0.7774650454521179,
            -0.12549728155136108
        ],
        [
            0.03314608708024025,
            -0.7757052183151245,
            -0.12463601678609848
        ],
        [
            0.0373157262802124,
            -0.771253228187561,
            -0.12322438508272171
        ],
        [
            0.042914729565382004,
            -0.7735711932182312,
            -0.12479517608880997
        ],
        [
            0.040683917701244354,
            -0.7931322455406189,
            -0.13359510898590088
        ],
        [
            0.052307941019535065,
            -0.7810929417610168,
            -0.13106827437877655
        ],
        [
            0.05440498888492584,
            -0.7870527505874634,
            -0.13465812802314758
        ],
        [
            0.05337990075349808,
            -0.7765853404998779,
            -0.1292390674352646
        ],
        [
            0.052528344094753265,
            -0.7724807262420654,
            -0.12667237222194672
        ],
        [
            0.049338918179273605,
            -0.7687901258468628,
            -0.12431257218122482
        ],
        [
            0.04320186376571655,
            -0.765533983707428,
            -0.12189190834760666
        ],
        [
            0.047061920166015625,
            -0.7431271076202393,
            -0.10905204713344574
        ],
        [
            0.05565451830625534,
            -0.7478265762329102,
            -0.11288463324308395
        ],
        [
            0.039818111807107925,
            -0.8610708713531494,
            -0.15374624729156494
        ],
        [
            0.0482310988008976,
            -0.8598302602767944,
            -0.15768858790397644
        ],
        [
            0.05219290032982826,
            -0.8530982136726379,
            -0.15282700955867767
        ],
        [
            0.05319596454501152,
            -0.8553345799446106,
            -0.15425321459770203
        ],
        [
            0.047283440828323364,
            -0.8564416766166687,
            -0.15356355905532837
        ],
        [
            0.04752463474869728,
            -0.8538604974746704,
            -0.15204991400241852
        ],
        [
            0.07280810177326202,
            -0.8472954034805298,
            -0.1497545689344406
        ],
        [
            0.06603682041168213,
            -0.8486967086791992,
            -0.15002693235874176
        ],
        [
            0.06759794056415558,
            -0.8451022505760193,
            -0.14862540364265442
        ],
        [
            0.07490779459476471,
            -0.840683102607727,
            -0.14922159910202026
        ],
        [
            0.05777140334248543,
            -0.8370873928070068,
            -0.14695444703102112
        ],
        [
            0.06305304169654846,
            -0.8385049104690552,
            -0.14790737628936768
        ],
        [
            0.057935457676649094,
            -0.844944953918457,
            -0.14848491549491882
        ],
        [
            0.05405831336975098,
            -0.8439145684242249,
            -0.1479586660861969
        ],
        [
            0.05000545084476471,
            -0.8434238433837891,
            -0.14676646888256073
        ],
        [
            0.046147480607032776,
            -0.8435626029968262,
            -0.14490699768066406
        ],
        [
            0.04705518111586571,
            -0.8384722471237183,
            -0.14346174895763397
        ],
        [
            0.052028678357601166,
            -0.837407112121582,
            -0.1453857719898224
        ],
        [
            0.04131495952606201,
            -0.8579000234603882,
            -0.15030959248542786
        ],
        [
            0.03643288090825081,
            -0.8578987121582031,
            -0.14500120282173157
        ],
        [
            0.03798270598053932,
            -0.8549342155456543,
            -0.14490537345409393
        ],
        [
            0.041987109929323196,
            -0.8547778129577637,
            -0.14957548677921295
        ],
        [
            0.03452720865607262,
            -0.8504431843757629,
            -0.13303564488887787
        ],
        [
            0.034516286104917526,
            -0.8525815010070801,
            -0.13512152433395386
        ],
        [
            0.0310463085770607,
            -0.8541150093078613,
            -0.1338089406490326
        ],
        [
            0.03128005936741829,
            -0.8498932123184204,
            -0.1317390650510788
        ],
        [
            0.03314102441072464,
            -0.846649169921875,
            -0.13266146183013916
        ],
        [
            0.03530393913388252,
            -0.8485450148582458,
            -0.13381098210811615
        ],
        [
            0.045042943209409714,
            -0.9155954122543335,
            -0.1596125215291977
        ],
        [
            0.03649097681045532,
            -0.8984049558639526,
            -0.15930137038230896
        ],
        [
            0.06483908742666245,
            -0.9095442295074463,
            -0.1597546637058258
        ],
        [
            0.07994063198566437,
            -0.9003071188926697,
            -0.15587066113948822
        ],
        [
            0.09224022924900055,
            -0.8877435922622681,
            -0.15161624550819397
        ],
        [
            0.07520312815904617,
            -0.7866314649581909,
            -0.1336597204208374
        ],
        [
            0.08106435835361481,
            -0.7787042856216431,
            -0.1283113658428192
        ],
        [
            0.09443508088588715,
            -0.7871890068054199,
            -0.1261691302061081
        ],
        [
            0.0973244309425354,
            -0.7780450582504272,
            -0.11899583041667938
        ],
        [
            0.08344146609306335,
            -0.7695736289024353,
            -0.12204739451408386
        ],
        [
            0.07718599587678909,
            -0.7532833814620972,
            -0.10782782733440399
        ],
        [
            0.08225330710411072,
            -0.7604522705078125,
            -0.11506561934947968
        ],
        [
            0.09849027544260025,
            -0.7697023153305054,
            -0.10939119756221771
        ],
        [
            0.11327242851257324,
            -0.7833417654037476,
            -0.10561928898096085
        ],
        [
            0.1094021424651146,
            -0.7890780568122864,
            -0.11603318154811859
        ],
        [
            0.12370841950178146,
            -0.8003230094909668,
            -0.1020800843834877
        ],
        [
            0.11882726848125458,
            -0.7779178619384766,
            -0.09227641671895981
        ],
        [
            0.12789128720760345,
            -0.8007473945617676,
            -0.0935136079788208
        ],
        [
            0.10851636528968811,
            -0.7423529624938965,
            -0.07886010408401489
        ],
        [
            0.11365772783756256,
            -0.731380820274353,
            -0.07413969933986664
        ],
        [
            0.12942662835121155,
            -0.7387035489082336,
            -0.06939747184515
        ],
        [
            0.12539714574813843,
            -0.7497785091400146,
            -0.0757327526807785
        ],
        [
            0.10374926775693893,
            -0.7957653999328613,
            -0.12412131577730179
        ],
        [
            0.09732965379953384,
            -0.8566476106643677,
            -0.1439545750617981
        ],
        [
            0.08690255880355835,
            -0.8549960255622864,
            -0.14951977133750916
        ],
        [
            0.10222695767879486,
            -0.8445942401885986,
            -0.14074021577835083
        ],
        [
            0.1089678704738617,
            -0.9178634881973267,
            -0.14368991553783417
        ],
        [
            0.09385715425014496,
            -0.9108208417892456,
            -0.15204720199108124
        ],
        [
            0.10404007881879807,
            -0.896196186542511,
            -0.14852941036224365
        ],
        [
            0.11754775047302246,
            -0.9047955274581909,
            -0.1416090726852417
        ],
        [
            0.0811052918434143,
            -0.9527381062507629,
            -0.1384175717830658
        ],
        [
            0.0628018006682396,
            -0.936438798904419,
            -0.15222924947738647
        ],
        [
            0.07770834863185883,
            -0.9252232909202576,
            -0.152564138174057
        ],
        [
            0.09370831400156021,
            -0.9378648996353149,
            -0.1427396684885025
        ],
        [
            0.12774263322353363,
            -0.9085305333137512,
            -0.1336860954761505
        ],
        [
            0.14106568694114685,
            -0.9129029512405396,
            -0.1214425265789032
        ],
        [
            0.1418381780385971,
            -0.9300647974014282,
            -0.11695367097854614
        ],
        [
            0.12489020824432373,
            -0.9264981150627136,
            -0.13157883286476135
        ],
        [
            0.1363338679075241,
            -0.9521304368972778,
            -0.10780253261327744
        ],
        [
            0.1160929724574089,
            -0.9481080770492554,
            -0.12597781419754028
        ],
        [
            0.13452544808387756,
            -0.7885600924491882,
            -0.08085588365793228
        ],
        [
            0.13598142564296722,
            -0.8073982000350952,
            -0.08484534174203873
        ],
        [
            0.11987477540969849,
            -0.7627925872802734,
            -0.08343350142240524
        ],
        [
            0.13463303446769714,
            -0.7722276449203491,
            -0.07556700706481934
        ],
        [
            0.1255764663219452,
            -0.9691937565803528,
            -0.09464248269796371
        ],
        [
            0.10243308544158936,
            -0.9660466909408569,
            -0.11721043288707733
        ],
        [
            0.16784025728702545,
            -0.9010270833969116,
            -0.07483519613742828
        ],
        [
            0.16331623494625092,
            -0.9166072607040405,
            -0.08609836548566818
        ],
        [
            0.15788139402866364,
            -0.900842547416687,
            -0.09885398298501968
        ],
        [
            0.1631677746772766,
            -0.8884244561195374,
            -0.08699745684862137
        ],
        [
