{
    "pred_cam": [
        1.1409614086151123,
        0.05197969079017639,
        0.1678004264831543
    ],
    "pred_smpl_params": {
        "global_orient": [
            [
                [
                    0.9652179479598999,
                    0.2282278835773468,
                    -0.127539724111557
                ],
                [
                    0.2181602269411087,
                    -0.9719204306602478,
                    -0.08818594366312027
                ],
                [
                    -0.14408496022224426,
                    0.057294562458992004,
                    -0.9879052639007568
                ]
            ]
        ],
        "body_pose": [
            [
                [
                    0.9925393462181091,
                    -0.11306869983673096,
                    0.045620523393154144
                ],
                [
                    0.09972888976335526,
                    0.9681310057640076,
                    0.22973141074180603
                ],
                [
                    -0.07014207541942596,
                    -0.22346775233745575,
                    0.9721843600273132
                ]
            ],
            [
                [
                    0.9963656067848206,
                    0.04106593132019043,
                    0.07462640851736069
                ],
                [
                    -0.06225278973579407,
                    0.9490517377853394,
                    0.30890998244285583
                ],
                [
                    -0.0581386461853981,
                    -0.31243300437927246,
                    0.9481589794158936
                ]
            ],
            [
                [
                    0.9978403449058533,
                    -0.002637389814481139,
                    -0.06563260406255722
                ],
                [
                    -0.011313548311591148,
                    0.9773602485656738,
                    -0.21127915382385254
                ],
                [
                    0.06470392644405365,
                    0.21156542003154755,
                    0.9752196669578552
                ]
            ],
            [
                [
                    0.9901526570320129,
                    0.059405967593193054,
                    -0.12676167488098145
                ],
                [
                    -0.13613533973693848,
                    0.6196640729904175,
                    -0.7729706168174744
                ],
                [
                    0.03263060376048088,
                    0.7826157808303833,
                    0.6216492652893066
                ]
            ],
            [
                [
                    0.9880517721176147,
                    -0.025419127196073532,
                    0.15201213955879211
                ],
                [
                    0.13908766210079193,
                    0.571960985660553,
                    -0.8084030151367188
                ],
                [
                    -0.06639611721038818,
                    0.8198869228363037,
                    0.5686625242233276
                ]
            ],
            [
                [
                    0.9987338781356812,
                    -0.029071303084492683,
                    -0.04105466231703758
                ],
                [
                    0.02921830676496029,
                    0.9995685815811157,
                    0.002985126804560423
                ],
                [
                    0.040950167924165726,
                    -0.004180895164608955,
                    0.999152421951294
                ]
            ],
            [
                [
                    0.9837292432785034,
                    0.004988938570022583,
                    0.17958824336528778
                ],
                [
                    -0.024917135015130043,
                    0.9937422871589661,
                    0.10888232290744781
                ],
                [
                    -0.17792123556137085,
                    -0.11158554255962372,
                    0.9776976704597473
                ]
            ],
            [
                [
                    0.9804941415786743,
                    -0.007203381042927504,
                    -0.19641631841659546
                ],
                [
                    0.016665143892169,
                    0.998776376247406,
                    0.046561893075704575
                ],
                [
                    0.19584058225154877,
                    -0.04892697185277939,
                    0.9794144034385681
                ]
            ],
            [
                [
                    0.9981757402420044,
                    -0.005501179490238428,
                    -0.06012310832738876
                ],
                [
                    0.0009252869640477002,
                    0.9971171021461487,
                    -0.07587271928787231
                ],
                [
                    0.0603671632707119,
                    0.07567869126796722,
                    0.995303213596344
                ]
            ],
            [
                [
                    0.9957481622695923,
                    -0.09182025492191315,
                    -0.007383626885712147
                ],
                [
                    0.09183573722839355,
                    0.9832625389099121,
                    0.15735630691051483
                ],
                [
                    -0.007188452873378992,
                    -0.1573653519153595,
                    0.9875142574310303
                ]
            ],
            [
                [
                    0.9938414096832275,
                    0.10906195640563965,
                    0.01961464434862137
                ],
                [
                    -0.110810287296772,
                    0.9790415167808533,
                    0.1708761602640152
                ],
                [
                    -0.0005674661369994283,
                    -0.1719973087310791,
                    0.9850971698760986
                ]
            ],
            [
                [
                    0.9707567095756531,
                    -0.09122322499752045,
                    -0.2220574915409088
                ],
                [
                    0.09461977332830429,
                    0.9955024719238281,
                    0.004682757426053286
                ],
                [
                    0.22063159942626953,
                    -0.02555684931576252,
                    0.9750221967697144
                ]
            ],
            [
                [
                    0.8826519846916199,
                    0.46834301948547363,
                    -0.039752524346113205
                ],
                [
                    -0.46963363885879517,
                    0.8822131752967834,
                    -0.03382617235183716
                ],
                [
                    0.019227948039770126,
                    0.0485258623957634,
                    0.9986368417739868
                ]
            ],
            [
                [
                    0.9000952243804932,
                    -0.4352097809314728,
                    0.020519886165857315
                ],
                [
                    0.43536823987960815,
                    0.9002444744110107,
                    -0.003782052779570222
                ],
                [
                    -0.0168269295245409,
                    0.012337913736701012,
                    0.9997822642326355
                ]
            ],
            [
                [
                    0.9819826483726501,
                    -0.10540535300970078,
                    -0.15684358775615692
                ],
                [
                    0.060038011521101,
                    0.9610031247138977,
                    -0.2699415683746338
                ],
                [
                    0.17918047308921814,
                    0.25566133856773376,
                    0.9500167369842529
                ]
            ],
            [
                [
                    0.5525475740432739,
                    0.7988623976707458,
                    -0.23771828413009644
                ],
                [
                    -0.8238551616668701,
                    0.566702663898468,
                    -0.010523593984544277
                ],
                [
                    0.12630869448184967,
                    0.20166021585464478,
                    0.971277117729187
                ]
            ],
            [
                [
                    0.5299571752548218,
                    -0.7948131561279297,
                    0.29566457867622375
                ],
                [
                    0.842161238193512,
                    0.5341973304748535,
                    -0.07346934080123901
                ],
                [
                    -0.0995488315820694,
                    0.287932813167572,
                    0.9524625539779663
                ]
            ],
            [
                [
                    0.9448208212852478,
                    -0.09148569405078888,
                    -0.3145535886287689
                ],
                [
                    0.05687793716788292,
                    0.9914414882659912,
                    -0.11751019209623337
                ],
                [
                    0.3226119875907898,
                    0.09313491731882095,
                    0.9419381022453308
                ]
            ],
            [
                [
                    0.8057518005371094,
                    0.15909765660762787,
                    0.570483922958374
                ],
                [
                    -0.008657307364046574,
                    0.9663041830062866,
                    -0.2572571337223053
                ],
                [
                    -0.5921900272369385,
                    0.202346533536911,
                    0.7799786925315857
                ]
            ],
            [
                [
                    0.9984767436981201,
                    0.030830634757876396,
                    0.045757804065942764
                ],
                [
                    -0.028054801747202873,
                    0.9977972507476807,
                    -0.06011327728629112
                ],
                [
                    -0.04751034080982208,
                    0.05873797833919525,
                    0.9971423149108887
                ]
            ],
            [
                [
                    0.9991674423217773,
                    -0.021878119558095932,
                    -0.03443773835897446
                ],
                [
                    0.020586252212524414,
                    0.9990872144699097,
                    -0.037430521100759506
                ],
                [
                    0.03522520884871483,
                    0.03669040650129318,
                    0.9987058043479919
                ]
            ],
            [
                [
                    0.9675868153572083,
                    0.234556645154953,
                    -0.09358885139226913
                ],
                [
                    -0.2147877812385559,
                    0.959263026714325,
                    0.18352288007736206
                ],
                [
                    0.13282284140586853,
                    -0.15747258067131042,
                    0.978550136089325
                ]
            ],
            [
                [
                    0.9714648127555847,
                    -0.21364331245422363,
                    0.10301723331212997
                ],
                [
                    0.19479428231716156,
                    0.9664590954780579,
                    0.16736766695976257
                ],
                [
                    -0.13531893491744995,
                    -0.14252465963363647,
                    0.9804974794387817
                ]
            ]
        ],
        "betas": [
            -0.034725770354270935,
            -0.043235838413238525,
            -0.01736360788345337,
            0.34425562620162964,
            0.03472030162811279,
            0.013874802738428116,
            -0.05302968621253967,
            -0.04004538059234619,
            0.08723451942205429,
            -0.04824405908584595
        ]
    },
    "pred_cam_t": [
        0.05197969079017639,
        0.1678004264831543,
        34.23647689819336
    ],
    "focal_length": [
        5000.0,
        5000.0
    ],
    "pred_keypoints_3d": [
        [
            0.002231091260910034,
            -0.8087992668151855,
            -0.1399567723274231
        ],
        [
            0.10066793113946915,
            -0.7252494096755981,
            -0.00015790387988090515
        ],
        [
            -0.08101461827754974,
            -0.6575472950935364,
            0.08174195885658264
        ],
        [
            -0.13722795248031616,
            -0.41780394315719604,
            0.14176318049430847
        ],
        [
            -0.20709174871444702,
            -0.20155653357505798,
            0.027707047760486603
        ],
        [
            0.24906930327415466,
            -0.5840497016906738,
            -0.03439252823591232
        ],
        [
            0.23268702626228333,
            -0.33012768626213074,
            0.01864594593644142
        ],
        [
            0.18804922699928284,
            -0.09242376685142517,
            -0.03871794417500496
        ],
        [
            -0.0020676618441939354,
            -0.22619959712028503,
            0.02782292664051056
        ],
        [
            -0.08663346618413925,
            -0.15267497301101685,
            0.03671739250421524
        ],
        [
            -0.23516854643821716,
            0.1756281554698944,
            -0.08759067207574844
        ],
        [
            -0.2802710235118866,
            0.47705110907554626,
            0.16685447096824646
        ],
        [
            0.044224973767995834,
            -0.12195035070180893,
            0.019547557458281517
        ],
        [
            0.025979802012443542,
            0.23486950993537903,
            -0.08785206079483032
        ],
        [
            -0.02540544420480728,
            0.5288946628570557,
            0.17345750331878662
        ],
        [
            -0.0020727068185806274,
            -0.8569823503494263,
            -0.10167527943849564
        ],
        [
            0.04464760050177574,
            -0.8512654304504395,
            -0.1482367217540741
        ],
        [
            0.03505712002515793,
            -0.8646111488342285,
            -0.0058143287897109985
        ],
        [
            0.1400805562734604,
            -0.8516984581947327,
            -0.10789564251899719
        ],
        [
            -0.050312675535678864,
            0.663169264793396,
            0.028205543756484985
        ],
        [
            0.018810667097568512,
            0.6579177379608154,
            0.07504457235336304
        ],
        [
            -0.01623126119375229,
            0.5310988426208496,
            0.24299630522727966
        ],
        [
            -0.3245158791542053,
            0.6096453070640564,
            0.025851279497146606
        ],
        [
            -0.38587087392807007,
            0.5738528370857239,
            0.07680580019950867
        ],
        [
            -0.2797914445400238,
            0.48522651195526123,
            0.2393743097782135
        ],
        [
            -0.2895769476890564,
            0.4178698658943176,
            0.1631781905889511
        ],
        [
            -0.21477149426937103,
            0.1206522211432457,
            -0.08112704008817673
        ],
        [
            -0.13411051034927368,
            -0.2897423505783081,
            0.06551690399646759
        ],
        [
            0.1457711160182953,
            -0.21016405522823334,
            0.03436910733580589
        ],
        [
            0.0417613685131073,
            0.19791771471500397,
            -0.08644527196884155
        ],
        [
            -0.008002445101737976,
            0.4888538718223572,
            0.17527037858963013
        ],
        [
            -0.19360405206680298,
            -0.2293771356344223,
            0.00827026180922985
        ],
        [
            -0.16610348224639893,
            -0.44088417291641235,
            0.12359946966171265
        ],
        [
            -0.04276201128959656,
            -0.6845645904541016,
            0.06752154231071472
        ],
        [
            0.22889737784862518,
            -0.6253612637519836,
            -0.026080157607793808
        ],
        [
            0.257188618183136,
            -0.3438388407230377,
            -0.023099031299352646
        ],
        [
            0.1912752389907837,
            -0.10754622519016266,
            -0.052040945738554
        ],
        [
            0.09935314953327179,
            -0.7113399505615234,
            -0.0014729546383023262
        ],
        [
            0.07473471015691757,
            -0.9070133566856384,
            -0.0806785449385643
        ],
        [
            0.006361468695104122,
            -0.24987845122814178,
            0.04927895963191986
        ],
        [
            0.0910424143075943,
            -0.6539095640182495,
            0.018290000036358833
        ],
        [
            0.06534141302108765,
            -0.48769819736480713,
            0.05251249670982361
        ],
        [
            0.059994082897901535,
            -0.7943459749221802,
            -0.08761543780565262
        ],
        [
            0.07568304985761642,
            -0.9274552464485168,
            -0.07438331842422485
        ]
    ],
    "pred_vertices": [
        [
            0.050849251449108124,
            -0.8959439396858215,
            -0.16534042358398438
        ],
        [
            0.042950861155986786,
            -0.8812094926834106,
            -0.16331911087036133
        ],
        [
            0.057221267372369766,
            -0.8784477114677429,
            -0.164209246635437
        ],
        [
            0.06713584065437317,
            -0.8902401924133301,
            -0.16294625401496887
        ],
        [
            0.05097309127449989,
            -0.868883490562439,
            -0.16365474462509155
        ],
        [
            0.03877764195203781,
            -0.8698577880859375,
            -0.16176235675811768
        ],
        [
            0.06975816190242767,
            -0.8737062215805054,
            -0.1602979302406311
        ],
        [
            0.08003255724906921,
            -0.8816441297531128,
            -0.15757371485233307
        ],
        [
            0.08312554657459259,
            -0.8400602340698242,
            -0.1493518054485321
        ],
        [
            0.09276376664638519,
            -0.8365892767906189,
            -0.14447134733200073
        ],
        [
            0.09139525890350342,
            -0.8482820987701416,
            -0.14827345311641693
        ],
        [
            0.08152606338262558,
            -0.8487356901168823,
            -0.15113908052444458
        ],
        [
            0.08666864037513733,
            -0.8150368928909302,
            -0.14111945033073425
        ],
        [
            0.07681793719530106,
            -0.8052018284797668,
            -0.14101603627204895
        ],
        [
            0.08587104082107544,
            -0.7975978255271912,
            -0.13396237790584564
        ],
        [
            0.09530513733625412,
            -0.8071807622909546,
            -0.13260695338249207
        ],
        [
            0.03616342321038246,
            -0.8180767297744751,
            -0.13827337324619293
        ],
        [
            0.041297830641269684,
            -0.8112286329269409,
            -0.1401798129081726
        ],
        [
            0.044229209423065186,
            -0.8175919055938721,
            -0.14340543746948242
        ],
        [
            0.03879990056157112,
            -0.8237524032592773,
            -0.14064788818359375
        ],
        [
            0.02487678825855255,
            -0.8275160789489746,
            -0.1381334513425827
        ],
        [
            0.027595918625593185,
            -0.8333680629730225,
            -0.1374313235282898
        ],
        [
            0.020420655608177185,
            -0.8367868661880493,
            -0.13853472471237183
        ],
        [
            0.017672069370746613,
            -0.8299580812454224,
            -0.14044363796710968
        ],
        [
            0.03248877823352814,
            -0.8134006261825562,
            -0.13361981511116028
        ],
        [
            0.038202665746212006,
            -0.8063284158706665,
            -0.1356247067451477
        ],
        [
            0.03129230812191963,
            -0.823875904083252,
            -0.13706699013710022
        ],
        [
            0.028875164687633514,
            -0.8192706108093262,
            -0.13677018880844116
        ],
        [
            0.020074348896741867,
            -0.8119480609893799,
            -0.14108729362487793
        ],
        [
            0.021909337490797043,
            -0.8166786432266235,
            -0.1419011354446411
        ],
        [
            0.014638010412454605,
            -0.8169788122177124,
            -0.14468011260032654
        ],
        [
            0.014482736587524414,
            -0.8118125200271606,
            -0.14235033094882965
        ],
        [
            0.028294797986745834,
            -0.8125557899475098,
            -0.13607588410377502
        ],
        [
            0.026633676141500473,
            -0.8148954510688782,
            -0.1390341818332672
        ],
        [
            0.023506220430135727,
            -0.8110579252243042,
            -0.13839244842529297
        ],
        [
            0.024831127375364304,
            -0.809611439704895,
            -0.13473281264305115
        ],
        [
            0.022671498358249664,
            -0.822938084602356,
            -0.13906535506248474
        ],
        [
            0.015732504427433014,
            -0.8239433169364929,
            -0.14240160584449768
        ],
        [
            0.00802050530910492,
            -0.8246126174926758,
            -0.14510798454284668
        ],
        [
            0.007048003375530243,
            -0.8158040046691895,
            -0.14670930802822113
        ],
        [
            0.05482130125164986,
            -0.7979058623313904,
            -0.1402738094329834
        ],
        [
            0.04746576026082039,
            -0.8045037388801575,
            -0.14129367470741272
        ],
        [
            0.04406319931149483,
            -0.8000133037567139,
            -0.1372603476047516
        ],
        [
            0.04998384043574333,
            -0.7945892810821533,
            -0.13733017444610596
        ],
        [
            0.02834688499569893,
            -0.8069268465042114,
            -0.13252314925193787
        ],
        [
            0.032313693314790726,
            -0.7908392548561096,
            -0.13227331638336182
        ],
        [
            0.03203907981514931,
            -0.7945317029953003,
            -0.13341796398162842
        ],
        [
            0.02490151673555374,
            -0.7952580451965332,
            -0.13233521580696106
        ],
        [
            0.025741640478372574,
            -0.7917775511741638,
            -0.1316153109073639
        ],
        [
            0.06559815257787704,
            -0.7847669124603271,
            -0.13429602980613708
        ],
        [
            0.058388691395521164,
            -0.7833753824234009,
            -0.1338760256767273
        ],
        [
            0.061139658093452454,
            -0.7769801616668701,
            -0.13078519701957703
        ],
        [
            0.06897200644016266,
            -0.7773444652557373,
            -0.1296602189540863
        ],
        [
            0.06102053448557854,
            -0.771716833114624,
            -0.12748342752456665
        ],
        [
            0.07118117809295654,
            -0.7703123688697815,
            -0.12496955692768097
        ],
        [
            0.06550218909978867,
            -0.7573665976524353,
            -0.11648576706647873
        ],
        [
            0.0687740296125412,
            -0.7630792260169983,
            -0.12045120447874069
        ],
        [
            0.05830684304237366,
            -0.7665463089942932,
            -0.12417078018188477
        ],
        [
            0.052638567984104156,
            -0.7615537643432617,
            -0.12200593948364258
        ],
        [
            0.037127941846847534,
            -0.7657368779182434,
            -0.12069292366504669
        ],
        [
            0.03118240088224411,
            -0.76456618309021,
            -0.11860322207212448
        ],
        [
            0.0370657704770565,
            -0.7528015375137329,
            -0.11791090667247772
        ],
        [
            0.04452737048268318,
            -0.7562868595123291,
            -0.12011586874723434
        ],
        [
            0.03526843339204788,
            -0.7859658002853394,
            -0.12752093374729156
        ],
        [
            0.040019161999225616,
            -0.7861998081207275,
            -0.12804430723190308
        ],
        [
            0.038552504032850266,
            -0.7871954441070557,
            -0.13019055128097534
        ],
        [
            0.03323807194828987,
            -0.7880109548568726,
            -0.13009166717529297
        ],
        [
            0.04390491172671318,
            -0.7859102487564087,
            -0.1290404200553894
        ],
        [
            0.04561794921755791,
            -0.7856379747390747,
            -0.12955626845359802
        ],
        [
            0.04452978074550629,
            -0.7867026329040527,
            -0.13056129217147827
        ],
        [
            0.043205369263887405,
            -0.7866177558898926,
            -0.12950068712234497
        ],
        [
            0.041414618492126465,
            -0.7863388657569885,
            -0.12858743965625763
        ],
        [
            0.04058656841516495,
            -0.7844856977462769,
            -0.12780652940273285
        ],
        [
            0.04303281009197235,
            -0.7851371765136719,
            -0.12865915894508362
        ],
        [
            0.03619461879134178,
            -0.783478856086731,
            -0.12735243141651154
        ],
        [
            0.022355061024427414,
            -0.7808268070220947,
            -0.12462542951107025
        ],
        [
            0.02581266313791275,
            -0.7812670469284058,
            -0.126002699136734
        ],
        [
            0.024957891553640366,
            -0.7858905792236328,
            -0.12528136372566223
        ],
        [
            0.02209005132317543,
            -0.7858357429504395,
            -0.124178946018219
        ],
        [
            0.042020197957754135,
            -0.7884078621864319,
            -0.13122358918190002
        ],
        [
            0.04401354119181633,
            -0.7897341847419739,
            -0.13285106420516968
        ],
        [
            0.03873001039028168,
            -0.7921197414398193,
            -0.13344386219978333
        ],
        [
            0.038514960557222366,
            -0.7896589040756226,
            -0.131625235080719
        ],
        [
            0.04593003913760185,
            -0.7914093732833862,
            -0.13492996990680695
        ],
        [
            0.04652419686317444,
            -0.7877562046051025,
            -0.1319267600774765
        ],
        [
            0.049410201609134674,
            -0.7882530689239502,
            -0.13386614620685577
        ],
        [
            0.04538660869002342,
            -0.783960223197937,
            -0.1288226842880249
        ],
        [
            0.04849078878760338,
            -0.7823002338409424,
            -0.12926411628723145
        ],
        [
            0.04800248518586159,
            -0.784649133682251,
            -0.13091334700584412
        ],
        [
            0.04700917750597,
            -0.7792531251907349,
            -0.12751901149749756
        ],
        [
            0.04300686717033386,
            -0.7821595668792725,
            -0.1275436282157898
        ],
        [
            0.038740210235118866,
            -0.780196487903595,
            -0.12686407566070557
        ],
        [
            0.03315969929099083,
            -0.7783733606338501,
            -0.12607383728027344
        ],
        [
            0.03736679255962372,
            -0.7739797830581665,
            -0.12450891733169556
        ],
        [
            0.04297778010368347,
            -0.7763542532920837,
            -0.1260221004486084
        ],
        [
            0.04065209627151489,
            -0.7958387136459351,
            -0.135185107588768
        ],
        [
            0.05242128297686577,
            -0.7839427590370178,
            -0.13225820660591125
        ],
        [
            0.054528262466192245,
            -0.7899069786071777,
            -0.135883629322052
        ],
        [
            0.053523916751146317,
            -0.7794537544250488,
            -0.13034826517105103
        ],
        [
            0.05268047749996185,
            -0.7753604650497437,
            -0.12772825360298157
        ],
        [
            0.04950983077287674,
            -0.7716596126556396,
            -0.12537747621536255
        ],
        [
            0.043320655822753906,
            -0.7683395743370056,
            -0.12298624217510223
        ],
        [
            0.04722144454717636,
            -0.7461528778076172,
            -0.10974719375371933
        ],
        [
            0.05588925629854202,
            -0.7509223222732544,
            -0.1134939193725586
        ],
        [
            0.03926440328359604,
            -0.8634625673294067,
            -0.1564207673072815
        ],
        [
            0.04778788983821869,
            -0.8622849583625793,
            -0.1601700484752655
        ],
        [
            0.05174970626831055,
            -0.8557147979736328,
            -0.1550828069448471
        ],
        [
            0.0527455098927021,
            -0.8579316735267639,
            -0.1565534621477127
        ],
        [
            0.04679654911160469,
            -0.858954668045044,
            -0.15600469708442688
        ],
        [
            0.04704409837722778,
            -0.8564179539680481,
            -0.15441930294036865
        ],
        [
            0.07244881987571716,
            -0.8502398729324341,
            -0.1515231430530548
        ],
        [
            0.06564308702945709,
            -0.851555347442627,
            -0.15192727744579315
        ],
        [
            0.06723231077194214,
            -0.8480085134506226,
            -0.15041178464889526
        ],
        [
            0.0746355801820755,
            -0.8436661958694458,
            -0.15081939101219177
        ],
        [
            0.05745689198374748,
            -0.8398661613464355,
            -0.14881427586078644
        ],
        [
            0.06275688111782074,
            -0.8413447737693787,
            -0.1496802568435669
        ],
        [
            0.05754900723695755,
            -0.8477059602737427,
            -0.15047642588615417
        ],
        [
            0.053665097802877426,
            -0.8466315269470215,
            -0.15000422298908234
        ],
        [
            0.04958431050181389,
            -0.8461078405380249,
            -0.14888936281204224
        ],
        [
            0.045679718255996704,
            -0.8462333679199219,
            -0.14710387587547302
        ],
        [
            0.04663195461034775,
            -0.8411743640899658,
            -0.14555078744888306
        ],
        [
            0.05167428404092789,
            -0.8401392102241516,
            -0.1473548710346222
        ],
        [
            0.04073904827237129,
            -0.8603889346122742,
            -0.1528846174478531
        ],
        [
            0.03574182838201523,
            -0.8604304790496826,
            -0.14767460525035858
        ],
        [
            0.03734646365046501,
            -0.8574926257133484,
            -0.147492915391922
        ],
        [
            0.04145113751292229,
            -0.8573094010353088,
            -0.15206655859947205
        ],
        [
            0.03369368612766266,
            -0.8531931638717651,
            -0.1355901062488556
        ],
        [
            0.03370490297675133,
            -0.8553009033203125,
            -0.1377134919166565
        ],
        [
            0.030171319842338562,
            -0.8568177223205566,
            -0.1364802122116089
        ],
        [
            0.0304185152053833,
            -0.8526108264923096,
            -0.1343393623828888
        ],
        [
            0.032344717532396317,
            -0.8493672609329224,
            -0.1351695954799652
        ],
        [
            0.0345073938369751,
            -0.8512817621231079,
            -0.13632065057754517
        ],
        [
            0.043781522661447525,
            -0.9178532361984253,
            -0.16320113837718964
        ],
        [
            0.03559701889753342,
            -0.9005851745605469,
            -0.1626829355955124
        ],
        [
            0.06371381878852844,
            -0.9121192693710327,
            -0.16281330585479736
        ],
        [
            0.07889977097511292,
            -0.9032019376754761,
            -0.15843887627124786
        ],
        [
            0.0913252979516983,
            -0.8909294605255127,
            -0.15373817086219788
        ],
        [
            0.07535572350025177,
            -0.7897915244102478,
            -0.1344396471977234
        ],
        [
            0.08124547451734543,
            -0.7820108532905579,
            -0.1288478970527649
        ],
        [
            0.09448298066854477,
            -0.7907559871673584,
            -0.12656596302986145
        ],
        [
            0.09737206250429153,
            -0.7817237377166748,
            -0.11916875094175339
        ],
        [
            0.08364865183830261,
            -0.772976815700531,
            -0.12238097190856934
        ],
        [
            0.07730994373559952,
            -0.7567617893218994,
            -0.10805945098400116
        ],
        [
            0.08245182782411575,
            -0.763925313949585,
            -0.11528202891349792
        ],
        [
            0.09851332008838654,
            -0.7734782099723816,
            -0.10940045118331909
        ],
        [
            0.11307481676340103,
            -0.7873978614807129,
            -0.10556243360042572
        ],
        [
            0.1092846542596817,
            -0.7929849624633789,
            -0.11619262397289276
        ],
        [
            0.12324632704257965,
            -0.8046083450317383,
            -0.10203282535076141
        ],
        [
            0.11849195510149002,
            -0.7822356224060059,
            -0.09194648265838623
        ],
        [
            0.1272987425327301,
            -0.8052008152008057,
            -0.09330214560031891
        ],
        [
            0.10828401148319244,
            -0.7465555667877197,
            -0.07813571393489838
        ],
        [
            0.11344650387763977,
            -0.7356681823730469,
            -0.07308109104633331
        ],
        [
            0.1291082799434662,
            -0.7433019876480103,
            -0.06794677674770355
        ],
        [
            0.12506380677223206,
            -0.7543025016784668,
            -0.07460039854049683
        ],
        [
            0.10362938791513443,
            -0.7995028495788574,
            -0.12449447810649872
        ],
        [
            0.09673476964235306,
            -0.8599891066551208,
            -0.14547711610794067
        ],
        [
            0.08647878468036652,
            -0.8581006526947021,
            -0.15124982595443726
        ],
        [
            0.10178548842668533,
            -0.8480848073959351,
            -0.141961932182312
        ],
        [
            0.10734610259532928,
            -0.9213493466377258,
            -0.14601486921310425
        ],
        [
            0.09254266321659088,
            -0.9140011072158813,
            -0.15455277264118195
        ],
        [
            0.10293002426624298,
            -0.8995728492736816,
            -0.15061452984809875
        ],
        [
            0.11618068814277649,
            -0.9085042476654053,
            -0.14358028769493103
        ],
        [
            0.0787600725889206,
            -0.9558785557746887,
            -0.14194202423095703
        ],
        [
            0.061058592051267624,
            -0.939068078994751,
            -0.15581142902374268
        ],
        [
            0.07613645493984222,
            -0.9280795454978943,
            -0.1556006669998169
        ],
        [
            0.09170817583799362,
            -0.941124439239502,
            -0.14572158455848694
        ],
        [
            0.12608541548252106,
            -0.9125045537948608,
            -0.13550586998462677
        ],
        [
            0.13910196721553802,
            -0.9173130989074707,
            -0.12305453419685364
        ],
        [
            0.13951990008354187,
            -0.9346469640731812,
            -0.11901675164699554
        ],
        [
            0.12288148701190948,
            -0.9304349422454834,
            -0.13387663662433624
        ],
        [
            0.13347384333610535,
            -0.9568600058555603,
            -0.11040471494197845
        ],
        [
            0.11360304802656174,
            -0.952115535736084,
            -0.1288459599018097
        ],
        [
            0.1337762475013733,
            -0.7932966947555542,
            -0.080121710896492
        ],
        [
            0.1350921094417572,
            -0.8121083974838257,
            -0.0844501256942749
        ],
        [
            0.1195245087146759,
            -0.7671884894371033,
            -0.08273990452289581
        ],
        [
            0.13400310277938843,
            -0.7769649624824524,
            -0.07454655319452286
        ],
        [
            0.1222238689661026,
            -0.9741958379745483,
            -0.09778428077697754
        ],
        [
            0.09945587813854218,
            -0.9700939655303955,
            -0.12070880830287933
        ],
        [
            0.1652500331401825,
            -0.9066301584243774,
            -0.07558169960975647
        ],
        [
            0.16070127487182617,
            -0.9219627380371094,
            -0.08735335618257523
        ],
        [
            0.15569405257701874,
            -0.905880331993103,
            -0.0998256504535675
        ],
        [
            0.16099977493286133,
            -0.8936964273452759,
            -0.08760441094636917
        ],
