{
    "pred_cam": [
        1.1388840675354004,
        0.040361709892749786,
        0.18298423290252686
    ],
    "pred_smpl_params": {
        "global_orient": [
            [
                [
                    0.9791465401649475,
                    0.1531759649515152,
                    -0.13345114886760712
                ],
                [
                    0.14182408154010773,
                    -0.9857158660888672,
                    -0.09083034098148346
                ],
                [
                    -0.1454579383134842,
                    0.07000961899757385,
                    -0.9868842959403992
                ]
            ]
        ],
        "body_pose": [
            [
                [
                    0.9896270632743835,
                    -0.14150775969028473,
                    0.02477259375154972
                ],
                [
                    0.1302386224269867,
                    0.9565100073814392,
                    0.26101061701774597
                ],
                [
                    -0.06063026562333107,
                    -0.25507688522338867,
                    0.9650179743766785
                ]
            ],
            [
                [
                    0.9959935545921326,
                    0.030822433531284332,
                    0.08394496142864227
                ],
                [
                    -0.04785291105508804,
                    0.9767134189605713,
                    0.20914345979690552
                ],
                [
                    -0.07554386556148529,
                    -0.21232256293296814,
                    0.9742752313613892
                ]
            ],
            [
                [
                    0.9978043437004089,
                    0.04021782800555229,
                    -0.05262112617492676
                ],
                [
                    -0.04908835515379906,
                    0.9824525713920593,
                    -0.17993664741516113
                ],
                [
                    0.04446110129356384,
                    0.18212465941905975,
                    0.9822696447372437
                ]
            ],
            [
                [
                    0.9887723326683044,
                    0.03534172102808952,
                    -0.14519019424915314
                ],
                [
                    -0.14405828714370728,
                    0.48361700773239136,
                    -0.863343358039856
                ],
                [
                    0.039704419672489166,
                    0.8745658993721008,
                    0.48327839374542236
                ]
            ],
            [
                [
                    0.9815323352813721,
                    0.04559985548257828,
                    0.1857820451259613
                ],
                [
                    0.09437295794487,
                    0.7293403744697571,
                    -0.6776107549667358
                ],
                [
                    -0.1663973033428192,
                    0.6826296448707581,
                    0.711567759513855
                ]
            ],
            [
                [
                    0.9985401034355164,
                    -0.022316906601190567,
                    -0.04918965324759483
                ],
                [
                    0.022771330550312996,
                    0.9997029304504395,
                    0.008697169832885265
                ],
                [
                    0.048980940133333206,
                    -0.009804585948586464,
                    0.9987516403198242
                ]
            ],
            [
                [
                    0.984935462474823,
                    0.017952676862478256,
                    0.17198796570301056
                ],
                [
                    -0.04160405322909355,
                    0.9899828433990479,
                    0.13491900265216827
                ],
                [
                    -0.16784296929836273,
                    -0.14004188776016235,
                    0.9758161306381226
                ]
            ],
            [
                [
                    0.9825018644332886,
                    -0.02770979143679142,
                    -0.18418028950691223
                ],
                [
                    0.03266891464591026,
                    0.9991794228553772,
                    0.02394515834748745
                ],
                [
                    0.1833656132221222,
                    -0.029543129727244377,
                    0.9826008677482605
                ]
            ],
            [
                [
                    0.9978796243667603,
                    -0.009596544317901134,
                    -0.06437478214502335
                ],
                [
                    0.004621845670044422,
                    0.9970215559005737,
                    -0.07698521018028259
                ],
                [
                    0.06492183357477188,
                    0.07652444392442703,
                    0.9949518442153931
                ]
            ],
            [
                [
                    0.994925856590271,
                    -0.09904035180807114,
                    -0.017707424238324165
                ],
                [
                    0.10060922056436539,
                    0.9803832769393921,
                    0.16948898136615753
                ],
                [
                    0.0005738133331760764,
                    -0.17041049897670746,
                    0.9853730201721191
                ]
            ],
            [
                [
                    0.9887416958808899,
                    0.14962399005889893,
                    -0.0016039131442084908
                ],
                [
                    -0.1466217041015625,
                    0.9709299206733704,
                    0.18920138478279114
                ],
                [
                    0.029866361990571022,
                    -0.1868361234664917,
                    0.981937050819397
                ]
            ],
            [
                [
                    0.9716079831123352,
                    -0.06358987838029861,
                    -0.22789102792739868
                ],
                [
                    0.07855739444494247,
                    0.9952665567398071,
                    0.057212017476558685
                ],
                [
                    0.22317421436309814,
                    -0.07349017262458801,
                    0.9720044136047363
                ]
            ],
            [
                [
                    0.8730563521385193,
                    0.4856800138950348,
                    -0.04344385117292404
                ],
                [
                    -0.48731139302253723,
                    0.8722006678581238,
                    -0.042350538074970245
                ],
                [
                    0.01732294075191021,
                    0.05814509838819504,
                    0.9981577396392822
                ]
            ],
            [
                [
                    0.8823354840278625,
                    -0.47061631083488464,
                    -0.002134511014446616
                ],
                [
                    0.4705198407173157,
                    0.8822304606437683,
                    -0.016747694462537766
                ],
                [
                    0.009764867834746838,
                    0.01377275213599205,
                    0.9998575448989868
                ]
            ],
            [
                [
                    0.9804126620292664,
                    -0.11282040178775787,
                    -0.16143876314163208
                ],
                [
                    0.069197878241539,
                    0.9647355675697327,
                    -0.2539623975753784
                ],
                [
                    0.1843978613615036,
                    0.2378167361021042,
                    0.9536458849906921
                ]
            ],
            [
                [
                    0.5557933449745178,
                    0.7932426929473877,
                    -0.248716339468956
                ],
                [
                    -0.8224916458129883,
                    0.5681907534599304,
                    -0.025821734219789505
                ],
                [
                    0.12083540856838226,
                    0.21891866624355316,
                    0.9682320952415466
                ]
            ],
            [
                [
                    0.5285679697990417,
                    -0.7989288568496704,
                    0.28692954778671265
                ],
                [
                    0.8449382185935974,
                    0.5277228355407715,
                    -0.08710932731628418
                ],
                [
                    -0.0818251222372055,
                    0.2884809374809265,
                    0.953982949256897
                ]
            ],
            [
                [
                    0.9504112005233765,
                    -0.08231335133314133,
                    -0.2999051809310913
                ],
                [
                    0.0518559068441391,
                    0.9927812218666077,
                    -0.10814999788999557
                ],
                [
                    0.30664244294166565,
                    0.08723511546850204,
                    0.9478188157081604
                ]
            ],
            [
                [
                    0.8600720763206482,
                    0.11140375584363937,
                    0.4978606700897217
                ],
                [
                    0.0030688850674778223,
                    0.9747198224067688,
                    -0.22340968251228333
                ],
                [
                    -0.5101633071899414,
                    0.19367630779743195,
                    0.8379874229431152
                ]
            ],
            [
                [
                    0.9970189929008484,
                    0.05502719432115555,
                    0.054084256291389465
                ],
                [
                    -0.05231356993317604,
                    0.997359573841095,
                    -0.05037100985646248
                ],
                [
                    -0.05671321973204613,
                    0.04739151522517204,
                    0.997265100479126
                ]
            ],
            [
                [
                    0.9979280233383179,
                    -0.040945664048194885,
                    -0.04962955415248871
                ],
                [
                    0.03961058706045151,
                    0.9988341927528381,
                    -0.027592742815613747
                ],
                [
                    0.05070149526000023,
                    0.025569716468453407,
                    0.9983865022659302
                ]
            ],
            [
                [
                    0.9694588780403137,
                    0.22455613315105438,
                    -0.09861037135124207
                ],
                [
                    -0.2061423808336258,
                    0.9639198780059814,
                    0.16841568052768707
                ],
                [
                    0.13287127017974854,
                    -0.1429443061351776,
                    0.9807712435722351
                ]
            ],
            [
                [
                    0.971110999584198,
                    -0.21927253901958466,
                    0.09414287656545639
                ],
                [
                    0.2010173499584198,
                    0.9642929434776306,
                    0.17242735624313354
                ],
                [
                    -0.12858989834785461,
                    -0.1485217660665512,
                    0.9805130958557129
                ]
            ]
        ],
        "betas": [
            -0.00972418487071991,
            0.09821848571300507,
            0.06950265169143677,
            0.65593022108078,
            0.003484368324279785,
            0.018869075924158096,
            -0.08727091550827026,
            0.028802722692489624,
            0.10162683576345444,
            -0.06449177861213684
        ]
    },
    "pred_cam_t": [
        0.040361709892749786,
        0.18298423290252686,
        34.298927307128906
    ],
    "focal_length": [
        5000.0,
        5000.0
    ],
    "pred_keypoints_3d": [
        [
            -0.012504108250141144,
            -0.8358569145202637,
            -0.12232185155153275
        ],
        [
            0.0823613703250885,
            -0.7369934916496277,
            0.012970522046089172
        ],
        [
            -0.09710745513439178,
            -0.6567931771278381,
            0.09349901974201202
        ],
        [
            -0.13504086434841156,
            -0.41259461641311646,
            0.14772829413414001
        ],
        [
            -0.19110378623008728,
            -0.18341438472270966,
            0.05286496877670288
        ],
        [
            0.23448026180267334,
            -0.5985329151153564,
            -0.02322414144873619
        ],
        [
            0.22178667783737183,
            -0.3433789014816284,
            0.02414548397064209
        ],
        [
            0.18114477396011353,
            -0.10481905937194824,
            -0.03326680138707161
        ],
        [
            -0.0023595583625137806,
            -0.22902652621269226,
            0.026464443653821945
        ],
        [
            -0.07958762347698212,
            -0.14908069372177124,
            0.03466318920254707
        ],
        [
            -0.19570870697498322,
            0.20178404450416565,
            -0.059112656861543655
        ],
        [
            -0.25407150387763977,
            0.5272245407104492,
            0.15981413424015045
        ],
        [
            0.05042656511068344,
            -0.1289915293455124,
            0.017586927860975266
        ],
        [
            0.0697571262717247,
            0.22149203717708588,
            -0.10862237215042114
        ],
        [
            0.06527522951364517,
            0.4883626699447632,
            0.1842898726463318
        ],
        [
            -0.01610172539949417,
            -0.8805122971534729,
            -0.07916826009750366
        ],
        [
            0.03105280175805092,
            -0.878212571144104,
            -0.1255812644958496
        ],
        [
            0.019769877195358276,
            -0.8777644634246826,
            0.017558995634317398
        ],
        [
            0.1258418709039688,
            -0.8720508217811584,
            -0.0840405821800232
        ],
        [
            0.04918103665113449,
            0.6350915431976318,
            0.05113363265991211
        ],
        [
            0.11910981684923172,
            0.6199418902397156,
            0.09445160627365112
        ],
        [
            0.07755500078201294,
            0.4839157462120056,
            0.2534964084625244
        ],
        [
            -0.2769313156604767,
            0.6510796546936035,
            0.004623055458068848
        ],
        [
            -0.3437916040420532,
            0.6210033893585205,
            0.05244624614715576
        ],
        [
            -0.260913223028183,
            0.5409281253814697,
            0.23126336932182312
        ],
        [
            -0.26495662331581116,
            0.46797266602516174,
            0.16031938791275024
        ],
        [
            -0.17859263718128204,
            0.14217178523540497,
            -0.05469759553670883
        ],
        [
            -0.13624390959739685,
            -0.28293704986572266,
            0.060994453728199005
        ],
        [
            0.1427299976348877,
            -0.22530332207679749,
            0.032978758215904236
        ],
        [
            0.08078671991825104,
            0.18507519364356995,
            -0.10617230832576752
        ],
        [
            0.07782593369483948,
            0.4471096396446228,
            0.1816996932029724
        ],
        [
            -0.1816365271806717,
            -0.21078838407993317,
            0.030670275911688805
        ],
        [
            -0.1653589904308319,
            -0.43348222970962524,
            0.1313195526599884
        ],
        [
            -0.05919653922319412,
            -0.6871662139892578,
            0.0800573006272316
        ],
        [
            0.21307221055030823,
            -0.6400958299636841,
            -0.013848402537405491
        ],
        [
            0.24574322998523712,
            -0.35843563079833984,
            -0.01710188016295433
        ],
        [
            0.18381240963935852,
            -0.11986260116100311,
            -0.04636943340301514
        ],
        [
            0.08147431910037994,
            -0.7213265299797058,
            0.012628206983208656
        ],
        [
            0.061255522072315216,
            -0.9260837435722351,
            -0.05277096480131149
        ],
        [
            0.003676071297377348,
            -0.2539234757423401,
            0.04643114283680916
        ],
        [
            0.07463575899600983,
            -0.6626719832420349,
            0.030562350526452065
        ],
        [
            0.05275192856788635,
            -0.4956982135772705,
            0.05677536502480507
        ],
        [
            0.044651098549366,
            -0.8150749206542969,
            -0.07026554644107819
        ],
        [
            0.06254442036151886,
            -0.9459133148193359,
            -0.04444081336259842
        ]
    ],
    "pred_vertices": [
        [
            0.03838873654603958,
            -0.9235883951187134,
            -0.1383143663406372
        ],
        [
            0.030173469334840775,
            -0.9090949296951294,
            -0.13782039284706116
        ],
        [
            0.04433787241578102,
            -0.906104564666748,
            -0.138724684715271
        ],
        [
            0.05456317588686943,
            -0.9173963665962219,
            -0.1362573504447937
        ],
        [
            0.03796303644776344,
            -0.8968073129653931,
            -0.13918456435203552
        ],
        [
            0.025810837745666504,
            -0.8978565335273743,
            -0.13735362887382507
        ],
        [
            0.0567234642803669,
            -0.9008035659790039,
            -0.13502171635627747
        ],
        [
            0.06711595505475998,
            -0.9081418514251709,
            -0.1315189003944397
        ],
        [
            0.06902791559696198,
            -0.8661760091781616,
            -0.12721861898899078
        ],
        [
            0.07851441204547882,
            -0.862053632736206,
            -0.12253614515066147
        ],
        [
            0.07759705185890198,
            -0.8739625215530396,
            -0.12520471215248108
        ],
        [
            0.06779909133911133,
            -0.87493896484375,
            -0.12816688418388367
        ],
        [
            0.07203079015016556,
            -0.8403193950653076,
            -0.12140661478042603
        ],
        [
            0.06208658963441849,
            -0.8307489156723022,
            -0.12233249098062515
        ],
        [
            0.07087663561105728,
            -0.8222756385803223,
            -0.11600831151008606
        ],
        [
            0.08047029376029968,
            -0.8315060138702393,
            -0.1136980652809143
        ],
        [
            0.021752584725618362,
            -0.844318151473999,
            -0.11892925202846527
        ],
        [
            0.026795372366905212,
            -0.8375576138496399,
            -0.12136293947696686
        ],
        [
            0.029901061207056046,
            -0.8441451191902161,
            -0.12386246025562286
        ],
        [
            0.02454974129796028,
            -0.8501543998718262,
            -0.12067744135856628
        ],
        [
            0.010640308260917664,
            -0.8539296388626099,
            -0.1182638630270958
        ],
        [
            0.013483047485351562,
            -0.8596378564834595,
            -0.11690116673707962
        ],
        [
            0.006388753652572632,
            -0.8633068799972534,
            -0.11786683648824692
        ],
        [
            0.0034973695874214172,
            -0.8567243814468384,
            -0.12052567303180695
        ],
        [
            0.017862316220998764,
            -0.8392792344093323,
            -0.11493610590696335
        ],
        [
            0.02348833903670311,
            -0.8322358131408691,
            -0.11751502007246017
        ],
        [
            0.016952287405729294,
            -0.8501267433166504,
            -0.11735344678163528
        ],
        [
            0.014442391693592072,
            -0.8454893827438354,
            -0.117632657289505
        ],
        [
            0.0054827407002449036,
            -0.8387434482574463,
            -0.12286833673715591
        ],
        [
            0.007408443838357925,
            -0.8435025215148926,
            -0.12316475808620453
        ],
        [
            0.00015647336840629578,
            -0.8442140817642212,
            -0.12610870599746704
        ],
        [
            -0.00010335445404052734,
            -0.8388502597808838,
            -0.12426307052373886
        ],
        [
            0.01364419236779213,
            -0.8387095332145691,
            -0.11763809621334076
        ],
        [
            0.012041732668876648,
            -0.8413609266281128,
            -0.12039479613304138
        ],
        [
            0.008849754929542542,
            -0.8375160694122314,
            -0.12022693455219269
        ],
        [
            0.010097578167915344,
            -0.8357126712799072,
            -0.1166967898607254
        ],
        [
            0.00829273834824562,
            -0.8494908809661865,
            -0.11975593864917755
        ],
        [
            0.001399550586938858,
            -0.8509498834609985,
            -0.12313777953386307
        ],
        [
            -0.006283927708864212,
            -0.8520203828811646,
            -0.12595590949058533
        ],
        [
            -0.00743073970079422,
            -0.8433592319488525,
            -0.12839359045028687
        ],
        [
            0.04001786187291145,
            -0.8239040374755859,
            -0.12257262319326401
        ],
        [
            0.03279569745063782,
            -0.8308141231536865,
            -0.12305703014135361
        ],
        [
            0.02925749495625496,
            -0.8259435892105103,
            -0.11964333802461624
        ],
        [
            0.03505587577819824,
            -0.8203750848770142,
            -0.12015350908041
        ],
        [
            0.013589281588792801,
            -0.8327038288116455,
            -0.11468584090471268
        ],
        [
            0.017218731343746185,
            -0.8164238929748535,
            -0.1159057766199112
        ],
        [
            0.017013445496559143,
            -0.8202600479125977,
            -0.1167152151465416
        ],
        [
            0.009876411408185959,
            -0.82103431224823,
            -0.11570651829242706
        ],
        [
            0.010645952075719833,
            -0.8174463510513306,
            -0.11527418345212936
        ],
        [
            0.05043689161539078,
            -0.8098863959312439,
            -0.11780969053506851
        ],
        [
            0.043198131024837494,
            -0.8086029291152954,
            -0.11767274141311646
        ],
        [
            0.04582711681723595,
            -0.8018157482147217,
            -0.11516234278678894
        ],
        [
            0.05363914370536804,
            -0.8018865585327148,
            -0.11386235803365707
        ],
        [
            0.04556290805339813,
            -0.79612797498703,
            -0.11238566786050797
        ],
        [
            0.05565342679619789,
            -0.7942757606506348,
            -0.10986427217721939
        ],
        [
            0.04961512237787247,
            -0.7805794477462769,
            -0.10283266752958298
        ],
        [
            0.0530690923333168,
            -0.7866338491439819,
            -0.10609549283981323
        ],
        [
            0.04270785674452782,
            -0.7906358242034912,
            -0.10967785120010376
        ],
        [
            0.036907292902469635,
            -0.7855112552642822,
            -0.1081591248512268
        ],
        [
            0.02148415520787239,
            -0.7900237441062927,
            -0.10675719380378723
        ],
        [
            0.01538146287202835,
            -0.7887904644012451,
            -0.1048736572265625
        ],
        [
            0.021108508110046387,
            -0.7767966389656067,
            -0.10523129254579544
        ],
        [
            0.02865215763449669,
            -0.7802572250366211,
            -0.10693662613630295
        ],
        [
            0.020003966987133026,
            -0.8110694885253906,
            -0.11153923720121384
        ],
        [
            0.02478078007698059,
            -0.811245322227478,
            -0.11196883022785187
        ],
        [
            0.023351822048425674,
            -0.8125133514404297,
            -0.1140199825167656
        ],
        [
            0.01804777979850769,
            -0.8134356737136841,
            -0.11394640058279037
        ],
        [
            0.028699368238449097,
            -0.8109699487686157,
            -0.11290393024682999
        ],
        [
            0.030420884490013123,
            -0.8107357025146484,
            -0.11339646577835083
        ],
        [
            0.02933887019753456,
            -0.8119369745254517,
            -0.11432364583015442
        ],
        [
            0.0279514379799366,
            -0.8117703199386597,
            -0.11333288252353668
        ],
        [
            0.026156645268201828,
            -0.8114194273948669,
            -0.11248580366373062
        ],
        [
            0.025285758078098297,
            -0.8094706535339355,
            -0.11191824078559875
        ],
        [
            0.027809813618659973,
            -0.8101503849029541,
            -0.11262357980012894
        ],
        [
            0.020866047590970993,
            -0.8084969520568848,
            -0.11162347346544266
        ],
        [
            0.006924591958522797,
            -0.8058731555938721,
            -0.10936253517866135
        ],
        [
            0.010427024215459824,
            -0.8064048290252686,
            -0.11061833798885345
        ],
        [
            0.00963832437992096,
            -0.8110321164131165,
            -0.10948698967695236
        ],
        [
            0.006754755973815918,
            -0.8108717203140259,
            -0.10843144357204437
        ],
        [
            0.02683272585272789,
            -0.8137101531028748,
            -0.11491696536540985
        ],
        [
            0.02887767180800438,
            -0.815191388130188,
            -0.11635488271713257
        ],
        [
            0.023632358759641647,
            -0.8177484273910522,
            -0.11683858186006546
        ],
        [
            0.02335386350750923,
            -0.8151078224182129,
            -0.11524280905723572
        ],
        [
            0.0308414064347744,
            -0.8170520067214966,
            -0.1181948333978653
        ],
        [
            0.03137641027569771,
            -0.8130784034729004,
            -0.11555330455303192
        ],
        [
            0.03433576226234436,
            -0.8136537075042725,
            -0.11735934019088745
        ],
        [
            0.03015468269586563,
            -0.8089410066604614,
            -0.1128501370549202
        ],
        [
            0.03325086832046509,
            -0.8072664737701416,
            -0.11338507384061813
        ],
        [
            0.032817862927913666,
            -0.8098263740539551,
            -0.11479486525058746
        ],
        [
            0.03169632703065872,
            -0.8040285110473633,
            -0.11199025064706802
        ],
        [
            0.027728449553251266,
            -0.8070296049118042,
            -0.11180932819843292
        ],
        [
            0.02340847998857498,
            -0.8050621747970581,
            -0.11138863861560822
        ],
        [
            0.017777927219867706,
            -0.8032926321029663,
            -0.11084643006324768
        ],
        [
            0.021921727806329727,
            -0.7986465692520142,
            -0.10963072627782822
        ],
        [
            0.027593720704317093,
            -0.8010470867156982,
            -0.11084144562482834
        ],
        [
            0.02570197358727455,
            -0.8215671181678772,
            -0.11813786625862122
        ],
        [
            0.0372312106192112,
            -0.8091468214988708,
            -0.11614105105400085
        ],
        [
            0.03947069123387337,
            -0.8154172897338867,
            -0.11911226809024811
        ],
        [
            0.038252733647823334,
            -0.8044208288192749,
            -0.11465758085250854
        ],
        [
            0.03733354061841965,
            -0.8000343441963196,
            -0.11246561259031296
        ],
        [
            0.03396392613649368,
            -0.796076774597168,
            -0.11050276458263397
        ],
        [
            0.02777937799692154,
            -0.7926914691925049,
            -0.10861475020647049
        ],
        [
            0.03112012706696987,
            -0.7692567110061646,
            -0.09748117625713348
        ],
        [
            0.039856888353824615,
            -0.7740539312362671,
            -0.10056648403406143
        ],
        [
            0.026175349950790405,
            -0.8911409378051758,
            -0.13265109062194824
        ],
        [
            0.03470316156744957,
            -0.8900982141494751,
            -0.13639017939567566
        ],
        [
            0.03842366859316826,
            -0.883039116859436,
            -0.13185903429985046
        ],
        [
            0.039455998688936234,
            -0.8854397535324097,
            -0.13305935263633728
        ],
        [
            0.033576589077711105,
            -0.8864628076553345,
            -0.13248634338378906
        ],
        [
            0.03373146429657936,
            -0.883808970451355,
            -0.13120496273040771
        ],
        [
            0.058823809027671814,
            -0.8767635226249695,
            -0.12859617173671722
        ],
        [
            0.05210832878947258,
            -0.8782755136489868,
            -0.12897513806819916
        ],
        [
            0.053638361394405365,
            -0.874542236328125,
            -0.12779298424720764
        ],
        [
            0.060911666601896286,
            -0.8700828552246094,
            -0.1284395158290863
        ],
        [
            0.043682415038347244,
            -0.8664365410804749,
            -0.12714925408363342
        ],
        [
            0.04903049021959305,
            -0.8678863048553467,
            -0.12776517868041992
        ],
        [
            0.04391881823539734,
            -0.8744374513626099,
            -0.12803971767425537
        ],
        [
            0.040005143731832504,
            -0.8734129667282104,
            -0.1277223378419876
        ],
        [
            0.03588287904858589,
            -0.872900664806366,
            -0.12671947479248047
        ],
        [
            0.03202703967690468,
            -0.872955322265625,
            -0.12494733184576035
        ],
        [
            0.03276553004980087,
            -0.867730975151062,
            -0.12394421547651291
        ],
        [
            0.037818629294633865,
            -0.8667166233062744,
            -0.12578213214874268
        ],
        [
            0.027473241090774536,
            -0.8878145217895508,
            -0.12934334576129913
        ],
        [
            0.02250923588871956,
            -0.8874787092208862,
            -0.12422224879264832
        ],
        [
            0.023959681391716003,
            -0.8844832181930542,
            -0.12432152032852173
        ],
        [
            0.028114009648561478,
            -0.8846279978752136,
            -0.12881305813789368
        ],
        [
            0.02006331831216812,
            -0.8791226744651794,
            -0.11301583051681519
        ],
        [
            0.02018345519900322,
            -0.8814269304275513,
            -0.11489579826593399
        ],
        [
            0.016655605286359787,
            -0.8828917145729065,
            -0.1135939285159111
        ],
        [
            0.016733013093471527,
            -0.8784902095794678,
            -0.11188516765832901
        ],
        [
            0.018591590225696564,
            -0.8752851486206055,
            -0.11304731667041779
        ],
        [
            0.020826973021030426,
            -0.8772690296173096,
            -0.11394229531288147
        ],
        [
            0.03180316835641861,
            -0.9452963471412659,
            -0.1341862678527832
        ],
        [
            0.023268405348062515,
            -0.9281826019287109,
            -0.13535282015800476
        ],
        [
            0.05166560783982277,
            -0.9390327334403992,
            -0.1340598315000534
        ],
        [
            0.06640448421239853,
            -0.9294540286064148,
            -0.13056844472885132
        ],
        [
            0.07857552170753479,
            -0.9166755676269531,
            -0.12672580778598785
        ],
        [
            0.06022050976753235,
            -0.8147101402282715,
            -0.1173349916934967
        ],
        [
            0.06589149683713913,
            -0.8062467575073242,
            -0.11239711940288544
        ],
        [
            0.07913777232170105,
            -0.8145291805267334,
            -0.10924971103668213
        ],
        [
            0.08182425051927567,
            -0.8046467900276184,
            -0.10268405824899673
        ],
        [
            0.06802420318126678,
            -0.7964816093444824,
            -0.10680744051933289
        ],
        [
            0.06124341860413551,
            -0.7791942358016968,
            -0.09399135410785675
        ],
        [
            0.06660669296979904,
            -0.7868205308914185,
            -0.1005336344242096
        ],
        [
            0.08268804848194122,
            -0.7954493761062622,
            -0.09355324506759644
        ],
        [
            0.09737195074558258,
            -0.8087998628616333,
            -0.08822718262672424
        ],
        [
            0.09391163289546967,
            -0.8153806924819946,
            -0.09852781891822815
        ],
        [
            0.10786277800798416,
            -0.8253573179244995,
            -0.08284927904605865
        ],
        [
            0.10258746147155762,
            -0.8023459911346436,
            -0.07471814006567001
        ],
        [
            0.1118151843547821,
            -0.8250318169593811,
            -0.07396485656499863
        ],
        [
            0.09205808490514755,
            -0.7650837898254395,
            -0.06321848928928375
        ],
        [
            0.09728208184242249,
            -0.7532124519348145,
            -0.058594249188899994
        ],
        [
            0.11309802532196045,
            -0.7603144645690918,
            -0.05297832190990448
        ],
        [
            0.1090092658996582,
            -0.7722407579421997,
            -0.05911163240671158
        ],
        [
            0.08851362764835358,
            -0.822906494140625,
            -0.10632427036762238
        ],
        [
            0.0832560583949089,
            -0.8851882219314575,
            -0.12122158706188202
        ],
        [
            0.07295988500118256,
            -0.8841097354888916,
            -0.12726743519306183
        ],
        [
            0.0878383070230484,
            -0.872854471206665,
            -0.11879270523786545
        ],
        [
            0.0950201153755188,
            -0.9455464482307434,
            -0.11621703952550888
        ],
        [
            0.08013121038675308,
            -0.9395506978034973,
            -0.125577911734581
        ],
        [
            0.09024406969547272,
            -0.9246406555175781,
            -0.12269289791584015
        ],
        [
            0.10359357297420502,
            -0.9324787855148315,
            -0.11469864845275879
        ],
        [
            0.06706627458333969,
            -0.9800238013267517,
            -0.10909239202737808
        ],
        [
            0.049417365342378616,
            -0.9652107954025269,
            -0.12449011206626892
        ],
        [
            0.06415557861328125,
            -0.9538492560386658,
            -0.1252705156803131
        ],
        [
            0.07971180975437164,
            -0.9654081463813782,
            -0.11410082876682281
        ],
        [
            0.1132810115814209,
            -0.9354405403137207,
            -0.10618390142917633
        ],
        [
            0.12627576291561127,
            -0.9387190341949463,
            -0.09316245466470718
        ],
        [
            0.12695492804050446,
            -0.9558141827583313,
            -0.08778350055217743
        ],
        [
            0.11046012490987778,
            -0.9530994892120361,
            -0.1030319482088089
        ],
        [
            0.12139470875263214,
            -0.9771692752838135,
            -0.07723774015903473
        ],
        [
            0.10148832947015762,
            -0.9744586944580078,
            -0.09624352306127548
        ],
        [
            0.11824405938386917,
            -0.8119741678237915,
            -0.061866939067840576
        ],
        [
            0.11972802877426147,
            -0.8308790922164917,
            -0.0644596666097641
        ],
        [
            0.10345326364040375,
            -0.7862948775291443,
            -0.06647486984729767
        ],
        [
            0.11829033493995667,
            -0.7949554920196533,
            -0.05751067399978638
        ],
        [
            0.11033881455659866,
            -0.993748664855957,
            -0.06319905817508698
        ],
        [
            0.08751827478408813,
            -0.9919400215148926,
            -0.08670655637979507
        ],
        [
            0.1518147736787796,
            -0.9230700731277466,
            -0.046749576926231384
        ],
        [
            0.14761748909950256,
            -0.9395222663879395,
            -0.057197682559490204
        ],
        [
            0.14237016439437866,
            -0.9247400760650635,
            -0.0709720328450203
        ],
        [
            0.14734455943107605,
            -0.9113924503326416,
