{
    "pred_cam": [
        1.4365445375442505,
        0.13172094523906708,
        0.2990601360797882
    ],
    "pred_smpl_params": {
        "global_orient": [
            [
                [
                    -0.8218257427215576,
                    0.07304426282644272,
                    -0.5650371313095093
                ],
                [
                    0.13034728169441223,
                    -0.9413380026817322,
                    -0.31127530336380005
                ],
                [
                    -0.5546277761459351,
                    -0.3294651210308075,
                    0.7640947103500366
                ]
            ]
        ],
        "body_pose": [
            [
                [
                    0.9993672370910645,
                    0.021883197128772736,
                    -0.02803880348801613
                ],
                [
                    -0.016004402190446854,
                    0.9806824922561646,
                    0.19495074450969696
                ],
                [
                    0.03176330402493477,
                    -0.19437865912914276,
                    0.9804121851921082
                ]
            ],
            [
                [
                    0.9915609359741211,
                    0.030651288107037544,
                    -0.12596604228019714
                ],
                [
                    -0.010096149519085884,
                    0.9869546294212341,
                    0.1606820523738861
                ],
                [
                    0.12924785912036896,
                    -0.15805427730083466,
                    0.9789351224899292
                ]
            ],
            [
                [
                    0.9960644841194153,
                    -0.004191415384411812,
                    0.08853308111429214
                ],
                [
                    0.022096823900938034,
                    0.9790839552879333,
                    -0.20225344598293304
                ],
                [
                    -0.0858335793018341,
                    0.20341373980045319,
                    0.9753233790397644
                ]
            ],
            [
                [
                    0.992042064666748,
                    0.039149392396211624,
                    -0.11966550350189209
                ],
                [
                    -0.07865634560585022,
                    0.9348466396331787,
                    -0.3462296426296234
                ],
                [
                    0.09831421822309494,
                    0.352886825799942,
                    0.9304865598678589
                ]
            ],
            [
                [
                    0.9634401798248291,
                    -0.264926552772522,
                    -0.03996136412024498
                ],
                [
                    0.17055237293243408,
                    0.7214670777320862,
                    -0.6711164116859436
                ],
                [
                    0.20662730932235718,
                    0.6397650241851807,
                    0.7402742505073547
                ]
            ],
            [
                [
                    0.9965492486953735,
                    0.022708002477884293,
                    0.07983691990375519
                ],
                [
                    -0.017853712663054466,
                    0.997978150844574,
                    -0.06099921464920044
                ],
                [
                    -0.08106066286563873,
                    0.059363335371017456,
                    0.9949398040771484
                ]
            ],
            [
                [
                    0.9813413619995117,
                    0.007274309638887644,
                    0.19213604927062988
                ],
                [
                    -0.008581890724599361,
                    0.999945342540741,
                    0.005974029656499624
                ],
                [
                    -0.19208209216594696,
                    -0.00751144764944911,
                    0.9813501238822937
                ]
            ],
            [
                [
                    0.9755376577377319,
                    0.08856911212205887,
                    -0.20120097696781158
                ],
                [
                    -0.06121460720896721,
                    0.9884921908378601,
                    0.13833291828632355
                ],
                [
                    0.21113762259483337,
                    -0.12263253331184387,
                    0.9697330594062805
                ]
            ],
            [
                [
                    0.9970843195915222,
                    0.030905187129974365,
                    0.06976928561925888
                ],
                [
                    -0.025398166850209236,
                    0.9965918064117432,
                    -0.07848350703716278
                ],
                [
                    -0.0719570517539978,
                    0.07648265361785889,
                    0.99447101354599
                ]
            ],
            [
                [
                    0.9967632293701172,
                    -0.07511068135499954,
                    0.02866174466907978
                ],
                [
                    0.07422850281000137,
                    0.9967687129974365,
                    0.030694855377078056
                ],
                [
                    -0.030874645337462425,
                    -0.02846798487007618,
                    0.9991177320480347
                ]
            ],
            [
                [
                    0.9993454813957214,
                    -0.029941758140921593,
                    -0.020300697535276413
                ],
                [
                    0.030402716249227524,
                    0.9992778301239014,
                    0.02279214933514595
                ],
                [
                    0.019603600725531578,
                    -0.023394428193569183,
                    0.9995340704917908
                ]
            ],
            [
                [
                    0.9740458726882935,
                    0.03522936999797821,
                    0.2235925942659378
                ],
                [
                    -0.012589460238814354,
                    0.9947166442871094,
                    -0.10188411176204681
                ],
                [
                    -0.22600057721138,
                    0.0964248776435852,
                    0.9693431854248047
                ]
            ],
            [
                [
                    0.9314286112785339,
                    0.245194673538208,
                    -0.2689244747161865
                ],
                [
                    -0.22352491319179535,
                    0.9685913920402527,
                    0.10893737524747849
                ],
                [
                    0.2871887981891632,
                    -0.041356053203344345,
                    0.95698082447052
                ]
            ],
            [
                [
                    0.8695302605628967,
                    -0.36353179812431335,
                    0.33430778980255127
                ],
                [
                    0.3508146405220032,
                    0.9310885071754456,
                    0.10001662373542786
                ],
                [
                    -0.3476293683052063,
                    0.030312582850456238,
                    0.9371418952941895
                ]
            ],
            [
                [
                    0.9950205683708191,
                    0.08710692822933197,
                    0.048438988626003265
                ],
                [
                    -0.05805283784866333,
                    0.9015570282936096,
                    -0.4287478029727936
                ],
                [
                    -0.08101742714643478,
                    0.42380091547966003,
                    0.9021245837211609
                ]
            ],
            [
                [
                    0.7294490337371826,
                    0.5350955128669739,
                    -0.42611828446388245
                ],
                [
                    -0.5827878713607788,
                    0.812315046787262,
                    0.022416459396481514
                ],
                [
                    0.3581372797489166,
                    0.231984943151474,
                    0.9043896198272705
                ]
            ],
            [
                [
                    0.5120566487312317,
                    -0.6965181827545166,
                    0.5026533007621765
                ],
                [
                    0.718427836894989,
                    0.668048620223999,
                    0.19383598864078522
                ],
                [
                    -0.47080719470977783,
                    0.26186513900756836,
                    0.8424767851829529
                ]
            ],
            [
                [
                    0.6955889463424683,
                    -0.0743819922208786,
                    -0.7145791053771973
                ],
                [
                    -0.03371063992381096,
                    0.9901513457298279,
                    -0.13588163256645203
                ],
                [
                    0.7176486849784851,
                    0.11860667914152145,
                    0.6862308382987976
                ]
            ],
            [
                [
                    0.7535385489463806,
                    0.12012459337711334,
                    0.6463356614112854
                ],
                [
                    -0.08338278532028198,
                    0.9926877617835999,
                    -0.08728295564651489
                ],
                [
                    -0.652094304561615,
                    0.0118778171017766,
                    0.7580448389053345
                ]
            ],
            [
                [
                    0.9965249300003052,
                    -0.07633750140666962,
                    -0.0333254300057888
                ],
                [
                    0.0756121501326561,
                    0.9968831539154053,
                    -0.022510485723614693
                ],
                [
                    0.034939955919981,
                    0.01991245336830616,
                    0.9991909861564636
                ]
            ],
            [
                [
                    0.9970021843910217,
                    0.06131906807422638,
                    0.047187723219394684
                ],
                [
                    -0.06429722160100937,
                    0.9958493113517761,
                    0.06442152708768845
                ],
                [
                    -0.043041590601205826,
                    -0.0672624409198761,
                    0.9968065619468689
                ]
            ],
            [
                [
                    0.9844638705253601,
                    0.14928323030471802,
                    -0.09244128316640854
                ],
                [
                    -0.13494467735290527,
                    0.9800915122032166,
                    0.14563898742198944
                ],
                [
                    0.11234236508607864,
                    -0.13090187311172485,
                    0.9850096702575684
                ]
            ],
            [
                [
                    0.9833809733390808,
                    -0.16801828145980835,
                    0.06878766417503357
                ],
                [
                    0.15945526957511902,
                    0.9804530143737793,
                    0.11526449769735336
                ],
                [
                    -0.08680962026119232,
                    -0.10238035023212433,
                    0.9909502267837524
                ]
            ]
        ],
        "betas": [
            -0.3071388006210327,
            -0.48302748799324036,
            0.22879424691200256,
            0.8239818811416626,
            0.297609806060791,
            -0.08118172734975815,
            -0.03118249773979187,
            -0.07328540086746216,
            0.03403975069522858,
            -0.09877032041549683
        ]
    },
    "pred_cam_t": [
        0.13172094523906708,
        0.2990601360797882,
        27.191986083984375
    ],
    "focal_length": [
        5000.0,
        5000.0
    ],
    "pred_keypoints_3d": [
        [
            -0.17910972237586975,
            -0.7650002241134644,
            -0.021833904087543488
        ],
        [
            -0.012809926643967628,
            -0.7252320647239685,
            -0.09108281135559082
        ],
        [
            0.09979362785816193,
            -0.6578937768936157,
            0.07061693072319031
        ],
        [
            0.0500514954328537,
            -0.4464617967605591,
            0.18678154051303864
        ],
        [
            -0.15187357366085052,
            -0.3500862419605255,
            0.2904307544231415
        ],
        [
            -0.13489416241645813,
            -0.6064994931221008,
            -0.1942441463470459
        ],
        [
            -0.27129998803138733,
            -0.3947158455848694,
            -0.18202510476112366
        ],
        [
            -0.39928585290908813,
            -0.31171464920043945,
            0.004891827702522278
        ],
        [
            -0.0020352951250970364,
            -0.2301950752735138,
            0.02944098226726055
        ],
        [
            0.0492892749607563,
            -0.15304261445999146,
            0.09410809725522995
        ],
        [
            0.0345289446413517,
            0.1685589849948883,
            0.272360235452652
        ],
        [
            0.01601884327828884,
            0.5209882259368896,
            0.12505027651786804
        ],
        [
            -0.06253907084465027,
            -0.1334121823310852,
            0.01618329994380474
        ],
        [
            -0.1450173556804657,
            0.18131154775619507,
            0.1695200651884079
        ],
        [
            -0.09030301123857498,
            0.5555635690689087,
            0.22240568697452545
        ],
        [
            -0.16180573403835297,
            -0.820921778678894,
            -0.005895718932151794
        ],
        [
            -0.18883895874023438,
            -0.8066174983978271,
            -0.06477977335453033
        ],
        [
            -0.06414531171321869,
            -0.863548219203949,
            -0.011576205492019653
        ],
        [
            -0.127566859126091,
            -0.8323907852172852,
            -0.1432766169309616
        ],
        [
            -0.19748827815055847,
            0.5808019638061523,
            0.38813281059265137
        ],
        [
            -0.22196859121322632,
            0.6040087938308716,
            0.31147632002830505
        ],
        [
            -0.06021948903799057,
            0.5971898436546326,
            0.1785486936569214
        ],
        [
            -0.03221530467271805,
            0.5935285091400146,
            0.30157405138015747
        ],
        [
            0.049500733613967896,
            0.5975269675254822,
            0.2712998390197754
        ],
        [
            0.030336935073137283,
            0.5542188882827759,
            0.06506712734699249
        ],
        [
            0.04875335842370987,
            0.4707199037075043,
            0.1198531985282898
        ],
        [
            0.037934884428977966,
            0.11102734506130219,
            0.2548729181289673
        ],
        [
            0.12973247468471527,
            -0.2754986584186554,
            0.09177733957767487
        ],
        [
            -0.10757211595773697,
            -0.21870973706245422,
            -0.07854650914669037
        ],
        [
            -0.14893358945846558,
            0.1447005569934845,
            0.1466694176197052
        ],
        [
            -0.08739674091339111,
            0.5270826816558838,
            0.1896926462650299
        ],
        [
            -0.15468214452266693,
            -0.3830186724662781,
            0.2736242413520813
        ],
        [
            0.04707860201597214,
            -0.47875818610191345,
            0.20900410413742065
        ],
        [
            0.0769120305776596,
            -0.685439944267273,
            0.03643254190683365
        ],
        [
            -0.1142316460609436,
            -0.6398906707763672,
            -0.19120728969573975
        ],
        [
            -0.29482561349868774,
            -0.4377765357494354,
            -0.17936599254608154
        ],
        [
            -0.39772188663482666,
            -0.33285653591156006,
            0.001527363434433937
        ],
        [
            -0.019974395632743835,
            -0.7146499156951904,
            -0.08446618914604187
        ],
        [
            -0.13873857259750366,
            -0.8849425911903381,
            -0.07228153944015503
        ],
        [
            0.010487303137779236,
            -0.24725128710269928,
            0.005976371932774782
        ],
        [
            -0.016091452911496162,
            -0.6596288084983826,
            -0.07504817843437195
        ],
        [
            0.02385590970516205,
            -0.48739659786224365,
            -0.06182380020618439
        ],
        [
            -0.10999372601509094,
            -0.7734482288360596,
            -0.061148516833782196
        ],
        [
            -0.14025987684726715,
            -0.9049280881881714,
            -0.07192439585924149
        ]
    ],
    "pred_vertices": [
        [
            -0.21832500398159027,
            -0.8450658321380615,
            -0.07403627038002014
        ],
        [
            -0.21340079605579376,
            -0.8307095170021057,
            -0.06589081883430481
        ],
        [
            -0.2090618908405304,
            -0.8293972015380859,
            -0.07964105904102325
        ],
        [
            -0.2100556641817093,
            -0.8414692878723145,
            -0.08895265311002731
        ],
        [
            -0.20756718516349792,
            -0.8192715644836426,
            -0.07359177619218826
        ],
        [
            -0.20936742424964905,
            -0.8195511698722839,
            -0.061666738241910934
        ],
        [
            -0.20082439482212067,
            -0.8270572423934937,
            -0.09040577709674835
        ],
        [
            -0.19865500926971436,
            -0.8368357419967651,
            -0.09991447627544403
        ],
        [
            -0.17625629901885986,
            -0.7995940446853638,
            -0.10143092274665833
        ],
        [
            -0.16871154308319092,
            -0.7991741895675659,
            -0.10928982496261597
        ],
        [
            -0.17587243020534515,
            -0.809325098991394,
            -0.10794659703969955
        ],
        [
            -0.1810753047466278,
            -0.8074145317077637,
            -0.0994505062699318
        ],
        [
            -0.1602274626493454,
            -0.7790660262107849,
            -0.10218995809555054
        ],
        [
            -0.15960955619812012,
            -0.7686812281608582,
            -0.09314151108264923
        ],
        [
            -0.14866508543491364,
            -0.7646732330322266,
            -0.09969545900821686
        ],
        [
            -0.14770875871181488,
            -0.7752748727798462,
            -0.10826822370290756
        ],
        [
            -0.1715710610151291,
            -0.777728259563446,
            -0.053888026624917984
        ],
        [
            -0.16962391138076782,
            -0.771269679069519,
            -0.059242166578769684
        ],
        [
            -0.1740102767944336,
            -0.7764177918434143,
            -0.06292594969272614
        ],
        [
            -0.17495420575141907,
            -0.7824894189834595,
            -0.05707988888025284
        ],
        [
            -0.17755556106567383,
            -0.7854520082473755,
            -0.04281624034047127
        ],
        [
            -0.17817452549934387,
            -0.7913897037506104,
            -0.04513394460082054
        ],
        [
            -0.1823139786720276,
            -0.7934337854385376,
            -0.038584351539611816
        ],
        [
            -0.18251660466194153,
            -0.7862582206726074,
            -0.0366157665848732
        ],
        [
            -0.16668552160263062,
            -0.7744579315185547,
            -0.04918763041496277
        ],
        [
            -0.1644592136144638,
            -0.7680191397666931,
            -0.054983049631118774
        ],
        [
            -0.17363104224205017,
            -0.7829463481903076,
            -0.04903392866253853
        ],
        [
            -0.17239245772361755,
            -0.778693437576294,
            -0.04629378393292427
        ],
        [
            -0.17657434940338135,
            -0.7695435881614685,
            -0.039252735674381256
        ],
        [
            -0.1784844994544983,
            -0.7738022208213806,
            -0.04128898307681084
        ],
        [
            -0.18307079374790192,
            -0.7723749876022339,
            -0.03528772294521332
        ],
        [
            -0.17922408878803253,
            -0.7681928277015686,
            -0.034439876675605774
        ],
        [
            -0.16988758742809296,
            -0.7723854780197144,
            -0.04594779014587402
        ],
        [
            -0.17387808859348297,
            -0.7735673189163208,
            -0.04519857466220856
        ],
        [
            -0.17285077273845673,
            -0.7699090242385864,
            -0.04198021441698074
        ],
        [
            -0.16855236887931824,
            -0.769801139831543,
            -0.04206261783838272
        ],
        [
            -0.17744876444339752,
            -0.7806797027587891,
            -0.04125305265188217
        ],
        [
            -0.1829274594783783,
            -0.7797483205795288,
            -0.03561539947986603
        ],
        [
            -0.18771527707576752,
            -0.7786666750907898,
            -0.029015107080340385
        ],
        [
            -0.18635717034339905,
            -0.7698801159858704,
            -0.028224267065525055
        ],
        [
            -0.16209271550178528,
            -0.7600620985031128,
            -0.07182706892490387
        ],
        [
            -0.1668848842382431,
            -0.7651998996734619,
            -0.0656232163310051
        ],
        [
            -0.162422314286232,
            -0.7622798085212708,
            -0.06092456728219986
        ],
        [
            -0.15931354463100433,
            -0.7577238082885742,
            -0.06641331315040588
        ],
        [
            -0.16466063261032104,
            -0.76845383644104,
            -0.044512681663036346
        ],
        [
            -0.1582265943288803,
            -0.7540561556816101,
            -0.047643743455410004
        ],
        [
            -0.16038940846920013,
            -0.7571542263031006,
            -0.0478665754199028
        ],
        [
            -0.16163264214992523,
            -0.7573623657226562,
            -0.04074972867965698
        ],
        [
            -0.15971925854682922,
            -0.7543821334838867,
            -0.041211314499378204
        ],
        [
            -0.14999143779277802,
            -0.750690221786499,
            -0.08025120198726654
        ],
        [
            -0.1506916731595993,
            -0.749004602432251,
            -0.0731450617313385
        ],
        [
            -0.14537017047405243,
            -0.7442203164100647,
            -0.07463496923446655
        ],
        [
            -0.14278289675712585,
            -0.745611310005188,
            -0.08166830986738205
        ],
        [
            -0.1407366394996643,
            -0.74046391248703,
            -0.07267381250858307
        ],
        [
            -0.13593789935112,
            -0.7409758567810059,
            -0.08151769638061523
        ],
        [
            -0.1255420446395874,
            -0.7308815717697144,
            -0.07278460264205933
        ],
        [
            -0.13022616505622864,
            -0.7353798151016235,
            -0.07737589627504349
        ],
        [
            -0.1367175430059433,
            -0.7364262938499451,
            -0.06876064091920853
        ],
        [
            -0.13444417715072632,
            -0.7318105697631836,
            -0.06248829886317253
        ],
        [
            -0.13860885798931122,
            -0.7344025373458862,
            -0.0483718067407608
        ],
        [
            -0.13776850700378418,
            -0.7334762215614319,
            -0.042090483009815216
        ],
        [
            -0.13173800706863403,
            -0.7232022285461426,
            -0.046882227063179016
        ],
        [
            -0.13310831785202026,
            -0.7264326214790344,
            -0.05419692024588585
        ],
        [
            -0.15171441435813904,
            -0.7510565519332886,
            -0.04919420927762985
        ],
        [
            -0.1510883867740631,
            -0.7515559196472168,
            -0.05392824113368988
        ],
        [
            -0.1537165641784668,
            -0.7516499757766724,
            -0.05326547101140022
        ],
        [
            -0.15525396168231964,
            -0.7519760131835938,
            -0.04822257161140442
        ],
        [
            -0.15089738368988037,
            -0.7513927221298218,
            -0.0579654686152935
        ],
        [
            -0.15080738067626953,
            -0.7511759996414185,
            -0.05976168438792229
        ],
        [
            -0.15234015882015228,
            -0.7517237663269043,
            -0.05909557640552521
        ],
        [
            -0.1516915261745453,
            -0.751737654209137,
            -0.057823993265628815
        ],
        [
            -0.1512649953365326,
            -0.7515816688537598,
            -0.055761292576789856
        ],
        [
            -0.1501915454864502,
            -0.749987781047821,
            -0.05462777614593506
        ],
        [
            -0.15056467056274414,
            -0.7506678104400635,
            -0.056933365762233734
        ],
        [
            -0.15065860748291016,
            -0.7487070560455322,
            -0.05025201290845871
        ],
        [
            -0.1508331596851349,
            -0.7460018396377563,
            -0.03559388965368271
        ],
        [
            -0.15146085619926453,
            -0.7460741996765137,
            -0.039664126932621
        ],
        [
            -0.15237852931022644,
            -0.750595211982727,
            -0.0387953445315361
        ],
        [
            -0.15200546383857727,
            -0.7507977485656738,
            -0.03533000499010086
        ],
        [
            -0.15406370162963867,
            -0.7528823614120483,
            -0.05688748508691788
        ],
        [
            -0.15542194247245789,
            -0.7538813948631287,
            -0.05931475758552551
        ],
        [
            -0.15803642570972443,
            -0.7553832530975342,
            -0.054563745856285095
        ],
        [
            -0.1557600498199463,
            -0.7535707950592041,
            -0.053671903908252716
        ],
        [
            -0.1572495698928833,
            -0.7549388408660889,
            -0.06204531714320183
        ],
        [
            -0.15332123637199402,
            -0.7525860071182251,
            -0.06141877546906471
        ],
        [
            -0.15435349941253662,
            -0.7529146671295166,
            -0.06437385082244873
        ],
        [
            -0.14967481791973114,
            -0.7498353719711304,
            -0.05922043323516846
        ],
        [
            -0.14865617454051971,
            -0.7485990524291992,
            -0.0622861310839653
        ],
        [
            -0.15104112029075623,
            -0.7502070665359497,
            -0.06242794543504715
        ],
        [
            -0.1466289460659027,
            -0.7460006475448608,
            -0.06020062789320946
        ],
        [
            -0.1485956609249115,
            -0.7482498288154602,
            -0.05650132894515991
        ],
        [
            -0.1485549807548523,
            -0.746085524559021,
            -0.05215204879641533
        ],
        [
            -0.14872002601623535,
            -0.7439967393875122,
            -0.04658567160367966
        ],
        [
            -0.14475378394126892,
            -0.7408728003501892,
            -0.04994913935661316
        ],
        [
            -0.14548134803771973,
            -0.7431799173355103,
            -0.05580628290772438
        ],
        [
            -0.16016465425491333,
            -0.758719801902771,
            -0.056672897189855576
        ],
        [
            -0.15081831812858582,
            -0.7496488094329834,
            -0.06706169247627258
        ],
        [
            -0.15542447566986084,
            -0.7542072534561157,
            -0.07020602375268936
        ],
        [
            -0.14742831885814667,
            -0.7461260557174683,
            -0.06736405938863754
        ],
        [
            -0.1440974771976471,
            -0.7429628372192383,
            -0.06551948934793472
        ],
        [
            -0.1415175497531891,
            -0.7398593425750732,
            -0.060995519161224365
        ],
        [
            -0.13999706506729126,
            -0.7367712259292603,
            -0.054907046258449554
        ],
        [
            -0.1195446103811264,
            -0.7205268144607544,
            -0.05354871600866318
        ],
        [
            -0.12280770391225815,
            -0.7247040867805481,
            -0.06244383752346039
        ],
        [
            -0.2022603154182434,
            -0.8148561716079712,
            -0.06111997738480568
        ],
        [
            -0.20298117399215698,
            -0.8134310245513916,
            -0.07008440792560577
        ],
        [
            -0.19512680172920227,
            -0.8091574311256409,
            -0.07261337339878082
        ],
        [
            -0.19697952270507812,
            -0.8105827569961548,
            -0.07439310103654861
        ],
        [
            -0.19839084148406982,
            -0.8114107251167297,
            -0.06808257848024368
        ],
        [
            -0.1960253268480301,
            -0.8094639778137207,
            -0.06798329949378967
        ],
        [
            -0.1842009425163269,
            -0.8075979351997375,
            -0.09157146513462067
        ],
        [
            -0.18680506944656372,
            -0.8079439401626587,
            -0.08514446020126343
        ],
        [
            -0.18372295796871185,
            -0.8054764866828918,
            -0.0859421119093895
        ],
        [
            -0.18098057806491852,
            -0.8018860220909119,
            -0.09332901239395142
        ],
        [
            -0.18228472769260406,
            -0.7973692417144775,
            -0.07644931972026825
        ],
        [
            -0.18216608464717865,
            -0.7990415692329407,
            -0.08158262073993683
        ],
        [
            -0.18623587489128113,
            -0.8041280508041382,
            -0.07710608094930649
        ],
        [
            -0.18647092580795288,
            -0.8028473854064941,
            -0.07340790331363678
        ],
        [
            -0.18630412220954895,
            -0.8023123145103455,
            -0.06925652921199799
        ],
        [
            -0.18581470847129822,
            -0.8026478290557861,
            -0.06481271237134933
        ],
        [
            -0.18250757455825806,
            -0.7984169125556946,
            -0.06557465344667435
        ],
        [
            -0.18245413899421692,
            -0.7974293231964111,
            -0.07087836414575577
        ],
        [
            -0.19755026698112488,
            -0.8130553364753723,
            -0.06187489256262779
        ],
        [
            -0.194255068898201,
            -0.8141798377037048,
            -0.05530301481485367
        ],
        [
            -0.19245535135269165,
            -0.811745285987854,
            -0.057038914412260056
        ],
        [
            -0.19546183943748474,
            -0.8106163740158081,
            -0.062348730862140656
        ],
        [
            -0.1813114434480667,
            -0.8111664056777954,
            -0.050085581839084625
        ],
        [
            -0.1839877814054489,
            -0.8123518228530884,
            -0.05063734948635101
        ],
        [
            -0.18429319560527802,
            -0.8138523101806641,
            -0.04696989804506302
        ],
        [
            -0.18082833290100098,
            -0.8107002377510071,
            -0.04666715860366821
        ],
        [
            -0.1800156533718109,
            -0.8076483607292175,
            -0.04877881705760956
        ],
        [
            -0.18113082647323608,
            -0.8092759847640991,
            -0.051123473793268204
        ],
        [
            -0.22555433213710785,
            -0.8651468753814697,
            -0.06645520776510239
        ],
        [
            -0.22175630927085876,
            -0.848471999168396,
            -0.058180470019578934
        ],
        [
            -0.21828268468379974,
            -0.862036406993866,
            -0.08508550375699997
        ],
        [
            -0.2068202942609787,
            -0.856660008430481,
            -0.099007748067379
        ],
        [
            -0.1956169456243515,
            -0.8478381633758545,
            -0.10999047756195068
        ],
        [
            -0.14940707385540009,
            -0.756206750869751,
            -0.0897180438041687
        ],
        [
            -0.14053210616111755,
            -0.7515157461166382,
            -0.09347319602966309
        ],
        [
            -0.13751648366451263,
            -0.7616350054740906,
            -0.1053534597158432
        ],
        [
            -0.12802353501319885,
            -0.7557206749916077,
            -0.10565447807312012
        ],
        [
            -0.13158389925956726,
            -0.7453542947769165,
            -0.09303584694862366
        ],
        [
            -0.1162683442234993,
            -0.7328497171401978,
            -0.08168167620897293
        ],
        [
            -0.1235644519329071,
            -0.7386181354522705,
            -0.08923666924238205
        ],
        [
            -0.11798925697803497,
            -0.7500296235084534,
            -0.10400225222110748
        ],
        [
            -0.11506228148937225,
            -0.7653580904006958,
            -0.11834615468978882
        ],
        [
            -0.1253589540719986,
            -0.7681084871292114,
            -0.1166117861866951
        ],
        [
            -0.1142471581697464,
            -0.784063458442688,
            -0.1273878663778305
        ],
        [
            -0.10205921530723572,
            -0.7636398077011108,
            -0.11903746426105499
        ],
        [
            -0.10596205294132233,
            -0.7876777648925781,
            -0.1283688098192215
        ],
        [
            -0.08945421874523163,
            -0.735683262348175,
            -0.09836070239543915
        ],
        [
            -0.08531815558671951,
            -0.7280198931694031,
            -0.09939747303724289
        ],
        [
            -0.08093113452196121,
            -0.7362329959869385,
            -0.11631834506988525
        ],
        [
            -0.08550284057855606,
            -0.744618833065033,
            -0.11525021493434906
        ],
        [
            -0.1358453929424286,
            -0.771331787109375,
            -0.11410102993249893
        ],
        [
            -0.1764386147260666,
            -0.8217636942863464,
            -0.11279155313968658
        ],
        [
            -0.1833636611700058,
            -0.8170005679130554,
            -0.10424411296844482
        ],
        [
            -0.16722291707992554,
            -0.8122217655181885,
            -0.11617028713226318
        ],
        [
            -0.1943891942501068,
            -0.8813196420669556,
            -0.12305399775505066
        ],
        [
            -0.20365916192531586,
            -0.8699393272399902,
            -0.11121123284101486
        ],
        [
            -0.192453071475029,
            -0.8588842749595642,
            -0.12000763416290283
        ],
        [
            -0.18559572100639343,
            -0.8708947896957397,
            -0.13051989674568176
        ],
        [
            -0.21072708070278168,
            -0.9119337797164917,
            -0.09332090616226196
        ],
        [
            -0.2224111258983612,
            -0.8889694213867188,
            -0.08091645687818527
        ],
        [
            -0.21430714428424835,
            -0.8811334371566772,
            -0.09568807482719421
        ],
        [
            -0.20511749386787415,
            -0.898359477519989,
            -0.10731269419193268
        ],
        [
            -0.17666566371917725,
            -0.8779435157775879,
            -0.13836777210235596
        ],
        [
            -0.16360394656658173,
            -0.8880209922790527,
            -0.14664247632026672
        ],
        [
            -0.16539238393306732,
            -0.905542254447937,
            -0.14576014876365662
        ],
        [
            -0.18270765244960785,
            -0.8954943418502808,
            -0.13462047278881073
        ],
        [
            -0.16696499288082123,
            -0.9288359880447388,
            -0.1371999979019165
        ],
        [
            -0.18753619492053986,
            -0.9165115356445312,
            -0.12339712679386139
        ],
        [
            -0.09070469439029694,
            -0.7802969217300415,
            -0.1291036158800125
        ],
        [
            -0.0978047102689743,
            -0.7987087965011597,
            -0.13242436945438385
        ],
        [
            -0.09287907183170319,
            -0.7531671524047852,
            -0.1140419989824295
        ],
        [
            -0.085031658411026,
            -0.7656607627868652,
            -0.12680931389331818
        ],
        [
            -0.16452915966510773,
            -0.9479197263717651,
            -0.12253695726394653
        ],
        [
            -0.19001808762550354,
            -0.9345923662185669,
            -0.1073264554142952
        ],
        [
            -0.1098242849111557,
            -0.8955782651901245,
            -0.15948538482189178
        ],
        [
            -0.126759871840477,
            -0.9059206247329712,
            -0.15706849098205566
        ],
        [
            -0.13393248617649078,
            -0.8861755132675171,
            -0.15652097761631012
        ],
        [
