{
    "pred_cam": [
        1.1432697772979736,
        0.01098916120827198,
        0.1763354241847992
    ],
    "pred_smpl_params": {
        "global_orient": [
            [
                [
                    0.9822490811347961,
                    0.12402825802564621,
                    -0.14072582125663757
                ],
                [
                    0.11237896978855133,
                    -0.9897667765617371,
                    -0.08793626725673676
                ],
                [
                    -0.15019230544567108,
                    0.07056069374084473,
                    -0.9861356616020203
                ]
            ]
        ],
        "body_pose": [
            [
                [
                    0.983218252658844,
                    -0.18072934448719025,
                    0.02487449161708355
                ],
                [
                    0.17081639170646667,
                    0.9598900079727173,
                    0.22233521938323975
                ],
                [
                    -0.06405927240848541,
                    -0.21435508131980896,
                    0.974652886390686
                ]
            ],
            [
                [
                    0.9984008073806763,
                    0.013573307543992996,
                    0.05487839877605438
                ],
                [
                    -0.022969244047999382,
                    0.9844067692756653,
                    0.17440113425254822
                ],
                [
                    -0.05165546387434006,
                    -0.17538273334503174,
                    0.9831442832946777
                ]
            ],
            [
                [
                    0.997022271156311,
                    0.06608191877603531,
                    -0.039747048169374466
                ],
                [
                    -0.07166406512260437,
                    0.9843282103538513,
                    -0.16112776100635529
                ],
                [
                    0.02847651019692421,
                    0.16349638998508453,
                    0.9861328601837158
                ]
            ],
            [
                [
                    0.9863510131835938,
                    0.024857716634869576,
                    -0.1627693921327591
                ],
                [
                    -0.1520068496465683,
                    0.5174407958984375,
                    -0.8421098589897156
                ],
                [
                    0.06329058855772018,
                    0.8553578853607178,
                    0.5141568183898926
                ]
            ],
            [
                [
                    0.9846926927566528,
                    0.0012171160196885467,
                    0.1742948591709137
                ],
                [
                    0.12029409408569336,
                    0.7188946008682251,
                    -0.6846311688423157
                ],
                [
                    -0.12613290548324585,
                    0.6951180100440979,
                    0.7077438235282898
                ]
            ],
            [
                [
                    0.9986448884010315,
                    -0.0326712504029274,
                    -0.04050810635089874
                ],
                [
                    0.03331363946199417,
                    0.9993280172348022,
                    0.015285775065422058
                ],
                [
                    0.039981480687856674,
                    -0.016614533960819244,
                    0.9990622401237488
                ]
            ],
            [
                [
                    0.9829294681549072,
                    0.04876501113176346,
                    0.17740263044834137
                ],
                [
                    -0.06823375821113586,
                    0.9920912981033325,
                    0.10535140335559845
                ],
                [
                    -0.17086215317249298,
                    -0.11565784364938736,
                    0.9784832000732422
                ]
            ],
            [
                [
                    0.9834534525871277,
                    -0.016323143616318703,
                    -0.1804245263338089
                ],
                [
                    0.023457126691937447,
                    0.9990221261978149,
                    0.03747735172510147
                ],
                [
                    0.17963634431362152,
                    -0.04108946770429611,
                    0.9828746318817139
                ]
            ],
            [
                [
                    0.9977712631225586,
                    -0.026411136612296104,
                    -0.061276715248823166
                ],
                [
                    0.02074144408106804,
                    0.9955996870994568,
                    -0.09138375520706177
                ],
                [
                    0.06342063099145889,
                    0.089909128844738,
                    0.9939285516738892
                ]
            ],
            [
                [
                    0.9909462332725525,
                    -0.13017801940441132,
                    -0.03285200893878937
                ],
                [
                    0.13407444953918457,
                    0.9723372459411621,
                    0.19127057492733002
                ],
                [
                    0.00704400148242712,
                    -0.19394347071647644,
                    0.9809874892234802
                ]
            ],
            [
                [
                    0.9901407957077026,
                    0.13949666917324066,
                    -0.012723379768431187
                ],
                [
                    -0.13434629142284393,
                    0.971428394317627,
                    0.1956474334001541
                ],
                [
                    0.039652019739151,
                    -0.19200916588306427,
                    0.9805917143821716
                ]
            ],
            [
                [
                    0.9783961772918701,
                    -0.05449136719107628,
                    -0.19942794740200043
                ],
                [
                    0.061555393040180206,
                    0.9976708889007568,
                    0.029389629140496254
                ],
                [
                    0.19736196100711823,
                    -0.04103057086467743,
                    0.9794716238975525
                ]
            ],
            [
                [
                    0.879089891910553,
                    0.4765462577342987,
                    -0.010235116817057133
                ],
                [
                    -0.47615647315979004,
                    0.8769827485084534,
                    -0.06462397426366806
                ],
                [
                    -0.02182029001414776,
                    0.061683785170316696,
                    0.9978572726249695
                ]
            ],
            [
                [
                    0.8824339509010315,
                    -0.46900054812431335,
                    -0.03672447055578232
                ],
                [
                    0.4679797887802124,
                    0.8831146955490112,
                    -0.03321840241551399
                ],
                [
                    0.04801136255264282,
                    0.012126739136874676,
                    0.9987731575965881
                ]
            ],
            [
                [
                    0.978969395160675,
                    -0.11773137003183365,
                    -0.16660772264003754
                ],
                [
                    0.06258196383714676,
                    0.950610339641571,
                    -0.30401235818862915
                ],
                [
                    0.19417080283164978,
                    0.2871921956539154,
                    0.9379863142967224
                ]
            ],
            [
                [
                    0.5368497371673584,
                    0.7997705936431885,
                    -0.2686249613761902
                ],
                [
                    -0.8351344466209412,
                    0.5489542484283447,
                    -0.0346364825963974
                ],
                [
                    0.11976157873868942,
                    0.24293252825737,
                    0.9626219272613525
                ]
            ],
            [
                [
                    0.5490096211433411,
                    -0.7924801707267761,
                    0.26563817262649536
                ],
                [
                    0.8319087624549866,
                    0.5488057136535645,
                    -0.08209805190563202
                ],
                [
                    -0.08072265237569809,
                    0.26605936884880066,
                    0.9605708122253418
                ]
            ],
            [
                [
                    0.9408259391784668,
                    -0.07460423558950424,
                    -0.33057641983032227
                ],
                [
                    0.03553261607885361,
                    0.9918070435523987,
                    -0.12270388007164001
                ],
                [
                    0.33702224493026733,
                    0.10369674861431122,
                    0.9357686638832092
                ]
            ],
            [
                [
                    0.8660566806793213,
                    0.11799649149179459,
                    0.4858216643333435
                ],
                [
                    -0.02713347226381302,
                    0.9814099669456482,
                    -0.18999527394771576
                ],
                [
                    -0.49920904636383057,
                    0.15136463940143585,
                    0.8531582951545715
                ]
            ],
            [
                [
                    0.9959264993667603,
                    0.07415414601564407,
                    0.05130031332373619
                ],
                [
                    -0.07261499017477036,
                    0.9968705177307129,
                    -0.031245088204741478
                ],
                [
                    -0.05345671996474266,
                    0.027392635121941566,
                    0.9981944561004639
                ]
            ],
            [
                [
                    0.9962130188941956,
                    -0.06335772573947906,
                    -0.059543922543525696
                ],
                [
                    0.062118347734212875,
                    0.9978165030479431,
                    -0.022441716864705086
                ],
                [
                    0.060835760086774826,
                    0.018657958135008812,
                    0.9979734420776367
                ]
            ],
            [
                [
                    0.969380795955658,
                    0.22365635633468628,
                    -0.10138377547264099
                ],
                [
                    -0.20576602220535278,
                    0.9651466012001038,
                    0.16171735525131226
                ],
                [
                    0.13401930034160614,
                    -0.13590437173843384,
                    0.9816154837608337
                ]
            ],
            [
                [
                    0.9714716672897339,
                    -0.22228747606277466,
                    0.08265066146850586
                ],
                [
                    0.20587775111198425,
                    0.9634616374969482,
                    0.1713360697031021
                ],
                [
                    -0.11771659553050995,
                    -0.1494321972131729,
                    0.9817396998405457
                ]
            ]
        ],
        "betas": [
            0.0185394287109375,
            0.1780122071504593,
            0.20793697237968445,
            1.00008225440979,
            -0.017377257347106934,
            0.009398940950632095,
            -0.1006600558757782,
            0.05809791386127472,
            0.08844991773366928,
            -0.051333606243133545
        ]
    },
    "pred_cam_t": [
        0.01098916120827198,
        0.1763354241847992,
        34.16735076904297
    ],
    "focal_length": [
        5000.0,
        5000.0
    ],
    "pred_keypoints_3d": [
        [
            -0.021710753440856934,
            -0.8360728621482849,
            -0.1267605870962143
        ],
        [
            0.07217831909656525,
            -0.7479544878005981,
            0.016633572056889534
        ],
        [
            -0.10506837069988251,
            -0.6605740189552307,
            0.09698696434497833
        ],
        [
            -0.14031733572483063,
            -0.4174101650714874,
            0.15352913737297058
        ],
        [
            -0.20574037730693817,
            -0.1881522238254547,
            0.0662776380777359
        ],
        [
            0.2312398999929428,
            -0.6154499650001526,
            -0.0138771440833807
        ],
        [
            0.22571447491645813,
            -0.36128929257392883,
            0.03681129962205887
        ],
        [
            0.18712224066257477,
            -0.12285925447940826,
            -0.021777935326099396
        ],
        [
            -0.0026618647389113903,
            -0.2327674925327301,
            0.02554173767566681
        ],
        [
            -0.07632764428853989,
            -0.15041594207286835,
            0.034179121255874634
        ],
        [
            -0.17425766587257385,
            0.2085764855146408,
            -0.04651656001806259
        ],
        [
            -0.1869710087776184,
            0.5285292267799377,
            0.1855018436908722
        ],
        [
            0.05193371698260307,
            -0.13439109921455383,
            0.016669508069753647
        ],
        [
            0.09781788289546967,
            0.21677833795547485,
            -0.09792625904083252
        ],
        [
            0.11582746356725693,
            0.4837777614593506,
            0.19285160303115845
        ],
        [
            -0.02920123189687729,
            -0.883076548576355,
            -0.08623424917459488
        ],
        [
            0.01950206607580185,
            -0.880934476852417,
            -0.13098791241645813
        ],
        [
            0.0033407360315322876,
            -0.8884623050689697,
            0.011911101639270782
        ],
        [
            0.1130557581782341,
            -0.8832929134368896,
            -0.08622406423091888
        ],
        [
            0.10601908713579178,
            0.6337593197822571,
            0.0629163384437561
        ],
        [
            0.17620572447776794,
            0.6142983436584473,
            0.10524415969848633
        ],
        [
            0.12821947038173676,
            0.4778690040111542,
            0.2622806429862976
        ],
        [
            -0.20792704820632935,
            0.6572785377502441,
            0.0334911048412323
        ],
        [
            -0.2741122841835022,
            0.6320516467094421,
            0.08551332354545593
        ],
        [
            -0.18871724605560303,
            0.5406259298324585,
            0.25732919573783875
        ],
        [
            -0.2035832703113556,
            0.47046130895614624,
            0.18482333421707153
        ],
        [
            -0.16089794039726257,
            0.14768117666244507,
            -0.04451297968626022
        ],
        [
            -0.1361125409603119,
            -0.2828512489795685,
            0.05985349789261818
        ],
        [
            0.1394582837820053,
            -0.23450183868408203,
            0.030865754932165146
        ],
        [
            0.10572749376296997,
            0.17933964729309082,
            -0.09649764001369476
        ],
        [
            0.12543903291225433,
            0.44195032119750977,
            0.19047918915748596
        ],
        [
            -0.19780877232551575,
            -0.2151481807231903,
            0.04289714992046356
        ],
        [
            -0.1713191270828247,
            -0.4384933412075043,
            0.13876110315322876
        ],
        [
            -0.06821276992559433,
            -0.6926679015159607,
            0.08286687731742859
        ],
        [
            0.20708857476711273,
            -0.6560508012771606,
            -0.0055374084040522575
        ],
        [
            0.2498941570520401,
            -0.3767138123512268,
            -0.004471279680728912
        ],
        [
            0.18988549709320068,
            -0.1383015513420105,
            -0.03468344733119011
        ],
        [
            0.07244543731212616,
            -0.732197642326355,
            0.017622679471969604
        ],
        [
            0.0438973605632782,
            -0.9349825382232666,
            -0.06083470582962036
        ],
        [
            0.0020701843313872814,
            -0.2582542598247528,
            0.04466867446899414
        ],
        [
            0.06732109189033508,
            -0.6732376217842102,
            0.03607037663459778
        ],
        [
            0.048868268728256226,
            -0.5032340884208679,
            0.05653054267168045
        ],
        [
            0.034780967980623245,
            -0.822141706943512,
            -0.07139351963996887
        ],
        [
            0.043584153056144714,
            -0.9552480578422546,
            -0.05382462590932846
        ]
    ],
    "pred_vertices": [
        [
            0.02428683638572693,
            -0.9256254434585571,
            -0.1467168927192688
        ],
        [
            0.017004944384098053,
            -0.9106913208961487,
            -0.1456005871295929
        ],
        [
            0.03131091967225075,
            -0.908611536026001,
            -0.1458146870136261
        ],
        [
            0.04075684770941734,
            -0.9205973148345947,
            -0.14383427798748016
        ],
        [
            0.025582492351531982,
            -0.899005115032196,
            -0.14587289094924927
        ],
        [
            0.01330326497554779,
            -0.8992936611175537,
            -0.1445445865392685
        ],
        [
            0.043897777795791626,
            -0.9044210910797119,
            -0.1413492113351822
        ],
        [
            0.05371171981096268,
            -0.9124768376350403,
            -0.13798880577087402
        ],
        [
            0.05814013257622719,
            -0.8711731433868408,
            -0.13077908754348755
        ],
        [
            0.06767645478248596,
            -0.8679819703102112,
            -0.12556636333465576
        ],
        [
            0.06610125303268433,
            -0.8796453475952148,
            -0.1290457844734192
        ],
        [
            0.05634551867842674,
            -0.8798224925994873,
            -0.1323784589767456
        ],
        [
            0.06248289719223976,
            -0.8459780812263489,
            -0.12316463887691498
        ],
        [
            0.05320446565747261,
            -0.8357349634170532,
            -0.1237577348947525
        ],
        [
            0.062285155057907104,
            -0.8282084465026855,
            -0.11672292649745941
        ],
        [
            0.07123975455760956,
            -0.8381611704826355,
            -0.11479039490222931
        ],
        [
            0.012022338807582855,
            -0.8470344543457031,
            -0.12243639677762985
        ],
        [
            0.017562299966812134,
            -0.8404249548912048,
            -0.12427379190921783
        ],
        [
            0.020318269729614258,
            -0.8470384478569031,
            -0.1270836889743805
        ],
        [
            0.014497563242912292,
            -0.8529001474380493,
            -0.12445301562547684
        ],
        [
            0.00021835416555404663,
            -0.8559658527374268,
            -0.12288949638605118
        ],
        [
            0.0026597529649734497,
            -0.861909031867981,
            -0.12176160514354706
        ],
        [
            -0.004624329507350922,
            -0.8650491833686829,
            -0.12328802049160004
        ],
        [
            -0.0070256441831588745,
            -0.8581373691558838,
            -0.12566399574279785
        ],
        [
            0.008311696350574493,
            -0.8420076370239258,
            -0.11828109622001648
        ],
        [
            0.014454726129770279,
            -0.8351156711578369,
            -0.12023381143808365
        ],
        [
            0.006797850131988525,
            -0.8526240587234497,
            -0.12141601741313934
        ],
        [
            0.004518620669841766,
            -0.8478485345840454,
            -0.12155710905790329
        ],
        [
            -0.00383593887090683,
            -0.840179443359375,
            -0.12680312991142273
        ],
        [
            -0.00220412015914917,
            -0.845026969909668,
            -0.12733429670333862
        ],
        [
            -0.009392626583576202,
            -0.8450467586517334,
            -0.1306155025959015
        ],
        [
            -0.00938146561384201,
            -0.8398070931434631,
            -0.1284303516149521
        ],
        [
            0.004170969128608704,
            -0.8409878015518188,
            -0.12122103571891785
        ],
        [
            0.002486616373062134,
            -0.8433773517608643,
            -0.12424540519714355
        ],
        [
            -0.0004652291536331177,
            -0.839333176612854,
            -0.12395449727773666
        ],
        [
            0.0007873475551605225,
            -0.837821364402771,
            -0.12022973597049713
        ],
        [
            -0.0018087923526763916,
            -0.8512828350067139,
            -0.12423474341630936
        ],
        [
            -0.008674152195453644,
            -0.852066159248352,
            -0.12800642848014832
        ],
        [
            -0.016332022845745087,
            -0.8524426221847534,
            -0.1312141716480255
        ],
        [
            -0.01687750220298767,
            -0.8435342907905579,
            -0.1331479847431183
        ],
        [
            0.03164299950003624,
            -0.827485203742981,
            -0.12426482141017914
        ],
        [
            0.02403361350297928,
            -0.8339191675186157,
            -0.1253778487443924
        ],
        [
            0.020675845444202423,
            -0.8290461301803589,
            -0.12181560695171356
        ],
        [
            0.026821430772542953,
            -0.8237849473953247,
            -0.12183905392885208
        ],
        [
            0.00437597930431366,
            -0.8351482152938843,
            -0.11785916984081268
        ],
        [
            0.00902336835861206,
            -0.8189728260040283,
            -0.1179746612906456
        ],
        [
            0.008611764758825302,
            -0.8227584958076477,
            -0.11904644966125488
        ],
        [
            0.0014258474111557007,
            -0.8231233358383179,
            -0.11832879483699799
        ],
        [
            0.0024049505591392517,
            -0.8196043968200684,
            -0.11761722713708878
        ],
        [
            0.04272739216685295,
            -0.8143506646156311,
            -0.11838360875844955
        ],
        [
            0.03557969257235527,
            -0.8126125335693359,
            -0.1184549480676651
        ],
        [
            0.03854978457093239,
            -0.8061169385910034,
            -0.11544424295425415
        ],
        [
            0.04631078615784645,
            -0.8068037033081055,
            -0.11382162570953369
        ],
        [
            0.03856667876243591,
            -0.8006004095077515,
            -0.11228252947330475
        ],
        [
            0.04867088794708252,
            -0.7995718717575073,
            -0.10931046307086945
        ],
        [
            0.04315757006406784,
            -0.7858918905258179,
            -0.10173985362052917
        ],
        [
            0.04639993607997894,
            -0.7920154929161072,
            -0.10517489910125732
        ],
        [
            0.03591994196176529,
            -0.7950751781463623,
            -0.1093432828783989
        ],
        [
            0.030363615602254868,
            -0.7896615266799927,
            -0.107712022960186
        ],
        [
            0.014647208154201508,
            -0.7932950258255005,
            -0.10701286047697067
        ],
        [
            0.008564833551645279,
            -0.7918401956558228,
            -0.10523640364408493
        ],
        [
            0.01499665156006813,
            -0.7801746726036072,
            -0.10478006303310394
        ],
        [
            0.02239266410470009,
            -0.7839599251747131,
            -0.10645627975463867
        ],
        [
            0.012039493769407272,
            -0.8140515089035034,
            -0.11312772333621979
        ],
        [
            0.016805648803710938,
            -0.8144909143447876,
            -0.1134231761097908
        ],
        [
            0.015370126813650131,
            -0.8155544400215149,
            -0.11559101194143295
        ],
        [
            0.01002785935997963,
            -0.8161451816558838,
            -0.11574149876832962
        ],
        [
            0.020779311656951904,
            -0.8144028186798096,
            -0.11421602964401245
        ],
        [
            0.02253551408648491,
            -0.8142552971839905,
            -0.11464432626962662
        ],
        [
            0.0214039608836174,
            -0.8153475522994995,
            -0.11567547917366028
        ],
        [
            0.0200062096118927,
            -0.8151188492774963,
            -0.11471511423587799
        ],
        [
            0.018210940062999725,
            -0.8146970272064209,
            -0.11390301585197449
        ],
        [
            0.017441172152757645,
            -0.8126954436302185,
            -0.11325576156377792
        ],
        [
            0.019937369972467422,
            -0.8135241270065308,
            -0.1139141172170639
        ],
        [
            0.013084068894386292,
            -0.8114397525787354,
            -0.11305813491344452
        ],
        [
            -0.0007754862308502197,
            -0.8081910610198975,
            -0.111007459461689
        ],
        [
            0.002776511013507843,
            -0.808805525302887,
            -0.11220341920852661
        ],
        [
            0.001661352813243866,
            -0.8135024309158325,
            -0.11137495189905167
        ],
        [
            -0.0012869834899902344,
            -0.8132547736167908,
            -0.11040504276752472
        ],
        [
            0.018761705607175827,
            -0.8169237375259399,
            -0.11648362874984741
        ],
        [
            0.020801298320293427,
            -0.8184546232223511,
            -0.11795137822628021
        ],
        [
            0.015427015721797943,
            -0.8206297755241394,
            -0.11878722906112671
        ],
        [
            0.01525157317519188,
            -0.8180780410766602,
            -0.11700524389743805
        ],
        [
            0.022747322916984558,
            -0.8203148245811462,
            -0.11983022838830948
        ],
        [
            0.023416858166456223,
            -0.8165384531021118,
            -0.11692493408918381
        ],
        [
            0.02636507898569107,
            -0.8172084093093872,
            -0.11869070678949356
        ],
        [
            0.022362511605024338,
            -0.8124436140060425,
            -0.11399301886558533
        ],
        [
            0.025589417666196823,
            -0.8109347224235535,
            -0.1143442690372467
        ],
        [
            0.025045115500688553,
            -0.8134152889251709,
            -0.11590826511383057
        ],
        [
            0.024181310087442398,
            -0.8076353073120117,
            -0.11281046271324158
        ],
        [
            0.020020082592964172,
            -0.8104069232940674,
            -0.1129213273525238
        ],
        [
            0.01581060141324997,
            -0.8081544637680054,
            -0.1125364601612091
        ],
        [
            0.010293819010257721,
            -0.8060647249221802,
            -0.1120377704501152
        ],
        [
            0.014666125178337097,
            -0.8017486333847046,
            -0.11037817597389221
        ],
        [
            0.020217448472976685,
            -0.8044382929801941,
            -0.11160052567720413
        ],
        [
            0.01725924387574196,
            -0.8245433568954468,
            -0.12025593966245651
        ],
        [
            0.029539305716753006,
            -0.8129007816314697,
            -0.11711618304252625
        ],
        [
            0.031491007655858994,
            -0.8191348314285278,
            -0.12039917707443237
        ],
        [
            0.03081079199910164,
            -0.8082987070083618,
            -0.11532170325517654
        ],
        [
            0.030096910893917084,
            -0.8039623498916626,
            -0.1128850057721138
        ],
        [
            0.026866089552640915,
            -0.7999247908592224,
            -0.11074207723140717
        ],
        [
            0.020835451781749725,
            -0.7962281703948975,
            -0.10884217917919159
        ],
        [
            0.025157403200864792,
            -0.7737780809402466,
            -0.09627857059240341
        ],
        [
            0.033686015754938126,
            -0.7789254188537598,
            -0.09939895570278168
        ],
        [
            0.01396806538105011,
            -0.8930196762084961,
            -0.13923166692256927
        ],
        [
            0.022662945091724396,
            -0.8923050165176392,
            -0.14264324307441711
        ],
        [
            0.026653647422790527,
            -0.8858484029769897,
            -0.13741753995418549
        ],
        [
            0.02764149382710457,
            -0.8881818652153015,
            -0.13874372839927673
        ],
        [
            0.021628107875585556,
            -0.8888987302780151,
            -0.13846996426582336
        ],
        [
            0.02189941704273224,
            -0.8863441944122314,
            -0.1369858980178833
        ],
        [
            0.047314342111349106,
            -0.8810275793075562,
            -0.13320021331310272
        ],
        [
            0.04052717611193657,
            -0.8821039199829102,
            -0.1338282972574234
        ],
        [
            0.04223660007119179,
            -0.8785818815231323,
            -0.1323433518409729
        ],
        [
            0.04980313032865524,
            -0.8745344877243042,
            -0.1325298249721527
        ],
        [
            0.03278293460607529,
            -0.8698885440826416,
            -0.13144062459468842
        ],
        [
            0.03806087747216225,
            -0.8716506958007812,
            -0.13199543952941895
        ],
        [
            0.03259439021348953,
            -0.8777997493743896,
            -0.132852241396904
        ],
        [
            0.028742264956235886,
            -0.876546323299408,
            -0.13256986439228058
        ],
        [
            0.024615149945020676,
            -0.8758525848388672,
            -0.13164696097373962
        ],
        [
            0.020680692046880722,
            -0.8758128881454468,
            -0.1299920231103897
        ],
        [
            0.02170344814658165,
            -0.8707048892974854,
            -0.1286298781633377
        ],
        [
            0.02688923105597496,
            -0.8698704242706299,
            -0.13024486601352692
        ],
        [
            0.015374153852462769,
            -0.8900374174118042,
            -0.13557684421539307
        ],
        [
            0.01026325672864914,
            -0.889768123626709,
            -0.13060304522514343
        ],
        [
            0.011911995708942413,
            -0.8868569135665894,
            -0.130435973405838
        ],
        [
            0.016199469566345215,
            -0.8869632482528687,
            -0.13478931784629822
        ],
        [
            0.007928609848022461,
            -0.8820620775222778,
            -0.1188715398311615
        ],
        [
            0.007990948855876923,
            -0.884252667427063,
            -0.12088961899280548
        ],
        [
            0.004322752356529236,
            -0.885572075843811,
            -0.11978617310523987
        ],
        [
            0.004597268998622894,
            -0.881277322769165,
            -0.11780428886413574
        ],
        [
            0.00668344646692276,
            -0.8781132102012634,
            -0.11870001256465912
        ],
        [
            0.008826665580272675,
            -0.8801903128623962,
            -0.1196642816066742
        ],
        [
            0.016327768564224243,
            -0.9468785524368286,
            -0.14430195093154907
        ],
        [
            0.008920274674892426,
            -0.9293479919433594,
            -0.14453357458114624
        ],
        [
            0.03648466244339943,
            -0.941959023475647,
            -0.1432313621044159
        ],
        [
            0.0516662672162056,
            -0.933598518371582,
            -0.13857178390026093
        ],
        [
            0.0645512193441391,
            -0.9220154285430908,
            -0.13344933092594147
        ],
        [
            0.05216621980071068,
            -0.819848895072937,
            -0.1178961843252182
        ],
        [
            0.058205652981996536,
            -0.8120405673980713,
            -0.11225735396146774
        ],
        [
            0.07078612595796585,
            -0.8213915228843689,
            -0.10926377028226852
        ],
        [
            0.07389309257268906,
            -0.8119988441467285,
            -0.10200253129005432
        ],
        [
            0.06072916090488434,
            -0.8027383089065552,
            -0.10598262399435043
        ],
        [
            0.05449080839753151,
            -0.7857869267463684,
            -0.0925525352358818
        ],
        [
            0.05968303605914116,
            -0.7933918833732605,
            -0.09925450384616852
        ],
        [
            0.07505015283823013,
            -0.8032829761505127,
            -0.09238743782043457
        ],
        [
            0.08883653581142426,
            -0.8178035616874695,
            -0.08747541159391403
        ],
        [
            0.08520303666591644,
            -0.8237364292144775,
            -0.09831766784191132
        ],
        [
            0.09817711263895035,
            -0.8352769613265991,
            -0.08262553811073303
        ],
        [
            0.09391339123249054,
            -0.8123245239257812,
            -0.07337453216314316
        ],
        [
            0.10184960067272186,
            -0.835616946220398,
            -0.07348258048295975
        ],
        [
            0.08432761579751968,
            -0.7752450704574585,
            -0.06053481251001358
        ],
        [
            0.08960464596748352,
            -0.7638734579086304,
            -0.0553508996963501
        ],
        [
            0.10507728159427643,
            -0.7718178033828735,
            -0.04918203502893448
        ],
        [
            0.10087069869041443,
            -0.7833489775657654,
            -0.05593009293079376
        ],
        [
            0.07957860827445984,
            -0.8304899334907532,
            -0.10671801120042801
        ],
        [
            0.07104411721229553,
            -0.8913148641586304,
            -0.12565958499908447
        ],
        [
            0.06097496300935745,
            -0.8892772197723389,
            -0.13196168839931488
        ],
        [
            0.07617780566215515,
            -0.8795454502105713,
            -0.12229166179895401
        ],
        [
            0.07873006910085678,
            -0.9522335529327393,
            -0.12447706609964371
        ],
        [
            0.06454457342624664,
            -0.944800853729248,
            -0.13386818766593933
        ],
        [
            0.07551860809326172,
            -0.9308429956436157,
            -0.12974916398525238
        ],
        [
            0.08808375895023346,
            -0.940040111541748,
            -0.12187893688678741
        ],
        [
            0.0482143759727478,
            -0.9852943420410156,
            -0.12054716795682907
        ],
        [
            0.0322653204202652,
            -0.9684326648712158,
            -0.13539518415927887
        ],
        [
            0.047661807388067245,
            -0.9580351114273071,
            -0.1349450796842575
        ],
        [
            0.061957377940416336,
            -0.9712201356887817,
            -0.12414057552814484
        ],
        [
            0.09715571254491806,
            -0.9440690279006958,
            -0.11330059170722961
        ],
        [
            0.1094927042722702,
            -0.949013352394104,
            -0.10013444721698761
        ],
        [
            0.10888142883777618,
            -0.9666428565979004,
            -0.09617120772600174
        ],
        [
            0.09309038519859314,
            -0.9616838693618774,
            -0.11166425049304962
        ],
        [
            0.10163147002458572,
            -0.9883761405944824,
            -0.08728285133838654
        ],
        [
            0.08249065279960632,
            -0.9829797744750977,
            -0.10651497542858124
        ],
        [
            0.1083800420165062,
            -0.8235460519790649,
            -0.06026952713727951
        ],
        [
            0.1089736819267273,
            -0.8423712849617004,
            -0.06397287547588348
        ],
        [
            0.09510985016822815,
            -0.7967358827590942,
            -0.06418846547603607
        ],
        [
            0.10910540074110031,
            -0.8065729141235352,
            -0.05498176068067551
        ],
        [
            0.08912090212106705,
            -1.005516767501831,
            -0.07471843808889389
        ],
        [
            0.06705814599990845,
            -1.000276803970337,
            -0.09869974106550217
        ],
        [
            0.13460016250610352,
            -0.9379788637161255,
            -0.051877617835998535
        ],
        [
            0.12961159646511078,
            -0.9534686803817749,
            -0.06374318897724152
        ],
        [
            0.12565869092941284,
            -0.9374692440032959,
            -0.07640386372804642
        ],
        [
            0.13119930028915405,
