{
    "pred_cam": [
        1.144874930381775,
        0.019656145945191383,
        0.18241265416145325
    ],
    "pred_smpl_params": {
        "global_orient": [
            [
                [
                    0.9799279570579529,
                    0.13503454625606537,
                    -0.1466524451971054
                ],
                [
                    0.1226867064833641,
                    -0.9883335828781128,
                    -0.09024769067764282
                ],
                [
                    -0.15712811052799225,
                    0.07044392079114914,
                    -0.9850626587867737
                ]
            ]
        ],
        "body_pose": [
            [
                [
                    0.9863409996032715,
                    -0.1631552129983902,
                    0.02262182906270027
                ],
                [
                    0.15372641384601593,
                    0.9611355066299438,
                    0.22931800782680511
                ],
                [
                    -0.05915707349777222,
                    -0.22270819544792175,
                    0.9730886220932007
                ]
            ],
            [
                [
                    0.9977628588676453,
                    0.022291304543614388,
                    0.06302706897258759
                ],
                [
                    -0.03242715448141098,
                    0.9858132600784302,
                    0.16468390822410583
                ],
                [
                    -0.05846189707517624,
                    -0.16635927557945251,
                    0.9843307137489319
                ]
            ],
            [
                [
                    0.9973477721214294,
                    0.060901813209056854,
                    -0.03985472023487091
                ],
                [
                    -0.06658242642879486,
                    0.9846025705337524,
                    -0.16163092851638794
                ],
                [
                    0.029397444799542427,
                    0.16385586559772491,
                    0.9860461950302124
                ]
            ],
            [
                [
                    0.9868257641792297,
                    0.02724136970937252,
                    -0.15947671234607697
                ],
                [
                    -0.1522698551416397,
                    0.4894753396511078,
                    -0.8586196899414062
                ],
                [
                    0.054669950157403946,
                    0.8715915083885193,
                    0.487174928188324
                ]
            ],
            [
                [
                    0.9833158254623413,
                    0.019995426759123802,
                    0.18080447614192963
                ],
                [
                    0.10844013094902039,
                    0.7335883378982544,
                    -0.6708865761756897
                ],
                [
                    -0.14605073630809784,
                    0.6792998313903809,
                    0.719180703163147
                ]
            ],
            [
                [
                    0.9987046718597412,
                    -0.02929851971566677,
                    -0.041599322110414505
                ],
                [
                    0.02998526766896248,
                    0.999422550201416,
                    0.01598166860640049
                ],
                [
                    0.04110706225037575,
                    -0.017208334058523178,
                    0.9990065097808838
                ]
            ],
            [
                [
                    0.9840578436851501,
                    0.049163080751895905,
                    0.17091859877109528
                ],
                [
                    -0.06919214129447937,
                    0.9911512732505798,
                    0.11327620595693588
                ],
                [
                    -0.16383719444274902,
                    -0.12329655885696411,
                    0.9787518978118896
                ]
            ],
            [
                [
                    0.9841739535331726,
                    -0.02640712261199951,
                    -0.17522647976875305
                ],
                [
                    0.03178924694657326,
                    0.9991028904914856,
                    0.027979329228401184
                ],
                [
                    0.1743304282426834,
                    -0.03310684487223625,
                    0.9841305017471313
                ]
            ],
            [
                [
                    0.9979779720306396,
                    -0.021571140736341476,
                    -0.05978915095329285
                ],
                [
                    0.015901507809758186,
                    0.9954705238342285,
                    -0.09373107552528381
                ],
                [
                    0.06154022738337517,
                    0.0925908014178276,
                    0.9938006401062012
                ]
            ],
            [
                [
                    0.9910055994987488,
                    -0.1300530880689621,
                    -0.03152979910373688
                ],
                [
                    0.13367296755313873,
                    0.9731055498123169,
                    0.18760910630226135
                ],
                [
                    0.006282677408307791,
                    -0.19013634324073792,
                    0.9817376136779785
                ]
            ],
            [
                [
                    0.9888073801994324,
                    0.14850130677223206,
                    -0.014397689141333103
                ],
                [
                    -0.1423189342021942,
                    0.9677804708480835,
                    0.20771682262420654
                ],
                [
                    0.04478001967072487,
                    -0.20334286987781525,
                    0.9780830144882202
                ]
            ],
            [
                [
                    0.978648841381073,
                    -0.0548604354262352,
                    -0.19808243215084076
                ],
                [
                    0.06583794951438904,
                    0.996613621711731,
                    0.04926013946533203
                ],
                [
                    0.19470924139022827,
                    -0.06124972552061081,
                    0.9789466857910156
                ]
            ],
            [
                [
                    0.8734725117683411,
                    0.48683393001556396,
                    -0.006202368531376123
                ],
                [
                    -0.48619842529296875,
                    0.8715201616287231,
                    -0.06374774873256683
                ],
                [
                    -0.02562907710671425,
                    0.05869748815894127,
                    0.9979467988014221
                ]
            ],
            [
                [
                    0.8773230910301208,
                    -0.47840601205825806,
                    -0.037841010838747025
                ],
                [
                    0.4770999848842621,
                    0.8779938817024231,
                    -0.03876013681292534
                ],
                [
                    0.0517672561109066,
                    0.015951216220855713,
                    0.9985318183898926
                ]
            ],
            [
                [
                    0.9809035062789917,
                    -0.10990411788225174,
                    -0.16046594083309174
                ],
                [
                    0.05943970009684563,
                    0.9549620151519775,
                    -0.2907136380672455
                ],
                [
                    0.18518951535224915,
                    0.27562400698661804,
                    0.9432582855224609
                ]
            ],
            [
                [
                    0.5420852899551392,
                    0.799784243106842,
                    -0.257854163646698
                ],
                [
                    -0.8323317170143127,
                    0.5532458424568176,
                    -0.03380793705582619
                ],
                [
                    0.11561767756938934,
                    0.23294697701931,
                    0.9655922055244446
                ]
            ],
            [
                [
                    0.5357537865638733,
                    -0.7977665662765503,
                    0.27665215730667114
                ],
                [
                    0.8408060669898987,
                    0.5341314077377319,
                    -0.08802720159292221
                ],
                [
                    -0.07754344493150711,
                    0.27977174520492554,
                    0.9569298624992371
                ]
            ],
            [
                [
                    0.9485389590263367,
                    -0.08244429528713226,
                    -0.3057396113872528
                ],
                [
                    0.05527510121464729,
                    0.9937974214553833,
                    -0.09649499505758286
                ],
                [
                    0.31179872155189514,
                    0.07462948560714722,
                    0.9472126960754395
                ]
            ],
            [
                [
                    0.8611226081848145,
                    0.1175529882311821,
                    0.49462026357650757
                ],
                [
                    -0.02185286022722721,
                    0.9805601835250854,
                    -0.19499769806861877
                ],
                [
                    -0.5079275369644165,
                    0.15710805356502533,
                    0.846951425075531
                ]
            ],
            [
                [
                    0.9958128929138184,
                    0.07292333245277405,
                    0.05512523651123047
                ],
                [
                    -0.07119758427143097,
                    0.9969277381896973,
                    -0.03264978900551796
                ],
                [
                    -0.05733680725097656,
                    0.028588302433490753,
                    0.9979454874992371
                ]
            ],
            [
                [
                    0.9963244795799255,
                    -0.06044765189290047,
                    -0.06069324538111687
                ],
                [
                    0.05974998325109482,
                    0.998125433921814,
                    -0.013246173039078712
                ],
                [
                    0.06138017773628235,
                    0.00957106426358223,
                    0.9980685710906982
                ]
            ],
            [
                [
                    0.9686145782470703,
                    0.226924329996109,
                    -0.10144490748643875
                ],
                [
                    -0.20899049937725067,
                    0.9644278287887573,
                    0.16187001764774323
                ],
                [
                    0.13456854224205017,
                    -0.1355886459350586,
                    0.9815838932991028
                ]
            ],
            [
                [
                    0.9706506729125977,
                    -0.22592924535274506,
                    0.08242090791463852
                ],
                [
                    0.20936596393585205,
                    0.9624748826026917,
                    0.17265012860298157
                ],
                [
                    -0.11833475530147552,
                    -0.15032684803009033,
                    0.9815287590026855
                ]
            ]
        ],
        "betas": [
            0.018015727400779724,
            0.2079123556613922,
            0.2632652223110199,
            1.150429606437683,
            -0.029803216457366943,
            0.009682301431894302,
            -0.09614613652229309,
            0.07779335975646973,
            0.09226895123720169,
            -0.05325800180435181
        ]
    },
    "pred_cam_t": [
        0.019656145945191383,
        0.18241265416145325,
        34.11944580078125
    ],
    "focal_length": [
        5000.0,
        5000.0
    ],
    "pred_keypoints_3d": [
        [
            -0.01425468921661377,
            -0.8447980880737305,
            -0.12803278863430023
        ],
        [
            0.07721007615327835,
            -0.7503863573074341,
            0.014673132449388504
        ],
        [
            -0.1004687249660492,
            -0.6640155911445618,
            0.09711691737174988
        ],
        [
            -0.1318451464176178,
            -0.42109960317611694,
            0.15442851185798645
        ],
        [
            -0.19186076521873474,
            -0.19125771522521973,
            0.06594574451446533
        ],
        [
            0.2342912256717682,
            -0.6143823862075806,
            -0.015417700633406639
        ],
        [
            0.22446155548095703,
            -0.36117231845855713,
            0.03703147917985916
        ],
        [
            0.19025196135044098,
            -0.12120427191257477,
            -0.016562096774578094
        ],
        [
            -0.0027912019286304712,
            -0.2342144399881363,
            0.02513113059103489
        ],
        [
            -0.076756551861763,
            -0.15261557698249817,
            0.034289054572582245
        ],
        [
            -0.18179099261760712,
            0.2046203315258026,
            -0.04251677542924881
        ],
        [
            -0.20896130800247192,
            0.5248923897743225,
            0.18633818626403809
        ],
        [
            0.05019082874059677,
            -0.13533222675323486,
            0.015986578539013863
        ],
        [
            0.08477650582790375,
            0.2154107689857483,
            -0.10168857127428055
        ],
        [
            0.0984494537115097,
            0.4748446047306061,
            0.19496425986289978
        ],
        [
            -0.020579077303409576,
            -0.8909977674484253,
            -0.08621200174093246
        ],
        [
            0.028407130390405655,
            -0.8885500431060791,
            -0.13068771362304688
        ],
        [
            0.011290371417999268,
            -0.8927293419837952,
            0.012399524450302124
        ],
        [
            0.1217120811343193,
            -0.8867816925048828,
            -0.08521824330091476
        ],
        [
            0.08230483531951904,
            0.6266468167304993,
            0.06793054938316345
        ],
        [
            0.1536618173122406,
            0.6085748672485352,
            0.10902068018913269
        ],
        [
            0.11186825484037399,
            0.4680163860321045,
            0.263996422290802
        ],
        [
            -0.23087596893310547,
            0.6528791785240173,
            0.033789485692977905
        ],
        [
            -0.2970237731933594,
            0.6257604360580444,
            0.08500775694847107
        ],
        [
            -0.21218548715114594,
            0.5369936227798462,
            0.2581285238265991
        ],
        [
            -0.2235671430826187,
            0.4663371443748474,
            0.18585705757141113
        ],
        [
            -0.16682745516300201,
            0.14386357367038727,
            -0.04083634912967682
        ],
        [
            -0.13436655700206757,
            -0.2858240604400635,
            0.05995914340019226
        ],
        [
            0.13856764137744904,
            -0.2343844622373581,
            0.02946425974369049
        ],
        [
            0.09361137449741364,
            0.1785409152507782,
            -0.10023823380470276
        ],
        [
            0.10920629650354385,
            0.43342289328575134,
            0.19150149822235107
        ],
        [
            -0.1843968629837036,
            -0.21857431530952454,
            0.042688898742198944
        ],
        [
            -0.1629614531993866,
            -0.44168561697006226,
            0.1393069177865982
        ],
        [
            -0.0630926787853241,
            -0.6959893703460693,
            0.08251828700304031
        ],
        [
            0.21075941622257233,
            -0.6558533906936646,
            -0.007229167502373457
        ],
        [
            0.24973554909229279,
            -0.3759550452232361,
            -0.003898478113114834
        ],
        [
            0.1933765709400177,
            -0.1362079679965973,
            -0.029722437262535095
        ],
        [
            0.07735302299261093,
            -0.7339012026786804,
            0.01624101586639881
        ],
        [
            0.05373738706111908,
            -0.939906656742096,
            -0.0590100921690464
        ],
        [
            0.0024453920777887106,
            -0.25969424843788147,
            0.04402061551809311
        ],
        [
            0.07155971229076385,
            -0.6748700737953186,
            0.03505394607782364
        ],
        [
            0.05125706270337105,
            -0.5057809352874756,
            0.05551066994667053
        ],
        [
            0.04162321239709854,
            -0.8276440501213074,
            -0.07237397879362106
        ],
        [
            0.054061390459537506,
            -0.9600226879119873,
            -0.051417089998722076
        ]
    ],
    "pred_vertices": [
        [
            0.03455774486064911,
            -0.9333051443099976,
            -0.14520493149757385
        ],
        [
            0.026841528713703156,
            -0.9186043739318848,
            -0.14454972743988037
        ],
        [
            0.04108790308237076,
            -0.9161074757575989,
            -0.14469677209854126
        ],
        [
            0.05085597559809685,
            -0.9277445673942566,
            -0.14233744144439697
        ],
        [
            0.03509654849767685,
            -0.9067221879959106,
            -0.1450514942407608
        ],
        [
            0.022853951901197433,
            -0.9073526263237,
            -0.1437915712594986
        ],
        [
            0.05352168157696724,
            -0.9114476442337036,
            -0.14023089408874512
        ],
        [
            0.06352463364601135,
            -0.9190948009490967,
            -0.13662578165531158
        ],
        [
            0.066685251891613,
            -0.8776081800460815,
            -0.13044612109661102
        ],
        [
            0.07610472291707993,
            -0.8739631175994873,
            -0.12525734305381775
        ],
        [
            0.07489942014217377,
            -0.8857263326644897,
            -0.12846378982067108
        ],
        [
            0.06517376750707626,
            -0.8863108158111572,
            -0.13183394074440002
        ],
        [
            0.07023443281650543,
            -0.8520796298980713,
            -0.1234993040561676
        ],
        [
            0.060687530785799026,
            -0.8421381711959839,
            -0.12440094351768494
        ],
        [
            0.06950022280216217,
            -0.8341536521911621,
            -0.117556631565094
        ],
        [
            0.07872457057237625,
            -0.8437919616699219,
            -0.11532628536224365
        ],
        [
            0.019835002720355988,
            -0.8546507954597473,
            -0.12306816875934601
        ],
        [
            0.025200027972459793,
            -0.8479265570640564,
            -0.12503111362457275
        ],
        [
            0.028176873922348022,
            -0.8545312881469727,
            -0.12762603163719177
        ],
        [
            0.02250819280743599,
            -0.8604955673217773,
            -0.12490266561508179
        ],
        [
            0.00828631967306137,
            -0.8639377355575562,
            -0.1234235018491745
        ],
        [
            0.010912779718637466,
            -0.8697700500488281,
            -0.12210194021463394
        ],
        [
            0.0037286803126335144,
            -0.8731700778007507,
            -0.12363871186971664
        ],
        [
            0.0011182352900505066,
            -0.8663936853408813,
            -0.12623003125190735
        ],
        [
            0.015915099531412125,
            -0.849624752998352,
            -0.11912719905376434
        ],
        [
            0.021881133317947388,
            -0.8425830602645874,
            -0.1212068498134613
        ],
        [
            0.014755155891180038,
            -0.8603811860084534,
            -0.12196878343820572
        ],
        [
            0.012326303869485855,
            -0.8556550145149231,
            -0.1222761869430542
        ],
        [
            0.0037537813186645508,
            -0.8483753204345703,
            -0.1278342604637146
        ],
        [
            0.005533292889595032,
            -0.8531862497329712,
            -0.12820570170879364
        ],
        [
            -0.0016317106783390045,
            -0.8535062074661255,
            -0.13156481087207794
        ],
        [
            -0.0018007121980190277,
            -0.8482151031494141,
            -0.1295182704925537
        ],
        [
            0.011761073023080826,
            -0.848789393901825,
            -0.12214294821023941
        ],
        [
            0.010160945355892181,
            -0.851311445236206,
            -0.12512022256851196
        ],
        [
            0.007089562714099884,
            -0.8473495244979858,
            -0.12497415393590927
        ],
        [
            0.008269686251878738,
            -0.8457000851631165,
            -0.1212804913520813
        ],
        [
            0.0061163343489170074,
            -0.8593459725379944,
            -0.12493722885847092
        ],
        [
            -0.000706307590007782,
            -0.8604354858398438,
            -0.12876306474208832
        ],
        [
            -0.008343689143657684,
            -0.8611257672309875,
            -0.1320415437221527
        ],
        [
            -0.00915190577507019,
            -0.8522768020629883,
            -0.13420873880386353
        ],
        [
            0.03889972344040871,
            -0.8345420360565186,
            -0.12527205049991608
        ],
        [
            0.03148995339870453,
            -0.8412474989891052,
            -0.1262650340795517
        ],
        [
            0.027947962284088135,
            -0.8363581299781799,
            -0.12289350479841232
        ],
        [
            0.03394225984811783,
            -0.8309018611907959,
            -0.12301730364561081
        ],
        [
            0.011775713413953781,
            -0.8428380489349365,
            -0.11895497143268585
        ],
        [
            0.015953168272972107,
            -0.826474666595459,
            -0.11943896859884262
        ],
        [
            0.015653207898139954,
            -0.8303170800209045,
            -0.12042643129825592
        ],
        [
            0.008468765765428543,
            -0.830876886844635,
            -0.11976214498281479
        ],
        [
            0.009345479309558868,
            -0.8272953033447266,
            -0.11911319941282272
        ],
        [
            0.04955369234085083,
            -0.8208938241004944,
            -0.1196916475892067
        ],
        [
            0.04235846549272537,
            -0.8193588256835938,
            -0.11987927556037903
        ],
        [
            0.0451241061091423,
            -0.8126764893531799,
            -0.11702071875333786
        ],
        [
            0.052885085344314575,
            -0.8131011724472046,
            -0.11531096696853638
        ],
        [
            0.04494466632604599,
            -0.8070448637008667,
            -0.11399779468774796
        ],
        [
            0.054998766630887985,
            -0.8056527376174927,
            -0.11098051816225052
        ],
        [
            0.04902458190917969,
            -0.7919021844863892,
            -0.1037871316075325
        ],
        [
            0.052475277334451675,
            -0.7980318069458008,
            -0.10704226046800613
        ],
        [
            0.042111389338970184,
            -0.8015042543411255,
            -0.11122231185436249
        ],
        [
            0.03638157993555069,
            -0.7961912155151367,
            -0.10978050529956818
        ],
        [
            0.020786359906196594,
            -0.800288200378418,
            -0.10911151021718979
        ],
        [
            0.014606937766075134,
            -0.7989550828933716,
            -0.10743379592895508
        ],
        [
            0.02072076126933098,
            -0.787061870098114,
            -0.10723187029361725
        ],
        [
            0.028230581432580948,
            -0.7906886339187622,
            -0.1087348535656929
        ],
        [
            0.01879187300801277,
            -0.8213448524475098,
            -0.11468527466058731
        ],
        [
            0.023580990731716156,
            -0.8216480016708374,
            -0.11493709683418274
        ],
        [
            0.022187378257513046,
            -0.8228194713592529,
            -0.11709333211183548
        ],
        [
            0.016861118376255035,
            -0.82357257604599,
            -0.11726544797420502
        ],
        [
            0.0275723934173584,
            -0.8214609026908875,
            -0.11570757627487183
        ],
        [
            0.029330119490623474,
            -0.8212802410125732,
            -0.1161276251077652
        ],
        [
            0.028227627277374268,
            -0.8224382400512695,
            -0.11714286357164383
        ],
        [
            0.026822898536920547,
            -0.8222259283065796,
            -0.11619749665260315
        ],
        [
            0.02501033991575241,
            -0.821829080581665,
            -0.11540351063013077
        ],
        [
            0.02417745441198349,
            -0.8198246359825134,
            -0.11480574309825897
        ],
        [
            0.026702463626861572,
            -0.8205929398536682,
            -0.11542800813913345
        ],
        [
            0.019777197390794754,
            -0.8186862468719482,
            -0.11466878652572632
        ],
        [
            0.005773413926362991,
            -0.8157941102981567,
            -0.11279777437448502
        ],
        [
            0.009356513619422913,
            -0.8163483738899231,
            -0.11395464092493057
        ],
        [
            0.008371017873287201,
            -0.8210771083831787,
            -0.11301965266466141
        ],
        [
            0.005405884236097336,
            -0.8208697438240051,
            -0.11207333207130432
        ],
        [
            0.0256400927901268,
            -0.8241022825241089,
            -0.11793134361505508
        ],
        [
            0.027718253433704376,
            -0.8256310224533081,
            -0.11935417354106903
        ],
        [
            0.02240382507443428,
            -0.8279914855957031,
            -0.12017806619405746
        ],
        [
            0.022143885493278503,
            -0.8253875970840454,
            -0.11845573782920837
        ],
        [
            0.029742032289505005,
            -0.8274964094161987,
            -0.12115421891212463
        ],
        [
            0.030288808047771454,
            -0.8236067295074463,
            -0.11834991723299026
        ],
        [
            0.0332769937813282,
            -0.8242220878601074,
            -0.12006369978189468
        ],
        [
            0.029103577136993408,
            -0.8194431662559509,
            -0.1155196875333786
        ],
        [
            0.032296475023031235,
            -0.8178489804267883,
            -0.11589124798774719
        ],
        [
            0.03183040767908096,
            -0.8203988671302795,
            -0.11739742755889893
        ],
        [
            0.030782565474510193,
            -0.8145388960838318,
            -0.1144392341375351
        ],
        [
            0.026693478226661682,
            -0.8174399137496948,
            -0.11450386047363281
        ],
        [
            0.022411800920963287,
            -0.815291702747345,
            -0.11420081555843353
        ],
        [
            0.016823597252368927,
            -0.8133528232574463,
            -0.11379161477088928
        ],
        [
            0.0210723876953125,
            -0.8088517189025879,
            -0.11221552640199661
        ],
        [
            0.026714637875556946,
            -0.8114190101623535,
            -0.1133294329047203
        ],
        [
            0.024373304098844528,
            -0.8318896293640137,
            -0.12150604277849197
        ],
        [
            0.03631788492202759,
            -0.8197838664054871,
            -0.11858946830034256
        ],
        [
            0.038467708975076675,
            -0.8260613679885864,
            -0.12167680263519287
        ],
        [
            0.037450727075338364,
            -0.8150830268859863,
            -0.11690771579742432
        ],
        [
            0.03660082817077637,
            -0.8106902837753296,
            -0.1145765483379364
        ],
        [
            0.03320122882723808,
            -0.8066622018814087,
            -0.11255047470331192
        ],
        [
            0.02708239108324051,
            -0.8030906915664673,
            -0.11080138385295868
        ],
        [
            0.030660804361104965,
            -0.7801671028137207,
            -0.09876467287540436
        ],
        [
            0.03932856023311615,
            -0.7851462364196777,
            -0.10167030245065689
        ],
        [
            0.023302871733903885,
            -0.900969922542572,
            -0.1386438012123108
        ],
        [
            0.031997520476579666,
            -0.9000759720802307,
            -0.1420029252767563
        ],
        [
            0.035754572600126266,
            -0.8933834433555603,
            -0.1369158923625946
        ],
        [
            0.03680600970983505,
            -0.8957483768463135,
            -0.13818304240703583
        ],
        [
            0.030830491334199905,
            -0.8966096639633179,
            -0.13791799545288086
        ],
        [
            0.03102155402302742,
            -0.8940141201019287,
            -0.13649913668632507
        ],
        [
            0.05622313171625137,
            -0.887832522392273,
            -0.13268551230430603
        ],
        [
            0.049486588686704636,
            -0.8891321420669556,
            -0.133334219455719
        ],
        [
            0.05107738822698593,
            -0.8855096101760864,
            -0.13193249702453613
        ],
        [
            0.05850847810506821,
            -0.8812440633773804,
            -0.13215944170951843
        ],
        [
            0.04136689752340317,
            -0.8770573139190674,
            -0.13133391737937927
        ],
        [
            0.04669714346528053,
            -0.878679633140564,
            -0.13179132342338562
        ],
        [
            0.04142362251877785,
            -0.8850194811820984,
            -0.13254964351654053
        ],
        [
            0.03752946853637695,
            -0.8838785886764526,
            -0.13232944905757904
        ],
        [
            0.0333748459815979,
            -0.8832936882972717,
            -0.13144390285015106
        ],
        [
            0.029424816370010376,
            -0.8833348155021667,
            -0.12981778383255005
        ],
        [
            0.03028837963938713,
            -0.8781539797782898,
            -0.1285850703716278
        ],
        [
            0.035462163388729095,
            -0.8771959543228149,
            -0.13018399477005005
        ],
        [
            0.024595823138952255,
            -0.8978806734085083,
            -0.1350536197423935
        ],
        [
            0.019451361149549484,
            -0.8976367712020874,
            -0.13012126088142395
        ],
        [
            0.02101820707321167,
            -0.8946733474731445,
            -0.13001969456672668
        ],
        [
            0.025334496051073074,
            -0.8947605490684509,
            -0.1343267560005188
        ],
        [
            0.016799472272396088,
            -0.889700174331665,
            -0.118635393679142
        ],
        [
            0.016949720680713654,
            -0.8919428586959839,
            -0.12058793753385544
        ],
        [
            0.01330932229757309,
            -0.8933460116386414,
            -0.119477778673172
        ],
        [
            0.013428710401058197,
            -0.8889850378036499,
            -0.11761551350355148
        ],
        [
            0.015427827835083008,
            -0.8857726454734802,
            -0.1185941994190216
        ],
        [
            0.017643235623836517,
            -0.8878132700920105,
            -0.11948083341121674
        ],
        [
            0.0271846242249012,
            -0.9547134637832642,
            -0.14230015873908997
        ],
        [
            0.01934138685464859,
            -0.9374393224716187,
            -0.1429336667060852
        ],
        [
            0.04722314700484276,
            -0.9491811394691467,
            -0.14115267992019653
        ],
        [
            0.06207272782921791,
            -0.9402878880500793,
            -0.13663630187511444
        ],
        [
            0.07458098232746124,
            -0.9282029867172241,
            -0.13176792860031128
        ],
        [
            0.059142835438251495,
            -0.8261104226112366,
            -0.1190006285905838
        ],
        [
            0.06491468846797943,
            -0.8179656267166138,
            -0.11352426558732986
        ],
        [
            0.07772710919380188,
            -0.8268916010856628,
            -0.11024287343025208
        ],
        [
            0.08052493631839752,
            -0.8171923160552979,
            -0.10320369899272919
        ],
        [
            0.06711544096469879,
            -0.8084022998809814,
            -0.10747871547937393
        ],
        [
            0.06025882810354233,
            -0.7913028001785278,
            -0.09444000571966171
        ],
        [
            0.06573978811502457,
            -0.7989130616188049,
            -0.10096483677625656
        ],
        [
            0.08136764913797379,
            -0.8081843256950378,
            -0.09375245869159698
        ],
        [
            0.09554434567689896,
            -0.8222241401672363,
            -0.0884021520614624
        ],
        [
            0.09214838594198227,
            -0.8285129070281982,
            -0.09915491193532944
        ],
        [
            0.10537341237068176,
            -0.8392966389656067,
            -0.08301243931055069
        ],
        [
            0.10038305073976517,
            -0.8163057565689087,
            -0.07433709502220154
        ],
        [
            0.1090082898736,
            -0.8393239974975586,
            -0.07380249351263046
        ],
        [
            0.08992312848567963,
            -0.7789474725723267,
            -0.062068965286016464
        ],
        [
            0.09505870938301086,
            -0.767167329788208,
            -0.056984417140483856
        ],
        [
            0.11080844700336456,
            -0.7747313976287842,
            -0.05078907310962677
        ],
        [
            0.10674074292182922,
            -0.786599338054657,
            -0.057365186512470245
        ],
        [
            0.08677864074707031,
            -0.8356814980506897,
            -0.10742366313934326
        ],
        [
            0.08014634251594543,
            -0.8971468210220337,
            -0.1247715950012207
        ],
        [
            0.07007740437984467,
            -0.8955683708190918,
            -0.13116827607154846
        ],
        [
            0.08491173386573792,
            -0.8851255774497986,
            -0.1216338574886322
        ],
        [
            0.08949139714241028,
            -0.9576501250267029,
            -0.1219671368598938
        ],
        [
            0.07520226389169693,
            -0.9509423971176147,
            -0.13160470128059387
        ],
        [
            0.08573638647794724,
            -0.9365801215171814,
            -0.12777452170848846
        ],
        [
            0.0984950140118599,
            -0.9451545476913452,
            -0.11961376667022705
        ],
        [
            0.059929441660642624,
            -0.9914060831069946,
            -0.1173693835735321
        ],
        [
            0.0436701700091362,
            -0.9754881858825684,
            -0.13272680342197418
        ],
        [
            0.05871565267443657,
            -0.9646511077880859,
            -0.13246780633926392
        ],
        [
            0.07324893772602081,
            -0.9770641922950745,
            -0.12121640145778656
        ],
        [
            0.10757673531770706,
            -0.9487057328224182,
            -0.11086062341928482
        ],
        [
            0.11994395405054092,
            -0.9529625177383423,
            -0.09749199450016022
        ],
        [
            0.11982478201389313,
            -0.9705191850662231,
            -0.0931912437081337
        ],
        [
            0.1039968878030777,
            -0.9663063287734985,
            -0.10883282124996185
        ],
        [
            0.1131758764386177,
            -0.9922429323196411,
            -0.08382067084312439
        ],
        [
            0.09397904574871063,
            -0.9878478050231934,
            -0.10327361524105072
        ],
        [
            0.11523435264825821,
            -0.8268251419067383,
            -0.0609007328748703
        ],
        [
            0.11630188673734665,
            -0.8456377983093262,
            -0.06406016647815704
        ],
        [
            0.10119157284498215,
            -0.8004224300384521,
            -0.06540971994400024
        ],
        [
            0.11555883288383484,
            -0.809688925743103,
            -0.0559927374124527
        ],
        [
            0.10110339522361755,
            -1.0095542669296265,
            -0.07090510427951813
        ],
        [
            0.0789709985256195,
            -1.0053997039794922,
            -0.0951276421546936
        ],
        [
            0.14455540478229523,
            -0.9399886131286621,
            -0.04940275847911835
        ],
        [
            0.14003437757492065,
            -0.9559164047241211,
            -0.060927003622055054
        ],
        [
            0.13567857444286346,
            -0.940354585647583,
            -0.0739620253443718
        ],
        [
            0.14083907008171082,
            -0.9275502562522888,
