{
    "pred_cam": [
        1.4329540729522705,
        0.1309138387441635,
        0.2882426679134369
    ],
    "pred_smpl_params": {
        "global_orient": [
            [
                [
                    -0.7545499205589294,
                    0.09248141199350357,
                    -0.649693489074707
                ],
                [
                    0.15723152458667755,
                    -0.9357068538665771,
                    -0.3158020079135895
                ],
                [
                    -0.637128472328186,
                    -0.34044066071510315,
                    0.6914965510368347
                ]
            ]
        ],
        "body_pose": [
            [
                [
                    0.9983815550804138,
                    0.05684277415275574,
                    0.0017347104148939252
                ],
                [
                    -0.05629611387848854,
                    0.9835405349731445,
                    0.171693354845047
                ],
                [
                    0.008053367957472801,
                    -0.1715131551027298,
                    0.9851487278938293
                ]
            ],
            [
                [
                    0.9900367856025696,
                    0.07828997820615768,
                    -0.11703794449567795
                ],
                [
                    -0.06099231168627739,
                    0.9875954985618591,
                    0.14468981325626373
                ],
                [
                    0.1269139051437378,
                    -0.13610981404781342,
                    0.982530951499939
                ]
            ],
            [
                [
                    0.9954413175582886,
                    -0.023424329236149788,
                    0.0924551784992218
                ],
                [
                    0.041743479669094086,
                    0.9785975217819214,
                    -0.20150524377822876
                ],
                [
                    -0.08575628697872162,
                    0.20444603264331818,
                    0.9751142263412476
                ]
            ],
            [
                [
                    0.9953017830848694,
                    0.07851890474557877,
                    -0.05664987117052078
                ],
                [
                    -0.08721589297056198,
                    0.9811574816703796,
                    -0.1724042445421219
                ],
                [
                    0.04204545542597771,
                    0.1765350103378296,
                    0.9833958745002747
                ]
            ],
            [
                [
                    0.9819022417068481,
                    -0.1732524037361145,
                    -0.07649505883455276
                ],
                [
                    0.12811896204948425,
                    0.9051101803779602,
                    -0.4054146111011505
                ],
                [
                    0.1394755244255066,
                    0.3882770836353302,
                    0.9109266400337219
                ]
            ],
            [
                [
                    0.9963104724884033,
                    0.0012501728488132358,
                    0.08581337332725525
                ],
                [
                    0.0042925868183374405,
                    0.9979165196418762,
                    -0.06437595933675766
                ],
                [
                    -0.08571505546569824,
                    0.06450679898262024,
                    0.9942293167114258
                ]
            ],
            [
                [
                    0.9827840924263,
                    0.021445421501994133,
                    0.18350893259048462
                ],
                [
                    -0.019377795979380608,
                    0.9997270703315735,
                    -0.013053160160779953
                ],
                [
                    -0.18373875319957733,
                    0.0092724384739995,
                    0.9829314351081848
                ]
            ],
            [
                [
                    0.9769279956817627,
                    0.058944374322891235,
                    -0.2052735537290573
                ],
                [
                    -0.042361773550510406,
                    0.995542585849762,
                    0.08426430821418762
                ],
                [
                    0.20932546257972717,
                    -0.07362441718578339,
                    0.9750704169273376
                ]
            ],
            [
                [
                    0.9970581531524658,
                    0.019871115684509277,
                    0.07402800768613815
                ],
                [
                    -0.01273894589394331,
                    0.9953383803367615,
                    -0.09559919685125351
                ],
                [
                    -0.0755825862288475,
                    0.09437492489814758,
                    0.9926633834838867
                ]
            ],
            [
                [
                    0.9953558444976807,
                    -0.08670313656330109,
                    0.041822683066129684
                ],
                [
                    0.08708534389734268,
                    0.9961733222007751,
                    -0.007402713410556316
                ],
                [
                    -0.04102080315351486,
                    0.011010480113327503,
                    0.9990975260734558
                ]
            ],
            [
                [
                    0.9994532465934753,
                    -0.008168154396116734,
                    -0.03204096481204033
                ],
                [
                    0.00871281884610653,
                    0.999819278717041,
                    0.016896771267056465
                ],
                [
                    0.031897157430648804,
                    -0.01716669835150242,
                    0.9993438124656677
                ]
            ],
            [
                [
                    0.9768617749214172,
                    0.03686126321554184,
                    0.2106710821390152
                ],
                [
                    -0.006240312475711107,
                    0.989528477191925,
                    -0.14420272409915924
                ],
                [
                    -0.21378052234649658,
                    0.13955147564411163,
                    0.9668625593185425
                ]
            ],
            [
                [
                    0.9337444305419922,
                    0.2652270495891571,
                    -0.24036653339862823
                ],
                [
                    -0.2460688352584839,
                    0.9633215069770813,
                    0.1070595234632492
                ],
                [
                    0.2599453628063202,
                    -0.040819499641656876,
                    0.9647601842880249
                ]
            ],
            [
                [
                    0.8767517805099487,
                    -0.35976356267929077,
                    0.3191809058189392
                ],
                [
                    0.34567490220069885,
                    0.9328069686889648,
                    0.10188218951225281
                ],
                [
                    -0.3343876600265503,
                    0.021007437258958817,
                    0.9422013759613037
                ]
            ],
            [
                [
                    0.9946178197860718,
                    0.08996027708053589,
                    0.05140489712357521
                ],
                [
                    -0.0590733140707016,
                    0.8999557495117188,
                    -0.4319606423377991
                ],
                [
                    -0.08512143045663834,
                    0.4265991151332855,
                    0.9004262685775757
                ]
            ],
            [
                [
                    0.6901589035987854,
                    0.569739043712616,
                    -0.4461817145347595
                ],
                [
                    -0.6218952536582947,
                    0.7822309136390686,
                    0.03689289838075638
                ],
                [
                    0.37003645300865173,
                    0.2520163357257843,
                    0.8941816091537476
                ]
            ],
            [
                [
                    0.5155894756317139,
                    -0.6439392566680908,
                    0.5652519464492798
                ],
                [
                    0.6792029738426208,
                    0.709321916103363,
                    0.1885359287261963
                ],
                [
                    -0.5223512649536133,
                    0.2867136597633362,
                    0.8030843734741211
                ]
            ],
            [
                [
                    0.7094472646713257,
                    -0.06469015032052994,
                    -0.7017833590507507
                ],
                [
                    -0.022978659719228745,
                    0.9931256771087646,
                    -0.114775650203228
                ],
                [
                    0.7043838500976562,
                    0.09755333513021469,
                    0.7030838131904602
                ]
            ],
            [
                [
                    0.5915204882621765,
                    0.14856217801570892,
                    0.792485237121582
                ],
                [
                    -0.0982675701379776,
                    0.9888348579406738,
                    -0.1120225340127945
                ],
                [
                    -0.8002793788909912,
                    -0.011611959896981716,
                    0.599514901638031
                ]
            ],
            [
                [
                    0.9965294599533081,
                    -0.07445226609706879,
                    -0.03722735121846199
                ],
                [
                    0.07547254860401154,
                    0.9967877864837646,
                    0.02679504081606865
                ],
                [
                    0.03511282056570053,
                    -0.029511692002415657,
                    0.9989475011825562
                ]
            ],
            [
                [
                    0.9947695732116699,
                    0.0847899541258812,
                    0.056958358734846115
                ],
                [
                    -0.09014677256345749,
                    0.9909753203392029,
                    0.0992039367556572
                ],
                [
                    -0.04803283512592316,
                    -0.10381966084241867,
                    0.9934356212615967
                ]
            ],
            [
                [
                    0.9839837551116943,
                    0.1487855315208435,
                    -0.09817750751972198
                ],
                [
                    -0.13486365973949432,
                    0.9815153479576111,
                    0.13579127192497253
                ],
                [
                    0.11656652390956879,
                    -0.12037583440542221,
                    0.9858609437942505
                ]
            ],
            [
                [
                    0.9840611219406128,
                    -0.16625016927719116,
                    0.0631239041686058
                ],
                [
                    0.15883296728134155,
                    0.981332004070282,
                    0.10844182223081589
                ],
                [
                    -0.0799739733338356,
                    -0.09668722003698349,
                    0.9920966625213623
                ]
            ]
        ],
        "betas": [
            -0.3026973009109497,
            -0.42014434933662415,
            0.31223151087760925,
            0.9358497858047485,
            0.27102091908454895,
            -0.10580336302518845,
            -0.02199670672416687,
            -0.044071078300476074,
            0.037493228912353516,
            -0.08918285369873047
        ]
    },
    "pred_cam_t": [
        0.1309138387441635,
        0.2882426679134369,
        27.260120391845703
    ],
    "focal_length": [
        5000.0,
        5000.0
    ],
    "pred_keypoints_3d": [
        [
            -0.1761365830898285,
            -0.75950026512146,
            -0.034908562898635864
        ],
        [
            -0.0016891416162252426,
            -0.7285224795341492,
            -0.08814578503370285
        ],
        [
            0.09220634400844574,
            -0.6561205387115479,
            0.08282358944416046
        ],
        [
            0.018614739179611206,
            -0.45078885555267334,
            0.19643771648406982
        ],
        [
            -0.2191048562526703,
            -0.40637078881263733,
            0.24352721869945526
        ],
        [
            -0.10770769417285919,
            -0.6110137104988098,
            -0.2107546627521515
        ],
        [
            -0.23215320706367493,
            -0.3919089734554291,
            -0.2122185081243515
        ],
        [
            -0.37919142842292786,
            -0.2997768521308899,
            -0.04484814405441284
        ],
        [
            -0.0021391501650214195,
            -0.2312941700220108,
            0.028936635702848434
        ],
        [
            0.04294555261731148,
            -0.15634264051914215,
            0.10002830624580383
        ],
        [
            0.03283437341451645,
            0.15995438396930695,
            0.2881118655204773
        ],
        [
            0.021824609488248825,
            0.5416661500930786,
            0.2706587016582489
        ],
        [
            -0.05874789133667946,
            -0.1331314891576767,
            0.011567715555429459
        ],
        [
            -0.13731344044208527,
            0.18272976577281952,
            0.16479921340942383
        ],
        [
            -0.09530618786811829,
            0.5375247597694397,
            0.29933345317840576
        ],
        [
            -0.16235864162445068,
            -0.81507408618927,
            -0.014253716915845871
        ],
        [
            -0.1827545315027237,
            -0.8031125664710999,
            -0.07632513344287872
        ],
        [
            -0.06639952957630157,
            -0.8611979484558105,
            -0.007428988814353943
        ],
        [
            -0.11469766497612,
            -0.8347635865211487,
            -0.14702317118644714
        ],
        [
            -0.2305370271205902,
            0.5392594337463379,
            0.4460677206516266
        ],
        [
            -0.2408813238143921,
            0.5754558444023132,
            0.37128251791000366
        ],
        [
            -0.05715326592326164,
            0.5844861268997192,
            0.2708677351474762
        ],
        [
            -0.045858338475227356,
            0.5606300830841064,
            0.45508211851119995
        ],
        [
            0.03900402784347534,
            0.5716153979301453,
            0.4358813166618347
        ],
        [
            0.04112495109438896,
            0.591038167476654,
            0.2250419706106186
        ],
        [
            0.05545753613114357,
            0.49510109424591064,
            0.25184690952301025
        ],
        [
            0.0353265181183815,
            0.10135529190301895,
            0.26347196102142334
        ],
        [
            0.11944492161273956,
            -0.2812565863132477,
            0.10341991484165192
        ],
        [
            -0.09483311325311661,
            -0.21553216874599457,
            -0.08833345770835876
        ],
        [
            -0.13929636776447296,
            0.14701013267040253,
            0.1382802277803421
        ],
        [
            -0.08633151650428772,
            0.5151610374450684,
            0.26303035020828247
        ],
        [
            -0.2101249098777771,
            -0.4385325312614441,
            0.22623296082019806
        ],
        [
            0.012913400307297707,
            -0.48496395349502563,
            0.21619188785552979
        ],
        [
            0.07237076759338379,
            -0.6847473382949829,
            0.0475592240691185
        ],
        [
            -0.08812027424573898,
            -0.6444027423858643,
            -0.2026682198047638
        ],
        [
            -0.25860676169395447,
            -0.4339834451675415,
            -0.21262574195861816
        ],
        [
            -0.37891581654548645,
            -0.3213288187980652,
            -0.048588983714580536
        ],
        [
            -0.009361453354358673,
            -0.7168372869491577,
            -0.08372011035680771
        ],
        [
            -0.13515903055667877,
            -0.8833196759223938,
            -0.07421340048313141
        ],
        [
            0.011754712089896202,
            -0.24865277111530304,
            0.006845343858003616
        ],
        [
            -0.0055590104311704636,
            -0.661311149597168,
            -0.07510915398597717
        ],
        [
            0.031700581312179565,
            -0.4891112446784973,
            -0.06171981245279312
        ],
        [
            -0.1034332662820816,
            -0.7722706198692322,
            -0.06597750633955002
        ],
        [
            -0.13747628033161163,
            -0.9032000303268433,
            -0.07316708564758301
        ]
    ],
    "pred_vertices": [
        [
            -0.21262559294700623,
            -0.8410409092903137,
            -0.08681727945804596
        ],
        [
            -0.2082875669002533,
            -0.8261693716049194,
            -0.07903977483510971
        ],
        [
            -0.20238903164863586,
            -0.825864315032959,
            -0.09234435856342316
        ],
        [
            -0.20276682078838348,
            -0.8384228348731995,
            -0.10082602500915527
        ],
        [
            -0.20116063952445984,
            -0.8154574632644653,
            -0.0867261290550232
        ],
        [
            -0.20419058203697205,
            -0.815133273601532,
            -0.07515647262334824
        ],
        [
            -0.1929420530796051,
            -0.8243698477745056,
            -0.10231052339076996
        ],
        [
            -0.19009891152381897,
            -0.8345494270324707,
            -0.11084575951099396
        ],
        [
            -0.16622039675712585,
            -0.7985485792160034,
            -0.11166603863239288
        ],
        [
            -0.15791352093219757,
            -0.7987961769104004,
            -0.1186998039484024
        ],
        [
            -0.1655886173248291,
            -0.808630108833313,
            -0.11772714555263519
        ],
        [
            -0.17156822979450226,
            -0.8060653805732727,
            -0.11000311374664307
        ],
        [
            -0.1493750363588333,
            -0.7786858081817627,
            -0.11181767284870148
        ],
        [
            -0.149264857172966,
            -0.7678370475769043,
            -0.10332995653152466
        ],
        [
            -0.13753727078437805,
            -0.7645479440689087,
            -0.10892333090305328
        ],
        [
            -0.13613781332969666,
            -0.7756547927856445,
            -0.11679577082395554
        ],
        [
            -0.16564327478408813,
            -0.7741962671279907,
            -0.06505342572927475
        ],
        [
            -0.16296175122261047,
            -0.7680758833885193,
            -0.07052967697381973
        ],
        [
            -0.16715028882026672,
            -0.7733115553855896,
            -0.07439063489437103
        ],
        [
            -0.16889236867427826,
            -0.7790349721908569,
            -0.0683712288737297
        ],
        [
            -0.17305250465869904,
            -0.7811229228973389,
            -0.054466038942337036
        ],
        [
            -0.17364707589149475,
            -0.7871687412261963,
            -0.05655214935541153
        ],
        [
            -0.17851516604423523,
            -0.7886924743652344,
            -0.05038509517908096
        ],
        [
            -0.178666353225708,
            -0.7814094424247742,
            -0.04880079999566078
        ],
        [
            -0.16113905608654022,
            -0.7708252668380737,
            -0.06002213433384895
        ],
        [
            -0.1581304967403412,
            -0.7647147178649902,
            -0.06592245399951935
        ],
        [
            -0.16836455464363098,
            -0.7791017293930054,
            -0.06020316481590271
        ],
        [
            -0.16731324791908264,
            -0.7747299671173096,
            -0.05769241973757744
        ],
        [
            -0.17187735438346863,
            -0.7650197744369507,
            -0.05158931761980057
        ],
        [
            -0.17371124029159546,
            -0.7693588733673096,
            -0.05359790846705437
        ],
        [
            -0.17886540293693542,
            -0.7674497365951538,
            -0.04825013503432274
        ],
        [
            -0.17498476803302765,
            -0.7633641958236694,
            -0.047181032598018646
        ],
        [
            -0.16465330123901367,
            -0.7684406042098999,
            -0.057437170296907425
        ],
        [
            -0.16872206330299377,
            -0.7694756984710693,
            -0.05704258754849434
        ],
        [
            -0.16792011260986328,
            -0.7656408548355103,
            -0.0539383590221405
        ],
        [
            -0.16364966332912445,
            -0.765669584274292,
            -0.05355941131711006
        ],
        [
            -0.17295178771018982,
            -0.7762472033500671,
            -0.053175605833530426
        ],
        [
            -0.17894327640533447,
            -0.7748368978500366,
            -0.04819510504603386
        ],
        [
            -0.18433940410614014,
            -0.7732269763946533,
            -0.04220083728432655
        ],
        [
            -0.1828157901763916,
            -0.7644768953323364,
            -0.041738271713256836
        ],
        [
            -0.1536901295185089,
            -0.7578270435333252,
            -0.08289545774459839
        ],
        [
            -0.15933263301849365,
            -0.762435793876648,
            -0.07696067541837692
        ],
        [
            -0.15528780221939087,
            -0.7593830227851868,
            -0.07196739315986633
        ],
        [
            -0.15144464373588562,
            -0.7552387714385986,
            -0.0773528441786766
        ],
        [
            -0.15948738157749176,
            -0.7645756006240845,
            -0.055669791996479034
        ],
        [
            -0.15218974649906158,
            -0.750619113445282,
            -0.058915235102176666
        ],
        [
            -0.1544555127620697,
            -0.7536454200744629,
            -0.05918464809656143
        ],
        [
            -0.15644383430480957,
            -0.7534084320068359,
            -0.052236124873161316
        ],
        [
            -0.1543554812669754,
            -0.7505372166633606,
            -0.052650049328804016
        ],
        [
            -0.14039087295532227,
            -0.7493308782577515,
            -0.09049800038337708
        ],
        [
            -0.14180392026901245,
            -0.747175395488739,
            -0.08360272645950317
        ],
        [
            -0.13613897562026978,
            -0.7426536679267883,
            -0.08480128645896912
        ],
        [
            -0.1328369379043579,
            -0.7445813417434692,
            -0.091428741812706
        ],
        [
            -0.13156305253505707,
            -0.7389057278633118,
            -0.08253294229507446
        ],
        [
            -0.12588170170783997,
            -0.7401103377342224,
            -0.09082546830177307
        ],
        [
            -0.1160956472158432,
            -0.7298552393913269,
            -0.08159248530864716
        ],
        [
            -0.12041624635457993,
            -0.7344516515731812,
            -0.08640346676111221
        ],
        [
            -0.1278182566165924,
            -0.7347997426986694,
            -0.07842749357223511
        ],
        [
            -0.12604005634784698,
            -0.7299432754516602,
            -0.07216382026672363
        ],
        [
            -0.1317550539970398,
            -0.7316712141036987,
            -0.058537568897008896
        ],
        [
            -0.13153880834579468,
            -0.730400800704956,
            -0.05221012234687805
        ],
        [
            -0.1246623694896698,
            -0.7205748558044434,
            -0.05691730976104736
        ],
        [
            -0.12537451088428497,
            -0.7241545915603638,
            -0.06407082825899124
        ],
        [
            -0.14531201124191284,
            -0.7479791641235352,
            -0.05976734682917595
        ],
        [
            -0.14423047006130219,
            -0.748745322227478,
            -0.06439991295337677
        ],
        [
            -0.14693540334701538,
            -0.748708963394165,
            -0.06401684880256653
        ],
        [
            -0.14899542927742004,
            -0.7487215995788574,
            -0.05914879962801933
        ],
        [
            -0.1436404138803482,
            -0.7487797737121582,
            -0.06842648983001709
        ],
        [
            -0.14336475729942322,
            -0.7486685514450073,
            -0.07021847367286682
        ],
        [
            -0.14498978853225708,
            -0.7491238117218018,
            -0.06968077272176743
        ],
        [
            -0.14446352422237396,
            -0.7490924596786499,
            -0.06837520748376846
        ],
        [
            -0.14422906935214996,
            -0.7488492131233215,
            -0.06627925485372543
        ],
        [
            -0.1431918740272522,
            -0.7472509741783142,
            -0.06511424481868744
        ],
        [
            -0.14336422085762024,
            -0.7480201721191406,
            -0.06739844381809235
        ],
        [
            -0.14403653144836426,
            -0.7457320690155029,
            -0.0608653649687767
        ],
        [
            -0.14573225378990173,
            -0.7421692609786987,
            -0.046567924320697784
        ],
        [
            -0.14586573839187622,
            -0.7424816489219666,
            -0.05052529647946358
        ],
        [
            -0.14703410863876343,
            -0.7469455003738403,
            -0.049520961940288544
        ],
        [
            -0.14710718393325806,
            -0.7469007968902588,
            -0.046180181205272675
        ],
        [
            -0.14704442024230957,
            -0.7500782012939453,
            -0.06775807589292526
        ],
        [
            -0.14814963936805725,
            -0.751165509223938,
            -0.07009010016918182
        ],
        [
            -0.15130510926246643,
            -0.7523345947265625,
            -0.06555180996656418
        ],
        [
            -0.14903134107589722,
            -0.7505636811256409,
            -0.06451835483312607
        ],
        [
            -0.14973561465740204,
            -0.7523035407066345,
            -0.07294917106628418
        ],
        [
            -0.1457723081111908,
            -0.7500780820846558,
            -0.07205045223236084
        ],
        [
            -0.14658834040164948,
            -0.7504642605781555,
            -0.07518057525157928
        ],
        [
            -0.14221924543380737,
            -0.7473424673080444,
            -0.06963463872671127
        ],
        [
            -0.1408485472202301,
            -0.7463055849075317,
            -0.07265075296163559
        ],
        [
            -0.14330214262008667,
            -0.7478178143501282,
            -0.07295386493206024
        ],
        [
            -0.13891065120697021,
            -0.7436684370040894,
            -0.0705021470785141
        ],
        [
            -0.14132842421531677,
            -0.7456685900688171,
            -0.06688408553600311
        ],
        [
            -0.14164862036705017,
            -0.7432687282562256,
            -0.06266619265079498
        ],
        [
            -0.14231954514980316,
            -0.7408711314201355,
            -0.05726514384150505
        ],
        [
            -0.1379057615995407,
            -0.7380493879318237,
            -0.06037050113081932
        ],
        [
            -0.13809826970100403,
            -0.7406664490699768,
            -0.06614183634519577
        ],
        [
            -0.15339979529380798,
            -0.7556803226470947,
            -0.06781719624996185
        ],
        [
            -0.14260773360729218,
            -0.7474774122238159,
            -0.07755955308675766
        ],
        [
            -0.1470528542995453,
            -0.7520321607589722,
            -0.08089208602905273
        ],
        [
            -0.13903270661830902,
            -0.74410080909729,
            -0.07770578563213348
        ],
        [
            -0.13572752475738525,
            -0.7409787774085999,
            -0.07570227980613708
        ],
        [
            -0.13352710008621216,
            -0.7376699447631836,
            -0.07100213319063187
        ],
        [
            -0.13252174854278564,
            -0.7343524694442749,
            -0.06504017114639282
        ],
        [
            -0.11171315610408783,
            -0.7186135053634644,
            -0.06242603436112404
        ],
        [
            -0.11419915407896042,
            -0.7231630682945251,
            -0.07128749042749405
        ],
        [
            -0.19688117504119873,
            -0.8106374740600586,
            -0.07393503189086914
        ],
        [
            -0.196631520986557,
            -0.8097296357154846,
            -0.0830652192234993
        ],
        [
            -0.18835429847240448,
            -0.8058872222900391,
            -0.08484554290771484
        ],
        [
            -0.19002100825309753,
            -0.8073640465736389,
            -0.08657471835613251
        ],
        [
            -0.19218474626541138,
            -0.8077678680419922,
            -0.08060788363218307
        ],
        [
            -0.1897076666355133,
            -0.805925190448761,
            -0.08031577616930008
        ],
        [
            -0.17550089955329895,
            -0.8057029247283936,
            -0.10256823897361755
        ],
        [
            -0.17874611914157867,
            -0.8056231737136841,
            -0.0964619442820549
        ],
        [
            -0.17553600668907166,
            -0.8032944798469543,
            -0.0970376580953598
        ],
        [
            -0.1718856543302536,
            -0.8002026081085205,
            -0.10422879457473755
        ],
        [
            -0.17473655939102173,
            -0.7947444915771484,
            -0.08783818781375885
        ],
        [
            -0.17416314780712128,
            -0.7967082858085632,
            -0.09285181760787964
        ],
        [
            -0.17888687551021576,
            -0.8013789653778076,
            -0.0885978490114212
        ],
        [
            -0.17944206297397614,
            -0.7998895645141602,
            -0.08500222116708755
        ],
        [
            -0.1796358823776245,
            -0.7991540431976318,
            -0.08089545369148254
        ],
        [
            -0.17965266108512878,
            -0.7992396354675293,
            -0.07638704776763916
        ],
        [
            -0.176128551363945,
            -0.7951766848564148,
            -0.07705429196357727
        ],
        [
            -0.17547769844532013,
            -0.7944835424423218,
            -0.08235280215740204
        ],
        [
            -0.19203691184520721,
            -0.8090981245040894,
            -0.07424730807542801
        ],
        [
            -0.18948575854301453,
            -0.809964656829834,
            -0.06728652864694595
        ],
        [
            -0.18739153444766998,
            -0.8076885938644409,
            -0.06898419559001923
        ],
        [
            -0.18979252874851227,
            -0.8067620992660522,
            -0.07461168617010117
        ],
        [
            -0.17696073651313782,
            -0.8071180582046509,
            -0.0609050877392292
        ],
        [
            -0.17960789799690247,
            -0.808242678642273,
            -0.06167904660105705
        ],
        [
            -0.18033868074417114,
            -0.8095229864120483,
            -0.05798594281077385
        ],
        [
            -0.1768208146095276,
            -0.8064900040626526,
            -0.05747086927294731
        ],
        [
            -0.1756959706544876,
            -0.8035632371902466,
            -0.059681158512830734
        ],
        [
            -0.17660371959209442,
            -0.80528324842453,
            -0.06204412505030632
        ],
        [
            -0.2213902324438095,
            -0.8606419563293457,
            -0.07884827256202698
        ],
        [
            -0.2178802341222763,
            -0.84368896484375,
            -0.07134037464857101
        ],
        [
            -0.21194978058338165,
            -0.8588645458221436,
            -0.09672024846076965
        ],
        [
            -0.19898022711277008,
            -0.8545545339584351,
            -0.10950466990470886
        ],
        [
            -0.18647700548171997,
            -0.8463921546936035,
            -0.11981415748596191
        ],
        [
            -0.13899001479148865,
            -0.7554699182510376,
            -0.09953851252794266
        ],
        [
            -0.1295650601387024,
            -0.7512733936309814,
            -0.1026156023144722
        ],
        [
            -0.1258050501346588,
            -0.76215660572052,
            -0.11357666552066803
        ],
        [
            -0.11606314778327942,
            -0.7565465569496155,
            -0.11325187236070633
        ],
        [
            -0.12050442397594452,
            -0.745326817035675,
            -0.10159388184547424
        ],
        [
            -0.1060267761349678,
            -0.7326064109802246,
            -0.08934073150157928
        ],
        [
            -0.11265096068382263,
            -0.7386133670806885,
            -0.09733369946479797
        ],
        [
            -0.10600681602954865,
            -0.7510535717010498,
            -0.11087341606616974
        ],
        [
            -0.10218912363052368,
            -0.7673698663711548,
            -0.12395031750202179
        ],
        [
            -0.11285924911499023,
            -0.7696003317832947,
            -0.12321539223194122
        ],
        [
            -0.10112462937831879,
            -0.7865726947784424,
            -0.13195908069610596
        ],
        [
            -0.08905357122421265,
            -0.766004204750061,
            -0.12347377836704254
        ],
        [
            -0.09282092750072479,
            -0.7905399799346924,
            -0.13188733160495758
        ],
        [
            -0.07807059586048126,
            -0.7376188039779663,
            -0.10332336276769638
        ],
        [
            -0.07371579110622406,
            -0.7304911613464355,
            -0.10432412475347519
        ],
        [
            -0.06747549772262573,
            -0.7396866083145142,
            -0.12017574161291122
        ],
        [
            -0.07241538166999817,
            -0.7475665211677551,
            -0.119207002222538
        ],
        [
            -0.12359926104545593,
            -0.7723984718322754,
            -0.1215830147266388
        ],
        [
            -0.16611918807029724,
            -0.8210088014602661,
            -0.12203675508499146
        ],
        [
            -0.17376430332660675,
            -0.8156240582466125,
            -0.11452379822731018
        ],
        [
            -0.1562698781490326,
            -0.8120343685150146,
            -0.12505656480789185
        ],
        [
            -0.18495270609855652,
            -0.880670428276062,
            -0.13070698082447052
        ],
        [
            -0.1949080228805542,
            -0.8683772087097168,
            -0.12047643959522247
        ],
        [
            -0.18262162804603577,
            -0.8581629395484924,
            -0.12870800495147705
        ],
        [
            -0.17520372569561005,
            -0.8708324432373047,
            -0.13777673244476318
        ],
        [
            -0.20546254515647888,
            -0.9090684652328491,
            -0.10139636695384979
        ],
        [
            -0.21765947341918945,
            -0.8852565884590149,
            -0.0915764644742012
        ],
        [
            -0.2079460173845291,
            -0.878571629524231,
            -0.1058606281876564
        ],
        [
            -0.19801992177963257,
            -0.8964684009552002,
            -0.11540346592664719
        ],
        [
            -0.16573989391326904,
            -0.8787362575531006,
            -0.14419405162334442
        ],
        [
            -0.15239226818084717,
            -0.8897085189819336,
            -0.15046778321266174
        ],
        [
            -0.1549735963344574,
            -0.907099723815918,
            -0.1487281173467636
        ],
        [
            -0.17280837893486023,
            -0.8957809209823608,
            -0.14023542404174805
        ],
        [
            -0.15831708908081055,
            -0.9298688173294067,
            -0.13939599692821503
        ],
        [
            -0.1796576976776123,
            -0.9161525964736938,
            -0.12855812907218933
        ],
        [
            -0.07725952565670013,
            -0.7836755514144897,
            -0.1313728392124176
        ],
        [
            -0.08468766510486603,
            -0.8019536137580872,
            -0.13452714681625366
        ],
        [
            -0.08015260845422745,
            -0.7555584907531738,
            -0.1182955801486969
        ],
        [
            -0.07119567692279816,
            -0.7691514492034912,
            -0.1292733997106552
        ],
        [
            -0.15830333530902863,
            -0.9483118057250977,
            -0.12369167059659958
        ],
        [
            -0.18441829085350037,
            -0.9331887364387512,
            -0.11182484030723572
        ],
        [
            -0.09794016182422638,
            -0.899743378162384,
            -0.15711860358715057
        ],
        [
            -0.11539819836616516,
            -0.9093782901763916,
            -0.1559513807296753
        ],
        [
            -0.12179332971572876,
            -0.889385461807251,
            -0.15729478001594543
        ],
        [
