{
    "pred_cam": [
        1.4140489101409912,
        0.12132067233324051,
        0.2905368506908417
    ],
    "pred_smpl_params": {
        "global_orient": [
            [
                [
                    -0.7091988921165466,
                    0.1067287027835846,
                    -0.6968830227851868
                ],
                [
                    0.1922782063484192,
                    -0.9217203855514526,
                    -0.3368391990661621
                ],
                [
                    -0.6782817244529724,
                    -0.37288138270378113,
                    0.6331614851951599
                ]
            ]
        ],
        "body_pose": [
            [
                [
                    0.9983087182044983,
                    0.05514682084321976,
                    0.018400073051452637
                ],
                [
                    -0.0575505867600441,
                    0.9822429418563843,
                    0.17856870591640472
                ],
                [
                    -0.00822584517300129,
                    -0.1793256253004074,
                    0.9837554097175598
                ]
            ],
            [
                [
                    0.9866684079170227,
                    0.12235726416110992,
                    -0.1073044091463089
                ],
                [
                    -0.10456304997205734,
                    0.9818645715713501,
                    0.15814080834388733
                ],
                [
                    0.12470807135105133,
                    -0.1448124498128891,
                    0.9815688133239746
                ]
            ],
            [
                [
                    0.9956386089324951,
                    -0.030514957383275032,
                    0.0881614238023758
                ],
                [
                    0.048728831112384796,
                    0.9759424328804016,
                    -0.21251294016838074
                ],
                [
                    -0.07955565303564072,
                    0.21588212251663208,
                    0.9731729030609131
                ]
            ],
            [
                [
                    0.9940836429595947,
                    0.10393425077199936,
                    -0.031549930572509766
                ],
                [
                    -0.10739126056432724,
                    0.9840066432952881,
                    -0.14211967587471008
                ],
                [
                    0.016274238005280495,
                    0.14466702938079834,
                    0.9893465638160706
                ]
            ],
            [
                [
                    0.9925830364227295,
                    -0.1051778569817543,
                    -0.060963235795497894
                ],
                [
                    0.08418918401002884,
                    0.9564694762229919,
                    -0.27942508459091187
                ],
                [
                    0.0876988023519516,
                    0.2722201645374298,
                    0.958230197429657
                ]
            ],
            [
                [
                    0.9963153004646301,
                    -0.006489800754934549,
                    0.08552023023366928
                ],
                [
                    0.01295157615095377,
                    0.9970827102661133,
                    -0.07522182166576385
                ],
                [
                    -0.08478257060050964,
                    0.07605227828025818,
                    0.993492841720581
                ]
            ],
            [
                [
                    0.9855943918228149,
                    0.024593641981482506,
                    0.1673286408185959
                ],
                [
                    -0.02126617543399334,
                    0.9995394349098206,
                    -0.02164897881448269
                ],
                [
                    -0.16778400540351868,
                    0.01777867041528225,
                    0.9856634736061096
                ]
            ],
            [
                [
                    0.9801563620567322,
                    0.027948429808020592,
                    -0.19624556601047516
                ],
                [
                    -0.018704775720834732,
                    0.9986335039138794,
                    0.04879920929670334
                ],
                [
                    0.19734123349189758,
                    -0.04416012763977051,
                    0.9793397784233093
                ]
            ],
            [
                [
                    0.9972166419029236,
                    0.01458457950502634,
                    0.07311868667602539
                ],
                [
                    -0.007607245817780495,
                    0.995466411113739,
                    -0.09480999410152435
                ],
                [
                    -0.07416994869709015,
                    0.09398986399173737,
                    0.992806613445282
                ]
            ],
            [
                [
                    0.9951043725013733,
                    -0.08020644634962082,
                    0.057743269950151443
                ],
                [
                    0.08124427497386932,
                    0.9965682029724121,
                    -0.015851406380534172
                ],
                [
                    -0.05627371743321419,
                    0.02046511135995388,
                    0.9982056617736816
                ]
            ],
            [
                [
                    0.9990511536598206,
                    0.016128743067383766,
                    -0.040454450994729996
                ],
                [
                    -0.015514999628067017,
                    0.9997603893280029,
                    0.015439316630363464
                ],
                [
                    0.040693774819374084,
                    -0.014797016978263855,
                    0.9990620017051697
                ]
            ],
            [
                [
                    0.9811135530471802,
                    0.01873219758272171,
                    0.19252364337444305
                ],
                [
                    0.008465276099741459,
                    0.9901883006095886,
                    -0.13948315382003784
                ],
                [
                    -0.1932474672794342,
                    0.13847856223583221,
                    0.971328616142273
                ]
            ],
            [
                [
                    0.9252381920814514,
                    0.281759113073349,
                    -0.2540592551231384
                ],
                [
                    -0.2638884484767914,
                    0.9590795040130615,
                    0.10261274129152298
                ],
                [
                    0.27257511019706726,
                    -0.027897918596863747,
                    0.9617299437522888
                ]
            ],
            [
                [
                    0.8650972843170166,
                    -0.3788902461528778,
                    0.328707754611969
                ],
                [
                    0.36845114827156067,
                    0.9246633052825928,
                    0.09613336622714996
                ],
                [
                    -0.3403679430484772,
                    0.037948016077280045,
                    0.9395262598991394
                ]
            ],
            [
                [
                    0.9959390759468079,
                    0.07570243626832962,
                    0.04872877150774002
                ],
                [
                    -0.04620179906487465,
                    0.8943087458610535,
                    -0.44505879282951355
                ],
                [
                    -0.07727059721946716,
                    0.4410001039505005,
                    0.8941746354103088
                ]
            ],
            [
                [
                    0.6853337287902832,
                    0.5611109137535095,
                    -0.464189738035202
                ],
                [
                    -0.6191062331199646,
                    0.784557044506073,
                    0.03431611880660057
                ],
                [
                    0.3834385573863983,
                    0.26386478543281555,
                    0.8850706815719604
                ]
            ],
            [
                [
                    0.5149667263031006,
                    -0.6403806209564209,
                    0.5698437094688416
                ],
                [
                    0.6906208395957947,
                    0.7037351131439209,
                    0.16673260927200317
                ],
                [
                    -0.5077913403511047,
                    0.3076842129230499,
                    0.8046603798866272
                ]
            ],
            [
                [
                    0.6821964979171753,
                    -0.062462273985147476,
                    -0.7284959554672241
                ],
                [
                    -0.038544777780771255,
                    0.9918867349624634,
                    -0.12114078551530838
                ],
                [
                    0.7301521301269531,
                    0.11072149872779846,
                    0.6742540597915649
                ]
            ],
            [
                [
                    0.5646330714225769,
                    0.14142262935638428,
                    0.8131353855133057
                ],
                [
                    -0.07802152633666992,
                    0.9899442195892334,
                    -0.11799630522727966
                ],
                [
                    -0.821645975112915,
                    0.0031825469341129065,
                    0.5699892640113831
                ]
            ],
            [
                [
                    0.9959397912025452,
                    -0.07781664282083511,
                    -0.04525907337665558
                ],
                [
                    0.07986227422952652,
                    0.9957762360572815,
                    0.04529667645692825
                ],
                [
                    0.04154307022690773,
                    -0.048727262765169144,
                    0.9979478120803833
                ]
            ],
            [
                [
                    0.9938093423843384,
                    0.08776327222585678,
                    0.0681229680776596
                ],
                [
                    -0.09564410895109177,
                    0.9878274202346802,
                    0.12267551571130753
                ],
                [
                    -0.05652732402086258,
                    -0.12843161821365356,
                    0.9901061654090881
                ]
            ],
            [
                [
                    0.983965277671814,
                    0.14917315542697906,
                    -0.09777414053678513
                ],
                [
                    -0.1353476643562317,
                    0.9815053343772888,
                    0.13538196682929993
                ],
                [
                    0.11616119742393494,
                    -0.11997764557600021,
                    0.9859573841094971
                ]
            ],
            [
                [
                    0.9842922687530518,
                    -0.16494986414909363,
                    0.06293008476495743
                ],
                [
                    0.15688972175121307,
                    0.9807019829750061,
                    0.11665826290845871
                ],
                [
                    -0.08095842599868774,
                    -0.10495275259017944,
                    0.9911763072013855
                ]
            ]
        ],
        "betas": [
            -0.276477187871933,
            -0.38308098912239075,
            0.27024444937705994,
            0.8747200965881348,
            0.26717644929885864,
            -0.119682677090168,
            -0.033658117055892944,
            -0.020564407110214233,
            0.06134425103664398,
            -0.08125412464141846
        ]
    },
    "pred_cam_t": [
        0.12132067233324051,
        0.2905368506908417,
        27.624574661254883
    ],
    "focal_length": [
        5000.0,
        5000.0
    ],
    "pred_keypoints_3d": [
        [
            -0.17557591199874878,
            -0.7535319328308105,
            -0.05084582418203354
        ],
        [
            -8.245930075645447e-06,
            -0.7238972187042236,
            -0.09875799715518951
        ],
        [
            0.08385667949914932,
            -0.652080774307251,
            0.07848632335662842
        ],
        [
            0.00888323038816452,
            -0.4413665235042572,
            0.18276776373386383
        ],
        [
            -0.23253697156906128,
            -0.3918995261192322,
            0.20201969146728516
        ],
        [
            -0.0982576459646225,
            -0.6021379232406616,
            -0.22473114728927612
        ],
        [
            -0.21932297945022583,
            -0.3801279664039612,
            -0.2234792411327362
        ],
        [
            -0.36483311653137207,
            -0.2950079143047333,
            -0.050081923604011536
        ],
        [
            -0.0021234748419374228,
            -0.2306714802980423,
            0.028808027505874634
        ],
        [
            0.03882540389895439,
            -0.1592349410057068,
            0.10573901981115341
        ],
        [
            0.02856363356113434,
            0.14258983731269836,
            0.3184773027896881
        ],
        [
            0.024750016629695892,
            0.5203399658203125,
            0.3859087824821472
        ],
        [
            -0.05650882422924042,
            -0.13121315836906433,
            0.011867742985486984
        ],
        [
            -0.14465337991714478,
            0.17897126078605652,
            0.17430579662322998
        ],
        [
            -0.11139644682407379,
            0.5205183029174805,
            0.34495943784713745
        ],
        [
            -0.16268494725227356,
            -0.8091331720352173,
            -0.029219232499599457
        ],
        [
            -0.18163366615772247,
            -0.7975810766220093,
            -0.09188361465930939
        ],
        [
            -0.06758606433868408,
            -0.8561357855796814,
            -0.01983019709587097
        ],
        [
            -0.11219438910484314,
            -0.8304077386856079,
            -0.160799041390419
        ],
        [
            -0.2596317231655121,
            0.5136051774024963,
            0.479256272315979
        ],
        [
            -0.26227712631225586,
            0.5559371113777161,
            0.407232403755188
        ],
        [
            -0.06994083523750305,
            0.5685579776763916,
            0.32437753677368164
        ],
        [
            -0.061057161539793015,
            0.5079614520072937,
            0.5639417171478271
        ],
        [
            0.025681138038635254,
            0.5192575454711914,
            0.5550504326820374
        ],
        [
            0.04893425852060318,
            0.5767983198165894,
            0.3522747755050659
        ],
        [
            0.059005774557590485,
            0.4774218797683716,
            0.3601417541503906
        ],
        [
            0.030827749520540237,
            0.08598476648330688,
            0.2868247628211975
        ],
        [
            0.11340050399303436,
            -0.2855002284049988,
            0.10843367874622345
        ],
        [
            -0.08650059998035431,
            -0.20899198949337006,
            -0.0937901958823204
        ],
        [
            -0.1445501446723938,
            0.14455696940422058,
            0.14550426602363586
        ],
        [
            -0.099300816655159,
            0.5009219646453857,
            0.3076990842819214
        ],
        [
            -0.2220095992088318,
            -0.4251095950603485,
            0.18681101500988007
        ],
        [
            8.29824130050838e-05,
            -0.4750732183456421,
            0.20224571228027344
        ],
        [
            0.06639953702688217,
            -0.6807135939598083,
            0.04163893312215805
        ],
        [
            -0.0796477347612381,
            -0.6365024447441101,
            -0.2163485884666443
        ],
        [
            -0.2461482584476471,
            -0.42170292139053345,
            -0.2252591848373413
        ],
        [
            -0.36485549807548523,
            -0.316627562046051,
            -0.054952360689640045
        ],
        [
            -0.008447443135082722,
            -0.7111963629722595,
            -0.09399866312742233
        ],
        [
            -0.13476142287254333,
            -0.8782132863998413,
            -0.08777571469545364
        ],
        [
            0.01293613389134407,
            -0.24757690727710724,
            0.006594500504434109
        ],
        [
            -0.004466299898922443,
            -0.6554734706878662,
            -0.0845770537853241
        ],
        [
            0.03535253927111626,
            -0.4852179288864136,
            -0.06790531426668167
        ],
        [
            -0.10242293775081635,
            -0.7672788500785828,
            -0.07987530529499054
        ],
        [
            -0.13732926547527313,
            -0.8980058431625366,
            -0.08655591309070587
        ]
    ],
    "pred_vertices": [
        [
            -0.21163800358772278,
            -0.8354099988937378,
            -0.10265929251909256
        ],
        [
            -0.20746734738349915,
            -0.8203983306884766,
            -0.09496080130338669
        ],
        [
            -0.20124027132987976,
            -0.8202985525131226,
            -0.10818472504615784
        ],
        [
            -0.20139148831367493,
            -0.8330115675926208,
            -0.11645757406949997
        ],
        [
            -0.19999732077121735,
            -0.8098687529563904,
            -0.10262229293584824
        ],
        [
            -0.20330151915550232,
            -0.809389054775238,
            -0.0911918580532074
        ],
        [
            -0.19150757789611816,
            -0.8189734220504761,
            -0.11796559393405914
        ],
        [
            -0.18851083517074585,
            -0.8293069005012512,
            -0.12622760236263275
        ],
        [
            -0.16425573825836182,
            -0.7935629487037659,
            -0.1268213391304016
        ],
        [
            -0.15578752756118774,
            -0.793958842754364,
            -0.13365621864795685
        ],
        [
            -0.16361764073371887,
            -0.8037209510803223,
            -0.13279515504837036
        ],
        [
            -0.16974180936813354,
            -0.8010193109512329,
            -0.1252538114786148
        ],
        [
            -0.14717724919319153,
            -0.7738678455352783,
            -0.12674149870872498
        ],
        [
            -0.14717060327529907,
            -0.762903094291687,
            -0.11837977916002274
        ],
        [
            -0.13524913787841797,
            -0.75977623462677,
            -0.12371733784675598
        ],
        [
            -0.13379576802253723,
            -0.7709938287734985,
            -0.13145548105239868
        ],
        [
            -0.164516419172287,
            -0.7686487436294556,
            -0.08047238737344742
        ],
        [
            -0.16168129444122314,
            -0.7625945806503296,
            -0.08595219254493713
        ],
        [
            -0.16583773493766785,
            -0.767856240272522,
            -0.08985593914985657
        ],
        [
            -0.16775141656398773,
            -0.7735159397125244,
            -0.0838288813829422
        ],
        [
            -0.1722250133752823,
            -0.7754291296005249,
            -0.07006391882896423
        ],
        [
            -0.1728370189666748,
            -0.7815073132514954,
            -0.07210034877061844
        ],
        [
            -0.17783518135547638,
            -0.7829222679138184,
            -0.06602873653173447
        ],
        [
            -0.17795388400554657,
            -0.7756087183952332,
            -0.0645296722650528
        ],
        [
            -0.1600850522518158,
            -0.7652608156204224,
            -0.07537224143743515
        ],
        [
            -0.15691715478897095,
            -0.7592102289199829,
            -0.08127611130475998
        ],
        [
            -0.16738161444664001,
            -0.7735037207603455,
            -0.07565721869468689
        ],
        [
            -0.16635996103286743,
            -0.7691023945808411,
            -0.07321494072675705
        ],
        [
            -0.1709425151348114,
            -0.7592746615409851,
            -0.06729811429977417
        ],
        [
            -0.17276158928871155,
            -0.7636364698410034,
            -0.0692964494228363
        ],
        [
            -0.17802239954471588,
            -0.761631429195404,
            -0.06411340832710266
        ],
        [
            -0.1741398423910141,
            -0.7575584650039673,
            -0.06299333274364471
        ],
        [
            -0.163633793592453,
            -0.7628241777420044,
            -0.07295510917901993
        ],
        [
            -0.16769784688949585,
            -0.7638312578201294,
            -0.07263776659965515
        ],
        [
            -0.16694025695323944,
            -0.7599456906318665,
            -0.06956571340560913
        ],
        [
            -0.16269835829734802,
            -0.7600189447402954,
            -0.06908341497182846
        ],
        [
            -0.17209047079086304,
            -0.7705295085906982,
            -0.06883129477500916
        ],
        [
            -0.17816470563411713,
            -0.7690210938453674,
            -0.0639963299036026
        ],
        [
            -0.18366625905036926,
            -0.7672966122627258,
            -0.05814370885491371
        ],
        [
            -0.18212708830833435,
            -0.7585415840148926,
            -0.05775413662195206
        ],
        [
            -0.15199634432792664,
            -0.7525616884231567,
            -0.09821154922246933
        ],
        [
            -0.15783268213272095,
            -0.7570561170578003,
            -0.09238043427467346
        ],
        [
            -0.1538843810558319,
            -0.7539594173431396,
            -0.08732084184885025
        ],
        [
            -0.149865061044693,
            -0.7499158382415771,
            -0.09265269339084625
        ],
        [
            -0.15849289298057556,
            -0.758973240852356,
            -0.07111325860023499
        ],
        [
            -0.1509823203086853,
            -0.7451445460319519,
            -0.07435423135757446
        ],
        [
            -0.15328079462051392,
            -0.7481473088264465,
            -0.07463562488555908
        ],
        [
            -0.15542462468147278,
            -0.747825026512146,
            -0.06773889064788818
        ],
        [
            -0.15329916775226593,
            -0.7449843883514404,
            -0.06813932955265045
        ],
        [
            -0.13840878009796143,
            -0.7442731857299805,
            -0.10558280348777771
        ],
        [
            -0.13996592164039612,
            -0.7420297861099243,
            -0.09875012934207916
        ],
        [
            -0.1342097818851471,
            -0.7375804781913757,
            -0.09987513720989227
        ],
        [
            -0.13076519966125488,
            -0.7396073937416077,
            -0.10639244318008423
        ],
        [
            -0.12964661419391632,
            -0.7338581085205078,
            -0.09753300249576569
        ],
        [
            -0.12378194183111191,
            -0.7351951599121094,
            -0.10568054020404816
        ],
        [
            -0.11415835469961166,
            -0.7249332666397095,
            -0.09636345505714417
        ],
        [
            -0.11838105320930481,
            -0.7295414209365845,
            -0.10120917856693268
        ],
        [
            -0.1259613037109375,
            -0.7297443151473999,
            -0.09340212494134903
        ],
        [
            -0.1242920309305191,
            -0.7248603105545044,
            -0.08714523911476135
        ],
        [
            -0.13034428656101227,
            -0.726388692855835,
            -0.07369299978017807
        ],
        [
            -0.13024479150772095,
            -0.7250770330429077,
            -0.06735746562480927
        ],
        [
            -0.12318448722362518,
            -0.7153586149215698,
            -0.07202436029911041
        ],
        [
            -0.12375707924365997,
            -0.7190171480178833,
            -0.07909534126520157
        ],
        [
            -0.1440267562866211,
            -0.7425950765609741,
            -0.0750226303935051
        ],
        [
            -0.14285004138946533,
            -0.7434056997299194,
            -0.07962669432163239
        ],
        [
            -0.14556261897087097,
            -0.7433425188064575,
            -0.07930672913789749
        ],
        [
            -0.1477416604757309,
            -0.7432874441146851,
            -0.0744943842291832
        ],
        [
            -0.14217159152030945,
            -0.7434688806533813,
            -0.08363890647888184
        ],
        [
            -0.14184916019439697,
            -0.743388295173645,
            -0.08542002737522125
        ],
        [
            -0.14349457621574402,
            -0.7438178062438965,
            -0.084914430975914
        ],
        [
            -0.1429847776889801,
            -0.743780255317688,
            -0.08361973613500595
        ],
        [
            -0.1427994966506958,
            -0.7435215711593628,
            -0.08151953667402267
        ],
        [
            -0.1417701244354248,
            -0.7419310212135315,
            -0.08034799247980118
        ],
        [
            -0.14190787076950073,
            -0.7427091002464294,
            -0.08261273056268692
        ],
        [
            -0.14269280433654785,
            -0.7403724789619446,
            -0.07613303512334824
        ],
        [
            -0.14471435546875,
            -0.7366448640823364,
            -0.06195695698261261
        ],
        [
            -0.14473697543144226,
            -0.7370079755783081,
            -0.0658615380525589
        ],
        [
            -0.14596512913703918,
            -0.7414522171020508,
            -0.06483656913042068
        ],
        [
            -0.14613917469978333,
            -0.741358757019043,
            -0.06154678016901016
        ],
        [
            -0.14560887217521667,
            -0.7447339296340942,
            -0.08309245109558105
        ],
        [
            -0.1466686725616455,
            -0.7458279728889465,
            -0.08536455035209656
        ],
        [
            -0.1499442160129547,
            -0.7469308376312256,
            -0.08088825643062592
        ],
        [
            -0.1476694941520691,
            -0.7451767921447754,
            -0.07982522994279861
        ],
        [
            -0.148203045129776,
            -0.7469768524169922,
            -0.08824855089187622
        ],
        [
            -0.14423297345638275,
            -0.7447869181632996,
            -0.08728411793708801
        ],
        [
            -0.14500883221626282,
            -0.7451817393302917,
            -0.09045589715242386
        ],
        [
            -0.14070305228233337,
            -0.7420617341995239,
            -0.08483033627271652
        ],
        [
            -0.13925015926361084,
            -0.741065502166748,
            -0.08782141655683517
        ],
        [
            -0.14171813428401947,
            -0.7425549030303955,
            -0.0881604328751564
        ],
        [
            -0.13732746243476868,
            -0.7384283542633057,
            -0.08566461503505707
        ],
        [
            -0.13985535502433777,
            -0.7403779029846191,
            -0.08207720518112183
        ],
        [
            -0.14024853706359863,
            -0.7379405498504639,
            -0.07789618521928787
        ],
        [
            -0.1410190314054489,
            -0.7354943752288818,
            -0.07254056632518768
        ],
        [
            -0.1364959478378296,
            -0.7327455282211304,
            -0.0755743756890297
        ],
        [
            -0.13657954335212708,
            -0.7354090213775635,
            -0.08131388574838638
        ],
        [
            -0.15204676985740662,
            -0.750258207321167,
            -0.08320564031600952
        ],
        [
            -0.14092567563056946,
            -0.7422469854354858,
            -0.09274586290121078
        ],
        [
            -0.14534743130207062,
            -0.7467942237854004,
            -0.09611146152019501
        ],
        [
            -0.13729897141456604,
            -0.7389153242111206,
            -0.09285210072994232
        ],
        [
            -0.13399386405944824,
            -0.7358112335205078,
            -0.09081768989562988
        ],
        [
            -0.1318647563457489,
            -0.7325040102005005,
            -0.08606062084436417
        ],
        [
            -0.13097535073757172,
            -0.7291204333305359,
            -0.08016440272331238
        ],
        [
            -0.11014225333929062,
            -0.7135334014892578,
            -0.07726148515939713
        ],
        [
            -0.11244252324104309,
            -0.7181474566459656,
            -0.08607599884271622
        ],
        [
            -0.19592267274856567,
            -0.8049671649932861,
            -0.08982326090335846
        ],
        [
            -0.19546163082122803,
            -0.8041799068450928,
            -0.09896211326122284
        ],
        [
            -0.18710792064666748,
            -0.8003979325294495,
            -0.10055647790431976
        ],
        [
            -0.18873724341392517,
            -0.8018978834152222,
            -0.10224775224924088
        ],
        [
            -0.19105710089206696,
            -0.8022116422653198,
            -0.09639929234981537
        ],
        [
            -0.1885615438222885,
            -0.8003683686256409,
            -0.09606387466192245
        ],
        [
            -0.17384228110313416,
            -0.8005331158638,
            -0.11795639246702194
        ],
        [
            -0.17722684144973755,
            -0.8003523349761963,
            -0.11193985491991043
        ],
        [
            -0.17400281131267548,
            -0.7980464696884155,
            -0.11245320737361908
        ],
        [
            -0.17013534903526306,
            -0.7950617671012878,
            -0.1195652112364769
        ],
        [
            -0.1732994019985199,
            -0.7894142866134644,
            -0.10331689566373825
        ],
        [
            -0.17264841496944427,
            -0.7914373874664307,
            -0.10829706490039825
        ],
        [
            -0.17749232053756714,
            -0.7960310578346252,
            -0.1041143387556076
        ],
        [
            -0.1781097948551178,
            -0.7944929599761963,
            -0.10055392235517502
        ],
        [
            -0.17838230729103088,
            -0.7937092781066895,
            -0.09646788239479065
        ],
        [
            -0.1785157024860382,
            -0.7937377691268921,
            -0.09195532649755478
        ],
        [
            -0.17493471503257751,
            -0.789716899394989,
            -0.09259340912103653
        ],
        [
            -0.1741555780172348,
            -0.7890843152999878,
            -0.09787119179964066
        ],
        [
            -0.19103753566741943,
            -0.8035134077072144,
            -0.0900362879037857
        ],
        [
            -0.18865527212619781,
            -0.8043208122253418,
            -0.08300598710775375
        ],
        [
            -0.1864839792251587,
            -0.8020740747451782,
            -0.08468209207057953
        ],
        [
            -0.18875665962696075,
            -0.8011810779571533,
            -0.09036965668201447
        ],
        [
            -0.17621847987174988,
            -0.8014791011810303,
            -0.07636332511901855
        ],
        [
            -0.17886504530906677,
            -0.8025848269462585,
            -0.0771879106760025
        ],
        [
            -0.1796860545873642,
            -0.8038085699081421,
            -0.07350913435220718
        ],
        [
            -0.1761522889137268,
            -0.8008180856704712,
            -0.07292670011520386
        ],
        [
            -0.17494869232177734,
            -0.7979170083999634,
            -0.07516203820705414
        ],
        [
            -0.17581310868263245,
            -0.7996554970741272,
            -0.07752629369497299
        ],
        [
            -0.22070874273777008,
            -0.8549972176551819,
            -0.09464452415704727
        ],
        [
            -0.21736115217208862,
            -0.837884783744812,
            -0.08730743825435638
        ],
        [
            -0.21072988212108612,
            -0.8535324931144714,
            -0.11231330037117004
        ],
        [
            -0.1975364089012146,
            -0.8493863344192505,
            -0.124803826212883
        ],
        [
            -0.18474149703979492,
            -0.8413506150245667,
            -0.13490180671215057
        ],
        [
            -0.13683509826660156,
            -0.7505521774291992,
            -0.11448798328638077
        ],
        [
            -0.1272777020931244,
            -0.7464779615402222,
            -0.1173800379037857
        ],
        [
            -0.12338733673095703,
            -0.7575156688690186,
            -0.1281348168849945
        ],
        [
            -0.11358852684497833,
            -0.7519438862800598,
            -0.12767581641674042
        ],
        [
            -0.11819884926080704,
            -0.7405800819396973,
            -0.11623615026473999
        ],
        [
            -0.10395985096693039,
            -0.7278623580932617,
            -0.1038120687007904
        ],
        [
            -0.11039792746305466,
            -0.7338842153549194,
            -0.11189214885234833
        ],
        [
            -0.10355165600776672,
            -0.7464951276779175,
            -0.12512633204460144
        ],
        [
            -0.09955939650535583,
            -0.7629859447479248,
            -0.13790102303028107
        ],
        [
            -0.1103181540966034,
            -0.7651652693748474,
            -0.1374066025018692
        ],
        [
            -0.09845863282680511,
            -0.7822778224945068,
            -0.1457403600215912
        ],
        [
            -0.08640915155410767,
            -0.7616385221481323,
            -0.13716426491737366
        ],
        [
            -0.0901833176612854,
            -0.786278486251831,
            -0.14544905722141266
        ],
        [
            -0.07583007216453552,
            -0.7330237627029419,
            -0.11708773672580719
        ],
        [
            -0.07142512500286102,
            -0.7258113622665405,
            -0.11806301772594452
        ],
        [
            -0.06457063555717468,
            -0.7350598573684692,
            -0.13357794284820557
        ],
        [
            -0.06967060267925262,
            -0.7430242300033569,
            -0.13269086182117462
        ],
        [
            -0.12112605571746826,
            -0.7678675651550293,
            -0.1359952688217163
        ],
        [
            -0.16413405537605286,
            -0.8160715103149414,
            -0.13704252243041992
        ],
        [
            -0.17194095253944397,
            -0.8105407953262329,
            -0.12972210347652435
        ],
        [
            -0.15418648719787598,
            -0.8072168827056885,
            -0.13996171951293945
        ],
        [
            -0.18319737911224365,
            -0.8757686614990234,
            -0.14536359906196594
        ],
        [
            -0.19331204891204834,
            -0.8632819652557373,
            -0.13553431630134583
        ],
        [
            -0.1807246208190918,
            -0.8533207178115845,
            -0.14352215826511383
        ],
        [
            -0.17323967814445496,
            -0.8660836219787598,
            -0.15231293439865112
        ],
        [
            -0.204625204205513,
            -0.9037100672721863,
            -0.11633707582950592
        ],
        [
            -0.2168264538049698,
            -0.8797537088394165,
            -0.10703543573617935
        ],
        [
            -0.2068319022655487,
            -0.8732873201370239,
            -0.12118668854236603
        ],
        [
            -0.19675837457180023,
            -0.8912937641143799,
            -0.13026028871536255
        ],
        [
            -0.1637040376663208,
            -0.8741743564605713,
            -0.15840604901313782
        ],
        [
            -0.15034380555152893,
            -0.8853143453598022,
            -0.16422799229621887
        ],
        [
            -0.15312767028808594,
            -0.9026905298233032,
            -0.16238504648208618
        ],
        [
            -0.17098335921764374,
            -0.8911060094833374,
            -0.15447227656841278
        ],
        [
            -0.15682078897953033,
            -0.9252867698669434,
            -0.15299738943576813
        ],
        [
            -0.17831046879291534,
            -0.9113150835037231,
            -0.14279583096504211
        ],
        [
            -0.0745648741722107,
            -0.7794322967529297,
            -0.144615039229393
        ],
        [
            -0.08211572468280792,
            -0.7977621555328369,
            -0.14779019355773926
        ],
        [
            -0.07751473784446716,
            -0.7511003017425537,
            -0.1319071650505066
        ],
        [
            -0.06832174956798553,
            -0.7648069858551025,
            -0.14245937764644623
        ],
        [
            -0.1574074774980545,
            -0.9435783624649048,
            -0.13711801171302795
        ],
        [
            -0.18356697261333466,
            -0.9280949831008911,
            -0.12599623203277588
        ],
        [
            -0.09588176012039185,
            -0.8958133459091187,
            -0.16953277587890625
        ],
        [
            -0.11343829333782196,
            -0.9053177237510681,
            -0.16864001750946045
        ],
        [
            -0.11962525546550751,
            -0.8852676749229431,
            -0.17042553424835205
        ],
        [
