{
    "pred_cam": [
        1.154457449913025,
        -0.013839541003108025,
        0.1855785846710205
    ],
    "pred_smpl_params": {
        "global_orient": [
            [
                [
                    0.9774919748306274,
                    0.12612977623939514,
                    -0.16911737620830536
                ],
                [
                    0.12185043841600418,
                    -0.9919137358665466,
                    -0.03549039363861084
                ],
                [
                    -0.17222625017166138,
                    0.014084551483392715,
                    -0.984956681728363
                ]
            ]
        ],
        "body_pose": [
            [
                [
                    0.9971420168876648,
                    -0.07495540380477905,
                    0.00946035049855709
                ],
                [
                    0.07275206595659256,
                    0.9864176511764526,
                    0.14726616442203522
                ],
                [
                    -0.020370250567793846,
                    -0.14615701138973236,
                    0.9890516400337219
                ]
            ],
            [
                [
                    0.996749222278595,
                    -0.03855025768280029,
                    0.0707448273897171
                ],
                [
                    0.025375600904226303,
                    0.9836186170578003,
                    0.17846733331680298
                ],
                [
                    -0.07646588236093521,
                    -0.1760919988155365,
                    0.9813993573188782
                ]
            ],
            [
                [
                    0.9987604022026062,
                    0.02160615101456642,
                    -0.04484238848090172
                ],
                [
                    -0.027386050671339035,
                    0.9907950162887573,
                    -0.13257166743278503
                ],
                [
                    0.04156525060534477,
                    0.13363538682460785,
                    0.9901585578918457
                ]
            ],
            [
                [
                    0.9870336651802063,
                    0.0037667378783226013,
                    -0.1604689508676529
                ],
                [
                    -0.13038001954555511,
                    0.6019353270530701,
                    -0.7878291606903076
                ],
                [
                    0.09362438321113586,
                    0.798535943031311,
                    0.5946215391159058
                ]
            ],
            [
                [
                    0.9865763187408447,
                    -0.006323584355413914,
                    0.16317881643772125
                ],
                [
                    0.11776036769151688,
                    0.7198365926742554,
                    -0.6840817928314209
                ],
                [
                    -0.11313623189926147,
                    0.6941148042678833,
                    0.7109184265136719
                ]
            ],
            [
                [
                    0.998214602470398,
                    -0.051574621349573135,
                    -0.030126402154564857
                ],
                [
                    0.05251399427652359,
                    0.9981305003166199,
                    0.03126940876245499
                ],
                [
                    0.02845737338066101,
                    -0.03279564157128334,
                    0.9990568161010742
                ]
            ],
            [
                [
                    0.9793846011161804,
                    0.045903392136096954,
                    0.19671985507011414
                ],
                [
                    -0.06741102784872055,
                    0.992283046245575,
                    0.1040676161646843
                ],
                [
                    -0.19042472541332245,
                    -0.11518330872058868,
                    0.9749211072921753
                ]
            ],
            [
                [
                    0.9802348613739014,
                    -0.036945443600416183,
                    -0.19435735046863556
                ],
                [
                    0.04318176209926605,
                    0.9986762404441833,
                    0.027947258204221725
                ],
                [
                    0.1930675506591797,
                    -0.03578757122159004,
                    0.9805326461791992
                ]
            ],
            [
                [
                    0.9985061287879944,
                    -0.030048774555325508,
                    -0.045634299516677856
                ],
                [
                    0.025261756032705307,
                    0.9944558143615723,
                    -0.10207569599151611
                ],
                [
                    0.04844854399561882,
                    0.10077041387557983,
                    0.993729293346405
                ]
            ],
            [
                [
                    0.9888878464698792,
                    -0.1361134648323059,
                    -0.059782177209854126
                ],
                [
                    0.1456688493490219,
                    0.9674755930900574,
                    0.20681296288967133
                ],
                [
                    0.02968776971101761,
                    -0.21322324872016907,
                    0.9765523672103882
                ]
            ],
            [
                [
                    0.9872276186943054,
                    0.15820571780204773,
                    0.018779722973704338
                ],
                [
                    -0.158854141831398,
                    0.9685264229774475,
                    0.19162972271442413
                ],
                [
                    0.012128263711929321,
                    -0.19216537475585938,
                    0.9812876582145691
                ]
            ],
            [
                [
                    0.9714732766151428,
                    -0.05779102072119713,
                    -0.22999972105026245
                ],
                [
                    0.06961730122566223,
                    0.9966190457344055,
                    0.04363362118601799
                ],
                [
                    0.22670048475265503,
                    -0.05840085819363594,
                    0.972212016582489
                ]
            ],
            [
                [
                    0.9175556302070618,
                    0.39760589599609375,
                    0.0010424164356663823
                ],
                [
                    -0.39655429124832153,
                    0.9153132438659668,
                    -0.0703304186463356
                ],
                [
                    -0.028917929157614708,
                    0.06411870568990707,
                    0.9975231289863586
                ]
            ],
            [
                [
                    0.9229493141174316,
                    -0.3837224841117859,
                    -0.030354510992765427
                ],
                [
                    0.3829202651977539,
                    0.9233225584030151,
                    -0.029111824929714203
                ],
                [
                    0.03919787332415581,
                    0.015245387330651283,
                    0.9991150498390198
                ]
            ],
            [
                [
                    0.9763683080673218,
                    -0.10470426827669144,
                    -0.18905530869960785
                ],
                [
                    0.05025070160627365,
                    0.9608120918273926,
                    -0.2726077139377594
                ],
                [
                    0.2101898193359375,
                    0.2566653788089752,
                    0.9433679580688477
                ]
            ],
            [
                [
                    0.5262715816497803,
                    0.7975447773933411,
                    -0.2948909103870392
                ],
                [
                    -0.8463312983512878,
                    0.5248340964317322,
                    -0.090953528881073
                ],
                [
                    0.08222929388284683,
                    0.29744163155555725,
                    0.951192319393158
                ]
            ],
            [
                [
                    0.5821148157119751,
                    -0.7764866352081299,
                    0.2412692904472351
                ],
                [
                    0.8112871050834656,
                    0.5744934678077698,
                    -0.10849173367023468
                ],
                [
                    -0.05436526611447334,
                    0.25889331102371216,
                    0.9643747806549072
                ]
            ],
            [
                [
                    0.7543907761573792,
                    -0.14655974507331848,
                    -0.6398552060127258
                ],
                [
                    -0.025419970974326134,
                    0.9675030708312988,
                    -0.25157812237739563
                ],
                [
                    0.655933141708374,
                    0.20605333149433136,
                    0.72614985704422
                ]
            ],
            [
                [
                    0.7807233929634094,
                    0.17140334844589233,
                    0.6009092330932617
                ],
                [
                    -0.02535601705312729,
                    0.9695420861244202,
                    -0.24360871315002441
                ],
                [
                    -0.6243621110916138,
                    0.174954354763031,
                    0.7612903118133545
                ]
            ],
            [
                [
                    0.9999315142631531,
                    0.011459101922810078,
                    0.0023808262776583433
                ],
                [
                    -0.01139377523213625,
                    0.9996010065078735,
                    -0.025844881311058998
                ],
                [
                    -0.0026760355103760958,
                    0.02581598423421383,
                    0.9996631145477295
                ]
            ],
            [
                [
                    0.9998701214790344,
                    0.0033311299048364162,
                    -0.015770936384797096
                ],
                [
                    -0.004412313457578421,
                    0.9976053833961487,
                    -0.06902249157428741
                ],
                [
                    0.01550324447453022,
                    0.06908310204744339,
                    0.9974905252456665
                ]
            ],
            [
                [
                    0.970987856388092,
                    0.2195417732000351,
                    -0.09478365629911423
                ],
                [
                    -0.20384925603866577,
                    0.9671509265899658,
                    0.1518705189228058
                ],
                [
                    0.12501201033592224,
                    -0.12814286351203918,
                    0.9838452339172363
                ]
            ],
            [
                [
                    0.9746534824371338,
                    -0.21436640620231628,
                    0.06401323527097702
                ],
                [
                    0.20039349794387817,
                    0.9637401700019836,
                    0.17620247602462769
                ],
                [
                    -0.09946402162313461,
                    -0.15890851616859436,
                    0.982270359992981
                ]
            ]
        ],
        "betas": [
            0.011920318007469177,
            0.005333244800567627,
            0.29108861088752747,
            0.9411463737487793,
            0.026980161666870117,
            0.03612852469086647,
            -0.061429113149642944,
            0.009074181318283081,
            0.0774388462305069,
            -0.014233052730560303
        ]
    },
    "pred_cam_t": [
        -0.013839541003108025,
        0.1855785846710205,
        33.836238861083984
    ],
    "focal_length": [
        5000.0,
        5000.0
    ],
    "pred_keypoints_3d": [
        [
            -0.05394656956195831,
            -0.8409650921821594,
            -0.12740042805671692
        ],
        [
            0.051132068037986755,
            -0.7535250186920166,
            0.009301448240876198
        ],
        [
            -0.12214291840791702,
            -0.6651032567024231,
            0.08953917771577835
        ],
        [
            -0.1712034046649933,
            -0.42965877056121826,
            0.163151353597641
        ],
        [
            -0.24562647938728333,
            -0.21316105127334595,
            0.055611975491046906
        ],
        [
            0.22002938389778137,
            -0.638942301273346,
            -0.02382310852408409
        ],
        [
            0.2541103959083557,
            -0.3892086148262024,
            0.03296656161546707
        ],
        [
            0.18170565366744995,
            -0.17971070110797882,
            -0.07760894298553467
        ],
        [
            -0.00255564134567976,
            -0.23353880643844604,
            0.026905134320259094
        ],
        [
            -0.07720674574375153,
            -0.15154680609703064,
            0.041635144501924515
        ],
        [
            -0.1577775776386261,
            0.21380284428596497,
            -0.020641792565584183
        ],
        [
            -0.1526528298854828,
            0.5218897461891174,
            0.22546128928661346
        ],
        [
            0.0526961013674736,
            -0.13417625427246094,
            0.021006394177675247
        ],
        [
            0.059217311441898346,
            0.2304765284061432,
            -0.0448496975004673
        ],
        [
            0.08257415145635605,
            0.4876626431941986,
            0.2526673376560211
        ],
        [
            -0.06033080816268921,
            -0.8867075443267822,
            -0.08526655286550522
        ],
        [
            -0.013846725225448608,
            -0.8870725035667419,
            -0.13261862099170685
        ],
        [
            -0.0227784663438797,
            -0.8902426958084106,
            0.01141493022441864
        ],
        [
            0.08247843384742737,
            -0.8906868696212769,
            -0.0929034873843193
        ],
        [
            0.05110546946525574,
            0.6401563286781311,
            0.13025200366973877
        ],
        [
            0.126583993434906,
            0.6241754293441772,
            0.1645527184009552
        ],
        [
            0.10052348673343658,
            0.480607807636261,
            0.3210620880126953
        ],
        [
            -0.16948261857032776,
            0.6595478653907776,
            0.0821029543876648
        ],
        [
            -0.23708781599998474,
            0.6350154876708984,
            0.13294368982315063
        ],
        [
            -0.1515205204486847,
            0.5313372015953064,
            0.29830366373062134
        ],
        [
            -0.17197376489639282,
            0.4655436873435974,
            0.22322827577590942
        ],
        [
            -0.147894024848938,
            0.15347780287265778,
            -0.021781347692012787
        ],
        [
            -0.137271910905838,
            -0.2842712998390198,
            0.06299662590026855
        ],
        [
            0.14247478544712067,
            -0.23341552913188934,
            0.02564297243952751
        ],
        [
            0.07075788080692291,
            0.19322440028190613,
            -0.048381827771663666
        ],
        [
            0.09500250220298767,
            0.4467925727367401,
            0.24817389249801636
        ],
        [
            -0.232702374458313,
            -0.24117028713226318,
            0.034897442907094955
        ],
        [
            -0.2017413228750229,
            -0.45142608880996704,
            0.1457192450761795
        ],
        [
            -0.08750350773334503,
            -0.6970686316490173,
            0.07631892710924149
        ],
        [
            0.19295251369476318,
            -0.6760900616645813,
            -0.015056032687425613
        ],
        [
            0.2706577777862549,
            -0.4086969494819641,
            -0.011669032275676727
        ],
        [
            0.18387366831302643,
            -0.19947411119937897,
            -0.08644188195466995
        ],
        [
            0.05227525532245636,
            -0.74290931224823,
            0.008677961304783821
        ],
        [
            0.013213448226451874,
            -0.9401367902755737,
            -0.061861105263233185
        ],
        [
            0.0031333081424236298,
            -0.25858426094055176,
            0.043706271797418594
        ],
        [
            0.051062166690826416,
            -0.6849535703659058,
            0.027406103909015656
        ],
        [
            0.04276260733604431,
            -0.5078471899032593,
            0.04934847727417946
        ],
        [
            0.0060475836507976055,
            -0.82694411277771,
            -0.07571342587471008
        ],
        [
            0.012849451042711735,
            -0.9602519273757935,
            -0.05430340766906738
        ]
    ],
    "pred_vertices": [
        [
            -0.010981693863868713,
            -0.9321258664131165,
            -0.14760154485702515
        ],
        [
            -0.01776295155286789,
            -0.9170851111412048,
            -0.1462574601173401
        ],
        [
            -0.003443785011768341,
            -0.9152677059173584,
            -0.14743605256080627
        ],
        [
            0.00580558180809021,
            -0.9274086952209473,
            -0.1457180678844452
        ],
        [
            -0.00901845097541809,
            -0.9055207967758179,
            -0.1473071575164795
        ],
        [
            -0.02128612995147705,
            -0.9055490493774414,
            -0.14526794850826263
        ],
        [
            0.009462140500545502,
            -0.9111779928207397,
            -0.14372088015079498
        ],
        [
            0.019256189465522766,
            -0.9196478724479675,
            -0.14056740701198578
        ],
        [
            0.02532958984375,
            -0.8781119585037231,
            -0.1348949670791626
        ],
        [
            0.03511093556880951,
            -0.8751338720321655,
            -0.13022777438163757
        ],
        [
            0.03300200030207634,
            -0.886614203453064,
            -0.13324925303459167
        ],
        [
            0.02311604842543602,
            -0.8866364359855652,
            -0.13609915971755981
        ],
        [
            0.030661098659038544,
            -0.8528991341590881,
            -0.1283058375120163
        ],
        [
            0.021521013230085373,
            -0.842437744140625,
            -0.12878087162971497
        ],
        [
            0.0312424898147583,
            -0.8349686861038208,
            -0.12240798771381378
        ],
        [
            0.040006592869758606,
            -0.8450702428817749,
            -0.12057335674762726
        ],
        [
            -0.02021762728691101,
            -0.8527196049690247,
            -0.12485465407371521
        ],
        [
            -0.014560014009475708,
            -0.8462684154510498,
            -0.12724566459655762
        ],
        [
            -0.012127161026000977,
            -0.8530237674713135,
            -0.1300525963306427
        ],
        [
            -0.01798488199710846,
            -0.8586755990982056,
            -0.12686923146247864
        ],
        [
            -0.03225455433130264,
            -0.8613187074661255,
            -0.12415855377912521
        ],
        [
            -0.029901087284088135,
            -0.867272675037384,
            -0.12303987145423889
        ],
        [
            -0.03732980787754059,
            -0.870282769203186,
            -0.12395106256008148
        ],
        [
            -0.039682187139987946,
            -0.863426923751831,
            -0.12642252445220947
        ],
        [
            -0.023523613810539246,
            -0.8475379943847656,
            -0.12049854546785355
        ],
        [
            -0.017238028347492218,
            -0.8408541083335876,
            -0.12302073836326599
        ],
        [
            -0.025517985224723816,
            -0.858132004737854,
            -0.12328629940748215
        ],
        [
            -0.027676396071910858,
            -0.853278398513794,
            -0.12336499243974686
        ],
        [
            -0.03610122203826904,
            -0.8456552028656006,
            -0.12827716767787933
        ],
        [
            -0.03459946811199188,
            -0.850519061088562,
            -0.12877848744392395
        ],
        [
            -0.04194893687963486,
            -0.8504630327224731,
            -0.1315855085849762
        ],
        [
            -0.041730113327503204,
            -0.8451651334762573,
            -0.12959450483322144
        ],
        [
            -0.027745410799980164,
            -0.8464483022689819,
            -0.12317448854446411
        ],
        [
            -0.029643192887306213,
            -0.8488705158233643,
            -0.1260288953781128
        ],
        [
            -0.03250885009765625,
            -0.8448067903518677,
            -0.1256597936153412
        ],
        [
            -0.031022056937217712,
            -0.8432254791259766,
            -0.12202829867601395
        ],
        [
            -0.034172914922237396,
            -0.8566430807113647,
            -0.12549182772636414
        ],
        [
            -0.04126095771789551,
            -0.857394814491272,
            -0.12882168591022491
        ],
        [
            -0.049117036163806915,
            -0.8576979637145996,
            -0.1315988451242447
        ],
        [
            -0.04959035664796829,
            -0.8488221168518066,
            -0.13379383087158203
        ],
        [
            3.3527612686157227e-06,
            -0.8337158560752869,
            -0.1282917857170105
        ],
        [
            -0.007802531123161316,
            -0.8399335741996765,
            -0.12886425852775574
        ],
        [
            -0.01089421659708023,
            -0.834994375705719,
            -0.1250830739736557
        ],
        [
            -0.004578433930873871,
            -0.8299366235733032,
            -0.1255519539117813
        ],
        [
            -0.02728961408138275,
            -0.840552568435669,
            -0.11999232321977615
        ],
        [
            -0.022216223180294037,
            -0.8245391845703125,
            -0.12084140628576279
        ],
        [
            -0.022778399288654327,
            -0.8283178806304932,
            -0.12178178876638412
        ],
        [
            -0.0299900621175766,
            -0.8284792900085449,
            -0.12067090719938278
        ],
        [
            -0.02888641506433487,
            -0.8249797821044922,
            -0.12013234198093414
        ],
        [
            0.011831335723400116,
            -0.8207920789718628,
            -0.12331310659646988
        ],
        [
            0.004671908915042877,
            -0.818939208984375,
            -0.12294553220272064
        ],
        [
            0.007957156747579575,
            -0.8124396204948425,
            -0.1203264445066452
        ],
        [
            0.01587473601102829,
            -0.8132350444793701,
            -0.11914888024330139
        ],
        [
            0.008282564580440521,
            -0.8068517446517944,
            -0.11732547730207443
        ],
        [
            0.0187070295214653,
            -0.8059748411178589,
            -0.11496566981077194
        ],
        [
            0.013938408344984055,
            -0.7920704483985901,
            -0.10744370520114899
        ],
        [
            0.016859836876392365,
            -0.7982902526855469,
            -0.1109091266989708
        ],
        [
            0.005913145840167999,
            -0.8012136220932007,
            -0.11442195624113083
        ],
        [
            0.0005238056182861328,
            -0.7956597805023193,
            -0.11267687380313873
        ],
        [
            -0.01541927456855774,
            -0.7987814545631409,
            -0.11114710569381714
        ],
        [
            -0.021446503698825836,
            -0.7970839738845825,
            -0.10911030322313309
        ],
        [
            -0.014643475413322449,
            -0.7855790853500366,
            -0.1093483418226242
        ],
        [
            -0.0073256716132164,
            -0.7896691560745239,
            -0.11122432351112366
        ],
        [
            -0.018795683979988098,
            -0.8196436166763306,
            -0.1163346916437149
        ],
        [
            -0.014021672308444977,
            -0.8202282190322876,
            -0.11686579883098602
        ],
        [
            -0.015604473650455475,
            -0.8213077187538147,
            -0.11891955882310867
        ],
        [
            -0.021009020507335663,
            -0.8217547535896301,
            -0.11879221349954605
        ],
        [
            -0.01005883514881134,
            -0.8202728033065796,
            -0.117851123213768
        ],
        [
            -0.008317627012729645,
            -0.8201801776885986,
            -0.11836200207471848
        ],
        [
            -0.009532049298286438,
            -0.821271538734436,
            -0.11930535733699799
        ],
        [
            -0.01078486442565918,
            -0.8209640979766846,
            -0.11828549206256866
        ],
        [
            -0.012554183602333069,
            -0.8204796314239502,
            -0.11739993840456009
        ],
        [
            -0.013245999813079834,
            -0.8184353113174438,
            -0.1167997345328331
        ],
        [
            -0.010869085788726807,
            -0.8193627595901489,
            -0.1175447478890419
        ],
        [
            -0.017613239586353302,
            -0.8170720338821411,
            -0.11641335487365723
        ],
        [
            -0.03152070939540863,
            -0.8132994174957275,
            -0.11375708878040314
        ],
        [
            -0.027964532375335693,
            -0.8141219019889832,
            -0.11511196941137314
        ],
        [
            -0.029164060950279236,
            -0.8187227249145508,
            -0.11410365253686905
        ],
        [
            -0.03213530778884888,
            -0.8183004856109619,
            -0.11298761516809464
        ],
        [
            -0.012190714478492737,
            -0.8227188587188721,
            -0.11990707367658615
        ],
        [
            -0.010325275361537933,
            -0.8244056701660156,
            -0.12143678963184357
        ],
        [
            -0.015816643834114075,
            -0.8264418840408325,
            -0.12193655222654343
        ],
        [
            -0.01584915816783905,
            -0.8238454461097717,
            -0.12024573981761932
        ],
        [
            -0.008441545069217682,
            -0.8263270258903503,
            -0.12336453795433044
        ],
        [
            -0.00759250670671463,
            -0.8225427269935608,
            -0.12060074508190155
        ],
        [
            -0.004741735756397247,
            -0.8232851028442383,
            -0.12246248871088028
        ],
        [
            -0.008407019078731537,
            -0.8183413147926331,
            -0.11778128147125244
        ],
        [
            -0.005144968628883362,
            -0.8169132471084595,
            -0.11834388226270676
        ],
        [
            -0.005838058888912201,
            -0.8194366693496704,
            -0.11977053433656693
        ],
        [
            -0.006398625671863556,
            -0.8135404586791992,
            -0.11688227206468582
        ],
        [
            -0.010654382407665253,
            -0.8162164688110352,
            -0.11668457835912704
        ],
        [
            -0.014828436076641083,
            -0.8138594627380371,
            -0.11615515500307083
        ],
        [
            -0.020327627658843994,
            -0.811601996421814,
            -0.11544618010520935
        ],
        [
            -0.01574399322271347,
            -0.8073492050170898,
            -0.11419419944286346
        ],
        [
            -0.01025407761335373,
            -0.8102070093154907,
            -0.11560378223657608
        ],
        [
            -0.014157101511955261,
            -0.8303550481796265,
            -0.12338599562644958
        ],
        [
            -0.0013365671038627625,
            -0.8190819025039673,
            -0.12120380997657776
        ],
        [
            0.0003238283097743988,
            -0.8254395723342896,
            -0.12443744391202927
        ],
        [
            0.000128820538520813,
            -0.8144361972808838,
            -0.11966871470212936
        ],
        [
            -0.0003789253532886505,
            -0.8100148439407349,
            -0.11738400906324387
        ],
        [
            -0.0033875033259391785,
            -0.8058429956436157,
            -0.11522937566041946
        ],
        [
            -0.009321674704551697,
            -0.8019714951515198,
            -0.11317131668329239
        ],
        [
            -0.0037698261439800262,
            -0.7792965769767761,
            -0.10151778161525726
        ],
        [
            0.0046197399497032166,
            -0.7848032712936401,
            -0.10482040792703629
        ],
        [
            -0.020205408334732056,
            -0.8991230726242065,
            -0.14021682739257812
        ],
        [
            -0.011729277670383453,
            -0.8986417055130005,
            -0.14410316944122314
        ],
        [
            -0.007217735052108765,
            -0.8922138810157776,
            -0.139308899641037
        ],
        [
            -0.006337769329547882,
            -0.894599199295044,
            -0.14066915214061737
        ],
        [
            -0.012428410351276398,
            -0.895102858543396,
            -0.14003363251686096
        ],
        [
            -0.011995397508144379,
            -0.8925874829292297,
            -0.13860948383808136
        ],
        [
            0.014018356800079346,
            -0.8876922726631165,
            -0.13634353876113892
        ],
        [
            0.007089875638484955,
            -0.8886662125587463,
            -0.1365915983915329
        ],
        [
            0.008918911218643188,
            -0.8851830959320068,
            -0.13531306385993958
        ],
        [
            0.016620323061943054,
            -0.8813109397888184,
            -0.1360667645931244
        ],
        [
            -0.0003773048520088196,
            -0.8763065338134766,
            -0.13422933220863342
        ],
        [
            0.004857473075389862,
            -0.8781892657279968,
            -0.13500037789344788
        ],
        [
            -0.0007439702749252319,
            -0.8842258453369141,
            -0.13532331585884094
        ],
        [
            -0.004586733877658844,
            -0.8828588724136353,
            -0.13486872613430023
        ],
        [
            -0.008688487112522125,
            -0.8820343017578125,
            -0.1337919533252716
        ],
        [
            -0.012644805014133453,
            -0.8818592429161072,
            -0.13190829753875732
        ],
        [
            -0.011354118585586548,
            -0.8767091035842896,
            -0.13077229261398315
        ],
        [
            -0.006194271147251129,
            -0.8760558366775513,
            -0.1327233761548996
        ],
        [
            -0.018445372581481934,
            -0.8960157632827759,
            -0.13672330975532532
        ],
        [
            -0.023444995284080505,
            -0.8954591751098633,
            -0.13152243196964264
        ],
        [
            -0.021596409380435944,
            -0.8926109671592712,
            -0.13148784637451172
        ],
        [
            -0.01753620058298111,
            -0.8929685950279236,
            -0.13608328998088837
        ],
        [
            -0.024943292140960693,
            -0.8874568939208984,
            -0.11984997987747192
        ],
        [
            -0.025031916797161102,
            -0.8896955847740173,
            -0.12181273847818375
        ],
        [
            -0.02865985780954361,
            -0.890908420085907,
            -0.12044616043567657
        ],
        [
            -0.02818995714187622,
            -0.8865548968315125,
            -0.11857837438583374
        ],
        [
            -0.026101402938365936,
            -0.8834745287895203,
            -0.1197391003370285
        ],
        [
            -0.024049855768680573,
            -0.8856326341629028,
            -0.12080220133066177
        ],
        [
            -0.019347570836544037,
            -0.9534295201301575,
            -0.14397062361240387
        ],
        [
            -0.02651330828666687,
            -0.9353249073028564,
            -0.1444527506828308
        ],
        [
            0.0009746253490447998,
            -0.9488601684570312,
            -0.1441485583782196
        ],
        [
            0.016785427927970886,
            -0.9407029151916504,
            -0.140512153506279
        ],
        [
            0.030239202082157135,
            -0.9293321371078491,
            -0.1362876445055008
        ],
        [
            0.021238263696432114,
            -0.826446533203125,
            -0.12324026226997375
        ],
        [
            0.027825456112623215,
            -0.8186701536178589,
            -0.11815916001796722
        ],
        [
            0.04045731946825981,
            -0.828202486038208,
            -0.11556529998779297
        ],
        [
            0.044217560440301895,
            -0.818799614906311,
            -0.10861386358737946
        ],
        [
            0.03102884441614151,
            -0.8093060255050659,
            -0.11224891245365143
        ],
        [
            0.025944769382476807,
            -0.7919694781303406,
            -0.09878239035606384
        ],
        [
            0.03058958426117897,
            -0.7998332381248474,
            -0.10563907027244568
        ],
        [
            0.04611247032880783,
            -0.8100631237030029,
            -0.09911686182022095
        ],
        [
            0.059726934880018234,
            -0.8248277902603149,
            -0.09445308893918991
        ],
        [
            0.055293381214141846,
            -0.8306758403778076,
            -0.10502730309963226
        ],
        [
            0.0689316913485527,
            -0.8424310684204102,
            -0.08976663649082184
        ],
        [
            0.06582202017307281,
            -0.8192880153656006,
            -0.08057308197021484
        ],
        [
            0.07313619554042816,
            -0.8426909446716309,
            -0.08070968091487885
        ],
        [
            0.058939140290021896,
            -0.7817879319190979,
            -0.0682457759976387
        ],
        [
            0.06510825455188751,
            -0.7706863880157471,
            -0.06339819729328156
        ],
        [
            0.08030655235052109,
            -0.7794857025146484,
            -0.057391297072172165
        ],
        [
            0.07527428865432739,
            -0.790673017501831,
            -0.06390319019556046
        ],
        [
            0.04901259392499924,
            -0.837410569190979,
            -0.11310567706823349
        ],
        [
            0.038001131266355515,
            -0.8985561728477478,
            -0.12975642085075378
        ],
        [
            0.027445834130048752,
            -0.8961709141731262,
            -0.13567575812339783
        ],
        [
            0.043546926230192184,
            -0.886754035949707,
            -0.1270361989736557
        ],
        [
            0.04426924139261246,
            -0.9601165056228638,
            -0.12707147002220154
        ],
        [
            0.029600493609905243,
            -0.9524149894714355,
            -0.13598541915416718
        ],
        [
            0.04131367802619934,
            -0.9385069012641907,
            -0.13286340236663818
        ],
        [
            0.05409610643982887,
            -0.9479442834854126,
            -0.12535621225833893
        ],
        [
            0.013135507702827454,
            -0.9923144578933716,
            -0.12058146297931671
        ],
        [
            -0.003255784511566162,
            -0.975406289100647,
            -0.13515257835388184
        ],
        [
            0.012291379272937775,
            -0.9652485847473145,
            -0.13571502268314362
        ],
        [
            0.027067042887210846,
            -0.9785618185997009,
            -0.12531201541423798
        ],
        [
            0.063564732670784,
            -0.9519712924957275,
            -0.11715351045131683
        ],
        [
            0.07655759155750275,
            -0.9568626284599304,
            -0.10443086177110672
        ],
        [
            0.07566927373409271,
            -0.9744230508804321,
            -0.09984678030014038
        ],
        [
            0.059036627411842346,
            -0.9695518016815186,
            -0.1146608293056488
        ],
        [
            0.06843609362840652,
            -0.9956806898117065,
            -0.08992649614810944
        ],
        [
            0.0483841672539711,
            -0.9905494451522827,
            -0.10841123014688492
        ],
        [
            0.08075006306171417,
            -0.8305472135543823,
            -0.06771213561296463
        ],
        [
            0.08064315468072891,
            -0.8495151996612549,
            -0.07123272120952606
        ],
        [
            0.06844694912433624,
            -0.803716242313385,
            -0.0718255564570427
        ],
        [
            0.08243077248334885,
            -0.8139199018478394,
            -0.0627935379743576
        ],
        [
            0.056236445903778076,
            -1.0122720003128052,
            -0.07624215632677078
        ],
        [
            0.03304529935121536,
            -1.007126808166504,
            -0.09921250492334366
        ],
        [
            0.10462649911642075,
            -0.945229172706604,
            -0.057739078998565674
        ],
        [
            0.0986863523721695,
            -0.9610410928726196,
            -0.06894181668758392
        ],
        [
            0.09434596449136734,
