{
    "pred_cam": [
        1.1067966222763062,
        -0.02537725679576397,
        0.14228442311286926
    ],
    "pred_smpl_params": {
        "global_orient": [
            [
                [
                    0.9771169424057007,
                    0.11985262483358383,
                    -0.17572107911109924
                ],
                [
                    0.12114781886339188,
                    -0.9926287531852722,
                    -0.003377927001565695
                ],
                [
                    -0.17483064532279968,
                    -0.01798759587109089,
                    -0.9844342470169067
                ]
            ]
        ],
        "body_pose": [
            [
                [
                    0.9999949932098389,
                    -0.0003854402748402208,
                    -0.0031504924409091473
                ],
                [
                    0.0008838658104650676,
                    0.9871526956558228,
                    0.15977708995342255
                ],
                [
                    0.00304843345656991,
                    -0.15977907180786133,
                    0.987148106098175
                ]
            ],
            [
                [
                    0.9929232597351074,
                    -0.07816224545240402,
                    0.08940950036048889
                ],
                [
                    0.06453714519739151,
                    0.9871395230293274,
                    0.14625529944896698
                ],
                [
                    -0.09969128668308258,
                    -0.1394500434398651,
                    0.9851981401443481
                ]
            ],
            [
                [
                    0.998984694480896,
                    -0.0025079220067709684,
                    -0.04498209059238434
                ],
                [
                    -0.004933713003993034,
                    0.9863542318344116,
                    -0.1645631641149521
                ],
                [
                    0.04478098452091217,
                    0.16461798548698425,
                    0.985340416431427
                ]
            ],
            [
                [
                    0.9948105216026306,
                    0.002102242549881339,
                    -0.10172326117753983
                ],
                [
                    -0.05172386020421982,
                    0.8714056015014648,
                    -0.4878288507461548
                ],
                [
                    0.0876166820526123,
                    0.49055877327919006,
                    0.866992175579071
                ]
            ],
            [
                [
                    0.9892317652702332,
                    0.021443616598844528,
                    0.1447775661945343
                ],
                [
                    0.0750921443104744,
                    0.7747165560722351,
                    -0.6278337836265564
                ],
                [
                    -0.1256246119737625,
                    0.6319448947906494,
                    0.7647639513015747
                ]
            ],
            [
                [
                    0.9968221187591553,
                    -0.06718427687883377,
                    -0.04280111938714981
                ],
                [
                    0.06804366409778595,
                    0.9975024461746216,
                    0.018946988508105278
                ],
                [
                    0.041421279311180115,
                    -0.021799122914671898,
                    0.9989039897918701
                ]
            ],
            [
                [
                    0.9749990701675415,
                    0.11214303970336914,
                    0.19183553755283356
                ],
                [
                    -0.11669672280550003,
                    0.9930881261825562,
                    0.012569457292556763
                ],
                [
                    -0.1890999972820282,
                    -0.03464178368449211,
                    0.9813467264175415
                ]
            ],
            [
                [
                    0.9761876463890076,
                    -0.07656039297580719,
                    -0.2029685080051422
                ],
                [
                    0.07969247549772263,
                    0.9967928528785706,
                    0.0072915684431791306
                ],
                [
                    0.20175929367542267,
                    -0.02329299971461296,
                    0.9791581630706787
                ]
            ],
            [
                [
                    0.9986467957496643,
                    -0.031109940260648727,
                    -0.04167460277676582
                ],
                [
                    0.027918467298150063,
                    0.9967859983444214,
                    -0.0750880166888237
                ],
                [
                    0.04387664794921875,
                    0.07382291555404663,
                    0.9963057041168213
                ]
            ],
            [
                [
                    0.9761499762535095,
                    -0.20962035655975342,
                    -0.05648382008075714
                ],
                [
                    0.21664990484714508,
                    0.9572804570198059,
                    0.1915120780467987
                ],
                [
                    0.013926028273999691,
                    -0.19918175041675568,
                    0.9798635244369507
                ]
            ],
            [
                [
                    0.9831547737121582,
                    0.17588281631469727,
                    0.04971778765320778
                ],
                [
                    -0.18203870952129364,
                    0.9666602611541748,
                    0.18008287250995636
                ],
                [
                    -0.01638673059642315,
                    -0.18609990179538727,
                    0.9823941588401794
                ]
            ],
            [
                [
                    0.9819461107254028,
                    -0.06744885444641113,
                    -0.17672720551490784
                ],
                [
                    0.07708870619535446,
                    0.9958559274673462,
                    0.04825296998023987
                ],
                [
                    0.17274022102355957,
                    -0.06100548431277275,
                    0.9830763936042786
                ]
            ],
            [
                [
                    0.9588781595230103,
                    0.283812552690506,
                    -0.0017686872743070126
                ],
                [
                    -0.2835862338542938,
                    0.9578245282173157,
                    -0.04637893661856651
                ],
                [
                    -0.01146883238106966,
                    0.04497332498431206,
                    0.9989223480224609
                ]
            ],
            [
                [
                    0.9592082500457764,
                    -0.28095129132270813,
                    -0.03139872848987579
                ],
                [
                    0.27985644340515137,
                    0.9593982696533203,
                    -0.03514741733670235
                ],
                [
                    0.03999859839677811,
                    0.024926558136940002,
                    0.9988887906074524
                ]
            ],
            [
                [
                    0.9855334758758545,
                    -0.07294520735740662,
                    -0.15297941863536835
                ],
                [
                    0.04625949263572693,
                    0.9841406345367432,
                    -0.1712520718574524
                ],
                [
                    0.16304528713226318,
                    0.1616978943347931,
                    0.9732779264450073
                ]
            ],
            [
                [
                    0.5643840432167053,
                    0.77311772108078,
                    -0.28941279649734497
                ],
                [
                    -0.8222399950027466,
                    0.55765300989151,
                    -0.11377420276403427
                ],
                [
                    0.07343105971813202,
                    0.30217909812927246,
                    0.9504187703132629
                ]
            ],
            [
                [
                    0.6083878874778748,
                    -0.7601960897445679,
                    0.2279609739780426
                ],
                [
                    0.7936388254165649,
                    0.5822749733924866,
                    -0.17633306980133057
                ],
                [
                    0.001311725121922791,
                    0.2881975471973419,
                    0.9575701951980591
                ]
            ],
            [
                [
                    0.17892402410507202,
                    -0.3562007546424866,
                    -0.9171189665794373
                ],
                [
                    -0.061155859380960464,
                    0.9263322353363037,
                    -0.37171024084091187
                ],
                [
                    0.9819603562355042,
                    0.12259509414434433,
                    0.14395932853221893
                ]
            ],
            [
                [
                    0.22490333020687103,
                    0.38362884521484375,
                    0.8956826329231262
                ],
                [
                    -0.0017079131212085485,
                    0.9193861484527588,
                    -0.3933524489402771
                ],
                [
                    -0.9743795990943909,
                    0.08693652600049973,
                    0.2074282169342041
                ]
            ],
            [
                [
                    0.984576404094696,
                    -0.15336523950099945,
                    -0.08419295400381088
                ],
                [
                    0.15251871943473816,
                    0.988163948059082,
                    -0.016434356570243835
                ],
                [
                    0.08571690320968628,
                    0.00333987595513463,
                    0.9963139891624451
                ]
            ],
            [
                [
                    0.9848119020462036,
                    0.1564154177904129,
                    0.07536354660987854
                ],
                [
                    -0.1532098948955536,
                    0.9870932698249817,
                    -0.046622686088085175
                ],
                [
                    -0.08168335258960724,
                    0.03436813876032829,
                    0.996065616607666
                ]
            ],
            [
                [
                    0.9678032994270325,
                    0.23358865082263947,
                    -0.0937718003988266
                ],
                [
                    -0.2183515876531601,
                    0.9644447565078735,
                    0.14889270067214966
                ],
                [
                    0.12521734833717346,
                    -0.12362361699342728,
                    0.984397292137146
                ]
            ],
            [
                [
                    0.9735895991325378,
                    -0.21849443018436432,
                    0.06620749086141586
                ],
                [
                    0.2050434648990631,
                    0.9643482565879822,
                    0.16730079054832458
                ],
                [
                    -0.1004013791680336,
                    -0.14930689334869385,
                    0.9836803078651428
                ]
            ]
        ],
        "betas": [
            -0.02178548276424408,
            -0.05208224058151245,
            0.24537840485572815,
            0.3434273898601532,
            0.02702653408050537,
            0.025222215801477432,
            -0.004681944847106934,
            -0.049584150314331055,
            0.04360528290271759,
            -0.03626757860183716
        ]
    },
    "pred_cam_t": [
        -0.02537725679576397,
        0.14228442311286926,
        35.293296813964844
    ],
    "focal_length": [
        5000.0,
        5000.0
    ],
    "pred_keypoints_3d": [
        [
            -0.06808754801750183,
            -0.8263092637062073,
            -0.15191805362701416
        ],
        [
            0.03230489045381546,
            -0.7400316596031189,
            -0.009529061615467072
        ],
        [
            -0.13425342738628387,
            -0.6596197485923767,
            0.07364620268344879
        ],
        [
            -0.19755080342292786,
            -0.4397706985473633,
            0.18138179183006287
        ],
        [
            -0.24330082535743713,
            -0.3063132166862488,
            -0.02929900586605072
        ],
        [
            0.20325712859630585,
            -0.644646406173706,
            -0.047412313520908356
        ],
        [
            0.28884321451187134,
            -0.4044036865234375,
            -0.0006966069340705872
        ],
        [
            0.15172715485095978,
            -0.30262500047683716,
            -0.18023493885993958
        ],
        [
            -0.0020032261963933706,
            -0.2278355062007904,
            0.0282474122941494
        ],
        [
            -0.07801567018032074,
            -0.14580589532852173,
            0.04590938985347748
        ],
        [
            -0.14013822376728058,
            0.22853106260299683,
            0.006772294640541077
        ],
        [
            -0.13809245824813843,
            0.5426267385482788,
            0.25006362795829773
        ],
        [
            0.05581527575850487,
            -0.12828516960144043,
            0.024482985958456993
        ],
        [
            0.03531166911125183,
            0.2404855191707611,
            -0.029401158913969994
        ],
        [
            0.01503845676779747,
            0.5919005870819092,
            0.15389691293239594
        ],
        [
            -0.07793247699737549,
            -0.8700796365737915,
            -0.1091386079788208
        ],
        [
            -0.027522645890712738,
            -0.8725380897521973,
            -0.15242163836956024
        ],
        [
            -0.04770155996084213,
            -0.8697181940078735,
            -0.010016314685344696
        ],
        [
            0.06505052745342255,
            -0.8742449283599854,
            -0.10548394173383713
        ],
        [
            -0.024280190467834473,
            0.7031951546669006,
            -0.006245851516723633
        ],
        [
            0.05050966888666153,
            0.7032601833343506,
            0.032478779554367065
        ],
        [
            0.026569053530693054,
            0.6075794696807861,
            0.22203755378723145
        ],
        [
            -0.1488141417503357,
            0.6800097823143005,
            0.10845249891281128
        ],
        [
            -0.2191219925880432,
            0.6598750352859497,
            0.15745863318443298
        ],
        [
            -0.13618534803390503,
            0.5529074668884277,
            0.3232114911079407
        ],
        [
            -0.15756189823150635,
            0.4868689179420471,
            0.24849489331245422
        ],
        [
            -0.1326909065246582,
            0.16762487590312958,
            0.0032112104818224907
        ],
        [
            -0.14058920741081238,
            -0.27781447768211365,
            0.06365710496902466
        ],
        [
            0.14665797352790833,
            -0.22613728046417236,
            0.025777705013751984
        ],
        [
            0.050403572618961334,
            0.2009437531232834,
            -0.03106352686882019
        ],
        [
            0.030713114887475967,
            0.5531218647956848,
            0.16442564129829407
        ],
        [
            -0.22252793610095978,
            -0.3397074341773987,
            -0.029058830812573433
        ],
        [
            -0.22707882523536682,
            -0.4651047885417938,
            0.15752190351486206
        ],
        [
            -0.1023796945810318,
            -0.6882712244987488,
            0.06028829887509346
        ],
        [
            0.17681854963302612,
            -0.6772350072860718,
            -0.03835230693221092
        ],
        [
            0.29943394660949707,
            -0.43437835574150085,
            -0.043850503861904144
        ],
        [
            0.1577727198600769,
            -0.32640188932418823,
            -0.17713743448257446
        ],
        [
            0.0331701934337616,
            -0.7352439761161804,
            -0.012205064296722412
        ],
        [
            -0.005729823373258114,
            -0.9222527146339417,
            -0.07654502242803574
        ],
        [
            0.0037838101852685213,
            -0.2519352436065674,
            0.04437987878918648
        ],
        [
            0.035334862768650055,
            -0.6800388693809509,
            0.007058825343847275
        ],
        [
            0.035570722073316574,
            -0.4990771412849426,
            0.040970709174871445
        ],
        [
            -0.012086345814168453,
            -0.8100925087928772,
            -0.09623058885335922
        ],
        [
            -0.006338878534734249,
            -0.942313551902771,
            -0.06821447610855103
        ]
    ],
    "pred_vertices": [
        [
            -0.0237521193921566,
            -0.9185115098953247,
            -0.16541697084903717
        ],
        [
            -0.030631940811872482,
            -0.9035278558731079,
            -0.16513755917549133
        ],
        [
            -0.01621253788471222,
            -0.9016316533088684,
            -0.1652631163597107
        ],
        [
            -0.007154408842325211,
            -0.9134459495544434,
            -0.16228345036506653
        ],
        [
            -0.02178848534822464,
            -0.891766369342804,
            -0.1657659262418747
        ],
        [
            -0.034186385571956635,
            -0.8920300602912903,
            -0.16455137729644775
        ],
        [
            -0.0036517828702926636,
            -0.8970546722412109,
            -0.1608552485704422
        ],
        [
            0.005941268056631088,
            -0.9054279327392578,
            -0.15654775500297546
        ],
        [
            0.011698141694068909,
            -0.8635053634643555,
            -0.15192686021327972
        ],
        [
            0.02112673968076706,
            -0.8602466583251953,
            -0.14646732807159424
        ],
        [
            0.01907910406589508,
            -0.8719369173049927,
            -0.14915677905082703
        ],
        [
            0.009422212839126587,
            -0.8721332550048828,
            -0.15289339423179626
        ],
        [
            0.01639455184340477,
            -0.8381178379058838,
            -0.14612650871276855
        ],
        [
            0.007285986095666885,
            -0.8277173638343811,
            -0.14783750474452972
        ],
        [
            0.01637227088212967,
            -0.8200511336326599,
            -0.1408609002828598
        ],
        [
            0.024951953440904617,
            -0.8299826383590698,
            -0.1378471553325653
        ],
        [
            -0.03468798100948334,
            -0.83768630027771,
            -0.14689886569976807
        ],
        [
            -0.028899334371089935,
            -0.8313407301902771,
            -0.14909952878952026
        ],
        [
            -0.026188168674707413,
            -0.8382529020309448,
            -0.15148651599884033
        ],
        [
            -0.03224332630634308,
            -0.843742847442627,
            -0.14849978685379028
        ],
        [
            -0.04671192169189453,
            -0.8463072776794434,
            -0.1464610993862152
        ],
        [
            -0.04444298893213272,
            -0.8522218465805054,
            -0.14500856399536133
        ],
        [
            -0.05173578858375549,
            -0.8552274703979492,
            -0.1461607813835144
        ],
        [
            -0.05390021950006485,
            -0.8485311269760132,
            -0.14899364113807678
        ],
        [
            -0.038273029029369354,
            -0.8323282599449158,
            -0.1428471952676773
        ],
        [
            -0.0318291038274765,
            -0.8258399367332458,
            -0.1450859159231186
        ],
        [
            -0.04000840336084366,
            -0.8429900407791138,
            -0.1454581767320633
        ],
        [
            -0.042239174246788025,
            -0.8382457494735718,
            -0.14563529193401337
        ],
        [
            -0.050230011343955994,
            -0.8308486938476562,
            -0.1512892246246338
        ],
        [
            -0.04864063858985901,
            -0.8357282280921936,
            -0.15146909654140472
        ],
        [
            -0.055754877626895905,
            -0.835860013961792,
            -0.15465660393238068
        ],
        [
            -0.05571956932544708,
            -0.830470860004425,
            -0.15298211574554443
        ],
        [
            -0.04227817803621292,
            -0.8314274549484253,
            -0.14569705724716187
        ],
        [
            -0.04391951113939285,
            -0.8339803218841553,
            -0.1484696865081787
        ],
        [
            -0.04686439782381058,
            -0.8299559354782104,
            -0.14845818281173706
        ],
        [
            -0.04569416493177414,
            -0.828194260597229,
            -0.14483682811260223
        ],
        [
            -0.0485016405582428,
            -0.8417007327079773,
            -0.14788267016410828
        ],
        [
            -0.055266112089157104,
            -0.8426324129104614,
            -0.15162643790245056
        ],
        [
            -0.06289064139127731,
            -0.8430801630020142,
            -0.15481385588645935
        ],
        [
            -0.06326030194759369,
            -0.8343932628631592,
            -0.15745514631271362
        ],
        [
            -0.014282125979661942,
            -0.8190333843231201,
            -0.14930926263332367
        ],
        [
            -0.021941136568784714,
            -0.8251726627349854,
            -0.15031267702579498
        ],
        [
            -0.02535463497042656,
            -0.820198118686676,
            -0.14676226675510406
        ],
        [
            -0.019058868288993835,
            -0.8152494430541992,
            -0.14684255421161652
        ],
        [
            -0.04217558354139328,
            -0.8255008459091187,
            -0.14271436631679535
        ],
        [
            -0.03709997981786728,
            -0.8098167181015015,
            -0.1436654031276703
        ],
        [
            -0.037567198276519775,
            -0.8135565519332886,
            -0.14446036517620087
        ],
        [
            -0.04487553983926773,
            -0.8136863708496094,
            -0.14389517903327942
        ],
        [
            -0.04383772611618042,
            -0.8102203607559204,
            -0.1434607356786728
        ],
        [
            -0.0029581934213638306,
            -0.8061093091964722,
            -0.14373792707920074
        ],
        [
            -0.01012151688337326,
            -0.8043099045753479,
            -0.14377491176128387
        ],
        [
            -0.007165312767028809,
            -0.7977519035339355,
            -0.14123143255710602
        ],
        [
            0.0005734376609325409,
            -0.7984275221824646,
            -0.1396012306213379
        ],
        [
            -0.00725516676902771,
            -0.7920512557029724,
            -0.13843387365341187
        ],
        [
            0.002887129783630371,
            -0.7909879088401794,
            -0.1354476362466812
        ],
        [
            -0.0024569742381572723,
            -0.7769029140472412,
            -0.12869498133659363
        ],
        [
            0.0006831549108028412,
            -0.7831159234046936,
            -0.13183774054050446
        ],
        [
            -0.009801104664802551,
            -0.7863516807556152,
            -0.1359347105026245
        ],
        [
            -0.01530454307794571,
            -0.7807693481445312,
            -0.13477833569049835
        ],
        [
            -0.0311228446662426,
            -0.7838107943534851,
            -0.13466468453407288
        ],
        [
            -0.037252724170684814,
            -0.78197181224823,
            -0.1331658959388733
        ],
        [
            -0.030520521104335785,
            -0.7704311013221741,
            -0.13313236832618713
        ],
        [
            -0.023220837116241455,
            -0.7747016549110413,
            -0.13417185842990875
        ],
        [
            -0.03397638350725174,
            -0.8046579360961914,
            -0.13926251232624054
        ],
        [
            -0.02917109802365303,
            -0.8052759170532227,
            -0.1393788605928421
        ],
        [
            -0.030569572001695633,
            -0.8063990473747253,
            -0.14151841402053833
        ],
        [
            -0.03597231209278107,
            -0.8068579435348511,
            -0.14181295037269592
        ],
        [
            -0.025170519948005676,
            -0.8053865432739258,
            -0.1400056779384613
        ],
        [
            -0.023397698998451233,
            -0.805310845375061,
            -0.14036265015602112
        ],
        [
            -0.024500418454408646,
            -0.8064075708389282,
            -0.1413448452949524
        ],
        [
            -0.025790244340896606,
            -0.8060835599899292,
            -0.14043214917182922
        ],
        [
            -0.027643173933029175,
            -0.8055833578109741,
            -0.13972929120063782
        ],
        [
            -0.028383687138557434,
            -0.8035728931427002,
            -0.13928622007369995
        ],
        [
            -0.026010815054178238,
            -0.8044958114624023,
            -0.13980744779109955
        ],
        [
            -0.03277897834777832,
            -0.8022317886352539,
            -0.13931351900100708
        ],
        [
            -0.04700922966003418,
            -0.7983551025390625,
            -0.13793589174747467
        ],
        [
            -0.043278589844703674,
            -0.7992027997970581,
            -0.1390550434589386
        ],
        [
            -0.04451154172420502,
            -0.8036600351333618,
            -0.1379004418849945
        ],
        [
            -0.047714412212371826,
            -0.8032305240631104,
            -0.13701222836971283
        ],
        [
            -0.027126289904117584,
            -0.807959794998169,
            -0.14201021194458008
        ],
        [
            -0.02508673071861267,
            -0.8095942735671997,
            -0.14332005381584167
        ],
        [
            -0.030510127544403076,
            -0.8116416335105896,
            -0.14415889978408813
        ],
        [
            -0.030696626752614975,
            -0.8089869022369385,
            -0.1426469087600708
        ],
        [
            -0.023049674928188324,
            -0.8115779161453247,
            -0.145016148686409
        ],
        [
            -0.022476263344287872,
            -0.8077458739280701,
            -0.14235547184944153
        ],
        [
            -0.019578713923692703,
            -0.8086185455322266,
            -0.1439063400030136
        ],
        [
            -0.0235484279692173,
            -0.8035030364990234,
            -0.13987591862678528
        ],
        [
            -0.020285077393054962,
            -0.802101194858551,
            -0.14018863439559937
        ],
        [
            -0.02083311602473259,
            -0.8046306371688843,
            -0.14156576991081238
        ],
        [
            -0.02164454013109207,
            -0.7987569570541382,
            -0.13901157677173615
        ],
        [
            -0.0258655808866024,
            -0.8013957738876343,
            -0.13908086717128754
        ],
        [
            -0.030066169798374176,
            -0.7990701794624329,
            -0.13898158073425293
        ],
        [
            -0.0356314554810524,
            -0.7967789769172668,
            -0.13885825872421265
        ],
        [
            -0.031180936843156815,
            -0.7924976348876953,
            -0.1374555379152298
        ],
        [
            -0.0255826935172081,
            -0.7954135537147522,
            -0.13822531700134277
        ],
        [
            -0.028808601200580597,
            -0.8156369924545288,
            -0.14531908929347992
        ],
        [
            -0.016218174248933792,
            -0.8043861389160156,
            -0.14252929389476776
        ],
        [
            -0.014266185462474823,
            -0.8108503818511963,
            -0.14534111320972443
        ],
        [
            -0.014934845268726349,
            -0.7997385859489441,
            -0.14105799794197083
        ],
        [
            -0.015684086829423904,
            -0.7952791452407837,
            -0.13907448947429657
        ],
        [
            -0.018893681466579437,
            -0.7909719347953796,
            -0.1373732089996338
        ],
        [
            -0.02492428943514824,
            -0.7871095538139343,
            -0.13607729971408844
        ],
        [
            -0.020391207188367844,
            -0.7636934518814087,
            -0.12455085664987564
        ],
        [
            -0.011908650398254395,
            -0.7694354057312012,
            -0.12700983881950378
        ],
        [
            -0.03339942917227745,
            -0.8849915266036987,
            -0.16001203656196594
        ],
        [
            -0.024757828563451767,
            -0.884733259677887,
            -0.16315466165542603
        ],
        [
            -0.020527243614196777,
            -0.8779048919677734,
            -0.1585424393415451
        ],
        [
            -0.01945493370294571,
            -0.8802613615989685,
            -0.1597459316253662
        ],
        [
            -0.02565152943134308,
            -0.8809537887573242,
            -0.15949933230876923
        ],
        [
            -0.025313809514045715,
            -0.8783266544342041,
            -0.1581142544746399
        ],
        [
            0.0004533529281616211,
            -0.8731998205184937,
            -0.15390166640281677
        ],
        [
            -0.006486475467681885,
            -0.8742378950119019,
            -0.15479502081871033
        ],
        [
            -0.004794124513864517,
            -0.8707284927368164,
            -0.1534830778837204
        ],
        [
            0.0029730796813964844,
            -0.8668689727783203,
            -0.15374107658863068
        ],
        [
            -0.014169588685035706,
            -0.8619558215141296,
            -0.15350081026554108
        ],
        [
            -0.008874058723449707,
            -0.8638362884521484,
            -0.1537301242351532
        ],
        [
            -0.014399103820323944,
            -0.8698958158493042,
            -0.15429571270942688
        ],
        [
            -0.018283888697624207,
            -0.8685210943222046,
            -0.15419231355190277
        ],
        [
            -0.022441275417804718,
            -0.8676506280899048,
            -0.15348520874977112
        ],
        [
            -0.02659425511956215,
            -0.8673464059829712,
            -0.15198759734630585
        ],
        [
            -0.025374554097652435,
            -0.8621665835380554,
            -0.15093740820884705
        ],
        [
            -0.020080741494894028,
            -0.8616319894790649,
            -0.15251314640045166
        ],
        [
            -0.031804174184799194,
            -0.8817116022109985,
            -0.15646760165691376
        ],
        [
            -0.03736872225999832,
            -0.8808100819587708,
            -0.1518557071685791
        ],
        [
            -0.035428207367658615,
            -0.8780345320701599,
            -0.1516445428133011
        ],
        [
            -0.031021568924188614,
            -0.878649115562439,
            -0.155928835272789
        ],
        [
            -0.039756931364536285,
            -0.8722095489501953,
            -0.14065350592136383
        ],
        [
            -0.039682939648628235,
            -0.8745365142822266,
            -0.14253652095794678
        ],
        [
            -0.04338257759809494,
            -0.8756498098373413,
            -0.14143525063991547
        ],
        [
            -0.043071646243333817,
            -0.8712613582611084,
            -0.13970524072647095
        ],
        [
            -0.0409877672791481,
            -0.8682835698127747,
            -0.14087527990341187
        ],
        [
            -0.03883819654583931,
            -0.8704749345779419,
            -0.14165547490119934
        ],
        [
            -0.0324779748916626,
            -0.9401090145111084,
            -0.1608186811208725
        ],
        [
            -0.03937235102057457,
            -0.9217593669891357,
            -0.16311803460121155
        ],
        [
            -0.012015864253044128,
            -0.9354456663131714,
            -0.15981483459472656
        ],
        [
            0.003699779510498047,
            -0.9267963171005249,
            -0.15529334545135498
        ],
        [
            0.016619574278593063,
            -0.9147875905036926,
            -0.15062013268470764
        ],
        [
            0.006425552070140839,
            -0.8116682767868042,
            -0.14280104637145996
        ],
        [
            0.012492187321186066,
            -0.803712010383606,
            -0.13754956424236298
        ],
        [
            0.02495700679719448,
            -0.8129743337631226,
            -0.13355107605457306
        ],
        [
            0.027905724942684174,
            -0.8033887147903442,
            -0.12676869332790375
        ],
        [
            0.015074396505951881,
            -0.7940880656242371,
            -0.13182750344276428
        ],
        [
            0.008771449327468872,
            -0.7762196063995361,
            -0.11924228072166443
        ],
        [
            0.01389027014374733,
            -0.7843383550643921,
            -0.12560977041721344
        ],
        [
            0.028788868337869644,
            -0.7944133281707764,
            -0.11755619943141937
        ],
        [
            0.0418899729847908,
            -0.8090800046920776,
            -0.11131253838539124
        ],
        [
            0.03848075121641159,
            -0.8150869607925415,
            -0.121711865067482
        ],
        [
            0.05055820196866989,
            -0.8263664245605469,
            -0.10556983202695847
        ],
        [
            0.04651286080479622,
            -0.8031702041625977,
            -0.09741806983947754
        ],
        [
            0.053937748074531555,
            -0.826409101486206,
            -0.09639479964971542
        ],
        [
            0.03913296386599541,
            -0.7661972045898438,
            -0.08684777468442917
        ],
        [
            0.045086927711963654,
            -0.7555730938911438,
            -0.08228719234466553
        ],
        [
            0.05967014282941818,
            -0.7648440003395081,
            -0.07599783688783646
        ],
        [
            0.05495455861091614,
            -0.7753877639770508,
            -0.08198144286870956
        ],
        [
            0.03316576033830643,
            -0.8220451474189758,
            -0.1298789083957672
        ],
        [
            0.02398822456598282,
            -0.8835468888282776,
            -0.1452282965183258
        ],
        [
            0.013775892555713654,
            -0.881447434425354,
            -0.15191185474395752
        ],
        [
            0.029150083661079407,
            -0.8716492652893066,
            -0.14224982261657715
        ],
        [
            0.03014858067035675,
            -0.9457288980484009,
            -0.1381976455450058
        ],
        [
            0.01577085629105568,
            -0.9381387233734131,
            -0.1483071744441986
        ],
        [
            0.027451705187559128,
            -0.9241153001785278,
            -0.14544838666915894
        ],
        [
            0.039340876042842865,
            -0.9331611394882202,
            -0.13642112910747528
        ],
        [
            -0.001113608479499817,
            -0.9779271483421326,
            -0.13257065415382385
        ],
        [
            -0.016692519187927246,
            -0.9615495204925537,
            -0.1493380069732666
        ],
        [
            -0.0012601837515830994,
            -0.9515223503112793,
            -0.1492769718170166
        ],
        [
            0.013131216168403625,
            -0.9642881751060486,
            -0.13686197996139526
        ],
        [
            0.048381730914115906,
            -0.9366451501846313,
            -0.12716813385486603
        ],
        [
            0.060333214700222015,
            -0.9408795833587646,
            -0.11304233968257904
        ],
        [
            0.059217922389507294,
            -0.9577162861824036,
            -0.10725145787000656
        ],
        [
            0.043756283819675446,
            -0.9543137550354004,
            -0.12381114810705185
        ],
        [
            0.051284801214933395,
            -0.9782231450080872,
            -0.09669189155101776
        ],
        [
            0.03305631875991821,
            -0.974918007850647,
            -0.11707907170057297
        ],
        [
            0.06061935052275658,
            -0.8141355514526367,
            -0.08386120200157166
        ],
        [
            0.06090610474348068,
            -0.8330111503601074,
            -0.08645699918270111
        ],
        [
            0.048568811267614365,
            -0.7878915071487427,
            -0.08940473943948746
        ],
        [
            0.06191301345825195,
            -0.7981488704681396,
            -0.07974914461374283
        ],
        [
            0.03819628804922104,
            -0.9938105344772339,
            -0.08341551572084427
        ],
        [
            0.017444901168346405,
            -0.990746259689331,
            -0.1082950085401535
        ],
        [
            0.08400758355855942,
            -0.9269497394561768,
            -0.06522244960069656
        ],
        [
            0.07924459874629974,
            -0.9434416890144348,
            -0.07557252049446106
        ],
        [
