{
    "pred_cam": [
        1.413604497909546,
        0.11991675943136215,
        0.2855733633041382
    ],
    "pred_smpl_params": {
        "global_orient": [
            [
                [
                    -0.6947340369224548,
                    0.10763753950595856,
                    -0.7111672759056091
                ],
                [
                    0.18003326654434204,
                    -0.9312428832054138,
                    -0.3168199062347412
                ],
                [
                    -0.6963710784912109,
                    -0.34813931584358215,
                    0.6275877952575684
                ]
            ]
        ],
        "body_pose": [
            [
                [
                    0.998252809047699,
                    0.05247844010591507,
                    0.027155159041285515
                ],
                [
                    -0.05629201978445053,
                    0.9843330979347229,
                    0.16709163784980774
                ],
                [
                    -0.017961012199521065,
                    -0.16832831501960754,
                    0.9855673909187317
                ]
            ],
            [
                [
                    0.9901989102363586,
                    0.09345728904008865,
                    -0.10378797352313995
                ],
                [
                    -0.07902544736862183,
                    0.9876370429992676,
                    0.13538140058517456
                ],
                [
                    0.11515721678733826,
                    -0.12585261464118958,
                    0.9853426218032837
                ]
            ],
            [
                [
                    0.9964074492454529,
                    -0.023549316450953484,
                    0.08134882152080536
                ],
                [
                    0.04028073698282242,
                    0.9767354130744934,
                    -0.21063080430030823
                ],
                [
                    -0.0744960606098175,
                    0.21315088868141174,
                    0.9741750359535217
                ]
            ],
            [
                [
                    0.9944498538970947,
                    0.10452324151992798,
                    -0.012014511972665787
                ],
                [
                    -0.1052037850022316,
                    0.989252507686615,
                    -0.10154660791158676
                ],
                [
                    0.0012714064214378595,
                    0.10224698483943939,
                    0.9947582483291626
                ]
            ],
            [
                [
                    0.9948577284812927,
                    -0.08857347071170807,
                    -0.04912182688713074
                ],
                [
                    0.07518187910318375,
                    0.9707943797111511,
                    -0.22782887518405914
                ],
                [
                    0.06786678731441498,
                    0.22296421229839325,
                    0.9724614024162292
                ]
            ],
            [
                [
                    0.9970600605010986,
                    0.00010995796765200794,
                    0.07662328332662582
                ],
                [
                    0.005122119095176458,
                    0.9976664781570435,
                    -0.06808317452669144
                ],
                [
                    -0.07645197212696075,
                    0.06827549636363983,
                    0.9947328567504883
                ]
            ],
            [
                [
                    0.9847298860549927,
                    0.032164618372917175,
                    0.17109233140945435
                ],
                [
                    -0.02639293111860752,
                    0.9990066289901733,
                    -0.03590327128767967
                ],
                [
                    -0.1720772087574005,
                    0.03083939664065838,
                    0.9846006035804749
                ]
            ],
            [
                [
                    0.9791393280029297,
                    0.030021917074918747,
                    -0.20095974206924438
                ],
                [
                    -0.02129438705742359,
                    0.9987396001815796,
                    0.04545139893889427
                ],
                [
                    0.20207098126411438,
                    -0.04022394120693207,
                    0.9785445332527161
                ]
            ],
            [
                [
                    0.9977754950523376,
                    0.018046656623482704,
                    0.06417454034090042
                ],
                [
                    -0.011997342109680176,
                    0.9955536723136902,
                    -0.09342898428440094
                ],
                [
                    -0.06557527929544449,
                    0.09245122969150543,
                    0.9935555458068848
                ]
            ],
            [
                [
                    0.9949313998222351,
                    -0.07943833619356155,
                    0.06165240332484245
                ],
                [
                    0.08066987991333008,
                    0.9965828657150269,
                    -0.01774671860039234
                ],
                [
                    -0.060031957924366,
                    0.02263026125729084,
                    0.9979398846626282
                ]
            ],
            [
                [
                    0.9993706345558167,
                    0.016671862453222275,
                    -0.03130985051393509
                ],
                [
                    -0.016562070697546005,
                    0.9998557567596436,
                    0.0037625713739544153
                ],
                [
                    0.03136806562542915,
                    -0.0032416475005447865,
                    0.9995025992393494
                ]
            ],
            [
                [
                    0.9778558611869812,
                    0.014237768948078156,
                    0.20879456400871277
                ],
                [
                    0.017734823748469353,
                    0.9884568452835083,
                    -0.15046139061450958
                ],
                [
                    -0.2085266411304474,
                    0.15083248913288116,
                    0.9663158059120178
                ]
            ],
            [
                [
                    0.9293226003646851,
                    0.2700129747390747,
                    -0.2518978714942932
                ],
                [
                    -0.2523976266384125,
                    0.9623965620994568,
                    0.10044046491384506
                ],
                [
                    0.26954588294029236,
                    -0.02976316213607788,
                    0.9625275135040283
                ]
            ],
            [
                [
                    0.8877827525138855,
                    -0.3399396240711212,
                    0.3102947771549225
                ],
                [
                    0.3294239938259125,
                    0.9401254057884216,
                    0.0874297022819519
                ],
                [
                    -0.3214368522167206,
                    0.024599961936473846,
                    0.9466114044189453
                ]
            ],
            [
                [
                    0.9939675331115723,
                    0.08076212555170059,
                    0.07420223206281662
                ],
                [
                    -0.039998479187488556,
                    0.8969079852104187,
                    -0.4404045343399048
                ],
                [
                    -0.10212058573961258,
                    0.4347798526287079,
                    0.8947277665138245
                ]
            ],
            [
                [
                    0.6903456449508667,
                    0.5634633898735046,
                    -0.4537971615791321
                ],
                [
                    -0.6076152920722961,
                    0.7920301556587219,
                    0.05909142270684242
                ],
                [
                    0.3927169740200043,
                    0.23494058847427368,
                    0.8891435265541077
                ]
            ],
            [
                [
                    0.5329927206039429,
                    -0.6391785144805908,
                    0.5544093251228333
                ],
                [
                    0.6824674010276794,
                    0.7120821475982666,
                    0.16485555469989777
                ],
                [
                    -0.5001570582389832,
                    0.2904994487762451,
                    0.8157531023025513
                ]
            ],
            [
                [
                    0.6538882255554199,
                    -0.09170490503311157,
                    -0.751012921333313
                ],
                [
                    0.009899660013616085,
                    0.9935792088508606,
                    -0.11270485073328018
                ],
                [
                    0.7565263509750366,
                    0.06626158952713013,
                    0.6505975723266602
                ]
            ],
            [
                [
                    0.524847149848938,
                    0.15985746681690216,
                    0.8360507488250732
                ],
                [
                    -0.10339231044054031,
                    0.9869065880775452,
                    -0.12379537522792816
                ],
                [
                    -0.844893753528595,
                    -0.021467577666044235,
                    0.534503161907196
                ]
            ],
            [
                [
                    0.9947978258132935,
                    -0.08846119791269302,
                    -0.05051576718688011
                ],
                [
                    0.09090568125247955,
                    0.9946858286857605,
                    0.04833505302667618
                ],
                [
                    0.04597153887152672,
                    -0.05267577990889549,
                    0.9975529313087463
                ]
            ],
            [
                [
                    0.9931462407112122,
                    0.08625161647796631,
                    0.07887446135282516
                ],
                [
                    -0.09641575813293457,
                    0.9860402345657349,
                    0.13575218617916107
                ],
                [
                    -0.06606455147266388,
                    -0.1424265205860138,
                    0.987598180770874
                ]
            ],
            [
                [
                    0.9842316508293152,
                    0.14708881080150604,
                    -0.09824903309345245
                ],
                [
                    -0.133433535695076,
                    0.9820260405540466,
                    0.13349267840385437
                ],
                [
                    0.11611839383840561,
                    -0.11827801913022995,
                    0.9861676692962646
                ]
            ],
            [
                [
                    0.983630895614624,
                    -0.16778939962387085,
                    0.06570382416248322
                ],
                [
                    0.1594141125679016,
                    0.9802759289741516,
                    0.11681663990020752
                ],
                [
                    -0.08400847762823105,
                    -0.10443034023046494,
                    0.9909777045249939
                ]
            ]
        ],
        "betas": [
            -0.27449628710746765,
            -0.3619539439678192,
            0.27168676257133484,
            0.799301266670227,
            0.2573120594024658,
            -0.09591438621282578,
            -0.025758594274520874,
            -0.02974507212638855,
            0.0373159795999527,
            -0.06593585014343262
        ]
    },
    "pred_cam_t": [
        0.11991675943136215,
        0.2855733633041382,
        27.633258819580078
    ],
    "focal_length": [
        5000.0,
        5000.0
    ],
    "pred_keypoints_3d": [
        [
            -0.17839586734771729,
            -0.7509641647338867,
            -0.04890604689717293
        ],
        [
            -0.0016142427921295166,
            -0.724449872970581,
            -0.09293758869171143
        ],
        [
            0.08467620611190796,
            -0.657636284828186,
            0.08263768255710602
        ],
        [
            0.019324421882629395,
            -0.4508461654186249,
            0.2009257972240448
        ],
        [
            -0.22266577184200287,
            -0.4098895788192749,
            0.23203904926776886
        ],
        [
            -0.09964509308338165,
            -0.6038299202919006,
            -0.21878108382225037
        ],
        [
            -0.2241840958595276,
            -0.38345929980278015,
            -0.21945887804031372
        ],
        [
            -0.38176214694976807,
            -0.3144628703594208,
            -0.04928596317768097
        ],
        [
            -0.002070455113425851,
            -0.22995193302631378,
            0.028801841661334038
        ],
        [
            0.037967801094055176,
            -0.15690390765666962,
            0.10481882095336914
        ],
        [
            0.02286757342517376,
            0.1573420614004135,
            0.2997899055480957
        ],
        [
            0.012577218934893608,
            0.5361770391464233,
            0.36470818519592285
        ],
        [
            -0.05551938712596893,
            -0.13056141138076782,
            0.008274069055914879
        ],
        [
            -0.1424597203731537,
            0.18691954016685486,
            0.1585543155670166
        ],
        [
            -0.11890889704227448,
            0.5294687747955322,
            0.3305089473724365
        ],
        [
            -0.1667942851781845,
            -0.8059985637664795,
            -0.025325477123260498
        ],
        [
            -0.18362584710121155,
            -0.7960880994796753,
            -0.08884831517934799
        ],
        [
            -0.07253891229629517,
            -0.8534355759620667,
            -0.011677227914333344
        ],
        [
            -0.11251242458820343,
            -0.8314110040664673,
            -0.1544358730316162
        ],
        [
            -0.27391424775123596,
            0.5258530378341675,
            0.4572986662387848
        ],
        [
            -0.27231502532958984,
            0.5674569606781006,
            0.3848475515842438
        ],
        [
            -0.07592091709375381,
            0.5771865844726562,
            0.3120276927947998
        ],
        [
            -0.08161842823028564,
            0.5256644487380981,
            0.5384140014648438
        ],
        [
            0.005507469177246094,
            0.536848247051239,
            0.5340190529823303
        ],
        [
            0.038112178444862366,
            0.5925463438034058,
            0.33173638582229614
        ],
        [
            0.04833821952342987,
            0.4932430386543274,
            0.3407832980155945
        ],
        [
            0.026130367070436478,
            0.09908363223075867,
            0.2704788148403168
        ],
        [
            0.11134491115808487,
            -0.2835298180580139,
            0.11266262829303741
        ],
        [
            -0.08399539440870285,
            -0.210561603307724,
            -0.09570816159248352
        ],
        [
            -0.14197273552417755,
            0.15180371701717377,
            0.13054527342319489
        ],
        [
            -0.10473158955574036,
            0.509860098361969,
            0.29397010803222656
        ],
        [
            -0.2115004062652588,
            -0.44211792945861816,
            0.21475473046302795
        ],
        [
            0.010886015370488167,
            -0.48577845096588135,
            0.2192000448703766
        ],
        [
            0.06644534319639206,
            -0.6844806671142578,
            0.0466412715613842
        ],
        [
            -0.08123770356178284,
            -0.6380629539489746,
            -0.21028898656368256
        ],
        [
            -0.2500397861003876,
            -0.4259638786315918,
            -0.22304025292396545
        ],
        [
            -0.3804212212562561,
            -0.3359282612800598,
            -0.05520906671881676
        ],
        [
            -0.009796041063964367,
            -0.7132710218429565,
            -0.08878736943006516
        ],
        [
            -0.13757020235061646,
            -0.876969575881958,
            -0.08095461875200272
        ],
        [
            0.013181110844016075,
            -0.24734017252922058,
            0.00776105048134923
        ],
        [
            -0.0054315729066729546,
            -0.6580265760421753,
            -0.07918238639831543
        ],
        [
            0.03529207035899162,
            -0.4866548776626587,
            -0.06265444308519363
        ],
        [
            -0.10455051809549332,
            -0.7662442326545715,
            -0.07508985698223114
        ],
        [
            -0.14043603837490082,
            -0.8966593146324158,
            -0.07941801846027374
        ]
    ],
    "pred_vertices": [
        [
            -0.21375563740730286,
            -0.833925724029541,
            -0.09961259365081787
        ],
        [
            -0.20967569947242737,
            -0.8187462687492371,
            -0.09216639399528503
        ],
        [
            -0.20299330353736877,
            -0.8190977573394775,
            -0.10517740994691849
        ],
        [
            -0.20301663875579834,
            -0.8320009708404541,
            -0.11307160556316376
        ],
        [
            -0.20182126760482788,
            -0.8085311055183411,
            -0.09989273548126221
        ],
        [
            -0.20544342696666718,
            -0.8077195882797241,
            -0.08857710659503937
        ],
        [
            -0.19293655455112457,
            -0.8181363344192505,
            -0.11466909945011139
        ],
        [
            -0.1898144781589508,
            -0.8286832571029663,
            -0.12253840267658234
        ],
        [
            -0.16517306864261627,
            -0.7932156324386597,
            -0.12332922220230103
        ],
        [
            -0.15650756657123566,
            -0.7938576936721802,
            -0.1298670470714569
        ],
        [
            -0.16444817185401917,
            -0.8035234212875366,
            -0.12901519238948822
        ],
        [
            -0.17077142000198364,
            -0.8005696535110474,
            -0.12174246460199356
        ],
        [
            -0.14798171818256378,
            -0.773655891418457,
            -0.12320145964622498
        ],
        [
            -0.14808908104896545,
            -0.7624736428260803,
            -0.11513850837945938
        ],
        [
            -0.135981947183609,
            -0.759614109992981,
            -0.1201254278421402
        ],
        [
            -0.13440707325935364,
            -0.7710537314414978,
            -0.1275053769350052
        ],
        [
            -0.166599303483963,
            -0.766981840133667,
            -0.0776992067694664
        ],
        [
            -0.16355031728744507,
            -0.7611165046691895,
            -0.08323343843221664
        ],
        [
            -0.16764239966869354,
            -0.7664502859115601,
            -0.08713482320308685
        ],
        [
            -0.16977724432945251,
            -0.771918773651123,
            -0.08103014528751373
        ],
        [
            -0.17466862499713898,
            -0.7733990550041199,
            -0.06739426404237747
        ],
        [
            -0.17529019713401794,
            -0.7795230746269226,
            -0.06929151713848114
        ],
        [
            -0.180474191904068,
            -0.7807236909866333,
            -0.06335203349590302
        ],
        [
            -0.18054987490177155,
            -0.7733801603317261,
            -0.06204782798886299
        ],
        [
            -0.16229012608528137,
            -0.7634896039962769,
            -0.07254806905984879
        ],
        [
            -0.15888074040412903,
            -0.7576556205749512,
            -0.07848520576953888
        ],
        [
            -0.1696440875530243,
            -0.7716701030731201,
            -0.07285846769809723
        ],
        [
            -0.16864383220672607,
            -0.7672182321548462,
            -0.07051687687635422
        ],
        [
            -0.17329329252243042,
            -0.7571932077407837,
            -0.06502898037433624
        ],
        [
            -0.17508873343467712,
            -0.7615960836410522,
            -0.06696203351020813
        ],
        [
            -0.1804845780134201,
            -0.7594151496887207,
            -0.06201452389359474
        ],
        [
            -0.1766042411327362,
            -0.7553391456604004,
            -0.06087629497051239
        ],
        [
            -0.1658671796321869,
            -0.7609624862670898,
            -0.07034002989530563
        ],
        [
            -0.16993264853954315,
            -0.761932373046875,
            -0.07013382762670517
        ],
        [
            -0.1692349910736084,
            -0.7579678297042847,
            -0.06713967025279999
        ],
        [
            -0.16502560675144196,
            -0.7580527067184448,
            -0.06651131808757782
        ],
        [
            -0.17449739575386047,
            -0.7684842944145203,
            -0.06628422439098358
        ],
        [
            -0.18070176243782043,
            -0.7667914032936096,
            -0.06170152500271797
        ],
        [
            -0.1863449662923813,
            -0.764857292175293,
            -0.05607682466506958
        ],
        [
            -0.18474909663200378,
            -0.7561060190200806,
            -0.055881205946207047
        ],
        [
            -0.15341025590896606,
            -0.7515350580215454,
            -0.09540292620658875
        ],
        [
            -0.1594519466161728,
            -0.7558146715164185,
            -0.08965759724378586
        ],
        [
            -0.15562261641025543,
            -0.7526189088821411,
            -0.08454941213130951
        ],
        [
            -0.15140759944915771,
            -0.7487671375274658,
            -0.08984242379665375
        ],
        [
            -0.1607600748538971,
            -0.7571064233779907,
            -0.06841813027858734
        ],
        [
            -0.15302592515945435,
            -0.7434822916984558,
            -0.07175599038600922
        ],
        [
            -0.15533258020877838,
            -0.7464717030525208,
            -0.07203548401594162
        ],
        [
            -0.15768808126449585,
            -0.7459346055984497,
            -0.06523491442203522
        ],
        [
            -0.15552961826324463,
            -0.7431296110153198,
            -0.06563432514667511
        ],
        [
            -0.13954117894172668,
            -0.7435879707336426,
            -0.10253345221281052
        ],
        [
            -0.14125898480415344,
            -0.7411584854125977,
            -0.09581685066223145
        ],
        [
            -0.135442852973938,
            -0.7368019819259644,
            -0.09685228765010834
        ],
        [
            -0.13186290860176086,
            -0.7390121817588806,
            -0.10318796336650848
        ],
        [
            -0.13096828758716583,
            -0.7330330610275269,
            -0.09444358199834824
        ],
        [
            -0.12490253150463104,
            -0.7346274852752686,
            -0.10232092440128326
        ],
        [
            -0.11546055972576141,
            -0.7242002487182617,
            -0.09291065484285355
        ],
        [
            -0.11959131807088852,
            -0.7288976907730103,
            -0.09779268503189087
        ],
        [
            -0.1273607313632965,
            -0.7288560271263123,
            -0.09028206765651703
        ],
        [
            -0.12582820653915405,
            -0.7238178253173828,
            -0.08409928530454636
        ],
        [
            -0.1322450041770935,
            -0.7249518036842346,
            -0.07085272669792175
        ],
        [
            -0.1323222517967224,
            -0.7234662175178528,
            -0.06457805633544922
        ],
        [
            -0.125026136636734,
            -0.7139409780502319,
            -0.0692230835556984
        ],
        [
            -0.12548211216926575,
            -0.7177562713623047,
            -0.0762089267373085
        ],
        [
            -0.14603278040885925,
            -0.7410186529159546,
            -0.07223616540431976
        ],
        [
            -0.14472182095050812,
            -0.7419682741165161,
            -0.07676787674427032
        ],
        [
            -0.14744162559509277,
            -0.7418678998947144,
            -0.07654566317796707
        ],
        [
            -0.1497645378112793,
            -0.7416620254516602,
            -0.07181517779827118
        ],
        [
            -0.143922358751297,
            -0.7421613931655884,
            -0.08074664324522018
        ],
        [
            -0.1435435265302658,
            -0.7421368360519409,
            -0.08251950144767761
        ],
        [
            -0.14520582556724548,
            -0.7425320148468018,
            -0.082060806453228
        ],
        [
            -0.1447313278913498,
            -0.7424747347831726,
            -0.08073735237121582
        ],
        [
            -0.14461126923561096,
            -0.7421563267707825,
            -0.07864055037498474
        ],
        [
            -0.14360575377941132,
            -0.740550696849823,
            -0.07747656852006912
        ],
        [
            -0.1436871886253357,
            -0.7413782477378845,
            -0.07972913980484009
        ],
        [
            -0.14464294910430908,
            -0.7388667464256287,
            -0.07334265857934952
        ],
        [
            -0.14707277715206146,
            -0.7347078919410706,
            -0.059396110475063324
        ],
        [
            -0.14697852730751038,
            -0.7351859211921692,
            -0.06325879693031311
        ],
        [
            -0.14827215671539307,
            -0.7395790815353394,
            -0.0621652789413929
        ],
        [
            -0.14855101704597473,
            -0.7393832206726074,
            -0.058917395770549774
        ],
        [
            -0.14738011360168457,
            -0.7433817386627197,
            -0.0802920013666153
        ],
        [
            -0.14838586747646332,
            -0.7445145845413208,
            -0.08257097005844116
        ],
        [
            -0.15180151164531708,
            -0.7454651594161987,
            -0.0781799778342247
        ],
        [
            -0.14954893290996552,
            -0.7436972260475159,
            -0.07708906382322311
        ],
        [
            -0.14984557032585144,
            -0.7457363605499268,
            -0.08547122031450272
        ],
        [
            -0.14588074386119843,
            -0.7435661554336548,
            -0.08442628383636475
        ],
        [
            -0.1465730369091034,
            -0.7440332174301147,
            -0.08763179183006287
        ],
        [
            -0.14240792393684387,
            -0.7408108711242676,
            -0.08192114531993866
        ],
        [
            -0.14085200428962708,
            -0.7399202585220337,
            -0.08489084243774414
        ],
        [
            -0.14332172274589539,
            -0.7413850426673889,
            -0.08527965843677521
        ],
        [
            -0.1389763057231903,
            -0.7372487783432007,
            -0.08273078501224518
        ],
        [
            -0.14163070917129517,
            -0.7390614748001099,
            -0.07918474823236465
        ],
        [
            -0.14212964475154877,
            -0.7365059852600098,
            -0.07508973032236099
        ],
        [
            -0.1430497169494629,
            -0.7338964939117432,
            -0.06983966380357742
        ],
        [
            -0.13841015100479126,
            -0.7312835454940796,
            -0.07278238236904144
        ],
        [
            -0.13833770155906677,
            -0.7341128587722778,
            -0.07843969017267227
        ],
        [
            -0.15386953949928284,
            -0.748828649520874,
            -0.08048968017101288
        ],
        [
            -0.14238402247428894,
            -0.7412177324295044,
            -0.08983904123306274
        ],
        [
            -0.146757572889328,
            -0.7457889318466187,
            -0.09323128312826157
        ],
        [
            -0.1387283205986023,
            -0.7379341125488281,
            -0.08990342915058136
        ],
        [
            -0.13546493649482727,
            -0.7348114252090454,
            -0.08782780170440674
        ],
        [
            -0.1335040181875229,
            -0.7313525676727295,
            -0.08311742544174194
        ],
        [
            -0.13271784782409668,
            -0.727846622467041,
            -0.0772637277841568
        ],
        [
            -0.11183062195777893,
            -0.7123260498046875,
            -0.0740336924791336
        ],
        [
            -0.11397887766361237,
            -0.7171338796615601,
            -0.08277934789657593
        ],
        [
            -0.19805166125297546,
            -0.8033341765403748,
            -0.08707395195960999
        ],
        [
            -0.19730432331562042,
            -0.802810788154602,
            -0.09621375054121017
        ],
        [
            -0.18887360394001007,
            -0.7991015911102295,
            -0.09764080494642258
        ],
        [
            -0.19046765565872192,
            -0.8006574511528015,
            -0.0993231013417244
        ],
        [
            -0.19296815991401672,
            -0.800786554813385,
            -0.09356999397277832
        ],
        [
            -0.19045820832252502,
            -0.7989442348480225,
            -0.09319610148668289
        ],
        [
            -0.17505642771720886,
            -0.7998802661895752,
            -0.11457034945487976
        ],
        [
            -0.1786283254623413,
            -0.7994987964630127,
            -0.10867393761873245
        ],
        [
            -0.1753663569688797,
            -0.7972292900085449,
            -0.10914689302444458
        ],
        [
            -0.17124542593955994,
            -0.794475793838501,
            -0.1162136048078537
        ],
        [
            -0.17486239969730377,
            -0.7883501052856445,
            -0.1002345010638237
        ],
        [
            -0.1740807294845581,
            -0.7905189990997314,
            -0.10514231026172638
        ],
        [
            -0.17909617722034454,
            -0.7949516177177429,
            -0.10098960995674133
        ],
        [
            -0.17980250716209412,
            -0.7933046817779541,
            -0.09749367088079453
        ],
        [
            -0.18018826842308044,
            -0.7923991680145264,
            -0.09344839304685593
        ],
        [
            -0.18045705556869507,
            -0.7922823429107666,
            -0.08895164728164673
        ],
        [
            -0.1768166720867157,
            -0.7883284091949463,
            -0.08957893401384354
        ],
        [
            -0.17587882280349731,
            -0.7878544330596924,
            -0.09483951330184937
        ],
        [
            -0.19314490258693695,
            -0.801917314529419,
            -0.08716589212417603
        ],
        [
            -0.1909918338060379,
            -0.802509605884552,
            -0.08004637807607651
        ],
        [
            -0.18874338269233704,
            -0.8003466129302979,
            -0.08170982450246811
        ],
        [
            -0.19083772599697113,
            -0.7995957136154175,
            -0.08748042583465576
        ],
        [
            -0.1787211149930954,
            -0.7995737791061401,
            -0.07309447973966599
        ],
        [
            -0.18135251104831696,
            -0.8006788492202759,
            -0.0739695131778717
        ],
        [
            -0.1823020577430725,
            -0.8017917275428772,
            -0.07028933614492416
        ],
        [
            -0.17876148223876953,
            -0.7988195419311523,
            -0.06968536227941513
        ],
        [
            -0.1774577796459198,
            -0.7960004806518555,
            -0.07195256650447845
        ],
        [
            -0.1782607138156891,
            -0.7977985143661499,
            -0.07428716123104095
        ],
        [
            -0.22322967648506165,
            -0.8533007502555847,
            -0.09127027541399002
        ],
        [
            -0.21997582912445068,
            -0.8359314203262329,
            -0.0843806341290474
        ],
        [
            -0.21268118917942047,
            -0.8523812294006348,
            -0.10868136584758759
        ],
        [
            -0.19911058247089386,
            -0.8485994338989258,
            -0.12090471386909485
        ],
        [
            -0.18587473034858704,
            -0.8409545421600342,
            -0.13078610599040985
        ],
        [
            -0.13776810467243195,
            -0.7501201629638672,
            -0.1112099140882492
        ],
        [
            -0.1281207948923111,
            -0.7462034225463867,
            -0.11387878656387329
        ],
        [
            -0.12403436005115509,
            -0.7575510144233704,
            -0.1242174580693245
        ],
        [
            -0.1142706573009491,
            -0.7520167827606201,
            -0.12355983257293701
        ],
        [
            -0.11909544467926025,
            -0.7403135299682617,
            -0.11256025731563568
        ],
        [
            -0.1051674336194992,
            -0.7272889614105225,
            -0.09993813931941986
        ],
        [
            -0.11139987409114838,
            -0.7335225939750671,
            -0.10808597505092621
        ],
        [
            -0.1043517217040062,
            -0.7465172410011292,
            -0.12077781558036804
        ],
        [
            -0.10014043748378754,
            -0.7634042501449585,
            -0.13302017748355865
        ],
        [
            -0.1108284443616867,
            -0.7655231356620789,
            -0.1328488439321518
        ],
        [
            -0.09901583194732666,
            -0.7829173803329468,
            -0.14028632640838623
        ],
        [
            -0.08718065917491913,
            -0.7620024681091309,
            -0.13184528052806854
        ],
        [
            -0.09088170528411865,
            -0.7869545221328735,
            -0.13959603011608124
        ],
        [
            -0.07724315673112869,
            -0.7330878376960754,
            -0.11177842319011688
        ],
        [
            -0.07292745262384415,
            -0.726008415222168,
            -0.11259352415800095
        ],
        [
            -0.06592342257499695,
            -0.7355303168296814,
            -0.12784124910831451
        ],
        [
            -0.07088055461645126,
            -0.7434108257293701,
            -0.12705716490745544
        ],
        [
            -0.12160727381706238,
            -0.7681472897529602,
            -0.13170941174030304
        ],
        [
            -0.16495884954929352,
            -0.8159648776054382,
            -0.13291175663471222
        ],
        [
            -0.1729336380958557,
            -0.8101890087127686,
            -0.1260295808315277
        ],
        [
            -0.15488523244857788,
            -0.8072665929794312,
            -0.13574334979057312
        ],
        [
            -0.1842220276594162,
            -0.8757513761520386,
            -0.14012810587882996
        ],
        [
            -0.19454586505889893,
            -0.8628761768341064,
            -0.13095508515834808
        ],
        [
            -0.18165212869644165,
            -0.853234052658081,
            -0.13885021209716797
        ],
        [
            -0.17400573194026947,
            -0.8663032054901123,
            -0.14702090620994568
        ],
        [
            -0.20675155520439148,
            -0.9027431011199951,
            -0.11108016967773438
        ],
        [
            -0.21904215216636658,
            -0.8784480094909668,
            -0.10280942916870117
        ],
        [
            -0.20864900946617126,
            -0.8724501132965088,
            -0.11684803664684296
        ],
        [
            -0.19840824604034424,
            -0.8907821178436279,
            -0.12509754300117493
        ],
        [
            -0.16436180472373962,
            -0.874646782875061,
            -0.1525636613368988
        ],
        [
            -0.15090493857860565,
            -0.8860372304916382,
            -0.1576261818408966
        ],
        [
            -0.1537976711988449,
            -0.9032924771308899,
            -0.15533119440078735
        ],
        [
            -0.17181535065174103,
            -0.8914324045181274,
            -0.14833560585975647
        ],
        [
            -0.15792343020439148,
            -0.9255876541137695,
            -0.14541193842887878
        ],
        [
            -0.1796700805425644,
            -0.911255955696106,
            -0.1364113688468933
        ],
        [
            -0.07542380690574646,
            -0.7800989151000977,
            -0.138473242521286
        ],
        [
            -0.08289535343647003,
            -0.798505425453186,
            -0.14138159155845642
        ],
        [
            -0.07856065034866333,
            -0.7513910531997681,
            -0.12643517553806305
        ],
        [
            -0.06930675357580185,
            -0.7654178738594055,
            -0.1364246904850006
        ],
        [
            -0.15918360650539398,
            -0.9433810710906982,
            -0.12914197146892548
        ],
        [
            -0.18553853034973145,
            -0.9274780750274658,
            -0.11935493350028992
        ],
        [
            -0.09650376439094543,
            -0.8970222473144531,
            -0.1607513129711151
        ],
        [
            -0.11407816410064697,
            -0.9064226746559143,
            -0.16018341481685638
        ],
        [
            -0.12007847428321838,
            -0.8863697052001953,
            -0.16277243196964264
        ],
        [
