{
    "pred_cam": [
        1.4246494770050049,
        0.13618206977844238,
        0.29199814796447754
    ],
    "pred_smpl_params": {
        "global_orient": [
            [
                [
                    -0.6981288194656372,
                    0.1063862219452858,
                    -0.7080242037773132
                ],
                [
                    0.18104813992977142,
                    -0.9305284023284912,
                    -0.318337082862854
                ],
                [
                    -0.6927032470703125,
                    -0.35042673349380493,
                    0.6303676962852478
                ]
            ]
        ],
        "body_pose": [
            [
                [
                    0.9983705282211304,
                    0.04500957950949669,
                    0.03507830575108528
                ],
                [
                    -0.05005570873618126,
                    0.9859110713005066,
                    0.15960539877414703
                ],
                [
                    -0.027400311082601547,
                    -0.16110119223594666,
                    0.9865575432777405
                ]
            ],
            [
                [
                    0.9910858869552612,
                    0.07919248193502426,
                    -0.10713265836238861
                ],
                [
                    -0.06448037922382355,
                    0.9888230562210083,
                    0.13442929089069366
                ],
                [
                    0.116581030189991,
                    -0.12632299959659576,
                    0.9851149320602417
                ]
            ],
            [
                [
                    0.9967642426490784,
                    -0.017081810161471367,
                    0.07854479551315308
                ],
                [
                    0.03327324613928795,
                    0.9771926403045654,
                    -0.20973195135593414
                ],
                [
                    -0.07317078858613968,
                    0.2116667479276657,
                    0.9745990633964539
                ]
            ],
            [
                [
                    0.9937310814857483,
                    0.11173706501722336,
                    -0.0036487560719251633
                ],
                [
                    -0.11137201637029648,
                    0.9865879416465759,
                    -0.11933355033397675
                ],
                [
                    -0.009734159335494041,
                    0.11899183690547943,
                    0.9928475022315979
                ]
            ],
            [
                [
                    0.9926580786705017,
                    -0.1029076874256134,
                    -0.06356053799390793
                ],
                [
                    0.08325082063674927,
                    0.9625051021575928,
                    -0.25817278027534485
                ],
                [
                    0.0877453163266182,
                    0.2509858310222626,
                    0.9640055894851685
                ]
            ],
            [
                [
                    0.9973556995391846,
                    0.004056467209011316,
                    0.07256205379962921
                ],
                [
                    0.001059947069734335,
                    0.9975229501724243,
                    -0.0703338086605072
                ],
                [
                    -0.07266762107610703,
                    0.07022473216056824,
                    0.9948809146881104
                ]
            ],
            [
                [
                    0.9840909838676453,
                    0.028076298534870148,
                    0.17543286085128784
                ],
                [
                    -0.022313762456178665,
                    0.9991474151611328,
                    -0.03473465144634247
                ],
                [
                    -0.17625851929187775,
                    0.030267490074038506,
                    0.9838784337043762
                ]
            ],
            [
                [
                    0.978598415851593,
                    0.03648891672492027,
                    -0.202518492937088
                ],
                [
                    -0.027494249865412712,
                    0.9985139966011047,
                    0.04705185815691948
                ],
                [
                    0.2039344161748886,
                    -0.040476780384778976,
                    0.9781474471092224
                ]
            ],
            [
                [
                    0.9981511831283569,
                    0.01878603734076023,
                    0.05780377611517906
                ],
                [
                    -0.013852931559085846,
                    0.9963196516036987,
                    -0.08458929508924484
                ],
                [
                    -0.0591801293194294,
                    0.08363215625286102,
                    0.9947378635406494
                ]
            ],
            [
                [
                    0.9955627918243408,
                    -0.07486574351787567,
                    0.05700806900858879
                ],
                [
                    0.07582530379295349,
                    0.9970104694366455,
                    -0.014856104739010334
                ],
                [
                    -0.055725421756505966,
                    0.019112838432192802,
                    0.9982632398605347
                ]
            ],
            [
                [
                    0.9995628595352173,
                    0.01213778555393219,
                    -0.02695966511964798
                ],
                [
                    -0.012086419388651848,
                    0.9999248385429382,
                    0.002068178029730916
                ],
                [
                    0.026982741430401802,
                    -0.0017414286267012358,
                    0.9996344447135925
                ]
            ],
            [
                [
                    0.9792028665542603,
                    0.006545569282025099,
                    0.20277786254882812
                ],
                [
                    0.022677889093756676,
                    0.9896847009658813,
                    -0.14145681262016296
                ],
                [
                    -0.20161204040050507,
                    0.14311349391937256,
                    0.9689536690711975
                ]
            ],
            [
                [
                    0.9250747561454773,
                    0.27315396070480347,
                    -0.2638629078865051
                ],
                [
                    -0.2550885081291199,
                    0.9616115689277649,
                    0.1011587530374527
                ],
                [
                    0.2813655138015747,
                    -0.026271013543009758,
                    0.9592410326004028
                ]
            ],
            [
                [
                    0.8782678842544556,
                    -0.34674304723739624,
                    0.32926416397094727
                ],
                [
                    0.3364381492137909,
                    0.9374164938926697,
                    0.0897754430770874
                ],
                [
                    -0.33978667855262756,
                    0.03193015232682228,
                    0.9399604201316833
                ]
            ],
            [
                [
                    0.9945673942565918,
                    0.0775500237941742,
                    0.0694374218583107
                ],
                [
                    -0.03795098513364792,
                    0.8912901878356934,
                    -0.451842337846756
                ],
                [
                    -0.09692928194999695,
                    0.44675251841545105,
                    0.8893912434577942
                ]
            ],
            [
                [
                    0.7115323543548584,
                    0.5476900935173035,
                    -0.4401787221431732
                ],
                [
                    -0.581282377243042,
                    0.8107575178146362,
                    0.06915965676307678
                ],
                [
                    0.3947562575340271,
                    0.20665881037712097,
                    0.8952428102493286
                ]
            ],
            [
                [
                    0.5278491377830505,
                    -0.6460105180740356,
                    0.5514034032821655
                ],
                [
                    0.6805057525634766,
                    0.7101488709449768,
                    0.18055611848831177
                ],
                [
                    -0.5082196593284607,
                    0.2799268066883087,
                    0.814465343952179
                ]
            ],
            [
                [
                    0.6785916090011597,
                    -0.08904743194580078,
                    -0.7290981411933899
                ],
                [
                    0.041794613003730774,
                    0.995697021484375,
                    -0.08270876109600067
                ],
                [
                    0.7333257794380188,
                    0.025653108954429626,
                    0.6793933510780334
                ]
            ],
            [
                [
                    0.5578826665878296,
                    0.16277159750461578,
                    0.813801109790802
                ],
                [
                    -0.13194909691810608,
                    0.9855014681816101,
                    -0.10665938258171082
                ],
                [
                    -0.8193633556365967,
                    -0.04787691682577133,
                    0.5712717771530151
                ]
            ],
            [
                [
                    0.9951634407043457,
                    -0.08816929161548615,
                    -0.04331275820732117
                ],
                [
                    0.09002768993377686,
                    0.9950100779533386,
                    0.043010834604501724
                ],
                [
                    0.039304398000240326,
                    -0.046702153980731964,
                    0.9981353282928467
                ]
            ],
            [
                [
                    0.9936676621437073,
                    0.08473782241344452,
                    0.07378444075584412
                ],
                [
                    -0.09441260248422623,
                    0.9857228398323059,
                    0.13941590487957
                ],
                [
                    -0.0609172023832798,
                    -0.14549924433231354,
                    0.9874812364578247
                ]
            ],
            [
                [
                    0.9845565557479858,
                    0.14639517664909363,
                    -0.09600422531366348
                ],
                [
                    -0.13336382806301117,
                    0.9824476838111877,
                    0.1304250806570053
                ],
                [
                    0.11341272294521332,
                    -0.1156073808670044,
                    0.9867991209030151
                ]
            ],
            [
                [
                    0.9835450649261475,
                    -0.1657952070236206,
                    0.0717708170413971
                ],
                [
                    0.15740779042243958,
                    0.9813919067382812,
                    0.10996690392494202
                ],
                [
                    -0.08866728842258453,
                    -0.0968601182103157,
                    0.9913406372070312
                ]
            ]
        ],
        "betas": [
            -0.273761123418808,
            -0.3547482192516327,
            0.24736478924751282,
            0.7500231266021729,
            0.260321706533432,
            -0.0882578119635582,
            -0.039760321378707886,
            -0.027524173259735107,
            0.026616886258125305,
            -0.06140667200088501
        ]
    },
    "pred_cam_t": [
        0.13618206977844238,
        0.29199814796447754,
        27.419025421142578
    ],
    "focal_length": [
        5000.0,
        5000.0
    ],
    "pred_keypoints_3d": [
        [
            -0.17753225564956665,
            -0.7500648498535156,
            -0.04938902705907822
        ],
        [
            -0.002936316654086113,
            -0.7220011949539185,
            -0.09785808622837067
        ],
        [
            0.08424462378025055,
            -0.6570907831192017,
            0.07800658047199249
        ],
        [
            0.015387944877147675,
            -0.45135241746902466,
            0.19669035077095032
        ],
        [
            -0.22498175501823425,
            -0.41074278950691223,
            0.24003367125988007
        ],
        [
            -0.10417643189430237,
            -0.5993236899375916,
            -0.21897567808628082
        ],
        [
            -0.2347072958946228,
            -0.38218528032302856,
            -0.2159472554922104
        ],
        [
            -0.4011504054069519,
            -0.3171411156654358,
            -0.0525771826505661
        ],
        [
            -0.0020292699337005615,
            -0.22936594486236572,
            0.02881302312016487
        ],
        [
            0.03839875012636185,
            -0.15648376941680908,
            0.10480894148349762
        ],
        [
            0.020261291414499283,
            0.15948280692100525,
            0.29741254448890686
        ],
        [
            0.008082158863544464,
            0.5409932136535645,
            0.34707555174827576
        ],
        [
            -0.05566271021962166,
            -0.1299791932106018,
            0.008643917739391327
        ],
        [
            -0.14189684391021729,
            0.18928655982017517,
            0.15653079748153687
        ],
        [
            -0.11078646779060364,
            0.5337783098220825,
            0.32431939244270325
        ],
        [
            -0.16526243090629578,
            -0.805311381816864,
            -0.026895374059677124
        ],
        [
            -0.1840265393257141,
            -0.7946140170097351,
            -0.08971332758665085
        ],
        [
            -0.07069452106952667,
            -0.8527817726135254,
            -0.016845352947711945
        ],
        [
            -0.11497165262699127,
            -0.8290269374847412,
            -0.15786822140216827
        ],
        [
            -0.2669740617275238,
            0.5355359315872192,
            0.4495283365249634
        ],
        [
            -0.26375001668930054,
            0.5763300657272339,
            0.3767203092575073
        ],
        [
            -0.06648610532283783,
            0.580245852470398,
            0.30543240904808044
        ],
        [
            -0.08248575031757355,
            0.5367763638496399,
            0.5228877067565918
        ],
        [
            0.004407644271850586,
            0.5481865406036377,
            0.5164247155189514
        ],
        [
            0.03277987241744995,
            0.5960240364074707,
            0.31142470240592957
        ],
        [
            0.04376494139432907,
            0.49719104170799255,
            0.32423335313796997
        ],
        [
            0.024020660668611526,
            0.10082758218050003,
            0.26909035444259644
        ],
        [
            0.11198237538337708,
            -0.2830038368701935,
            0.11225956678390503
        ],
        [
            -0.08452683687210083,
            -0.20981547236442566,
            -0.09533031284809113
        ],
        [
            -0.14172980189323425,
            0.15395963191986084,
            0.12886296212673187
        ],
        [
            -0.09681134670972824,
            0.5133535861968994,
            0.2881033420562744
        ],
        [
            -0.21479108929634094,
            -0.44290459156036377,
            0.22244898974895477
        ],
        [
            0.008303606882691383,
            -0.48635333776474,
            0.21520741283893585
        ],
        [
            0.06612782180309296,
            -0.6836738586425781,
            0.04158337414264679
        ],
        [
            -0.08549284189939499,
            -0.6339659094810486,
            -0.2119424045085907
        ],
        [
            -0.2594142556190491,
            -0.4249318540096283,
            -0.22118180990219116
        ],
        [
            -0.39949655532836914,
            -0.3383198082447052,
            -0.05866076797246933
        ],
        [
            -0.011560250073671341,
            -0.7107401490211487,
            -0.09284215420484543
        ],
        [
            -0.13768704235553741,
            -0.8755220770835876,
            -0.0843004509806633
        ],
        [
            0.013237625360488892,
            -0.246661975979805,
            0.0077549368143081665
        ],
        [
            -0.007579679600894451,
            -0.6556166410446167,
            -0.08248879760503769
        ],
        [
            0.0343545638024807,
            -0.48484349250793457,
            -0.06451380997896194
        ],
        [
            -0.1047130823135376,
            -0.7648485898971558,
            -0.07798709720373154
        ],
        [
            -0.14054465293884277,
            -0.8951479196548462,
            -0.08289773762226105
        ]
    ],
    "pred_vertices": [
        [
            -0.21442124247550964,
            -0.8323713541030884,
            -0.10004786401987076
        ],
        [
            -0.2101159393787384,
            -0.8173257112503052,
            -0.09249771386384964
        ],
        [
            -0.2038007229566574,
            -0.8175064325332642,
            -0.10570009052753448
        ],
        [
            -0.20407837629318237,
            -0.8302892446517944,
            -0.11377188563346863
        ],
        [
            -0.20251622796058655,
            -0.8069976568222046,
            -0.10033266991376877
        ],
        [
            -0.20579126477241516,
            -0.8063206672668457,
            -0.0888977125287056
        ],
        [
            -0.19405107200145721,
            -0.8164248466491699,
            -0.11546502262353897
        ],
        [
            -0.19119279086589813,
            -0.8268519639968872,
            -0.12359073013067245
        ],
        [
            -0.1666429340839386,
            -0.791304349899292,
            -0.12468793988227844
        ],
        [
            -0.15818415582180023,
            -0.7918381094932556,
            -0.1315055787563324
        ],
        [
            -0.16608914732933044,
            -0.8015303015708923,
            -0.13053986430168152
        ],
        [
            -0.1721927523612976,
            -0.7986849546432495,
            -0.12301655113697052
        ],
        [
            -0.14945641160011292,
            -0.7717260122299194,
            -0.1248331218957901
        ],
        [
            -0.1493183821439743,
            -0.7606621980667114,
            -0.11661519855260849
        ],
        [
            -0.13736632466316223,
            -0.7577353715896606,
            -0.12191839516162872
        ],
        [
            -0.13600900769233704,
            -0.7690725326538086,
            -0.12949638068675995
        ],
        [
            -0.16665799915790558,
            -0.7656615972518921,
            -0.07873918861150742
        ],
        [
            -0.16377562284469604,
            -0.7597375512123108,
            -0.084276482462883
        ],
        [
            -0.16798245906829834,
            -0.7650175094604492,
            -0.08811813592910767
        ],
        [
            -0.16993090510368347,
            -0.7705593705177307,
            -0.08202899992465973
        ],
        [
            -0.1744157373905182,
            -0.7722214460372925,
            -0.06827574968338013
        ],
        [
            -0.1750977337360382,
            -0.7783177495002747,
            -0.07023351639509201
        ],
        [
            -0.1800997257232666,
            -0.7795984148979187,
            -0.06415840983390808
        ],
        [
            -0.18012508749961853,
            -0.772275447845459,
            -0.06275314837694168
        ],
        [
            -0.16220857203006744,
            -0.7622232437133789,
            -0.07367779314517975
        ],
        [
            -0.15897396206855774,
            -0.7563233971595764,
            -0.0796225517988205
        ],
        [
            -0.16955353319644928,
            -0.7704150676727295,
            -0.07387134432792664
        ],
        [
            -0.1684870570898056,
            -0.7659936547279358,
            -0.07149974256753922
        ],
        [
            -0.17295347154140472,
            -0.7560558319091797,
            -0.06573846191167831
        ],
        [
            -0.17481142282485962,
            -0.7604308128356934,
            -0.06766998022794724
        ],
        [
            -0.18004503846168518,
            -0.7583255767822266,
            -0.06252870708703995
        ],
        [
            -0.17612767219543457,
            -0.7542649507522583,
            -0.06146019697189331
        ],
        [
            -0.1656990945339203,
            -0.7597513198852539,
            -0.07130981981754303
        ],
        [
            -0.16975468397140503,
            -0.7607252597808838,
            -0.07099396735429764
        ],
        [
            -0.16895925998687744,
            -0.7568029165267944,
            -0.06796877831220627
        ],
        [
            -0.16473740339279175,
            -0.756890058517456,
            -0.06747360527515411
        ],
        [
            -0.17419882118701935,
            -0.7673265933990479,
            -0.06709644198417664
        ],
        [
            -0.180257648229599,
            -0.7656974792480469,
            -0.062307022511959076
        ],
        [
            -0.18571242690086365,
            -0.7638442516326904,
            -0.05649121105670929
        ],
        [
            -0.18410605192184448,
            -0.7551087141036987,
            -0.05622567981481552
        ],
        [
            -0.15402936935424805,
            -0.7499940991401672,
            -0.09659559279680252
        ],
        [
            -0.15987646579742432,
            -0.7543580532073975,
            -0.09072288870811462
        ],
        [
            -0.1559072732925415,
            -0.7512063980102539,
            -0.08570213615894318
        ],
        [
            -0.1518610119819641,
            -0.7472819685935974,
            -0.09106480330228806
        ],
        [
            -0.1605413854122162,
            -0.7559126615524292,
            -0.06950024515390396
        ],
        [
            -0.1529177874326706,
            -0.742254376411438,
            -0.07288624346256256
        ],
        [
            -0.15522702038288116,
            -0.7452419996261597,
            -0.07313667237758636
        ],
        [
            -0.15736469626426697,
            -0.7448022365570068,
            -0.06626717001199722
        ],
        [
            -0.1552257090806961,
            -0.7419903874397278,
            -0.06669606268405914
        ],
        [
            -0.14039091765880585,
            -0.7419503927230835,
            -0.10402965545654297
        ],
        [
            -0.14190387725830078,
            -0.7396054267883301,
            -0.09724210202693939
        ],
        [
            -0.13612434267997742,
            -0.7352491617202759,
            -0.09839172661304474
        ],
        [
            -0.13274964690208435,
            -0.737363338470459,
            -0.1048632562160492
        ],
        [
            -0.13160055875778198,
            -0.7315152883529663,
            -0.09608704596757889
        ],
        [
            -0.1257740557193756,
            -0.7330111265182495,
            -0.10415318608283997
        ],
        [
            -0.11607114970684052,
            -0.7227288484573364,
            -0.09491214156150818
        ],
        [
            -0.12034148722887039,
            -0.7273582816123962,
            -0.09972488135099411
        ],
        [
            -0.1278725564479828,
            -0.7274067401885986,
            -0.09199055284261703
        ],
        [
            -0.1261470913887024,
            -0.7224593162536621,
            -0.08580687642097473
        ],
        [
            -0.1321309208869934,
            -0.7237546443939209,
            -0.07237839698791504
        ],
        [
            -0.13201120495796204,
            -0.722352147102356,
            -0.06610597670078278
        ],
        [
            -0.12487653642892838,
            -0.7127939462661743,
            -0.07083999365568161
        ],
        [
            -0.12555871903896332,
            -0.7165141105651855,
            -0.07786798477172852
        ],
        [
            -0.14596398174762726,
            -0.7397589683532715,
            -0.07356047630310059
        ],
        [
            -0.14479607343673706,
            -0.7406408786773682,
            -0.07813280075788498
        ],
        [
            -0.14750276505947113,
            -0.7405474185943604,
            -0.07782761007547379
        ],
        [
            -0.14966921508312225,
            -0.7404137849807739,
            -0.07302837818861008
        ],
        [
            -0.14411795139312744,
            -0.7407759428024292,
            -0.08212927728891373
        ],
        [
            -0.14379191398620605,
            -0.7407283782958984,
            -0.08391015231609344
        ],
        [
            -0.14543713629245758,
            -0.7411291599273682,
            -0.08340781182050705
        ],
        [
            -0.14491841197013855,
            -0.7410978078842163,
            -0.08208706229925156
        ],
        [
            -0.14473505318164825,
            -0.7408077716827393,
            -0.07999604940414429
        ],
        [
            -0.14369529485702515,
            -0.7392237186431885,
            -0.07884272187948227
        ],
        [
            -0.1438526064157486,
            -0.7400102615356445,
            -0.08111024647951126
        ],
        [
            -0.14460262656211853,
            -0.7376006841659546,
            -0.07466616481542587
        ],
        [
            -0.14660054445266724,
            -0.7336426377296448,
            -0.060624413192272186
        ],
        [
            -0.14662598073482513,
            -0.734061062335968,
            -0.06449202448129654
        ],
        [
            -0.14788037538528442,
            -0.73846435546875,
            -0.06342045217752457
        ],
        [
            -0.1480575054883957,
            -0.738323986530304,
            -0.06016569584608078
        ],
        [
            -0.14754723012447357,
            -0.7420227527618408,
            -0.08156894892454147
        ],
        [
            -0.14862380921840668,
            -0.7431163787841797,
            -0.0838460773229599
        ],
        [
            -0.15189412236213684,
            -0.7441374659538269,
            -0.0793706625699997
        ],
        [
            -0.14961639046669006,
            -0.7423765063285828,
            -0.07832875847816467
        ],
        [
            -0.1501666158437729,
            -0.7443102598190308,
            -0.08670520037412643
        ],
        [
            -0.14617818593978882,
            -0.742138683795929,
            -0.08575954288244247
        ],
        [
            -0.14696907997131348,
            -0.7425792217254639,
            -0.08894394338130951
        ],
        [
            -0.14264124631881714,
            -0.7394145131111145,
            -0.083327516913414
        ],
        [
            -0.1411731243133545,
            -0.7384897470474243,
            -0.08632586896419525
        ],
        [
            -0.14365214109420776,
            -0.7399448156356812,
            -0.08666065335273743
        ],
        [
            -0.13923537731170654,
            -0.7358579635620117,
            -0.08418925106525421
        ],
        [
            -0.14178311824798584,
            -0.7377092838287354,
            -0.08059736341238022
        ],
        [
            -0.14215180277824402,
            -0.7352187633514404,
            -0.07646279782056808
        ],
        [
            -0.1429084986448288,
            -0.7326852679252625,
            -0.07116048783063889
        ],
        [
            -0.13836103677749634,
            -0.7300399541854858,
            -0.07420410215854645
        ],
        [
            -0.13846370577812195,
            -0.7327902317047119,
            -0.07988855242729187
        ],
        [
            -0.15403178334236145,
            -0.7474757432937622,
            -0.08165118098258972
        ],
        [
            -0.14284683763980865,
            -0.7397332787513733,
            -0.09123583137989044
        ],
        [
            -0.14732050895690918,
            -0.7442560791969299,
            -0.09455369412899017
        ],
        [
            -0.13919952511787415,
            -0.7364554405212402,
            -0.0913645327091217
        ],
        [
            -0.1358828842639923,
            -0.7333662509918213,
            -0.0893494188785553
        ],
        [
            -0.13378803431987762,
            -0.7299787998199463,
            -0.0846901461482048
        ],
        [
            -0.13280892372131348,
            -0.726555585861206,
            -0.0788065493106842
        ],
        [
            -0.11188893765211105,
            -0.7111091017723083,
            -0.07602737098932266
        ],
        [
            -0.11430204659700394,
            -0.7158052325248718,
            -0.08477520197629929
        ],
        [
            -0.19838011264801025,
            -0.8019458055496216,
            -0.08757742494344711
        ],
        [
            -0.19790953397750854,
            -0.8012968897819519,
            -0.0967218279838562
        ],
        [
            -0.18954017758369446,
            -0.7975437045097351,
            -0.09835883975028992
        ],
        [
            -0.1911868155002594,
            -0.799074649810791,
            -0.10001902282238007
        ],
        [
            -0.19351211190223694,
            -0.7992913722991943,
            -0.09419127553701401
        ],
        [
            -0.19098854064941406,
            -0.7974516153335571,
            -0.09387309849262238
        ],
        [
            -0.1762426197528839,
            -0.7981085181236267,
            -0.1156909391283989
        ],
        [
            -0.1796351820230484,
            -0.797796368598938,
            -0.10968583822250366
        ],
        [
            -0.17639698088169098,
            -0.7955033779144287,
            -0.11024504154920578
        ],
        [
            -0.17249897122383118,
            -0.7926538586616516,
            -0.11740036308765411
        ],
        [
            -0.17561060190200806,
            -0.7867468595504761,
            -0.1012563407421112
        ],
        [
            -0.17498734593391418,
            -0.7888447046279907,
            -0.10620970278978348
        ],
        [
            -0.1798674613237381,
            -0.7933440804481506,
            -0.10195530951023102
        ],
        [
            -0.18046289682388306,
            -0.7917448282241821,
            -0.09842406958341599
        ],
        [
            -0.18072611093521118,
            -0.7908889055252075,
            -0.09436026215553284
        ],
        [
            -0.1808614730834961,
            -0.7908236980438232,
            -0.08987197279930115
        ],
        [
            -0.1772291213274002,
            -0.7868728041648865,
            -0.09054591506719589
        ],
        [
            -0.17645293474197388,
            -0.7863331437110901,
            -0.09582024067640305
        ],
        [
            -0.19349664449691772,
            -0.8004974722862244,
            -0.08779288828372955
        ],
        [
            -0.1911177933216095,
            -0.80117267370224,
            -0.08076588064432144
        ],
        [
            -0.18892300128936768,
            -0.7989949584007263,
            -0.08246135711669922
        ],
        [
            -0.19119325280189514,
            -0.7981784343719482,
            -0.08815356343984604
        ],
        [
            -0.1786356270313263,
            -0.7983094453811646,
            -0.07417238503694534
        ],
        [
            -0.18129469454288483,
            -0.7994052767753601,
            -0.07497231662273407
        ],
        [
            -0.1821320354938507,
            -0.8005707263946533,
            -0.0712818130850792
        ],
        [
            -0.17857852578163147,
            -0.7975972890853882,
            -0.07076172530651093
        ],
        [
            -0.17733368277549744,
            -0.794757604598999,
            -0.07302545011043549
        ],
        [
            -0.17820054292678833,
            -0.7965265512466431,
            -0.07535102218389511
        ],
        [
            -0.22362148761749268,
            -0.8518521785736084,
            -0.0916651040315628
        ],
        [
            -0.22022312879562378,
            -0.8345822095870972,
            -0.08463022112846375
        ],
        [
            -0.21363116800785065,
            -0.8506958484649658,
            -0.10939402878284454
        ],
        [
            -0.20046238601207733,
            -0.8467285633087158,
            -0.12198256701231003
        ],
        [
            -0.1875208616256714,
            -0.8389732241630554,
            -0.13212452828884125
        ],
        [
            -0.13888110220432281,
            -0.7483646869659424,
            -0.11283337324857712
        ],
        [
            -0.12933316826820374,
            -0.7444061636924744,
            -0.11573627591133118
        ],
        [
            -0.12554684281349182,
            -0.7556096315383911,
            -0.12633231282234192
        ],
        [
            -0.11578790843486786,
            -0.7500773072242737,
            -0.12591275572776794
        ],
        [
            -0.12028464674949646,
            -0.7385488748550415,
            -0.11462469398975372
        ],
        [
            -0.10603636503219604,
            -0.7257161140441895,
            -0.10231398046016693
        ],
        [
            -0.11247846484184265,
            -0.7318302392959595,
            -0.11032310128211975
        ],
        [
            -0.10580332577228546,
            -0.7446207404136658,
            -0.1233731061220169
        ],
        [
            -0.101946622133255,
            -0.7613050937652588,
            -0.1359514743089676
        ],
        [
            -0.11261624097824097,
            -0.7634702920913696,
            -0.13547538220882416
        ],
        [
            -0.10103011131286621,
            -0.7807035446166992,
            -0.143473818898201
        ],
        [
            -0.0890117883682251,
            -0.7598373293876648,
            -0.13518443703651428
        ],
        [
            -0.09288325905799866,
            -0.7846990823745728,
            -0.14311668276786804
        ],
        [
            -0.07865670323371887,
            -0.7310562133789062,
            -0.11504335701465607
        ],
        [
            -0.07443465292453766,
            -0.7238484025001526,
            -0.11588981747627258
        ],
        [
            -0.06777235120534897,
            -0.7330601215362549,
            -0.13139230012893677
        ],
        [
            -0.07267490029335022,
            -0.7410788536071777,
            -0.13058988749980927
        ],
        [
            -0.12334735691547394,
            -0.7661036252975464,
            -0.13404054939746857
        ],
        [
            -0.16670596599578857,
            -0.813934326171875,
            -0.13453955948352814
        ],
        [
            -0.17445030808448792,
            -0.8082945942878723,
            -0.12733551859855652
        ],
        [
            -0.15673398971557617,
            -0.8051841259002686,
            -0.13758929073810577
        ],
        [
            -0.18610674142837524,
            -0.873644232749939,
            -0.14199504256248474
        ],
        [
            -0.19615089893341064,
            -0.8608803749084473,
            -0.13233792781829834
        ],
        [
            -0.18353497982025146,
            -0.851133406162262,
            -0.14050814509391785
        ],
        [
            -0.17610688507556915,
            -0.8640871047973633,
            -0.14908169209957123
        ],
        [
            -0.20774100720882416,
            -0.9010127782821655,
            -0.11262170970439911
        ],
        [
            -0.21977883577346802,
            -0.8768000602722168,
            -0.10364197939634323
        ],
        [
            -0.2098231166601181,
            -0.8706322312355042,
            -0.11793447285890579
        ],
        [
            -0.1998407542705536,
            -0.8888888359069824,
            -0.12675341963768005
        ],
        [
            -0.16663847863674164,
            -0.8723430633544922,
            -0.1550537645816803
        ],
        [
            -0.15333744883537292,
            -0.8836131691932678,
            -0.1606680452823639
        ],
        [
            -0.1560722291469574,
            -0.9008855819702148,
            -0.1584792137145996
        ],
        [
            -0.17389407753944397,
            -0.8891960382461548,
            -0.1507718563079834
        ],
        [
            -0.15990257263183594,
            -0.923328161239624,
            -0.14870329201221466
        ],
        [
            -0.18139322102069855,
            -0.9091359376907349,
            -0.13886809349060059
        ],
        [
            -0.07744643092155457,
            -0.7777394652366638,
            -0.14239323139190674
        ],
        [
            -0.084933340549469,
            -0.7961663603782654,
            -0.14527437090873718
        ],
        [
            -0.08026406168937683,
            -0.7492071390151978,
            -0.1298934817314148
        ],
        [
            -0.07131510972976685,
            -0.7629873752593994,
            -0.14030274748802185
        ],
        [
            -0.16062256693840027,
            -0.9412693977355957,
            -0.13261407613754272
        ],
        [
            -0.18673887848854065,
            -0.9255855083465576,
            -0.12187400460243225
        ],
        [
            -0.09902404248714447,
            -0.8944418430328369,
            -0.16554348170757294
        ],
        [
            -0.11655902862548828,
            -0.9038783311843872,
            -0.16453775763511658
        ],
        [
            -0.12268339097499847,
            -0.8838101625442505,
            -0.16670989990234375
        ],
        [
