{
    "pred_cam": [
        1.124159574508667,
        -0.06059854477643967,
        0.17093652486801147
    ],
    "pred_smpl_params": {
        "global_orient": [
            [
                [
                    0.9740145802497864,
                    0.14729923009872437,
                    -0.1720421016216278
                ],
                [
                    0.14071129262447357,
                    -0.9887899160385132,
                    -0.04994791001081467
                ],
                [
                    -0.17747080326080322,
                    0.024441726505756378,
                    -0.9838224649429321
                ]
            ]
        ],
        "body_pose": [
            [
                [
                    0.9993141293525696,
                    -0.035793714225292206,
                    0.009492535144090652
                ],
                [
                    0.03417345881462097,
                    0.9901283979415894,
                    0.13593319058418274
                ],
                [
                    -0.014264383353292942,
                    -0.13551557064056396,
                    0.9906724691390991
                ]
            ],
            [
                [
                    0.988457202911377,
                    -0.1141514703631401,
                    0.09960805624723434
                ],
                [
                    0.10616251826286316,
                    0.9909507036209106,
                    0.08213558793067932
                ],
                [
                    -0.10808256268501282,
                    -0.07061287760734558,
                    0.9916309714317322
                ]
            ],
            [
                [
                    0.9989969730377197,
                    0.028735937550663948,
                    -0.0343388132750988
                ],
                [
                    -0.03361454978585243,
                    0.9879330992698669,
                    -0.15118910372257233
                ],
                [
                    0.0295798908919096,
                    0.15219175815582275,
                    0.987908124923706
                ]
            ],
            [
                [
                    0.996671736240387,
                    0.03573005273938179,
                    -0.0732719823718071
                ],
                [
                    -0.07057864964008331,
                    0.8279948830604553,
                    -0.5562761425971985
                ],
                [
                    0.04079306125640869,
                    0.5595961213111877,
                    0.8277608752250671
                ]
            ],
            [
                [
                    0.993258535861969,
                    0.02179495245218277,
                    0.11385340988636017
                ],
                [
                    0.06480967998504639,
                    0.7099146842956543,
                    -0.7012994885444641
                ],
                [
                    -0.0961109921336174,
                    0.7039504051208496,
                    0.7037162780761719
                ]
            ],
            [
                [
                    0.9961091876029968,
                    -0.06637844443321228,
                    -0.05796940252184868
                ],
                [
                    0.06597226858139038,
                    0.9977818727493286,
                    -0.008894686587154865
                ],
                [
                    0.058431226760149,
                    0.005035705398768187,
                    0.9982788562774658
                ]
            ],
            [
                [
                    0.9812846183776855,
                    0.08177856355905533,
                    0.17433464527130127
                ],
                [
                    -0.09450013935565948,
                    0.9933378100395203,
                    0.06595274806022644
                ],
                [
                    -0.16777966916561127,
                    -0.08119308948516846,
                    0.982475221157074
                ]
            ],
            [
                [
                    0.9832964539527893,
                    -0.0512954480946064,
                    -0.17463377118110657
                ],
                [
                    0.07186713814735413,
                    0.9909248948097229,
                    0.11359065771102905
                ],
                [
                    0.1672222912311554,
                    -0.12424370646476746,
                    0.9780594110488892
                ]
            ],
            [
                [
                    0.9981664419174194,
                    -0.03493037447333336,
                    -0.049433592706918716
                ],
                [
                    0.03274795413017273,
                    0.9984817504882812,
                    -0.04429071769118309
                ],
                [
                    0.05090563744306564,
                    0.042590659111738205,
                    0.9977948665618896
                ]
            ],
            [
                [
                    0.9789360761642456,
                    -0.19973228871822357,
                    0.04232338070869446
                ],
                [
                    0.1860138475894928,
                    0.9579722881317139,
                    0.21837565302848816
                ],
                [
                    -0.08416130393743515,
                    -0.2059030532836914,
                    0.9749466180801392
                ]
            ],
            [
                [
                    0.9878190159797668,
                    0.15225519239902496,
                    0.03212574124336243
                ],
                [
                    -0.1555437445640564,
                    0.9720535278320312,
                    0.1758350282907486
                ],
                [
                    -0.004456144291907549,
                    -0.1786901205778122,
                    0.9838953018188477
                ]
            ],
            [
                [
                    0.9919620156288147,
                    -0.10674625635147095,
                    -0.0679454579949379
                ],
                [
                    0.11149650812149048,
                    0.9912647604942322,
                    0.07044606655836105
                ],
                [
                    0.05983208492398262,
                    -0.07745550572872162,
                    0.9951988458633423
                ]
            ],
            [
                [
                    0.9821018576622009,
                    0.17996828258037567,
                    -0.05556274577975273
                ],
                [
                    -0.1788797676563263,
                    0.9835777282714844,
                    0.024019718170166016
                ],
                [
                    0.05897306278347969,
                    -0.013650760985910892,
                    0.9981662034988403
                ]
            ],
            [
                [
                    0.9628920555114746,
                    -0.26696860790252686,
                    0.03958197683095932
                ],
                [
                    0.2628854513168335,
                    0.9609599709510803,
                    0.08629706501960754
                ],
                [
                    -0.061075299978256226,
                    -0.0726892277598381,
                    0.995482861995697
                ]
            ],
            [
                [
                    0.9900754690170288,
                    -0.06837023049592972,
                    -0.12278473377227783
                ],
                [
                    0.04248182848095894,
                    0.9784108400344849,
                    -0.20225611329078674
                ],
                [
                    0.1339622139930725,
                    0.19503268599510193,
                    0.9716050624847412
                ]
            ],
            [
                [
                    0.7141275405883789,
                    0.6288553476333618,
                    -0.307510644197464
                ],
                [
                    -0.6593713164329529,
                    0.7517921924591064,
                    0.006157079245895147
                ],
                [
                    0.2350560426712036,
                    0.19836676120758057,
                    0.9515246748924255
                ]
            ],
            [
                [
                    0.5176481008529663,
                    -0.7817498445510864,
                    0.3477177619934082
                ],
                [
                    0.8325138092041016,
                    0.5539708137512207,
                    0.006089251488447189
                ],
                [
                    -0.1973857432603836,
                    0.2863277494907379,
                    0.9375794529914856
                ]
            ],
            [
                [
                    -0.5519512891769409,
                    -0.378717303276062,
                    -0.742915153503418
                ],
                [
                    0.12355498224496841,
                    0.8439410924911499,
                    -0.5220130085945129
                ],
                [
                    0.8246719837188721,
                    -0.37991663813591003,
                    -0.41902196407318115
                ]
            ],
            [
                [
                    -0.4538329839706421,
                    0.4087459444999695,
                    0.791809618473053
                ],
                [
                    -0.16657599806785583,
                    0.8340092897415161,
                    -0.5260047316551208
                ],
                [
                    -0.8753788471221924,
                    -0.37061476707458496,
                    -0.310413658618927
                ]
            ],
            [
                [
                    0.959306538105011,
                    -0.24236221611499786,
                    -0.14488403499126434
                ],
                [
                    0.2518780529499054,
                    0.9664074182510376,
                    0.05112805590033531
                ],
                [
                    0.12762551009655,
                    -0.08554060012102127,
                    0.9881266951560974
                ]
            ],
            [
                [
                    0.968036949634552,
                    0.20201249420642853,
                    0.14864479005336761
                ],
                [
                    -0.22135958075523376,
                    0.9667975306510925,
                    0.12768107652664185
                ],
                [
                    -0.11791624873876572,
                    -0.15650397539138794,
                    0.980613112449646
                ]
            ],
            [
                [
                    0.9747573733329773,
                    0.21156218647956848,
                    -0.07134062051773071
                ],
                [
                    -0.20665733516216278,
                    0.975881040096283,
                    0.07034899294376373
                ],
                [
                    0.08450314402580261,
                    -0.053830135613679886,
                    0.9949681162834167
                ]
            ],
            [
                [
                    0.9738672971725464,
                    -0.20887057483196259,
                    0.08919433504343033
                ],
                [
                    0.2058226466178894,
                    0.9776788353919983,
                    0.042204368859529495
                ],
                [
                    -0.09601865708827972,
                    -0.022743238136172295,
                    0.9951197504997253
                ]
            ]
        ],
        "betas": [
            -0.014879375696182251,
            0.16771072149276733,
            0.44906482100486755,
            0.8611798286437988,
            -0.03725755214691162,
            -0.03081205114722252,
            -0.021737664937973022,
            0.06645286083221436,
            0.05758453905582428,
            -0.029108047485351562
        ]
    },
    "pred_cam_t": [
        -0.06059854477643967,
        0.17093652486801147,
        34.7481803894043
    ],
    "focal_length": [
        5000.0,
        5000.0
    ],
    "pred_keypoints_3d": [
        [
            -0.02223074436187744,
            -0.8482345938682556,
            -0.14012904465198517
        ],
        [
            0.05933419615030289,
            -0.7481424808502197,
            0.008321918547153473
        ],
        [
            -0.11373763531446457,
            -0.6720460653305054,
            0.08330817520618439
        ],
        [
            -0.19923880696296692,
            -0.43594449758529663,
            0.09393566846847534
        ],
        [
            -0.19195210933685303,
            -0.564337432384491,
            -0.12364581227302551
        ],
        [
            0.22266364097595215,
            -0.6521490216255188,
            -0.0396585613489151
        ],
        [
            0.3379392623901367,
            -0.42857226729393005,
            -0.09843306243419647
        ],
        [
            0.1767481118440628,
            -0.5639108419418335,
            -0.22803206741809845
        ],
        [
            -0.0024679237976670265,
            -0.23228509724140167,
            0.026096299290657043
        ],
        [
            -0.07849298417568207,
            -0.15172064304351807,
            0.04053807258605957
        ],
        [
            -0.13381843268871307,
            0.22366654872894287,
            0.007097944617271423
        ],
        [
            -0.12363030016422272,
            0.5068061351776123,
            0.28309130668640137
        ],
        [
            0.05054987594485283,
            -0.13188636302947998,
            0.01930755376815796
        ],
        [
            0.0353437215089798,
            0.2346705198287964,
            -0.0448937863111496
        ],
        [
            0.006399516016244888,
            0.5722024440765381,
            0.15856803953647614
        ],
        [
            -0.03736761212348938,
            -0.8895042538642883,
            -0.09576359391212463
        ],
        [
            0.01837623491883278,
            -0.8943970203399658,
            -0.13161557912826538
        ],
        [
            -0.020065225660800934,
            -0.8819849491119385,
            0.006722923368215561
        ],
        [
            0.10352768748998642,
            -0.8916510343551636,
            -0.07267806679010391
        ],
        [
            -0.02094195783138275,
            0.6840168237686157,
            -0.0038977116346359253
        ],
        [
            0.05005402863025665,
            0.6836891174316406,
            0.04219710826873779
        ],
        [
            0.01488438993692398,
            0.5862297415733337,
            0.22696921229362488
        ],
        [
            -0.13209497928619385,
            0.6440951824188232,
            0.14187726378440857
        ],
        [
            -0.20268596708774567,
            0.6257497072219849,
            0.19147774577140808
        ],
        [
            -0.12232397496700287,
            0.5147196054458618,
            0.3562644422054291
        ],
        [
            -0.14401617646217346,
            0.45204681158065796,
            0.27616897225379944
        ],
        [
            -0.12726739048957825,
            0.1632838249206543,
            0.0014613629318773746
        ],
        [
            -0.1359488070011139,
            -0.2843368649482727,
            0.060814596712589264
        ],
        [
            0.14112262427806854,
            -0.22787517309188843,
            0.023835957050323486
        ],
        [
            0.04922432452440262,
            0.1948266327381134,
            -0.04615488648414612
        ],
        [
            0.021905576810240746,
            0.5331648588180542,
            0.16733674705028534
        ],
        [
            -0.1721375286579132,
            -0.5762585401535034,
            -0.08765856921672821
        ],
        [
            -0.22540903091430664,
            -0.4765269160270691,
            0.08734625577926636
        ],
        [
            -0.07948736846446991,
            -0.6965296268463135,
            0.06893890351057053
        ],
        [
            0.20047292113304138,
            -0.683341383934021,
            -0.029459413141012192
        ],
        [
            0.3528941869735718,
            -0.47443315386772156,
            -0.11599134653806686
        ],
        [
            0.19152548909187317,
            -0.5716196298599243,
            -0.20620518922805786
        ],
        [
            0.05799037218093872,
            -0.7434594035148621,
            0.007666155230253935
        ],
        [
            0.02978205494582653,
            -0.9382153749465942,
            -0.050907816737890244
        ],
        [
            0.003079519607126713,
            -0.25578951835632324,
            0.041984058916568756
        ],
        [
            0.05799198895692825,
            -0.6866710186004639,
            0.017850134521722794
        ],
        [
            0.04667792469263077,
            -0.503380537033081,
            0.04667280614376068
        ],
        [
            0.025933701545000076,
            -0.8274359703063965,
            -0.07765679806470871
        ],
        [
            0.027954714372754097,
            -0.9574345350265503,
            -0.041450612246990204
        ]
    ],
    "pred_vertices": [
        [
            0.023663651198148727,
            -0.9402878880500793,
            -0.1418384611606598
        ],
        [
            0.01666906103491783,
            -0.9258425235748291,
            -0.14334411919116974
        ],
        [
            0.03134038299322128,
            -0.923711895942688,
            -0.14159667491912842
        ],
        [
            0.039799682796001434,
            -0.9348729252815247,
            -0.1364191174507141
        ],
        [
            0.025680087506771088,
            -0.9140654802322388,
            -0.1433047354221344
        ],
        [
            0.01309511810541153,
            -0.9142805337905884,
            -0.14361795783042908
        ],
        [
            0.04301553964614868,
            -0.9187662601470947,
            -0.13592121005058289
        ],
        [
            0.05202147364616394,
            -0.9266974329948425,
            -0.1299118995666504
        ],
        [
            0.05696989595890045,
            -0.8846304416656494,
            -0.12687638401985168
        ],
        [
            0.06588445603847504,
            -0.8805296421051025,
            -0.12013012170791626
        ],
        [
            0.06409474462270737,
            -0.8924936652183533,
            -0.1227319985628128
        ],
        [
            0.054861050099134445,
            -0.8932672739028931,
            -0.12768906354904175
        ],
        [
            0.0606367327272892,
            -0.8587288856506348,
            -0.1220889613032341
        ],
        [
            0.051694538444280624,
            -0.8486489653587341,
            -0.12550903856754303
        ],
        [
            0.05976317077875137,
            -0.8404263257980347,
            -0.11807368695735931
        ],
        [
            0.06810581684112549,
            -0.8500771522521973,
            -0.11336174607276917
        ],
        [
            0.010320644825696945,
            -0.8591105341911316,
            -0.12952929735183716
        ],
        [
            0.016269288957118988,
            -0.8528246879577637,
            -0.13119962811470032
        ],
        [
            0.019302748143672943,
            -0.8598572015762329,
            -0.13275517523288727
        ],
        [
            0.01297551766037941,
            -0.8652339577674866,
            -0.1303819864988327
        ],
        [
            -0.0016628503799438477,
            -0.8677772283554077,
            -0.13055962324142456
        ],
        [
            0.0004044175148010254,
            -0.8735182285308838,
            -0.12834136188030243
        ],
        [
            -0.00661705806851387,
            -0.8766976594924927,
            -0.13046103715896606
        ],
        [
            -0.00843561440706253,
            -0.8702017068862915,
            -0.1339716613292694
        ],
        [
            0.006247367709875107,
            -0.8534706830978394,
            -0.12663131952285767
        ],
        [
            0.012846309691667557,
            -0.8470771312713623,
            -0.1281416118144989
        ],
        [
            0.00490550696849823,
            -0.8644070625305176,
            -0.12869463860988617
        ],
        [
            0.0026434212923049927,
            -0.8596196174621582,
            -0.12955883145332336
        ],
        [
            -0.0045998916029930115,
            -0.8525870442390442,
            -0.13680589199066162
        ],
        [
            -0.002993665635585785,
            -0.8574809432029724,
            -0.13642537593841553
        ],
        [
            -0.009616702795028687,
            -0.8578565716743469,
            -0.14059412479400635
        ],
        [
            -0.009842924773693085,
            -0.8523519039154053,
            -0.13926804065704346
        ],
        [
            0.00263398140668869,
            -0.8527348637580872,
            -0.13015985488891602
        ],
        [
            0.001341499388217926,
            -0.8555220365524292,
            -0.13295254111289978
        ],
        [
            -0.0016129575669765472,
            -0.8515239953994751,
            -0.13357754051685333
        ],
        [
            -0.0009247139096260071,
            -0.8495080471038818,
            -0.12996017932891846
        ],
        [
            -0.003253992646932602,
            -0.8632550239562988,
            -0.13250207901000977
        ],
        [
            -0.009464532136917114,
            -0.8644859790802002,
            -0.13711479306221008
        ],
        [
            -0.016676686704158783,
            -0.8651782274246216,
            -0.14127224683761597
        ],
        [
            -0.01674899458885193,
            -0.8565797805786133,
            -0.14446645975112915
        ],
        [
            0.03058542311191559,
            -0.8403061628341675,
            -0.13034194707870483
        ],
        [
            0.02325345203280449,
            -0.8466740846633911,
            -0.13186970353126526
        ],
        [
            0.019407879561185837,
            -0.8414992094039917,
            -0.12920352816581726
        ],
        [
            0.025561410933732986,
            -0.8364176750183105,
            -0.12878713011741638
        ],
        [
            0.0022956877946853638,
            -0.8465934991836548,
            -0.12747183442115784
        ],
        [
            0.007268812507390976,
            -0.8308284282684326,
            -0.12864097952842712
        ],
        [
            0.006956901401281357,
            -0.8346442580223083,
            -0.1292872428894043
        ],
        [
            -0.00029559433460235596,
            -0.8348250985145569,
            -0.12968945503234863
        ],
        [
            0.0006347261369228363,
            -0.8312996625900269,
            -0.1292514055967331
        ],
        [
            0.040990449488162994,
            -0.8267436027526855,
            -0.12431570887565613
        ],
        [
            0.033929504454135895,
            -0.8250460028648376,
            -0.12539564073085785
        ],
        [
            0.03647121414542198,
            -0.8181709051132202,
            -0.12294924259185791
        ],
        [
            0.043874695897102356,
            -0.8186235427856445,
            -0.12032966315746307
        ],
        [
            0.03592123091220856,
            -0.8121072053909302,
            -0.12054756283760071
        ],
        [
            0.045473113656044006,
            -0.8106660842895508,
            -0.11637935042381287
        ],
        [
            0.03900717943906784,
            -0.7959579229354858,
            -0.1115148663520813
        ],
        [
            0.04265093430876732,
            -0.8024037480354309,
            -0.1137002632021904
        ],
        [
            0.032998405396938324,
            -0.8061305284500122,
            -0.11886502057313919
        ],
        [
            0.027402058243751526,
            -0.8004031181335449,
            -0.1189243346452713
        ],
        [
            0.011909499764442444,
            -0.8038409948348999,
            -0.1205301433801651
        ],
        [
            0.005680892616510391,
            -0.8019925951957703,
            -0.11994219571352005
        ],
        [
            0.012202270328998566,
            -0.7902406454086304,
            -0.11970831453800201
        ],
        [
            0.019530080258846283,
            -0.7944105267524719,
            -0.11970409750938416
        ],
        [
            0.009765874594449997,
            -0.8253629207611084,
            -0.12424368411302567
        ],
        [
            0.014508336782455444,
            -0.825908362865448,
            -0.12372347712516785
        ],
        [
            0.01340208575129509,
            -0.8272238969802856,
            -0.12592259049415588
        ],
        [
            0.008130326867103577,
            -0.827781081199646,
            -0.12681670486927032
        ],
        [
            0.018549129366874695,
            -0.8260191082954407,
            -0.12374880164861679
        ],
        [
            0.020381193608045578,
            -0.825961709022522,
            -0.12385684251785278
        ],
        [
            0.019388511776924133,
            -0.8271791934967041,
            -0.12489505857229233
        ],
        [
            0.018006429076194763,
            -0.8267860412597656,
            -0.12421795725822449
        ],
        [
            0.016093619167804718,
            -0.8262217044830322,
            -0.12380966544151306
        ],
        [
            0.015306036919355392,
            -0.8241275548934937,
            -0.12366485595703125
        ],
        [
            0.017697293311357498,
            -0.8250771760940552,
            -0.1237495020031929
        ],
        [
            0.010995987802743912,
            -0.8228120803833008,
            -0.12437978386878967
        ],
        [
            -0.0032320842146873474,
            -0.8190940618515015,
            -0.12483233958482742
        ],
        [
            0.0005370862782001495,
            -0.8199941515922546,
            -0.12557247281074524
        ],
        [
            -0.0007717907428741455,
            -0.8245078325271606,
            -0.12420240789651871
        ],
        [
            -0.004025954753160477,
            -0.8239790797233582,
            -0.12368878722190857
        ],
        [
            0.016882073134183884,
            -0.8287791609764099,
            -0.12580837309360504
        ],
        [
            0.019084889441728592,
            -0.8305298089981079,
            -0.12677298486232758
        ],
        [
            0.013866104185581207,
            -0.8326796293258667,
            -0.1282166689634323
        ],
        [
            0.013428062200546265,
            -0.8299312591552734,
            -0.12686389684677124
        ],
        [
            0.021370001137256622,
            -0.8326458930969238,
            -0.12794892489910126
        ],
        [
            0.02157052978873253,
            -0.828566312789917,
            -0.12551508843898773
        ],
        [
            0.024642303586006165,
            -0.8294965028762817,
            -0.12651386857032776
        ],
        [
            0.02013835310935974,
            -0.8240488767623901,
            -0.12354221194982529
        ],
        [
            0.023420579731464386,
            -0.822624683380127,
            -0.12346800416707993
        ],
        [
            0.023079175502061844,
            -0.8253165483474731,
            -0.1247374415397644
        ],
        [
            0.021896298974752426,
            -0.8191384077072144,
            -0.1227768063545227
        ],
        [
            0.017752356827259064,
            -0.8218574523925781,
            -0.12327060103416443
        ],
        [
            0.013604681938886642,
            -0.8195161819458008,
            -0.12389235198497772
        ],
        [
            0.008078329265117645,
            -0.8172882795333862,
            -0.12452477961778641
        ],
        [
            0.012264039367437363,
            -0.8127990365028381,
            -0.12279419600963593
        ],
        [
            0.0179034024477005,
            -0.8157309293746948,
            -0.12276826053857803
        ],
        [
            0.0157470740377903,
            -0.8367487192153931,
            -0.128724604845047
        ],
        [
            0.027746371924877167,
            -0.8251028656959534,
            -0.12502603232860565
        ],
        [
            0.030046019703149796,
            -0.8317952156066895,
            -0.12700888514518738
        ],
        [
            0.02882026880979538,
            -0.8202877044677734,
            -0.12364879250526428
        ],
        [
            0.027802113443613052,
            -0.8155627250671387,
            -0.12212823331356049
        ],
        [
            0.024292387068271637,
            -0.8110722303390503,
            -0.12122204154729843
        ],
        [
            0.018186185508966446,
            -0.8071408271789551,
            -0.12099659442901611
        ],
        [
            0.02077767625451088,
            -0.7826908826828003,
            -0.11026711761951447
        ],
        [
            0.029408402740955353,
            -0.7884231805801392,
            -0.11154171824455261
        ],
        [
            0.013405229896306992,
            -0.9069410562515259,
            -0.13958196341991425
        ],
        [
            0.022411242127418518,
            -0.9069907665252686,
            -0.14147968590259552
        ],
        [
            0.025938715785741806,
            -0.8997488021850586,
            -0.13676559925079346
        ],
        [
            0.027182314544916153,
            -0.9022940397262573,
            -0.13771405816078186
        ],
        [
            0.02105250582098961,
            -0.902905285358429,
            -0.13823357224464417
        ],
        [
            0.021192532032728195,
            -0.9003725647926331,
            -0.13679084181785583
        ],
        [
            0.04604555293917656,
            -0.894615888595581,
            -0.12974947690963745
        ],
        [
            0.03928610309958458,
            -0.8958033323287964,
            -0.13138802349567413
        ],
        [
            0.040776729583740234,
            -0.8921538591384888,
            -0.13008223474025726
        ],
        [
            0.04849228262901306,
            -0.8882255554199219,
            -0.1296030431985855
        ],
        [
            0.03161231800913811,
            -0.8833915591239929,
            -0.13198035955429077
        ],
        [
            0.03682682290673256,
            -0.8852581977844238,
            -0.1313774734735489
        ],
        [
            0.03149186447262764,
            -0.8914665579795837,
            -0.13229209184646606
        ],
        [
            0.027631741017103195,
            -0.8901671171188354,
            -0.13276131451129913
        ],
        [
            0.023437920957803726,
            -0.8893108367919922,
            -0.13263437151908875
        ],
        [
            0.01911833882331848,
            -0.8889787793159485,
            -0.13166986405849457
        ],
        [
            0.020167246460914612,
            -0.883651614189148,
            -0.1308712363243103
        ],
        [
            0.02563927322626114,
            -0.8831201791763306,
            -0.13179616630077362
        ],
        [
            0.014679018408060074,
            -0.9036753177642822,
            -0.13583166897296906
        ],
        [
            0.008509498089551926,
            -0.9026904106140137,
            -0.1320616602897644
        ],
        [
            0.01052393764257431,
            -0.8998873233795166,
            -0.13165560364723206
        ],
        [
            0.01542159914970398,
            -0.9006999731063843,
            -0.13518139719963074
        ],
        [
            0.004634857177734375,
            -0.89328932762146,
            -0.1220812052488327
        ],
        [
            0.005044139921665192,
            -0.8957418203353882,
            -0.12370799481868744
        ],
        [
            0.0011738836765289307,
            -0.8968772888183594,
            -0.12300635874271393
        ],
        [
            0.001184813678264618,
            -0.8923275470733643,
            -0.1216658502817154
        ],
        [
            0.003345094621181488,
            -0.8893755674362183,
            -0.12285467237234116
        ],
        [
            0.005622752010822296,
            -0.8916205167770386,
            -0.12310349941253662
        ],
        [
            0.014220952987670898,
            -0.961563229560852,
            -0.13667351007461548
        ],
        [
            0.00834692269563675,
            -0.9436867237091064,
            -0.1407226026058197
        ],
        [
            0.03476329892873764,
            -0.9567403793334961,
            -0.1331368237733841
        ],
        [
            0.049494415521621704,
            -0.9475253224372864,
            -0.127396360039711
        ],
        [
            0.06170757859945297,
            -0.9350715279579163,
            -0.12179826200008392
        ],
        [
            0.05008994787931442,
            -0.8321775197982788,
            -0.12188058346509933
        ],
        [
            0.055352602154016495,
            -0.8236952424049377,
            -0.11637017875909805
        ],
        [
            0.06734823435544968,
            -0.8326113820075989,
            -0.11025609821081161
        ],
        [
            0.06920702755451202,
            -0.8222626447677612,
            -0.1040358915925026
        ],
        [
            0.0570339635014534,
            -0.8134346008300781,
            -0.1110585480928421
        ],
        [
            0.04851127415895462,
            -0.7946146726608276,
            -0.10073000192642212
        ],
        [
            0.05471562594175339,
            -0.8031229972839355,
            -0.10575684905052185
        ],
        [
            0.06871172785758972,
            -0.8122822046279907,
            -0.09556430578231812
        ],
        [
            0.0812869444489479,
            -0.8266069889068604,
            -0.08694389462471008
        ],
        [
            0.0794026106595993,
            -0.8336318135261536,
            -0.09699340164661407
        ],
        [
            0.0891663134098053,
            -0.8433088064193726,
            -0.07870622724294662
        ],
        [
            0.08348914980888367,
            -0.8192510604858398,
            -0.07325559854507446
        ],
        [
            0.09140859544277191,
            -0.8424052000045776,
            -0.06905633211135864
        ],
        [
            0.07302829623222351,
            -0.7806657552719116,
            -0.06567353010177612
        ],
        [
            0.07777222990989685,
            -0.768653392791748,
            -0.06120707839727402
        ],
        [
            0.09253547340631485,
            -0.7771003246307373,
            -0.053482912480831146
        ],
        [
            0.08869218826293945,
            -0.7889981269836426,
            -0.05908837169408798
        ],
        [
            0.07522361725568771,
            -0.8415550589561462,
            -0.10493138432502747
        ],
        [
            0.06825485825538635,
            -0.9039862155914307,
            -0.11755818128585815
        ],
        [
            0.05920892208814621,
            -0.9024497270584106,
            -0.12546713650226593
        ],
        [
            0.07325395196676254,
            -0.8914957046508789,
            -0.1142653375864029
        ],
        [
            0.07305313646793365,
            -0.9649068713188171,
            -0.10538799315690994
        ],
        [
            0.05988709628582001,
            -0.9582098722457886,
            -0.11714117228984833
        ],
        [
            0.07145015895366669,
            -0.9440792798995972,
            -0.11424131691455841
        ],
        [
            0.08171289414167404,
            -0.9521923065185547,
            -0.10312177240848541
        ],
        [
            0.041186150163412094,
            -0.9970879554748535,
            -0.10209096968173981
        ],
        [
            0.028094317764043808,
            -0.981555163860321,
            -0.12134578824043274
        ],
        [
            0.04338337108492851,
            -0.9717035293579102,
            -0.12003090977668762
        ],
        [
            0.05598292872309685,
            -0.983574390411377,
            -0.10499615967273712
        ],
        [
            0.0891970694065094,
            -0.9548922777175903,
            -0.09225903451442719
        ],
        [
            0.09961269050836563,
            -0.9581676721572876,
            -0.0763113871216774
        ],
        [
            0.09813407808542252,
            -0.9747644662857056,
            -0.07016982138156891
        ],
        [
            0.08457712084054947,
            -0.97214275598526,
            -0.08880557119846344
        ],
        [
            0.0887773185968399,
            -0.9947563409805298,
            -0.059571437537670135
        ],
        [
            0.07308635115623474,
            -0.9928421974182129,
            -0.08242478966712952
        ],
        [
            0.09593543410301208,
            -0.8289775252342224,
            -0.0573580339550972
        ],
        [
            0.09681156277656555,
            -0.8482688069343567,
            -0.05772295966744423
        ],
        [
            0.08370819687843323,
            -0.8028900027275085,
            -0.0662032961845398
        ],
        [
            0.09638162702322006,
            -0.8119807839393616,
            -0.05462102219462395
        ],
        [
            0.07393912971019745,
            -1.0099520683288574,
            -0.047366783022880554
        ],
        [
            0.05648535117506981,
            -1.008508324623108,
            -0.07498687505722046
        ],
        [
            0.11738274246454239,
            -0.9407711029052734,
            -0.02687407284975052
        ],
        [
            0.11374443024396896,
            -0.9581680297851562,
            -0.0369306281208992
        ],
        [
            0.11172324419021606,
            -0.9437867403030396,
            -0.05255056917667389
        ],
        [
            0.11615123599767685,
