{
    "pred_cam": [
        1.4056117534637451,
        0.18304546177387238,
        0.2821880877017975
    ],
    "pred_smpl_params": {
        "global_orient": [
            [
                [
                    -0.7104290723800659,
                    0.06592275202274323,
                    -0.7006744742393494
                ],
                [
                    0.21210898458957672,
                    -0.929252028465271,
                    -0.3024902939796448
                ],
                [
                    -0.6710442304611206,
                    -0.36351725459098816,
                    0.6461848616600037
                ]
            ]
        ],
        "body_pose": [
            [
                [
                    0.9991393089294434,
                    0.03315761685371399,
                    0.02492397651076317
                ],
                [
                    -0.037893470376729965,
                    0.9740210175514221,
                    0.22326453030109406
                ],
                [
                    -0.016873560845851898,
                    -0.22401683032512665,
                    0.9744391441345215
                ]
            ],
            [
                [
                    0.9902895092964172,
                    0.08880225569009781,
                    -0.10696238279342651
                ],
                [
                    -0.0666639506816864,
                    0.9785001277923584,
                    0.1951753795146942
                ],
                [
                    0.12199471890926361,
                    -0.18614956736564636,
                    0.9749183058738708
                ]
            ],
            [
                [
                    0.9967290759086609,
                    -0.0007027873070910573,
                    0.08081261068582535
                ],
                [
                    0.023058418184518814,
                    0.9608688354492188,
                    -0.27604252099990845
                ],
                [
                    -0.07745631784200668,
                    0.2770030200481415,
                    0.9577420949935913
                ]
            ],
            [
                [
                    0.9953995943069458,
                    0.09315361082553864,
                    -0.02240588143467903
                ],
                [
                    -0.09447560459375381,
                    0.9932147264480591,
                    -0.06781414896249771
                ],
                [
                    0.015936721116304398,
                    0.06961899250745773,
                    0.9974462985992432
                ]
            ],
            [
                [
                    0.9945002198219299,
                    -0.07875450700521469,
                    -0.06904347240924835
                ],
                [
                    0.06501036882400513,
                    0.9810338020324707,
                    -0.18260958790779114
                ],
                [
                    0.08211531490087509,
                    0.1771167367696762,
                    0.9807581901550293
                ]
            ],
            [
                [
                    0.997827410697937,
                    0.0006499162409454584,
                    0.06587991863489151
                ],
                [
                    0.002379960846155882,
                    0.9989430904388428,
                    -0.0459020622074604
                ],
                [
                    -0.06584012508392334,
                    0.045959118753671646,
                    0.9967712759971619
                ]
            ],
            [
                [
                    0.9846357107162476,
                    0.04577384889125824,
                    0.16851496696472168
                ],
                [
                    -0.039924196898937225,
                    0.9984821081161499,
                    -0.03794080764055252
                ],
                [
                    -0.16999587416648865,
                    0.030630050227046013,
                    0.9849686026573181
                ]
            ],
            [
                [
                    0.9782310128211975,
                    0.025871483609080315,
                    -0.2058998942375183
                ],
                [
                    -0.017577070742845535,
                    0.9989624619483948,
                    0.04201171174645424
                ],
                [
                    0.20677317678928375,
                    -0.037478040903806686,
                    0.9776707887649536
                ]
            ],
            [
                [
                    0.9986968040466309,
                    0.016861893236637115,
                    0.04817010834813118
                ],
                [
                    -0.012931080535054207,
                    0.9966481328010559,
                    -0.08077926188707352
                ],
                [
                    -0.04937073960900307,
                    0.08005110174417496,
                    0.9955673217773438
                ]
            ],
            [
                [
                    0.9945816993713379,
                    -0.0885794386267662,
                    0.05441529303789139
                ],
                [
                    0.09088314324617386,
                    0.9949995875358582,
                    -0.04142493009567261
                ],
                [
                    -0.05047379806637764,
                    0.046145904809236526,
                    0.9976587295532227
                ]
            ],
            [
                [
                    0.9996193051338196,
                    0.021566098555922508,
                    -0.017206966876983643
                ],
                [
                    -0.021736005321145058,
                    0.9997161626815796,
                    -0.00975022092461586
                ],
                [
                    0.016991809010505676,
                    0.010120520368218422,
                    0.9998043179512024
                ]
            ],
            [
                [
                    0.9751288890838623,
                    -0.009073724038898945,
                    0.22145313024520874
                ],
                [
                    0.03661198168992996,
                    0.9920298457145691,
                    -0.12056729197502136
                ],
                [
                    -0.21859408915042877,
                    0.1256764680147171,
                    0.9676891565322876
                ]
            ],
            [
                [
                    0.9213054776191711,
                    0.2698586881160736,
                    -0.2799508571624756
                ],
                [
                    -0.2503143846988678,
                    0.962553858757019,
                    0.10408087819814682
                ],
                [
                    0.2975549101829529,
                    -0.025814563035964966,
                    0.9543556571006775
                ]
            ],
            [
                [
                    0.8706339001655579,
                    -0.3518146276473999,
                    0.3438357710838318
                ],
                [
                    0.3394465446472168,
                    0.9355350136756897,
                    0.0977247804403305
                ],
                [
                    -0.3560514748096466,
                    0.03163136541843414,
                    0.9339307546615601
                ]
            ],
            [
                [
                    0.9942613840103149,
                    0.0809267908334732,
                    0.069966159760952
                ],
                [
                    -0.04301450029015541,
                    0.9012452960014343,
                    -0.43116891384124756
                ],
                [
                    -0.0979497879743576,
                    0.42568498849868774,
                    0.899554431438446
                ]
            ],
            [
                [
                    0.7711160182952881,
                    0.5127794742584229,
                    -0.3774086534976959
                ],
                [
                    -0.5099160671234131,
                    0.8523389101028442,
                    0.11620670557022095
                ],
                [
                    0.3812684714794159,
                    0.10283789038658142,
                    0.9187266826629639
                ]
            ],
            [
                [
                    0.5167535543441772,
                    -0.6604964137077332,
                    0.544711172580719
                ],
                [
                    0.6742236614227295,
                    0.706070065498352,
                    0.21653532981872559
                ],
                [
                    -0.5276250243186951,
                    0.25536179542541504,
                    0.810186505317688
                ]
            ],
            [
                [
                    0.8451573848724365,
                    -0.053514737635850906,
                    -0.5318318009376526
                ],
                [
                    0.09869138896465302,
                    0.9934918880462646,
                    0.05686631053686142
                ],
                [
                    0.5253274440765381,
                    -0.10054822266101837,
                    0.8449384570121765
                ]
            ],
            [
                [
                    0.5794391632080078,
                    0.18201395869255066,
                    0.7944312691688538
                ],
                [
                    -0.19681160151958466,
                    0.977145254611969,
                    -0.08032625913619995
                ],
                [
                    -0.7908952832221985,
                    -0.10980914533138275,
                    0.6020187139511108
                ]
            ],
            [
                [
                    0.9963873624801636,
                    -0.08150527626276016,
                    -0.02385740913450718
                ],
                [
                    0.08206533640623093,
                    0.9963493943214417,
                    0.02351989783346653
                ],
                [
                    0.021853318437933922,
                    -0.025392793118953705,
                    0.9994387030601501
                ]
            ],
            [
                [
                    0.9946156144142151,
                    0.08113500475883484,
                    0.06447438150644302
                ],
                [
                    -0.09191465377807617,
                    0.978015661239624,
                    0.1871817409992218
                ],
                [
                    -0.0478699691593647,
                    -0.19210000336170197,
                    0.9802071452140808
                ]
            ],
            [
                [
                    0.9856548309326172,
                    0.13267096877098083,
                    -0.10432159155607224
                ],
                [
                    -0.11873659491539001,
                    0.9843750596046448,
                    0.1300279200077057
                ],
                [
                    0.11994251608848572,
                    -0.11577585339546204,
                    0.9860069155693054
                ]
            ],
            [
                [
                    0.9855208992958069,
                    -0.14707134664058685,
                    0.0843711718916893
                ],
                [
                    0.13939398527145386,
                    0.9860790371894836,
                    0.09065017104148865
                ],
                [
                    -0.09652868658304214,
                    -0.07757680863142014,
                    0.9923023581504822
                ]
            ]
        ],
        "betas": [
            -0.2668299078941345,
            -0.3632764518260956,
            0.15517845749855042,
            0.8244527578353882,
            0.2914802134037018,
            -0.05933447927236557,
            -0.05350354313850403,
            -0.02720695734024048,
            0.05014319717884064,
            -0.05586892366409302
        ]
    },
    "pred_cam_t": [
        0.18304546177387238,
        0.2821880877017975,
        27.790390014648438
    ],
    "focal_length": [
        5000.0,
        5000.0
    ],
    "pred_keypoints_3d": [
        [
            -0.21544530987739563,
            -0.7425513863563538,
            -0.03833445534110069
        ],
        [
            -0.04072485491633415,
            -0.720135509967804,
            -0.09216582775115967
        ],
        [
            0.05811121314764023,
            -0.6591997146606445,
            0.07953960448503494
        ],
        [
            -0.000570930540561676,
            -0.44921809434890747,
            0.19645622372627258
        ],
        [
            -0.23379826545715332,
            -0.40434134006500244,
            0.2671583294868469
        ],
        [
            -0.14126069843769073,
            -0.5920833349227905,
            -0.20863014459609985
        ],
        [
            -0.2723449468612671,
            -0.37511345744132996,
            -0.21343840658664703
        ],
        [
            -0.46087321639060974,
            -0.2659798562526703,
            -0.10699208080768585
        ],
        [
            -0.0021234205923974514,
            -0.2297447919845581,
            0.02859463542699814
        ],
        [
            0.04260161146521568,
            -0.15919846296310425,
            0.10388937592506409
        ],
        [
            0.02747349441051483,
            0.14391160011291504,
            0.3155933618545532
        ],
        [
            0.004650900140404701,
            0.5141386389732361,
            0.4165770709514618
        ],
        [
            -0.052649930119514465,
            -0.1286190152168274,
            0.011179395020008087
        ],
        [
            -0.1433316469192505,
            0.18084236979484558,
            0.17514342069625854
        ],
        [
            -0.1358179748058319,
            0.5143395662307739,
            0.36532747745513916
        ],
        [
            -0.20363470911979675,
            -0.7980033159255981,
            -0.015788599848747253
        ],
        [
            -0.2237439751625061,
            -0.7871638536453247,
            -0.07826705276966095
        ],
        [
            -0.10979826748371124,
            -0.847612738609314,
            -0.007511429488658905
        ],
        [
            -0.15701285004615784,
            -0.8233532309532166,
            -0.14811524748802185
        ],
        [
            -0.28787070512771606,
            0.49652498960494995,
            0.4952811598777771
        ],
        [
            -0.2899518609046936,
            0.5417128205299377,
            0.42480987310409546
        ],
        [
            -0.09553425759077072,
            0.565827488899231,
            0.3492578864097595
        ],
        [
            -0.08331634104251862,
            0.48515498638153076,
            0.5916873216629028
        ],
        [
            0.0035382062196731567,
            0.4996986985206604,
            0.5858929753303528
        ],
        [
            0.027242746204137802,
            0.5739901065826416,
            0.3878842294216156
        ],
        [
            0.04119894281029701,
            0.47495216131210327,
            0.38732922077178955
        ],
        [
            0.031241200864315033,
            0.08721213787794113,
            0.2825245261192322
        ],
        [
            0.11321449279785156,
            -0.2878638505935669,
            0.10690303146839142
        ],
        [
            -0.08559420704841614,
            -0.2057815045118332,
            -0.09355641901493073
        ],
        [
            -0.1425650715827942,
            0.14703519642353058,
            0.14588698744773865
        ],
        [
            -0.12083348631858826,
            0.498012512922287,
            0.32787296175956726
        ],
        [
            -0.22642762959003448,
            -0.43763330578804016,
            0.2504825294017792
        ],
        [
            -0.005834765266627073,
            -0.4838639795780182,
            0.2160809189081192
        ],
        [
            0.036869682371616364,
            -0.6845044493675232,
            0.04359627887606621
        ],
        [
            -0.12404447048902512,
            -0.628348708152771,
            -0.2036723792552948
        ],
        [
            -0.2976521849632263,
            -0.41589224338531494,
            -0.22192616760730743
        ],
        [
            -0.4624764025211334,
            -0.28707993030548096,
            -0.1102927178144455
        ],
        [
            -0.04808272421360016,
            -0.7080157995223999,
            -0.08672969043254852
        ],
        [
            -0.17903386056423187,
            -0.8689454793930054,
            -0.07331182062625885
        ],
        [
            0.013372579589486122,
            -0.24700230360031128,
            0.006059341598302126
        ],
        [
            -0.040921181440353394,
            -0.65330970287323,
            -0.07727571576833725
        ],
        [
            0.014718049205839634,
            -0.485977441072464,
            -0.0634954646229744
        ],
        [
            -0.14329363405704498,
            -0.7591233849525452,
            -0.06864926218986511
        ],
        [
            -0.18210549652576447,
            -0.8886672258377075,
            -0.07184384763240814
        ]
    ],
    "pred_vertices": [
        [
            -0.25485533475875854,
            -0.8244333267211914,
            -0.0874456986784935
        ],
        [
            -0.25026172399520874,
            -0.8092873096466064,
            -0.08019118010997772
        ],
        [
            -0.24418167769908905,
            -0.8097222447395325,
            -0.09353723376989365
        ],
        [
            -0.24492664635181427,
            -0.8225898742675781,
            -0.1014316976070404
        ],
        [
            -0.2426474690437317,
            -0.7992019653320312,
            -0.08836846798658371
        ],
        [
            -0.24566349387168884,
            -0.7984075546264648,
            -0.0769294872879982
        ],
        [
            -0.2346857190132141,
            -0.8089402914047241,
            -0.10356903076171875
        ],
        [
            -0.23224417865276337,
            -0.8193982839584351,
            -0.11169319599866867
        ],
        [
            -0.2071133255958557,
            -0.7844495177268982,
            -0.11359117925167084
        ],
        [
            -0.19879980385303497,
            -0.7850990891456604,
            -0.12070377171039581
        ],
        [
            -0.20693930983543396,
            -0.7947119474411011,
            -0.11941837519407272
        ],
        [
            -0.21275594830513,
            -0.7917178273200989,
            -0.11172759532928467
        ],
        [
            -0.18951675295829773,
            -0.7652274370193481,
            -0.11432071775197983
        ],
        [
            -0.18897457420825958,
            -0.7541228532791138,
            -0.10617295652627945
        ],
        [
            -0.1771181970834732,
            -0.7514654397964478,
            -0.11182555556297302
        ],
        [
            -0.176167294383049,
            -0.7629039287567139,
            -0.11939150094985962
        ],
        [
            -0.20549798011779785,
            -0.7584843039512634,
            -0.06785926967859268
        ],
        [
            -0.2026216983795166,
            -0.7526718974113464,
            -0.07347183674573898
        ],
        [
            -0.20701751112937927,
            -0.7579081058502197,
            -0.07720616459846497
        ],
        [
            -0.20895585417747498,
            -0.763364851474762,
            -0.07106631994247437
        ],
        [
            -0.21318519115447998,
            -0.7648348212242126,
            -0.05721677094697952
        ],
        [
            -0.2140207588672638,
            -0.770933985710144,
            -0.05916198343038559
        ],
        [
            -0.21894524991512299,
            -0.7720533609390259,
            -0.05296310782432556
        ],
        [
            -0.21877971291542053,
            -0.764715313911438,
            -0.05155641958117485
        ],
        [
            -0.20095470547676086,
            -0.7550346255302429,
            -0.06287860870361328
        ],
        [
            -0.19770419597625732,
            -0.7492263317108154,
            -0.0689038336277008
        ],
        [
            -0.2084178626537323,
            -0.7631727457046509,
            -0.06290753930807114
        ],
        [
            -0.20723263919353485,
            -0.7587067484855652,
            -0.06058718264102936
        ],
        [
            -0.21138621866703033,
            -0.7486429810523987,
            -0.054713599383831024
        ],
        [
            -0.21337279677391052,
            -0.7530174255371094,
            -0.056592561304569244
        ],
        [
            -0.2184590995311737,
            -0.7507541179656982,
            -0.05135234072804451
        ],
        [
            -0.2144177258014679,
            -0.7467806935310364,
            -0.05035875365138054
        ],
        [
            -0.20434463024139404,
            -0.7524867057800293,
            -0.06045405566692352
        ],
        [
            -0.20841504633426666,
            -0.7533894777297974,
            -0.06005982309579849
        ],
        [
            -0.20746633410453796,
            -0.7494573593139648,
            -0.0570593923330307
        ],
        [
            -0.20324669778347015,
            -0.7496091723442078,
            -0.056642744690179825
        ],
        [
            -0.21289551258087158,
            -0.7598832845687866,
            -0.05606709420681
        ],
        [
            -0.2188001424074173,
            -0.7581058740615845,
            -0.051120027899742126
        ],
        [
            -0.2240671068429947,
            -0.7561126947402954,
            -0.04515644162893295
        ],
        [
            -0.2222888469696045,
            -0.7474367618560791,
            -0.04495599865913391
        ],
        [
            -0.19299620389938354,
            -0.7431262135505676,
            -0.08606848120689392
        ],
        [
            -0.19878792762756348,
            -0.7473639249801636,
            -0.08003497123718262
        ],
        [
            -0.194676011800766,
            -0.7441712021827698,
            -0.07511498779058456
        ],
        [
            -0.19068783521652222,
            -0.7403213381767273,
            -0.08061059564352036
        ],
        [
            -0.19907879829406738,
            -0.7486932277679443,
            -0.058800287544727325
        ],
        [
            -0.1911822408437729,
            -0.7351322174072266,
            -0.06243465095758438
        ],
        [
            -0.19358541071414948,
            -0.7381054162979126,
            -0.06260968744754791
        ],
        [
            -0.19555562734603882,
            -0.7375834584236145,
            -0.05568189173936844
        ],
        [
            -0.19333529472351074,
            -0.7347990274429321,
            -0.05617004632949829
        ],
        [
            -0.1794031262397766,
            -0.7353754043579102,
            -0.09391404688358307
        ],
        [
            -0.1807388812303543,
            -0.7328561544418335,
            -0.08711209893226624
        ],
        [
            -0.17488527297973633,
            -0.7286421060562134,
            -0.08843763172626495
        ],
        [
            -0.17170773446559906,
            -0.7309442758560181,
            -0.09496362507343292
        ],
        [
            -0.17020434141159058,
            -0.7249765396118164,
            -0.08622706681489944
        ],
        [
            -0.16462916135787964,
            -0.7266996502876282,
            -0.09441940486431122
        ],
        [
            -0.15441685914993286,
            -0.7165451049804688,
            -0.08544670790433884
        ],
        [
            -0.15893717110157013,
            -0.7211024761199951,
            -0.09014137089252472
        ],
        [
            -0.1662609577178955,
            -0.7209190726280212,
            -0.08222079277038574
        ],
        [
            -0.16423821449279785,
            -0.71596360206604,
            -0.07608947157859802
        ],
        [
            -0.16994374990463257,
            -0.7169921398162842,
            -0.0625566840171814
        ],
        [
            -0.16964620351791382,
            -0.71551513671875,
            -0.05623656511306763
        ],
        [
            -0.1623847484588623,
            -0.7061545848846436,
            -0.061218440532684326
        ],
        [
            -0.16329649090766907,
            -0.7099913954734802,
            -0.0681738629937172
        ],
        [
            -0.18415483832359314,
            -0.7327825427055359,
            -0.06325984746217728
        ],
        [
            -0.18313679099082947,
            -0.7336817383766174,
            -0.06787491589784622
        ],
        [
            -0.18585491180419922,
            -0.7335285544395447,
            -0.06751058995723724
        ],
        [
            -0.18788230419158936,
            -0.7333515882492065,
            -0.0626433938741684
        ],
        [
            -0.18260018527507782,
            -0.7337989807128906,
            -0.0719376653432846
        ],
        [
            -0.1823352873325348,
            -0.7337633967399597,
            -0.0737379938364029
        ],
        [
            -0.1839812844991684,
            -0.7341310381889343,
            -0.07318200170993805
        ],
        [
            -0.1834278702735901,
            -0.7340881824493408,
            -0.07188279926776886
        ],
        [
            -0.18315470218658447,
            -0.7338128089904785,
            -0.06978212296962738
        ],
        [
            -0.1820088028907776,
            -0.7322816252708435,
            -0.06863562017679214
        ],
        [
            -0.18226003646850586,
            -0.7330583333969116,
            -0.07091058045625687
        ],
        [
            -0.1827501654624939,
            -0.7306431531906128,
            -0.0644259825348854
        ],
        [
            -0.18433372676372528,
            -0.7265638113021851,
            -0.050326064229011536
        ],
        [
            -0.1844618320465088,
            -0.7270102500915527,
            -0.05416172742843628
        ],
        [
            -0.18579775094985962,
            -0.7314176559448242,
            -0.05304689705371857
        ],
        [
            -0.18588262796401978,
            -0.7312493324279785,
            -0.04981907829642296
        ],
        [
            -0.18607273697853088,
            -0.7349612712860107,
            -0.07131519168615341
        ],
        [
            -0.1872318834066391,
            -0.7360948324203491,
            -0.07350366562604904
        ],
        [
            -0.19039392471313477,
            -0.7370799779891968,
            -0.06890495866537094
        ],
        [
            -0.18803347647190094,
            -0.7353466749191284,
            -0.06793391704559326
        ],
        [
            -0.18886420130729675,
            -0.7373034954071045,
            -0.0763276219367981
        ],
        [
            -0.18482139706611633,
            -0.7351424694061279,
            -0.07551626116037369
        ],
        [
            -0.1856922060251236,
            -0.735595166683197,
            -0.07870570570230484
        ],
        [
            -0.18111222982406616,
            -0.732489824295044,
            -0.07317999005317688
        ],
        [
            -0.17971789836883545,
            -0.7316119074821472,
            -0.07623415440320969
        ],
        [
            -0.18226979672908783,
            -0.7329872846603394,
            -0.07650931179523468
        ],
        [
            -0.17761015892028809,
            -0.7290457487106323,
            -0.07413368672132492
        ],
        [
            -0.1800871342420578,
            -0.7308322787284851,
            -0.07044440507888794
        ],
        [
            -0.18025921285152435,
            -0.7283360958099365,
            -0.06629303842782974
        ],
        [
            -0.1808302104473114,
            -0.7257567644119263,
            -0.060976702719926834
        ],
        [
            -0.17630144953727722,
            -0.723209023475647,
            -0.06417207419872284
        ],
        [
            -0.17661315202713013,
            -0.7260047197341919,
            -0.06984026730060577
        ],
        [
            -0.19264304637908936,
            -0.7404047846794128,
            -0.07114530354738235
        ],
        [
            -0.18158067762851715,
            -0.7328389883041382,
            -0.08109977841377258
        ],
        [
            -0.18619444966316223,
            -0.737351655960083,
            -0.08424410969018936
        ],
        [
            -0.17784523963928223,
            -0.7296561002731323,
            -0.0813370868563652
        ],
        [
            -0.17436586320400238,
            -0.7266563177108765,
            -0.07940535992383957
        ],
        [
            -0.17201536893844604,
            -0.7233186364173889,
            -0.07475083321332932
        ],
        [
            -0.17083686590194702,
            -0.7198371887207031,
            -0.06895612180233002
        ],
        [
            -0.14943334460258484,
            -0.704814612865448,
            -0.06677386909723282
        ],
        [
            -0.1521793156862259,
            -0.7095997333526611,
            -0.07537291198968887
        ],
        [
            -0.23811960220336914,
            -0.7942542433738708,
            -0.0757833793759346
        ],
        [
            -0.2378699779510498,
            -0.7936619520187378,
            -0.0849798247218132
        ],
        [
            -0.22950419783592224,
            -0.7900304794311523,
            -0.0867912545800209
        ],
        [
            -0.23122936487197876,
            -0.7915905714035034,
            -0.08835367113351822
        ],
        [
            -0.23337936401367188,
            -0.7917460203170776,
            -0.08253025263547897
        ],
        [
            -0.23081111907958984,
            -0.7899144887924194,
            -0.0822681114077568
        ],
        [
            -0.21664898097515106,
            -0.7909946441650391,
            -0.10437871515750885
        ],
        [
            -0.21988573670387268,
            -0.7905715703964233,
            -0.09832216054201126
        ],
        [
            -0.2166031301021576,
            -0.7883156538009644,
            -0.09896834194660187
        ],
        [
            -0.2128135859966278,
            -0.7855901718139648,
            -0.10620270669460297
        ],
        [
            -0.2153884768486023,
            -0.7794936895370483,
            -0.09009312838315964
        ],
        [
            -0.21492424607276917,
            -0.7816455364227295,
            -0.09503211081027985
        ],
        [
            -0.21986719965934753,
            -0.7859946489334106,
            -0.09065895527601242
        ],
        [
            -0.22035299241542816,
            -0.7843600511550903,
            -0.08712673932313919
        ],
        [
            -0.22045835852622986,
            -0.7835069298744202,
            -0.08306906372308731
        ],
        [
            -0.2204737663269043,
            -0.7834448218345642,
            -0.0785788893699646
        ],
        [
            -0.21677610278129578,
            -0.7795484066009521,
            -0.07939783483743668
        ],
        [
            -0.21610358357429504,
            -0.779041051864624,
            -0.0846695527434349
        ],
        [
            -0.23329104483127594,
            -0.7928705215454102,
            -0.07612070441246033
        ],
        [
            -0.23069186508655548,
            -0.7936142086982727,
            -0.06916725635528564
        ],
        [
            -0.22851824760437012,
            -0.7914559245109558,
            -0.0709456279873848
        ],
        [
            -0.2309081256389618,
            -0.7905683517456055,
            -0.07655936479568481
        ],
        [
            -0.2180236577987671,
            -0.7909041047096252,
            -0.06293726712465286
        ],
        [
            -0.22071364521980286,
            -0.791951596736908,
            -0.0636429637670517
        ],
        [
            -0.22148774564266205,
            -0.7930806875228882,
            -0.05993470549583435
        ],
        [
            -0.217887282371521,
            -0.7901754379272461,
            -0.05953480675816536
        ],
        [
            -0.2166556715965271,
            -0.7873343229293823,
            -0.061868924647569656
        ],
        [
            -0.21758270263671875,
            -0.7891097664833069,
            -0.06414592266082764
        ],
        [
            -0.2643762230873108,
            -0.8436670303344727,
            -0.07872280478477478
        ],
        [
            -0.26035311818122864,
            -0.8265449404716492,
            -0.07192853838205338
        ],
        [
            -0.25482290983200073,
            -0.8428544998168945,
            -0.09668884426355362
        ],
        [
            -0.24199408292770386,
            -0.8392316102981567,
            -0.10963469743728638
        ],
        [
            -0.2291392982006073,
            -0.8316822052001953,
            -0.12015984952449799
        ],
        [
            -0.17823508381843567,
            -0.7419514060020447,
            -0.10273511707782745
        ],
        [
            -0.1686694473028183,
            -0.738225519657135,
            -0.1058824211359024
        ],
        [
            -0.1653512418270111,
            -0.7496457695960999,
            -0.1165245771408081
        ],
        [
            -0.15549294650554657,
            -0.7442854642868042,
            -0.11640343815088272
        ],
        [
            -0.15949223935604095,
            -0.7325267195701599,
            -0.10500364750623703
        ],
        [
            -0.14464452862739563,
            -0.7199480533599854,
            -0.09303788095712662
        ],
        [
            -0.15145546197891235,
            -0.725924015045166,
            -0.10090025514364243
        ],
        [
            -0.14534026384353638,
            -0.7390064001083374,
            -0.11414829641580582
        ],
        [
            -0.14210674166679382,
            -0.7559091448783875,
            -0.1268083155155182
        ],
        [
            -0.1528075635433197,
            -0.7578604221343994,
            -0.12602218985557556
        ],
        [
            -0.14181482791900635,
            -0.7753905057907104,
            -0.13420230150222778
        ],
        [
            -0.12913835048675537,
            -0.7547546625137329,
            -0.12640942633152008
        ],
        [
            -0.13373351097106934,
            -0.7796685099601746,
            -0.1340966671705246
        ],
        [
            -0.1173955649137497,
            -0.7259076237678528,
            -0.1065482497215271
        ],
        [
            -0.11299164593219757,
            -0.7186831831932068,
            -0.10758629441261292
        ],
        [
            -0.10725553333759308,
            -0.7281989455223083,
            -0.12339690327644348
        ],
        [
            -0.11229579150676727,
            -0.7361372709274292,
            -0.12233763188123703
        ],
        [
            -0.16357377171516418,
            -0.7602808475494385,
            -0.12429533898830414
        ],
        [
            -0.20803755521774292,
            -0.8070048093795776,
            -0.12322664260864258
        ],
        [
            -0.21538281440734863,
            -0.8012493252754211,
            -0.11594679206609726
        ],
        [
            -0.19783875346183777,
            -0.7984876036643982,
            -0.12673571705818176
        ],
        [
            -0.2286749929189682,
            -0.8663820028305054,
            -0.12959732115268707
        ],
        [
            -0.23798322677612305,
            -0.853522777557373,
            -0.11981822550296783
        ],
        [
            -0.22557935118675232,
            -0.8439905643463135,
            -0.12837131321430206
        ],
        [
            -0.21867388486862183,
            -0.8570793271064758,
            -0.1370011866092682
        ],
        [
            -0.25006669759750366,
            -0.8931030035018921,
            -0.09962394088506699
        ],
        [
            -0.26144924759864807,
            -0.8685585856437683,
            -0.09053423255681992
        ],
        [
            -0.25180673599243164,
            -0.862837553024292,
            -0.10515519976615906
        ],
        [
            -0.2423950433731079,
            -0.8813138008117676,
            -0.1139947846531868
        ],
        [
            -0.20954854786396027,
            -0.8657171726226807,
            -0.14326882362365723
        ],
        [
            -0.1967615932226181,
            -0.8772821426391602,
            -0.14915521442890167
        ],
        [
            -0.19980745017528534,
            -0.8943831324577332,
            -0.14672856032848358
        ],
        [
            -0.21705244481563568,
            -0.8822221755981445,
            -0.13867613673210144
        ],
        [
            -0.2038993239402771,
            -0.9166790246963501,
            -0.1367526799440384
        ],
        [
            -0.22476956248283386,
            -0.9019535779953003,
            -0.12650784850120544
        ],
        [
            -0.11821777373552322,
            -0.7730400562286377,
            -0.13394787907600403
        ],
        [
            -0.12611570954322815,
            -0.7913073301315308,
            -0.13645170629024506
        ],
        [
            -0.11999845504760742,
            -0.7442254424095154,
            -0.1213277131319046
        ],
        [
            -0.1116923838853836,
            -0.758344292640686,
            -0.13208064436912537
        ],
        [
            -0.20468875765800476,
            -0.9345165491104126,
            -0.12058519572019577
        ],
        [
            -0.22998681664466858,
            -0.918203592300415,
            -0.10919326543807983
        ],
        [
            -0.1430027335882187,
            -0.8894668817520142,
            -0.15534169971942902
        ],
        [
            -0.16066212952136993,
            -0.8983850479125977,
            -0.15384714305400848
        ],
        [
            -0.16635996103286743,
            -0.8782421946525574,
            -0.155982106924057
        ],
        [
