{
    "pred_cam": [
        1.3919715881347656,
        0.1898263394832611,
        0.2886764109134674
    ],
    "pred_smpl_params": {
        "global_orient": [
            [
                [
                    -0.7146543264389038,
                    0.04155176132917404,
                    -0.6982425451278687
                ],
                [
                    0.21684573590755463,
                    -0.9358930587768555,
                    -0.27763670682907104
                ],
                [
                    -0.6650165915489197,
                    -0.3498252034187317,
                    0.6598296761512756
                ]
            ]
        ],
        "body_pose": [
            [
                [
                    0.9995015859603882,
                    0.026908665895462036,
                    0.01650373451411724
                ],
                [
                    -0.030195724219083786,
                    0.9674153923988342,
                    0.25138750672340393
                ],
                [
                    -0.009201468899846077,
                    -0.2517605721950531,
                    0.9677457213401794
                ]
            ],
            [
                [
                    0.9915422797203064,
                    0.07341417670249939,
                    -0.10702503472566605
                ],
                [
                    -0.048197392374277115,
                    0.9739551544189453,
                    0.22155910730361938
                ],
                [
                    0.12050314992666245,
                    -0.21452687680721283,
                    0.9692561030387878
                ]
            ],
            [
                [
                    0.9965312480926514,
                    0.006679253652691841,
                    0.08295169472694397
                ],
                [
                    0.018288904801011086,
                    0.9548283815383911,
                    -0.29659444093704224
                ],
                [
                    -0.08118566870689392,
                    0.29708269238471985,
                    0.9513941407203674
                ]
            ],
            [
                [
                    0.9952927231788635,
                    0.08699359744787216,
                    -0.042714498937129974
                ],
                [
                    -0.08981768041849136,
                    0.9935390949249268,
                    -0.06937547028064728
                ],
                [
                    0.03640329837799072,
                    0.0728854164481163,
                    0.9966757893562317
                ]
            ],
            [
                [
                    0.9920546412467957,
                    -0.09873046725988388,
                    -0.07797390967607498
                ],
                [
                    0.0786416307091713,
                    0.9704310297966003,
                    -0.22820857167243958
                ],
                [
                    0.09819943457841873,
                    0.22026336193084717,
                    0.9704849123954773
                ]
            ],
            [
                [
                    0.9977664947509766,
                    0.0017078848322853446,
                    0.06677628308534622
                ],
                [
                    0.00037348869955167174,
                    0.9995148181915283,
                    -0.031144462525844574
                ],
                [
                    -0.06679707765579224,
                    0.031099842861294746,
                    0.9972817301750183
                ]
            ],
            [
                [
                    0.9828835129737854,
                    0.05188022181391716,
                    0.1767723113298416
                ],
                [
                    -0.04593200236558914,
                    0.9982374906539917,
                    -0.03757917881011963
                ],
                [
                    -0.1784103512763977,
                    0.028816446661949158,
                    0.9835341572761536
                ]
            ],
            [
                [
                    0.9756454229354858,
                    0.034153345972299576,
                    -0.2166782021522522
                ],
                [
                    -0.022653993219137192,
                    0.9982107877731323,
                    0.05533536151051521
                ],
                [
                    0.21818040311336517,
                    -0.04907907173037529,
                    0.9746735095977783
                ]
            ],
            [
                [
                    0.9987829327583313,
                    0.015048800967633724,
                    0.046970874071121216
                ],
                [
                    -0.010908287018537521,
                    0.9961315393447876,
                    -0.0871938019990921
                ],
                [
                    -0.04810133948922157,
                    0.08657529950141907,
                    0.9950833320617676
                ]
            ],
            [
                [
                    0.9936975240707397,
                    -0.10124277323484421,
                    0.04811548814177513
                ],
                [
                    0.10300910472869873,
                    0.9940372109413147,
                    -0.03576471656560898
                ],
                [
                    -0.04420766979455948,
                    0.04049564525485039,
                    0.9982012510299683
                ]
            ],
            [
                [
                    0.9997990131378174,
                    0.01850772090256214,
                    -0.007701673544943333
                ],
                [
                    -0.01854957640171051,
                    0.9998133182525635,
                    -0.005399786401540041
                ],
                [
                    0.0076002986170351505,
                    0.005541564431041479,
                    0.9999556541442871
                ]
            ],
            [
                [
                    0.9744569659233093,
                    0.0011023846454918385,
                    0.2245715707540512
                ],
                [
                    0.02855302207171917,
                    0.9912642240524292,
                    -0.12876270711421967
                ],
                [
                    -0.22275173664093018,
                    0.13188591599464417,
                    0.9659128785133362
                ]
            ],
            [
                [
                    0.9303005933761597,
                    0.25007256865501404,
                    -0.26833662390708923
                ],
                [
                    -0.22973784804344177,
                    0.9675489068031311,
                    0.10521183907985687
                ],
                [
                    0.28593942523002625,
                    -0.03623155131936073,
                    0.9575624465942383
                ]
            ],
            [
                [
                    0.8846137523651123,
                    -0.3271400034427643,
                    0.3323219418525696
                ],
                [
                    0.3114252984523773,
                    0.9448719620704651,
                    0.10114980489015579
                ],
                [
                    -0.34709182381629944,
                    0.01401494536548853,
                    0.9377263784408569
                ]
            ],
            [
                [
                    0.9942535161972046,
                    0.08430251479148865,
                    0.06597854197025299
                ],
                [
                    -0.05027627572417259,
                    0.9118412733078003,
                    -0.40745285153388977
                ],
                [
                    -0.0945112481713295,
                    0.4017942249774933,
                    0.9108397960662842
                ]
            ],
            [
                [
                    0.7850725650787354,
                    0.5123062133789062,
                    -0.34814268350601196
                ],
                [
                    -0.49802494049072266,
                    0.8562750816345215,
                    0.13698215782642365
                ],
                [
                    0.3682827353477478,
                    0.06584280729293823,
                    0.927379310131073
                ]
            ],
            [
                [
                    0.5294374227523804,
                    -0.6611292958259583,
                    0.5316052436828613
                ],
                [
                    0.6577115058898926,
                    0.7156708240509033,
                    0.23501242697238922
                ],
                [
                    -0.5358279347419739,
                    0.2252185195684433,
                    0.8137352466583252
                ]
            ],
            [
                [
                    0.894647479057312,
                    -0.05162385106086731,
                    -0.4437802731990814
                ],
                [
                    0.1062595546245575,
                    0.9893853664398193,
                    0.09912323206663132
                ],
                [
                    0.4339526295661926,
                    -0.13583622872829437,
                    0.8906366229057312
                ]
            ],
            [
                [
                    0.5955402851104736,
                    0.19137340784072876,
                    0.7801974415779114
                ],
                [
                    -0.22589288651943207,
                    0.9719157814979553,
                    -0.06597112864255905
                ],
                [
                    -0.7709112763404846,
                    -0.13695259392261505,
                    0.6220449209213257
                ]
            ],
            [
                [
                    0.9964801669120789,
                    -0.08202409744262695,
                    -0.017302649095654488
                ],
                [
                    0.08221713453531265,
                    0.9965564012527466,
                    0.01075512170791626
                ],
                [
                    0.01636088639497757,
                    -0.012139839120209217,
                    0.9997924566268921
                ]
            ],
            [
                [
                    0.9950820207595825,
                    0.0828382596373558,
                    0.05431055277585983
                ],
                [
                    -0.091511569917202,
                    0.9786661863327026,
                    0.1839514523744583
                ],
                [
                    -0.03791368007659912,
                    -0.18801681697368622,
                    0.9814338088035583
                ]
            ],
            [
                [
                    0.9850153923034668,
                    0.13434837758541107,
                    -0.10814403742551804
                ],
                [
                    -0.11934436112642288,
                    0.9836387038230896,
                    0.1349516212940216
                ],
                [
                    0.1245051771402359,
                    -0.12002304196357727,
                    0.9849329590797424
                ]
            ],
            [
                [
                    0.9852706789970398,
                    -0.14694668352603912,
                    0.0874544009566307
                ],
                [
                    0.13960440456867218,
                    0.9865620136260986,
                    0.08488854765892029
                ],
                [
                    -0.09875327348709106,
                    -0.07142918556928635,
                    0.9925450086593628
                ]
            ]
        ],
        "betas": [
            -0.27514737844467163,
            -0.36200687289237976,
            0.15404966473579407,
            0.8792623281478882,
            0.274843692779541,
            -0.04683839529752731,
            -0.046728551387786865,
            -0.03882378339767456,
            0.05425986647605896,
            -0.0606723427772522
        ]
    },
    "pred_cam_t": [
        0.1898263394832611,
        0.2886764109134674,
        28.062713623046875
    ],
    "focal_length": [
        5000.0,
        5000.0
    ],
    "pred_keypoints_3d": [
        [
            -0.23473554849624634,
            -0.7373133897781372,
            -0.02579488232731819
        ],
        [
            -0.058968041092157364,
            -0.7209089994430542,
            -0.08161959052085876
        ],
        [
            0.04506872221827507,
            -0.6631913781166077,
            0.08668740093708038
        ],
        [
            -0.004420921206474304,
            -0.45561814308166504,
            0.21120426058769226
        ],
        [
            -0.2298462986946106,
            -0.4080754816532135,
            0.3018661141395569
        ],
        [
            -0.15620747208595276,
            -0.5939267873764038,
            -0.20049721002578735
        ],
        [
            -0.2840190529823303,
            -0.37597140669822693,
            -0.21747863292694092
        ],
        [
            -0.47417330741882324,
            -0.24587185680866241,
            -0.14249762892723083
        ],
        [
            -0.0021799984388053417,
            -0.23012013733386993,
            0.02847869321703911
        ],
        [
            0.044889215379953384,
            -0.15940901637077332,
            0.1018991470336914
        ],
        [
            0.02754049375653267,
            0.14426368474960327,
            0.3117908537387848
        ],
        [
            0.005959939211606979,
            0.5188020467758179,
            0.39290499687194824
        ],
        [
            -0.05062084272503853,
            -0.12831977009773254,
            0.010267600417137146
        ],
        [
            -0.14135196805000305,
            0.18025809526443481,
            0.1747290939092636
        ],
        [
            -0.13499782979488373,
            0.5150688886642456,
            0.3614295721054077
        ],
        [
            -0.22404924035072327,
            -0.792981743812561,
            -0.0032263770699501038
        ],
        [
            -0.24426701664924622,
            -0.7817733883857727,
            -0.06561030447483063
        ],
        [
            -0.13127698004245758,
            -0.8447845578193665,
            0.004721194505691528
        ],
        [
            -0.1788160800933838,
            -0.8197392225265503,
            -0.13579079508781433
        ],
        [
            -0.2838447391986847,
            0.49573200941085815,
            0.49469414353370667
        ],
        [
            -0.28808578848838806,
            0.5405676960945129,
            0.4239395260810852
        ],
        [
            -0.09588199108839035,
            0.5675685405731201,
            0.3442736566066742
        ],
        [
            -0.07809494435787201,
            0.49627619981765747,
            0.5705815553665161
        ],
        [
            0.008504174649715424,
            0.5111448168754578,
            0.5625389218330383
        ],
        [
            0.028042307123541832,
            0.57757568359375,
            0.36143094301223755
        ],
        [
            0.042111024260520935,
            0.4784560799598694,
            0.36522072553634644
        ],
        [
            0.03150732442736626,
            0.08743292093276978,
            0.2800450921058655
        ],
        [
            0.11344628036022186,
            -0.2890336513519287,
            0.10566970705986023
        ],
        [
            -0.08598487079143524,
            -0.20616963505744934,
            -0.09295199811458588
        ],
        [
            -0.1408851146697998,
            0.14653059840202332,
            0.14579281210899353
        ],
        [
            -0.12045608460903168,
            0.4991070032119751,
            0.32400748133659363
        ],
        [
            -0.2248609960079193,
            -0.4409411549568176,
            0.2840692400932312
        ],
        [
            -0.0087860943749547,
            -0.49058255553245544,
            0.23028779029846191
        ],
        [
            0.022222043946385384,
            -0.6873614192008972,
            0.05179056525230408
        ],
        [
            -0.1399606615304947,
            -0.6299917697906494,
            -0.19471091032028198
        ],
        [
            -0.3097764849662781,
            -0.416217565536499,
            -0.22649192810058594
        ],
        [
            -0.47725021839141846,
            -0.2667504549026489,
            -0.14436295628547668
        ],
        [
            -0.06521023064851761,
            -0.7095397114753723,
            -0.0771377682685852
        ],
        [
            -0.20151548087596893,
            -0.8645190000534058,
            -0.06071927398443222
        ],
        [
            0.013313393108546734,
            -0.24772854149341583,
            0.0057871174067258835
        ],
        [
            -0.05607230216264725,
            -0.6555001735687256,
            -0.06893908232450485
        ],
        [
            0.004884688183665276,
            -0.4884299635887146,
            -0.05826945602893829
        ],
        [
            -0.16304151713848114,
            -0.7557260394096375,
            -0.05663413554430008
        ],
        [
            -0.2049315720796585,
            -0.8843028545379639,
            -0.059216469526290894
        ]
    ],
    "pred_vertices": [
        [
            -0.27618786692619324,
            -0.8183377981185913,
            -0.07446759939193726
        ],
        [
            -0.27118250727653503,
            -0.8032913208007812,
            -0.06731865555047989
        ],
        [
            -0.26522305607795715,
            -0.8039035797119141,
            -0.08068160712718964
        ],
        [
            -0.26637527346611023,
            -0.8167499899864197,
            -0.08853509277105331
        ],
        [
            -0.263433575630188,
            -0.7933987379074097,
            -0.07557952404022217
        ],
        [
            -0.26636868715286255,
            -0.7925180792808533,
            -0.06411648541688919
        ],
        [
            -0.2558208107948303,
            -0.8033870458602905,
            -0.090776227414608
        ],
        [
            -0.25367411971092224,
            -0.813866913318634,
            -0.0989203006029129
        ],
        [
            -0.22776196897029877,
            -0.7795592546463013,
            -0.1010257750749588
        ],
        [
            -0.219483882188797,
            -0.7803928852081299,
            -0.10820940136909485
        ],
        [
            -0.22785484790802002,
            -0.7898337841033936,
            -0.10684139281511307
        ],
        [
            -0.23355534672737122,
            -0.7866912484169006,
            -0.0991167426109314
        ],
        [
            -0.20975686609745026,
            -0.7607614994049072,
            -0.10194070637226105
        ],
        [
            -0.20891857147216797,
            -0.7496598362922668,
            -0.09383051097393036
        ],
        [
            -0.19705606997013092,
            -0.7472985982894897,
            -0.0995803251862526
        ],
        [
            -0.19641223549842834,
            -0.7587722539901733,
            -0.1071239709854126
        ],
        [
            -0.2252941131591797,
            -0.7535391449928284,
            -0.055366676300764084
        ],
        [
            -0.22230865061283112,
            -0.7478163242340088,
            -0.06100558862090111
        ],
        [
            -0.22683478891849518,
            -0.7529599070549011,
            -0.06471221894025803
        ],
        [
            -0.22887574136257172,
            -0.7583440542221069,
            -0.058546580374240875
        ],
        [
            -0.23307716846466064,
            -0.759671688079834,
            -0.044655025005340576
        ],
        [
            -0.2340536117553711,
            -0.765748918056488,
            -0.046594519168138504
        ],
        [
            -0.23899026215076447,
            -0.7667300701141357,
            -0.04036670923233032
        ],
        [
            -0.23864684998989105,
            -0.7593964338302612,
            -0.03896153345704079
        ],
        [
            -0.22067046165466309,
            -0.7501660585403442,
            -0.05040554702281952
        ],
        [
            -0.2173071801662445,
            -0.744451105594635,
            -0.05646124854683876
        ],
        [
            -0.22830870747566223,
            -0.7581393122673035,
            -0.050377123057842255
        ],
        [
            -0.22701029479503632,
            -0.7536906599998474,
            -0.04806485027074814
        ],
        [
            -0.23091942071914673,
            -0.7435091137886047,
            -0.04218889772891998
        ],
        [
            -0.2330164909362793,
            -0.7478469014167786,
            -0.044049281626939774
        ],
        [
            -0.23802483081817627,
            -0.7454378008842468,
            -0.03878268599510193
        ],
        [
            -0.23387661576271057,
            -0.7415680885314941,
            -0.03781353682279587
        ],
        [
            -0.223994180560112,
            -0.7475278973579407,
            -0.04795754700899124
        ],
        [
            -0.2280939370393753,
            -0.7483290433883667,
            -0.04754829406738281
        ],
        [
            -0.22703596949577332,
            -0.7444183826446533,
            -0.044559333473443985
        ],
        [
            -0.22281281650066376,
            -0.7446569204330444,
            -0.04416520148515701
        ],
        [
            -0.23269382119178772,
            -0.7547056674957275,
            -0.04351401329040527
        ],
        [
            -0.23852965235710144,
            -0.7527767419815063,
            -0.03853187710046768
        ],
        [
            -0.24372249841690063,
            -0.7506483793258667,
            -0.03253837302327156
        ],
        [
            -0.2417309582233429,
            -0.7420342564582825,
            -0.03236307576298714
        ],
        [
            -0.21256011724472046,
            -0.7385116815567017,
            -0.07369992136955261
        ],
        [
            -0.21840932965278625,
            -0.7425992488861084,
            -0.0676066130399704
        ],
        [
            -0.21420352160930634,
            -0.7394726872444153,
            -0.06272128224372864
        ],
        [
            -0.2101675122976303,
            -0.7357144951820374,
            -0.06826578825712204
        ],
        [
            -0.21862563490867615,
            -0.7438454627990723,
            -0.04635791480541229
        ],
        [
            -0.21041828393936157,
            -0.7304408550262451,
            -0.0500832125544548
        ],
        [
            -0.2128983736038208,
            -0.7333670854568481,
            -0.050234604626894
        ],
        [
            -0.21481503546237946,
            -0.7327799797058105,
            -0.043292827904224396
        ],
        [
            -0.21252141892910004,
            -0.7300411462783813,
            -0.04380006715655327
        ],
        [
            -0.19885578751564026,
            -0.731084942817688,
            -0.0816664770245552
        ],
        [
            -0.2001081109046936,
            -0.7284719944000244,
            -0.0748654454946518
        ],
        [
            -0.19416944682598114,
            -0.7243989706039429,
            -0.07624069601297379
        ],
        [
            -0.19107544422149658,
            -0.7268352508544922,
            -0.08277784287929535
        ],
        [
            -0.18937921524047852,
            -0.7208322286605835,
            -0.07406297326087952
        ],
        [
            -0.18388916552066803,
            -0.7227290868759155,
            -0.0822877511382103
        ],
        [
            -0.17333829402923584,
            -0.7127540111541748,
            -0.07341546565294266
        ],
        [
            -0.17801858484745026,
            -0.7172334790229797,
            -0.07806522399187088
        ],
        [
            -0.185303196310997,
            -0.7168490886688232,
            -0.07008438557386398
        ],
        [
            -0.18310707807540894,
            -0.7119150161743164,
            -0.06397812068462372
        ],
        [
            -0.188750758767128,
            -0.7127670049667358,
            -0.050404973328113556
        ],
        [
            -0.18839041888713837,
            -0.7112574577331543,
            -0.044079240411520004
        ],
        [
            -0.18092398345470428,
            -0.7020775079727173,
            -0.04914387688040733
        ],
        [
            -0.18196353316307068,
            -0.7059387564659119,
            -0.05607825890183449
        ],
        [
            -0.20333737134933472,
            -0.7282484769821167,
            -0.050959862768650055
        ],
        [
            -0.20237170159816742,
            -0.7291818857192993,
            -0.055581867694854736
        ],
        [
            -0.205091655254364,
            -0.7289629578590393,
            -0.055202171206474304
        ],
        [
            -0.2070775330066681,
            -0.7287290096282959,
            -0.05031757801771164
        ],
        [
            -0.2018764615058899,
            -0.7293116450309753,
            -0.05966506153345108
        ],
        [
            -0.20163214206695557,
            -0.7292743921279907,
            -0.06147468090057373
        ],
        [
            -0.2032807171344757,
            -0.7296106815338135,
            -0.06090202182531357
        ],
        [
            -0.20272304117679596,
            -0.7295666933059692,
            -0.05960042029619217
        ],
        [
            -0.20241770148277283,
            -0.7293002605438232,
            -0.05749744921922684
        ],
        [
            -0.2012176513671875,
            -0.7277982234954834,
            -0.056354425847530365
        ],
        [
            -0.20150324702262878,
            -0.7285813093185425,
            -0.05863592028617859
        ],
        [
            -0.20188799500465393,
            -0.7261335849761963,
            -0.05214095115661621
        ],
        [
            -0.20328813791275024,
            -0.7219830751419067,
            -0.038027845323085785
        ],
        [
            -0.2034541666507721,
            -0.722430408000946,
            -0.041864074766635895
        ],
        [
            -0.20489320158958435,
            -0.7268166542053223,
            -0.04072827100753784
        ],
        [
            -0.2049465775489807,
            -0.7266470789909363,
            -0.037500523030757904
        ],
        [
            -0.2053827941417694,
            -0.730384111404419,
            -0.059012722223997116
        ],
        [
            -0.206584632396698,
            -0.7315140962600708,
            -0.06118939816951752
        ],
        [
            -0.20973369479179382,
            -0.7324263453483582,
            -0.056553855538368225
        ],
        [
            -0.2073197066783905,
            -0.7307437658309937,
            -0.055603694170713425
        ],
        [
            -0.20826666057109833,
            -0.732697606086731,
            -0.0640021413564682
        ],
        [
            -0.20417092740535736,
            -0.7306033372879028,
            -0.06323374062776566
        ],
        [
            -0.20506519079208374,
            -0.731053352355957,
            -0.06642411649227142
        ],
        [
            -0.20036683976650238,
            -0.7280380725860596,
            -0.060921743512153625
        ],
        [
            -0.19898688793182373,
            -0.7271908521652222,
            -0.06399651616811752
        ],
        [
            -0.20157739520072937,
            -0.7285021543502808,
            -0.06425460427999496
        ],
        [
            -0.19678723812103271,
            -0.7246853113174438,
            -0.061904944479465485
        ],
        [
            -0.19926798343658447,
            -0.726407527923584,
            -0.05818691849708557
        ],
        [
            -0.1993408203125,
            -0.7239022254943848,
            -0.054033271968364716
        ],
        [
            -0.19981688261032104,
            -0.721289336681366,
            -0.04871796444058418
        ],
        [
            -0.19525568187236786,
            -0.718849778175354,
            -0.05195925757288933
        ],
        [
            -0.19567617774009705,
            -0.721660852432251,
            -0.057619478553533554
        ],
        [
            -0.21206414699554443,
            -0.7357192635536194,
            -0.05877416580915451
        ],
        [
            -0.20091882348060608,
            -0.7283889055252075,
            -0.06885157525539398
        ],
        [
            -0.20564085245132446,
            -0.7328338623046875,
            -0.0719449371099472
        ],
        [
            -0.1971113085746765,
            -0.7252957224845886,
            -0.06912071257829666
        ],
        [
            -0.19354066252708435,
            -0.7223802804946899,
            -0.06721200793981552
        ],
        [
            -0.19105875492095947,
            -0.7190976142883301,
            -0.06256809830665588
        ],
        [
            -0.18975752592086792,
            -0.7156170606613159,
            -0.05679456889629364
        ],
        [
            -0.16792529821395874,
            -0.7010606527328491,
            -0.054815053939819336
        ],
        [
            -0.17085148394107819,
            -0.7058382034301758,
            -0.06337020546197891
        ],
        [
            -0.25874096155166626,
            -0.7885363101959229,
            -0.06302180886268616
        ],
        [
            -0.25854235887527466,
            -0.7879619002342224,
            -0.07223843038082123
        ],
        [
            -0.2501179575920105,
            -0.7845212817192078,
            -0.07410899549722672
        ],
        [
            -0.2518870532512665,
            -0.7860558032989502,
            -0.07565311342477798
        ],
        [
            -0.25398772954940796,
            -0.7861652374267578,
            -0.06982024759054184
        ],
        [
            -0.25138869881629944,
            -0.7843781113624573,
            -0.06957042962312698
        ],
        [
            -0.23740488290786743,
            -0.7858297824859619,
            -0.09176133573055267
        ],
        [
            -0.24059492349624634,
            -0.7853119969367981,
            -0.08569623529911041
        ],
        [
            -0.23724521696567535,
            -0.7831447720527649,
            -0.08636350929737091
        ],
        [
            -0.23343834280967712,
            -0.7805426716804504,
            -0.09361421316862106
        ],
        [
            -0.23577435314655304,
            -0.7743273377418518,
            -0.07752017676830292
        ],
        [
            -0.23537777364253998,
            -0.7765080332756042,
            -0.08244999498128891
        ],
        [
            -0.2404334843158722,
            -0.7806993126869202,
            -0.07804905623197556
        ],
        [
            -0.2408677041530609,
            -0.7790471315383911,
            -0.07451333850622177
        ],
        [
            -0.24092304706573486,
            -0.7781924605369568,
            -0.07045318931341171
        ],
        [
            -0.2409009337425232,
            -0.778137743473053,
            -0.0659584254026413
        ],
        [
            -0.2371218502521515,
            -0.774319589138031,
            -0.0668189600110054
        ],
        [
            -0.23646238446235657,
            -0.7738385200500488,
            -0.07209502160549164
        ],
        [
            -0.253915399312973,
            -0.7872374057769775,
            -0.06338968127965927
        ],
        [
            -0.2512766122817993,
            -0.7880581617355347,
            -0.05645229294896126
        ],
        [
            -0.2490849792957306,
            -0.7859336733818054,
            -0.0582558810710907
        ],
        [
            -0.2514840066432953,
            -0.7849810123443604,
            -0.06385300308465958
        ],
        [
            -0.23853124678134918,
            -0.7856334447860718,
            -0.05030930042266846
        ],
        [
            -0.24124398827552795,
            -0.7866214513778687,
            -0.050992779433727264
        ],
        [
            -0.2420278787612915,
            -0.7877269983291626,
            -0.04727336764335632
        ],
        [
            -0.23836229741573334,
            -0.784898042678833,
            -0.04691077768802643
        ],
        [
            -0.23708607256412506,
            -0.78208327293396,
            -0.049259528517723083
        ],
        [
            -0.2380599081516266,
            -0.7838444113731384,
            -0.051525577902793884
        ],
        [
            -0.2861752212047577,
            -0.837238609790802,
            -0.06565730273723602
        ],
        [
            -0.2815777361392975,
            -0.8202889561653137,
            -0.05895008519291878
        ],
        [
            -0.2767971158027649,
            -0.836668848991394,
            -0.08369369059801102
        ],
        [
            -0.26393604278564453,
            -0.8334342241287231,
            -0.09674999117851257
        ],
        [
            -0.25093573331832886,
            -0.8262330293655396,
            -0.10736420750617981
        ],
        [
            -0.19790025055408478,
            -0.7377231121063232,
            -0.09049683809280396
        ],
        [
            -0.18826624751091003,
            -0.7342316508293152,
            -0.09371361881494522
        ],
        [
            -0.18527135252952576,
            -0.7457860708236694,
            -0.10434848815202713
        ],
        [
            -0.17528152465820312,
            -0.7406627535820007,
            -0.10430827736854553
        ],
        [
            -0.1789383888244629,
            -0.7287430763244629,
            -0.09290024638175964
        ],
        [
            -0.16364936530590057,
            -0.7164652347564697,
            -0.08106948435306549
        ],
        [
            -0.17069774866104126,
            -0.7223029136657715,
            -0.0888669565320015
        ],
        [
            -0.16494858264923096,
            -0.7356269359588623,
            -0.10214388370513916
        ],
        [
            -0.16219644248485565,
            -0.752673864364624,
            -0.11478184163570404
        ],
        [
            -0.17296862602233887,
            -0.7543394565582275,
            -0.11392443627119064
        ],
        [
            -0.16243919730186462,
            -0.7721859216690063,
            -0.12207237631082535
        ],
        [
            -0.14913016557693481,
            -0.7519615292549133,
            -0.11446857452392578
        ],
        [
            -0.15443307161331177,
            -0.7767173051834106,
            -0.12202765792608261
        ],
        [
            -0.13619135320186615,
            -0.7234244346618652,
            -0.09496612846851349
        ],
        [
            -0.1314869225025177,
            -0.7164487838745117,
            -0.09616503119468689
        ],
        [
            -0.12624457478523254,
            -0.7263211011886597,
            -0.11195873469114304
        ],
        [
            -0.1315741240978241,
            -0.7339514493942261,
            -0.11073993146419525
        ],
        [
            -0.1837865114212036,
            -0.7564976811408997,
            -0.11211218684911728
        ],
        [
            -0.2293175756931305,
            -0.8021008372306824,
            -0.11056424677371979
        ],
        [
            -0.23644289374351501,
            -0.7961898446083069,
            -0.10330301523208618
        ],
        [
            -0.2188977152109146,
            -0.7938438653945923,
            -0.11417647451162338
        ],
        [
            -0.2513894736766815,
            -0.8609234094619751,
            -0.11666011810302734
        ],
        [
            -0.26024967432022095,
            -0.8478754758834839,
            -0.10682334750890732
        ],
        [
            -0.24774806201457977,
            -0.838597297668457,
            -0.11554896831512451
        ],
        [
            -0.24119967222213745,
            -0.8518943786621094,
            -0.1241467222571373
        ],
        [
            -0.273172527551651,
            -0.8870490789413452,
            -0.08647284656763077
        ],
        [
            -0.28393206000328064,
            -0.862189769744873,
            -0.07738543301820755
        ],
        [
            -0.27424150705337524,
            -0.8567619323730469,
            -0.09208650141954422
        ],
        [
            -0.26535719633102417,
            -0.875505268573761,
            -0.1009269580245018
        ],
        [
            -0.23231711983680725,
            -0.8607827425003052,
            -0.1304546743631363
        ],
        [
            -0.2198593020439148,
            -0.8726579546928406,
            -0.13641828298568726
        ],
        [
            -0.2233182191848755,
            -0.8896305561065674,
            -0.1338958442211151
        ],
        [
            -0.24021275341510773,
            -0.8770380020141602,
            -0.12577210366725922
        ],
        [
            -0.22790150344371796,
            -0.9117932915687561,
            -0.12381591647863388
        ],
        [
            -0.2483108788728714,
            -0.8965506553649902,
            -0.11349969357252121
        ],
        [
            -0.13872161507606506,
            -0.7706106901168823,
            -0.12203952670097351
        ],
        [
            -0.14711636304855347,
            -0.7885481119155884,
            -0.12442946434020996
        ],
        [
            -0.13959188759326935,
            -0.7417171001434326,
            -0.10953906178474426
        ],
        [
            -0.1317303478717804,
            -0.7561983466148376,
            -0.12031851708889008
        ],
        [
            -0.22901608049869537,
            -0.9295627474784851,
            -0.10761930793523788
        ],
        [
            -0.25381171703338623,
            -0.912643313407898,
            -0.096095509827137
        ],
        [
            -0.1664939969778061,
            -0.8862125873565674,
            -0.1428702026605606
        ],
        [
            -0.18435141444206238,
            -0.8946447968482971,
            -0.14129973948001862
        ],
        [
            -0.18955881893634796,
            -0.8744021654129028,
            -0.14336974918842316
        ],
