{
    "pred_cam": [
        1.4610886573791504,
        0.21609745919704437,
        0.27602073550224304
    ],
    "pred_smpl_params": {
        "global_orient": [
            [
                [
                    -0.6997390389442444,
                    -0.04536624997854233,
                    -0.7129566073417664
                ],
                [
                    0.2790847718715668,
                    -0.9360373020172119,
                    -0.2143496721982956
                ],
                [
                    -0.6576297879219055,
                    -0.3489641845226288,
                    0.6676428914070129
                ]
            ]
        ],
        "body_pose": [
            [
                [
                    0.9995068907737732,
                    0.009191715158522129,
                    0.03002401813864708
                ],
                [
                    -0.018347304314374924,
                    0.9469404220581055,
                    0.32088497281074524
                ],
                [
                    -0.02548147551715374,
                    -0.3212776184082031,
                    0.9466421008110046
                ]
            ],
            [
                [
                    0.9946046471595764,
                    0.06260496377944946,
                    -0.08271728456020355
                ],
                [
                    -0.03430888429284096,
                    0.9510124325752258,
                    0.3072430193424225
                ],
                [
                    0.09790010005235672,
                    -0.3027474284172058,
                    0.9480292797088623
                ]
            ],
            [
                [
                    0.997661292552948,
                    0.027037251740694046,
                    0.06277669221162796
                ],
                [
                    -0.0011551289353519678,
                    0.9249774217605591,
                    -0.3800203502178192
                ],
                [
                    -0.06834172457456589,
                    0.3790590763092041,
                    0.9228454232215881
                ]
            ],
            [
                [
                    0.9932998418807983,
                    0.1138889491558075,
                    0.01961231231689453
                ],
                [
                    -0.11239220947027206,
                    0.9915091395378113,
                    -0.06540366262197495
                ],
                [
                    -0.02689453773200512,
                    0.06276118010282516,
                    0.9976661205291748
                ]
            ],
            [
                [
                    0.9980880618095398,
                    -0.029440080747008324,
                    -0.05434534698724747
                ],
                [
                    0.024253498762845993,
                    0.9953007698059082,
                    -0.09374505281448364
                ],
                [
                    0.056849829852581024,
                    0.09224776178598404,
                    0.9941118359565735
                ]
            ],
            [
                [
                    0.9989396929740906,
                    -0.0027369759045541286,
                    0.045956872403621674
                ],
                [
                    0.003599283518269658,
                    0.9998188018798828,
                    -0.018691178411245346
                ],
                [
                    -0.045897386968135834,
                    0.018836772069334984,
                    0.9987685084342957
                ]
            ],
            [
                [
                    0.9818255305290222,
                    0.05950941890478134,
                    0.18021465837955475
                ],
                [
                    -0.049775380641222,
                    0.9970710873603821,
                    -0.058066315948963165
                ],
                [
                    -0.18314231932163239,
                    0.048040736466646194,
                    0.9819119572639465
                ]
            ],
            [
                [
                    0.975975513458252,
                    -0.016164837405085564,
                    -0.2172795832157135
                ],
                [
                    0.01914292573928833,
                    0.9997493028640747,
                    0.011608258821070194
                ],
                [
                    0.21703748404979706,
                    -0.015488743782043457,
                    0.9760403037071228
                ]
            ],
            [
                [
                    0.9997931718826294,
                    0.005976594053208828,
                    0.019438209012150764
                ],
                [
                    -0.0043279859237372875,
                    0.9964752197265625,
                    -0.08377522975206375
                ],
                [
                    -0.019870387390255928,
                    0.08367378264665604,
                    0.9962949752807617
                ]
            ],
            [
                [
                    0.9935483932495117,
                    -0.09894964843988419,
                    0.055411823093891144
                ],
                [
                    0.10095160454511642,
                    0.9942904710769653,
                    -0.03457069396972656
                ],
                [
                    -0.051674697548151016,
                    0.03994157165288925,
                    0.997864842414856
                ]
            ],
            [
                [
                    0.9967445135116577,
                    0.07980567961931229,
                    0.011462165974080563
                ],
                [
                    -0.07953496277332306,
                    0.9965803623199463,
                    -0.02239873819053173
                ],
                [
                    -0.013210516422986984,
                    0.021414177492260933,
                    0.9996833801269531
                ]
            ],
            [
                [
                    0.9649708271026611,
                    -0.0006851063808426261,
                    0.2623561918735504
                ],
                [
                    0.027742452919483185,
                    0.9946565628051758,
                    -0.09944196790456772
                ],
                [
                    -0.26088619232177734,
                    0.10323700308799744,
                    0.959833562374115
                ]
            ],
            [
                [
                    0.9224997162818909,
                    0.1660742461681366,
                    -0.34844473004341125
                ],
                [
                    -0.14447137713432312,
                    0.9856511354446411,
                    0.08729209750890732
                ],
                [
                    0.3579418957233429,
                    -0.030186638236045837,
                    0.9332558512687683
                ]
            ],
            [
                [
                    0.888481855392456,
                    -0.30615895986557007,
                    0.3418577015399933
                ],
                [
                    0.2926676869392395,
                    0.9518003463745117,
                    0.09176994115114212
                ],
                [
                    -0.35347646474838257,
                    0.01851477660238743,
                    0.9352601766586304
                ]
            ],
            [
                [
                    0.993590772151947,
                    0.08412092924118042,
                    0.07550570368766785
                ],
                [
                    -0.05203922465443611,
                    0.933382511138916,
                    -0.3550899922847748
                ],
                [
                    -0.10034620761871338,
                    0.34888485074043274,
                    0.931777834892273
                ]
            ],
            [
                [
                    0.8095170259475708,
                    0.4478472173213959,
                    -0.37962496280670166
                ],
                [
                    -0.4225357174873352,
                    0.8933589458465576,
                    0.1528836041688919
                ],
                [
                    0.40760982036590576,
                    0.03664323687553406,
                    0.9124206900596619
                ]
            ],
            [
                [
                    0.5664755702018738,
                    -0.6756480932235718,
                    0.4718104898929596
                ],
                [
                    0.6654728651046753,
                    0.7127443552017212,
                    0.22167856991291046
                ],
                [
                    -0.48605695366859436,
                    0.18840156495571136,
                    0.8533776998519897
                ]
            ],
            [
                [
                    0.8747895359992981,
                    -0.013044924475252628,
                    -0.48432737588882446
                ],
                [
                    0.05767087638378143,
                    0.9953341484069824,
                    0.07735644280910492
                ],
                [
                    0.4810584783554077,
                    -0.09560221433639526,
                    0.8714601993560791
                ]
            ],
            [
                [
                    0.6871179342269897,
                    0.17944152653217316,
                    0.7040380835533142
                ],
                [
                    -0.23648938536643982,
                    0.9714887738227844,
                    -0.016802093014121056
                ],
                [
                    -0.6869800686836243,
                    -0.1549525260925293,
                    0.7099633812904358
                ]
            ],
            [
                [
                    0.9934884905815125,
                    -0.11073707789182663,
                    -0.02679234929382801
                ],
                [
                    0.11059404909610748,
                    0.9938426613807678,
                    -0.006767241284251213
                ],
                [
                    0.02737676165997982,
                    0.003760102903470397,
                    0.9996181130409241
                ]
            ],
            [
                [
                    0.9940845370292664,
                    0.09111454337835312,
                    0.05911107733845711
                ],
                [
                    -0.10144969075918198,
                    0.9733172059059143,
                    0.20581932365894318
                ],
                [
                    -0.03878069296479225,
                    -0.21059858798980713,
                    0.9768031239509583
                ]
            ],
            [
                [
                    0.9862576723098755,
                    0.12191683053970337,
                    -0.11149929463863373
                ],
                [
                    -0.10534411668777466,
                    0.9839451909065247,
                    0.1440640389919281
                ],
                [
                    0.12727303802967072,
                    -0.13033846020698547,
                    0.9832667112350464
                ]
            ],
            [
                [
                    0.9835883975028992,
                    -0.15049150586128235,
                    0.09952937811613083
                ],
                [
                    0.1396012157201767,
                    0.984234631061554,
                    0.10859907418489456
                ],
                [
                    -0.11430349200963974,
                    -0.09292237460613251,
                    0.9890905618667603
                ]
            ]
        ],
        "betas": [
            -0.24053871631622314,
            -0.3679110109806061,
            0.07692652940750122,
            0.7759081721305847,
            0.2797989845275879,
            -0.027956124395132065,
            -0.03619691729545593,
            -0.040740013122558594,
            0.0751337856054306,
            -0.015075653791427612
        ]
    },
    "pred_cam_t": [
        0.21609745919704437,
        0.27602073550224304,
        26.735200881958008
    ],
    "focal_length": [
        5000.0,
        5000.0
    ],
    "pred_keypoints_3d": [
        [
            -0.30266469717025757,
            -0.7070674896240234,
            0.0037147440016269684
        ],
        [
            -0.12774673104286194,
            -0.7064481973648071,
            -0.06018245220184326
        ],
        [
            -0.002671409398317337,
            -0.6617098450660706,
            0.09629598259925842
        ],
        [
            0.004990283399820328,
            -0.44799453020095825,
            0.2219780534505844
        ],
        [
            -0.17291805148124695,
            -0.34252333641052246,
            0.3597220480442047
        ],
        [
            -0.22538331151008606,
            -0.5766520500183105,
            -0.1679224967956543
        ],
        [
            -0.36020201444625854,
            -0.36115437746047974,
            -0.17356237769126892
        ],
        [
            -0.5283147692680359,
            -0.22917930781841278,
            -0.057465843856334686
        ],
        [
            -0.0021571218967437744,
            -0.22931252419948578,
            0.028676927089691162
        ],
        [
            0.05189085006713867,
            -0.16302916407585144,
            0.10167739540338516
        ],
        [
            0.03714236617088318,
            0.12925156950950623,
            0.3294779360294342
        ],
        [
            0.014423675835132599,
            0.4811665415763855,
            0.48521462082862854
        ],
        [
            -0.041733525693416595,
            -0.12354270368814468,
            0.010753918439149857
        ],
        [
            -0.1254328340291977,
            0.18263867497444153,
            0.1859866827726364
        ],
        [
            -0.10596606135368347,
            0.5035961866378784,
            0.3978637456893921
        ],
        [
            -0.2945014536380768,
            -0.763211190700531,
            0.02693057805299759
        ],
        [
            -0.316213458776474,
            -0.7516298294067383,
            -0.03506048023700714
        ],
        [
            -0.20493702590465546,
            -0.8207147121429443,
            0.03269495815038681
        ],
        [
            -0.25564295053482056,
            -0.7945045232772827,
            -0.10697618126869202
        ],
        [
            -0.26514697074890137,
            0.4920724034309387,
            0.5207854509353638
        ],
        [
            -0.2603360414505005,
            0.5407915115356445,
            0.45267653465270996
        ],
        [
            -0.06050091236829758,
            0.5538474321365356,
            0.3874255418777466
        ],
        [
            -0.08469851315021515,
            0.4352128505706787,
            0.6509080529212952
        ],
        [
            0.003171779215335846,
            0.44730550050735474,
            0.6521913409233093
        ],
        [
            0.03960564360022545,
            0.5442274808883667,
            0.4655204713344574
        ],
        [
            0.05159652233123779,
            0.44629040360450745,
            0.4520963728427887
        ],
        [
            0.04071633517742157,
            0.07489524781703949,
            0.2927336096763611
        ],
        [
            0.11096902191638947,
            -0.29771724343299866,
            0.1039743423461914
        ],
        [
            -0.08327114582061768,
            -0.19722910225391388,
            -0.09408234059810638
        ],
        [
            -0.12634548544883728,
            0.15070754289627075,
            0.15595780313014984
        ],
        [
            -0.08970907330513,
            0.4894964098930359,
            0.3607455790042877
        ],
        [
            -0.18078890442848206,
            -0.37607598304748535,
            0.3442671298980713
        ],
        [
            -0.0017592681106179953,
            -0.48120954632759094,
            0.24245986342430115
        ],
        [
            -0.030333470553159714,
            -0.6826416254043579,
            0.0641515925526619
        ],
        [
            -0.21250686049461365,
            -0.6137254238128662,
            -0.16548892855644226
        ],
        [
            -0.3861646354198456,
            -0.4008316397666931,
            -0.17498892545700073
        ],
        [
            -0.5323142409324646,
            -0.2500911056995392,
            -0.057346243411302567
        ],
        [
            -0.1323815882205963,
            -0.6962864995002747,
            -0.05431295186281204
        ],
        [
            -0.2783902585506439,
            -0.8367717266082764,
            -0.030233804136514664
        ],
        [
            0.013431943021714687,
            -0.24759674072265625,
            0.004531141370534897
        ],
        [
            -0.11795246601104736,
            -0.6450648903846741,
            -0.04814757779240608
        ],
        [
            -0.029223794117569923,
            -0.486171156167984,
            -0.05205264315009117
        ],
        [
            -0.23300819098949432,
            -0.7304820418357849,
            -0.029323680326342583
        ],
        [
            -0.28288090229034424,
            -0.8564991354942322,
            -0.028520874679088593
        ]
    ],
    "pred_vertices": [
        [
            -0.35068055987358093,
            -0.7861619591712952,
            -0.04218887537717819
        ],
        [
            -0.34465426206588745,
            -0.7713757157325745,
            -0.03542938455939293
        ],
        [
            -0.33916276693344116,
            -0.7724828720092773,
            -0.04904385283589363
        ],
        [
            -0.341288298368454,
            -0.7853540778160095,
            -0.056595996022224426
        ],
        [
            -0.33654019236564636,
            -0.7620855569839478,
            -0.04414934664964676
        ],
        [
            -0.33894550800323486,
            -0.7608902454376221,
            -0.032660797238349915
        ],
        [
            -0.3301057815551758,
            -0.7726241946220398,
            -0.05952326953411102
        ],
        [
            -0.32888370752334595,
            -0.7834947109222412,
            -0.06746906787157059
        ],
        [
            -0.3008626699447632,
            -0.7508883476257324,
            -0.07091475278139114
        ],
        [
            -0.2930227220058441,
            -0.7523901462554932,
            -0.07833396643400192
        ],
        [
            -0.3018847405910492,
            -0.7612563371658325,
            -0.07652182132005692
        ],
        [
            -0.3070227801799774,
            -0.7575982213020325,
            -0.06876172870397568
        ],
        [
            -0.28192341327667236,
            -0.7331345081329346,
            -0.07273963838815689
        ],
        [
            -0.28012967109680176,
            -0.7219474911689758,
            -0.06489841639995575
        ],
        [
            -0.26835864782333374,
            -0.7203928232192993,
            -0.07106991112232208
        ],
        [
            -0.26868560910224915,
            -0.7320510149002075,
            -0.07843568176031113
        ],
        [
            -0.29529869556427,
            -0.7242499589920044,
            -0.02583749033510685
        ],
        [
            -0.2921868562698364,
            -0.7187796831130981,
            -0.03164344280958176
        ],
        [
            -0.29712769389152527,
            -0.7237426042556763,
            -0.035142362117767334
        ],
        [
            -0.29926493763923645,
            -0.7289186716079712,
            -0.028860080987215042
        ],
        [
            -0.3030203580856323,
            -0.7298318147659302,
            -0.014855727553367615
        ],
        [
            -0.3044546842575073,
            -0.7358753681182861,
            -0.01669410988688469
        ],
        [
            -0.309183269739151,
            -0.7364684343338013,
            -0.01026482880115509
        ],
        [
            -0.3083574175834656,
            -0.7291464805603027,
            -0.008985191583633423
        ],
        [
            -0.29029324650764465,
            -0.7210536003112793,
            -0.0210634283721447
        ],
        [
            -0.2868197560310364,
            -0.7156404256820679,
            -0.027318719774484634
        ],
        [
            -0.2983814477920532,
            -0.7286168336868286,
            -0.02071567252278328
        ],
        [
            -0.29675599932670593,
            -0.724225640296936,
            -0.018528185784816742
        ],
        [
            -0.29982537031173706,
            -0.7137510776519775,
            -0.012646850198507309
        ],
        [
            -0.3022359609603882,
            -0.7179949879646301,
            -0.014364343136548996
        ],
        [
            -0.3069196343421936,
            -0.7152429819107056,
            -0.008992783725261688
        ],
        [
            -0.30248942971229553,
            -0.7115750908851624,
            -0.008220139890909195
        ],
        [
            -0.29339709877967834,
            -0.7182667255401611,
            -0.01860366016626358
        ],
        [
            -0.2975044846534729,
            -0.7188340425491333,
            -0.01806522160768509
        ],
        [
            -0.2961086630821228,
            -0.7149357199668884,
            -0.015163764357566833
        ],
        [
            -0.29193001985549927,
            -0.7154040336608887,
            -0.014888767153024673
        ],
        [
            -0.3023040294647217,
            -0.7248934507369995,
            -0.013803303241729736
        ],
        [
            -0.30783742666244507,
            -0.7225428223609924,
            -0.008647512644529343
        ],
        [
            -0.31267374753952026,
            -0.7200073003768921,
            -0.0025032535195350647
        ],
        [
            -0.3101743757724762,
            -0.7114671468734741,
            -0.002522740513086319
        ],
        [
            -0.28233420848846436,
            -0.7102515697479248,
            -0.044796861708164215
        ],
        [
            -0.2882024347782135,
            -0.7139593362808228,
            -0.038496002554893494
        ],
        [
            -0.28363287448883057,
            -0.7109273672103882,
            -0.03376206010580063
        ],
        [
            -0.2795664668083191,
            -0.707503080368042,
            -0.03948817029595375
        ],
        [
            -0.28776729106903076,
            -0.7148331999778748,
            -0.017229825258255005
        ],
        [
            -0.27884551882743835,
            -0.7019904255867004,
            -0.021405817940831184
        ],
        [
            -0.28152957558631897,
            -0.704771876335144,
            -0.02143116667866707
        ],
        [
            -0.28318700194358826,
            -0.7039698958396912,
            -0.014419447630643845
        ],
        [
            -0.2807290852069855,
            -0.7013653516769409,
            -0.015034019947052002
        ],
        [
            -0.2685126066207886,
            -0.7037845849990845,
            -0.0533641017973423
        ],
        [
            -0.2693358063697815,
            -0.7009819149971008,
            -0.04654783383011818
        ],
        [
            -0.26323357224464417,
            -0.6972954273223877,
            -0.04817723482847214
        ],
        [
            -0.2605791389942169,
            -0.6999854445457458,
            -0.05476808547973633
        ],
        [
            -0.25821149349212646,
            -0.6938959360122681,
            -0.04615863040089607
        ],
        [
            -0.25320374965667725,
            -0.6962096691131592,
            -0.05450598895549774
        ],
        [
            -0.24163036048412323,
            -0.6866844892501831,
            -0.046160273253917694
        ],
        [
            -0.24680539965629578,
            -0.6909664273262024,
            -0.05057211220264435
        ],
        [
            -0.25370553135871887,
            -0.690067708492279,
            -0.04239673539996147
        ],
        [
            -0.25093698501586914,
            -0.6851775646209717,
            -0.0364261269569397
        ],
        [
            -0.25609850883483887,
            -0.6855328679084778,
            -0.022725965827703476
        ],
        [
            -0.2554248869419098,
            -0.6839433312416077,
            -0.01635747030377388
        ],
        [
            -0.24749860167503357,
            -0.6752429008483887,
            -0.021815380081534386
        ],
        [
            -0.24911412596702576,
            -0.6791486740112305,
            -0.028620051220059395
        ],
        [
            -0.2716257572174072,
            -0.7002156376838684,
            -0.022505944594740868
        ],
        [
            -0.2708894610404968,
            -0.7012481093406677,
            -0.02716956101357937
        ],
        [
            -0.27357661724090576,
            -0.7008719444274902,
            -0.0267034899443388
        ],
        [
            -0.27537402510643005,
            -0.7004563808441162,
            -0.02174822799861431
        ],
        [
            -0.27057069540023804,
            -0.7014410495758057,
            -0.03129556030035019
        ],
        [
            -0.2703983783721924,
            -0.7014491558074951,
            -0.03311000391840935
        ],
        [
            -0.2720394730567932,
            -0.701680064201355,
            -0.0324753001332283
        ],
        [
            -0.27143847942352295,
            -0.7016786932945251,
            -0.031225798651576042
        ],
        [
            -0.2710399329662323,
            -0.7014033794403076,
            -0.029125774279236794
        ],
        [
            -0.2697014808654785,
            -0.6999664902687073,
            -0.028033461421728134
        ],
        [
            -0.27012529969215393,
            -0.7007239460945129,
            -0.03027437999844551
        ],
        [
            -0.2701060175895691,
            -0.6982234716415405,
            -0.023799212649464607
        ],
        [
            -0.27081459760665894,
            -0.6937631964683533,
            -0.009651247411966324
        ],
        [
            -0.27107617259025574,
            -0.6942466497421265,
            -0.01345992460846901
        ],
        [
            -0.27273696660995483,
            -0.6985194683074951,
            -0.012215793132781982
        ],
        [
            -0.27272191643714905,
            -0.698326826095581,
            -0.00900677964091301
        ],
        [
            -0.2741570472717285,
            -0.702348530292511,
            -0.030564337968826294
        ],
        [
            -0.2754690945148468,
            -0.7033921480178833,
            -0.0325997993350029
        ],
        [
            -0.27848905324935913,
            -0.7040845155715942,
            -0.027825599536299706
        ],
        [
            -0.27593958377838135,
            -0.7025258541107178,
            -0.026982177048921585
        ],
        [
            -0.27733758091926575,
            -0.7045530080795288,
            -0.03536020964384079
        ],
        [
            -0.27309733629226685,
            -0.7026476263999939,
            -0.03475390374660492
        ],
        [
            -0.27415385842323303,
            -0.7031223773956299,
            -0.03794770687818527
        ],
        [
            -0.26904064416885376,
            -0.7002789974212646,
            -0.032618049532175064
        ],
        [
            -0.2677355408668518,
            -0.6995496153831482,
            -0.03575896471738815
        ],
        [
            -0.2704145908355713,
            -0.7007115483283997,
            -0.035913676023483276
        ],
        [
            -0.2653000056743622,
            -0.6971648931503296,
            -0.033774640411138535
        ],
        [
            -0.2677233815193176,
            -0.6986914277076721,
            -0.029944857582449913
        ],
        [
            -0.2674655318260193,
            -0.6961609721183777,
            -0.02580331079661846
        ],
        [
            -0.26758095622062683,
            -0.693452775478363,
            -0.020497430115938187
        ],
        [
            -0.26299434900283813,
            -0.6913355588912964,
            -0.023949936032295227
        ],
        [
            -0.26380640268325806,
            -0.6941848993301392,
            -0.029559556394815445
        ],
        [
            -0.28113269805908203,
            -0.7072741985321045,
            -0.029966332018375397
        ],
        [
            -0.26991844177246094,
            -0.7007120847702026,
            -0.04054015502333641
        ],
        [
            -0.2750018835067749,
            -0.7049427628517151,
            -0.043375611305236816
        ],
        [
            -0.26594606041908264,
            -0.6978528499603271,
            -0.040980204939842224
        ],
        [
            -0.26214563846588135,
            -0.6951019167900085,
            -0.03922760859131813
        ],
        [
            -0.25928062200546265,
            -0.6919223070144653,
            -0.03463452309370041
        ],
        [
            -0.2574859857559204,
            -0.6884486675262451,
            -0.02903422899544239
        ],
        [
            -0.2345600724220276,
            -0.6750766038894653,
            -0.027997059747576714
        ],
        [
            -0.238185852766037,
            -0.6797555685043335,
            -0.03631250187754631
        ],
        [
            -0.33095964789390564,
            -0.7575117945671082,
            -0.031941987574100494
        ],
        [
            -0.3310920000076294,
            -0.7570330500602722,
            -0.041107963770627975
        ],
        [
            -0.3226175010204315,
            -0.7539749145507812,
            -0.043349988758563995
        ],
        [
            -0.3244699239730835,
            -0.7554460763931274,
            -0.04474463686347008
        ],
        [
            -0.3263869285583496,
            -0.7554183006286621,
            -0.0388970784842968
        ],
        [
            -0.3237209618091583,
            -0.7536797523498535,
            -0.03876589611172676
        ],
        [
            -0.31054389476776123,
            -0.7564384937286377,
            -0.06138918921351433
        ],
        [
            -0.3135223090648651,
            -0.7556056380271912,
            -0.05525340139865875
        ],
        [
            -0.31003180146217346,
            -0.753644585609436,
            -0.05601845309138298
        ],
        [
            -0.3062632381916046,
            -0.7514001727104187,
            -0.06338842213153839
        ],
        [
            -0.3077344298362732,
            -0.7448352575302124,
            -0.04736572504043579
        ],
        [
            -0.30763357877731323,
            -0.7470910549163818,
            -0.05226343125104904
        ],
        [
            -0.3128088116645813,
            -0.7509405612945557,
            -0.04764724150300026
        ],
        [
            -0.31300973892211914,
            -0.7492233514785767,
            -0.044139258563518524
        ],
        [
            -0.3129027187824249,
            -0.7483067512512207,
            -0.040109582245349884
        ],
        [
            -0.31267401576042175,
            -0.748183012008667,
            -0.03561922907829285
        ],
        [
            -0.3087588846683502,
            -0.744604766368866,
            -0.036693498492240906
        ],
        [
            -0.30825161933898926,
            -0.7442361116409302,
            -0.04198361188173294
        ],
        [
            -0.326144278049469,
            -0.7565009593963623,
            -0.03250008076429367
        ],
        [
            -0.3232983648777008,
            -0.7573201656341553,
            -0.025633353739976883
        ],
        [
            -0.3210662305355072,
            -0.7553697824478149,
            -0.027554983273148537
        ],
        [
            -0.323607861995697,
            -0.7543097138404846,
            -0.033072952181100845
        ],
        [
            -0.31022533774375916,
            -0.7555500864982605,
            -0.019995417445898056
        ],
        [
            -0.3130089044570923,
            -0.7563638687133789,
            -0.020564764738082886
        ],
        [
            -0.313723087310791,
            -0.7573467493057251,
            -0.01681768149137497
        ],
        [
            -0.3098847270011902,
            -0.7547672986984253,
            -0.016603972762823105
        ],
        [
            -0.30855947732925415,
            -0.7520614862442017,
            -0.01905687153339386
        ],
        [
            -0.3097095489501953,
            -0.753813624382019,
            -0.0212535560131073
        ],
        [
            -0.3615381717681885,
            -0.8045157194137573,
            -0.03257639706134796
        ],
        [
            -0.3557651937007904,
            -0.7874815464019775,
            -0.026302393525838852
        ],
        [
            -0.35266974568367004,
            -0.8047906160354614,
            -0.050993163138628006
        ],
        [
            -0.34020817279815674,
            -0.8024191856384277,
            -0.0645972266793251
        ],
        [
            -0.3271108865737915,
            -0.796169638633728,
            -0.07581190764904022
        ],
        [
            -0.2683054208755493,
            -0.7105943560600281,
            -0.06211129575967789
        ],
        [
            -0.25861361622810364,
            -0.7077738046646118,
            -0.06564570963382721
        ],
        [
            -0.2567484378814697,
            -0.7196815609931946,
            -0.07619404792785645
        ],
        [
            -0.24652139842510223,
            -0.7151272296905518,
            -0.07657060772180557
        ],
        [
            -0.2490302324295044,
            -0.7027592658996582,
            -0.06518252938985825
        ],
        [
            -0.2324889451265335,
            -0.6911279559135437,
            -0.054066188633441925
        ],
        [
            -0.2402903139591217,
            -0.6966612935066223,
            -0.061518486589193344
        ],
        [
            -0.23589882254600525,
            -0.710619330406189,
            -0.07484297454357147
        ],
        [
            -0.23467518389225006,
            -0.7281253933906555,
            -0.08737371861934662
        ],
        [
            -0.24540239572525024,
            -0.7291696667671204,
            -0.0860959142446518
        ],
        [
            -0.23645436763763428,
            -0.7477915287017822,
            -0.09438229352235794
        ],
        [
            -0.2216571718454361,
            -0.7282615303993225,
            -0.087537482380867
        ],
        [
            -0.22878870368003845,
            -0.7529103755950928,
            -0.0945187658071518
        ],
        [
            -0.20562434196472168,
            -0.7003488540649414,
            -0.06880217045545578
        ],
        [
            -0.20026648044586182,
            -0.6937174797058105,
            -0.07032863050699234
        ],
        [
            -0.1970807909965515,
            -0.7043079733848572,
            -0.08631809800863266
        ],
        [
            -0.2028457522392273,
            -0.7114696502685547,
            -0.08469142019748688
        ],
        [
            -0.25619593262672424,
            -0.7306451797485352,
            -0.08390343189239502
        ],
        [
            -0.3042318522930145,
            -0.7734191417694092,
            -0.08020254969596863
        ],
        [
            -0.3107701539993286,
            -0.7669326066970825,
            -0.07268726080656052
        ],
        [
            -0.29358142614364624,
            -0.7658448815345764,
            -0.08422516286373138
        ],
        [
            -0.32997673749923706,
            -0.8309599757194519,
            -0.08434823155403137
        ],
        [
            -0.3378113806247711,
            -0.8172255158424377,
            -0.07449468970298767
        ],
        [
            -0.3249446153640747,
            -0.8089361190795898,
            -0.08382482826709747
        ],
        [
            -0.31954067945480347,
            -0.8227150440216064,
            -0.09245046973228455
        ],
        [
            -0.3521290421485901,
            -0.8553234338760376,
            -0.05315537005662918
        ],
        [
            -0.3610573410987854,
            -0.8297006487846375,
            -0.0441170409321785
        ],
        [
            -0.3516206443309784,
            -0.8250476717948914,
            -0.05916857719421387
        ],
        [
            -0.3442080616950989,
            -0.8443734645843506,
            -0.06807718425989151
        ],
        [
            -0.3114597201347351,
            -0.8322234153747559,
            -0.09894288331270218
        ],
        [
            -0.30003607273101807,
            -0.8448628187179565,
            -0.10509572178125381
        ],
        [
            -0.3044852018356323,
            -0.8615049123764038,
            -0.10209817439317703
        ],
        [
            -0.32021066546440125,
            -0.8478903770446777,
            -0.09368782490491867
        ],
        [
            -0.30994749069213867,
            -0.8830642700195312,
            -0.09171939641237259
        ],
        [
            -0.32907232642173767,
            -0.8666000366210938,
            -0.0809357613325119
        ],
        [
            -0.21288712322711945,
            -0.7479279041290283,
            -0.09523779898881912
        ],
        [
            -0.22242562472820282,
            -0.7653965950012207,
            -0.09700633585453033
        ],
        [
            -0.21123537421226501,
            -0.7186542749404907,
            -0.08294235169887543
        ],
        [
            -0.20503032207489014,
            -0.733917236328125,
            -0.09402728080749512
        ],
        [
            -0.31167277693748474,
            -0.9005053043365479,
            -0.07531407475471497
        ],
        [
            -0.3347647786140442,
            -0.8820468783378601,
            -0.0631064623594284
        ],
        [
            -0.24803292751312256,
            -0.8618782758712769,
            -0.11320231854915619
        ],
        [
            -0.2663130760192871,
            -0.8690423965454102,
            -0.11097638309001923
        ],
        [
            -0.27028289437294006,
