{
    "pred_cam": [
        1.4493253231048584,
        0.21117916703224182,
        0.28387442231178284
    ],
    "pred_smpl_params": {
        "global_orient": [
            [
                [
                    -0.7183303236961365,
                    -0.0316038653254509,
                    -0.694983959197998
                ],
                [
                    0.2627703845500946,
                    -0.9372951984405518,
                    -0.22897474467754364
                ],
                [
                    -0.6441686153411865,
                    -0.34710070490837097,
                    0.6815921068191528
                ]
            ]
        ],
        "body_pose": [
            [
                [
                    0.9997465014457703,
                    0.009116140194237232,
                    0.020588453859090805
                ],
                [
                    -0.015185852535068989,
                    0.948101818561554,
                    0.3176040053367615
                ],
                [
                    -0.016624629497528076,
                    -0.31783613562583923,
                    0.947999894618988
                ]
            ],
            [
                [
                    0.9936778545379639,
                    0.06789645552635193,
                    -0.08941242098808289
                ],
                [
                    -0.03557160496711731,
                    0.9457763433456421,
                    0.32286518812179565
                ],
                [
                    0.10648554563522339,
                    -0.317643404006958,
                    0.9422121644020081
                ]
            ],
            [
                [
                    0.9975531697273254,
                    0.02686384879052639,
                    0.06454509496688843
                ],
                [
                    -0.000535918225068599,
                    0.9261400103569031,
                    -0.3771793842315674
                ],
                [
                    -0.06991029530763626,
                    0.3762218952178955,
                    0.9238883256912231
                ]
            ],
            [
                [
                    0.995186984539032,
                    0.09657904505729675,
                    -0.016595004126429558
                ],
                [
                    -0.0975501611828804,
                    0.9924737215042114,
                    -0.0740256980061531
                ],
                [
                    0.009320774115622044,
                    0.07528825849294662,
                    0.9971182346343994
                ]
            ],
            [
                [
                    0.9961186647415161,
                    -0.045576490461826324,
                    -0.07530172914266586
                ],
                [
                    0.035873934626579285,
                    0.9914424419403076,
                    -0.1255185902118683
                ],
                [
                    0.08037802577018738,
                    0.12233004719018936,
                    0.9892293214797974
                ]
            ],
            [
                [
                    0.9985513687133789,
                    0.0015744571574032307,
                    0.05378303304314613
                ],
                [
                    -0.0010343283647671342,
                    0.9999487400054932,
                    -0.010069088079035282
                ],
                [
                    -0.053796131163835526,
                    0.009998872876167297,
                    0.9985018372535706
                ]
            ],
            [
                [
                    0.9827381372451782,
                    0.06055590882897377,
                    0.17481069266796112
                ],
                [
                    -0.053162530064582825,
                    0.9974944591522217,
                    -0.04667547345161438
                ],
                [
                    -0.17719916999340057,
                    0.036576393991708755,
                    0.9834951758384705
                ]
            ],
            [
                [
                    0.9774312973022461,
                    -0.0077258008532226086,
                    -0.21111224591732025
                ],
                [
                    0.013462853617966175,
                    0.9995777010917664,
                    0.025751590728759766
                ],
                [
                    0.2108241468667984,
                    -0.028012583032250404,
                    0.9771225452423096
                ]
            ],
            [
                [
                    0.9995595216751099,
                    0.012122929096221924,
                    0.027086596935987473
                ],
                [
                    -0.009766114875674248,
                    0.9962894916534424,
                    -0.0855085700750351
                ],
                [
                    -0.028022710233926773,
                    0.08520638197660446,
                    0.9959690570831299
                ]
            ],
            [
                [
                    0.9935697317123413,
                    -0.10117627680301666,
                    0.05081953480839729
                ],
                [
                    0.1027628630399704,
                    0.9942643046379089,
                    -0.029635734856128693
                ],
                [
                    -0.04752961918711662,
                    0.03466752544045448,
                    0.9982680678367615
                ]
            ],
            [
                [
                    0.9974376559257507,
                    0.0710630714893341,
                    0.008264714851975441
                ],
                [
                    -0.07088333368301392,
                    0.997277557849884,
                    -0.020320069044828415
                ],
                [
                    -0.009686223231256008,
                    0.01968216896057129,
                    0.9997593760490417
                ]
            ],
            [
                [
                    0.9654489159584045,
                    0.003179637249559164,
                    0.2605733573436737
                ],
                [
                    0.023297403007745743,
                    0.9948683381080627,
                    -0.09845894575119019
                ],
                [
                    -0.25954926013946533,
                    0.1011277511715889,
                    0.9604204893112183
                ]
            ],
            [
                [
                    0.9245100617408752,
                    0.18558399379253387,
                    -0.3329259157180786
                ],
                [
                    -0.16423507034778595,
                    0.9821749329566956,
                    0.09142865240573883
                ],
                [
                    0.34395918250083923,
                    -0.029848601669073105,
                    0.938510000705719
                ]
            ],
            [
                [
                    0.8836090564727783,
                    -0.31586161255836487,
                    0.34563925862312317
                ],
                [
                    0.3042537569999695,
                    0.9484323859214783,
                    0.08891361951828003
                ],
                [
                    -0.3558998703956604,
                    0.026597153395414352,
                    0.9341455101966858
                ]
            ],
            [
                [
                    0.9927251935005188,
                    0.08603750914335251,
                    0.08422678709030151
                ],
                [
                    -0.04915347695350647,
                    0.9282015562057495,
                    -0.3688168227672577
                ],
                [
                    -0.10991151630878448,
                    0.3619937300682068,
                    0.9256781339645386
                ]
            ],
            [
                [
                    0.8072893023490906,
                    0.46153882145881653,
                    -0.3677850067615509
                ],
                [
                    -0.4364091753959656,
                    0.8863959908485413,
                    0.1544317901134491
                ],
                [
                    0.39727944135665894,
                    0.03583361580967903,
                    0.9169977903366089
                ]
            ],
            [
                [
                    0.5566447973251343,
                    -0.6893802285194397,
                    0.46357467770576477
                ],
                [
                    0.6790228486061096,
                    0.6990443468093872,
                    0.22419856488704681
                ],
                [
                    -0.47861728072166443,
                    0.18997883796691895,
                    0.8572243452072144
                ]
            ],
            [
                [
                    0.870971143245697,
                    -0.023958615958690643,
                    -0.49074962735176086
                ],
                [
                    0.07345107197761536,
                    0.9939355850219727,
                    0.08183491975069046
                ],
                [
                    0.48581287264823914,
                    -0.10732194781303406,
                    0.8674489855766296
                ]
            ],
            [
                [
                    0.729200005531311,
                    0.17609870433807373,
                    0.6612537503242493
                ],
                [
                    -0.22139482200145721,
                    0.9750606417655945,
                    -0.01552470214664936
                ],
                [
                    -0.6474964022636414,
                    -0.1350775808095932,
                    0.7500015497207642
                ]
            ],
            [
                [
                    0.9938914179801941,
                    -0.10759136825799942,
                    -0.024573951959609985
                ],
                [
                    0.10760311782360077,
                    0.9941935539245605,
                    -0.0008474437636323273
                ],
                [
                    0.024522442370653152,
                    -0.0018019668059423566,
                    0.9996976256370544
                ]
            ],
            [
                [
                    0.9947935342788696,
                    0.08496547490358353,
                    0.05627276375889778
                ],
                [
                    -0.09416405856609344,
                    0.9775071740150452,
                    0.1887136548757553
                ],
                [
                    -0.0389728844165802,
                    -0.19303001463413239,
                    0.9804185032844543
                ]
            ],
            [
                [
                    0.9864913821220398,
                    0.12061868607997894,
                    -0.11084175854921341
                ],
                [
                    -0.10464613884687424,
                    0.9845932126045227,
                    0.14009013772010803
                ],
                [
                    0.1260315477848053,
                    -0.1265985518693924,
                    0.9839149713516235
                ]
            ],
            [
                [
                    0.9845559000968933,
                    -0.14643703401088715,
                    0.0959477424621582
                ],
                [
                    0.136116161942482,
                    0.9849509000778198,
                    0.10650914907455444
                ],
                [
                    -0.11010069400072098,
                    -0.09180416166782379,
                    0.9896716475486755
                ]
            ]
        ],
        "betas": [
            -0.24512803554534912,
            -0.37364622950553894,
            0.1293742060661316,
            0.9338972568511963,
            0.3013242483139038,
            0.004142258316278458,
            -0.04192081093788147,
            -0.04658052325248718,
            0.09283771365880966,
            -0.04042559862136841
        ]
    },
    "pred_cam_t": [
        0.21117916703224182,
        0.28387442231178284,
        26.95219612121582
    ],
    "focal_length": [
        5000.0,
        5000.0
    ],
    "pred_keypoints_3d": [
        [
            -0.29451650381088257,
            -0.7161100506782532,
            0.0011135563254356384
        ],
        [
            -0.11914408951997757,
            -0.7127670049667358,
            -0.06145729124546051
        ],
        [
            0.005077682435512543,
            -0.6647743582725525,
            0.09613550454378128
        ],
        [
            0.008889295160770416,
            -0.44861191511154175,
            0.2163485288619995
        ],
        [
            -0.16067853569984436,
            -0.33250683546066284,
            0.35507258772850037
        ],
        [
            -0.21794551610946655,
            -0.5821947455406189,
            -0.17012448608875275
        ],
        [
            -0.3497968912124634,
            -0.36564698815345764,
            -0.1769157350063324
        ],
        [
            -0.5217922925949097,
            -0.23621957004070282,
            -0.0646006390452385
        ],
        [
            -0.002269646618515253,
            -0.23106588423252106,
            0.028465185314416885
        ],
        [
            0.05155108869075775,
            -0.16337496042251587,
            0.10007543861865997
        ],
        [
            0.032366793602705,
            0.1244385838508606,
            0.33130136132240295
        ],
        [
            0.0031055547297000885,
            0.4776231348514557,
            0.479370653629303
        ],
        [
            -0.04419045150279999,
            -0.12622402608394623,
            0.01142432726919651
        ],
        [
            -0.13047626614570618,
            0.17758534848690033,
            0.18679219484329224
        ],
        [
            -0.11518885940313339,
            0.5040208697319031,
            0.3877871036529541
        ],
        [
            -0.28594836592674255,
            -0.7722594738006592,
            0.024313855916261673
        ],
        [
            -0.3073059916496277,
            -0.7608317136764526,
            -0.03782065957784653
        ],
        [
            -0.1957421749830246,
            -0.8290131092071533,
            0.030836299061775208
        ],
        [
            -0.2458505630493164,
            -0.8032158613204956,
            -0.1093754693865776
        ],
        [
            -0.26633283495903015,
            0.48551905155181885,
            0.5193741917610168
        ],
        [
            -0.2681848108768463,
            0.5332127213478088,
            0.45024824142456055
        ],
        [
            -0.073319211602211,
            0.55641770362854,
            0.3738502562046051
        ],
        [
            -0.08780662715435028,
            0.4289196729660034,
            0.6489080786705017
        ],
        [
            -0.0004565194249153137,
            0.4446136951446533,
            0.6466758251190186
        ],
        [
            0.025192279368638992,
            0.541237473487854,
            0.45820119976997375
        ],
        [
            0.040296293795108795,
            0.4435718059539795,
            0.4456596374511719
        ],
        [
            0.0366903580725193,
            0.07055999338626862,
            0.29454079270362854
        ],
        [
            0.11359579861164093,
            -0.2967722713947296,
            0.10079126060009003
        ],
        [
            -0.0862881988286972,
            -0.20130547881126404,
            -0.09209561347961426
        ],
        [
            -0.13125795125961304,
            0.14534972608089447,
            0.15723425149917603
        ],
        [
            -0.1003258228302002,
            0.489807665348053,
            0.3502998352050781
        ],
        [
            -0.17033612728118896,
            -0.36594489216804504,
            0.3406791090965271
        ],
        [
            0.002726529259234667,
            -0.48130059242248535,
            0.23759812116622925
        ],
        [
            -0.022206014022231102,
            -0.6866161227226257,
            0.06346174329519272
        ],
        [
            -0.20442776381969452,
            -0.6193212270736694,
            -0.1673446148633957
        ],
        [
            -0.3761793375015259,
            -0.40529564023017883,
            -0.17988505959510803
        ],
        [
            -0.5257419347763062,
            -0.25710758566856384,
            -0.06515137851238251
        ],
        [
            -0.12386851012706757,
            -0.7019083499908447,
            -0.05560457706451416
        ],
        [
            -0.26885986328125,
            -0.8456615805625916,
            -0.032751984894275665
        ],
        [
            0.013218274340033531,
            -0.2491624802350998,
            0.003993748687207699
        ],
        [
            -0.10992801189422607,
            -0.6499798893928528,
            -0.04938386008143425
        ],
        [
            -0.02567628026008606,
            -0.489878386259079,
            -0.051738280802965164
        ],
        [
            -0.22429822385311127,
            -0.7389225959777832,
            -0.03143263980746269
        ],
        [
            -0.27321740984916687,
            -0.8653899431228638,
            -0.031061604619026184
        ]
    ],
    "pred_vertices": [
        [
            -0.3414408266544342,
            -0.7956751585006714,
            -0.045173391699790955
        ],
        [
            -0.33553212881088257,
            -0.7808369398117065,
            -0.03836474567651749
        ],
        [
            -0.3299696743488312,
            -0.7818783521652222,
            -0.051948849111795425
        ],
        [
            -0.3319818675518036,
            -0.7947578430175781,
            -0.059545233845710754
        ],
        [
            -0.3274666666984558,
            -0.7714682817459106,
            -0.04700424149632454
        ],
        [
            -0.3299923837184906,
            -0.7702583074569702,
            -0.03553549200296402
        ],
        [
            -0.32085511088371277,
            -0.7819412350654602,
            -0.0623643584549427
        ],
        [
            -0.3195039927959442,
            -0.7927848100662231,
            -0.07031816244125366
        ],
        [
            -0.29170742630958557,
            -0.7599104046821594,
            -0.07362193614244461
        ],
        [
            -0.28380218148231506,
            -0.7613173723220825,
            -0.08100299537181854
        ],
        [
            -0.2926265001296997,
            -0.7702722549438477,
            -0.07924476265907288
        ],
        [
            -0.29784393310546875,
            -0.7666938304901123,
            -0.07148098945617676
        ],
        [
            -0.272910475730896,
            -0.7420040369033813,
            -0.07528072595596313
        ],
        [
            -0.2712809443473816,
            -0.7307837605476379,
            -0.06743030250072479
        ],
        [
            -0.25951725244522095,
            -0.7290945649147034,
            -0.07354043424129486
        ],
        [
            -0.2596917450428009,
            -0.7407515645027161,
            -0.08092643320560455
        ],
        [
            -0.28668680787086487,
            -0.7333059310913086,
            -0.028439277783036232
        ],
        [
            -0.28357213735580444,
            -0.7278010249137878,
            -0.03423033654689789
        ],
        [
            -0.2884378433227539,
            -0.7328056693077087,
            -0.03775487095117569
        ],
        [
            -0.2905750572681427,
            -0.7380038499832153,
            -0.03148156777024269
        ],
        [
            -0.29447972774505615,
            -0.7389477491378784,
            -0.0174802765250206
        ],
        [
            -0.29583173990249634,
            -0.7450047731399536,
            -0.019331108778715134
        ],
        [
            -0.3006346821784973,
            -0.7456308603286743,
            -0.012935638427734375
        ],
        [
            -0.2999018728733063,
            -0.7382924556732178,
            -0.011650465428829193
        ],
        [
            -0.2817646861076355,
            -0.730059802532196,
            -0.023631807416677475
        ],
        [
            -0.278279185295105,
            -0.7245980501174927,
            -0.02986334078013897
        ],
        [
            -0.2897811233997345,
            -0.7377002239227295,
            -0.023325592279434204
        ],
        [
            -0.2882325351238251,
            -0.7332906723022461,
            -0.021114729344844818
        ],
        [
            -0.29148852825164795,
            -0.7228143215179443,
            -0.01525602862238884
        ],
        [
            -0.2938442826271057,
            -0.727077305316925,
            -0.016992036253213882
        ],
        [
            -0.2986142933368683,
            -0.7243469953536987,
            -0.01165103167295456
        ],
        [
            -0.2942154109477997,
            -0.7206377387046814,
            -0.010840732604265213
        ],
        [
            -0.28493818640708923,
            -0.7272818684577942,
            -0.021180003881454468
        ],
        [
            -0.2890653610229492,
            -0.7278800010681152,
            -0.02066761627793312
        ],
        [
            -0.28773021697998047,
            -0.723967969417572,
            -0.01775718480348587
        ],
        [
            -0.28353172540664673,
            -0.7244062423706055,
            -0.017448831349611282
        ],
        [
            -0.2938413918018341,
            -0.733985185623169,
            -0.01642938330769539
        ],
        [
            -0.29946035146713257,
            -0.7316679954528809,
            -0.011311661452054977
        ],
        [
            -0.3043975234031677,
            -0.7291620373725891,
            -0.005200475454330444
        ],
        [
            -0.30196577310562134,
            -0.7205893993377686,
            -0.00519658625125885
        ],
        [
            -0.27372878789901733,
            -0.7191250920295715,
            -0.04732981696724892
        ],
        [
            -0.2795986533164978,
            -0.7229103446006775,
            -0.04106492921710014
        ],
        [
            -0.27508994936943054,
            -0.7198361158370972,
            -0.03628966584801674
        ],
        [
            -0.27102503180503845,
            -0.7163535356521606,
            -0.041996538639068604
        ],
        [
            -0.27933892607688904,
            -0.723791778087616,
            -0.019759584218263626
        ],
        [
            -0.27050256729125977,
            -0.7108136415481567,
            -0.023857714608311653
        ],
        [
            -0.2731668949127197,
            -0.713629961013794,
            -0.023906635120511055
        ],
        [
            -0.274883896112442,
            -0.7128404378890991,
            -0.016906198114156723
        ],
        [
            -0.27243572473526,
            -0.7102084755897522,
            -0.01749899983406067
        ],
        [
            -0.2599300444126129,
            -0.7124820947647095,
            -0.05580921098589897
        ],
        [
            -0.2608301043510437,
            -0.7096898555755615,
            -0.04899540916085243
        ],
        [
            -0.2547491192817688,
            -0.7059328556060791,
            -0.05058061704039574
        ],
        [
            -0.252017617225647,
            -0.7086101770401001,
            -0.05715784803032875
        ],
        [
            -0.24974475800991058,
            -0.7025106549263,
            -0.04851410537958145
        ],
        [
            -0.24467134475708008,
            -0.7047879099845886,
            -0.056829001754522324
        ],
        [
            -0.23325364291667938,
            -0.6951388120651245,
            -0.04834038391709328
        ],
        [
            -0.23835015296936035,
            -0.6994898319244385,
            -0.052815213799476624
        ],
        [
            -0.24529987573623657,
            -0.6986422538757324,
            -0.04468783736228943
        ],
        [
            -0.242616206407547,
            -0.6937201619148254,
            -0.038679756224155426
        ],
        [
            -0.24788744747638702,
            -0.6941070556640625,
            -0.025007527321577072
        ],
        [
            -0.24728178977966309,
            -0.6925209760665894,
            -0.01862269639968872
        ],
        [
            -0.23942318558692932,
            -0.6837285757064819,
            -0.02401665970683098
        ],
        [
            -0.24091506004333496,
            -0.6876704096794128,
            -0.030843311920762062
        ],
        [
            -0.263281911611557,
            -0.7089704275131226,
            -0.02491666004061699
        ],
        [
            -0.2625061273574829,
            -0.7099896669387817,
            -0.029582330957055092
        ],
        [
            -0.26520565152168274,
            -0.7096352577209473,
            -0.029136182740330696
        ],
        [
            -0.2670418918132782,
            -0.7092362642288208,
            -0.024189723655581474
        ],
        [
            -0.26215630769729614,
            -0.7101765275001526,
            -0.033719390630722046
        ],
        [
            -0.2619713544845581,
            -0.7101835012435913,
            -0.03553678095340729
        ],
        [
            -0.26362043619155884,
            -0.7104313373565674,
            -0.0349101796746254
        ],
        [
            -0.2630273401737213,
            -0.7104146480560303,
            -0.03366214036941528
        ],
        [
            -0.26264166831970215,
            -0.710136353969574,
            -0.03155604749917984
        ],
        [
            -0.2613179683685303,
            -0.7086817026138306,
            -0.030448907986283302
        ],
        [
            -0.26171794533729553,
            -0.7094528079032898,
            -0.03269457072019577
        ],
        [
            -0.26176929473876953,
            -0.706937849521637,
            -0.026211069896817207
        ],
        [
            -0.2626010775566101,
            -0.7025332450866699,
            -0.012024130672216415
        ],
        [
            -0.262834757566452,
            -0.702999472618103,
            -0.01585932821035385
        ],
        [
            -0.26447802782058716,
            -0.7072990536689758,
            -0.014629796147346497
        ],
        [
            -0.264479398727417,
            -0.7071274518966675,
            -0.011399507522583008
        ],
        [
            -0.26574626564979553,
            -0.7111160159111023,
            -0.03300289809703827
        ],
        [
            -0.26703914999961853,
            -0.712180495262146,
            -0.03505951911211014
        ],
        [
            -0.2700895667076111,
            -0.7128978371620178,
            -0.03030157834291458
        ],
        [
            -0.26755574345588684,
            -0.7113151550292969,
            -0.029436206445097923
        ],
        [
            -0.2688635289669037,
            -0.7133640646934509,
            -0.037849217653274536
        ],
        [
            -0.26465505361557007,
            -0.7114068865776062,
            -0.03720524534583092
        ],
        [
            -0.26566845178604126,
            -0.7119094729423523,
            -0.04039951041340828
        ],
        [
            -0.2606201767921448,
            -0.7089976072311401,
            -0.035033226013183594
        ],
        [
            -0.2593024969100952,
            -0.7082561254501343,
            -0.0381736196577549
        ],
        [
            -0.2619726061820984,
            -0.709449052810669,
            -0.03834626078605652
        ],
        [
            -0.2568931579589844,
            -0.7058409452438354,
            -0.03616102784872055
        ],
        [
            -0.25933241844177246,
            -0.7073902487754822,
            -0.032341185957193375
        ],
        [
            -0.25912654399871826,
            -0.7048473954200745,
            -0.02818615362048149
        ],
        [
            -0.2592977285385132,
            -0.7021439671516418,
            -0.02287212386727333
        ],
        [
            -0.2547037899494171,
            -0.6999791860580444,
            -0.02629208378493786
        ],
        [
            -0.25545766949653625,
            -0.7028326392173767,
            -0.03192151337862015
        ],
        [
            -0.27267128229141235,
            -0.7161417603492737,
            -0.03245238959789276
        ],
        [
            -0.26145049929618835,
            -0.7094359397888184,
            -0.042979124933481216
        ],
        [
            -0.2664714455604553,
            -0.7137291431427002,
            -0.045857734978199005
        ],
        [
            -0.25750166177749634,
            -0.7065280079841614,
            -0.04339301213622093
        ],
        [
            -0.2537301778793335,
            -0.7037404775619507,
            -0.04160359874367714
        ],
        [
            -0.25089573860168457,
            -0.7005599737167358,
            -0.036960627883672714
        ],
        [
            -0.24919994175434113,
            -0.6970373392105103,
            -0.03134116530418396
        ],
        [
            -0.22645312547683716,
            -0.6834607124328613,
            -0.030084246769547462
        ],
        [
            -0.2299453616142273,
            -0.6881949305534363,
            -0.03843541815876961
        ],
        [
            -0.32203739881515503,
            -0.7668144106864929,
            -0.034766219556331635
        ],
        [
            -0.32211142778396606,
            -0.7663397192955017,
            -0.04393766447901726
        ],
        [
            -0.313629150390625,
            -0.7632349729537964,
            -0.04612366855144501
        ],
        [
            -0.31546643376350403,
            -0.7647083401679993,
            -0.04754931479692459
        ],
        [
            -0.3174157440662384,
            -0.7647050023078918,
            -0.04169188439846039
        ],
        [
            -0.3147672414779663,
            -0.7629460096359253,
            -0.041546329855918884
        ],
        [
            -0.30142417550086975,
            -0.7655723094940186,
            -0.06411589682102203
        ],
        [
            -0.30444052815437317,
            -0.7647781372070312,
            -0.057987794280052185
        ],
        [
            -0.3009510040283203,
            -0.7627946138381958,
            -0.058724310249090195
        ],
        [
            -0.29716756939888,
            -0.7604964971542358,
            -0.06608743220567703
        ],
        [
            -0.2987818121910095,
            -0.7539529800415039,
            -0.05004838481545448
        ],
        [
            -0.29862844944000244,
            -0.7562148571014404,
            -0.054950449615716934
        ],
        [
            -0.3038010001182556,
            -0.7601016163825989,
            -0.05037651211023331
        ],
        [
            -0.30404379963874817,
            -0.7583797574043274,
            -0.04686659947037697
        ],
        [
            -0.30397337675094604,
            -0.7574704885482788,
            -0.04282575100660324
        ],
        [
            -0.3037727177143097,
            -0.7573682069778442,
            -0.03832067921757698
        ],
        [
            -0.2998731732368469,
            -0.7537471055984497,
            -0.039371833205223083
        ],
        [
            -0.29933157563209534,
            -0.7533606290817261,
            -0.04466913267970085
        ],
        [
            -0.31720754504203796,
            -0.7657915949821472,
            -0.03530117869377136
        ],
        [
            -0.31440088152885437,
            -0.7666181921958923,
            -0.028422532603144646
        ],
        [
            -0.3121793270111084,
            -0.7646386027336121,
            -0.0303255133330822
        ],
        [
            -0.3146821856498718,
            -0.7635937929153442,
            -0.035861335694789886
        ],
        [
            -0.3013918995857239,
            -0.7647533416748047,
            -0.022677507251501083
        ],
        [
            -0.3041677176952362,
            -0.7655922174453735,
            -0.02326953411102295
        ],
        [
            -0.30489858984947205,
            -0.7665895223617554,
            -0.019527729600667953
        ],
        [
            -0.3010740280151367,
            -0.7639667987823486,
            -0.01927945762872696
        ],
        [
            -0.29976028203964233,
            -0.7612384557723999,
            -0.021721486002206802
        ],
        [
            -0.3008863031864166,
            -0.7629996538162231,
            -0.02393009141087532
        ],
        [
            -0.3522206246852875,
            -0.814028263092041,
            -0.035696789622306824
        ],
        [
            -0.3465624749660492,
            -0.7970126271247864,
            -0.02935200184583664
        ],
        [
            -0.34326645731925964,
            -0.8141764998435974,
            -0.05405145138502121
        ],
        [
            -0.33073243498802185,
            -0.8117203712463379,
            -0.06754881143569946
        ],
        [
            -0.31759119033813477,
            -0.8054391741752625,
            -0.0786808654665947
        ],
        [
            -0.25961294770240784,
            -0.7192816734313965,
            -0.06457551568746567
        ],
        [
            -0.2499183863401413,
            -0.7163772583007812,
            -0.06803205609321594
        ],
        [
            -0.2478676736354828,
            -0.7282865643501282,
            -0.0785718485713005
        ],
        [
            -0.23767827451229095,
            -0.7236145734786987,
            -0.07887761294841766
        ],
        [
            -0.2403654158115387,
            -0.7112927436828613,
            -0.06747762113809586
        ],
        [
            -0.22405683994293213,
            -0.6994752287864685,
            -0.056175075471401215
        ],
        [
            -0.23174098134040833,
            -0.7051076889038086,
            -0.06373482197523117
        ],
        [
            -0.22712910175323486,
            -0.7189576625823975,
            -0.07709614187479019
        ],
        [
            -0.22564774751663208,
            -0.7364157438278198,
            -0.08971613645553589
        ],
        [
            -0.23636065423488617,
            -0.7376292943954468,
            -0.08846241235733032
        ],
        [
            -0.22714735567569733,
            -0.7561205625534058,
            -0.09677018225193024
        ],
        [
            -0.2126477062702179,
            -0.736382007598877,
            -0.08980663120746613
        ],
        [
            -0.2194177806377411,
            -0.7611562013626099,
            -0.09690424799919128
        ],
        [
            -0.19716432690620422,
            -0.7082408666610718,
            -0.07059179246425629
        ],
        [
            -0.1919366717338562,
            -0.7014934420585632,
            -0.07199108600616455
        ],
        [
            -0.18847228586673737,
            -0.7120113372802734,
            -0.0881020724773407
        ],
        [
            -0.19410072267055511,
            -0.7193129062652588,
            -0.08656250685453415
        ],
        [
            -0.2471899837255478,
            -0.7392129898071289,
            -0.08632699400186539
        ],
        [
            -0.29487088322639465,
            -0.7824642658233643,
            -0.0829194188117981
        ],
        [
            -0.3014984726905823,
            -0.7760491967201233,
            -0.07544784992933273
        ],
        [
            -0.2841937839984894,
            -0.7748311758041382,
            -0.08686363697052002
        ],
        [
            -0.3202044367790222,
            -0.8401353359222412,
            -0.0872630774974823
        ],
        [
            -0.32819247245788574,
            -0.8265366554260254,
            -0.07746664434671402
        ],
        [
            -0.3153126537799835,
            -0.8181570768356323,
            -0.08669448643922806
        ],
        [
            -0.30976513028144836,
            -0.8318880200386047,
            -0.09533117711544037
        ],
        [
            -0.3423129916191101,
            -0.864678680896759,
            -0.05612243711948395
        ],
        [
            -0.3514459431171417,
            -0.8391435146331787,
            -0.047184884548187256
        ],
        [
            -0.34199702739715576,
            -0.8344235420227051,
            -0.06218261644244194
        ],
        [
            -0.3343745470046997,
            -0.8536850214004517,
            -0.07098554074764252
        ],
        [
            -0.3015417754650116,
            -0.8413076996803284,
            -0.10171951353549957
        ],
        [
            -0.28996601700782776,
            -0.853864848613739,
            -0.10781159996986389
        ],
        [
            -0.29439637064933777,
            -0.8705644607543945,
            -0.10492102801799774
        ],
        [
            -0.31027117371559143,
            -0.8569875955581665,
            -0.0965425968170166
        ],
        [
            -0.29976677894592285,
            -0.8921475410461426,
            -0.09455074369907379
        ],
        [
            -0.3190809190273285,
            -0.8757950067520142,
            -0.0838073194026947
        ],
        [
            -0.20354193449020386,
            -0.7559978365898132,
            -0.09739856421947479
        ],
        [
            -0.2128947526216507,
            -0.7736513018608093,
            -0.09925852715969086
        ],
        [
            -0.20238296687602997,
            -0.7266356945037842,
            -0.08498451858758926
        ],
        [
            -0.19587446749210358,
            -0.7418356537818909,
            -0.09607934951782227
        ],
        [
            -0.30152344703674316,
            -0.9097161293029785,
            -0.07813897728919983
        ],
        [
            -0.32482725381851196,
            -0.8913195133209229,
            -0.0660099983215332
        ],
        [
            -0.2376895695924759,
            -0.8704514503479004,
            -0.1157357469201088
        ],
        [
            -0.2560102343559265,
            -0.8777729272842407,
            -0.11359759420156479
        ],
        [
            -0.2600764036178589,
            -0.8573225736618042,
