{
    "pred_cam": [
        1.4715087413787842,
        0.21500183641910553,
        0.2704114615917206
    ],
    "pred_smpl_params": {
        "global_orient": [
            [
                [
                    -0.7029015421867371,
                    -0.06664639711380005,
                    -0.7081579566001892
                ],
                [
                    0.276670902967453,
                    -0.9428145885467529,
                    -0.18588681519031525
                ],
                [
                    -0.6552729606628418,
                    -0.32658684253692627,
                    0.6811449527740479
                ]
            ]
        ],
        "body_pose": [
            [
                [
                    0.9995979070663452,
                    -0.012338152155280113,
                    0.02553129568696022
                ],
                [
                    0.003161321859806776,
                    0.943252682685852,
                    0.33206069469451904
                ],
                [
                    -0.028179479762911797,
                    -0.3318464457988739,
                    0.9429123997688293
                ]
            ],
            [
                [
                    0.9944202899932861,
                    0.04943598434329033,
                    -0.09319019317626953
                ],
                [
                    -0.016441764310002327,
                    0.9452325105667114,
                    0.32598355412483215
                ],
                [
                    0.10420171171426773,
                    -0.32263246178627014,
                    0.940771222114563
                ]
            ],
            [
                [
                    0.997549831867218,
                    0.038097627460956573,
                    0.05867600068449974
                ],
                [
                    -0.011220279149711132,
                    0.9149845838546753,
                    -0.4033326804637909
                ],
                [
                    -0.06905365735292435,
                    0.4016861021518707,
                    0.9131701588630676
                ]
            ],
            [
                [
                    0.9941458702087402,
                    0.10661675781011581,
                    0.017519842833280563
                ],
                [
                    -0.10530634224414825,
                    0.9923965930938721,
                    -0.06371390074491501
                ],
                [
                    -0.024179603904485703,
                    0.061495956033468246,
                    0.997814416885376
                ]
            ],
            [
                [
                    0.9968933463096619,
                    -0.04073035344481468,
                    -0.06741434335708618
                ],
                [
                    0.03381069004535675,
                    0.9943341612815857,
                    -0.10077887028455734
                ],
                [
                    0.07113715261220932,
                    0.09818646311759949,
                    0.9926222562789917
                ]
            ],
            [
                [
                    0.9988769292831421,
                    0.0032148517202585936,
                    0.047271594405174255
                ],
                [
                    -0.0023542281705886126,
                    0.9998307228088379,
                    -0.018250368535518646
                ],
                [
                    -0.04732225835323334,
                    0.018118582665920258,
                    0.9987154006958008
                ]
            ],
            [
                [
                    0.9812780618667603,
                    0.0664435401558876,
                    0.18077237904071808
                ],
                [
                    -0.054201118648052216,
                    0.9959419965744019,
                    -0.0718449279665947
                ],
                [
                    -0.18481245636940002,
                    0.06070178747177124,
                    0.9808973670005798
                ]
            ],
            [
                [
                    0.9773480892181396,
                    -0.01752990111708641,
                    -0.21091079711914062
                ],
                [
                    0.019812464714050293,
                    0.9997657537460327,
                    0.008714010007679462
                ],
                [
                    0.2107086181640625,
                    -0.012695284560322762,
                    0.9774664640426636
                ]
            ],
            [
                [
                    0.9997780323028564,
                    0.00954207219183445,
                    0.018782159313559532
                ],
                [
                    -0.007923733443021774,
                    0.9963980913162231,
                    -0.08442732691764832
                ],
                [
                    -0.019520120695233345,
                    0.0842597633600235,
                    0.9962525367736816
                ]
            ],
            [
                [
                    0.9932205080986023,
                    -0.10021789371967316,
                    0.058901216834783554
                ],
                [
                    0.10174550861120224,
                    0.9945322275161743,
                    -0.023528048768639565
                ],
                [
                    -0.05622122064232826,
                    0.029361477121710777,
                    0.9979864954948425
                ]
            ],
            [
                [
                    0.9967581033706665,
                    0.0799827054142952,
                    0.008723856881260872
                ],
                [
                    -0.07972672581672668,
                    0.9964632391929626,
                    -0.026546182110905647
                ],
                [
                    -0.010816237889230251,
                    0.025764597579836845,
                    0.9996095895767212
                ]
            ],
            [
                [
                    0.9626550674438477,
                    0.012749714776873589,
                    0.2704305052757263
                ],
                [
                    0.01760382205247879,
                    0.9938287734985352,
                    -0.1095196083188057
                ],
                [
                    -0.27015793323516846,
                    0.11019022017717361,
                    0.9564898610115051
                ]
            ],
            [
                [
                    0.9233378767967224,
                    0.1471540927886963,
                    -0.35467293858528137
                ],
                [
                    -0.12417184561491013,
                    0.9884527921676636,
                    0.08684711158275604
                ],
                [
                    0.3633573651313782,
                    -0.03614883869886398,
                    0.9309483170509338
                ]
            ],
            [
                [
                    0.8892219662666321,
                    -0.29639312624931335,
                    0.3484756648540497
                ],
                [
                    0.28679159283638,
                    0.9546353220939636,
                    0.08013751357793808
                ],
                [
                    -0.3564193844795227,
                    0.02867983467876911,
                    0.9338857531547546
                ]
            ],
            [
                [
                    0.9926073551177979,
                    0.09231676906347275,
                    0.07879256457090378
                ],
                [
                    -0.06086951121687889,
                    0.9402951598167419,
                    -0.334872841835022
                ],
                [
                    -0.10500264912843704,
                    0.3276011645793915,
                    0.9389631748199463
                ]
            ],
            [
                [
                    0.7980267405509949,
                    0.46314623951911926,
                    -0.3855501711368561
                ],
                [
                    -0.4342615604400635,
                    0.8855582475662231,
                    0.16493487358093262
                ],
                [
                    0.4178161025047302,
                    0.03580717742443085,
                    0.907825767993927
                ]
            ],
            [
                [
                    0.5387899875640869,
                    -0.7129887342453003,
                    0.44872307777404785
                ],
                [
                    0.7087819576263428,
                    0.671546995639801,
                    0.2159925252199173
                ],
                [
                    -0.45533886551856995,
                    0.20167219638824463,
                    0.867176353931427
                ]
            ],
            [
                [
                    0.8743036389350891,
                    -0.008927727118134499,
                    -0.4852972626686096
                ],
                [
                    0.047770801931619644,
                    0.9965593814849854,
                    0.06773001700639725
                ],
                [
                    0.48302286863327026,
                    -0.0823996514081955,
                    0.8717219829559326
                ]
            ],
            [
                [
                    0.7760468125343323,
                    0.14316841959953308,
                    0.6142101287841797
                ],
                [
                    -0.17198722064495087,
                    0.9850224256515503,
                    -0.012298635207116604
                ],
                [
                    -0.6067715287208557,
                    -0.09609199315309525,
                    0.7890466451644897
                ]
            ],
            [
                [
                    0.9931647181510925,
                    -0.11452040821313858,
                    -0.022561926394701004
                ],
                [
                    0.11447461694478989,
                    0.9934206604957581,
                    -0.0033153980039060116
                ],
                [
                    0.022793162614107132,
                    0.0007099685026332736,
                    0.9997400045394897
                ]
            ],
            [
                [
                    0.9958752393722534,
                    0.07562430202960968,
                    0.050134722143411636
                ],
                [
                    -0.08456778526306152,
                    0.9738465547561646,
                    0.21088185906410217
                ],
                [
                    -0.03287573903799057,
                    -0.2142518013715744,
                    0.9762250781059265
                ]
            ],
            [
                [
                    0.9860635995864868,
                    0.12531165778636932,
                    -0.1094333678483963
                ],
                [
                    -0.10755113512277603,
                    0.9819852113723755,
                    0.155363529920578
                ],
                [
                    0.12693080306053162,
                    -0.1414286196231842,
                    0.9817773103713989
                ]
            ],
            [
                [
                    0.9826039671897888,
                    -0.15546390414237976,
                    0.10158975422382355
                ],
                [
                    0.14269386231899261,
                    0.9821221232414246,
                    0.12277822196483612
                ],
                [
                    -0.11886114627122879,
                    -0.10614612698554993,
                    0.987220823764801
                ]
            ]
        ],
        "betas": [
            -0.23468300700187683,
            -0.35593655705451965,
            0.023069679737091064,
            0.6863219738006592,
            0.26647335290908813,
            -0.02099701389670372,
            -0.009123355150222778,
            -0.06576240062713623,
            0.08579001575708389,
            -0.024403125047683716
        ]
    },
    "pred_cam_t": [
        0.21500183641910553,
        0.2704114615917206,
        26.545883178710938
    ],
    "focal_length": [
        5000.0,
        5000.0
    ],
    "pred_keypoints_3d": [
        [
            -0.32232850790023804,
            -0.6894605159759521,
            0.0196085087954998
        ],
        [
            -0.14780020713806152,
            -0.6996141076087952,
            -0.044471923261880875
        ],
        [
            -0.018920745700597763,
            -0.6579291820526123,
            0.10869486629962921
        ],
        [
            0.009984269738197327,
            -0.43567222356796265,
            0.21610940992832184
        ],
        [
            -0.1327788531780243,
            -0.27987807989120483,
            0.3478129506111145
        ],
        [
            -0.2418634295463562,
            -0.5701316595077515,
            -0.15312165021896362
        ],
        [
            -0.3676398992538452,
            -0.34868234395980835,
            -0.1582745462656021
        ],
        [
            -0.5248996019363403,
            -0.20664925873279572,
            -0.0379660427570343
        ],
        [
            -0.0021161255426704884,
            -0.2282843291759491,
            0.028697233647108078
        ],
        [
            0.05411010980606079,
            -0.16139468550682068,
            0.09951956570148468
        ],
        [
            0.03889818489551544,
            0.13565820455551147,
            0.32230913639068604
        ],
        [
            0.012116236612200737,
            0.4927235543727875,
            0.46749457716941833
        ],
        [
            -0.04006628319621086,
            -0.12225520610809326,
            0.008718790486454964
        ],
        [
            -0.12441030144691467,
            0.18969455361366272,
            0.17496947944164276
        ],
        [
            -0.10780249536037445,
            0.5188959836959839,
            0.3757959306240082
        ],
        [
            -0.31701987981796265,
            -0.74559086561203,
            0.043735772371292114
        ],
        [
            -0.3378256559371948,
            -0.7339640259742737,
            -0.018563900142908096
        ],
        [
            -0.23038089275360107,
            -0.8071787357330322,
            0.050860658288002014
        ],
        [
            -0.27911847829818726,
            -0.780846118927002,
            -0.08929988741874695
        ],
        [
            -0.2664801776409149,
            0.5124530792236328,
            0.4999799132347107
        ],
        [
            -0.26173409819602966,
            0.5585289001464844,
            0.430202454328537
        ],
        [
            -0.06221811845898628,
            0.5689642429351807,
            0.3633939027786255
        ],
        [
            -0.08438967913389206,
            0.45108163356781006,
            0.6361407041549683
        ],
        [
            0.0032580792903900146,
            0.4647597372531891,
            0.6358197927474976
        ],
        [
            0.03618309274315834,
            0.5554848909378052,
            0.4453376531600952
        ],
        [
            0.0494052991271019,
            0.4573647379875183,
            0.4348938763141632
        ],
        [
            0.0426294319331646,
            0.08036209642887115,
            0.2869147062301636
        ],
        [
            0.11147703230381012,
            -0.2967662215232849,
            0.10405898839235306
        ],
        [
            -0.08376409858465195,
            -0.19748498499393463,
            -0.09414364397525787
        ],
        [
            -0.12552078068256378,
            0.1569618433713913,
            0.14620055258274078
        ],
        [
            -0.09137257933616638,
            0.5037012100219727,
            0.3393361568450928
        ],
        [
            -0.14828498661518097,
            -0.312477707862854,
            0.33738699555397034
        ],
        [
            0.0007308056810870767,
            -0.4656582772731781,
            0.23946554958820343
        ],
        [
            -0.04759451001882553,
            -0.6777298450469971,
            0.07699064910411835
        ],
        [
            -0.23028436303138733,
            -0.6067249774932861,
            -0.15010987222194672
        ],
        [
            -0.39526355266571045,
            -0.38704365491867065,
            -0.1581575572490692
        ],
        [
            -0.5300217866897583,
            -0.22718608379364014,
            -0.03713584691286087
        ],
        [
            -0.1522003710269928,
            -0.6896922588348389,
            -0.03832525014877319
        ],
        [
            -0.3041176199913025,
            -0.8207129836082458,
            -0.012305970303714275
        ],
        [
            0.013471052050590515,
            -0.24721097946166992,
            0.004596810322254896
        ],
        [
            -0.13540205359458923,
            -0.6394376754760742,
            -0.03395981341600418
        ],
        [
            -0.03844505175948143,
            -0.48546475172042847,
            -0.044374771416187286
        ],
        [
            -0.25380951166152954,
            -0.71673184633255,
            -0.01274525374174118
        ],
        [
            -0.30957934260368347,
            -0.8402353525161743,
            -0.010399862192571163
        ]
    ],
    "pred_vertices": [
        [
            -0.37390100955963135,
            -0.7671239376068115,
            -0.025328749790787697
        ],
        [
            -0.3671933710575104,
            -0.7524782419204712,
            -0.01870250143110752
        ],
        [
            -0.36170393228530884,
            -0.7540321350097656,
            -0.0322854146361351
        ],
        [
            -0.3644411861896515,
            -0.7669259309768677,
            -0.0397055558860302
        ],
        [
            -0.35857757925987244,
            -0.7436904311180115,
            -0.02749810554087162
        ],
        [
            -0.3609795868396759,
            -0.7421680092811584,
            -0.016056209802627563
        ],
        [
            -0.3526470959186554,
            -0.7547581195831299,
            -0.04272241145372391
        ],
        [
            -0.3519473671913147,
            -0.7658014297485352,
            -0.050503022968769073
        ],
        [
            -0.32229530811309814,
            -0.734610915184021,
            -0.054287392646074295
        ],
        [
            -0.31455957889556885,
            -0.736615002155304,
            -0.061632681638002396
        ],
        [
            -0.32383063435554504,
            -0.7450063228607178,
            -0.05972825363278389
        ],
        [
            -0.3287953734397888,
            -0.7409780025482178,
            -0.0520535372197628
        ],
        [
            -0.3026091456413269,
            -0.7177227139472961,
            -0.05625827610492706
        ],
        [
            -0.3003413677215576,
            -0.7064820528030396,
            -0.048603832721710205
        ],
        [
            -0.28849291801452637,
            -0.705596923828125,
            -0.05469175800681114
        ],
        [
            -0.2893315553665161,
            -0.7173635959625244,
            -0.06186845153570175
        ],
        [
            -0.3156869113445282,
            -0.707455039024353,
            -0.009615007787942886
        ],
        [
            -0.3123031556606293,
            -0.702241063117981,
            -0.015480104833841324
        ],
        [
            -0.31745192408561707,
            -0.7070280909538269,
            -0.01893552578985691
        ],
        [
            -0.31984180212020874,
            -0.7119916081428528,
            -0.012597020715475082
        ],
        [
            -0.32368239760398865,
            -0.7124959826469421,
            0.0013968273997306824
        ],
        [
            -0.32540327310562134,
            -0.7184961438179016,
            -0.00035984814167022705
        ],
        [
            -0.33016741275787354,
            -0.7187678813934326,
            0.006061293184757233
        ],
        [
            -0.32899826765060425,
            -0.7114693522453308,
            0.0072261616587638855
        ],
        [
            -0.3105389475822449,
            -0.7044231295585632,
            -0.004866555333137512
        ],
        [
            -0.3068138062953949,
            -0.699292004108429,
            -0.011161357164382935
        ],
        [
            -0.31897681951522827,
            -0.711583137512207,
            -0.004454389214515686
        ],
        [
            -0.31714099645614624,
            -0.7072510719299316,
            -0.0023161061108112335
        ],
        [
            -0.31974315643310547,
            -0.6965247392654419,
            0.00336422398686409
        ],
        [
            -0.32233500480651855,
            -0.7006808519363403,
            0.0017105154693126678
        ],
        [
            -0.326908141374588,
            -0.6976428031921387,
            0.007003597915172577
        ],
        [
            -0.3223164975643158,
            -0.6941527128219604,
            0.007738851010799408
        ],
        [
            -0.313508540391922,
            -0.7014580368995667,
            -0.0024807006120681763
        ],
        [
            -0.31763336062431335,
            -0.7018210887908936,
            -0.0019560232758522034
        ],
        [
            -0.316070020198822,
            -0.6979339122772217,
            0.0008834525942802429
        ],
        [
            -0.3119298219680786,
            -0.6985907554626465,
            0.0011931881308555603
        ],
        [
            -0.32271841168403625,
            -0.7075886130332947,
            0.002377644181251526
        ],
        [
            -0.32816362380981445,
            -0.7048908472061157,
            0.007458139210939407
        ],
        [
            -0.33290159702301025,
            -0.7020292282104492,
            0.013528112322092056
        ],
        [
            -0.32999736070632935,
            -0.6936100721359253,
            0.013393878936767578
        ],
        [
            -0.30204907059669495,
            -0.6944058537483215,
            -0.028678061440587044
        ],
        [
            -0.30808305740356445,
            -0.6977530717849731,
            -0.02237943932414055
        ],
        [
            -0.3033885061740875,
            -0.6948461532592773,
            -0.01764695532619953
        ],
        [
            -0.299155056476593,
            -0.6917168498039246,
            -0.023392949253320694
        ],
        [
            -0.30774110555648804,
            -0.6982671618461609,
            -0.0011095665395259857
        ],
        [
            -0.29823511838912964,
            -0.6859341859817505,
            -0.0053938888013362885
        ],
        [
            -0.3010358214378357,
            -0.6885958313941956,
            -0.005398325622081757
        ],
        [
            -0.30268657207489014,
            -0.6875993609428406,
            0.0015881247818470001
        ],
        [
            -0.3001202344894409,
            -0.6851105690002441,
            0.0009532459080219269
        ],
        [
            -0.2879291772842407,
            -0.6887447237968445,
            -0.037241145968437195
        ],
        [
            -0.2886252701282501,
            -0.6858069896697998,
            -0.030470052734017372
        ],
        [
            -0.2823691964149475,
            -0.6824455261230469,
            -0.0320935919880867
        ],
        [
            -0.27984732389450073,
            -0.6853454113006592,
            -0.03862238675355911
        ],
        [
            -0.27722617983818054,
            -0.6792343854904175,
            -0.030065391212701797
        ],
        [
            -0.27232125401496887,
            -0.6818985939025879,
            -0.03833421319723129
        ],
        [
            -0.2603064775466919,
            -0.6727359294891357,
            -0.030085165053606033
        ],
        [
            -0.26569560170173645,
            -0.676887035369873,
            -0.034439001232385635
        ],
        [
            -0.2725469172000885,
            -0.6755585074424744,
            -0.02632623165845871
        ],
        [
            -0.26954394578933716,
            -0.670715868473053,
            -0.020416351035237312
        ],
        [
            -0.27475014328956604,
            -0.6706247925758362,
            -0.006794480606913567
        ],
        [
            -0.2740192115306854,
            -0.6689817309379578,
            -0.00045521557331085205
        ],
        [
            -0.2656533122062683,
            -0.6607234477996826,
            -0.0059762559831142426
        ],
        [
            -0.26744747161865234,
            -0.6646516919136047,
            -0.012700017541646957
        ],
        [
            -0.29094985127449036,
            -0.6845040917396545,
            -0.006472121924161911
        ],
        [
            -0.29024529457092285,
            -0.6856469511985779,
            -0.01111399382352829
        ],
        [
            -0.29290732741355896,
            -0.6851387023925781,
            -0.010673891752958298
        ],
        [
            -0.2947031855583191,
            -0.6845482587814331,
            -0.005742471665143967
        ],
        [
            -0.289924681186676,
            -0.6859337687492371,
            -0.015233483165502548
        ],
        [
            -0.2897442877292633,
            -0.6859811544418335,
            -0.01704375259578228
        ],
        [
            -0.2913917303085327,
            -0.686122477054596,
            -0.016420213505625725
        ],
        [
            -0.290792852640152,
            -0.6861405372619629,
            -0.015178855508565903
        ],
        [
            -0.29039648175239563,
            -0.685846745967865,
            -0.013079693540930748
        ],
        [
            -0.2890016734600067,
            -0.6844580173492432,
            -0.011994371190667152
        ],
        [
            -0.28945809602737427,
            -0.685222327709198,
            -0.014215542003512383
        ],
        [
            -0.2893434166908264,
            -0.6826239228248596,
            -0.007791290059685707
        ],
        [
            -0.2898999750614166,
            -0.6779024600982666,
            0.006289325654506683
        ],
        [
            -0.2901657223701477,
            -0.6784249544143677,
            0.0024814121425151825
        ],
        [
            -0.29201680421829224,
            -0.6825907826423645,
            0.0037745721638202667
        ],
        [
            -0.2920091152191162,
            -0.6823676228523254,
            0.006983011960983276
        ],
        [
            -0.29353827238082886,
            -0.6866733431816101,
            -0.014521634206175804
        ],
        [
            -0.2948870360851288,
            -0.6876785159111023,
            -0.01653864234685898
        ],
        [
            -0.2979438900947571,
            -0.6881516575813293,
            -0.011780887842178345
        ],
        [
            -0.2953377664089203,
            -0.686692476272583,
            -0.010940831154584885
        ],
        [
            -0.29679936170578003,
            -0.6888097524642944,
            -0.019306162372231483
        ],
        [
            -0.29248613119125366,
            -0.6870768070220947,
            -0.018689939752221107
        ],
        [
            -0.29355162382125854,
            -0.6875726580619812,
            -0.021881135180592537
        ],
        [
            -0.28834325075149536,
            -0.6848737597465515,
            -0.01655518263578415
        ],
        [
            -0.2869966924190521,
            -0.6842594146728516,
            -0.019698310643434525
        ],
        [
            -0.28971654176712036,
            -0.685297429561615,
            -0.019858531653881073
        ],
        [
            -0.28446486592292786,
            -0.6819745898246765,
            -0.01772126741707325
        ],
        [
            -0.28697192668914795,
            -0.6833035349845886,
            -0.013899816200137138
        ],
        [
            -0.28660818934440613,
            -0.6807265281677246,
            -0.009790895506739616
        ],
        [
            -0.28661781549453735,
            -0.6779224872589111,
            -0.0045363157987594604
        ],
        [
            -0.2819238007068634,
            -0.6760964393615723,
            -0.00798235833644867
        ],
        [
            -0.2828506827354431,
            -0.6789976954460144,
            -0.013544291257858276
        ],
        [
            -0.30072376132011414,
            -0.6912566423416138,
            -0.01388772763311863
        ],
        [
            -0.2892090380191803,
            -0.6853961944580078,
            -0.024481162428855896
        ],
        [
            -0.29446807503700256,
            -0.689436137676239,
            -0.027284201234579086
        ],
        [
            -0.2851157784461975,
            -0.6827487349510193,
            -0.02492540143430233
        ],
        [
            -0.28121116757392883,
            -0.6801463961601257,
            -0.023172907531261444
        ],
        [
            -0.278212308883667,
            -0.6770475506782532,
            -0.01859080046415329
        ],
        [
            -0.2762579619884491,
            -0.6735690832138062,
            -0.013058150187134743
        ],
        [
            -0.2526841461658478,
            -0.6611840724945068,
            -0.012118879705667496
        ],
        [
            -0.2565291225910187,
            -0.6658183932304382,
            -0.020344574004411697
        ],
        [
            -0.35286206007003784,
            -0.7390993237495422,
            -0.015393301844596863
        ],
        [
            -0.3529249429702759,
            -0.7387799024581909,
            -0.02454378642141819
        ],
        [
            -0.34432142972946167,
            -0.7361032962799072,
            -0.026826221495866776
        ],
        [
            -0.34622448682785034,
            -0.7375373840332031,
            -0.02819906733930111
        ],
        [
            -0.34816110134124756,
            -0.737323522567749,
            -0.02236449345946312
        ],
        [
            -0.34543776512145996,
            -0.7356566190719604,
            -0.022259507328271866
        ],
        [
            -0.33227816224098206,
            -0.739523708820343,
            -0.044749125838279724
        ],
        [
            -0.335246205329895,
            -0.738410472869873,
            -0.03865747153759003
        ],
        [
            -0.3316464424133301,
            -0.7366361021995544,
            -0.03940751776099205
        ],
        [
            -0.32773810625076294,
            -0.7347187399864197,
            -0.046775732189416885
        ],
        [
            -0.3289642333984375,
            -0.727814257144928,
            -0.03088175505399704
        ],
        [
            -0.328949898481369,
            -0.7301574945449829,
            -0.03573198616504669
        ],
        [
            -0.33431732654571533,
            -0.7336835861206055,
            -0.03110590949654579
        ],
        [
            -0.3344602882862091,
            -0.7318891286849976,
            -0.027642641216516495
        ],
        [
            -0.33433714509010315,
            -0.7309054136276245,
            -0.02363058365881443
        ],
        [
            -0.33411505818367004,
            -0.7307084798812866,
            -0.019136637449264526
        ],
        [
            -0.3300342559814453,
            -0.7273454666137695,
            -0.020251912996172905
        ],
        [
            -0.3294852674007416,
            -0.7270970344543457,
            -0.02553756721317768
        ],
        [
            -0.34798574447631836,
            -0.7383244633674622,
            -0.01597488671541214
        ],
        [
            -0.34521040320396423,
            -0.7391494512557983,
            -0.009082842618227005
        ],
        [
            -0.3428887128829956,
            -0.7373473644256592,
            -0.011023826897144318
        ],
        [
            -0.3453623652458191,
            -0.7362425327301025,
            -0.01657557301223278
        ],
        [
            -0.3320724070072174,
            -0.7379196882247925,
            -0.0034070350229740143
        ],
        [
            -0.33489856123924255,
            -0.7386033535003662,
            -0.003976494073867798
        ],
        [
            -0.33568358421325684,
            -0.7394735813140869,
            -0.00022938475012779236
        ],
        [
            -0.33170828223228455,
            -0.7370916604995728,
            -2.572685480117798e-05
        ],
        [
            -0.33023685216903687,
            -0.73450767993927,
            -0.0025110654532909393
        ],
        [
            -0.33145907521247864,
            -0.7362426519393921,
            -0.004691913723945618
        ],
        [
            -0.38572242856025696,
            -0.7847613096237183,
            -0.01553010568022728
        ],
        [
            -0.3791262209415436,
            -0.7678087949752808,
            -0.009451836347579956
        ],
        [
            -0.3768084645271301,
            -0.7856322526931763,
            -0.033912550657987595
        ],
        [
            -0.3641921281814575,
            -0.784023642539978,
            -0.047496773302555084
        ],
        [
            -0.3507230579853058,
            -0.7786328792572021,
            -0.05871903896331787
        ],
        [
            -0.2880241870880127,
            -0.6956664323806763,
            -0.04589323699474335
        ],
        [
            -0.2782120704650879,
            -0.6933786869049072,
            -0.0493614561855793
        ],
        [
            -0.27684277296066284,
            -0.7055237293243408,
            -0.05971372872591019
        ],
        [
            -0.2664601504802704,
            -0.7014442682266235,
            -0.06009623408317566
        ],
        [
            -0.26842328906059265,
            -0.6888049840927124,
            -0.048890918493270874
        ],
        [
            -0.25140655040740967,
            -0.6776615977287292,
            -0.03791448846459389
        ],
        [
            -0.2594616413116455,
            -0.6830121874809265,
            -0.04528608173131943
        ],
        [
            -0.25571516156196594,
            -0.6973455548286438,
            -0.05840708687901497
        ],
        [
            -0.25527364015579224,
            -0.7151010036468506,
            -0.07069618999958038
        ],
        [
            -0.2659660875797272,
            -0.715691864490509,
            -0.069397933781147
        ],
        [
            -0.2579716742038727,
            -0.7348049879074097,
            -0.07735380530357361
        ],
        [
            -0.24243584275245667,
            -0.7158527374267578,
            -0.07080843299627304
        ],
        [
            -0.25062939524650574,
            -0.7402740716934204,
            -0.07739725708961487
        ],
        [
            -0.22521410882472992,
            -0.6886997222900391,
            -0.0524025522172451
        ],
        [
            -0.219623863697052,
            -0.6825865507125854,
            -0.054052695631980896
        ],
        [
            -0.21719887852668762,
            -0.6936032176017761,
            -0.06987057626247406
        ],
        [
            -0.2231430858373642,
            -0.7002336978912354,
            -0.06810252368450165
        ],
        [
            -0.2767874598503113,
            -0.7166395783424377,
            -0.0672677606344223
        ],
        [
            -0.3267670273780823,
            -0.7571457624435425,
            -0.06325797736644745
        ],
        [
            -0.3330024480819702,
            -0.7502325177192688,
            -0.05585428327322006
        ],
        [
            -0.3157212734222412,
            -0.7501181364059448,
            -0.06729041785001755
        ],
        [
            -0.35525837540626526,
            -0.8133198022842407,
            -0.06676887720823288
        ],
        [
            -0.3625420928001404,
            -0.7991002798080444,
            -0.05723709985613823
        ],
        [
            -0.349154531955719,
            -0.7915959358215332,
            -0.06655409187078476
        ],
        [
            -0.3443976640701294,
            -0.8057391047477722,
            -0.07498953491449356
        ],
        [
            -0.37852805852890015,
            -0.836179256439209,
            -0.0353330597281456
        ],
        [
            -0.38629627227783203,
            -0.8100266456604004,
            -0.02674705721437931
        ],
        [
            -0.376642107963562,
            -0.8060002326965332,
            -0.04185574874281883
        ],
        [
            -0.37007105350494385,
            -0.8258150815963745,
            -0.050382234156131744
        ],
        [
            -0.33675023913383484,
            -0.8156839609146118,
            -0.08129379153251648
        ],
        [
            -0.32589203119277954,
            -0.8289141654968262,
            -0.08716122806072235
        ],
        [
            -0.331098735332489,
            -0.8452612161636353,
            -0.08397351950407028
        ],
        [
            -0.3462613821029663,
            -0.8308660984039307,
            -0.07582933455705643
        ],
        [
            -0.33751624822616577,
            -0.8662718534469604,
            -0.07326541095972061
        ],
        [
            -0.35592010617256165,
            -0.8488751649856567,
            -0.06281556189060211
        ],
        [
            -0.2346958965063095,
            -0.736170768737793,
            -0.07807787507772446
        ],
        [
            -0.24495214223861694,
            -0.753169596195221,
            -0.07957164943218231
        ],
        [
            -0.23169198632240295,
            -0.706806480884552,
            -0.06624296307563782
        ],
        [
            -0.22633886337280273,
            -0.7226132750511169,
            -0.07708356529474258
        ],
        [
            -0.34008464217185974,
            -0.8833092451095581,
            -0.05663217604160309
        ],
        [
            -0.36237800121307373,
            -0.8637328147888184,
            -0.04483883082866669
        ],
        [
            -0.2746970057487488,
            -0.848369836807251,
            -0.09475138038396835
        ],
        [
            -0.29332977533340454,
            -0.8546155691146851,
            -0.09248241782188416
        ],
        [
            -0.2963328957557678,
