{
    "pred_cam": [
        1.4977625608444214,
        0.21495194733142853,
        0.25471368432044983
    ],
    "pred_smpl_params": {
        "global_orient": [
            [
                [
                    -0.6975380182266235,
                    -0.09242202341556549,
                    -0.7105624079704285
                ],
                [
                    0.3051537871360779,
                    -0.935543417930603,
                    -0.1778753399848938
                ],
                [
                    -0.6483224034309387,
                    -0.3409055769443512,
                    0.6807800531387329
                ]
            ]
        ],
        "body_pose": [
            [
                [
                    0.9994714260101318,
                    -0.024830467998981476,
                    0.020982474088668823
                ],
                [
                    0.01556254643946886,
                    0.932134211063385,
                    0.3617786467075348
                ],
                [
                    -0.02854161150753498,
                    -0.36126089096069336,
                    0.9320279359817505
                ]
            ],
            [
                [
                    0.9951639771461487,
                    0.061897967010736465,
                    -0.07627159357070923
                ],
                [
                    -0.028971506282687187,
                    0.9268925189971924,
                    0.3742070198059082
                ],
                [
                    0.09385822713375092,
                    -0.3701876103878021,
                    0.9242033362388611
                ]
            ],
            [
                [
                    0.9971535801887512,
                    0.054816920310258865,
                    0.05176714435219765
                ],
                [
                    -0.0261257104575634,
                    0.8952650427818298,
                    -0.44476717710494995
                ],
                [
                    -0.07072608917951584,
                    0.44214874505996704,
                    0.8941488862037659
                ]
            ],
            [
                [
                    0.9952924847602844,
                    0.09650079160928726,
                    0.008970013819634914
                ],
                [
                    -0.09587463736534119,
                    0.9939003586769104,
                    -0.05449919030070305
                ],
                [
                    -0.014174514450132847,
                    0.05338263884186745,
                    0.9984735250473022
                ]
            ],
            [
                [
                    0.9978844523429871,
                    -0.023018645122647285,
                    -0.06080149486660957
                ],
                [
                    0.01789201982319355,
                    0.9963425397872925,
                    -0.08355548232793808
                ],
                [
                    0.06250244379043579,
                    0.08229085057973862,
                    0.9946466088294983
                ]
            ],
            [
                [
                    0.9989525675773621,
                    0.012423413805663586,
                    0.04403845965862274
                ],
                [
                    -0.011510003358125687,
                    0.9997145533561707,
                    -0.020934389904141426
                ],
                [
                    -0.04428596794605255,
                    0.02040558122098446,
                    0.9988104104995728
                ]
            ],
            [
                [
                    0.9812488555908203,
                    0.0813559964299202,
                    0.1747332364320755
                ],
                [
                    -0.06939173489809036,
                    0.9948757886886597,
                    -0.07353196293115616
                ],
                [
                    -0.17982013523578644,
                    0.060028113424777985,
                    0.981866180896759
                ]
            ],
            [
                [
                    0.9775557518005371,
                    -0.03097165934741497,
                    -0.20838800072669983
                ],
                [
                    0.031309060752391815,
                    0.9995083808898926,
                    -0.0016799448058009148
                ],
                [
                    0.20833756029605865,
                    -0.004882192239165306,
                    0.978044867515564
                ]
            ],
            [
                [
                    0.9998514652252197,
                    0.013872679322957993,
                    0.010233305394649506
                ],
                [
                    -0.013033805415034294,
                    0.9968738555908203,
                    -0.07792642712593079
                ],
                [
                    -0.011282363906502724,
                    0.07778146862983704,
                    0.996906578540802
                ]
            ],
            [
                [
                    0.9923337697982788,
                    -0.11017310619354248,
                    0.055996112525463104
                ],
                [
                    0.11223340779542923,
                    0.9930625557899475,
                    -0.035078324377536774
                ],
                [
                    -0.051742952316999435,
                    0.04109404236078262,
                    0.9978145956993103
                ]
            ],
            [
                [
                    0.994970977306366,
                    0.10010816901922226,
                    0.003350954968482256
                ],
                [
                    -0.09999777376651764,
                    0.9946892261505127,
                    -0.02436750940978527
                ],
                [
                    -0.00577254593372345,
                    0.023909874260425568,
                    0.9996975064277649
                ]
            ],
            [
                [
                    0.9669109582901001,
                    -0.010476578958332539,
                    0.25489896535873413
                ],
                [
                    0.03414562717080116,
                    0.995481014251709,
                    -0.08860981464385986
                ],
                [
                    -0.2528187334537506,
                    0.09438148140907288,
                    0.9628992080688477
                ]
            ],
            [
                [
                    0.9118914008140564,
                    0.14624974131584167,
                    -0.3834906220436096
                ],
                [
                    -0.12799440324306488,
                    0.9890955090522766,
                    0.07285179942846298
                ],
                [
                    0.38996344804763794,
                    -0.01734827645123005,
                    0.9206668138504028
                ]
            ],
            [
                [
                    0.8802918791770935,
                    -0.2871420681476593,
                    0.37767139077186584
                ],
                [
                    0.2735096216201782,
                    0.9575976133346558,
                    0.09055031090974808
                ],
                [
                    -0.3876579999923706,
                    0.02358604595065117,
                    0.9215015172958374
                ]
            ],
            [
                [
                    0.9944901466369629,
                    0.07263462990522385,
                    0.07558698207139969
                ],
                [
                    -0.04684624820947647,
                    0.9529761672019958,
                    -0.29940265417099
                ],
                [
                    -0.09377958625555038,
                    0.29421207308769226,
                    0.9511280655860901
                ]
            ],
            [
                [
                    0.8162997364997864,
                    0.44140100479125977,
                    -0.3725854754447937
                ],
                [
                    -0.4164734184741974,
                    0.8967092037200928,
                    0.1498749852180481
                ],
                [
                    0.40025579929351807,
                    0.03282903507351875,
                    0.9158152937889099
                ]
            ],
            [
                [
                    0.547517716884613,
                    -0.6874302625656128,
                    0.47714149951934814
                ],
                [
                    0.6705634593963623,
                    0.7015306949615479,
                    0.24124519526958466
                ],
                [
                    -0.500568687915802,
                    0.1878676563501358,
                    0.8450660705566406
                ]
            ],
            [
                [
                    0.88627690076828,
                    0.0020553788635879755,
                    -0.4631509780883789
                ],
                [
                    0.039623159915208817,
                    0.9959875345230103,
                    0.08024222403764725
                ],
                [
                    0.4614575505256653,
                    -0.08946836739778519,
                    0.8826392889022827
                ]
            ],
            [
                [
                    0.7021106481552124,
                    0.1713760495185852,
                    0.691137433052063
                ],
                [
                    -0.2223232388496399,
                    0.9748438000679016,
                    -0.01587148755788803
                ],
                [
                    -0.6764710545539856,
                    -0.14251236617565155,
                    0.7225490808486938
                ]
            ],
            [
                [
                    0.9908925890922546,
                    -0.13192978501319885,
                    -0.026953155174851418
                ],
                [
                    0.1315445899963379,
                    0.9911873936653137,
                    -0.015605466440320015
                ],
                [
                    0.028774455189704895,
                    0.011917798779904842,
                    0.9995148777961731
                ]
            ],
            [
                [
                    0.9921494126319885,
                    0.10912058502435684,
                    0.061091579496860504
                ],
                [
                    -0.11942312121391296,
                    0.9716877341270447,
                    0.20386521518230438
                ],
                [
                    -0.037116050720214844,
                    -0.20956051349639893,
                    0.9770909547805786
                ]
            ],
            [
                [
                    0.9862124919891357,
                    0.1200619712471962,
                    -0.11388634145259857
                ],
                [
                    -0.10183336585760117,
                    0.9827735424041748,
                    0.15422748029232025
                ],
                [
                    0.1304413378238678,
                    -0.1405036300420761,
                    0.9814498424530029
                ]
            ],
            [
                [
                    0.9831904172897339,
                    -0.15080314874649048,
                    0.10293222963809967
                ],
                [
                    0.1386270523071289,
                    0.9834471344947815,
                    0.11668018996715546
                ],
                [
                    -0.11882414668798447,
                    -0.10044965147972107,
                    0.9878212213516235
                ]
            ]
        ],
        "betas": [
            -0.22695952653884888,
            -0.3355587422847748,
            0.015531808137893677,
            0.7151464223861694,
            0.25973665714263916,
            -0.020707275718450546,
            -0.023653000593185425,
            -0.03475341200828552,
            0.09262310713529587,
            -0.01584535837173462
        ]
    },
    "pred_cam_t": [
        0.21495194733142853,
        0.25471368432044983,
        26.080568313598633
    ],
    "focal_length": [
        5000.0,
        5000.0
    ],
    "pred_keypoints_3d": [
        [
            -0.35019856691360474,
            -0.6737138032913208,
            0.028253305703401566
        ],
        [
            -0.17799630761146545,
            -0.686680257320404,
            -0.04479454830288887
        ],
        [
            -0.04572385177016258,
            -0.656478226184845,
            0.10707405209541321
        ],
        [
            -0.014256954193115234,
            -0.44088098406791687,
            0.2269020825624466
        ],
        [
            -0.1765468567609787,
            -0.3074356019496918,
            0.36079978942871094
        ],
        [
            -0.26590630412101746,
            -0.5478740930557251,
            -0.14685982465744019
        ],
        [
            -0.37698328495025635,
            -0.31842947006225586,
            -0.14762341976165771
        ],
        [
            -0.5175050497055054,
            -0.1610415279865265,
            -0.025404416024684906
        ],
        [
            -0.00215283059515059,
            -0.22846387326717377,
            0.028519602492451668
        ],
        [
            0.05593971908092499,
            -0.1641479879617691,
            0.09996228665113449
        ],
        [
            0.039069242775440216,
            0.11871849000453949,
            0.3407187759876251
        ],
        [
            0.013898836448788643,
            0.4624655842781067,
            0.5158227682113647
        ],
        [
            -0.03718245029449463,
            -0.12127253413200378,
            0.010410729795694351
        ],
        [
            -0.12414474785327911,
            0.18573498725891113,
            0.1847410947084427
        ],
        [
            -0.11550561338663101,
            0.5100265145301819,
            0.39429187774658203
        ],
        [
            -0.3440936207771301,
            -0.7305504083633423,
            0.05059952661395073
        ],
        [
            -0.3680678904056549,
            -0.7170820832252502,
            -0.010246798396110535
        ],
        [
            -0.25789621472358704,
            -0.7930611371994019,
            0.05161411315202713
        ],
        [
            -0.3134280741214752,
            -0.7624586224555969,
            -0.08544468879699707
        ],
        [
            -0.2734987735748291,
            0.49704402685165405,
            0.5190333724021912
        ],
        [
            -0.2701700031757355,
            0.5454553365707397,
            0.4506009817123413
        ],
        [
            -0.07084417343139648,
            0.5613127946853638,
            0.383639395236969
        ],
        [
            -0.08754101395606995,
            0.41009974479675293,
            0.6789119243621826
        ],
        [
            0.0003623366355895996,
            0.42222991585731506,
            0.6812856793403625
        ],
        [
            0.03933249041438103,
            0.5264672040939331,
            0.4991048574447632
        ],
        [
            0.0512399896979332,
            0.42950698733329773,
            0.4810734987258911
        ],
        [
            0.042810991406440735,
            0.06579771637916565,
            0.3018721342086792
        ],
        [
            0.11060644686222076,
            -0.30121463537216187,
            0.1013994812965393
        ],
        [
            -0.08241941034793854,
            -0.19361157715320587,
            -0.09388990700244904
        ],
        [
            -0.12481047958135605,
            0.15361127257347107,
            0.15511971712112427
        ],
        [
            -0.09857389330863953,
            0.49614325165748596,
            0.3576338291168213
        ],
        [
            -0.18896472454071045,
            -0.3401905298233032,
            0.3468669652938843
        ],
        [
            -0.024670541286468506,
            -0.4721457362174988,
            0.24809834361076355
        ],
        [
            -0.0754132866859436,
            -0.6739342212677002,
            0.07561329007148743
        ],
        [
            -0.25722000002861023,
            -0.5860728621482849,
            -0.1458079069852829
        ],
        [
            -0.4070992171764374,
            -0.35449403524398804,
            -0.14595946669578552
        ],
        [
            -0.5244656205177307,
            -0.18110617995262146,
            -0.02392863854765892
        ],
        [
            -0.182257279753685,
            -0.6762195229530334,
            -0.037807807326316833
        ],
        [
            -0.3348977863788605,
            -0.8041519522666931,
            -0.007906101644039154
        ],
        [
            0.013732122257351875,
            -0.2474461793899536,
            0.0034255916252732277
        ],
        [
            -0.1622159779071808,
            -0.6273193359375,
            -0.03275781869888306
        ],
        [
            -0.052580107003450394,
            -0.4817217290401459,
            -0.0452350378036499
        ],
        [
            -0.28352880477905273,
            -0.7008678913116455,
            -0.008465470746159554
        ],
        [
            -0.3403266668319702,
            -0.8238908648490906,
            -0.006208487320691347
        ]
    ],
    "pred_vertices": [
        [
            -0.40450823307037354,
            -0.7497358322143555,
            -0.01589728519320488
        ],
        [
            -0.39746835827827454,
            -0.7352904081344604,
            -0.009336762130260468
        ],
        [
            -0.3926786184310913,
            -0.736565887928009,
            -0.023221826180815697
        ],
        [
            -0.3958877921104431,
            -0.7492685317993164,
            -0.030754471197724342
        ],
        [
            -0.38925716280937195,
            -0.7263790369033813,
            -0.018380161374807358
        ],
        [
            -0.39104506373405457,
            -0.7251936793327332,
            -0.006795927882194519
        ],
        [
            -0.3842024803161621,
            -0.7370818853378296,
            -0.03413182497024536
        ],
        [
            -0.3840058445930481,
            -0.7479503154754639,
            -0.042201101779937744
        ],
        [
            -0.3543776869773865,
            -0.7169268131256104,
            -0.04669889807701111
        ],
        [
            -0.3470090925693512,
            -0.718793511390686,
            -0.05452068895101547
        ],
        [
            -0.35625624656677246,
            -0.7271710634231567,
            -0.052321016788482666
        ],
        [
            -0.3607771098613739,
            -0.7232992649078369,
            -0.04431219398975372
        ],
        [
            -0.3346080780029297,
            -0.7001570463180542,
            -0.049364373087882996
        ],
        [
            -0.33186525106430054,
            -0.689119815826416,
            -0.041551366448402405
        ],
        [
            -0.32032889127731323,
            -0.6881772875785828,
            -0.04827494919300079
        ],
        [
            -0.32167503237724304,
            -0.6997439861297607,
            -0.055704642087221146
        ],
        [
            -0.34526607394218445,
            -0.6909359693527222,
            -0.0017817988991737366
        ],
        [
            -0.3421304523944855,
            -0.6855931282043457,
            -0.007690202444791794
        ],
        [
            -0.34749114513397217,
            -0.6902621388435364,
            -0.011000711470842361
        ],
        [
            -0.3496208190917969,
            -0.6953715682029724,
            -0.004663277417421341
        ],
        [
            -0.35271701216697693,
            -0.6962275505065918,
            0.009516317397356033
        ],
        [
            -0.35457274317741394,
            -0.7021744847297668,
            0.007681068032979965
        ],
        [
            -0.35901349782943726,
            -0.7025611400604248,
            0.014332693070173264
        ],
        [
            -0.3577197790145874,
            -0.6952983140945435,
            0.01564403995871544
        ],
        [
            -0.33988842368125916,
            -0.6880254149436951,
            0.0028050243854522705
        ],
        [
            -0.33640629053115845,
            -0.6827540993690491,
            -0.003577571362257004
        ],
        [
            -0.34833458065986633,
            -0.6951892971992493,
            0.0034529194235801697
        ],
        [
            -0.3463423550128937,
            -0.690919041633606,
            0.005620844662189484
        ],
        [
            -0.34852850437164307,
            -0.6803457736968994,
            0.011752750724554062
        ],
        [
            -0.35125041007995605,
            -0.6844466924667358,
            0.010111704468727112
        ],
        [
            -0.35550227761268616,
            -0.6815081834793091,
            0.01573013886809349
        ],
        [
            -0.3508407473564148,
            -0.6780856847763062,
            0.016322605311870575
        ],
        [
            -0.3426692485809326,
            -0.6851558685302734,
            0.005453165620565414
        ],
        [
            -0.3467564880847931,
            -0.6855130791664124,
            0.006179496645927429
        ],
        [
            -0.3450084924697876,
            -0.6817163228988647,
            0.009048022329807281
        ],
        [
            -0.34087836742401123,
            -0.6823956966400146,
            0.009115725755691528
        ],
        [
            -0.3516666293144226,
            -0.6913506984710693,
            0.010604973882436752
        ],
        [
            -0.3568037450313568,
            -0.6887454986572266,
            0.01604222133755684
        ],
        [
            -0.36119329929351807,
            -0.6860049962997437,
            0.022439446300268173
        ],
        [
            -0.35821855068206787,
            -0.677620530128479,
            0.022373653948307037
        ],
        [
            -0.33241939544677734,
            -0.6775059700012207,
            -0.02124125137925148
        ],
        [
            -0.3381851017475128,
            -0.6809672713279724,
            -0.014690060168504715
        ],
        [
            -0.33323973417282104,
            -0.6781665682792664,
            -0.010142989456653595
        ],
        [
            -0.32925453782081604,
            -0.6749204993247986,
            -0.016039155423641205
        ],
        [
            -0.33681410551071167,
            -0.6820055842399597,
            0.00656137615442276
        ],
        [
            -0.327342689037323,
            -0.6696447134017944,
            0.0020569972693920135
        ],
        [
            -0.33019745349884033,
            -0.6722701787948608,
            0.002140715718269348
        ],
        [
            -0.33147624135017395,
            -0.671455979347229,
            0.009244371205568314
        ],
        [
            -0.32889482378959656,
            -0.6689863204956055,
            0.00853211060166359
        ],
        [
            -0.31867387890815735,
            -0.6717232465744019,
            -0.030419422313570976
        ],
        [
            -0.31901708245277405,
            -0.6689111590385437,
            -0.023547690361738205
        ],
        [
            -0.3127971589565277,
            -0.6655480861663818,
            -0.025443410500884056
        ],
        [
            -0.31062087416648865,
            -0.6683162450790405,
            -0.03216841444373131
        ],
        [
            -0.30749812722206116,
            -0.6623801589012146,
            -0.02363445982336998
        ],
        [
            -0.30299893021583557,
            -0.6648723483085632,
            -0.032216042280197144
        ],
        [
            -0.2903909385204315,
            -0.6560274958610535,
            -0.024401163682341576
        ],
        [
            -0.296071857213974,
            -0.6599845886230469,
            -0.028567589819431305
        ],
        [
            -0.30257952213287354,
            -0.6588097214698792,
            -0.020076468586921692
        ],
        [
            -0.29922428727149963,
            -0.6541320085525513,
            -0.014211157336831093
        ],
        [
            -0.3037668764591217,
            -0.6543726325035095,
            -0.00028466805815696716
        ],
        [
            -0.30271217226982117,
            -0.6528705358505249,
            0.006090912967920303
        ],
        [
            -0.2944835126399994,
            -0.6445449590682983,
            0.00028746575117111206
        ],
        [
            -0.2966613173484802,
            -0.6482952237129211,
            -0.006450936198234558
        ],
        [
            -0.32010453939437866,
            -0.6682166457176208,
            0.0006109625101089478
        ],
        [
            -0.3196488618850708,
            -0.6692312955856323,
            -0.004101414233446121
        ],
        [
            -0.32228994369506836,
            -0.6687141060829163,
            -0.003502368927001953
        ],
        [
            -0.3238239586353302,
            -0.6682581305503845,
            0.0015463754534721375
        ],
        [
            -0.3195490539073944,
            -0.6693817973136902,
            -0.008252918720245361
        ],
        [
            -0.3194681704044342,
            -0.6693778038024902,
            -0.010074518620967865
        ],
        [
            -0.3210872709751129,
            -0.6695274114608765,
            -0.009360451251268387
        ],
        [
            -0.32041409611701965,
            -0.6695965528488159,
            -0.008138202130794525
        ],
        [
            -0.3199000358581543,
            -0.6693665981292725,
            -0.006055302917957306
        ],
        [
            -0.31842562556266785,
            -0.6680269241333008,
            -0.005014386028051376
        ],
        [
            -0.31901270151138306,
            -0.6687095761299133,
            -0.007244430482387543
        ],
        [
            -0.31852465867996216,
            -0.666316032409668,
            -0.000744551420211792
        ],
        [
            -0.3183422088623047,
            -0.6619659662246704,
            0.0135001540184021
        ],
        [
            -0.3188098073005676,
            -0.662377655506134,
            0.009687565267086029
        ],
        [
            -0.3206486403942108,
            -0.6665720343589783,
            0.010981835424900055
        ],
        [
            -0.3204658031463623,
            -0.6664389967918396,
            0.014205016195774078
        ],
        [
            -0.3231218159198761,
            -0.6701478362083435,
            -0.0073449574410915375
        ],
        [
            -0.3246152997016907,
            -0.6710681915283203,
            -0.009320996701717377
        ],
        [
            -0.32743850350379944,
            -0.6716592907905579,
            -0.004394464194774628
        ],
        [
            -0.32476064562797546,
            -0.6702499985694885,
            -0.0036680884659290314
        ],
        [
            -0.3266807794570923,
            -0.6721208691596985,
            -0.011998804286122322
        ],
        [
            -0.3223121762275696,
            -0.6704171895980835,
            -0.011588726192712784
        ],
        [
            -0.32353535294532776,
            -0.6708312034606934,
            -0.014737769961357117
        ],
        [
            -0.31802162528038025,
            -0.6682947874069214,
            -0.00964123010635376
        ],
        [
            -0.3168397545814514,
            -0.6675933599472046,
            -0.01284114457666874
        ],
        [
            -0.3195873200893402,
            -0.6686022281646729,
            -0.012875348329544067
        ],
        [
            -0.31415504217147827,
            -0.6653967499732971,
            -0.010954063385725021
        ],
        [
            -0.3164737820625305,
            -0.6668285727500916,
            -0.007018007338047028
        ],
        [
            -0.3158590495586395,
            -0.6643790006637573,
            -0.0028656721115112305
        ],
        [
            -0.3155684471130371,
            -0.6617307066917419,
            0.0024691037833690643
        ],
        [
            -0.31103014945983887,
            -0.6598260402679443,
            -0.0012011975049972534
        ],
        [
            -0.3122706711292267,
            -0.6625707745552063,
            -0.006786692887544632
        ],
        [
            -0.33034539222717285,
            -0.6746993064880371,
            -0.006433006376028061
        ],
        [
            -0.3193105459213257,
            -0.6686049103736877,
            -0.017522821202874184
        ],
        [
            -0.3247409760951996,
            -0.6725733280181885,
            -0.02012794464826584
        ],
        [
            -0.31520429253578186,
            -0.6659736633300781,
            -0.018133757635951042
        ],
        [
            -0.3111642003059387,
            -0.6634408235549927,
            -0.01654304750263691
        ],
        [
            -0.30789029598236084,
            -0.6604753732681274,
            -0.012053528800606728
        ],
        [
            -0.30560898780822754,
            -0.6571584939956665,
            -0.0065377503633499146
        ],
        [
            -0.2817288041114807,
            -0.6450142860412598,
            -0.00656929612159729
        ],
        [
            -0.286043256521225,
            -0.6493973731994629,
            -0.014704162254929543
        ],
        [
            -0.38288402557373047,
            -0.7222123742103577,
            -0.006464507430791855
        ],
        [
            -0.3834332227706909,
            -0.7216534614562988,
            -0.015607817098498344
        ],
        [
            -0.37496939301490784,
            -0.718955397605896,
            -0.01824800670146942
        ],
        [
            -0.37697166204452515,
            -0.7203235626220703,
            -0.019554542377591133
        ],
        [
            -0.3785632848739624,
            -0.7202943563461304,
            -0.013623915612697601
        ],
        [
            -0.3758290112018585,
            -0.7186490297317505,
            -0.013610519468784332
        ],
        [
            -0.3638933002948761,
            -0.7219846844673157,
            -0.03682120144367218
        ],
        [
            -0.3665449023246765,
            -0.7210029363632202,
            -0.030571257695555687
        ],
        [
            -0.3629785180091858,
            -0.7192168235778809,
            -0.03147654980421066
        ],
        [
            -0.35941776633262634,
            -0.7171570062637329,
            -0.03896702080965042
        ],
        [
            -0.3597669005393982,
            -0.7106474041938782,
            -0.022880755364894867
        ],
        [
            -0.36001917719841003,
            -0.712860107421875,
            -0.027792001143097878
        ],
        [
            -0.3652164041996002,
            -0.7164552211761475,
            -0.022967934608459473
        ],
        [
            -0.3651619851589203,
            -0.7147656679153442,
            -0.019443826749920845
        ],
        [
            -0.36480918526649475,
            -0.713915228843689,
            -0.015417393296957016
        ],
        [
            -0.3643592596054077,
            -0.7138402462005615,
            -0.010951969772577286
        ],
        [
            -0.3603012263774872,
            -0.7104849815368652,
            -0.012181855738162994
        ],
        [
            -0.36002036929130554,
            -0.7100887298583984,
            -0.017476888373494148
        ],
        [
            -0.37808242440223694,
            -0.7214647531509399,
            -0.00725000724196434
        ],
        [
            -0.374954491853714,
            -0.722484827041626,
            -0.0005510039627552032
        ],
        [
            -0.3727187514305115,
            -0.7206615209579468,
            -0.0025513172149658203
        ],
        [
            -0.3754611909389496,
            -0.7193775177001953,
            -0.007926944643259048
        ],
        [
            -0.36155033111572266,
            -0.7214887142181396,
            0.004471663385629654
        ],
        [
            -0.3643921911716461,
            -0.7221399545669556,
            0.004033830016851425
        ],
        [
            -0.36498793959617615,
            -0.7230939865112305,
            0.007802162319421768
        ],
        [
            -0.36101624369621277,
            -0.7207455635070801,
            0.00785261020064354
        ],
        [
            -0.3596634864807129,
            -0.7180912494659424,
            0.0053587406873703
        ],
        [
            -0.36099204421043396,
            -0.7197694182395935,
            0.003207031637430191
        ],
        [
            -0.41602444648742676,
            -0.7675498723983765,
            -0.005957353860139847
        ],
        [
            -0.4089188575744629,
            -0.750856876373291,
            0.00017906725406646729
        ],
        [
            -0.4081214666366577,
            -0.7680574655532837,
            -0.024797679856419563
        ],
        [
            -0.3962548077106476,
            -0.7662428617477417,
            -0.038972772657871246
        ],
        [
            -0.38334769010543823,
            -0.7606104612350464,
            -0.05075043812394142
        ],
        [
            -0.3192833364009857,
            -0.6784526705741882,
            -0.03923368826508522
        ],
        [
            -0.3096052408218384,
            -0.6761347651481628,
            -0.0431826077401638
        ],
        [
            -0.30891603231430054,
            -0.6880873441696167,
            -0.05390821769833565
        ],
        [
            -0.2984313666820526,
            -0.6840626001358032,
            -0.05474067106842995
        ],
        [
            -0.2996760308742523,
            -0.6716157793998718,
            -0.04312613606452942
        ],
        [
            -0.2818073034286499,
            -0.6610010862350464,
            -0.032748688012361526
        ],
        [
            -0.29036009311676025,
            -0.6659911870956421,
            -0.03982880711555481
        ],
        [
            -0.28741395473480225,
            -0.6801455616950989,
            -0.053467974066734314
        ],
        [
            -0.2878650426864624,
            -0.6977068185806274,
            -0.06614039093255997
        ],
        [
            -0.2986413538455963,
            -0.6981436610221863,
            -0.06439828872680664
        ],
        [
            -0.2911777198314667,
            -0.717172384262085,
            -0.07315926253795624
        ],
        [
            -0.2748202979564667,
            -0.6986731290817261,
            -0.06697209179401398
        ],
        [
            -0.28387323021888733,
            -0.7227592468261719,
            -0.07376137375831604
        ],
        [
            -0.25516533851623535,
            -0.6718973517417908,
            -0.0492674745619297
        ],
        [
            -0.2490864098072052,
            -0.6656644344329834,
            -0.051253266632556915
        ],
        [
            -0.24780699610710144,
            -0.6764375567436218,
            -0.06740114092826843
        ],
        [
            -0.2542223632335663,
            -0.683093786239624,
            -0.06532104313373566
        ],
        [
            -0.30942484736442566,
            -0.6990155577659607,
            -0.06173066794872284
        ],
        [
            -0.35952073335647583,
            -0.7390941977500916,
            -0.056033097207546234
        ],
        [
            -0.3652787506580353,
            -0.73235023021698,
            -0.048135608434677124
        ],
        [
            -0.34862250089645386,
            -0.732060968875885,
            -0.060531552881002426
        ],
        [
            -0.3886333405971527,
            -0.7950056791305542,
            -0.059369198977947235
        ],
        [
            -0.3951740264892578,
            -0.7809994220733643,
            -0.049075186252593994
        ],
        [
            -0.3823072612285614,
            -0.773353099822998,
            -0.058932602405548096
        ],
        [
            -0.3781474232673645,
            -0.7873161435127258,
            -0.06793203949928284
        ],
        [
            -0.41044870018959045,
            -0.8184642195701599,
            -0.02738368511199951
        ],
        [
            -0.41751834750175476,
            -0.7924914360046387,
            -0.017724253237247467
        ],
        [
            -0.40860041975975037,
            -0.7882148027420044,
            -0.03316039592027664
        ],
        [
            -0.40272676944732666,
            -0.8077939748764038,
            -0.04257556051015854
        ],
        [
            -0.3709371089935303,
            -0.7971712350845337,
            -0.07488791644573212
        ],
        [
            -0.3605707883834839,
            -0.8103474378585815,
            -0.08166605979204178
        ],
        [
            -0.36579909920692444,
            -0.8266863822937012,
            -0.07855823636054993
        ],
        [
            -0.3802984654903412,
            -0.8123632669448853,
            -0.06928952783346176
        ],
        [
            -0.3719121813774109,
            -0.8479113578796387,
            -0.06810557842254639
        ],
        [
            -0.38952672481536865,
            -0.8306443691253662,
            -0.056308746337890625
        ],
        [
            -0.2678128182888031,
            -0.7188203930854797,
            -0.07534684240818024
        ],
        [
            -0.2784807085990906,
            -0.7356244921684265,
            -0.07669171690940857
        ],
        [
            -0.2632722556591034,
            -0.6897653341293335,
            -0.06295932829380035
        ],
        [
            -0.25883322954177856,
            -0.7053848505020142,
            -0.07451356947422028
        ],
        [
            -0.3738211393356323,
            -0.8653314113616943,
            -0.05179764702916145
        ],
        [
            -0.3951296806335449,
            -0.8458908796310425,
            -0.03833727538585663
        ],
        [
            -0.3101862072944641,
            -0.830206036567688,
            -0.09236417710781097
        ],
        [
            -0.3286842703819275,
            -0.8362690806388855,
            -0.08937579393386841
        ],
        [
            -0.33157655596733093,
