{
    "pred_cam": [
        1.523336410522461,
        0.21417851746082306,
        0.24819818139076233
    ],
    "pred_smpl_params": {
        "global_orient": [
            [
                [
                    -0.671524703502655,
                    -0.13095803558826447,
                    -0.7293179631233215
                ],
                [
                    0.3384811282157898,
                    -0.9297800064086914,
                    -0.14470542967319489
                ],
                [
                    -0.6591549515724182,
                    -0.3440335988998413,
                    0.6686970591545105
                ]
            ]
        ],
        "body_pose": [
            [
                [
                    0.9998216032981873,
                    -0.016651468351483345,
                    0.008915126323699951
                ],
                [
                    0.011257673613727093,
                    0.9043636322021484,
                    0.42661410570144653
                ],
                [
                    -0.015166268683969975,
                    -0.426437646150589,
                    0.9043897390365601
                ]
            ],
            [
                [
                    0.9964272379875183,
                    0.05443217232823372,
                    -0.06457430124282837
                ],
                [
                    -0.022260351106524467,
                    0.9068297743797302,
                    0.4209088087081909
                ],
                [
                    0.08146888017654419,
                    -0.4179675877094269,
                    0.9048015475273132
                ]
            ],
            [
                [
                    0.9965553283691406,
                    0.06989068537950516,
                    0.04464225098490715
                ],
                [
                    -0.03861250728368759,
                    0.867425799369812,
                    -0.4960660934448242
                ],
                [
                    -0.07339424639940262,
                    0.49263349175453186,
                    0.8671364784240723
                ]
            ],
            [
                [
                    0.9961028695106506,
                    0.08571971952915192,
                    0.020766980946063995
                ],
                [
                    -0.08495363593101501,
                    0.9957585334777832,
                    -0.03532518073916435
                ],
                [
                    -0.023706963285803795,
                    0.0334232822060585,
                    0.99916011095047
                ]
            ],
            [
                [
                    0.9990432858467102,
                    0.013921375386416912,
                    -0.04145761579275131
                ],
                [
                    -0.015359744429588318,
                    0.9992838501930237,
                    -0.03458114713430405
                ],
                [
                    0.040946509689092636,
                    0.035184841603040695,
                    0.9985416531562805
                ]
            ],
            [
                [
                    0.9993074536323547,
                    0.010153733193874359,
                    0.03579680621623993
                ],
                [
                    -0.00978802889585495,
                    0.9998982548713684,
                    -0.010376573540270329
                ],
                [
                    -0.03589852154254913,
                    0.010019008070230484,
                    0.9993051886558533
                ]
            ],
            [
                [
                    0.9822038412094116,
                    0.0936606377363205,
                    0.16279850900173187
                ],
                [
                    -0.08160378038883209,
                    0.9935093522071838,
                    -0.07924629002809525
                ],
                [
                    -0.16916410624980927,
                    0.06455103307962418,
                    0.9834717512130737
                ]
            ],
            [
                [
                    0.9789884090423584,
                    -0.045682892203330994,
                    -0.1987331658601761
                ],
                [
                    0.044598281383514404,
                    0.9989555478096008,
                    -0.009932833723723888
                ],
                [
                    0.19897939264774323,
                    0.0008609697106294334,
                    0.980003297328949
                ]
            ],
            [
                [
                    0.9999528527259827,
                    0.009706149809062481,
                    -0.00035335446591489017
                ],
                [
                    -0.00970268715173006,
                    0.996631920337677,
                    -0.081428661942482
                ],
                [
                    -0.00043819419806823134,
                    0.08142824470996857,
                    0.9966791272163391
                ]
            ],
            [
                [
                    0.9910739064216614,
                    -0.12111708521842957,
                    0.055705904960632324
                ],
                [
                    0.12339290976524353,
                    0.9915754795074463,
                    -0.039399340748786926
                ],
                [
                    -0.05046467483043671,
                    0.04592137411236763,
                    0.9976695775985718
                ]
            ],
            [
                [
                    0.992623507976532,
                    0.12107937037944794,
                    0.006191162392497063
                ],
                [
                    -0.12085334956645966,
                    0.992249071598053,
                    -0.028916578739881516
                ],
                [
                    -0.009644377045333385,
                    0.027955053374171257,
                    0.9995626211166382
                ]
            ],
            [
                [
                    0.964719295501709,
                    -0.009530494920909405,
                    0.2631082236766815
                ],
                [
                    0.030515411868691444,
                    0.9966569542884827,
                    -0.07578694075345993
                ],
                [
                    -0.2615063786506653,
                    0.08114197105169296,
                    0.9617850184440613
                ]
            ],
            [
                [
                    0.9044085144996643,
                    0.13242191076278687,
                    -0.4055978059768677
                ],
                [
                    -0.1153850331902504,
                    0.9911060929298401,
                    0.06629464775323868
                ],
                [
                    0.41076934337615967,
                    -0.013157534413039684,
                    0.9116442799568176
                ]
            ],
            [
                [
                    0.8775185942649841,
                    -0.28482598066329956,
                    0.3857918679714203
                ],
                [
                    0.27127334475517273,
                    0.9582452178001404,
                    0.09042622894048691
                ],
                [
                    -0.39543893933296204,
                    0.025304371491074562,
                    0.9181436896324158
                ]
            ],
            [
                [
                    0.9937208890914917,
                    0.07702957838773727,
                    0.08114911615848541
                ],
                [
                    -0.051117755472660065,
                    0.9577179551124573,
                    -0.28313109278678894
                ],
                [
                    -0.09952744096517563,
                    0.27720513939857483,
                    0.9556419253349304
                ]
            ],
            [
                [
                    0.8218246698379517,
                    0.4297246038913727,
                    -0.3740869462490082
                ],
                [
                    -0.39637133479118347,
                    0.9028863310813904,
                    0.16639108955860138
                ],
                [
                    0.4092603325843811,
                    0.011533052660524845,
                    0.912344753742218
                ]
            ],
            [
                [
                    0.5518641471862793,
                    -0.6895203590393066,
                    0.4690498411655426
                ],
                [
                    0.6742647290229797,
                    0.6999072432518005,
                    0.23557792603969574
                ],
                [
                    -0.49072712659835815,
                    0.18625673651695251,
                    0.8511729836463928
                ]
            ],
            [
                [
                    0.8635197281837463,
                    -0.009135494939982891,
                    -0.5042323470115662
                ],
                [
                    0.061337053775787354,
                    0.9943158626556396,
                    0.08702772855758667
                ],
                [
                    0.5005711317062378,
                    -0.10607828944921494,
                    0.8591716885566711
                ]
            ],
            [
                [
                    0.6615846753120422,
                    0.18612715601921082,
                    0.7264036536216736
                ],
                [
                    -0.23665329813957214,
                    0.9710243344306946,
                    -0.03327047824859619
                ],
                [
                    -0.7115482091903687,
                    -0.1498945951461792,
                    0.68646240234375
                ]
            ],
            [
                [
                    0.9861728549003601,
                    -0.16200093924999237,
                    -0.03491149842739105
                ],
                [
                    0.16140754520893097,
                    0.9867008924484253,
                    -0.019211232662200928
                ],
                [
                    0.03755943849682808,
                    0.01331061590462923,
                    0.9992058277130127
                ]
            ],
            [
                [
                    0.9881327152252197,
                    0.13148701190948486,
                    0.07940343767404556
                ],
                [
                    -0.1454160362482071,
                    0.967290997505188,
                    0.20785170793533325
                ],
                [
                    -0.04947642982006073,
                    -0.21693159639835358,
                    0.9749321937561035
                ]
            ],
            [
                [
                    0.9863801002502441,
                    0.11712365597486496,
                    -0.11548338830471039
                ],
                [
                    -0.09887635707855225,
                    0.9833076596260071,
                    0.15274004638195038
                ],
                [
                    0.13144516944885254,
                    -0.13924115896224976,
                    0.9814958572387695
                ]
            ],
            [
                [
                    0.983327329158783,
                    -0.14890924096107483,
                    0.10437124967575073
                ],
                [
                    0.13664071261882782,
                    0.9837782382965088,
                    0.1162305548787117
                ],
                [
                    -0.11998598277568817,
                    -0.10003132373094559,
                    0.9877231121063232
                ]
            ]
        ],
        "betas": [
            -0.19153434038162231,
            -0.2742210924625397,
            0.040722399950027466,
            0.8291405439376831,
            0.2581949234008789,
            0.005082372575998306,
            -0.019068866968154907,
            -0.023318380117416382,
            0.10880943387746811,
            -0.010285556316375732
        ]
    },
    "pred_cam_t": [
        0.21417851746082306,
        0.24819818139076233,
        25.64272689819336
    ],
    "focal_length": [
        5000.0,
        5000.0
    ],
    "pred_keypoints_3d": [
        [
            -0.3874380886554718,
            -0.6464720368385315,
            0.03764097020030022
        ],
        [
            -0.2156631350517273,
            -0.6718595623970032,
            -0.03562120348215103
        ],
        [
            -0.07842010259628296,
            -0.6506169438362122,
            0.11361488699913025
        ],
        [
            -0.023978427052497864,
            -0.4367907643318176,
            0.22876961529254913
        ],
        [
            -0.1804783046245575,
            -0.29421770572662354,
            0.3609859049320221
        ],
        [
            -0.2944541573524475,
            -0.5275489687919617,
            -0.13663291931152344
        ],
        [
            -0.3921918272972107,
            -0.2916927933692932,
            -0.13381841778755188
        ],
        [
            -0.523032546043396,
            -0.13492099940776825,
            0.00042515993118286133
        ],
        [
            -0.0022927261888980865,
            -0.2298455834388733,
            0.027982797473669052
        ],
        [
            0.05741807818412781,
            -0.16818514466285706,
            0.09997415542602539
        ],
        [
            0.033846110105514526,
            0.10711383819580078,
            0.34981846809387207
        ],
        [
            0.004334012046456337,
            0.43377307057380676,
            0.5554949045181274
        ],
        [
            -0.03137417882680893,
            -0.12119957059621811,
            0.009758690372109413
        ],
        [
            -0.12423855066299438,
            0.17626452445983887,
            0.19820749759674072
        ],
        [
            -0.13015995919704437,
            0.4876616299152374,
            0.42753326892852783
        ],
        [
            -0.3848412036895752,
            -0.7037167549133301,
            0.0603620782494545
        ],
        [
            -0.40775415301322937,
            -0.6891480684280396,
            -0.0007781647145748138
        ],
        [
            -0.30265310406684875,
            -0.7715628147125244,
            0.06233765929937363
        ],
        [
            -0.35571786761283875,
            -0.73825603723526,
            -0.07568521797657013
        ],
        [
            -0.2916663885116577,
            0.464841365814209,
            0.5469034314155579
        ],
        [
            -0.28757795691490173,
            0.5173100233078003,
            0.4813541769981384
        ],
        [
            -0.08585246652364731,
            0.5403279066085815,
            0.42207181453704834
        ],
        [
            -0.1102701872587204,
            0.37105634808540344,
            0.7066011428833008
        ],
        [
            -0.022003881633281708,
            0.379967600107193,
            0.7158781886100769
        ],
        [
            0.03239798545837402,
            0.4983825385570526,
            0.5462296009063721
        ],
        [
            0.04309425875544548,
            0.4032481908798218,
            0.5199511051177979
        ],
        [
            0.03835127130150795,
            0.05575515329837799,
            0.30849966406822205
        ],
        [
            0.10599666833877563,
            -0.30773985385894775,
            0.10128167271614075
        ],
        [
            -0.07706522941589355,
            -0.19100941717624664,
            -0.09598318487405777
        ],
        [
            -0.12400703132152557,
            0.1456332802772522,
            0.16717112064361572
        ],
        [
            -0.1114618331193924,
            0.47636663913726807,
            0.39098745584487915
        ],
        [
            -0.1944078803062439,
            -0.32682156562805176,
            0.34705424308776855
        ],
        [
            -0.037094201892614365,
            -0.466776579618454,
            0.25043830275535583
        ],
        [
            -0.10962551832199097,
            -0.6660199761390686,
            0.08265943825244904
        ],
        [
            -0.28893688321113586,
            -0.5664432644844055,
            -0.1360720992088318
        ],
        [
            -0.4241064786911011,
            -0.32606974244117737,
            -0.1314420998096466
        ],
        [
            -0.5310132503509521,
            -0.15496394038200378,
            0.0013536177575588226
        ],
        [
            -0.21879184246063232,
            -0.6608791351318359,
            -0.02853289432823658
        ],
        [
            -0.38015565276145935,
            -0.7779887914657593,
            0.0024228543043136597
        ],
        [
            0.01421218179166317,
            -0.24939310550689697,
            0.002392347203567624
        ],
        [
            -0.1948070228099823,
            -0.6138633489608765,
            -0.02440996840596199
        ],
        [
            -0.07156418263912201,
            -0.4790355861186981,
            -0.04240601882338524
        ],
        [
            -0.32210683822631836,
            -0.678211510181427,
            0.0012213601730763912
        ],
        [
            -0.3867933750152588,
            -0.7974251508712769,
            0.004094942472875118
        ]
    ],
    "pred_vertices": [
        [
            -0.4461350440979004,
            -0.7193098068237305,
            -0.0063066743314266205
        ],
        [
            -0.4383039176464081,
            -0.7052667140960693,
            0.00013912469148635864
        ],
        [
            -0.4335286319255829,
            -0.7069353461265564,
            -0.013727840036153793
        ],
        [
            -0.4374845027923584,
            -0.7194758653640747,
            -0.02113911136984825
        ],
        [
            -0.4294876158237457,
            -0.6970220804214478,
            -0.008949590846896172
        ],
        [
            -0.4312518537044525,
            -0.6956568956375122,
            0.002601291984319687
        ],
        [
            -0.42505520582199097,
            -0.7080774307250977,
            -0.024628693237900734
        ],
        [
            -0.4255172312259674,
            -0.7190057039260864,
            -0.03257637098431587
        ],
        [
            -0.39393025636672974,
            -0.6900551319122314,
            -0.03714318573474884
        ],
        [
            -0.3866744935512543,
            -0.6924155354499817,
            -0.04493522271513939
        ],
        [
            -0.39646729826927185,
            -0.700157642364502,
            -0.04272982105612755
        ],
        [
            -0.4007275402545929,
            -0.6959891319274902,
            -0.034766703844070435
        ],
        [
            -0.3731464147567749,
            -0.6745914220809937,
            -0.039815738797187805
        ],
        [
            -0.36972519755363464,
            -0.6636613011360168,
            -0.032078489661216736
        ],
        [
            -0.3581548035144806,
            -0.663467526435852,
            -0.03877559304237366
        ],
        [
            -0.3602527379989624,
            -0.674986720085144,
            -0.046154335141181946
        ],
        [
            -0.3833555579185486,
            -0.6643531322479248,
            0.007702693343162537
        ],
        [
            -0.3798700273036957,
            -0.6592369079589844,
            0.0017670877277851105
        ],
        [
            -0.3854900300502777,
            -0.6636293530464172,
            -0.0015437491238117218
        ],
        [
            -0.3879610300064087,
            -0.6685572862625122,
            0.004812516272068024
        ],
        [
            -0.3912106454372406,
            -0.6690545082092285,
            0.01898634061217308
        ],
        [
            -0.3934142589569092,
            -0.674913763999939,
            0.017149802297353745
        ],
        [
            -0.3979329764842987,
            -0.6749376058578491,
            0.0237886942923069
        ],
        [
            -0.3962087035179138,
            -0.6677268743515015,
            0.02508293092250824
        ],
        [
            -0.3778674602508545,
            -0.6616708636283875,
            0.012330502271652222
        ],
        [
            -0.37400925159454346,
            -0.6566515564918518,
            0.005902085453271866
        ],
        [
            -0.3867248296737671,
            -0.6683745980262756,
            0.012956220656633377
        ],
        [
            -0.38450098037719727,
            -0.6641577482223511,
            0.015113845467567444
        ],
        [
            -0.38609012961387634,
            -0.6533657312393188,
            0.02120034769177437
        ],
        [
            -0.3890478312969208,
            -0.6573253870010376,
            0.01956406608223915
        ],
        [
            -0.39316391944885254,
            -0.6540439128875732,
            0.025139909237623215
        ],
        [
            -0.38828638195991516,
            -0.6509120464324951,
            0.025748800486326218
        ],
        [
            -0.38051435351371765,
            -0.6585749983787537,
            0.014926489442586899
        ],
        [
            -0.38462477922439575,
            -0.6586860418319702,
            0.015631884336471558
        ],
        [
            -0.38266435265541077,
            -0.6549644470214844,
            0.01849609613418579
        ],
        [
            -0.37859100103378296,
            -0.6558799743652344,
            0.018588077276945114
        ],
        [
            -0.3898976743221283,
            -0.6641932725906372,
            0.02006325125694275
        ],
        [
            -0.39490807056427,
            -0.6612053513526917,
            0.025466959923505783
        ],
        [
            -0.39916855096817017,
            -0.6581159830093384,
            0.03184111788868904
        ],
        [
            -0.3956633508205414,
            -0.6499080061912537,
            0.03175057843327522
        ],
        [
            -0.3695931136608124,
            -0.6518231630325317,
            -0.011825866997241974
        ],
        [
            -0.37561532855033875,
            -0.6548874974250793,
            -0.005281299352645874
        ],
        [
            -0.37051939964294434,
            -0.6522938013076782,
            -0.0007043182849884033
        ],
        [
            -0.36630967259407043,
            -0.6493260860443115,
            -0.0066195204854011536
        ],
        [
            -0.3744579255580902,
            -0.655739963054657,
            0.01603086292743683
        ],
        [
            -0.36412903666496277,
            -0.6439976096153259,
            0.011476967483758926
        ],
        [
            -0.3671807050704956,
            -0.646438717842102,
            0.011571086943149567
        ],
        [
            -0.36844825744628906,
            -0.6454836130142212,
            0.018671993166208267
        ],
        [
            -0.3656713366508484,
            -0.6431964635848999,
            0.017954524606466293
        ],
        [
            -0.3554782271385193,
            -0.6469168663024902,
            -0.021000470966100693
        ],
        [
            -0.355683296918869,
            -0.6439856290817261,
            -0.014154702425003052
        ],
        [
            -0.34923961758613586,
            -0.6410151720046997,
            -0.016058627516031265
        ],
        [
            -0.34721601009368896,
            -0.6440106630325317,
            -0.022732827812433243
        ],
        [
            -0.3437325954437256,
            -0.6381459832191467,
            -0.014233512803912163
        ],
        [
            -0.3393828868865967,
            -0.6410030126571655,
            -0.02276192605495453
        ],
        [
            -0.3261929452419281,
            -0.632824718952179,
            -0.014955736696720123
        ],
        [
            -0.3321301341056824,
            -0.6364951729774475,
            -0.019106052815914154
        ],
        [
            -0.33857446908950806,
            -0.6348311305046082,
            -0.010673083364963531
        ],
        [
            -0.33491992950439453,
            -0.6303039193153381,
            -0.004809347912669182
        ],
        [
            -0.3395235538482666,
            -0.6301565170288086,
            0.009091582149267197
        ],
        [
            -0.3384169340133667,
            -0.6286537051200867,
            0.015505887567996979
        ],
        [
            -0.32960638403892517,
            -0.6208584904670715,
            0.009647514671087265
        ],
        [
            -0.3320074677467346,
            -0.6245617866516113,
            0.0029387548565864563
        ],
        [
            -0.35677453875541687,
            -0.6430524587631226,
            0.010063879191875458
        ],
        [
            -0.3563695549964905,
            -0.6441138982772827,
            0.005343355238437653
        ],
        [
            -0.35898733139038086,
            -0.6434240341186523,
            0.005929775536060333
        ],
        [
            -0.36050617694854736,
            -0.6428486108779907,
            0.010982498526573181
        ],
        [
            -0.3562775254249573,
            -0.644271731376648,
            0.0011670291423797607
        ],
        [
            -0.3561991751194,
            -0.6442863941192627,
            -0.000659506767988205
        ],
        [
            -0.35783064365386963,
            -0.6443336606025696,
            5.847960710525513e-05
        ],
        [
            -0.3571806848049164,
            -0.6444178819656372,
            0.0012672916054725647
        ],
        [
            -0.3566499650478363,
            -0.6442158818244934,
            0.003362007439136505
        ],
        [
            -0.35508033633232117,
            -0.642970860004425,
            0.004405595362186432
        ],
        [
            -0.3556947708129883,
            -0.6436336636543274,
            0.0021804608404636383
        ],
        [
            -0.3550734519958496,
            -0.6412332653999329,
            0.008678305894136429
        ],
        [
            -0.3546792268753052,
            -0.636813759803772,
            0.02293752133846283
        ],
        [
            -0.35514551401138306,
            -0.6372367143630981,
            0.019129864871501923
        ],
        [
            -0.35726985335350037,
            -0.6413154602050781,
            0.020449839532375336
        ],
        [
            -0.3570984899997711,
            -0.6411502361297607,
            0.023664303123950958
        ],
        [
            -0.35993364453315735,
            -0.6447850465774536,
            0.002043742686510086
        ],
        [
            -0.3614712059497833,
            -0.6456661820411682,
            0.00010628625750541687
        ],
        [
            -0.3643529713153839,
            -0.646056592464447,
            0.005052659660577774
        ],
        [
            -0.3615710139274597,
            -0.6448161005973816,
            0.005776833742856979
        ],
        [
            -0.36360394954681396,
            -0.6466153860092163,
            -0.0025912337005138397
        ],
        [
            -0.3591213524341583,
            -0.6451619863510132,
            -0.002173878252506256
        ],
        [
            -0.36035484075546265,
            -0.6455209255218506,
            -0.005349801853299141
        ],
        [
            -0.35467591881752014,
            -0.6432883739471436,
            -0.00023030489683151245
        ],
        [
            -0.3534518778324127,
            -0.6426730751991272,
            -0.003445044159889221
        ],
        [
            -0.35627061128616333,
            -0.6435085535049438,
            -0.003479704260826111
        ],
        [
            -0.35060247778892517,
            -0.6406509280204773,
            -0.0015549920499324799
        ],
        [
            -0.35301584005355835,
            -0.6419196128845215,
            0.0024011656641960144
        ],
        [
            -0.35223588347435,
            -0.639492928981781,
            0.00655616819858551
        ],
        [
            -0.3517882227897644,
            -0.6368387937545776,
            0.011887118220329285
        ],
        [
            -0.3471086025238037,
            -0.635225772857666,
            0.008201956748962402
        ],
        [
            -0.34851908683776855,
            -0.6379342079162598,
            0.002620518207550049
        ],
        [
            -0.36744287610054016,
            -0.6489328742027283,
            0.002996668219566345
        ],
        [
            -0.3559855818748474,
            -0.6435649991035461,
            -0.008134676143527031
        ],
        [
            -0.3616418242454529,
            -0.6472777128219604,
            -0.01071925088763237
        ],
        [
            -0.3517078459262848,
            -0.6411886215209961,
            -0.008757613599300385
        ],
        [
            -0.3474891781806946,
            -0.6389042735099792,
            -0.007167791947722435
        ],
        [
            -0.34400102496147156,
            -0.6361282467842102,
            -0.002642463892698288
        ],
        [
            -0.3415071964263916,
            -0.6328955888748169,
            0.002846948802471161
        ],
        [
            -0.3168007731437683,
            -0.6221994757652283,
            0.002817191183567047
        ],
        [
            -0.32139548659324646,
            -0.6263971924781799,
            -0.0052671898156404495
        ],
        [
            -0.42287975549697876,
            -0.693297803401947,
            0.002942211925983429
        ],
        [
            -0.42336902022361755,
            -0.6927581429481506,
            -0.006194941699504852
        ],
        [
            -0.4147317111492157,
            -0.6905916929244995,
            -0.008818183094263077
        ],
        [
            -0.4168192148208618,
            -0.6918749809265137,
            -0.010088816285133362
        ],
        [
            -0.4184236526489258,
            -0.6917111277580261,
            -0.004198580980300903
        ],
        [
            -0.41557958722114563,
            -0.6902093291282654,
            -0.004184376448392868
        ],
        [
            -0.40380623936653137,
            -0.694424033164978,
            -0.027326207607984543
        ],
        [
            -0.40641793608665466,
            -0.6932384967803955,
            -0.021099591627717018
        ],
        [
            -0.4027020335197449,
            -0.6917062997817993,
            -0.021978823468089104
        ],
        [
            -0.39896678924560547,
            -0.6899319291114807,
            -0.029450200498104095
        ],
        [
            -0.39895346760749817,
            -0.6832969784736633,
            -0.013423461467027664
        ],
        [
            -0.3993198871612549,
            -0.6855394840240479,
            -0.018323611468076706
        ],
        [
            -0.4048222601413727,
            -0.6887208819389343,
            -0.013523565605282784
        ],
        [
            -0.40466421842575073,
            -0.6870198845863342,
            -0.010001854971051216
        ],
        [
            -0.40426966547966003,
            -0.6861847639083862,
            -0.005977679044008255
        ],
        [
            -0.4038011133670807,
            -0.6861411333084106,
            -0.0015002116560935974
        ],
        [
            -0.3995489478111267,
            -0.6830286383628845,
            -0.0027441494166851044
        ],
        [
            -0.39921924471855164,
            -0.6826732158660889,
            -0.008041443303227425
        ],
        [
            -0.418060302734375,
            -0.6928881406784058,
            0.0021630488336086273
        ],
        [
            -0.41500067710876465,
            -0.6940584778785706,
            0.008888408541679382
        ],
        [
            -0.4126596748828888,
            -0.6923770904541016,
            0.006870303303003311
        ],
        [
            -0.41529256105422974,
            -0.6909348368644714,
            0.0014903955161571503
        ],
        [
            -0.4015568494796753,
            -0.6938629746437073,
            0.013969618827104568
        ],
        [
            -0.40443533658981323,
            -0.6943405866622925,
            0.013519816100597382
        ],
        [
            -0.4051080346107483,
            -0.6952202916145325,
            0.01730107143521309
        ],
        [
            -0.40099284052848816,
            -0.6931118965148926,
            0.017360523343086243
        ],
        [
            -0.39947378635406494,
            -0.6905405521392822,
            0.014844086021184921
        ],
        [
            -0.40088966488838196,
            -0.6921656727790833,
            0.012696053832769394
        ],
        [
            -0.45883646607398987,
            -0.7363276481628418,
            0.0037528425455093384
        ],
        [
            -0.45062217116355896,
            -0.7200608253479004,
            0.00973832979798317
        ],
        [
            -0.4509022533893585,
            -0.737463116645813,
            -0.015079032629728317
        ],
        [
            -0.438923716545105,
            -0.7365152835845947,
            -0.029223965480923653
        ],
        [
            -0.42563366889953613,
            -0.7317940592765808,
            -0.041022926568984985
        ],
        [
            -0.35650062561035156,
            -0.6536985039710999,
            -0.029775816947221756
        ],
        [
            -0.34665966033935547,
            -0.6520293951034546,
            -0.033681876957416534
        ],
        [
            -0.3467628061771393,
            -0.6641253232955933,
            -0.04436382278800011
        ],
        [
            -0.3360099494457245,
            -0.6607053279876709,
            -0.0451849102973938
        ],
        [
            -0.3364560306072235,
            -0.6480840444564819,
            -0.033600639551877975
        ],
        [
            -0.31793954968452454,
            -0.6384721398353577,
            -0.02317430078983307
        ],
        [
            -0.32681164145469666,
            -0.642989993095398,
            -0.030272724106907845
        ],
        [
            -0.32474464178085327,
            -0.6574114561080933,
            -0.04389849677681923
        ],
        [
            -0.326328843832016,
            -0.6750882267951965,
            -0.056508466601371765
        ],
        [
            -0.3371537923812866,
            -0.674846887588501,
            -0.05480705201625824
        ],
        [
            -0.33084431290626526,
            -0.6944102048873901,
            -0.0634438768029213
        ],
        [
            -0.3133369982242584,
            -0.6769202947616577,
            -0.05728919804096222
        ],
        [
            -0.3239118456840515,
            -0.7005169987678528,
            -0.06400836259126663
        ],
        [
            -0.29173171520233154,
            -0.6512183547019958,
            -0.039700157940387726
        ],
        [
            -0.2851788401603699,
            -0.6453249454498291,
            -0.041826508939266205
        ],
        [
            -0.28482699394226074,
            -0.6563587188720703,
            -0.057999417185783386
        ],
        [
            -0.2916659712791443,
            -0.6625781655311584,
            -0.05575927719473839
        ],
        [
            -0.34800511598587036,
            -0.6750577688217163,
            -0.05215105786919594
        ],
        [
            -0.4005025029182434,
            -0.7118059396743774,
            -0.046411726623773575
        ],
        [
            -0.40585339069366455,
            -0.7046650648117065,
            -0.03857409954071045
        ],
        [
            -0.38913771510124207,
            -0.7055192589759827,
            -0.05091674625873566
        ],
        [
            -0.4330376982688904,
            -0.7657259702682495,
            -0.049292925745248795
        ],
        [
            -0.4386821687221527,
            -0.7513854503631592,
            -0.03910264000296593
        ],
        [
            -0.4253826141357422,
            -0.7446367144584656,
            -0.04902217537164688
        ],
        [
            -0.4221079349517822,
            -0.7588514089584351,
            -0.057899922132492065
        ],
        [
            -0.45633813738822937,
            -0.7875174283981323,
            -0.017257262021303177
        ],
        [
            -0.461808979511261,
            -0.7611429691314697,
            -0.007837813347578049
        ],
        [
            -0.45265069603919983,
            -0.7575904130935669,
            -0.023222599178552628
        ],
        [
            -0.4479426145553589,
            -0.777437686920166,
            -0.032457076013088226
        ],
        [
            -0.4154941141605377,
            -0.7691841721534729,
            -0.06470805406570435
        ],
        [
            -0.40599170327186584,
            -0.7830431461334229,
            -0.07135922461748123
        ],
        [
            -0.41239967942237854,
            -0.7989376783370972,
            -0.06814412027597427
        ],
        [
            -0.425876259803772,
            -0.7835943102836609,
            -0.059055838733911514
        ],
        [
            -0.41987600922584534,
            -0.8196102976799011,
            -0.057639025151729584
        ],
        [
            -0.4363825023174286,
            -0.8011860847473145,
            -0.04603757709264755
        ],
        [
            -0.3076983392238617,
            -0.6976594924926758,
            -0.06558384746313095
        ],
        [
            -0.319343626499176,
            -0.7137624621391296,
            -0.06684274226427078
        ],
        [
            -0.3011462688446045,
            -0.6687086820602417,
            -0.05325464531779289
        ],
        [
            -0.2978169322013855,
            -0.6847500205039978,
            -0.06481632590293884
        ],
        [
            -0.4231119155883789,
            -0.8368557095527649,
            -0.04129798710346222
        ],
        [
            -0.44297242164611816,
            -0.8159101009368896,
            -0.02794814482331276
        ],
        [
            -0.3570560812950134,
            -0.8062676787376404,
            -0.08181926608085632
        ],
        [
            -0.37594497203826904,
            -0.8110464811325073,
            -0.07892654836177826
        ],
        [
            -0.377399206161499,
            -0.7902804613113403,
