{
    "pred_cam": [
        1.5366747379302979,
        0.22295649349689484,
        0.24543794989585876
    ],
    "pred_smpl_params": {
        "global_orient": [
            [
                [
                    -0.6551030874252319,
                    -0.13676519691944122,
                    -0.743057906627655
                ],
                [
                    0.3415408432483673,
                    -0.9308634400367737,
                    -0.12978091835975647
                ],
                [
                    -0.6739359498023987,
                    -0.33880454301834106,
                    0.6565223932266235
                ]
            ]
        ],
        "body_pose": [
            [
                [
                    0.9987999200820923,
                    -0.039237912744283676,
                    0.02931048348546028
                ],
                [
                    0.023327261209487915,
                    0.9073420166969299,
                    0.41974544525146484
                ],
                [
                    -0.04306457191705704,
                    -0.4185579717159271,
                    0.907168447971344
                ]
            ],
            [
                [
                    0.9964711666107178,
                    0.04842537268996239,
                    -0.06855911016464233
                ],
                [
                    -0.01699846237897873,
                    0.9162949919700623,
                    0.40014323592185974
                ],
                [
                    0.08219745010137558,
                    -0.3975657522678375,
                    0.913884699344635
                ]
            ],
            [
                [
                    0.9966166615486145,
                    0.07119939476251602,
                    0.04105932265520096
                ],
                [
                    -0.041422463953495026,
                    0.8665926456451416,
                    -0.49729397892951965
                ],
                [
                    -0.0709887444972992,
                    0.49391070008277893,
                    0.8666099309921265
                ]
            ],
            [
                [
                    0.9923191070556641,
                    0.1094602420926094,
                    0.05762995779514313
                ],
                [
                    -0.10607798397541046,
                    0.9926175475120544,
                    -0.058804288506507874
                ],
                [
                    -0.06364122778177261,
                    0.052239347249269485,
                    0.9966046810150146
                ]
            ],
            [
                [
                    0.9993298649787903,
                    0.005781255196779966,
                    -0.03614536300301552
                ],
                [
                    -0.006862475536763668,
                    0.9995304942131042,
                    -0.02986127696931362
                ],
                [
                    0.035955760627985,
                    0.030089309439063072,
                    0.9989003539085388
                ]
            ],
            [
                [
                    0.9994127750396729,
                    0.012548617087304592,
                    0.03188570961356163
                ],
                [
                    -0.011872486211359501,
                    0.999702513217926,
                    -0.02130640111863613
                ],
                [
                    -0.03214358910918236,
                    0.020915325731039047,
                    0.9992644190788269
                ]
            ],
            [
                [
                    0.9797214269638062,
                    0.10104702413082123,
                    0.17301878333091736
                ],
                [
                    -0.08561821281909943,
                    0.9918416142463684,
                    -0.09444451332092285
                ],
                [
                    -0.18115057051181793,
                    0.07771574705839157,
                    0.9803799390792847
                ]
            ],
            [
                [
                    0.9766440987586975,
                    -0.047371283173561096,
                    -0.2095760852098465
                ],
                [
                    0.04345627501606941,
                    0.9987848401069641,
                    -0.023248838260769844
                ],
                [
                    0.21042272448539734,
                    0.013598447665572166,
                    0.9775158762931824
                ]
            ],
            [
                [
                    0.9999326467514038,
                    0.01023137103766203,
                    -0.005486841779202223
                ],
                [
                    -0.010610470548272133,
                    0.9971861243247986,
                    -0.07421006262302399
                ],
                [
                    0.00471213273704052,
                    0.07426327466964722,
                    0.9972275495529175
                ]
            ],
            [
                [
                    0.9908615946769714,
                    -0.12352251261472702,
                    0.054178595542907715
                ],
                [
                    0.12583719193935394,
                    0.9911777973175049,
                    -0.04161299020051956
                ],
                [
                    -0.048560477793216705,
                    0.048050407320261,
                    0.9976637363433838
                ]
            ],
            [
                [
                    0.9928924441337585,
                    0.11865958571434021,
                    0.009191411547362804
                ],
                [
                    -0.11839184910058975,
                    0.9926364421844482,
                    -0.025616297498345375
                ],
                [
                    -0.01216334942728281,
                    0.024346040561795235,
                    0.999629557132721
                ]
            ],
            [
                [
                    0.9646643996238708,
                    -0.016961757093667984,
                    0.2629351019859314
                ],
                [
                    0.043143536895513535,
                    0.9946252107620239,
                    -0.09412375837564468
                ],
                [
                    -0.25992539525032043,
                    0.10214179009199142,
                    0.9602113366127014
                ]
            ],
            [
                [
                    0.8982625007629395,
                    0.10990085452795029,
                    -0.42549529671669006
                ],
                [
                    -0.0940181240439415,
                    0.993866503238678,
                    0.05822348594665527
                ],
                [
                    0.42928433418273926,
                    -0.012295707128942013,
                    0.9030857086181641
                ]
            ],
            [
                [
                    0.8828007578849792,
                    -0.2462647557258606,
                    0.4000205099582672
                ],
                [
                    0.23173463344573975,
                    0.9690442681312561,
                    0.08516040444374084
                ],
                [
                    -0.4086095988750458,
                    0.017518945038318634,
                    0.9125410914421082
                ]
            ],
            [
                [
                    0.9939779043197632,
                    0.07432200759649277,
                    0.08052446693181992
                ],
                [
                    -0.050319984555244446,
                    0.9623567461967468,
                    -0.2670905590057373
                ],
                [
                    -0.09734397381544113,
                    0.26143011450767517,
                    0.9603012204170227
                ]
            ],
            [
                [
                    0.8324354290962219,
                    0.4093244671821594,
                    -0.3735033869743347
                ],
                [
                    -0.3709077537059784,
                    0.9123713970184326,
                    0.17322252690792084
                ],
                [
                    0.4116779565811157,
                    -0.005661298055201769,
                    0.9113118648529053
                ]
            ],
            [
                [
                    0.5657678246498108,
                    -0.6716750860214233,
                    0.4782879948616028
                ],
                [
                    0.6531317234039307,
                    0.7191094160079956,
                    0.23727752268314362
                ],
                [
                    -0.5033147931098938,
                    0.1781410574913025,
                    0.8455412983894348
                ]
            ],
            [
                [
                    0.8832197785377502,
                    0.005920973606407642,
                    -0.46892181038856506
                ],
                [
                    0.04204936698079109,
                    0.9948927164077759,
                    0.09176284074783325
                ],
                [
                    0.46707019209861755,
                    -0.10076464712619781,
                    0.8784599304199219
                ]
            ],
            [
                [
                    0.6342800259590149,
                    0.17613521218299866,
                    0.7527716755867004
                ],
                [
                    -0.22591058909893036,
                    0.973429262638092,
                    -0.03741449862718582
                ],
                [
                    -0.739359974861145,
                    -0.14632783830165863,
                    0.6572175621986389
                ]
            ],
            [
                [
                    0.986894965171814,
                    -0.15746407210826874,
                    -0.03526189923286438
                ],
                [
                    0.15654820203781128,
                    0.9872902035713196,
                    -0.02739829756319523
                ],
                [
                    0.03912797570228577,
                    0.02151905559003353,
                    0.9990024566650391
                ]
            ],
            [
                [
                    0.9881594777107239,
                    0.13072113692760468,
                    0.08032948523759842
                ],
                [
                    -0.14521390199661255,
                    0.9658500552177429,
                    0.21458472311496735
                ],
                [
                    -0.04953547567129135,
                    -0.2237088829278946,
                    0.9733964204788208
                ]
            ],
            [
                [
                    0.9867013692855835,
                    0.11614291369915009,
                    -0.11371590197086334
                ],
                [
                    -0.09781602025032043,
                    0.9830190539360046,
                    0.15525980293750763
                ],
                [
                    0.12981721758842468,
                    -0.14207181334495544,
                    0.9813069105148315
                ]
            ],
            [
                [
                    0.9832477569580078,
                    -0.15005803108215332,
                    0.10347245633602142
                ],
                [
                    0.13735423982143402,
                    0.9831548929214478,
                    0.12058325856924057
                ],
                [
                    -0.11982392519712448,
                    -0.10435082018375397,
                    0.987295925617218
                ]
            ]
        ],
        "betas": [
            -0.2191561460494995,
            -0.2954825460910797,
            -0.02502429485321045,
            0.6549775004386902,
            0.2429061233997345,
            0.007795426994562149,
            -0.006678968667984009,
            -0.03988611698150635,
            0.0935409739613533,
            0.0158003568649292
        ]
    },
    "pred_cam_t": [
        0.22295649349689484,
        0.24543794989585876,
        25.420148849487305
    ],
    "focal_length": [
        5000.0,
        5000.0
    ],
    "pred_keypoints_3d": [
        [
            -0.3901168704032898,
            -0.6333284974098206,
            0.03832336515188217
        ],
        [
            -0.22008240222930908,
            -0.6636171340942383,
            -0.03531529754400253
        ],
        [
            -0.08784013986587524,
            -0.64777010679245,
            0.11507470160722733
        ],
        [
            -0.03309420123696327,
            -0.4407653212547302,
            0.24232837557792664
        ],
        [
            -0.19955962896347046,
            -0.30175647139549255,
            0.36587655544281006
        ],
        [
            -0.2973234951496124,
            -0.5199739933013916,
            -0.13446301221847534
        ],
        [
            -0.40050962567329407,
            -0.28634965419769287,
            -0.13105440139770508
        ],
        [
            -0.5308993458747864,
            -0.1249312162399292,
            -0.0021930932998657227
        ],
        [
            -0.0021543530747294426,
            -0.22763296961784363,
            0.028312435373663902
        ],
        [
            0.05720684304833412,
            -0.16640035808086395,
            0.1012142151594162
        ],
        [
            0.03753361850976944,
            0.11664526164531708,
            0.3430137634277344
        ],
        [
            0.010207079350948334,
            0.45007312297821045,
            0.5386762619018555
        ],
        [
            -0.02987804263830185,
            -0.11877566576004028,
            0.008372632786631584
        ],
        [
            -0.12430593371391296,
            0.1857837736606598,
            0.1851937174797058
        ],
        [
            -0.1216166689991951,
            0.5014504194259644,
            0.4094006419181824
        ],
        [
            -0.38850027322769165,
            -0.6900626420974731,
            0.061773739755153656
        ],
        [
            -0.411357045173645,
            -0.6758819818496704,
            0.0006204843521118164
        ],
        [
            -0.30766043066978455,
            -0.7591750025749207,
            0.06413933634757996
        ],
        [
            -0.3605702221393585,
            -0.7267441749572754,
            -0.07367802411317825
        ],
        [
            -0.2904001474380493,
            0.49548062682151794,
            0.5200334191322327
        ],
        [
            -0.27809858322143555,
            0.5456525087356567,
            0.4540749490261078
        ],
        [
            -0.07286614179611206,
            0.550306499004364,
            0.40548190474510193
        ],
        [
            -0.106545090675354,
            0.39611318707466125,
            0.6907975673675537
        ],
        [
            -0.018570400774478912,
            0.40379875898361206,
            0.7008618712425232
        ],
        [
            0.03950420767068863,
            0.5136705636978149,
            0.527042031288147
        ],
        [
            0.04885057732462883,
            0.41772425174713135,
            0.5046305060386658
        ],
        [
            0.04167449474334717,
            0.06409739702939987,
            0.3031386733055115
        ],
        [
            0.10410601645708084,
            -0.30633625388145447,
            0.10518567264080048
        ],
        [
            -0.07413336634635925,
            -0.1886601597070694,
            -0.09799010306596756
        ],
        [
            -0.12403146922588348,
            0.15470969676971436,
            0.15495598316192627
        ],
        [
            -0.10162301361560822,
            0.4882546663284302,
            0.3742792308330536
        ],
        [
            -0.2123788297176361,
            -0.33385327458381653,
            0.3500681519508362
        ],
        [
            -0.04825212433934212,
            -0.47086620330810547,
            0.26208484172821045
        ],
        [
            -0.11769261956214905,
            -0.6617103219032288,
            0.0841222032904625
        ],
        [
            -0.29233139753341675,
            -0.5587245225906372,
            -0.13462556898593903
        ],
        [
            -0.4314784109592438,
            -0.3208380937576294,
            -0.12826350331306458
        ],
        [
            -0.5389794111251831,
            -0.14478692412376404,
            -0.0003663785755634308
        ],
        [
            -0.2243465781211853,
            -0.6535407304763794,
            -0.02798476815223694
        ],
        [
            -0.38516148924827576,
            -0.7651394009590149,
            0.004764774814248085
        ],
        [
            0.014732087962329388,
            -0.24747703969478607,
            0.0033041443675756454
        ],
        [
            -0.20042827725410461,
            -0.6076940298080444,
            -0.023121733218431473
        ],
        [
            -0.0727650374174118,
            -0.47501352429389954,
            -0.041253115981817245
        ],
        [
            -0.32578471302986145,
            -0.6664823293685913,
            0.0021380125544965267
        ],
        [
            -0.39212581515312195,
            -0.7844641804695129,
            0.006696075201034546
        ]
    ],
    "pred_vertices": [
        [
            -0.450227290391922,
            -0.7056173086166382,
            -0.004399731755256653
        ],
        [
            -0.44216418266296387,
            -0.6916155219078064,
            0.0018588714301586151
        ],
        [
            -0.43745970726013184,
            -0.6935659646987915,
            -0.011983782052993774
        ],
        [
            -0.44163012504577637,
            -0.706117570400238,
            -0.019214512780308723
        ],
        [
            -0.4332423508167267,
            -0.6836263537406921,
            -0.007381543517112732
        ],
        [
            -0.4349097013473511,
            -0.6821110844612122,
            0.004165422171354294
        ],
        [
            -0.4290536642074585,
            -0.6949594020843506,
            -0.022888386622071266
        ],
        [
            -0.429726243019104,
            -0.70597904920578,
            -0.030701346695423126
        ],
        [
            -0.3977358639240265,
            -0.6775387525558472,
            -0.0357152596116066
        ],
        [
            -0.39055922627449036,
            -0.6801244020462036,
            -0.043493643403053284
        ],
        [
            -0.400422066450119,
            -0.6876868605613708,
            -0.04116824269294739
        ],
        [
            -0.4045960009098053,
            -0.6833299994468689,
            -0.03325435519218445
        ],
        [
            -0.3767421841621399,
            -0.6624212265014648,
            -0.03869500011205673
        ],
        [
            -0.373128205537796,
            -0.6514827013015747,
            -0.03109252266585827
        ],
        [
            -0.3615604341030121,
            -0.6516081690788269,
            -0.037792570888996124
        ],
        [
            -0.3638431131839752,
            -0.6631715297698975,
            -0.04501287639141083
        ],
        [
            -0.3865738809108734,
            -0.6514320969581604,
            0.008660588413476944
        ],
        [
            -0.3830472230911255,
            -0.6464623808860779,
            0.002669643610715866
        ],
        [
            -0.38875865936279297,
            -0.6507704854011536,
            -0.0005769357085227966
        ],
        [
            -0.39126747846603394,
            -0.6555798649787903,
            0.005837209522724152
        ],
        [
            -0.394396036863327,
            -0.6559144854545593,
            0.02000410109758377
        ],
        [
            -0.3967154324054718,
            -0.6617380976676941,
            0.018256347626447678
        ],
        [
            -0.4011668860912323,
            -0.6616359353065491,
            0.0249059796333313
        ],
        [
            -0.3993009328842163,
            -0.6544710993766785,
            0.0261024609208107
        ],
        [
            -0.3809942901134491,
            -0.6488279700279236,
            0.01323014497756958
        ],
        [
            -0.3771072030067444,
            -0.6439757943153381,
            0.006759565323591232
        ],
        [
            -0.3899499475955963,
            -0.6553395986557007,
            0.013959553092718124
        ],
        [
            -0.3876371681690216,
            -0.6511834263801575,
            0.0160488523542881
        ],
        [
            -0.3889603614807129,
            -0.6403577327728271,
            0.022001296281814575
        ],
        [
            -0.3919972777366638,
            -0.6442797183990479,
            0.020426571369171143
        ],
        [
            -0.396007239818573,
            -0.6409045457839966,
            0.025977130979299545
        ],
        [
            -0.39108163118362427,
            -0.637851357460022,
            0.02652151510119438
        ],
        [
            -0.3835432827472687,
            -0.6457115411758423,
            0.015805143862962723
        ],
        [
            -0.38762831687927246,
            -0.6457479596138,
            0.016517020761966705
        ],
        [
            -0.38558492064476013,
            -0.64203941822052,
            0.019330471754074097
        ],
        [
            -0.3815442621707916,
            -0.6430147886276245,
            0.01941864937543869
        ],
        [
            -0.39296644926071167,
            -0.6511033773422241,
            0.021029125899076462
        ],
        [
            -0.39787429571151733,
            -0.6480011940002441,
            0.02640453353524208
        ],
        [
            -0.402019202709198,
            -0.6448035836219788,
            0.03274409472942352
        ],
        [
            -0.3983910083770752,
            -0.6366842985153198,
            0.03253142908215523
        ],
        [
            -0.37272146344184875,
            -0.6394438743591309,
            -0.010995477437973022
        ],
        [
            -0.37875184416770935,
            -0.6423053741455078,
            -0.004402268677949905
        ],
        [
            -0.37359267473220825,
            -0.6397731304168701,
            0.00010915100574493408
        ],
        [
            -0.3693670928478241,
            -0.6369608640670776,
            -0.0058385878801345825
        ],
        [
            -0.37746158242225647,
            -0.6429860591888428,
            0.01685333624482155
        ],
        [
            -0.3670032024383545,
            -0.6315504312515259,
            0.012134868651628494
        ],
        [
            -0.370070219039917,
            -0.6339292526245117,
            0.012264702469110489
        ],
        [
            -0.37128299474716187,
            -0.6328834891319275,
            0.019349049776792526
        ],
        [
            -0.36850014328956604,
            -0.630652129650116,
            0.018596231937408447
        ],
        [
            -0.35857442021369934,
            -0.6349474191665649,
            -0.020247118547558784
        ],
        [
            -0.35868754982948303,
            -0.6319535374641418,
            -0.013444501906633377
        ],
        [
            -0.35222184658050537,
            -0.6291419863700867,
            -0.01538580097258091
        ],
        [
            -0.3502914011478424,
            -0.6322133541107178,
            -0.02202177420258522
        ],
        [
            -0.34669414162635803,
            -0.6263408660888672,
            -0.013607999309897423
        ],
        [
            -0.342413991689682,
            -0.6293409466743469,
            -0.022093515843153
        ],
        [
            -0.3290556073188782,
            -0.6213557720184326,
            -0.014451324939727783
        ],
        [
            -0.33508196473121643,
            -0.6249280571937561,
            -0.018529748544096947
        ],
        [
            -0.34147000312805176,
            -0.6231071949005127,
            -0.01011776551604271
        ],
        [
            -0.3377147912979126,
            -0.6186130046844482,
            -0.0043334923684597015
        ],
        [
            -0.34223881363868713,
            -0.6182354688644409,
            0.009544335305690765
        ],
        [
            -0.3410705626010895,
            -0.6166771054267883,
            0.015897683799266815
        ],
        [
            -0.33214569091796875,
            -0.6091533899307251,
            0.0099409781396389
        ],
        [
            -0.3346644937992096,
            -0.6128571033477783,
            0.00330294668674469
        ],
        [
            -0.3596574664115906,
            -0.630720853805542,
            0.010691646486520767
        ],
        [
            -0.3592872619628906,
            -0.6318503022193909,
            0.005998630076646805
        ],
        [
            -0.36188435554504395,
            -0.6311068534851074,
            0.0065789595246315
        ],
        [
            -0.3633694052696228,
            -0.6304479837417603,
            0.011617977172136307
        ],
        [
            -0.35921990871429443,
            -0.6320590972900391,
            0.0018437691032886505
        ],
        [
            -0.3591483235359192,
            -0.6320896148681641,
            2.1278858184814453e-05
        ],
        [
            -0.3607688844203949,
            -0.6320966482162476,
            0.0007344856858253479
        ],
        [
            -0.3601090908050537,
            -0.6321980953216553,
            0.0019677430391311646
        ],
        [
            -0.3595711290836334,
            -0.6319820880889893,
            0.004052434116601944
        ],
        [
            -0.3579860329627991,
            -0.630766749382019,
            0.005076702684164047
        ],
        [
            -0.3586284816265106,
            -0.6314268708229065,
            0.002852078527212143
        ],
        [
            -0.3579368591308594,
            -0.62898850440979,
            0.009315062314271927
        ],
        [
            -0.35743603110313416,
            -0.6243798732757568,
            0.023450911045074463
        ],
        [
            -0.35791802406311035,
            -0.6248364448547363,
            0.019672539085149765
        ],
        [
            -0.36008286476135254,
            -0.6288437247276306,
            0.021038874983787537
        ],
        [
            -0.3599078059196472,
            -0.6286544799804688,
            0.02423287183046341
        ],
        [
            -0.36286458373069763,
            -0.6325181722640991,
            0.0027481429278850555
        ],
        [
            -0.3644157648086548,
            -0.63336181640625,
            0.0008024200797080994
        ],
        [
            -0.36726972460746765,
            -0.6336578130722046,
            0.005747400224208832
        ],
        [
            -0.36447837948799133,
            -0.632454514503479,
            0.006447739899158478
        ],
        [
            -0.3665868639945984,
            -0.6342881321907043,
            -0.001851741224527359
        ],
        [
            -0.36207833886146545,
            -0.6329221725463867,
            -0.001474481076002121
        ],
        [
            -0.3633551299571991,
            -0.6332865953445435,
            -0.004636723548173904
        ],
        [
            -0.35761672258377075,
            -0.6311287879943848,
            0.0004421919584274292
        ],
        [
            -0.3563987612724304,
            -0.6305675506591797,
            -0.0027737393975257874
        ],
        [
            -0.35922306776046753,
            -0.6313387155532837,
            -0.0028006359934806824
        ],
        [
            -0.3535221517086029,
            -0.6285997629165649,
            -0.000911228358745575
        ],
        [
            -0.3559322953224182,
            -0.629775881767273,
            0.0030473023653030396
        ],
        [
            -0.35510408878326416,
            -0.627331018447876,
            0.0071550942957401276
        ],
        [
            -0.35460165143013,
            -0.6246169805526733,
            0.012435909360647202
        ],
        [
            -0.34992462396621704,
            -0.6231421232223511,
            0.008734401315450668
        ],
        [
            -0.35138726234436035,
            -0.6258921027183533,
            0.003209304064512253
        ],
        [
            -0.37043270468711853,
            -0.6364772319793701,
            0.003745514899492264
        ],
        [
            -0.3589571714401245,
            -0.6314609050750732,
            -0.007439112290740013
        ],
        [
            -0.3646816611289978,
            -0.6350629329681396,
            -0.009962014853954315
        ],
        [
            -0.35465219616889954,
            -0.6291928291320801,
            -0.008088648319244385
        ],
        [
            -0.3504052460193634,
            -0.6269819736480713,
            -0.006529554724693298
        ],
        [
            -0.3468891680240631,
            -0.6242095232009888,
            -0.002093680202960968
        ],
        [
            -0.3443025052547455,
            -0.6209967136383057,
            0.0033557936549186707
        ],
        [
            -0.31939250230789185,
            -0.6107388138771057,
            0.0030902735888957977
        ],
        [
            -0.32412055134773254,
            -0.6149237155914307,
            -0.004907751455903053
        ],
        [
            -0.4265301823616028,
            -0.6798095703125,
            0.004443038254976273
        ],
        [
            -0.42705038189888,
            -0.6793652772903442,
            -0.004697393625974655
        ],
        [
            -0.4184073805809021,
            -0.6773300170898438,
            -0.007387343794107437
        ],
        [
            -0.42050379514694214,
            -0.6785889863967896,
            -0.008636843413114548
        ],
        [
            -0.4220975935459137,
            -0.6783448457717896,
            -0.0027454085648059845
        ],
        [
            -0.41923221945762634,
            -0.6768918037414551,
            -0.002755258232355118
        ],
        [
            -0.40760520100593567,
            -0.6816191077232361,
            -0.025822412222623825
        ],
        [
            -0.41017818450927734,
            -0.6802856922149658,
            -0.01961766928434372
        ],
        [
            -0.4064602255821228,
            -0.678809642791748,
            -0.02054351568222046
        ],
        [
            -0.40273237228393555,
            -0.677216112613678,
            -0.02803361788392067
        ],
        [
            -0.4025557339191437,
            -0.6703863143920898,
            -0.012122994288802147
        ],
        [
            -0.40298041701316833,
            -0.67266845703125,
            -0.016980336979031563
        ],
        [
            -0.40849676728248596,
            -0.6757095456123352,
            -0.012111984193325043
        ],
        [
            -0.40829998254776,
            -0.673973798751831,
            -0.008623715490102768
        ],
        [
            -0.40787339210510254,
            -0.6730889678001404,
            -0.0046256668865680695
        ],
        [
            -0.4073987901210785,
            -0.6729722619056702,
            -0.00017731636762619019
        ],
        [
            -0.40309953689575195,
            -0.6699703931808472,
            -0.0014619380235671997
        ],
        [
            -0.4027877151966095,
            -0.6696980595588684,
            -0.006745047867298126
        ],
        [
            -0.4217144846916199,
            -0.679434597492218,
            0.0036553405225276947
        ],
        [
            -0.41864368319511414,
            -0.6805475354194641,
            0.010369598865509033
        ],
        [
            -0.41628381609916687,
            -0.6789438128471375,
            0.008332662284374237
        ],
        [
            -0.41892969608306885,
            -0.6775285601615906,
            0.002948254346847534
        ],
        [
            -0.4051898717880249,
            -0.6805000305175781,
            0.015367858111858368
        ],
        [
            -0.4080691337585449,
            -0.6809370517730713,
            0.014942385256290436
        ],
        [
            -0.40874189138412476,
            -0.681754469871521,
            0.01872897893190384
        ],
        [
            -0.40460994839668274,
            -0.6797300577163696,
            0.01873457059264183
        ],
        [
            -0.4030532240867615,
            -0.6772316098213196,
            0.016186483204364777
        ],
        [
            -0.40449652075767517,
            -0.6788469552993774,
            0.014071200042963028
        ],
        [
            -0.46317318081855774,
            -0.7223365306854248,
            0.005920868366956711
        ],
        [
            -0.4547443389892578,
            -0.706093430519104,
            0.011664573103189468
        ],
        [
            -0.45534878969192505,
            -0.7238503694534302,
            -0.012914963066577911
        ],
        [
            -0.4433909058570862,
            -0.7232609987258911,
            -0.02712091989815235
        ],
        [
            -0.430062472820282,
            -0.7188606262207031,
            -0.03898296505212784
        ],
        [
            -0.3597300350666046,
            -0.6417975425720215,
            -0.02892869897186756
        ],
        [
            -0.34990254044532776,
            -0.6403319835662842,
            -0.032873887568712234
        ],
        [
            -0.3502061069011688,
            -0.6525155901908875,
            -0.043404582887887955
        ],
        [
            -0.33944734930992126,
            -0.649302065372467,
            -0.04427905008196831
        ],
        [
            -0.33965742588043213,
            -0.6365566849708557,
            -0.03286648169159889
        ],
        [
            -0.3209167718887329,
            -0.6271692514419556,
            -0.02265518717467785
        ],
        [
            -0.3298940062522888,
            -0.6315864324569702,
            -0.02963097020983696
        ],
        [
            -0.3281500041484833,
            -0.6462097764015198,
            -0.04302328824996948
        ],
        [
            -0.33005866408348083,
            -0.6639929413795471,
            -0.05537024140357971
        ],
        [
            -0.34083595871925354,
            -0.6635636687278748,
            -0.05367741361260414
        ],
        [
            -0.33498844504356384,
            -0.6832671165466309,
            -0.06199519708752632
        ],
        [
            -0.31716418266296387,
            -0.6660323143005371,
            -0.05614638328552246
        ],
        [
            -0.32821211218833923,
            -0.6894583106040955,
            -0.0624549463391304
        ],
        [
            -0.2951432764530182,
            -0.640644371509552,
            -0.03912562504410744
        ],
        [
            -0.2885422706604004,
            -0.6350288391113281,
            -0.041335709393024445
        ],
        [
            -0.2884633541107178,
            -0.6461567878723145,
            -0.05725090950727463
        ],
        [
            -0.295375257730484,
            -0.6521307229995728,
            -0.0549452118575573
        ],
        [
            -0.35161545872688293,
            -0.663542628288269,
            -0.05102555826306343
        ],
        [
            -0.40465080738067627,
            -0.6993293762207031,
            -0.04467320814728737
        ],
        [
            -0.4098423719406128,
            -0.6920175552368164,
            -0.03693905472755432
        ],
        [
            -0.39325883984565735,
            -0.6932252049446106,
            -0.04930926486849785
        ],
        [
            -0.43798962235450745,
            -0.7529031038284302,
            -0.04683873802423477
        ],
        [
            -0.44333744049072266,
            -0.7382514476776123,
            -0.0367811918258667
        ],
        [
            -0.42999860644340515,
            -0.7318200469017029,
            -0.04682271182537079
        ],
        [
            -0.42696142196655273,
            -0.7462090849876404,
            -0.05549226701259613
        ],
        [
            -0.46156907081604004,
            -0.7739458084106445,
            -0.01454794779419899
        ],
        [
            -0.46661362051963806,
            -0.7473134994506836,
            -0.005384031683206558
        ],
        [
            -0.45740097761154175,
            -0.744087815284729,
            -0.020821139216423035
        ],
        [
            -0.4530818462371826,
            -0.764201819896698,
            -0.029910046607255936
        ],
        [
            -0.4205694794654846,
            -0.7567362785339355,
            -0.062271103262901306
        ],
        [
            -0.411310076713562,
            -0.770791232585907,
            -0.06877545267343521
        ],
        [
            -0.41775915026664734,
            -0.7865285277366638,
            -0.06528563797473907
        ],
        [
            -0.43105369806289673,
            -0.7710043787956238,
            -0.0563749298453331
        ],
        [
            -0.42550259828567505,
            -0.8069757223129272,
            -0.054506219923496246
        ],
        [
            -0.4417223334312439,
            -0.7882430553436279,
            -0.04313986003398895
        ],
        [
            -0.3120248317718506,
            -0.686866044998169,
            -0.06419718265533447
        ],
        [
            -0.323932409286499,
            -0.7027402520179749,
            -0.06520897895097733
        ],
        [
            -0.3048972487449646,
            -0.6580122709274292,
            -0.052325792610645294
        ],
        [
            -0.3019648492336273,
            -0.674185574054718,
            -0.06363175809383392
        ],
        [
            -0.4288097321987152,
            -0.8238004446029663,
            -0.03794252872467041
        ],
        [
            -0.44841495156288147,
            -0.8025994300842285,
            -0.024885855615139008
        ],
        [
            -0.3628460466861725,
            -0.7948310375213623,
            -0.07886455953121185
        ],
        [
            -0.38165566325187683,
            -0.7993040084838867,
            -0.0758528783917427
        ],
        [
            -0.3829328417778015,
            -0.7785443067550659,
            -0.07818127423524857
        ],
        [
