{
    "pred_cam": [
        1.148316502571106,
        0.05185779929161072,
        0.13940158486366272
    ],
    "pred_smpl_params": {
        "global_orient": [
            [
                [
                    0.6817141175270081,
                    0.21414026618003845,
                    -0.6995782852172852
                ],
                [
                    0.2820664346218109,
                    -0.9592116475105286,
                    -0.018750101327896118
                ],
                [
                    -0.6750587821006775,
                    -0.1845453530550003,
                    -0.7143099308013916
                ]
            ]
        ],
        "body_pose": [
            [
                [
                    0.9869832992553711,
                    -0.07944706827402115,
                    0.1398283690214157
                ],
                [
                    0.08119125664234161,
                    0.9966752529144287,
                    -0.006804515607655048
                ],
                [
                    -0.13882288336753845,
                    0.01806878298521042,
                    0.9901522397994995
                ]
            ],
            [
                [
                    0.9952857494354248,
                    0.09189409762620926,
                    0.0310117956250906
                ],
                [
                    -0.08744347840547562,
                    0.9885587692260742,
                    -0.12290332466363907
                ],
                [
                    -0.04195106774568558,
                    0.11961214989423752,
                    0.9919340014457703
                ]
            ],
            [
                [
                    0.9974634647369385,
                    -0.003953147679567337,
                    -0.07107032090425491
                ],
                [
                    0.0025121255312114954,
                    0.9997896552085876,
                    -0.0203540101647377
                ],
                [
                    0.07113583385944366,
                    0.020123843103647232,
                    0.9972636103630066
                ]
            ],
            [
                [
                    0.9939452409744263,
                    0.10026498138904572,
                    0.04494228586554527
                ],
                [
                    -0.08583526313304901,
                    0.9638919234275818,
                    -0.25208061933517456
                ],
                [
                    -0.06859437376260757,
                    0.24669671058654785,
                    0.9666620492935181
                ]
            ],
            [
                [
                    0.9810158610343933,
                    0.12180780619382858,
                    0.15089981257915497
                ],
                [
                    -0.08660923689603806,
                    0.9714043140411377,
                    -0.22107107937335968
                ],
                [
                    -0.17351292073726654,
                    0.20380491018295288,
                    0.9635127186775208
                ]
            ],
            [
                [
                    0.9912313222885132,
                    -0.09424830973148346,
                    -0.09261595457792282
                ],
                [
                    0.08183155208826065,
                    0.9881618618965149,
                    -0.12976790964603424
                ],
                [
                    0.10374996066093445,
                    0.1210511103272438,
                    0.9872094988822937
                ]
            ],
            [
                [
                    0.9958381652832031,
                    -0.015158362686634064,
                    0.08986977487802505
                ],
                [
                    0.011171864345669746,
                    0.9989380836486816,
                    0.04469694569706917
                ],
                [
                    -0.09045188128948212,
                    -0.04350690916180611,
                    0.994949996471405
                ]
            ],
            [
                [
                    0.9959586262702942,
                    0.0001218595280079171,
                    -0.08981286734342575
                ],
                [
                    0.005388702265918255,
                    0.9981164932250977,
                    0.06111101806163788
                ],
                [
                    0.08965113759040833,
                    -0.061348021030426025,
                    0.9940820932388306
                ]
            ],
            [
                [
                    0.9947376251220703,
                    -0.04272710159420967,
                    -0.09312084317207336
                ],
                [
                    0.042317695915699005,
                    0.9990838766098022,
                    -0.0063675781711936
                ],
                [
                    0.09330760687589645,
                    0.0023934096097946167,
                    0.9956344366073608
                ]
            ],
            [
                [
                    0.9800667762756348,
                    -0.005260440520942211,
                    0.19859854876995087
                ],
                [
                    -0.002506694057956338,
                    0.99924236536026,
                    0.03883801028132439
                ],
                [
                    -0.19865238666534424,
                    -0.03856166824698448,
                    0.9793110489845276
                ]
            ],
            [
                [
                    0.9946597814559937,
                    0.04958595708012581,
                    -0.09051639586687088
                ],
                [
                    -0.0481482595205307,
                    0.9986779689788818,
                    0.017999893054366112
                ],
                [
                    0.09128927439451218,
                    -0.013545562513172626,
                    0.995732307434082
                ]
            ],
            [
                [
                    0.9969834685325623,
                    -0.03374435380101204,
                    -0.06989485770463943
                ],
                [
                    0.01926427334547043,
                    0.9799479842185974,
                    -0.19832007586956024
                ],
                [
                    0.07518550008535385,
                    0.19637535512447357,
                    0.9776419997215271
                ]
            ],
            [
                [
                    0.8834645748138428,
                    0.24385473132133484,
                    -0.4000316858291626
                ],
                [
                    -0.23231332004070282,
                    0.9695129990577698,
                    0.07794313877820969
                ],
                [
                    0.4068426787853241,
                    0.024072691798210144,
                    0.9131810665130615
                ]
            ],
            [
                [
                    0.9223702549934387,
                    -0.2997802495956421,
                    0.2436491996049881
                ],
                [
                    0.2688402831554413,
                    0.9510493278503418,
                    0.15241391956806183
                ],
                [
                    -0.27741310000419617,
                    -0.07507934421300888,
                    0.9578126072883606
                ]
            ],
            [
                [
                    0.9921562671661377,
                    -0.08060316741466522,
                    -0.09554602950811386
                ],
                [
                    0.039890505373477936,
                    0.9285361170768738,
                    -0.3690926730632782
                ],
                [
                    0.11846798658370972,
                    0.36238622665405273,
                    0.9244682192802429
                ]
            ],
            [
                [
                    0.3058256208896637,
                    0.6828327178955078,
                    -0.6634833216667175
                ],
                [
                    -0.6727680563926697,
                    0.6480877995491028,
                    0.35688281059265137
                ],
                [
                    0.673686683177948,
                    0.3372265100479126,
                    0.6575899124145508
                ]
            ],
            [
                [
                    0.3853502869606018,
                    -0.7171471118927002,
                    0.580693781375885
                ],
                [
                    0.7726863622665405,
                    0.5947819948196411,
                    0.221788689494133
                ],
                [
                    -0.5044413208961487,
                    0.36322781443595886,
                    0.7833291888237
                ]
            ],
            [
                [
                    -0.5507422685623169,
                    -0.3190470337867737,
                    -0.7712923288345337
                ],
                [
                    0.19054891169071198,
                    0.8516019582748413,
                    -0.4883289635181427
                ],
                [
                    0.8126339912414551,
                    -0.41591233015060425,
                    -0.4082191288471222
                ]
            ],
            [
                [
                    -0.6083105206489563,
                    0.35033851861953735,
                    0.7121946215629578
                ],
                [
                    -0.2724543809890747,
                    0.7506154179573059,
                    -0.6019511222839355
                ],
                [
                    -0.7454708814620972,
                    -0.5602138042449951,
                    -0.36115598678588867
                ]
            ],
            [
                [
                    0.9742265939712524,
                    -0.19364431500434875,
                    -0.11569122225046158
                ],
                [
                    0.21552179753780365,
                    0.9504566192626953,
                    0.2240147888660431
                ],
                [
                    0.06658028811216354,
                    -0.24317513406276703,
                    0.9676946997642517
                ]
            ],
            [
                [
                    0.9725446701049805,
                    0.1860407143831253,
                    0.13980638980865479
                ],
                [
                    -0.218255877494812,
                    0.9376393556594849,
                    0.2705491781234741
                ],
                [
                    -0.08075480908155441,
                    -0.29363468289375305,
                    0.9525006413459778
                ]
            ],
            [
                [
                    0.9826626777648926,
                    0.17498651146888733,
                    -0.06126835569739342
                ],
                [
                    -0.17616789042949677,
                    0.9842548370361328,
                    -0.014400126412510872
                ],
                [
                    0.05778384208679199,
                    0.02494398131966591,
                    0.9980174899101257
                ]
            ],
            [
                [
                    0.9760618209838867,
                    -0.20033122599124908,
                    0.0846799910068512
                ],
                [
                    0.2006491720676422,
                    0.9796512126922607,
                    0.004826552700251341
                ],
                [
                    -0.08392377197742462,
                    0.01227995939552784,
                    0.9963964223861694
                ]
            ]
        ],
        "betas": [
            -0.0773785412311554,
            0.046426922082901,
            0.16313806176185608,
            0.3527933359146118,
            0.10444849729537964,
            -0.07329639047384262,
            -0.007191747426986694,
            0.034036651253700256,
            0.05495288968086243,
            -0.07169672846794128
        ]
    },
    "pred_cam_t": [
        0.05185779929161072,
        0.13940158486366272,
        34.017189025878906
    ],
    "focal_length": [
        5000.0,
        5000.0
    ],
    "pred_keypoints_3d": [
        [
            -0.07713361084461212,
            -0.7675683498382568,
            -0.11541745066642761
        ],
        [
            0.08928080648183823,
            -0.7247860431671143,
            -0.04495159536600113
        ],
        [
            -0.01621737703680992,
            -0.661291241645813,
            0.1154269427061081
        ],
        [
            -0.14846719801425934,
            -0.4481349587440491,
            0.08553098887205124
        ],
        [
            -0.15382905304431915,
            -0.6712162494659424,
            -0.03426017612218857
        ],
        [
            0.1381828933954239,
            -0.6107838749885559,
            -0.1966927945613861
        ],
        [
            -0.02788163721561432,
            -0.41319867968559265,
            -0.21978119015693665
        ],
        [
            -0.06955135613679886,
            -0.6534658670425415,
            -0.17893090844154358
        ],
        [
            -0.0019653053022921085,
            -0.226056769490242,
            0.02718283236026764
        ],
        [
            -0.06355980783700943,
            -0.15820768475532532,
            0.09243343025445938
        ],
        [
            -0.15607976913452148,
            0.1775808334350586,
            0.24708527326583862
        ],
        [
            -0.16798996925354004,
            0.49645960330963135,
            0.482114315032959
        ],
        [
            0.03040061704814434,
            -0.11897635459899902,
            0.00279843807220459
        ],
        [
            0.005076507106423378,
            0.2515476942062378,
            0.03930763527750969
        ],
        [
            -0.0094764344394207,
            0.595915675163269,
            0.23423905670642853
        ],
        [
            -0.0738772600889206,
            -0.821830153465271,
            -0.08664727210998535
        ],
        [
            -0.05576522648334503,
            -0.8130699396133423,
            -0.14982634782791138
        ],
        [
            0.0031038671731948853,
            -0.8564636707305908,
            -0.026312952861189842
        ],
        [
            0.043368950486183167,
            -0.8367082476615906,
            -0.16569484770298004
        ],
        [
            -0.10635792464017868,
            0.7010751962661743,
            0.09209653735160828
        ],
        [
            -0.024923350661993027,
            0.7085183262825012,
            0.11003842949867249
        ],
        [
            0.021353986114263535,
            0.6109107136726379,
            0.2915200889110565
        ],
        [
            -0.29846131801605225,
            0.5967724919319153,
            0.3688976466655731
        ],
        [
            -0.32258427143096924,
            0.5568163394927979,
            0.44317203760147095
        ],
        [
            -0.1386558711528778,
            0.5151275992393494,
            0.5452629327774048
        ],
        [
            -0.16053417325019836,
            0.43634432554244995,
            0.48351597785949707
        ],
        [
            -0.14140866696834564,
            0.11908146739006042,
            0.2179790735244751
        ],
        [
            -0.08935822546482086,
            -0.2987651228904724,
            0.121951624751091
        ],
        [
            0.11465160548686981,
            -0.20237469673156738,
            -0.0575031079351902
        ],
        [
            0.017978720366954803,
            0.20917275547981262,
            0.025603964924812317
        ],
        [
            0.013839788734912872,
            0.5576351881027222,
            0.23433390259742737
        ],
        [
            -0.1250784993171692,
            -0.6621934175491333,
            -0.003519025631248951
        ],
        [
            -0.16281813383102417,
            -0.48980778455734253,
            0.10265280306339264
        ],
        [
            0.005277468357235193,
            -0.6841237545013428,
            0.08076953887939453
        ],
        [
            0.1359746903181076,
            -0.6426453590393066,
            -0.17199750244617462
        ],
        [
            -0.01920413225889206,
            -0.4475342035293579,
            -0.256828248500824
        ],
        [
            -0.04783540964126587,
            -0.643600344657898,
            -0.19097743928432465
        ],
        [
            0.07740508019924164,
            -0.7149348258972168,
            -0.050710901618003845
        ],
        [
            -0.011170265264809132,
            -0.8866002559661865,
            -0.11494970321655273
        ],
        [
            0.012797948904335499,
            -0.2505774199962616,
            0.031293630599975586
        ],
        [
            0.06899405270814896,
            -0.6599539518356323,
            -0.04296610504388809
        ],
        [
            0.08426664769649506,
            -0.48610255122184753,
            0.002038227394223213
        ],
        [
            -0.0009805964073166251,
            -0.7729676961898804,
            -0.09903182834386826
        ],
        [
            -0.013057987205684185,
            -0.9067521095275879,
            -0.11303819715976715
        ]
    ],
    "pred_vertices": [
        [
            -0.0710236132144928,
            -0.8531556129455566,
            -0.1734316498041153
        ],
        [
            -0.0735587626695633,
            -0.8384453058242798,
            -0.16568689048290253
        ],
        [
            -0.06074698269367218,
            -0.83753901720047,
            -0.17360496520996094
        ],
        [
            -0.054340019822120667,
            -0.85024094581604,
            -0.17868489027023315
        ],
        [
            -0.0634353905916214,
            -0.8273321390151978,
            -0.1682741343975067
        ],
        [
            -0.07257582247257233,
            -0.8269942998886108,
            -0.1603841930627823
        ],
        [
            -0.047408998012542725,
            -0.8351867198944092,
            -0.17632074654102325
        ],
        [
            -0.039368078112602234,
            -0.8449499607086182,
            -0.18063151836395264
        ],
        [
            -0.022032976150512695,
            -0.8073810338973999,
            -0.16958025097846985
        ],
        [
            -0.010328397154808044,
            -0.8067364692687988,
            -0.169911190867424
        ],
        [
            -0.016713544726371765,
            -0.8167974352836609,
            -0.17373381555080414
        ],
        [
            -0.026665523648262024,
            -0.8151524066925049,
            -0.1711592823266983
        ],
        [
            -0.00930844247341156,
            -0.7856486439704895,
            -0.16123107075691223
        ],
        [
            -0.015028655529022217,
            -0.7747106552124023,
            -0.15494105219841003
        ],
        [
            -0.0022739768028259277,
            -0.7703460454940796,
            -0.15269486606121063
        ],
        [
            0.004236295819282532,
            -0.7813557386398315,
            -0.15765392780303955
        ],
        [
            -0.05065318942070007,
            -0.7816674113273621,
            -0.133005291223526
        ],
        [
            -0.04570242762565613,
            -0.7753698825836182,
            -0.13645842671394348
        ],
        [
            -0.04641777276992798,
            -0.7812049388885498,
            -0.14158234000205994
        ],
        [
            -0.05096285045146942,
            -0.7869621515274048,
            -0.1371794193983078
        ],
        [
            -0.062134623527526855,
            -0.7890644073486328,
            -0.128150075674057
        ],
        [
            -0.06101351976394653,
            -0.7952540516853333,
            -0.12964335083961487
        ],
        [
            -0.06824521720409393,
            -0.7971985340118408,
            -0.12723417580127716
        ],
        [
            -0.0697227418422699,
            -0.7898728847503662,
            -0.12654946744441986
        ],
        [
            -0.05012001097202301,
            -0.7776482105255127,
            -0.1266431212425232
        ],
        [
            -0.04461188614368439,
            -0.7713857293128967,
            -0.13040630519390106
        ],
        [
            -0.05531705915927887,
            -0.7867538928985596,
            -0.1302768439054489
        ],
        [
            -0.05600748956203461,
            -0.7821663022041321,
            -0.12795454263687134
        ],
        [
            -0.06362663209438324,
            -0.7726291418075562,
            -0.12595723569393158
        ],
        [
            -0.06362941861152649,
            -0.7773613929748535,
            -0.12822404503822327
        ],
        [
            -0.07090497016906738,
            -0.7760513424873352,
            -0.12680745124816895
        ],
        [
            -0.06877090036869049,
            -0.771445095539093,
            -0.12421117722988129
        ],
        [
            -0.054337501525878906,
            -0.7756155133247375,
            -0.12651516497135162
        ],
        [
            -0.05767230689525604,
            -0.7771092653274536,
            -0.1282041072845459
        ],
        [
            -0.05908606946468353,
            -0.7730106115341187,
            -0.1255379319190979
        ],
        [
            -0.05593070387840271,
            -0.7726112604141235,
            -0.12306912243366241
        ],
        [
            -0.06288129091262817,
            -0.7842745780944824,
            -0.1271256059408188
        ],
        [
            -0.07053530216217041,
            -0.7834938764572144,
            -0.12640146911144257
        ],
        [
            -0.07840713858604431,
            -0.7823961973190308,
            -0.12452983856201172
        ],
        [
            -0.07808712124824524,
            -0.773345947265625,
            -0.12416219711303711
        ],
        [
            -0.031255483627319336,
            -0.7646664381027222,
            -0.1420409083366394
        ],
        [
            -0.03911493718624115,
            -0.7697405815124512,
            -0.14000144600868225
        ],
        [
            -0.03897714614868164,
            -0.7660460472106934,
            -0.1341051310300827
        ],
        [
            -0.03284218907356262,
            -0.7617249488830566,
            -0.13650542497634888
        ],
        [
            -0.05132901668548584,
            -0.7711211442947388,
            -0.1227368712425232
        ],
        [
            -0.04419015347957611,
            -0.7569166421890259,
            -0.12250727415084839
        ],
        [
            -0.04576869308948517,
            -0.7600452899932861,
            -0.12372137606143951
        ],
        [
            -0.05139131844043732,
            -0.7599266767501831,
            -0.11918827891349792
        ],
        [
            -0.049581557512283325,
            -0.7569906115531921,
            -0.11862540990114212
        ],
        [
            -0.016317501664161682,
            -0.755059003829956,
            -0.14087295532226562
        ],
        [
            -0.02169211208820343,
            -0.7530341148376465,
            -0.13635364174842834
        ],
        [
            -0.016510412096977234,
            -0.7478868365287781,
            -0.13440044224262238
        ],
        [
            -0.009737908840179443,
            -0.7493802309036255,
            -0.137633815407753
        ],
        [
            -0.014305740594863892,
            -0.7434664368629456,
            -0.1305045783519745
        ],
        [
            -0.004374295473098755,
            -0.7439261078834534,
            -0.13367778062820435
        ],
        [
            -0.002387106418609619,
            -0.7323633432388306,
            -0.12197576463222504
        ],
        [
            -0.002744808793067932,
            -0.737528920173645,
            -0.12762659788131714
        ],
        [
            -0.013802692294120789,
            -0.7388404011726379,
            -0.12562114000320435
        ],
        [
            -0.01642201840877533,
            -0.7337640523910522,
            -0.12010335922241211
        ],
        [
            -0.02887207269668579,
            -0.7360478639602661,
            -0.11218427121639252
        ],
        [
            -0.03239864110946655,
            -0.7346258759498596,
            -0.10706546902656555
        ],
        [
            -0.02453288435935974,
            -0.7242006063461304,
            -0.10788850486278534
        ],
        [
            -0.020979374647140503,
            -0.7279425263404846,
            -0.11364797502756119
        ],
        [
            -0.038409411907196045,
            -0.7536967992782593,
            -0.1195274367928505
        ],
        [
            -0.03475846350193024,
            -0.7544541954994202,
            -0.12255879491567612
        ],
        [
            -0.03720460832118988,
            -0.7546513080596924,
            -0.12374258041381836
        ],
        [
            -0.04171846807003021,
            -0.754767119884491,
            -0.12098681181669235
        ],
        [
            -0.0319434255361557,
            -0.7545509338378906,
            -0.1253029853105545
        ],
        [
            -0.030664116144180298,
            -0.7544593811035156,
            -0.12655943632125854
        ],
        [
            -0.03228110074996948,
            -0.7550603151321411,
            -0.12699180841445923
        ],
        [
            -0.03257748484611511,
            -0.7550801634788513,
            -0.12554582953453064
        ],
        [
            -0.033643364906311035,
            -0.7547458410263062,
            -0.12380556017160416
        ],
        [
            -0.03359384834766388,
            -0.7530263662338257,
            -0.12252387404441833
        ],
        [
            -0.03236767649650574,
            -0.7537440061569214,
            -0.12443440407514572
        ],
        [
            -0.03682465851306915,
            -0.7515454292297363,
            -0.11973050981760025
        ],
        [
            -0.046526432037353516,
            -0.7477433681488037,
            -0.10967154055833817
        ],
        [
            -0.04456619918346405,
            -0.7482693791389465,
            -0.11281546950340271
        ],
        [
            -0.04581214487552643,
            -0.752762496471405,
            -0.11225414276123047
        ],
        [
            -0.04769088327884674,
            -0.7524992823600769,
            -0.10968974977731705
        ],
        [
            -0.03480243682861328,
            -0.7562835216522217,
            -0.12651513516902924
        ],
        [
            -0.03453458845615387,
            -0.7572863698005676,
            -0.12902043759822845
        ],
        [
            -0.039707258343696594,
            -0.758631706237793,
            -0.12710556387901306
        ],
        [
            -0.03851337730884552,
            -0.7567316293716431,
            -0.12508684396743774
        ],
        [
            -0.03414532542228699,
            -0.7587336301803589,
            -0.1319795399904251
        ],
        [
            -0.0314653217792511,
            -0.75612473487854,
            -0.12923318147659302
        ],
        [
            -0.030219867825508118,
            -0.7566062211990356,
            -0.1322842836380005
        ],
        [
            -0.030182376503944397,
            -0.7529464960098267,
            -0.1256256401538849
        ],
        [
            -0.027391433715820312,
            -0.7517344951629639,
            -0.12730790674686432
        ],
        [
            -0.029119685292243958,
            -0.7534958720207214,
            -0.12878698110580444
        ],
        [
            -0.02714279294013977,
            -0.7489756345748901,
            -0.12475840002298355
        ],
        [
            -0.031167462468147278,
            -0.751188337802887,
            -0.12315373122692108
        ],
        [
            -0.03398783504962921,
            -0.7488324642181396,
            -0.12012714147567749
        ],
        [
            -0.03781074285507202,
            -0.7464604377746582,
            -0.11634975671768188
        ],
        [
            -0.03255116939544678,
            -0.7431912422180176,
            -0.11659817397594452
        ],
        [
            -0.029185310006141663,
            -0.7459334135055542,
            -0.12110059708356857
        ],
        [
            -0.03972795605659485,
            -0.7621778845787048,
            -0.12991875410079956
        ],
        [
            -0.025921031832695007,
            -0.7531564235687256,
            -0.13207723200321198
        ],
        [
            -0.02735595405101776,
            -0.7583116292953491,
            -0.1369120478630066
        ],
        [
            -0.02300599217414856,
            -0.7495133876800537,
            -0.13038581609725952
        ],
        [
            -0.021543234586715698,
            -0.7459613680839539,
            -0.12724392116069794
        ],
        [
            -0.022867277264595032,
            -0.7424213886260986,
            -0.12269855290651321
        ],
        [
            -0.025585860013961792,
            -0.7388826012611389,
            -0.11759067326784134
        ],
        [
            -0.01103353500366211,
            -0.7204170823097229,
            -0.1053301990032196
        ],
        [
            -0.007636144757270813,
            -0.725231945514679,
            -0.11333693563938141
        ],
        [
            -0.06781677901744843,
            -0.8213889598846436,
            -0.15575525164604187
        ],
        [
            -0.06228649616241455,
            -0.8211228251457214,
            -0.16303829848766327
        ],
        [
            -0.05484607815742493,
            -0.8163644075393677,
            -0.1599578708410263
        ],
        [
            -0.0553344190120697,
            -0.818240761756897,
            -0.16212846338748932
        ],
        [
            -0.06028828024864197,
            -0.8184695243835449,
            -0.15869398415088654
        ],
        [
            -0.058539628982543945,
            -0.8167025446891785,
            -0.15701501071453094
        ],
        [
            -0.034326374530792236,
            -0.8152048587799072,
            -0.16715483367443085
        ],
        [
            -0.04047843813896179,
            -0.8154543042182922,
            -0.16399312019348145
        ],
        [
            -0.03779695928096771,
            -0.8126071691513062,
            -0.16307991743087769
        ],
        [
            -0.03075648844242096,
            -0.8093379735946655,
            -0.16689567267894745
        ],
        [
            -0.04312834143638611,
            -0.803645133972168,
            -0.15575860440731049
        ],
        [
            -0.03963097929954529,
            -0.8057223558425903,
            -0.15944430232048035
        ],
        [
            -0.045570895075798035,
            -0.810950756072998,
            -0.1581166386604309
        ],
        [
            -0.04824444651603699,
            -0.8094472885131836,
            -0.15558066964149475
        ],
        [
            -0.05093316733837128,
            -0.8085942268371582,
            -0.15243162214756012
        ],
        [
            -0.053591594099998474,
            -0.8084338307380676,
            -0.14877530932426453
        ],
        [
            -0.05068248510360718,
            -0.8040409088134766,
            -0.14748358726501465
        ],
        [
            -0.04709672927856445,
            -0.803368330001831,
            -0.1516016274690628
        ],
        [
            -0.06344394385814667,
            -0.8200645446777344,
            -0.15293551981449127
        ],
        [
            -0.06567829847335815,
            -0.8204418420791626,
            -0.1460270881652832
        ],
        [
            -0.06300674378871918,
            -0.8180660009384155,
            -0.14619986712932587
        ],
        [
            -0.06173112988471985,
            -0.8175771832466125,
            -0.15214863419532776
        ],
        [
            -0.05964772403240204,
            -0.8156903982162476,
            -0.13379958271980286
        ],
        [
            -0.06108748912811279,
            -0.8172131180763245,
            -0.1358964890241623
        ],
        [
            -0.06375274062156677,
            -0.8184488415718079,
            -0.13318966329097748
        ],
        [
            -0.06163540482521057,
            -0.814965546131134,
            -0.13098813593387604
        ],
        [
            -0.059754177927970886,
            -0.8119505643844604,
            -0.1323547661304474
        ],
        [
            -0.05889980494976044,
            -0.8138933181762695,
            -0.134658545255661
        ],
        [
            -0.08068296313285828,
            -0.8745143413543701,
            -0.16948670148849487
        ],
        [
            -0.08322399854660034,
            -0.8564216494560242,
            -0.16381722688674927
        ],
        [
            -0.0621374249458313,
            -0.8719038963317871,
            -0.1792628914117813
        ],
        [
            -0.0455363392829895,
            -0.8654686808586121,
            -0.18257443606853485
        ],
        [
            -0.0297965407371521,
            -0.8559626340866089,
            -0.1840338110923767
        ],
        [
            -0.009572699666023254,
            -0.7611305713653564,
            -0.14668653905391693
        ],
        [
            -0.00017251074314117432,
            -0.7557413578033447,
            -0.14398948848247528
        ],
        [
            0.009952560067176819,
            -0.7665418386459351,
            -0.15002980828285217
        ],
        [
            0.017614945769309998,
            -0.7595124840736389,
            -0.14441396296024323
        ],
        [
            0.006630018353462219,
            -0.7486494183540344,
            -0.13857516646385193
        ],
        [
            0.011082768440246582,
            -0.7342510223388672,
            -0.12152467668056488
        ],
        [
            0.010716184973716736,
            -0.7410062551498413,
            -0.13093289732933044
        ],
        [
            0.024735689163208008,
            -0.7531062364578247,
            -0.13634221255779266
        ],
        [
            0.03574071824550629,
            -0.7697633504867554,
            -0.14270906150341034
        ],
        [
            0.026381030678749084,
            -0.7727502584457397,
            -0.14957062900066376
        ],
        [
            0.04238629341125488,
            -0.7886910438537598,
            -0.14686954021453857
        ],
        [
            0.047107040882110596,
            -0.7668695449829102,
            -0.13414891064167023
        ],
        [
            0.04991823434829712,
            -0.791435182094574,
            -0.14169515669345856
        ],
        [
            0.048703476786613464,
            -0.7352336049079895,
            -0.11450252681970596
        ],
        [
            0.05528120696544647,
            -0.7272632122039795,
            -0.11243046075105667
        ],
        [
            0.0702158659696579,
            -0.7364946007728577,
            -0.11721748113632202
        ],
        [
            0.0631617084145546,
            -0.7448500394821167,
            -0.12121707201004028
        ],
        [
            0.016971305012702942,
            -0.776850700378418,
            -0.1542261838912964
        ],
        [
            -0.013361558318138123,
            -0.8288866877555847,
            -0.1766985058784485
        ],
        [
            -0.024672240018844604,
            -0.8245758414268494,
            -0.17522074282169342
        ],
        [
            -0.004150852560997009,
            -0.8190333843231201,
            -0.17412827908992767
        ],
        [
            -0.01931317150592804,
            -0.8903453350067139,
            -0.1894725263118744
        ],
        [
            -0.03463715314865112,
            -0.8789365291595459,
            -0.18696469068527222
        ],
        [
            -0.02047187089920044,
            -0.8677969574928284,
            -0.18812613189220428
        ],
        [
            -0.008233532309532166,
            -0.8796896934509277,
            -0.18987663090229034
        ],
        [
            -0.04994761943817139,
            -0.9206963777542114,
            -0.17476347088813782
        ],
        [
            -0.06708215177059174,
            -0.8986427783966064,
            -0.17439952492713928
        ],
        [
            -0.05234245955944061,
            -0.8906072378158569,
            -0.1820008009672165
        ],
        [
            -0.037158817052841187,
            -0.9073309302330017,
            -0.18316829204559326
        ],
        [
            0.0033178627490997314,
            -0.8865759372711182,
            -0.18831859529018402
        ],
        [
            0.019728392362594604,
            -0.8960513472557068,
            -0.18510904908180237
        ],
        [
            0.01795300841331482,
            -0.9139882326126099,
            -0.18429936468601227
        ],
        [
            -0.0023904889822006226,
            -0.9040542840957642,
            -0.18820324540138245
        ],
        [
            0.011920779943466187,
            -0.9362081289291382,
            -0.176325723528862
        ],
        [
            -0.013227492570877075,
            -0.9249840974807739,
            -0.1815079301595688
        ],
        [
            0.06281034648418427,
            -0.7826346755027771,
            -0.13276183605194092
        ],
        [
            0.05907642841339111,
            -0.8011883497238159,
            -0.13907942175865173
        ],
        [
            0.05386088043451309,
            -0.7543014287948608,
            -0.12604916095733643
        ],
        [
            0.0680326372385025,
            -0.7674131393432617,
            -0.12696582078933716
        ],
        [
            0.0038783252239227295,
            -0.9540695548057556,
            -0.16209307312965393
        ],
        [
            -0.025474369525909424,
            -0.9420680403709412,
            -0.16947439312934875
        ],
        [
            0.06724274158477783,
            -0.8996105790138245,
            -0.157332181930542
        ],
        [
            0.053994402289390564,
            -0.911621630191803,
            -0.16681785881519318
        ],
        [
            0.047347649931907654,
            -0.8922382593154907,
