{
    "pred_cam": [
        1.146519660949707,
        0.053928621113300323,
        0.1375165581703186
    ],
    "pred_smpl_params": {
        "global_orient": [
            [
                [
                    0.6932874321937561,
                    0.21415436267852783,
                    -0.6881064176559448
                ],
                [
                    0.28161105513572693,
                    -0.9594135284423828,
                    -0.01485989149659872
                ],
                [
                    -0.6633609533309937,
                    -0.18347620964050293,
                    -0.7254575490951538
                ]
            ]
        ],
        "body_pose": [
            [
                [
                    0.9861889481544495,
                    -0.08606299757957458,
                    0.1415083110332489
                ],
                [
                    0.08685550838708878,
                    0.9962207674980164,
                    0.0005779940984211862
                ],
                [
                    -0.14102324843406677,
                    0.011720765382051468,
                    0.9899369478225708
                ]
            ],
            [
                [
                    0.9939785599708557,
                    0.103266142308712,
                    0.03664274141192436
                ],
                [
                    -0.09909384697675705,
                    0.9898760318756104,
                    -0.10161624848842621
                ],
                [
                    -0.04676528647542,
                    0.09737330675125122,
                    0.9941486120223999
                ]
            ],
            [
                [
                    0.9971365928649902,
                    -0.005448852200061083,
                    -0.07542525231838226
                ],
                [
                    0.0032575074583292007,
                    0.999569833278656,
                    -0.02914571389555931
                ],
                [
                    0.07555162161588669,
                    0.02881655842065811,
                    0.9967253804206848
                ]
            ],
            [
                [
                    0.9950695037841797,
                    0.09347505122423172,
                    0.03315189108252525
                ],
                [
                    -0.08224683254957199,
                    0.9645185470581055,
                    -0.25087758898735046
                ],
                [
                    -0.05542639642953873,
                    0.24691399931907654,
                    0.9674510359764099
                ]
            ],
            [
                [
                    0.9798705577850342,
                    0.12089941650629044,
                    0.158860981464386
                ],
                [
                    -0.07600545883178711,
                    0.9617619514465332,
                    -0.263129323720932
                ],
                [
                    -0.1845986545085907,
                    0.24575842916965485,
                    0.9515912532806396
                ]
            ],
            [
                [
                    0.990776002407074,
                    -0.09946812689304352,
                    -0.09202810376882553
                ],
                [
                    0.08722527325153351,
                    0.9878476858139038,
                    -0.12864184379577637
                ],
                [
                    0.1037055179476738,
                    0.11942806094884872,
                    0.9874119162559509
                ]
            ],
            [
                [
                    0.9959203600883484,
                    -0.008661666885018349,
                    0.08981953561306
                ],
                [
                    0.004927307832986116,
                    0.999117374420166,
                    0.041715096682310104
                ],
                [
                    -0.09010158479213715,
                    -0.04110234975814819,
                    0.9950839877128601
                ]
            ],
            [
                [
                    0.9959375262260437,
                    -0.004772130399942398,
                    -0.08992017060518265
                ],
                [
                    0.009787769056856632,
                    0.9984150528907776,
                    0.05542068928480148
                ],
                [
                    0.08951319009065628,
                    -0.05607566237449646,
                    0.9944057464599609
                ]
            ],
            [
                [
                    0.9945282936096191,
                    -0.046364814043045044,
                    -0.09361512213945389
                ],
                [
                    0.04658348858356476,
                    0.998914361000061,
                    0.000150821972056292
                ],
                [
                    0.09350650012493134,
                    -0.0045109158381819725,
                    0.9956084489822388
                ]
            ],
            [
                [
                    0.9798674583435059,
                    -0.0176825150847435,
                    0.19886431097984314
                ],
                [
                    0.010598410852253437,
                    0.9992726445198059,
                    0.03663095831871033
                ],
                [
                    -0.19936740398406982,
                    -0.03378583490848541,
                    0.9793421626091003
                ]
            ],
            [
                [
                    0.9945094585418701,
                    0.055286288261413574,
                    -0.08884993195533752
                ],
                [
                    -0.053826238960027695,
                    0.998374342918396,
                    0.018747257068753242
                ],
                [
                    0.08974195271730423,
                    -0.013861867599189281,
                    0.9958685636520386
                ]
            ],
            [
                [
                    0.9963247179985046,
                    -0.03206176310777664,
                    -0.07943041622638702
                ],
                [
                    0.016561070457100868,
                    0.981911838054657,
                    -0.188613161444664
                ],
                [
                    0.08404093235731125,
                    0.18660448491573334,
                    0.9788340330123901
                ]
            ],
            [
                [
                    0.885057806968689,
                    0.24157097935676575,
                    -0.39788973331451416
                ],
                [
                    -0.22915944457054138,
                    0.9701555371284485,
                    0.07927336543798447
                ],
                [
                    0.40516504645347595,
                    0.021018682047724724,
                    0.914002001285553
                ]
            ],
            [
                [
                    0.9224870204925537,
                    -0.2958625257015228,
                    0.2479577362537384
                ],
                [
                    0.2652871608734131,
                    0.9524989724159241,
                    0.14956092834472656
                ],
                [
                    -0.280428946018219,
                    -0.07218801975250244,
                    0.9571564793586731
                ]
            ],
            [
                [
                    0.9915317296981812,
                    -0.08213306963443756,
                    -0.10059302300214767
                ],
                [
                    0.04164159670472145,
                    0.9347789287567139,
                    -0.35278090834617615
                ],
                [
                    0.12300720810890198,
                    0.34560462832450867,
                    0.9302831292152405
                ]
            ],
            [
                [
                    0.3059258759021759,
                    0.6863811612129211,
                    -0.6597654223442078
                ],
                [
                    -0.673414945602417,
                    0.6458708047866821,
                    0.35967105627059937
                ],
                [
                    0.6729946136474609,
                    0.3342631757259369,
                    0.6598079204559326
                ]
            ],
            [
                [
                    0.3906894028186798,
                    -0.7179893851280212,
                    0.5760669112205505
                ],
                [
                    0.7714373469352722,
                    0.5968183279037476,
                    0.22066330909729004
                ],
                [
                    -0.5022411942481995,
                    0.3581886887550354,
                    0.7870544195175171
                ]
            ],
            [
                [
                    -0.545449435710907,
                    -0.31961318850517273,
                    -0.7748111486434937
                ],
                [
                    0.1943112164735794,
                    0.8510294556617737,
                    -0.4878442883491516
                ],
                [
                    0.8153085708618164,
                    -0.41664889454841614,
                    -0.40208911895751953
                ]
            ],
            [
                [
                    -0.6085293292999268,
                    0.352843314409256,
                    0.710769772529602
                ],
                [
                    -0.2752417325973511,
                    0.7462443709373474,
                    -0.6061034202575684
                ],
                [
                    -0.744267463684082,
                    -0.5644652247428894,
                    -0.3569943904876709
                ]
            ],
            [
                [
                    0.9741284251213074,
                    -0.19614067673683167,
                    -0.11226123571395874
                ],
                [
                    0.21698231995105743,
                    0.9506114721298218,
                    0.2219380885362625
                ],
                [
                    0.06318572163581848,
                    -0.24055491387844086,
                    0.9685767292976379
                ]
            ],
            [
                [
                    0.9728621244430542,
                    0.18887373805046082,
                    0.13366374373435974
                ],
                [
                    -0.21854276955127716,
                    0.9398206472396851,
                    0.26263314485549927
                ],
                [
                    -0.07601545006036758,
                    -0.2847170829772949,
                    0.955592930316925
                ]
            ],
            [
                [
                    0.9827139377593994,
                    0.1753099113702774,
                    -0.05949610844254494
                ],
                [
                    -0.17643965780735016,
                    0.9842081665992737,
                    -0.014256722293794155
                ],
                [
                    0.05605721473693848,
                    0.02450774982571602,
                    0.9981266856193542
                ]
            ],
            [
                [
                    0.976517379283905,
                    -0.19990994036197662,
                    0.0803111270070076
                ],
                [
                    0.20003129541873932,
                    0.9797671437263489,
                    0.006614004727452993
                ],
                [
                    -0.08000840991735458,
                    0.009606046602129936,
                    0.9967479109764099
                ]
            ]
        ],
        "betas": [
            -0.07987987995147705,
            0.022721171379089355,
            0.09703773260116577,
            0.2433880865573883,
            0.11043816804885864,
            -0.07838114351034164,
            -0.0281389057636261,
            0.02422192692756653,
            0.04816766083240509,
            -0.06669485569000244
        ]
    },
    "pred_cam_t": [
        0.053928621113300323,
        0.1375165581703186,
        34.07050323486328
    ],
    "focal_length": [
        5000.0,
        5000.0
    ],
    "pred_keypoints_3d": [
        [
            -0.07948051393032074,
            -0.7678985595703125,
            -0.1130404844880104
        ],
        [
            0.08645252883434296,
            -0.7223063707351685,
            -0.042945750057697296
        ],
        [
            -0.020527809858322144,
            -0.6578539609909058,
            0.11547109484672546
        ],
        [
            -0.1512632966041565,
            -0.44333165884017944,
            0.08483448624610901
        ],
        [
            -0.15756839513778687,
            -0.6668710708618164,
            -0.03471711277961731
        ],
        [
            0.13779601454734802,
            -0.61017906665802,
            -0.19484353065490723
        ],
        [
            -0.026476800441741943,
            -0.41108596324920654,
            -0.22158761322498322
        ],
        [
            -0.07213389873504639,
            -0.6509389877319336,
            -0.18103942275047302
        ],
        [
            -0.0018717790953814983,
            -0.22481538355350494,
            0.027469728142023087
        ],
        [
            -0.06457837671041489,
            -0.15706658363342285,
            0.09201718866825104
        ],
        [
            -0.16745014488697052,
            0.17779719829559326,
            0.242911234498024
        ],
        [
            -0.17959614098072052,
            0.49077412486076355,
            0.48664358258247375
        ],
        [
            0.03139955550432205,
            -0.117750383913517,
            0.003577064722776413
        ],
        [
            0.006811082363128662,
            0.2534857392311096,
            0.037612900137901306
        ],
        [
            -0.0074404701590538025,
            0.600583553314209,
            0.22882594168186188
        ],
        [
            -0.07528480887413025,
            -0.8216838836669922,
            -0.0836143046617508
        ],
        [
            -0.05729289352893829,
            -0.8133841753005981,
            -0.14688368141651154
        ],
        [
            0.002215847373008728,
            -0.8540037870407104,
            -0.022893546149134636
        ],
        [
            0.042263686656951904,
            -0.8352757692337036,
            -0.16237391531467438
        ],
        [
            -0.1030324399471283,
            0.7056294679641724,
            0.08547958731651306
        ],
        [
            -0.021729841828346252,
            0.7123708724975586,
            0.10392314195632935
        ],
        [
            0.023106100037693977,
            0.6159197688102722,
            0.2862546443939209
        ],
        [
            -0.30631834268569946,
            0.5968713164329529,
            0.374563604593277
        ],
        [
            -0.33229395747184753,
            0.555315375328064,
            0.44718414545059204
        ],
        [
            -0.1509806513786316,
            0.5071953535079956,
            0.5509048104286194
        ],
        [
            -0.17302030324935913,
            0.430688738822937,
            0.48657169938087463
        ],
        [
            -0.15150128304958344,
            0.11990151554346085,
            0.2141840010881424
        ],
        [
            -0.09100949764251709,
            -0.29758894443511963,
            0.12140221148729324
        ],
        [
            0.11677957326173782,
            -0.20113268494606018,
            -0.05554155260324478
        ],
        [
            0.019802924245595932,
            0.21098361909389496,
            0.024354204535484314
        ],
        [
            0.01563233509659767,
            0.5622109770774841,
            0.22950221598148346
        ],
        [
            -0.12876617908477783,
            -0.6580094695091248,
            -0.0041907308623194695
        ],
        [
            -0.16596409678459167,
            -0.4849459230899811,
            0.10193683207035065
        ],
        [
            0.001322406344115734,
            -0.6808152198791504,
            0.08147995918989182
        ],
        [
            0.1350509524345398,
            -0.6416588425636292,
            -0.17001217603683472
        ],
        [
            -0.017420317977666855,
            -0.44569599628448486,
            -0.2583395838737488
        ],
        [
            -0.0500849187374115,
            -0.6414414644241333,
            -0.19263267517089844
        ],
        [
            0.07464340329170227,
            -0.712751567363739,
            -0.049041539430618286
        ],
        [
            -0.011132458224892616,
            -0.8855817317962646,
            -0.11101114749908447
        ],
        [
            0.013067137449979782,
            -0.24939757585525513,
            0.0319906547665596
        ],
        [
            0.06650546193122864,
            -0.657757580280304,
            -0.041751034557819366
        ],
        [
            0.08286069333553314,
            -0.4836542010307312,
            0.00288542453199625
        ],
        [
            -0.003292377106845379,
            -0.771609902381897,
            -0.09665581583976746
        ],
        [
            -0.012616366147994995,
            -0.9057884216308594,
            -0.1088186576962471
        ]
    ],
    "pred_vertices": [
        [
            -0.07169215381145477,
            -0.8541158437728882,
            -0.16991138458251953
        ],
        [
            -0.07449144124984741,
            -0.8393778800964355,
            -0.1623571813106537
        ],
        [
            -0.06173327565193176,
            -0.8382934331893921,
            -0.17031057178974152
        ],
        [
            -0.055068984627723694,
            -0.8509440422058105,
            -0.1752207726240158
        ],
        [
            -0.06461897492408752,
            -0.8280705809593201,
            -0.16509059071540833
        ],
        [
            -0.0737496167421341,
            -0.8278266191482544,
            -0.15721596777439117
        ],
        [
            -0.0484592467546463,
            -0.835702657699585,
            -0.17306223511695862
        ],
        [
            -0.04021812975406647,
            -0.8454018831253052,
            -0.17722925543785095
        ],
        [
            -0.023661822080612183,
            -0.8073258996009827,
            -0.16667069494724274
        ],
        [
            -0.011967986822128296,
            -0.8064655065536499,
            -0.16698892414569855
        ],
        [
            -0.01814459264278412,
            -0.8167008757591248,
            -0.17066055536270142
        ],
        [
            -0.02812151610851288,
            -0.8151938319206238,
            -0.16813650727272034
        ],
        [
            -0.011331379413604736,
            -0.7852395176887512,
            -0.15862077474594116
        ],
        [
            -0.01727926731109619,
            -0.7743236422538757,
            -0.15248200297355652
        ],
        [
            -0.004605352878570557,
            -0.7696974873542786,
            -0.15026423335075378
        ],
        [
            0.00212155282497406,
            -0.7806389927864075,
            -0.15505214035511017
        ],
        [
            -0.052792638540267944,
            -0.7816601395606995,
            -0.13049361109733582
        ],
        [
            -0.04796062409877777,
            -0.7753223180770874,
            -0.13401518762111664
        ],
        [
            -0.048551544547080994,
            -0.7812361717224121,
            -0.13906553387641907
        ],
        [
            -0.05299055576324463,
            -0.7870163917541504,
            -0.1345917284488678
        ],
        [
            -0.06410196423530579,
            -0.7892187833786011,
            -0.12551039457321167
        ],
        [
            -0.06286460161209106,
            -0.7954041957855225,
            -0.12692350149154663
        ],
        [
            -0.07004103064537048,
            -0.7974658012390137,
            -0.1244756430387497
        ],
        [
            -0.07165393233299255,
            -0.7901647686958313,
            -0.1238805428147316
        ],
        [
            -0.052335113286972046,
            -0.7775547504425049,
            -0.12417270988225937
        ],
        [
            -0.046945780515670776,
            -0.7712543606758118,
            -0.12800756096839905
        ],
        [
            -0.05734911561012268,
            -0.7867996096611023,
            -0.12769120931625366
        ],
        [
            -0.05812084674835205,
            -0.782196044921875,
            -0.12541498243808746
        ],
        [
            -0.06589889526367188,
            -0.7728102207183838,
            -0.12350580096244812
        ],
        [
            -0.06580618023872375,
            -0.7775692343711853,
            -0.12571664154529572
        ],
        [
            -0.07309935986995697,
            -0.7763918042182922,
            -0.12430000305175781
        ],
        [
            -0.07105396687984467,
            -0.7717083692550659,
            -0.12177067250013351
        ],
        [
            -0.05658330023288727,
            -0.7756106853485107,
            -0.12403734028339386
        ],
        [
            -0.059874340891838074,
            -0.7771896123886108,
            -0.12570036947727203
        ],
        [
            -0.0613669753074646,
            -0.7730928659439087,
            -0.12308178097009659
        ],
        [
            -0.05823153257369995,
            -0.7726011872291565,
            -0.12062579393386841
        ],
        [
            -0.0649375319480896,
            -0.7844386100769043,
            -0.12453402578830719
        ],
        [
            -0.07258793711662292,
            -0.7838075160980225,
            -0.12380272895097733
        ],
        [
            -0.08046767115592957,
            -0.7828515768051147,
            -0.12194086611270905
        ],
        [
            -0.08031587302684784,
            -0.7738030552864075,
            -0.12169826030731201
        ],
        [
            -0.03370165824890137,
            -0.7644484043121338,
            -0.13971075415611267
        ],
        [
            -0.04147838056087494,
            -0.7696290016174316,
            -0.137617290019989
        ],
        [
            -0.04140523076057434,
            -0.7658609747886658,
            -0.1317671537399292
        ],
        [
            -0.03534670174121857,
            -0.7614676356315613,
            -0.13421128690242767
        ],
        [
            -0.05365878343582153,
            -0.7710169553756714,
            -0.12032505124807358
        ],
        [
            -0.046786993741989136,
            -0.7566977739334106,
            -0.12027858942747116
        ],
        [
            -0.04830354452133179,
            -0.7598662376403809,
            -0.12144830822944641
        ],
        [
            -0.053935348987579346,
            -0.7598016858100891,
            -0.1169135719537735
        ],
        [
            -0.05218780040740967,
            -0.7568277716636658,
            -0.11639677733182907
        ],
        [
            -0.01895219087600708,
            -0.7545666694641113,
            -0.13864430785179138
        ],
        [
            -0.024360880255699158,
            -0.7525959014892578,
            -0.13414810597896576
        ],
        [
            -0.01928757131099701,
            -0.7473342418670654,
            -0.1322600543498993
        ],
        [
            -0.01249687373638153,
            -0.7487300634384155,
            -0.13547462224960327
        ],
        [
            -0.01718096435070038,
            -0.7428370714187622,
            -0.1284317970275879
        ],
        [
            -0.007233515381813049,
            -0.7431330680847168,
            -0.1315867304801941
        ],
        [
            -0.005423635244369507,
            -0.7313959002494812,
            -0.12004494667053223
        ],
        [
            -0.005710810422897339,
            -0.7366293668746948,
            -0.12562505900859833
        ],
        [
            -0.016754910349845886,
            -0.7381422519683838,
            -0.12362048774957657
        ],
        [
            -0.019465550780296326,
            -0.7330499887466431,
            -0.11817373335361481
        ],
        [
            -0.031891003251075745,
            -0.7354311943054199,
            -0.11024545878171921
        ],
        [
            -0.03544802963733673,
            -0.7340006828308105,
            -0.1051490530371666
        ],
        [
            -0.027760297060012817,
            -0.7234541773796082,
            -0.10609082877635956
        ],
        [
            -0.024136915802955627,
            -0.7272363901138306,
            -0.1117921769618988
        ],
        [
            -0.04107894003391266,
            -0.7533292174339294,
            -0.11736051738262177
        ],
        [
            -0.037404924631118774,
            -0.7540611624717712,
            -0.1203734278678894
        ],
        [
            -0.03984539210796356,
            -0.7543154358863831,
            -0.12155475467443466
        ],
        [
            -0.04436451196670532,
            -0.7544790506362915,
            -0.11880262196063995
        ],
        [
            -0.03458954393863678,
            -0.754143476486206,
            -0.1231071799993515
        ],
        [
            -0.03331257402896881,
            -0.7540411949157715,
            -0.12436112761497498
        ],
        [
            -0.03491194546222687,
            -0.7546750903129578,
            -0.12478598207235336
        ],
        [
            -0.0352192223072052,
            -0.7546830177307129,
            -0.1233404129743576
        ],
        [
            -0.036294057965278625,
            -0.7543495893478394,
            -0.12160706520080566
        ],
        [
            -0.0362795889377594,
            -0.7526218891143799,
            -0.12035010755062103
        ],
        [
            -0.03503209352493286,
            -0.7533398866653442,
            -0.12225200235843658
        ],
        [
            -0.039544567465782166,
            -0.7511688470840454,
            -0.1175830215215683
        ],
        [
            -0.04934185743331909,
            -0.7473905086517334,
            -0.10759035497903824
        ],
        [
            -0.04736208915710449,
            -0.747933030128479,
            -0.11073172837495804
        ],
        [
            -0.048519864678382874,
            -0.7524322271347046,
            -0.11010691523551941
        ],
        [
            -0.05041702091693878,
            -0.7521668076515198,
            -0.1075424924492836
        ],
        [
            -0.03741374611854553,
            -0.7559356093406677,
            -0.1242871806025505
        ],
        [
            -0.037111908197402954,
            -0.7569736838340759,
            -0.1267789751291275
        ],
        [
            -0.0422603040933609,
            -0.758392333984375,
            -0.1248483955860138
        ],
        [
            -0.04110679030418396,
            -0.7564454078674316,
            -0.12286262214183807
        ],
        [
            -0.03670957684516907,
            -0.7584460973739624,
            -0.1297178417444229
        ],
        [
            -0.03407600522041321,
            -0.7557549476623535,
            -0.1270071417093277
        ],
        [
            -0.0328240692615509,
            -0.7562497854232788,
            -0.13004553318023682
        ],
        [
            -0.03286390006542206,
            -0.7525160312652588,
            -0.12345165759325027
        ],
        [
            -0.030102968215942383,
            -0.7512702941894531,
            -0.1251433789730072
        ],
        [
            -0.03178985416889191,
            -0.7530770897865295,
            -0.12659695744514465
        ],
        [
            -0.029905572533607483,
            -0.7484891414642334,
            -0.1226331815123558
        ],
        [
            -0.033884599804878235,
            -0.75075364112854,
            -0.12100622057914734
        ],
        [
            -0.03675244748592377,
            -0.7484221458435059,
            -0.11801353096961975
        ],
        [
            -0.04063230752944946,
            -0.7460689544677734,
            -0.1142774298787117
        ],
        [
            -0.03543637692928314,
            -0.7427067160606384,
            -0.11457113176584244
        ],
        [
            -0.03200675547122955,
            -0.7454464435577393,
            -0.11902227997779846
        ],
        [
            -0.04221482574939728,
            -0.7619590759277344,
            -0.1276138722896576
        ],
        [
            -0.028589963912963867,
            -0.7527309060096741,
            -0.1298801600933075
        ],
        [
            -0.029917985200881958,
            -0.7579783201217651,
            -0.13464681804180145
        ],
        [
            -0.025755077600479126,
            -0.7490184903144836,
            -0.1282355636358261
        ],
        [
            -0.024371355772018433,
            -0.7454050779342651,
            -0.12514673173427582
        ],
        [
            -0.025760501623153687,
            -0.7418534159660339,
            -0.1206672340631485
        ],
        [
            -0.02854841947555542,
            -0.738286018371582,
            -0.11560893058776855
        ],
        [
            -0.014315813779830933,
            -0.7193825840950012,
            -0.10357749462127686
        ],
        [
            -0.010812878608703613,
            -0.724261999130249,
            -0.11151418089866638
        ],
        [
            -0.06912174820899963,
            -0.8220274448394775,
            -0.1526784896850586
        ],
        [
            -0.06360453367233276,
            -0.8217447996139526,
            -0.15996192395687103
        ],
        [
            -0.05627165734767914,
            -0.8167901039123535,
            -0.15696465969085693
        ],
        [
            -0.05671873688697815,
            -0.8187127113342285,
            -0.15910805761814117
        ],
        [
            -0.06166025996208191,
            -0.818996787071228,
            -0.1556636095046997
        ],
        [
            -0.059953778982162476,
            -0.8171735405921936,
            -0.15401478111743927
        ],
        [
            -0.03579211235046387,
            -0.8153133392333984,
            -0.16414961218833923
        ],
        [
            -0.041943058371543884,
            -0.815632164478302,
            -0.16100671887397766
        ],
        [
            -0.0393088161945343,
            -0.8127249479293823,
            -0.1601262241601944
        ],
        [
            -0.03232738375663757,
            -0.8093826174736023,
            -0.1639629453420639
        ],
        [
            -0.044821903109550476,
            -0.8037892580032349,
            -0.15292997658252716
        ],
        [
            -0.041279345750808716,
            -0.8058432340621948,
            -0.15657812356948853
        ],
        [
            -0.04713328182697296,
            -0.811171293258667,
            -0.15518945455551147
        ],
        [
            -0.0498393177986145,
            -0.8096860647201538,
            -0.15267828106880188
        ],
        [
            -0.05255512893199921,
            -0.8088408708572388,
            -0.1495482325553894
        ],
        [
            -0.05520839989185333,
            -0.808682918548584,
            -0.14589746296405792
        ],
        [
            -0.05238819122314453,
            -0.8042187690734863,
            -0.1446571797132492
        ],
        [
            -0.04881693422794342,
            -0.8035351037979126,
            -0.14878110587596893
        ],
        [
            -0.06479334831237793,
            -0.8205721378326416,
            -0.14988310635089874
        ],
        [
            -0.06702086329460144,
            -0.8208948373794556,
            -0.14297260344028473
        ],
        [
            -0.06442040205001831,
            -0.8184648752212524,
            -0.14317749440670013
        ],
        [
            -0.06315012276172638,
            -0.81803297996521,
            -0.14913788437843323
        ],
        [
            -0.06111721694469452,
            -0.8158347606658936,
            -0.13082005083560944
        ],
        [
            -0.06252741813659668,
            -0.8174141645431519,
            -0.13289296627044678
        ],
        [
            -0.06516455113887787,
            -0.8186562061309814,
            -0.1301773488521576
        ],
        [
            -0.06311827898025513,
            -0.8151108026504517,
            -0.12802672386169434
        ],
        [
            -0.0613044798374176,
            -0.8120814561843872,
            -0.129429891705513
        ],
        [
            -0.060408815741539,
            -0.8140376806259155,
            -0.13170400261878967
        ],
        [
            -0.0808686912059784,
            -0.8756362795829773,
            -0.16567039489746094
        ],
        [
            -0.08380971848964691,
            -0.8574852347373962,
            -0.16026261448860168
        ],
        [
            -0.06242629885673523,
            -0.8727611303329468,
            -0.17551730573177338
        ],
        [
            -0.04595606029033661,
            -0.8660407662391663,
            -0.1789492666721344
        ],
        [
            -0.03040604293346405,
            -0.8562667369842529,
            -0.18046069145202637
        ],
        [
            -0.012086927890777588,
            -0.7605682611465454,
            -0.1443788707256317
        ],
        [
            -0.0028044134378433228,
            -0.7549698352813721,
            -0.1417437344789505
        ],
        [
            0.00754372775554657,
            -0.7656435966491699,
            -0.14762791991233826
        ],
        [
            0.015064999461174011,
            -0.7584249973297119,
            -0.14207999408245087
        ],
        [
            0.0038676410913467407,
            -0.7476968765258789,
            -0.1364172101020813
        ],
        [
            0.008124694228172302,
            -0.7330336570739746,
            -0.11952860653400421
        ],
        [
            0.007835030555725098,
            -0.7398901581764221,
            -0.12885399162769318
        ],
        [
            0.022069573402404785,
            -0.7518410682678223,
            -0.1340404748916626
        ],
        [
            0.033356502652168274,
            -0.7683637142181396,
            -0.14014004170894623
        ],
        [
            0.02407705783843994,
            -0.7715582251548767,
            -0.1470046192407608
        ],
        [
            0.04030326008796692,
            -0.7871881723403931,
            -0.14407280087471008
        ],
        [
            0.044687144458293915,
            -0.7652404308319092,
            -0.13155300915241241
        ],
        [
            0.04785929620265961,
            -0.7897571325302124,
            -0.13887158036231995
        ],
        [
            0.04612176492810249,
            -0.7332773208618164,
            -0.11232361942529678
        ],
        [
            0.05273128300905228,
            -0.725176990032196,
            -0.11034706979990005
        ],
        [
            0.06766030192375183,
            -0.7343336343765259,
            -0.1150100901722908
        ],
        [
            0.06062590330839157,
            -0.7428078055381775,
            -0.11893297731876373
        ],
        [
            0.014760509133338928,
            -0.775864839553833,
            -0.1516377478837967
        ],
        [
            -0.0145491361618042,
            -0.8287507891654968,
            -0.17347069084644318
        ],
        [
            -0.02594253420829773,
            -0.8246430158615112,
            -0.1720566749572754
        ],
        [
            -0.005545333027839661,
            -0.8186931610107422,
            -0.1710299253463745
        ],
        [
            -0.01919744908809662,
            -0.8905580043792725,
            -0.18548178672790527
        ],
        [
            -0.03475514054298401,
            -0.8793894052505493,
            -0.18311607837677002
        ],
        [
            -0.020831063389778137,
            -0.867966890335083,
            -0.18441826105117798
        ],
        [
            -0.008356750011444092,
            -0.8796610832214355,
            -0.1859888732433319
        ],
        [
            -0.04914681613445282,
            -0.9213452339172363,
            -0.17038670182228088
        ],
        [
            -0.06677865982055664,
            -0.8995913863182068,
            -0.17026694118976593
        ],
        [
            -0.05220313370227814,
            -0.8913364410400391,
            -0.17796745896339417
        ],
        [
            -0.03665760159492493,
            -0.9078309535980225,
            -0.17897722125053406
        ],
        [
            0.003347158432006836,
            -0.886298656463623,
            -0.18436284363269806
        ],
        [
            0.019938573241233826,
            -0.8953806161880493,
            -0.18099965155124664
        ],
        [
            0.01857846975326538,
            -0.9133150577545166,
            -0.17988812923431396
        ],
        [
            -0.001970350742340088,
            -0.9039068222045898,
            -0.18396762013435364
        ],
        [
            0.012995809316635132,
            -0.9355111718177795,
            -0.17157208919525146
        ],
        [
            -0.012324094772338867,
            -0.9249163866043091,
            -0.1769562065601349
        ],
        [
            0.06064701825380325,
            -0.7806583642959595,
            -0.1300961822271347
        ],
        [
            0.05720452964305878,
            -0.7992880940437317,
            -0.136237233877182
        ],
        [
            0.05134908854961395,
            -0.752475380897522,
            -0.12363867461681366
        ],
        [
            0.06568044424057007,
            -0.7653749585151672,
            -0.12446550279855728
        ],
        [
            0.005356341600418091,
            -0.9532344341278076,
            -0.15708911418914795
        ],
        [
            -0.02417084574699402,
            -0.9420673847198486,
            -0.16472819447517395
        ],
        [
            0.06731881201267242,
            -0.8976166248321533,
            -0.15310589969158173
        ],
        [
            0.054434001445770264,
            -0.9100137948989868,
            -0.16244441270828247
        ],
        [
            0.04737553000450134,
            -0.8908655047416687,
