{
    "pred_cam": [
        1.5424492359161377,
        0.21624265611171722,
        0.23947113752365112
    ],
    "pred_smpl_params": {
        "global_orient": [
            [
                [
                    -0.6321782469749451,
                    -0.15598762035369873,
                    -0.7589587569236755
                ],
                [
                    0.3576468527317047,
                    -0.9276790618896484,
                    -0.10723917186260223
                ],
                [
                    -0.6873422265052795,
                    -0.33923351764678955,
                    0.6422470211982727
                ]
            ]
        ],
        "body_pose": [
            [
                [
                    0.9984778761863708,
                    -0.047173820436000824,
                    0.028578273952007294
                ],
                [
                    0.029615182429552078,
                    0.8956608176231384,
                    0.44375079870224
                ],
                [
                    -0.046529851853847504,
                    -0.44222891330718994,
                    0.8956945538520813
                ]
            ],
            [
                [
                    0.9963604807853699,
                    0.06501439213752747,
                    -0.055127810686826706
                ],
                [
                    -0.0353727824985981,
                    0.9037753939628601,
                    0.42654284834861755
                ],
                [
                    0.07755458354949951,
                    -0.42304036021232605,
                    0.9027858376502991
                ]
            ],
            [
                [
                    0.9970701932907104,
                    0.06727158278226852,
                    0.036408681422472
                ],
                [
                    -0.039190564304590225,
                    0.8580273985862732,
                    -0.5121065378189087
                ],
                [
                    -0.06568986177444458,
                    0.5091792345046997,
                    0.8581499457359314
                ]
            ],
            [
                [
                    0.9909564256668091,
                    0.11803826689720154,
                    0.06381604075431824
                ],
                [
                    -0.11386401206254959,
                    0.9913336634635925,
                    -0.06551770865917206
                ],
                [
                    -0.07099658995866776,
                    0.0576588399708271,
                    0.9958087801933289
                ]
            ],
            [
                [
                    0.999420702457428,
                    0.02550758607685566,
                    -0.022530678659677505
                ],
                [
                    -0.025855502113699913,
                    0.9995487928390503,
                    -0.015288200229406357
                ],
                [
                    0.02213054709136486,
                    0.015861885622143745,
                    0.9996292591094971
                ]
            ],
            [
                [
                    0.9995465874671936,
                    0.011783851310610771,
                    0.027708863839507103
                ],
                [
                    -0.011329596862196922,
                    0.9997997879981995,
                    -0.01649406924843788
                ],
                [
                    -0.027897680178284645,
                    0.016172660514712334,
                    0.9994799494743347
                ]
            ],
            [
                [
                    0.9805266261100769,
                    0.09902580827474594,
                    0.1695919930934906
                ],
                [
                    -0.08574844151735306,
                    0.9927763938903809,
                    -0.0839180126786232
                ],
                [
                    -0.17667697370052338,
                    0.06774158775806427,
                    0.9819350242614746
                ]
            ],
            [
                [
                    0.9757407903671265,
                    -0.0556979775428772,
                    -0.21172505617141724
                ],
                [
                    0.05123771354556084,
                    0.9983347654342651,
                    -0.026499006897211075
                ],
                [
                    0.2128484696149826,
                    0.01500785630196333,
                    0.9769697785377502
                ]
            ],
            [
                [
                    0.9999027848243713,
                    0.00917038694024086,
                    -0.010503300465643406
                ],
                [
                    -0.009936148300766945,
                    0.997108519077301,
                    -0.07533907890319824
                ],
                [
                    0.009782040491700172,
                    0.07543611526489258,
                    0.997102677822113
                ]
            ],
            [
                [
                    0.9915792346000671,
                    -0.11609311401844025,
                    0.05738458037376404
                ],
                [
                    0.11885211616754532,
                    0.9917868375778198,
                    -0.04725472629070282
                ],
                [
                    -0.05142732709646225,
                    0.05367708578705788,
                    0.9972331523895264
                ]
            ],
            [
                [
                    0.9915558695793152,
                    0.12923306226730347,
                    0.01075698435306549
                ],
                [
                    -0.1288425624370575,
                    0.9911693334579468,
                    -0.03135138005018234
                ],
                [
                    -0.014713629148900509,
                    0.029700689017772675,
                    0.9994505047798157
                ]
            ],
            [
                [
                    0.9713994860649109,
                    -0.019009478390216827,
                    0.23668895661830902
                ],
                [
                    0.04673280566930771,
                    0.9926000237464905,
                    -0.11207713186740875
                ],
                [
                    -0.23280692100524902,
                    0.11993281543254852,
                    0.9650995135307312
                ]
            ],
            [
                [
                    0.894307017326355,
                    0.09380648285150528,
                    -0.43751031160354614
                ],
                [
                    -0.08170721679925919,
                    0.9955735802650452,
                    0.046444449573755264
                ],
                [
                    0.4399305284023285,
                    -0.0057878498919308186,
                    0.8980131149291992
                ]
            ],
            [
                [
                    0.8801023960113525,
                    -0.20761698484420776,
                    0.4269837439060211
                ],
                [
                    0.18959291279315948,
                    0.978190004825592,
                    0.08484560996294022
                ],
                [
                    -0.43528664112091064,
                    0.006280278787016869,
                    0.9002701044082642
                ]
            ],
            [
                [
                    0.9953698515892029,
                    0.06629526615142822,
                    0.0695982500910759
                ],
                [
                    -0.04531637579202652,
                    0.9622243642807007,
                    -0.2684599757194519
                ],
                [
                    -0.08476674556732178,
                    0.2640629708766937,
                    0.9607734084129333
                ]
            ],
            [
                [
                    0.8383980393409729,
                    0.40712225437164307,
                    -0.3624088764190674
                ],
                [
                    -0.364344984292984,
                    0.9131250977516174,
                    0.1829078048467636
                ],
                [
                    0.40539050102233887,
                    -0.021307678893208504,
                    0.9138952493667603
                ]
            ],
            [
                [
                    0.5729491710662842,
                    -0.6524096131324768,
                    0.49607545137405396
                ],
                [
                    0.6232352256774902,
                    0.7398931980133057,
                    0.2532504200935364
                ],
                [
                    -0.5322659015655518,
                    0.16407209634780884,
                    0.830525815486908
                ]
            ],
            [
                [
                    0.8936355710029602,
                    -0.0017726653022691607,
                    -0.4487898647785187
                ],
                [
                    0.05544276535511017,
                    0.9927682280540466,
                    0.10647694021463394
                ],
                [
                    0.4453555643558502,
                    -0.12003371864557266,
                    0.8872712850570679
                ]
            ],
            [
                [
                    0.6100383400917053,
                    0.1796235889196396,
                    0.771743893623352
                ],
                [
                    -0.23863685131072998,
                    0.9703951478004456,
                    -0.037225108593702316
                ],
                [
                    -0.7555830478668213,
                    -0.16145777702331543,
                    0.6348430514335632
                ]
            ],
            [
                [
                    0.9870651364326477,
                    -0.15607737004756927,
                    -0.03663811832666397
                ],
                [
                    0.1552334874868393,
                    0.9875648617744446,
                    -0.02486402541399002
                ],
                [
                    0.04006322845816612,
                    0.01885494776070118,
                    0.9990192651748657
                ]
            ],
            [
                [
                    0.9870250821113586,
                    0.13655993342399597,
                    0.08445630222558975
                ],
                [
                    -0.15137243270874023,
                    0.966819703578949,
                    0.20578168332576752
                ],
                [
                    -0.05355248600244522,
                    -0.21589604020118713,
                    0.9749466776847839
                ]
            ],
            [
                [
                    0.9873825311660767,
                    0.11223027855157852,
                    -0.11171475052833557
                ],
                [
                    -0.09422799944877625,
                    0.9833938479423523,
                    0.15510492026805878
                ],
                [
                    0.12726707756519318,
                    -0.1426212191581726,
                    0.9815611243247986
                ]
            ],
            [
                [
                    0.9841728210449219,
                    -0.1430208384990692,
                    0.10463722795248032
                ],
                [
                    0.1305917501449585,
                    0.9844713807106018,
                    0.11731097847223282
                ],
                [
                    -0.11979027837514877,
                    -0.10178951174020767,
                    0.9875673055648804
                ]
            ]
        ],
        "betas": [
            -0.20871049165725708,
            -0.26496198773384094,
            -0.018489211797714233,
            0.7095096111297607,
            0.2287554144859314,
            0.04399484768509865,
            0.001679450273513794,
            -0.04271411895751953,
            0.09710518270730972,
            0.03483036160469055
        ]
    },
    "pred_cam_t": [
        0.21624265611171722,
        0.23947113752365112,
        25.324981689453125
    ],
    "focal_length": [
        5000.0,
        5000.0
    ],
    "pred_keypoints_3d": [
        [
            -0.39952975511550903,
            -0.6190135478973389,
            0.04670310020446777
        ],
        [
            -0.2340490221977234,
            -0.6571215987205505,
            -0.03283015638589859
        ],
        [
            -0.10609042644500732,
            -0.6463435292243958,
            0.11854687333106995
        ],
        [
            -0.056538328528404236,
            -0.4447582960128784,
            0.2561574876308441
        ],
        [
            -0.2339189499616623,
            -0.3114098906517029,
            0.3706265985965729
        ],
        [
            -0.3074326813220978,
            -0.5123392343521118,
            -0.1318979561328888
        ],
        [
            -0.40581271052360535,
            -0.27654212713241577,
            -0.1311248242855072
        ],
        [
            -0.5358368158340454,
            -0.1088888943195343,
            -0.009751789271831512
        ],
        [
            -0.002236498985439539,
            -0.22818288207054138,
            0.02803366631269455
        ],
        [
            0.05727251246571541,
            -0.1683134287595749,
            0.10163086652755737
        ],
        [
            0.036488451063632965,
            0.10789324343204498,
            0.3514566421508789
        ],
        [
            0.012351050972938538,
            0.43094944953918457,
            0.5644078850746155
        ],
        [
            -0.026246560737490654,
            -0.11877328902482986,
            0.007466880604624748
        ],
        [
            -0.12491666525602341,
            0.1849207878112793,
            0.1837945580482483
        ],
        [
            -0.12385760247707367,
            0.49779218435287476,
            0.41212916374206543
        ],
        [
            -0.3997322618961334,
            -0.675990104675293,
            0.06978368759155273
        ],
        [
            -0.42427659034729004,
            -0.6602627635002136,
            0.00968686118721962
        ],
        [
            -0.3224746584892273,
            -0.7489681243896484,
            0.06874051690101624
        ],
        [
            -0.3790398836135864,
            -0.7131227254867554,
            -0.06693871319293976
        ],
        [
            -0.2964923679828644,
            0.4913676977157593,
            0.516895592212677
        ],
        [
            -0.2814610004425049,
            0.542713463306427,
            0.4523579478263855
        ],
        [
            -0.07462005317211151,
            0.5463731288909912,
            0.410685658454895
        ],
        [
            -0.1120540201663971,
            0.37359151244163513,
            0.7093833088874817
        ],
        [
            -0.024196751415729523,
            0.37784042954444885,
            0.7229385375976562
        ],
        [
            0.04412961006164551,
            0.4941725730895996,
            0.5572589039802551
        ],
        [
            0.0510505735874176,
            0.39930886030197144,
            0.5300095677375793
        ],
        [
            0.04056403785943985,
            0.05672529339790344,
            0.31001973152160645
        ],
        [
            0.10037693381309509,
            -0.3093803822994232,
            0.1062416136264801
        ],
        [
            -0.06985116750001907,
            -0.18777385354042053,
            -0.09970968216657639
        ],
        [
            -0.12404071539640427,
            0.15406085550785065,
            0.15344998240470886
        ],
        [
            -0.10299184918403625,
            0.48483121395111084,
            0.37751439213752747
        ],
        [
            -0.24523964524269104,
            -0.34303033351898193,
            0.35277968645095825
        ],
        [
            -0.07333335280418396,
            -0.47503983974456787,
            0.27373334765434265
        ],
        [
            -0.13477297127246857,
            -0.6591958999633789,
            0.08745689690113068
        ],
        [
            -0.3035208284854889,
            -0.5509364008903503,
            -0.13204409182071686
        ],
        [
            -0.43743473291397095,
            -0.310355544090271,
            -0.1281454861164093
        ],
        [
            -0.5444513559341431,
            -0.12847691774368286,
            -0.007650180719792843
        ],
        [
            -0.23924918472766876,
            -0.647138237953186,
            -0.025416305288672447
        ],
        [
            -0.4025203585624695,
            -0.7506237030029297,
            0.012487217783927917
        ],
        [
            0.015033705160021782,
            -0.24858379364013672,
            0.0030272817239165306
        ],
        [
            -0.21424175798892975,
            -0.6025664210319519,
            -0.020479051396250725
        ],
        [
            -0.08053599298000336,
            -0.4739925265312195,
            -0.03997200354933739
        ],
        [
            -0.338545024394989,
            -0.6549705266952515,
            0.007910451851785183
        ],
        [
            -0.41029006242752075,
            -0.7695975303649902,
            0.014683942310512066
        ]
    ],
    "pred_vertices": [
        [
            -0.4646783471107483,
            -0.6880530714988708,
            0.006101623177528381
        ],
        [
            -0.4557262063026428,
            -0.6744508147239685,
            0.01203540712594986
        ],
        [
            -0.4516894817352295,
            -0.6765552759170532,
            -0.0019974075257778168
        ],
        [
            -0.456740140914917,
            -0.6888817548751831,
            -0.009062260389328003
        ],
        [
            -0.446817547082901,
            -0.6668855547904968,
            0.0024578608572483063
        ],
        [
            -0.4479471445083618,
            -0.6653237342834473,
            0.01408427581191063
        ],
        [
            -0.4438069462776184,
            -0.6783106923103333,
            -0.013240840286016464
        ],
        [
            -0.44532689452171326,
            -0.6892605423927307,
            -0.02104908600449562
        ],
        [
            -0.41221925616264343,
            -0.662406325340271,
            -0.02720002643764019
        ],
        [
            -0.40545937418937683,
            -0.665284276008606,
            -0.03528641164302826
        ],
        [
            -0.41561970114707947,
            -0.6723529696464539,
            -0.03263739496469498
        ],
        [
            -0.419258177280426,
            -0.6678747534751892,
            -0.02451358549296856
        ],
        [
            -0.39064842462539673,
            -0.6483415365219116,
            -0.03097168169915676
        ],
        [
            -0.38621413707733154,
            -0.6376145482063293,
            -0.023485563695430756
        ],
        [
            -0.3749402165412903,
            -0.638267993927002,
            -0.030674148350954056
        ],
        [
            -0.37809091806411743,
            -0.6496677398681641,
            -0.03785257041454315
        ],
        [
            -0.3980419337749481,
            -0.6371347904205322,
            0.016843050718307495
        ],
        [
            -0.39453691244125366,
            -0.6322859525680542,
            0.01071598008275032
        ],
        [
            -0.40057986974716187,
            -0.6362909078598022,
            0.007682867348194122
        ],
        [
            -0.40305066108703613,
            -0.6410241723060608,
            0.014186568558216095
        ],
        [
            -0.405607134103775,
            -0.6413075923919678,
            0.028483517467975616
        ],
        [
            -0.4082634449005127,
            -0.6470056176185608,
            0.026798266917467117
        ],
        [
            -0.4124540388584137,
            -0.646713137626648,
            0.03361982852220535
        ],
        [
            -0.4101981222629547,
            -0.6396473050117493,
            0.03477773815393448
        ],
        [
            -0.3921806514263153,
            -0.6348151564598083,
            0.021213669329881668
        ],
        [
            -0.38832560181617737,
            -0.6300945281982422,
            0.01458236575126648
        ],
        [
            -0.4013863503932953,
            -0.64091956615448,
            0.022272270172834396
        ],
        [
            -0.3987959027290344,
            -0.636878490447998,
            0.024288412183523178
        ],
        [
            -0.39935314655303955,
            -0.6260300874710083,
            0.030338522046804428
        ],
        [
            -0.40264126658439636,
            -0.6297993659973145,
            0.02886597439646721
        ],
        [
            -0.4062519669532776,
            -0.626246988773346,
            0.03459080681204796
        ],
        [
            -0.4011658728122711,
            -0.6234511733055115,
            0.034954145550727844
        ],
        [
            -0.3944524824619293,
            -0.631597638130188,
            0.023923106491565704
        ],
        [
            -0.39850205183029175,
            -0.6314408779144287,
            0.02479216828942299
        ],
        [
            -0.39617133140563965,
            -0.6278476715087891,
            0.027538668364286423
        ],
        [
            -0.39219123125076294,
            -0.6290082931518555,
            0.02745513990521431
        ],
        [
            -0.40390920639038086,
            -0.6365517973899841,
            0.029490601271390915
        ],
        [
            -0.4084393382072449,
            -0.6332479119300842,
            0.035069867968559265
        ],
        [
            -0.41217318177223206,
            -0.6298813223838806,
            0.041576530784368515
        ],
        [
            -0.4081728160381317,
            -0.621941089630127,
            0.04123649001121521
        ],
        [
            -0.384421169757843,
            -0.6256827116012573,
            -0.0033629462122917175
        ],
        [
            -0.3903166949748993,
            -0.6282762289047241,
            0.0034907907247543335
        ],
        [
            -0.38487762212753296,
            -0.6260010004043579,
            0.007789097726345062
        ],
        [
            -0.38075903058052063,
            -0.623348593711853,
            0.001668095588684082
        ],
        [
            -0.38821515440940857,
            -0.6291542649269104,
            0.024706099182367325
        ],
        [
            -0.3773914873600006,
            -0.6182076334953308,
            0.019573219120502472
        ],
        [
            -0.3805757761001587,
            -0.6204275488853455,
            0.019822467118501663
        ],
        [
            -0.3814516067504883,
            -0.6193709373474121,
            0.026954472064971924
        ],
        [
            -0.3785848617553711,
            -0.6172823905944824,
            0.026093415915966034
        ],
        [
            -0.37044769525527954,
            -0.6218101382255554,
            -0.013188142329454422
        ],
        [
            -0.3701641261577606,
            -0.6188093423843384,
            -0.006376810371875763
        ],
        [
            -0.3636414110660553,
            -0.616314172744751,
            -0.00858340784907341
        ],
        [
            -0.3621143698692322,
            -0.6194846630096436,
            -0.015311045572161674
        ],
        [
            -0.3579239845275879,
            -0.613813042640686,
            -0.007046163082122803
        ],
        [
            -0.3541184961795807,
            -0.6169919371604919,
            -0.015708064660429955
        ],
        [
            -0.34010225534439087,
            -0.6096735596656799,
            -0.008567161858081818
        ],
        [
            -0.3464476764202118,
            -0.6129559278488159,
            -0.012425834313035011
        ],
        [
            -0.35241246223449707,
            -0.6108570694923401,
            -0.003745604306459427
        ],
        [
            -0.34821805357933044,
            -0.6065918207168579,
            0.0019158534705638885
        ],
        [
            -0.3521193861961365,
            -0.6060656905174255,
            0.016009796410799026
        ],
        [
            -0.3506337106227875,
            -0.6046011447906494,
            0.0223190039396286
        ],
        [
            -0.3416164815425873,
            -0.597476065158844,
            0.01600746437907219
        ],
        [
            -0.34458455443382263,
            -0.6010404229164124,
            0.009448230266571045
        ],
        [
            -0.37007513642311096,
            -0.6177393794059753,
            0.017834745347499847
        ],
        [
            -0.36994796991348267,
            -0.6188479065895081,
            0.013125091791152954
        ],
        [
            -0.37248632311820984,
            -0.6179764270782471,
            0.013811681419610977
        ],
        [
            -0.37373071908950806,
            -0.6172804236412048,
            0.01891348510980606
        ],
        [
            -0.3700622618198395,
            -0.6190062165260315,
            0.008954588323831558
        ],
        [
            -0.3700699210166931,
            -0.619020402431488,
            0.007121797651052475
        ],
        [
            -0.37166112661361694,
            -0.618955135345459,
            0.007907465100288391
        ],
        [
            -0.37094101309776306,
            -0.6190965175628662,
            0.009138267487287521
        ],
        [
            -0.37030524015426636,
            -0.6189321279525757,
            0.01120089367032051
        ],
        [
            -0.3686150312423706,
            -0.6178135275840759,
            0.012166965752840042
        ],
        [
            -0.3693925142288208,
            -0.6184237003326416,
            0.009942527860403061
        ],
        [
            -0.3683062195777893,
            -0.6160730719566345,
            0.016406316310167313
        ],
        [
            -0.36704468727111816,
            -0.6115908622741699,
            0.03051244094967842
        ],
        [
            -0.3676958382129669,
            -0.6120020151138306,
            0.026757918298244476
        ],
        [
            -0.3700089156627655,
            -0.615909218788147,
            0.02820299193263054
        ],
        [
            -0.36969491839408875,
            -0.6157490611076355,
            0.03138251602649689
        ],
        [
            -0.37367403507232666,
            -0.6192929744720459,
            0.010027684271335602
        ],
        [
            -0.37537693977355957,
            -0.6200445890426636,
            0.008120942860841751
        ],
        [
            -0.37804216146469116,
            -0.620241641998291,
            0.013194136321544647
        ],
        [
            -0.375156968832016,
            -0.6191949844360352,
            0.013781901448965073
        ],
        [
            -0.37769484519958496,
            -0.6208367943763733,
            0.005561791360378265
        ],
        [
            -0.3731063902378082,
            -0.6196902394294739,
            0.0057448409497737885
        ],
        [
            -0.37452855706214905,
            -0.6199665069580078,
            0.002619381994009018
        ],
        [
            -0.36846935749053955,
            -0.618145227432251,
            0.007484942674636841
        ],
        [
            -0.3673678934574127,
            -0.6175998449325562,
            0.004208371043205261
        ],
        [
            -0.3702305853366852,
            -0.6182258129119873,
            0.004295997321605682
        ],
        [
            -0.3643041253089905,
            -0.6158180832862854,
            0.005971148610115051
        ],
        [
            -0.366604745388031,
            -0.6169134378433228,
            0.01003589853644371
        ],
        [
            -0.36548537015914917,
            -0.6145473122596741,
            0.014120291918516159
        ],
        [
            -0.36464065313339233,
            -0.6118993759155273,
            0.01938769593834877
        ],
        [
            -0.3600459098815918,
            -0.610621452331543,
            0.015499841421842575
        ],
        [
            -0.3618663251399994,
            -0.6132603883743286,
            0.010023638606071472
        ],
        [
            -0.38141143321990967,
            -0.6228899359703064,
            0.011310867965221405
        ],
        [
            -0.3701695203781128,
            -0.6183137893676758,
            -0.00035442039370536804
        ],
        [
            -0.37616032361984253,
            -0.6216415762901306,
            -0.0026475079357624054
        ],
        [
            -0.365783154964447,
            -0.6162599921226501,
            -0.0011788047850131989
        ],
        [
            -0.36135971546173096,
            -0.6142939329147339,
            0.0002133883535861969
        ],
        [
            -0.35754308104515076,
            -0.6117580533027649,
            0.0045075565576553345
        ],
        [
            -0.35456016659736633,
            -0.6086874008178711,
            0.009898096323013306
        ],
        [
            -0.32925304770469666,
            -0.5995961427688599,
            0.008629843592643738
        ],
        [
            -0.3345058560371399,
            -0.6035410761833191,
            0.0008011460304260254
        ],
        [
            -0.4394647181034088,
            -0.6634668707847595,
            0.014063805341720581
        ],
        [
            -0.440327525138855,
            -0.6629438400268555,
            0.0049306415021419525
        ],
        [
            -0.4316900074481964,
            -0.6613292098045349,
            0.0019212663173675537
        ],
        [
            -0.4339178204536438,
            -0.6624677181243896,
            0.0007445625960826874
        ],
        [
            -0.43524491786956787,
            -0.66219562292099,
            0.006701551377773285
        ],
        [
            -0.4323068857192993,
            -0.660883903503418,
            0.006592985242605209
        ],
        [
            -0.42187175154685974,
            -0.6660365462303162,
            -0.016932308673858643
        ],
        [
            -0.42411234974861145,
            -0.6646162271499634,
            -0.010623887181282043
        ],
        [
            -0.42037686705589294,
            -0.66331946849823,
            -0.011704746633768082
        ],
        [
            -0.4168831706047058,
            -0.6618771553039551,
            -0.019328832626342773
        ],
        [
            -0.4157146215438843,
            -0.655146062374115,
            -0.003405444324016571
        ],
        [
            -0.4164530336856842,
            -0.6573833227157593,
            -0.008258454501628876
        ],
        [
            -0.42191341519355774,
            -0.6601574420928955,
            -0.0031693577766418457
        ],
        [
            -0.4214896857738495,
            -0.6584545373916626,
            0.0003207288682460785
        ],
        [
            -0.4208533763885498,
            -0.6576237678527832,
            0.004306167364120483
        ],
        [
            -0.42020493745803833,
            -0.6575708389282227,
            0.008722689002752304
        ],
        [
            -0.4158027470111847,
            -0.6547722816467285,
            0.007290314882993698
        ],
        [
            -0.4156884253025055,
            -0.6544756293296814,
            0.001999787986278534
        ],
        [
            -0.43466079235076904,
            -0.6633343696594238,
            0.013116564601659775
        ],
        [
            -0.43138718605041504,
            -0.6646596193313599,
            0.019679035991430283
        ],
        [
            -0.42902234196662903,
            -0.6631472110748291,
            0.017570137977600098
        ],
        [
            -0.43180567026138306,
            -0.6615498661994934,
            0.012310061603784561
        ],
        [
            -0.4177451729774475,
            -0.6653196811676025,
            0.024161122739315033
        ],
        [
            -0.4206576645374298,
            -0.6656107306480408,
            0.023844297975301743
        ],
        [
            -0.4212193489074707,
            -0.6664278507232666,
            0.027663521468639374
        ],
        [
            -0.41699159145355225,
            -0.6646082997322083,
            0.027514252811670303
        ],
        [
            -0.4154101312160492,
            -0.6621565818786621,
            0.024909842759370804
        ],
        [
            -0.41701364517211914,
            -0.6636797785758972,
            0.022847037762403488
        ],
        [
            -0.4780603051185608,
            -0.7041391730308533,
            0.016866449266672134
        ],
        [
            -0.4685637950897217,
            -0.6883963942527771,
            0.022274643182754517
        ],
        [
            -0.4710879325866699,
            -0.7059197425842285,
            -0.0022708773612976074
        ],
        [
            -0.4596893787384033,
            -0.7058734893798828,
            -0.01693049445748329
        ],
        [
            -0.446647584438324,
            -0.7020666003227234,
            -0.029320139437913895
        ],
        [
            -0.37227538228034973,
            -0.6285731196403503,
            -0.021853692829608917
        ],
        [
            -0.36253783106803894,
            -0.6275692582130432,
            -0.026201436296105385
        ],
        [
            -0.3638734817504883,
            -0.6396955251693726,
            -0.03677324950695038
        ],
        [
            -0.352986603975296,
            -0.6369859576225281,
            -0.03809494897723198
        ],
        [
            -0.3521220088005066,
            -0.6242957711219788,
            -0.026604214683175087
        ],
        [
            -0.33260542154312134,
            -0.6158520579338074,
            -0.017157910391688347
        ],
        [
            -0.34200841188430786,
            -0.6198291182518005,
            -0.02375936321914196
        ],
        [
            -0.3414817452430725,
            -0.6344645619392395,
            -0.03730174899101257
        ],
        [
            -0.34471526741981506,
            -0.6521087884902954,
            -0.04961585998535156
        ],
        [
            -0.3554757237434387,
            -0.6511682868003845,
            -0.047510094940662384
        ],
        [
            -0.3508346378803253,
            -0.6711078882217407,
            -0.056088823825120926
        ],
        [
            -0.3319176435470581,
            -0.6547813415527344,
            -0.05105062201619148
        ],
        [
            -0.3443475067615509,
            -0.6776309013366699,
            -0.056915514171123505
        ],
        [
            -0.3081381022930145,
            -0.6304259896278381,
            -0.035066328942775726
        ],
        [
            -0.30142682790756226,
            -0.6251614689826965,
            -0.03759533166885376
        ],
        [
            -0.30206045508384705,
            -0.6364068984985352,
            -0.05345037579536438
        ],
        [
            -0.309251070022583,
            -0.6419366002082825,
            -0.050845466554164886
        ],
        [
            -0.3661489188671112,
            -0.6506075263023376,
            -0.04439174383878708
        ],
        [
            -0.4205661714076996,
            -0.6837514638900757,
            -0.036005206406116486
        ],
        [
            -0.4250853657722473,
            -0.6762436628341675,
            -0.028047500178217888
        ],
        [
            -0.40907952189445496,
            -0.6781622171401978,
            -0.04111754521727562
        ],
        [
            -0.45658978819847107,
            -0.7355766892433167,
            -0.03693113103508949
        ],
        [
            -0.46072763204574585,
            -0.7207643389701843,
            -0.02659202739596367
        ],
        [
            -0.44753405451774597,
            -0.714945375919342,
            -0.03715543821454048
        ],
        [
            -0.4455905258655548,
            -0.7294057011604309,
            -0.045980535447597504
        ],
        [
            -0.47988587617874146,
            -0.7555758953094482,
            -0.003784455358982086
        ],
        [
            -0.4831961989402771,
            -0.7288094758987427,
            0.005677483975887299
        ],
        [
            -0.47446638345718384,
            -0.7259904742240906,
            -0.01009824126958847
        ],
        [
            -0.47154515981674194,
            -0.7461991310119629,
            -0.019427064806222916
        ],
        [
            -0.4400298595428467,
            -0.7401961088180542,
            -0.053021468222141266
        ],
        [
            -0.4317728281021118,
            -0.754636824131012,
            -0.059970639646053314
        ],
        [
            -0.43893566727638245,
            -0.7700238823890686,
            -0.05625293776392937
        ],
        [
            -0.45098888874053955,
            -0.7538949847221375,
            -0.046781908720731735
        ],
        [
            -0.447302907705307,
            -0.7901085615158081,
            -0.04529000446200371
        ],
        [
            -0.46204665303230286,
            -0.7706766724586487,
            -0.033205728977918625
        ],
        [
            -0.32801997661590576,
            -0.6758488416671753,
            -0.05930923670530319
        ],
        [
            -0.34078842401504517,
            -0.6910897493362427,
            -0.05986395105719566
        ],
        [
            -0.31905579566955566,
            -0.6473318338394165,
            -0.04782535880804062
        ],
        [
            -0.3171687424182892,
            -0.6637024879455566,
            -0.059135664254426956
        ],
        [
            -0.4508676826953888,
            -0.8068768978118896,
            -0.028638415038585663
        ],
        [
            -0.4687195420265198,
            -0.7847633957862854,
            -0.014697350561618805
        ],
        [
            -0.38503533601760864,
            -0.7810408473014832,
            -0.07204321026802063
        ],
        [
            -0.4039292335510254,
            -0.7845408320426941,
            -0.06835372745990753
        ],
        [
            -0.404213011264801,
            -0.7637515664100647,
            -0.07050447911024094
        ],
        [
