{
    "pred_cam": [
        1.1117278337478638,
        0.04391121864318848,
        0.12690940499305725
    ],
    "pred_smpl_params": {
        "global_orient": [
            [
                [
                    0.7975786924362183,
                    0.20584668219089508,
                    -0.5670056343078613
                ],
                [
                    0.2677074074745178,
                    -0.96312415599823,
                    0.026916485279798508
                ],
                [
                    -0.5405561923980713,
                    -0.17325963079929352,
                    -0.8232739567756653
                ]
            ]
        ],
        "body_pose": [
            [
                [
                    0.9774729609489441,
                    -0.1807256042957306,
                    0.10901786386966705
                ],
                [
                    0.17699378728866577,
                    0.983269214630127,
                    0.04306872934103012
                ],
                [
                    -0.11497752368450165,
                    -0.022803030908107758,
                    0.9931063652038574
                ]
            ],
            [
                [
                    0.9889401197433472,
                    0.11868772655725479,
                    0.0889420211315155
                ],
                [
                    -0.1084025427699089,
                    0.9876978397369385,
                    -0.11270256340503693
                ],
                [
                    -0.10122425109148026,
                    0.10181454569101334,
                    0.9896400570869446
                ]
            ],
            [
                [
                    0.9970029592514038,
                    -0.017982127144932747,
                    -0.07524365186691284
                ],
                [
                    0.015938954427838326,
                    0.9994900822639465,
                    -0.027667135000228882
                ],
                [
                    0.07570280134677887,
                    0.02638491429388523,
                    0.9967811703681946
                ]
            ],
            [
                [
                    0.9978340864181519,
                    0.031731367111206055,
                    -0.05762113258242607
                ],
                [
                    -0.04377510026097298,
                    0.9741535186767578,
                    -0.22160470485687256
                ],
                [
                    0.04910001903772354,
                    0.2236471176147461,
                    0.9734326004981995
                ]
            ],
            [
                [
                    0.9580255150794983,
                    0.1765330284833908,
                    0.22588302195072174
                ],
                [
                    -0.04871195927262306,
                    0.8767008185386658,
                    -0.4785633981227875
                ],
                [
                    -0.2825140357017517,
                    0.44747278094291687,
                    0.8485010266304016
                ]
            ],
            [
                [
                    0.9889501333236694,
                    -0.12145659327507019,
                    -0.08500540256500244
                ],
                [
                    0.10978201031684875,
                    0.9853314757347107,
                    -0.13065142929553986
                ],
                [
                    0.09962697327136993,
                    0.11987568438053131,
                    0.9877774715423584
                ]
            ],
            [
                [
                    0.9944945573806763,
                    0.0721723735332489,
                    0.07597136497497559
                ],
                [
                    -0.07356315851211548,
                    0.9971675276756287,
                    0.015666954219341278
                ],
                [
                    -0.07462544739246368,
                    -0.021169397979974747,
                    0.9969869256019592
                ]
            ],
            [
                [
                    0.996738076210022,
                    -0.04869190603494644,
                    -0.06436021625995636
                ],
                [
                    0.05483972653746605,
                    0.9937244057655334,
                    0.09749051928520203
                ],
                [
                    0.05920931696891785,
                    -0.10070201754570007,
                    0.9931532144546509
                ]
            ],
            [
                [
                    0.9942817091941833,
                    -0.0530192069709301,
                    -0.0926981270313263
                ],
                [
                    0.055209968239068985,
                    0.9982490539550781,
                    0.021228844299912453
                ],
                [
                    0.09141027927398682,
                    -0.02622530795633793,
                    0.9954679608345032
                ]
            ],
            [
                [
                    0.9663820862770081,
                    -0.1433800756931305,
                    0.21341940760612488
                ],
                [
                    0.11703863739967346,
                    0.9843988418579102,
                    0.13138052821159363
                ],
                [
                    -0.22892718017101288,
                    -0.10198546946048737,
                    0.9680864214897156
                ]
            ],
            [
                [
                    0.992204487323761,
                    0.10245818644762039,
                    -0.07094033807516098
                ],
                [
                    -0.09646711498498917,
                    0.9918463230133057,
                    0.08327657729387283
                ],
                [
                    0.07889427244663239,
                    -0.07578398287296295,
                    0.9939982295036316
                ]
            ],
            [
                [
                    0.9976776242256165,
                    -0.06172342970967293,
                    -0.028801122680306435
                ],
                [
                    0.06057116761803627,
                    0.9973900318145752,
                    -0.039297934621572495
                ],
                [
                    0.031151553615927696,
                    0.037462152540683746,
                    0.9988123774528503
                ]
            ],
            [
                [
                    0.8970339298248291,
                    0.31642797589302063,
                    -0.308550626039505
                ],
                [
                    -0.31235983967781067,
                    0.9478121399879456,
                    0.06390178948640823
                ],
                [
                    0.3126683533191681,
                    0.039056748151779175,
                    0.9490590691566467
                ]
            ],
            [
                [
                    0.913317084312439,
                    -0.36530840396881104,
                    0.18000467121601105
                ],
                [
                    0.35122790932655334,
                    0.9302844405174255,
                    0.10587655752897263
                ],
                [
                    -0.2061331421136856,
                    -0.033476199954748154,
                    0.977951169013977
                ]
            ],
            [
                [
                    0.9928333163261414,
                    -0.06280798465013504,
                    -0.10167200118303299
                ],
                [
                    0.03293794393539429,
                    0.9616199135780334,
                    -0.27240070700645447
                ],
                [
                    0.11487877368927002,
                    0.26709964871406555,
                    0.9567970633506775
                ]
            ],
            [
                [
                    0.3805340528488159,
                    0.716850996017456,
                    -0.5842247605323792
                ],
                [
                    -0.7543724179267883,
                    0.6060417294502258,
                    0.2522611618041992
                ],
                [
                    0.5348982214927673,
                    0.34472906589508057,
                    0.7713921070098877
                ]
            ],
            [
                [
                    0.4495553970336914,
                    -0.7498912215232849,
                    0.4853483736515045
                ],
                [
                    0.832586407661438,
                    0.548596978187561,
                    0.07642818242311478
                ],
                [
                    -0.32357344031333923,
                    0.3697357475757599,
                    0.8709739446640015
                ]
            ],
            [
                [
                    -0.39700955152511597,
                    -0.3755057156085968,
                    -0.8374837040901184
                ],
                [
                    0.12782873213291168,
                    0.8809604644775391,
                    -0.4555968642234802
                ],
                [
                    0.9088692665100098,
                    -0.28793075680732727,
                    -0.3017492890357971
                ]
            ],
            [
                [
                    -0.482300341129303,
                    0.41013795137405396,
                    0.7740627527236938
                ],
                [
                    -0.1944362223148346,
                    0.8114664554595947,
                    -0.5511049628257751
                ],
                [
                    -0.8541550636291504,
                    -0.41630396246910095,
                    -0.3116248846054077
                ]
            ],
            [
                [
                    0.976677656173706,
                    -0.19594264030456543,
                    -0.08779077976942062
                ],
                [
                    0.20761045813560486,
                    0.966110348701477,
                    0.15339063107967377
                ],
                [
                    0.05475981533527374,
                    -0.1680395007133484,
                    0.9842581152915955
                ]
            ],
            [
                [
                    0.9786907434463501,
                    0.1704627275466919,
                    0.11448530852794647
                ],
                [
                    -0.19235335290431976,
                    0.9562060832977295,
                    0.22061298787593842
                ],
                [
                    -0.0718652606010437,
                    -0.23793351650238037,
                    0.9686191082000732
                ]
            ],
            [
                [
                    0.979662299156189,
                    0.19209589064121246,
                    -0.05797358229756355
                ],
                [
                    -0.18989069759845734,
                    0.9809293746948242,
                    0.04146237298846245
                ],
                [
                    0.06483273953199387,
                    -0.02961047925055027,
                    0.9974567294120789
                ]
            ],
            [
                [
                    0.9760732054710388,
                    -0.20301005244255066,
                    0.07789687812328339
                ],
                [
                    0.2002602070569992,
                    0.978854775428772,
                    0.04170527309179306
                ],
                [
                    -0.0847163051366806,
                    -0.02510775998234749,
                    0.9960887432098389
                ]
            ]
        ],
        "betas": [
            -0.03287278115749359,
            0.08587615191936493,
            0.12397810816764832,
            0.17653250694274902,
            0.0842064619064331,
            -0.06461586803197861,
            -0.03724032640457153,
            0.05283355712890625,
            0.03679512441158295,
            -0.05306816101074219
        ]
    },
    "pred_cam_t": [
        0.04391121864318848,
        0.12690940499305725,
        35.13674545288086
    ],
    "focal_length": [
        5000.0,
        5000.0
    ],
    "pred_keypoints_3d": [
        [
            -0.07145575433969498,
            -0.8006930351257324,
            -0.12995687127113342
        ],
        [
            0.07242006063461304,
            -0.7260737419128418,
            -0.030282987281680107
        ],
        [
            -0.05087735503911972,
            -0.6447263956069946,
            0.11303730309009552
        ],
        [
            -0.12449048459529877,
            -0.40174198150634766,
            0.1030113473534584
        ],
        [
            -0.18185468018054962,
            -0.5747871398925781,
            -0.07468440383672714
        ],
        [
            0.16165223717689514,
            -0.6128205060958862,
            -0.16900980472564697
        ],
        [
            0.057997800409793854,
            -0.377948522567749,
            -0.21362608671188354
        ],
        [
            -0.08658506721258163,
            -0.5798766613006592,
            -0.20864257216453552
        ],
        [
            -0.0018503705505281687,
            -0.224681094288826,
            0.027317963540554047
        ],
        [
            -0.07133620232343674,
            -0.15569868683815002,
            0.08323407173156738
        ],
        [
            -0.19012700021266937,
            0.17866337299346924,
            0.2286769598722458
        ],
        [
            -0.21033236384391785,
            0.4215437173843384,
            0.544815719127655
        ],
        [
            0.03853054344654083,
            -0.11839472502470016,
            0.011787116527557373
        ],
        [
            0.04405582323670387,
            0.25716397166252136,
            0.019664186984300613
        ],
        [
            0.057915277779102325,
            0.6274538040161133,
            0.16718433797359467
        ],
        [
            -0.06898672878742218,
            -0.8486789464950562,
            -0.09113889187574387
        ],
        [
            -0.036812372505664825,
            -0.8474981188774109,
            -0.14917704463005066
        ],
        [
            -0.006094843149185181,
            -0.8598499298095703,
            -0.009608609601855278
        ],
        [
            0.0650775209069252,
            -0.8562825322151184,
            -0.13735783100128174
        ],
        [
            -0.026886120438575745,
            0.7244507670402527,
            0.011134684085845947
        ],
        [
            0.05367954075336456,
            0.7270536422729492,
            0.03382856398820877
        ],
        [
            0.08776377141475677,
            0.6475752592086792,
            0.2247999906539917
        ],
        [
            -0.28519487380981445,
            0.569851279258728,
            0.43514758348464966
        ],
        [
            -0.3353509306907654,
            0.5235879421234131,
            0.4904405474662781
        ],
        [
            -0.19589397311210632,
            0.41891929507255554,
            0.6157059073448181
        ],
        [
            -0.2131904661655426,
            0.3633718192577362,
            0.5300124883651733
        ],
        [
            -0.17190468311309814,
            0.1236770749092102,
            0.19895100593566895
        ],
        [
            -0.10757522284984589,
            -0.2961953282356262,
            0.10437580943107605
        ],
        [
            0.12884752452373505,
            -0.2056623101234436,
            -0.03522627055644989
        ],
        [
            0.054144568741321564,
            0.21336930990219116,
            0.010894343256950378
        ],
        [
            0.07713106274604797,
            0.5882992744445801,
            0.17411062121391296
        ],
        [
            -0.1540069878101349,
            -0.5817257165908813,
            -0.04367908090353012
        ],
        [
            -0.1506252884864807,
            -0.44135695695877075,
            0.11220177263021469
        ],
        [
            -0.025413230061531067,
            -0.671522855758667,
            0.08375301212072372
        ],
        [
            0.15255466103553772,
            -0.6465311050415039,
            -0.1455533504486084
        ],
        [
            0.06763303279876709,
            -0.41483330726623535,
            -0.24951499700546265
        ],
        [
            -0.06099695712327957,
            -0.5796244740486145,
            -0.21230167150497437
        ],
        [
            0.06425350159406662,
            -0.7144554853439331,
            -0.03705408424139023
        ],
        [
            0.006791811436414719,
            -0.9056690335273743,
            -0.09093058109283447
        ],
        [
            0.011035611853003502,
            -0.2508509159088135,
            0.033600419759750366
        ],
        [
            0.060859374701976776,
            -0.6560953855514526,
            -0.029627539217472076
        ],
        [
            0.0745275616645813,
            -0.4843963384628296,
            0.011222622357308865
        ],
        [
            -0.00039287738036364317,
            -0.7913886308670044,
            -0.09580381214618683
        ],
        [
            0.00726223923265934,
            -0.9257035255432129,
            -0.08543425798416138
        ]
    ],
    "pred_vertices": [
        [
            -0.04082131385803223,
            -0.8924413919448853,
            -0.16684386134147644
        ],
        [
            -0.04680190980434418,
            -0.8774324655532837,
            -0.16291899979114532
        ],
        [
            -0.03279588371515274,
            -0.8756415247917175,
            -0.16792075335979462
        ],
        [
            -0.023764193058013916,
            -0.8878449201583862,
            -0.16890966892242432
        ],
        [
            -0.037825822830200195,
            -0.8655149936676025,
            -0.1652686446905136
        ],
        [
            -0.04853947460651398,
            -0.8653522729873657,
            -0.15994679927825928
        ],
        [
            -0.01949194073677063,
            -0.8716981410980225,
            -0.16796576976776123
        ],
        [
            -0.009514115750789642,
            -0.880724310874939,
            -0.16824427247047424
        ],
        [
            -0.00020785629749298096,
            -0.8396908044815063,
            -0.16137975454330444
        ],
        [
            0.011058889329433441,
            -0.8371832370758057,
            -0.15917696058750153
        ],
        [
            0.007108740508556366,
            -0.8486382365226746,
            -0.16208334267139435
        ],
        [
            -0.0032269135117530823,
            -0.8481612205505371,
            -0.16224025189876556
        ],
        [
            0.007608868181705475,
            -0.815057635307312,
            -0.1549260914325714
        ],
        [
            -0.0007639676332473755,
            -0.8042322397232056,
            -0.15230052173137665
        ],
        [
            0.010360360145568848,
            -0.7975537776947021,
            -0.1481449007987976
        ],
        [
            0.01903625577688217,
            -0.8080341219902039,
            -0.14928600192070007
        ],
        [
            -0.03968419134616852,
            -0.8132108449935913,
            -0.13813665509223938
        ],
        [
            -0.03476156294345856,
            -0.8068409562110901,
            -0.14142648875713348
        ],
        [
            -0.0334179550409317,
            -0.813513994216919,
            -0.14528009295463562
        ],
        [
            -0.0382666289806366,
            -0.8191219568252563,
            -0.14105340838432312
        ],
        [
            -0.05120503157377243,
            -0.8214199542999268,
            -0.1345335692167282
        ],
        [
            -0.04897886514663696,
            -0.8275340795516968,
            -0.1344696283340454
        ],
        [
            -0.05629552900791168,
            -0.8302106857299805,
            -0.13339491188526154
        ],
        [
            -0.05881958454847336,
            -0.8231782913208008,
            -0.13450808823108673
        ],
        [
            -0.04131358861923218,
            -0.8081544041633606,
            -0.13272105157375336
        ],
        [
            -0.035766392946243286,
            -0.8017908334732056,
            -0.13620734214782715
        ],
        [
            -0.04433728754520416,
            -0.8184859752655029,
            -0.1356266289949417
        ],
        [
            -0.0462263822555542,
            -0.8136310577392578,
            -0.13438044488430023
        ],
        [
            -0.0552091971039772,
            -0.8053034543991089,
            -0.13595765829086304
        ],
        [
            -0.0540563240647316,
            -0.8102681636810303,
            -0.13717223703861237
        ],
        [
            -0.06166287511587143,
            -0.809900164604187,
            -0.1376817226409912
        ],
        [
            -0.06076919287443161,
            -0.8046591877937317,
            -0.13568343222141266
        ],
        [
            -0.04584901034832001,
            -0.8067156076431274,
            -0.133836030960083
        ],
        [
            -0.0484648197889328,
            -0.8089920282363892,
            -0.13587357103824615
        ],
        [
            -0.050976380705833435,
            -0.8048127889633179,
            -0.1344701200723648
        ],
        [
            -0.04859119653701782,
            -0.8035100698471069,
            -0.13149742782115936
        ],
        [
            -0.052879802882671356,
            -0.8166482448577881,
            -0.13464981317520142
        ],
        [
            -0.06050684303045273,
            -0.8170197010040283,
            -0.1358024775981903
        ],
        [
            -0.0686991810798645,
            -0.8169312477111816,
            -0.13596944510936737
        ],
        [
            -0.06949444115161896,
            -0.8079507350921631,
            -0.13734087347984314
        ],
        [
            -0.020707838237285614,
            -0.795025646686554,
            -0.1454533040523529
        ],
        [
            -0.028299294412136078,
            -0.8008570075035095,
            -0.14436566829681396
        ],
        [
            -0.030018284916877747,
            -0.7962356805801392,
            -0.13946622610092163
        ],
        [
            -0.02402324229478836,
            -0.7914329767227173,
            -0.14117029309272766
        ],
        [
            -0.044362619519233704,
            -0.8012269139289856,
            -0.13044388592243195
        ],
        [
            -0.03920409083366394,
            -0.786068856716156,
            -0.1313505619764328
        ],
        [
            -0.040067821741104126,
            -0.7896093130111694,
            -0.1322466880083084
        ],
        [
            -0.04665544629096985,
            -0.7896769046783447,
            -0.12919606268405914
        ],
        [
            -0.045385025441646576,
            -0.786404550075531,
            -0.1288229376077652
        ],
        [
            -0.007789120078086853,
            -0.7830411195755005,
            -0.14285899698734283
        ],
        [
            -0.014280170202255249,
            -0.7812196016311646,
            -0.1401161253452301
        ],
        [
            -0.010395839810371399,
            -0.7750284671783447,
            -0.13811884820461273
        ],
        [
            -0.002946406602859497,
            -0.7759324312210083,
            -0.13940981030464172
        ],
        [
            -0.009667925536632538,
            -0.7698153257369995,
            -0.13474240899085999
        ],
        [
            0.000713646411895752,
            -0.7690978050231934,
            -0.13548505306243896
        ],
        [
            -0.0014054402709007263,
            -0.7555817365646362,
            -0.12603150308132172
        ],
        [
            0.0001440867781639099,
            -0.7615582942962646,
            -0.13054850697517395
        ],
        [
            -0.010875873267650604,
            -0.764362096786499,
            -0.13092900812625885
        ],
        [
            -0.015336766839027405,
            -0.758834958076477,
            -0.12732450664043427
        ],
        [
            -0.02931218594312668,
            -0.7615331411361694,
            -0.12237498909235
        ],
        [
            -0.03424414247274399,
            -0.759873628616333,
            -0.1185506284236908
        ],
        [
            -0.02756320685148239,
            -0.7485112547874451,
            -0.11952566355466843
        ],
        [
            -0.022076085209846497,
            -0.7528253793716431,
            -0.1233305037021637
        ],
        [
            -0.0346406027674675,
            -0.7815816402435303,
            -0.12797777354717255
        ],
        [
            -0.03024580329656601,
            -0.7822283506393433,
            -0.12986062467098236
        ],
        [
            -0.032300710678100586,
            -0.7830170392990112,
            -0.13148029148578644
        ],
        [
            -0.03737138956785202,
            -0.7833858132362366,
            -0.12989193201065063
        ],
        [
            -0.026812896132469177,
            -0.7823486328125,
            -0.1317855566740036
        ],
        [
            -0.025282591581344604,
            -0.78227698802948,
            -0.132691890001297
        ],
        [
            -0.026660993695259094,
            -0.7831994295120239,
            -0.13333752751350403
        ],
        [
            -0.027436576783657074,
            -0.7829710841178894,
            -0.13205856084823608
        ],
        [
            -0.028921179473400116,
            -0.7825289368629456,
            -0.13072842359542847
        ],
        [
            -0.029380865395069122,
            -0.7806384563446045,
            -0.12984934449195862
        ],
        [
            -0.027524538338184357,
            -0.781496524810791,
            -0.13122890889644623
        ],
        [
            -0.03338389843702316,
            -0.7792456150054932,
            -0.12823379039764404
        ],
        [
            -0.045791223645210266,
            -0.7753758430480957,
            -0.12144340574741364
        ],
        [
            -0.04291968792676926,
            -0.7761790752410889,
            -0.12401428818702698
        ],
        [
            -0.043766625225543976,
            -0.7806768417358398,
            -0.12287284433841705
        ],
        [
            -0.0463976114988327,
            -0.7802280187606812,
            -0.12080153077840805
        ],
        [
            -0.029277682304382324,
            -0.7845807671546936,
            -0.1331564038991928
        ],
        [
            -0.028044894337654114,
            -0.7861180305480957,
            -0.1352701187133789
        ],
        [
            -0.03339572250843048,
            -0.7879244089126587,
            -0.13438986241817474
        ],
        [
            -0.032961927354335785,
            -0.7855254411697388,
            -0.13261696696281433
        ],
        [
            -0.02684110403060913,
            -0.7879576683044434,
            -0.13771452009677887
        ],
        [
            -0.025184266269207,
            -0.7844977378845215,
            -0.1350407898426056
        ],
        [
            -0.02321620285511017,
            -0.7852344512939453,
            -0.1374691128730774
        ],
        [
            -0.02521160989999771,
            -0.7805657386779785,
            -0.1320161372423172
        ],
        [
            -0.02225310355424881,
            -0.7792365550994873,
            -0.13319578766822815
        ],
        [
            -0.02332918345928192,
            -0.781500518321991,
            -0.1345994770526886
        ],
        [
            -0.022943519055843353,
            -0.7760660648345947,
            -0.1312917321920395
        ],
        [
            -0.0269707590341568,
            -0.7785955667495728,
            -0.1302366703748703
        ],
        [
            -0.030719764530658722,
            -0.7762521505355835,
            -0.12846089899539948
        ],
        [
            -0.03566896915435791,
            -0.7739141583442688,
            -0.12620654702186584
        ],
        [
            -0.03088059276342392,
            -0.7699055671691895,
            -0.1259303241968155
        ],
        [
            -0.026157230138778687,
            -0.7728187441825867,
            -0.12884755432605743
        ],
        [
            -0.032374851405620575,
            -0.7917722463607788,
            -0.13632212579250336
        ],
        [
            -0.019436463713645935,
            -0.7812409400939941,
            -0.13702556490898132
        ],
        [
            -0.01896721124649048,
            -0.7873722314834595,
            -0.14089873433113098
        ],
        [
            -0.01748564839363098,
            -0.776925802230835,
            -0.13550245761871338
        ],
        [
            -0.017286524176597595,
            -0.772691011428833,
            -0.13292843103408813
        ],
        [
            -0.01995866745710373,
            -0.7688035368919373,
            -0.12955869734287262
        ],
        [
            -0.024395868182182312,
            -0.7647355794906616,
            -0.12616121768951416
        ],
        [
            -0.015380136668682098,
            -0.7425106763839722,
            -0.11451315879821777
        ],
        [
            -0.009383432567119598,
            -0.74815833568573,
            -0.120325967669487
        ],
        [
            -0.04579482227563858,
            -0.8584869503974915,
            -0.15563428401947021
        ],
        [
            -0.03876426815986633,
            -0.8584598302841187,
            -0.1613810658454895
        ],
        [
            -0.032935306429862976,
            -0.8521348237991333,
            -0.15786828100681305
        ],
        [
            -0.032525137066841125,
            -0.8545407056808472,
            -0.15966808795928955
        ],
        [
            -0.03817219287157059,
            -0.8549342155456543,
            -0.15735730528831482
        ],
        [
            -0.03715451806783676,
            -0.852580726146698,
            -0.15582828223705292
        ],
        [
            -0.011713109910488129,
            -0.8486509323120117,
            -0.16031965613365173
        ],
        [
            -0.018401823937892914,
            -0.8493789434432983,
            -0.1587708592414856
        ],
        [
            -0.016273237764835358,
            -0.8460613489151001,
            -0.15776854753494263
        ],
        [
            -0.008928336203098297,
            -0.8423787355422974,
            -0.16033746302127838
        ],
        [
            -0.02429112046957016,
            -0.8370113372802734,
            -0.1537291407585144
        ],
        [
            -0.019696630537509918,
            -0.8390800952911377,
            -0.15596047043800354
        ],
        [
            -0.025273390114307404,
            -0.8449209928512573,
            -0.1551421582698822
        ],
        [
            -0.028672538697719574,
            -0.8434802293777466,
            -0.15360353887081146
        ],
        [
            -0.032186634838581085,
            -0.8425857424736023,
            -0.1513865739107132
        ],
        [
            -0.03557495027780533,
            -0.8423051238059998,
            -0.14852270483970642
        ],
        [
            -0.03371752053499222,
            -0.8372947573661804,
            -0.1474633663892746
        ],
        [
            -0.02933388203382492,
            -0.8367176055908203,
            -0.15072473883628845
        ],
        [
            -0.04255783557891846,
            -0.8560253381729126,
            -0.1522950977087021
        ],
        [
            -0.046285636723041534,
            -0.8556013703346252,
            -0.1461530178785324
        ],
        [
            -0.04414307326078415,
            -0.8528679609298706,
            -0.14621783792972565
        ],
        [
            -0.041463255882263184,
            -0.8531526327133179,
            -0.15171004831790924
        ],
        [
            -0.044279009103775024,
            -0.8478672504425049,
            -0.13419504463672638
        ],
        [
            -0.044962458312511444,
            -0.849940299987793,
            -0.13620591163635254
        ],
        [
            -0.048051655292510986,
            -0.8510534763336182,
            -0.13403797149658203
        ],
        [
            -0.046974122524261475,
            -0.8469903469085693,
            -0.13215823471546173
        ],
        [
            -0.0452626571059227,
            -0.8439575433731079,
            -0.13364152610301971
        ],
        [
            -0.043624766170978546,
            -0.8461111783981323,
            -0.1352502703666687
        ],
        [
            -0.04822458326816559,
            -0.9141148924827576,
            -0.16090074181556702
        ],
        [
            -0.05435307323932648,
            -0.8958218693733215,
            -0.1595824956893921
        ],
        [
            -0.028362616896629333,
            -0.9101904630661011,
            -0.16689236462116241
        ],
        [
            -0.012149304151535034,
            -0.9020073413848877,
            -0.16772906482219696
        ],
        [
            0.0019607841968536377,
            -0.8905431032180786,
            -0.1671639084815979
        ],
        [
            0.0008121877908706665,
            -0.7888147830963135,
            -0.1457732617855072
        ],
        [
            0.008523792028427124,
            -0.7816094160079956,
            -0.14214546978473663
        ],
        [
            0.020990610122680664,
            -0.7915172576904297,
            -0.1435924470424652
        ],
        [
            0.02620098739862442,
            -0.7825665473937988,
            -0.13769787549972534
        ],
        [
            0.013021640479564667,
            -0.7727059721946716,
            -0.13681566715240479
        ],
        [
            0.011777706444263458,
            -0.7555938959121704,
            -0.1216137483716011
        ],
        [
            0.014249242842197418,
            -0.7634369134902954,
            -0.12981024384498596
        ],
        [
            0.030346788465976715,
            -0.774164080619812,
            -0.12920524179935455
        ],
        [
            0.04413679242134094,
            -0.7897146940231323,
            -0.12958362698554993
        ],
        [
            0.03721502423286438,
            -0.7949119210243225,
            -0.1378454566001892
        ],
        [
            0.05356650799512863,
            -0.8075717091560364,
            -0.12853822112083435
        ],
        [
            0.052652448415756226,
            -0.784414529800415,
            -0.11854010820388794
        ],
        [
            0.059727780520915985,
            -0.808492124080658,
            -0.12136564403772354
        ],
        [
            0.04794929176568985,
            -0.7489152550697327,
            -0.10355796664953232
        ],
        [
            0.053774695843458176,
            -0.7388162612915039,
            -0.10126323997974396
        ],
        [
            0.0697602853178978,
            -0.7474647760391235,
            -0.10259809345006943
        ],
        [
            0.06410840898752213,
            -0.7577970027923584,
            -0.10641797631978989
        ],
        [
            0.02972119301557541,
            -0.8011033535003662,
            -0.1439158022403717
        ],
        [
            0.012505806982517242,
            -0.860163688659668,
            -0.1619229018688202
        ],
        [
            0.0008157417178153992,
            -0.8575794696807861,
            -0.16387255489826202
        ],
        [
            0.019402354955673218,
            -0.8486977815628052,
            -0.15923412144184113
        ],
        [
            0.017634302377700806,
            -0.9228346347808838,
            -0.16348661482334137
        ],
        [
            0.0009226202964782715,
            -0.9139575958251953,
            -0.16688783466815948
        ],
        [
            0.013451866805553436,
            -0.9008523225784302,
            -0.16692376136779785
        ],
        [
            0.027008794248104095,
            -0.910774827003479,
            -0.16341514885425568
        ],
        [
            -0.011452749371528625,
            -0.9549826383590698,
            -0.15008102357387543
        ],
        [
            -0.030871421098709106,
            -0.9362698793411255,
            -0.15787649154663086
        ],
        [
            -0.01588037610054016,
            -0.9271129369735718,
            -0.1633903980255127
        ],
        [
            0.0011617094278335571,
            -0.9412208199501038,
            -0.15790218114852905
        ],
        [
            0.038607753813266754,
            -0.915363073348999,
            -0.15807099640369415
        ],
        [
            0.054528653621673584,
            -0.9212635159492493,
            -0.14925116300582886
        ],
        [
            0.05490410327911377,
            -0.9387209415435791,
            -0.14527176320552826
        ],
        [
            0.035064518451690674,
            -0.933137834072113,
            -0.15541252493858337
        ],
        [
            0.04979059100151062,
            -0.9599848985671997,
            -0.13437190651893616
        ],
        [
            0.02586662769317627,
            -0.9540356397628784,
            -0.14695952832698822
        ],
        [
            0.06963510811328888,
            -0.796980082988739,
            -0.1120418980717659
        ],
        [
            0.0692979097366333,
            -0.8160107731819153,
            -0.11558091640472412
        ],
        [
            0.05647151172161102,
            -0.7697653770446777,
            -0.11121384054422379
        ],
        [
            0.07198652625083923,
            -0.7806868553161621,
            -0.10816432535648346
        ],
        [
            0.041112154722213745,
            -0.9762362241744995,
            -0.11893606185913086
        ],
        [
            0.013446539640426636,
            -0.9706600308418274,
            -0.135025754570961
        ],
        [
            0.09360436350107193,
            -0.912639856338501,
            -0.11179400980472565
        ],
        [
            0.08477270603179932,
            -0.9279681444168091,
            -0.12113595008850098
        ],
        [
            0.0773892030119896,
            -0.9111834764480591,
