{
    "pred_cam": [
        1.0900392532348633,
        -0.010787686333060265,
        0.10573666542768478
    ],
    "pred_smpl_params": {
        "global_orient": [
            [
                [
                    0.7758080363273621,
                    0.15148936212062836,
                    -0.6125136017799377
                ],
                [
                    0.2147170603275299,
                    -0.9761992692947388,
                    0.030522441491484642
                ],
                [
                    -0.5933114886283875,
                    -0.1551966667175293,
                    -0.78987056016922
                ]
            ]
        ],
        "body_pose": [
            [
                [
                    0.9774215221405029,
                    -0.20123931765556335,
                    0.0644197016954422
                ],
                [
                    0.20064356923103333,
                    0.9795392155647278,
                    0.015654604882001877
                ],
                [
                    -0.06625194847583771,
                    -0.002375748474150896,
                    0.9978001117706299
                ]
            ],
            [
                [
                    0.9959387183189392,
                    0.07711255550384521,
                    0.046472370624542236
                ],
                [
                    -0.06670992076396942,
                    0.9786735773086548,
                    -0.19428813457489014
                ],
                [
                    -0.06046333536505699,
                    0.1903989166021347,
                    0.9798430800437927
                ]
            ],
            [
                [
                    0.9987400770187378,
                    0.0020872021559625864,
                    -0.050138212740421295
                ],
                [
                    8.133723895298317e-05,
                    0.9990660548210144,
                    0.04321017861366272
                ],
                [
                    0.05018157139420509,
                    -0.04315981641411781,
                    0.9978071451187134
                ]
            ],
            [
                [
                    0.9864093065261841,
                    -0.05335647985339165,
                    -0.15540193021297455
                ],
                [
                    0.01559310033917427,
                    0.9719349145889282,
                    -0.2347322404384613
                ],
                [
                    0.16356506943702698,
                    0.22911886870861053,
                    0.9595576524734497
                ]
            ],
            [
                [
                    0.9560946822166443,
                    0.15455467998981476,
                    0.24898938834667206
                ],
                [
                    -0.05320870131254196,
                    0.9270542860031128,
                    -0.37113234400749207
                ],
                [
                    -0.2881869077682495,
                    0.3415893018245697,
                    0.894575297832489
                ]
            ],
            [
                [
                    0.9923485517501831,
                    -0.1013508141040802,
                    -0.07051459699869156
                ],
                [
                    0.09214451164007187,
                    0.988068699836731,
                    -0.12340854108333588
                ],
                [
                    0.08218082040548325,
                    0.11596675962209702,
                    0.9898474812507629
                ]
            ],
            [
                [
                    0.9842322468757629,
                    0.14983224868774414,
                    0.09400674700737
                ],
                [
                    -0.14774958789348602,
                    0.9886060357093811,
                    -0.028776632621884346
                ],
                [
                    -0.09724731743335724,
                    0.014433430507779121,
                    0.9951555728912354
                ]
            ],
            [
                [
                    0.9972825646400452,
                    -0.023192375898361206,
                    -0.06992525607347488
                ],
                [
                    0.03172532469034195,
                    0.9918367862701416,
                    0.12350405752658844
                ],
                [
                    0.06649009138345718,
                    -0.12538684904575348,
                    0.9898773431777954
                ]
            ],
            [
                [
                    0.9959611892700195,
                    -0.049184516072273254,
                    -0.07511524111032486
                ],
                [
                    0.050838619470596313,
                    0.998501181602478,
                    0.020268719643354416
                ],
                [
                    0.07400575280189514,
                    -0.02400561049580574,
                    0.9969689249992371
                ]
            ],
            [
                [
                    0.9632813930511475,
                    -0.2190350592136383,
                    0.15528251230716705
                ],
                [
                    0.19427083432674408,
                    0.9678096771240234,
                    0.1600102186203003
                ],
                [
                    -0.18533176183700562,
                    -0.12396799027919769,
                    0.9748252034187317
                ]
            ],
            [
                [
                    0.9920417070388794,
                    0.09164347499608994,
                    -0.08634067326784134
                ],
                [
                    -0.08459091931581497,
                    0.9930292367935181,
                    0.0820811465382576
                ],
                [
                    0.09326101839542389,
                    -0.0741242840886116,
                    0.9928786158561707
                ]
            ],
            [
                [
                    0.9986053109169006,
                    -0.04695175960659981,
                    -0.02414327673614025
                ],
                [
                    0.04699532315135002,
                    0.9988942742347717,
                    0.0012393477372825146
                ],
                [
                    0.024058394134044647,
                    -0.0023722401820123196,
                    0.9997076392173767
                ]
            ],
            [
                [
                    0.918770432472229,
                    0.33547350764274597,
                    -0.20813091099262238
                ],
                [
                    -0.3364115357398987,
                    0.9411723613739014,
                    0.03196743503212929
                ],
                [
                    0.2066112756729126,
                    0.040646906942129135,
                    0.9775785207748413
                ]
            ],
            [
                [
                    0.9256842732429504,
                    -0.3639684021472931,
                    0.10312878340482712
                ],
                [
                    0.36280691623687744,
                    0.9313658475875854,
                    0.030477004125714302
                ],
                [
                    -0.10714328289031982,
                    0.00920374970883131,
                    0.9942010045051575
                ]
            ],
            [
                [
                    0.993188738822937,
                    -0.04040458798408508,
                    -0.10928701609373093
                ],
                [
                    0.014499237760901451,
                    0.9735174775123596,
                    -0.22815240919589996
                ],
                [
                    0.11561121791601181,
                    0.22501380741596222,
                    0.9674724340438843
                ]
            ],
            [
                [
                    0.4275234043598175,
                    0.730058491230011,
                    -0.5331399440765381
                ],
                [
                    -0.795728862285614,
                    0.5837771892547607,
                    0.16130627691745758
                ],
                [
                    0.42899802327156067,
                    0.35527265071868896,
                    0.8305070400238037
                ]
            ],
            [
                [
                    0.456641286611557,
                    -0.7748824954032898,
                    0.437076598405838
                ],
                [
                    0.8726754188537598,
                    0.4856588542461395,
                    -0.05072571337223053
                ],
                [
                    -0.1729636788368225,
                    0.40458944439888,
                    0.8979927897453308
                ]
            ],
            [
                [
                    -0.30768388509750366,
                    -0.36305055022239685,
                    -0.8795026540756226
                ],
                [
                    0.08734171837568283,
                    0.909664511680603,
                    -0.40605655312538147
                ],
                [
                    0.9474713802337646,
                    -0.2017543464899063,
                    -0.24817965924739838
                ]
            ],
            [
                [
                    -0.4306560158729553,
                    0.44918766617774963,
                    0.7827935218811035
                ],
                [
                    -0.05388595536351204,
                    0.8530009388923645,
                    -0.5191200375556946
                ],
                [
                    -0.9009060263633728,
                    -0.26574376225471497,
                    -0.34314507246017456
                ]
            ],
            [
                [
                    0.9831059575080872,
                    -0.1674962043762207,
                    -0.07380913943052292
                ],
                [
                    0.17611098289489746,
                    0.9754698276519775,
                    0.13207435607910156
                ],
                [
                    0.04987663775682449,
                    -0.1428416669368744,
                    0.9884881377220154
                ]
            ],
            [
                [
                    0.9859452843666077,
                    0.12141632288694382,
                    0.11476077139377594
                ],
                [
                    -0.14611701667308807,
                    0.9597254991531372,
                    0.2399517148733139
                ],
                [
                    -0.0810047835111618,
                    -0.2533477544784546,
                    0.9639778137207031
                ]
            ],
            [
                [
                    0.9780784249305725,
                    0.19954782724380493,
                    -0.05952431261539459
                ],
                [
                    -0.19565916061401367,
                    0.978495717048645,
                    0.06529578566551208
                ],
                [
                    0.07127392292022705,
                    -0.05221792683005333,
                    0.9960889220237732
                ]
            ],
            [
                [
                    0.9771022200584412,
                    -0.20542003214359283,
                    0.05544188991189003
                ],
                [
                    0.20168828964233398,
                    0.9772117733955383,
                    0.06617362052202225
                ],
                [
                    -0.06777185946702957,
                    -0.05347641557455063,
                    0.9962666034698486
                ]
            ]
        ],
        "betas": [
            -0.010912060737609863,
            0.07240474224090576,
            0.12502926588058472,
            0.05338945984840393,
            0.04452529549598694,
            -0.03471439331769943,
            0.006504237651824951,
            0.02850942313671112,
            0.001865193247795105,
            -0.0249442458152771
        ]
    },
    "pred_cam_t": [
        -0.010787686333060265,
        0.10573666542768478,
        35.83586502075195
    ],
    "focal_length": [
        5000.0,
        5000.0
    ],
    "pred_keypoints_3d": [
        [
            -0.06164783239364624,
            -0.8236836194992065,
            -0.10321582853794098
        ],
        [
            0.0736658126115799,
            -0.7289631366729736,
            -0.004872635006904602
        ],
        [
            -0.04819647595286369,
            -0.6430258750915527,
            0.13725288212299347
        ],
        [
            -0.08707094192504883,
            -0.3922865092754364,
            0.15834985673427582
        ],
        [
            -0.15451109409332275,
            -0.5155490636825562,
            -0.05452410876750946
        ],
        [
            0.17192919552326202,
            -0.6199720501899719,
            -0.14269205927848816
        ],
        [
            0.10584518313407898,
            -0.3728833496570587,
            -0.19491589069366455
        ],
        [
            -0.08104462921619415,
            -0.5363595485687256,
            -0.2114119976758957
        ],
        [
            -0.0017837388440966606,
            -0.2239609658718109,
            0.027695927768945694
        ],
        [
            -0.06508900970220566,
            -0.15015515685081482,
            0.08545903116464615
        ],
        [
            -0.12558098137378693,
            0.19422757625579834,
            0.24581724405288696
        ],
        [
            -0.09768706560134888,
            0.4680153727531433,
            0.5370014905929565
        ],
        [
            0.04255540668964386,
            -0.11994343250989914,
            0.006306249648332596
        ],
        [
            0.0758400708436966,
            0.2554699778556824,
            0.0022988170385360718
        ],
        [
            0.16586807370185852,
            0.6280128955841064,
            0.11776161193847656
        ],
        [
            -0.05533040314912796,
            -0.8681906461715698,
            -0.06063409522175789
        ],
        [
            -0.02137008309364319,
            -0.8678936958312988,
            -0.11767452955245972
        ],
        [
            0.0056969523429870605,
            -0.8661937117576599,
            0.023353952914476395
        ],
        [
            0.08009984344244003,
            -0.8646144866943359,
            -0.10234301537275314
        ],
        [
            0.06017139554023743,
            0.7363483905792236,
            -0.016645655035972595
        ],
        [
            0.14380605518817902,
            0.7293210029602051,
            -0.0124355498701334
        ],
        [
            0.2091640830039978,
            0.645677924156189,
            0.16822224855422974
        ],
        [
            -0.17298072576522827,
            0.6081159114837646,
            0.4159959554672241
        ],
        [
            -0.2207619994878769,
            0.5709830522537231,
            0.47963523864746094
        ],
        [
            -0.07822650671005249,
            0.47216227650642395,
            0.6066514849662781
        ],
        [
            -0.1063312217593193,
            0.40852755308151245,
            0.5284878015518188
        ],
        [
            -0.11629900336265564,
            0.1355317085981369,
            0.2149418294429779
        ],
        [
            -0.10836590081453323,
            -0.2885613441467285,
            0.11164794862270355
        ],
        [
            0.12504234910011292,
            -0.21305887401103973,
            -0.04386967793107033
        ],
        [
            0.08150039613246918,
            0.2113940566778183,
            -0.005557843949645758
        ],
        [
            0.18170827627182007,
            0.5876559019088745,
            0.12356756627559662
        ],
        [
            -0.12935347855091095,
            -0.5320249199867249,
            -0.024480300024151802
        ],
        [
            -0.11874264478683472,
            -0.42919549345970154,
            0.16195029020309448
        ],
        [
            -0.022270940244197845,
            -0.6709400415420532,
            0.10945810377597809
        ],
        [
            0.16079393029212952,
            -0.6530501842498779,
            -0.11864055693149567
        ],
        [
            0.11333562433719635,
            -0.41170841455459595,
            -0.2304367572069168
        ],
        [
            -0.05578425154089928,
            -0.5418431758880615,
            -0.21233460307121277
        ],
        [
            0.06714782118797302,
            -0.7183340191841125,
            -0.011240119114518166
        ],
        [
            0.026538608595728874,
            -0.9162699580192566,
            -0.05362575501203537
        ],
        [
            0.008904515765607357,
            -0.2506493330001831,
            0.03312642127275467
        ],
        [
            0.06559447199106216,
            -0.6594798564910889,
            -0.0045226141810417175
        ],
        [
            0.07010520249605179,
            -0.48543113470077515,
            0.022962268441915512
        ],
        [
            0.007562311366200447,
            -0.8044402003288269,
            -0.06781550496816635
        ],
        [
            0.029061997309327126,
            -0.9359488487243652,
            -0.04655689001083374
        ]
    ],
    "pred_vertices": [
        [
            -0.019935987889766693,
            -0.9142382740974426,
            -0.13155482709407806
        ],
        [
            -0.027664661407470703,
            -0.8996344208717346,
            -0.1290747970342636
        ],
        [
            -0.013894245028495789,
            -0.8967846632003784,
            -0.13375821709632874
        ],
        [
            -0.003447502851486206,
            -0.9079374074935913,
            -0.13373783230781555
        ],
        [
            -0.01992805302143097,
            -0.8871792554855347,
            -0.13204345107078552
        ],
        [
            -0.030917324125766754,
            -0.8876598477363586,
            -0.12714621424674988
        ],
        [
            -0.0009833499789237976,
            -0.8914830684661865,
            -0.13365700840950012
        ],
        [
            0.009975992143154144,
            -0.8992917537689209,
            -0.13303157687187195
        ],
        [
            0.014664173126220703,
            -0.8571262359619141,
            -0.1294245719909668
        ],
        [
            0.025456786155700684,
            -0.8533082604408264,
            -0.1270744353532791
        ],
        [
            0.022919196635484695,
            -0.8652657270431519,
            -0.1289774477481842
        ],
        [
            0.012520119547843933,
            -0.8659607768058777,
            -0.1294911652803421
        ],
        [
            0.019617654383182526,
            -0.8313900232315063,
            -0.12482233345508575
        ],
        [
            0.010055899620056152,
            -0.8212853670120239,
            -0.12332025915384293
        ],
        [
            0.020260844379663467,
            -0.8131593465805054,
            -0.11937905848026276
        ],
        [
            0.0299607552587986,
            -0.822712779045105,
            -0.11943255364894867
        ],
        [
            -0.02818116545677185,
            -0.8333261013031006,
            -0.10951625555753708
        ],
        [
            -0.023801252245903015,
            -0.8267572522163391,
            -0.11311034858226776
        ],
        [
            -0.02165185660123825,
            -0.8335092067718506,
            -0.11641641706228256
        ],
        [
            -0.026055611670017242,
            -0.8392689824104309,
            -0.11190256476402283
        ],
        [
            -0.03901965171098709,
            -0.8424555063247681,
            -0.1055341511964798
        ],
        [
            -0.03616856783628464,
            -0.8482798337936401,
            -0.1049136146903038
        ],
        [
            -0.04318966716527939,
            -0.8516451716423035,
            -0.1037970781326294
        ],
        [
            -0.04641991853713989,
            -0.8450268507003784,
            -0.10556962341070175
        ],
        [
            -0.030511341989040375,
            -0.8281214237213135,
            -0.1045357882976532
        ],
        [
            -0.025542721152305603,
            -0.821473240852356,
            -0.10832197964191437
        ],
        [
            -0.03237766772508621,
            -0.838884174823761,
            -0.10674086958169937
        ],
        [
            -0.03488535434007645,
            -0.8341724872589111,
            -0.10588859021663666
        ],
        [
            -0.044642262160778046,
            -0.8270139694213867,
            -0.1084119901061058
        ],
        [
            -0.04292621463537216,
            -0.8318936228752136,
            -0.10917672514915466
        ],
        [
            -0.05056319385766983,
            -0.83237624168396,
            -0.1099245548248291
        ],
        [
            -0.050292521715164185,
            -0.8269447684288025,
            -0.10834051668643951
        ],
        [
            -0.03528658300638199,
            -0.8272078037261963,
            -0.10587429255247116
        ],
        [
            -0.03759141266345978,
            -0.8298919200897217,
            -0.10781446099281311
        ],
        [
            -0.04057987034320831,
            -0.8259087800979614,
            -0.10683713853359222
        ],
        [
            -0.03842940926551819,
            -0.824160635471344,
            -0.10385558009147644
        ],
        [
            -0.04123886674642563,
            -0.8378701210021973,
            -0.1061028391122818
        ],
        [
            -0.048736125230789185,
            -0.8391699194908142,
            -0.10743123292922974
        ],
        [
            -0.05690699815750122,
            -0.8399941921234131,
            -0.10783687233924866
        ],
        [
            -0.05861157923936844,
            -0.8312826752662659,
            -0.10996946692466736
        ],
        [
            -0.01095636934041977,
            -0.8138246536254883,
            -0.1176341101527214
        ],
        [
            -0.017953000962734222,
            -0.820307731628418,
            -0.1163254827260971
        ],
        [
            -0.02030164748430252,
            -0.8155835866928101,
            -0.11180383712053299
        ],
        [
            -0.01478739082813263,
            -0.810314416885376,
            -0.11370092630386353
        ],
        [
            -0.034533724188804626,
            -0.821368932723999,
            -0.10287696123123169
        ],
        [
            -0.031036779284477234,
            -0.8057975769042969,
            -0.10483640432357788
        ],
        [
            -0.031470321118831635,
            -0.809493899345398,
            -0.10544627904891968
        ],
        [
            -0.038153693079948425,
            -0.8100343346595764,
            -0.10260580480098724
        ],
        [
            -0.03726620972156525,
            -0.8066026568412781,
            -0.10247914493083954
        ],
        [
            0.0005596727132797241,
            -0.80038982629776,
            -0.11562391370534897
        ],
        [
            -0.006161395460367203,
            -0.7990899085998535,
            -0.11314995586872101
        ],
        [
            -0.003025338053703308,
            -0.7923880219459534,
            -0.11154894530773163
        ],
        [
            0.004536740481853485,
            -0.7926025390625,
            -0.11259181797504425
        ],
        [
            -0.0028899721801280975,
            -0.7869662046432495,
            -0.10852669179439545
        ],
        [
            0.007375337183475494,
            -0.7852138876914978,
            -0.10908772051334381
        ],
        [
            0.0035609491169452667,
            -0.7713875770568848,
            -0.1008278876543045
        ],
        [
            0.005866922438144684,
            -0.7774521112442017,
            -0.10479500144720078
        ],
        [
            -0.004806123673915863,
            -0.7814089059829712,
            -0.10522785782814026
        ],
        [
            -0.009959060698747635,
            -0.7761238217353821,
            -0.1022467315196991
        ],
        [
            -0.024019919335842133,
            -0.7797318696975708,
            -0.09769874811172485
        ],
        [
            -0.029270686209201813,
            -0.7783345580101013,
            -0.0941406637430191
        ],
        [
            -0.02371334284543991,
            -0.7664331197738647,
            -0.09581325948238373
        ],
        [
            -0.017482202500104904,
            -0.770560085773468,
            -0.09898677468299866
        ],
        [
            -0.02696375548839569,
            -0.8006185293197632,
            -0.10172927379608154
        ],
        [
            -0.02243693172931671,
            -0.8009331226348877,
            -0.10340794920921326
        ],
        [
            -0.024350203573703766,
            -0.8020648956298828,
            -0.10500802099704742
        ],
        [
            -0.029457367956638336,
            -0.8028336763381958,
            -0.1035919114947319
        ],
        [
            -0.018915407359600067,
            -0.8008548617362976,
            -0.10518234968185425
        ],
        [
            -0.01735495775938034,
            -0.8007082939147949,
            -0.10602760314941406
        ],
        [
            -0.018618807196617126,
            -0.8018151521682739,
            -0.10664702951908112
        ],
        [
            -0.01950923353433609,
            -0.8015203475952148,
            -0.10543543845415115
        ],
        [
            -0.02107880264520645,
            -0.8011400699615479,
            -0.10420043766498566
        ],
        [
            -0.021767839789390564,
            -0.7992470264434814,
            -0.10351283848285675
        ],
        [
            -0.019726477563381195,
            -0.8000475168228149,
            -0.10472515225410461
        ],
        [
            -0.025976695120334625,
            -0.7981658577919006,
            -0.10213834047317505
        ],
        [
            -0.03912583738565445,
            -0.7951087951660156,
            -0.0959969088435173
        ],
        [
            -0.035950981080532074,
            -0.795822024345398,
            -0.09845897555351257
        ],
        [
            -0.03637932240962982,
            -0.8002960085868835,
            -0.09700615704059601
        ],
        [
            -0.03924497961997986,
            -0.7999594807624817,
            -0.09498147666454315
        ],
        [
            -0.021232008934020996,
            -0.8033807277679443,
            -0.10641974210739136
        ],
        [
            -0.0195951908826828,
            -0.8050102591514587,
            -0.1083579808473587
        ],
        [
            -0.024781085550785065,
            -0.80730140209198,
            -0.10752005130052567
        ],
        [
            -0.024680770933628082,
            -0.804712176322937,
            -0.10596639662981033
        ],
        [
            -0.018113374710083008,
            -0.806876540184021,
            -0.11059898138046265
        ],
        [
            -0.016934655606746674,
            -0.8030823469161987,
            -0.10817781090736389
        ],
        [
            -0.014856405556201935,
            -0.8037910461425781,
            -0.1104184240102768
        ],
        [
            -0.01748710870742798,
            -0.7989439964294434,
            -0.10549996793270111
        ],
        [
            -0.01461770385503769,
            -0.7974194884300232,
            -0.10666781663894653
        ],
        [
            -0.015395596623420715,
            -0.7998994588851929,
            -0.10789288580417633
        ],
        [
            -0.01572079211473465,
            -0.7941819429397583,
            -0.10508757829666138
        ],
        [
            -0.019520319998264313,
            -0.7970308661460876,
            -0.10396933555603027
        ],
        [
            -0.023588597774505615,
            -0.7949542999267578,
            -0.10253657400608063
        ],
        [
            -0.02888534963130951,
            -0.792972207069397,
            -0.1006549745798111
        ],
        [
            -0.02452780306339264,
            -0.7884722352027893,
            -0.1005680039525032
        ],
        [
            -0.019370481371879578,
            -0.7911017537117004,
            -0.10305356979370117
        ],
        [
            -0.023370690643787384,
            -0.8111476898193359,
            -0.10907300561666489
        ],
        [
            -0.011430300772190094,
            -0.7994265556335449,
            -0.11019375175237656
        ],
        [
            -0.01016070693731308,
            -0.8057534694671631,
            -0.11357216536998749
        ],
        [
            -0.009999044239521027,
            -0.7948189973831177,
            -0.10898010432720184
        ],
        [
            -0.010350111871957779,
            -0.7904050350189209,
            -0.10677173733711243
        ],
        [
            -0.013461872935295105,
            -0.7866207957267761,
            -0.10380198061466217
        ],
        [
            -0.018586203455924988,
            -0.7827072143554688,
            -0.1010204404592514
        ],
        [
            -0.012213163077831268,
            -0.7589274048805237,
            -0.0908774808049202
        ],
        [
            -0.005297653377056122,
            -0.7644691467285156,
            -0.09592975676059723
        ],
        [
            -0.029042355716228485,
            -0.8802704811096191,
            -0.12341779470443726
        ],
        [
            -0.021868862211704254,
            -0.8798953294754028,
            -0.12894374132156372
        ],
        [
            -0.0168132483959198,
            -0.8727540969848633,
            -0.12579752504825592
        ],
        [
            -0.0159495547413826,
            -0.8752592206001282,
            -0.1274019032716751
        ],
        [
            -0.02175513654947281,
            -0.8760542273521423,
            -0.12519383430480957
        ],
        [
            -0.02104007452726364,
            -0.8735005855560303,
            -0.1238403469324112
        ],
        [
            0.004018709063529968,
            -0.8671488761901855,
            -0.12787792086601257
        ],
        [
            -0.002636447548866272,
            -0.8684638738632202,
            -0.12651824951171875
        ],
        [
            -0.0008737817406654358,
            -0.8648999929428101,
            -0.1257467418909073
        ],
        [
            0.006158165633678436,
            -0.8606549501419067,
            -0.12837305665016174
        ],
        [
            -0.009991295635700226,
            -0.8564581871032715,
            -0.12271912395954132
        ],
        [
            -0.005066201090812683,
            -0.8582029342651367,
            -0.12459614872932434
        ],
        [
            -0.010057739913463593,
            -0.8645011782646179,
            -0.12349070608615875
        ],
        [
            -0.01367749273777008,
            -0.8633004426956177,
            -0.12217581272125244
        ],
        [
            -0.017360620200634003,
            -0.8626353740692139,
            -0.12012560665607452
        ],
        [
            -0.020827561616897583,
            -0.8625532984733582,
            -0.11738020181655884
        ],
        [
            -0.019623592495918274,
            -0.8572415113449097,
            -0.11669834703207016
        ],
        [
            -0.015214279294013977,
            -0.8564320802688599,
            -0.1199008971452713
        ],
        [
            -0.02620004117488861,
            -0.877210259437561,
            -0.1201881542801857
        ],
        [
            -0.030100688338279724,
            -0.8767247200012207,
            -0.11418579518795013
        ],
        [
            -0.028304554522037506,
            -0.873792290687561,
            -0.11439712345600128
        ],
        [
            -0.025441810488700867,
            -0.8741833567619324,
            -0.11981040239334106
        ],
        [
            -0.029396899044513702,
            -0.867917537689209,
            -0.10287445038557053
        ],
        [
            -0.029764287173748016,
            -0.8702270984649658,
            -0.10469888150691986
        ],
        [
            -0.032797858119010925,
            -0.8714459538459778,
            -0.10258080065250397
        ],
        [
            -0.032238610088825226,
            -0.867181658744812,
            -0.10099312663078308
        ],
        [
            -0.03084912896156311,
            -0.8640859127044678,
            -0.10267696529626846
        ],
        [
            -0.02893853187561035,
            -0.8661749958992004,
            -0.10407476127147675
        ],
        [
            -0.024966657161712646,
            -0.9358961582183838,
            -0.12429629266262054
        ],
        [
            -0.033358991146087646,
            -0.9182971119880676,
            -0.12458154559135437
        ],
        [
            -0.005706891417503357,
            -0.9303151369094849,
            -0.1302146464586258
        ],
        [
            0.009612545371055603,
            -0.9204620122909546,
            -0.1312311291694641
        ],
        [
            0.022485002875328064,
            -0.9075711965560913,
            -0.1310359537601471
        ],
        [
            0.009807225316762924,
            -0.8053890466690063,
            -0.11790122091770172
        ],
        [
            0.01659432426095009,
            -0.7971624732017517,
            -0.11464479565620422
        ],
        [
            0.030015476047992706,
            -0.8057803511619568,
            -0.11500401794910431
        ],
        [
            0.03408513218164444,
            -0.7959897518157959,
            -0.10962295532226562
        ],
        [
            0.019998129457235336,
            -0.7875404357910156,
            -0.10988186299800873
        ],
        [
            0.01664268970489502,
            -0.7698140144348145,
            -0.09591343998908997
        ],
        [
            0.02005145698785782,
            -0.7777979969978333,
            -0.10351146012544632
        ],
        [
            0.03707204759120941,
            -0.7867332696914673,
            -0.10158039629459381
        ],
        [
            0.05229584500193596,
            -0.8007345199584961,
            -0.10033895075321198
        ],
        [
            0.04620993137359619,
            -0.8070268034934998,
            -0.10837014764547348
        ],
        [
            0.06334304809570312,
            -0.8173015713691711,
            -0.09773176908493042
        ],
        [
            0.05995507538318634,
            -0.7941113710403442,
            -0.08934463560581207
        ],
        [
            0.06928566098213196,
            -0.8171359300613403,
            -0.09039133787155151
        ],
        [
            0.052057892084121704,
            -0.7584289312362671,
            -0.0769626572728157
        ],
        [
            0.0571606419980526,
            -0.7477013468742371,
            -0.07534705847501755
        ],
        [
            0.0737137719988823,
            -0.7552798986434937,
            -0.07605341821908951
        ],
        [
            0.06894640624523163,
            -0.7661247253417969,
            -0.07907934486865997
        ],
        [
            0.039623506367206573,
            -0.8143095970153809,
            -0.11431163549423218
        ],
        [
            0.02956865355372429,
            -0.8761205673217773,
            -0.12773805856704712
        ],
        [
            0.01769198477268219,
            -0.874919056892395,
            -0.13024987280368805
        ],
        [
            0.03484537452459335,
            -0.8638079166412354,
            -0.12573350965976715
        ],
        [
            0.041445426642894745,
            -0.937599778175354,
            -0.12448073923587799
        ],
        [
            0.023993782699108124,
            -0.9308857917785645,
            -0.12889982759952545
        ],
        [
            0.03498345613479614,
            -0.9164927005767822,
            -0.12963007390499115
        ],
        [
            0.049392327666282654,
            -0.9246281385421753,
            -0.12499864399433136
        ],
        [
            0.01565071940422058,
            -0.9716733694076538,
            -0.1091422289609909
        ],
        [
            -0.005370788276195526,
            -0.9559367895126343,
            -0.11891837418079376
        ],
        [
            0.008599795401096344,
            -0.9455369114875793,
            -0.12476296722888947
        ],
        [
            0.026901960372924805,
            -0.9572933912277222,
            -0.11764499545097351
        ],
        [
            0.06128721684217453,
            -0.9275444746017456,
            -0.11916404217481613
        ],
        [
            0.07753292471170425,
            -0.9310141801834106,
            -0.10949671268463135
        ],
        [
            0.07971053570508957,
            -0.9479213356971741,
            -0.1041283905506134
        ],
        [
            0.0595182329416275,
            -0.9453779458999634,
            -0.11505911499261856
        ],
        [
            0.07654698193073273,
            -0.9685720205307007,
            -0.09146599471569061
        ],
        [
            0.05259165167808533,
            -0.966314435005188,
            -0.10503900051116943
        ],
        [
            0.07803446054458618,
            -0.8043991327285767,
            -0.08181188255548477
        ],
        [
            0.07935777306556702,
            -0.8232227563858032,
            -0.08392560482025146
        ],
        [
            0.062357522547245026,
            -0.7789175510406494,
            -0.08300312608480453
        ],
        [
            0.07883260399103165,
            -0.7881039381027222,
            -0.07916206121444702
        ],
        [
            0.06920397281646729,
            -0.9844121932983398,
            -0.07499109953641891
        ],
        [
            0.041609734296798706,
            -0.9831558465957642,
            -0.09218379855155945
        ],
        [
            0.11397232860326767,
            -0.9154187440872192,
            -0.07192212343215942
        ],
        [
            0.10715274512767792,
            -0.9322464466094971,
            -0.08012775331735611
        ],
        [
            0.09838651120662689,
