{
    "pred_cam": [
        1.5779695510864258,
        0.20573173463344574,
        0.21959224343299866
    ],
    "pred_smpl_params": {
        "global_orient": [
            [
                [
                    -0.5808512568473816,
                    -0.17524735629558563,
                    -0.7949215769767761
                ],
                [
                    0.3640601933002472,
                    -0.9293670058250427,
                    -0.06113271042704582
                ],
                [
                    -0.7280604839324951,
                    -0.3249082863330841,
                    0.6036245822906494
                ]
            ]
        ],
        "body_pose": [
            [
                [
                    0.9985219240188599,
                    -0.04665704816579819,
                    0.02787823975086212
                ],
                [
                    0.028184790164232254,
                    0.8830669522285461,
                    0.46839988231658936
                ],
                [
                    -0.04647250100970268,
                    -0.46692174673080444,
                    0.8830767273902893
                ]
            ],
            [
                [
                    0.9969846606254578,
                    0.06633597612380981,
                    -0.04026335850358009
                ],
                [
                    -0.04184018447995186,
                    0.8965169787406921,
                    0.4410291314125061
                ],
                [
                    0.06535288691520691,
                    -0.4380146265029907,
                    0.8965891599655151
                ]
            ],
            [
                [
                    0.9977399706840515,
                    0.054398197680711746,
                    0.039443112909793854
                ],
                [
                    -0.0251837857067585,
                    0.8469635844230652,
                    -0.5310540199279785
                ],
                [
                    -0.06229526549577713,
                    0.5288605093955994,
                    0.8464193940162659
                ]
            ],
            [
                [
                    0.9882631301879883,
                    0.1280638724565506,
                    0.08327975869178772
                ],
                [
                    -0.12279181182384491,
                    0.9902598261833191,
                    -0.06563210487365723
                ],
                [
                    -0.09087370336055756,
                    0.05463571846485138,
                    0.994362473487854
                ]
            ],
            [
                [
                    0.9992071390151978,
                    0.03980029374361038,
                    -0.0009987842058762908
                ],
                [
                    -0.03980670124292374,
                    0.9991791248321533,
                    -0.007518053986132145
                ],
                [
                    0.0006987435044720769,
                    0.007551851682364941,
                    0.9999712109565735
                ]
            ],
            [
                [
                    0.9994622468948364,
                    -0.008085643872618675,
                    0.03178118169307709
                ],
                [
                    0.008585771545767784,
                    0.9998409152030945,
                    -0.015631800517439842
                ],
                [
                    -0.03164973482489586,
                    0.015896257013082504,
                    0.999372661113739
                ]
            ],
            [
                [
                    0.9814177751541138,
                    0.10077155381441116,
                    0.16329172253608704
                ],
                [
                    -0.08790989965200424,
                    0.9925650954246521,
                    -0.08418048173189163
                ],
                [
                    -0.17056067287921906,
                    0.06826126575469971,
                    0.9829798340797424
                ]
            ],
            [
                [
                    0.9768440127372742,
                    -0.06402193009853363,
                    -0.20414957404136658
                ],
                [
                    0.05699813738465309,
                    0.9975683689117432,
                    -0.04010763019323349
                ],
                [
                    0.20622090995311737,
                    0.02754274755716324,
                    0.978117823600769
                ]
            ],
            [
                [
                    0.9999951124191284,
                    0.0009620170458219945,
                    -0.0029738859739154577
                ],
                [
                    -0.0012158887693658471,
                    0.9962441921234131,
                    -0.08657930791378021
                ],
                [
                    0.002879425883293152,
                    0.08658250421285629,
                    0.996240496635437
                ]
            ],
            [
                [
                    0.9905636310577393,
                    -0.12320146709680557,
                    0.06004219129681587
                ],
                [
                    0.12609906494617462,
                    0.990898072719574,
                    -0.047117944806814194
                ],
                [
                    -0.05369068682193756,
                    0.05424458906054497,
                    0.9970831871032715
                ]
            ],
            [
                [
                    0.9910800457000732,
                    0.13316065073013306,
                    0.005363349802792072
                ],
                [
                    -0.13305503129959106,
                    0.9909673929214478,
                    -0.016728166490793228
                ],
                [
                    -0.007542439736425877,
                    0.015865327790379524,
                    0.9998456835746765
                ]
            ],
            [
                [
                    0.9763070940971375,
                    -0.008943255059421062,
                    0.21620455384254456
                ],
                [
                    0.03527412936091423,
                    0.9923585653305054,
                    -0.11823740601539612
                ],
                [
                    -0.21349504590034485,
                    0.12306245416402817,
                    0.9691621661186218
                ]
            ],
            [
                [
                    0.891313374042511,
                    0.07466011494398117,
                    -0.44719818234443665
                ],
                [
                    -0.05692606046795845,
                    0.9969713687896729,
                    0.052985578775405884
                ],
                [
                    0.44979968667030334,
                    -0.021769540384411812,
                    0.8928640484809875
                ]
            ],
            [
                [
                    0.8792370557785034,
                    -0.19332966208457947,
                    0.43539175391197205
                ],
                [
                    0.17444662749767303,
                    0.9811303615570068,
                    0.08337696641683578
                ],
                [
                    -0.4432952404022217,
                    0.0026445079129189253,
                    0.8963719010353088
                ]
            ],
            [
                [
                    0.9977933764457703,
                    0.05765295401215553,
                    0.03293036296963692
                ],
                [
                    -0.04806710407137871,
                    0.9693987369537354,
                    -0.24073997139930725
                ],
                [
                    -0.04580201953649521,
                    0.2386259138584137,
                    0.9700308442115784
                ]
            ],
            [
                [
                    0.8096824884414673,
                    0.4335298240184784,
                    -0.39555805921554565
                ],
                [
                    -0.38414108753204346,
                    0.901072084903717,
                    0.20125806331634521
                ],
                [
                    0.4436776638031006,
                    -0.011005016043782234,
                    0.8961188793182373
                ]
            ],
            [
                [
                    0.569532573223114,
                    -0.6450413465499878,
                    0.509464681148529
                ],
                [
                    0.6232007145881653,
                    0.7430064678192139,
                    0.2440536618232727
                ],
                [
                    -0.5359602570533752,
                    0.17850227653980255,
                    0.8251566290855408
                ]
            ],
            [
                [
                    0.8754951357841492,
                    -0.006400042679160833,
                    -0.4831845462322235
                ],
                [
                    0.06209021806716919,
                    0.99311363697052,
                    0.09934860467910767
                ],
                [
                    0.47922131419181824,
                    -0.11698025465011597,
                    0.8698635101318359
                ]
            ],
            [
                [
                    0.5394001603126526,
                    0.19310259819030762,
                    0.8196089267730713
                ],
                [
                    -0.24441668391227722,
                    0.9673489928245544,
                    -0.06705539673566818
                ],
                [
                    -0.8057964444160461,
                    -0.16415640711784363,
                    0.5689857006072998
                ]
            ],
            [
                [
                    0.9853525757789612,
                    -0.16582363843917847,
                    -0.039784397929906845
                ],
                [
                    0.1655767410993576,
                    0.9861516952514648,
                    -0.009445355273783207
                ],
                [
                    0.040799714624881744,
                    0.002719633746892214,
                    0.9991636276245117
                ]
            ],
            [
                [
                    0.9838980436325073,
                    0.1552470475435257,
                    0.08856035768985748
                ],
                [
                    -0.17017532885074615,
                    0.9651800394058228,
                    0.19866538047790527
                ],
                [
                    -0.05463447794318199,
                    -0.21053728461265564,
                    0.9760579466819763
                ]
            ],
            [
                [
                    0.9860265851020813,
                    0.11916468292474747,
                    -0.11641038954257965
                ],
                [
                    -0.10088254511356354,
                    0.9832212328910828,
                    0.15198273956775665
                ],
                [
                    0.1325681358575821,
                    -0.13811524212360382,
                    0.9815039038658142
                ]
            ],
            [
                [
                    0.9848027229309082,
                    -0.14634300768375397,
                    0.09352760761976242
                ],
                [
                    0.13413521647453308,
                    0.9829630255699158,
                    0.12566395103931427
                ],
                [
                    -0.11032421886920929,
                    -0.11120884120464325,
                    0.9876543879508972
                ]
            ]
        ],
        "betas": [
            -0.18410661816596985,
            -0.20806249976158142,
            0.024094879627227783,
            0.6973087787628174,
            0.2012294977903366,
            0.01659289374947548,
            0.0038125216960906982,
            -0.034813374280929565,
            0.08834723383188248,
            0.02404579520225525
        ]
    },
    "pred_cam_t": [
        0.20573173463344574,
        0.21959224343299866,
        24.754913330078125
    ],
    "focal_length": [
        5000.0,
        5000.0
    ],
    "pred_keypoints_3d": [
        [
            -0.41417229175567627,
            -0.6031402349472046,
            0.05948924273252487
        ],
        [
            -0.24855372309684753,
            -0.6500043869018555,
            -0.017572304233908653
        ],
        [
            -0.12675514817237854,
            -0.6324314475059509,
            0.13670414686203003
        ],
        [
            -0.0761704295873642,
            -0.4227215051651001,
            0.2620370388031006
        ],
        [
            -0.2685427665710449,
            -0.2851133644580841,
            0.3436625599861145
        ],
        [
            -0.31436026096343994,
            -0.5127652883529663,
            -0.12880940735340118
        ],
        [
            -0.40503132343292236,
            -0.2734695076942444,
            -0.13530698418617249
        ],
        [
            -0.530895471572876,
            -0.10360296070575714,
            -0.011743254959583282
        ],
        [
            -0.002238656859844923,
            -0.2283104807138443,
            0.027799896895885468
        ],
        [
            0.0557558573782444,
            -0.16880479454994202,
            0.10287299007177353
        ],
        [
            0.02810794487595558,
            0.11191326379776001,
            0.34878408908843994
        ],
        [
            0.0030759721994400024,
            0.43567588925361633,
            0.5627753138542175
        ],
        [
            -0.020601440221071243,
            -0.11857384443283081,
            0.0034509003162384033
        ],
        [
            -0.12444041669368744,
            0.1894259750843048,
            0.1717027723789215
        ],
        [
            -0.12987181544303894,
            0.5023013949394226,
            0.4020376205444336
        ],
        [
            -0.41604164242744446,
            -0.6597274541854858,
            0.08366228640079498
        ],
        [
            -0.439955472946167,
            -0.644494891166687,
            0.02314623072743416
        ],
        [
            -0.34101536870002747,
            -0.7347503304481506,
            0.08441820740699768
        ],
        [
            -0.3957708477973938,
            -0.7000788450241089,
            -0.05243748798966408
        ],
        [
            -0.3094969391822815,
            0.5009738206863403,
            0.49488839507102966
        ],
        [
            -0.28880083560943604,
            0.5518934726715088,
            0.4316638708114624
        ],
        [
            -0.07914431393146515,
            0.5493279695510864,
            0.404419481754303
        ],
        [
            -0.1366373747587204,
            0.38625368475914,
            0.6966971755027771
        ],
        [
            -0.050152987241744995,
            0.38594356179237366,
            0.7177756428718567
        ],
        [
            0.03900869935750961,
            0.49711906909942627,
            0.5583685636520386
        ],
        [
            0.042754340916872025,
            0.4020896852016449,
            0.5313159227371216
        ],
        [
            0.032907817512750626,
            0.06018022447824478,
            0.3078826069831848
        ],
        [
            0.09305234253406525,
            -0.3110505938529968,
            0.11290071159601212
        ],
        [
            -0.06087704747915268,
            -0.18843862414360046,
            -0.10453665256500244
        ],
        [
            -0.12243854999542236,
            0.15820498764514923,
            0.14168280363082886
        ],
        [
            -0.10702385753393173,
            0.4885992407798767,
            0.3689478039741516
        ],
        [
            -0.2771531641483307,
            -0.31840962171554565,
            0.3270633816719055
        ],
        [
            -0.0958903506398201,
            -0.4511234164237976,
            0.2803303003311157
        ],
        [
            -0.15417832136154175,
            -0.6466356515884399,
            0.10550616681575775
        ],
        [
            -0.3113287389278412,
            -0.5501717329025269,
            -0.1258176565170288
        ],
        [
            -0.43763604760169983,
            -0.306452214717865,
            -0.13116589188575745
        ],
        [
            -0.5399041771888733,
            -0.12318353354930878,
            -0.009640851989388466
        ],
        [
            -0.25397810339927673,
            -0.6395967602729797,
            -0.011251561343669891
        ],
        [
            -0.4207502007484436,
            -0.7352860569953918,
            0.027859585359692574
        ],
        [
            0.01587649993598461,
            -0.24981267750263214,
            0.003938479349017143
        ],
        [
            -0.22776412963867188,
            -0.5958988666534424,
            -0.008425189182162285
        ],
        [
            -0.08777810633182526,
            -0.47298556566238403,
            -0.033101633191108704
        ],
        [
            -0.35406434535980225,
            -0.6415747404098511,
            0.021528631448745728
        ],
        [
            -0.42898762226104736,
            -0.7541148066520691,
            0.030465565621852875
        ]
    ],
    "pred_vertices": [
        [
            -0.4810693860054016,
            -0.6711242198944092,
            0.019958533346652985
        ],
        [
            -0.4717981815338135,
            -0.6576371788978577,
            0.02559492737054825
        ],
        [
            -0.4677850604057312,
            -0.6601241230964661,
            0.011634066700935364
        ],
        [
            -0.4731307327747345,
            -0.6724932193756104,
            0.004814937710762024
        ],
        [
            -0.46263694763183594,
            -0.6505686044692993,
            0.015902530401945114
        ],
        [
            -0.4637618660926819,
            -0.6487690806388855,
            0.027492325752973557
        ],
        [
            -0.4598960876464844,
            -0.6623820066452026,
            0.00045258551836013794
        ],
        [
            -0.46166661381721497,
            -0.6734408140182495,
            -0.00713261216878891
        ],
        [
            -0.42779219150543213,
            -0.6477756500244141,
            -0.01361919566988945
        ],
        [
            -0.4210498332977295,
            -0.651034951210022,
            -0.021607495844364166
        ],
        [
            -0.43144068121910095,
            -0.6576938629150391,
            -0.018908681347966194
        ],
        [
            -0.43500223755836487,
            -0.652949333190918,
            -0.01090952381491661
        ],
        [
            -0.4057822823524475,
            -0.6344269514083862,
            -0.01766650751233101
        ],
        [
            -0.40106457471847534,
            -0.623650074005127,
            -0.01039351336658001
        ],
        [
            -0.3897581100463867,
            -0.6247926354408264,
            -0.017554091289639473
        ],
        [
            -0.3932343125343323,
            -0.6362487077713013,
            -0.02448657713830471
        ],
        [
            -0.4130927622318268,
            -0.6219255328178406,
            0.029988005757331848
        ],
        [
            -0.4094342887401581,
            -0.6172832250595093,
            0.02374490723013878
        ],
        [
            -0.41557303071022034,
            -0.6212042570114136,
            0.020769331604242325
        ],
        [
            -0.4181988835334778,
            -0.6257392168045044,
            0.027382157742977142
        ],
        [
            -0.42079195380210876,
            -0.6256504058837891,
            0.041688889265060425
        ],
        [
            -0.42359626293182373,
            -0.6313233971595764,
            0.040097977966070175
        ],
        [
            -0.4278007745742798,
            -0.6307669281959534,
            0.04690007120370865
        ],
        [
            -0.42535728216171265,
            -0.6237226128578186,
            0.04793189465999603
        ],
        [
            -0.40718063712120056,
            -0.6196722388267517,
            0.03435719385743141
        ],
        [
            -0.40317392349243164,
            -0.6151690483093262,
            0.027578093111515045
        ],
        [
            -0.4165545105934143,
            -0.6255161762237549,
            0.03549855202436447
        ],
        [
            -0.41384902596473694,
            -0.6214934587478638,
            0.037446364760398865
        ],
        [
            -0.41410404443740845,
            -0.6105050444602966,
            0.04328610748052597
        ],
        [
            -0.41748568415641785,
            -0.6142255067825317,
            0.04187861829996109
        ],
        [
            -0.42101815342903137,
            -0.6104475259780884,
            0.047517817467451096
        ],
        [
            -0.41586872935295105,
            -0.607788622379303,
            0.04783722758293152
        ],
        [
            -0.40935584902763367,
            -0.6163424253463745,
            0.03700316697359085
        ],
        [
            -0.4133857190608978,
            -0.6160646677017212,
            0.03786568343639374
        ],
        [
            -0.4109736680984497,
            -0.6124695539474487,
            0.04054028168320656
        ],
        [
            -0.4070450961589813,
            -0.6137222647666931,
            0.04046729952096939
        ],
        [
            -0.41896122694015503,
            -0.6209203004837036,
            0.04263283684849739
        ],
        [
            -0.4234100878238678,
            -0.6173763275146484,
            0.048125009983778
        ],
        [
            -0.4270847737789154,
            -0.6137589812278748,
            0.05454437434673309
        ],
        [
            -0.42285093665122986,
            -0.6059365272521973,
            0.054054610431194305
        ],
        [
            -0.3990228474140167,
            -0.6113152503967285,
            0.009481891989707947
        ],
        [
            -0.4050457179546356,
            -0.6135640144348145,
            0.01641279086470604
        ],
        [
            -0.39957287907600403,
            -0.6113166809082031,
            0.020671457052230835
        ],
        [
            -0.39533868432044983,
            -0.608929455280304,
            0.014479529112577438
        ],
        [
            -0.4030572175979614,
            -0.6140313744544983,
            0.0377044752240181
        ],
        [
            -0.3918779194355011,
            -0.603538990020752,
            0.032301273196935654
        ],
        [
            -0.395138680934906,
            -0.6056361198425293,
            0.03260442987084389
        ],
        [
            -0.3960159718990326,
            -0.6044039726257324,
            0.03972351551055908
        ],
        [
            -0.3930775225162506,
            -0.6024362444877625,
            0.03881078585982323
        ],
        [
            -0.3848533630371094,
            -0.6080588102340698,
            -0.0004027038812637329
        ],
        [
            -0.3845438063144684,
            -0.6048837900161743,
            0.00634494423866272
        ],
        [
            -0.3779163360595703,
            -0.6026227474212646,
            0.004073336720466614
        ],
        [
            -0.3764157295227051,
            -0.6060200929641724,
            -0.0025910399854183197
        ],
        [
            -0.37212398648262024,
            -0.6002370119094849,
            0.0055151768028736115
        ],
        [
            -0.36832186579704285,
            -0.6037310361862183,
            -0.0031120404601097107
        ],
        [
            -0.35409876704216003,
            -0.5966426730155945,
            0.00379842147231102
        ],
        [
            -0.3605276942253113,
            -0.5998387932777405,
            4.936009645462036e-05
        ],
        [
            -0.3665418326854706,
            -0.5973439812660217,
            0.008723627775907516
        ],
        [
            -0.36226189136505127,
            -0.5930782556533813,
            0.014304026961326599
        ],
        [
            -0.36623626947402954,
            -0.5921474695205688,
            0.02845456823706627
        ],
        [
            -0.3647500276565552,
            -0.590563178062439,
            0.03476182371377945
        ],
        [
            -0.3554767072200775,
            -0.5838145613670349,
            0.028244998306035995
        ],
        [
            -0.35850977897644043,
            -0.5874636173248291,
            0.021737348288297653
        ],
        [
            -0.38454949855804443,
            -0.60331791639328,
            0.030553899705410004
        ],
        [
            -0.38442686200141907,
            -0.6045394539833069,
            0.02586209401488304
        ],
        [
            -0.3869422674179077,
            -0.6035816073417664,
            0.02653449773788452
        ],
        [
            -0.388190895318985,
            -0.6027416586875916,
            0.03163055330514908
        ],
        [
            -0.38452592492103577,
            -0.6047714948654175,
            0.0216921865940094
        ],
        [
            -0.38452592492103577,
            -0.6048187613487244,
            0.019860826432704926
        ],
        [
            -0.38611656427383423,
            -0.6046969890594482,
            0.020647462457418442
        ],
        [
            -0.38540762662887573,
            -0.6048385500907898,
            0.02188796177506447
        ],
        [
            -0.3847777545452118,
            -0.6046525835990906,
            0.02394857630133629
        ],
        [
            -0.3830621540546417,
            -0.6035609245300293,
            0.024884730577468872
        ],
        [
            -0.38384324312210083,
            -0.6041911840438843,
            0.02266474813222885
        ],
        [
            -0.3827221393585205,
            -0.6017404794692993,
            0.029090799391269684
        ],
        [
            -0.381411075592041,
            -0.596968412399292,
            0.04311591014266014
        ],
        [
            -0.3820593059062958,
            -0.5974566340446472,
            0.03936715051531792
        ],
        [
            -0.3844923675060272,
            -0.601270318031311,
            0.04090966284275055
        ],
        [
            -0.38419079780578613,
            -0.6010266542434692,
            0.04408646747469902
        ],
        [
            -0.38814547657966614,
            -0.6049399971961975,
            0.022771917283535004
        ],
        [
            -0.3898715674877167,
            -0.6056763529777527,
            0.02088383212685585
        ],
        [
            -0.39257335662841797,
            -0.6056785583496094,
            0.025970444083213806
        ],
        [
            -0.3896513283252716,
            -0.6047252416610718,
            0.02653619647026062
        ],
        [
            -0.39221182465553284,
            -0.606438398361206,
            0.018347017467021942
        ],
        [
            -0.38758084177970886,
            -0.6054279208183289,
            0.018498025834560394
        ],
        [
            -0.3889969289302826,
            -0.6057097911834717,
            0.015364516526460648
        ],
        [
            -0.3829028904438019,
            -0.6039755344390869,
            0.020194727927446365
        ],
        [
            -0.3817756474018097,
            -0.6035023331642151,
            0.016905032098293304
        ],
        [
            -0.38465219736099243,
            -0.6040539145469666,
            0.01701221615076065
        ],
        [
            -0.3786538243293762,
            -0.6017981767654419,
            0.018621724098920822
        ],
        [
            -0.38100990653038025,
            -0.602755069732666,
            0.022718753665685654
        ],
        [
            -0.37983471155166626,
            -0.6003470420837402,
            0.026759769767522812
        ],
        [
            -0.37894314527511597,
            -0.5976175665855408,
            0.03197966888546944
        ],
        [
            -0.37428611516952515,
            -0.5965356826782227,
            0.028052933514118195
        ],
        [
            -0.37615343928337097,
            -0.5992453098297119,
            0.022624187171459198
        ],
        [
            -0.39601367712020874,
            -0.6082496643066406,
            0.024129070341587067
        ],
        [
            -0.38457515835762024,
            -0.6042269468307495,
            0.012358825653791428
        ],
        [
            -0.3906567096710205,
            -0.6074660420417786,
            0.010130416601896286
        ],
        [
            -0.3801230788230896,
            -0.6023081541061401,
            0.011482685804367065
        ],
        [
            -0.3756362199783325,
            -0.6004510521888733,
            0.012814890593290329
        ],
        [
            -0.37176278233528137,
            -0.5979455709457397,
            0.017045091837644577
        ],
        [
            -0.3687085807323456,
            -0.5948512554168701,
            0.02239258587360382
        ],
        [
            -0.3430931866168976,
            -0.586473822593689,
            0.020868897438049316
        ],
        [
            -0.3483925759792328,
            -0.5904682278633118,
            0.013088487088680267
        ],
        [
            -0.45521628856658936,
            -0.6471600532531738,
            0.027478154748678207
        ],
        [
            -0.4560331702232361,
            -0.6468067765235901,
            0.01834072545170784
        ],
        [
            -0.44733089208602905,
            -0.6455202698707581,
            0.015331517904996872
        ],
        [
            -0.4495971202850342,
            -0.6466257572174072,
            0.01418522372841835
        ],
        [
            -0.4509336054325104,
            -0.6461962461471558,
            0.020115550607442856
        ],
        [
            -0.44795602560043335,
            -0.6449580788612366,
            0.019993096590042114
        ],
        [
            -0.43760260939598083,
            -0.6508456468582153,
            -0.00337962806224823
        ],
        [
            -0.43982812762260437,
            -0.649223804473877,
            0.002880178391933441
        ],
        [
            -0.4360559284687042,
            -0.6480616331100464,
            0.0017841756343841553
        ],
        [
            -0.432474285364151,
            -0.6469081044197083,
            -0.005832906812429428
        ],
        [
            -0.43118149042129517,
            -0.6398780941963196,
            0.009952481836080551
        ],
        [
            -0.43195870518684387,
            -0.6421973705291748,
            0.00513792410492897
        ],
        [
            -0.43753817677497864,
            -0.644694447517395,
            0.010266777127981186
        ],
        [
            -0.4370749294757843,
            -0.6429388523101807,
            0.013731874525547028
        ],
        [
            -0.4364316463470459,
            -0.6420499682426453,
            0.01770920678973198
        ],
        [
            -0.435796320438385,
            -0.6419177055358887,
            0.022126872092485428
        ],
        [
            -0.4313122630119324,
            -0.6392747163772583,
            0.02066734805703163
        ],
        [
            -0.4311678111553192,
            -0.639089822769165,
            0.01536797359585762
        ],
        [
            -0.4504033625125885,
            -0.6472177505493164,
            0.026559047400951385
        ],
        [
            -0.44719794392585754,
            -0.6484736204147339,
            0.033162400126457214
        ],
        [
            -0.4447821080684662,
            -0.6470699906349182,
            0.03103948011994362
        ],
        [
            -0.44750019907951355,
            -0.6455003023147583,
            0.02574113756418228
        ],
        [
            -0.4335896968841553,
            -0.6494425535202026,
            0.03773893043398857
        ],
        [
            -0.4365091621875763,
            -0.6496596932411194,
            0.03740781918168068
        ],
        [
            -0.43710851669311523,
            -0.6503741145133972,
            0.041247665882110596
        ],
        [
            -0.4328289031982422,
            -0.6486716270446777,
            0.04108904302120209
        ],
        [
            -0.4311705231666565,
            -0.6463160514831543,
            0.03843861073255539
        ],
        [
            -0.4328104257583618,
            -0.6478400826454163,
            0.036392662674188614
        ],
        [
            -0.4949477016925812,
            -0.6866399645805359,
            0.031004220247268677
        ],
        [
            -0.48499253392219543,
            -0.6710781455039978,
            0.036065246909856796
        ],
        [
            -0.4879521429538727,
            -0.6890145540237427,
            0.01191641390323639
        ],
        [
            -0.4764931797981262,
            -0.6896379590034485,
            -0.00269244983792305
        ],
        [
            -0.4633076786994934,
            -0.6864243149757385,
            -0.015146669000387192
        ],
        [
            -0.3868284523487091,
            -0.6149728894233704,
            -0.008931087329983711
        ],
        [
            -0.37700510025024414,
            -0.6143397688865662,
            -0.01330353319644928
        ],
        [
            -0.378702849149704,
            -0.6266648769378662,
            -0.023635877296328545
        ],
        [
            -0.3676416277885437,
            -0.6243404746055603,
            -0.025023452937602997
        ],
        [
            -0.36645185947418213,
            -0.6113744378089905,
            -0.013826997950673103
        ],
        [
            -0.34662097692489624,
            -0.6034099459648132,
            -0.004637610167264938
        ],
        [
            -0.35613957047462463,
            -0.6072077751159668,
            -0.011111272498965263
        ],
        [
            -0.355927437543869,
            -0.6222951412200928,
            -0.02425854466855526
        ],
        [
            -0.35965999960899353,
            -0.6401740312576294,
            -0.036034584045410156
        ],
        [
            -0.3705575466156006,
            -0.638684868812561,
            -0.03404071927070618
        ],
        [
            -0.36632809042930603,
            -0.6591237187385559,
            -0.04207185283303261
        ],
        [
            -0.3467177152633667,
            -0.643587589263916,
            -0.037398237735033035
        ],
        [
            -0.35994625091552734,
            -0.6659467220306396,
            -0.042756229639053345
        ],
        [
            -0.3216935694217682,
            -0.619816780090332,
            -0.022883795201778412
        ],
        [
            -0.31457048654556274,
            -0.6150916814804077,
            -0.02585398033261299
        ],
        [
            -0.31532779335975647,
            -0.6270744800567627,
            -0.041090499609708786
        ],
        [
            -0.3230094015598297,
            -0.631911039352417,
            -0.03816695511341095
        ],
        [
            -0.38127297163009644,
            -0.6376879811286926,
            -0.030957655981183052
        ],
        [
            -0.43668609857559204,
            -0.6690005660057068,
            -0.022120380774140358
        ],
        [
            -0.44104599952697754,
            -0.6611865758895874,
            -0.014296742156147957
        ],
        [
            -0.42500773072242737,
            -0.6638379096984863,
            -0.02729080244898796
        ],
        [
            -0.47416946291923523,
            -0.7197434306144714,
            -0.022110674530267715
        ],
        [
            -0.47792378067970276,
            -0.7046213746070862,
            -0.012083381414413452
        ],
        [
            -0.4645448625087738,
            -0.6993988156318665,
            -0.022737622261047363
        ],
        [
            -0.4629475176334381,
            -0.7140684127807617,
            -0.031211301684379578
        ],
        [
            -0.4981389343738556,
            -0.7383875846862793,
            0.011282294988632202
        ],
        [
            -0.5007755756378174,
            -0.7113886475563049,
            0.020237956196069717
        ],
        [
            -0.49187570810317993,
            -0.7091389894485474,
            0.004489663988351822
        ],
        [
            -0.4894859790802002,
            -0.729532778263092,
            -0.004472080618143082
        ],
        [
            -0.4576728343963623,
            -0.7251207828521729,
            -0.038002558052539825
        ],
        [
            -0.4497854709625244,
            -0.7399494647979736,
            -0.04460994154214859
        ],
        [
            -0.4574829936027527,
            -0.7550222873687744,
            -0.04057642072439194
        ],
        [
            -0.4690684378147125,
            -0.7383530735969543,
            -0.03156718984246254
        ],
        [
            -0.46646732091903687,
            -0.7745956778526306,
            -0.029255766421556473
        ],
        [
            -0.48067042231559753,
            -0.7545615434646606,
            -0.01768491044640541
        ],
        [
            -0.34339141845703125,
            -0.664985716342926,
            -0.04523308575153351
        ],
        [
            -0.3567436933517456,
            -0.6795101165771484,
            -0.04551587253808975
        ],
        [
            -0.33334672451019287,
            -0.6366211175918579,
            -0.03473888337612152
        ],
        [
            -0.3318621814250946,
            -0.6534890532493591,
            -0.04546358063817024
        ],
        [
            -0.4705881178379059,
            -0.7909414172172546,
            -0.012316994369029999
        ],
        [
            -0.4877914786338806,
            -0.7680601477622986,
            0.0010784044861793518
        ],
        [
            -0.403809517621994,
            -0.7679946422576904,
            -0.05586625635623932
        ],
        [
            -0.4228270947933197,
            -0.7708269357681274,
            -0.052291203290224075
        ],
        [
            -0.4224596619606018,
            -0.7501222491264343,
            -0.054833896458148956
        ],
        [
            -0.4048832058906555,
