{
    "pred_cam": [
        1.0865262746810913,
        -0.013185163959860802,
        0.10154607146978378
    ],
    "pred_smpl_params": {
        "global_orient": [
            [
                [
                    0.7809345722198486,
                    0.1432134360074997,
                    -0.6079729199409485
                ],
                [
                    0.2069135457277298,
                    -0.9777160882949829,
                    0.0354684479534626
                ],
                [
                    -0.589345395565033,
                    -0.1534963697195053,
                    -0.7931650876998901
                ]
            ]
        ],
        "body_pose": [
            [
                [
                    0.9771414995193481,
                    -0.2016134113073349,
                    0.06742872297763824
                ],
                [
                    0.2012648731470108,
                    0.9794634580612183,
                    0.011993477120995522
                ],
                [
                    -0.06846201419830322,
                    0.001851710258051753,
                    0.9976521134376526
                ]
            ],
            [
                [
                    0.9963052868843079,
                    0.06743650138378143,
                    0.05318024009466171
                ],
                [
                    -0.055822014808654785,
                    0.9790671467781067,
                    -0.1957327425479889
                ],
                [
                    -0.06526656448841095,
                    0.19204092025756836,
                    0.9792141914367676
                ]
            ],
            [
                [
                    0.9987406134605408,
                    0.005828119348734617,
                    -0.04983288794755936
                ],
                [
                    -0.0036553358659148216,
                    0.9990431666374207,
                    0.043582089245319366
                ],
                [
                    0.05003920570015907,
                    -0.04334504157304764,
                    0.9978063106536865
                ]
            ],
            [
                [
                    0.988752007484436,
                    -0.04412947595119476,
                    -0.14290527999401093
                ],
                [
                    0.010625956580042839,
                    0.9737926125526428,
                    -0.2271893471479416
                ],
                [
                    0.14918586611747742,
                    0.2231154441833496,
                    0.9633083343505859
                ]
            ],
            [
                [
                    0.9565662741661072,
                    0.1556931883096695,
                    0.24645623564720154
                ],
                [
                    -0.05933483690023422,
                    0.931719958782196,
                    -0.35829782485961914
                ],
                [
                    -0.2854127287864685,
                    0.3281121551990509,
                    0.9004899263381958
                ]
            ],
            [
                [
                    0.992446780204773,
                    -0.09858768433332443,
                    -0.07300577312707901
                ],
                [
                    0.08956684172153473,
                    0.9889732599258423,
                    -0.11793941259384155
                ],
                [
                    0.08382812887430191,
                    0.11050969362258911,
                    0.9903334975242615
                ]
            ],
            [
                [
                    0.9846670031547546,
                    0.14570675790309906,
                    0.09591840952634811
                ],
                [
                    -0.14376407861709595,
                    0.9892463088035583,
                    -0.02689911425113678
                ],
                [
                    -0.09880632162094116,
                    0.012697049416601658,
                    0.9950255751609802
                ]
            ],
            [
                [
                    0.9970994591712952,
                    -0.021627439185976982,
                    -0.0729706808924675
                ],
                [
                    0.030981145799160004,
                    0.9910827875137329,
                    0.1295957714319229
                ],
                [
                    0.06951715797185898,
                    -0.1314806193113327,
                    0.9888781309127808
                ]
            ],
            [
                [
                    0.9960542917251587,
                    -0.04610840603709221,
                    -0.07582816481590271
                ],
                [
                    0.0472656786441803,
                    0.9987906217575073,
                    0.013537590391933918
                ],
                [
                    0.07511226087808609,
                    -0.01706824265420437,
                    0.9970290064811707
                ]
            ],
            [
                [
                    0.964435338973999,
                    -0.21277101337909698,
                    0.15682145953178406
                ],
                [
                    0.18716055154800415,
                    0.9686699509620667,
                    0.16324687004089355
                ],
                [
                    -0.18664242327213287,
                    -0.1280902624130249,
                    0.9740418791770935
                ]
            ],
            [
                [
                    0.9922566413879395,
                    0.09400907158851624,
                    -0.08117394894361496
                ],
                [
                    -0.08772978186607361,
                    0.9931061267852783,
                    0.0777411162853241
                ],
                [
                    0.08792272210121155,
                    -0.0700177550315857,
                    0.9936635494232178
                ]
            ],
            [
                [
                    0.9981823563575745,
                    -0.05235704779624939,
                    -0.029844915494322777
                ],
                [
                    0.05227814242243767,
                    0.998626708984375,
                    -0.003418734297156334
                ],
                [
                    0.029982924461364746,
                    0.0018522837199270725,
                    0.9995486736297607
                ]
            ],
            [
                [
                    0.9215700030326843,
                    0.33169838786125183,
                    -0.20170502364635468
                ],
                [
                    -0.3328819274902344,
                    0.9425210356712341,
                    0.02904593013226986
                ],
                [
                    0.19974572956562042,
                    0.04037610441446304,
                    0.9790155291557312
                ]
            ],
            [
                [
                    0.9271820187568665,
                    -0.3630572259426117,
                    0.09231933951377869
                ],
                [
                    0.3618345260620117,
                    0.9317513704299927,
                    0.030249834060668945
                ],
                [
                    -0.0970011055469513,
                    0.005357220768928528,
                    0.995269775390625
                ]
            ],
            [
                [
                    0.9922723174095154,
                    -0.04758235812187195,
                    -0.11459322273731232
                ],
                [
                    0.01962587796151638,
                    0.9721093773841858,
                    -0.2337052971124649
                ],
                [
                    0.12251739948987961,
                    0.22965030372142792,
                    0.965531051158905
                ]
            ],
            [
                [
                    0.43024495244026184,
                    0.7292992472648621,
                    -0.5319886207580566
                ],
                [
                    -0.7951481342315674,
                    0.5851656794548035,
                    0.15912453830242157
                ],
                [
                    0.4273509085178375,
                    0.3545472323894501,
                    0.8316655158996582
                ]
            ],
            [
                [
                    0.4475764334201813,
                    -0.7796240448951721,
                    0.43802011013031006
                ],
                [
                    0.8788450956344604,
                    0.47400110960006714,
                    -0.05435298755764961
                ],
                [
                    -0.1652471125125885,
                    0.4092789590358734,
                    0.8973204493522644
                ]
            ],
            [
                [
                    -0.30068403482437134,
                    -0.36547648906707764,
                    -0.8809177279472351
                ],
                [
                    0.08986958861351013,
                    0.9086937308311462,
                    -0.4076754152774811
                ],
                [
                    0.9494800567626953,
                    -0.20174923539161682,
                    -0.24038447439670563
                ]
            ],
            [
                [
                    -0.43666601181030273,
                    0.4481299817562103,
                    0.7800655961036682
                ],
                [
                    -0.052463799715042114,
                    0.8529413342475891,
                    -0.5193637013435364
                ],
                [
                    -0.8980926275253296,
                    -0.2677136957645416,
                    -0.3489398956298828
                ]
            ],
            [
                [
                    0.9827419519424438,
                    -0.16895397007465363,
                    -0.07531685382127762
                ],
                [
                    0.17781752347946167,
                    0.9750456213951111,
                    0.1329173743724823
                ],
                [
                    0.05098044127225876,
                    -0.14401616156101227,
                    0.9882612228393555
                ]
            ],
            [
                [
                    0.9859912991523743,
                    0.11781333386898041,
                    0.11807253211736679
                ],
                [
                    -0.14453564584255219,
                    0.956799328327179,
                    0.25227871537208557
                ],
                [
                    -0.08324991911649704,
                    -0.2658103108406067,
                    0.9604240655899048
                ]
            ],
            [
                [
                    0.9777771830558777,
                    0.2011987864971161,
                    -0.05891430377960205
                ],
                [
                    -0.197153240442276,
                    0.9780146479606628,
                    0.06795449554920197
                ],
                [
                    0.07129142433404922,
                    -0.05482921004295349,
                    0.9959474205970764
                ]
            ],
            [
                [
                    0.9767276644706726,
                    -0.2059299647808075,
                    0.059966448694467545
                ],
                [
                    0.20218302309513092,
                    0.9773160815238953,
                    0.06305056810379028
                ],
                [
                    -0.07159017026424408,
                    -0.04945903271436691,
                    0.9962071776390076
                ]
            ]
        ],
        "betas": [
            -0.010394200682640076,
            0.08080482482910156,
            0.1733296811580658,
            0.11792458593845367,
            0.040083467960357666,
            -0.03233589977025986,
            0.015801340341567993,
            0.028451353311538696,
            0.003842458128929138,
            -0.019507110118865967
        ]
    },
    "pred_cam_t": [
        -0.013185163959860802,
        0.10154607146978378,
        35.95172882080078
    ],
    "focal_length": [
        5000.0,
        5000.0
    ],
    "pred_keypoints_3d": [
        [
            -0.06589756160974503,
            -0.8240381479263306,
            -0.10390887409448624
        ],
        [
            0.07132107019424438,
            -0.731372594833374,
            -0.006189674139022827
        ],
        [
            -0.04992230236530304,
            -0.6458315253257751,
            0.13688836991786957
        ],
        [
            -0.08504699170589447,
            -0.39501217007637024,
            0.15958957374095917
        ],
        [
            -0.15435421466827393,
            -0.5172277688980103,
            -0.052978381514549255
        ],
        [
            0.17104335129261017,
            -0.6220301389694214,
            -0.1426883339881897
        ],
        [
            0.10820235311985016,
            -0.3743940591812134,
            -0.1949242204427719
        ],
        [
            -0.08107262849807739,
            -0.5343835353851318,
            -0.2149122804403305
        ],
        [
            -0.0018373050261288881,
            -0.2247573435306549,
            0.02758406475186348
        ],
        [
            -0.06463490426540375,
            -0.1502409428358078,
            0.0848984569311142
        ],
        [
            -0.11975926160812378,
            0.19590871036052704,
            0.24273747205734253
        ],
        [
            -0.09253774583339691,
            0.47386401891708374,
            0.5294618606567383
        ],
        [
            0.04347360506653786,
            -0.12115197628736496,
            0.0064571313560009
        ],
        [
            0.08133292198181152,
            0.25350722670555115,
            0.0033814760390669107
        ],
        [
            0.17004694044589996,
            0.6253814697265625,
            0.12061847746372223
        ],
        [
            -0.05978874862194061,
            -0.8687702417373657,
            -0.06150073558092117
        ],
        [
            -0.026456370949745178,
            -0.8688353300094604,
            -0.11891785264015198
        ],
        [
            0.0021403878927230835,
            -0.8680077791213989,
            0.02183278650045395
        ],
        [
            0.0753183513879776,
            -0.8672027587890625,
            -0.1047029197216034
        ],
        [
            0.06806501746177673,
            0.7334507703781128,
            -0.016767535358667374
        ],
        [
            0.15158818662166595,
            0.7262298464775085,
            -0.010550480335950851
        ],
        [
            0.2122182548046112,
            0.6431398391723633,
            0.17205946147441864
        ],
        [
            -0.16535694897174835,
            0.6119851469993591,
            0.40472084283828735
        ],
        [
            -0.2144136130809784,
            0.5762230157852173,
            0.46833306550979614
        ],
        [
            -0.07395987212657928,
            0.4793248176574707,
            0.5992332100868225
        ],
        [
            -0.10162539780139923,
            0.41435757279396057,
            0.5219046473503113
        ],
        [
            -0.11123353987932205,
            0.13676655292510986,
            0.21237581968307495
        ],
        [
            -0.10938740521669388,
            -0.2882824242115021,
            0.11087033897638321
        ],
        [
            0.12519855797290802,
            -0.2151513397693634,
            -0.043124549090862274
        ],
        [
            0.08661742508411407,
            0.20943212509155273,
            -0.004519741050899029
        ],
        [
            0.1856689155101776,
            0.585031270980835,
            0.12687243521213531
        ],
        [
            -0.129515141248703,
            -0.5341368913650513,
            -0.022716905921697617
        ],
        [
            -0.1172182559967041,
            -0.43148961663246155,
            0.1631954461336136
        ],
        [
            -0.024118583649396896,
            -0.6735847592353821,
            0.10868280380964279
        ],
        [
            0.1594054102897644,
            -0.655230700969696,
            -0.11895832419395447
        ],
        [
            0.11559075117111206,
            -0.4133260250091553,
            -0.23040428757667542
        ],
        [
            -0.05585106089711189,
            -0.5403090119361877,
            -0.21551845967769623
        ],
        [
            0.06500986218452454,
            -0.7207252979278564,
            -0.012194309383630753
        ],
        [
            0.021296042948961258,
            -0.9181975722312927,
            -0.05555936321616173
        ],
        [
            0.00846119225025177,
            -0.251520037651062,
            0.03308857977390289
        ],
        [
            0.06394339352846146,
            -0.6618965864181519,
            -0.005074517801403999
        ],
        [
            0.06840840727090836,
            -0.48783859610557556,
            0.02292356826364994
        ],
        [
            0.003938818350434303,
            -0.805985689163208,
            -0.06919682025909424
        ],
        [
            0.023566868156194687,
            -0.9379257559776306,
            -0.04855620861053467
        ]
    ],
    "pred_vertices": [
        [
            -0.02589244395494461,
            -0.915142297744751,
            -0.13301648199558258
        ],
        [
            -0.03338991850614548,
            -0.9004175066947937,
            -0.13042345643043518
        ],
        [
            -0.019596517086029053,
            -0.8977811336517334,
            -0.13522188365459442
        ],
        [
            -0.00933057814836502,
            -0.9090991020202637,
            -0.13532963395118713
        ],
        [
            -0.025458022952079773,
            -0.888089120388031,
            -0.13341712951660156
        ],
        [
            -0.03642462193965912,
            -0.8884056806564331,
            -0.12840011715888977
        ],
        [
            -0.006584234535694122,
            -0.8926867246627808,
            -0.13522672653198242
        ],
        [
            0.004243306815624237,
            -0.9006455540657043,
            -0.13475041091442108
        ],
        [
            0.009645551443099976,
            -0.8585938215255737,
            -0.13104748725891113
        ],
        [
            0.02052481472492218,
            -0.8549432754516602,
            -0.12880206108093262
        ],
        [
            0.01778624951839447,
            -0.866855263710022,
            -0.13074415922164917
        ],
        [
            0.00736573338508606,
            -0.8674013614654541,
            -0.13113078474998474
        ],
        [
            0.015049569308757782,
            -0.8329449892044067,
            -0.12641048431396484
        ],
        [
            0.005671881139278412,
            -0.8226975798606873,
            -0.12477600574493408
        ],
        [
            0.01606050133705139,
            -0.8147364854812622,
            -0.1209358349442482
        ],
        [
            0.025606654584407806,
            -0.8244504332542419,
            -0.12112581729888916
        ],
        [
            -0.032643817365169525,
            -0.8341852426528931,
            -0.11058294028043747
        ],
        [
            -0.028193451464176178,
            -0.8276669979095459,
            -0.114220030605793
        ],
        [
            -0.026190899312496185,
            -0.8344473242759705,
            -0.11756844818592072
        ],
        [
            -0.030638664960861206,
            -0.8401542901992798,
            -0.11301447451114655
        ],
        [
            -0.043578602373600006,
            -0.8431651592254639,
            -0.10650920867919922
        ],
        [
            -0.04081065207719803,
            -0.8490340709686279,
            -0.10593889653682709
        ],
        [
            -0.04787576198577881,
            -0.8522918820381165,
            -0.10476050525903702
        ],
        [
            -0.051022447645664215,
            -0.8456200361251831,
            -0.10648345947265625
        ],
        [
            -0.03483514487743378,
            -0.8289587497711182,
            -0.1055561900138855
        ],
        [
            -0.029798179864883423,
            -0.8223661184310913,
            -0.10939910262823105
        ],
        [
            -0.036898232996463776,
            -0.8396884202957153,
            -0.10776842385530472
        ],
        [
            -0.03931931406259537,
            -0.8349459171295166,
            -0.1068846806883812
        ],
        [
            -0.04898982495069504,
            -0.827627420425415,
            -0.10929811000823975
        ],
        [
            -0.04736202955245972,
            -0.832531213760376,
            -0.11008967459201813
        ],
        [
            -0.05501183122396469,
            -0.8328922986984253,
            -0.11076007038354874
        ],
        [
            -0.05464159697294235,
            -0.8274726867675781,
            -0.10916346311569214
        ],
        [
            -0.03960583359003067,
            -0.827980637550354,
            -0.10685056447982788
        ],
        [
            -0.04197709262371063,
            -0.8306236863136292,
            -0.10877685248851776
        ],
        [
            -0.04489099979400635,
            -0.8265950679779053,
            -0.1077602282166481
        ],
        [
            -0.042678117752075195,
            -0.8248888254165649,
            -0.10479686409235
        ],
        [
            -0.045734189450740814,
            -0.8385467529296875,
            -0.10704749077558517
        ],
        [
            -0.05326630175113678,
            -0.8397237062454224,
            -0.10830456018447876
        ],
        [
            -0.06145700812339783,
            -0.840415358543396,
            -0.1086307018995285
        ],
        [
            -0.06304675340652466,
            -0.8316687941551208,
            -0.11071759462356567
        ],
        [
            -0.015174850821495056,
            -0.8149100542068481,
            -0.118858203291893
        ],
        [
            -0.02227122336626053,
            -0.8212945461273193,
            -0.11748452484607697
        ],
        [
            -0.024496175348758698,
            -0.8165460824966431,
            -0.11292687058448792
        ],
        [
            -0.01891189068555832,
            -0.8113529086112976,
            -0.1148756742477417
        ],
        [
            -0.03872852027416229,
            -0.8221538662910461,
            -0.10385466367006302
        ],
        [
            -0.03498975932598114,
            -0.8066201210021973,
            -0.10581956803798676
        ],
        [
            -0.03549347072839737,
            -0.8103099465370178,
            -0.10643832385540009
        ],
        [
            -0.04215254634618759,
            -0.8107527494430542,
            -0.10352708399295807
        ],
        [
            -0.04120387136936188,
            -0.8073326945304871,
            -0.10339635610580444
        ],
        [
            -0.0034048035740852356,
            -0.8016488552093506,
            -0.11694841086864471
        ],
        [
            -0.010092414915561676,
            -0.800247073173523,
            -0.11441178619861603
        ],
        [
            -0.006821155548095703,
            -0.7935917377471924,
            -0.11282621324062347
        ],
        [
            0.0007480569183826447,
            -0.7939183712005615,
            -0.11394557356834412
        ],
        [
            -0.006552271544933319,
            -0.788160502910614,
            -0.1098022609949112
        ],
        [
            0.003751937299966812,
            -0.7865675091743469,
            -0.11046329140663147
        ],
        [
            0.0002260170876979828,
            -0.7727104425430298,
            -0.10212422907352448
        ],
        [
            0.0024111010134220123,
            -0.7787941098213196,
            -0.10613290220499039
        ],
        [
            -0.008350525051355362,
            -0.7825847864151001,
            -0.106467604637146
        ],
        [
            -0.01339462399482727,
            -0.7772331237792969,
            -0.10342265665531158
        ],
        [
            -0.027475640177726746,
            -0.7806617617607117,
            -0.0986955314874649
        ],
        [
            -0.03267265111207962,
            -0.779195249080658,
            -0.09507763385772705
        ],
        [
            -0.026944033801555634,
            -0.7673665285110474,
            -0.09680105745792389
        ],
        [
            -0.02079981565475464,
            -0.7715641856193542,
            -0.10006894171237946
        ],
        [
            -0.03079855442047119,
            -0.8015093207359314,
            -0.10272616147994995
        ],
        [
            -0.026297807693481445,
            -0.8018872737884521,
            -0.10446019470691681
        ],
        [
            -0.028247922658920288,
            -0.8029873371124268,
            -0.10604061186313629
        ],
        [
            -0.033350132405757904,
            -0.8036817312240601,
            -0.10456527024507523
        ],
        [
            -0.02279188483953476,
            -0.8018532991409302,
            -0.10628139227628708
        ],
        [
            -0.02123788744211197,
            -0.8017286062240601,
            -0.1071467325091362
        ],
        [
            -0.022529616951942444,
            -0.8028184771537781,
            -0.1077537089586258
        ],
        [
            -0.023400351405143738,
            -0.8025147914886475,
            -0.1065254807472229
        ],
        [
            -0.024948030710220337,
            -0.8021117448806763,
            -0.1052708774805069
        ],
        [
            -0.025598645210266113,
            -0.8002044558525085,
            -0.10457220673561096
        ],
        [
            -0.023582711815834045,
            -0.8010310530662537,
            -0.10581214725971222
        ],
        [
            -0.02977330982685089,
            -0.7990617752075195,
            -0.10314445197582245
        ],
        [
            -0.04279526323080063,
            -0.7958337664604187,
            -0.09684943407773972
        ],
        [
            -0.03966708481311798,
            -0.7965797185897827,
            -0.09934045374393463
        ],
        [
            -0.040153197944164276,
            -0.8010580539703369,
            -0.09789401292800903
        ],
        [
            -0.042980045080184937,
            -0.8006871938705444,
            -0.09584556519985199
        ],
        [
            -0.025161661207675934,
            -0.8043539524078369,
            -0.10750383138656616
        ],
        [
            -0.023583412170410156,
            -0.8059934377670288,
            -0.10946893692016602
        ],
        [
            -0.028800100088119507,
            -0.8082071542739868,
            -0.10857667773962021
        ],
        [
            -0.028636232018470764,
            -0.8056236505508423,
            -0.10701116174459457
        ],
        [
            -0.022150918841362,
            -0.8078774213790894,
            -0.11172974109649658
        ],
        [
            -0.020883038640022278,
            -0.8041051626205444,
            -0.10931125283241272
        ],
        [
            -0.01883036643266678,
            -0.8048416376113892,
            -0.11158783733844757
        ],
        [
            -0.021333880722522736,
            -0.7999569177627563,
            -0.10661296546459198
        ],
        [
            -0.01844901591539383,
            -0.7984704971313477,
            -0.10781528055667877
        ],
        [
            -0.019283637404441833,
            -0.8009413480758667,
            -0.10903646051883698
        ],
        [
            -0.01948237419128418,
            -0.7952142953872681,
            -0.10621359944343567
        ],
        [
            -0.023319795727729797,
            -0.798012375831604,
            -0.10505487024784088
        ],
        [
            -0.027337662875652313,
            -0.7958756685256958,
            -0.10356815159320831
        ],
        [
            -0.032579205930233,
            -0.7938207387924194,
            -0.10161463916301727
        ],
        [
            -0.028148554265499115,
            -0.7893829941749573,
            -0.10156968981027603
        ],
        [
            -0.023061193525791168,
            -0.7920829057693481,
            -0.10412747412919998
        ],
        [
            -0.027463912963867188,
            -0.8120782375335693,
            -0.11016272008419037
        ],
        [
            -0.015337556600570679,
            -0.8005169034004211,
            -0.11139017343521118
        ],
        [
            -0.014209747314453125,
            -0.806854248046875,
            -0.11479964852333069
        ],
        [
            -0.013814248144626617,
            -0.7959265112876892,
            -0.11018355190753937
        ],
        [
            -0.014062538743019104,
            -0.791507363319397,
            -0.1079573929309845
        ],
        [
            -0.01708207279443741,
            -0.7876753211021423,
            -0.10495346784591675
        ],
        [
            -0.022119589149951935,
            -0.7837040424346924,
            -0.10208861529827118
        ],
        [
            -0.015268370509147644,
            -0.7600529193878174,
            -0.0919700637459755
        ],
        [
            -0.008481454104185104,
            -0.7656707167625427,
            -0.09712290018796921
        ],
        [
            -0.034389741718769073,
            -0.8810713887214661,
            -0.12464083731174469
        ],
        [
            -0.027255885303020477,
            -0.8807967305183411,
            -0.13023912906646729
        ],
        [
            -0.022055022418498993,
            -0.8737504482269287,
            -0.1271108239889145
        ],
        [
            -0.02125624567270279,
            -0.8762547969818115,
            -0.12872931361198425
        ],
        [
            -0.027051560580730438,
            -0.8769659996032715,
            -0.12647634744644165
        ],
        [
            -0.026277892291545868,
            -0.8744316101074219,
            -0.12511354684829712
        ],
        [
            -0.00114411860704422,
            -0.8684728145599365,
            -0.12941361963748932
        ],
        [
            -0.007806912064552307,
            -0.8696922063827515,
            -0.1279706507921219
        ],
        [
            -0.005982734262943268,
            -0.8661528825759888,
            -0.12721890211105347
        ],
        [
            0.0010885000228881836,
            -0.8620058298110962,
            -0.12992030382156372
        ],
        [
            -0.014942534267902374,
            -0.857568621635437,
            -0.1240663006901741
        ],
        [
            -0.010062165558338165,
            -0.8593855500221252,
            -0.1260109841823578
        ],
        [
            -0.015140675008296967,
            -0.8656097650527954,
            -0.12486110627651215
        ],
        [
            -0.01872926950454712,
            -0.8643550276756287,
            -0.1235007718205452
        ],
        [
            -0.022379547357559204,
            -0.8636379241943359,
            -0.12140416353940964
        ],
        [
            -0.0258212611079216,
            -0.8635086417198181,
            -0.11862346529960632
        ],
        [
            -0.024522170424461365,
            -0.858220636844635,
            -0.11793728172779083
        ],
        [
            -0.020133085548877716,
            -0.8574690818786621,
            -0.1211862564086914
        ],
        [
            -0.03146756440401077,
            -0.8780676126480103,
            -0.12142493575811386
        ],
        [
            -0.03529418259859085,
            -0.8775439262390137,
            -0.11537645757198334
        ],
        [
            -0.033442847430706024,
            -0.8746461868286133,
            -0.11559438705444336
        ],
        [
            -0.030649729073047638,
            -0.8750589489936829,
            -0.12103915214538574
        ],
        [
            -0.03431951254606247,
            -0.8688040375709534,
            -0.10402749478816986
        ],
        [
            -0.03473954647779465,
            -0.8711020946502686,
            -0.10585540533065796
        ],
        [
            -0.037770189344882965,
            -0.8722864389419556,
            -0.10369841754436493
        ],
        [
            -0.03713178634643555,
            -0.8680278658866882,
            -0.10210629552602768
        ],
        [
            -0.03570997714996338,
            -0.8649446964263916,
            -0.10379959642887115
        ],
        [
            -0.033848248422145844,
            -0.8670613765716553,
            -0.10522732138633728
        ],
        [
            -0.031230293214321136,
            -0.9367578029632568,
            -0.12579014897346497
        ],
        [
            -0.0393153578042984,
            -0.9190294742584229,
            -0.12590530514717102
        ],
        [
            -0.011916249990463257,
            -0.9314550757408142,
            -0.13186341524124146
        ],
        [
            0.0035415589809417725,
            -0.9218349456787109,
            -0.13299190998077393
        ],
        [
            0.01663283258676529,
            -0.9091328382492065,
            -0.13292188942432404
        ],
        [
            0.005747426301240921,
            -0.8067933320999146,
            -0.11933361738920212
        ],
        [
            0.012715838849544525,
            -0.7986688613891602,
            -0.11613394320011139
        ],
        [
            0.025991547852754593,
            -0.8075146675109863,
            -0.11665608733892441
        ],
        [
            0.03030010685324669,
            -0.7977824211120605,
            -0.11128594726324081
        ],
        [
            0.016336046159267426,
            -0.789099395275116,
            -0.11137878894805908
        ],
        [
            0.013401482254266739,
            -0.7713582515716553,
            -0.09732963144779205
        ],
        [
            0.016620155423879623,
            -0.779371976852417,
            -0.10497293621301651
        ],
        [
            0.03354213759303093,
            -0.7885808944702148,
            -0.10322374105453491
        ],
        [
            0.04856618121266365,
            -0.8028296232223511,
            -0.10217896103858948
        ],
        [
            0.04227237030863762,
            -0.8090335130691528,
            -0.11021347343921661
        ],
        [
            0.05939355120062828,
            -0.8195946216583252,
            -0.09971491247415543
        ],
        [
            0.05649776756763458,
            -0.7963064908981323,
            -0.09123526513576508
        ],
        [
            0.0654577761888504,
            -0.819506824016571,
            -0.09240809828042984
        ],
        [
            0.04926163703203201,
            -0.7604813575744629,
            -0.07864686101675034
        ],
        [
            0.05453729256987572,
            -0.7498046159744263,
            -0.07696481794118881
        ],
        [
            0.07102979719638824,
            -0.7575736045837402,
            -0.0776798203587532
        ],
        [
            0.06607550382614136,
            -0.768379807472229,
            -0.08082100749015808
        ],
        [
            0.03547697514295578,
            -0.8162069320678711,
            -0.11610235273838043
        ],
        [
            0.024281077086925507,
            -0.8778132796287537,
            -0.12959930300712585
        ],
        [
            0.012378334999084473,
            -0.8764148950576782,
            -0.13198691606521606
        ],
        [
            0.029783301055431366,
            -0.8656008839607239,
            -0.12762413918972015
        ],
        [
            0.0351494699716568,
            -0.9394741058349609,
            -0.12662373483181
        ],
        [
            0.01777259260416031,
            -0.9324781894683838,
            -0.1308465152978897
        ],
        [
            0.028996765613555908,
            -0.918249249458313,
            -0.13166582584381104
        ],
        [
            0.04332949221134186,
            -0.9266363382339478,
            -0.12721861898899078
        ],
        [
            0.008940517902374268,
            -0.9731814861297607,
            -0.11114078015089035
        ],
        [
            -0.011905387043952942,
            -0.9571030139923096,
            -0.1206718236207962
        ],
        [
            0.0021774470806121826,
            -0.9469137787818909,
            -0.12662208080291748
        ],
        [
            0.02034088969230652,
            -0.9589478969573975,
            -0.11971703171730042
        ],
        [
            0.05521206557750702,
            -0.9297715425491333,
            -0.12150644510984421
        ],
        [
            0.07151591032743454,
            -0.9335513114929199,
            -0.11203490942716599
        ],
        [
            0.07345409691333771,
            -0.9505335092544556,
            -0.106794573366642
        ],
        [
            0.053182102739810944,
            -0.9475804567337036,
            -0.11747293919324875
        ],
        [
            0.07008963078260422,
            -0.9711989164352417,
            -0.09418297559022903
        ],
        [
            0.04601011425256729,
            -0.9684711694717407,
            -0.10747046768665314
        ],
        [
            0.07451553642749786,
            -0.8068620562553406,
            -0.08379577845335007
        ],
        [
            0.0754910409450531,
            -0.8257471323013306,
            -0.08599859476089478
        ],
        [
            0.059245191514492035,
            -0.7811033725738525,
            -0.08483858406543732
        ],
        [
            0.07561727613210678,
            -0.7905261516571045,
            -0.08104182779788971
        ],
        [
            0.06265760958194733,
            -0.9870438575744629,
            -0.0776822566986084
        ],
        [
            0.03486253321170807,
            -0.9851945638656616,
            -0.09453818947076797
        ],
        [
            0.10867808014154434,
            -0.9186647534370422,
            -0.07476171851158142
        ],
        [
            0.10145939886569977,
            -0.93537437915802,
            -0.08300431072711945
        ],
        [
            0.09280857443809509,
