{
    "pred_cam": [
        1.5754365921020508,
        0.21317584812641144,
        0.2178114354610443
    ],
    "pred_smpl_params": {
        "global_orient": [
            [
                [
                    -0.5534579157829285,
                    -0.18654976785182953,
                    -0.8117163181304932
                ],
                [
                    0.366251677274704,
                    -0.9298179149627686,
                    -0.036031775176525116
                ],
                [
                    -0.7480267286300659,
                    -0.3172345757484436,
                    0.5829392671585083
                ]
            ]
        ],
        "body_pose": [
            [
                [
                    0.9986164569854736,
                    -0.041134078055620193,
                    0.03275904431939125
                ],
                [
                    0.020392466336488724,
                    0.8771572709083557,
                    0.4797700047492981
                ],
                [
                    -0.04846973344683647,
                    -0.47843819856643677,
                    0.8767825365066528
                ]
            ],
            [
                [
                    0.9961050748825073,
                    0.07337991893291473,
                    -0.04888726770877838
                ],
                [
                    -0.044407300651073456,
                    0.8964964151382446,
                    0.44081994891166687
                ],
                [
                    0.07617458701133728,
                    -0.4369320869445801,
                    0.8962632417678833
                ]
            ],
            [
                [
                    0.9976908564567566,
                    0.0546903982758522,
                    0.040272004902362823
                ],
                [
                    -0.024469811469316483,
                    0.8425734043121338,
                    -0.5380253195762634
                ],
                [
                    -0.06335693597793579,
                    0.5357975363731384,
                    0.8419660329818726
                ]
            ],
            [
                [
                    0.9861372709274292,
                    0.13427934050559998,
                    0.09747987985610962
                ],
                [
                    -0.12909655272960663,
                    0.9899526834487915,
                    -0.05768650397658348
                ],
                [
                    -0.10424657166004181,
                    0.04430249705910683,
                    0.993564248085022
                ]
            ],
            [
                [
                    0.9991220235824585,
                    0.03779034689068794,
                    -0.01808715984225273
                ],
                [
                    -0.037579864263534546,
                    0.9992234706878662,
                    0.011839017271995544
                ],
                [
                    0.01852051541209221,
                    -0.011148909106850624,
                    0.9997663497924805
                ]
            ],
            [
                [
                    0.9993967413902283,
                    -0.009787951596081257,
                    0.033321868628263474
                ],
                [
                    0.01033104956150055,
                    0.9998159408569336,
                    -0.01616555079817772
                ],
                [
                    -0.033157508820295334,
                    0.016500048339366913,
                    0.9993138909339905
                ]
            ],
            [
                [
                    0.980707049369812,
                    0.10422477126121521,
                    0.16538119316101074
                ],
                [
                    -0.09117784351110458,
                    0.9922318458557129,
                    -0.08463137596845627
                ],
                [
                    -0.1729172021150589,
                    0.06791949272155762,
                    0.9825917482376099
                ]
            ],
            [
                [
                    0.9751847386360168,
                    -0.06795816123485565,
                    -0.2107047289609909
                ],
                [
                    0.06064851954579353,
                    0.9973180294036865,
                    -0.0409691259264946
                ],
                [
                    0.2129238247871399,
                    0.027173534035682678,
                    0.9766908884048462
                ]
            ],
            [
                [
                    0.999998152256012,
                    0.0017436512280255556,
                    -0.0008396933553740382
                ],
                [
                    -0.0018081595189869404,
                    0.9964467883110046,
                    -0.08420554548501968
                ],
                [
                    0.0006898851715959609,
                    0.08420690149068832,
                    0.9964480996131897
                ]
            ],
            [
                [
                    0.9907199740409851,
                    -0.12441268563270569,
                    0.05473089590668678
                ],
                [
                    0.1270112693309784,
                    0.9907931685447693,
                    -0.04687211662530899
                ],
                [
                    -0.048395514488220215,
                    0.053388580679893494,
                    0.9974004030227661
                ]
            ],
            [
                [
                    0.990303099155426,
                    0.13851138949394226,
                    0.010694445110857487
                ],
                [
                    -0.13830992579460144,
                    0.9902305006980896,
                    -0.017716793343424797
                ],
                [
                    -0.013043944723904133,
                    0.016065848991274834,
                    0.999785840511322
                ]
            ],
            [
                [
                    0.9815954566001892,
                    -0.024502631276845932,
                    0.18939363956451416
                ],
                [
                    0.045265696942806244,
                    0.9933252930641174,
                    -0.10609394311904907
                ],
                [
                    -0.1855299025774002,
                    0.11271437257528305,
                    0.9761527180671692
                ]
            ],
            [
                [
                    0.8858205080032349,
                    0.06672824919223785,
                    -0.4592050015926361
                ],
                [
                    -0.0479511022567749,
                    0.9974718689918518,
                    0.05244603380560875
                ],
                [
                    0.4615437090396881,
                    -0.024438392370939255,
                    0.8867807388305664
                ]
            ],
            [
                [
                    0.8801818490028381,
                    -0.16743576526641846,
                    0.44412294030189514
                ],
                [
                    0.14816437661647797,
                    0.9858787655830383,
                    0.0780409500002861
                ],
                [
                    -0.4509182274341583,
                    -0.0028870278038084507,
                    0.892560601234436
                ]
            ],
            [
                [
                    0.9991134405136108,
                    0.038760628551244736,
                    0.016427895054221153
                ],
                [
                    -0.03404638543725014,
                    0.9734789729118347,
                    -0.22622892260551453
                ],
                [
                    -0.024760989472270012,
                    0.22546906769275665,
                    0.973935604095459
                ]
            ],
            [
                [
                    0.8087620139122009,
                    0.42660701274871826,
                    -0.40485841035842896
                ],
                [
                    -0.3706676959991455,
                    0.9041784405708313,
                    0.21228894591331482
                ],
                [
                    0.45662832260131836,
                    -0.021623289212584496,
                    0.8893946409225464
                ]
            ],
            [
                [
                    0.5935648083686829,
                    -0.6289092898368835,
                    0.5021493434906006
                ],
                [
                    0.6044798493385315,
                    0.7603217363357544,
                    0.23772892355918884
                ],
                [
                    -0.5313049554824829,
                    0.16243162751197815,
                    0.8314632177352905
                ]
            ],
            [
                [
                    0.8714921474456787,
                    -0.002979022217914462,
                    -0.49040043354034424
                ],
                [
                    0.05908313766121864,
                    0.9933356046676636,
                    0.09896263480186462
                ],
                [
                    0.48683738708496094,
                    -0.11521954834461212,
                    0.8658601641654968
                ]
            ],
            [
                [
                    0.5342375040054321,
                    0.18940746784210205,
                    0.8238418102264404
                ],
                [
                    -0.23518331348896027,
                    0.9694008231163025,
                    -0.07036304473876953
                ],
                [
                    -0.8119601011276245,
                    -0.15616324543952942,
                    0.5624357461929321
                ]
            ],
            [
                [
                    0.9843335151672363,
                    -0.1701667308807373,
                    -0.046160317957401276
                ],
                [
                    0.16985362768173218,
                    0.9854117035865784,
                    -0.010651152580976486
                ],
                [
                    0.04729939252138138,
                    0.002643788466230035,
                    0.998877227306366
                ]
            ],
            [
                [
                    0.9828332662582397,
                    0.15552759170532227,
                    0.09924639761447906
                ],
                [
                    -0.1721283495426178,
                    0.9666138291358948,
                    0.1898140013217926
                ],
                [
                    -0.06641164422035217,
                    -0.20363865792751312,
                    0.9767909049987793
                ]
            ],
            [
                [
                    0.9869676828384399,
                    0.11563822627067566,
                    -0.11190477758646011
                ],
                [
                    -0.0983162596821785,
                    0.9838529825210571,
                    0.14955633878707886
                ],
                [
                    0.12739229202270508,
                    -0.13660520315170288,
                    0.9824002385139465
                ]
            ],
            [
                [
                    0.9860183000564575,
                    -0.13906079530715942,
                    0.09181466698646545
                ],
                [
                    0.12728390097618103,
                    0.984132707118988,
                    0.1236186996102333
                ],
                [
                    -0.10754833370447159,
                    -0.11020378023386002,
                    0.9880730509757996
                ]
            ]
        ],
        "betas": [
            -0.1640344262123108,
            -0.1641877293586731,
            0.04502230882644653,
            0.6907595992088318,
            0.1946689337491989,
            0.01317322626709938,
            0.009169667959213257,
            -0.036307185888290405,
            0.0796356350183487,
            0.019429266452789307
        ]
    },
    "pred_cam_t": [
        0.21317584812641144,
        0.2178114354610443,
        24.794713973999023
    ],
    "focal_length": [
        5000.0,
        5000.0
    ],
    "pred_keypoints_3d": [
        [
            -0.42353957891464233,
            -0.597294270992279,
            0.06271382421255112
        ],
        [
            -0.258415162563324,
            -0.6443173289299011,
            -0.016360368579626083
        ],
        [
            -0.1428951472043991,
            -0.6280016899108887,
            0.1406998336315155
        ],
        [
            -0.09132420271635056,
            -0.42284032702445984,
            0.27364635467529297
        ],
        [
            -0.2836065888404846,
            -0.2791629433631897,
            0.34577733278274536
        ],
        [
            -0.31827235221862793,
            -0.508150041103363,
            -0.13093967735767365
        ],
        [
            -0.40777698159217834,
            -0.2680320739746094,
            -0.13892590999603271
        ],
        [
            -0.5342332124710083,
            -0.09803536534309387,
            -0.015382647514343262
        ],
        [
            -0.002246940042823553,
            -0.22843128442764282,
            0.027576934546232224
        ],
        [
            0.055052850395441055,
            -0.16905856132507324,
            0.1032538115978241
        ],
        [
            0.02890700474381447,
            0.11512064933776855,
            0.34672993421554565
        ],
        [
            -0.0002513378858566284,
            0.4398502707481384,
            0.5603528022766113
        ],
        [
            -0.01745586097240448,
            -0.11865521967411041,
            0.0013424381613731384
        ],
        [
            -0.12210153788328171,
            0.1918870359659195,
            0.16640573740005493
        ],
        [
            -0.1319604516029358,
            0.5027787685394287,
            0.4007658362388611
        ],
        [
            -0.42476511001586914,
            -0.6542152166366577,
            0.08631976693868637
        ],
        [
            -0.4498727023601532,
            -0.6384510397911072,
            0.02639744058251381
        ],
        [
            -0.3496379256248474,
            -0.7288554310798645,
            0.08487004786729813
        ],
        [
            -0.4067409932613373,
            -0.693071722984314,
            -0.0506584569811821
        ],
        [
            -0.3156135082244873,
            0.5038809776306152,
            0.4856463074684143
        ],
        [
            -0.2912836968898773,
            0.5554447174072266,
            0.4241428077220917
        ],
        [
            -0.08040187507867813,
            0.5487335920333862,
            0.40613651275634766
        ],
        [
            -0.1408359706401825,
            0.38991227746009827,
            0.6935192346572876
        ],
        [
            -0.054456934332847595,
            0.3903640806674957,
            0.7154130935668945
        ],
        [
            0.035294391214847565,
            0.5016669034957886,
            0.5560393333435059
        ],
        [
            0.03994610160589218,
            0.4064188301563263,
            0.5291987657546997
        ],
        [
            0.0335623137652874,
            0.06274688243865967,
            0.3063769042491913
        ],
        [
            0.08882424980401993,
            -0.31181809306144714,
            0.11602282524108887
        ],
        [
            -0.05620749294757843,
            -0.18906593322753906,
            -0.1067679226398468
        ],
        [
            -0.11966332793235779,
            0.16065241396427155,
            0.13641056418418884
        ],
        [
            -0.10782364010810852,
            0.48896244168281555,
            0.368544340133667
        ],
        [
            -0.2922945022583008,
            -0.3118900954723358,
            0.32780101895332336
        ],
        [
            -0.11304910480976105,
            -0.4506506323814392,
            0.2901795506477356
        ],
        [
            -0.1686793565750122,
            -0.642178475856781,
            0.10918226838111877
        ],
        [
            -0.31635794043540955,
            -0.5454559922218323,
            -0.12724906206130981
        ],
        [
            -0.4404432773590088,
            -0.3007134795188904,
            -0.13525408506393433
        ],
        [
            -0.5434108376502991,
            -0.1177036315202713,
            -0.01344352774322033
        ],
        [
            -0.26439616084098816,
            -0.634083092212677,
            -0.01054295152425766
        ],
        [
            -0.4301787316799164,
            -0.7291480898857117,
            0.029884133487939835
        ],
        [
            0.016137883067131042,
            -0.2505294382572174,
            0.004387065302580595
        ],
        [
            -0.23747700452804565,
            -0.5912333130836487,
            -0.007448382675647736
        ],
        [
            -0.09264344722032547,
            -0.47193360328674316,
            -0.03099803812801838
        ],
        [
            -0.36410993337631226,
            -0.6351739764213562,
            0.02327146753668785
        ],
        [
            -0.43828678131103516,
            -0.7481021881103516,
            0.03253793716430664
        ]
    ],
    "pred_vertices": [
        [
            -0.49081936478614807,
            -0.6651828289031982,
            0.02366950735449791
        ],
        [
            -0.48155635595321655,
            -0.651671290397644,
            0.029248911887407303
        ],
        [
            -0.47777125239372253,
            -0.654026210308075,
            0.015194516628980637
        ],
        [
            -0.48319393396377563,
            -0.6663896441459656,
            0.008365955203771591
        ],
        [
            -0.4726162552833557,
            -0.6444941163063049,
            0.019442465156316757
        ],
        [
            -0.4735226035118103,
            -0.642856240272522,
            0.03111521527171135
        ],
        [
            -0.47008129954338074,
            -0.6561694145202637,
            0.0038460232317447662
        ],
        [
            -0.4719449579715729,
            -0.6671822667121887,
            -0.003789123147726059
        ],
        [
            -0.4383434057235718,
            -0.6413336396217346,
            -0.01065705344080925
        ],
        [
            -0.43170320987701416,
            -0.6445063352584839,
            -0.018797649070620537
        ],
        [
            -0.44201669096946716,
            -0.6511937379837036,
            -0.016004182398319244
        ],
        [
            -0.44547000527381897,
            -0.646548330783844,
            -0.007873207330703735
        ],
        [
            -0.416412353515625,
            -0.6278643012046814,
            -0.014990953728556633
        ],
        [
            -0.41160476207733154,
            -0.6171555519104004,
            -0.007695507258176804
        ],
        [
            -0.4003986716270447,
            -0.6181912422180176,
            -0.01509585976600647
        ],
        [
            -0.40397870540618896,
            -0.6295943260192871,
            -0.022067025303840637
        ],
        [
            -0.42295750975608826,
            -0.6158080101013184,
            0.03298143297433853
        ],
        [
            -0.41942599415779114,
            -0.6110891699790955,
            0.0266970656812191
        ],
        [
            -0.4256010055541992,
            -0.6150224208831787,
            0.02379603683948517
        ],
        [
            -0.42810043692588806,
            -0.6196299195289612,
            0.030426915735006332
        ],
        [
            -0.43042391538619995,
            -0.6196826100349426,
            0.04479370266199112
        ],
        [
            -0.4332315921783447,
            -0.62535560131073,
            0.04319155216217041
        ],
        [
            -0.43731701374053955,
            -0.6248767971992493,
            0.050080038607120514
        ],
        [
            -0.43488070368766785,
            -0.6178238391876221,
            0.05114605277776718
        ],
        [
            -0.4169903099536896,
            -0.613552987575531,
            0.037273913621902466
        ],
        [
            -0.4131126403808594,
            -0.6089547872543335,
            0.030436553061008453
        ],
        [
            -0.4263133406639099,
            -0.6194776296615601,
            0.038533635437488556
        ],
        [
            -0.4235747456550598,
            -0.6154459714889526,
            0.040471065789461136
        ],
        [
            -0.4237526059150696,
            -0.6045095920562744,
            0.046433333307504654
        ],
        [
            -0.42714640498161316,
            -0.6082368493080139,
            0.04505425691604614
        ],
        [
            -0.43057891726493835,
            -0.6045299172401428,
            0.05080316588282585
        ],
        [
            -0.4254409074783325,
            -0.6018545627593994,
            0.05104938521981239
        ],
        [
            -0.4190974533557892,
            -0.6102830171585083,
            0.0400117002427578
        ],
        [
            -0.42310571670532227,
            -0.6100341081619263,
            0.040957726538181305
        ],
        [
            -0.4206591844558716,
            -0.6064505577087402,
            0.04362153261899948
        ],
        [
            -0.41673770546913147,
            -0.6076787710189819,
            0.04345152527093887
        ],
        [
            -0.42858290672302246,
            -0.6149542927742004,
            0.04577416926622391
        ],
        [
            -0.4329388439655304,
            -0.6114783883094788,
            0.05138685181736946
        ],
        [
            -0.4365116357803345,
            -0.6079230904579163,
            0.05790802463889122
        ],
        [
            -0.43230900168418884,
            -0.600072979927063,
            0.05741026625037193
        ],
        [
            -0.409249871969223,
            -0.6049716472625732,
            0.012273799628019333
        ],
        [
            -0.4151511788368225,
            -0.607308030128479,
            0.019322190433740616
        ],
        [
            -0.4096299409866333,
            -0.6050359010696411,
            0.023493781685829163
        ],
        [
            -0.4054996371269226,
            -0.602581262588501,
            0.017231430858373642
        ],
        [
            -0.4128006398677826,
            -0.6079241633415222,
            0.0405963696539402
        ],
        [
            -0.4017324149608612,
            -0.5973342061042786,
            0.03504445403814316
        ],
        [
            -0.40499475598335266,
            -0.5994367003440857,
            0.03539324551820755
        ],
        [
            -0.4057455360889435,
            -0.5982791781425476,
            0.04254142567515373
        ],
        [
            -0.40282127261161804,
            -0.5962969660758972,
            0.04158623144030571
        ],
        [
            -0.39523202180862427,
            -0.6015704274177551,
            0.0021237432956695557
        ],
        [
            -0.394834041595459,
            -0.5984221696853638,
            0.008895047008991241
        ],
        [
            -0.3882337510585785,
            -0.5961124300956726,
            0.006499014794826508
        ],
        [
            -0.38681578636169434,
            -0.5994521379470825,
            -0.00025487691164016724
        ],
        [
            -0.38241949677467346,
            -0.593663215637207,
            0.007789734750986099
        ],
        [
            -0.3787148594856262,
            -0.5970830917358398,
            -0.0009518228471279144
        ],
        [
            -0.3643840551376343,
            -0.5899912118911743,
            0.00573015958070755
        ],
        [
            -0.37086641788482666,
            -0.593183696269989,
            0.0020729973912239075
        ],
        [
            -0.376799076795578,
            -0.5907530784606934,
            0.010899290442466736
        ],
        [
            -0.3724522590637207,
            -0.586516261100769,
            0.016429096460342407
        ],
        [
            -0.376186341047287,
            -0.5857956409454346,
            0.030755624175071716
        ],
        [
            -0.3746052384376526,
            -0.5842454433441162,
            0.037057869136333466
        ],
        [
            -0.3654648959636688,
            -0.5773929953575134,
            0.03038150444626808
        ],
        [
            -0.3685999810695648,
            -0.5809503793716431,
            0.02384115383028984
        ],
        [
            -0.39444616436958313,
            -0.5970661044120789,
            0.03314759209752083
        ],
        [
            -0.3943982422351837,
            -0.5982467532157898,
            0.028445441275835037
        ],
        [
            -0.39690834283828735,
            -0.5973116159439087,
            0.029181301593780518
        ],
        [
            -0.39807039499282837,
            -0.5965260863304138,
            0.034314677119255066
        ],
        [
            -0.39456290006637573,
            -0.5984356999397278,
            0.024268340319395065
        ],
        [
            -0.39459228515625,
            -0.598466157913208,
            0.022435031831264496
        ],
        [
            -0.39617621898651123,
            -0.5983636975288391,
            0.02326038107275963
        ],
        [
            -0.39543211460113525,
            -0.5985275506973267,
            0.024501275271177292
        ],
        [
            -0.3947656750679016,
            -0.5983564853668213,
            0.026544060558080673
        ],
        [
            -0.3930371403694153,
            -0.5972579121589661,
            0.027448464184999466
        ],
        [
            -0.3938603699207306,
            -0.5978589653968811,
            0.025225773453712463
        ],
        [
            -0.3926272392272949,
            -0.5954763293266296,
            0.03166276589035988
        ],
        [
            -0.39108678698539734,
            -0.5908169150352478,
            0.0457041896879673
        ],
        [
            -0.3918091356754303,
            -0.5912829637527466,
            0.04196286201477051
        ],
        [
            -0.39421167969703674,
            -0.5951201915740967,
            0.04352915659546852
        ],
        [
            -0.39384347200393677,
            -0.594894289970398,
            0.04669781029224396
        ],
        [
            -0.39814329147338867,
            -0.5986509919166565,
            0.02543805167078972
        ],
        [
            -0.3999379277229309,
            -0.5993529558181763,
            0.023564495146274567
        ],
        [
            -0.40255820751190186,
            -0.5994141697883606,
            0.028711624443531036
        ],
        [
            -0.3996194005012512,
            -0.598459005355835,
            0.02922499179840088
        ],
        [
            -0.4023172855377197,
            -0.600108802318573,
            0.0210721418261528
        ],
        [
            -0.3976736068725586,
            -0.5990765690803528,
            0.02113351598381996
        ],
        [
            -0.39913246035575867,
            -0.5993285775184631,
            0.01800650730729103
        ],
        [
            -0.39296168088912964,
            -0.5976122617721558,
            0.022736549377441406
        ],
        [
            -0.3918918967247009,
            -0.5970925092697144,
            0.019420433789491653
        ],
        [
            -0.39476945996284485,
            -0.5976686477661133,
            0.019589632749557495
        ],
        [
            -0.3887379765510559,
            -0.5953998565673828,
            0.021084364503622055
        ],
        [
            -0.39103013277053833,
            -0.5964064002037048,
            0.025228168815374374
        ],
        [
            -0.3897871971130371,
            -0.5940353870391846,
            0.02926500141620636
        ],
        [
            -0.3888118267059326,
            -0.5913633108139038,
            0.034498389810323715
        ],
        [
            -0.3842179775238037,
            -0.5902239084243774,
            0.030477657914161682
        ],
        [
            -0.38617458939552307,
            -0.5928832292556763,
            0.025056660175323486
        ],
        [
            -0.40600958466529846,
            -0.6019713282585144,
            0.026910562068223953
        ],
        [
            -0.3947700262069702,
            -0.597804069519043,
            0.014927979558706284
        ],
        [
            -0.4008849263191223,
            -0.6010652780532837,
            0.01278851181268692
        ],
        [
            -0.39033135771751404,
            -0.5958530902862549,
            0.013969838619232178
        ],
        [
            -0.38582032918930054,
            -0.5939804911613464,
            0.01521465927362442
        ],
        [
            -0.38189780712127686,
            -0.5914539098739624,
            0.019341129809617996
        ],
        [
            -0.3787465989589691,
            -0.5884539484977722,
            0.024708088487386703
        ],
        [
            -0.35319843888282776,
            -0.5799599289894104,
            0.0227261520922184
        ],
        [
            -0.35858654975891113,
            -0.5838662385940552,
            0.014954809099435806
        ],
        [
            -0.4650116562843323,
            -0.6412156224250793,
            0.030971750617027283
        ],
        [
            -0.4659823477268219,
            -0.640788733959198,
            0.02184537798166275
        ],
        [
            -0.4573524594306946,
            -0.6394436359405518,
            0.01868923380970955
        ],
        [
            -0.4596559405326843,
            -0.6405479907989502,
            0.01756950095295906
        ],
        [
            -0.46086782217025757,
            -0.6401728391647339,
            0.023533165454864502
        ],
        [
            -0.4578985273838043,
            -0.6389230489730835,
            0.02337486669421196
        ],
        [
            -0.447942852973938,
            -0.6445549726486206,
            -0.00025404244661331177
        ],
        [
            -0.45006459951400757,
            -0.6429992318153381,
            0.006068520247936249
        ],
        [
            -0.446327269077301,
            -0.6417955756187439,
            0.004897303879261017
        ],
        [
            -0.44287991523742676,
            -0.640568733215332,
            -0.0027698352932929993
        ],
        [
            -0.4413250982761383,
            -0.633672297000885,
            0.013072177767753601
        ],
        [
            -0.44218215346336365,
            -0.6359403729438782,
            0.008233297616243362
        ],
        [
            -0.44766315817832947,
            -0.638516902923584,
            0.013458821922540665
        ],
        [
            -0.4471430778503418,
            -0.6367960572242737,
            0.0169399194419384
        ],
        [
            -0.44643375277519226,
            -0.6359402537345886,
            0.02091771364212036
        ],
        [
            -0.4457318186759949,
            -0.6358298063278198,
            0.02531459555029869
        ],
        [
            -0.44126778841018677,
            -0.6331685781478882,
            0.02381325140595436
        ],
        [
            -0.44121769070625305,
            -0.6329320073127747,
            0.018512099981307983
        ],
        [
            -0.46021217107772827,
            -0.6412485241889954,
            0.02997855842113495
        ],
        [
            -0.45689094066619873,
            -0.6425390243530273,
            0.03650026395916939
        ],
        [
            -0.4545072913169861,
            -0.6411229372024536,
            0.03434878587722778
        ],
        [
            -0.4573274254798889,
            -0.639518678188324,
            0.029120855033397675
        ],
        [
            -0.4431840777397156,
            -0.6435243487358093,
            0.040834423154592514
        ],
        [
            -0.44610685110092163,
            -0.6437557339668274,
            0.04055168852210045
        ],
        [
            -0.44663411378860474,
            -0.6445125937461853,
            0.04440474137663841
        ],
        [
            -0.4423668384552002,
            -0.6427801251411438,
            0.04418396204710007
        ],
        [
            -0.44076523184776306,
            -0.6403954029083252,
            0.041528478264808655
        ],
        [
            -0.4424344003200531,
            -0.6419089436531067,
            0.03949908912181854
        ],
        [
            -0.5044925212860107,
            -0.6809013485908508,
            0.034829288721084595
        ],
        [
            -0.49449095129966736,
            -0.6652864217758179,
            0.03983455151319504
        ],
        [
            -0.4978107810020447,
            -0.6830554008483887,
            0.015592854470014572
        ],
        [
            -0.4866219758987427,
            -0.6834807395935059,
            0.0007584653794765472
        ],
        [
            -0.47368326783180237,
            -0.6801105737686157,
            -0.011894125491380692
        ],
        [
            -0.3973279297351837,
            -0.6084294319152832,
            -0.006437558680772781
        ],
        [
            -0.38755255937576294,
            -0.6076945662498474,
            -0.011013716459274292
        ],
        [
            -0.3894263207912445,
            -0.6199337244033813,
            -0.021425064653158188
        ],
        [
            -0.37832871079444885,
            -0.6175650954246521,
            -0.023028291761875153
        ],
        [
            -0.37698107957839966,
            -0.6046590209007263,
            -0.01174800843000412
        ],
        [
            -0.3569580912590027,
            -0.5967936515808105,
            -0.002897944301366806
        ],
        [
            -0.3665688931941986,
            -0.6005226969718933,
            -0.009210890159010887
        ],
        [
            -0.3664861023426056,
            -0.6155712008476257,
            -0.022442778572440147
        ],
        [
            -0.37039679288864136,
            -0.633409857749939,
            -0.034213364124298096
        ],
        [
            -0.3814060091972351,
            -0.6318701505661011,
            -0.03208962455391884
        ],
        [
            -0.37714874744415283,
            -0.6523114442825317,
            -0.04028688371181488
        ],
        [
            -0.3573291301727295,
            -0.6368759870529175,
            -0.03589919954538345
        ],
        [
            -0.37070417404174805,
            -0.6590871214866638,
            -0.04120400547981262
        ],
        [
            -0.33139804005622864,
            -0.6131806373596191,
            -0.022151201963424683
        ],
        [
            -0.32395750284194946,
            -0.6084365844726562,
            -0.025410154834389687
        ],
        [
            -0.32477009296417236,
            -0.6204948425292969,
            -0.04054688662290573
        ],
        [
            -0.33283913135528564,
            -0.6252349615097046,
            -0.037404052913188934
        ],
        [
            -0.3921193778514862,
            -0.6309391260147095,
            -0.028776299208402634
        ],
        [
            -0.44728317856788635,
            -0.6625066995620728,
            -0.01922018826007843
        ],
        [
            -0.4515269100666046,
            -0.6547669172286987,
            -0.011214528232812881
        ],
        [
            -0.4357110857963562,
            -0.6572118997573853,
            -0.024603676050901413
        ],
        [
            -0.48453956842422485,
            -0.713422954082489,
            -0.018976282328367233
        ],
        [
            -0.4881373345851898,
            -0.6983870267868042,
            -0.008726436644792557
        ],
        [
            -0.4749770760536194,
            -0.6930017471313477,
            -0.01959766075015068
        ],
        [
            -0.4734850227832794,
            -0.7075930833816528,
            -0.028250161558389664
        ],
        [
            -0.5078079700469971,
            -0.7324398159980774,
            0.01468002051115036
        ],
        [
            -0.5103672742843628,
            -0.7055736780166626,
            0.023952029645442963
        ],
        [
            -0.5017781257629395,
            -0.7031366229057312,
            0.008078165352344513
        ],
        [
            -0.4994880259037018,
            -0.7234055995941162,
            -0.0011571124196052551
        ],
        [
            -0.46832725405693054,
            -0.7185562252998352,
            -0.03523668274283409
        ],
        [
            -0.46046796441078186,
            -0.7332831621170044,
            -0.042108919471502304
        ],
        [
            -0.468080997467041,
            -0.7484174370765686,
            -0.038060203194618225
        ],
        [
            -0.4795306921005249,
            -0.7318742275238037,
            -0.028673909604549408
        ],
        [
            -0.47680801153182983,
            -0.7681064009666443,
            -0.026788834482431412
        ],
        [
            -0.4908623695373535,
            -0.7482652068138123,
            -0.0147516168653965
        ],
        [
            -0.35402801632881165,
            -0.6581613421440125,
            -0.04404634237289429
        ],
        [
            -0.36749863624572754,
            -0.6725729703903198,
            -0.04417873173952103
        ],
        [
            -0.3435530662536621,
            -0.6299375891685486,
            -0.03368048369884491
        ],
        [
            -0.34217187762260437,
            -0.6467498540878296,
            -0.044468365609645844
        ],
        [
            -0.48061928153038025,
            -0.7846213579177856,
            -0.009935423731803894
        ],
        [
            -0.4976012706756592,
            -0.7619516253471375,
            0.004017718136310577
        ],
        [
            -0.4145931303501129,
            -0.7610896825790405,
            -0.05440743267536163
        ],
        [
            -0.4335532486438751,
            -0.7639806866645813,
            -0.050575703382492065
        ],
        [
            -0.43329930305480957,
            -0.7432571649551392,
            -0.052893418818712234
        ],
        [
            -0.415764182806015,
