{
    "pred_cam": [
        1.1269246339797974,
        0.00556030310690403,
        0.10614290088415146
    ],
    "pred_smpl_params": {
        "global_orient": [
            [
                [
                    0.7640621662139893,
                    0.11027393490076065,
                    -0.635648250579834
                ],
                [
                    0.17314116656780243,
                    -0.9841874837875366,
                    0.03737981989979744
                ],
                [
                    -0.6214749217033386,
                    -0.1386173963546753,
                    -0.7710734009742737
                ]
            ]
        ],
        "body_pose": [
            [
                [
                    0.9891183972358704,
                    -0.1365884691476822,
                    0.054665565490722656
                ],
                [
                    0.13413852453231812,
                    0.9898832440376282,
                    0.04624007269740105
                ],
                [
                    -0.06042838096618652,
                    -0.03840415179729462,
                    0.9974334836006165
                ]
            ],
            [
                [
                    0.997087836265564,
                    0.05010919272899628,
                    0.05748962610960007
                ],
                [
                    -0.038513991981744766,
                    0.9815048575401306,
                    -0.18752288818359375
                ],
                [
                    -0.06582297384738922,
                    0.1847626119852066,
                    0.9805764555931091
                ]
            ],
            [
                [
                    0.9985626339912415,
                    -0.013074238784611225,
                    -0.051977429538965225
                ],
                [
                    0.012440202757716179,
                    0.9998444318771362,
                    -0.012503291480243206
                ],
                [
                    0.05213281512260437,
                    0.011838710866868496,
                    0.9985699653625488
                ]
            ],
            [
                [
                    0.9948225021362305,
                    -0.02461642399430275,
                    -0.09860140830278397
                ],
                [
                    0.005820412654429674,
                    0.9824291467666626,
                    -0.1865452080965042
                ],
                [
                    0.10146097093820572,
                    0.18500545620918274,
                    0.9774858951568604
                ]
            ],
            [
                [
                    0.9596403241157532,
                    0.1515384316444397,
                    0.23691068589687347
                ],
                [
                    -0.07407674938440323,
                    0.9488624930381775,
                    -0.3068755269050598
                ],
                [
                    -0.2712990939617157,
                    0.2769405245780945,
                    0.921792209148407
                ]
            ],
            [
                [
                    0.9925965666770935,
                    -0.09666841477155685,
                    -0.07353460043668747
                ],
                [
                    0.08830925822257996,
                    0.990056574344635,
                    -0.10949593037366867
                ],
                [
                    0.08338822424411774,
                    0.1021914929151535,
                    0.9912634491920471
                ]
            ],
            [
                [
                    0.9871188402175903,
                    0.1301012933254242,
                    0.09311298280954361
                ],
                [
                    -0.1273985654115677,
                    0.9912538528442383,
                    -0.034429881721735
                ],
                [
                    -0.09677797555923462,
                    0.022123923525214195,
                    0.9950600862503052
                ]
            ],
            [
                [
                    0.9962165951728821,
                    -0.027596376836299896,
                    -0.08240725100040436
                ],
                [
                    0.035628531128168106,
                    0.9945831298828125,
                    0.09764724969863892
                ],
                [
                    0.07926615327596664,
                    -0.10021386295557022,
                    0.9918034672737122
                ]
            ],
            [
                [
                    0.9968515038490295,
                    -0.04173159971833229,
                    -0.06742165237665176
                ],
                [
                    0.043013542890548706,
                    0.9989181160926819,
                    0.017674628645181656
                ],
                [
                    0.06661111861467361,
                    -0.020519021898508072,
                    0.9975680708885193
                ]
            ],
            [
                [
                    0.9704445004463196,
                    -0.19182232022285461,
                    0.1464294195175171
                ],
                [
                    0.17171764373779297,
                    0.9752197861671448,
                    0.13949686288833618
                ],
                [
                    -0.16955949366092682,
                    -0.11022945493459702,
                    0.9793359637260437
                ]
            ],
            [
                [
                    0.9936645030975342,
                    0.0896451398730278,
                    -0.06778349727392197
                ],
                [
                    -0.08454301208257675,
                    0.9936137795448303,
                    0.07472700625658035
                ],
                [
                    0.07404953241348267,
                    -0.06852295249700546,
                    0.9948976039886475
                ]
            ],
            [
                [
                    0.9962816834449768,
                    -0.04014184698462486,
                    -0.07623299211263657
                ],
                [
                    0.04105744510889053,
                    0.9991018176078796,
                    0.010480942204594612
                ],
                [
                    0.07574379444122314,
                    -0.013571903109550476,
                    0.9970349669456482
                ]
            ],
            [
                [
                    0.9269605875015259,
                    0.3100896179676056,
                    -0.21115992963314056
                ],
                [
                    -0.3122691810131073,
                    0.9496950507164001,
                    0.023817675188183784
                ],
                [
                    0.20792314410209656,
                    0.04386069253087044,
                    0.9771612882614136
                ]
            ],
            [
                [
                    0.9316860437393188,
                    -0.34667032957077026,
                    0.10853970795869827
                ],
                [
                    0.34625646471977234,
                    0.9378519058227539,
                    0.023245543241500854
                ],
                [
                    -0.10985270142555237,
                    0.015925031155347824,
                    0.9938203692436218
                ]
            ],
            [
                [
                    0.9882704019546509,
                    -0.04617530480027199,
                    -0.1455659717321396
                ],
                [
                    0.01737832836806774,
                    0.9810050129890442,
                    -0.19320257008075714
                ],
                [
                    0.15172211825847626,
                    0.18840669095516205,
                    0.9703006744384766
                ]
            ],
            [
                [
                    0.4298827052116394,
                    0.7432671785354614,
                    -0.512596070766449
                ],
                [
                    -0.8077362179756165,
                    0.5702732801437378,
                    0.14950096607208252
                ],
                [
                    0.4034390449523926,
                    0.3497745394706726,
                    0.8455144166946411
                ]
            ],
            [
                [
                    0.44589757919311523,
                    -0.7863951921463013,
                    0.4275020956993103
                ],
                [
                    0.8834559321403503,
                    0.46339908242225647,
                    -0.06904301047325134
                ],
                [
                    -0.1438090056180954,
                    0.40846535563468933,
                    0.9013739824295044
                ]
            ],
            [
                [
                    -0.28533682227134705,
                    -0.36134183406829834,
                    -0.8877020478248596
                ],
                [
                    0.07341910898685455,
                    0.9152446389198303,
                    -0.39615246653556824
                ],
                [
                    0.9556111097335815,
                    -0.17821116745471954,
                    -0.23462359607219696
                ]
            ],
            [
                [
                    -0.4244770407676697,
                    0.45330509543418884,
                    0.7837944030761719
                ],
                [
                    -0.03802308440208435,
                    0.8559636473655701,
                    -0.5156359672546387
                ],
                [
                    -0.9046399593353271,
                    -0.24867792427539825,
                    -0.3461008667945862
                ]
            ],
            [
                [
                    0.9809507727622986,
                    -0.17572124302387238,
                    -0.08281087130308151
                ],
                [
                    0.1861780285835266,
                    0.9721079468727112,
                    0.14263156056404114
                ],
                [
                    0.05543771758675575,
                    -0.15533210337162018,
                    0.9863054752349854
                ]
            ],
            [
                [
                    0.9820128083229065,
                    0.13830621540546417,
                    0.12853845953941345
                ],
                [
                    -0.1670779585838318,
                    0.9536293745040894,
                    0.2503516674041748
                ],
                [
                    -0.08795285224914551,
                    -0.2673245072364807,
                    0.9595841765403748
                ]
            ],
            [
                [
                    0.9755054712295532,
                    0.20962604880332947,
                    -0.0666782408952713
                ],
                [
                    -0.20457282662391663,
                    0.9759489297866821,
                    0.07532317191362381
                ],
                [
                    0.08086425811052322,
                    -0.05983761325478554,
                    0.9949272871017456
                ]
            ],
            [
                [
                    0.975200355052948,
                    -0.21182851493358612,
                    0.0641317218542099
                ],
                [
                    0.20683909952640533,
                    0.9753819704055786,
                    0.07646963000297546
                ],
                [
                    -0.07875137031078339,
                    -0.06130826473236084,
                    0.9950072765350342
                ]
            ]
        ],
        "betas": [
            -0.002852901816368103,
            0.06914058327674866,
            0.12677139043807983,
            0.08431196212768555,
            0.04864692687988281,
            -0.019546028226614,
            0.020912081003189087,
            0.01897922158241272,
            -0.00255662202835083,
            -0.01433292031288147
        ]
    },
    "pred_cam_t": [
        0.00556030310690403,
        0.10614290088415146,
        34.66292190551758
    ],
    "focal_length": [
        5000.0,
        5000.0
    ],
    "pred_keypoints_3d": [
        [
            -0.10983318090438843,
            -0.823367714881897,
            -0.09193895012140274
        ],
        [
            0.03888648748397827,
            -0.7329106330871582,
            -0.009146962314844131
        ],
        [
            -0.07243667542934418,
            -0.6425514817237854,
            0.138023242354393
        ],
        [
            -0.0874827429652214,
            -0.39048582315444946,
            0.1702909618616104
        ],
        [
            -0.16942334175109863,
            -0.4958399832248688,
            -0.0470849871635437
        ],
        [
            0.13929088413715363,
            -0.6313320994377136,
            -0.14979079365730286
        ],
        [
            0.09853798151016235,
            -0.3779142200946808,
            -0.1973068118095398
        ],
        [
            -0.10894966125488281,
            -0.514971137046814,
            -0.2085251808166504
        ],
        [
            -0.001823754282668233,
            -0.22440025210380554,
            0.027663111686706543
        ],
        [
            -0.060439348220825195,
            -0.14706027507781982,
            0.08570742607116699
        ],
        [
            -0.09701716899871826,
            0.20659545063972473,
            0.23248106241226196
        ],
        [
            -0.059664882719516754,
            0.5074150562286377,
            0.4943845868110657
        ],
        [
            0.04555918648838997,
            -0.12256971001625061,
            0.0027178525924682617
        ],
        [
            0.06494669616222382,
            0.253685861825943,
            -0.005448209121823311
        ],
        [
            0.12323666363954544,
            0.6358627080917358,
            0.09810029715299606
        ],
        [
            -0.09906864911317825,
            -0.8678014278411865,
            -0.050171881914138794
        ],
        [
            -0.0723276436328888,
            -0.8683545589447021,
            -0.11105288565158844
        ],
        [
            -0.0283362939953804,
            -0.8667426705360413,
            0.02554449439048767
        ],
        [
            0.03065413236618042,
            -0.8669360876083374,
            -0.10850502550601959
        ],
        [
            0.014230430126190186,
            0.7327253818511963,
            -0.042434968054294586
        ],
        [
            0.098130002617836,
            0.7307342290878296,
            -0.03744862601161003
        ],
        [
            0.16378793120384216,
            0.6581257581710815,
            0.14893049001693726
        ],
        [
            -0.13629359006881714,
            0.6397383213043213,
            0.36574801802635193
        ],
        [
            -0.18340976536273956,
            0.6085094213485718,
            0.4333641529083252
        ],
        [
            -0.03775221109390259,
            0.5167217254638672,
            0.5628426671028137
        ],
        [
            -0.06913551688194275,
            0.44734570384025574,
            0.49186432361602783
        ],
        [
            -0.09145023673772812,
            0.1455795168876648,
            0.20440465211868286
        ],
        [
            -0.10766985267400742,
            -0.2827054560184479,
            0.1164872795343399
        ],
        [
            0.12377552688121796,
            -0.2186397761106491,
            -0.04757598787546158
        ],
        [
            0.07238505780696869,
            0.20964665710926056,
            -0.012919262051582336
        ],
        [
            0.14179125428199768,
            0.5967682003974915,
            0.10580191016197205
        ],
        [
            -0.14572453498840332,
            -0.5163163542747498,
            -0.017954953014850616
        ],
        [
            -0.12227968871593475,
            -0.4244680404663086,
            0.17305219173431396
        ],
        [
            -0.048428013920784,
            -0.671450674533844,
            0.10965443402528763
        ],
        [
            0.12680268287658691,
            -0.6631098985671997,
            -0.1253923773765564
        ],
        [
            0.10017082840204239,
            -0.41715139150619507,
            -0.2335757613182068
        ],
        [
            -0.08452073484659195,
            -0.5237953066825867,
            -0.21085038781166077
        ],
        [
            0.03227799013257027,
            -0.7229137420654297,
            -0.015395745635032654
        ],
        [
            -0.018024180084466934,
            -0.917400062084198,
            -0.05301991105079651
        ],
        [
            0.008555058389902115,
            -0.25063103437423706,
            0.03372594341635704
        ],
        [
            0.03547189384698868,
            -0.6646581888198853,
            -0.007893785834312439
        ],
        [
            0.053476423025131226,
            -0.49066638946533203,
            0.021824128925800323
        ],
        [
            -0.036405183374881744,
            -0.8052070140838623,
            -0.06566144526004791
        ],
        [
            -0.014859958551824093,
            -0.9371650218963623,
            -0.04610234498977661
        ]
    ],
    "pred_vertices": [
        [
            -0.07340098172426224,
            -0.9147989153862,
            -0.12480711191892624
        ],
        [
            -0.08052800595760345,
            -0.9000115394592285,
            -0.12149874866008759
        ],
        [
            -0.06731008738279343,
            -0.8974632024765015,
            -0.12778563797473907
        ],
        [
            -0.0571775883436203,
            -0.9087958931922913,
            -0.12900999188423157
        ],
        [
            -0.07291281968355179,
            -0.8877038955688477,
            -0.12541721761226654
        ],
        [
            -0.08323577046394348,
            -0.8880519270896912,
            -0.11918467283248901
        ],
        [
            -0.054344892501831055,
            -0.892400860786438,
            -0.1292753666639328
        ],
        [
            -0.04357326030731201,
            -0.9003016352653503,
            -0.13004092872142792
        ],
        [
            -0.03766974061727524,
            -0.8582981824874878,
            -0.12722626328468323
        ],
        [
            -0.026582274585962296,
            -0.8546702265739441,
            -0.12622684240341187
        ],
        [
            -0.029542528092861176,
            -0.8665758371353149,
            -0.12782934308052063
        ],
        [
            -0.03995578736066818,
            -0.8671209216117859,
            -0.12701864540576935
        ],
        [
            -0.03172833472490311,
            -0.8326518535614014,
            -0.12342242896556854
        ],
        [
            -0.04086555540561676,
            -0.8223859071731567,
            -0.12087273597717285
        ],
        [
            -0.030029527842998505,
            -0.814455509185791,
            -0.1182626485824585
        ],
        [
            -0.02058684080839157,
            -0.8242158889770508,
            -0.11941218376159668
        ],
        [
            -0.07758263498544693,
            -0.8335762023925781,
            -0.10230634361505508
        ],
        [
            -0.07354407012462616,
            -0.827101469039917,
            -0.10652760416269302
        ],
        [
            -0.07191645354032516,
            -0.833927571773529,
            -0.11002792418003082
        ],
        [
            -0.07584944367408752,
            -0.8395880460739136,
            -0.1049402505159378
        ],
        [
            -0.08794290572404861,
            -0.8425348997116089,
            -0.09692630171775818
        ],
        [
            -0.08512396365404129,
            -0.848412036895752,
            -0.0966682881116867
        ],
        [
            -0.09202753752470016,
            -0.8516329526901245,
            -0.09464563429355621
        ],
        [
            -0.09535226225852966,
            -0.8449687957763672,
            -0.09603613615036011
        ],
        [
            -0.07920610904693604,
            -0.8282952308654785,
            -0.09709002077579498
        ],
        [
            -0.07460527122020721,
            -0.8217357397079468,
            -0.10159137845039368
        ],
        [
            -0.08150040358304977,
            -0.8390493392944336,
            -0.09896975755691528
        ],
        [
            -0.08376186341047287,
            -0.8343205451965332,
            -0.09783698618412018
        ],
        [
            -0.09365162253379822,
            -0.8269999027252197,
            -0.09919904172420502
        ],
        [
            -0.09212381392717361,
            -0.8319145441055298,
            -0.10011658072471619
        ],
        [
            -0.09978745877742767,
            -0.8322834968566895,
            -0.09989895671606064
        ],
        [
            -0.09924560785293579,
            -0.8268569707870483,
            -0.09840331971645355
        ],
        [
            -0.08402411639690399,
            -0.8273795247077942,
            -0.09782586246728897
        ],
        [
            -0.0865987241268158,
            -0.8300296068191528,
            -0.09944051504135132
        ],
        [
            -0.0893801674246788,
            -0.8259934782981873,
            -0.09814000874757767
        ],
        [
            -0.08685784041881561,
            -0.8242552280426025,
            -0.09547567367553711
        ],
        [
            -0.09014066308736801,
            -0.8379234075546265,
            -0.09723334014415741
        ],
        [
            -0.09778118133544922,
            -0.8390892744064331,
            -0.09761457145214081
        ],
        [
            -0.10597500205039978,
            -0.8397595882415771,
            -0.09701400250196457
        ],
        [
            -0.10776808112859726,
            -0.8310530185699463,
            -0.09895583242177963
        ],
        [
            -0.060998253524303436,
            -0.8144298195838928,
            -0.11270446330308914
        ],
        [
            -0.06794054806232452,
            -0.8207803964614868,
            -0.11048360168933868
        ],
        [
            -0.06967014819383621,
            -0.8159610033035278,
            -0.10573922842741013
        ],
        [
            -0.06427860260009766,
            -0.8108158111572266,
            -0.10834920406341553
        ],
        [
            -0.08281750977039337,
            -0.8215105533599854,
            -0.09503968805074692
        ],
        [
            -0.07922568917274475,
            -0.8059780597686768,
            -0.09756684303283691
        ],
        [
            -0.07982750982046127,
            -0.8096815347671509,
            -0.09810031950473785
        ],
        [
            -0.08614473044872284,
            -0.8100796937942505,
            -0.09444339573383331
        ],
        [
            -0.08516653627157211,
            -0.8066425919532776,
            -0.09445120394229889
        ],
        [
            -0.04895644634962082,
            -0.8012309074401855,
            -0.1122111827135086
        ],
        [
            -0.055371977388858795,
            -0.7997488975524902,
            -0.10897167772054672
        ],
        [
            -0.05189140886068344,
            -0.793102502822876,
            -0.10782423615455627
        ],
        [
            -0.04442865401506424,
            -0.7934833765029907,
            -0.10977945476770401
        ],
        [
            -0.05126255750656128,
            -0.7875975370407104,
            -0.10493263602256775
        ],
        [
            -0.04099419713020325,
            -0.7860831022262573,
            -0.10673757642507553
        ],
        [
            -0.043422602117061615,
            -0.7721441984176636,
            -0.09815117716789246
        ],
        [
            -0.0417570099234581,
            -0.7782624959945679,
            -0.10234318673610687
        ],
        [
            -0.052639707922935486,
            -0.7819864749908447,
            -0.1014649048447609
        ],
        [
            -0.05727793276309967,
            -0.7766096591949463,
            -0.09789679199457169
        ],
        [
            -0.07082167267799377,
            -0.7799607515335083,
            -0.0915817990899086
        ],
        [
            -0.07564947754144669,
            -0.7783988118171692,
            -0.08742773532867432
        ],
        [
            -0.07000946998596191,
            -0.7666011452674866,
            -0.08991299569606781
        ],
        [
            -0.06425206363201141,
            -0.7708525657653809,
            -0.09378014504909515
        ],
        [
            -0.07471489161252975,
            -0.8008160591125488,
            -0.0949772447347641
        ],
        [
            -0.07042483985424042,
            -0.8012276887893677,
            -0.09721145033836365
        ],
        [
            -0.07255400717258453,
            -0.8023356199264526,
            -0.09856393933296204
        ],
        [
            -0.077475905418396,
            -0.8029969334602356,
            -0.0965091809630394
        ],
        [
            -0.06713934987783432,
            -0.8012113571166992,
            -0.09945857524871826
        ],
        [
            -0.06569412350654602,
            -0.8010959625244141,
            -0.10050445795059204
        ],
        [
            -0.06705772131681442,
            -0.8021876811981201,
            -0.10094736516475677
        ],
        [
            -0.06775160878896713,
            -0.8018895387649536,
            -0.09961703419685364
        ],
        [
            -0.06914526969194412,
            -0.8014754056930542,
            -0.09818506985902786
        ],
        [
            -0.0696953758597374,
            -0.799566388130188,
            -0.09741093963384628
        ],
        [
            -0.06786078959703445,
            -0.8003858327865601,
            -0.09889496117830276
        ],
        [
            -0.07368531078100204,
            -0.798399806022644,
            -0.09550943225622177
        ],
        [
            -0.08599472790956497,
            -0.7950706481933594,
            -0.08787494897842407
        ],
        [
            -0.08316244930028915,
            -0.7958218455314636,
            -0.09064855426549911
        ],
        [
            -0.0835161954164505,
            -0.8002768754959106,
            -0.0891273021697998
        ],
        [
            -0.08609071373939514,
            -0.7999107241630554,
            -0.08681617677211761
        ],
        [
            -0.06959077715873718,
            -0.8037648797035217,
            -0.10039214044809341
        ],
        [
            -0.06832873076200485,
            -0.8053778409957886,
            -0.10249707847833633
        ],
        [
            -0.07343083620071411,
            -0.8075783252716064,
            -0.10097738355398178
        ],
        [
            -0.07307745516300201,
            -0.804973304271698,
            -0.09946679323911667
        ],
        [
            -0.06714366376399994,
            -0.8073057532310486,
            -0.10488483309745789
        ],
        [
            -0.06560274213552475,
            -0.803493857383728,
            -0.10267290472984314
        ],
        [
            -0.06377531588077545,
            -0.804279625415802,
            -0.10518738627433777
        ],
        [
            -0.06570914387702942,
            -0.7993260622024536,
            -0.09997114539146423
        ],
        [
            -0.06296996027231216,
            -0.7978507280349731,
            -0.10152549296617508
        ],
        [
            -0.06396275013685226,
            -0.8003237247467041,
            -0.10262607038021088
        ],
        [
            -0.06377515196800232,
            -0.7946024537086487,
            -0.0998125746846199
        ],
        [
            -0.06748436391353607,
            -0.7973743677139282,
            -0.09818726778030396
        ],
        [
            -0.0712953433394432,
            -0.7952196598052979,
            -0.0962410569190979
        ],
        [
            -0.07629690319299698,
            -0.7931283712387085,
            -0.09372910857200623
        ],
        [
            -0.07185091823339462,
            -0.7887046337127686,
            -0.09425022453069687
        ],
        [
            -0.06707564741373062,
            -0.7914510369300842,
            -0.09733984619379044
        ],
        [
            -0.07225511968135834,
            -0.8114965558052063,
            -0.10269510746002197
        ],
        [
            -0.06028702110052109,
            -0.7999417781829834,
            -0.10541056841611862
        ],
        [
            -0.059551455080509186,
            -0.8063361048698425,
            -0.10884012281894684
        ],
        [
            -0.05860520899295807,
            -0.7953529357910156,
            -0.10442683845758438
        ],
        [
            -0.05856207013130188,
            -0.7909252643585205,
            -0.10221535712480545
        ],
        [
            -0.06122696399688721,
            -0.7870166301727295,
            -0.09893584996461868
        ],
        [
            -0.06586096435785294,
            -0.7830616235733032,
            -0.09551967680454254
        ],
        [
            -0.057695142924785614,
            -0.7592976093292236,
            -0.08651811629533768
        ],
        [
            -0.05150885879993439,
            -0.7649786472320557,
            -0.09229856729507446
        ],
        [
            -0.08082519471645355,
            -0.8806308507919312,
            -0.11576037108898163
        ],
        [
            -0.07434920221567154,
            -0.8804219961166382,
            -0.12210053950548172
        ],
        [
            -0.06883039325475693,
            -0.873341977596283,
            -0.1196834072470665
        ],
        [
            -0.06827817857265472,
            -0.8758267760276794,
            -0.1213361844420433
        ],
        [
            -0.0737413540482521,
            -0.8765530586242676,
            -0.11846069246530533
        ],
        [
            -0.07282307744026184,
            -0.8739746809005737,
            -0.11723057925701141
        ],
        [
            -0.0482080802321434,
            -0.8681966662406921,
            -0.1243353933095932
        ],
        [
            -0.05470511317253113,
            -0.869375467300415,
            -0.1221693679690361
        ],
        [
            -0.05280734598636627,
            -0.8658157587051392,
            -0.12167087942361832
        ],
        [
            -0.04605025053024292,
            -0.8617105484008789,
            -0.1251496821641922
        ],
        [
            -0.061377257108688354,
            -0.8571909666061401,
            -0.11759109795093536
        ],
        [
            -0.05672764033079147,
            -0.8590266704559326,
            -0.1200656145811081
        ],
        [
            -0.06167169660329819,
            -0.8652456998825073,
            -0.1182945966720581
        ],
        [
            -0.0651024580001831,
            -0.8639715909957886,
            -0.11655175685882568
        ],
        [
            -0.06849882751703262,
            -0.8632325530052185,
            -0.11406073719263077
        ],
        [
            -0.0716378390789032,
            -0.8630515933036804,
            -0.11091610044240952
        ],
        [
            -0.07024766504764557,
            -0.857778787612915,
            -0.11043784022331238
        ],
        [
            -0.06622970849275589,
            -0.857066810131073,
            -0.11416029185056686
        ],
        [
            -0.0775851309299469,
            -0.8775943517684937,
            -0.11294525861740112
        ],
        [
            -0.0807378888130188,
            -0.8769755363464355,
            -0.10649887472391129
        ],
        [
            -0.07886923849582672,
            -0.8741160035133362,
            -0.10694852471351624
        ],
        [
            -0.07672252506017685,
            -0.8745619058609009,
            -0.11268901824951172
        ],
        [
            -0.07839726656675339,
            -0.8682124614715576,
            -0.09533700346946716
        ],
        [
            -0.07903160154819489,
            -0.8705241680145264,
            -0.09709660708904266
        ],
        [
            -0.08181551843881607,
            -0.8716890811920166,
            -0.09459402412176132
        ],
        [
            -0.08099286258220673,
            -0.8674064874649048,
            -0.093107208609581
        ],
        [
            -0.07974643260240555,
            -0.8643465042114258,
            -0.09498511254787445
        ],
        [
            -0.07804390043020248,
            -0.8664755821228027,
            -0.0965944305062294
        ],
        [
            -0.07810769975185394,
            -0.9364954829216003,
            -0.11682671308517456
        ],
        [
            -0.08596885204315186,
            -0.9186239838600159,
            -0.11614438891410828
        ],
        [
            -0.05943160504102707,
            -0.9312200546264648,
            -0.12501314282417297
        ],
        [
            -0.04417360946536064,
            -0.9216122627258301,
            -0.12803864479064941
        ],
        [
            -0.03111841529607773,
            -0.9088173508644104,
            -0.1295904666185379
        ],
        [
            -0.04010115563869476,
            -0.8064407706260681,
            -0.11557188630104065
        ],
        [
            -0.03274673968553543,
            -0.798319935798645,
            -0.11322662234306335
        ],
        [
            -0.01961027830839157,
            -0.8072391152381897,
            -0.11515022814273834
        ],
        [
            -0.014598015695810318,
            -0.7975183725357056,
            -0.11034001410007477
        ],
        [
            -0.028507806360721588,
            -0.788727879524231,
            -0.10898147523403168
        ],
        [
            -0.029607117176055908,
            -0.7708865404129028,
            -0.09482115507125854
        ],
        [
            -0.02736714482307434,
            -0.7789725661277771,
            -0.10269604623317719
        ],
        [
            -0.010298345237970352,
            -0.7883245348930359,
            -0.10263633728027344
        ],
        [
            0.00461505725979805,
            -0.8027501702308655,
            -0.1030278205871582
        ],
        [
            -0.002651769667863846,
            -0.8089066743850708,
            -0.11047638207674026
        ],
        [
            0.015505507588386536,
            -0.8196314573287964,
            -0.10170276463031769
        ],
        [
            0.013986263424158096,
            -0.7963739633560181,
            -0.0930471196770668
        ],
        [
            0.022456135600805283,
            -0.8195686340332031,
            -0.09511644393205643
        ],
        [
            0.009721875190734863,
            -0.7602699995040894,
            -0.08005837351083755
        ],
        [
            0.01593240536749363,
            -0.7497907876968384,
            -0.07889093458652496
        ],
        [
            0.03198336809873581,
            -0.758120596408844,
            -0.08086895197629929
        ],
        [
            0.026049254462122917,
            -0.7686084508895874,
            -0.08371245115995407
        ],
        [
            -0.01014576107263565,
            -0.8160231113433838,
            -0.11555774509906769
        ],
        [
            -0.02298714593052864,
            -0.8775731325149536,
            -0.1273343414068222
        ],
        [
            -0.035158172249794006,
            -0.8761501312255859,
            -0.1283327341079712
        ],
        [
            -0.017241939902305603,
            -0.8653890490531921,
            -0.1261277198791504
        ],
        [
            -0.012187935411930084,
            -0.9392520189285278,
            -0.1249995008111
        ],
        [
            -0.029862508177757263,
            -0.9322444200515747,
            -0.1273844987154007
        ],
        [
            -0.018716372549533844,
            -0.9180411100387573,
            -0.1295723170042038
        ],
        [
            -0.004005134105682373,
            -0.9264117479324341,
            -0.12671120464801788
        ],
        [
            -0.03651924431324005,
            -0.9726158380508423,
            -0.10644324868917465
        ],
        [
            -0.05831553041934967,
            -0.9566913843154907,
            -0.11383011937141418
        ],
        [
            -0.04495145380496979,
            -0.9466371536254883,
            -0.12144294381141663
        ],
        [
            -0.026162944734096527,
            -0.9585332274436951,
            -0.11639801412820816
        ],
        [
            0.008464828133583069,
            -0.929563581943512,
            -0.12233976274728775
        ],
        [
            0.025678321719169617,
            -0.9333542585372925,
            -0.11470252275466919
        ],
        [
            0.028051428496837616,
            -0.9502814412117004,
            -0.10959021747112274
        ],
        [
            0.006797768175601959,
            -0.9473071098327637,
            -0.11788897216320038
        ],
        [
            0.02608557790517807,
            -0.9707490801811218,
            -0.09656087309122086
        ],
        [
            0.000708162784576416,
            -0.9681029319763184,
            -0.10711600631475449
        ],
        [
            0.0328078418970108,
            -0.807091236114502,
            -0.08753454685211182
        ],
        [
            0.03316358104348183,
            -0.8258764743804932,
            -0.08976511657238007
        ],
        [
            0.018141712993383408,
            -0.7811597585678101,
            -0.08707452565431595
        ],
        [
            0.03471675515174866,
            -0.7909256219863892,
            -0.08480322360992432
        ],
        [
            0.02052222192287445,
            -0.9864778518676758,
            -0.0792534127831459
        ],
        [
            -0.00896715372800827,
            -0.9845894575119019,
            -0.09279407560825348
        ],
        [
            0.06685221940279007,
            -0.918358564376831,
            -0.08189623802900314
        ],
        [
            0.05870936065912247,
            -0.9351041316986084,
            -0.089244544506073
        ],
        [
            0.04882407933473587,
            -0.9200180768966675,
