{
    "pred_cam": [
        1.6091065406799316,
        0.21891365945339203,
        0.21779540181159973
    ],
    "pred_smpl_params": {
        "global_orient": [
            [
                [
                    -0.5268716216087341,
                    -0.18744203448295593,
                    -0.8290185332298279
                ],
                [
                    0.37016844749450684,
                    -0.9286202192306519,
                    -0.02529352903366089
                ],
                [
                    -0.7651023268699646,
                    -0.3202029764652252,
                    0.5586487650871277
                ]
            ]
        ],
        "body_pose": [
            [
                [
                    0.9968423247337341,
                    -0.061493560671806335,
                    0.05023913457989693
                ],
                [
                    0.03000001423060894,
                    0.8774415850639343,
                    0.47874459624290466
                ],
                [
                    -0.07352160662412643,
                    -0.4757256805896759,
                    0.8765157461166382
                ]
            ],
            [
                [
                    0.9953338503837585,
                    0.08800940215587616,
                    -0.039557117968797684
                ],
                [
                    -0.06187836080789566,
                    0.8967543244361877,
                    0.438181072473526
                ],
                [
                    0.07403707504272461,
                    -0.43368878960609436,
                    0.8980157971382141
                ]
            ],
            [
                [
                    0.9984626173973083,
                    0.039660558104515076,
                    0.038724977523088455
                ],
                [
                    -0.01234479434788227,
                    0.8401720523834229,
                    -0.542179524898529
                ],
                [
                    -0.05403878912329674,
                    0.5408678650856018,
                    0.8393700122833252
                ]
            ],
            [
                [
                    0.9792747497558594,
                    0.15457363426685333,
                    0.13087370991706848
                ],
                [
                    -0.1442296802997589,
                    0.9858704209327698,
                    -0.0851898118853569
                ],
                [
                    -0.14219261705875397,
                    0.06454836577177048,
                    0.9877321124076843
                ]
            ],
            [
                [
                    0.998957633972168,
                    0.04539177194237709,
                    0.004813846200704575
                ],
                [
                    -0.045379653573036194,
                    0.99896639585495,
                    -0.0025986104737967253
                ],
                [
                    -0.0049268268048763275,
                    0.0023774513974785805,
                    0.9999849796295166
                ]
            ],
            [
                [
                    0.9993111491203308,
                    -0.017945153638720512,
                    0.0324837826192379
                ],
                [
                    0.018691405653953552,
                    0.9995649456977844,
                    -0.022817125543951988
                ],
                [
                    -0.03206019103527069,
                    0.023408574983477592,
                    0.9992117881774902
                ]
            ],
            [
                [
                    0.9813507795333862,
                    0.09915144741535187,
                    0.1646800935268402
                ],
                [
                    -0.08614703267812729,
                    0.9927067756652832,
                    -0.08433214575052261
                ],
                [
                    -0.17184071242809296,
                    0.06857271492481232,
                    0.9827351570129395
                ]
            ],
            [
                [
                    0.9756584763526917,
                    -0.07427042722702026,
                    -0.20633582770824432
                ],
                [
                    0.06455068290233612,
                    0.9964816570281982,
                    -0.05345509201288223
                ],
                [
                    0.20958000421524048,
                    0.038834795355796814,
                    0.9770199656486511
                ]
            ],
            [
                [
                    0.9999975562095642,
                    -0.001910707331262529,
                    -0.0010970334988087416
                ],
                [
                    0.0018171594711020589,
                    0.9968146681785583,
                    -0.07973122596740723
                ],
                [
                    0.001245882478542626,
                    0.07972903549671173,
                    0.9968156814575195
                ]
            ],
            [
                [
                    0.9908021092414856,
                    -0.1186075508594513,
                    0.06514253467321396
                ],
                [
                    0.12169493734836578,
                    0.9915168881416321,
                    -0.04565664753317833
                ],
                [
                    -0.05917470529675484,
                    0.05316421389579773,
                    0.996830940246582
                ]
            ],
            [
                [
                    0.9902909398078918,
                    0.13895684480667114,
                    0.0038496830966323614
                ],
                [
                    -0.13891787827014923,
                    0.9902629256248474,
                    -0.00900967512279749
                ],
                [
                    -0.005064154509454966,
                    0.008387410081923008,
                    0.9999520182609558
                ]
            ],
            [
                [
                    0.9836475253105164,
                    -0.02590080536901951,
                    0.1782316267490387
                ],
                [
                    0.04814111068844795,
                    0.991409182548523,
                    -0.1216147392988205
                ],
                [
                    -0.1735505610704422,
                    0.12820632755756378,
                    0.9764440655708313
                ]
            ],
            [
                [
                    0.8783915042877197,
                    0.052006058394908905,
                    -0.4751039147377014
                ],
                [
                    -0.03429530933499336,
                    0.9983582496643066,
                    0.04587621986865997
                ],
                [
                    0.4767097532749176,
                    -0.024003449827432632,
                    0.8787329792976379
                ]
            ],
            [
                [
                    0.8733701109886169,
                    -0.15478146076202393,
                    0.4618087410926819
                ],
                [
                    0.1378903090953827,
                    0.9879462122917175,
                    0.0703461691737175
                ],
                [
                    -0.46713048219680786,
                    0.00224070786498487,
                    0.8841855525970459
                ]
            ],
            [
                [
                    0.9992238283157349,
                    0.03938768431544304,
                    0.0004101695667486638
                ],
                [
                    -0.03836555778980255,
                    0.9755468964576721,
                    -0.21641704440116882
                ],
                [
                    -0.008924311026930809,
                    0.21623337268829346,
                    0.976300835609436
                ]
            ],
            [
                [
                    0.7980351448059082,
                    0.4348483383655548,
                    -0.41718918085098267
                ],
                [
                    -0.3774510622024536,
                    0.9003740549087524,
                    0.21646524965763092
                ],
                [
                    0.4697558879852295,
                    -0.015278385020792484,
                    0.8826640844345093
                ]
            ],
            [
                [
                    0.581936240196228,
                    -0.6331833004951477,
                    0.5103225111961365
                ],
                [
                    0.6164727210998535,
                    0.7527360916137695,
                    0.23097573220729828
                ],
                [
                    -0.5303881764411926,
                    0.18018676340579987,
                    0.8283846378326416
                ]
            ],
            [
                [
                    0.865529477596283,
                    -0.000863085500895977,
                    -0.5008572340011597
                ],
                [
                    0.05092046409845352,
                    0.9949686527252197,
                    0.08628090471029282
                ],
                [
                    0.49826282262802124,
                    -0.10018254071474075,
                    0.8612186312675476
                ]
            ],
            [
                [
                    0.4954989552497864,
                    0.18747663497924805,
                    0.848135232925415
                ],
                [
                    -0.21211139857769012,
                    0.9729849696159363,
                    -0.0911540612578392
                ],
                [
                    -0.8423120379447937,
                    -0.1347324103116989,
                    0.5218789577484131
                ]
            ],
            [
                [
                    0.9848626852035522,
                    -0.16725373268127441,
                    -0.04551411420106888
                ],
                [
                    0.16724517941474915,
                    0.9859070777893066,
                    -0.004022510722279549
                ],
                [
                    0.04554546996951103,
                    -0.0036503963638097048,
                    0.998955488204956
                ]
            ],
            [
                [
                    0.9827418327331543,
                    0.15788954496383667,
                    0.09638246148824692
                ],
                [
                    -0.1746397763490677,
                    0.9636889696121216,
                    0.20200109481811523
                ],
                [
                    -0.06098886579275131,
                    -0.21534709632396698,
                    0.9746312499046326
                ]
            ],
            [
                [
                    0.9862987995147705,
                    0.12036522477865219,
                    -0.11281396448612213
                ],
                [
                    -0.10220766067504883,
                    0.9826382398605347,
                    0.15484070777893066
                ],
                [
                    0.12949275970458984,
                    -0.14118874073028564,
                    0.9814771413803101
                ]
            ],
            [
                [
                    0.9857555627822876,
                    -0.14392854273319244,
                    0.08700884133577347
                ],
                [
                    0.13151133060455322,
                    0.9821243286132812,
                    0.1346723437309265
                ],
                [
                    -0.10483668744564056,
                    -0.12131135910749435,
                    0.9870627522468567
                ]
            ]
        ],
        "betas": [
            -0.18024209141731262,
            -0.16848477721214294,
            0.010797470808029175,
            0.5667773485183716,
            0.19088883697986603,
            0.022680047899484634,
            0.006251722574234009,
            -0.04927486181259155,
            0.07653887569904327,
            0.026977479457855225
        ]
    },
    "pred_cam_t": [
        0.21891365945339203,
        0.21779540181159973,
        24.275894165039062
    ],
    "focal_length": [
        5000.0,
        5000.0
    ],
    "pred_keypoints_3d": [
        [
            -0.4207448959350586,
            -0.5910855531692505,
            0.06607337296009064
        ],
        [
            -0.2574887275695801,
            -0.6408209800720215,
            -0.013726617209613323
        ],
        [
            -0.1465153694152832,
            -0.6207884550094604,
            0.1443425416946411
        ],
        [
            -0.09605613350868225,
            -0.41044527292251587,
            0.26983869075775146
        ],
        [
            -0.2941497564315796,
            -0.2639979124069214,
            0.3163932263851166
        ],
        [
            -0.3174872100353241,
            -0.5079241394996643,
            -0.12947292625904083
        ],
        [
            -0.4071272015571594,
            -0.2676647901535034,
            -0.13673238456249237
        ],
        [
            -0.5294215679168701,
            -0.0982932597398758,
            -0.008292987942695618
        ],
        [
            -0.002141754375770688,
            -0.22695736587047577,
            0.027763932943344116
        ],
        [
            0.05365356430411339,
            -0.16814786195755005,
            0.10520166158676147
        ],
        [
            0.02731449529528618,
            0.11480516195297241,
            0.35057538747787476
        ],
        [
            0.006698273122310638,
            0.43901553750038147,
            0.5667539834976196
        ],
        [
            -0.015529879368841648,
            -0.11703996360301971,
            0.0005252212285995483
        ],
        [
            -0.12373793870210648,
            0.19812707602977753,
            0.15514610707759857
        ],
        [
            -0.13008393347263336,
            0.5109859704971313,
            0.3877297341823578
        ],
        [
            -0.42250290513038635,
            -0.6477198600769043,
            0.0899534672498703
        ],
        [
            -0.4479050040245056,
            -0.6319147348403931,
            0.030247755348682404
        ],
        [
            -0.34845736622810364,
            -0.7230724096298218,
            0.0881086066365242
        ],
        [
            -0.40608400106430054,
            -0.6872968673706055,
            -0.04685579240322113
        ],
        [
            -0.3185838758945465,
            0.5240668654441833,
            0.45984283089637756
        ],
        [
            -0.28685569763183594,
            0.5731682181358337,
            0.40020403265953064
        ],
        [
            -0.07635316252708435,
            0.5537819862365723,
            0.39618808031082153
        ],
        [
            -0.14127834141254425,
            0.3972921669483185,
            0.6942328810691833
        ],
        [
            -0.056149259209632874,
            0.3933257758617401,
            0.7194764018058777
        ],
        [
            0.04576430469751358,
            0.4986981451511383,
            0.5637890100479126
        ],
        [
            0.04608374461531639,
            0.4037262499332428,
            0.5367764234542847
        ],
        [
            0.03172222897410393,
            0.06281443685293198,
            0.3099123537540436
        ],
        [
            0.08562266826629639,
            -0.31103289127349854,
            0.11947737634181976
        ],
        [
            -0.051524966955184937,
            -0.1872706115245819,
            -0.10894960165023804
        ],
        [
            -0.12074697017669678,
            0.1665937602519989,
            0.12574084103107452
        ],
        [
            -0.10485377907752991,
            0.4954667091369629,
            0.3571891188621521
        ],
        [
            -0.3012891411781311,
            -0.29799723625183105,
            0.30019423365592957
        ],
        [
            -0.11948197335004807,
            -0.436951220035553,
            0.2865103483200073
        ],
        [
            -0.1709526777267456,
            -0.6357074975967407,
            0.11271249502897263
        ],
        [
            -0.31534096598625183,
            -0.5446606874465942,
            -0.12550802528858185
        ],
        [
            -0.43947654962539673,
            -0.3002840280532837,
            -0.13188722729682922
        ],
        [
            -0.5385029911994934,
            -0.11793437600135803,
            -0.006055844947695732
        ],
        [
            -0.2645421326160431,
            -0.6302922964096069,
            -0.007525213062763214
        ],
        [
            -0.4291765093803406,
            -0.7228306531906128,
            0.03387327864766121
        ],
        [
            0.01682538539171219,
            -0.24927467107772827,
            0.005004178266972303
        ],
        [
            -0.23809263110160828,
            -0.5875856280326843,
            -0.00479874387383461
        ],
        [
            -0.09175911545753479,
            -0.4694982171058655,
            -0.030072126537561417
        ],
        [
            -0.3623576760292053,
            -0.6295464634895325,
            0.026348821818828583
        ],
        [
            -0.4374534785747528,
            -0.741664707660675,
            0.03671469911932945
        ]
    ],
    "pred_vertices": [
        [
            -0.4892007112503052,
            -0.6583198308944702,
            0.027977142482995987
        ],
        [
            -0.47972843050956726,
            -0.644883394241333,
            0.03342919424176216
        ],
        [
            -0.47610485553741455,
            -0.6473292708396912,
            0.019358079880475998
        ],
        [
            -0.4816909730434418,
            -0.6596882343292236,
            0.012624170631170273
        ],
        [
            -0.47075483202934265,
            -0.637853741645813,
            0.023515820503234863
        ],
        [
            -0.4715442657470703,
            -0.6361470222473145,
            0.03517677262425423
        ],
        [
            -0.4685279130935669,
            -0.6495933532714844,
            0.007952425628900528
        ],
        [
            -0.47057798504829407,
            -0.660637378692627,
            0.0003765597939491272
        ],
        [
            -0.43674811720848083,
            -0.6351779103279114,
            -0.006821770220994949
        ],
        [
            -0.43021610379219055,
            -0.6384745836257935,
            -0.014997921884059906
        ],
        [
            -0.4405640959739685,
            -0.6450146436691284,
            -0.012121818959712982
        ],
        [
            -0.4438976049423218,
            -0.6402838230133057,
            -0.003999520093202591
        ],
        [
            -0.41472122073173523,
            -0.621957540512085,
            -0.011453624814748764
        ],
        [
            -0.4097468852996826,
            -0.6112577319145203,
            -0.004249263554811478
        ],
        [
            -0.39859893918037415,
            -0.6124860644340515,
            -0.011715158820152283
        ],
        [
            -0.4023456573486328,
            -0.6238805055618286,
            -0.01858883909881115
        ],
        [
            -0.42071178555488586,
            -0.6095762848854065,
            0.036479510366916656
        ],
        [
            -0.41720542311668396,
            -0.6049215197563171,
            0.030145902186632156
        ],
        [
            -0.42345017194747925,
            -0.6087818741798401,
            0.027313731610774994
        ],
        [
            -0.4259187579154968,
            -0.6133425831794739,
            0.03398500382900238
        ],
        [
            -0.42804989218711853,
            -0.6133681535720825,
            0.04835449531674385
        ],
        [
            -0.43093955516815186,
            -0.6190086603164673,
            0.046811170876026154
        ],
        [
            -0.43492764234542847,
            -0.6184845566749573,
            0.0537278950214386
        ],
        [
            -0.4323984384536743,
            -0.6114692091941833,
            0.054733358323574066
        ],
        [
            -0.4146524667739868,
            -0.6074132919311523,
            0.04070631414651871
        ],
        [
            -0.41082316637039185,
            -0.6028921604156494,
            0.03381674736738205
        ],
        [
            -0.4240231215953827,
            -0.6131987571716309,
            0.042068805545568466
        ],
        [
            -0.4212081730365753,
            -0.6092258095741272,
            0.04395477473735809
        ],
        [
            -0.4211598336696625,
            -0.5983161926269531,
            0.04986178129911423
        ],
        [
            -0.4246040880680084,
            -0.6020117998123169,
            0.048535317182540894
        ],
        [
            -0.4279315769672394,
            -0.5982763171195984,
            0.0542987696826458
        ],
        [
            -0.4227744936943054,
            -0.5956476926803589,
            0.05447099357843399
        ],
        [
            -0.4166644513607025,
            -0.6041496992111206,
            0.043455492705106735
        ],
        [
            -0.42063435912132263,
            -0.6038585305213928,
            0.04443628340959549
        ],
        [
            -0.41812384128570557,
            -0.6002943515777588,
            0.04705473408102989
        ],
        [
            -0.41424083709716797,
            -0.6015611886978149,
            0.04684562236070633
        ],
        [
            -0.4261239171028137,
            -0.6086897253990173,
            0.04931174963712692
        ],
        [
            -0.4303680658340454,
            -0.6051726341247559,
            0.054936498403549194
        ],
        [
            -0.43382707238197327,
            -0.6015811562538147,
            0.061457596719264984
        ],
        [
            -0.4295527935028076,
            -0.5937948226928711,
            0.0608765184879303
        ],
        [
            -0.4070991575717926,
            -0.5990370512008667,
            0.015616793185472488
        ],
        [
            -0.4129605293273926,
            -0.6012476086616516,
            0.02273612841963768
        ],
        [
            -0.4073755145072937,
            -0.5990419387817383,
            0.02682904154062271
        ],
        [
            -0.4032789468765259,
            -0.5966784358024597,
            0.020526185631752014
        ],
        [
            -0.410362184047699,
            -0.6018721461296082,
            0.04395284876227379
        ],
        [
            -0.3992745578289032,
            -0.5915038585662842,
            0.03824521601200104
        ],
        [
            -0.40253445506095886,
            -0.5935537815093994,
            0.03863446041941643
        ],
        [
            -0.4032040536403656,
            -0.5923721194267273,
            0.04578118026256561
        ],
        [
            -0.40029460191726685,
            -0.5904324054718018,
            0.04478788375854492
        ],
        [
            -0.39313557744026184,
            -0.595888078212738,
            0.005356702953577042
        ],
        [
            -0.39264094829559326,
            -0.5927376747131348,
            0.012102004140615463
        ],
        [
            -0.3860483467578888,
            -0.5905367732048035,
            0.009646590799093246
        ],
        [
            -0.38472577929496765,
            -0.5939013957977295,
            0.0029076412320137024
        ],
        [
            -0.3802195191383362,
            -0.5881766080856323,
            0.0108722522854805
        ],
        [
            -0.37661075592041016,
            -0.5916508436203003,
            0.002114512026309967
        ],
        [
            -0.36216050386428833,
            -0.5847386121749878,
            0.008585069328546524
        ],
        [
            -0.3687066435813904,
            -0.5878483057022095,
            0.005028817802667618
        ],
        [
            -0.3745492696762085,
            -0.5853481292724609,
            0.013898372650146484
        ],
        [
            -0.3701150119304657,
            -0.5811758041381836,
            0.01936786249279976
        ],
        [
            -0.3737192749977112,
            -0.580324649810791,
            0.033704400062561035
        ],
        [
            -0.37206077575683594,
            -0.5787721872329712,
            0.03996002674102783
        ],
        [
            -0.36291107535362244,
            -0.572079062461853,
            0.033177122473716736
        ],
        [
            -0.36613738536834717,
            -0.5756475329399109,
            0.026704750955104828
        ],
        [
            -0.3920314610004425,
            -0.5913131237030029,
            0.03628435358405113
        ],
        [
            -0.3920336961746216,
            -0.592519223690033,
            0.03159530460834503
        ],
        [
            -0.39451897144317627,
            -0.5915460586547852,
            0.03234657272696495
        ],
        [
            -0.39562809467315674,
            -0.5907222032546997,
            0.03748023882508278
        ],
        [
            -0.3922378420829773,
            -0.592719316482544,
            0.027438193559646606
        ],
        [
            -0.39228036999702454,
            -0.5927509069442749,
            0.025609366595745087
        ],
        [
            -0.39384639263153076,
            -0.5926225185394287,
            0.026440072804689407
        ],
        [
            -0.3930961787700653,
            -0.5928077697753906,
            0.027695395052433014
        ],
        [
            -0.39241689443588257,
            -0.5926399230957031,
            0.029728058725595474
        ],
        [
            -0.39067813754081726,
            -0.5915748476982117,
            0.0306117944419384
        ],
        [
            -0.3915269076824188,
            -0.5921584367752075,
            0.02838830277323723
        ],
        [
            -0.3902195692062378,
            -0.5897877216339111,
            0.034805845469236374
        ],
        [
            -0.38852405548095703,
            -0.5850633382797241,
            0.04875631630420685
        ],
        [
            -0.38928380608558655,
            -0.5855393409729004,
            0.04504206404089928
        ],
        [
            -0.3916928172111511,
            -0.5893258452415466,
            0.04664253816008568
        ],
        [
            -0.39130181074142456,
            -0.5890910625457764,
            0.04979568347334862
        ],
        [
            -0.3957899212837219,
            -0.5929019451141357,
            0.028646230697631836
        ],
        [
            -0.39759886264801025,
            -0.5935686826705933,
            0.026777077466249466
        ],
        [
            -0.40016770362854004,
            -0.5935795903205872,
            0.03194006159901619
        ],
        [
            -0.39722537994384766,
            -0.5926657915115356,
            0.03242062032222748
        ],
        [
            -0.4000176191329956,
            -0.5942806601524353,
            0.024336151778697968
        ],
        [
            -0.39536744356155396,
            -0.5933178067207336,
            0.024337783455848694
        ],
        [
            -0.39686697721481323,
            -0.5935492515563965,
            0.021231599152088165
        ],
        [
            -0.3906495273113251,
            -0.5919272899627686,
            0.02589515596628189
        ],
        [
            -0.38960543274879456,
            -0.5914198756217957,
            0.022578276693820953
        ],
        [
            -0.392475426197052,
            -0.5919483304023743,
            0.022768594324588776
        ],
        [
            -0.3864278197288513,
            -0.5897930264472961,
            0.02420840784907341
        ],
        [
            -0.38869374990463257,
            -0.5907543301582336,
            0.028363142162561417
        ],
        [
            -0.38739922642707825,
            -0.5884009599685669,
            0.03237256035208702
        ],
        [
            -0.38636231422424316,
            -0.5857158899307251,
            0.03757404163479805
        ],
        [
            -0.381802499294281,
            -0.5846492052078247,
            0.03351905196905136
        ],
        [
            -0.3838149905204773,
            -0.5873134732246399,
            0.028140105307102203
        ],
        [
            -0.40366703271865845,
            -0.5960742831230164,
            0.030184905976057053
        ],
        [
            -0.3925221562385559,
            -0.592089056968689,
            0.018120165914297104
        ],
        [
            -0.39868587255477905,
            -0.5952650904655457,
            0.016050543636083603
        ],
        [
            -0.38808169960975647,
            -0.5902163982391357,
            0.01712341234087944
        ],
        [
            -0.3835519254207611,
            -0.58841872215271,
            0.018321920186281204
        ],
        [
            -0.3795781135559082,
            -0.5859691500663757,
            0.02238338068127632
        ],
        [
            -0.37635719776153564,
            -0.5829728841781616,
            0.02770886942744255
        ],
        [
            -0.3507491648197174,
            -0.5747541189193726,
            0.025408077985048294
        ],
        [
            -0.3562334477901459,
            -0.5786631107330322,
            0.017719317227602005
        ],
        [
            -0.46302786469459534,
            -0.6345278024673462,
            0.03494381159543991
        ],
        [
            -0.46407100558280945,
            -0.6341364979743958,
            0.025835469365119934
        ],
        [
            -0.45545491576194763,
            -0.6328725814819336,
            0.022588040679693222
        ],
        [
            -0.45778197050094604,
            -0.6339566111564636,
            0.02149996906518936
        ],
        [
            -0.45893701910972595,
            -0.6335510611534119,
            0.02746376395225525
        ],
        [
            -0.45595961809158325,
            -0.6323243975639343,
            0.02727045863866806
        ],
        [
            -0.4462818205356598,
            -0.6381925940513611,
            0.0036335140466690063
        ],
        [
            -0.4483315646648407,
            -0.6365571618080139,
            0.009948980063199997
        ],
        [
            -0.4446032643318176,
            -0.6353943347930908,
            0.008732642978429794
        ],
        [
            -0.44120848178863525,
            -0.6342700123786926,
            0.0010515861213207245
        ],
        [
            -0.4394432008266449,
            -0.6273249983787537,
            0.01682250201702118
        ],
        [
            -0.44036853313446045,
            -0.6295995712280273,
            0.012013062834739685
        ],
        [
            -0.44581902027130127,
            -0.6321022510528564,
            0.01730823516845703
        ],
        [
            -0.4452512860298157,
            -0.630374014377594,
            0.020766131579875946
        ],
        [
            -0.4444977641105652,
            -0.6295005083084106,
            0.024727020412683487
        ],
        [
            -0.4437600076198578,
            -0.6293562650680542,
            0.02909696102142334
        ],
        [
            -0.43928027153015137,
            -0.6267709732055664,
            0.02756226807832718
        ],
        [
            -0.4392778277397156,
            -0.6265682578086853,
            0.022272400557994843
        ],
        [
            -0.45822638273239136,
            -0.6346085071563721,
            0.03392217308282852
        ],
        [
            -0.45486271381378174,
            -0.6358829736709595,
            0.0404057577252388
        ],
        [
            -0.45248332619667053,
            -0.6345084309577942,
            0.03824559226632118
        ],
        [
            -0.4553457796573639,
            -0.6328918933868408,
            0.03303882107138634
        ],
        [
            -0.4411340355873108,
            -0.6369919776916504,
            0.04461682587862015
        ],
        [
            -0.4440614581108093,
            -0.6371866464614868,
            0.04436144232749939
        ],
        [
            -0.444562703371048,
            -0.6379170417785645,
            0.048214104026556015
        ],
        [
            -0.4402819573879242,
            -0.6362501978874207,
            0.04795108735561371
        ],
        [
            -0.4386723041534424,
            -0.633905827999115,
            0.045275166630744934
        ],
        [
            -0.44037631154060364,
            -0.6353981494903564,
            0.04326708987355232
        ],
        [
            -0.5029207468032837,
            -0.6738773584365845,
            0.039326559752225876
        ],
        [
            -0.49274688959121704,
            -0.6583282947540283,
            0.044154051691293716
        ],
        [
            -0.4964204430580139,
            -0.6762107610702515,
            0.02002297341823578
        ],
        [
            -0.4853653311729431,
            -0.6768280863761902,
            0.0051121823489665985
        ],
        [
            -0.47250571846961975,
            -0.6736031174659729,
            -0.007642973214387894
        ],
        [
            -0.3953619599342346,
            -0.6027461886405945,
            -0.0031450726091861725
        ],
        [
            -0.3856293857097626,
            -0.6021458506584167,
            -0.007799718528985977
        ],
        [
            -0.3876958191394806,
            -0.6143935322761536,
            -0.01813308149576187
        ],
        [
            -0.37660515308380127,
            -0.6121842265129089,
            -0.019835861399769783
        ],
        [
            -0.3750433921813965,
            -0.599260687828064,
            -0.008656181395053864
        ],
        [
            -0.35485219955444336,
            -0.591628909111023,
            -0.00011686235666275024
        ],
        [
            -0.3645521402359009,
            -0.5952579975128174,
            -0.006259370595216751
        ],
        [
            -0.36474868655204773,
            -0.6103952527046204,
            -0.019343301653862
        ],
        [
            -0.36892274022102356,
            -0.6282206773757935,
            -0.030918829143047333
        ],
        [
            -0.37988752126693726,
            -0.6265292763710022,
            -0.02873464673757553
        ],
        [
            -0.37595829367637634,
            -0.6470447182655334,
            -0.0367911159992218
        ],
        [
            -0.35590991377830505,
            -0.631920576095581,
            -0.03272341191768646
        ],
        [
            -0.3696035146713257,
            -0.6538981199264526,
            -0.03770538419485092
        ],
        [
            -0.32976242899894714,
            -0.6085509061813354,
            -0.019754113629460335
        ],
        [
            -0.3223952651023865,
            -0.6040767431259155,
            -0.023213431239128113
        ],
        [
            -0.32332634925842285,
            -0.6162852644920349,
            -0.03803711012005806
        ],
        [
            -0.33139732480049133,
            -0.6207338571548462,
            -0.03476473689079285
        ],
        [
            -0.39054322242736816,
            -0.6254040002822876,
            -0.025368349626660347
        ],
        [
            -0.44597429037094116,
            -0.6562864780426025,
            -0.015273109078407288
        ],
        [
            -0.45005711913108826,
            -0.6484681367874146,
            -0.007254716008901596
        ],
        [
            -0.43440917134284973,
            -0.6511296033859253,
            -0.020754721015691757
        ],
        [
            -0.4837874472141266,
            -0.7068637609481812,
            -0.014552813023328781
        ],
        [
            -0.4871397614479065,
            -0.6916906833648682,
            -0.004354771226644516
        ],
        [
            -0.4739983081817627,
            -0.6865170001983643,
            -0.015311438590288162
        ],
        [
            -0.47271016240119934,
            -0.7011438608169556,
            -0.023885179311037064
        ],
        [
            -0.5069790482521057,
            -0.7255038619041443,
            0.01927875727415085
        ],
        [
            -0.5092002749443054,
            -0.6985518336296082,
            0.02852845937013626
        ],
        [
            -0.5006773471832275,
            -0.6962503790855408,
            0.012589134275913239
        ],
        [
            -0.49868831038475037,
            -0.7166143655776978,
            0.0033643655478954315
        ],
        [
            -0.4677525758743286,
            -0.7121766209602356,
            -0.03090982884168625
        ],
        [
            -0.4600951373577118,
            -0.7269964814186096,
            -0.03776475787162781
        ],
        [
            -0.467733770608902,
            -0.7420362234115601,
            -0.033588655292987823
        ],
        [
            -0.47898069024086,
            -0.725415050983429,
            -0.024222850799560547
        ],
        [
            -0.47653326392173767,
            -0.7615703344345093,
            -0.022161096334457397
        ],
        [
            -0.4903026819229126,
            -0.7416139841079712,
            -0.010135408490896225
        ],
        [
            -0.3529551029205322,
            -0.6532285213470459,
            -0.04076342284679413
        ],
        [
            -0.36660251021385193,
            -0.667381763458252,
            -0.04069756716489792
        ],
        [
            -0.34210193157196045,
            -0.6251739263534546,
            -0.03083857148885727
        ],
        [
            -0.3409954905509949,
            -0.6420797109603882,
            -0.041406676173210144
        ],
        [
            -0.4802442193031311,
            -0.7778951525688171,
            -0.0052077919244766235
        ],
        [
            -0.49698004126548767,
            -0.7551256418228149,
            0.00869777798652649
        ],
        [
            -0.41461020708084106,
            -0.7552674412727356,
            -0.05016448348760605
        ],
        [
            -0.43349504470825195,
            -0.757983922958374,
            -0.04617907106876373
        ],
        [
            -0.43314293026924133,
            -0.7372803092002869,
            -0.04867600277066231
        ],
        [
            -0.41565296053886414,
