{
    "pred_cam": [
        1.064759612083435,
        0.03805752843618393,
        0.11040150374174118
    ],
    "pred_smpl_params": {
        "global_orient": [
            [
                [
                    0.7778841853141785,
                    0.09796787053346634,
                    -0.6207241415977478
                ],
                [
                    0.1298271119594574,
                    -0.9915172457695007,
                    0.0062082852236926556
                ],
                [
                    -0.6148504614830017,
                    -0.08541615307331085,
                    -0.7840044498443604
                ]
            ]
        ],
        "body_pose": [
            [
                [
                    0.9986231923103333,
                    -0.04153573513031006,
                    0.03204011544585228
                ],
                [
                    0.03881136700510979,
                    0.9959244132041931,
                    0.08141405135393143
                ],
                [
                    -0.03529112786054611,
                    -0.08005843311548233,
                    0.9961652755737305
                ]
            ],
            [
                [
                    0.9969964027404785,
                    0.011237351223826408,
                    0.07662801444530487
                ],
                [
                    -0.0009647619444876909,
                    0.9911428093910217,
                    -0.13279682397842407
                ],
                [
                    -0.07744158804416656,
                    0.13232402503490448,
                    0.9881766438484192
                ]
            ],
            [
                [
                    0.997873067855835,
                    -0.03447949141263962,
                    -0.05532161891460419
                ],
                [
                    0.030050234869122505,
                    0.9964224100112915,
                    -0.07898944616317749
                ],
                [
                    0.057847220450639725,
                    0.07715901732444763,
                    0.9953392148017883
                ]
            ],
            [
                [
                    0.9985966086387634,
                    0.017586765810847282,
                    -0.04995555430650711
                ],
                [
                    -0.029075687751173973,
                    0.9704433083534241,
                    -0.2395711988210678
                ],
                [
                    0.0442657470703125,
                    0.24068747460842133,
                    0.9695927500724792
                ]
            ],
            [
                [
                    0.9710939526557922,
                    0.14236317574977875,
                    0.19159668684005737
                ],
                [
                    -0.07760866731405258,
                    0.9473741054534912,
                    -0.310578852891922
                ],
                [
                    -0.22572872042655945,
                    0.28673166036605835,
                    0.9310379028320312
                ]
            ],
            [
                [
                    0.9924206733703613,
                    -0.09738239645957947,
                    -0.07495325803756714
                ],
                [
                    0.09024462103843689,
                    0.991534411907196,
                    -0.09335650503635406
                ],
                [
                    0.08341000974178314,
                    0.08588478714227676,
                    0.9928075075149536
                ]
            ],
            [
                [
                    0.99235600233078,
                    0.09275515377521515,
                    0.08140040189027786
                ],
                [
                    -0.09043476730585098,
                    0.995396077632904,
                    -0.03175180032849312
                ],
                [
                    -0.08397078514099121,
                    0.02414766326546669,
                    0.9961755871772766
                ]
            ],
            [
                [
                    0.9944196343421936,
                    -0.03762812912464142,
                    -0.09855867177248001
                ],
                [
                    0.042904820293188095,
                    0.9977262020111084,
                    0.05197747424244881
                ],
                [
                    0.09637874364852905,
                    -0.05591605603694916,
                    0.9937729239463806
                ]
            ],
            [
                [
                    0.9973545670509338,
                    -0.039896465837955475,
                    -0.0607636496424675
                ],
                [
                    0.04041048884391785,
                    0.9991568326950073,
                    0.007253643125295639
                ],
                [
                    0.06042302027344704,
                    -0.009689942002296448,
                    0.9981258511543274
                ]
            ],
            [
                [
                    0.9778755903244019,
                    -0.1538805216550827,
                    0.1417042762041092
                ],
                [
                    0.13652403652668,
                    0.9827150702476501,
                    0.12502913177013397
                ],
                [
                    -0.1584944725036621,
                    -0.1029168888926506,
                    0.9819814562797546
                ]
            ],
            [
                [
                    0.9945584535598755,
                    0.0993867889046669,
                    -0.031237371265888214
                ],
                [
                    -0.09627640247344971,
                    0.9913761615753174,
                    0.08890552818775177
                ],
                [
                    0.039804019033908844,
                    -0.0854143276810646,
                    0.9955501556396484
                ]
            ],
            [
                [
                    0.9973589777946472,
                    -0.03829067200422287,
                    -0.06171605363488197
                ],
                [
                    0.04049403965473175,
                    0.9985716938972473,
                    0.03485501557588577
                ],
                [
                    0.060293279588222504,
                    -0.037262097001075745,
                    0.9974849820137024
                ]
            ],
            [
                [
                    0.9268829822540283,
                    0.3099089562892914,
                    -0.2117651402950287
                ],
                [
                    -0.31173068284988403,
                    0.9498255252838135,
                    0.025601791217923164
                ],
                [
                    0.20907416939735413,
                    0.042283833026885986,
                    0.9769852757453918
                ]
            ],
            [
                [
                    0.9318203330039978,
                    -0.3437913954257965,
                    0.11626841127872467
                ],
                [
                    0.34391671419143677,
                    0.9387951493263245,
                    0.01961969956755638
                ],
                [
                    -0.11589730530977249,
                    0.02170461043715477,
                    0.9930239915847778
                ]
            ],
            [
                [
                    0.9937552213668823,
                    -0.02329758182168007,
                    -0.10912305861711502
                ],
                [
                    0.004633989650756121,
                    0.985733151435852,
                    -0.16825181245803833
                ],
                [
                    0.11148607730865479,
                    0.16669543087482452,
                    0.9796854257583618
                ]
            ],
            [
                [
                    0.4246767461299896,
                    0.7636858820915222,
                    -0.4862442910671234
                ],
                [
                    -0.8211956024169922,
                    0.5510519742965698,
                    0.14825467765331268
                ],
                [
                    0.38116592168807983,
                    0.33634138107299805,
                    0.8611544966697693
                ]
            ],
            [
                [
                    0.4287140369415283,
                    -0.7981163859367371,
                    0.42333731055259705
                ],
                [
                    0.8938153386116028,
                    0.4429159164428711,
                    -0.07013976573944092
                ],
                [
                    -0.13152311742305756,
                    0.4084553122520447,
                    0.903252899646759
                ]
            ],
            [
                [
                    -0.2820107340812683,
                    -0.3676908016204834,
                    -0.8861565589904785
                ],
                [
                    0.08859714865684509,
                    0.9097188115119934,
                    -0.4056626558303833
                ],
                [
                    0.9553117752075195,
                    -0.19291213154792786,
                    -0.2239741086959839
                ]
            ],
            [
                [
                    -0.4164932072162628,
                    0.4607013165950775,
                    0.7837650179862976
                ],
                [
                    -0.04042359068989754,
                    0.8518592119216919,
                    -0.522208571434021
                ],
                [
                    -0.9082396626472473,
                    -0.2491789311170578,
                    -0.33617037534713745
                ]
            ],
            [
                [
                    0.9742816090583801,
                    -0.204489067196846,
                    -0.09465434402227402
                ],
                [
                    0.21542498469352722,
                    0.9684721827507019,
                    0.1251145601272583
                ],
                [
                    0.06608553975820541,
                    -0.1422877460718155,
                    0.9876167178153992
                ]
            ],
            [
                [
                    0.9765437841415405,
                    0.17043989896774292,
                    0.13157719373703003
                ],
                [
                    -0.19635790586471558,
                    0.9556721448898315,
                    0.21939538419246674
                ],
                [
                    -0.08835092931985855,
                    -0.2400853931903839,
                    0.9667229056358337
                ]
            ],
            [
                [
                    0.9728168845176697,
                    0.21860244870185852,
                    -0.07642244547605515
                ],
                [
                    -0.2122761756181717,
                    0.9736788272857666,
                    0.08299623429775238
                ],
                [
                    0.09255409985780716,
                    -0.06451746821403503,
                    0.9936152696609497
                ]
            ],
            [
                [
                    0.9705209136009216,
                    -0.22694595158100128,
                    0.0811467096209526
                ],
                [
                    0.21970954537391663,
                    0.9714768528938293,
                    0.08922149240970612
                ],
                [
                    -0.09908059984445572,
                    -0.06876260787248611,
                    0.9927008152008057
                ]
            ]
        ],
        "betas": [
            -0.043293848633766174,
            0.021174609661102295,
            0.12276008725166321,
            0.16024526953697205,
            0.05767664313316345,
            -0.022782977670431137,
            0.0005086958408355713,
            0.018988579511642456,
            -0.0006503015756607056,
            -0.015628665685653687
        ]
    },
    "pred_cam_t": [
        0.03805752843618393,
        0.11040150374174118,
        36.686683654785156
    ],
    "focal_length": [
        5000.0,
        5000.0
    ],
    "pred_keypoints_3d": [
        [
            -0.13777582347393036,
            -0.8228973150253296,
            -0.08251796662807465
        ],
        [
            0.010198496282100677,
            -0.7338683605194092,
            0.004988877102732658
        ],
        [
            -0.09696534276008606,
            -0.6333603858947754,
            0.14855778217315674
        ],
        [
            -0.08934637159109116,
            -0.38125866651535034,
            0.17541766166687012
        ],
        [
            -0.17821449041366577,
            -0.4810004234313965,
            -0.04077385365962982
        ],
        [
            0.11860843747854233,
            -0.642103910446167,
            -0.1365448534488678
        ],
        [
            0.09949827194213867,
            -0.387095183134079,
            -0.18390588462352753
        ],
        [
            -0.11641980707645416,
            -0.5071048140525818,
            -0.20649155974388123
        ],
        [
            -0.0018502810271456838,
            -0.22471651434898376,
            0.02777223102748394
        ],
        [
            -0.06034868583083153,
            -0.14377763867378235,
            0.08050183951854706
        ],
        [
            -0.09579458832740784,
            0.22340431809425354,
            0.18292701244354248
        ],
        [
            -0.056259702891111374,
            0.5501688718795776,
            0.4077664613723755
        ],
        [
            0.04742559418082237,
            -0.12513931095600128,
            -0.001522645354270935
        ],
        [
            0.034399937838315964,
            0.24921394884586334,
            -0.019366342574357986
        ],
        [
            0.057572104036808014,
            0.6278807520866394,
            0.10171908140182495
        ],
        [
            -0.13092488050460815,
            -0.8657913208007812,
            -0.038563817739486694
        ],
        [
            -0.10001924633979797,
            -0.8692420721054077,
            -0.09738364815711975
        ],
        [
            -0.06544946879148483,
            -0.8632368445396423,
            0.041780736297369
        ],
        [
            0.002568580210208893,
            -0.8700150847434998,
            -0.08808348327875137
        ],
        [
            -0.05222328007221222,
            0.7215098142623901,
            -0.039189472794532776
        ],
        [
            0.031141027808189392,
            0.7245060205459595,
            -0.03233974426984787
        ],
        [
            0.09462828189134598,
            0.6506587266921997,
            0.1545664668083191
        ],
        [
            -0.13269101083278656,
            0.6730080842971802,
            0.2720123827457428
        ],
        [
            -0.180172860622406,
            0.6482809782028198,
            0.3420184850692749
        ],
        [
            -0.03238249570131302,
            0.5647809505462646,
            0.4745696485042572
        ],
        [
            -0.06586988270282745,
            0.490500807762146,
            0.4121170938014984
        ],
        [
            -0.09092439711093903,
            0.16009944677352905,
            0.16214515268802643
        ],
        [
            -0.10928364098072052,
            -0.2761914134025574,
            0.1183713749051094
        ],
        [
            0.12621662020683289,
            -0.22295285761356354,
            -0.04525858908891678
        ],
        [
            0.04538029059767723,
            0.20602619647979736,
            -0.026397325098514557
        ],
        [
            0.07867585122585297,
            0.5898381471633911,
            0.10862421989440918
        ],
        [
            -0.15643243491649628,
            -0.5028412342071533,
            -0.011520075611770153
        ],
        [
            -0.12707869708538055,
            -0.4119097590446472,
            0.17818117141723633
        ],
        [
            -0.07417617738246918,
            -0.6643198728561401,
            0.12130627036094666
        ],
        [
            0.10434076935052872,
            -0.6725829243659973,
            -0.11131749302148819
        ],
        [
            0.09942005574703217,
            -0.42646175622940063,
            -0.22035735845565796
        ],
        [
            -0.09259918332099915,
            -0.5177198052406311,
            -0.20769250392913818
        ],
        [
            0.004444452002644539,
            -0.7238537669181824,
            -0.001638021320104599
        ],
        [
            -0.0511029027402401,
            -0.9171599745750427,
            -0.03396886959671974
        ],
        [
            0.008972450159490108,
            -0.24972482025623322,
            0.03593531623482704
        ],
        [
            0.011317441239953041,
            -0.6657652854919434,
            0.004758603870868683
        ],
        [
            0.041125133633613586,
            -0.4930763244628906,
            0.031602680683135986
        ],
        [
            -0.06555001437664032,
            -0.8050667643547058,
            -0.05193537846207619
        ],
        [
            -0.04854691028594971,
            -0.9367572665214539,
            -0.026155490428209305
        ]
    ],
    "pred_vertices": [
        [
            -0.10127769410610199,
            -0.9160999059677124,
            -0.10961326956748962
        ],
        [
            -0.10818924009799957,
            -0.9011231660842896,
            -0.10722081363201141
        ],
        [
            -0.0945199728012085,
            -0.8990945816040039,
            -0.11266542971134186
        ],
        [
            -0.08468170464038849,
            -0.9106323719024658,
            -0.11279895901679993
        ],
        [
            -0.10005535930395126,
            -0.8890918493270874,
            -0.11110486090183258
        ],
        [
            -0.11078247427940369,
            -0.8891173601150513,
            -0.10546915233135223
        ],
        [
            -0.08142489194869995,
            -0.8943062424659729,
            -0.11350671201944351
        ],
        [
            -0.07082854211330414,
            -0.9024544954299927,
            -0.11326229572296143
        ],
        [
            -0.0640912875533104,
            -0.8604545593261719,
            -0.11152230948209763
        ],
        [
            -0.05306161567568779,
            -0.8570431470870972,
            -0.1099962368607521
        ],
        [
            -0.05618156120181084,
            -0.8689136505126953,
            -0.11144550144672394
        ],
        [
            -0.0665692612528801,
            -0.8691999912261963,
            -0.11128692328929901
        ],
        [
            -0.05794696509838104,
            -0.8349040150642395,
            -0.10837817192077637
        ],
        [
            -0.06702988594770432,
            -0.8244301080703735,
            -0.10678859055042267
        ],
        [
            -0.056258201599121094,
            -0.816665768623352,
            -0.10377534478902817
        ],
        [
            -0.04696036875247955,
            -0.8266172409057617,
            -0.10393071174621582
        ],
        [
            -0.10512702912092209,
            -0.8340651988983154,
            -0.09028537571430206
        ],
        [
            -0.10068856924772263,
            -0.8278622627258301,
            -0.0944824293255806
        ],
        [
            -0.09894638508558273,
            -0.8348442912101746,
            -0.09758762270212173
        ],
        [
            -0.10333484411239624,
            -0.8402056694030762,
            -0.09258557856082916
        ],
        [
            -0.1159570962190628,
            -0.842616856098175,
            -0.08534117788076401
        ],
        [
            -0.11327808350324631,
            -0.848534107208252,
            -0.08471844345331192
        ],
        [
            -0.12038806825876236,
            -0.8515321016311646,
            -0.0830514132976532
        ],
        [
            -0.12347183376550674,
            -0.8448729515075684,
            -0.08487794548273087
        ],
        [
            -0.10700079798698425,
            -0.8285446763038635,
            -0.08541716635227203
        ],
        [
            -0.1019655391573906,
            -0.8222712278366089,
            -0.08983700722455978
        ],
        [
            -0.10937988758087158,
            -0.8393045663833618,
            -0.08703631907701492
        ],
        [
            -0.1115608885884285,
            -0.8345292806625366,
            -0.0862567275762558
        ],
        [
            -0.12118660658597946,
            -0.8270976543426514,
            -0.08859046548604965
        ],
        [
            -0.11970707029104233,
            -0.832065224647522,
            -0.08920611441135406
        ],
        [
            -0.12736694514751434,
            -0.8322968482971191,
            -0.08948616683483124
        ],
        [
            -0.12682893872261047,
            -0.8268194794654846,
            -0.08814708888530731
        ],
        [
            -0.11164884269237518,
            -0.8276212215423584,
            -0.08654706925153732
        ],
        [
            -0.11416499316692352,
            -0.8302773237228394,
            -0.08824983984231949
        ],
        [
            -0.11694503575563431,
            -0.8261664509773254,
            -0.08727072179317474
        ],
        [
            -0.11457895487546921,
            -0.8243564367294312,
            -0.08449850976467133
        ],
        [
            -0.11802113056182861,
            -0.8379957675933838,
            -0.08594994246959686
        ],
        [
            -0.1256600320339203,
            -0.839028000831604,
            -0.08682943880558014
        ],
        [
            -0.13389001786708832,
            -0.8395164012908936,
            -0.0867612212896347
        ],
        [
            -0.13538610935211182,
            -0.8308916091918945,
            -0.0891147330403328
        ],
        [
            -0.08750971406698227,
            -0.815726637840271,
            -0.10028506815433502
        ],
        [
            -0.09467841684818268,
            -0.8218405246734619,
            -0.0982784554362297
        ],
        [
            -0.0966544821858406,
            -0.8167778253555298,
            -0.09384103864431381
        ],
        [
            -0.090988390147686,
            -0.8118691444396973,
            -0.09628108888864517
        ],
        [
            -0.11054064333438873,
            -0.8216785192489624,
            -0.08389529585838318
        ],
        [
            -0.10645260661840439,
            -0.8063129186630249,
            -0.0867290049791336
        ],
        [
            -0.10709534585475922,
            -0.8100294470787048,
            -0.08717629313468933
        ],
        [
            -0.11365112662315369,
            -0.8101536631584167,
            -0.08393649756908417
        ],
        [
            -0.11260385811328888,
            -0.8067220449447632,
            -0.08399198949337006
        ],
        [
            -0.07524698227643967,
            -0.802815318107605,
            -0.09947504848241806
        ],
        [
            -0.08181624859571457,
            -0.8010452389717102,
            -0.09673646837472916
        ],
        [
            -0.07829947769641876,
            -0.7944502234458923,
            -0.09560788422822952
        ],
        [
            -0.07076521217823029,
            -0.7950736284255981,
            -0.09705934673547745
        ],
        [
            -0.07775969803333282,
            -0.7887797951698303,
            -0.09290998429059982
        ],
        [
            -0.06740310043096542,
            -0.7876052856445312,
            -0.09407834708690643
        ],
        [
            -0.0700455978512764,
            -0.7732321619987488,
            -0.08609990775585175
        ],
        [
            -0.0682736188173294,
            -0.7795650959014893,
            -0.09001004695892334
        ],
        [
            -0.07922594994306564,
            -0.7830005288124084,
            -0.08970534801483154
        ],
        [
            -0.08392886817455292,
            -0.7773689031600952,
            -0.08659300953149796
        ],
        [
            -0.09790977090597153,
            -0.7802516222000122,
            -0.08102086931467056
        ],
        [
            -0.1029786542057991,
            -0.7783800363540649,
            -0.07729410380125046
        ],
        [
            -0.09692171216011047,
            -0.7667937278747559,
            -0.0798020139336586
        ],
        [
            -0.090989850461483,
            -0.7712807655334473,
            -0.08314982056617737
        ],
        [
            -0.10206649452447891,
            -0.8010958433151245,
            -0.08398815244436264
        ],
        [
            -0.09766042977571487,
            -0.8016928434371948,
            -0.0859275609254837
        ],
        [
            -0.09972237795591354,
            -0.802811861038208,
            -0.08739998936653137
        ],
        [
            -0.10477519035339355,
            -0.8032895922660828,
            -0.08563023805618286
        ],
        [
            -0.09423413127660751,
            -0.8018419742584229,
            -0.08798053115606308
        ],
        [
            -0.09272534400224686,
            -0.8017944693565369,
            -0.08894601464271545
        ],
        [
            -0.09408045560121536,
            -0.8028714656829834,
            -0.08944427222013474
        ],
        [
            -0.09481760859489441,
            -0.8025254011154175,
            -0.08815959841012955
        ],
        [
            -0.09629198163747787,
            -0.8020254373550415,
            -0.0868201032280922
        ],
        [
            -0.09684031456708908,
            -0.8000759482383728,
            -0.08612354099750519
        ],
        [
            -0.09496664255857468,
            -0.8009762763977051,
            -0.08747974038124084
        ],
        [
            -0.10091488808393478,
            -0.7987501621246338,
            -0.08451218158006668
        ],
        [
            -0.11361231654882431,
            -0.794874906539917,
            -0.07789018005132675
        ],
        [
            -0.11066079884767532,
            -0.7957577109336853,
            -0.08038517087697983
        ],
        [
            -0.1112142950296402,
            -0.8001300096511841,
            -0.07874245941638947
        ],
        [
            -0.11387666314840317,
            -0.7996617555618286,
            -0.07667683064937592
        ],
        [
            -0.09660119563341141,
            -0.804416298866272,
            -0.08903399109840393
        ],
        [
            -0.09531322866678238,
            -0.8060929775238037,
            -0.09096206724643707
        ],
        [
            -0.10053995996713638,
            -0.8081338405609131,
            -0.08967800438404083
        ],
        [
            -0.10024231672286987,
            -0.8054649829864502,
            -0.08825110644102097
        ],
        [
            -0.09398312121629715,
            -0.808157205581665,
            -0.09318309277296066
        ],
        [
            -0.09254051744937897,
            -0.8042810559272766,
            -0.09103083610534668
        ],
        [
            -0.09051472693681717,
            -0.8052287697792053,
            -0.09341327100992203
        ],
        [
            -0.09272903203964233,
            -0.800018310546875,
            -0.08845418691635132
        ],
        [
            -0.08986014872789383,
            -0.7986702919006348,
            -0.08988551795482635
        ],
        [
            -0.09083918482065201,
            -0.8011515140533447,
            -0.09098505973815918
        ],
        [
            -0.09069594740867615,
            -0.795357346534729,
            -0.08831169456243515
        ],
        [
            -0.09455914795398712,
            -0.7979616522789001,
            -0.0868338793516159
        ],
        [
            -0.09842653572559357,
            -0.7956523895263672,
            -0.08519601821899414
        ],
        [
            -0.10353277623653412,
            -0.7933523654937744,
            -0.08308785408735275
        ],
        [
            -0.09896557778120041,
            -0.7890579700469971,
            -0.08347895741462708
        ],
        [
            -0.09406781941652298,
            -0.7920317649841309,
            -0.08616212755441666
        ],
        [
            -0.09928115457296371,
            -0.812179446220398,
            -0.09119217097759247
        ],
        [
            -0.08696997165679932,
            -0.8009787797927856,
            -0.09351424872875214
        ],
        [
            -0.08613697439432144,
            -0.8075096607208252,
            -0.09663888812065125
        ],
        [
            -0.08526184409856796,
            -0.7963986396789551,
            -0.0925876721739769
        ],
        [
            -0.08527269214391708,
            -0.7918971180915833,
            -0.09051907062530518
        ],
        [
            -0.08803386241197586,
            -0.7877166271209717,
            -0.08758173882961273
        ],
        [
            -0.09278310090303421,
            -0.7836154699325562,
            -0.08453527092933655
        ],
        [
            -0.08466892689466476,
            -0.7595779895782471,
            -0.07583179324865341
        ],
        [
            -0.07825575768947601,
            -0.7655720710754395,
            -0.0810306966304779
        ],
        [
            -0.10840712487697601,
            -0.8816109895706177,
            -0.10215593874454498
        ],
        [
            -0.10156235098838806,
            -0.881740391254425,
            -0.10808021575212479
        ],
        [
            -0.09606894850730896,
            -0.8746529817581177,
            -0.10562972724437714
        ],
        [
            -0.0955275222659111,
            -0.8771790266036987,
            -0.10710496455430984
        ],
        [
            -0.10111057758331299,
            -0.8777366876602173,
            -0.10458845645189285
        ],
        [
            -0.1002296507358551,
            -0.8750980496406555,
            -0.10341925919055939
        ],
        [
            -0.07497444748878479,
            -0.8701057434082031,
            -0.10902608931064606
        ],
        [
            -0.08165555447340012,
            -0.8710900545120239,
            -0.10728099197149277
        ],
        [
            -0.07972761243581772,
            -0.8675265908241272,
            -0.10677100718021393
        ],
        [
            -0.07266498357057571,
            -0.8636833429336548,
            -0.10992006957530975
        ],
        [
            -0.08837031573057175,
            -0.8586126565933228,
            -0.10358916223049164
        ],
        [
            -0.08360733091831207,
            -0.8606116771697998,
            -0.10567860305309296
        ],
        [
            -0.08878958970308304,
            -0.8666689395904541,
            -0.10404109954833984
        ],
        [
            -0.09230981767177582,
            -0.8652678728103638,
            -0.10258530080318451
        ],
        [
            -0.09582895785570145,
            -0.8643717765808105,
            -0.1003580093383789
        ],
        [
            -0.09918729960918427,
            -0.8639898896217346,
            -0.09743868559598923
        ],
        [
            -0.09768908470869064,
            -0.8587502241134644,
            -0.09707824140787125
        ],
        [
            -0.09339458495378494,
            -0.8582732081413269,
            -0.10051948577165604
        ],
        [
            -0.10532267391681671,
            -0.8784830570220947,
            -0.09932754188776016
        ],
        [
            -0.10892326384782791,
            -0.8775061368942261,
            -0.09312447905540466
        ],
        [
            -0.10692334175109863,
            -0.8747129440307617,
            -0.09358803182840347
        ],
        [
            -0.10441488027572632,
            -0.8754284381866455,
            -0.09914704412221909
        ],
        [
            -0.10705699026584625,
            -0.8684037923812866,
            -0.08218543231487274
        ],
        [
            -0.1076335608959198,
            -0.8707681894302368,
            -0.08390238881111145
        ],
        [
            -0.11063273251056671,
            -0.8717861771583557,
            -0.08155038952827454
        ],
        [
            -0.10979759693145752,
            -0.8674465417861938,
            -0.08017012476921082
        ],
        [
            -0.10835087299346924,
            -0.8645073175430298,
            -0.08207906037569046
        ],
        [
            -0.10657679289579391,
            -0.866727352142334,
            -0.08347833156585693
        ],
        [
            -0.10720182210206985,
            -0.9375011324882507,
            -0.10103246569633484
        ],
        [
            -0.11452817171812057,
            -0.9194285273551941,
            -0.10150161385536194
        ],
        [
            -0.08769432455301285,
            -0.9329580068588257,
            -0.10794848203659058
        ],
        [
            -0.07210000604391098,
            -0.9238386154174805,
            -0.11031454056501389
        ],
        [
            -0.0587085597217083,
            -0.9112510085105896,
            -0.11158375442028046
        ],
        [
            -0.06631354987621307,
            -0.8083488941192627,
            -0.10204324126243591
        ],
        [
            -0.05898065119981766,
            -0.8003295660018921,
            -0.09951512515544891
        ],
        [
            -0.04590271785855293,
            -0.8095407485961914,
            -0.10026376694440842
        ],
        [
            -0.04105036333203316,
            -0.799787163734436,
            -0.0955461785197258
        ],
        [
            -0.05483200401067734,
            -0.7906524538993835,
            -0.09540338069200516
        ],
        [
            -0.056490521878004074,
            -0.7721067667007446,
            -0.08201520144939423
        ],
        [
            -0.05393093451857567,
            -0.7806332111358643,
            -0.08948244154453278
        ],
        [
            -0.03708769008517265,
            -0.7903436422348022,
            -0.08803865313529968
        ],
        [
            -0.02245119959115982,
            -0.805141270160675,
            -0.08698079735040665
        ],
        [
            -0.029305357486009598,
            -0.8114019632339478,
            -0.09453147649765015
        ],
        [
            -0.012032978236675262,
            -0.8222212791442871,
            -0.08438907563686371
        ],
        [
            -0.013732589781284332,
            -0.798714280128479,
            -0.07679557800292969
        ],
        [
            -0.005589529871940613,
            -0.8221480846405029,
            -0.07737351208925247
        ],
        [
            -0.017939046025276184,
            -0.7621831893920898,
            -0.06545116007328033
        ],
        [
            -0.011428050696849823,
            -0.7519552707672119,
            -0.06444785743951797
        ],
        [
            0.004408279433846474,
            -0.7611316442489624,
            -0.06557385623455048
        ],
        [
            -0.0017050541937351227,
            -0.7713484764099121,
            -0.06806246191263199
        ],
        [
            -0.036625154316425323,
            -0.8185453414916992,
            -0.09971241652965546
        ],
        [
            -0.05007724091410637,
            -0.8800971508026123,
            -0.11007898300886154
        ],
        [
            -0.0620032362639904,
            -0.8784158229827881,
            -0.11193506419658661
        ],
        [
            -0.044039372354745865,
            -0.8680461049079895,
            -0.10894476622343063
        ],
        [
            -0.041037000715732574,
            -0.9419607520103455,
            -0.10437099635601044
        ],
        [
            -0.05822004750370979,
            -0.9347153902053833,
            -0.10821525007486343
        ],
        [
            -0.04658163711428642,
            -0.9208277463912964,
            -0.11032705008983612
        ],
        [
            -0.032349955290555954,
            -0.9293392896652222,
            -0.10616306960582733
        ],
        [
            -0.06726271659135818,
            -0.9739156365394592,
            -0.08637205511331558
        ],
        [
            -0.0881400853395462,
            -0.9579451084136963,
            -0.09599363803863525
        ],
        [
            -0.07406780123710632,
            -0.9484951496124268,
            -0.10294346511363983
        ],
        [
            -0.05596063286066055,
            -0.9604820013046265,
            -0.09613331407308578
        ],
        [
            -0.02023501694202423,
            -0.9325575828552246,
            -0.10077313333749771
        ],
        [
            -0.0037570223212242126,
            -0.9364590644836426,
            -0.0918518528342247
        ],
        [
            -0.0021546408534049988,
            -0.9531029462814331,
            -0.08588710427284241
        ],
        [
            -0.022647380828857422,
            -0.9500556588172913,
            -0.09571147710084915
        ],
        [
            -0.005413256585597992,
            -0.9730129241943359,
            -0.07239742577075958
        ],
        [
            -0.029976636171340942,
            -0.9703094959259033,
            -0.08475202322006226
        ],
        [
            0.0044444650411605835,
            -0.8098564147949219,
            -0.06973299384117126
        ],
        [
            0.004584688693284988,
            -0.8286151885986328,
            -0.07099221646785736
        ],
        [
            -0.009731477126479149,
            -0.7835713624954224,
            -0.0711759701371193
        ],
        [
            0.006500903517007828,
            -0.7938416004180908,
            -0.06773900985717773
        ],
        [
            -0.01245129108428955,
            -0.9879596829414368,
            -0.05493074655532837
        ],
        [
            -0.040927715599536896,
            -0.9859254360198975,
            -0.07043883204460144
        ],
        [
            0.03554287552833557,
            -0.9210954904556274,
            -0.05707082152366638
        ],
        [
            0.027529418468475342,
            -0.9379633665084839,
            -0.06423342227935791
        ],
        [
            0.018807120621204376,
