{
    "pred_cam": [
        1.0603511333465576,
        0.03665206581354141,
        0.10622157901525497
    ],
    "pred_smpl_params": {
        "global_orient": [
            [
                [
                    0.7591851353645325,
                    0.0991835966706276,
                    -0.6432733535766602
                ],
                [
                    0.11136938631534576,
                    -0.9935410022735596,
                    -0.02175278402864933
                ],
                [
                    -0.641275942325592,
                    -0.05512657016515732,
                    -0.7653275728225708
                ]
            ]
        ],
        "body_pose": [
            [
                [
                    0.9998088479042053,
                    0.01298349630087614,
                    0.014619460329413414
                ],
                [
                    -0.014509770087897778,
                    0.9938632845878601,
                    0.1096595749258995
                ],
                [
                    -0.013105979189276695,
                    -0.10985073447227478,
                    0.9938616752624512
                ]
            ],
            [
                [
                    0.99757981300354,
                    -0.006348300725221634,
                    0.06924114376306534
                ],
                [
                    0.013151891529560089,
                    0.9950746297836304,
                    -0.098251573741436
                ],
                [
                    -0.06827639043331146,
                    0.0989244282245636,
                    0.9927498698234558
                ]
            ],
            [
                [
                    0.998059093952179,
                    -0.046652235090732574,
                    -0.041249215602874756
                ],
                [
                    0.040759459137916565,
                    0.9901864528656006,
                    -0.13367672264575958
                ],
                [
                    0.04708073288202286,
                    0.13173599541187286,
                    0.9901661276817322
                ]
            ],
            [
                [
                    0.999335765838623,
                    0.029965998604893684,
                    -0.020739445462822914
                ],
                [
                    -0.03396059572696686,
                    0.9721963405609131,
                    -0.23169168829917908
                ],
                [
                    0.013219927437603474,
                    0.23224209249019623,
                    0.9725682139396667
                ]
            ],
            [
                [
                    0.9838761687278748,
                    0.11065815389156342,
                    0.14050820469856262
                ],
                [
                    -0.07322470098733902,
                    0.9659819006919861,
                    -0.2480262964963913
                ],
                [
                    -0.16317452490329742,
                    0.2337384670972824,
                    0.9585095047950745
                ]
            ],
            [
                [
                    0.9933964610099792,
                    -0.09987976402044296,
                    -0.0564582385122776
                ],
                [
                    0.09473057836294174,
                    0.9916492104530334,
                    -0.08751001209020615
                ],
                [
                    0.06472724676132202,
                    0.08158381283283234,
                    0.9945625066757202
                ]
            ],
            [
                [
                    0.9936841130256653,
                    0.07352419197559357,
                    0.08476991951465607
                ],
                [
                    -0.07165093719959259,
                    0.9971179962158203,
                    -0.024936361238360405
                ],
                [
                    -0.08635903894901276,
                    0.01870502158999443,
                    0.9960883855819702
                ]
            ],
            [
                [
                    0.9938049912452698,
                    -0.04604233056306839,
                    -0.10115145146846771
                ],
                [
                    0.048863597214221954,
                    0.9984775185585022,
                    0.025591842830181122
                ],
                [
                    0.09981914609670639,
                    -0.030375927686691284,
                    0.9945417642593384
                ]
            ],
            [
                [
                    0.998481035232544,
                    -0.038051996380090714,
                    -0.039846088737249374
                ],
                [
                    0.037817101925611496,
                    0.9992626309394836,
                    -0.006632570177316666
                ],
                [
                    0.0400690920650959,
                    0.005115631502121687,
                    0.9991837739944458
                ]
            ],
            [
                [
                    0.9830322861671448,
                    -0.12948700785636902,
                    0.12992575764656067
                ],
                [
                    0.11579260975122452,
                    0.9873892664909363,
                    0.10795562714338303
                ],
                [
                    -0.1422661691904068,
                    -0.09107941389083862,
                    0.985629141330719
                ]
            ],
            [
                [
                    0.9939152598381042,
                    0.10501637309789658,
                    -0.03322504460811615
                ],
                [
                    -0.10162686556577682,
                    0.9906460642814636,
                    0.09106215834617615
                ],
                [
                    0.04247727617621422,
                    -0.08713152259588242,
                    0.9952906966209412
                ]
            ],
            [
                [
                    0.997165858745575,
                    -0.03023894876241684,
                    -0.06888949126005173
                ],
                [
                    0.032661281526088715,
                    0.9988774061203003,
                    0.03431149944663048
                ],
                [
                    0.06777460873126984,
                    -0.03646427392959595,
                    0.9970340728759766
                ]
            ],
            [
                [
                    0.9229015707969666,
                    0.31198403239250183,
                    -0.22565139830112457
                ],
                [
                    -0.31364768743515015,
                    0.9490843415260315,
                    0.029395857825875282
                ],
                [
                    0.2233332395553589,
                    0.043645549565553665,
                    0.9737644791603088
                ]
            ],
            [
                [
                    0.9245121479034424,
                    -0.3532554805278778,
                    0.1431356966495514
                ],
                [
                    0.3537730276584625,
                    0.9350563287734985,
                    0.022680021822452545
                ],
                [
                    -0.1418517678976059,
                    0.029669584706425667,
                    0.9894431829452515
                ]
            ],
            [
                [
                    0.9928112030029297,
                    -0.018150169402360916,
                    -0.11830675601959229
                ],
                [
                    -0.0001876059250207618,
                    0.9881982803344727,
                    -0.15317997336387634
                ],
                [
                    0.11969077587127686,
                    0.15210098028182983,
                    0.9810909032821655
                ]
            ],
            [
                [
                    0.4251386821269989,
                    0.7626975774765015,
                    -0.487390398979187
                ],
                [
                    -0.8278300166130066,
                    0.5453839898109436,
                    0.13135358691215515
                ],
                [
                    0.3659979999065399,
                    0.34763291478157043,
                    0.863247811794281
                ]
            ],
            [
                [
                    0.4240323603153229,
                    -0.8011573553085327,
                    0.4223073124885559
                ],
                [
                    0.8941689729690552,
                    0.4443599581718445,
                    -0.054828085005283356
                ],
                [
                    -0.1437305510044098,
                    0.4008629620075226,
                    0.9047930240631104
                ]
            ],
            [
                [
                    -0.2943902611732483,
                    -0.3818674683570862,
                    -0.8760773539543152
                ],
                [
                    0.07522828876972198,
                    0.9045966863632202,
                    -0.4195776879787445
                ],
                [
                    0.9527198076248169,
                    -0.18942539393901825,
                    -0.23757721483707428
                ]
            ],
            [
                [
                    -0.4003342092037201,
                    0.4612070322036743,
                    0.7918462157249451
                ],
                [
                    -0.051569994539022446,
                    0.8514043092727661,
                    -0.5219685435295105
                ],
                [
                    -0.9149168729782104,
                    -0.24979743361473083,
                    -0.3170618414878845
                ]
            ],
            [
                [
                    0.9689344763755798,
                    -0.21815086901187897,
                    -0.11651643365621567
                ],
                [
                    0.2325046807527542,
                    0.964073896408081,
                    0.128464937210083
                ],
                [
                    0.08430569618940353,
                    -0.15156473219394684,
                    0.9848455190658569
                ]
            ],
            [
                [
                    0.971281886100769,
                    0.18762318789958954,
                    0.14631778001785278
                ],
                [
                    -0.2162153720855713,
                    0.9526830315589905,
                    0.21364906430244446
                ],
                [
                    -0.09930894523859024,
                    -0.23914965987205505,
                    0.9658907651901245
                ]
            ],
            [
                [
                    0.9678691029548645,
                    0.2342725545167923,
                    -0.09135522693395615
                ],
                [
                    -0.22613777220249176,
                    0.9698182940483093,
                    0.09118282794952393
                ],
                [
                    0.10995958745479584,
                    -0.06759417057037354,
                    0.9916350245475769
                ]
            ],
            [
                [
                    0.965442955493927,
                    -0.24356301128864288,
                    0.09271978586912155
                ],
                [
                    0.23383182287216187,
                    0.9666463732719421,
                    0.10448694974184036
                ],
                [
                    -0.11507640033960342,
                    -0.07919535040855408,
                    0.9901947379112244
                ]
            ]
        ],
        "betas": [
            -0.022226572036743164,
            0.102077916264534,
            0.22294709086418152,
            0.38434314727783203,
            0.0362895131111145,
            -0.016204383224248886,
            0.009432017803192139,
            0.055088818073272705,
            0.01548035442829132,
            0.0041235387325286865
        ]
    },
    "pred_cam_t": [
        0.03665206581354141,
        0.10622157901525497,
        36.839210510253906
    ],
    "focal_length": [
        5000.0,
        5000.0
    ],
    "pred_keypoints_3d": [
        [
            -0.16257162392139435,
            -0.821467399597168,
            -0.08391693979501724
        ],
        [
            -0.010835647583007812,
            -0.7379075288772583,
            0.005447780713438988
        ],
        [
            -0.11605915427207947,
            -0.6295011639595032,
            0.14619623124599457
        ],
        [
            -0.09496399760246277,
            -0.37814220786094666,
            0.16745606064796448
        ],
        [
            -0.18540899455547333,
            -0.4731862246990204,
            -0.04997289180755615
        ],
        [
            0.10446895658969879,
            -0.6508485674858093,
            -0.13450592756271362
        ],
        [
            0.10147786140441895,
            -0.3948127329349518,
            -0.17868253588676453
        ],
        [
            -0.12124966084957123,
            -0.5022604465484619,
            -0.19763921201229095
        ],
        [
            -0.0020725782960653305,
            -0.22709240019321442,
            0.02698277123272419
        ],
        [
            -0.05847521871328354,
            -0.14450886845588684,
            0.07837764173746109
        ],
        [
            -0.0958101749420166,
            0.22861087322235107,
            0.15555012226104736
        ],
        [
            -0.05379557982087135,
            0.5837799310684204,
            0.3306254744529724
        ],
        [
            0.04543415457010269,
            -0.12845024466514587,
            -0.006276899948716164
        ],
        [
            0.007257886230945587,
            0.24345803260803223,
            -0.0331098735332489
        ],
        [
            0.00401279516518116,
            0.625267744064331,
            0.07862395793199539
        ],
        [
            -0.15689964592456818,
            -0.8648420572280884,
            -0.040110573172569275
        ],
        [
            -0.12592744827270508,
            -0.8688764572143555,
            -0.0989937037229538
        ],
        [
            -0.091550812125206,
            -0.8649136424064636,
            0.040457017719745636
        ],
        [
            -0.023137345910072327,
            -0.8728960156440735,
            -0.08964131772518158
        ],
        [
            -0.11457319557666779,
            0.7059731483459473,
            -0.06292356550693512
        ],
        [
            -0.03128724545240402,
            0.7153400182723999,
            -0.059084534645080566
        ],
        [
            0.040043905377388,
            0.6521400213241577,
            0.12992623448371887
        ],
        [
            -0.147190660238266,
            0.6885525584220886,
            0.18974463641643524
        ],
        [
            -0.18689507246017456,
            0.6705509424209595,
            0.2666040360927582
        ],
        [
            -0.024428609758615494,
            0.6066310405731201,
            0.3925531804561615
        ],
        [
            -0.060120925307273865,
            0.5246394872665405,
            0.3434215188026428
        ],
        [
            -0.09094544500112534,
            0.16327859461307526,
            0.1393366903066635
        ],
        [
            -0.1047811359167099,
            -0.27559694647789,
            0.12187163531780243
        ],
        [
            0.1230950653553009,
            -0.2267790138721466,
            -0.04883357882499695
        ],
        [
            0.020515430718660355,
            0.20058313012123108,
            -0.03941677138209343
        ],
        [
            0.02787574753165245,
            0.5888171195983887,
            0.08592548966407776
        ],
        [
            -0.1657930612564087,
            -0.49623385071754456,
            -0.0198709424585104
        ],
        [
            -0.13412915170192719,
            -0.40643391013145447,
            0.16938379406929016
        ],
        [
            -0.09378200024366379,
            -0.6626161336898804,
            0.11973758041858673
        ],
        [
            0.08867061138153076,
            -0.6806859970092773,
            -0.10930085927248001
        ],
        [
            0.09862363338470459,
            -0.4338040351867676,
            -0.2153361737728119
        ],
        [
            -0.09779278934001923,
            -0.5142090916633606,
            -0.1993168592453003
        ],
        [
            -0.01611187867820263,
            -0.7267012596130371,
            -0.0015511680394411087
        ],
        [
            -0.07915814220905304,
            -0.9186980128288269,
            -0.03597530350089073
        ],
        [
            0.009547041729092598,
            -0.2514254152774811,
            0.035959694534540176
        ],
        [
            -0.006173186004161835,
            -0.6689139604568481,
            0.005097419023513794
        ],
        [
            0.03311711922287941,
            -0.49839815497398376,
            0.033121708780527115
        ],
        [
            -0.08945171535015106,
            -0.8058962225914001,
            -0.052995551377534866
        ],
        [
            -0.0770638957619667,
            -0.9384392499923706,
            -0.028198495507240295
        ]
    ],
    "pred_vertices": [
        [
            -0.12871775031089783,
            -0.9154216647148132,
            -0.11165264993906021
        ],
        [
            -0.13517487049102783,
            -0.9002599716186523,
            -0.10923640429973602
        ],
        [
            -0.12138940393924713,
            -0.8986697793006897,
            -0.1145661249756813
        ],
        [
            -0.11196233332157135,
            -0.9104816913604736,
            -0.11477553099393845
        ],
        [
            -0.1266094446182251,
            -0.8885174989700317,
            -0.11300401389598846
        ],
        [
            -0.13738185167312622,
            -0.8883458375930786,
            -0.10731080174446106
        ],
        [
            -0.1081383004784584,
            -0.8943097591400146,
            -0.11535832285881042
        ],
        [
            -0.09780414402484894,
            -0.9026666879653931,
            -0.11522359400987625
        ],
        [
            -0.08963888883590698,
            -0.8610488176345825,
            -0.11301492154598236
        ],
        [
            -0.07851800322532654,
            -0.8579975366592407,
            -0.11148333549499512
        ],
        [
            -0.08204279839992523,
            -0.8697735071182251,
            -0.11310656368732452
        ],
        [
            -0.09242953360080719,
            -0.8697419166564941,
            -0.11294035613536835
        ],
        [
            -0.08277010172605515,
            -0.8357604742050171,
            -0.10967462509870529
        ],
        [
            -0.09152638912200928,
            -0.82505202293396,
            -0.10800325870513916
        ],
        [
            -0.08050063997507095,
            -0.8176542520523071,
            -0.10497651994228363
        ],
        [
            -0.07151941955089569,
            -0.8279210329055786,
            -0.10522917658090591
        ],
        [
            -0.1300695836544037,
            -0.8335778713226318,
            -0.09157297760248184
        ],
        [
            -0.1254165768623352,
            -0.8274739980697632,
            -0.09577901661396027
        ],
        [
            -0.12386796623468399,
            -0.8345029354095459,
            -0.09889747947454453
        ],
        [
            -0.12844905257225037,
            -0.8397724032402039,
            -0.0939323827624321
        ],
        [
            -0.14121389389038086,
            -0.8418667316436768,
            -0.08677792549133301
        ],
        [
            -0.13868364691734314,
            -0.8478721976280212,
            -0.08620677888393402
        ],
        [
            -0.1459452509880066,
            -0.8506475687026978,
            -0.08462224900722504
        ],
        [
            -0.1488541066646576,
            -0.8438757658004761,
            -0.08641195297241211
        ],
        [
            -0.13184326887130737,
            -0.8280103206634521,
            -0.08673058450222015
        ],
        [
            -0.1265728771686554,
            -0.8218176364898682,
            -0.0911523699760437
        ],
        [
            -0.13451418280601501,
            -0.8387222290039062,
            -0.08837996423244476
        ],
        [
            -0.1365760862827301,
            -0.83390873670578,
            -0.08759383112192154
        ],
        [
            -0.1460425853729248,
            -0.8261336088180542,
            -0.09000451862812042
        ],
        [
            -0.14470858871936798,
            -0.8311455249786377,
            -0.09062734246253967
        ],
        [
            -0.15238836407661438,
            -0.8311399817466736,
            -0.0909617468714714
        ],
        [
            -0.15169931948184967,
            -0.8256936073303223,
            -0.08956281840801239
        ],
        [
            -0.1364460587501526,
            -0.8269924521446228,
            -0.08789679408073425
        ],
        [
            -0.1390579640865326,
            -0.8295693397521973,
            -0.0896303579211235
        ],
        [
            -0.14172649383544922,
            -0.825373649597168,
            -0.08865174651145935
        ],
        [
            -0.13930082321166992,
            -0.823630690574646,
            -0.08587528020143509
        ],
        [
            -0.14316286146640778,
            -0.8371843099594116,
            -0.0873715877532959
        ],
        [
            -0.150877445936203,
            -0.8379524946212769,
            -0.08832909166812897
        ],
        [
            -0.15916885435581207,
            -0.8381637334823608,
            -0.08832798898220062
        ],
        [
            -0.16041779518127441,
            -0.8294875621795654,
            -0.09059800952672958
        ],
        [
            -0.11179289221763611,
            -0.8156681060791016,
            -0.1015193834900856
        ],
        [
            -0.1191563680768013,
            -0.8216031789779663,
            -0.09953518956899643
        ],
        [
            -0.12105424702167511,
            -0.8164565563201904,
            -0.09511394798755646
        ],
        [
            -0.1151973158121109,
            -0.81169593334198,
            -0.09753479063510895
        ],
        [
            -0.13517233729362488,
            -0.8210660815238953,
            -0.08523400127887726
        ],
        [
            -0.13054323196411133,
            -0.80573570728302,
            -0.087966188788414
        ],
        [
            -0.13133031129837036,
            -0.809447169303894,
            -0.08846855163574219
        ],
        [
            -0.1379016935825348,
            -0.8093783855438232,
            -0.08524826169013977
        ],
        [
            -0.13671597838401794,
            -0.8059570789337158,
            -0.08524744212627411
        ],
        [
            -0.09908640384674072,
            -0.8030996322631836,
            -0.10064586251974106
        ],
        [
            -0.10565599799156189,
            -0.8010857701301575,
            -0.09798569977283478
        ],
        [
            -0.10189567506313324,
            -0.794582724571228,
            -0.09681884199380875
        ],
        [
            -0.09431995451450348,
            -0.7954622507095337,
            -0.09821482747793198
        ],
        [
            -0.10114108771085739,
            -0.7888247966766357,
            -0.09413982182741165
        ],
        [
            -0.0907028540968895,
            -0.7880254983901978,
            -0.09524434059858322
        ],
        [
            -0.09288399666547775,
            -0.7735130190849304,
            -0.08719349652528763
        ],
        [
            -0.09130223840475082,
            -0.7799264192581177,
            -0.0911264568567276
        ],
        [
            -0.10243521630764008,
            -0.7829722166061401,
            -0.09090550243854523
        ],
        [
            -0.10695906728506088,
            -0.7771866321563721,
            -0.0877622663974762
        ],
        [
            -0.12107232958078384,
            -0.7798151969909668,
            -0.08210067451000214
        ],
        [
            -0.12614411115646362,
            -0.7777824401855469,
            -0.07839140295982361
        ],
        [
            -0.119656503200531,
            -0.7663075923919678,
            -0.08086878061294556
        ],
        [
            -0.11382543295621872,
            -0.7708668112754822,
            -0.08430466800928116
        ],
        [
            -0.12597854435443878,
            -0.8006120920181274,
            -0.08516154438257217
        ],
        [
            -0.12159182876348495,
            -0.8013324737548828,
            -0.08711456507444382
        ],
        [
            -0.12369529902935028,
            -0.8023959398269653,
            -0.08859524130821228
        ],
        [
            -0.12876421213150024,
            -0.802734375,
            -0.08681228756904602
        ],
        [
            -0.11815417557954788,
            -0.8015602827072144,
            -0.08920411765575409
        ],
        [
            -0.11664102971553802,
            -0.801551878452301,
            -0.09018243104219437
        ],
        [
            -0.11804261058568954,
            -0.8026001453399658,
            -0.09068001806735992
        ],
        [
            -0.11872933059930801,
            -0.8022516965866089,
            -0.08938230574131012
        ],
        [
            -0.12018748372793198,
            -0.8017061948776245,
            -0.08803032338619232
        ],
        [
            -0.12066650390625,
            -0.7997196316719055,
            -0.08731542527675629
        ],
        [
            -0.11885052919387817,
            -0.8006566762924194,
            -0.08869357407093048
        ],
        [
            -0.12470140308141708,
            -0.798266589641571,
            -0.08568471670150757
        ],
        [
            -0.13732293248176575,
            -0.7940965294837952,
            -0.07903348654508591
        ],
        [
            -0.1343974471092224,
            -0.7950036525726318,
            -0.0815233662724495
        ],
        [
            -0.13510757684707642,
            -0.7994023561477661,
            -0.07990118861198425
        ],
        [
            -0.13774822652339935,
            -0.7988973259925842,
            -0.07785148173570633
        ],
        [
            -0.1205800399184227,
            -0.8041330575942993,
            -0.09027695655822754
        ],
        [
            -0.11940610408782959,
            -0.8057893514633179,
            -0.09223301708698273
        ],
        [
            -0.12471712380647659,
            -0.8076850771903992,
            -0.09095793217420578
        ],
        [
            -0.12432236969470978,
            -0.8050242066383362,
            -0.08949041366577148
        ],
        [
            -0.11809296905994415,
            -0.8078961372375488,
            -0.09446386992931366
        ],
        [
            -0.1165471151471138,
            -0.8040456771850586,
            -0.09229588508605957
        ],
        [
            -0.11451547592878342,
            -0.8050627708435059,
            -0.09469488263130188
        ],
        [
            -0.11657518893480301,
            -0.7997592091560364,
            -0.08967320621013641
        ],
        [
            -0.11364920437335968,
            -0.7984815835952759,
            -0.09112205356359482
        ],
        [
            -0.11472532153129578,
            -0.8009443879127502,
            -0.09223734587430954
        ],
        [
            -0.11436270922422409,
            -0.7951343059539795,
            -0.08950916677713394
        ],
        [
            -0.11832811683416367,
            -0.797637939453125,
            -0.08802574872970581
        ],
        [
            -0.12211698293685913,
            -0.7952008247375488,
            -0.0863565057516098
        ],
        [
            -0.12714140117168427,
            -0.7927625179290771,
            -0.08420731127262115
        ],
        [
            -0.12241161614656448,
            -0.7885855436325073,
            -0.08457870781421661
        ],
        [
            -0.11761898547410965,
            -0.7917008399963379,
            -0.08731471002101898
        ],
        [
            -0.12356290221214294,
            -0.8118172883987427,
            -0.09248941391706467
        ],
        [
            -0.11084174364805222,
            -0.8008672595024109,
            -0.09478156268596649
        ],
        [
            -0.1101967990398407,
            -0.8074424266815186,
            -0.09790261089801788
        ],
        [
            -0.1089630126953125,
            -0.7963229417800903,
            -0.09383872896432877
        ],
        [
            -0.10880236327648163,
            -0.7918051481246948,
            -0.09173530340194702
        ],
        [
            -0.11143326014280319,
            -0.7874475121498108,
            -0.08879779279232025
        ],
        [
            -0.11603394150733948,
            -0.7833043336868286,
            -0.08563545346260071
        ],
        [
            -0.10707945376634598,
            -0.7594667673110962,
            -0.07681161910295486
        ],
        [
            -0.10084283351898193,
            -0.7655459642410278,
            -0.0820922777056694
        ],
        [
            -0.13474851846694946,
            -0.880946695804596,
            -0.10390255600214005
        ],
        [
            -0.12786798179149628,
            -0.8812695741653442,
            -0.10980622470378876
        ],
        [
            -0.12216735631227493,
            -0.874363899230957,
            -0.10730055719614029
        ],
        [
            -0.12172069400548935,
            -0.8768528699874878,
            -0.10880550742149353
        ],
        [
            -0.1273103505373001,
            -0.8773055076599121,
            -0.10628090053796768
        ],
        [
            -0.12636148929595947,
            -0.8746647834777832,
            -0.10511605441570282
        ],
        [
            -0.10083673894405365,
            -0.8704770803451538,
            -0.11064274609088898
        ],
        [
            -0.10756989568471909,
            -0.8712679147720337,
            -0.10890760272741318
        ],
        [
            -0.10554517805576324,
            -0.8677575588226318,
            -0.10835503041744232
        ],
        [
            -0.09834466129541397,
            -0.8641020059585571,
            -0.11144959181547165
        ],
        [
            -0.11393145471811295,
            -0.8585951328277588,
            -0.1050814688205719
        ],
        [
            -0.10920979082584381,
            -0.8607170581817627,
            -0.10719352215528488
        ],
        [
            -0.11458130180835724,
            -0.8666284084320068,
            -0.10564097762107849
        ],
        [
            -0.11807187646627426,
            -0.8651397228240967,
            -0.10416514426469803
        ],
        [
            -0.12155698984861374,
            -0.8641597032546997,
            -0.10191427171230316
        ],
        [
            -0.12494360655546188,
            -0.863688588142395,
            -0.09899531304836273
        ],
        [
            -0.12326433509588242,
            -0.8585183620452881,
            -0.09859633445739746
        ],
        [
            -0.11892691999673843,
            -0.858139157295227,
            -0.10202227532863617
        ],
        [
            -0.13155362010002136,
            -0.8779559135437012,
            -0.1010674387216568
        ],
        [
            -0.13516727089881897,
            -0.8768864274024963,
            -0.09484995901584625
        ],
        [
            -0.1330116093158722,
            -0.8741732239723206,
            -0.09529262036085129
        ],
        [
            -0.13051658868789673,
            -0.8749178647994995,
            -0.10084342956542969
        ],
        [
            -0.13296201825141907,
            -0.8680083155632019,
            -0.08374819159507751
        ],
        [
            -0.13361024856567383,
            -0.8703348636627197,
            -0.08550126105546951
        ],
        [
            -0.13667958974838257,
            -0.8712838888168335,
            -0.08314800262451172
        ],
        [
            -0.13570748269557953,
            -0.8669627904891968,
            -0.08171679079532623
        ],
        [
            -0.13414126634597778,
            -0.864066481590271,
            -0.083610899746418
        ],
        [
            -0.1324138045310974,
            -0.8663344979286194,
            -0.08502396941184998
        ],
        [
            -0.13558131456375122,
            -0.936715841293335,
            -0.10331788659095764
        ],
        [
            -0.14212602376937866,
            -0.9184662103652954,
            -0.10350624471902847
        ],
        [
            -0.11573849618434906,
            -0.9327583312988281,
            -0.10998760163784027
        ],
        [
            -0.09988933056592941,
            -0.9241533279418945,
            -0.1122092753648758
        ],
        [
            -0.08602932095527649,
            -0.9119144678115845,
            -0.1135769858956337
        ],
        [
            -0.09030760079622269,
            -0.8089495897293091,
            -0.10321266949176788
        ],
        [
            -0.0826745256781578,
            -0.8011530637741089,
            -0.10061214119195938
        ],
        [
            -0.06989084929227829,
            -0.8108365535736084,
            -0.10144801437854767
        ],
        [
            -0.06466132402420044,
            -0.8012140393257141,
            -0.0966663733124733
        ],
        [
            -0.07818316668272018,
            -0.7915552854537964,
            -0.09646947681903839
        ],
        [
            -0.07924772053956985,
            -0.7729341983795166,
            -0.08300259709358215
        ],
        [
            -0.07694162428379059,
            -0.7815636396408081,
            -0.090508833527565
        ],
        [
            -0.06031672656536102,
            -0.7918426990509033,
            -0.08910465240478516
        ],
        [
            -0.046157341450452805,
            -0.8072686791419983,
            -0.0881081372499466
        ],
        [
            -0.05331357195973396,
            -0.8133267760276794,
            -0.09578850865364075
        ],
        [
            -0.036235395818948746,
            -0.8247557878494263,
            -0.08559472113847733
        ],
        [
            -0.037128470838069916,
            -0.8012139797210693,
            -0.07785380631685257
        ],
        [
            -0.029690392315387726,
            -0.8249268531799316,
            -0.07853909581899643
        ],
        [
            -0.03966815397143364,
            -0.7644660472869873,
            -0.06597307324409485
        ],
        [
            -0.03249497339129448,
            -0.754565954208374,
            -0.06473080813884735
        ],
        [
            -0.016934474930167198,
            -0.7644813060760498,
            -0.06574325263500214
        ],
        [
            -0.023696841672062874,
            -0.7743040323257446,
            -0.0684947595000267
        ],
        [
            -0.06091999635100365,
            -0.8202375769615173,
            -0.10097821056842804
        ],
        [
            -0.07632103562355042,
            -0.8811538219451904,
            -0.11183512210845947
        ],
        [
            -0.08821839839220047,
            -0.8790899515151978,
            -0.11367587745189667
        ],
        [
            -0.06984422355890274,
            -0.8693569898605347,
            -0.11057324707508087
        ],
        [
            -0.06962481141090393,
            -0.9431546926498413,
            -0.10645856708288193
        ],
        [
            -0.0864342749118805,
            -0.9354333281517029,
            -0.11035123467445374
        ],
        [
            -0.07430531084537506,
            -0.9219523668289185,
            -0.11234448850154877
        ],
        [
            -0.06037697196006775,
            -0.9308905601501465,
            -0.10829468071460724
        ],
        [
            -0.09704261273145676,
            -0.9741909503936768,
            -0.08878470212221146
        ],
        [
            -0.11722299456596375,
            -0.9576586484909058,
            -0.09846048057079315
        ],
        [
            -0.10281649976968765,
            -0.9487024545669556,
            -0.10525845736265182
        ],
        [
            -0.0852830559015274,
            -0.961097002029419,
            -0.09841082990169525
        ],
        [
            -0.048404302448034286,
            -0.9345067739486694,
            -0.10284010320901871
        ],
        [
            -0.03216611593961716,
            -0.9390807151794434,
            -0.0939231887459755
        ],
        [
            -0.03127977252006531,
            -0.9558725357055664,
            -0.08823512494564056
        ],
        [
            -0.051551468670368195,
            -0.9519253969192505,
            -0.09803102165460587
        ],
        [
            -0.03521169722080231,
            -0.9758009910583496,
            -0.07504981756210327
        ],
        [
            -0.059696368873119354,
            -0.972083330154419,
            -0.08734117448329926
        ],
        [
            -0.019228950142860413,
            -0.8131491541862488,
            -0.07057859003543854
        ],
        [
            -0.01975325495004654,
            -0.8318192362785339,
            -0.0719606876373291
        ],
        [
            -0.03241388872265816,
            -0.7861669063568115,
            -0.07190968096256256
        ],
        [
            -0.01648668199777603,
            -0.7971528172492981,
            -0.06833851337432861
        ],
        [
            -0.0428260862827301,
            -0.9908593893051147,
            -0.05773844197392464
        ],
        [
            -0.0712762326002121,
            -0.987427830696106,
            -0.07311084121465683
        ],
        [
            0.007891573011875153,
            -0.9253135323524475,
            -0.058991629630327225
        ],
        [
            -0.000818885862827301,
            -0.941879391670227,
            -0.06643497943878174
        ],
        [
            -0.008985951542854309,
            -0.9265894889831543,
