{
    "pred_cam": [
        1.0918272733688354,
        0.012040698900818825,
        0.10396205633878708
    ],
    "pred_smpl_params": {
        "global_orient": [
            [
                [
                    0.8138165473937988,
                    0.0916697233915329,
                    -0.5738459825515747
                ],
                [
                    0.11240113526582718,
                    -0.9936627149581909,
                    0.0006711126770824194
                ],
                [
                    -0.5701478123664856,
                    -0.06504710018634796,
                    -0.8189629316329956
                ]
            ]
        ],
        "body_pose": [
            [
                [
                    0.9983699917793274,
                    0.027073409408330917,
                    0.050243400037288666
                ],
                [
                    -0.03142270818352699,
                    0.9956337213516235,
                    0.08789759129285812
                ],
                [
                    -0.04764433950185776,
                    -0.08933310210704803,
                    0.9948615431785583
                ]
            ],
            [
                [
                    0.9973564147949219,
                    -0.016710156574845314,
                    0.0707177221775055
                ],
                [
                    0.026645144447684288,
                    0.9895122647285461,
                    -0.14197035133838654
                ],
                [
                    -0.0676037073135376,
                    0.14347931742668152,
                    0.9873416423797607
                ]
            ],
            [
                [
                    0.9974331259727478,
                    -0.04971102997660637,
                    -0.05153536796569824
                ],
                [
                    0.04441552236676216,
                    0.9940709471702576,
                    -0.09924808889627457
                ],
                [
                    0.05616353824734688,
                    0.09670437127351761,
                    0.9937272071838379
                ]
            ],
            [
                [
                    0.9979615211486816,
                    0.06063941493630409,
                    0.019889721646904945
                ],
                [
                    -0.05572730302810669,
                    0.9799184799194336,
                    -0.19145287573337555
                ],
                [
                    -0.031099891290068626,
                    0.1899542212486267,
                    0.9813002347946167
                ]
            ],
            [
                [
                    0.9799854755401611,
                    0.1215149313211441,
                    0.1576785296201706
                ],
                [
                    -0.07760284096002579,
                    0.9626123905181885,
                    -0.2595288157463074
                ],
                [
                    -0.18331992626190186,
                    0.24209819734096527,
                    0.9527760744094849
                ]
            ],
            [
                [
                    0.9910350441932678,
                    -0.11117951571941376,
                    -0.07408564537763596
                ],
                [
                    0.10591096431016922,
                    0.9917933940887451,
                    -0.07161474227905273
                ],
                [
                    0.08143975585699081,
                    0.06312623620033264,
                    0.9946771264076233
                ]
            ],
            [
                [
                    0.992129385471344,
                    0.07062207162380219,
                    0.10340148210525513
                ],
                [
                    -0.06895451247692108,
                    0.9974268674850464,
                    -0.019618310034275055
                ],
                [
                    -0.10452090203762054,
                    0.012333902530372143,
                    0.9944462180137634
                ]
            ],
            [
                [
                    0.9917270541191101,
                    -0.04027295485138893,
                    -0.12188363820314407
                ],
                [
                    0.043501608073711395,
                    0.9987663626670837,
                    0.023944616317749023
                ],
                [
                    0.1207689568400383,
                    -0.029048657044768333,
                    0.9922555685043335
                ]
            ],
            [
                [
                    0.9975355267524719,
                    -0.04414226487278938,
                    -0.05453895777463913
                ],
                [
                    0.04397504776716232,
                    0.9990234971046448,
                    -0.004263091366738081
                ],
                [
                    0.05467388778924942,
                    0.0018542315810918808,
                    0.9985026121139526
                ]
            ],
            [
                [
                    0.9846067428588867,
                    -0.1324262171983719,
                    0.1140739768743515
                ],
                [
                    0.12262822687625885,
                    0.9884510636329651,
                    0.08903242647647858
                ],
                [
                    -0.12454677373170853,
                    -0.07367323338985443,
                    0.9894747734069824
                ]
            ],
            [
                [
                    0.9956326484680176,
                    0.09242964535951614,
                    -0.013127665966749191
                ],
                [
                    -0.09056758880615234,
                    0.9904029369354248,
                    0.10440074652433395
                ],
                [
                    0.02265140414237976,
                    -0.10275585949420929,
                    0.9944486021995544
                ]
            ],
            [
                [
                    0.9968748092651367,
                    -0.04134207218885422,
                    -0.06731640547513962
                ],
                [
                    0.04431432858109474,
                    0.9980798959732056,
                    0.043275438249111176
                ],
                [
                    0.06539805233478546,
                    -0.04612327367067337,
                    0.996792733669281
                ]
            ],
            [
                [
                    0.9371289610862732,
                    0.2913019359111786,
                    -0.19217827916145325
                ],
                [
                    -0.2955206334590912,
                    0.9553108215332031,
                    0.0069878799840807915
                ],
                [
                    0.18562555313110352,
                    0.05024410039186478,
                    0.9813351631164551
                ]
            ],
            [
                [
                    0.932102620601654,
                    -0.3409745991230011,
                    0.12215124070644379
                ],
                [
                    0.34247395396232605,
                    0.9394826889038086,
                    0.009159630164504051
                ],
                [
                    -0.11788217723369598,
                    0.033295903354883194,
                    0.9924691915512085
                ]
            ],
            [
                [
                    0.9927074909210205,
                    -0.013997032307088375,
                    -0.11973229795694351
                ],
                [
                    -0.003456752747297287,
                    0.989522397518158,
                    -0.14433801174163818
                ],
                [
                    0.12049809843301773,
                    0.14369931817054749,
                    0.9822579026222229
                ]
            ],
            [
                [
                    0.4396795928478241,
                    0.7805045247077942,
                    -0.444403737783432
                ],
                [
                    -0.8409561514854431,
                    0.531505286693573,
                    0.10146410018205643
                ],
                [
                    0.31539610028266907,
                    0.32911235094070435,
                    0.890062153339386
                ]
            ],
            [
                [
                    0.42612841725349426,
                    -0.7991159558296204,
                    0.4240615963935852
                ],
                [
                    0.8975687026977539,
                    0.4320480227470398,
                    -0.08777748048305511
                ],
                [
                    -0.11307060718536377,
                    0.41802892088890076,
                    0.9013694524765015
                ]
            ],
            [
                [
                    -0.24047310650348663,
                    -0.3802812993526459,
                    -0.8930614590644836
                ],
                [
                    0.05827677622437477,
                    0.9127438068389893,
                    -0.404354453086853
                ],
                [
                    0.9689047932624817,
                    -0.1492811143398285,
                    -0.19732877612113953
                ]
            ],
            [
                [
                    -0.3539067804813385,
                    0.47588106989860535,
                    0.8051629066467285
                ],
                [
                    -0.008955808356404305,
                    0.8591145873069763,
                    -0.5117050409317017
                ],
                [
                    -0.9352378249168396,
                    -0.1883067637681961,
                    -0.2997845709323883
                ]
            ],
            [
                [
                    0.9732413291931152,
                    -0.2012113481760025,
                    -0.11097507178783417
                ],
                [
                    0.21287482976913452,
                    0.9713419675827026,
                    0.10573095083236694
                ],
                [
                    0.0865204855799675,
                    -0.12652550637722015,
                    0.9881829619407654
                ]
            ],
            [
                [
                    0.9737981557846069,
                    0.17812152206897736,
                    0.1413857638835907
                ],
                [
                    -0.20349308848381042,
                    0.9600532650947571,
                    0.19206345081329346
                ],
                [
                    -0.10152722150087357,
                    -0.21580204367637634,
                    0.9711446166038513
                ]
            ],
            [
                [
                    0.9679572582244873,
                    0.23536023497581482,
                    -0.0875457376241684
                ],
                [
                    -0.22684411704540253,
                    0.9690727591514587,
                    0.09715795516967773
                ],
                [
                    0.10770530998706818,
                    -0.07418551295995712,
                    0.9914110898971558
                ]
            ],
            [
                [
                    0.967724621295929,
                    -0.23870733380317688,
                    0.08079572767019272
                ],
                [
                    0.22886808216571808,
                    0.9666718244552612,
                    0.11473870277404785
                ],
                [
                    -0.10549192875623703,
                    -0.09254390001296997,
                    0.990104615688324
                ]
            ]
        ],
        "betas": [
            -0.02879483997821808,
            0.06473150849342346,
            0.14553803205490112,
            0.16802436113357544,
            0.06161618232727051,
            -0.010643091052770615,
            -0.00455048680305481,
            -1.8328428268432617e-05,
            0.018899694085121155,
            -0.021980643272399902
        ]
    },
    "pred_cam_t": [
        0.012040698900818825,
        0.10396205633878708,
        35.77717971801758
    ],
    "focal_length": [
        5000.0,
        5000.0
    ],
    "pred_keypoints_3d": [
        [
            -0.15175572037696838,
            -0.824410080909729,
            -0.0759212002158165
        ],
        [
            -0.005786623805761337,
            -0.7347790598869324,
            0.01573147065937519
        ],
        [
            -0.11768081784248352,
            -0.6254821419715881,
            0.1485307216644287
        ],
        [
            -0.09586155414581299,
            -0.3737700879573822,
            0.1737005114555359
        ],
        [
            -0.16752633452415466,
            -0.4545491933822632,
            -0.05670037865638733
        ],
        [
            0.11646673828363419,
            -0.6541991829872131,
            -0.11986862123012543
        ],
        [
            0.13517096638679504,
            -0.3992464542388916,
            -0.16935308277606964
        ],
        [
            -0.09586137533187866,
            -0.4800085127353668,
            -0.21164393424987793
        ],
        [
            -0.0018735849298536777,
            -0.22497086226940155,
            0.027526238933205605
        ],
        [
            -0.06225323677062988,
            -0.14257928729057312,
            0.07562169432640076
        ],
        [
            -0.0883704125881195,
            0.2286340594291687,
            0.1682131290435791
        ],
        [
            -0.04738174006342888,
            0.570984959602356,
            0.3693605363368988
        ],
        [
            0.0501309335231781,
            -0.12631675601005554,
            -9.219348430633545e-05
        ],
        [
            0.019428517669439316,
            0.2478407323360443,
            -0.012033816426992416
        ],
        [
            -0.013853456825017929,
            0.6258249878883362,
            0.11076122522354126
        ],
        [
            -0.14755642414093018,
            -0.8655725717544556,
            -0.029912730678915977
        ],
        [
            -0.11382215470075607,
            -0.871883749961853,
            -0.08704619109630585
        ],
        [
            -0.08596798777580261,
            -0.8604338765144348,
            0.05322321131825447
        ],
        [
            -0.011701971292495728,
            -0.873353123664856,
            -0.07286620885133743
        ],
        [
            -0.10709743946790695,
            0.7102134823799133,
            -0.04712553322315216
        ],
        [
            -0.026118561625480652,
            0.719927191734314,
            -0.028419367969036102
        ],
        [
            0.011770263314247131,
            0.651375412940979,
            0.16855689883232117
        ],
        [
            -0.12297214567661285,
            0.687674343585968,
            0.22825682163238525
        ],
        [
            -0.17089316248893738,
            0.6677215695381165,
            0.29958489537239075
        ],
        [
            -0.022744685411453247,
            0.5887366533279419,
            0.4351179003715515
        ],
        [
            -0.057560957968235016,
            0.5114831328392029,
            0.37785065174102783
        ],
        [
            -0.08519022911787033,
            0.16409382224082947,
            0.14943425357341766
        ],
        [
            -0.11475789546966553,
            -0.27327775955200195,
            0.11207976937294006
        ],
        [
            0.1304963082075119,
            -0.22455081343650818,
            -0.03785082697868347
        ],
        [
            0.0337454155087471,
            0.2052798867225647,
            -0.018855247646570206
        ],
        [
            0.009422524832189083,
            0.5894265174865723,
            0.12087688595056534
        ],
        [
            -0.15060508251190186,
            -0.479270339012146,
            -0.026740513741970062
        ],
        [
            -0.13554054498672485,
            -0.4016874134540558,
            0.17203842103481293
        ],
        [
            -0.09412886202335358,
            -0.6585649847984314,
            0.12426628917455673
        ],
        [
            0.09952323138713837,
            -0.6828340291976929,
            -0.09458944201469421
        ],
        [
            0.13261491060256958,
            -0.43920424580574036,
            -0.20534154772758484
        ],
        [
            -0.07410731911659241,
            -0.49435940384864807,
            -0.2103968858718872
        ],
        [
            -0.010980291292071342,
            -0.7256260514259338,
            0.008395576849579811
        ],
        [
            -0.0688362866640091,
            -0.9175295829772949,
            -0.019234461709856987
        ],
        [
            0.008389080874621868,
            -0.24917833507061005,
            0.03659094497561455
        ],
        [
            -0.001200694590806961,
            -0.6680353879928589,
            0.014054650440812111
        ],
        [
            0.03388578072190285,
            -0.49433112144470215,
            0.03730045631527901
        ],
        [
            -0.080573670566082,
            -0.8062670826911926,
            -0.042639072984457016
        ],
        [
            -0.0667368471622467,
            -0.9369090795516968,
            -0.01047052163630724
        ]
    ],
    "pred_vertices": [
        [
            -0.1150517612695694,
            -0.9192080497741699,
            -0.09735091030597687
        ],
        [
            -0.12188949435949326,
            -0.9040582776069641,
            -0.09592562913894653
        ],
        [
            -0.10790125280618668,
            -0.902399480342865,
            -0.10066523402929306
        ],
        [
            -0.0982978492975235,
            -0.9140616655349731,
            -0.09988848865032196
        ],
        [
            -0.11336576193571091,
            -0.8922944068908691,
            -0.09986947476863861
        ],
        [
            -0.12439050525426865,
            -0.8920297622680664,
            -0.09476527571678162
        ],
        [
            -0.09469910711050034,
            -0.8977850675582886,
            -0.1010502278804779
        ],
        [
            -0.08427314460277557,
            -0.9059898853302002,
            -0.10001099109649658
        ],
        [
            -0.0769982859492302,
            -0.8641157150268555,
            -0.09972182661294937
        ],
        [
            -0.06603287160396576,
            -0.860781192779541,
            -0.09781748056411743
        ],
        [
            -0.06919297575950623,
            -0.8726404905319214,
            -0.09894627332687378
        ],
        [
            -0.07958448678255081,
            -0.8727983832359314,
            -0.09927074611186981
        ],
        [
            -0.07076682150363922,
            -0.838585376739502,
            -0.09733989834785461
        ],
        [
            -0.07979025691747665,
            -0.8279458284378052,
            -0.09663645923137665
        ],
        [
            -0.06904768198728561,
            -0.8201959133148193,
            -0.0934256762266159
        ],
        [
            -0.059907227754592896,
            -0.8302801847457886,
            -0.09268811345100403
        ],
        [
            -0.11891064792871475,
            -0.836333155632019,
            -0.08160054683685303
        ],
        [
            -0.11417577415704727,
            -0.8303776979446411,
            -0.08587673306465149
        ],
        [
            -0.112363800406456,
            -0.837521493434906,
            -0.08859159052371979
        ],
        [
            -0.11706799268722534,
            -0.8426059484481812,
            -0.08357987552881241
        ],
        [
            -0.13001187145709991,
            -0.8445291519165039,
            -0.07683327794075012
        ],
        [
            -0.1274203360080719,
            -0.8504594564437866,
            -0.07587284594774246
        ],
        [
            -0.13466358184814453,
            -0.8532921075820923,
            -0.07441198080778122
        ],
        [
            -0.13758914172649384,
            -0.8466700911521912,
            -0.07664305716753006
        ],
        [
            -0.12096188962459564,
            -0.8305619955062866,
            -0.07707275450229645
        ],
        [
            -0.11562352627515793,
            -0.8245372772216797,
            -0.08154167234897614
        ],
        [
            -0.12338688224554062,
            -0.8413758277893066,
            -0.0783427357673645
        ],
        [
            -0.1254846751689911,
            -0.8365169763565063,
            -0.07786615192890167
        ],
        [
            -0.13490918278694153,
            -0.8290821313858032,
            -0.08099158108234406
        ],
        [
            -0.13346774876117706,
            -0.8340859413146973,
            -0.08130846917629242
        ],
        [
            -0.1410868763923645,
            -0.8342440128326416,
            -0.08196467906236649
        ],
        [
            -0.140568345785141,
            -0.8287308216094971,
            -0.08082497119903564
        ],
        [
            -0.12543761730194092,
            -0.8296182751655579,
            -0.07848017662763596
        ],
        [
            -0.1279061734676361,
            -0.832319438457489,
            -0.08017998933792114
        ],
        [
            -0.13068297505378723,
            -0.8281419277191162,
            -0.07952270656824112
        ],
        [
            -0.1284342110157013,
            -0.8262290954589844,
            -0.07672916352748871
        ],
        [
            -0.13197320699691772,
            -0.8398826122283936,
            -0.07773403823375702
        ],
        [
            -0.1395941525697708,
            -0.8408690690994263,
            -0.07895201444625854
        ],
        [
            -0.14783114194869995,
            -0.8412485122680664,
            -0.07926491647958755
        ],
        [
            -0.14912712574005127,
            -0.8327347636222839,
            -0.08204376697540283
        ],
        [
            -0.10051993280649185,
            -0.818659782409668,
            -0.09153561294078827
        ],
        [
            -0.10785525292158127,
            -0.8245790004730225,
            -0.08963803946971893
        ],
        [
            -0.11002819240093231,
            -0.8192901015281677,
            -0.08551594614982605
        ],
        [
            -0.10415426641702652,
            -0.8145700693130493,
            -0.08788327872753143
        ],
        [
            -0.12441500276327133,
            -0.8235766887664795,
            -0.0760553628206253
        ],
        [
            -0.1199554055929184,
            -0.8083661794662476,
            -0.0793546587228775
        ],
        [
            -0.12063279002904892,
            -0.8121036291122437,
            -0.07967617362737656
        ],
        [
            -0.1273379921913147,
            -0.8120077252388,
            -0.07674653828144073
        ],
        [
            -0.12624314427375793,
            -0.8085765838623047,
            -0.07689868658781052
        ],
        [
            -0.08807788789272308,
            -0.805895209312439,
            -0.09063951671123505
        ],
        [
            -0.0947795882821083,
            -0.8038958311080933,
            -0.08832942694425583
        ],
        [
            -0.09121159464120865,
            -0.7973132729530334,
            -0.08729897439479828
        ],
        [
            -0.08358107507228851,
            -0.7981140613555908,
            -0.08834000676870346
        ],
        [
            -0.09070822596549988,
            -0.7915151119232178,
            -0.08481690287590027
        ],
        [
            -0.08023868501186371,
            -0.7905439138412476,
            -0.08553822338581085
        ],
        [
            -0.08300171047449112,
            -0.7757921814918518,
            -0.07829870283603668
        ],
        [
            -0.08115413039922714,
            -0.7823060750961304,
            -0.08185982704162598
        ],
        [
            -0.09224105626344681,
            -0.7855796813964844,
            -0.08193538337945938
        ],
        [
            -0.09699133783578873,
            -0.7797605991363525,
            -0.07928887754678726
        ],
        [
            -0.11130456626415253,
            -0.7822204828262329,
            -0.07431119680404663
        ],
        [
            -0.11655797064304352,
            -0.7801072597503662,
            -0.07093317061662674
        ],
        [
            -0.11017514020204544,
            -0.7687060832977295,
            -0.07364241778850555
        ],
        [
            -0.10411570966243744,
            -0.7734216451644897,
            -0.07647112011909485
        ],
        [
            -0.11567622423171997,
            -0.8031076788902283,
            -0.07657576352357864
        ],
        [
            -0.1111929714679718,
            -0.8038422465324402,
            -0.07828613370656967
        ],
        [
            -0.11320536583662033,
            -0.8050010204315186,
            -0.07981935143470764
        ],
        [
            -0.11834520101547241,
            -0.8053350448608398,
            -0.07826898992061615
        ],
        [
            -0.10766454041004181,
            -0.8041232824325562,
            -0.0801907330751419
        ],
        [
            -0.10610710829496384,
            -0.8041368126869202,
            -0.08109016716480255
        ],
        [
            -0.10746124386787415,
            -0.8052175045013428,
            -0.0816088318824768
        ],
        [
            -0.1082095056772232,
            -0.8048015832901001,
            -0.08038470149040222
        ],
        [
            -0.10973910987377167,
            -0.8042270541191101,
            -0.07912713289260864
        ],
        [
            -0.110285185277462,
            -0.8022418022155762,
            -0.07852199673652649
        ],
        [
            -0.10839973390102386,
            -0.8032256364822388,
            -0.07975119352340698
        ],
        [
            -0.11441250145435333,
            -0.8007962703704834,
            -0.07714617252349854
        ],
        [
            -0.12736058235168457,
            -0.7964667081832886,
            -0.07132896780967712
        ],
        [
            -0.12434763461351395,
            -0.7975077629089355,
            -0.07360049337148666
        ],
        [
            -0.12505358457565308,
            -0.8017904758453369,
            -0.07182019203901291
        ],
        [
            -0.12775170803070068,
            -0.8011822700500488,
            -0.06994202733039856
        ],
        [
            -0.10993470996618271,
            -0.8066916465759277,
            -0.08129006624221802
        ],
        [
            -0.1086825355887413,
            -0.8084965944290161,
            -0.08304010331630707
        ],
        [
            -0.11399772018194199,
            -0.8104178309440613,
            -0.08191704005002975
        ],
        [
            -0.11373236030340195,
            -0.8076791763305664,
            -0.08059100806713104
        ],
        [
            -0.10723952949047089,
            -0.8106778860092163,
            -0.08511050045490265
        ],
        [
            -0.10586255043745041,
            -0.8067188262939453,
            -0.0830591693520546
        ],
        [
            -0.10367850214242935,
            -0.8077837228775024,
            -0.08531451225280762
        ],
        [
            -0.10609916597604752,
            -0.8023431301116943,
            -0.08066138625144958
        ],
        [
            -0.10313161462545395,
            -0.8011000752449036,
            -0.08200889825820923
        ],
        [
            -0.1041073203086853,
            -0.8036131858825684,
            -0.08305834978818893
        ],
        [
            -0.10398733615875244,
            -0.7977167367935181,
            -0.0806080549955368
        ],
        [
            -0.10796843469142914,
            -0.8001947402954102,
            -0.07920622825622559
        ],
        [
            -0.11186648160219193,
            -0.7977705597877502,
            -0.07783244550228119
        ],
        [
            -0.1170383021235466,
            -0.7953157424926758,
            -0.07606968283653259
        ],
        [
            -0.11237996816635132,
            -0.7911004424095154,
            -0.07643330097198486
        ],
        [
            -0.10740018635988235,
            -0.7942578792572021,
            -0.07875275611877441
        ],
        [
            -0.11267456412315369,
            -0.8145307898521423,
            -0.08322443813085556
        ],
        [
            -0.10010246932506561,
            -0.8036059141159058,
            -0.08539240807294846
        ],
        [
            -0.0992082878947258,
            -0.8102854490280151,
            -0.08818540722131729
        ],
        [
            -0.09836521744728088,
            -0.7990144491195679,
            -0.08457561582326889
        ],
        [
            -0.09840065240859985,
            -0.7944336533546448,
            -0.08269017934799194
        ],
        [
            -0.10123752057552338,
            -0.790066123008728,
            -0.08006681501865387
        ],
        [
            -0.10605207085609436,
            -0.7857975959777832,
            -0.07742525637149811
        ],
        [
            -0.09793467074632645,
            -0.7615086436271667,
            -0.06937657296657562
        ],
        [
            -0.09133420884609222,
            -0.7677950859069824,
            -0.07396192848682404
        ],
        [
            -0.12212751805782318,
            -0.8843812942504883,
            -0.09170030057430267
        ],
        [
            -0.11496962606906891,
            -0.8848187923431396,
            -0.09723223745822906
        ],
        [
            -0.1095149889588356,
            -0.8776746988296509,
            -0.09487612545490265
        ],
        [
            -0.10900937765836716,
            -0.8802876472473145,
            -0.0961911603808403
        ],
        [
            -0.11465531587600708,
            -0.8806670308113098,
            -0.09395799785852432
        ],
        [
            -0.1138078048825264,
            -0.8779449462890625,
            -0.09288778901100159
        ],
        [
            -0.08808546513319016,
            -0.8735383749008179,
            -0.09738785028457642
        ],
        [
            -0.09489843249320984,
            -0.874362587928772,
            -0.09596210718154907
        ],
        [
            -0.09296482801437378,
            -0.8708085417747498,
            -0.09549979120492935
        ],
        [
            -0.0856868326663971,
            -0.867188572883606,
            -0.09843405336141586
        ],
        [
            -0.10167509317398071,
            -0.8616719245910645,
            -0.09311380982398987
        ],
        [
            -0.09681973606348038,
            -0.8638116121292114,
            -0.09487418085336685
        ],
        [
            -0.10214672982692719,
            -0.8697332143783569,
            -0.09326053410768509
        ],
        [
            -0.10573034733533859,
            -0.8682312369346619,
            -0.09203457832336426
        ],
        [
            -0.10934239625930786,
            -0.8671882152557373,
            -0.09002608060836792
        ],
        [
            -0.11288667470216751,
            -0.8666383028030396,
            -0.087293341755867
        ],
        [
            -0.11130543798208237,
            -0.8613988161087036,
            -0.0871000736951828
        ],
        [
            -0.10682240128517151,
            -0.861129641532898,
            -0.09033308178186417
        ],
        [
            -0.11915071308612823,
            -0.8811041116714478,
            -0.08892974257469177
        ],
        [
            -0.12310144305229187,
            -0.8797870874404907,
            -0.08293302357196808
        ],
        [
            -0.12094831466674805,
            -0.8770488500595093,
            -0.08342856168746948
        ],
        [
            -0.11818934231996536,
            -0.8780338764190674,
            -0.08884456753730774
        ],
        [
            -0.12150462716817856,
            -0.8702989816665649,
            -0.07221829891204834
        ],
        [
            -0.12204454094171524,
            -0.8727284073829651,
            -0.07387732714414597
        ],
        [
            -0.12519213557243347,
            -0.8736190795898438,
            -0.07162843644618988
        ],
        [
            -0.12434743344783783,
            -0.8692172765731812,
            -0.07037094235420227
        ],
        [
            -0.12273568660020828,
            -0.8663758635520935,
            -0.07233497500419617
        ],
        [
            -0.1209123283624649,
            -0.86867356300354,
            -0.07356113195419312
        ],
        [
            -0.1219143494963646,
            -0.9403625726699829,
            -0.08813652396202087
        ],
        [
            -0.1287832260131836,
            -0.9221181869506836,
            -0.08964554965496063
        ],
        [
            -0.10183349251747131,
            -0.9362301826477051,
            -0.09411302208900452
        ],
        [
            -0.08601535856723785,
            -0.9274097084999084,
            -0.09609541296958923
        ],
        [
            -0.07242681086063385,
            -0.9149448871612549,
            -0.09736964106559753
        ],
        [
            -0.0790739506483078,
            -0.8116666674613953,
            -0.09253331273794174
        ],
        [
            -0.07173029333353043,
            -0.8036355972290039,
            -0.0899919718503952
        ],
        [
            -0.058745332062244415,
            -0.8130447864532471,
            -0.08973218500614166
        ],
        [
            -0.05393729358911514,
            -0.8031766414642334,
            -0.08517855405807495
        ],
        [
            -0.06760106235742569,
            -0.7938303351402283,
            -0.08611088991165161
        ],
        [
            -0.06957482546567917,
            -0.7747534513473511,
            -0.07351525872945786
        ],
        [
            -0.06680113822221756,
            -0.7835870385169983,
            -0.08054392784833908
        ],
        [
            -0.05015164986252785,
            -0.7934896349906921,
            -0.0777885913848877
        ],
        [
            -0.03586874529719353,
            -0.8084888458251953,
            -0.07535496354103088
        ],
        [
            -0.04245884343981743,
            -0.8149386644363403,
            -0.08303344249725342
        ],
        [
            -0.02587200701236725,
            -0.8256213665008545,
            -0.07159537076950073
        ],
        [
            -0.027524910867214203,
            -0.801909327507019,
            -0.06494008004665375
        ],
        [
            -0.019765634089708328,
            -0.825355052947998,
            -0.06426706165075302
        ],
        [
            -0.031131919473409653,
            -0.7649893164634705,
            -0.055153895169496536
        ],
        [
            -0.024239731952548027,
            -0.7549484968185425,
            -0.05413217842578888
        ],
        [
            -0.008611313998699188,
            -0.7645893096923828,
            -0.05404573678970337
        ],
        [
            -0.014980806037783623,
            -0.7745948433876038,
            -0.056572075933218
        ],
        [
            -0.04967368766665459,
            -0.8221855163574219,
            -0.08829627931118011
        ],
        [
            -0.06339255720376968,
            -0.8838709592819214,
            -0.09678010642528534
        ],
        [
            -0.0751957893371582,
            -0.8821089267730713,
            -0.09926775097846985
        ],
        [
            -0.0572160929441452,
            -0.8718481063842773,
            -0.09590011090040207
        ],
        [
            -0.05562056973576546,
            -0.945497453212738,
            -0.08786354213953018
        ],
        [
            -0.07248266041278839,
            -0.9383106827735901,
            -0.09296359866857529
        ],
        [
            -0.06048961728811264,
            -0.9245708584785461,
            -0.09506575763225555
        ],
        [
            -0.04659191519021988,
            -0.9330101013183594,
            -0.08990491181612015
        ],
        [
            -0.0831250548362732,
            -0.9762254953384399,
            -0.06990659981966019
        ],
        [
            -0.10328622162342072,
            -0.9606486558914185,
            -0.08142043650150299
        ],
        [
            -0.08877599239349365,
            -0.9516680240631104,
            -0.08802551031112671
        ],
        [
            -0.07118720561265945,
            -0.9633718132972717,
            -0.07967178523540497
        ],
        [
            -0.03479102998971939,
            -0.9361772537231445,
            -0.08379412442445755
        ],
        [
            -0.01892576366662979,
            -0.9398818612098694,
            -0.07392152398824692
        ],
        [
            -0.01789555698633194,
            -0.9561949372291565,
            -0.06719136238098145
        ],
        [
            -0.03774502873420715,
            -0.9533421993255615,
            -0.07804115116596222
        ],
        [
            -0.022014498710632324,
            -0.9755114912986755,
            -0.05312470719218254
        ],
        [
            -0.045916005969047546,
            -0.9731062054634094,
            -0.06673433631658554
        ],
        [
            -0.009795252233743668,
            -0.8130605220794678,
            -0.0565471388399601
        ],
        [
            -0.010008588433265686,
            -0.8317059278488159,
            -0.05700640752911568
        ],
        [
            -0.023274777457118034,
            -0.7866681814193726,
            -0.059681765735149384
        ],
        [
            -0.007428482174873352,
            -0.7971140146255493,
            -0.05503811687231064
        ],
        [
            -0.030089549720287323,
            -0.9896560907363892,
            -0.035415321588516235
        ],
        [
            -0.057772547006607056,
            -0.9878792762756348,
            -0.052273668348789215
        ],
        [
            0.01904936134815216,
            -0.9234230518341064,
            -0.03792624920606613
        ],
        [
            0.011071711778640747,
            -0.9405498504638672,
            -0.04475938156247139
        ],
        [
            0.003228515386581421,
