{
    "pred_cam": [
        1.0753917694091797,
        0.015202069655060768,
        0.1030370220541954
    ],
    "pred_smpl_params": {
        "global_orient": [
            [
                [
                    0.836966872215271,
                    0.08924968540668488,
                    -0.5399267673492432
                ],
                [
                    0.10906440019607544,
                    -0.9940232634544373,
                    0.0047543770633637905
                ],
                [
                    -0.5362755060195923,
                    -0.06286604702472687,
                    -0.8416985273361206
                ]
            ]
        ],
        "body_pose": [
            [
                [
                    0.9985287189483643,
                    0.028124650940299034,
                    0.04636199772357941
                ],
                [
                    -0.03305730223655701,
                    0.9934573769569397,
                    0.10931409150362015
                ],
                [
                    -0.0429842509329319,
                    -0.11068585515022278,
                    0.9929254651069641
                ]
            ],
            [
                [
                    0.9967718124389648,
                    -0.02268504723906517,
                    0.07701519876718521
                ],
                [
                    0.03325607627630234,
                    0.9897500872612,
                    -0.13888433575630188
                ],
                [
                    -0.07307519763708115,
                    0.14099721610546112,
                    0.9873093962669373
                ]
            ],
            [
                [
                    0.9976153373718262,
                    -0.050451792776584625,
                    -0.047099169343709946
                ],
                [
                    0.04497118294239044,
                    0.9928094148635864,
                    -0.11093757301568985
                ],
                [
                    0.052357494831085205,
                    0.1085549145936966,
                    0.9927107691764832
                ]
            ],
            [
                [
                    0.9978228807449341,
                    0.06057020276784897,
                    0.026091210544109344
                ],
                [
                    -0.053252458572387695,
                    0.9733517169952393,
                    -0.22304828464984894
                ],
                [
                    -0.03890600800514221,
                    0.2211732566356659,
                    0.9744580984115601
                ]
            ],
            [
                [
                    0.9806703925132751,
                    0.11595628410577774,
                    0.15760579705238342
                ],
                [
                    -0.06957883387804031,
                    0.9594958424568176,
                    -0.2729954719543457
                ],
                [
                    -0.18287764489650726,
                    0.2567525804042816,
                    0.9490172863006592
                ]
            ],
            [
                [
                    0.991163969039917,
                    -0.10987917333841324,
                    -0.07430015504360199
                ],
                [
                    0.10480551421642303,
                    0.9920923113822937,
                    -0.06905555725097656
                ],
                [
                    0.08130037784576416,
                    0.06065832078456879,
                    0.9948421120643616
                ]
            ],
            [
                [
                    0.9918913245201111,
                    0.07812952250242233,
                    0.10023623704910278
                ],
                [
                    -0.07608646154403687,
                    0.9968110918998718,
                    -0.02405162900686264
                ],
                [
                    -0.1017957329750061,
                    0.016229979693889618,
                    0.9946728944778442
                ]
            ],
            [
                [
                    0.9919244050979614,
                    -0.04158707335591316,
                    -0.11981871724128723
                ],
                [
                    0.04476114362478256,
                    0.998711347579956,
                    0.02392110414803028
                ],
                [
                    0.11866948753595352,
                    -0.02909114956855774,
                    0.9925076365470886
                ]
            ],
            [
                [
                    0.9976453185081482,
                    -0.04322799667716026,
                    -0.05324525758624077
                ],
                [
                    0.043385256081819534,
                    0.9990566968917847,
                    0.0018006240716204047
                ],
                [
                    0.05311720445752144,
                    -0.004106443841010332,
                    0.9985796809196472
                ]
            ],
            [
                [
                    0.9844954609870911,
                    -0.14365620911121368,
                    0.1006554663181305
                ],
                [
                    0.13453885912895203,
                    0.9866101741790771,
                    0.09219348430633545
                ],
                [
                    -0.11255187541246414,
                    -0.07722200453281403,
                    0.9906405806541443
                ]
            ],
            [
                [
                    0.9952104091644287,
                    0.09604852646589279,
                    -0.01819116622209549
                ],
                [
                    -0.09340330213308334,
                    0.9891982078552246,
                    0.11297182738780975
                ],
                [
                    0.028845448046922684,
                    -0.11073162406682968,
                    0.9934316277503967
                ]
            ],
            [
                [
                    0.9972744584083557,
                    -0.04105184227228165,
                    -0.06130559742450714
                ],
                [
                    0.04532507434487343,
                    0.9965152144432068,
                    0.070022352039814
                ],
                [
                    0.05821740999817848,
                    -0.07261018455028534,
                    0.9956598281860352
                ]
            ],
            [
                [
                    0.9357559680938721,
                    0.2932029962539673,
                    -0.19594088196754456
                ],
                [
                    -0.29692408442497253,
                    0.9548401832580566,
                    0.010786585509777069
                ],
                [
                    0.19025488197803497,
                    0.04808595031499863,
                    0.9805564284324646
                ]
            ],
            [
                [
                    0.9315187931060791,
                    -0.34472769498825073,
                    0.11591219156980515
                ],
                [
                    0.34569376707077026,
                    0.9382666945457458,
                    0.012305011972784996
                ],
                [
                    -0.11299843341112137,
                    0.028607772663235664,
                    0.9931832551956177
                ]
            ],
            [
                [
                    0.9933957457542419,
                    -0.0047708055935800076,
                    -0.1146392673254013
                ],
                [
                    -0.00954864639788866,
                    0.9922318458557129,
                    -0.12403538078069687
                ],
                [
                    0.11434047669172287,
                    0.12431086599826813,
                    0.9856333136558533
                ]
            ],
            [
                [
                    0.4405025839805603,
                    0.781166672706604,
                    -0.4424208402633667
                ],
                [
                    -0.8419675230979919,
                    0.5304888486862183,
                    0.09834829717874527
                ],
                [
                    0.31152570247650146,
                    0.3291812539100647,
                    0.8913987278938293
                ]
            ],
            [
                [
                    0.4173140823841095,
                    -0.8086773157119751,
                    0.4145961105823517
                ],
                [
                    0.901114284992218,
                    0.4272928535938263,
                    -0.07357922941446304
                ],
                [
                    -0.11765208095312119,
                    0.4043041169643402,
                    0.9070259928703308
                ]
            ],
            [
                [
                    -0.2340013086795807,
                    -0.3834674060344696,
                    -0.8934181928634644
                ],
                [
                    0.061017923057079315,
                    0.9113271832466125,
                    -0.4071357846260071
                ],
                [
                    0.9703196287155151,
                    -0.14978483319282532,
                    -0.18985337018966675
                ]
            ],
            [
                [
                    -0.3677721917629242,
                    0.47104957699775696,
                    0.80178302526474
                ],
                [
                    -0.04062449559569359,
                    0.8532485365867615,
                    -0.5199198722839355
                ],
                [
                    -0.9290281534194946,
                    -0.22378410398960114,
                    -0.2946649193763733
                ]
            ],
            [
                [
                    0.9727962017059326,
                    -0.20451247692108154,
                    -0.10882128775119781
                ],
                [
                    0.2155173122882843,
                    0.9712291955947876,
                    0.10132162272930145
                ],
                [
                    0.08496887981891632,
                    -0.12201818078756332,
                    0.9888840317726135
                ]
            ],
            [
                [
                    0.9714069962501526,
                    0.19069932401180267,
                    0.14142896234989166
                ],
                [
                    -0.21562166512012482,
                    0.9579465985298157,
                    0.18932944536209106
                ],
                [
                    -0.09937639534473419,
                    -0.21441110968589783,
                    0.971674919128418
                ]
            ],
            [
                [
                    0.967492401599884,
                    0.23612773418426514,
                    -0.09056561440229416
                ],
                [
                    -0.2275431603193283,
                    0.9690478444099426,
                    0.09576214104890823
                ],
                [
                    0.11037451028823853,
                    -0.07204155623912811,
                    0.9912756681442261
                ]
            ],
            [
                [
                    0.9678597450256348,
                    -0.23887677490711212,
                    0.07864740490913391
                ],
                [
                    0.22941294312477112,
                    0.9667400121688843,
                    0.11306380480527878
                ],
                [
                    -0.10303990542888641,
                    -0.09138716757297516,
                    0.9904701709747314
                ]
            ]
        ],
        "betas": [
            -0.01977132260799408,
            0.07718724012374878,
            0.1119670569896698,
            0.13892927765846252,
            0.0479716956615448,
            -0.005544897168874741,
            -0.011236429214477539,
            0.005330443382263184,
            0.020507559180259705,
            -0.019629329442977905
        ]
    },
    "pred_cam_t": [
        0.015202069655060768,
        0.1030370220541954,
        36.323970794677734
    ],
    "focal_length": [
        5000.0,
        5000.0
    ],
    "pred_keypoints_3d": [
        [
            -0.14836129546165466,
            -0.82874995470047,
            -0.08583752810955048
        ],
        [
            -0.009217947721481323,
            -0.7335332036018372,
            0.011987629346549511
        ],
        [
            -0.1258922517299652,
            -0.6241855025291443,
            0.14068979024887085
        ],
        [
            -0.10198570042848587,
            -0.37219300866127014,
            0.164585679769516
        ],
        [
            -0.17703354358673096,
            -0.4574073553085327,
            -0.06352369487285614
        ],
        [
            0.11924602836370468,
            -0.6527802348136902,
            -0.1176590770483017
        ],
        [
            0.1412418633699417,
            -0.3972063958644867,
            -0.16440458595752716
        ],
        [
            -0.08866196870803833,
            -0.47525787353515625,
            -0.21833693981170654
        ],
        [
            -0.0018698557978495955,
            -0.22458598017692566,
            0.027485232800245285
        ],
        [
            -0.06368889659643173,
            -0.1419917345046997,
            0.07319468259811401
        ],
        [
            -0.09057867527008057,
            0.2303139865398407,
            0.16320031881332397
        ],
        [
            -0.05098342522978783,
            0.571054995059967,
            0.36849114298820496
        ],
        [
            0.05168427526950836,
            -0.12620922923088074,
            0.002213461324572563
        ],
        [
            0.018704194575548172,
            0.24796611070632935,
            -0.017159858718514442
        ],
        [
            -0.015937652438879013,
            0.6254615783691406,
            0.108681820333004
        ],
        [
            -0.1453278660774231,
            -0.8688598871231079,
            -0.03873404487967491
        ],
        [
            -0.10826592892408371,
            -0.8751592636108398,
            -0.09381383657455444
        ],
        [
            -0.08858317881822586,
            -0.8598925471305847,
            0.04751288890838623
        ],
        [
            -0.007123954594135284,
            -0.8727611303329468,
            -0.07407066971063614
        ],
        [
            -0.10337366908788681,
            0.7129153609275818,
            -0.050650909543037415
        ],
        [
            -0.022879958152770996,
            0.721916913986206,
            -0.029529422521591187
        ],
        [
            0.007742531597614288,
            0.6501058340072632,
            0.16794012486934662
        ],
        [
            -0.11797407269477844,
            0.6899626851081848,
            0.22475215792655945
        ],
        [
            -0.16912733018398285,
            0.6708481311798096,
            0.2940068244934082
        ],
        [
            -0.028839219361543655,
            0.5879462361335754,
            0.4354265034198761
        ],
        [
            -0.0627836287021637,
            0.511677622795105,
            0.3760945200920105
        ],
        [
            -0.08726202696561813,
            0.16559888422489166,
            0.1446438580751419
        ],
        [
            -0.118336021900177,
            -0.2723202109336853,
            0.10723860561847687
        ],
        [
            0.133215993642807,
            -0.22480280697345734,
            -0.03210180997848511
        ],
        [
            0.03333217278122902,
            0.20562991499900818,
            -0.023159753531217575
        ],
        [
            0.00651980796828866,
            0.5888190269470215,
            0.11938357353210449
        ],
        [
            -0.15993748605251312,
            -0.4815937578678131,
            -0.03326888382434845
        ],
        [
            -0.14185670018196106,
            -0.3998340368270874,
            0.16308869421482086
        ],
        [
            -0.1014503464102745,
            -0.6572519540786743,
            0.11705125868320465
        ],
        [
            0.10123379528522491,
            -0.6815652251243591,
            -0.09317120909690857
        ],
        [
            0.14007720351219177,
            -0.43709835410118103,
            -0.20080088078975677
        ],
        [
            -0.06717580556869507,
            -0.48979246616363525,
            -0.21608352661132812
        ],
        [
            -0.013779416680335999,
            -0.7243978381156921,
            0.0048756711184978485
        ],
        [
            -0.06556255370378494,
            -0.9177352786064148,
            -0.022658292204141617
        ],
        [
            0.007984681986272335,
            -0.2488374561071396,
            0.03710591048002243
        ],
        [
            -0.004023272544145584,
            -0.6667462587356567,
            0.010991636663675308
        ],
        [
            0.030985403805971146,
            -0.49358710646629333,
            0.03678625822067261
        ],
        [
            -0.07948631048202515,
            -0.807517409324646,
            -0.04899708926677704
        ],
        [
            -0.06320563703775406,
            -0.9369181394577026,
            -0.013312709517776966
        ]
    ],
    "pred_vertices": [
        [
            -0.10733684152364731,
            -0.9225938320159912,
            -0.10314469784498215
        ],
        [
            -0.11472052335739136,
            -0.9077231884002686,
            -0.10236074030399323
        ],
        [
            -0.10057337582111359,
            -0.905678391456604,
            -0.10639068484306335
        ],
        [
            -0.09064353257417679,
            -0.9169473648071289,
            -0.10487575829029083
        ],
        [
            -0.10638786852359772,
            -0.8957638740539551,
            -0.10609513521194458
        ],
        [
            -0.11768216639757156,
            -0.8957905769348145,
            -0.10158905386924744
        ],
        [
            -0.0875316858291626,
            -0.9006267786026001,
            -0.1061599925160408
        ],
        [
            -0.07690142840147018,
            -0.9084290266036987,
            -0.10438887774944305
        ],
        [
            -0.07109130918979645,
            -0.8663606643676758,
            -0.10456026345491409
        ],
        [
            -0.06035517528653145,
            -0.8626283407211304,
            -0.10214518755674362
        ],
        [
            -0.06304246932268143,
            -0.8745899200439453,
            -0.10319261997938156
        ],
        [
            -0.07338157296180725,
            -0.8751046657562256,
            -0.10408756881952286
        ],
        [
            -0.06582515686750412,
            -0.8405682444572449,
            -0.10246037691831589
        ],
        [
            -0.07523291558027267,
            -0.8302297592163086,
            -0.10247620195150375
        ],
        [
            -0.0649561956524849,
            -0.8220615386962891,
            -0.09885384142398834
        ],
        [
            -0.05554453283548355,
            -0.8318129777908325,
            -0.09739765524864197
        ],
        [
            -0.1148253008723259,
            -0.8396573066711426,
            -0.08944046497344971
        ],
        [
            -0.11005406081676483,
            -0.8336316347122192,
            -0.0935571938753128
        ],
        [
            -0.10784263908863068,
            -0.8407591581344604,
            -0.09599526226520538
        ],
        [
            -0.11265899240970612,
            -0.8459023237228394,
            -0.09116421639919281
        ],
        [
            -0.12591156363487244,
            -0.8481358289718628,
            -0.08513501286506653
        ],
        [
            -0.12317201495170593,
            -0.8539550304412842,
            -0.0838996022939682
        ],
        [
            -0.13039173185825348,
            -0.8570065498352051,
            -0.08278298377990723
        ],
        [
            -0.13341882824897766,
            -0.8505297899246216,
            -0.08531659841537476
        ],
        [
            -0.11734512448310852,
            -0.833861768245697,
            -0.08518924564123154
        ],
        [
            -0.11195774376392365,
            -0.8277528285980225,
            -0.08946242928504944
        ],
        [
            -0.11932076513767242,
            -0.8447870016098022,
            -0.08634396642446518
        ],
        [
            -0.12161372601985931,
            -0.8399904370307922,
            -0.08609876036643982
        ],
        [
            -0.1311040073633194,
            -0.8329451084136963,
            -0.08989095687866211
        ],
        [
            -0.1294766515493393,
            -0.837906002998352,
            -0.0900154709815979
        ],
        [
            -0.13705888390541077,
            -0.8383406400680542,
            -0.09108607470989227
        ],
        [
            -0.13677886128425598,
            -0.8327823877334595,
            -0.09003868699073792
        ],
        [
            -0.12178158760070801,
            -0.833113431930542,
            -0.08686104416847229
        ],
        [
            -0.12405899912118912,
            -0.8359322547912598,
            -0.08863379061222076
        ],
        [
            -0.12700894474983215,
            -0.8318390846252441,
            -0.08821718394756317
        ],
        [
            -0.12498291581869125,
            -0.8297915458679199,
            -0.08535098284482956
        ],
        [
            -0.12799881398677826,
            -0.8435827493667603,
            -0.08624574542045593
        ],
        [
            -0.13550794124603271,
            -0.8448516130447388,
            -0.08785898238420486
        ],
        [
            -0.14370602369308472,
            -0.8455194234848022,
            -0.08861418068408966
        ],
        [
            -0.1451246738433838,
            -0.837106466293335,
            -0.0916387140750885
        ],
        [
            -0.09651339054107666,
            -0.8215636610984802,
            -0.09869606792926788
        ],
        [
            -0.10374657809734344,
            -0.8277075886726379,
            -0.09707705676555634
        ],
        [
            -0.10632847249507904,
            -0.8223880529403687,
            -0.09322048723697662
        ],
        [
            -0.10049106180667877,
            -0.8175135254859924,
            -0.09535623341798782
        ],
        [
            -0.12109068036079407,
            -0.8269774913787842,
            -0.08452437818050385
        ],
        [
            -0.11696483939886093,
            -0.8116581439971924,
            -0.0878899097442627
        ],
        [
            -0.11749964207410812,
            -0.8154323101043701,
            -0.08816932141780853
        ],
        [
            -0.12436193227767944,
            -0.8155100345611572,
            -0.08561573922634125
        ],
        [
            -0.1233733668923378,
            -0.812036395072937,
            -0.08577646315097809
        ],
        [
            -0.0845741257071495,
            -0.8083592057228088,
            -0.09739267826080322
        ],
        [
            -0.09145167469978333,
            -0.8065357804298401,
            -0.09550382941961288
        ],
        [
            -0.0881674736738205,
            -0.7998135089874268,
            -0.09442435204982758
        ],
        [
            -0.08047839999198914,
            -0.800377607345581,
            -0.09502314031124115
        ],
        [
            -0.08798734843730927,
            -0.7939344644546509,
            -0.09204819798469543
        ],
        [
            -0.07754483819007874,
            -0.7926290035247803,
            -0.09220662713050842
        ],
        [
            -0.081154003739357,
            -0.7778029441833496,
            -0.08543919771909714
        ],
        [
            -0.07891999185085297,
            -0.7843319177627563,
            -0.0887594074010849
        ],
        [
            -0.08986009657382965,
            -0.7879749536514282,
            -0.08939652144908905
        ],
        [
            -0.09492804110050201,
            -0.782240629196167,
            -0.08714597672224045
        ],
        [
            -0.10945001244544983,
            -0.7850868105888367,
            -0.08293908834457397
        ],
        [
            -0.1149686723947525,
            -0.7830725908279419,
            -0.0799093171954155
        ],
        [
            -0.10879206657409668,
            -0.7714980244636536,
            -0.08247701823711395
        ],
        [
            -0.10240258276462555,
            -0.7760812044143677,
            -0.08485744148492813
        ],
        [
            -0.11301690340042114,
            -0.8061866760253906,
            -0.0850013941526413
        ],
        [
            -0.10842251777648926,
            -0.8068035840988159,
            -0.08644416928291321
        ],
        [
            -0.11031071841716766,
            -0.80806565284729,
            -0.08805887401103973
        ],
        [
            -0.11551938205957413,
            -0.808544397354126,
            -0.08678427338600159
        ],
        [
            -0.10478489845991135,
            -0.8070060014724731,
            -0.088141530752182
        ],
        [
            -0.10318081080913544,
            -0.806984543800354,
            -0.08895233273506165
        ],
        [
            -0.10446867346763611,
            -0.8081233501434326,
            -0.0895196869969368
        ],
        [
            -0.10531480610370636,
            -0.8077206611633301,
            -0.08835336565971375
        ],
        [
            -0.1069270670413971,
            -0.8071707487106323,
            -0.08719535171985626
        ],
        [
            -0.10756821930408478,
            -0.8051884174346924,
            -0.08666497468948364
        ],
        [
            -0.10557231307029724,
            -0.8061238527297974,
            -0.08776508271694183
        ],
        [
            -0.1118120402097702,
            -0.8038520216941833,
            -0.08555138111114502
        ],
        [
            -0.12521332502365112,
            -0.7998361587524414,
            -0.08055384457111359
        ],
        [
            -0.12203601747751236,
            -0.8008171319961548,
            -0.0826306864619255
        ],
        [
            -0.12269768118858337,
            -0.8050953149795532,
            -0.0807967260479927
        ],
        [
            -0.1255207657814026,
            -0.804543673992157,
            -0.07908319681882858
        ],
        [
            -0.10692483186721802,
            -0.8096891641616821,
            -0.0893135741353035
        ],
        [
            -0.10549528896808624,
            -0.8114793300628662,
            -0.09093591570854187
        ],
        [
            -0.1108025535941124,
            -0.8135631084442139,
            -0.09006631374359131
        ],
        [
            -0.11070305109024048,
            -0.810782253742218,
            -0.08879363536834717
        ],
        [
            -0.10387207567691803,
            -0.8136686682701111,
            -0.0928625762462616
        ],
        [
            -0.10274002701044083,
            -0.8096065521240234,
            -0.09083956480026245
        ],
        [
            -0.10038968920707703,
            -0.8106476664543152,
            -0.09293456375598907
        ],
        [
            -0.10325489193201065,
            -0.8051828145980835,
            -0.08856604248285294
        ],
        [
            -0.10025916993618011,
            -0.8038668632507324,
            -0.08976888656616211
        ],
        [
            -0.10109050571918488,
            -0.8064374923706055,
            -0.09081248939037323
        ],
        [
            -0.10129693150520325,
            -0.8004844188690186,
            -0.08849319815635681
        ],
        [
            -0.10526569187641144,
            -0.8030675649642944,
            -0.08726150542497635
        ],
        [
            -0.10930860787630081,
            -0.8007447719573975,
            -0.08615235984325409
        ],
        [
            -0.11465378850698471,
            -0.798425555229187,
            -0.08473081886768341
        ],
        [
            -0.11011248081922531,
            -0.7940597534179688,
            -0.08492477238178253
        ],
        [
            -0.10490959882736206,
            -0.7971012592315674,
            -0.08689640462398529
        ],
        [
            -0.1092648059129715,
            -0.8176652193069458,
            -0.09120213985443115
        ],
        [
            -0.09695273637771606,
            -0.8063533902168274,
            -0.0929000973701477
        ],
        [
            -0.09567274153232574,
            -0.8130667805671692,
            -0.09547275304794312
        ],
        [
            -0.09541758894920349,
            -0.801685631275177,
            -0.09209348261356354
        ],
        [
            -0.09570872038602829,
            -0.7970641851425171,
            -0.09032072126865387
        ],
        [
            -0.09880213439464569,
            -0.7927173376083374,
            -0.08794672787189484
        ],
        [
            -0.10390762239694595,
            -0.7885560989379883,
            -0.08567357063293457
        ],
        [
            -0.09699779748916626,
            -0.7638270854949951,
            -0.07764609158039093
        ],
        [
            -0.0899353101849556,
            -0.76997971534729,
            -0.08172501623630524
        ],
        [
            -0.11584639549255371,
            -0.8880137801170349,
            -0.0985959842801094
        ],
        [
            -0.10839608311653137,
            -0.8883081674575806,
            -0.10372696071863174
        ],
        [
            -0.10333402454853058,
            -0.8809263706207275,
            -0.10126961767673492
        ],
        [
            -0.10265891253948212,
            -0.8835551142692566,
            -0.10247505456209183
        ],
        [
            -0.10840097069740295,
            -0.8840864896774292,
            -0.10054060816764832
        ],
        [
            -0.10771870613098145,
            -0.8813066482543945,
            -0.09951288253068924
        ],
        [
            -0.08195554465055466,
            -0.8761144876480103,
            -0.10267816483974457
        ],
        [
            -0.0888112336397171,
            -0.8771437406539917,
            -0.10163816809654236
        ],
        [
            -0.08701012283563614,
            -0.8735008239746094,
            -0.10113637149333954
        ],
        [
            -0.07970626652240753,
            -0.8696932792663574,
            -0.10371071100234985
        ],
        [
            -0.09614124149084091,
            -0.8646256923675537,
            -0.0994403287768364
        ],
        [
            -0.09111937880516052,
            -0.8666267395019531,
            -0.10086841881275177
        ],
        [
            -0.09635290503501892,
            -0.8727155327796936,
            -0.09944197535514832
        ],
        [
            -0.10005068778991699,
            -0.8713164925575256,
            -0.09845122694969177
        ],
        [
            -0.10380284488201141,
            -0.8703655004501343,
            -0.09666779637336731
        ],
        [
            -0.1074874997138977,
            -0.8698740005493164,
            -0.09414111822843552
        ],
        [
            -0.10611946880817413,
            -0.8645829558372498,
            -0.09398797154426575
        ],
        [
            -0.10147124528884888,
            -0.8642234802246094,
            -0.09697228670120239
        ],
        [
            -0.11315768957138062,
            -0.88459712266922,
            -0.09576209634542465
        ],
        [
            -0.11746945977210999,
            -0.8832743167877197,
            -0.0900309830904007
        ],
        [
            -0.1154032051563263,
            -0.8804843425750732,
            -0.09047850221395493
        ],
        [
            -0.1123189628124237,
            -0.8814798593521118,
            -0.09571116417646408
        ],
        [
            -0.11680107563734055,
            -0.873515248298645,
            -0.07949486374855042
        ],
        [
            -0.11716388911008835,
            -0.8759944438934326,
            -0.08112005889415741
        ],
        [
            -0.12041231989860535,
            -0.8769404888153076,
            -0.07903686165809631
        ],
        [
            -0.11978305876255035,
            -0.8724898099899292,
            -0.07784135639667511
        ],
        [
            -0.11817117780447006,
            -0.8696399331092834,
            -0.07978111505508423
        ],
        [
            -0.11620151996612549,
            -0.8719010949134827,
            -0.08084369450807571
        ],
        [
            -0.11399499326944351,
            -0.9437589645385742,
            -0.09380389750003815
        ],
        [
            -0.1213516891002655,
            -0.9258171916007996,
            -0.09607544541358948
        ],
        [
            -0.09374211728572845,
            -0.9390807151794434,
            -0.09879028797149658
        ],
        [
            -0.07814273238182068,
            -0.9297868013381958,
            -0.10011381655931473
        ],
        [
            -0.06491725146770477,
            -0.9169037938117981,
            -0.10089430212974548
        ],
        [
            -0.07530288398265839,
            -0.8138580322265625,
            -0.09867203235626221
        ],
        [
            -0.06838388741016388,
            -0.8055295944213867,
            -0.09590130299329758
        ],
        [
            -0.05512582138180733,
            -0.814496636390686,
            -0.09474867582321167
        ],
        [
            -0.05091845244169235,
            -0.8043877482414246,
            -0.09013915061950684
        ],
        [
            -0.06479917466640472,
            -0.7955096960067749,
            -0.09201031923294067
        ],
        [
            -0.06804858148097992,
            -0.7762853503227234,
            -0.07984974980354309
        ],
        [
            -0.06464333832263947,
            -0.7851403951644897,
            -0.08659892529249191
        ],
        [
            -0.047876980155706406,
            -0.7944539785385132,
            -0.08270960301160812
        ],
        [
            -0.03330238536000252,
            -0.8089615106582642,
            -0.0791902095079422
        ],
        [
            -0.03919908031821251,
            -0.8157246112823486,
            -0.0871160551905632
        ],
        [
            -0.023004626855254173,
            -0.8256675004959106,
            -0.0745721310377121
        ],
        [
            -0.02579064853489399,
            -0.8020068407058716,
            -0.06838112324476242
        ],
        [
            -0.017362672835588455,
            -0.825105607509613,
            -0.06692227721214294
        ],
        [
            -0.030744509771466255,
            -0.7648877501487732,
            -0.059293150901794434
        ],
        [
            -0.02400839328765869,
            -0.7545214891433716,
            -0.058069176971912384
        ],
        [
            -0.008245415985584259,
            -0.7639080882072449,
            -0.05726710706949234
        ],
        [
            -0.014346642419695854,
            -0.7741611003875732,
            -0.059885554015636444
        ],
        [
            -0.04586676135659218,
            -0.8233102560043335,
            -0.09261222183704376
        ],
        [
            -0.05700858682394028,
            -0.8855550289154053,
            -0.10048159956932068
        ],
        [
            -0.06867698580026627,
            -0.8842628002166748,
            -0.10363839566707611
        ],
        [
            -0.05128549411892891,
            -0.8733130097389221,
            -0.0995219424366951
        ],
        [
            -0.04771752655506134,
            -0.9466229677200317,
            -0.08981038630008698
        ],
        [
            -0.06446093320846558,
            -0.9401475191116333,
            -0.09598350524902344
        ],
        [
            -0.05283821001648903,
            -0.9260708093643188,
            -0.09775648266077042
        ],
        [
            -0.03899271786212921,
            -0.9338916540145874,
            -0.09163632243871689
        ],
        [
            -0.07507321238517761,
            -0.9778653383255005,
            -0.07271093130111694
        ],
        [
            -0.09508651494979858,
            -0.9632558822631836,
            -0.08565034717321396
        ],
        [
            -0.0805584117770195,
            -0.9539099335670471,
            -0.09163397550582886
        ],
        [
            -0.06306999921798706,
            -0.9648268222808838,
            -0.08210926502943039
        ],
        [
            -0.027445033192634583,
            -0.9365016222000122,
            -0.08481360971927643
        ],
        [
            -0.01204090565443039,
            -0.9394630193710327,
            -0.07401689141988754
        ],
        [
            -0.010860003530979156,
            -0.9555466175079346,
            -0.06688188016414642
        ],
        [
            -0.03014874830842018,
            -0.953607439994812,
            -0.07884334772825241
        ],
        [
            -0.015098609030246735,
            -0.9746853113174438,
            -0.05265529453754425
        ],
        [
            -0.03824494406580925,
            -0.9733846187591553,
            -0.06757266819477081
        ],
        [
            -0.008152950555086136,
            -0.8124953508377075,
            -0.0589999221265316
        ],
        [
            -0.007773540914058685,
            -0.8310070037841797,
            -0.059094712138175964
        ],
        [
            -0.022252773866057396,
            -0.7865626811981201,
            -0.06313587725162506
        ],
        [
            -0.006316367536783218,
            -0.7965062260627747,
            -0.0577053427696228
        ],
        [
            -0.023620888590812683,
            -0.9887178540229797,
            -0.03510706126689911
        ],
        [
            -0.05035146698355675,
            -0.9882467985153198,
            -0.05346166715025902
        ],
        [
            0.023271530866622925,
            -0.9210497140884399,
            -0.0364060215651989
        ],
        [
            0.016308024525642395,
            -0.9385386109352112,
            -0.043283749371767044
        ],
        [
            0.008733749389648438,
            -0.924712061882019,
