{
    "pred_cam": [
        1.076925277709961,
        0.006449023261666298,
        0.10348477214574814
    ],
    "pred_smpl_params": {
        "global_orient": [
            [
                [
                    0.9018440246582031,
                    0.07301067560911179,
                    -0.4258483350276947
                ],
                [
                    0.0882008746266365,
                    -0.9959737062454224,
                    0.01603085920214653
                ],
                [
                    -0.42296332120895386,
                    -0.05201752856373787,
                    -0.9046525359153748
                ]
            ]
        ],
        "body_pose": [
            [
                [
                    0.9994461536407471,
                    0.0006193687440827489,
                    0.03326979652047157
                ],
                [
                    -0.004272982478141785,
                    0.9939379096031189,
                    0.10986002534627914
                ],
                [
                    -0.03300006687641144,
                    -0.10994135588407516,
                    0.9933900833129883
                ]
            ],
            [
                [
                    0.9941956996917725,
                    -0.04149981215596199,
                    0.09926033020019531
                ],
                [
                    0.052799537777900696,
                    0.9920690059661865,
                    -0.11406748741865158
                ],
                [
                    -0.09373930841684341,
                    0.11864630877971649,
                    0.9885019063949585
                ]
            ],
            [
                [
                    0.9980385899543762,
                    -0.03600773215293884,
                    -0.05121009424328804
                ],
                [
                    0.029534373432397842,
                    0.9920931458473206,
                    -0.12197935581207275
                ],
                [
                    0.05519738048315048,
                    0.1202276423573494,
                    0.9912106990814209
                ]
            ],
            [
                [
                    0.9993575215339661,
                    0.035263434052467346,
                    -0.0064102536998689175
                ],
                [
                    -0.0356886200606823,
                    0.9625609517097473,
                    -0.2687056064605713
                ],
                [
                    -0.0033052260987460613,
                    0.2687617242336273,
                    0.9632010459899902
                ]
            ],
            [
                [
                    0.9791304469108582,
                    0.12052072584629059,
                    0.1636407971382141
                ],
                [
                    -0.05821893364191055,
                    0.937777578830719,
                    -0.34232115745544434
                ],
                [
                    -0.1947154700756073,
                    0.32565009593963623,
                    0.925223171710968
                ]
            ],
            [
                [
                    0.9917637705802917,
                    -0.10310610383749008,
                    -0.07598415017127991
                ],
                [
                    0.09845751523971558,
                    0.9931713342666626,
                    -0.06258440762758255
                ],
                [
                    0.08191811293363571,
                    0.054587747901678085,
                    0.995142936706543
                ]
            ],
            [
                [
                    0.9906314611434937,
                    0.08762393891811371,
                    0.10474438220262527
                ],
                [
                    -0.0864051878452301,
                    0.99612957239151,
                    -0.016126083210110664
                ],
                [
                    -0.10575200617313385,
                    0.006924549583345652,
                    0.9943684339523315
                ]
            ],
            [
                [
                    0.9905743598937988,
                    -0.051314424723386765,
                    -0.1270015835762024
                ],
                [
                    0.05704566836357117,
                    0.9974915981292725,
                    0.041907086968421936
                ],
                [
                    0.12453258782625198,
                    -0.04875697195529938,
                    0.9910168647766113
                ]
            ],
            [
                [
                    0.9975281357765198,
                    -0.041851356625556946,
                    -0.05644525960087776
                ],
                [
                    0.04321617633104324,
                    0.998796820640564,
                    0.02317911572754383
                ],
                [
                    0.055407267063856125,
                    -0.025561168789863586,
                    0.998136579990387
                ]
            ],
            [
                [
                    0.9828705787658691,
                    -0.16183285415172577,
                    0.08817845582962036
                ],
                [
                    0.150493323802948,
                    0.9809466004371643,
                    0.1228635236620903
                ],
                [
                    -0.10638171434402466,
                    -0.10748868435621262,
                    0.988498330116272
                ]
            ],
            [
                [
                    0.9927878379821777,
                    0.11907865107059479,
                    -0.013877769000828266
                ],
                [
                    -0.11696003377437592,
                    0.9874704480171204,
                    0.1059357300400734
                ],
                [
                    0.026318572461605072,
                    -0.1035485565662384,
                    0.9942761063575745
                ]
            ],
            [
                [
                    0.9941466450691223,
                    -0.042902879416942596,
                    -0.0991552472114563
                ],
                [
                    0.05425130948424339,
                    0.9919121265411377,
                    0.1147480458021164
                ],
                [
                    0.09343027323484421,
                    -0.11945568770170212,
                    0.9884336590766907
                ]
            ],
            [
                [
                    0.9307903051376343,
                    0.30806824564933777,
                    -0.19678257405757904
                ],
                [
                    -0.3117751479148865,
                    0.9500716924667358,
                    0.012651841156184673
                ],
                [
                    0.19085519015789032,
                    0.04957570135593414,
                    0.980365514755249
                ]
            ],
            [
                [
                    0.9202732443809509,
                    -0.3652745485305786,
                    0.1402559131383896
                ],
                [
                    0.364923357963562,
                    0.9305811524391174,
                    0.029149755835533142
                ],
                [
                    -0.14116716384887695,
                    0.024356912821531296,
                    0.989686131477356
                ]
            ],
            [
                [
                    0.9906795620918274,
                    -0.007039270363748074,
                    -0.13603073358535767
                ],
                [
                    -0.007708128076046705,
                    0.994166374206543,
                    -0.10758213698863983
                ],
                [
                    0.13599446415901184,
                    0.1076279729604721,
                    0.9848460555076599
                ]
            ],
            [
                [
                    0.46550503373146057,
                    0.7666195631027222,
                    -0.4422663748264313
                ],
                [
                    -0.8375142812728882,
                    0.5431203246116638,
                    0.059917520731687546
                ],
                [
                    0.28613778948783875,
                    0.3425125181674957,
                    0.8948801159858704
                ]
            ],
            [
                [
                    0.4454686641693115,
                    -0.7959287166595459,
                    0.40994521975517273
                ],
                [
                    0.884978175163269,
                    0.46078193187713623,
                    -0.0670345276594162
                ],
                [
                    -0.13554063439369202,
                    0.3926543593406677,
                    0.9096434712409973
                ]
            ],
            [
                [
                    -0.268990159034729,
                    -0.408575177192688,
                    -0.8721872568130493
                ],
                [
                    0.02957605943083763,
                    0.90163254737854,
                    -0.43149033188819885
                ],
                [
                    0.9626887440681458,
                    -0.14186249673366547,
                    -0.2304462343454361
                ]
            ],
            [
                [
                    -0.335300087928772,
                    0.46209579706192017,
                    0.8210002779960632
                ],
                [
                    -0.042505960911512375,
                    0.8631395697593689,
                    -0.5031733512878418
                ],
                [
                    -0.941152036190033,
                    -0.20361146330833435,
                    -0.26976895332336426
                ]
            ],
            [
                [
                    0.9731892943382263,
                    -0.20093093812465668,
                    -0.11193512380123138
                ],
                [
                    0.2115670144557953,
                    0.9729357361793518,
                    0.0929274931550026
                ],
                [
                    0.09023366868495941,
                    -0.1141178086400032,
                    0.9893609881401062
                ]
            ],
            [
                [
                    0.9709886312484741,
                    0.19285760819911957,
                    0.14137513935565948
                ],
                [
                    -0.21341128647327423,
                    0.9656097888946533,
                    0.14850397408008575
                ],
                [
                    -0.10787308216094971,
                    -0.17436674237251282,
                    0.9787541031837463
                ]
            ],
            [
                [
                    0.9693847298622131,
                    0.22966529428958893,
                    -0.08687356859445572
                ],
                [
                    -0.22139783203601837,
                    0.9705202579498291,
                    0.09525483101606369
                ],
                [
                    0.1061892881989479,
                    -0.07310497015714645,
                    0.9916549324989319
                ]
            ],
            [
                [
                    0.9708129167556763,
                    -0.22607916593551636,
                    0.08006501942873001
                ],
                [
                    0.21758796274662018,
                    0.9706453084945679,
                    0.10248492658138275
                ],
                [
                    -0.10088444501161575,
                    -0.08207251131534576,
                    0.9915071129798889
                ]
            ]
        ],
        "betas": [
            0.0015548616647720337,
            0.1278802901506424,
            0.07866856455802917,
            0.09498405456542969,
            0.026885271072387695,
            -0.02084314450621605,
            -0.04487252235412598,
            0.03507585823535919,
            0.03711490333080292,
            -0.03028249740600586
        ]
    },
    "pred_cam_t": [
        0.006449023261666298,
        0.10348477214574814,
        36.272247314453125
    ],
    "focal_length": [
        5000.0,
        5000.0
    ],
    "pred_keypoints_3d": [
        [
            -0.139295756816864,
            -0.8373146057128906,
            -0.09571126103401184
        ],
        [
            -0.010825775563716888,
            -0.7322483658790588,
            0.007577503100037575
        ],
        [
            -0.14393693208694458,
            -0.6212607026100159,
            0.11886286735534668
        ],
        [
            -0.13142085075378418,
            -0.3673122823238373,
            0.1384040266275406
        ],
        [
            -0.1730300784111023,
            -0.45245161652565,
            -0.09895072877407074
        ],
        [
            0.13204732537269592,
            -0.6490917801856995,
            -0.1050071120262146
        ],
        [
            0.16449099779129028,
            -0.3929562568664551,
            -0.14685580134391785
        ],
        [
            -0.06094491481781006,
            -0.4726806879043579,
            -0.21769919991493225
        ],
        [
            -0.0018562932964414358,
            -0.22401708364486694,
            0.027263447642326355
        ],
        [
            -0.06690683960914612,
            -0.13993719220161438,
            0.06470391154289246
        ],
        [
            -0.09437862783670425,
            0.23685023188591003,
            0.13975650072097778
        ],
        [
            -0.06744980067014694,
            0.568466305732727,
            0.3638162612915039
        ],
        [
            0.056774940341711044,
            -0.1270519196987152,
            0.009451394900679588
        ],
        [
            0.04492012411355972,
            0.24910491704940796,
            -0.01831742189824581
        ],
        [
            0.032601773738861084,
            0.6280991435050964,
            0.11149001866579056
        ],
        [
            -0.1372261345386505,
            -0.8754241466522217,
            -0.04682759568095207
        ],
        [
            -0.09673644602298737,
            -0.8821336627006531,
            -0.09935899078845978
        ],
        [
            -0.08616983890533447,
            -0.8603849411010742,
            0.0417991504073143
        ],
        [
            0.002813883125782013,
            -0.8737372756004333,
            -0.07385016232728958
        ],
        [
            -0.034322574734687805,
            0.7216010689735413,
            -0.05381884425878525
        ],
        [
            0.04452640563249588,
            0.725344181060791,
            -0.0259300097823143
        ],
        [
            0.05335267633199692,
            0.6508700847625732,
            0.17300783097743988
        ],
        [
            -0.1053854301571846,
            0.6942179799079895,
            0.21461579203605652
        ],
        [
            -0.16692186892032623,
            0.6765744686126709,
            0.2752332389354706
        ],
        [
            -0.054860301315784454,
            0.5828043818473816,
            0.43388548493385315
        ],
        [
            -0.083613321185112,
            0.5098410844802856,
            0.3670427203178406
        ],
        [
            -0.09082145988941193,
            0.1721203625202179,
            0.12265563011169434
        ],
        [
            -0.12866893410682678,
            -0.2689581513404846,
            0.09128610789775848
        ],
        [
            0.1390969455242157,
            -0.2279122769832611,
            -0.014311524108052254
        ],
        [
            0.057491689920425415,
            0.20611733198165894,
            -0.022572048008441925
        ],
        [
            0.05094859004020691,
            0.5898043513298035,
            0.12356319278478622
        ],
        [
            -0.15908071398735046,
            -0.4761829674243927,
            -0.06700582057237625
        ],
        [
            -0.16996610164642334,
            -0.39583438634872437,
            0.13178864121437073
        ],
        [
            -0.11650565266609192,
            -0.6550754904747009,
            0.09959806501865387
        ],
        [
            0.11158078163862228,
            -0.678705632686615,
            -0.08300696313381195
        ],
        [
            0.16672737896442413,
            -0.43251341581344604,
            -0.18291118741035461
        ],
        [
            -0.03970534726977348,
            -0.48699378967285156,
            -0.2128157913684845
        ],
        [
            -0.014562796801328659,
            -0.7224501371383667,
            -0.00014392100274562836
        ],
        [
            -0.05628938972949982,
            -0.9194945693016052,
            -0.02413996122777462
        ],
        [
            0.0058036912232637405,
            -0.24863366782665253,
            0.03813956677913666
        ],
        [
            -0.0060634370893239975,
            -0.6642745733261108,
            0.006891581229865551
        ],
        [
            0.02472362294793129,
            -0.4917779862880707,
            0.037522491067647934
        ],
        [
            -0.07352285832166672,
            -0.8113473057746887,
            -0.05594500154256821
        ],
        [
            -0.053721532225608826,
            -0.9382191896438599,
            -0.013760280795395374
        ]
    ],
    "pred_vertices": [
        [
            -0.09293876588344574,
            -0.9294785261154175,
            -0.10654789209365845
        ],
        [
            -0.10100667923688889,
            -0.9151120185852051,
            -0.1068337932229042
        ],
        [
            -0.08676669001579285,
            -0.9124903678894043,
            -0.11015012115240097
        ],
        [
            -0.07641512900590897,
            -0.9231579303741455,
            -0.10753205418586731
        ],
        [
            -0.09305894374847412,
            -0.902937114238739,
            -0.11059953272342682
        ],
        [
            -0.1046212762594223,
            -0.9033745527267456,
            -0.10672849416732788
        ],
        [
            -0.0740276351571083,
            -0.9068257808685303,
            -0.10934760421514511
        ],
        [
            -0.06317375600337982,
            -0.9140431880950928,
            -0.10654875636100769
        ],
        [
            -0.05939774960279465,
            -0.8718751668930054,
            -0.10823972523212433
        ],
        [
            -0.049012165516614914,
            -0.8675273656845093,
            -0.1052943766117096
        ],
        [
            -0.05103278160095215,
            -0.8795949220657349,
            -0.10599137842655182
        ],
        [
            -0.06127035990357399,
            -0.8806636333465576,
            -0.10752229392528534
        ],
        [
            -0.05535220727324486,
            -0.8457537889480591,
            -0.10687853395938873
        ],
        [
            -0.06522779911756516,
            -0.8359167575836182,
            -0.10787385702133179
        ],
        [
            -0.05554390326142311,
            -0.8271138668060303,
            -0.10399863868951797
        ],
        [
            -0.04582523554563522,
            -0.8363297581672668,
            -0.10161569714546204
        ],
        [
            -0.10510136187076569,
            -0.8467875719070435,
            -0.09685826301574707
        ],
        [
            -0.10034370422363281,
            -0.8406925201416016,
            -0.10091543197631836
        ],
        [
            -0.09766903519630432,
            -0.8477909564971924,
            -0.1028992235660553
        ],
        [
            -0.1025664433836937,
            -0.8529832363128662,
            -0.09817645698785782
        ],
        [
            -0.11609503626823425,
            -0.855615496635437,
            -0.09288668632507324
        ],
        [
            -0.11317195743322372,
            -0.8612456321716309,
            -0.09123539179563522
        ],
        [
            -0.12029808759689331,
            -0.8645943403244019,
            -0.09041097015142441
        ],
        [
            -0.12346670031547546,
            -0.8583617806434631,
            -0.09340113401412964
        ],
        [
            -0.10815475136041641,
            -0.8409572839736938,
            -0.09304103255271912
        ],
        [
            -0.10277122259140015,
            -0.8347568511962891,
            -0.0972379520535469
        ],
        [
            -0.10957401245832443,
            -0.852017879486084,
            -0.09384191036224365
        ],
        [
            -0.11211501061916351,
            -0.847312331199646,
            -0.09395131468772888
        ],
        [
            -0.12167124450206757,
            -0.8408756256103516,
            -0.09855712950229645
        ],
        [
            -0.11981289088726044,
            -0.845754086971283,
            -0.09838828444480896
        ],
        [
            -0.12733094394207,
            -0.8465766906738281,
            -0.09987428039312363
        ],
        [
            -0.1273411363363266,
            -0.8409888744354248,
            -0.09903856366872787
        ],
        [
            -0.1125832200050354,
            -0.8404858708381653,
            -0.09498831629753113
        ],
        [
            -0.11462107300758362,
            -0.8434683084487915,
            -0.0967751145362854
        ],
        [
            -0.1177711933851242,
            -0.8395136594772339,
            -0.09670430421829224
        ],
        [
            -0.11600508540868759,
            -0.8372625708580017,
            -0.09382224828004837
        ],
        [
            -0.11835692822933197,
            -0.851210355758667,
            -0.09431450814008713
        ],
        [
            -0.12569142878055573,
            -0.8528864979743958,
            -0.09629616141319275
        ],
        [
            -0.13379958271980286,
            -0.8539702892303467,
            -0.09750497341156006
        ],
        [
            -0.135367751121521,
            -0.8457377552986145,
            -0.10095947980880737
        ],
        [
            -0.08704972267150879,
            -0.8281797170639038,
            -0.10571213811635971
        ],
        [
            -0.09413540363311768,
            -0.8346116542816162,
            -0.10428295284509659
        ],
        [
            -0.09715438634157181,
            -0.8292622566223145,
            -0.10085004568099976
        ],
        [
            -0.0914144366979599,
            -0.8241899013519287,
            -0.10281866043806076
        ],
        [
            -0.11226941645145416,
            -0.8342258930206299,
            -0.09289764612913132
        ],
        [
            -0.10858836024999619,
            -0.8188248872756958,
            -0.09666404128074646
        ],
        [
            -0.10895761847496033,
            -0.8226377964019775,
            -0.0968288704752922
        ],
        [
            -0.1159500777721405,
            -0.82294762134552,
            -0.09467386454343796
        ],
        [
            -0.11508716642856598,
            -0.8194318413734436,
            -0.09491310268640518
        ],
        [
            -0.07579134404659271,
            -0.814342737197876,
            -0.10423555225133896
        ],
        [
            -0.08284536004066467,
            -0.812787652015686,
            -0.1028594970703125
        ],
        [
            -0.07990691810846329,
            -0.8058608770370483,
            -0.10186754167079926
        ],
        [
            -0.07216009497642517,
            -0.8060592412948608,
            -0.10197848081588745
        ],
        [
            -0.08004230260848999,
            -0.7998642921447754,
            -0.09975714981555939
        ],
        [
            -0.0696759968996048,
            -0.7980417013168335,
            -0.09931813180446625
        ],
        [
            -0.07426218688488007,
            -0.7831774353981018,
            -0.09343515336513519
        ],
        [
            -0.07157467305660248,
            -0.7896895408630371,
            -0.09633421897888184
        ],
        [
            -0.0823037326335907,
            -0.7938854694366455,
            -0.09752912074327469
        ],
        [
            -0.08772143721580505,
            -0.7883051633834839,
            -0.0958949476480484
        ],
        [
            -0.10245700925588608,
            -0.7916998863220215,
            -0.09247316420078278
        ],
        [
            -0.1082429364323616,
            -0.7898286581039429,
            -0.08988510072231293
        ],
        [
            -0.1023615151643753,
            -0.7780730724334717,
            -0.09253260493278503
        ],
        [
            -0.09558002650737762,
            -0.782433271408081,
            -0.09432975202798843
        ],
        [
            -0.10502046346664429,
            -0.8130635023117065,
            -0.0938001275062561
        ],
        [
            -0.1003272533416748,
            -0.8135157227516174,
            -0.09492632746696472
        ],
        [
            -0.10206705331802368,
            -0.814937949180603,
            -0.09657873213291168
        ],
        [
            -0.107325479388237,
            -0.8156144618988037,
            -0.09561111032962799
        ],
        [
            -0.09659135341644287,
            -0.8136067986488342,
            -0.09636854380369186
        ],
        [
            -0.09494484961032867,
            -0.8135384321212769,
            -0.09707615524530411
        ],
        [
            -0.09615154564380646,
            -0.8147661685943604,
            -0.09766402840614319
        ],
        [
            -0.09712961316108704,
            -0.8143640160560608,
            -0.09658174216747284
        ],
        [
            -0.09882386028766632,
            -0.8138469457626343,
            -0.0955580398440361
        ],
        [
            -0.09957241266965866,
            -0.8118696212768555,
            -0.09517303109169006
        ],
        [
            -0.09743160009384155,
            -0.8127481937408447,
            -0.09609013795852661
        ],
        [
            -0.10392333567142487,
            -0.8106933832168579,
            -0.09438011050224304
        ],
        [
            -0.1177624762058258,
            -0.8071130514144897,
            -0.09037642180919647
        ],
        [
            -0.11439479887485504,
            -0.8080392479896545,
            -0.09221669286489487
        ],
        [
            -0.11499813944101334,
            -0.812282919883728,
            -0.09024454653263092
        ],
        [
            -0.11796548962593079,
            -0.8117803335189819,
            -0.08872057497501373
        ],
        [
            -0.09860830008983612,
            -0.8164384365081787,
            -0.09754199534654617
        ],
        [
            -0.09694115817546844,
            -0.8182264566421509,
            -0.09898708760738373
        ],
        [
            -0.1022113710641861,
            -0.8205314874649048,
            -0.09836980700492859
        ],
        [
            -0.1022949367761612,
            -0.8176987171173096,
            -0.09721516072750092
        ],
        [
            -0.0951424241065979,
            -0.8204160332679749,
            -0.10071501135826111
        ],
        [
            -0.09428559243679047,
            -0.8162102699279785,
            -0.09880634397268295
        ],
        [
            -0.09176576882600784,
            -0.8172134160995483,
            -0.10069341212511063
        ],
        [
            -0.09511512517929077,
            -0.8117218613624573,
            -0.0967867374420166
        ],
        [
            -0.09211379289627075,
            -0.8103028535842896,
            -0.09785665571689606
        ],
        [
            -0.09277462959289551,
            -0.8129616379737854,
            -0.09881792962551117
        ],
        [
            -0.09335863590240479,
            -0.8069196939468384,
            -0.09682317823171616
        ],
        [
            -0.09728452563285828,
            -0.8096509575843811,
            -0.09572572261095047
        ],
        [
            -0.10147356986999512,
            -0.807482123374939,
            -0.0949680358171463
        ],
        [
            -0.10698984563350677,
            -0.805370569229126,
            -0.0939600020647049
        ],
        [
            -0.10262151807546616,
            -0.8007931709289551,
            -0.09407973289489746
        ],
        [
            -0.09718747437000275,
            -0.8036518096923828,
            -0.09560339152812958
        ],
        [
            -0.10044664144515991,
            -0.8245878219604492,
            -0.09923537075519562
        ],
        [
            -0.08851553499698639,
            -0.8127659559249878,
            -0.10062762349843979
        ],
        [
            -0.08677956461906433,
            -0.8195247650146484,
            -0.10280942916870117
        ],
        [
            -0.0872233659029007,
            -0.807989239692688,
            -0.09993746131658554
        ],
        [
            -0.08780859410762787,
            -0.8033036589622498,
            -0.09842092543840408
        ],
        [
            -0.09112988412380219,
            -0.7989975810050964,
            -0.09645883738994598
        ],
        [
            -0.09659986197948456,
            -0.7950046062469482,
            -0.09469185769557953
        ],
        [
            -0.09116923809051514,
            -0.7697267532348633,
            -0.08728332817554474
        ],
        [
            -0.08353078365325928,
            -0.7756597995758057,
            -0.09064417332410812
        ],
        [
            -0.10334411263465881,
            -0.8954671621322632,
            -0.10397167503833771
        ],
        [
            -0.09559895098209381,
            -0.8955802321434021,
            -0.10865892469882965
        ],
        [
            -0.09103928506374359,
            -0.887902557849884,
            -0.10622456669807434
        ],
        [
            -0.09014376997947693,
            -0.8905394077301025,
            -0.107274129986763
        ],
        [
            -0.09598617255687714,
            -0.8912661075592041,
            -0.10564820468425751
        ],
        [
            -0.09549162536859512,
            -0.8884583711624146,
            -0.10469290614128113
        ],
        [
            -0.06993827223777771,
            -0.882066011428833,
            -0.10662652552127838
        ],
        [
            -0.07678630948066711,
            -0.8834003210067749,
            -0.10596786439418793
        ],
        [
            -0.0751582682132721,
            -0.8796566724777222,
            -0.10552419722080231
        ],
        [
            -0.06789394468069077,
            -0.8755984306335449,
            -0.10777775198221207
        ],
        [
            -0.08477868884801865,
            -0.8711792230606079,
            -0.10475757718086243
        ],
        [
            -0.07957905530929565,
            -0.8729789853096008,
            -0.10579507052898407
        ],
        [
            -0.08464349061250687,
            -0.8792806267738342,
            -0.10442405939102173
        ],
        [
            -0.08846886456012726,
            -0.8780331611633301,
            -0.10370072722434998
        ],
        [
            -0.09238168597221375,
            -0.8772050142288208,
            -0.10219862312078476
        ],
        [
            -0.09619514644145966,
            -0.876791775226593,
            -0.09990952163934708
        ],
        [
            -0.09512476623058319,
            -0.8714345693588257,
            -0.09989370405673981
        ],
        [
            -0.090321846306324,
            -0.8709629774093628,
            -0.10262709856033325
        ],
        [
            -0.10104109346866608,
            -0.8918440341949463,
            -0.10115666687488556
        ],
        [
            -0.10569771379232407,
            -0.8905029892921448,
            -0.09574200958013535
        ],
        [
            -0.10379970818758011,
            -0.8876529335975647,
            -0.09620194882154465
        ],
        [
            -0.10034388303756714,
            -0.8887174129486084,
            -0.10117088258266449
        ],
        [
            -0.1062154471874237,
            -0.8802993297576904,
            -0.08565322309732437
        ],
        [
            -0.106348916888237,
            -0.8828573822975159,
            -0.08718445897102356
        ],
        [
            -0.10967245697975159,
            -0.8838770389556885,
            -0.08524858206510544
        ],
        [
            -0.10934044420719147,
            -0.8793522119522095,
            -0.08422389626502991
        ],
        [
            -0.10777821391820908,
            -0.8765057325363159,
            -0.08620233088731766
        ],
        [
            -0.10563679039478302,
            -0.8787108659744263,
            -0.08704446256160736
        ],
        [
            -0.09911493957042694,
            -0.9505656957626343,
            -0.09674809873104095
        ],
        [
            -0.10723024606704712,
            -0.9330928325653076,
            -0.10022734850645065
        ],
        [
            -0.0788256973028183,
            -0.9451006650924683,
            -0.10076770931482315
        ],
        [
            -0.06363338232040405,
            -0.935126543045044,
            -0.10153308510780334
        ],
        [
            -0.05103953182697296,
            -0.9217197299003601,
            -0.10199837386608124
        ],
        [
            -0.0662359744310379,
            -0.8194165229797363,
            -0.10473660379648209
        ],
        [
            -0.059849780052900314,
            -0.8106385469436646,
            -0.10190676152706146
        ],
        [
            -0.04630209878087044,
            -0.8189014196395874,
            -0.09961675852537155
        ],
        [
            -0.04280218482017517,
            -0.8084309697151184,
            -0.09511145949363708
        ],
        [
            -0.05687562748789787,
            -0.8002946376800537,
            -0.09820200502872467
        ],
        [
            -0.061526820063591,
            -0.7809480428695679,
            -0.08688577264547348
        ],
        [
            -0.05744050070643425,
            -0.7897664308547974,
            -0.09313610196113586
        ],
        [
            -0.040629781782627106,
            -0.7981569170951843,
            -0.08773651719093323
        ],
        [
            -0.0258129071444273,
            -0.8118332624435425,
            -0.08271899074316025
        ],
        [
            -0.03084610030055046,
            -0.8191079497337341,
            -0.09091164171695709
        ],
        [
            -0.01517520658671856,
            -0.8277943730354309,
            -0.07683669030666351
        ],
        [
            -0.019192824140191078,
            -0.8042176961898804,
            -0.07150741666555405
        ],
        [
            -0.00999496504664421,
            -0.8266857266426086,
            -0.06892814487218857
        ],
        [
            -0.025243066251277924,
            -0.7664234638214111,
            -0.06382232904434204
        ],
        [
            -0.018473949283361435,
            -0.7553609609603882,
            -0.06236691400408745
        ],
        [
            -0.002710490021854639,
            -0.764201283454895,
            -0.06018409878015518
        ],
        [
            -0.0086442232131958,
            -0.7750619649887085,
            -0.06309210509061813
        ],
        [
            -0.03688108175992966,
            -0.8272114396095276,
            -0.09657049179077148
        ],
        [
            -0.04464561864733696,
            -0.8901039361953735,
            -0.1024319976568222
        ],
        [
            -0.05616804584860802,
            -0.8895258903503418,
            -0.106346495449543
        ],
        [
            -0.03957024961709976,
            -0.8775835037231445,
            -0.10166880488395691
        ],
        [
            -0.03313755616545677,
            -0.9500573873519897,
            -0.08877511322498322
        ],
        [
            -0.04981766641139984,
            -0.9446467757225037,
            -0.0961027592420578
        ],
        [
            -0.03870800882577896,
            -0.9300957918167114,
            -0.09785175323486328
        ],
        [
            -0.024897905066609383,
            -0.9370100498199463,
            -0.0905849039554596
        ],
        [
            -0.05998564139008522,
            -0.9819269776344299,
            -0.07196888327598572
        ],
        [
            -0.07984993606805801,
            -0.9687758684158325,
            -0.08655776083469391
        ],
        [
            -0.06546277552843094,
            -0.9588854908943176,
            -0.09202547371387482
        ],
        [
            -0.04804178327322006,
            -0.968661904335022,
            -0.08116105198860168
        ],
        [
            -0.013714270666241646,
            -0.9387848973274231,
            -0.08296505361795425
        ],
        [
            0.0011638589203357697,
            -0.9405350685119629,
            -0.07117033004760742
        ],
        [
            0.002652142196893692,
            -0.9562675356864929,
            -0.06326909363269806
        ],
        [
            -0.016020510345697403,
            -0.9557300806045532,
            -0.07640600949525833
        ],
        [
            -0.001551453024148941,
            -0.9749972820281982,
            -0.04853163659572601
        ],
        [
            -0.023812003433704376,
            -0.9754236936569214,
            -0.06482359766960144
        ],
        [
            -0.0015893522650003433,
            -0.8134211301803589,
            -0.06095985323190689
        ],
        [
            -0.0006069671362638474,
            -0.8317838907241821,
            -0.06041334569454193
        ],
        [
            -0.01621679961681366,
            -0.7882388234138489,
            -0.0665164664387703
        ],
        [
            -0.00029770471155643463,
            -0.7972426414489746,
            -0.05995505675673485
        ],
        [
            -0.010478951036930084,
            -0.9886876344680786,
            -0.030950680375099182
        ],
        [
            -0.036010608077049255,
            -0.990288496017456,
            -0.050886236131191254
        ],
        [
            0.033239006996154785,
            -0.9190465211868286,
            -0.03239306062459946
        ],
        [
            0.02756887674331665,
            -0.9370650053024292,
            -0.0389668308198452
        ],
        [
            0.020134337246418,
            -0.924190878868103,
