{
    "pred_cam": [
        1.6163808107376099,
        0.2171262502670288,
        0.21566572785377502
    ],
    "pred_smpl_params": {
        "global_orient": [
            [
                [
                    -0.4548753798007965,
                    -0.18977603316307068,
                    -0.870099663734436
                ],
                [
                    0.37195587158203125,
                    -0.9282159209251404,
                    0.007998592220246792
                ],
                [
                    -0.8091583251953125,
                    -0.3200003206729889,
                    0.4928108751773834
                ]
            ]
        ],
        "body_pose": [
            [
                [
                    0.9968217015266418,
                    -0.0567312054336071,
                    0.05592868849635124
                ],
                [
                    0.020769432187080383,
                    0.8628417253494263,
                    0.5050473213195801
                ],
                [
                    -0.07690955698490143,
                    -0.5022805333137512,
                    0.8612776398658752
                ]
            ],
            [
                [
                    0.9943065047264099,
                    0.10609369724988937,
                    -0.009938833303749561
                ],
                [
                    -0.08923757076263428,
                    0.8800293207168579,
                    0.46646028757095337
                ],
                [
                    0.058234959840774536,
                    -0.4629175662994385,
                    0.8844864368438721
                ]
            ],
            [
                [
                    0.9992845058441162,
                    0.017918279394507408,
                    0.03330596536397934
                ],
                [
                    0.0037497547455132008,
                    0.8293650150299072,
                    -0.5586944818496704
                ],
                [
                    -0.03763364627957344,
                    0.5584197044372559,
                    0.8287044167518616
                ]
            ],
            [
                [
                    0.975055456161499,
                    0.1758713275194168,
                    0.13541102409362793
                ],
                [
                    -0.1596558839082718,
                    0.9795328378677368,
                    -0.12257817387580872
                ],
                [
                    -0.1541975438594818,
                    0.097901351749897,
                    0.9831777215003967
                ]
            ],
            [
                [
                    0.9958289861679077,
                    0.0710911676287651,
                    0.05719009414315224
                ],
                [
                    -0.07021272927522659,
                    0.9973832964897156,
                    -0.017227889969944954
                ],
                [
                    -0.058265190571546555,
                    0.013140559196472168,
                    0.9982147216796875
                ]
            ],
            [
                [
                    0.9992280006408691,
                    -0.025611121207475662,
                    0.02979043684899807
                ],
                [
                    0.026144949719309807,
                    0.9995020031929016,
                    -0.017670150846242905
                ],
                [
                    -0.029323047026991844,
                    0.01843537949025631,
                    0.9993999600410461
                ]
            ],
            [
                [
                    0.9820165038108826,
                    0.09857982397079468,
                    0.1610146462917328
                ],
                [
                    -0.08714885264635086,
                    0.9932464957237244,
                    -0.07659244537353516
                ],
                [
                    -0.16747771203517914,
                    0.06118280440568924,
                    0.9839755892753601
                ]
            ],
            [
                [
                    0.9753708839416504,
                    -0.09722937643527985,
                    -0.19798535108566284
                ],
                [
                    0.08565273135900497,
                    0.994120717048645,
                    -0.06624002754688263
                ],
                [
                    0.20326177775859833,
                    0.04765060171484947,
                    0.9779643416404724
                ]
            ],
            [
                [
                    0.9999955296516418,
                    -0.0028478270396590233,
                    0.0007893286528997123
                ],
                [
                    0.0029020942747592926,
                    0.9967530965805054,
                    -0.08046511560678482
                ],
                [
                    -0.0005576161784119904,
                    0.08046706020832062,
                    0.996756911277771
                ]
            ],
            [
                [
                    0.9895707368850708,
                    -0.12535229325294495,
                    0.07096870988607407
                ],
                [
                    0.128077894449234,
                    0.9911379218101501,
                    -0.035237185657024384
                ],
                [
                    -0.06592272222042084,
                    0.04395921528339386,
                    0.9968559145927429
                ]
            ],
            [
                [
                    0.9863632321357727,
                    0.16397768259048462,
                    0.014096686616539955
                ],
                [
                    -0.1639942228794098,
                    0.9864612817764282,
                    1.8620927221491e-05
                ],
                [
                    -0.013902782462537289,
                    -0.0023301425389945507,
                    0.9999005198478699
                ]
            ],
            [
                [
                    0.9894776940345764,
                    -0.02706408128142357,
                    0.14213189482688904
                ],
                [
                    0.04220154136419296,
                    0.9936192035675049,
                    -0.10459360480308533
                ],
                [
                    -0.13839426636695862,
                    0.10949121415615082,
                    0.9843061566352844
                ]
            ],
            [
                [
                    0.8735674619674683,
                    0.04171881452202797,
                    -0.48491165041923523
                ],
                [
                    -0.017796486616134644,
                    0.9983912110328674,
                    0.053835101425647736
                ],
                [
                    0.4863775074481964,
                    -0.038398876786231995,
                    0.8729045391082764
                ]
            ],
            [
                [
                    0.8623863458633423,
                    -0.14036664366722107,
                    0.4864021837711334
                ],
                [
                    0.12013161927461624,
                    0.9900903105735779,
                    0.07272949814796448
                ],
                [
                    -0.49179086089134216,
                    -0.004288638010621071,
                    0.870702862739563
                ]
            ],
            [
                [
                    0.9993717074394226,
                    0.02128325216472149,
                    -0.028341850265860558
                ],
                [
                    -0.026261700317263603,
                    0.9816544055938721,
                    -0.18885155022144318
                ],
                [
                    0.02380252815783024,
                    0.18947719037532806,
                    0.9815965890884399
                ]
            ],
            [
                [
                    0.789770245552063,
                    0.4326791763305664,
                    -0.43480074405670166
                ],
                [
                    -0.37498176097869873,
                    0.901516318321228,
                    0.21600216627120972
                ],
                [
                    0.48543962836265564,
                    -0.007549728732556105,
                    0.8742375373840332
                ]
            ],
            [
                [
                    0.5920478105545044,
                    -0.6066269278526306,
                    0.5305498242378235
                ],
                [
                    0.5999076962471008,
                    0.7713347673416138,
                    0.21249349415302277
                ],
                [
                    -0.5381357669830322,
                    0.1924745887517929,
                    0.8205872178077698
                ]
            ],
            [
                [
                    0.8450900316238403,
                    0.0015915505355224013,
                    -0.5346216559410095
                ],
                [
                    0.04505272954702377,
                    0.9962265491485596,
                    0.07418172806501389
                ],
                [
                    0.5327223539352417,
                    -0.08677640557289124,
                    0.8418294191360474
                ]
            ],
            [
                [
                    0.5121886730194092,
                    0.16248518228530884,
                    0.8433632254600525
                ],
                [
                    -0.16668662428855896,
                    0.9820770621299744,
                    -0.08797872066497803
                ],
                [
                    -0.8425428867340088,
                    -0.09551561623811722,
                    0.5300928354263306
                ]
            ],
            [
                [
                    0.9821019172668457,
                    -0.1809716820716858,
                    -0.05220083147287369
                ],
                [
                    0.18093328177928925,
                    0.9834799766540527,
                    -0.00549949798732996
                ],
                [
                    0.05233372747898102,
                    -0.004043801221996546,
                    0.9986213445663452
                ]
            ],
            [
                [
                    0.9805096983909607,
                    0.16810020804405212,
                    0.10170090198516846
                ],
                [
                    -0.18374401330947876,
                    0.9678550958633423,
                    0.1717401146888733
                ],
                [
                    -0.06956218183040619,
                    -0.1870797723531723,
                    0.9798787236213684
                ]
            ],
            [
                [
                    0.9861024022102356,
                    0.1233653873205185,
                    -0.11127886176109314
                ],
                [
                    -0.10516755282878876,
                    0.982024610042572,
                    0.15674015879631042
                ],
                [
                    0.1286148875951767,
                    -0.14285893738269806,
                    0.981350839138031
                ]
            ],
            [
                [
                    0.985767126083374,
                    -0.14293886721134186,
                    0.08849664032459259
                ],
                [
                    0.1294245421886444,
                    0.9812003970146179,
                    0.1431605964899063
                ],
                [
                    -0.1072961613535881,
                    -0.12966936826705933,
                    0.9857348799705505
                ]
            ]
        ],
        "betas": [
            -0.1278526782989502,
            -0.0924094021320343,
            0.040980637073516846,
            0.5439454317092896,
            0.15597257018089294,
            -0.00966593250632286,
            0.011402815580368042,
            -0.03353026509284973,
            0.0625162422657013,
            0.030149459838867188
        ]
    },
    "pred_cam_t": [
        0.2171262502670288,
        0.21566572785377502,
        24.166645050048828
    ],
    "focal_length": [
        5000.0,
        5000.0
    ],
    "pred_keypoints_3d": [
        [
            -0.43221235275268555,
            -0.5868514180183411,
            0.06405371427536011
        ],
        [
            -0.2664179801940918,
            -0.635362446308136,
            -0.01390591636300087
        ],
        [
            -0.16595445573329926,
            -0.6110455989837646,
            0.14878398180007935
        ],
        [
            -0.12466864287853241,
            -0.39700353145599365,
            0.27324578166007996
        ],
        [
            -0.3176621198654175,
            -0.2358146458864212,
            0.28595373034477234
        ],
        [
            -0.3177757263183594,
            -0.5068320035934448,
            -0.13684193789958954
        ],
        [
            -0.4064032733440399,
            -0.2653881311416626,
            -0.15071092545986176
        ],
        [
            -0.5301854014396667,
            -0.09755061566829681,
            -0.019781261682510376
        ],
        [
            -0.002163698896765709,
            -0.2271883189678192,
            0.027463093400001526
        ],
        [
            0.04926854372024536,
            -0.1685190051794052,
            0.10795041918754578
        ],
        [
            0.00394878163933754,
            0.11156980693340302,
            0.3570297360420227
        ],
        [
            -0.021354220807552338,
            0.42962217330932617,
            0.5855311751365662
        ],
        [
            -0.00993349589407444,
            -0.11736135184764862,
            -0.0022326428443193436
        ],
        [
            -0.1298675537109375,
            0.1999969631433487,
            0.1440712809562683
        ],
        [
            -0.13929910957813263,
            0.5127395391464233,
            0.38042235374450684
        ],
        [
            -0.43351519107818604,
            -0.6442897915840149,
            0.08647680282592773
        ],
        [
            -0.4585888087749481,
            -0.6272621750831604,
            0.02692098543047905
        ],
        [
            -0.3587189018726349,
            -0.7185418605804443,
            0.08349627256393433
        ],
        [
            -0.41514021158218384,
            -0.6801573038101196,
            -0.05131971463561058
        ],
        [
            -0.3328176736831665,
            0.5325918197631836,
            0.43746787309646606
        ],
        [
            -0.29439306259155273,
            0.5810222625732422,
            0.38138532638549805
        ],
        [
            -0.08460217714309692,
            0.5534955263137817,
            0.3935924172401428
        ],
        [
            -0.18920911848545074,
            0.398090124130249,
            0.690211296081543
        ],
        [
            -0.1089451014995575,
            0.38630566000938416,
            0.7268171310424805
        ],
        [
            0.022600427269935608,
            0.4863538444042206,
            0.5902778506278992
        ],
        [
            0.01892225630581379,
            0.39253395795822144,
            0.5591285228729248
        ],
        [
            0.010911868885159492,
            0.060525521636009216,
            0.31555283069610596
        ],
        [
            0.07611794769763947,
            -0.31194713711738586,
            0.12623721361160278
        ],
        [
            -0.03906267508864403,
            -0.18831510841846466,
            -0.11350110173225403
        ],
        [
            -0.12506502866744995,
            0.168415829539299,
            0.11496865749359131
        ],
        [
            -0.11251379549503326,
            0.49622952938079834,
            0.3516814112663269
        ],
        [
            -0.3247434198856354,
            -0.26997366547584534,
            0.27007433772087097
        ],
        [
            -0.1506946086883545,
            -0.42147696018218994,
            0.28756096959114075
        ],
        [
            -0.18790996074676514,
            -0.6275742650032043,
            0.11660556495189667
        ],
        [
            -0.3165894150733948,
            -0.5429127812385559,
            -0.13153734803199768
        ],
        [
            -0.43852120637893677,
            -0.2976924479007721,
            -0.14582523703575134
        ],
        [
            -0.5391608476638794,
            -0.11737047135829926,
            -0.017784884199500084
        ],
        [
            -0.27390581369400024,
            -0.6246581077575684,
            -0.008762383833527565
        ],
        [
            -0.43876686692237854,
            -0.7178536057472229,
            0.028469543904066086
        ],
        [
            0.018314462155103683,
            -0.2503681182861328,
            0.006129555404186249
        ],
        [
            -0.24703939259052277,
            -0.5826234817504883,
            -0.005887512117624283
        ],
        [
            -0.0952530950307846,
            -0.46853914856910706,
            -0.02836618386209011
        ],
        [
            -0.3729794919490814,
            -0.6237167716026306,
            0.02373685874044895
        ],
        [
            -0.4468168318271637,
            -0.7370096445083618,
            0.030894359573721886
        ]
    ],
    "pred_vertices": [
        [
            -0.49948650598526,
            -0.6539796590805054,
            0.023573610931634903
        ],
        [
            -0.4902392625808716,
            -0.6406121850013733,
            0.02939619868993759
        ],
        [
            -0.486511766910553,
            -0.6426248550415039,
            0.01529763638973236
        ],
        [
            -0.4918351173400879,
            -0.6549081206321716,
            0.008214455097913742
        ],
        [
            -0.4812825322151184,
            -0.6332582235336304,
            0.019751761108636856
        ],
        [
            -0.482189804315567,
            -0.6318663358688354,
            0.03147441893815994
        ],
        [
            -0.47876375913619995,
            -0.644558846950531,
            0.003910321742296219
        ],
        [
            -0.4805828928947449,
            -0.655480146408081,
            -0.003900982439517975
        ],
        [
            -0.44696906208992004,
            -0.6295280456542969,
            -0.010108327493071556
        ],
        [
            -0.44029614329338074,
            -0.6325820088386536,
            -0.018282536417245865
        ],
        [
            -0.4506039321422577,
            -0.6392508745193481,
            -0.015758369117975235
        ],
        [
            -0.45410436391830444,
            -0.6347740888595581,
            -0.007557351142168045
        ],
        [
            -0.4250067472457886,
            -0.6159083843231201,
            -0.014285633340477943
        ],
        [
            -0.42020517587661743,
            -0.6053080558776855,
            -0.006804622709751129
        ],
        [
            -0.408936083316803,
            -0.606224775314331,
            -0.014237979426980019
        ],
        [
            -0.412545770406723,
            -0.617486298084259,
            -0.021390436217188835
        ],
        [
            -0.4316670298576355,
            -0.6046733260154724,
            0.03396506980061531
        ],
        [
            -0.4281432032585144,
            -0.5998142957687378,
            0.027738705277442932
        ],
        [
            -0.43431323766708374,
            -0.603713870048523,
            0.024760089814662933
        ],
        [
            -0.4368028938770294,
            -0.6084666848182678,
            0.03132569417357445
        ],
        [
            -0.4390929341316223,
            -0.6088683009147644,
            0.04569792002439499
        ],
        [
            -0.44188904762268066,
            -0.6145307421684265,
            0.043985266238451004
        ],
        [
            -0.4459569454193115,
            -0.6142129898071289,
            0.05088498815894127
        ],
        [
            -0.4435291886329651,
            -0.6071639060974121,
            0.052088379859924316
        ],
        [
            -0.4256853461265564,
            -0.6025084853172302,
            0.0383230485022068
        ],
        [
            -0.42183953523635864,
            -0.5977445840835571,
            0.03150860220193863
        ],
        [
            -0.43500423431396484,
            -0.6084752082824707,
            0.039465613663196564
        ],
        [
            -0.43226248025894165,
            -0.6045143604278564,
            0.041467249393463135
        ],
        [
            -0.43238162994384766,
            -0.5937442779541016,
            0.04766596481204033
        ],
        [
            -0.4357677102088928,
            -0.5974559783935547,
            0.046216078102588654
        ],
        [
            -0.4391964077949524,
            -0.5938960313796997,
            0.052052903920412064
        ],
        [
            -0.4340762495994568,
            -0.5912072658538818,
            0.052325572818517685
        ],
        [
            -0.4277644753456116,
            -0.5993911623954773,
            0.04116743803024292
        ],
        [
            -0.43173664808273315,
            -0.5991769433021545,
            0.0421331524848938
        ],
        [
            -0.42930278182029724,
            -0.5956349968910217,
            0.04485085606575012
        ],
        [
            -0.42541855573654175,
            -0.5968313813209534,
            0.04462417960166931
        ],
        [
            -0.437234103679657,
            -0.6041923761367798,
            0.04682300612330437
        ],
        [
            -0.44156718254089355,
            -0.6008545160293579,
            0.05249840021133423
        ],
        [
            -0.4451514482498169,
            -0.5974342823028564,
            0.05906756594777107
        ],
        [
            -0.4409518837928772,
            -0.5895525813102722,
            0.058701567351818085
        ],
        [
            -0.41789329051971436,
            -0.5935045480728149,
            0.013375606387853622
        ],
        [
            -0.42383813858032227,
            -0.5959451794624329,
            0.020438581705093384
        ],
        [
            -0.41832929849624634,
            -0.5937008261680603,
            0.02461189031600952
        ],
        [
            -0.41417038440704346,
            -0.5911568403244019,
            0.018378492444753647
        ],
        [
            -0.42149150371551514,
            -0.5970045924186707,
            0.041715700179338455
        ],
        [
            -0.4104096293449402,
            -0.5863738059997559,
            0.03627105802297592
        ],
        [
            -0.4136807918548584,
            -0.5884445905685425,
            0.03659926354885101
        ],
        [
            -0.41444265842437744,
            -0.5874409079551697,
            0.043781451880931854
        ],
        [
            -0.4115210473537445,
            -0.5854600071907043,
            0.04284270480275154
        ],
        [
            -0.4038011431694031,
            -0.5899351835250854,
            0.003263525664806366
        ],
        [
            -0.4034414291381836,
            -0.5869007110595703,
            0.010089334100484848
        ],
        [
            -0.3968099057674408,
            -0.5845600962638855,
            0.007702872157096863
        ],
        [
            -0.3953455686569214,
            -0.5877774953842163,
            0.0008740834891796112
        ],
        [
            -0.39100903272628784,
            -0.5821139216423035,
            0.008952159434556961
        ],
        [
            -0.38721126317977905,
            -0.5853738784790039,
            0.00011667981743812561
        ],
        [
            -0.3728652894496918,
            -0.5784251689910889,
            0.006774235516786575
        ],
        [
            -0.3793487846851349,
            -0.5815451145172119,
            0.0031299851834774017
        ],
        [
            -0.3854018747806549,
            -0.5792366862297058,
            0.01204589381814003
        ],
        [
            -0.38108372688293457,
            -0.5751171708106995,
            0.017631709575653076
        ],
        [
            -0.3848627209663391,
            -0.574690580368042,
            0.03207952901721001
        ],
        [
            -0.38330408930778503,
            -0.5732406377792358,
            0.038414984941482544
        ],
        [
            -0.37411582469940186,
            -0.5662577152252197,
            0.03177071362733841
        ],
        [
            -0.3772487938404083,
            -0.5697078704833984,
            0.025140557438135147
        ],
        [
            -0.4031364917755127,
            -0.5860195159912109,
            0.03435441479086876
        ],
        [
            -0.4030677080154419,
            -0.5871309638023376,
            0.029633522033691406
        ],
        [
            -0.4055730104446411,
            -0.5862136483192444,
            0.03040139749646187
        ],
        [
            -0.4067498743534088,
            -0.585511326789856,
            0.03555615618824959
        ],
        [
            -0.40321236848831177,
            -0.5872374773025513,
            0.02545950934290886
        ],
        [
            -0.40323129296302795,
            -0.5872291326522827,
            0.023628216236829758
        ],
        [
            -0.40481501817703247,
            -0.5871421694755554,
            0.024462714791297913
        ],
        [
            -0.4040759801864624,
            -0.5873671174049377,
            0.025743450969457626
        ],
        [
            -0.4034219980239868,
            -0.5872324705123901,
            0.027778323739767075
        ],
        [
            -0.4017062783241272,
            -0.5861503481864929,
            0.028686806559562683
        ],
        [
            -0.40251606702804565,
            -0.5866869688034058,
            0.026419181376695633
        ],
        [
            -0.40131083130836487,
            -0.5844439268112183,
            0.03292486444115639
        ],
        [
            -0.3998398780822754,
            -0.5800235271453857,
            0.047007132321596146
        ],
        [
            -0.400543749332428,
            -0.5804070234298706,
            0.043264247477054596
        ],
        [
            -0.4029424786567688,
            -0.5842651724815369,
            0.044784579426050186
        ],
        [
            -0.4026017189025879,
            -0.5841190814971924,
            0.04795105382800102
        ],
        [
            -0.40678492188453674,
            -0.5875483751296997,
            0.026668138802051544
        ],
        [
            -0.4085785746574402,
            -0.5881301164627075,
            0.02475621923804283
        ],
        [
            -0.4112224578857422,
            -0.5882751941680908,
            0.029918547719717026
        ],
        [
            -0.40827757120132446,
            -0.5873593091964722,
            0.030433624982833862
        ],
        [
            -0.4109760522842407,
            -0.5888108015060425,
            0.022294390946626663
        ],
        [
            -0.40631183981895447,
            -0.5877977013587952,
            0.02233016863465309
        ],
        [
            -0.4077795445919037,
            -0.5879889726638794,
            0.01918264478445053
        ],
        [
            -0.4016099274158478,
            -0.5863742828369141,
            0.02392735332250595
        ],
        [
            -0.4005372226238251,
            -0.5857474207878113,
            0.020617671310901642
        ],
        [
            -0.4034048914909363,
            -0.5863401889801025,
            0.02079389989376068
        ],
        [
            -0.3973807096481323,
            -0.584126889705658,
            0.022294484078884125
        ],
        [
            -0.3996976613998413,
            -0.5852219462394714,
            0.02643115445971489
        ],
        [
            -0.39846283197402954,
            -0.5829498767852783,
            0.030506398528814316
        ],
        [
            -0.3975083827972412,
            -0.5803878307342529,
            0.035790279507637024
        ],
        [
            -0.39289742708206177,
            -0.5791630744934082,
            0.031765107065439224
        ],
        [
            -0.3948294520378113,
            -0.581716775894165,
            0.026300664991140366
        ],
        [
            -0.4146825075149536,
            -0.5907884240150452,
            0.028068386018276215
        ],
        [
            -0.4034041166305542,
            -0.5863558053970337,
            0.01613285019993782
        ],
        [
            -0.4095233976840973,
            -0.5895977020263672,
            0.013952899724245071
        ],
        [
            -0.3989625871181488,
            -0.5843912363052368,
            0.01518862321972847
        ],
        [
            -0.3944507837295532,
            -0.5825515389442444,
            0.01643216609954834
        ],
        [
            -0.3905487060546875,
            -0.5801374912261963,
            0.020539645105600357
        ],
        [
            -0.38739222288131714,
            -0.5772506594657898,
            0.02599921077489853
        ],
        [
            -0.36181092262268066,
            -0.5686817169189453,
            0.023979321122169495
        ],
        [
            -0.3671332597732544,
            -0.5724725127220154,
            0.016098886728286743
        ],
        [
            -0.47369900345802307,
            -0.6301531195640564,
            0.03135990351438522
        ],
        [
            -0.4746456742286682,
            -0.6295756101608276,
            0.022258244454860687
        ],
        [
            -0.46600890159606934,
            -0.628147304058075,
            0.019104186445474625
        ],
        [
            -0.4683160185813904,
            -0.629185676574707,
            0.01798247918486595
        ],
        [
            -0.4695349931716919,
            -0.6289858818054199,
            0.023938380181789398
        ],
        [
            -0.4665716886520386,
            -0.6277151107788086,
            0.023799046874046326
        ],
        [
            -0.456604540348053,
            -0.6328724026679993,
            0.00012925639748573303
        ],
        [
            -0.4587423801422119,
            -0.6314025521278381,
            0.006452199071645737
        ],
        [
            -0.45501524209976196,
            -0.6301584243774414,
            0.005284938961267471
        ],
        [
            -0.4515250325202942,
            -0.6288437247276306,
            -0.0023067742586135864
        ],
        [
            -0.4500199556350708,
            -0.6222348213195801,
            0.013637635856866837
        ],
        [
            -0.45086389780044556,
            -0.6243987083435059,
            0.008755762130022049
        ],
        [
            -0.45635518431663513,
            -0.6271111369132996,
            0.013968490064144135
        ],
        [
            -0.45584094524383545,
            -0.6254673004150391,
            0.017483029514551163
        ],
        [
            -0.4551595449447632,
            -0.6246718764305115,
            0.02148270234465599
        ],
        [
            -0.45446091890335083,
            -0.62461256980896,
            0.02584332972764969
        ],
        [
            -0.44999343156814575,
            -0.6219477653503418,
            0.024440255016088486
        ],
        [
            -0.44994479417800903,
            -0.6216118335723877,
            0.01915087178349495
        ],
        [
            -0.4688952565193176,
            -0.630216121673584,
            0.030397195369005203
        ],
        [
            -0.46557745337486267,
            -0.6315796971321106,
            0.03686019405722618
        ],
        [
            -0.463201105594635,
            -0.6301497220993042,
            0.03478062152862549
        ],
        [
            -0.4660279452800751,
            -0.6284406185150146,
            0.02958834171295166
        ],
        [
            -0.4518757462501526,
            -0.6326345205307007,
            0.04121960699558258
        ],
        [
            -0.4548019766807556,
            -0.632861316204071,
            0.04091861844062805
        ],
        [
            -0.4553301930427551,
            -0.6336843371391296,
            0.044760849326848984
        ],
        [
            -0.4510576128959656,
            -0.6319548487663269,
            0.044596172869205475
        ],
        [
            -0.4494580328464508,
            -0.6295246481895447,
            0.04199282079935074
        ],
        [
            -0.4511280953884125,
            -0.6309983730316162,
            0.03992503136396408
        ],
        [
            -0.5131210088729858,
            -0.6699726581573486,
            0.0344322994351387
        ],
        [
            -0.5031116008758545,
            -0.6544560790061951,
            0.03968019038438797
        ],
        [
            -0.506376326084137,
            -0.6717667579650879,
            0.015116855502128601
        ],
        [
            -0.4951660633087158,
            -0.6719464659690857,
            0.0002999342978000641
        ],
        [
            -0.48222506046295166,
            -0.6683159470558167,
            -0.012214995920658112
        ],
        [
            -0.40585944056510925,
            -0.5966322422027588,
            -0.005419299006462097
        ],
        [
            -0.3960285484790802,
            -0.5958070755004883,
            -0.01000206544995308
        ],
        [
            -0.3979368209838867,
            -0.607852041721344,
            -0.02064673602581024
        ],
        [
            -0.3867339491844177,
            -0.6055158376693726,
            -0.02224923111498356
        ],
        [
            -0.3854065537452698,
            -0.5927907228469849,
            -0.010775221511721611
        ],
        [
            -0.36525797843933105,
            -0.5852959156036377,
            -0.001993585377931595
        ],
        [
            -0.374887079000473,
            -0.588812530040741,
            -0.008247453719377518
        ],
        [
            -0.3747362494468689,
            -0.6037905216217041,
            -0.0215931236743927
        ],
        [
            -0.3786656856536865,
            -0.6214358806610107,
            -0.03346070647239685
        ],
        [
            -0.3898634612560272,
            -0.6197459697723389,
            -0.03144488483667374
        ],
        [
            -0.3854745030403137,
            -0.6402150392532349,
            -0.0397685170173645
        ],
        [
            -0.36536771059036255,
            -0.6252948045730591,
            -0.03526119887828827
        ],
        [
            -0.37896305322647095,
            -0.6470316648483276,
            -0.0408269464969635
        ],
        [
            -0.33848080039024353,
            -0.6021987199783325,
            -0.02251402661204338
        ],
        [
            -0.3305838406085968,
            -0.5977205634117126,
            -0.02625872939825058
        ],
        [
            -0.33119696378707886,
            -0.6099700331687927,
            -0.04102713614702225
        ],
        [
            -0.3398457169532776,
            -0.6142348051071167,
            -0.03762305900454521
        ],
        [
            -0.40063902735710144,
            -0.6187347769737244,
            -0.02810749039053917
        ],
        [
            -0.4558226764202118,
            -0.6505002379417419,
            -0.019267529249191284
        ],
        [
            -0.46012407541275024,
            -0.6429075598716736,
            -0.011062704026699066
        ],
        [
            -0.4442766308784485,
            -0.6450658440589905,
            -0.024500062689185143
        ],
        [
            -0.4930557310581207,
            -0.7013763189315796,
            -0.020037125796079636
        ],
        [
            -0.4967276155948639,
            -0.6865115761756897,
            -0.00950833410024643
        ],
        [
            -0.4834803640842438,
            -0.6809856295585632,
            -0.020239010453224182
        ],
        [
            -0.4819479286670685,
            -0.6953572630882263,
            -0.029147466644644737
        ],
        [
            -0.5163635015487671,
            -0.721059262752533,
            0.013045638799667358
        ],
        [
            -0.5189496278762817,
            -0.694428563117981,
            0.022971972823143005
        ],
        [
            -0.5102337598800659,
            -0.6916486024856567,
            0.00723595917224884
        ],
        [
            -0.5079944133758545,
            -0.7116881012916565,
            -0.0025351569056510925
        ],
        [
            -0.476814329624176,
            -0.7060822248458862,
            -0.03631892800331116
        ],
        [
            -0.46889904141426086,
            -0.7206547260284424,
            -0.043464913964271545
        ],
        [
            -0.4765412211418152,
            -0.73583984375,
            -0.03973352536559105
        ],
        [
            -0.4879603683948517,
            -0.7195788621902466,
            -0.0300743505358696
        ],
        [
            -0.48526328802108765,
            -0.755721926689148,
            -0.028936125338077545
        ],
        [
            -0.4993409216403961,
            -0.7362523674964905,
            -0.016541026532649994
        ],
        [
            -0.36210715770721436,
            -0.646347165107727,
            -0.043913520872592926
        ],
        [
            -0.37579360604286194,
            -0.6604062914848328,
            -0.04419424384832382
        ],
        [
            -0.3511382043361664,
            -0.6186439990997314,
            -0.033528588712215424
        ],
        [
            -0.34978795051574707,
            -0.6353600025177002,
            -0.04437149688601494
        ],
        [
            -0.48903414607048035,
            -0.7725688219070435,
            -0.01243593543767929
        ],
        [
            -0.5060561895370483,
            -0.7502586841583252,
            0.001893565058708191
        ],
        [
            -0.4230193793773651,
            -0.7482208013534546,
            -0.05622148886322975
        ],
        [
            -0.4419616758823395,
            -0.7511379718780518,
            -0.05252958461642265
        ],
        [
            -0.4417528212070465,
            -0.7304158210754395,
            -0.054455339908599854
        ],
        [
            -0.42418384552001953,
            -0.7300592660903931,
