{
    "pred_cam": [
        1.5703860521316528,
        0.22765643894672394,
        0.26749560236930847
    ],
    "pred_smpl_params": {
        "global_orient": [
            [
                [
                    -0.5451872944831848,
                    -0.0925593227148056,
                    -0.8331887722015381
                ],
                [
                    0.3462924659252167,
                    -0.9299912452697754,
                    -0.12327924370765686
                ],
                [
                    -0.763447642326355,
                    -0.35573726892471313,
                    0.5390719771385193
                ]
            ]
        ],
        "body_pose": [
            [
                [
                    0.9980123043060303,
                    -0.0013363031903281808,
                    0.06300551444292068
                ],
                [
                    -0.028647655621170998,
                    0.8808842897415161,
                    0.4724639058113098
                ],
                [
                    -0.05613192170858383,
                    -0.47332972288131714,
                    0.8790950775146484
                ]
            ],
            [
                [
                    0.989985466003418,
                    0.14040105044841766,
                    -0.014707224443554878
                ],
                [
                    -0.11930239200592041,
                    0.8877818584442139,
                    0.4445338547229767
                ],
                [
                    0.07546982169151306,
                    -0.43832746148109436,
                    0.8956413269042969
                ]
            ],
            [
                [
                    0.9986758232116699,
                    0.013828561641275883,
                    0.049552012234926224
                ],
                [
                    0.012852082028985023,
                    0.865592360496521,
                    -0.5005843043327332
                ],
                [
                    -0.04981420934200287,
                    0.5005582571029663,
                    0.86426842212677
                ]
            ],
            [
                [
                    0.9771146774291992,
                    0.1842665821313858,
                    0.1062672957777977
                ],
                [
                    -0.17314131557941437,
                    0.9791880249977112,
                    -0.10589099675416946
                ],
                [
                    -0.12356783449649811,
                    0.08506838977336884,
                    0.9886831641197205
                ]
            ],
            [
                [
                    0.99489426612854,
                    0.0858822911977768,
                    0.053005095571279526
                ],
                [
                    -0.08517427742481232,
                    0.996245801448822,
                    -0.015479285269975662
                ],
                [
                    -0.054135505110025406,
                    0.01088558230549097,
                    0.9984741806983948
                ]
            ],
            [
                [
                    0.9988762736320496,
                    -0.010185415856540203,
                    0.04628786817193031
                ],
                [
                    0.010406361892819405,
                    0.9999355673789978,
                    -0.0045348405838012695
                ],
                [
                    -0.046238698065280914,
                    0.005011432804167271,
                    0.9989178776741028
                ]
            ],
            [
                [
                    0.9836680293083191,
                    0.08032827824354172,
                    0.16107352077960968
                ],
                [
                    -0.07411765307188034,
                    0.9962689876556396,
                    -0.04421249404549599
                ],
                [
                    -0.16402405500411987,
                    0.0315520316362381,
                    0.9859517216682434
                ]
            ],
            [
                [
                    0.9770589470863342,
                    -0.09528770297765732,
                    -0.19046282768249512
                ],
                [
                    0.08949952572584152,
                    0.9952314496040344,
                    -0.0387844555079937
                ],
                [
                    0.19325026869773865,
                    0.020848365500569344,
                    0.9809280037879944
                ]
            ],
            [
                [
                    0.9998227953910828,
                    0.009874585084617138,
                    0.016030611470341682
                ],
                [
                    -0.008332496508955956,
                    0.995578408241272,
                    -0.09356440603733063
                ],
                [
                    -0.016883637756109238,
                    0.09341423958539963,
                    0.9954842925071716
                ]
            ],
            [
                [
                    0.9916324019432068,
                    -0.11376309394836426,
                    0.06101761758327484
                ],
                [
                    0.11585109680891037,
                    0.992756187915802,
                    -0.03183818235993385
                ],
                [
                    -0.056953608989715576,
                    0.03864073008298874,
                    0.9976288080215454
                ]
            ],
            [
                [
                    0.9857082962989807,
                    0.1679375022649765,
                    0.013273589313030243
                ],
                [
                    -0.1679944097995758,
                    0.9857825040817261,
                    0.003287739586085081
                ],
                [
                    -0.012532736174762249,
                    -0.005470640957355499,
                    0.9999065399169922
                ]
            ],
            [
                [
                    0.9893127083778381,
                    -0.035314660519361496,
                    0.14146822690963745
                ],
                [
                    0.04366328567266464,
                    0.997455894947052,
                    -0.0563507154583931
                ],
                [
                    -0.1391182839870453,
                    0.06192544847726822,
                    0.9883377552032471
                ]
            ],
            [
                [
                    0.8957043290138245,
                    0.13376016914844513,
                    -0.4240540862083435
                ],
                [
                    -0.1134408488869667,
                    0.9908640384674072,
                    0.07293570786714554
                ],
                [
                    0.42993584275245667,
                    -0.0172237828373909,
                    0.9026950597763062
                ]
            ],
            [
                [
                    0.8820438981056213,
                    -0.19869746267795563,
                    0.4272211790084839
                ],
                [
                    0.18559211492538452,
                    0.9799420833587646,
                    0.07258911430835724
                ],
                [
                    -0.4330752193927765,
                    0.015262085944414139,
                    0.9012286067008972
                ]
            ],
            [
                [
                    0.9995391368865967,
                    0.018207604065537453,
                    0.02429136261343956
                ],
                [
                    -0.011319451034069061,
                    0.9660000801086426,
                    -0.25829386711120605
                ],
                [
                    -0.028168369084596634,
                    0.25789985060691833,
                    0.9657610058784485
                ]
            ],
            [
                [
                    0.7867615818977356,
                    0.4729885458946228,
                    -0.3965955376625061
                ],
                [
                    -0.43113192915916443,
                    0.8808981776237488,
                    0.1953040212392807
                ],
                [
                    0.4417368471622467,
                    0.01732729561626911,
                    0.8969773054122925
                ]
            ],
            [
                [
                    0.6056877374649048,
                    -0.639098048210144,
                    0.4740210771560669
                ],
                [
                    0.6434494853019714,
                    0.7438506484031677,
                    0.1807178258895874
                ],
                [
                    -0.4680973291397095,
                    0.19555005431175232,
                    0.8617685437202454
                ]
            ],
            [
                [
                    0.8730171322822571,
                    -0.020580679178237915,
                    -0.4872550070285797
                ],
                [
                    0.07096897810697556,
                    0.9938350319862366,
                    0.08517786860466003
                ],
                [
                    0.4824981093406677,
                    -0.10894174128770828,
                    0.8690956234931946
                ]
            ],
            [
                [
                    0.7324621081352234,
                    0.1268114596605301,
                    0.6688932180404663
                ],
                [
                    -0.12328935414552689,
                    0.9909617304801941,
                    -0.052864257246255875
                ],
                [
                    -0.6695513725280762,
                    -0.043746329843997955,
                    0.7414764165878296
                ]
            ],
            [
                [
                    0.9863513708114624,
                    -0.15964466333389282,
                    -0.040306590497493744
                ],
                [
                    0.15932682156562805,
                    0.9871646165847778,
                    -0.010999245569109917
                ],
                [
                    0.041545212268829346,
                    0.004427199251949787,
                    0.9991268515586853
                ]
            ],
            [
                [
                    0.9894188046455383,
                    0.11975312978029251,
                    0.08191268146038055
                ],
                [
                    -0.13019272685050964,
                    0.9819821119308472,
                    0.13697130978107452
                ],
                [
                    -0.06403403729200363,
                    -0.14618641138076782,
                    0.9871825575828552
                ]
            ],
            [
                [
                    0.9873457551002502,
                    0.11588578671216965,
                    -0.10825344175100327
                ],
                [
                    -0.09959405660629272,
                    0.98434978723526,
                    0.14538447558879852
                ],
                [
                    0.12340722978115082,
                    -0.1327633410692215,
                    0.9834350943565369
                ]
            ],
            [
                [
                    0.9864873886108398,
                    -0.13120625913143158,
                    0.09811990708112717
                ],
                [
                    0.11639845371246338,
                    0.9827298521995544,
                    0.14385172724723816
                ],
                [
                    -0.11529962718486786,
                    -0.13048692047595978,
                    0.9847227931022644
                ]
            ]
        ],
        "betas": [
            -0.1315915286540985,
            -0.09567958116531372,
            0.20657578110694885,
            0.9400203227996826,
            0.19290418922901154,
            0.009614769369363785,
            -0.03702959418296814,
            -0.008054733276367188,
            0.09685931354761124,
            0.01168912649154663
        ]
    },
    "pred_cam_t": [
        0.22765643894672394,
        0.26749560236930847,
        24.87445640563965
    ],
    "focal_length": [
        5000.0,
        5000.0
    ],
    "pred_keypoints_3d": [
        [
            -0.3786945343017578,
            -0.6681454181671143,
            0.028598222881555557
        ],
        [
            -0.20336976647377014,
            -0.682232141494751,
            -0.04301054775714874
        ],
        [
            -0.10031187534332275,
            -0.6502777934074402,
            0.12368523329496384
        ],
        [
            -0.06563731282949448,
            -0.44126445055007935,
            0.2552601397037506
        ],
        [
            -0.22199878096580505,
            -0.263435423374176,
            0.3367401659488678
        ],
        [
            -0.2666032314300537,
            -0.5477630496025085,
            -0.16548560559749603
        ],
        [
            -0.36101120710372925,
            -0.31009918451309204,
            -0.17954528331756592
        ],
        [
            -0.5091907382011414,
            -0.14714540541172028,
            -0.07183492928743362
        ],
        [
            -0.0024406646843999624,
            -0.2316398024559021,
            0.026972614228725433
        ],
        [
            0.04584510996937752,
            -0.1701163798570633,
            0.10674478858709335
        ],
        [
            -0.003368910402059555,
            0.08735768496990204,
            0.37490972876548767
        ],
        [
            -0.03543417900800705,
            0.38240116834640503,
            0.6269110441207886
        ],
        [
            -0.02490292862057686,
            -0.1225956380367279,
            0.003980211913585663
        ],
        [
            -0.15355806052684784,
            0.16961851716041565,
            0.18402183055877686
        ],
        [
            -0.16633526980876923,
            0.4569914937019348,
            0.445881187915802
        ],
        [
            -0.37128928303718567,
            -0.7258405685424805,
            0.05017244815826416
        ],
        [
            -0.3965100347995758,
            -0.7118335962295532,
            -0.010158468037843704
        ],
        [
            -0.28496313095092773,
            -0.7869210243225098,
            0.04942801594734192
        ],
        [
            -0.3419201076030731,
            -0.7554417252540588,
            -0.08722930401563644
        ],
        [
            -0.35407203435897827,
            0.4448135495185852,
            0.5207584500312805
        ],
        [
            -0.3279370963573456,
            0.5027645826339722,
            0.4661201536655426
        ],
        [
            -0.11619771271944046,
            0.5031698942184448,
            0.45718103647232056
        ],
        [
            -0.19018396735191345,
            0.32253915071487427,
            0.7395570278167725
        ],
        [
            -0.10592058300971985,
            0.31662291288375854,
            0.7685537338256836
        ],
        [
            0.0025281906127929688,
            0.4428638815879822,
            0.6339724063873291
        ],
        [
            0.0056348261423408985,
            0.3518567979335785,
            0.5945953130722046
        ],
        [
            0.0045058210380375385,
            0.04017004370689392,
            0.3298664391040802
        ],
        [
            0.08934672176837921,
            -0.31013059616088867,
            0.11546637117862701
        ],
        [
            -0.0535513237118721,
            -0.19236493110656738,
            -0.10783471167087555
        ],
        [
            -0.1485878825187683,
            0.1406843066215515,
            0.15213969349861145
        ],
        [
            -0.14158910512924194,
            0.4461860656738281,
            0.4128607511520386
        ],
        [
            -0.23734372854232788,
            -0.29260095953941345,
            0.31828802824020386
        ],
        [
            -0.08672963082790375,
            -0.46841639280319214,
            0.2712232172489166
        ],
        [
            -0.12172776460647583,
            -0.6690710783004761,
            0.08992941677570343
        ],
        [
            -0.26082301139831543,
            -0.5855495929718018,
            -0.16003642976284027
        ],
        [
            -0.39276057481765747,
            -0.34405088424682617,
            -0.18070170283317566
        ],
        [
            -0.5171728730201721,
            -0.16699181497097015,
            -0.07145445793867111
        ],
        [
            -0.21030274033546448,
            -0.6716381907463074,
            -0.03822809085249901
        ],
        [
            -0.36230233311653137,
            -0.7981247305870056,
            -0.00892737414687872
        ],
        [
            0.017589909955859184,
            -0.25158002972602844,
            0.0035958020016551018
        ],
        [
            -0.18738363683223724,
            -0.6244403123855591,
            -0.033098094165325165
        ],
        [
            -0.06212834641337395,
            -0.4860243797302246,
            -0.042277105152606964
        ],
        [
            -0.3123243749141693,
            -0.6943668127059937,
            -0.009584086015820503
        ],
        [
            -0.36732611060142517,
            -0.8181552886962891,
            -0.007156007457524538
        ]
    ],
    "pred_vertices": [
        [
            -0.432542622089386,
            -0.7445381879806519,
            -0.015504837036132812
        ],
        [
            -0.42568129301071167,
            -0.7300199270248413,
            -0.009074218571186066
        ],
        [
            -0.42117828130722046,
            -0.7310688495635986,
            -0.023081474006175995
        ],
        [
            -0.42418020963668823,
            -0.7439426183700562,
            -0.030571861192584038
        ],
        [
            -0.4177120625972748,
            -0.7211133241653442,
            -0.018223445862531662
        ],
        [
            -0.41930437088012695,
            -0.7200607657432556,
            -0.006597381085157394
        ],
        [
            -0.41275396943092346,
            -0.7315274477005005,
            -0.03418842703104019
        ],
        [
            -0.4124560058116913,
            -0.7424254417419434,
            -0.042173318564891815
        ],
        [
            -0.38326290249824524,
            -0.7112764120101929,
            -0.04681498557329178
        ],
        [
            -0.37586522102355957,
            -0.7129813432693481,
            -0.05478096380829811
        ],
        [
            -0.3851100206375122,
            -0.7212929129600525,
            -0.052736565470695496
        ],
        [
            -0.3895892798900604,
            -0.7176806926727295,
            -0.044554680585861206
        ],
        [
            -0.3636191785335541,
            -0.6942270994186401,
            -0.04969806224107742
        ],
        [
            -0.36085376143455505,
            -0.6831749677658081,
            -0.04191412404179573
        ],
        [
            -0.349383145570755,
            -0.681980311870575,
            -0.04892083629965782
        ],
        [
            -0.35086148977279663,
            -0.6935237646102905,
            -0.05637715011835098
        ],
        [
            -0.3737867474555969,
            -0.6854127645492554,
            -0.0016736947000026703
        ],
        [
            -0.37082692980766296,
            -0.6799192428588867,
            -0.00768507644534111
        ],
        [
            -0.37615057826042175,
            -0.684717059135437,
            -0.010940980166196823
        ],
        [
            -0.3781171441078186,
            -0.6899309754371643,
            -0.004560485482215881
        ],
        [
            -0.38106486201286316,
            -0.6909018754959106,
            0.009663254022598267
        ],
        [
            -0.3828151524066925,
            -0.6969015598297119,
            0.007767379283905029
        ],
        [
            -0.38722074031829834,
            -0.6973624229431152,
            0.014495279639959335
        ],
        [
            -0.3860522210597992,
            -0.6900187730789185,
            0.015886105597019196
        ],
        [
            -0.3684501349925995,
            -0.6823865175247192,
            0.0029215216636657715
        ],
        [
            -0.36513662338256836,
            -0.6768948435783386,
            -0.0036452412605285645
        ],
        [
            -0.3767555058002472,
            -0.68979811668396,
            0.003636866807937622
        ],
        [
            -0.3748356103897095,
            -0.6854152679443359,
            0.005745552480220795
        ],
        [
            -0.37708261609077454,
            -0.6748562455177307,
            0.012078952044248581
        ],
        [
            -0.3797469139099121,
            -0.6790202856063843,
            0.01045238971710205
        ],
        [
            -0.3840121030807495,
            -0.6761093139648438,
            0.016147173941135406
        ],
        [
            -0.37938886880874634,
            -0.6726479530334473,
            0.016701962798833847
        ],
        [
            -0.37122994661331177,
            -0.6795758605003357,
            0.005628354847431183
        ],
        [
            -0.37529245018959045,
            -0.6800017356872559,
            0.006441038101911545
        ],
        [
            -0.37358367443084717,
            -0.6761640310287476,
            0.009288758039474487
        ],
        [
            -0.36948662996292114,
            -0.6767525672912598,
            0.009229965507984161
        ],
        [
            -0.3800976872444153,
            -0.68593430519104,
            0.01084119826555252
        ],
        [
            -0.38521504402160645,
            -0.683411717414856,
            0.016396120190620422
        ],
        [
            -0.3896257281303406,
            -0.6807006597518921,
            0.02287101373076439
        ],
        [
            -0.3867683410644531,
            -0.6721709370613098,
            0.02279720827937126
        ],
        [
            -0.3612560033798218,
            -0.6715821623802185,
            -0.021514959633350372
        ],
        [
            -0.36697059869766235,
            -0.6751639246940613,
            -0.014793459326028824
        ],
        [
            -0.3620625436306,
            -0.6721570491790771,
            -0.010330777615308762
        ],
        [
            -0.3581499457359314,
            -0.6688010692596436,
            -0.016347315162420273
        ],
        [
            -0.3654119074344635,
            -0.6762283444404602,
            0.006527315825223923
        ],
        [
            -0.356009304523468,
            -0.6636448502540588,
            0.0017451643943786621
        ],
        [
            -0.358931303024292,
            -0.6662725806236267,
            0.0019007697701454163
        ],
        [
            -0.36013004183769226,
            -0.665535569190979,
            0.009043589234352112
        ],
        [
            -0.35750165581703186,
            -0.6630585193634033,
            0.008271470665931702
        ],
        [
            -0.3475976586341858,
            -0.6654452085494995,
            -0.031019514426589012
        ],
        [
            -0.34797775745391846,
            -0.6625814437866211,
            -0.024136636406183243
        ],
        [
            -0.3417254686355591,
            -0.6590957641601562,
            -0.026207882910966873
        ],
        [
            -0.33950644731521606,
            -0.6618685722351074,
            -0.03303181380033493
        ],
        [
            -0.33639955520629883,
            -0.655803382396698,
            -0.024618808180093765
        ],
        [
            -0.3318690061569214,
            -0.6581981182098389,
            -0.0333552211523056
        ],
        [
            -0.3192075788974762,
            -0.6491140127182007,
            -0.025841062888503075
        ],
        [
            -0.3248887062072754,
            -0.6532193422317505,
            -0.029888717457652092
        ],
        [
            -0.33147647976875305,
            -0.6521123051643372,
            -0.02118583396077156
        ],
        [
            -0.3281327486038208,
            -0.6474120616912842,
            -0.015358390286564827
        ],
        [
            -0.3324810862541199,
            -0.6479054689407349,
            -0.0011579953134059906
        ],
        [
            -0.33142518997192383,
            -0.646393895149231,
            0.005297400057315826
        ],
        [
            -0.3233681619167328,
            -0.6377973556518555,
            -0.0008013807237148285
        ],
        [
            -0.3255653381347656,
            -0.6415953636169434,
            -0.007579110562801361
        ],
        [
            -0.3487488627433777,
            -0.6621726751327515,
            0.00020170584321022034
        ],
        [
            -0.3483268618583679,
            -0.6631479263305664,
            -0.004539061337709427
        ],
        [
            -0.35098937153816223,
            -0.6626763343811035,
            -0.0038635656237602234
        ],
        [
            -0.35246798396110535,
            -0.6622583270072937,
            0.0012369230389595032
        ],
        [
            -0.34827303886413574,
            -0.663221538066864,
            -0.008752118796110153
        ],
        [
            -0.3482149839401245,
            -0.6632088422775269,
            -0.010587036609649658
        ],
        [
            -0.3498515784740448,
            -0.6633956432342529,
            -0.009801339358091354
        ],
        [
            -0.34913352131843567,
            -0.6634680032730103,
            -0.008574716746807098
        ],
        [
            -0.3485791087150574,
            -0.6632559299468994,
            -0.006509609520435333
        ],
        [
            -0.34708356857299805,
            -0.6618950963020325,
            -0.005502428859472275
        ],
        [
            -0.34770023822784424,
            -0.6625596284866333,
            -0.007762249559164047
        ],
        [
            -0.34713852405548096,
            -0.6602061986923218,
            -0.001218315213918686
        ],
        [
            -0.3468756079673767,
            -0.6559736132621765,
            0.013032432645559311
        ],
        [
            -0.34735429286956787,
            -0.6564013361930847,
            0.009277794510126114
        ],
        [
            -0.34919002652168274,
            -0.6606482267379761,
            0.010630641132593155
        ],
        [
            -0.3489968180656433,
            -0.6605031490325928,
            0.013778731226921082
        ],
        [
            -0.3518451452255249,
            -0.6640533804893494,
            -0.007781989872455597
        ],
        [
            -0.3534436821937561,
            -0.6649611592292786,
            -0.009660769253969193
        ],
        [
            -0.35623836517333984,
            -0.6656163930892944,
            -0.004625920206308365
        ],
        [
            -0.35349705815315247,
            -0.6642227172851562,
            -0.003966469317674637
        ],
        [
            -0.3555624186992645,
            -0.6660057306289673,
            -0.01229792833328247
        ],
        [
            -0.35113078355789185,
            -0.6642454266548157,
            -0.012022916227579117
        ],
        [
            -0.3524007201194763,
            -0.6646045446395874,
            -0.015259567648172379
        ],
        [
            -0.34674525260925293,
            -0.6620758771896362,
            -0.010211188346147537
        ],
        [
            -0.3456437885761261,
            -0.6612535715103149,
            -0.013480663299560547
        ],
        [
            -0.34839898347854614,
            -0.6623460650444031,
            -0.013421505689620972
        ],
        [
            -0.34287139773368835,
            -0.6590906977653503,
            -0.0116419717669487
        ],
        [
            -0.34514909982681274,
            -0.6606218814849854,
            -0.007603727281093597
        ],
        [
            -0.3444661796092987,
            -0.6582133173942566,
            -0.003436960279941559
        ],
        [
            -0.34412533044815063,
            -0.6556379795074463,
            0.001928631216287613
        ],
        [
            -0.33961212635040283,
            -0.653608500957489,
            -0.0018866769969463348
        ],
        [
            -0.3409169912338257,
            -0.6563173532485962,
            -0.007480267435312271
        ],
        [
            -0.3591446578502655,
            -0.6686492562294006,
            -0.006693016737699509
        ],
        [
            -0.3482258915901184,
            -0.6622343063354492,
            -0.01809297688305378
        ],
        [
            -0.3536681830883026,
            -0.6663586497306824,
            -0.02056673727929592
        ],
        [
            -0.3441172242164612,
            -0.6595137119293213,
            -0.018831519410014153
        ],
        [
            -0.34000879526138306,
            -0.6569488048553467,
            -0.017360487952828407
        ],
        [
            -0.3367038369178772,
            -0.6540116667747498,
            -0.012944821268320084
        ],
        [
            -0.334322065114975,
            -0.6507045030593872,
            -0.0073990896344184875
        ],
        [
            -0.3106817901134491,
            -0.6381005048751831,
            -0.007999099791049957
        ],
        [
            -0.31491559743881226,
            -0.6425189971923828,
            -0.016127239912748337
        ],
        [
            -0.4111677408218384,
            -0.7171287536621094,
            -0.006336387246847153
        ],
        [
            -0.41182219982147217,
            -0.7165229320526123,
            -0.015465203672647476
        ],
        [
            -0.4034070074558258,
            -0.7137187719345093,
            -0.01823544129729271
        ],
        [
            -0.40545982122421265,
            -0.7151350378990173,
            -0.019412480294704437
        ],
        [
            -0.40694060921669006,
            -0.7151612043380737,
            -0.01355908066034317
        ],
        [
            -0.40421393513679504,
            -0.7134264707565308,
            -0.013574425131082535
        ],
        [
            -0.3926265239715576,
            -0.7164353728294373,
            -0.0369856134057045
        ],
        [
            -0.3951982855796814,
            -0.7155165672302246,
            -0.030704369768500328
        ],
        [
            -0.39165830612182617,
            -0.7136784195899963,
            -0.03166329115629196
        ],
        [
            -0.388162225484848,
            -0.7115827798843384,
            -0.03911549597978592
        ],
        [
            -0.3883481025695801,
            -0.7051392793655396,
            -0.022998740896582603
        ],
        [
            -0.3886451721191406,
            -0.7073229551315308,
            -0.02793886326253414
        ],
        [
            -0.39378345012664795,
            -0.711005449295044,
            -0.023042233660817146
        ],
        [
            -0.3936957120895386,
            -0.7093480825424194,
            -0.019488811492919922
        ],
        [
            -0.3933198153972626,
            -0.708523154258728,
            -0.01544167473912239
        ],
        [
            -0.39280152320861816,
            -0.7084938287734985,
            -0.010985083878040314
        ],
        [
            -0.38877618312835693,
            -0.705062985420227,
            -0.012229889631271362
        ],
        [
            -0.38857585191726685,
            -0.7045952081680298,
            -0.017533518373966217
        ],
        [
            -0.4063621759414673,
            -0.7164222598075867,
            -0.007162787020206451
        ],
        [
            -0.4031255841255188,
            -0.7174646258354187,
            -0.0005560107529163361
        ],
        [
            -0.40093058347702026,
            -0.7155749797821045,
            -0.0025747492909431458
        ],
        [
            -0.4037640690803528,
            -0.7142326235771179,
            -0.0078640878200531
        ],
        [
            -0.3896030783653259,
            -0.7163965106010437,
            0.004338711500167847
        ],
        [
            -0.3924608528614044,
            -0.7170867919921875,
            0.003909226506948471
        ],
        [
            -0.39299461245536804,
            -0.7180877327919006,
            0.007711395621299744
        ],
        [
            -0.3890100419521332,
            -0.7156680822372437,
            0.007764708250761032
        ],
        [
            -0.3877270817756653,
            -0.7129354476928711,
            0.005239550024271011
        ],
        [
            -0.3890835642814636,
            -0.7146202921867371,
            0.003081962466239929
        ],
        [
            -0.4438064694404602,
            -0.7627511024475098,
            -0.005412377417087555
        ],
        [
            -0.43656235933303833,
            -0.7459050416946411,
            0.00042553991079330444
        ],
        [
            -0.435960978269577,
            -0.7630175352096558,
            -0.024500824511051178
        ],
        [
            -0.42438724637031555,
            -0.7609780430793762,
            -0.03882718086242676
        ],
        [
            -0.41173824667930603,
            -0.7551740407943726,
            -0.05075637996196747
        ],
        [
            -0.34824085235595703,
            -0.6721859574317932,
            -0.03987056761980057
        ],
        [
            -0.3385056257247925,
            -0.6696597337722778,
            -0.04401877522468567
        ],
        [
            -0.3380641043186188,
            -0.6816167235374451,
            -0.05486155301332474
        ],
        [
            -0.3273548483848572,
            -0.6773690581321716,
            -0.05601179972290993
        ],
        [
            -0.328527569770813,
            -0.6649324297904968,
            -0.04426649957895279
        ],
        [
            -0.3103775084018707,
            -0.6543722748756409,
            -0.03430182486772537
        ],
        [
            -0.3189992904663086,
            -0.6593292951583862,
            -0.04120698943734169
        ],
        [
            -0.31589192152023315,
            -0.6735683679580688,
            -0.05487430468201637
        ],
        [
            -0.3163958787918091,
            -0.6912490725517273,
            -0.06736572831869125
        ],
        [
            -0.32774850726127625,
            -0.6916302442550659,
            -0.0656583160161972
        ],
        [
            -0.31961363554000854,
            -0.7108585834503174,
            -0.07438507676124573
        ],
        [
            -0.30266663432121277,
            -0.6925712823867798,
            -0.06861881166696548
        ],
        [
            -0.312019020318985,
            -0.716369092464447,
            -0.07531627267599106
        ],
        [
            -0.28067126870155334,
            -0.6651387214660645,
            -0.05315857380628586
        ],
        [
            -0.2734541594982147,
            -0.6586730480194092,
            -0.056148841977119446
        ],
        [
            -0.27146464586257935,
            -0.6701227426528931,
            -0.07177603244781494
        ],
        [
            -0.27936577796936035,
            -0.6765978336334229,
            -0.06896988302469254
        ],
        [
            -0.3387008309364319,
            -0.6926032900810242,
            -0.06268160045146942
        ],
        [
            -0.38823583722114563,
            -0.733258843421936,
            -0.05651198327541351
        ],
        [
            -0.39407068490982056,
            -0.7265830039978027,
            -0.048392243683338165
        ],
        [
            -0.37754103541374207,
            -0.7259494066238403,
            -0.061202049255371094
        ],
        [
            -0.4168214499950409,
            -0.7891900539398193,
            -0.0594339594244957
        ],
        [
            -0.4234289526939392,
            -0.7754273414611816,
            -0.04898715019226074
        ],
        [
            -0.4106222689151764,
            -0.7676946520805359,
            -0.05899486690759659
        ],
        [
            -0.40652626752853394,
            -0.7813882231712341,
            -0.06821991503238678
        ],
        [
            -0.437818706035614,
            -0.8129827976226807,
            -0.027374383062124252
        ],
        [
            -0.4449191391468048,
            -0.7874082326889038,
            -0.017362646758556366
        ],
        [
            -0.4363725185394287,
            -0.7828785181045532,
            -0.03283553197979927
        ],
        [
            -0.43042269349098206,
            -0.8020951747894287,
            -0.04252823814749718
        ],
        [
            -0.3993943929672241,
            -0.7910971641540527,
            -0.07509924471378326
        ],
        [
            -0.3889317214488983,
            -0.8040505647659302,
            -0.0820850282907486
        ],
        [
            -0.3944084942340851,
            -0.8204094171524048,
            -0.07907668501138687
        ],
        [
            -0.4085206091403961,
            -0.806179404258728,
            -0.06951882690191269
        ],
        [
            -0.4002384841442108,
            -0.8416897058486938,
            -0.0689341351389885
        ],
        [
            -0.4176756739616394,
            -0.8248094320297241,
            -0.05664781481027603
        ],
        [
            -0.29537850618362427,
            -0.712567150592804,
            -0.07751728594303131
        ],
        [
            -0.306482195854187,
            -0.7290909290313721,
            -0.07858403027057648
        ],
        [
            -0.28983476758003235,
            -0.6834458112716675,
            -0.06574465334415436
        ],
        [
            -0.285156786441803,
            -0.6992260813713074,
            -0.07717282325029373
        ],
        [
            -0.4020702540874481,
            -0.8595871925354004,
            -0.05282057449221611
        ],
        [
            -0.42293474078178406,
            -0.8401838541030884,
            -0.038677703589200974
        ],
        [
            -0.33847758173942566,
            -0.8235327005386353,
            -0.09401518106460571
        ],
        [
            -0.3570915758609772,
            -0.8296330571174622,
            -0.09092742204666138
        ],
        [
            -0.3600209653377533,
