{
    "pred_cam": [
        1.134603500366211,
        0.024970071390271187,
        0.13927233219146729
    ],
    "pred_smpl_params": {
        "global_orient": [
            [
                [
                    0.9795960783958435,
                    0.07434317469596863,
                    -0.18672099709510803
                ],
                [
                    0.0691453292965889,
                    -0.9970200061798096,
                    -0.034206848591566086
                ],
                [
                    -0.1887076050043106,
                    0.02059800736606121,
                    -0.981817364692688
                ]
            ]
        ],
        "body_pose": [
            [
                [
                    0.9890420436859131,
                    -0.14118900895118713,
                    0.043144341558218
                ],
                [
                    0.136991485953331,
                    0.986626923084259,
                    0.08832087367773056
                ],
                [
                    -0.05503730848431587,
                    -0.08144265413284302,
                    0.9951571822166443
                ]
            ],
            [
                [
                    0.9966648817062378,
                    0.008479133248329163,
                    0.08116144686937332
                ],
                [
                    -0.01889021322131157,
                    0.9915446639060974,
                    0.12838324904441833
                ],
                [
                    -0.0793866217136383,
                    -0.1294882446527481,
                    0.9883978962898254
                ]
            ],
            [
                [
                    0.9973496198654175,
                    0.024060579016804695,
                    -0.06866373121738434
                ],
                [
                    -0.03307918459177017,
                    0.9905110597610474,
                    -0.13339288532733917
                ],
                [
                    0.06480267643928528,
                    0.13531069457530975,
                    0.9886817336082458
                ]
            ],
            [
                [
                    0.9944449067115784,
                    0.007223408203572035,
                    -0.10501105338335037
                ],
                [
                    -0.06927066296339035,
                    0.7960701584815979,
                    -0.6012271642684937
                ],
                [
                    0.07925321906805038,
                    0.6051613688468933,
                    0.7921482920646667
                ]
            ],
            [
                [
                    0.9905694127082825,
                    0.02645912952721119,
                    0.13443264365196228
                ],
                [
                    0.06223158910870552,
                    0.787239134311676,
                    -0.6134995222091675
                ],
                [
                    -0.12206330895423889,
                    0.6160798668861389,
                    0.7781684398651123
                ]
            ],
            [
                [
                    0.9954503178596497,
                    -0.07536523789167404,
                    -0.05829988047480583
                ],
                [
                    0.07187505811452866,
                    0.9956187009811401,
                    -0.059811271727085114
                ],
                [
                    0.06255213916301727,
                    0.05534883216023445,
                    0.996505856513977
                ]
            ],
            [
                [
                    0.9901950359344482,
                    0.07217329740524292,
                    0.11960239708423615
                ],
                [
                    -0.08444477617740631,
                    0.9913035035133362,
                    0.10092771798372269
                ],
                [
                    -0.1112779974937439,
                    -0.11003793776035309,
                    0.9876784682273865
                ]
            ],
            [
                [
                    0.9892669320106506,
                    -0.07148424535989761,
                    -0.12743987143039703
                ],
                [
                    0.07866504788398743,
                    0.9955320358276367,
                    0.052227459847927094
                ],
                [
                    0.12313704192638397,
                    -0.06169196218252182,
                    0.9904702305793762
                ]
            ],
            [
                [
                    0.997115433216095,
                    -0.03817508742213249,
                    -0.06560155004262924
                ],
                [
                    0.03913086652755737,
                    0.9991449117660522,
                    0.013346392661333084
                ],
                [
                    0.06503596156835556,
                    -0.015874939039349556,
                    0.9977566599845886
                ]
            ],
            [
                [
                    0.9839574694633484,
                    -0.1624833047389984,
                    0.07366707921028137
                ],
                [
                    0.1464965045452118,
                    0.9715396761894226,
                    0.18614351749420166
                ],
                [
                    -0.10181570798158646,
                    -0.17236533761024475,
                    0.9797569513320923
                ]
            ],
            [
                [
                    0.9826517105102539,
                    0.17500725388526917,
                    -0.06138463318347931
                ],
                [
                    -0.16507147252559662,
                    0.9761999249458313,
                    0.14065928757190704
                ],
                [
                    0.08454007655382156,
                    -0.12808623909950256,
                    0.9881532192230225
                ]
            ],
            [
                [
                    0.974907398223877,
                    -0.024707769975066185,
                    -0.22123539447784424
                ],
                [
                    0.046912144869565964,
                    0.9943060278892517,
                    0.09568049013614655
                ],
                [
                    0.2176116406917572,
                    -0.10365824401378632,
                    0.9705153703689575
                ]
            ],
            [
                [
                    0.930897057056427,
                    0.30095550417900085,
                    -0.2070179134607315
                ],
                [
                    -0.3039117157459259,
                    0.9525272846221924,
                    0.018152102828025818
                ],
                [
                    0.2026531845331192,
                    0.04601743072271347,
                    0.9781687259674072
                ]
            ],
            [
                [
                    0.9237622618675232,
                    -0.3493812680244446,
                    0.15683148801326752
                ],
                [
                    0.34443461894989014,
                    0.936980664730072,
                    0.058583829551935196
                ],
                [
                    -0.16741615533828735,
                    -9.933221735991538e-05,
                    0.9858863949775696
                ]
            ],
            [
                [
                    0.9743860363960266,
                    -0.06275536119937897,
                    -0.21594811975955963
                ],
                [
                    0.02998257428407669,
                    0.9879536032676697,
                    -0.15181784331798553
                ],
                [
                    0.22287411987781525,
                    0.1414545178413391,
                    0.9645297527313232
                ]
            ],
            [
                [
                    0.47925785183906555,
                    0.7424687147140503,
                    -0.4680301249027252
                ],
                [
                    -0.825774073600769,
                    0.5621111989021301,
                    0.046132225543260574
                ],
                [
                    0.2973366975784302,
                    0.3643779158592224,
                    0.8825076222419739
                ]
            ],
            [
                [
                    0.47455286979675293,
                    -0.7828657627105713,
                    0.40239378809928894
                ],
                [
                    0.8618559241294861,
                    0.5061643123626709,
                    -0.03165411576628685
                ],
                [
                    -0.1788964867591858,
                    0.36182701587677,
                    0.9149191975593567
                ]
            ],
            [
                [
                    -0.27937743067741394,
                    -0.42959505319595337,
                    -0.8587177991867065
                ],
                [
                    -0.010349632240831852,
                    0.8956241011619568,
                    -0.4446912109851837
                ],
                [
                    0.9601256251335144,
                    -0.11534926295280457,
                    -0.2546633183956146
                ]
            ],
            [
                [
                    -0.29065001010894775,
                    0.4739566445350647,
                    0.8311966061592102
                ],
                [
                    -0.05042503774166107,
                    0.8599043488502502,
                    -0.5079585909843445
                ],
                [
                    -0.9554998278617859,
                    -0.18955126404762268,
                    -0.22603192925453186
                ]
            ],
            [
                [
                    0.9752858281135559,
                    -0.20175470411777496,
                    -0.09007080644369125
                ],
                [
                    0.20753712952136993,
                    0.9763747453689575,
                    0.060172852128744125
                ],
                [
                    0.07580269873142242,
                    -0.0773787572979927,
                    0.9941160678863525
                ]
            ],
            [
                [
                    0.9721397757530212,
                    0.21018899977207184,
                    0.1037532165646553
                ],
                [
                    -0.2176397293806076,
                    0.9737589955329895,
                    0.06653149425983429
                ],
                [
                    -0.08704642951488495,
                    -0.08725874871015549,
                    0.9923753142356873
                ]
            ],
            [
                [
                    0.9750314950942993,
                    0.2080700844526291,
                    -0.0775909349322319
                ],
                [
                    -0.20057976245880127,
                    0.975121796131134,
                    0.09436776489019394
                ],
                [
                    0.09529571980237961,
                    -0.07644838094711304,
                    0.992509126663208
                ]
            ],
            [
                [
                    0.9749743938446045,
                    -0.21238313615322113,
                    0.06571293622255325
                ],
                [
                    0.20593588054180145,
                    0.9741401076316833,
                    0.09295998513698578
                ],
                [
                    -0.08375673741102219,
                    -0.0771009624004364,
                    0.9934989809989929
                ]
            ]
        ],
        "betas": [
            -0.044861674308776855,
            0.07366061210632324,
            0.18204352259635925,
            0.24663856625556946,
            0.032635003328323364,
            -0.019223477691411972,
            -0.04558378458023071,
            -0.0038340389728546143,
            0.06345142424106598,
            -0.06370538473129272
        ]
    },
    "pred_cam_t": [
        0.024970071390271187,
        0.13927233219146729,
        34.42832565307617
    ],
    "focal_length": [
        5000.0,
        5000.0
    ],
    "pred_keypoints_3d": [
        [
            -0.09400960057973862,
            -0.8419657945632935,
            -0.09649588912725449
        ],
        [
            0.01964288391172886,
            -0.7354533076286316,
            0.01849111169576645
        ],
        [
            -0.14573273062705994,
            -0.6368095278739929,
            0.08978451788425446
        ],
        [
            -0.17526566982269287,
            -0.3851065933704376,
            0.09405815601348877
        ],
        [
            -0.1472531259059906,
            -0.47199052572250366,
            -0.14305903017520905
        ],
        [
            0.17915040254592896,
            -0.6412022709846497,
            -0.056342821568250656
        ],
        [
            0.20512211322784424,
            -0.3861154317855835,
            -0.09912192821502686
        ],
        [
            0.0009893178939819336,
            -0.481103777885437,
            -0.20318979024887085
        ],
        [
            -0.0019216040382161736,
            -0.2256210446357727,
            0.027421634644269943
        ],
        [
            -0.07346593588590622,
            -0.13987478613853455,
            0.04286246746778488
        ],
        [
            -0.1507827490568161,
            0.23242929577827454,
            -0.0002752430737018585
        ],
        [
            -0.15484552085399628,
            0.5559887886047363,
            0.2319248616695404
        ],
        [
            0.060147978365421295,
            -0.12943096458911896,
            0.019632942974567413
        ],
        [
            0.11309582740068436,
            0.2384151667356491,
            -0.028280746191740036
        ],
        [
            0.1532549262046814,
            0.5569189786911011,
            0.20686455070972443
        ],
        [
            -0.09334427863359451,
            -0.881645679473877,
            -0.048970893025398254
        ],
        [
            -0.05087628960609436,
            -0.8853453397750854,
            -0.09986650943756104
        ],
        [
            -0.046726517379283905,
            -0.8687868118286133,
            0.04200061038136482
        ],
        [
            0.04793555289506912,
            -0.8755937814712524,
            -0.06958621740341187
        ],
        [
            0.1395786851644516,
            0.6830346584320068,
            0.05319391191005707
        ],
        [
            0.21044158935546875,
            0.6676903367042542,
            0.09506180882453918
        ],
        [
            0.16667288541793823,
            0.562960147857666,
            0.2744395434856415
        ],
        [
            -0.1691625565290451,
            0.6832689046859741,
            0.07926589250564575
        ],
        [
            -0.236252561211586,
            0.664926290512085,
            0.1321885883808136
        ],
        [
            -0.15278790891170502,
            0.5699597597122192,
            0.30342403054237366
        ],
        [
            -0.17222243547439575,
            0.49934929609298706,
            0.23169870674610138
        ],
        [
            -0.14056396484375,
            0.17072615027427673,
            -0.002939409576356411
        ],
        [
            -0.14073655009269714,
            -0.2691311538219452,
            0.0655527114868164
        ],
        [
            0.14484933018684387,
            -0.2328609824180603,
            0.02303866669535637
        ],
        [
            0.1194576546549797,
            0.19641287624835968,
            -0.03106062114238739
        ],
        [
            0.16108250617980957,
            0.5144588947296143,
            0.21050554513931274
        ],
        [
            -0.13591647148132324,
            -0.49305641651153564,
            -0.10957850515842438
        ],
        [
            -0.2063681036233902,
            -0.41891875863075256,
            0.0798160582780838
        ],
        [
            -0.11223137378692627,
            -0.6681038737297058,
            0.07954969257116318
        ],
        [
            0.1554032564163208,
            -0.6719294786453247,
            -0.04025036096572876
        ],
        [
            0.2168172001838684,
            -0.42598021030426025,
            -0.13236930966377258
        ],
        [
            0.021290047094225883,
            -0.4938426613807678,
            -0.1937410533428192
        ],
        [
            0.016817649826407433,
            -0.7258620858192444,
            0.009834300726652145
        ],
        [
            -0.012280375696718693,
            -0.9248441457748413,
            -0.025040460750460625
        ],
        [
            0.002661478240042925,
            -0.25088822841644287,
            0.04374387115240097
        ],
        [
            0.019022967666387558,
            -0.6673313975334167,
            0.017927972599864006
        ],
        [
            0.028481649234890938,
            -0.492525577545166,
            0.052569448947906494
        ],
        [
            -0.031197868287563324,
            -0.815937340259552,
            -0.053757861256599426
        ],
        [
            -0.010382425971329212,
            -0.9436327219009399,
            -0.014889703132212162
        ]
    ],
    "pred_vertices": [
        [
            -0.04519347473978996,
            -0.9315652847290039,
            -0.10884217917919159
        ],
        [
            -0.053365569561719894,
            -0.9174790382385254,
            -0.10889418423175812
        ],
        [
            -0.039130762219429016,
            -0.9144734740257263,
            -0.11189858615398407
        ],
        [
            -0.028715763241052628,
            -0.9251546859741211,
            -0.10903243720531464
        ],
        [
            -0.04570814594626427,
            -0.9051415324211121,
            -0.11208295077085495
        ],
        [
            -0.05761352553963661,
            -0.9060606956481934,
            -0.10853157937526703
        ],
        [
            -0.026639364659786224,
            -0.9086755514144897,
            -0.11029466986656189
        ],
        [
            -0.01577993482351303,
            -0.9160274267196655,
            -0.10691310465335846
        ],
        [
            -0.013254044577479362,
            -0.8737787008285522,
            -0.10695774108171463
        ],
        [
            -0.0031708478927612305,
            -0.8692338466644287,
            -0.10330947488546371
        ],
        [
            -0.0046508461236953735,
            -0.8811672925949097,
            -0.10469561815261841
        ],
        [
            -0.014734260737895966,
            -0.8824044466018677,
            -0.10679201781749725
        ],
        [
            -0.009551644325256348,
            -0.8476138114929199,
            -0.10427606105804443
        ],
        [
            -0.019663795828819275,
            -0.838125467300415,
            -0.10531847178936005
        ],
        [
            -0.010236356407403946,
            -0.829220175743103,
            -0.10071124136447906
        ],
        [
            -0.00043061934411525726,
            -0.8381754159927368,
            -0.09829849004745483
        ],
        [
            -0.05979961156845093,
            -0.8505990505218506,
            -0.09642139077186584
        ],
        [
            -0.05496717616915703,
            -0.8442090749740601,
            -0.10010284185409546
        ],
        [
            -0.05213720351457596,
            -0.8510844707489014,
            -0.10223542153835297
        ],
        [
            -0.05718395486474037,
            -0.8566069602966309,
            -0.09783482551574707
        ],
        [
            -0.07076878845691681,
            -0.8597120046615601,
            -0.0932609885931015
        ],
        [
            -0.06785418093204498,
            -0.8652706146240234,
            -0.09160597622394562
        ],
        [
            -0.07492456585168839,
            -0.8688485622406006,
            -0.09123028814792633
        ],
        [
            -0.07803346961736679,
            -0.8626182079315186,
            -0.09424493461847305
        ],
        [
            -0.06308633089065552,
            -0.8450729846954346,
            -0.0924765095114708
        ],
        [
            -0.057615164667367935,
            -0.8385547399520874,
            -0.0963100790977478
        ],
        [
            -0.06432579457759857,
            -0.8560398817062378,
            -0.09366542845964432
        ],
        [
            -0.0668693482875824,
            -0.851378321647644,
            -0.09390892088413239
        ],
        [
            -0.07628314197063446,
            -0.8450237512588501,
            -0.09870889782905579
        ],
        [
            -0.07435160875320435,
            -0.8498269319534302,
            -0.0986572653055191
        ],
        [
            -0.08184279501438141,
            -0.8507611751556396,
            -0.10052816569805145
        ],
        [
            -0.08194056153297424,
            -0.8452296257019043,
            -0.09940224140882492
        ],
        [
            -0.06750234961509705,
            -0.8445958495140076,
            -0.09467072784900665
        ],
        [
            -0.06939034909009933,
            -0.8474888801574707,
            -0.09675640612840652
        ],
        [
            -0.07260116934776306,
            -0.8436509370803833,
            -0.096636101603508
        ],
        [
            -0.07097308337688446,
            -0.8415309190750122,
            -0.0935528352856636
        ],
        [
            -0.07311420142650604,
            -0.8554081916809082,
            -0.0947057455778122
        ],
        [
            -0.08028075098991394,
            -0.8571419715881348,
            -0.0970577746629715
        ],
        [
            -0.088260717689991,
            -0.8584129810333252,
            -0.09876216948032379
        ],
        [
            -0.08970494568347931,
            -0.8500751256942749,
            -0.10200905799865723
        ],
        [
            -0.04160541668534279,
            -0.8311723470687866,
            -0.10384216159582138
        ],
        [
            -0.048809297382831573,
            -0.8378633260726929,
            -0.10300830006599426
        ],
        [
            -0.05194868892431259,
            -0.8327592611312866,
            -0.09948364645242691
        ],
        [
            -0.04619014263153076,
            -0.8274576663970947,
            -0.10103162378072739
        ],
        [
            -0.06727318465709686,
            -0.8384431600570679,
            -0.09229770302772522
        ],
        [
            -0.06361159682273865,
            -0.8228503465652466,
            -0.09543894976377487
        ],
        [
            -0.0639326423406601,
            -0.8265970945358276,
            -0.09580342471599579
        ],
        [
            -0.07099295407533646,
            -0.8271559476852417,
            -0.0939629077911377
        ],
        [
            -0.0701511949300766,
            -0.8236877918243408,
            -0.09401565790176392
        ],
        [
            -0.030673181638121605,
            -0.8170304298400879,
            -0.10143483430147171
        ],
        [
            -0.03780295327305794,
            -0.8157566785812378,
            -0.10041475296020508
        ],
        [
            -0.03497817739844322,
            -0.8087770938873291,
            -0.09903041273355484
        ],
        [
            -0.027153514325618744,
            -0.8086886405944824,
            -0.0987352505326271
        ],
        [
            -0.035045236349105835,
            -0.8027900457382202,
            -0.09686928242444992
        ],
        [
            -0.02470903843641281,
            -0.8006701469421387,
            -0.09570708870887756
        ],
        [
            -0.029748551547527313,
            -0.7863146662712097,
            -0.08960120379924774
        ],
        [
            -0.026828065514564514,
            -0.7925736308097839,
            -0.09255009889602661
        ],
        [
            -0.03746616095304489,
            -0.7969992160797119,
            -0.09458477795124054
        ],
        [
            -0.04306032508611679,
            -0.7917068004608154,
            -0.09307645261287689
        ],
        [
            -0.05827638879418373,
            -0.795866847038269,
            -0.09007087349891663
        ],
        [
            -0.06417959928512573,
            -0.7942396402359009,
            -0.08775372803211212
        ],
        [
            -0.05832355469465256,
            -0.7823581695556641,
            -0.08977577090263367
        ],
        [
            -0.051143400371074677,
            -0.786198079586029,
            -0.09168095886707306
        ],
        [
            -0.06031011417508125,
            -0.8172094225883484,
            -0.09223160147666931
        ],
        [
            -0.055558860301971436,
            -0.8175126910209656,
            -0.09309595823287964
        ],
        [
            -0.05721825733780861,
            -0.8189192414283752,
            -0.09482059627771378
        ],
        [
            -0.06252297013998032,
            -0.8197854161262512,
            -0.09411315619945526
        ],
        [
            -0.05180185288190842,
            -0.8174161911010742,
            -0.09431670606136322
        ],
        [
            -0.05012993514537811,
            -0.8172434568405151,
            -0.09495589882135391
        ],
        [
            -0.05128639191389084,
            -0.8184981942176819,
            -0.09561982750892639
        ],
        [
            -0.05244649574160576,
            -0.8182086944580078,
            -0.09459933638572693
        ],
        [
            -0.05417945608496666,
            -0.8177750706672668,
            -0.093655064702034
        ],
        [
            -0.05496635660529137,
            -0.815805971622467,
            -0.09332279860973358
        ],
        [
            -0.052653104066848755,
            -0.8165804743766785,
            -0.09409485757350922
        ],
        [
            -0.05936530977487564,
            -0.8147869110107422,
            -0.09271922707557678
        ],
        [
            -0.07327550649642944,
            -0.811621367931366,
            -0.08933846652507782
        ],
        [
            -0.06985495984554291,
            -0.8124812841415405,
            -0.09096179157495499
        ],
        [
            -0.07051593065261841,
            -0.8168340921401978,
            -0.08916716277599335
        ],
        [
            -0.07346953451633453,
            -0.8163685202598572,
            -0.08784905076026917
        ],
        [
            -0.05376501753926277,
            -0.8202075958251953,
            -0.09574806690216064
        ],
        [
            -0.05192233622074127,
            -0.8218920230865479,
            -0.09713578224182129
        ],
        [
            -0.0572175607085228,
            -0.8243472576141357,
            -0.09686728566884995
        ],
        [
            -0.05734684318304062,
            -0.8216202259063721,
            -0.09558498859405518
        ],
        [
            -0.05012829229235649,
            -0.8239010572433472,
            -0.09895990788936615
        ],
        [
            -0.04937004670500755,
            -0.8197935223579407,
            -0.09678336977958679
        ],
        [
            -0.04667951166629791,
            -0.8205382823944092,
            -0.09871551394462585
        ],
        [
            -0.050345972180366516,
            -0.8154314756393433,
            -0.09465468674898148
        ],
        [
            -0.04735670983791351,
            -0.8138347864151001,
            -0.09560418874025345
        ],
        [
            -0.047924626618623734,
            -0.8164904117584229,
            -0.09662467241287231
        ],
        [
            -0.04868617281317711,
            -0.8105274438858032,
            -0.09452995657920837
        ],
        [
            -0.0526055209338665,
            -0.8134506344795227,
            -0.09369360655546188
        ],
        [
            -0.056867219507694244,
            -0.8114396333694458,
            -0.09309136867523193
        ],
        [
            -0.06246178597211838,
            -0.8095513582229614,
            -0.09221923351287842
        ],
        [
            -0.058181267231702805,
            -0.8048518896102905,
            -0.09199173748493195
        ],
        [
            -0.05262219160795212,
            -0.8074342012405396,
            -0.09340329468250275
        ],
        [
            -0.05530797690153122,
            -0.8281943798065186,
            -0.09791606664657593
        ],
        [
            -0.04359855875372887,
            -0.8160684704780579,
            -0.09829261898994446
        ],
        [
            -0.04162249714136124,
            -0.8226667642593384,
            -0.10068894922733307
        ],
        [
            -0.042423564940690994,
            -0.8112560510635376,
            -0.09744279831647873
        ],
        [
            -0.04312150925397873,
            -0.8066442012786865,
            -0.09582387655973434
        ],
        [
            -0.046316880732774734,
            -0.8024473190307617,
            -0.09405825287103653
        ],
        [
            -0.05221594497561455,
            -0.798877477645874,
            -0.09214408695697784
        ],
        [
            -0.0475161112844944,
            -0.7740154266357422,
            -0.08374366164207458
        ],
        [
            -0.03928808122873306,
            -0.7793459892272949,
            -0.08708363771438599
        ],
        [
            -0.056728024035692215,
            -0.8984792232513428,
            -0.10517565906047821
        ],
        [
            -0.04873643070459366,
            -0.8981676697731018,
            -0.10973520576953888
        ],
        [
            -0.04447224363684654,
            -0.8906292915344238,
            -0.10659080743789673
        ],
        [
            -0.043521393090486526,
            -0.8931912183761597,
            -0.10771027207374573
        ],
        [
            -0.049357395619153976,
            -0.8940221071243286,
            -0.10638270527124405
        ],
        [
            -0.04900982603430748,
            -0.8914216756820679,
            -0.10521154850721359
        ],
        [
            -0.023670930415391922,
            -0.8841663599014282,
            -0.10620108246803284
        ],
        [
            -0.030479025095701218,
            -0.8857114315032959,
            -0.10577818751335144
        ],
        [
            -0.028886321932077408,
            -0.8819702863693237,
            -0.10508248209953308
        ],
        [
            -0.02164774015545845,
            -0.8776981830596924,
            -0.10688883811235428
        ],
        [
            -0.03872424364089966,
            -0.8738411068916321,
            -0.10435813665390015
        ],
        [
            -0.03344869613647461,
            -0.8754194378852844,
            -0.10529123246669769
        ],
        [
            -0.03851773217320442,
            -0.8818984627723694,
            -0.10436681658029556
        ],
        [
            -0.04240221530199051,
            -0.880807638168335,
            -0.10371994227170944
        ],
        [
            -0.04641919583082199,
            -0.8801319599151611,
            -0.10241501778364182
        ],
        [
            -0.05022679641842842,
            -0.879905104637146,
            -0.10022175312042236
        ],
        [
            -0.049342475831508636,
            -0.8745588064193726,
            -0.09993478655815125
        ],
        [
            -0.04444697126746178,
            -0.8738507032394409,
            -0.10246734321117401
        ],
        [
            -0.05476536229252815,
            -0.894931435585022,
            -0.10219891369342804
        ],
        [
            -0.05950223654508591,
            -0.8939698338508606,
            -0.09681816399097443
        ],
        [
            -0.05784807354211807,
            -0.8910337090492249,
            -0.09725640714168549
        ],
        [
            -0.05415923893451691,
            -0.8918535709381104,
            -0.10205051302909851
        ],
        [
            -0.060874782502651215,
            -0.884273886680603,
            -0.08649665117263794
        ],
        [
            -0.06085972115397453,
            -0.886750340461731,
            -0.0881032645702362
        ],
        [
            -0.06421951204538345,
            -0.8879625797271729,
            -0.0862840861082077
        ],
        [
            -0.06406784057617188,
            -0.8834694623947144,
            -0.08510474860668182
        ],
        [
            -0.06251724064350128,
            -0.8805193305015564,
            -0.08691547065973282
        ],
        [
            -0.060328785330057144,
            -0.882636308670044,
            -0.08780057728290558
        ],
        [
            -0.05122245103120804,
            -0.9529938697814941,
            -0.10046277940273285
        ],
        [
            -0.059667374938726425,
            -0.9356352090835571,
            -0.10371211171150208
        ],
        [
            -0.03104482963681221,
            -0.9469833374023438,
            -0.10364659130573273
        ],
        [
            -0.016088809818029404,
            -0.9369184374809265,
            -0.10287614166736603
        ],
        [
            -0.0036350712180137634,
            -0.9236227869987488,
            -0.10198453068733215
        ],
        [
            -0.020986225455999374,
            -0.8217790126800537,
            -0.10164619982242584
        ],
        [
            -0.01481545902788639,
            -0.8129105567932129,
            -0.09821048378944397
        ],
        [
            -0.0011899136006832123,
            -0.8208523988723755,
            -0.09563188254833221
        ],
        [
            0.002001456916332245,
            -0.8104408383369446,
            -0.09034830331802368
        ],
        [
            -0.012012109160423279,
            -0.8026068210601807,
            -0.09387703239917755
        ],
        [
            -0.017192615196108818,
            -0.7839961051940918,
            -0.08203965425491333
        ],
        [
            -0.012834705412387848,
            -0.7923542261123657,
            -0.08831579238176346
        ],
        [
            0.0037532616406679153,
            -0.8005313873291016,
            -0.08208329975605011
        ],
        [
            0.018518388271331787,
            -0.8137503862380981,
            -0.0768267959356308
        ],
        [
            0.014142468571662903,
            -0.8208247423171997,
            -0.08611487597227097
        ],
        [
            0.029241271317005157,
            -0.8295950889587402,
            -0.07104571908712387
        ],
        [
            0.025030644610524178,
            -0.806026816368103,
            -0.06451090425252914
        ],
        [
            0.034269820898771286,
            -0.8284153938293457,
            -0.06267134100198746
        ],
        [
            0.018473869189620018,
            -0.7674737572669983,
            -0.055615101009607315
        ],
        [
            0.02507547289133072,
            -0.7558047771453857,
            -0.05253297835588455
        ],
        [
            0.04033797234296799,
            -0.7638527154922485,
            -0.047975506633520126
        ],
        [
            0.034942641854286194,
            -0.7754133939743042,
            -0.05285951495170593
        ],
        [
            0.008191961795091629,
            -0.8289898633956909,
            -0.09247785806655884
        ],
        [
            0.0017924290150403976,
            -0.8919447064399719,
            -0.10070642828941345
        ],
        [
            -0.00945388711988926,
            -0.8912152051925659,
            -0.1056424006819725
        ],
        [
            0.0066670943051576614,
            -0.8792896866798401,
            -0.09954257309436798
        ],
        [
            0.0144805908203125,
            -0.9523224830627441,
            -0.08942080289125443
        ],
        [
            -0.002137705683708191,
            -0.9466599225997925,
            -0.09729218482971191
        ],
        [
            0.0087815523147583,
            -0.9318159222602844,
            -0.09797126054763794
        ],
        [
            0.022617235779762268,
            -0.938930094242096,
            -0.09024078398942947
        ],
        [
            -0.012532755732536316,
            -0.9855202436447144,
            -0.07518859207630157
        ],
        [
            -0.032108914107084274,
            -0.9718996286392212,
            -0.08979903161525726
        ],
        [
            -0.017752256244421005,
            -0.9610008001327515,
            -0.09379910677671432
        ],
        [
            -0.00037825480103492737,
            -0.9714243412017822,
            -0.08319398760795593
        ],
        [
            0.03328781574964523,
            -0.9407689571380615,
            -0.08224917948246002
        ],
        [
            0.04804401472210884,
            -0.9425927996635437,
            -0.07008340209722519
        ],
        [
            0.049419254064559937,
            -0.9589076638221741,
            -0.06271369755268097
        ],
        [
            0.031174924224615097,
            -0.9581824541091919,
            -0.07671260833740234
        ],
        [
            0.044845469295978546,
            -0.9783549308776855,
            -0.04908160865306854
        ],
        [
            0.02315545827150345,
            -0.9783599972724915,
            -0.06610618531703949
        ],
        [
            0.04205796867609024,
            -0.8146428465843201,
            -0.05293954163789749
        ],
        [
            0.04335012659430504,
            -0.833453893661499,
            -0.05379083380103111
        ],
        [
            0.02786438725888729,
            -0.7894646525382996,
            -0.0583205372095108
        ],
        [
            0.04308628290891647,
            -0.7980077266693115,
            -0.050277795642614365
        ],
        [
            0.03517022728919983,
            -0.9927963614463806,
            -0.03229103982448578
        ],
        [
            0.010654088109731674,
            -0.9942687153816223,
            -0.05340615659952164
        ],
        [
            0.077708899974823,
            -0.9221009016036987,
            -0.02866840362548828
        ],
        [
            0.07292069494724274,
            -0.9398757219314575,
            -0.03649293631315231
        ],
        [
