{
    "pred_cam": [
        1.149713158607483,
        0.08801592886447906,
        0.18074634671211243
    ],
    "pred_smpl_params": {
        "global_orient": [
            [
                [
                    0.9822835922241211,
                    0.156296044588089,
                    -0.10339513421058655
                ],
                [
                    0.14758048951625824,
                    -0.9851980209350586,
                    -0.08720580488443375
                ],
                [
                    -0.11549460887908936,
                    0.07040172070264816,
                    -0.9908100962638855
                ]
            ]
        ],
        "body_pose": [
            [
                [
                    0.9935372471809387,
                    -0.10439922660589218,
                    0.04454756900668144
                ],
                [
                    0.0916667953133583,
                    0.969449520111084,
                    0.22751888632774353
                ],
                [
                    -0.06693941354751587,
                    -0.2219649702310562,
                    0.9727541208267212
                ]
            ],
            [
                [
                    0.9799799919128418,
                    0.19904963672161102,
                    0.004303986672312021
                ],
                [
                    -0.1939581334590912,
                    0.9495872259140015,
                    0.24630127847194672
                ],
                [
                    0.04493917152285576,
                    -0.24220509827136993,
                    0.9691838026046753
                ]
            ],
            [
                [
                    0.9994222521781921,
                    -0.0214878898113966,
                    -0.026334812864661217
                ],
                [
                    0.015586365945637226,
                    0.9782773852348328,
                    -0.20671331882476807
                ],
                [
                    0.030204584822058678,
                    0.20618340373039246,
                    0.9780471324920654
                ]
            ],
            [
                [
                    0.9944414496421814,
                    0.08340567350387573,
                    -0.0642632469534874
                ],
                [
                    -0.10325492918491364,
                    0.653045117855072,
                    -0.7502470016479492
                ],
                [
                    -0.020608065649867058,
                    0.7527121901512146,
                    0.658027172088623
                ]
            ],
            [
                [
                    0.9957274198532104,
                    -0.067867211997509,
                    0.0626169964671135
                ],
                [
                    0.09215958416461945,
                    0.772862434387207,
                    -0.6278457045555115
                ],
                [
                    -0.005784183740615845,
                    0.6309340000152588,
                    0.775814950466156
                ]
            ],
            [
                [
                    0.9985169172286987,
                    -0.054389193654060364,
                    -0.0024147822987288237
                ],
                [
                    0.0543225035071373,
                    0.9982771277427673,
                    -0.02217867225408554
                ],
                [
                    0.00361690204590559,
                    0.02201460301876068,
                    0.9997511506080627
                ]
            ],
            [
                [
                    0.9938205480575562,
                    0.04917656630277634,
                    0.09951027482748032
                ],
                [
                    -0.0662449449300766,
                    0.9821138978004456,
                    0.17624931037425995
                ],
                [
                    -0.08906310051679611,
                    -0.1817522644996643,
                    0.9793026447296143
                ]
            ],
            [
                [
                    0.9807550311088562,
                    -0.14896193146705627,
                    -0.12621387839317322
                ],
                [
                    0.15332643687725067,
                    0.9878453016281128,
                    0.025546656921505928
                ],
                [
                    0.1208743155002594,
                    -0.044406939297914505,
                    0.9916740655899048
                ]
            ],
            [
                [
                    0.9997032880783081,
                    -0.022120187059044838,
                    -0.01019754447042942
                ],
                [
                    0.022015782073140144,
                    0.9997052550315857,
                    -0.010239170864224434
                ],
                [
                    0.010421029292047024,
                    0.010011626407504082,
                    0.9998956322669983
                ]
            ],
            [
                [
                    0.978714108467102,
                    -0.1700354665517807,
                    0.1149202287197113
                ],
                [
                    0.14571192860603333,
                    0.9700525999069214,
                    0.1943349391222
                ],
                [
                    -0.14452248811721802,
                    -0.17345309257507324,
                    0.9741803407669067
                ]
            ],
            [
                [
                    0.9616955518722534,
                    0.27048033475875854,
                    -0.04452073574066162
                ],
                [
                    -0.2548025846481323,
                    0.9419453144073486,
                    0.21866582334041595
                ],
                [
                    0.10108089447021484,
                    -0.19894593954086304,
                    0.974783718585968
                ]
            ],
            [
                [
                    0.9754698872566223,
                    -0.029887747019529343,
                    -0.21809479594230652
                ],
                [
                    0.0670737475156784,
                    0.9839842915534973,
                    0.16515454649925232
                ],
                [
                    0.20966576039791107,
                    -0.17573168873786926,
                    0.9618517160415649
                ]
            ],
            [
                [
                    0.9228403568267822,
                    0.3216665983200073,
                    -0.21188731491565704
                ],
                [
                    -0.32170480489730835,
                    0.9461828470230103,
                    0.03526987507939339
                ],
                [
                    0.2118292897939682,
                    0.03561670333147049,
                    0.9766573905944824
                ]
            ],
            [
                [
                    0.9198555946350098,
                    -0.32195013761520386,
                    0.2240845412015915
                ],
                [
                    0.3207555115222931,
                    0.9461968541145325,
                    0.042749203741550446
                ],
                [
                    -0.22579118609428406,
                    0.03255326300859451,
                    0.973631739616394
                ]
            ],
            [
                [
                    0.9847253561019897,
                    -0.05462441220879555,
                    -0.16532476246356964
                ],
                [
                    0.03490253537893295,
                    0.9921687841415405,
                    -0.11992903053760529
                ],
                [
                    0.17058111727237701,
                    0.11232689768075943,
                    0.9789202809333801
                ]
            ],
            [
                [
                    0.45379599928855896,
                    0.781539797782898,
                    -0.4280944764614105
                ],
                [
                    -0.8459369540214539,
                    0.5288354158401489,
                    0.06873020529747009
                ],
                [
                    0.2801068425178528,
                    0.330951452255249,
                    0.9011167883872986
                ]
            ],
            [
                [
                    0.4706054925918579,
                    -0.7781977653503418,
                    0.4158588945865631
                ],
                [
                    0.8544135093688965,
                    0.5195658802986145,
                    0.005370407365262508
                ],
                [
                    -0.2202453464269638,
                    0.35278812050819397,
                    0.90941321849823
                ]
            ],
            [
                [
                    -0.22870951890945435,
                    -0.45315486192703247,
                    -0.8615930676460266
                ],
                [
                    0.10898837447166443,
                    0.8675683736801147,
                    -0.4852284789085388
                ],
                [
                    0.9673745632171631,
                    -0.2048799842596054,
                    -0.14903253316879272
                ]
            ],
            [
                [
                    -0.2384815663099289,
                    0.4780562222003937,
                    0.8453335762023926
                ],
                [
                    -0.06830951571464539,
                    0.8600351810455322,
                    -0.505641520023346
                ],
                [
                    -0.9687417149543762,
                    -0.17833048105239868,
                    -0.17244674265384674
                ]
            ],
            [
                [
                    0.9752303957939148,
                    -0.20030751824378967,
                    -0.09382163733243942
                ],
                [
                    0.2069198191165924,
                    0.9760643839836121,
                    0.06695134937763214
                ],
                [
                    0.07816509902477264,
                    -0.08470655977725983,
                    0.9933352470397949
                ]
            ],
            [
                [
                    0.9696796536445618,
                    0.21841107308864594,
                    0.10962671786546707
                ],
                [
                    -0.22157439589500427,
                    0.9749881625175476,
                    0.01740443892776966
                ],
                [
                    -0.10308342427015305,
                    -0.04116720333695412,
                    0.9938204884529114
                ]
            ],
            [
                [
                    0.9719716310501099,
                    0.21467554569244385,
                    -0.09584125876426697
                ],
                [
                    -0.20540113747119904,
                    0.9737539887428284,
                    0.09804844856262207
                ],
                [
                    0.11437441408634186,
                    -0.07561440765857697,
                    0.9905558228492737
                ]
            ],
            [
                [
                    0.9738578200340271,
                    -0.2110433727502823,
                    0.08403334766626358
                ],
                [
                    0.20137478411197662,
                    0.9732570052146912,
                    0.11053957790136337
                ],
                [
                    -0.10511468350887299,
                    -0.09072763472795486,
                    0.9903127551078796
                ]
            ]
        ],
        "betas": [
            0.05550934374332428,
            0.23153963685035706,
            0.5519160032272339,
            1.0689374208450317,
            -0.01325678825378418,
            -0.024264510720968246,
            -0.02780023217201233,
            0.045221343636512756,
            0.05576266348361969,
            -0.028889119625091553
        ]
    },
    "pred_cam_t": [
        0.08801592886447906,
        0.18074634671211243,
        33.97586441040039
    ],
    "focal_length": [
        5000.0,
        5000.0
    ],
    "pred_keypoints_3d": [
        [
            -0.02516527846455574,
            -0.8808826208114624,
            -0.12573790550231934
        ],
        [
            0.047193024307489395,
            -0.7550077438354492,
            0.010564874857664108
        ],
        [
            -0.13682660460472107,
            -0.6641291379928589,
            0.039909448474645615
        ],
        [
            -0.18209752440452576,
            -0.4167189598083496,
            0.033202655613422394
        ],
        [
            -0.08582982420921326,
            -0.4852501153945923,
            -0.19089752435684204
        ],
        [
            0.21679599583148956,
            -0.6466503739356995,
            -0.022293604910373688
        ],
        [
            0.22560332715511322,
            -0.3892722427845001,
            -0.04748152941465378
        ],
        [
            0.08755023777484894,
            -0.4867488145828247,
            -0.22892987728118896
        ],
        [
            -0.0026694575790315866,
            -0.23544923961162567,
            0.025543788447976112
        ],
        [
            -0.07988552004098892,
            -0.1551385223865509,
            0.032008662819862366
        ],
        [
            -0.25522053241729736,
            0.17051774263381958,
            -0.06274531781673431
        ],
        [
            -0.3035116195678711,
            0.5207250118255615,
            0.11620019376277924
        ],
        [
            0.0489598847925663,
            -0.13440370559692383,
            0.018954137340188026
        ],
        [
            0.057638246566057205,
            0.22156667709350586,
            -0.09250286966562271
        ],
        [
            0.003957770764827728,
            0.5292936563491821,
            0.15068408846855164
        ],
        [
            -0.03465527668595314,
            -0.9170953631401062,
            -0.0753919929265976
        ],
        [
            0.020829591900110245,
            -0.9200586080551147,
            -0.1123923808336258
        ],
        [
            -0.01731996238231659,
            -0.8932390213012695,
            0.024313464760780334
        ],
        [
            0.1069822609424591,
            -0.8984280824661255,
            -0.05710470303893089
        ],
        [
            -0.005958519876003265,
            0.6460731029510498,
            -0.011896282434463501
        ],
        [
            0.05896773934364319,
            0.644027590751648,
            0.04234299063682556
        ],
        [
            0.0058433786034584045,
            0.5386824607849121,
            0.21907395124435425
        ],
        [
            -0.360726535320282,
            0.615795373916626,
            -0.05009843409061432
        ],
        [
            -0.4156803488731384,
            0.5958263874053955,
            0.01626908779144287
        ],
        [
            -0.2940584421157837,
            0.5472333431243896,
            0.18405137956142426
        ],
        [
            -0.3079724609851837,
            0.46348029375076294,
            0.12723803520202637
        ],
        [
            -0.23108941316604614,
            0.11417683213949203,
            -0.058086927980184555
        ],
        [
            -0.13352873921394348,
            -0.28977978229522705,
            0.057865966111421585
        ],
        [
            0.14184539020061493,
            -0.2304134964942932,
            0.03590218350291252
        ],
        [
            0.06971640884876251,
            0.1831924468278885,
            -0.08959904313087463
        ],
        [
            0.01851028762757778,
            0.4890937805175781,
            0.15525464713573456
        ],
        [
            -0.08131451904773712,
            -0.5072811841964722,
            -0.1566176414489746
        ],
        [
            -0.20458628237247467,
            -0.4518550634384155,
            0.010612394660711288
        ],
        [
            -0.09983404725790024,
            -0.6941787004470825,
            0.03923549875617027
        ],
        [
            0.19081257283687592,
            -0.6803105473518372,
            -0.012120461091399193
        ],
        [
            0.24957826733589172,
            -0.4267238974571228,
            -0.07658620178699493
        ],
        [
            0.10389868915081024,
            -0.4985799789428711,
            -0.21324586868286133
        ],
        [
            0.04706992208957672,
            -0.7443897128105164,
            0.0015713013708591461
        ],
        [
            0.03885261341929436,
            -0.9507825374603271,
            -0.027171790599822998
        ],
        [
            0.004504018928855658,
            -0.26016369462013245,
            0.04623483493924141
        ],
        [
            0.04335761070251465,
            -0.6847459077835083,
            0.011632004752755165
        ],
        [
            0.037573881447315216,
            -0.5093919038772583,
            0.05064908787608147
        ],
        [
            0.02186308056116104,
            -0.8453513383865356,
            -0.06833265721797943
        ],
        [
            0.03939738869667053,
            -0.9686923623085022,
            -0.014852466061711311
        ]
    ],
    "pred_vertices": [
        [
            0.031554028391838074,
            -0.965491771697998,
            -0.11576647311449051
        ],
        [
            0.022928643971681595,
            -0.9522205591201782,
            -0.11932545155286789
        ],
        [
            0.037237852811813354,
            -0.9482174515724182,
            -0.11867314577102661
        ],
        [
            0.04706756770610809,
            -0.9577591419219971,
            -0.1121738851070404
        ],
        [
            0.030406804755330086,
            -0.9397094249725342,
            -0.12137850373983383
        ],
        [
            0.018162384629249573,
            -0.9415535926818848,
            -0.1209762915968895
        ],
        [
            0.0484524704515934,
            -0.941299319267273,
            -0.11418398469686508
        ],
        [
            0.05840013548731804,
            -0.9473317861557007,
            -0.10729965567588806
        ],
        [
            0.0578354112803936,
            -0.9053547382354736,
            -0.10982663184404373
        ],
        [
            0.06628140062093735,
            -0.899552583694458,
            -0.10412005335092545
        ],
        [
            0.06613735854625702,
            -0.9116240739822388,
            -0.10500472038984299
        ],
        [
            0.057104479521512985,
            -0.9139536023139954,
            -0.10949727892875671
        ],
        [
            0.058776162564754486,
            -0.8787844181060791,
            -0.10881350934505463
        ],
        [
            0.04891064763069153,
            -0.8702810406684875,
            -0.11328384280204773
        ],
        [
            0.05609530583024025,
            -0.8602071404457092,
            -0.1073850765824318
        ],
        [
            0.06543533504009247,
            -0.8681581020355225,
            -0.10167929530143738
        ],
        [
            0.008665813133120537,
            -0.8860507011413574,
            -0.11457093060016632
        ],
        [
            0.013930675573647022,
            -0.8794203400611877,
            -0.11736497282981873
        ],
        [
            0.017735416069626808,
            -0.8861348032951355,
            -0.1178646832704544
        ],
        [
            0.012032534927129745,
            -0.8918605446815491,
            -0.11459850519895554
        ],
        [
            -0.002204163931310177,
            -0.8960798978805542,
            -0.11401622742414474
        ],
        [
            0.0005857972428202629,
            -0.9011308550834656,
            -0.1109880656003952
        ],
        [
            -0.0060799866914749146,
            -0.9054551124572754,
            -0.11253643780946732
        ],
        [
            -0.00874113105237484,
            -0.8997949957847595,
            -0.11698833107948303
        ],
        [
            0.003880525939166546,
            -0.8806264400482178,
            -0.11254383623600006
        ],
        [
            0.009799417108297348,
            -0.8737394213676453,
            -0.1152893602848053
        ],
        [
            0.003855900838971138,
            -0.8918217420578003,
            -0.11278029531240463
        ],
        [
            0.0011103926226496696,
            -0.8874549865722656,
            -0.11435709148645401
        ],
        [
            -0.007161163724958897,
            -0.8824414610862732,
            -0.12252721190452576
        ],
        [
            -0.004981734789907932,
            -0.8870189189910889,
            -0.12141484022140503
        ],
        [
            -0.01158713549375534,
            -0.8888470530509949,
            -0.12542033195495605
        ],
        [
            -0.012421559542417526,
            -0.8832199573516846,
            -0.12481028586626053
        ],
        [
            0.00020019803196191788,
            -0.8808164596557617,
            -0.11605365574359894
        ],
        [
            -0.0008471813052892685,
            -0.8840923309326172,
            -0.11838138103485107
        ],
        [
            -0.004236462526023388,
            -0.8805664777755737,
            -0.11957423388957977
        ],
        [
            -0.0036997906863689423,
            -0.8780547976493835,
            -0.11633771657943726
        ],
        [
            -0.004398575983941555,
            -0.8922194242477417,
            -0.11666172742843628
        ],
        [
            -0.010550128296017647,
            -0.8948166370391846,
            -0.12095361948013306
        ],
        [
            -0.017702067270874977,
            -0.8970150947570801,
            -0.12492212653160095
        ],
        [
            -0.01883086748421192,
            -0.8889952898025513,
            -0.12922905385494232
        ],
        [
            0.026913005858659744,
            -0.8652194738388062,
            -0.11857356131076813
        ],
        [
            0.02022281289100647,
            -0.8726788759231567,
            -0.1190827339887619
        ],
        [
            0.015791039913892746,
            -0.8675047159194946,
            -0.11733205616474152
        ],
        [
            0.02143540233373642,
            -0.861679196357727,
            -0.11780364066362381
        ],
        [
            -0.0006559258326888084,
            -0.8743495941162109,
            -0.11435239017009735
        ],
        [
            0.002634923905134201,
            -0.8583000898361206,
            -0.11780285090208054
        ],
        [
            0.0026817554607987404,
            -0.8621965646743774,
            -0.11797172576189041
        ],
        [
            -0.004593315534293652,
            -0.8633140325546265,
            -0.1181773990392685
        ],
        [
            -0.004008088260889053,
            -0.8596765995025635,
            -0.11819125711917877
        ],
        [
            0.03575529158115387,
            -0.8497077226638794,
            -0.11486248672008514
        ],
        [
            0.02855013683438301,
            -0.848993182182312,
            -0.11618984490633011
        ],
        [
            0.03042364865541458,
            -0.8415330648422241,
            -0.11475475877523422
        ],
        [
            0.0377890020608902,
            -0.8407176733016968,
            -0.11218652129173279
        ],
        [
            0.029180757701396942,
            -0.8351995944976807,
            -0.11334997415542603
        ],
        [
            0.03864040970802307,
            -0.8320950269699097,
            -0.10953117161989212
        ],
        [
            0.03096560388803482,
            -0.8174151182174683,
            -0.10638540983200073
        ],
        [
            0.035086482763290405,
            -0.8237690925598145,
            -0.10778641700744629
        ],
        [
            0.02574143186211586,
            -0.829317569732666,
            -0.11237700283527374
        ],
        [
            0.01949773170053959,
            -0.8243294954299927,
            -0.11298473179340363
        ],
        [
            0.004469723906368017,
            -0.8299400806427002,
            -0.11363071948289871
        ],
        [
            -0.0021782731637358665,
            -0.8287434577941895,
            -0.11330040544271469
        ],
        [
            0.0032503348775207996,
            -0.8162722587585449,
            -0.11488369852304459
        ],
        [
            0.010883319191634655,
            -0.8194754123687744,
            -0.11444532871246338
        ],
        [
            0.004509614780545235,
            -0.8520604372024536,
            -0.1142909824848175
        ],
        [
            0.00939196441322565,
            -0.8519545793533325,
            -0.11377336084842682
        ],
        [
            0.008371714502573013,
            -0.8536927103996277,
            -0.11577057838439941
        ],
        [
            0.0031237644143402576,
            -0.8550273180007935,
            -0.11646010726690292
        ],
        [
            0.0134294917806983,
            -0.8515607118606567,
            -0.11394800245761871
        ],
        [
            0.015227253548800945,
            -0.8512862920761108,
            -0.11412583291530609
        ],
        [
            0.014362073503434658,
            -0.8527477979660034,
            -0.11497414112091064
        ],
        [
            0.01294246781617403,
            -0.8525418043136597,
            -0.11432509869337082
        ],
        [
            0.010973921045660973,
            -0.8521670699119568,
            -0.11391060054302216
        ],
        [
            0.009965185075998306,
            -0.8501681685447693,
            -0.11398157477378845
        ],
        [
            0.012476790696382523,
            -0.8507425785064697,
            -0.11403825879096985
        ],
        [
            0.005459887906908989,
            -0.8494834899902344,
            -0.11473911255598068
        ],
        [
            -0.009275339543819427,
            -0.8474880456924438,
            -0.11555464565753937
        ],
        [
            -0.005421801470220089,
            -0.8481013774871826,
            -0.11612598598003387
        ],
        [
            -0.00625922717154026,
            -0.852538526058197,
            -0.1141698807477951
        ],
        [
            -0.009533578529953957,
            -0.8522533178329468,
            -0.11375489830970764
        ],
        [
            0.012109210714697838,
            -0.8547676801681519,
            -0.11561600863933563
        ],
        [
            0.014354892075061798,
            -0.8563976287841797,
            -0.11637268960475922
        ],
        [
            0.00928517710417509,
            -0.8593688011169434,
            -0.11738673597574234
        ],
        [
            0.008623373694717884,
            -0.8565198183059692,
            -0.11636124551296234
        ],
        [
            0.01677805185317993,
            -0.8583923578262329,
            -0.11740382760763168
        ],
        [
            0.016639025881886482,
            -0.853962779045105,
            -0.115508072078228
        ],
        [
            0.0198381170630455,
            -0.8545207977294922,
            -0.11652801930904388
        ],
        [
            0.014809342101216316,
            -0.8494013547897339,
            -0.11404833197593689
        ],
        [
            0.017881998792290688,
            -0.8475722074508667,
            -0.11434664577245712
        ],
        [
            0.01780296117067337,
            -0.8504326343536377,
            -0.11522990465164185
        ],
        [
            0.016034480184316635,
            -0.8442093133926392,
            -0.11389356851577759
        ],
        [
            0.01218273863196373,
            -0.8474845886230469,
            -0.11387000977993011
        ],
        [
            0.007729174103587866,
            -0.8457558155059814,
            -0.11465597152709961
        ],
        [
            0.0019447281956672668,
            -0.844336211681366,
            -0.11547937989234924
        ],
        [
            0.005708711221814156,
            -0.839126467704773,
            -0.11446578800678253
        ],
        [
            0.011659037321805954,
            -0.8413246870040894,
            -0.11412057280540466
        ],
        [
            0.011725356802344322,
            -0.8631229400634766,
            -0.11739221960306168
        ],
        [
            0.022416288033127785,
            -0.8496900200843811,
            -0.11576805263757706
        ],
        [
            0.025417208671569824,
            -0.8563463687896729,
            -0.11679133027791977
        ],
        [
            0.022984575480222702,
            -0.8446215987205505,
            -0.11510931700468063
        ],
        [
            0.02152329310774803,
            -0.8398492336273193,
            -0.11410693824291229
        ],
        [
            0.017401086166501045,
            -0.8356484174728394,
            -0.11368192732334137
        ],
        [
            0.011121606454253197,
            -0.8324936628341675,
            -0.1136455237865448
        ],
        [
            0.01137767918407917,
            -0.8064798712730408,
            -0.1065739095211029
        ],
        [
            0.020447857677936554,
            -0.8111375570297241,
            -0.10708387941122055
        ],
        [
            0.017646215856075287,
            -0.9338502883911133,
            -0.1179676502943039
        ],
        [
            0.026608644053339958,
            -0.9330935478210449,
            -0.12018993496894836
        ],
        [
            0.02923748642206192,
            -0.9250119924545288,
            -0.11660674214363098
        ],
        [
            0.030638467520475388,
            -0.927612841129303,
            -0.11725722998380661
        ],
        [
            0.024727322161197662,
            -0.9288419485092163,
            -0.11738135665655136
        ],
        [
            0.024543311446905136,
            -0.9260869026184082,
            -0.11650660634040833
        ],
        [
            0.04866635799407959,
            -0.9166409969329834,
            -0.11108545958995819
        ],
        [
            0.04216006398200989,
            -0.9187766313552856,
            -0.11242406070232391
        ],
        [
            0.04319416731595993,
            -0.9147701859474182,
            -0.11152730882167816
        ],
        [
            0.05028606578707695,
            -0.9099541902542114,
            -0.11159002780914307
        ],
        [
            0.032930776476860046,
            -0.907487154006958,
            -0.11421855539083481
        ],
        [
            0.03835723176598549,
            -0.9086150527000427,
            -0.11344790458679199
        ],
        [
            0.03370382636785507,
            -0.9155763387680054,
            -0.11356176435947418
        ],
        [
            0.029723789542913437,
            -0.9148277044296265,
            -0.11409956216812134
        ],
        [
            0.02543778158724308,
            -0.9144951105117798,
            -0.11395547538995743
        ],
        [
            0.021141991019248962,
            -0.9144812822341919,
            -0.11290188133716583
        ],
        [
            0.021547047421336174,
            -0.9090654253959656,
            -0.11287365108728409
        ],
        [
            0.02692355588078499,
            -0.9080039858818054,
            -0.11398887634277344
        ],
        [
            0.018401335924863815,
            -0.9300969839096069,
            -0.11483125388622284
        ],
        [
            0.012327485717833042,
            -0.9291858673095703,
            -0.11104756593704224
        ],
        [
            0.01383071020245552,
            -0.9261517524719238,
            -0.11130815744400024
        ],
        [
            0.018742142245173454,
            -0.926893949508667,
            -0.1147838607430458
        ],
        [
            0.007444262504577637,
            -0.9190781712532043,
            -0.10232793539762497
        ],
        [
            0.008101032115519047,
            -0.9216372966766357,
            -0.10365049540996552
        ],
        [
            0.004410009831190109,
            -0.9230601787567139,
            -0.10273218154907227
        ],
        [
            0.0038771070539951324,
            -0.9184651374816895,
            -0.10192516446113586
        ],
        [
            0.005702045746147633,
            -0.9154907464981079,
            -0.10355973243713379
        ],
        [
            0.008214053697884083,
            -0.9174696207046509,
            -0.10361818969249725
        ],
        [
            0.024680156260728836,
            -0.9866934418678284,
            -0.10762575268745422
        ],
        [
            0.016755083575844765,
            -0.9704903364181519,
            -0.11395976692438126
        ],
        [
            0.04470565542578697,
            -0.9790101647377014,
            -0.10542187839746475
        ],
        [
            0.058035656809806824,
            -0.9679568409919739,
            -0.1013379767537117
        ],
        [
            0.06918427348136902,
            -0.953737735748291,
            -0.09849381446838379
        ],
        [
            0.045495010912418365,
            -0.8536579608917236,
            -0.11193078756332397
        ],
        [
            0.04980820417404175,
            -0.8438995480537415,
            -0.10775712132453918
        ],
        [
            0.06269568204879761,
            -0.8506569862365723,
            -0.10100915282964706
        ],
        [
            0.06362801045179367,
            -0.839301347732544,
            -0.09608926624059677
        ],
        [
            0.05044708400964737,
            -0.8328514099121094,
            -0.10394361615180969
        ],
        [
            0.04053416848182678,
            -0.8136076927185059,
            -0.09557279944419861
        ],
        [
            0.04728252440690994,
            -0.8221547603607178,
            -0.09974512457847595
        ],
        [
            0.06231193616986275,
            -0.8283349275588989,
            -0.08851011097431183
        ],
        [
            0.07622449100017548,
            -0.8400629162788391,
            -0.07830245792865753
        ],
        [
            0.07493090629577637,
            -0.8484259843826294,
            -0.08781026303768158
        ],
        [
            0.08625710010528564,
            -0.8544988632202148,
            -0.06820507347583771
        ],
        [
            0.07871129363775253,
            -0.8307502865791321,
            -0.06506212055683136
        ],
        [
            0.0888308733701706,
            -0.8521308898925781,
            -0.05868805944919586
        ],
        [
            0.0669030249118805,
            -0.7905371189117432,
            -0.060193296521902084
        ],
        [
            0.07188516110181808,
            -0.7773555517196655,
            -0.05579309165477753
        ],
        [
            0.08679481595754623,
            -0.7845257520675659,
            -0.047156766057014465
        ],
        [
            0.08316013216972351,
            -0.7973147630691528,
            -0.05271834135055542
        ],
        [
            0.07154208421707153,
            -0.8578144311904907,
            -0.09474632143974304
        ],
        [
            0.07201191782951355,
            -0.9214988946914673,
            -0.09875183552503586
        ],
        [
            0.06255015730857849,
            -0.9220913052558899,
            -0.10658401995897293
        ],
        [
            0.07540346682071686,
            -0.9083633422851562,
            -0.09708824008703232
        ],
        [
            0.08451973646879196,
            -0.9794708490371704,
            -0.07947053015232086
        ],
        [
            0.0707445740699768,
            -0.9760631322860718,
            -0.09195820987224579
        ],
        [
            0.08026111125946045,
            -0.9604587554931641,
            -0.09072987735271454
        ],
        [
            0.09190699458122253,
            -0.9657034873962402,
            -0.07914123684167862
        ],
        [
            0.05649305507540703,
            -1.0136606693267822,
            -0.07048642635345459
        ],
        [
            0.041300877928733826,
            -1.0029332637786865,
            -0.0906737893819809
        ],
        [
            0.055318936705589294,
            -0.9911929965019226,
            -0.09143002331256866
        ],
        [
            0.06933595985174179,
            -0.999107837677002,
            -0.07590655237436295
        ],
        [
            0.09975176304578781,
            -0.9660534858703613,
            -0.06837354600429535
        ],
        [
            0.11046332865953445,
            -0.9659141302108765,
            -0.05252373218536377
        ],
        [
            0.11089684069156647,
            -0.982020914554596,
            -0.04434969648718834
        ],
        [
            0.09732476621866226,
            -0.9830876588821411,
            -0.06269673258066177
        ],
        [
            0.10422595590353012,
            -1.0011602640151978,
            -0.031175121665000916
        ],
        [
            0.0877017006278038,
            -1.0036565065383911,
            -0.05303201824426651
        ],
        [
            0.09272047877311707,
            -0.8372964859008789,
            -0.04806765913963318
        ],
        [
            0.09548302739858627,
            -0.8558538556098938,
            -0.04693671315908432
        ],
        [
            0.07842129468917847,
            -0.8129843473434448,
            -0.059147514402866364
        ],
        [
            0.0921531468629837,
            -0.8199067115783691,
            -0.04658238962292671
        ],
        [
            0.09141403436660767,
            -1.0163251161575317,
            -0.016275934875011444
        ],
        [
            0.0731285810470581,
            -1.0201367139816284,
            -0.04304944723844528
        ],
        [
            0.12699563801288605,
            -0.9401764273643494,
            -0.006131801754236221
        ],
        [
            0.1255796104669571,
            -0.9589480757713318,
            -0.013744708150625229
        ],
        [
            0.12143571674823761,
            -0.9470648765563965,
            -0.03094513714313507
        ],
        [
