{
    "pred_cam": [
        1.1529157161712646,
        0.08390174806118011,
        0.1472364068031311
    ],
    "pred_smpl_params": {
        "global_orient": [
            [
                [
                    0.9832333326339722,
                    0.14310911297798157,
                    -0.11301286518573761
                ],
                [
                    0.13914728164672852,
                    -0.9893703460693359,
                    -0.04224016144871712
                ],
                [
                    -0.11785654723644257,
                    0.025806505233049393,
                    -0.992695152759552
                ]
            ]
        ],
        "body_pose": [
            [
                [
                    0.9950131177902222,
                    -0.08639105409383774,
                    0.04985536262392998
                ],
                [
                    0.0757422223687172,
                    0.9796451330184937,
                    0.18589912354946136
                ],
                [
                    -0.06490058451890945,
                    -0.18119589984416962,
                    0.9813032150268555
                ]
            ],
            [
                [
                    0.9868448972702026,
                    0.1604478806257248,
                    0.019842658191919327
                ],
                [
                    -0.1608845591545105,
                    0.9625389575958252,
                    0.21825426816940308
                ],
                [
                    0.01591910421848297,
                    -0.21857546269893646,
                    0.9756902456283569
                ]
            ],
            [
                [
                    0.9991501569747925,
                    -0.020189061760902405,
                    -0.03593474254012108
                ],
                [
                    0.01321132481098175,
                    0.9826934933662415,
                    -0.18476732075214386
                ],
                [
                    0.0390431173145771,
                    0.1841355711221695,
                    0.9821251034736633
                ]
            ],
            [
                [
                    0.99550861120224,
                    0.06502721458673477,
                    -0.06880467385053635
                ],
                [
                    -0.0945710763335228,
                    0.7164738178253174,
                    -0.6911742091178894
                ],
                [
                    0.004351590294390917,
                    0.6945767402648926,
                    0.7194055318832397
                ]
            ],
            [
                [
                    0.9951728582382202,
                    -0.03114466555416584,
                    0.09306437522172928
                ],
                [
                    0.08062945306301117,
                    0.8000810742378235,
                    -0.5944485664367676
                ],
                [
                    -0.05594514682888985,
                    0.5990828275680542,
                    0.7987301349639893
                ]
            ],
            [
                [
                    0.998189389705658,
                    -0.05946168303489685,
                    -0.009060165844857693
                ],
                [
                    0.05913969501852989,
                    0.9977232813835144,
                    -0.03241422399878502
                ],
                [
                    0.010966943576931953,
                    0.031819723546504974,
                    0.9994333386421204
                ]
            ],
            [
                [
                    0.9946432113647461,
                    0.03864433616399765,
                    0.09587263315916061
                ],
                [
                    -0.05234558880329132,
                    0.9880765676498413,
                    0.14479203522205353
                ],
                [
                    -0.0891341045498848,
                    -0.14903490245342255,
                    0.9848065376281738
                ]
            ],
            [
                [
                    0.9842560887336731,
                    -0.11893627792596817,
                    -0.13074442744255066
                ],
                [
                    0.12044605612754822,
                    0.9927130937576294,
                    0.0036724854726344347
                ],
                [
                    0.12935490906238556,
                    -0.01936231553554535,
                    0.9914093017578125
                ]
            ],
            [
                [
                    0.9995017051696777,
                    -0.026124076917767525,
                    -0.017716433852910995
                ],
                [
                    0.02661859430372715,
                    0.9992456436157227,
                    0.02827637456357479
                ],
                [
                    0.016964374110102654,
                    -0.02873387187719345,
                    0.9994431138038635
                ]
            ],
            [
                [
                    0.9858431816101074,
                    -0.13758401572704315,
                    0.0958331972360611
                ],
                [
                    0.12254157662391663,
                    0.9813270568847656,
                    0.1482592076063156
                ],
                [
                    -0.11444180458784103,
                    -0.13441675901412964,
                    0.9842943549156189
                ]
            ],
            [
                [
                    0.9728565216064453,
                    0.22839714586734772,
                    -0.03721553459763527
                ],
                [
                    -0.21853262186050415,
                    0.9596621990203857,
                    0.17689502239227295
                ],
                [
                    0.0761166661977768,
                    -0.16396066546440125,
                    0.9835258722305298
                ]
            ],
            [
                [
                    0.9728714227676392,
                    -0.032297857105731964,
                    -0.22908055782318115
                ],
                [
                    0.06673704087734222,
                    0.9872919917106628,
                    0.14422501623630524
                ],
                [
                    0.22151120007038116,
                    -0.15560056269168854,
                    0.9626636505126953
                ]
            ],
            [
                [
                    0.929964542388916,
                    0.30992937088012695,
                    -0.19776207208633423
                ],
                [
                    -0.31062713265419006,
                    0.9501107931137085,
                    0.02829153649508953
                ],
                [
                    0.1966642141342163,
                    0.03512013703584671,
                    0.9798418283462524
                ]
            ],
            [
                [
                    0.9211041927337646,
                    -0.31226202845573425,
                    0.232506662607193
                ],
                [
                    0.31171873211860657,
                    0.9493295550346375,
                    0.04005969688296318
                ],
                [
                    -0.23323458433151245,
                    0.035577524453401566,
                    0.9717693328857422
                ]
            ],
            [
                [
                    0.9870990514755249,
                    -0.0442826971411705,
                    -0.15386514365673065
                ],
                [
                    0.03019275888800621,
                    0.9952331781387329,
                    -0.09273294359445572
                ],
                [
                    0.1572381556034088,
                    0.08689098805189133,
                    0.9837307333946228
                ]
            ],
            [
                [
                    0.46053826808929443,
                    0.7921746969223022,
                    -0.40045440196990967
                ],
                [
                    -0.8474307060241699,
                    0.5266351103782654,
                    0.06720590591430664
                ],
                [
                    0.26413223147392273,
                    0.30840644240379333,
                    0.9138488173484802
                ]
            ],
            [
                [
                    0.4672260582447052,
                    -0.7815600633621216,
                    0.41335657238960266
                ],
                [
                    0.8567216992378235,
                    0.5157346129417419,
                    0.006761356256902218
                ],
                [
                    -0.21846668422222137,
                    0.3509724736213684,
                    0.9105440974235535
                ]
            ],
            [
                [
                    -0.22843563556671143,
                    -0.44034549593925476,
                    -0.8682816028594971
                ],
                [
                    0.10748832672834396,
                    0.8750032782554626,
                    -0.47203338146209717
                ],
                [
                    0.9676070213317871,
                    -0.20115940272808075,
                    -0.15254993736743927
                ]
            ],
            [
                [
                    -0.2332470566034317,
                    0.4760342538356781,
                    0.8479312062263489
                ],
                [
                    -0.057998619973659515,
                    0.8636199235916138,
                    -0.5007961988449097
                ],
                [
                    -0.9706863760948181,
                    -0.16598805785179138,
                    -0.17382746934890747
                ]
            ],
            [
                [
                    0.9753067493438721,
                    -0.20960462093353271,
                    -0.06958889216184616
                ],
                [
                    0.21413111686706543,
                    0.974602222442627,
                    0.0655624270439148
                ],
                [
                    0.05407929793000221,
                    -0.07884462922811508,
                    0.9954190254211426
                ]
            ],
            [
                [
                    0.9713751673698425,
                    0.22013290226459503,
                    0.08928439021110535
                ],
                [
                    -0.2233424335718155,
                    0.9743496179580688,
                    0.027584843337535858
                ],
                [
                    -0.08092188835144043,
                    -0.046736229211091995,
                    0.9956240653991699
                ]
            ],
            [
                [
                    0.9726772904396057,
                    0.21602411568164825,
                    -0.08504332602024078
                ],
                [
                    -0.20766185224056244,
                    0.9733455777168274,
                    0.09733995795249939
                ],
                [
                    0.10380430519580841,
                    -0.07702012360095978,
                    0.991611123085022
                ]
            ],
            [
                [
                    0.9758661985397339,
                    -0.20614244043827057,
                    0.07204613089561462
                ],
                [
                    0.19769629836082458,
                    0.9741341471672058,
                    0.10944739729166031
                ],
                [
                    -0.09274435043334961,
                    -0.09256274253129959,
                    0.9913781881332397
                ]
            ]
        ],
        "betas": [
            -0.08665505051612854,
            0.02524903416633606,
            0.19094344973564148,
            0.1436750292778015,
            0.02440023422241211,
            0.0046022869646549225,
            -0.03697720170021057,
            -0.042390286922454834,
            0.07757344841957092,
            -0.07011616230010986
        ]
    },
    "pred_cam_t": [
        0.08390174806118011,
        0.1472364068031311,
        33.88148880004883
    ],
    "focal_length": [
        5000.0,
        5000.0
    ],
    "pred_keypoints_3d": [
        [
            -0.036925144493579865,
            -0.8498666286468506,
            -0.119933120906353
        ],
        [
            0.041025564074516296,
            -0.7295717597007751,
            0.011577747762203217
        ],
        [
            -0.13895057141780853,
            -0.6411134600639343,
            0.04184340685606003
        ],
        [
            -0.18248173594474792,
            -0.39195072650909424,
            0.035259805619716644
        ],
        [
            -0.0894709900021553,
            -0.462402880191803,
            -0.1897290050983429
        ],
        [
            0.20812445878982544,
            -0.628241777420044,
            -0.02873527631163597
        ],
        [
            0.22594712674617767,
            -0.37049195170402527,
            -0.05153306573629379
        ],
        [
            0.08724287152290344,
            -0.4632396996021271,
            -0.2341172695159912
        ],
        [
            -0.0018082810565829277,
            -0.22448118031024933,
            0.027893029153347015
        ],
        [
            -0.08066603541374207,
            -0.14411766827106476,
            0.03803611546754837
        ],
        [
            -0.23754137754440308,
            0.19669072329998016,
            -0.03316109627485275
        ],
        [
            -0.29147133231163025,
            0.5394656658172607,
            0.16078892350196838
        ],
        [
            0.05418265983462334,
            -0.12403974682092667,
            0.024434318765997887
        ],
        [
            0.05978773161768913,
            0.2417117953300476,
            -0.053177252411842346
        ],
        [
            0.015559881925582886,
            0.5506793260574341,
            0.19241970777511597
        ],
        [
            -0.045735832303762436,
            -0.8860794305801392,
            -0.07067853212356567
        ],
        [
            0.008630027994513512,
            -0.8891820311546326,
            -0.10886837542057037
        ],
        [
            -0.025179333984851837,
            -0.8629668951034546,
            0.02759442664682865
        ],
        [
            0.0954149067401886,
            -0.8686285018920898,
            -0.05597056448459625
        ],
        [
            0.0015309415757656097,
            0.6747114658355713,
            0.0368628203868866
        ],
        [
            0.06758593022823334,
            0.6688407063484192,
            0.08711123466491699
        ],
        [
            0.019991785287857056,
            0.5572188496589661,
            0.26051175594329834
        ],
        [
            -0.33723685145378113,
            0.6484798789024353,
            0.0019965767860412598
        ],
        [
            -0.39673447608947754,
            0.6246296167373657,
            0.061051398515701294
        ],
        [
            -0.2859043478965759,
            0.5606087446212769,
            0.23066341876983643
        ],
        [
            -0.29739969968795776,
            0.48168355226516724,
            0.16821971535682678
        ],
        [
            -0.21595624089241028,
            0.13894206285476685,
            -0.03142155334353447
        ],
        [
            -0.13881297409534454,
            -0.2778358459472656,
            0.05820822715759277
        ],
        [
            0.14801229536533356,
            -0.22007596492767334,
            0.03591542690992355
        ],
        [
            0.07265184819698334,
            0.2023804783821106,
            -0.05293412134051323
        ],
        [
            0.029803970828652382,
            0.5098812580108643,
            0.19594641029834747
        ],
        [
            -0.08496137708425522,
            -0.4843013286590576,
            -0.15619753301143646
        ],
        [
            -0.2062768042087555,
            -0.42693614959716797,
            0.012912831269204617
        ],
        [
            -0.10323115438222885,
            -0.6701327562332153,
            0.04080618545413017
        ],
        [
            0.18279515206813812,
            -0.660129725933075,
            -0.01761171780526638
        ],
        [
            0.24957768619060516,
            -0.40815478563308716,
            -0.0807826817035675
        ],
        [
            0.10301315039396286,
            -0.47567644715309143,
            -0.21874725818634033
        ],
        [
            0.040250714868307114,
            -0.7211443781852722,
            0.0006238962523639202
        ],
        [
            0.029505649581551552,
            -0.9198631644248962,
            -0.023227941244840622
        ],
        [
            0.00519303185865283,
            -0.24919408559799194,
            0.04675757884979248
        ],
        [
            0.037685543298721313,
            -0.6626070141792297,
            0.009251466020941734
        ],
        [
            0.0348505899310112,
            -0.48855119943618774,
            0.04911588877439499
        ],
        [
            0.011140191927552223,
            -0.8155301213264465,
            -0.06506901234388351
        ],
        [
            0.03034941479563713,
            -0.9377979636192322,
            -0.011228585615754128
        ]
    ],
    "pred_vertices": [
        [
            0.019404107704758644,
            -0.9352755546569824,
            -0.11169441044330597
        ],
        [
            0.010584627278149128,
            -0.921880304813385,
            -0.11491997539997101
        ],
        [
            0.024829193949699402,
            -0.9178416728973389,
            -0.11467881500720978
        ],
        [
            0.034884974360466,
            -0.927436351776123,
            -0.108440101146698
        ],
        [
            0.017903007566928864,
            -0.9091271758079529,
            -0.11733193695545197
        ],
        [
            0.005772601813077927,
            -0.910987377166748,
            -0.11664843559265137
        ],
        [
            0.036053918302059174,
            -0.9108494520187378,
            -0.1106657087802887
        ],
        [
            0.04625263065099716,
            -0.9170953035354614,
            -0.10401985049247742
        ],
        [
            0.045720964670181274,
            -0.8748429417610168,
            -0.10714800655841827
        ],
        [
            0.05425398051738739,
            -0.8691773414611816,
            -0.10162428766489029
        ],
        [
            0.05395311489701271,
            -0.8812133073806763,
            -0.10224929451942444
        ],
        [
            0.04484676569700241,
            -0.8834292888641357,
            -0.1066262274980545
        ],
        [
            0.04675229638814926,
            -0.8484097719192505,
            -0.1061238944530487
        ],
        [
            0.03674393147230148,
            -0.839952826499939,
            -0.1104549765586853
        ],
        [
            0.043962448835372925,
            -0.8299825191497803,
            -0.10445664077997208
        ],
        [
            0.05335784703493118,
            -0.8378310203552246,
            -0.09883541613817215
        ],
        [
            -0.003309745341539383,
            -0.8552538156509399,
            -0.11072634160518646
        ],
        [
            0.0018232112051919103,
            -0.8487712144851685,
            -0.11363139748573303
        ],
        [
            0.005608307663351297,
            -0.8554612994194031,
            -0.11435249447822571
        ],
        [
            2.798321656882763e-05,
            -0.8610848784446716,
            -0.11090584099292755
        ],
        [
            -0.014036810025572777,
            -0.8650437593460083,
            -0.10953739285469055
        ],
        [
            -0.011241438798606396,
            -0.870169997215271,
            -0.10673477500677109
        ],
        [
            -0.017907172441482544,
            -0.8743607997894287,
            -0.10780435800552368
        ],
        [
            -0.02059749886393547,
            -0.8686690330505371,
            -0.11200839281082153
        ],
        [
            -0.007916584610939026,
            -0.8498042821884155,
            -0.10830914974212646
        ],
        [
            -0.0021505802869796753,
            -0.8431445360183716,
            -0.11114351451396942
        ],
        [
            -0.007986951619386673,
            -0.8608728647232056,
            -0.10872718691825867
        ],
        [
            -0.01070231944322586,
            -0.856469988822937,
            -0.10997162759304047
        ],
        [
            -0.019064560532569885,
            -0.8513765931129456,
            -0.11744610965251923
        ],
        [
            -0.01687556505203247,
            -0.8559547066688538,
            -0.11646929383277893
        ],
        [
            -0.023536603897809982,
            -0.8577514290809631,
            -0.12007346749305725
        ],
        [
            -0.024309387430548668,
            -0.8521472215652466,
            -0.11947547644376755
        ],
        [
            -0.011629209853708744,
            -0.8498786687850952,
            -0.11145363003015518
        ],
        [
            -0.012715657241642475,
            -0.8530542850494385,
            -0.11366894841194153
        ],
        [
            -0.016115278005599976,
            -0.8495361804962158,
            -0.11466951668262482
        ],
        [
            -0.015506286174058914,
            -0.8470931053161621,
            -0.1114911139011383
        ],
        [
            -0.016230663284659386,
            -0.8611125946044922,
            -0.11188099533319473
        ],
        [
            -0.02244148589670658,
            -0.8636552691459656,
            -0.11577151715755463
        ],
        [
            -0.029605181887745857,
            -0.8657828569412231,
            -0.1192735806107521
        ],
        [
            -0.03079342097043991,
            -0.8579104542732239,
            -0.12349315732717514
        ],
        [
            0.014683660119771957,
            -0.8349012136459351,
            -0.1150297224521637
        ],
        [
            0.008042410016059875,
            -0.8421680927276611,
            -0.11545343697071075
        ],
        [
            0.003712487407028675,
            -0.8370746374130249,
            -0.11330617964267731
        ],
        [
            0.009287623688578606,
            -0.8314043283462524,
            -0.11381928622722626
        ],
        [
            -0.01245129108428955,
            -0.8435975909233093,
            -0.1096571534872055
        ],
        [
            -0.009252986870706081,
            -0.8279993534088135,
            -0.1130635067820549
        ],
        [
            -0.009206993505358696,
            -0.8317693471908569,
            -0.11316884309053421
        ],
        [
            -0.01646631956100464,
            -0.8328598737716675,
            -0.1131046712398529
        ],
        [
            -0.015891671180725098,
            -0.8293507695198059,
            -0.11324893683195114
        ],
        [
            0.023558437824249268,
            -0.8197727203369141,
            -0.11121977865695953
        ],
        [
            0.016343817114830017,
            -0.8190516233444214,
            -0.11207832396030426
        ],
        [
            0.018186703324317932,
            -0.8118206262588501,
            -0.11063294857740402
        ],
        [
            0.025563206523656845,
            -0.8110136985778809,
            -0.10852058231830597
        ],
        [
            0.016921188682317734,
            -0.80572110414505,
            -0.10913461446762085
        ],
        [
            0.026409441605210304,
            -0.8026270270347595,
            -0.1057293638586998
        ],
        [
            0.018992919474840164,
            -0.7882881164550781,
            -0.1021258756518364
        ],
        [
            0.022970907390117645,
            -0.7944860458374023,
            -0.10383905470371246
        ],
        [
            0.013593409210443497,
            -0.7999950051307678,
            -0.10795900225639343
        ],
        [
            0.007427818141877651,
            -0.7951110005378723,
            -0.10824501514434814
        ],
        [
            -0.007422967813909054,
            -0.800450325012207,
            -0.10877585411071777
        ],
        [
            -0.013890458270907402,
            -0.799174964427948,
            -0.10818929970264435
        ],
        [
            -0.008611634373664856,
            -0.7869666814804077,
            -0.10966597497463226
        ],
        [
            -0.0011177295818924904,
            -0.7902665734291077,
            -0.10936740040779114
        ],
        [
            -0.00731172040104866,
            -0.8219027519226074,
            -0.10969612747430801
        ],
        [
            -0.0024593924172222614,
            -0.8218330144882202,
            -0.1093095988035202
        ],
        [
            -0.003503052517771721,
            -0.8234995603561401,
            -0.1112913191318512
        ],
        [
            -0.00873586442321539,
            -0.8248008489608765,
            -0.11185335367918015
        ],
        [
            0.001483360305428505,
            -0.8215003609657288,
            -0.10956279933452606
        ],
        [
            0.003240987192839384,
            -0.8212165832519531,
            -0.10978171229362488
        ],
        [
            0.0024009267799556255,
            -0.8225980997085571,
            -0.11062231659889221
        ],
        [
            0.0010191568871960044,
            -0.822400689125061,
            -0.109951913356781
        ],
        [
            -0.0009353209752589464,
            -0.8220643997192383,
            -0.10948475450277328
        ],
        [
            -0.001939617097377777,
            -0.8201709985733032,
            -0.10948026180267334
        ],
        [
            0.0005262503400444984,
            -0.8207443952560425,
            -0.1096062883734703
        ],
        [
            -0.0064253052696585655,
            -0.8195239305496216,
            -0.11007670313119888
        ],
        [
            -0.021037980914115906,
            -0.8173402547836304,
            -0.11062493175268173
        ],
        [
            -0.017237816005945206,
            -0.8180272579193115,
            -0.11125501990318298
        ],
        [
            -0.018002212047576904,
            -0.822269856929779,
            -0.10932877659797668
        ],
        [
            -0.021256564185023308,
            -0.8219698667526245,
            -0.10883206874132156
        ],
        [
            0.0001830423716455698,
            -0.8245322704315186,
            -0.11120090633630753
        ],
        [
            0.0023943933192640543,
            -0.8261305093765259,
            -0.11194583773612976
        ],
        [
            -0.0026220197323709726,
            -0.8290400505065918,
            -0.11276909708976746
        ],
        [
            -0.003259102115407586,
            -0.8262518644332886,
            -0.111806720495224
        ],
        [
            0.004716060124337673,
            -0.8281108140945435,
            -0.11311464011669159
        ],
        [
            0.004621547646820545,
            -0.8238028883934021,
            -0.11116722971200943
        ],
        [
            0.007722780108451843,
            -0.824378490447998,
            -0.11228780448436737
        ],
        [
            0.002817535540089011,
            -0.819452166557312,
            -0.10965768992900848
        ],
        [
            0.005810929462313652,
            -0.817670464515686,
            -0.10996732115745544
        ],
        [
            0.005733267404139042,
            -0.8204006552696228,
            -0.11091424524784088
        ],
        [
            0.003998682834208012,
            -0.8144571185112,
            -0.10945086926221848
        ],
        [
            0.00022966810502111912,
            -0.8176312446594238,
            -0.10940443724393845
        ],
        [
            -0.004190824460238218,
            -0.8159855604171753,
            -0.11003522574901581
        ],
        [
            -0.009950701147317886,
            -0.8145574331283569,
            -0.11078016459941864
        ],
        [
            -0.006212530191987753,
            -0.8095062971115112,
            -0.10985830426216125
        ],
        [
            -0.00031467597000300884,
            -0.8116576671600342,
            -0.10959284007549286
        ],
        [
            -0.0002396663185209036,
            -0.8327037692070007,
            -0.11295485496520996
        ],
        [
            0.010285623371601105,
            -0.8197146654129028,
            -0.11147867888212204
        ],
        [
            0.013247277587652206,
            -0.8262213468551636,
            -0.11275095492601395
        ],
        [
            0.010822239331901073,
            -0.8148126602172852,
            -0.11075112223625183
        ],
        [
            0.009357484057545662,
            -0.8102108836174011,
            -0.10970659554004669
        ],
        [
            0.005357048008590937,
            -0.8061514496803284,
            -0.1091330349445343
        ],
        [
            -0.0008554542437195778,
            -0.8030361533164978,
            -0.10901840031147003
        ],
        [
            -0.0003292836481705308,
            -0.7772791385650635,
            -0.10180395096540451
        ],
        [
            0.008641527965664864,
            -0.7820165157318115,
            -0.10249699652194977
        ],
        [
            0.005315644666552544,
            -0.9030758142471313,
            -0.11401672661304474
        ],
        [
            0.01414533331990242,
            -0.9023458957672119,
            -0.1164805218577385
        ],
        [
            0.016918573528528214,
            -0.8942168354988098,
            -0.11322501301765442
        ],
        [
            0.018293965607881546,
            -0.8968393802642822,
            -0.11383064836263657
        ],
        [
            0.012389447540044785,
            -0.8980337381362915,
            -0.11380945146083832
        ],
        [
            0.01225337851792574,
            -0.8952901363372803,
            -0.11295672506093979
        ],
        [
            0.03638272359967232,
            -0.8859890699386597,
            -0.10809594392776489
        ],
        [
            0.02986762300133705,
            -0.8880691528320312,
            -0.10936832427978516
        ],
        [
            0.030933331698179245,
            -0.8841140270233154,
            -0.10855025053024292
        ],
        [
            0.03803935647010803,
            -0.8793662786483765,
            -0.10876912623643875
        ],
        [
            0.020696304738521576,
            -0.8769175410270691,
            -0.1109984815120697
        ],
        [
            0.026095125824213028,
            -0.8780530095100403,
            -0.11038853973150253
        ],
        [
            0.021434661000967026,
            -0.8849442005157471,
            -0.11028486490249634
        ],
        [
            0.017476538196206093,
            -0.8841663599014282,
            -0.11075820028781891
        ],
        [
            0.013222262263298035,
            -0.8837725520133972,
            -0.11056052148342133
        ],
        [
            0.00897151418030262,
            -0.8836970329284668,
            -0.10940735042095184
        ],
        [
            0.009398933500051498,
            -0.878315806388855,
            -0.10939545929431915
        ],
        [
            0.014713117852807045,
            -0.8773571848869324,
            -0.11064203083515167
        ],
        [
            0.006145330611616373,
            -0.8991857767105103,
            -0.11110352724790573
        ],
        [
            0.00014165369793772697,
            -0.8981918692588806,
            -0.10718260705471039
        ],
        [
            0.001616508699953556,
            -0.8951793909072876,
            -0.10752251744270325
        ],
        [
            0.00646389601752162,
            -0.8960020542144775,
            -0.11117549985647202
        ],
        [
            -0.004426669329404831,
            -0.8879475593566895,
            -0.09849809110164642
        ],
        [
            -0.0038618529215455055,
            -0.8905113935470581,
            -0.0998467206954956
        ],
        [
            -0.007460439577698708,
            -0.8918830156326294,
            -0.09886478632688522
        ],
        [
            -0.00790710374712944,
            -0.8873505592346191,
            -0.09801192581653595
        ],
        [
            -0.006130879744887352,
            -0.8844286799430847,
            -0.09962908923625946
        ],
        [
            -0.00365492794662714,
            -0.8863773345947266,
            -0.09975459426641464
        ],
        [
            0.012911099009215832,
            -0.9566075801849365,
            -0.10293637216091156
        ],
        [
            0.0044722589664161205,
            -0.9403170347213745,
            -0.10976594686508179
        ],
        [
            0.032785821706056595,
            -0.9489279985427856,
            -0.10151410102844238
        ],
        [
            0.04629892110824585,
            -0.9377255439758301,
            -0.0981333777308464
        ],
        [
            0.05724088102579117,
            -0.9233496189117432,
            -0.09555146098136902
        ],
        [
            0.03331569582223892,
            -0.8236286044120789,
            -0.10864321887493134
        ],
        [
            0.03766358643770218,
            -0.8140832185745239,
            -0.10458026826381683
        ],
        [
            0.05063445866107941,
            -0.8205606937408447,
            -0.0980948805809021
        ],
        [
            0.05159350484609604,
            -0.8096234798431396,
            -0.09318232536315918
        ],
        [
            0.03839845210313797,
            -0.803315281867981,
            -0.10071143507957458
        ],
        [
            0.028967631980776787,
            -0.7843422889709473,
            -0.09194626659154892
        ],
        [
            0.03540050983428955,
            -0.7927660942077637,
            -0.09641197323799133
        ],
        [
            0.05040552467107773,
            -0.7990929484367371,
            -0.08564326912164688
        ],
        [
            0.06430226564407349,
            -0.8106208443641663,
            -0.07582434266805649
        ],
        [
            0.06283916532993317,
            -0.8185088634490967,
            -0.08500397205352783
        ],
        [
            0.07439297437667847,
            -0.8250598311424255,
            -0.06638894230127335
        ],
        [
            0.06700573861598969,
            -0.8017182350158691,
            -0.06310062110424042
        ],
        [
            0.077077716588974,
            -0.8229781985282898,
            -0.05731434375047684
        ],
        [
            0.05594591051340103,
            -0.7631683349609375,
            -0.058795731514692307
        ],
        [
            0.06109074503183365,
            -0.7508941888809204,
            -0.05506696552038193
        ],
        [
            0.07559003680944443,
            -0.7579920291900635,
            -0.04719912260770798
        ],
        [
            0.07191962003707886,
            -0.7699921131134033,
            -0.052121564745903015
        ],
        [
            0.05949826538562775,
            -0.827582836151123,
            -0.09188432991504669
        ],
        [
            0.05993906408548355,
            -0.8912128210067749,
            -0.09602043777704239
        ],
        [
            0.05025551840662956,
            -0.8917238116264343,
            -0.10352469980716705
        ],
        [
            0.06335009634494781,
            -0.8780640363693237,
            -0.09461133182048798
        ],
        [
            0.07355832308530807,
            -0.9494774341583252,
            -0.07632587850093842
        ],
        [
            0.05927269533276558,
            -0.9458216428756714,
            -0.0886090099811554
        ],
        [
            0.0686986893415451,
            -0.9301502108573914,
            -0.08778686821460724
        ],
        [
            0.08060353994369507,
            -0.9353797435760498,
            -0.07638402283191681
        ],
        [
            0.046267032623291016,
            -0.9836788773536682,
            -0.06621895730495453
        ],
        [
            0.030092502012848854,
            -0.9729728698730469,
            -0.08634531497955322
        ],
        [
            0.04415767267346382,
            -0.9611542224884033,
            -0.08768834173679352
        ],
        [
            0.05894208699464798,
            -0.9692023992538452,
            -0.07221671938896179
        ],
        [
            0.08911734819412231,
            -0.9357499480247498,
            -0.06581685692071915
        ],
        [
            0.10014758259057999,
            -0.9354294538497925,
            -0.05026081204414368
        ],
        [
            0.10070842504501343,
            -0.950760006904602,
            -0.04120168089866638
        ],
        [
            0.0868619903922081,
            -0.9527997374534607,
            -0.05923348292708397
        ],
        [
            0.09423739463090897,
            -0.9694455862045288,
            -0.02754940837621689
        ],
        [
            0.077695332467556,
            -0.9727154970169067,
            -0.04914648458361626
        ],
        [
            0.08131155371665955,
            -0.8084163665771484,
            -0.047304168343544006
        ],
        [
            0.08408316969871521,
            -0.8268828392028809,
            -0.046149641275405884
        ],
        [
            0.0670744776725769,
            -0.7847724556922913,
            -0.05779200792312622
        ],
        [
            0.08075801283121109,
            -0.7918332815170288,
            -0.046072062104940414
        ],
        [
            0.08167878538370132,
            -0.983394980430603,
            -0.01247018575668335
        ],
        [
            0.06364277005195618,
            -0.9886680841445923,
            -0.03860192745923996
        ],
        [
            0.11663717031478882,
            -0.9095281958580017,
            -0.00497087836265564
        ],
        [
            0.11533305794000626,
            -0.9280842542648315,
            -0.011826347559690475
        ],
        [
            0.11122232675552368,
