{
    "pred_cam": [
        1.5926597118377686,
        0.21234729886054993,
        0.32234856486320496
    ],
    "pred_smpl_params": {
        "global_orient": [
            [
                [
                    -0.6627634763717651,
                    0.01565873809158802,
                    -0.7486650347709656
                ],
                [
                    0.21782991290092468,
                    -0.9525145292282104,
                    -0.21275854110717773
                ],
                [
                    -0.7164458632469177,
                    -0.3040902316570282,
                    0.627880871295929
                ]
            ]
        ],
        "body_pose": [
            [
                [
                    0.9987398386001587,
                    -0.0156879723072052,
                    0.047670572996139526
                ],
                [
                    0.0010093266610056162,
                    0.9559720158576965,
                    0.29345595836639404
                ],
                [
                    -0.050175465643405914,
                    -0.29303810000419617,
                    0.9547831416130066
                ]
            ],
            [
                [
                    0.9906650185585022,
                    -0.0004440789925865829,
                    -0.13631847500801086
                ],
                [
                    0.027384314686059952,
                    0.9802582263946533,
                    0.1958162635564804
                ],
                [
                    0.1335403472185135,
                    -0.19772128760814667,
                    0.9711197018623352
                ]
            ],
            [
                [
                    0.9972601532936096,
                    0.016011308878660202,
                    0.0722205638885498
                ],
                [
                    0.009551121853291988,
                    0.9402533769607544,
                    -0.34034132957458496
                ],
                [
                    -0.07335494458675385,
                    0.34009864926338196,
                    0.9375243186950684
                ]
            ],
            [
                [
                    0.9875844120979309,
                    0.14660510420799255,
                    0.056427251547575
                ],
                [
                    -0.1309579461812973,
                    0.9667388200759888,
                    -0.21969547867774963
                ],
                [
                    -0.08675888925790787,
                    0.20957821607589722,
                    0.9739353060722351
                ]
            ],
            [
                [
                    0.9816698431968689,
                    -0.1711113005876541,
                    -0.08393543213605881
                ],
                [
                    0.1182708591222763,
                    0.8922675848007202,
                    -0.4357411563396454
                ],
                [
                    0.14945311844348907,
                    0.41782689094543457,
                    0.8961496353149414
                ]
            ],
            [
                [
                    0.9987016916275024,
                    0.0025726130697876215,
                    0.05087592080235481
                ],
                [
                    -0.00095188501290977,
                    0.9994921088218689,
                    -0.03185509145259857
                ],
                [
                    -0.05093202739953995,
                    0.03176530450582504,
                    0.9981968998908997
                ]
            ],
            [
                [
                    0.9809067845344543,
                    0.008894737809896469,
                    0.19427530467510223
                ],
                [
                    -0.005107317119836807,
                    0.9997871518135071,
                    -0.019987620413303375
                ],
                [
                    -0.1944117546081543,
                    0.018613774329423904,
                    0.980743408203125
                ]
            ],
            [
                [
                    0.9771434664726257,
                    0.041748788207769394,
                    -0.20844106376171112
                ],
                [
                    -0.023809736594557762,
                    0.9958497285842896,
                    0.08784254640340805
                ],
                [
                    0.21124331653118134,
                    -0.08087184280157089,
                    0.9740821123123169
                ]
            ],
            [
                [
                    0.999376118183136,
                    -0.0013424326898530126,
                    0.03529241308569908
                ],
                [
                    0.0031098222825676203,
                    0.9987407922744751,
                    -0.050071507692337036
                ],
                [
                    -0.03518075495958328,
                    0.05015002563595772,
                    0.9981218576431274
                ]
            ],
            [
                [
                    0.9944028854370117,
                    -0.07867413759231567,
                    0.07052232325077057
                ],
                [
                    0.0784527137875557,
                    0.9969003796577454,
                    0.005908836144953966
                ],
                [
                    -0.07076859474182129,
                    -0.00034309824695810676,
                    0.997492790222168
                ]
            ],
            [
                [
                    0.9990978240966797,
                    0.021460406482219696,
                    0.03664831817150116
                ],
                [
                    -0.021760987117886543,
                    0.9997325539588928,
                    0.007822554558515549
                ],
                [
                    -0.03647064417600632,
                    -0.008612999692559242,
                    0.9992976188659668
                ]
            ],
            [
                [
                    0.951321005821228,
                    -0.05315588042140007,
                    0.3035835027694702
                ],
                [
                    0.05995972082018852,
                    0.9981144666671753,
                    -0.013127499260008335
                ],
                [
                    -0.30231329798698425,
                    0.030691247433423996,
                    0.9527144432067871
                ]
            ],
            [
                [
                    0.9054542779922485,
                    0.30496832728385925,
                    -0.29520657658576965
                ],
                [
                    -0.2860114872455597,
                    0.9522866010665894,
                    0.10652521252632141
                ],
                [
                    0.3136080801486969,
                    -0.01202123612165451,
                    0.949476420879364
                ]
            ],
            [
                [
                    0.8762279748916626,
                    -0.36439549922943115,
                    0.3153417706489563
                ],
                [
                    0.3638172447681427,
                    0.929338812828064,
                    0.06297942250967026
                ],
                [
                    -0.3160087466239929,
                    0.05954242870211601,
                    0.9468860030174255
                ]
            ],
            [
                [
                    0.9838693141937256,
                    0.09232458472251892,
                    0.1532229781150818
                ],
                [
                    -0.04154091328382492,
                    0.9510276913642883,
                    -0.30630141496658325
                ],
                [
                    -0.17399847507476807,
                    0.2949955463409424,
                    0.9395222067832947
                ]
            ],
            [
                [
                    0.7302265763282776,
                    0.5970673561096191,
                    -0.33208397030830383
                ],
                [
                    -0.5811165571212769,
                    0.7984039187431335,
                    0.15765376389026642
                ],
                [
                    0.35926708579063416,
                    0.07785651087760925,
                    0.9299814701080322
                ]
            ],
            [
                [
                    0.5313293933868408,
                    -0.7632018327713013,
                    0.3677119314670563
                ],
                [
                    0.7658849954605103,
                    0.6182622909545898,
                    0.176555797457695
                ],
                [
                    -0.3620901107788086,
                    0.18781577050685883,
                    0.9130257368087769
                ]
            ],
            [
                [
                    0.9326027631759644,
                    -0.05008656531572342,
                    -0.3574122190475464
                ],
                [
                    0.07858172804117203,
                    0.9947440028190613,
                    0.06564463675022125
                ],
                [
                    0.3522457778453827,
                    -0.08930642157793045,
                    0.9316368699073792
                ]
            ],
            [
                [
                    0.8722458481788635,
                    0.14071248471736908,
                    0.46838781237602234
                ],
                [
                    -0.14760681986808777,
                    0.9887975454330444,
                    -0.022175457328557968
                ],
                [
                    -0.46626102924346924,
                    -0.04979477822780609,
                    0.8832446932792664
                ]
            ],
            [
                [
                    0.9974666833877563,
                    -0.07059154659509659,
                    0.008780024945735931
                ],
                [
                    0.07087662070989609,
                    0.9967578053474426,
                    -0.03808455541729927
                ],
                [
                    -0.00606310972943902,
                    0.03861037269234657,
                    0.999235987663269
                ]
            ],
            [
                [
                    0.9998721480369568,
                    0.015389534644782543,
                    0.00433725118637085
                ],
                [
                    -0.015777047723531723,
                    0.9936481714248657,
                    0.1114201694726944
                ],
                [
                    -0.002594997873529792,
                    -0.11147435754537582,
                    0.9937639236450195
                ]
            ],
            [
                [
                    0.9831758141517639,
                    0.1526859551668167,
                    -0.10026079416275024
                ],
                [
                    -0.13422934710979462,
                    0.9761966466903687,
                    0.17036016285419464
                ],
                [
                    0.12388584762811661,
                    -0.15403607487678528,
                    0.9802678823471069
                ]
            ],
            [
                [
                    0.9763925671577454,
                    -0.17999286949634552,
                    0.11941549926996231
                ],
                [
                    0.16236276924610138,
                    0.9761898517608643,
                    0.14384576678276062
                ],
                [
                    -0.14246341586112976,
                    -0.121061310172081,
                    0.9823686480522156
                ]
            ]
        ],
        "betas": [
            -0.23963364958763123,
            -0.2157251536846161,
            -0.0408969521522522,
            0.38201892375946045,
            0.19572637975215912,
            -0.05414506047964096,
            -0.020933717489242554,
            -0.057127177715301514,
            0.02334509789943695,
            -0.03032064437866211
        ]
    },
    "pred_cam_t": [
        0.21234729886054993,
        0.32234856486320496,
        24.526582717895508
    ],
    "focal_length": [
        5000.0,
        5000.0
    ],
    "pred_keypoints_3d": [
        [
            -0.2639170289039612,
            -0.745221734046936,
            -0.024066204205155373
        ],
        [
            -0.08279315382242203,
            -0.7086519002914429,
            -0.053807131946086884
        ],
        [
            0.022563979029655457,
            -0.6438741087913513,
            0.11096829175949097
        ],
        [
            0.031907275319099426,
            -0.4066081643104553,
            0.1888616383075714
        ],
        [
            -0.09017017483711243,
            -0.22252333164215088,
            0.3064609467983246
        ],
        [
            -0.17231862246990204,
            -0.5799736380577087,
            -0.17727583646774292
        ],
        [
            -0.2600528597831726,
            -0.3394639492034912,
            -0.18240872025489807
        ],
        [
            -0.4157673716545105,
            -0.16470971703529358,
            -0.11172811686992645
        ],
        [
            -0.0018881605938076973,
            -0.22434595227241516,
            0.028245020657777786
        ],
        [
            0.04464258626103401,
            -0.15272101759910583,
            0.10123607516288757
        ],
        [
            0.01680104434490204,
            0.17761299014091492,
            0.2760830819606781
        ],
        [
            0.024227548390626907,
            0.5646294355392456,
            0.23182621598243713
        ],
        [
            -0.04422175511717796,
            -0.12151066213846207,
            0.001921180635690689
        ],
        [
            -0.15072329342365265,
            0.1993657946586609,
            0.1446341574192047
        ],
        [
            -0.10383290797472,
            0.5492902398109436,
            0.3086179196834564
        ],
        [
            -0.24935327470302582,
            -0.7966699004173279,
            0.005148928612470627
        ],
        [
            -0.2586161494255066,
            -0.7933287620544434,
            -0.06065983325242996
        ],
        [
            -0.15301789343357086,
            -0.8301321268081665,
            0.03337540104985237
        ],
        [
            -0.17623862624168396,
            -0.8229506611824036,
            -0.11303643882274628
        ],
        [
            -0.27593883872032166,
            0.5697619915008545,
            0.41038253903388977
        ],
        [
            -0.25806427001953125,
            0.6071913838386536,
            0.3383614122867584
        ],
        [
            -0.05285917967557907,
            0.5928155779838562,
            0.2946418523788452
        ],
        [
            -0.06678417325019836,
            0.5997849702835083,
            0.4026912450790405
        ],
        [
            0.020360440015792847,
            0.6078837513923645,
            0.3970572054386139
        ],
        [
            0.05179866403341293,
            0.6096165180206299,
            0.18555259704589844
        ],
        [
            0.05747436732053757,
            0.5143734216690063,
            0.22010934352874756
        ],
        [
            0.02091999351978302,
            0.11683633923530579,
            0.25448665022850037
        ],
        [
            0.10671794414520264,
            -0.2837707996368408,
            0.11609780043363571
        ],
        [
            -0.07606404274702072,
            -0.20217794179916382,
            -0.1007811576128006
        ],
        [
            -0.1501162350177765,
            0.16449949145317078,
            0.11840718239545822
        ],
        [
            -0.08721043169498444,
            0.5272461175918579,
            0.2754439413547516
        ],
        [
            -0.10811828076839447,
            -0.2528955638408661,
            0.2987319827079773
        ],
        [
            0.024527212604880333,
            -0.43439674377441406,
            0.21618865430355072
        ],
        [
            0.00037609972059726715,
            -0.6688940525054932,
            0.07691244781017303
        ],
        [
            -0.15683415532112122,
            -0.6175505518913269,
            -0.17058077454566956
        ],
        [
            -0.29263049364089966,
            -0.37383395433425903,
            -0.1926003247499466
        ],
        [
            -0.4228447675704956,
            -0.18336085975170135,
            -0.11226120591163635
        ],
        [
            -0.08902063965797424,
            -0.6967599391937256,
            -0.04917436093091965
        ],
        [
            -0.20405472815036774,
            -0.8660145998001099,
            -0.04032023996114731
        ],
        [
            0.015045125037431717,
            -0.24309141933918,
            0.007118011824786663
        ],
        [
            -0.07668544352054596,
            -0.6411348581314087,
            -0.043869733810424805
        ],
        [
            -0.006410541944205761,
            -0.4803580641746521,
            -0.04310793802142143
        ],
        [
            -0.18510785698890686,
            -0.7533673644065857,
            -0.040206100791692734
        ],
        [
            -0.20435656607151031,
            -0.8863698244094849,
            -0.03790740668773651
        ]
    ],
    "pred_vertices": [
        [
            -0.2817387878894806,
            -0.8354049921035767,
            -0.07126527279615402
        ],
        [
            -0.2806019186973572,
            -0.8196778297424316,
            -0.06449391692876816
        ],
        [
            -0.2721385657787323,
            -0.8199812173843384,
            -0.07641597092151642
        ],
        [
            -0.26962870359420776,
            -0.8332054615020752,
            -0.08321236073970795
        ],
        [
            -0.27311551570892334,
            -0.8089977502822876,
            -0.072152279317379
        ],
        [
            -0.2781926989555359,
            -0.8080081939697266,
            -0.061500415205955505
        ],
        [
            -0.261355996131897,
            -0.8183858394622803,
            -0.0847744345664978
        ],
        [
            -0.2560296058654785,
            -0.8288044929504395,
            -0.09144243597984314
        ],
        [
            -0.23604029417037964,
            -0.7905988693237305,
            -0.09224304556846619
        ],
        [
            -0.22665253281593323,
            -0.7904968857765198,
            -0.09779305756092072
        ],
        [
            -0.23342818021774292,
            -0.8010914325714111,
            -0.09693291783332825
        ],
        [
            -0.24087876081466675,
            -0.7984204292297363,
            -0.09074900299310684
        ],
        [
            -0.22180835902690887,
            -0.7688370943069458,
            -0.09170457720756531
        ],
        [
            -0.22426699101924896,
            -0.757360577583313,
            -0.08457127213478088
        ],
        [
            -0.21220804750919342,
            -0.7532829642295837,
            -0.08808418363332748
        ],
        [
            -0.20829354226589203,
            -0.7649039030075073,
            -0.09425957500934601
        ],
        [
            -0.24662092328071594,
            -0.7614743709564209,
            -0.04985705018043518
        ],
        [
            -0.24350717663764954,
            -0.7557848691940308,
            -0.0552474781870842
        ],
        [
            -0.24619626998901367,
            -0.7619357109069824,
            -0.059192076325416565
        ],
        [
            -0.2485685497522354,
            -0.7670919895172119,
            -0.05312380939722061
        ],
        [
            -0.2552642226219177,
            -0.7681055068969727,
            -0.04024071618914604
        ],
        [
            -0.2548799216747284,
            -0.7743894457817078,
            -0.041756704449653625
        ],
        [
            -0.2606578767299652,
            -0.7758320569992065,
            -0.03643127158284187
        ],
        [
            -0.26171842217445374,
            -0.7684606313705444,
            -0.03563158959150314
        ],
        [
            -0.24371743202209473,
            -0.7569050192832947,
            -0.04454820230603218
        ],
        [
            -0.2402172088623047,
            -0.7512245178222656,
            -0.05023937672376633
        ],
        [
            -0.24981781840324402,
            -0.7661377191543579,
            -0.045154470950365067
        ],
        [
            -0.2497015744447708,
            -0.761335015296936,
            -0.04303816333413124
        ],
        [
            -0.2561837434768677,
            -0.75160151720047,
            -0.038943447172641754
        ],
        [
            -0.2571526765823364,
            -0.7563785910606384,
            -0.04069065675139427
        ],
        [
            -0.2633971571922302,
            -0.7545859813690186,
            -0.03665483370423317
        ],
        [
            -0.260179340839386,
            -0.7499357461929321,
            -0.03536008298397064
        ],
        [
            -0.24780628085136414,
            -0.7547349333763123,
            -0.043000079691410065
        ],
        [
            -0.25169074535369873,
            -0.756232738494873,
            -0.043232161551713943
        ],
        [
            -0.2518542408943176,
            -0.7519938945770264,
            -0.040495626628398895
        ],
        [
            -0.247847318649292,
            -0.7514235973358154,
            -0.039368607103824615
        ],
        [
            -0.2558642625808716,
            -0.7630816698074341,
            -0.0394926443696022
        ],
        [
            -0.26277485489845276,
            -0.761888861656189,
            -0.03583945333957672
        ],
        [
            -0.2692030072212219,
            -0.760330319404602,
            -0.03105076029896736
        ],
        [
            -0.2686353623867035,
            -0.7515184283256531,
            -0.03128311410546303
        ],
        [
            -0.23333320021629333,
            -0.7458360195159912,
            -0.06655396521091461
        ],
        [
            -0.23939819633960724,
            -0.7505308389663696,
            -0.06138069927692413
        ],
        [
            -0.23686277866363525,
            -0.7462230920791626,
            -0.05615910142660141
        ],
        [
            -0.23252937197685242,
            -0.7422076463699341,
            -0.061131637543439865
        ],
        [
            -0.24353349208831787,
            -0.7500734329223633,
            -0.040761929005384445
        ],
        [
            -0.23715539276599884,
            -0.7356685996055603,
            -0.04404448717832565
        ],
        [
            -0.23899346590042114,
            -0.7390307188034058,
            -0.04437609016895294
        ],
        [
            -0.24222588539123535,
            -0.7383747100830078,
            -0.038002461194992065
        ],
        [
            -0.24040521681308746,
            -0.7352696657180786,
            -0.038323234766721725
        ],
        [
            -0.21983665227890015,
            -0.7366461753845215,
            -0.07243303954601288
        ],
        [
            -0.2226644903421402,
            -0.7338693737983704,
            -0.06630656123161316
        ],
        [
            -0.21739017963409424,
            -0.7289209365844727,
            -0.06686075031757355
        ],
        [
            -0.21294048428535461,
            -0.7310452461242676,
            -0.07241351902484894
        ],
        [
            -0.2138226181268692,
            -0.7242777347564697,
            -0.06412653625011444
        ],
        [
            -0.2067982256412506,
            -0.7255328893661499,
            -0.07091708481311798
        ],
        [
            -0.1995871663093567,
            -0.7130470275878906,
            -0.06130670756101608
        ],
        [
            -0.20269830524921417,
            -0.7186799049377441,
            -0.06623727828264236
        ],
        [
            -0.21119409799575806,
            -0.7193024158477783,
            -0.05991054326295853
        ],
        [
            -0.210850328207016,
            -0.7135818004608154,
            -0.054084405303001404
        ],
        [
            -0.21877019107341766,
            -0.714739978313446,
            -0.04197801277041435
        ],
        [
            -0.2198183238506317,
            -0.7128021121025085,
            -0.03593287989497185
        ],
        [
            -0.21299362182617188,
            -0.7026838064193726,
            -0.04021055996417999
        ],
        [
            -0.2121066451072693,
            -0.7070241570472717,
            -0.046772681176662445
        ],
        [
            -0.23055142164230347,
            -0.7322952747344971,
            -0.04387464374303818
        ],
        [
            -0.2286016047000885,
            -0.7333464026451111,
            -0.048094380646944046
        ],
        [
            -0.23132449388504028,
            -0.7336056232452393,
            -0.04823746904730797
        ],
        [
            -0.23419693112373352,
            -0.7333958148956299,
            -0.04386661946773529
        ],
        [
            -0.2272966504096985,
            -0.7337378263473511,
            -0.05193307250738144
        ],
        [
            -0.22670364379882812,
            -0.7337826490402222,
            -0.05364295095205307
        ],
        [
            -0.2283400595188141,
            -0.7343666553497314,
            -0.053367726504802704
        ],
        [
            -0.2281164526939392,
            -0.7341429591178894,
            -0.052046798169612885
        ],
        [
            -0.2282734215259552,
            -0.7336652874946594,
            -0.049983177334070206
        ],
        [
            -0.2275809496641159,
            -0.7319010496139526,
            -0.048788346350193024
        ],
        [
            -0.2272712141275406,
            -0.7328687906265259,
            -0.05094100534915924
        ],
        [
            -0.22928747534751892,
            -0.730096697807312,
            -0.044981181621551514
        ],
        [
            -0.2338612973690033,
            -0.7253431081771851,
            -0.03179877996444702
        ],
        [
            -0.23321887850761414,
            -0.7260714769363403,
            -0.035555869340896606
        ],
        [
            -0.23410142958164215,
            -0.730513334274292,
            -0.03431105613708496
        ],
        [
            -0.2347983419895172,
            -0.7301746606826782,
            -0.0311578456312418
        ],
        [
            -0.23066845536231995,
            -0.7353381514549255,
            -0.05185709148645401
        ],
        [
            -0.2311246395111084,
            -0.7368546724319458,
            -0.054048385471105576
        ],
        [
            -0.23487889766693115,
            -0.7379962205886841,
            -0.05005107820034027
        ],
        [
            -0.23305755853652954,
            -0.7358005046844482,
            -0.04885164648294449
        ],
        [
            -0.23202718794345856,
            -0.7385774850845337,
            -0.056981176137924194
        ],
        [
            -0.2285747528076172,
            -0.7356747388839722,
            -0.055690959095954895
        ],
        [
            -0.2287217378616333,
            -0.736531138420105,
            -0.058858439326286316
        ],
        [
            -0.2258129119873047,
            -0.7323253154754639,
            -0.052976250648498535
        ],
        [
            -0.2239946722984314,
            -0.7314959764480591,
            -0.055750612169504166
        ],
        [
            -0.2262047827243805,
            -0.7332684993743896,
            -0.056374259293079376
        ],
        [
            -0.22270864248275757,
            -0.7285300493240356,
            -0.05354958027601242
        ],
        [
            -0.22555705904960632,
            -0.7303389310836792,
            -0.05029808357357979
        ],
        [
            -0.2267720103263855,
            -0.7276453971862793,
            -0.0465058758854866
        ],
        [
            -0.22863417863845825,
            -0.7248114347457886,
            -0.04166968911886215
        ],
        [
            -0.2239597737789154,
            -0.7218846678733826,
            -0.04419931396842003
        ],
        [
            -0.2228887379169464,
            -0.7250925302505493,
            -0.049490075558423996
        ],
        [
            -0.23617275059223175,
            -0.7417997121810913,
            -0.05230036750435829
        ],
        [
            -0.22465771436691284,
            -0.7334276437759399,
            -0.06068434938788414
        ],
        [
            -0.22786864638328552,
            -0.7388488054275513,
            -0.06412886828184128
        ],
        [
            -0.22144575417041779,
            -0.7297743558883667,
            -0.06049056723713875
        ],
        [
            -0.21890977025032043,
            -0.7260928153991699,
            -0.05822675675153732
        ],
        [
            -0.21782299876213074,
            -0.7220818400382996,
            -0.053581226617097855
        ],
        [
            -0.2181556671857834,
            -0.7180981636047363,
            -0.048110850155353546
        ],
        [
            -0.19939231872558594,
            -0.6996325850486755,
            -0.04339290410280228
        ],
        [
            -0.19991599023342133,
            -0.7051821947097778,
            -0.05178254842758179
        ],
        [
            -0.27182504534721375,
            -0.8025741577148438,
            -0.059778809547424316
        ],
        [
            -0.2699723541736603,
            -0.8025650978088379,
            -0.06867886334657669
        ],
        [
            -0.2622613310813904,
            -0.7975428104400635,
            -0.06961770355701447
        ],
        [
            -0.2632880210876465,
            -0.7996765375137329,
            -0.07123342156410217
        ],
        [
            -0.26642972230911255,
            -0.7997164726257324,
            -0.06587956845760345
        ],
        [
            -0.26441583037376404,
            -0.7972725629806519,
            -0.06546665728092194
        ],
        [
            -0.2462078332901001,
            -0.7978272438049316,
            -0.0844038799405098
        ],
        [
            -0.2506750226020813,
            -0.7974225878715515,
            -0.07918649911880493
        ],
        [
            -0.24753645062446594,
            -0.7947441339492798,
            -0.07935678958892822
        ],
        [
            -0.24274443089962006,
            -0.7920613288879395,
            -0.08588230609893799
        ],
        [
            -0.24924881756305695,
            -0.7852765917778015,
            -0.07131132483482361
        ],
        [
            -0.24750083684921265,
            -0.7876560688018799,
            -0.07578728348016739
        ],
        [
            -0.25266706943511963,
            -0.7924022674560547,
            -0.07207660377025604
        ],
        [
            -0.25405392050743103,
            -0.7906441688537598,
            -0.06889989227056503
        ],
        [
            -0.2550826668739319,
            -0.7895233631134033,
            -0.06506388634443283
        ],
        [
            -0.2558552622795105,
            -0.789134681224823,
            -0.060658715665340424
        ],
        [
            -0.2527270019054413,
            -0.7847667932510376,
            -0.06119624152779579
        ],
        [
            -0.25112760066986084,
            -0.7845759391784668,
            -0.06626725941896439
        ],
        [
            -0.2674347758293152,
            -0.8003051280975342,
            -0.05953765660524368
        ],
        [
            -0.2661098539829254,
            -0.8000677227973938,
            -0.052195049822330475
        ],
        [
            -0.2640862464904785,
            -0.7976716160774231,
            -0.05384039133787155
        ],
        [
            -0.2654719948768616,
            -0.7975735664367676,
            -0.05986393243074417
        ],
        [
            -0.25539347529411316,
            -0.7948785424232483,
            -0.04431614279747009
        ],
        [
            -0.25774669647216797,
            -0.7963765859603882,
            -0.045359887182712555
        ],
        [
            -0.25911614298820496,
            -0.7972805500030518,
            -0.041789449751377106
        ],
        [
            -0.2560526430606842,
            -0.7938452959060669,
            -0.04107816517353058
        ],
        [
            -0.2548167109489441,
            -0.7910943031311035,
            -0.043376386165618896
        ],
        [
            -0.25500574707984924,
            -0.7931868433952332,
            -0.045592598617076874
        ],
        [
            -0.2897961139678955,
            -0.8553770780563354,
            -0.062347933650016785
        ],
        [
            -0.2895064651966095,
            -0.8372650146484375,
            -0.05660893768072128
        ],
        [
            -0.2771150767803192,
            -0.8543460369110107,
            -0.07855091243982315
        ],
        [
            -0.26300209760665894,
            -0.8496098518371582,
            -0.08945009112358093
        ],
        [
            -0.24959984421730042,
            -0.8409150242805481,
            -0.09806718677282333
        ],
        [
            -0.21627575159072876,
            -0.7434923648834229,
            -0.08024097979068756
        ],
        [
            -0.20703956484794617,
            -0.7384836077690125,
            -0.08181622624397278
        ],
        [
            -0.20030030608177185,
            -0.7498711943626404,
            -0.09065300226211548
        ],
        [
            -0.19170606136322021,
            -0.7429444789886475,
            -0.08921614289283752
        ],
        [
            -0.19917739927768707,
            -0.7311933636665344,
            -0.07984979450702667
        ],
        [
            -0.1881435215473175,
            -0.715410590171814,
            -0.06636296957731247
        ],
        [
            -0.19297140836715698,
            -0.7228938341140747,
            -0.0749116837978363
        ],
        [
            -0.18304507434368134,
            -0.7357847094535828,
            -0.08558081835508347
        ],
        [
            -0.17556291818618774,
            -0.7529468536376953,
            -0.0959894061088562
        ],
        [
            -0.18542589247226715,
            -0.756639838218689,
            -0.09681297093629837
        ],
        [
            -0.17154526710510254,
            -0.7725182771682739,
            -0.10132713615894318
        ],
        [
            -0.16356328129768372,
            -0.7500766515731812,
            -0.09287282079458237
        ],
        [
            -0.1636442244052887,
            -0.7754783630371094,
            -0.09938963502645493
        ],
        [
            -0.15650807321071625,
            -0.7180583477020264,
            -0.07254880666732788
        ],
        [
            -0.1518559455871582,
            -0.7098178863525391,
            -0.07339832186698914
        ],
        [
            -0.14525917172431946,
            -0.7196942567825317,
            -0.08841915428638458
        ],
        [
            -0.1496783196926117,
            -0.7285414934158325,
            -0.08727230131626129
        ],
        [
            -0.19565925002098083,
            -0.7607529163360596,
            -0.09685895591974258
        ],
        [
            -0.23221419751644135,
            -0.8135590553283691,
            -0.09969145059585571
        ],
        [
            -0.24127742648124695,
            -0.8087736368179321,
            -0.09434923529624939
        ],
        [
            -0.22282297909259796,
            -0.8039606809616089,
            -0.1019124984741211
        ],
        [
            -0.24266301095485687,
            -0.8753697872161865,
            -0.10398072004318237
        ],
        [
            -0.25547757744789124,
            -0.8636749982833862,
            -0.09754769504070282
        ],
        [
            -0.24300429224967957,
            -0.852797269821167,
            -0.10461454838514328
        ],
        [
            -0.23283463716506958,
            -0.8650854825973511,
            -0.11061372607946396
        ],
        [
            -0.2645956575870514,
            -0.9028043746948242,
            -0.07582220435142517
        ],
        [
            -0.2809083163738251,
            -0.879867672920227,
            -0.0712604746222496
        ],
        [
            -0.26983940601348877,
            -0.8735307455062866,
            -0.08451677113771439
        ],
        [
            -0.256397545337677,
            -0.8909589648246765,
            -0.08980809152126312
        ],
        [
            -0.22149500250816345,
            -0.8725708723068237,
            -0.11422798037528992
        ],
        [
            -0.20638474822044373,
            -0.8821272850036621,
            -0.11639336496591568
        ],
        [
            -0.20697489380836487,
            -0.8989856839179993,
            -0.1129252016544342
        ],
        [
            -0.22701773047447205,
            -0.88959801197052,
            -0.10920406877994537
        ],
        [
            -0.20951326191425323,
            -0.9207068681716919,
            -0.10173875093460083
        ],
        [
            -0.23381569981575012,
            -0.9090815186500549,
            -0.09665807336568832
        ],
        [
            -0.15003381669521332,
            -0.7671921253204346,
            -0.09759214520454407
        ],
        [
            -0.15460804104804993,
            -0.7860396504402161,
            -0.09968560934066772
        ],
        [
            -0.15651965141296387,
            -0.7379745244979858,
            -0.08660373091697693
        ],
        [
            -0.14613008499145508,
            -0.7514830231666565,
            -0.09606913477182388
        ],
        [
            -0.21044203639030457,
            -0.9369579553604126,
            -0.08445188403129578
        ],
        [
            -0.23962685465812683,
            -0.9247157573699951,
            -0.07938635349273682
        ],
        [
            -0.1516159474849701,
            -0.8857720494270325,
            -0.11211858689785004
        ],
        [
            -0.16747543215751648,
            -0.8973071575164795,
            -0.11279736459255219
        ],
        [
            -0.17573249340057373,
            -0.8785954713821411,
