{
    "pred_cam": [
        1.6675846576690674,
        0.16402532160282135,
        0.35335850715637207
    ],
    "pred_smpl_params": {
        "global_orient": [
            [
                [
                    -0.4587979018688202,
                    0.0686807930469513,
                    -0.8858823180198669
                ],
                [
                    0.2601047158241272,
                    -0.9429523348808289,
                    -0.20781339704990387
                ],
                [
                    -0.849617600440979,
                    -0.32576650381088257,
                    0.4147603511810303
                ]
            ]
        ],
        "body_pose": [
            [
                [
                    0.9972760081291199,
                    0.01714467629790306,
                    0.07173963636159897
                ],
                [
                    -0.03717289865016937,
                    0.9568872451782227,
                    0.2880711555480957
                ],
                [
                    -0.0637078583240509,
                    -0.28995323181152344,
                    0.9549180269241333
                ]
            ],
            [
                [
                    0.9891710877418518,
                    0.09217782318592072,
                    -0.11420948803424835
                ],
                [
                    -0.08532702922821045,
                    0.9943276047706604,
                    0.06349676847457886
                ],
                [
                    0.11941464990377426,
                    -0.0530640110373497,
                    0.9914253950119019
                ]
            ],
            [
                [
                    0.995656430721283,
                    -0.005473346449434757,
                    0.0929427295923233
                ],
                [
                    0.033702604472637177,
                    0.9517579078674316,
                    -0.3049933612346649
                ],
                [
                    -0.08678965270519257,
                    0.3068009912967682,
                    0.9478083252906799
                ]
            ],
            [
                [
                    0.9793369770050049,
                    0.18462111055850983,
                    0.08254767954349518
                ],
                [
                    -0.15217705070972443,
                    0.941576361656189,
                    -0.3004598617553711
                ],
                [
                    -0.1331961750984192,
                    0.2816896140575409,
                    0.9502156376838684
                ]
            ],
            [
                [
                    0.9953799843788147,
                    -0.012451385147869587,
                    0.09520333260297775
                ],
                [
                    0.027019275352358818,
                    0.987809956073761,
                    -0.15330183506011963
                ],
                [
                    -0.09213397651910782,
                    0.155165895819664,
                    0.9835826754570007
                ]
            ],
            [
                [
                    0.9986182451248169,
                    -0.017249858006834984,
                    0.04964005947113037
                ],
                [
                    0.018676234409213066,
                    0.9994217157363892,
                    -0.02841545268893242
                ],
                [
                    -0.0491211898624897,
                    0.029303276911377907,
                    0.9983628988265991
                ]
            ],
            [
                [
                    0.9843457341194153,
                    0.015639830380678177,
                    0.17555321753025055
                ],
                [
                    -0.014264432713389397,
                    0.9998569488525391,
                    -0.009093903005123138
                ],
                [
                    -0.1756703108549118,
                    0.006447377614676952,
                    0.9844279885292053
                ]
            ],
            [
                [
                    0.9792900681495667,
                    -0.004769930150359869,
                    -0.20240578055381775
                ],
                [
                    0.013808775693178177,
                    0.9989680647850037,
                    0.04326843470335007
                ],
                [
                    0.2019905149936676,
                    -0.04516732692718506,
                    0.9783453941345215
                ]
            ],
            [
                [
                    0.9986069798469543,
                    -0.020312491804361343,
                    0.048696745187044144
                ],
                [
                    0.022022491320967674,
                    0.9991502165794373,
                    -0.03483997657895088
                ],
                [
                    -0.047947678714990616,
                    0.03586387261748314,
                    0.9982057213783264
                ]
            ],
            [
                [
                    0.9945876002311707,
                    -0.06653829663991928,
                    0.07980042695999146
                ],
                [
                    0.06749419867992401,
                    0.9976760149002075,
                    -0.009338944219052792
                ],
                [
                    -0.07899356633424759,
                    0.014674466103315353,
                    0.9967671632766724
                ]
            ],
            [
                [
                    0.9981279969215393,
                    0.053716450929641724,
                    0.02923811413347721
                ],
                [
                    -0.05446247756481171,
                    0.9981940984725952,
                    0.025347350165247917
                ],
                [
                    -0.027823740616440773,
                    -0.02689228393137455,
                    0.9992510080337524
                ]
            ],
            [
                [
                    0.9549486041069031,
                    -0.09909933805465698,
                    0.279736191034317
                ],
                [
                    0.09857261180877686,
                    0.9950013756752014,
                    0.01598726026713848
                ],
                [
                    -0.2799222469329834,
                    0.012307311408221722,
                    0.9599436521530151
                ]
            ],
            [
                [
                    0.9004730582237244,
                    0.3755509853363037,
                    -0.21933919191360474
                ],
                [
                    -0.3601408898830414,
                    0.9266211986541748,
                    0.1080353856086731
                ],
                [
                    0.24381715059280396,
                    -0.018289953470230103,
                    0.9696487188339233
                ]
            ],
            [
                [
                    0.8850088715553284,
                    -0.3899442255496979,
                    0.2543675899505615
                ],
                [
                    0.3973841369152069,
                    0.9173465967178345,
                    0.023688308894634247
                ],
                [
                    -0.2425803393125534,
                    0.08011727035045624,
                    0.9668175578117371
                ]
            ],
            [
                [
                    0.9824285507202148,
                    0.06124573200941086,
                    0.17630410194396973
                ],
                [
                    -0.010642705485224724,
                    0.9614717364311218,
                    -0.27469775080680847
                ],
                [
                    -0.1863354742527008,
                    0.26799455285072327,
                    0.9452291131019592
                ]
            ],
            [
                [
                    0.6933557987213135,
                    0.6680085062980652,
                    -0.2702263593673706
                ],
                [
                    -0.6410041451454163,
                    0.7430806756019592,
                    0.1922101378440857
                ],
                [
                    0.3291980028152466,
                    0.03994620963931084,
                    0.9434155225753784
                ]
            ],
            [
                [
                    0.5138691663742065,
                    -0.7988958358764648,
                    0.31257641315460205
                ],
                [
                    0.8140684366226196,
                    0.5690487623214722,
                    0.11608707904815674
                ],
                [
                    -0.2706126868724823,
                    0.19480498135089874,
                    0.9427725076675415
                ]
            ],
            [
                [
                    0.9672752618789673,
                    -0.08779790252447128,
                    -0.23805484175682068
                ],
                [
                    0.11760850250720978,
                    0.9864901900291443,
                    0.11404109001159668
                ],
                [
                    0.22482620179653168,
                    -0.1383063942193985,
                    0.9645333290100098
                ]
            ],
            [
                [
                    0.9101195335388184,
                    0.12824012339115143,
                    0.3940011262893677
                ],
                [
                    -0.12332531809806824,
                    0.9916428327560425,
                    -0.03788726404309273
                ],
                [
                    -0.39556702971458435,
                    -0.014108367264270782,
                    0.9183287620544434
                ]
            ],
            [
                [
                    0.9991417527198792,
                    -0.01625905930995941,
                    0.038099613040685654
                ],
                [
                    0.017601680010557175,
                    0.9992262125015259,
                    -0.035173408687114716
                ],
                [
                    -0.037498246878385544,
                    0.0358138307929039,
                    0.998654842376709
                ]
            ],
            [
                [
                    0.9991536140441895,
                    -0.039101339876651764,
                    -0.012774853967130184
                ],
                [
                    0.04041963443160057,
                    0.9909037947654724,
                    0.128358393907547
                ],
                [
                    0.007639667484909296,
                    -0.12876610457897186,
                    0.9916455745697021
                ]
            ],
            [
                [
                    0.9807318449020386,
                    0.16871343553066254,
                    -0.09849271923303604
                ],
                [
                    -0.1511136293411255,
                    0.9746711254119873,
                    0.1648665964603424
                ],
                [
                    0.1238132044672966,
                    -0.14680632948875427,
                    0.9813858866691589
                ]
            ],
            [
                [
                    0.973889172077179,
                    -0.18986694514751434,
                    0.12446098029613495
                ],
                [
                    0.1680009514093399,
                    0.9714685082435608,
                    0.16740553081035614
                ],
                [
                    -0.1526947021484375,
                    -0.14212486147880554,
                    0.9780004620552063
                ]
            ]
        ],
        "betas": [
            -0.08897984027862549,
            0.0820961594581604,
            -0.29361289739608765,
            0.016283482313156128,
            0.09002426266670227,
            0.02680513635277748,
            -0.06102403998374939,
            -0.03628736734390259,
            0.06547453999519348,
            -0.015077054500579834
        ]
    },
    "pred_cam_t": [
        0.16402532160282135,
        0.35335850715637207,
        23.424598693847656
    ],
    "focal_length": [
        5000.0,
        5000.0
    ],
    "pred_keypoints_3d": [
        [
            -0.22900019586086273,
            -0.7578576803207397,
            -0.09724225848913193
        ],
        [
            -0.049511753022670746,
            -0.703256368637085,
            -0.08102546632289886
        ],
        [
            0.009352728724479675,
            -0.6350389719009399,
            0.10433459281921387
        ],
        [
            0.02233847975730896,
            -0.3885822892189026,
            0.1672563999891281
        ],
        [
            -0.08813194930553436,
            -0.17471198737621307,
            0.25217682123184204
        ],
        [
            -0.09785033762454987,
            -0.5726167559623718,
            -0.22685709595680237
        ],
        [
            -0.16127505898475647,
            -0.31958067417144775,
            -0.23984210193157196
        ],
        [
            -0.30725884437561035,
            -0.11773499846458435,
            -0.24578267335891724
        ],
        [
            -0.0018425907474011183,
            -0.22044986486434937,
            0.026957284659147263
        ],
        [
            0.027072159573435783,
            -0.15238770842552185,
            0.11080102622509003
        ],
        [
            0.0276905857026577,
            0.18197616934776306,
            0.2976945638656616
        ],
        [
            0.07560792565345764,
            0.5649600028991699,
            0.39751380681991577
        ],
        [
            -0.032953474670648575,
            -0.11579009890556335,
            -0.0049958303570747375
        ],
        [
            -0.1611551195383072,
            0.20974531769752502,
            0.13139331340789795
        ],
        [
            -0.10803920775651932,
            0.5498211979866028,
            0.33223819732666016
        ],
        [
            -0.21683314442634583,
            -0.8066146373748779,
            -0.06171659380197525
        ],
        [
            -0.20942987501621246,
            -0.8069241046905518,
            -0.12792374193668365
        ],
        [
            -0.12851694226264954,
            -0.8271421790122986,
            -0.00918472558259964
        ],
        [
            -0.11421070247888565,
            -0.8277509808540344,
            -0.15524765849113464
        ],
        [
            -0.29707059264183044,
            0.5905407667160034,
            0.39365649223327637
        ],
        [
            -0.25729259848594666,
            0.6282042860984802,
            0.33166050910949707
        ],
        [
            -0.0499255433678627,
            0.587009072303772,
            0.33397573232650757
        ],
        [
            -0.0800042375922203,
            0.5761163234710693,
            0.5212831497192383
        ],
        [
            0.001591905951499939,
            0.5688678026199341,
            0.5529924631118774
        ],
        [
            0.12476181238889694,
            0.614354133605957,
            0.3821277916431427
        ],
        [
            0.10737544298171997,
            0.513322114944458,
            0.3821340501308441
        ],
        [
            0.027366604655981064,
            0.12038002908229828,
            0.2670972943305969
        ],
        [
            0.07422091066837311,
            -0.28672951459884644,
            0.13554087281227112
        ],
        [
            -0.041573211550712585,
            -0.19254790246486664,
            -0.11363725364208221
        ],
        [
            -0.15618115663528442,
            0.17596465349197388,
            0.10389316827058792
        ],
        [
            -0.08680257946252823,
            0.526432454586029,
            0.3019745945930481
        ],
        [
            -0.1087035983800888,
            -0.2030608206987381,
            0.24278341233730316
        ],
        [
            0.007514692842960358,
            -0.4142385423183441,
            0.1938444972038269
        ],
        [
            -0.002149608451873064,
            -0.66054767370224,
            0.0653068870306015
        ],
        [
            -0.08480091392993927,
            -0.6107338666915894,
            -0.21379321813583374
        ],
        [
            -0.18835186958312988,
            -0.350471556186676,
            -0.2663712799549103
        ],
        [
            -0.3150484263896942,
            -0.13483136892318726,
            -0.24975749850273132
        ],
        [
            -0.05523977428674698,
            -0.6912389993667603,
            -0.07924508303403854
        ],
        [
            -0.15432101488113403,
            -0.8709300756454468,
            -0.0893130972981453
        ],
        [
            0.016482116654515266,
            -0.24000431597232819,
            0.01037227176129818
        ],
        [
            -0.04413965716958046,
            -0.634168803691864,
            -0.07094144076108932
        ],
        [
            0.012285090982913971,
            -0.4724419414997101,
            -0.04979785159230232
        ],
        [
            -0.14808590710163116,
            -0.758144199848175,
            -0.09242989122867584
        ],
        [
            -0.15306484699249268,
            -0.8913452625274658,
            -0.0857056975364685
        ]
    ],
    "pred_vertices": [
        [
            -0.2246948778629303,
            -0.851728081703186,
            -0.1409684419631958
        ],
        [
            -0.22691473364830017,
            -0.8357978463172913,
            -0.13520365953445435
        ],
        [
            -0.2157895714044571,
            -0.8356276750564575,
            -0.1446278691291809
        ],
        [
            -0.2099674940109253,
            -0.8485976457595825,
            -0.14947810769081116
        ],
        [
            -0.2187277376651764,
            -0.8248351812362671,
            -0.14144733548164368
        ],
        [
            -0.2264886349439621,
            -0.8239140510559082,
            -0.13264387845993042
        ],
        [
            -0.20329970121383667,
            -0.8331462740898132,
            -0.15007351338863373
        ],
        [
            -0.1952815055847168,
            -0.8429082632064819,
            -0.15439081192016602
        ],
        [
            -0.17985348403453827,
            -0.8029761910438538,
            -0.15267950296401978
        ],
        [
            -0.1693214625120163,
            -0.8019254207611084,
            -0.15568473935127258
        ],
        [
            -0.1749424934387207,
            -0.8132449388504028,
            -0.15586815774440765
        ],
        [
            -0.18407058715820312,
            -0.8113094568252563,
            -0.1519082933664322
        ],
        [
            -0.16857771575450897,
            -0.7795505523681641,
            -0.14993484318256378
        ],
        [
            -0.17391231656074524,
            -0.7681161165237427,
            -0.14435341954231262
        ],
        [
            -0.16185510158538818,
            -0.7627416849136353,
            -0.1448315680027008
        ],
        [
            -0.15541744232177734,
            -0.7741115689277649,
            -0.1491107940673828
        ],
        [
            -0.20382994413375854,
            -0.7732285261154175,
            -0.1164778396487236
        ],
        [
            -0.20005330443382263,
            -0.7674847841262817,
            -0.12126269936561584
        ],
        [
            -0.2009548544883728,
            -0.7741408348083496,
            -0.12530925869941711
        ],
        [
            -0.20426413416862488,
            -0.7792724370956421,
            -0.1197391152381897
        ],
        [
            -0.2140500545501709,
            -0.7804552316665649,
            -0.10907062143087387
        ],
        [
            -0.21262632310390472,
            -0.7867790460586548,
            -0.10998401045799255
        ],
        [
            -0.21938157081604004,
            -0.788658618927002,
            -0.10621249675750732
        ],
        [
            -0.22135478258132935,
            -0.7813447117805481,
            -0.10617232322692871
        ],
        [
            -0.20299454033374786,
            -0.768049418926239,
            -0.11100828647613525
        ],
        [
            -0.1987685263156891,
            -0.7622473239898682,
            -0.11599399149417877
        ],
        [
            -0.20773346722126007,
            -0.7780559062957764,
            -0.1125330701470375
        ],
        [
            -0.2086864858865738,
            -0.7731313705444336,
            -0.1108180433511734
        ],
        [
            -0.21692243218421936,
            -0.7639130353927612,
            -0.1091325581073761
        ],
        [
            -0.21687889099121094,
            -0.7689061164855957,
            -0.1106751412153244
        ],
        [
            -0.22414350509643555,
            -0.7676858901977539,
            -0.10850311070680618
        ],
        [
            -0.22188690304756165,
            -0.7626296281814575,
            -0.1067720502614975
        ],
        [
            -0.2075618952512741,
            -0.7662780284881592,
            -0.11070285737514496
        ],
        [
            -0.21104218065738678,
            -0.7682301998138428,
            -0.11176921427249908
        ],
        [
            -0.21235451102256775,
            -0.7638524174690247,
            -0.10952240228652954
        ],
        [
            -0.20887739956378937,
            -0.7627867460250854,
            -0.1074952781200409
        ],
        [
            -0.2153385579586029,
            -0.7754281163215637,
            -0.10882088541984558
        ],
        [
            -0.2229989469051361,
            -0.7748878002166748,
            -0.10707086324691772
        ],
        [
            -0.23052936792373657,
            -0.773858368396759,
            -0.10412627458572388
        ],
        [
            -0.23093478381633759,
            -0.7650191783905029,
            -0.10493150353431702
        ],
        [
            -0.18842607736587524,
            -0.7568628191947937,
            -0.13017678260803223
        ],
        [
            -0.19512218236923218,
            -0.7620413899421692,
            -0.12647759914398193
        ],
        [
            -0.1945393681526184,
            -0.7571214437484741,
            -0.12115751206874847
        ],
        [
            -0.18949469923973083,
            -0.7528262734413147,
            -0.12508225440979004
        ],
        [
            -0.20454026758670807,
            -0.7610362768173218,
            -0.10782887786626816
        ],
        [
            -0.1990494430065155,
            -0.7460741996765137,
            -0.11037805676460266
        ],
        [
            -0.20039686560630798,
            -0.7496738433837891,
            -0.1109088808298111
        ],
        [
            -0.2051825225353241,
            -0.7491476535797119,
            -0.1056487113237381
        ],
        [
            -0.20366449654102325,
            -0.7458449602127075,
            -0.10571719706058502
        ],
        [
            -0.17485448718070984,
            -0.746350884437561,
            -0.13296373188495636
        ],
        [
            -0.17940855026245117,
            -0.743645191192627,
            -0.12803351879119873
        ],
        [
            -0.17463921010494232,
            -0.7381439208984375,
            -0.12754568457603455
        ],
        [
            -0.16876006126403809,
            -0.7399615049362183,
            -0.1315523087978363
        ],
        [
            -0.17236532270908356,
            -0.732982873916626,
            -0.12437158823013306
        ],
        [
            -0.1637682169675827,
            -0.7336301803588867,
            -0.1289832890033722
        ],
        [
            -0.16055524349212646,
            -0.7198840379714966,
            -0.11888769268989563
        ],
        [
            -0.1617046445608139,
            -0.7260968685150146,
            -0.12395371496677399
        ],
        [
            -0.17142748832702637,
            -0.7274819016456604,
            -0.1200433298945427
        ],
        [
            -0.17316076159477234,
            -0.7214796543121338,
            -0.11477597057819366
        ],
        [
            -0.1837967336177826,
            -0.72310471534729,
            -0.10510016977787018
        ],
        [
            -0.18649572134017944,
            -0.721083402633667,
            -0.09966669976711273
        ],
        [
            -0.17989271879196167,
            -0.7103691101074219,
            -0.10276950895786285
        ],
        [
            -0.17688167095184326,
            -0.7148572206497192,
            -0.10851112008094788
        ],
        [
            -0.19298964738845825,
            -0.7419648170471191,
            -0.10872985422611237
        ],
        [
            -0.18993079662322998,
            -0.742963433265686,
            -0.11219627410173416
        ],
        [
            -0.19249005615711212,
            -0.7435653805732727,
            -0.11299844831228256
        ],
        [
            -0.19642026722431183,
            -0.7434771060943604,
            -0.10957749933004379
        ],
        [
            -0.1876266449689865,
            -0.7433986663818359,
            -0.11550185084342957
        ],
        [
            -0.18658548593521118,
            -0.7434744238853455,
            -0.11697655916213989
        ],
        [
            -0.18819396197795868,
            -0.7442206740379333,
            -0.11708671599626541
        ],
        [
            -0.18837979435920715,
            -0.7439008951187134,
            -0.11580418050289154
        ],
        [
            -0.18910491466522217,
            -0.7433499097824097,
            -0.11390169709920883
        ],
        [
            -0.1889098882675171,
            -0.7414681911468506,
            -0.112702377140522
        ],
        [
            -0.18792583048343658,
            -0.7424923181533813,
            -0.1146024540066719
        ],
        [
            -0.19169408082962036,
            -0.7396929264068604,
            -0.10961486399173737
        ],
        [
            -0.19993577897548676,
            -0.7349134683609009,
            -0.09845463931560516
        ],
        [
            -0.1982516646385193,
            -0.7357402443885803,
            -0.10183002799749374
        ],
        [
            -0.19898013770580292,
            -0.7402327656745911,
            -0.10055024921894073
        ],
        [
            -0.2005186378955841,
            -0.7398303747177124,
            -0.09772855043411255
        ],
        [
            -0.19080227613449097,
            -0.7453726530075073,
            -0.11620255559682846
        ],
        [
            -0.19046130776405334,
            -0.7470188140869141,
            -0.11829300224781036
        ],
        [
            -0.1950126439332962,
            -0.7484166026115417,
            -0.11535622179508209
        ],
        [
            -0.19377818703651428,
            -0.7459601163864136,
            -0.11388867348432541
        ],
        [
            -0.19041705131530762,
            -0.7489978671073914,
            -0.12121044099330902
        ],
        [
            -0.18767328560352325,
            -0.7456578016281128,
            -0.11929002404212952
        ],
        [
            -0.1869596242904663,
            -0.7466548085212708,
            -0.12232670187950134
        ],
        [
            -0.18604925274848938,
            -0.7418776154518127,
            -0.11622549593448639
        ],
        [
            -0.18364445865154266,
            -0.7409732341766357,
            -0.1184757798910141
        ],
        [
            -0.18543702363967896,
            -0.7430228590965271,
            -0.11951141059398651
        ],
        [
            -0.18326866626739502,
            -0.7377652525901794,
            -0.11624304950237274
        ],
        [
            -0.1867029368877411,
            -0.7397469282150269,
            -0.11373557895421982
        ],
        [
            -0.1890994906425476,
            -0.737031102180481,
            -0.11060492694377899
        ],
        [
            -0.19241830706596375,
            -0.734218180179596,
            -0.10664813965559006
        ],
        [
            -0.18751046061515808,
            -0.7308952212333679,
            -0.10805787146091461
        ],
        [
            -0.18482032418251038,
            -0.7341949939727783,
            -0.11263047158718109
        ],
        [
            -0.19532489776611328,
            -0.7524600028991699,
            -0.11756940186023712
        ],
        [
            -0.1828693449497223,
            -0.7431493401527405,
            -0.12324409186840057
        ],
        [
            -0.18455657362937927,
            -0.7490510940551758,
            -0.12697383761405945
        ],
        [
            -0.1801510453224182,
            -0.7391642332077026,
            -0.12248292565345764
        ],
        [
            -0.17862948775291443,
            -0.7351080179214478,
            -0.11991927027702332
        ],
        [
            -0.17915219068527222,
            -0.7307806015014648,
            -0.11546392738819122
        ],
        [
            -0.18132834136486053,
            -0.7265794277191162,
            -0.11059163510799408
        ],
        [
            -0.1663939207792282,
            -0.7058663368225098,
            -0.1026681512594223
        ],
        [
            -0.16410915553569794,
            -0.7117000818252563,
            -0.11040493845939636
        ],
        [
            -0.2213819921016693,
            -0.8177570104598999,
            -0.12977531552314758
        ],
        [
            -0.21724805235862732,
            -0.8179923295974731,
            -0.13784271478652954
        ],
        [
            -0.21015962958335876,
            -0.8119956254959106,
            -0.13715368509292603
        ],
        [
            -0.2104596197605133,
            -0.8144471645355225,
            -0.13878077268600464
        ],
        [
            -0.21485736966133118,
            -0.8145952820777893,
            -0.13443300127983093
        ],
        [
            -0.21332770586013794,
            -0.8117787837982178,
            -0.13375315070152283
        ],
        [
            -0.19097846746444702,
            -0.8110463619232178,
            -0.1473003327846527
        ],
        [
            -0.196669340133667,
            -0.8109147548675537,
            -0.14349746704101562
        ],
        [
            -0.19387906789779663,
            -0.8078675270080566,
            -0.14304238557815552
        ],
        [
            -0.18777203559875488,
            -0.8049346208572388,
            -0.1481456756591797
        ],
        [
            -0.19853749871253967,
            -0.7982574701309204,
            -0.1363382488489151
        ],
        [
            -0.1954314112663269,
            -0.8006506562232971,
            -0.1400393545627594
        ],
        [
            -0.2008916735649109,
            -0.8058286905288696,
            -0.1374693661928177
        ],
        [
            -0.20323580503463745,
            -0.8040891885757446,
            -0.13488170504570007
        ],
        [
            -0.20533418655395508,
            -0.8029184937477112,
            -0.1315244734287262
        ],
        [
            -0.20720523595809937,
            -0.8024280667304993,
            -0.12748122215270996
        ],
        [
            -0.20460012555122375,
            -0.7977125644683838,
            -0.1275061070919037
        ],
        [
            -0.20178505778312683,
            -0.7975456714630127,
            -0.13202440738677979
        ],
        [
            -0.217413991689682,
            -0.8150584697723389,
            -0.1285700500011444
        ],
        [
            -0.2180122584104538,
            -0.8143285512924194,
            -0.1211794763803482
        ],
        [
            -0.21594876050949097,
            -0.8117163777351379,
            -0.12242990732192993
        ],
        [
            -0.2157694697380066,
            -0.8120001554489136,
            -0.12860900163650513
        ],
        [
            -0.21029627323150635,
            -0.8073587417602539,
            -0.1112251728773117
        ],
        [
            -0.2121441662311554,
            -0.8091881275177002,
            -0.11273884773254395
        ],
        [
            -0.2143281102180481,
            -0.8100550174713135,
            -0.10961654782295227
        ],
        [
            -0.21191108226776123,
            -0.8062702417373657,
            -0.10834553837776184
        ],
        [
            -0.21038848161697388,
            -0.8034880757331848,
            -0.11043700575828552
        ],
        [
            -0.20975111424922943,
            -0.8056996464729309,
            -0.11247484385967255
        ],
        [
            -0.2323112189769745,
            -0.8722385168075562,
            -0.13274554908275604
        ],
        [
            -0.23538409173488617,
            -0.8540462255477905,
            -0.1285930871963501
        ],
        [
            -0.2157229781150818,
            -0.8704227209091187,
            -0.14515778422355652
        ],
        [
            -0.20025227963924408,
            -0.8642840385437012,
            -0.15258947014808655
        ],
        [
            -0.18604309856891632,
            -0.8543124794960022,
            -0.1580992192029953
        ],
        [
            -0.168748676776886,
            -0.753109872341156,
            -0.1389845609664917
        ],
        [
            -0.1599690169095993,
            -0.7470351457595825,
            -0.13847628235816956
        ],
        [
            -0.15015852451324463,
            -0.7579478025436401,
            -0.1446412205696106
        ],
        [
            -0.14299923181533813,
            -0.7498271465301514,
            -0.14157411456108093
        ],
        [
            -0.1536671668291092,
            -0.7386865019798279,
            -0.13519474864006042
        ],
        [
            -0.1480175256729126,
            -0.7212528586387634,
            -0.12036038190126419
        ],
        [
            -0.14973220229148865,
            -0.7294722199440002,
            -0.12938278913497925
        ],
        [
            -0.1363363116979599,
            -0.7415298819541931,
            -0.13614411652088165
        ],
        [
            -0.12493377923965454,
            -0.7582018375396729,
            -0.14302772283554077
        ],
        [
            -0.13382041454315186,
            -0.7631412744522095,
            -0.14625653624534607
        ],
        [
            -0.11781221628189087,
            -0.7772872447967529,
            -0.1458345651626587
        ],
        [
            -0.11455724388360977,
            -0.7539749145507812,
            -0.13689464330673218
        ],
        [
            -0.11068163812160492,
            -0.7791682481765747,
            -0.14181005954742432
        ],
        [
            -0.11486878991127014,
            -0.7205218076705933,
            -0.1170857846736908
        ],
        [
            -0.11054463684558868,
            -0.711418628692627,
            -0.11727066338062286
        ],
        [
            -0.09979207813739777,
            -0.7205348014831543,
            -0.12994594871997833
        ],
        [
            -0.10394011437892914,
            -0.730140745639801,
            -0.12942036986351013
        ],
        [
            -0.14312398433685303,
            -0.7685375213623047,
            -0.1486583650112152
        ],
        [
            -0.17175059020519257,
            -0.8253346681594849,
            -0.15742573142051697
        ],
        [
            -0.1823025941848755,
            -0.8217211961746216,
            -0.15481458604335785
        ],
        [
            -0.1633726805448532,
            -0.814830482006073,
            -0.15779399871826172
        ],
        [
            -0.1742636263370514,
            -0.8874061107635498,
            -0.15933431684970856
        ],
        [
            -0.18941493332386017,
            -0.8774025440216064,
            -0.1574176847934723
        ],
        [
            -0.17682047188282013,
            -0.8654525279998779,
            -0.16159309446811676
        ],
        [
            -0.16432353854179382,
            -0.8763636350631714,
            -0.16396896541118622
        ],
        [
            -0.1991998553276062,
            -0.916155219078064,
            -0.135991171002388
        ],
        [
            -0.21837610006332397,
            -0.8955683708190918,
            -0.1371544897556305
        ],
        [
            -0.20540961623191833,
            -0.8883941173553467,
            -0.14778254926204681
        ],
        [
            -0.18926765024662018,
            -0.9040582180023193,
            -0.14810223877429962
        ],
        [
            -0.1518051028251648,
            -0.8825750350952148,
            -0.1640118509531021
        ],
        [
            -0.1357763707637787,
            -0.8902676701545715,
            -0.16156691312789917
        ],
        [
            -0.13532881438732147,
            -0.9068180322647095,
            -0.1573135256767273
        ],
        [
            -0.15626844763755798,
            -0.8997493982315063,
            -0.15922178328037262
        ],
        [
            -0.13799947500228882,
            -0.9280699491500854,
            -0.14565612375736237
        ],
        [
            -0.1638777107000351,
            -0.9194629192352295,
            -0.14775599539279938
        ],
        [
            -0.09889154136180878,
            -0.769442081451416,
            -0.13781027495861053
        ],
        [
            -0.10100951045751572,
            -0.7883975505828857,
            -0.1395563930273056
        ],
        [
            -0.11015317589044571,
            -0.7407482862472534,
            -0.1297556757926941
        ],
        [
            -0.09670567512512207,
            -0.7530697584152222,
            -0.13619285821914673
        ],
        [
            -0.14155039191246033,
            -0.9436678886413574,
            -0.12816473841667175
        ],
        [
            -0.17215779423713684,
            -0.9348105192184448,
            -0.13151535391807556
        ],
        [
            -0.0843125730752945,
            -0.8867639303207397,
            -0.1437012106180191
        ],
        [
            -0.09792285412549973,
            -0.9002587795257568,
            -0.14737853407859802
        ],
        [
            -0.10655328631401062,
            -0.8829963803291321,
            -0.1558413952589035
        ],
        [
            -0.09294741600751877,
