{
    "pred_cam": [
        1.1483961343765259,
        0.09385928511619568,
        0.16125145554542542
    ],
    "pred_smpl_params": {
        "global_orient": [
            [
                [
                    0.9825721383094788,
                    0.18271057307720184,
                    -0.0341879241168499
                ],
                [
                    0.1805526316165924,
                    -0.9818456172943115,
                    -0.05813710391521454
                ],
                [
                    -0.04418952763080597,
                    0.05095118284225464,
                    -0.9977230429649353
                ]
            ]
        ],
        "body_pose": [
            [
                [
                    0.9970112442970276,
                    -0.07079240679740906,
                    0.030936039984226227
                ],
                [
                    0.06245462968945503,
                    0.9742532968521118,
                    0.21663302183151245
                ],
                [
                    -0.045475512742996216,
                    -0.2140534520149231,
                    0.9757627844810486
                ]
            ],
            [
                [
                    0.9830101132392883,
                    0.1819377839565277,
                    -0.024281907826662064
                ],
                [
                    -0.17404034733772278,
                    0.9659147262573242,
                    0.19162122905254364
                ],
                [
                    0.0583173930644989,
                    -0.18413960933685303,
                    0.9811684489250183
                ]
            ],
            [
                [
                    0.9999939203262329,
                    -0.002602765802294016,
                    0.002337759593501687
                ],
                [
                    0.0029935541097074747,
                    0.9824033379554749,
                    -0.18674780428409576
                ],
                [
                    -0.0018105623312294483,
                    0.18675364553928375,
                    0.9824051856994629
                ]
            ],
            [
                [
                    0.9953124523162842,
                    0.07125557959079742,
                    -0.0653890073299408
                ],
                [
                    -0.09640400856733322,
                    0.6771448254585266,
                    -0.7295074462890625
                ],
                [
                    -0.007703643292188644,
                    0.7323916554450989,
                    0.680840015411377
                ]
            ],
            [
                [
                    0.9959422945976257,
                    -0.07049746811389923,
                    0.05593718960881233
                ],
                [
                    0.08956379443407059,
                    0.837135374546051,
                    -0.5396134853363037
                ],
                [
                    -0.008785621263086796,
                    0.5424338579177856,
                    0.8400525450706482
                ]
            ],
            [
                [
                    0.9989833235740662,
                    -0.04149748757481575,
                    0.01761387661099434
                ],
                [
                    0.04192769154906273,
                    0.998812735080719,
                    -0.024801360443234444
                ],
                [
                    -0.016563771292567253,
                    0.02551465667784214,
                    0.9995371699333191
                ]
            ],
            [
                [
                    0.9943051338195801,
                    0.037682682275772095,
                    0.09968690574169159
                ],
                [
                    -0.05241730436682701,
                    0.9873572587966919,
                    0.1495930254459381
                ],
                [
                    -0.09278951585292816,
                    -0.15396639704704285,
                    0.9837096333503723
                ]
            ],
            [
                [
                    0.980851948261261,
                    -0.13720078766345978,
                    -0.13822154700756073
                ],
                [
                    0.1384245604276657,
                    0.9903726577758789,
                    -0.000766327022574842
                ],
                [
                    0.13699598610401154,
                    -0.018381601199507713,
                    0.9904009103775024
                ]
            ],
            [
                [
                    0.99951171875,
                    -0.029675288125872612,
                    0.009777268394827843
                ],
                [
                    0.029423315078020096,
                    0.9992548823356628,
                    0.024978533387184143
                ],
                [
                    -0.010511228814721107,
                    -0.024678658694028854,
                    0.9996401071548462
                ]
            ],
            [
                [
                    0.9855849146842957,
                    -0.14260506629943848,
                    0.09102848917245865
                ],
                [
                    0.12683403491973877,
                    0.978890597820282,
                    0.16026918590068817
                ],
                [
                    -0.11196213960647583,
                    -0.14641337096691132,
                    0.9828670024871826
                ]
            ],
            [
                [
                    0.9679608941078186,
                    0.2483026683330536,
                    -0.03738439455628395
                ],
                [
                    -0.2368485927581787,
                    0.9522890448570251,
                    0.19247950613498688
                ],
                [
                    0.08339391648769379,
                    -0.17745816707611084,
                    0.9805886745452881
                ]
            ],
            [
                [
                    0.9845452308654785,
                    -0.02751869149506092,
                    -0.17295503616333008
                ],
                [
                    0.05688603222370148,
                    0.9842778444290161,
                    0.167215958237648
                ],
                [
                    0.16563422977924347,
                    -0.17447039484977722,
                    0.97063148021698
                ]
            ],
            [
                [
                    0.9311862587928772,
                    0.28872910141944885,
                    -0.22254808247089386
                ],
                [
                    -0.29000434279441833,
                    0.9566252827644348,
                    0.027668233960866928
                ],
                [
                    0.22088375687599182,
                    0.03877563029527664,
                    0.9745290279388428
                ]
            ],
            [
                [
                    0.9211086630821228,
                    -0.29267099499702454,
                    0.2567145526409149
                ],
                [
                    0.2942229211330414,
                    0.9551582932472229,
                    0.033250272274017334
                ],
                [
                    -0.2549344003200531,
                    0.044904183596372604,
                    0.9659150838851929
                ]
            ],
            [
                [
                    0.9921451210975647,
                    -0.055365707725286484,
                    -0.11217262595891953
                ],
                [
                    0.04840061813592911,
                    0.9967823624610901,
                    -0.063893623650074
                ],
                [
                    0.1153491958975792,
                    0.05796252191066742,
                    0.9916325211524963
                ]
            ],
            [
                [
                    0.4154694974422455,
                    0.8058974146842957,
                    -0.42179906368255615
                ],
                [
                    -0.8815322518348694,
                    0.47105780243873596,
                    0.03170831874012947
                ],
                [
                    0.22424541413784027,
                    0.3586556315422058,
                    0.9061346650123596
                ]
            ],
            [
                [
                    0.4732132852077484,
                    -0.7786873579025269,
                    0.41196510195732117
                ],
                [
                    0.8507973551750183,
                    0.5252637267112732,
                    0.015553630888462067
                ],
                [
                    -0.22850170731544495,
                    0.3431386351585388,
                    0.9110669493675232
                ]
            ],
            [
                [
                    -0.15398481488227844,
                    -0.4633464515209198,
                    -0.8726961612701416
                ],
                [
                    0.038000889122486115,
                    0.8797997236251831,
                    -0.47382307052612305
                ],
                [
                    0.987342119216919,
                    -0.10612482577562332,
                    -0.11786822229623795
                ]
            ],
            [
                [
                    -0.17961160838603973,
                    0.4648532271385193,
                    0.8669782280921936
                ],
                [
                    -0.04068737477064133,
                    0.8770459294319153,
                    -0.4786805212497711
                ],
                [
                    -0.9828958511352539,
                    -0.12125162780284882,
                    -0.1386139690876007
                ]
            ],
            [
                [
                    0.9776435494422913,
                    -0.19449220597743988,
                    -0.07991112023591995
                ],
                [
                    0.1992579996585846,
                    0.9783056974411011,
                    0.0566941499710083
                ],
                [
                    0.06715092808008194,
                    -0.0713496059179306,
                    0.9951883554458618
                ]
            ],
            [
                [
                    0.97006756067276,
                    0.2247345894575119,
                    0.09199544787406921
                ],
                [
                    -0.22531168162822723,
                    0.9742776155471802,
                    -0.004199470393359661
                ],
                [
                    -0.09057288616895676,
                    -0.0166538804769516,
                    0.9957504272460938
                ]
            ],
            [
                [
                    0.9727197289466858,
                    0.21025939285755157,
                    -0.09801704436540604
                ],
                [
                    -0.1999383568763733,
                    0.9741197824478149,
                    0.10542923212051392
                ],
                [
                    0.11764782667160034,
                    -0.0829557254910469,
                    0.9895844459533691
                ]
            ],
            [
                [
                    0.9751551747322083,
                    -0.2096000611782074,
                    0.07169441133737564
                ],
                [
                    0.20003914833068848,
                    0.9722273945808411,
                    0.12148366868495941
                ],
                [
                    -0.09516625106334686,
                    -0.10412375628948212,
                    0.9900007843971252
                ]
            ]
        ],
        "betas": [
            -0.014784619212150574,
            0.12532362341880798,
            0.24940571188926697,
            0.3524349331855774,
            0.005878269672393799,
            0.015544358640909195,
            -0.0053626298904418945,
            -0.025287091732025146,
            0.05398072302341461,
            -0.04878970980644226
        ]
    },
    "pred_cam_t": [
        0.09385928511619568,
        0.16125145554542542,
        34.01483154296875
    ],
    "focal_length": [
        5000.0,
        5000.0
    ],
    "pred_keypoints_3d": [
        [
            0.03924662619829178,
            -0.8634458780288696,
            -0.12612691521644592
        ],
        [
            0.07259984314441681,
            -0.7329589128494263,
            0.017495688050985336
        ],
        [
            -0.11526519805192947,
            -0.656400203704834,
            0.013917352072894573
        ],
        [
            -0.176655113697052,
            -0.41127318143844604,
            -0.0047246357426047325
        ],
        [
            -0.0338851660490036,
            -0.4586789906024933,
            -0.2097191959619522
        ],
        [
            0.2383226901292801,
            -0.6224293112754822,
            0.004470000974833965
        ],
        [
            0.2380165010690689,
            -0.3625803589820862,
            -0.0047401441261172295
        ],
        [
            0.1078103631734848,
            -0.43671441078186035,
            -0.20278382301330566
        ],
        [
            -0.0020582210272550583,
            -0.22713419795036316,
            0.02701595425605774
        ],
        [
            -0.0839303582906723,
            -0.14994050562381744,
            0.03023517318069935
        ],
        [
            -0.2572685480117798,
            0.1838773936033249,
            -0.043464429676532745
        ],
        [
            -0.32416290044784546,
            0.5389775037765503,
            0.12498597055673599
        ],
        [
            0.04873097687959671,
            -0.12442049384117126,
            0.026651116088032722
        ],
        [
            0.039664365351200104,
            0.23818117380142212,
            -0.06932350993156433
        ],
        [
            -0.0381169468164444,
            0.5426113605499268,
            0.17552852630615234
        ],
        [
            0.019694985821843147,
            -0.8981983661651611,
            -0.07836677879095078
        ],
        [
            0.08267572522163391,
            -0.8988725543022156,
            -0.10037755221128464
        ],
        [
            0.011036615818738937,
            -0.869377613067627,
            0.020758546888828278
        ],
        [
            0.1503625214099884,
            -0.8695915937423706,
            -0.027490120381116867
        ],
        [
            -0.0494438111782074,
            0.665942370891571,
            0.018753796815872192
        ],
        [
            0.01400139182806015,
            0.664362907409668,
            0.0732336938381195
        ],
        [
            -0.0386103093624115,
            0.5494234561920166,
            0.24407148361206055
        ],
        [
            -0.37494081258773804,
            0.634458065032959,
            -0.042058154940605164
        ],
        [
            -0.43292585015296936,
            0.6131590604782104,
            0.019944190979003906
        ],
        [
            -0.31870725750923157,
            0.5655759572982788,
            0.19317278265953064
        ],
        [
            -0.32778608798980713,
            0.4814835786819458,
            0.13667863607406616
        ],
        [
            -0.23296935856342316,
            0.12619633972644806,
            -0.040752436965703964
        ],
        [
            -0.1366257667541504,
            -0.2861354351043701,
            0.04661994427442551
        ],
        [
            0.14473800361156464,
            -0.21637311577796936,
            0.046725742518901825
        ],
        [
            0.05431780964136124,
            0.20029307901859283,
            -0.06688573211431503
        ],
        [
            -0.021860314533114433,
            0.5027257204055786,
            0.17986175417900085
        ],
        [
            -0.03341338783502579,
            -0.48167213797569275,
            -0.1768144965171814
        ],
        [
            -0.19188231229782104,
            -0.4471840262413025,
            -0.03143642470240593
        ],
        [
            -0.07835041731595993,
            -0.6832533478736877,
            0.019956441596150398
        ],
        [
            0.21351298689842224,
            -0.6556865572929382,
            0.013002177700400352
        ],
        [
            0.26520824432373047,
            -0.39779892563819885,
            -0.034707557410001755
        ],
        [
            0.12273687869310379,
            -0.450290322303772,
            -0.1878301054239273
        ],
        [
            0.0736003890633583,
            -0.725393533706665,
            0.006228778511285782
        ],
        [
            0.08093070983886719,
            -0.9243550300598145,
            -0.010979336686432362
        ],
        [
            0.004618067294359207,
            -0.25144997239112854,
            0.046529579907655716
        ],
        [
            0.06579843908548355,
            -0.6671369671821594,
            0.0138428695499897
        ],
        [
            0.045485544949769974,
            -0.49194470047950745,
            0.05205996334552765
        ],
        [
            0.06857281923294067,
            -0.8233356475830078,
            -0.061296671628952026
        ],
        [
            0.07967415452003479,
            -0.9418215751647949,
            0.0021405573934316635
        ]
    ],
    "pred_vertices": [
        [
            0.09614531695842743,
            -0.9438689947128296,
            -0.09767819195985794
        ],
        [
            0.08783809095621109,
            -0.9313303828239441,
            -0.10392240434885025
        ],
        [
            0.10115404427051544,
            -0.9263148307800293,
            -0.10012022405862808
        ],
        [
            0.10976161062717438,
            -0.9348820447921753,
            -0.09094548970460892
        ],
        [
            0.09480181336402893,
            -0.9183042049407959,
            -0.10501742362976074
        ],
        [
            0.08310168981552124,
            -0.9210119247436523,
            -0.10750582814216614
        ],
        [
            0.11049804836511612,
            -0.9183940887451172,
            -0.09363368153572083
        ],
        [
            0.11893424391746521,
            -0.9235318899154663,
            -0.08408715575933456
        ],
        [
            0.11681471765041351,
            -0.8817387223243713,
            -0.08955289423465729
        ],
        [
            0.12322742491960526,
            -0.8753054141998291,
            -0.08232742547988892
        ],
        [
            0.12369215488433838,
            -0.8872613906860352,
            -0.08231134712696075
        ],
        [
            0.1162356361746788,
            -0.8902913331985474,
            -0.08882410824298859
        ],
        [
            0.11595029383897781,
            -0.8552539348602295,
            -0.09003607928752899
        ],
        [
            0.10707958787679672,
            -0.8476917147636414,
            -0.09735767543315887
        ],
        [
            0.11183011531829834,
            -0.8369647264480591,
            -0.09036405384540558
        ],
        [
            0.1198277398943901,
            -0.8439276218414307,
            -0.0820012241601944
        ],
        [
            0.06957104057073593,
            -0.8659528493881226,
            -0.10742226988077164
        ],
        [
            0.07490438222885132,
            -0.8592067956924438,
            -0.10920180380344391
        ],
        [
            0.07913167774677277,
            -0.8656331300735474,
            -0.10842108726501465
        ],
        [
            0.07318877428770065,
            -0.8715353608131409,
            -0.10632377862930298
        ],
        [
            0.059437450021505356,
            -0.8764969110488892,
            -0.10876217484474182
        ],
        [
            0.06167275831103325,
            -0.8812679052352905,
            -0.10494410246610641
        ],
        [
            0.055818237364292145,
            -0.8860149383544922,
            -0.10762017965316772
        ],
        [
            0.054010502994060516,
            -0.8807141184806824,
            -0.11279459297657013
        ],
        [
            0.06415627896785736,
            -0.8607611656188965,
            -0.1068328395485878
        ],
        [
            0.0700540691614151,
            -0.8537648916244507,
            -0.10837367922067642
        ],
        [
            0.06487171351909637,
            -0.8718619346618652,
            -0.10650946199893951
        ],
        [
            0.062239162623882294,
            -0.8677091598510742,
            -0.10881175845861435
        ],
        [
            0.05593213066458702,
            -0.863569974899292,
            -0.11872338503599167
        ],
        [
            0.05804349482059479,
            -0.8679428696632385,
            -0.11688975244760513
        ],
        [
            0.052725691348314285,
            -0.8703680038452148,
            -0.12213525176048279
        ],
        [
            0.05147477611899376,
            -0.8647899627685547,
            -0.12209378182888031
        ],
        [
            0.06138668954372406,
            -0.8612450361251831,
            -0.11097845435142517
        ],
        [
            0.06112287938594818,
            -0.8646185398101807,
            -0.11322632431983948
        ],
        [
            0.057922352105379105,
            -0.8613943457603455,
            -0.1153535395860672
        ],
        [
            0.05749429017305374,
            -0.8587582111358643,
            -0.11226453632116318
        ],
        [
            0.05773058906197548,
            -0.8728553652763367,
            -0.11195120215415955
        ],
        [
            0.052965693175792694,
            -0.8760179281234741,
            -0.11729675531387329
        ],
        [
            0.0471339114010334,
            -0.8788098096847534,
            -0.12254936993122101
        ],
        [
            0.04661854729056358,
            -0.8711864948272705,
            -0.12742435932159424
        ],
        [
            0.08677186071872711,
            -0.8444197177886963,
            -0.1079932302236557
        ],
        [
            0.08097845315933228,
            -0.8522228002548218,
            -0.10971207171678543
        ],
        [
            0.07590299844741821,
            -0.8473274111747742,
            -0.10924646258354187
        ],
        [
            0.08106368780136108,
            -0.8412493467330933,
            -0.1086205393075943
        ],
        [
            0.0597042515873909,
            -0.8549113869667053,
            -0.10989592969417572
        ],
        [
            0.06268391013145447,
            -0.839113175868988,
            -0.11332099139690399
        ],
        [
            0.06300356984138489,
            -0.842920184135437,
            -0.11317779868841171
        ],
        [
            0.05607788264751434,
            -0.8445389270782471,
            -0.11502601206302643
        ],
        [
            0.056432805955410004,
            -0.8409548997879028,
            -0.11520200967788696
        ],
        [
            0.09337054193019867,
            -0.8284270763397217,
            -0.10297508537769318
        ],
        [
            0.08664314448833466,
            -0.8282511234283447,
            -0.10585237294435501
        ],
        [
            0.08759031444787979,
            -0.8207714557647705,
            -0.1044352799654007
        ],
        [
            0.09401845932006836,
            -0.819351315498352,
            -0.10041319578886032
        ],
        [
            0.08549751341342926,
            -0.8146058320999146,
            -0.10370950400829315
        ],
        [
            0.09347580373287201,
            -0.8106894493103027,
            -0.09810596704483032
        ],
        [
            0.08438476920127869,
            -0.7965406179428101,
            -0.09760932624340057
        ],
        [
            0.08909974992275238,
            -0.8026061058044434,
            -0.0977482795715332
        ],
        [
            0.08159041404724121,
            -0.8089773654937744,
            -0.10390520840883255
        ],
        [
            0.07540909945964813,
            -0.8044717311859131,
            -0.10619323700666428
        ],
        [
            0.061694636940956116,
            -0.8110225200653076,
            -0.11037806421518326
        ],
        [
            0.055164635181427,
            -0.8102340698242188,
            -0.11163163185119629
        ],
        [
            0.059888750314712524,
            -0.7975760698318481,
            -0.11242619156837463
        ],
        [
            0.06719477474689484,
            -0.8002675771713257,
            -0.10990115255117416
        ],
        [
            0.06334953010082245,
            -0.8327150344848633,
            -0.1098938137292862
        ],
        [
            0.06792263686656952,
            -0.8322713375091553,
            -0.1082235723733902
        ],
        [
            0.0675593912601471,
            -0.8341248035430908,
            -0.11029423028230667
        ],
        [
            0.06276151537895203,
            -0.8358334898948669,
            -0.11217454820871353
        ],
        [
            0.07179281115531921,
            -0.8316643238067627,
            -0.10739664733409882
        ],
        [
            0.07353575527667999,
            -0.8312672972679138,
            -0.10713627934455872
        ],
        [
            0.07303524762392044,
            -0.8327698707580566,
            -0.10808800905942917
        ],
        [
            0.07153041660785675,
            -0.8326421976089478,
            -0.10785481333732605
        ],
        [
            0.06950023770332336,
            -0.8324105739593506,
            -0.10795965790748596
        ],
        [
            0.06841512769460678,
            -0.8305482864379883,
            -0.10837303847074509
        ],
        [
            0.07083523273468018,
            -0.8309545516967773,
            -0.10775842517614365
        ],
        [
            0.06421219557523727,
            -0.8302263021469116,
            -0.11021356284618378
        ],
        [
            0.049970246851444244,
            -0.8291618824005127,
            -0.11474627256393433
        ],
        [
            0.05397726595401764,
            -0.8295876979827881,
            -0.11430319398641586
        ],
        [
            0.05297423154115677,
            -0.8338626623153687,
            -0.11237797886133194
        ],
        [
            0.04955141991376877,
            -0.8337625861167908,
            -0.11279027163982391
        ],
        [
            0.07108882069587708,
            -0.8348883390426636,
            -0.10917608439922333
        ],
        [
            0.07359450310468674,
            -0.8363960981369019,
            -0.10914742201566696
        ],
        [
            0.06916557252407074,
            -0.8397095799446106,
            -0.11115288734436035
        ],
        [
            0.06810657680034637,
            -0.8369064331054688,
            -0.11056260764598846
        ],
        [
            0.07629740983247757,
            -0.8382643461227417,
            -0.10947303473949432
        ],
        [
            0.07539844512939453,
            -0.833846926689148,
            -0.10792671889066696
        ],
        [
            0.07863755524158478,
            -0.8342189788818359,
            -0.10809588432312012
        ],
        [
            0.0729849636554718,
            -0.8294945359230042,
            -0.107256218791008
        ],
        [
            0.07585743069648743,
            -0.8275085687637329,
            -0.10683352500200272
        ],
        [
            0.0762067586183548,
            -0.8303254246711731,
            -0.10757053643465042
        ],
        [
            0.07376569509506226,
            -0.8243478536605835,
            -0.10706430673599243
        ],
        [
            0.07030687481164932,
            -0.8278059363365173,
            -0.10784537345170975
        ],
        [
            0.06611470133066177,
            -0.826462984085083,
            -0.1097726821899414
        ],
        [
            0.060673169791698456,
            -0.8254761695861816,
            -0.112108513712883
        ],
        [
            0.06370562314987183,
            -0.8200741410255432,
            -0.11048644036054611
        ],
        [
            0.06946209818124771,
            -0.8218170404434204,
            -0.10854323953390121
        ],
        [
            0.07164248824119568,
            -0.8432098627090454,
            -0.11041714996099472
        ],
        [
            0.08071006089448929,
            -0.8293280005455017,
            -0.10691700130701065
        ],
        [
            0.08427824079990387,
            -0.8356995582580566,
            -0.10687239468097687
        ],
        [
            0.08073552697896957,
            -0.8243151903152466,
            -0.10639819502830505
        ],
        [
            0.07875005900859833,
            -0.8197104334831238,
            -0.10610261559486389
        ],
        [
            0.0743408352136612,
            -0.8158292770385742,
            -0.10685930401086807
        ],
        [
            0.06823122501373291,
            -0.8131296634674072,
            -0.10866739600896835
        ],
        [
            0.06504347920417786,
            -0.7869288921356201,
            -0.10302771627902985
        ],
        [
            0.07409104704856873,
            -0.790976881980896,
            -0.10103185474872589
        ],
        [
            0.08159080147743225,
            -0.9131431579589844,
            -0.10550875216722488
        ],
        [
            0.09066265821456909,
            -0.9118523597717285,
            -0.1055409386754036
        ],
        [
            0.09197878837585449,
            -0.9034298658370972,
            -0.102109394967556
        ],
        [
            0.09375260770320892,
            -0.9059916734695435,
            -0.10212454944849014
        ],
        [
            0.08798688650131226,
            -0.9075944423675537,
            -0.10362691432237625
        ],
        [
            0.08749061822891235,
            -0.9047962427139282,
            -0.10310734063386917
        ],
        [
            0.10883010923862457,
            -0.8935577869415283,
            -0.09238818287849426
        ],
        [
            0.10305413603782654,
            -0.8961683511734009,
            -0.09526936709880829
        ],
        [
            0.10357978940010071,
            -0.8920953273773193,
            -0.09438429772853851
        ],
        [
            0.1101633831858635,
            -0.8868476152420044,
            -0.09292285144329071
        ],
        [
            0.09394751489162445,
            -0.8857405185699463,
            -0.09992893040180206
        ],
        [
            0.09903758019208908,
            -0.8864483833312988,
            -0.09777431935071945
        ],
        [
            0.09498072415590286,
            -0.8936823606491089,
            -0.09858188033103943
        ],
        [
            0.09126100689172745,
            -0.8932239413261414,
            -0.10014389455318451
        ],
        [
            0.0870814248919487,
            -0.8931540846824646,
            -0.10108671337366104
        ],
        [
            0.08266326785087585,
            -0.8933460712432861,
            -0.10111083090305328
        ],
        [
            0.08275208622217178,
            -0.8879491090774536,
            -0.10136927664279938
        ],
        [
            0.08814924955368042,
            -0.8866304159164429,
            -0.10118043422698975
        ],
        [
            0.08134566247463226,
            -0.9091074466705322,
            -0.10268421471118927
        ],
        [
            0.07445306330919266,
            -0.908376932144165,
            -0.10060290992259979
        ],
        [
            0.07577832043170929,
            -0.9052716493606567,
            -0.10071331262588501
        ],
        [
            0.08148398995399475,
            -0.9058697819709778,
            -0.10287216305732727
        ],
        [
            0.067066989839077,
            -0.898171603679657,
            -0.09405028820037842
        ],
        [
            0.06813766062259674,
            -0.9007272720336914,
            -0.09504123777151108
        ],
        [
            0.06447939574718475,
            -0.902321994304657,
            -0.09502625465393066
        ],
        [
            0.06353759765625,
            -0.8978082537651062,
            -0.09456832706928253
        ],
        [
            0.06551453471183777,
            -0.8948327302932739,
            -0.09585125744342804
        ],
        [
            0.06804779171943665,
            -0.8966059684753418,
            -0.09518279880285263
        ],
        [
            0.08885462582111359,
            -0.9652172327041626,
            -0.08986127376556396
        ],
        [
            0.08154869079589844,
            -0.9498459100723267,
            -0.09943057596683502
        ],
        [
            0.1070660650730133,
            -0.9559993147850037,
            -0.08348183333873749
        ],
        [
            0.11846084892749786,
            -0.9438681602478027,
            -0.07712523639202118
        ],
        [
            0.1276485025882721,
            -0.9287158250808716,
            -0.07258456945419312
        ],
        [
            0.10229338705539703,
            -0.8315005302429199,
            -0.09762994945049286
        ],
        [
            0.10478536784648895,
            -0.8214302062988281,
            -0.09314139187335968
        ],
        [
            0.11588156968355179,
            -0.8267914056777954,
            -0.08309224247932434
        ],
        [
            0.11480552703142166,
            -0.8154566884040833,
            -0.07886245846748352
        ],
        [
            0.1036691963672638,
            -0.8103426098823547,
            -0.08998366445302963
        ],
        [
            0.09076559543609619,
            -0.7915700674057007,
            -0.08519415557384491
        ],
        [
            0.09885965287685394,
            -0.7997545599937439,
            -0.08734461665153503
        ],
        [
            0.11090542376041412,
            -0.8045395612716675,
            -0.07266168296337128
        ],
        [
            0.12249898165464401,
            -0.8148308992385864,
            -0.05880649387836456
        ],
        [
            0.12395965307950974,
            -0.8232748508453369,
            -0.06743206083774567
        ],
        [
            0.13062074780464172,
            -0.8280905485153198,
            -0.04614074528217316
        ],
        [
            0.12096763402223587,
            -0.8052205443382263,
            -0.046300165355205536
        ],
        [
            0.13054516911506653,
            -0.825448751449585,
            -0.03684637323021889
        ],
        [
            0.10560304671525955,
            -0.7669727206230164,
            -0.04662744700908661
        ],
        [
            0.10852816700935364,
            -0.7539604902267456,
            -0.04228921979665756
        ],
        [
            0.12187744677066803,
            -0.759975790977478,
            -0.03108699806034565
        ],
        [
            0.12028596550226212,
            -0.7725083827972412,
            -0.036036621779203415
        ],
        [
            0.12326779216527939,
            -0.8329663276672363,
            -0.07435974478721619
        ],
        [
            0.12858840823173523,
            -0.8965164422988892,
            -0.07428041100502014
        ],
        [
            0.12121450901031494,
            -0.8980246782302856,
            -0.08400092273950577
        ],
        [
            0.13048133254051208,
            -0.8830955028533936,
            -0.07269899547100067
        ],
        [
            0.13950146734714508,
            -0.9526411294937134,
            -0.04855017364025116
        ],
        [
            0.1290571689605713,
            -0.9506720304489136,
            -0.06433259695768356
        ],
        [
            0.13683107495307922,
            -0.9343079924583435,
            -0.06179983913898468
        ],
        [
            0.14551232755184174,
            -0.9382020235061646,
            -0.0474378764629364
        ],
        [
            0.1123824343085289,
            -0.9882047176361084,
            -0.044283024966716766
        ],
        [
            0.10194645822048187,
            -0.9796103835105896,
            -0.0684233158826828
        ],
        [
            0.11495445668697357,
            -0.9668436050415039,
            -0.06656856834888458
        ],
        [
            0.12527884542942047,
            -0.9730738401412964,
            -0.04743398725986481
        ],
        [
            0.15081164240837097,
            -0.9374798536300659,
            -0.03502049669623375
        ],
        [
            0.15705063939094543,
            -0.9358124136924744,
            -0.017159756273031235
        ],
        [
            0.15615540742874146,
            -0.9508911371231079,
            -0.007655691355466843
        ],
        [
            0.14784646034240723,
            -0.9543956518173218,
            -0.02854599431157112
        ],
        [
            0.14748930931091309,
            -0.9695285558700562,
            0.004737973213195801
        ],
        [
            0.13741883635520935,
            -0.9746556282043457,
            -0.02015828713774681
        ],
        [
            0.13109619915485382,
            -0.8104045391082764,
            -0.026857875287532806
        ],
        [
            0.13454632461071014,
            -0.8284280300140381,
            -0.023970920592546463
        ],
        [
            0.11807876825332642,
            -0.7880045175552368,
            -0.04198005422949791
        ],
        [
            0.1292310357093811,
            -0.793674111366272,
            -0.026898346841335297
        ],
        [
            0.13223451375961304,
            -0.9840908646583557,
            0.01681569032371044
        ],
        [
            0.1218777745962143,
            -0.9912322759628296,
            -0.012922778725624084
        ],
        [
            0.15963315963745117,
            -0.9069994688034058,
            0.02943703532218933
        ],
        [
            0.1611800193786621,
            -0.9259111881256104,
            0.023456552997231483
        ],
        [
            0.16114121675491333,
            -0.9153817296028137,
            0.004841111600399017
        ],
        [
            0.16043594479560852,
            -0.8993234634399414,
            0.013219382613897324
        ],
