{
    "pred_cam": [
        1.1448376178741455,
        0.0694495141506195,
        0.13696837425231934
    ],
    "pred_smpl_params": {
        "global_orient": [
            [
                [
                    0.9845172166824341,
                    0.17527028918266296,
                    -0.002491405000910163
                ],
                [
                    0.1752345860004425,
                    -0.9844685792922974,
                    -0.010694829747080803
                ],
                [
                    -0.004327196162194014,
                    0.010092663578689098,
                    -0.9999396800994873
                ]
            ]
        ],
        "body_pose": [
            [
                [
                    0.999986469745636,
                    -0.005188477225601673,
                    -0.0004162650147918612
                ],
                [
                    0.005179516039788723,
                    0.9839478731155396,
                    0.17838111519813538
                ],
                [
                    -0.0005159433931112289,
                    -0.1783808469772339,
                    0.9839614629745483
                ]
            ],
            [
                [
                    0.9973398447036743,
                    0.07159200310707092,
                    0.013705620542168617
                ],
                [
                    -0.07282499223947525,
                    0.9867151379585266,
                    0.1452229619026184
                ],
                [
                    -0.0031267444137483835,
                    -0.14583474397659302,
                    0.9893040060997009
                ]
            ],
            [
                [
                    0.999545156955719,
                    0.028942851349711418,
                    0.008466845378279686
                ],
                [
                    -0.02703028917312622,
                    0.984382688999176,
                    -0.17395426332950592
                ],
                [
                    -0.013369347900152206,
                    0.17364628612995148,
                    0.9847173094749451
                ]
            ],
            [
                [
                    0.997342050075531,
                    0.028126798570156097,
                    -0.06721393764019012
                ],
                [
                    -0.06655380874872208,
                    0.7271279692649841,
                    -0.6832682490348816
                ],
                [
                    0.029655003920197487,
                    0.6859254837036133,
                    0.727067232131958
                ]
            ],
            [
                [
                    0.9961940050125122,
                    -0.028033794835209846,
                    0.08253218233585358
                ],
                [
                    0.06211569160223007,
                    0.8925884962081909,
                    -0.4465728998184204
                ],
                [
                    -0.06114814803004265,
                    0.4499998092651367,
                    0.8909326195716858
                ]
            ],
            [
                [
                    0.9992154836654663,
                    -0.0343959666788578,
                    0.019630515947937965
                ],
                [
                    0.034896302968263626,
                    0.9990594387054443,
                    -0.025741176679730415
                ],
                [
                    -0.018726656213402748,
                    0.02640601433813572,
                    0.9994759559631348
                ]
            ],
            [
                [
                    0.9927663803100586,
                    0.039938583970069885,
                    0.11322420090436935
                ],
                [
                    -0.0539703369140625,
                    0.9908498525619507,
                    0.12370860576629639
                ],
                [
                    -0.10724743455648422,
                    -0.12892450392246246,
                    0.9858379364013672
                ]
            ],
            [
                [
                    0.9832504391670227,
                    -0.11474516242742538,
                    -0.1416051983833313
                ],
                [
                    0.11169608682394028,
                    0.9933096766471863,
                    -0.029322776943445206
                ],
                [
                    0.14402246475219727,
                    0.01301488932222128,
                    0.9894887804985046
                ]
            ],
            [
                [
                    0.9994593262672424,
                    -0.03209362551569939,
                    0.007137851789593697
                ],
                [
                    0.03179479390382767,
                    0.9987472295761108,
                    0.038640547543764114
                ],
                [
                    -0.008369024842977524,
                    -0.03839271143078804,
                    0.9992276430130005
                ]
            ],
            [
                [
                    0.9909994006156921,
                    -0.1286214143037796,
                    0.03710367530584335
                ],
                [
                    0.1226707398891449,
                    0.9835023880004883,
                    0.13294726610183716
                ],
                [
                    -0.05359141528606415,
                    -0.12719912827014923,
                    0.9904283881187439
                ]
            ],
            [
                [
                    0.975379228591919,
                    0.21839404106140137,
                    -0.03064865805208683
                ],
                [
                    -0.20964457094669342,
                    0.96135014295578,
                    0.178479865193367
                ],
                [
                    0.06844303011894226,
                    -0.16766023635864258,
                    0.9834660887718201
                ]
            ],
            [
                [
                    0.983059823513031,
                    -0.019724130630493164,
                    -0.18222084641456604
                ],
                [
                    0.05073758214712143,
                    0.9846261143684387,
                    0.16714441776275635
                ],
                [
                    0.17612260580062866,
                    -0.17355838418006897,
                    0.9689471125602722
                ]
            ],
            [
                [
                    0.9354963302612305,
                    0.26645517349243164,
                    -0.23205244541168213
                ],
                [
                    -0.2671104967594147,
                    0.9632235169410706,
                    0.02919604815542698
                ],
                [
                    0.2312978059053421,
                    0.03467084467411041,
                    0.9722650647163391
                ]
            ],
            [
                [
                    0.9296254515647888,
                    -0.2637103199958801,
                    0.2573971450328827
                ],
                [
                    0.26579588651657104,
                    0.9636421799659729,
                    0.027318719774484634
                ],
                [
                    -0.2552429735660553,
                    0.043018922209739685,
                    0.9659194350242615
                ]
            ],
            [
                [
                    0.9923771619796753,
                    -0.06311845034360886,
                    -0.10584665089845657
                ],
                [
                    0.0577378049492836,
                    0.9969157576560974,
                    -0.05315316468477249
                ],
                [
                    0.10887514799833298,
                    0.046636637300252914,
                    0.9929607510566711
                ]
            ],
            [
                [
                    0.4128715693950653,
                    0.8047512769699097,
                    -0.42651209235191345
                ],
                [
                    -0.8834163546562195,
                    0.4677836298942566,
                    0.027459874749183655
                ],
                [
                    0.22161373496055603,
                    0.36545035243034363,
                    0.9040650129318237
                ]
            ],
            [
                [
                    0.49072545766830444,
                    -0.7742860317230225,
                    0.399586945772171
                ],
                [
                    0.8448147773742676,
                    0.5350584387779236,
                    -0.000710084626916796
                ],
                [
                    -0.21325258910655975,
                    0.33792537450790405,
                    0.9166950583457947
                ]
            ],
            [
                [
                    -0.1824406385421753,
                    -0.43708664178848267,
                    -0.8807216286659241
                ],
                [
                    0.018366780132055283,
                    0.8940839171409607,
                    -0.44752272963523865
                ],
                [
                    0.9830452799797058,
                    -0.09782236814498901,
                    -0.1550893634557724
                ]
            ],
            [
                [
                    -0.21115051209926605,
                    0.45489099621772766,
                    0.8651529550552368
                ],
                [
                    -0.0336519256234169,
                    0.8812011480331421,
                    -0.47154220938682556
                ],
                [
                    -0.9768741726875305,
                    -0.12868042290210724,
                    -0.17075811326503754
                ]
            ],
            [
                [
                    0.9731043577194214,
                    -0.21452701091766357,
                    -0.08394142985343933
                ],
                [
                    0.22008980810642242,
                    0.9733945727348328,
                    0.06374563276767731
                ],
                [
                    0.06803296506404877,
                    -0.08050579577684402,
                    0.9944297075271606
                ]
            ],
            [
                [
                    0.9648793339729309,
                    0.2446957379579544,
                    0.09556026011705399
                ],
                [
                    -0.24557971954345703,
                    0.9693729877471924,
                    -0.0025806964840739965
                ],
                [
                    -0.09326501190662384,
                    -0.020977601408958435,
                    0.9954202771186829
                ]
            ],
            [
                [
                    0.9730251431465149,
                    0.20911529660224915,
                    -0.09743185341358185
                ],
                [
                    -0.19986622035503387,
                    0.9750404953956604,
                    0.09669337421655655
                ],
                [
                    0.11522005498409271,
                    -0.07461173832416534,
                    0.9905340075492859
                ]
            ],
            [
                [
                    0.9758586883544922,
                    -0.21024362742900848,
                    0.05913851782679558
                ],
                [
                    0.20207658410072327,
                    0.9719031453132629,
                    0.12070369720458984
                ],
                [
                    -0.08285409212112427,
                    -0.10583924502134323,
                    0.9909254312515259
                ]
            ]
        ],
        "betas": [
            -0.0851791501045227,
            0.05750328302383423,
            0.1425321102142334,
            0.04055967926979065,
            0.003248661756515503,
            0.030865434557199478,
            0.01089140772819519,
            -0.05696207284927368,
            0.05509699881076813,
            -0.0744277834892273
        ]
    },
    "pred_cam_t": [
        0.0694495141506195,
        0.13696837425231934,
        34.12055969238281
    ],
    "focal_length": [
        5000.0,
        5000.0
    ],
    "pred_keypoints_3d": [
        [
            0.0594545342028141,
            -0.8482822179794312,
            -0.13969112932682037
        ],
        [
            0.08311041444540024,
            -0.721470832824707,
            0.006824109703302383
        ],
        [
            -0.10466273874044418,
            -0.6543689370155334,
            -0.004882989451289177
        ],
        [
            -0.1845920979976654,
            -0.4142523407936096,
            -0.018771924078464508
        ],
        [
            -0.027589023113250732,
            -0.4511288106441498,
            -0.21488866209983826
        ],
        [
            0.24503156542778015,
            -0.6095709204673767,
            0.0019222814589738846
        ],
        [
            0.24277469515800476,
            -0.3498106300830841,
            -0.0019512008875608444
        ],
        [
            0.11621274054050446,
            -0.42774802446365356,
            -0.20010656118392944
        ],
        [
            -0.0017576687969267368,
            -0.22318530082702637,
            0.02776232361793518
        ],
        [
            -0.08411722630262375,
            -0.1459135264158249,
            0.031745992600917816
        ],
        [
            -0.2141232192516327,
            0.21064339578151703,
            -0.01883779466152191
        ],
        [
            -0.2808780074119568,
            0.568508505821228,
            0.14335986971855164
        ],
        [
            0.05063265562057495,
            -0.12099112570285797,
            0.03372979536652565
        ],
        [
            0.02126835100352764,
            0.2470320612192154,
            -0.03237282112240791
        ],
        [
            -0.05175735801458359,
            0.5485139489173889,
            0.21731700003147125
        ],
        [
            0.03896300494670868,
            -0.8843483924865723,
            -0.09387097507715225
        ],
        [
            0.10276790708303452,
            -0.8828083872795105,
            -0.11291810870170593
        ],
        [
            0.02550213411450386,
            -0.8577584028244019,
            0.004989222623407841
        ],
        [
            0.16596978902816772,
            -0.8530879020690918,
            -0.03670936077833176
        ],
        [
            -0.07192769646644592,
            0.6771718859672546,
            0.06750032305717468
        ],
        [
            -0.005330177024006844,
            0.6750829219818115,
            0.11718311905860901
        ],
        [
            -0.050097204744815826,
            0.5531312227249146,
            0.28591424226760864
        ],
        [
            -0.3012615740299225,
            0.6733051538467407,
            -0.02350391447544098
        ],
        [
            -0.3688195049762726,
            0.6534988284111023,
            0.027325108647346497
        ],
        [
            -0.2840707302093506,
            0.5925586819648743,
            0.21257048845291138
        ],
        [
            -0.28987616300582886,
            0.5110368728637695,
            0.15342578291893005
        ],
        [
            -0.19521623849868774,
            0.1497873216867447,
            -0.018385406583547592
        ],
        [
            -0.13956843316555023,
            -0.2815735340118408,
            0.03814417123794556
        ],
        [
            0.14572834968566895,
            -0.21268372237682343,
            0.051115743815898895
        ],
        [
            0.03781149536371231,
            0.20903556048870087,
            -0.03222319483757019
        ],
        [
            -0.03494807332754135,
            0.5086781978607178,
            0.2206428349018097
        ],
        [
            -0.027876971289515495,
            -0.47455155849456787,
            -0.18235322833061218
        ],
        [
            -0.19629544019699097,
            -0.4502599835395813,
            -0.04711666703224182
        ],
        [
            -0.06831211596727371,
            -0.6793055534362793,
            0.0026613199152052402
        ],
        [
            0.22118094563484192,
            -0.6427626609802246,
            0.008966660127043724
        ],
        [
            0.271858811378479,
            -0.3835673928260803,
            -0.03204038739204407
        ],
        [
            0.13183656334877014,
            -0.4410819411277771,
            -0.18524619936943054
        ],
        [
            0.08460546284914017,
            -0.7154257297515869,
            -0.004949948750436306
        ],
        [
            0.0979369729757309,
            -0.9097474217414856,
            -0.02373892068862915
        ],
        [
            0.0037280870601534843,
            -0.24733707308769226,
            0.04482167586684227
        ],
        [
            0.07495412230491638,
            -0.6585911512374878,
            0.0029057152569293976
        ],
        [
            0.047105252742767334,
            -0.48467257618904114,
            0.04561590403318405
        ],
        [
            0.08474515378475189,
            -0.8088240623474121,
            -0.07332483679056168
        ],
        [
            0.09675192087888718,
            -0.9274624586105347,
            -0.011028703302145004
        ]
    ],
    "pred_vertices": [
        [
            0.1175360456109047,
            -0.9275926351547241,
            -0.1101238951086998
        ],
        [
            0.10905557870864868,
            -0.9152491688728333,
            -0.11645061522722244
        ],
        [
            0.12192799150943756,
            -0.9099062085151672,
            -0.11192028224468231
        ],
        [
            0.13047245144844055,
            -0.9182696342468262,
            -0.10255683213472366
        ],
        [
            0.11560917645692825,
            -0.9019277095794678,
            -0.1170605793595314
        ],
        [
            0.10407757759094238,
            -0.9049805998802185,
            -0.12014638632535934
        ],
        [
            0.13066643476486206,
            -0.9017555713653564,
            -0.10492101311683655
        ],
        [
            0.1389300674200058,
            -0.9067438244819641,
            -0.09513664245605469
        ],
        [
            0.1359349489212036,
            -0.8648391962051392,
            -0.1003330796957016
        ],
        [
            0.1417437046766281,
            -0.8584142327308655,
            -0.09269173443317413
        ],
        [
            0.14247125387191772,
            -0.8703219890594482,
            -0.09275800734758377
        ],
        [
            0.135438472032547,
            -0.8734829425811768,
            -0.09970708191394806
        ],
        [
            0.13427862524986267,
            -0.8384422063827515,
            -0.10042238980531693
        ],
        [
            0.1254628300666809,
            -0.8310991525650024,
            -0.10807111114263535
        ],
        [
            0.12951216101646423,
            -0.8203823566436768,
            -0.10059203207492828
        ],
        [
            0.13732397556304932,
            -0.8271746635437012,
            -0.0919516310095787
        ],
        [
            0.08903427422046661,
            -0.850217342376709,
            -0.12009534239768982
        ],
        [
            0.09421664476394653,
            -0.8433316946029663,
            -0.12151477485895157
        ],
        [
            0.09862405061721802,
            -0.8496294021606445,
            -0.12070108950138092
        ],
        [
            0.09278642386198044,
            -0.8557173013687134,
            -0.11896033585071564
        ],
        [
            0.07928943634033203,
            -0.8609966039657593,
            -0.12193672358989716
        ],
        [
            0.08151735365390778,
            -0.8658013343811035,
            -0.11816903203725815
        ],
        [
            0.07590553164482117,
            -0.8706090450286865,
            -0.12105695903301239
        ],
        [
            0.07416283339262009,
            -0.8652693629264832,
            -0.12615284323692322
        ],
        [
            0.08344168961048126,
            -0.8451980352401733,
            -0.11955609172582626
        ],
        [
            0.08916977047920227,
            -0.8380582928657532,
            -0.12069788575172424
        ],
        [
            0.08451138436794281,
            -0.8562244176864624,
            -0.11946891248226166
        ],
        [
            0.08180239051580429,
            -0.8521400690078735,
            -0.1217135637998581
        ],
        [
            0.07579991221427917,
            -0.8480023145675659,
            -0.13163816928863525
        ],
        [
            0.07798777520656586,
            -0.8523344993591309,
            -0.12982818484306335
        ],
        [
            0.07294787466526031,
            -0.8548088073730469,
            -0.1352492868900299
        ],
        [
            0.07152698934078217,
            -0.8492996692657471,
            -0.13518309593200684
        ],
        [
            0.08082064986228943,
            -0.8456953763961792,
            -0.12373388558626175
        ],
        [
            0.08076989650726318,
            -0.8489940166473389,
            -0.12601976096630096
        ],
        [
            0.07754701375961304,
            -0.8458538055419922,
            -0.12818709015846252
        ],
        [
            0.07690561562776566,
            -0.8432961702346802,
            -0.12509341537952423
        ],
        [
            0.0775720477104187,
            -0.8573181629180908,
            -0.1250472217798233
        ],
        [
            0.07315200567245483,
            -0.8605146408081055,
            -0.13055910170078278
        ],
        [
            0.06764018535614014,
            -0.8633518218994141,
            -0.13600069284439087
        ],
        [
            0.0670890361070633,
            -0.8557412624359131,
            -0.14075180888175964
        ],
        [
            0.10550530254840851,
            -0.8283020257949829,
            -0.11949938535690308
        ],
        [
            0.10006298124790192,
            -0.8361717462539673,
            -0.12161357700824738
        ],
        [
            0.09478475153446198,
            -0.8314951658248901,
            -0.12116646766662598
        ],
        [
            0.09968648850917816,
            -0.8253351449966431,
            -0.12016561627388
        ],
        [
            0.07887138426303864,
            -0.8395050764083862,
            -0.12261579185724258
        ],
        [
            0.08148029446601868,
            -0.8237149715423584,
            -0.12561750411987305
        ],
        [
            0.08191424608230591,
            -0.8274763226509094,
            -0.12550409138202667
        ],
        [
            0.07512989640235901,
            -0.829264760017395,
            -0.12766262888908386
        ],
        [
            0.07538338750600815,
            -0.8257008790969849,
            -0.1278008222579956
        ],
        [
            0.11134320497512817,
            -0.8123344779014587,
            -0.11377434432506561
        ],
        [
            0.10469875484704971,
            -0.8123247623443604,
            -0.11682554334402084
        ],
        [
            0.10532881319522858,
            -0.804916262626648,
            -0.11523882299661636
        ],
        [
            0.11158953607082367,
            -0.8033558130264282,
            -0.11099840700626373
        ],
        [
            0.10306929051876068,
            -0.7988796234130859,
            -0.11448197811841965
        ],
        [
            0.11064770072698593,
            -0.7948276996612549,
            -0.10852859169244766
        ],
        [
            0.10109788179397583,
            -0.7811497449874878,
            -0.10814683884382248
        ],
        [
            0.10601978003978729,
            -0.7869783639907837,
            -0.10823114961385727
        ],
        [
            0.09901708364486694,
            -0.7934396862983704,
            -0.11475704610347748
        ],
        [
            0.09282852709293365,
            -0.7891327142715454,
            -0.11720358580350876
        ],
        [
            0.07948919385671616,
            -0.7959462404251099,
            -0.12225224077701569
        ],
        [
            0.07304702699184418,
            -0.7953065037727356,
            -0.12374622374773026
        ],
        [
            0.0773516595363617,
            -0.7825867533683777,
            -0.1240052580833435
        ],
        [
            0.08469042181968689,
            -0.785110354423523,
            -0.1211690604686737
        ],
        [
            0.08183886110782623,
            -0.8173580169677734,
            -0.12208922952413559
        ],
        [
            0.08629930019378662,
            -0.8168142437934875,
            -0.12022889405488968
        ],
        [
            0.08608932793140411,
            -0.8186249732971191,
            -0.12232989817857742
        ],
        [
            0.08143484592437744,
            -0.820436954498291,
            -0.12444344907999039
        ],
        [
            0.09007911384105682,
            -0.816123366355896,
            -0.11920223385095596
        ],
        [
            0.09178271889686584,
            -0.8156799077987671,
            -0.11884473264217377
        ],
        [
            0.09137918055057526,
            -0.8171611428260803,
            -0.11984521895647049
        ],
        [
            0.08986738324165344,
            -0.8170620203018188,
            -0.11969280242919922
        ],
        [
            0.08784545212984085,
            -0.8169013261795044,
            -0.11989344656467438
        ],
        [
            0.08673322200775146,
            -0.8150972127914429,
            -0.12032420933246613
        ],
        [
            0.08912406861782074,
            -0.8154496550559998,
            -0.11959560215473175
        ],
        [
            0.08261103183031082,
            -0.8148857355117798,
            -0.12231503427028656
        ],
        [
            0.06856824457645416,
            -0.8141697645187378,
            -0.12747877836227417
        ],
        [
            0.07258717715740204,
            -0.8144559860229492,
            -0.12684601545333862
        ],
        [
            0.07164251804351807,
            -0.8187265992164612,
            -0.12505581974983215
        ],
        [
            0.06820617616176605,
            -0.8187679648399353,
            -0.12562090158462524
        ],
        [
            0.08952648192644119,
            -0.8193137645721436,
            -0.1210574358701706
        ],
        [
            0.09211312979459763,
            -0.8207030296325684,
            -0.12090855091810226
        ],
        [
            0.0879088044166565,
            -0.8240941762924194,
            -0.12314261496067047
        ],
        [
            0.08674198389053345,
            -0.8213514089584351,
            -0.12259402126073837
        ],
        [
            0.09487590193748474,
            -0.8224744200706482,
            -0.12113425135612488
        ],
        [
            0.09374995529651642,
            -0.8181631565093994,
            -0.11956164985895157
        ],
        [
            0.09697803854942322,
            -0.8184759616851807,
            -0.11956248432397842
        ],
        [
            0.09118840098381042,
            -0.8139500617980957,
            -0.11896864324808121
        ],
        [
            0.09395366907119751,
            -0.8119001388549805,
            -0.11834123730659485
        ],
        [
            0.0944233238697052,
            -0.8146593570709229,
            -0.11911540478467941
        ],
        [
            0.09180290997028351,
            -0.8088489174842834,
            -0.11864970624446869
        ],
        [
            0.08851997554302216,
            -0.8123645782470703,
            -0.11967289447784424
        ],
        [
            0.08439412713050842,
            -0.8111444711685181,
            -0.12174360454082489
        ],
        [
            0.07903987169265747,
            -0.8102846145629883,
            -0.12431847304105759
        ],
        [
            0.08182418346405029,
            -0.8048726320266724,
            -0.12248451262712479
        ],
        [
            0.0875316709280014,
            -0.8064540028572083,
            -0.1203012466430664
        ],
        [
            0.09042104333639145,
            -0.8275439739227295,
            -0.12237777560949326
        ],
        [
            0.09883677959442139,
            -0.8135625123977661,
            -0.11816662549972534
        ],
        [
            0.10262925922870636,
            -0.8197667002677917,
            -0.11811825633049011
        ],
        [
            0.09867797046899796,
            -0.8086035847663879,
            -0.11755789816379547
        ],
        [
            0.09655222296714783,
            -0.8041174411773682,
            -0.11731216311454773
        ],
        [
            0.09219244867563248,
            -0.8003872632980347,
            -0.11821088939905167
        ],
        [
            0.0860101729631424,
            -0.7978953123092651,
            -0.12029147148132324
        ],
        [
            0.08176133036613464,
            -0.7720222473144531,
            -0.11425541341304779
        ],
        [
            0.09090597927570343,
            -0.7758208513259888,
            -0.11190170049667358
        ],
        [
            0.10228511691093445,
            -0.8971145153045654,
            -0.11823616176843643
        ],
        [
            0.11124658584594727,
            -0.8955495357513428,
            -0.1178598552942276
        ],
        [
            0.1122199296951294,
            -0.887127161026001,
            -0.11430183053016663
        ],
        [
            0.11410433799028397,
            -0.889580488204956,
            -0.11424582451581955
        ],
        [
            0.10841458290815353,
            -0.8913906812667847,
            -0.11605090647935867
        ],
        [
            0.1078253835439682,
            -0.8886194229125977,
            -0.11549694091081619
        ],
        [
            0.12827229499816895,
            -0.8769084215164185,
            -0.10367296636104584
        ],
        [
            0.12270963191986084,
            -0.8796637058258057,
            -0.10687069594860077
        ],
        [
            0.12311192601919174,
            -0.8756118416786194,
            -0.10596714168787003
        ],
        [
            0.12948161363601685,
            -0.8701807260513306,
            -0.10414160788059235
        ],
        [
            0.1135767251253128,
            -0.8695082068443298,
            -0.11187231540679932
        ],
        [
            0.1186036616563797,
            -0.8700835108757019,
            -0.10952606797218323
        ],
        [
            0.11478429287672043,
            -0.8773907423019409,
            -0.11055108904838562
        ],
        [
            0.11112065613269806,
            -0.8770172595977783,
            -0.1122845932841301
        ],
        [
            0.1069977730512619,
            -0.8770499229431152,
            -0.11341813206672668
        ],
        [
            0.10260127484798431,
            -0.8773655891418457,
            -0.11362674832344055
        ],
        [
            0.10252006351947784,
            -0.8719754815101624,
            -0.11383789777755737
        ],
        [
            0.1078658252954483,
            -0.8705224990844727,
            -0.11340650916099548
        ],
        [
            0.10181348025798798,
            -0.8930833339691162,
            -0.11541914939880371
        ],
        [
            0.09480679035186768,
            -0.8925721645355225,
            -0.11365614086389542
        ],
        [
            0.09603217244148254,
            -0.8894344568252563,
            -0.1136506199836731
        ],
        [
            0.10185113549232483,
            -0.8898355960845947,
            -0.11558661609888077
        ],
        [
            0.08684292435646057,
            -0.8826819062232971,
            -0.10733480006456375
        ],
        [
            0.0880257785320282,
            -0.8851919174194336,
            -0.10830637067556381
        ],
        [
            0.08443793654441833,
            -0.8868848085403442,
            -0.10848716646432877
        ],
        [
            0.08335281908512115,
            -0.8824217319488525,
            -0.10801129788160324
        ],
        [
            0.08526307344436646,
            -0.8793898820877075,
            -0.10915562510490417
        ],
        [
            0.08780860900878906,
            -0.8810796737670898,
            -0.10839253664016724
        ],
        [
            0.1107030063867569,
            -0.9494202136993408,
            -0.10286436975002289
        ],
        [
            0.10315150022506714,
            -0.9340518712997437,
            -0.11277306824922562
        ],
        [
            0.1281907558441162,
            -0.9397181272506714,
            -0.09557460248470306
        ],
        [
            0.13901016116142273,
            -0.9271875619888306,
            -0.08868049085140228
        ],
        [
            0.14736615121364594,
            -0.9116814136505127,
            -0.08340013027191162
        ],
        [
            0.12011729180812836,
            -0.8151755332946777,
            -0.10813578963279724
        ],
        [
            0.12209825217723846,
            -0.805169939994812,
            -0.10336372256278992
        ],
        [
            0.13289852440357208,
            -0.8102411031723022,
            -0.09293054044246674
        ],
        [
            0.13124437630176544,
            -0.7991775870323181,
            -0.08854879438877106
        ],
        [
            0.1204993724822998,
            -0.7942745685577393,
            -0.10004184395074844
        ],
        [
            0.10686085373163223,
            -0.7761767506599426,
            -0.0954204648733139
        ],
        [
            0.11524990200996399,
            -0.7839680314064026,
            -0.0974273532629013
        ],
        [
            0.12669360637664795,
            -0.7886599898338318,
            -0.0823606327176094
        ],
        [
            0.13786965608596802,
            -0.7988190650939941,
            -0.06817939132452011
        ],
        [
            0.14004723727703094,
            -0.8068689107894897,
            -0.0767950713634491
        ],
        [
            0.14581820368766785,
            -0.812057375907898,
            -0.055546991527080536
        ],
        [
            0.13545319437980652,
            -0.7896572351455688,
            -0.0557439848780632
        ],
        [
            0.14523719251155853,
            -0.8097137212753296,
            -0.046367838978767395
        ],
        [
            0.11919231712818146,
            -0.7525041103363037,
            -0.05622562766075134
        ],
        [
            0.12149037420749664,
            -0.7397292256355286,
            -0.051671892404556274
        ],
        [
            0.13431377708911896,
            -0.7454967498779297,
            -0.040175143629312515
        ],
        [
            0.13341526687145233,
            -0.757727861404419,
            -0.04527473822236061
        ],
        [
            0.14002954959869385,
            -0.8162965178489685,
            -0.08391817659139633
        ],
        [
            0.14726409316062927,
            -0.8796055912971497,
            -0.08452421426773071
        ],
        [
            0.14031706750392914,
            -0.8811908960342407,
            -0.09458201378583908
        ],
        [
            0.14871500432491302,
            -0.8661694526672363,
            -0.08279677480459213
        ],
        [
            0.15883636474609375,
            -0.9357680082321167,
            -0.058906182646751404
        ],
        [
            0.14898017048835754,
            -0.9337930679321289,
            -0.07514588534832001
        ],
        [
            0.15616366267204285,
            -0.9172403216362,
            -0.07208816707134247
        ],
        [
            0.16425037384033203,
            -0.9210898876190186,
            -0.05735970288515091
        ],
        [
            0.13289980590343475,
            -0.9722758531570435,
            -0.05627456307411194
        ],
        [
            0.12326314300298691,
            -0.9637178182601929,
            -0.08095289766788483
        ],
        [
            0.13573159277439117,
            -0.9505387544631958,
            -0.07834962010383606
        ],
        [
            0.14547227323055267,
            -0.956731915473938,
            -0.058689363300800323
        ],
        [
            0.16911333799362183,
            -0.9203691482543945,
            -0.04466880112886429
        ],
        [
            0.17448866367340088,
            -0.9187435507774353,
            -0.026500657200813293
        ],
        [
            0.17347055673599243,
            -0.9337142705917358,
            -0.01703677885234356
        ],
        [
            0.16620594263076782,
            -0.9374934434890747,
            -0.038294050842523575
        ],
        [
            0.1647946685552597,
            -0.952637791633606,
            -0.005234669893980026
        ],
        [
            0.15634219348430634,
            -0.9580089449882507,
            -0.03072262741625309
        ],
        [
            0.14499390125274658,
            -0.7948373556137085,
            -0.03628174215555191
        ],
        [
            0.1487625241279602,
            -0.8128201961517334,
            -0.033494994044303894
        ],
        [
            0.13199129700660706,
            -0.7728674411773682,
            -0.05140769109129906
        ],
        [
            0.14253878593444824,
            -0.7784527540206909,
            -0.0361495241522789
        ],
        [
            0.14948128163814545,
            -0.9674665927886963,
            0.005732690915465355
        ],
        [
            0.14099876582622528,
            -0.9748826622962952,
            -0.02438291721045971
        ],
        [
            0.17379721999168396,
            -0.890738844871521,
            0.020180795341730118
        ],
        [
            0.17624390125274658,
            -0.9093935489654541,
            0.014212457463145256
        ],
        [
            0.17689140141010284,
            -0.8986530900001526,
            -0.004293052479624748
        ],
        [
            0.17528212070465088,
            -0.8828955292701721,
            0.004112293943762779
        ],
