{
    "pred_cam": [
        1.118414044380188,
        0.04421029984951019,
        0.15722587704658508
    ],
    "pred_smpl_params": {
        "global_orient": [
            [
                [
                    0.9830090999603271,
                    0.17931264638900757,
                    0.03924635425209999
                ],
                [
                    0.18075966835021973,
                    -0.9828284978866577,
                    -0.0370682030916214
                ],
                [
                    0.031925637274980545,
                    0.04353253170847893,
                    -0.9985418319702148
                ]
            ]
        ],
        "body_pose": [
            [
                [
                    0.999732255935669,
                    0.004851161502301693,
                    -0.02262449637055397
                ],
                [
                    -4.0654846088727936e-05,
                    0.9781420826911926,
                    0.20793765783309937
                ],
                [
                    0.023138711228966713,
                    -0.20788106322288513,
                    0.9778803586959839
                ]
            ],
            [
                [
                    0.9984294176101685,
                    0.0380694605410099,
                    0.041101422160863876
                ],
                [
                    -0.04486607015132904,
                    0.9827035665512085,
                    0.17966851592063904
                ],
                [
                    -0.03355063125491142,
                    -0.18123041093349457,
                    0.9828681945800781
                ]
            ],
            [
                [
                    0.9994615316390991,
                    0.032778870314359665,
                    0.001506103202700615
                ],
                [
                    -0.03172224014997482,
                    0.9769442081451416,
                    -0.2111249417066574
                ],
                [
                    -0.008391817100346088,
                    0.21096345782279968,
                    0.9774580001831055
                ]
            ],
            [
                [
                    0.9979661107063293,
                    0.014679769985377789,
                    -0.0620330385863781
                ],
                [
                    -0.05380789935588837,
                    0.7157700657844543,
                    -0.6962599754333496
                ],
                [
                    0.03418045490980148,
                    0.6981817483901978,
                    0.7151041626930237
                ]
            ],
            [
                [
                    0.9967018961906433,
                    -0.01180692296475172,
                    0.08028684556484222
                ],
                [
                    0.049882616847753525,
                    0.8695122599601746,
                    -0.4913860261440277
                ],
                [
                    -0.06400863081216812,
                    0.4937703013420105,
                    0.8672334551811218
                ]
            ],
            [
                [
                    0.999841034412384,
                    -0.010448708198964596,
                    0.014450536109507084
                ],
                [
                    0.010825471952557564,
                    0.9995969533920288,
                    -0.026244966313242912
                ],
                [
                    -0.01417048554867506,
                    0.026397226378321648,
                    0.9995511770248413
                ]
            ],
            [
                [
                    0.9931395649909973,
                    0.05280274525284767,
                    0.10433389246463776
                ],
                [
                    -0.06557275354862213,
                    0.9902347326278687,
                    0.12302635610103607
                ],
                [
                    -0.09681890904903412,
                    -0.12902382016181946,
                    0.986903727054596
                ]
            ],
            [
                [
                    0.983860433101654,
                    -0.13060125708580017,
                    -0.12231915444135666
                ],
                [
                    0.12940864264965057,
                    0.9914337396621704,
                    -0.017678821459412575
                ],
                [
                    0.1235802173614502,
                    0.0015643369406461716,
                    0.9923333525657654
                ]
            ],
            [
                [
                    0.9997785091400146,
                    -0.02104288898408413,
                    -0.00021807743178214878
                ],
                [
                    0.021042445674538612,
                    0.9997768998146057,
                    -0.0018448572373017669
                ],
                [
                    0.00025684988941065967,
                    0.0018398599931970239,
                    0.9999982714653015
                ]
            ],
            [
                [
                    0.9879410266876221,
                    -0.14697620272636414,
                    0.04868842288851738
                ],
                [
                    0.1364894062280655,
                    0.9751885533332825,
                    0.1742926388978958
                ],
                [
                    -0.07309726625680923,
                    -0.16554538905620575,
                    0.983489453792572
                ]
            ],
            [
                [
                    0.9685148000717163,
                    0.24521315097808838,
                    -0.04300751909613609
                ],
                [
                    -0.23176199197769165,
                    0.9511550664901733,
                    0.20393727719783783
                ],
                [
                    0.09091491997241974,
                    -0.18754874169826508,
                    0.9780388474464417
                ]
            ],
            [
                [
                    0.9875162243843079,
                    -0.012574619613587856,
                    -0.1570146083831787
                ],
                [
                    0.038882166147232056,
                    0.9854220747947693,
                    0.1656244844198227
                ],
                [
                    0.15264301002025604,
                    -0.16966193914413452,
                    0.973609209060669
                ]
            ],
            [
                [
                    0.914803147315979,
                    0.3095371723175049,
                    -0.25946491956710815
                ],
                [
                    -0.3090914785861969,
                    0.9500324130058289,
                    0.04359925538301468
                ],
                [
                    0.2599956691265106,
                    0.04031366854906082,
                    0.9647679328918457
                ]
            ],
            [
                [
                    0.9285203814506531,
                    -0.2846612334251404,
                    0.2383650839328766
                ],
                [
                    0.2812727689743042,
                    0.9583830237388611,
                    0.04886208102107048
                ],
                [
                    -0.24235421419143677,
                    0.02167617343366146,
                    0.9699456095695496
                ]
            ],
            [
                [
                    0.9942074418067932,
                    -0.06636390835046768,
                    -0.08454212546348572
                ],
                [
                    0.05729248747229576,
                    0.9927628040313721,
                    -0.10554490983486176
                ],
                [
                    0.0909346342086792,
                    0.1000899076461792,
                    0.9908143281936646
                ]
            ],
            [
                [
                    0.3954414129257202,
                    0.7937442660331726,
                    -0.46216461062431335
                ],
                [
                    -0.8827559947967529,
                    0.4674273729324341,
                    0.04747127369046211
                ],
                [
                    0.25370845198631287,
                    0.3892064690589905,
                    0.8855226635932922
                ]
            ],
            [
                [
                    0.5043997168540955,
                    -0.7637839913368225,
                    0.4027591645717621
                ],
                [
                    0.8305432200431824,
                    0.5567345023155212,
                    0.0156400203704834
                ],
                [
                    -0.236175537109375,
                    0.32662007212638855,
                    0.9151723384857178
                ]
            ],
            [
                [
                    -0.18033786118030548,
                    -0.45628073811531067,
                    -0.8713704347610474
                ],
                [
                    0.06545168906450272,
                    0.8783645629882812,
                    -0.47348904609680176
                ],
                [
                    0.9814247488975525,
                    -0.14242063462734222,
                    -0.12853804230690002
                ]
            ],
            [
                [
                    -0.21410159766674042,
                    0.455576628446579,
                    0.8640663027763367
                ],
                [
                    -0.0993223786354065,
                    0.8698404431343079,
                    -0.4832315444946289
                ],
                [
                    -0.9717487692832947,
                    -0.18928174674510956,
                    -0.14098528027534485
                ]
            ],
            [
                [
                    0.9684022068977356,
                    -0.22000598907470703,
                    -0.11744984239339828
                ],
                [
                    0.2299792468547821,
                    0.9699578285217285,
                    0.07931821048259735
                ],
                [
                    0.096470907330513,
                    -0.1038229689002037,
                    0.9899061322212219
                ]
            ],
            [
                [
                    0.9595803618431091,
                    0.25389838218688965,
                    0.12141349166631699
                ],
                [
                    -0.25714367628097534,
                    0.9663037061691284,
                    0.011588847264647484
                ],
                [
                    -0.11437991261482239,
                    -0.04234113544225693,
                    0.9925343990325928
                ]
            ],
            [
                [
                    0.9711303114891052,
                    0.21330593526363373,
                    -0.10680102556943893
                ],
                [
                    -0.2042517513036728,
                    0.9748032689094543,
                    0.08966455608606339
                ],
                [
                    0.12323597818613052,
                    -0.06526166945695877,
                    0.9902291297912598
                ]
            ],
            [
                [
                    0.9721494913101196,
                    -0.21996939182281494,
                    0.08086416870355606
                ],
                [
                    0.21103985607624054,
                    0.9716991782188416,
                    0.10612630099058151
                ],
                [
                    -0.10192018747329712,
                    -0.08610504865646362,
                    0.9910591840744019
                ]
            ]
        ],
        "betas": [
            0.04174774885177612,
            0.3178442716598511,
            0.4385312497615814,
            0.8867425918579102,
            -0.07304531335830688,
            -0.015156146138906479,
            0.02876180410385132,
            0.07734456658363342,
            0.0307074636220932,
            -0.02823692560195923
        ]
    },
    "pred_cam_t": [
        0.04421029984951019,
        0.15722587704658508,
        34.92668914794922
    ],
    "focal_length": [
        5000.0,
        5000.0
    ],
    "pred_keypoints_3d": [
        [
            0.0914696455001831,
            -0.8585289716720581,
            -0.16881197690963745
        ],
        [
            0.0997980460524559,
            -0.7394092082977295,
            -0.009356608614325523
        ],
        [
            -0.09403121471405029,
            -0.6769981980323792,
            -0.016699884086847305
        ],
        [
            -0.18343397974967957,
            -0.4414946436882019,
            -0.03141387552022934
        ],
        [
            -0.038097694516181946,
            -0.47725823521614075,
            -0.2367711365222931
        ],
        [
            0.2562357783317566,
            -0.61201012134552,
            -0.004651349037885666
        ],
        [
            0.22265392541885376,
            -0.3546397089958191,
            -0.006901172921061516
        ],
        [
            0.10899413377046585,
            -0.44388091564178467,
            -0.20904673635959625
        ],
        [
            -0.0025819172151386738,
            -0.2324867993593216,
            0.025074616074562073
        ],
        [
            -0.08244333416223526,
            -0.1550748199224472,
            0.024670224636793137
        ],
        [
            -0.19971437752246857,
            0.20085559785366058,
            -0.057006578892469406
        ],
        [
            -0.274792343378067,
            0.5601084232330322,
            0.09687714278697968
        ],
        [
            0.04576563835144043,
            -0.13021627068519592,
            0.030996548011898994
        ],
        [
            0.016668913885951042,
            0.2324092984199524,
            -0.060620568692684174
        ],
        [
            -0.060500726103782654,
            0.5449866652488708,
            0.17281761765480042
        ],
        [
            0.07051832228899002,
            -0.8996807932853699,
            -0.12659817934036255
        ],
        [
            0.13520875573158264,
            -0.8935280442237854,
            -0.14196312427520752
        ],
        [
            0.04997512698173523,
            -0.8830244541168213,
            -0.026026997715234756
        ],
        [
            0.19324886798858643,
            -0.8681373000144958,
            -0.05961094796657562
        ],
        [
            -0.07914778590202332,
            0.6642522811889648,
            0.014593720436096191
        ],
        [
            -0.012468837201595306,
            0.6670160293579102,
            0.06618854403495789
        ],
        [
            -0.06023920327425003,
            0.5538647770881653,
            0.2415045201778412
        ],
        [
            -0.2785376310348511,
            0.6619400978088379,
            -0.07545547187328339
        ],
        [
            -0.3504461348056793,
            0.6437273025512695,
            -0.02817833423614502
        ],
        [
            -0.283934623003006,
            0.5854604840278625,
            0.16529926657676697
        ],
        [
            -0.28524720668792725,
            0.5027235150337219,
            0.10669820010662079
        ],
        [
            -0.18127717077732086,
            0.13986003398895264,
            -0.052569493651390076
        ],
        [
            -0.13491402566432953,
            -0.2913792133331299,
            0.03250078856945038
        ],
        [
            0.13776704668998718,
            -0.22223106026649475,
            0.05378805845975876
        ],
        [
            0.03242144733667374,
            0.19421277940273285,
            -0.05815283954143524
        ],
        [
            -0.043828174471855164,
            0.5055643320083618,
            0.17854851484298706
        ],
        [
            -0.0358077734708786,
            -0.5003993511199951,
            -0.2031356692314148
        ],
        [
            -0.19389306008815765,
            -0.47833487391471863,
            -0.0582856647670269
        ],
        [
            -0.05558265745639801,
            -0.7015160918235779,
            -0.01092390064150095
        ],
        [
            0.23360544443130493,
            -0.6486396789550781,
            0.0005630545783787966
        ],
        [
            0.25454291701316833,
            -0.38520553708076477,
            -0.037220340222120285
        ],
        [
            0.12596076726913452,
            -0.45544737577438354,
            -0.19356542825698853
        ],
        [
            0.10092145949602127,
            -0.7299449443817139,
            -0.018353024497628212
        ],
        [
            0.1268233060836792,
            -0.9294008016586304,
            -0.057497989386320114
        ],
        [
            0.0018393817590549588,
            -0.2568296194076538,
            0.04304027929902077
        ],
        [
            0.08737243711948395,
            -0.6727489233016968,
            -0.0073075685650110245
        ],
        [
            0.051175981760025024,
            -0.5029742121696472,
            0.04125826805830002
        ],
        [
            0.11118914932012558,
            -0.8237340450286865,
            -0.09645214676856995
        ],
        [
            0.12587498128414154,
            -0.9481804370880127,
            -0.046460676938295364
        ]
    ],
    "pred_vertices": [
        [
            0.15201348066329956,
            -0.9371970891952515,
            -0.14360801875591278
        ],
        [
            0.1434083729982376,
            -0.9247778654098511,
            -0.14917361736297607
        ],
        [
            0.15579405426979065,
            -0.9194528460502625,
            -0.14332816004753113
        ],
        [
            0.16416843235492706,
            -0.9282017946243286,
            -0.1344081610441208
        ],
        [
            0.14939938485622406,
            -0.9114307761192322,
            -0.1479341685771942
        ],
        [
            0.13811329007148743,
            -0.9146400094032288,
            -0.15193726122379303
        ],
        [
            0.16380000114440918,
            -0.9117425680160522,
            -0.13491316139698029
        ],
        [
            0.17170420289039612,
            -0.9170002937316895,
            -0.12533694505691528
        ],
        [
            0.16675373911857605,
            -0.8752351999282837,
            -0.12602916359901428
        ],
        [
            0.1719031035900116,
            -0.8692489266395569,
            -0.11755681782960892
        ],
        [
            0.17334890365600586,
            -0.8811935186386108,
            -0.11894102394580841
        ],
        [
            0.16679613292217255,
            -0.8840370178222656,
            -0.12642833590507507
        ],
        [
            0.163739413022995,
            -0.8489587306976318,
            -0.12373735755681992
        ],
        [
            0.15492774546146393,
            -0.8412494659423828,
            -0.13097645342350006
        ],
        [
            0.15823642909526825,
            -0.8310749530792236,
            -0.12251061946153641
        ],
        [
            0.16611993312835693,
            -0.8384160995483398,
            -0.11430680006742477
        ],
        [
            0.12006266415119171,
            -0.8609540462493896,
            -0.14674706757068634
        ],
        [
            0.12499067187309265,
            -0.8536180853843689,
            -0.14721599221229553
        ],
        [
            0.1296076774597168,
            -0.859818696975708,
            -0.1466618776321411
        ],
        [
            0.12399888038635254,
            -0.8663649559020996,
            -0.14587979018688202
        ],
        [
            0.11100861430168152,
            -0.8721573352813721,
            -0.1505889892578125
        ],
        [
            0.1132841631770134,
            -0.8771669864654541,
            -0.147039532661438
        ],
        [
            0.10816250741481781,
            -0.8819673657417297,
            -0.15098796784877777
        ],
        [
            0.1064026951789856,
            -0.8762377500534058,
            -0.15579678118228912
        ],
        [
            0.11420801281929016,
            -0.8562533855438232,
            -0.14633886516094208
        ],
        [
            0.1196870356798172,
            -0.848580539226532,
            -0.14647546410560608
        ],
        [
            0.11579602211713791,
            -0.8673005104064941,
            -0.14708420634269714
        ],
        [
            0.11301152408123016,
            -0.8632346391677856,
            -0.14934071898460388
        ],
        [
            0.10742830485105515,
            -0.8583962917327881,
            -0.1595989167690277
        ],
        [
            0.10972955822944641,
            -0.8627970218658447,
            -0.15803958475589752
        ],
        [
            0.10513333976268768,
            -0.8649288415908813,
            -0.16415196657180786
        ],
        [
            0.10339093208312988,
            -0.8595170974731445,
            -0.16362342238426208
        ],
        [
            0.11187924444675446,
            -0.8566162586212158,
            -0.15094871819019318
        ],
        [
            0.1121356189250946,
            -0.8597567677497864,
            -0.15361951291561127
        ],
        [
            0.10889139771461487,
            -0.8565390110015869,
            -0.15574459731578827
        ],
        [
            0.10797089338302612,
            -0.8542375564575195,
            -0.1524335741996765
        ],
        [
            0.10929489135742188,
            -0.8683201670646667,
            -0.15363073348999023
        ],
        [
            0.1053786650300026,
            -0.8711411952972412,
            -0.15990866720676422
        ],
        [
            0.1003204733133316,
            -0.8736630082130432,
            -0.1661597490310669
        ],
        [
            0.09959634393453598,
            -0.8655303716659546,
            -0.17021387815475464
        ],
        [
            0.13548864424228668,
            -0.8381249904632568,
            -0.1432870626449585
        ],
        [
            0.13049393892288208,
            -0.8461284637451172,
            -0.14634239673614502
        ],
        [
            0.12502118945121765,
            -0.8416589498519897,
            -0.14601394534111023
        ],
        [
            0.12961144745349884,
            -0.8352927565574646,
            -0.1442362368106842
        ],
        [
            0.10957896709442139,
            -0.8504772186279297,
            -0.14940805733203888
        ],
        [
            0.1115383505821228,
            -0.8339871764183044,
            -0.1507910192012787
        ],
        [
            0.11218913644552231,
            -0.8378301858901978,
            -0.15108607709407806
        ],
        [
            0.10565386712551117,
            -0.8396763801574707,
            -0.15384307503700256
        ],
        [
            0.10568898916244507,
            -0.8359953165054321,
            -0.15349896252155304
        ],
        [
            0.14035053551197052,
            -0.822211742401123,
            -0.13602964580059052
        ],
        [
            0.13397230207920074,
            -0.8221457004547119,
            -0.13965076208114624
        ],
        [
            0.13419818878173828,
            -0.8147059679031372,
            -0.13735739886760712
        ],
        [
            0.1400870978832245,
            -0.8133499622344971,
            -0.13243520259857178
        ],
        [
            0.13168376684188843,
            -0.8086274266242981,
            -0.13618700206279755
        ],
        [
            0.13867926597595215,
            -0.8049410581588745,
            -0.1293456256389618
        ],
        [
            0.12833181023597717,
            -0.7914600968360901,
            -0.12852661311626434
        ],
        [
            0.13358646631240845,
            -0.7972242832183838,
            -0.12865205109119415
        ],
        [
            0.12732037901878357,
            -0.8032260537147522,
            -0.1362885683774948
        ],
        [
            0.12103551626205444,
            -0.7988296151161194,
            -0.13879528641700745
        ],
        [
            0.10808195918798447,
            -0.805972158908844,
            -0.14489121735095978
        ],
        [
            0.10165669023990631,
            -0.8055213689804077,
            -0.1467389464378357
        ],
        [
            0.1054326593875885,
            -0.7924221754074097,
            -0.14575013518333435
        ],
        [
            0.11290089786052704,
            -0.794745922088623,
            -0.14286060631275177
        ],
        [
            0.11140698194503784,
            -0.8277773857116699,
            -0.14654923975467682
        ],
        [
            0.1157475933432579,
            -0.827212929725647,
            -0.14441147446632385
        ],
        [
            0.11571718752384186,
            -0.8288801908493042,
            -0.14667686820030212
        ],
        [
            0.11124899983406067,
            -0.8306881189346313,
            -0.14918701350688934
        ],
        [
            0.11950303614139557,
            -0.8264129161834717,
            -0.14311382174491882
        ],
        [
            0.12119492888450623,
            -0.8259468078613281,
            -0.14262038469314575
        ],
        [
            0.12087580561637878,
            -0.8274115920066833,
            -0.14377813041210175
        ],
        [
            0.11933384835720062,
            -0.8273822665214539,
            -0.14367038011550903
        ],
        [
            0.11731754243373871,
            -0.8272454738616943,
            -0.14397023618221283
        ],
        [
            0.11613974720239639,
            -0.8253551125526428,
            -0.14432039856910706
        ],
        [
            0.11854009330272675,
            -0.8256814479827881,
            -0.14350712299346924
        ],
        [
            0.11211251467466354,
            -0.8250654935836792,
            -0.14654435217380524
        ],
        [
            0.09824203699827194,
            -0.8247075080871582,
            -0.15226677060127258
        ],
        [
            0.10227395594120026,
            -0.8247153162956238,
            -0.15148910880088806
        ],
        [
            0.10143278539180756,
            -0.8293584585189819,
            -0.1501287817955017
        ],
        [
            0.09802582859992981,
            -0.8295958042144775,
            -0.15087570250034332
        ],
        [
            0.11914068460464478,
            -0.8296782970428467,
            -0.14530283212661743
        ],
        [
            0.12185493111610413,
            -0.830888032913208,
            -0.1452164351940155
        ],
        [
            0.11791405081748962,
            -0.8342617750167847,
            -0.14805863797664642
        ],
        [
            0.11655160784721375,
            -0.8315895795822144,
            -0.14724306762218475
        ],
        [
            0.12475721538066864,
            -0.8325313329696655,
            -0.1453530490398407
        ],
        [
            0.12333256006240845,
            -0.8283441066741943,
            -0.1434876024723053
        ],
        [
            0.12660858035087585,
            -0.8285858631134033,
            -0.1433175504207611
        ],
        [
            0.12052904814481735,
            -0.8241255283355713,
            -0.14263540506362915
        ],
        [
            0.12323780357837677,
            -0.8219882249832153,
            -0.1416957676410675
        ],
        [
            0.12385377287864685,
            -0.8247524499893188,
            -0.14266252517700195
        ],
        [
            0.12092698365449905,
            -0.8188806176185608,
            -0.14185075461864471
        ],
        [
            0.11779531836509705,
            -0.8225002288818359,
            -0.14333781599998474
        ],
        [
            0.11369578540325165,
            -0.8211637735366821,
            -0.1455385982990265
        ],
        [
            0.10839784890413284,
            -0.8202843070030212,
            -0.1482340693473816
        ],
        [
            0.11082908511161804,
            -0.8148356080055237,
            -0.1457257866859436
        ],
        [
            0.11656099557876587,
            -0.8164340257644653,
            -0.1434759497642517
        ],
        [
            0.12053368985652924,
            -0.8378576040267944,
            -0.1473848819732666
        ],
        [
            0.1282104253768921,
            -0.8235188722610474,
            -0.14144369959831238
        ],
        [
            0.13225726783275604,
            -0.829674243927002,
            -0.14164599776268005
        ],
        [
            0.12783202528953552,
            -0.8185000419616699,
            -0.14041836559772491
        ],
        [
            0.1254894882440567,
            -0.8139986991882324,
            -0.13985630869865417
        ],
        [
            0.12095588445663452,
            -0.8102113008499146,
            -0.1407051831483841
        ],
        [
            0.11462075263261795,
            -0.8078016042709351,
            -0.14276592433452606
        ],
        [
            0.10874855518341064,
            -0.7825899124145508,
            -0.13473555445671082
        ],
        [
            0.11804339289665222,
            -0.7861210107803345,
            -0.13239404559135437
        ],
        [
            0.13574177026748657,
            -0.9072966575622559,
            -0.14898759126663208
        ],
        [
            0.14462360739707947,
            -0.905402421951294,
            -0.1479407548904419
        ],
        [
            0.1448846012353897,
            -0.8973836898803711,
            -0.14332011342048645
        ],
        [
            0.1469399780035019,
            -0.8996135592460632,
            -0.14345349371433258
        ],
        [
            0.14141419529914856,
            -0.9016382694244385,
            -0.1457337737083435
        ],
        [
            0.14064180850982666,
            -0.8989204168319702,
            -0.14492261409759521
        ],
        [
            0.15996170043945312,
            -0.8874533176422119,
            -0.13098880648612976
        ],
        [
            0.1546502709388733,
            -0.8901824951171875,
            -0.13463342189788818
        ],
        [
            0.1547781229019165,
            -0.8861862421035767,
            -0.13330359756946564
        ],
        [
            0.16076970100402832,
            -0.8806160688400269,
            -0.13066478073596954
        ],
        [
            0.14518439769744873,
            -0.8798456192016602,
            -0.13906054198741913
        ],
        [
            0.15015509724617004,
            -0.8804281949996948,
            -0.13651004433631897
        ],
        [
            0.14681117236614227,
            -0.887780487537384,
            -0.138505756855011
        ],
        [
            0.1431855857372284,
            -0.8874219655990601,
            -0.14036259055137634
        ],
        [
            0.1390967071056366,
            -0.8875743746757507,
            -0.141659215092659
        ],
        [
            0.13472531735897064,
            -0.8881015181541443,
            -0.14213481545448303
        ],
        [
            0.13436269760131836,
            -0.8827277421951294,
            -0.14179183542728424
        ],
        [
            0.13961657881736755,
            -0.8810096979141235,
            -0.14093317091464996
        ],
        [
            0.13492129743099213,
            -0.9037268161773682,
            -0.14559373259544373
        ],
        [
            0.12784753739833832,
            -0.9037426710128784,
            -0.14417855441570282
        ],
        [
            0.12891680002212524,
            -0.900567352771759,
            -0.14373880624771118
        ],
        [
            0.13477823138237,
            -0.9004641771316528,
            -0.14533773064613342
        ],
        [
            0.11895982921123505,
            -0.8950085043907166,
            -0.13727030158042908
        ],
        [
            0.1203574389219284,
            -0.897354245185852,
            -0.13840006291866302
        ],
        [
            0.11679771542549133,
            -0.8992310762405396,
            -0.13894972205162048
        ],
        [
            0.115446075797081,
            -0.8948119878768921,
            -0.13815270364284515
        ],
        [
            0.11726602911949158,
            -0.8915715217590332,
            -0.1389118880033493
        ],
        [
            0.11986808478832245,
            -0.8932457566261292,
            -0.1381465494632721
        ],
        [
            0.14589324593544006,
            -0.9596109986305237,
            -0.13937437534332275
        ],
        [
            0.13810274004936218,
            -0.9439375996589661,
            -0.14738085865974426
        ],
        [
            0.16251453757286072,
            -0.9500676393508911,
            -0.1299455314874649
        ],
        [
            0.17221781611442566,
            -0.9379390478134155,
            -0.1210239976644516
        ],
        [
            0.1797942817211151,
            -0.9227604866027832,
            -0.11371877044439316
        ],
        [
            0.14893560111522675,
            -0.8253496885299683,
            -0.13012129068374634
        ],
        [
            0.15021444857120514,
            -0.8156125545501709,
            -0.12429825961589813
        ],
        [
            0.16086913645267487,
            -0.8214738368988037,
            -0.11388026177883148
        ],
        [
            0.15851309895515442,
            -0.8105896711349487,
            -0.1086273044347763
        ],
        [
            0.14790312945842743,
            -0.8049370050430298,
            -0.12016024440526962
        ],
        [
            0.13304075598716736,
            -0.7876414060592651,
            -0.11504971981048584
        ],
        [
            0.1420196145772934,
            -0.7950326800346375,
            -0.11703993380069733
        ],
        [
            0.1532241851091385,
            -0.8004605770111084,
            -0.10185398161411285
        ],
        [
            0.1644703894853592,
            -0.8116514682769775,
            -0.08799383789300919
        ],
        [
            0.16750964522361755,
            -0.8192329406738281,
            -0.09734812378883362
        ],
        [
            0.17239397764205933,
            -0.8257507085800171,
            -0.07579085230827332
        ],
        [
            0.16088253259658813,
            -0.8034362196922302,
            -0.07478936016559601
        ],
        [
            0.17117595672607422,
            -0.8241750001907349,
            -0.06621922552585602
        ],
        [
            0.1418115645647049,
            -0.7661452889442444,
            -0.07289059460163116
        ],
        [
            0.14306023716926575,
            -0.7531075477600098,
            -0.06712760776281357
        ],
        [
            0.15611295402050018,
            -0.759120762348175,
            -0.055042535066604614
        ],
        [
            0.1560560166835785,
            -0.7715342044830322,
            -0.06131961941719055
        ],
        [
            0.16807150840759277,
            -0.828195333480835,
            -0.10527409613132477
        ],
        [
            0.17820942401885986,
            -0.8907654285430908,
            -0.11148092150688171
        ],
        [
            0.171939879655838,
            -0.89183509349823,
            -0.12201744318008423
        ],
        [
            0.17890550196170807,
            -0.8776628375053406,
            -0.10824983566999435
        ],
        [
            0.19073456525802612,
            -0.9482318162918091,
            -0.09181500971317291
        ],
        [
            0.18181279301643372,
            -0.9453113079071045,
            -0.10804056376218796
        ],
        [
            0.18812713027000427,
            -0.9290302991867065,
            -0.10286685824394226
        ],
        [
            0.1956803947687149,
            -0.933963418006897,
            -0.08827993273735046
        ],
        [
            0.1662185788154602,
            -0.9858698844909668,
            -0.09467023611068726
        ],
        [
            0.15775829553604126,
            -0.9752694964408875,
            -0.1184629425406456
        ],
        [
            0.16938628256320953,
            -0.9621266722679138,
            -0.11373909562826157
        ],
        [
            0.17808234691619873,
            -0.9696574211120605,
            -0.09469768404960632
        ],
        [
            0.19942697882652283,
            -0.9342377185821533,
            -0.0754559338092804
        ],
        [
            0.20388123393058777,
            -0.9343541860580444,
            -0.05694008618593216
        ],
        [
            0.20351800322532654,
            -0.9508001804351807,
            -0.04981113225221634
        ],
        [
            0.19726869463920593,
            -0.9519418478012085,
            -0.07169351726770401
        ],
        [
            0.1954076737165451,
            -0.9715516567230225,
            -0.0406106561422348
        ],
        [
            0.1880975365638733,
            -0.9740641117095947,
            -0.06699090451002121
        ],
        [
            0.16950052976608276,
            -0.8100552558898926,
            -0.05479779094457626
        ],
        [
            0.17392241954803467,
            -0.8281854391098022,
            -0.05324878543615341
        ],
        [
            0.1558161973953247,
            -0.7867331504821777,
            -0.06900952011346817
        ],
        [
            0.16605466604232788,
            -0.7931069135665894,
            -0.05336122214794159
        ],
        [
            0.180572047829628,
            -0.9890944957733154,
            -0.031869255006313324
        ],
        [
            0.17315872013568878,
            -0.9925609827041626,
            -0.06339886784553528
        ],
        [
            0.20037922263145447,
            -0.9113156795501709,
            -0.007059074938297272
        ],
        [
            0.20402970910072327,
            -0.9293148517608643,
            -0.015341781079769135
        ],
        [
            0.2044706642627716,
            -0.9164281487464905,
            -0.032290734350681305
        ],
        [
            0.20181891322135925,
            -0.9015018939971924,
            -0.02200585976243019
        ],
        [
            0.19444780051708221,
