{
    "pred_cam": [
        1.6993944644927979,
        0.04702302813529968,
        0.37747713923454285
    ],
    "pred_smpl_params": {
        "global_orient": [
            [
                [
                    -0.12486673146486282,
                    0.07503803819417953,
                    -0.989331841468811
                ],
                [
                    0.3164900243282318,
                    -0.9420323371887207,
                    -0.11139572411775589
                ],
                [
                    -0.9403416514396667,
                    -0.32702329754829407,
                    0.09387970715761185
                ]
            ]
        ],
        "body_pose": [
            [
                [
                    0.993769645690918,
                    0.08297721296548843,
                    0.07440989464521408
                ],
                [
                    -0.10073401033878326,
                    0.9543874859809875,
                    0.28106454014778137
                ],
                [
                    -0.04769391939043999,
                    -0.28680896759033203,
                    0.9567999243736267
                ]
            ],
            [
                [
                    0.9810888767242432,
                    0.17054253816604614,
                    -0.091541588306427
                ],
                [
                    -0.1756729781627655,
                    0.9831157922744751,
                    -0.05120910331606865
                ],
                [
                    0.08126264810562134,
                    0.06632206588983536,
                    0.9944837093353271
                ]
            ],
            [
                [
                    0.9940773248672485,
                    -0.07887081056833267,
                    0.07476501166820526
                ],
                [
                    0.09168272465467453,
                    0.9780166745185852,
                    -0.18729014694690704
                ],
                [
                    -0.05834970995783806,
                    0.1930355280637741,
                    0.979455292224884
                ]
            ],
            [
                [
                    0.9667288064956665,
                    0.24305327236652374,
                    0.07975320518016815
                ],
                [
                    -0.21027711033821106,
                    0.9326063990592957,
                    -0.2933065891265869
                ],
                [
                    -0.14566750824451447,
                    0.2667776644229889,
                    0.9526860117912292
                ]
            ],
            [
                [
                    0.9700981974601746,
                    0.09643176198005676,
                    0.22273364663124084
                ],
                [
                    -0.0943564772605896,
                    0.9953382611274719,
                    -0.019966287538409233
                ],
                [
                    -0.2236206829547882,
                    -0.0016470998525619507,
                    0.9746748208999634
                ]
            ],
            [
                [
                    0.9975099563598633,
                    -0.06996375322341919,
                    0.008892194367945194
                ],
                [
                    0.07011096179485321,
                    0.9973859190940857,
                    -0.017489798367023468
                ],
                [
                    -0.007645296398550272,
                    0.018069686368107796,
                    0.999807596206665
                ]
            ],
            [
                [
                    0.983008861541748,
                    0.004971824586391449,
                    0.18349085748195648
                ],
                [
                    -0.004995801020413637,
                    0.9999874830245972,
                    -0.0003316350048407912
                ],
                [
                    -0.18349020183086395,
                    -0.0005906824371777475,
                    0.9830213785171509
                ]
            ],
            [
                [
                    0.9762513041496277,
                    -0.024190140888094902,
                    -0.21528637409210205
                ],
                [
                    0.030386127531528473,
                    0.9992125034332275,
                    0.025516707450151443
                ],
                [
                    0.2144995778799057,
                    -0.03145243600010872,
                    0.9762175679206848
                ]
            ],
            [
                [
                    0.9985904097557068,
                    -0.04785634204745293,
                    0.022954782471060753
                ],
                [
                    0.04923497885465622,
                    0.9967461824417114,
                    -0.06381886452436447
                ],
                [
                    -0.019825957715511322,
                    0.06485908478498459,
                    0.9976974129676819
                ]
            ],
            [
                [
                    0.9943217039108276,
                    -0.0629485473036766,
                    0.08580048382282257
                ],
                [
                    0.06402025371789932,
                    0.9979005455970764,
                    -0.009794363752007484
                ],
                [
                    -0.0850038081407547,
                    0.015231720171868801,
                    0.9962641596794128
                ]
            ],
            [
                [
                    0.9967161417007446,
                    0.0623847097158432,
                    0.0516236238181591
                ],
                [
                    -0.0644814521074295,
                    0.9971170425415039,
                    0.039998795837163925
                ],
                [
                    -0.04897947609424591,
                    -0.043196216225624084,
                    0.9978653192520142
                ]
            ],
            [
                [
                    0.9503905177116394,
                    -0.09740732610225677,
                    0.29541441798210144
                ],
                [
                    0.1021450012922287,
                    0.994769275188446,
                    -0.0006087425863370299
                ],
                [
                    -0.2938099205493927,
                    0.03075365349650383,
                    0.9553689360618591
                ]
            ],
            [
                [
                    0.9110890030860901,
                    0.4056156575679779,
                    -0.07343533635139465
                ],
                [
                    -0.4068225622177124,
                    0.9135057330131531,
                    -0.0016250046901404858
                ],
                [
                    0.06642447412014008,
                    0.03135567530989647,
                    0.9972985982894897
                ]
            ],
            [
                [
                    0.8963379263877869,
                    -0.4250031113624573,
                    0.12629620730876923
                ],
                [
                    0.43008074164390564,
                    0.9026703238487244,
                    -0.014727064408361912
                ],
                [
                    -0.10774479061365128,
                    0.06751798838376999,
                    0.9918832778930664
                ]
            ],
            [
                [
                    0.9810279607772827,
                    0.05739385262131691,
                    0.18517586588859558
                ],
                [
                    0.00455176318064332,
                    0.9480905532836914,
                    -0.31796786189079285
                ],
                [
                    -0.19381290674209595,
                    0.3127782344818115,
                    0.9298421144485474
                ]
            ],
            [
                [
                    0.5606855750083923,
                    0.8180586695671082,
                    -0.1281084269285202
                ],
                [
                    -0.821865439414978,
                    0.5686531662940979,
                    0.03421732410788536
                ],
                [
                    0.10084103047847748,
                    0.08610272407531738,
                    0.9911697506904602
                ]
            ],
            [
                [
                    0.518371045589447,
                    -0.8019352555274963,
                    0.29697027802467346
                ],
                [
                    0.8313093185424805,
                    0.5539920926094055,
                    0.044917281717061996
                ],
                [
                    -0.20053993165493011,
                    0.22359034419059753,
                    0.9538297057151794
                ]
            ],
            [
                [
                    0.9974148869514465,
                    -0.0020964781288057566,
                    -0.07182732224464417
                ],
                [
                    -0.0016058235196396708,
                    0.9986743927001953,
                    -0.05144807696342468
                ],
                [
                    0.07183996587991714,
                    0.05143041908740997,
                    0.9960893392562866
                ]
            ],
            [
                [
                    0.9733311533927917,
                    0.026103002950549126,
                    0.22791458666324615
                ],
                [
                    -0.012792805209755898,
                    0.9981353878974915,
                    -0.05968327820301056
                ],
                [
                    -0.2290475219488144,
                    0.05517593026161194,
                    0.9718502163887024
                ]
            ],
            [
                [
                    0.9980133771896362,
                    0.060780882835388184,
                    0.016584083437919617
                ],
                [
                    -0.060784339904785156,
                    0.9981508851051331,
                    -0.0002958101104013622
                ],
                [
                    -0.016571396961808205,
                    -0.0007128301658667624,
                    0.9998624324798584
                ]
            ],
            [
                [
                    0.9967114925384521,
                    -0.08029763400554657,
                    0.010882607661187649
                ],
                [
                    0.07865942269563675,
                    0.9910252094268799,
                    0.1080821305513382
                ],
                [
                    -0.0194636769592762,
                    -0.10687068849802017,
                    0.9940823912620544
                ]
            ],
            [
                [
                    0.9779141545295715,
                    0.1867239624261856,
                    -0.09390370547771454
                ],
                [
                    -0.16708140075206757,
                    0.9683340191841125,
                    0.1855076402425766
                ],
                [
                    0.12556886672973633,
                    -0.16572101414203644,
                    0.9781456589698792
                ]
            ],
            [
                [
                    0.9726471900939941,
                    -0.2118448168039322,
                    0.09528455138206482
                ],
                [
                    0.1906251609325409,
                    0.962357223033905,
                    0.1937284767627716
                ],
                [
                    -0.1327381283044815,
                    -0.17026583850383759,
                    0.9764170050621033
                ]
            ]
        ],
        "betas": [
            -0.07852917909622192,
            0.07898566126823425,
            -0.22793005406856537,
            0.12600402534008026,
            0.13151776790618896,
            0.10281113535165787,
            -0.05048134922981262,
            -0.0640559196472168,
            0.08028373122215271,
            -0.042818814516067505
        ]
    },
    "pred_cam_t": [
        0.04702302813529968,
        0.37747713923454285,
        22.986127853393555
    ],
    "focal_length": [
        5000.0,
        5000.0
    ],
    "pred_keypoints_3d": [
        [
            -0.1811358630657196,
            -0.7706974744796753,
            -0.1363075077533722
        ],
        [
            -0.013035545125603676,
            -0.7147892713546753,
            -0.0744720995426178
        ],
        [
            0.00688523892313242,
            -0.6304541230201721,
            0.11497771739959717
        ],
        [
            0.02767905592918396,
            -0.3810138702392578,
            0.1601174920797348
        ],
        [
            -0.029523707926273346,
            -0.1363038420677185,
            0.2033071368932724
        ],
        [
            -0.009713475592434406,
            -0.5951076149940491,
            -0.23899602890014648
        ],
        [
            0.035326309502124786,
            -0.33832818269729614,
            -0.24787648022174835
        ],
        [
            0.03187429532408714,
            -0.09008847177028656,
            -0.2668343186378479
        ],
        [
            -0.001920310314744711,
            -0.2221599519252777,
            0.026829231530427933
        ],
        [
            0.004701613448560238,
            -0.15819644927978516,
            0.11836345493793488
        ],
        [
            0.02590637281537056,
            0.15933072566986084,
            0.33047884702682495
        ],
        [
            0.08048185706138611,
            0.495064377784729,
            0.5369654893875122
        ],
        [
            -0.009822821244597435,
            -0.11426820605993271,
            -0.008634805679321289
        ],
        [
            -0.13795924186706543,
            0.21505287289619446,
            0.11612968146800995
        ],
        [
            -0.11518581956624985,
            0.5154497027397156,
            0.37583261728286743
        ],
        [
            -0.18106132745742798,
            -0.8170112371444702,
            -0.09499885141849518
        ],
        [
            -0.15558509528636932,
            -0.8230627179145813,
            -0.156139075756073
        ],
        [
            -0.11168035864830017,
            -0.8343217372894287,
            -0.018764153122901917
        ],
        [
            -0.057772599160671234,
            -0.8472659587860107,
            -0.15397721529006958
        ],
        [
            -0.309477835893631,
            0.5750355124473572,
            0.38348275423049927
        ],
        [
            -0.2482113540172577,
            0.6124725341796875,
            0.3425532579421997
        ],
        [
            -0.05711502954363823,
            0.5437943339347839,
            0.4005753993988037
        ],
        [
            -0.10986655205488205,
            0.5279179811477661,
            0.582933783531189
        ],
        [
            -0.055140141397714615,
            0.4947010576725006,
            0.6434995532035828
        ],
        [
            0.13856273889541626,
            0.5322041511535645,
            0.556412935256958
        ],
        [
            0.10745750367641449,
            0.44051939249038696,
            0.5235242247581482
        ],
        [
            0.023447416722774506,
            0.10137329250574112,
            0.2927580773830414
        ],
        [
            0.02345316857099533,
            -0.2972436547279358,
            0.15008233487606049
        ],
        [
            0.00795690156519413,
            -0.1891765147447586,
            -0.11789482831954956
        ],
        [
            -0.12825261056423187,
            0.18333128094673157,
            0.08755698055028915
        ],
        [
            -0.08791638910770416,
            0.49353206157684326,
            0.34960076212882996
        ],
        [
            -0.05586199462413788,
            -0.16050925850868225,
            0.1932460218667984
        ],
        [
            0.006264783442020416,
            -0.40187573432922363,
            0.1860237419605255
        ],
        [
            0.0018887498881667852,
            -0.6596940755844116,
            0.07565313577651978
        ],
        [
            -0.002271727193146944,
            -0.6327162384986877,
            -0.21618494391441345
        ],
        [
            0.005448431707918644,
            -0.35570386052131653,
            -0.28408437967300415
        ],
        [
            0.01708100363612175,
            -0.10190096497535706,
            -0.27287882566452026
        ],
        [
            -0.0160854272544384,
            -0.7030894160270691,
            -0.07577293366193771
        ],
        [
            -0.11597482860088348,
            -0.8843072652816772,
            -0.09875164180994034
        ],
        [
            0.015934985131025314,
            -0.2439684420824051,
            0.015479589812457561
        ],
        [
            -0.003087792545557022,
            -0.6452910304069519,
            -0.06775891780853271
        ],
        [
            0.03147612139582634,
            -0.4774090349674225,
            -0.04614623263478279
        ],
        [
            -0.10506358742713928,
            -0.772443950176239,
            -0.10881569981575012
        ],
        [
            -0.1166691780090332,
            -0.9043601751327515,
            -0.09324109554290771
        ]
    ],
    "pred_vertices": [
        [
            -0.16866609454154968,
            -0.8686484098434448,
            -0.1695294976234436
        ],
        [
            -0.1717168092727661,
            -0.8521133661270142,
            -0.1659671515226364
        ],
        [
            -0.1584230661392212,
            -0.8529195785522461,
            -0.17190206050872803
        ],
        [
            -0.1518506109714508,
            -0.8664253950119019,
            -0.17383721470832825
        ],
        [
            -0.1615402102470398,
            -0.8418552875518799,
            -0.17040365934371948
        ],
        [
            -0.17148660123348236,
            -0.8397997617721558,
            -0.16431653499603271
        ],
        [
            -0.14468273520469666,
            -0.851123034954071,
            -0.17383038997650146
        ],
        [
            -0.1361657977104187,
            -0.8612782955169678,
            -0.17492854595184326
        ],
        [
            -0.12014222890138626,
            -0.8216832280158997,
            -0.17212991416454315
        ],
        [
            -0.1090359315276146,
            -0.8209890723228455,
            -0.1721590757369995
        ],
        [
            -0.11488109827041626,
            -0.8321684002876282,
            -0.1731240451335907
        ],
        [
            -0.12474273145198822,
            -0.8298319578170776,
            -0.17192554473876953
        ],
        [
            -0.10926595330238342,
            -0.7983152270317078,
            -0.16807563602924347
        ],
        [
            -0.11548087000846863,
            -0.7863318920135498,
            -0.1649862676858902
        ],
        [
            -0.10355549305677414,
            -0.781164824962616,
            -0.16250395774841309
        ],
        [
            -0.09664779901504517,
            -0.7929794788360596,
            -0.16393443942070007
        ],
        [
            -0.1521090567111969,
            -0.7885031700134277,
            -0.14625531435012817
        ],
        [
            -0.14696569740772247,
            -0.7832415103912354,
            -0.1502605527639389
        ],
        [
            -0.14695903658866882,
            -0.7902425527572632,
            -0.15386483073234558
        ],
        [
            -0.15186050534248352,
            -0.7948248386383057,
            -0.14905981719493866
        ],
        [
            -0.16428576409816742,
            -0.7947988510131836,
            -0.14159271121025085
        ],
        [
            -0.1629292368888855,
            -0.8012136220932007,
            -0.14158335328102112
        ],
        [
            -0.17052195966243744,
            -0.8026731610298157,
            -0.1396838128566742
        ],
        [
            -0.17212283611297607,
            -0.7953392863273621,
            -0.14074859023094177
        ],
        [
            -0.15254801511764526,
            -0.7828859090805054,
            -0.14119818806648254
        ],
        [
            -0.14694254100322723,
            -0.7776108980178833,
            -0.14527735114097595
        ],
        [
            -0.15721146762371063,
            -0.7929022908210754,
            -0.1433192640542984
        ],
        [
            -0.1583380252122879,
            -0.7876880168914795,
            -0.14232420921325684
        ],
        [
            -0.16631299257278442,
            -0.7782344222068787,
            -0.14369741082191467
        ],
        [
            -0.16604271531105042,
            -0.783348023891449,
            -0.1447559893131256
        ],
        [
            -0.17357951402664185,
            -0.781779944896698,
            -0.1448507010936737
        ],
        [
            -0.17171728610992432,
            -0.776637852191925,
            -0.14295735955238342
        ],
        [
            -0.15696924924850464,
            -0.7807687520980835,
            -0.14240175485610962
        ],
        [
            -0.1601240634918213,
            -0.7827507257461548,
            -0.14426001906394958
        ],
        [
            -0.16181153059005737,
            -0.7781649231910706,
            -0.14283634722232819
        ],
        [
            -0.15896520018577576,
            -0.7770147323608398,
            -0.13997218012809753
        ],
        [
            -0.1653764247894287,
            -0.7896127700805664,
            -0.14211073517799377
        ],
        [
            -0.17318007349967957,
            -0.788867712020874,
            -0.1425878405570984
        ],
        [
            -0.18115784227848053,
            -0.7874801158905029,
            -0.14191940426826477
        ],
        [
            -0.18100187182426453,
            -0.7786881923675537,
            -0.14362575113773346
        ],
        [
            -0.1329931616783142,
            -0.7735334634780884,
            -0.15648838877677917
        ],
        [
            -0.14064303040504456,
            -0.7782217860221863,
            -0.15438902378082275
        ],
        [
            -0.14128819108009338,
            -0.7729831337928772,
            -0.14944998919963837
        ],
        [
            -0.1352083832025528,
            -0.7691254019737244,
            -0.15214289724826813
        ],
        [
            -0.15463432669639587,
            -0.7754189968109131,
            -0.13914310932159424
        ],
        [
            -0.1481977254152298,
            -0.7606953382492065,
            -0.141350656747818
        ],
        [
            -0.14946699142456055,
            -0.7643609642982483,
            -0.14193753898143768
        ],
        [
            -0.1554790735244751,
            -0.7633011341094971,
            -0.13827776908874512
        ],
        [
            -0.15390631556510925,
            -0.7599964141845703,
            -0.13818636536598206
        ],
        [
            -0.11871632933616638,
            -0.7635908126831055,
            -0.15618306398391724
        ],
        [
            -0.12434832751750946,
            -0.7604373693466187,
            -0.152862086892128
        ],
        [
            -0.11968265473842621,
            -0.7549893856048584,
            -0.15151792764663696
        ],
        [
            -0.11294256895780563,
            -0.7573127746582031,
            -0.15360033512115479
        ],
        [
            -0.1181102767586708,
            -0.7498106956481934,
            -0.148230642080307
        ],
        [
            -0.10861251503229141,
            -0.7509758472442627,
            -0.15029966831207275
        ],
        [
            -0.107969269156456,
            -0.7364619970321655,
            -0.14090979099273682
        ],
        [
            -0.10777125507593155,
            -0.7430895566940308,
            -0.1455313116312027
        ],
        [
            -0.11826085299253464,
            -0.7439649105072021,
            -0.1442629098892212
        ],
        [
            -0.12121247500181198,
            -0.7375004887580872,
            -0.14018626511096954
        ],
        [
            -0.13417460024356842,
            -0.7378112077713013,
            -0.13369479775428772
        ],
        [
            -0.13816159963607788,
            -0.735366702079773,
            -0.12937304377555847
        ],
        [
            -0.1306903064250946,
            -0.7250924110412598,
            -0.1314583718776703
        ],
        [
            -0.12629860639572144,
            -0.7302868366241455,
            -0.13572758436203003
        ],
        [
            -0.14266125857830048,
            -0.7567955255508423,
            -0.13822096586227417
        ],
        [
            -0.13881441950798035,
            -0.7581304311752319,
            -0.14061152935028076
        ],
        [
            -0.141076922416687,
            -0.7587587833404541,
            -0.14205244183540344
        ],
        [
            -0.14579185843467712,
            -0.758263111114502,
            -0.1399107277393341
        ],
        [
            -0.1356682926416397,
            -0.7589319348335266,
            -0.14308156073093414
        ],
        [
            -0.134255051612854,
            -0.75917649269104,
            -0.14421239495277405
        ],
        [
            -0.13582420349121094,
            -0.7598845958709717,
            -0.14471542835235596
        ],
        [
            -0.13635492324829102,
            -0.7593300938606262,
            -0.14359085261821747
        ],
        [
            -0.13754220306873322,
            -0.7586097717285156,
            -0.14201253652572632
        ],
        [
            -0.13761669397354126,
            -0.7566348910331726,
            -0.14094924926757812
        ],
        [
            -0.13614782691001892,
            -0.757948637008667,
            -0.14238125085830688
        ],
        [
            -0.14107201993465424,
            -0.7545484304428101,
            -0.13890549540519714
        ],
        [
            -0.1517290621995926,
            -0.7486230134963989,
            -0.13086725771427155
        ],
        [
            -0.14926043152809143,
            -0.7498822212219238,
            -0.13350853323936462
        ],
        [
            -0.1504976451396942,
            -0.7542136907577515,
            -0.1321733444929123
        ],
        [
            -0.1527184545993805,
            -0.7534170150756836,
            -0.12998896837234497
        ],
        [
            -0.13862693309783936,
            -0.7606399655342102,
            -0.14461103081703186
        ],
        [
            -0.13779327273368835,
            -0.7627156972885132,
            -0.1463368535041809
        ],
        [
            -0.14302611351013184,
            -0.7637513875961304,
            -0.144720196723938
        ],
        [
            -0.1421550065279007,
            -0.7611925601959229,
            -0.14313159883022308
        ],
        [
            -0.13699865341186523,
            -0.7649250626564026,
            -0.14896097779273987
        ],
        [
            -0.13476210832595825,
            -0.7615163326263428,
            -0.14660155773162842
        ],
        [
            -0.1332545280456543,
            -0.762696385383606,
            -0.14927873015403748
        ],
        [
            -0.13386887311935425,
            -0.7575252056121826,
            -0.14344921708106995
        ],
        [
            -0.13087958097457886,
            -0.7568967342376709,
            -0.1449970304965973
        ],
        [
            -0.13242107629776,
            -0.7589948773384094,
            -0.14634986221790314
        ],
        [
            -0.1310468465089798,
            -0.7534616589546204,
            -0.14305737614631653
        ],
        [
            -0.13514044880867004,
            -0.7551394104957581,
            -0.14144718647003174
        ],
        [
            -0.13821950554847717,
            -0.752097487449646,
            -0.13935601711273193
        ],
        [
            -0.14238877594470978,
            -0.7488542199134827,
            -0.1367165446281433
        ],
        [
            -0.13717889785766602,
            -0.7457660436630249,
            -0.13696780800819397
        ],
        [
            -0.13345807790756226,
            -0.7495205402374268,
            -0.14036276936531067
        ],
        [
            -0.14283189177513123,
            -0.7678675651550293,
            -0.14662981033325195
        ],
        [
            -0.12895910441875458,
            -0.7594550848007202,
            -0.1492483913898468
        ],
        [
            -0.12981149554252625,
            -0.7655953168869019,
            -0.1528947502374649
        ],
        [
            -0.12636417150497437,
            -0.7554804086685181,
            -0.14806458353996277
        ],
        [
            -0.12544777989387512,
            -0.7512490749359131,
            -0.14551568031311035
        ],
        [
            -0.1270824372768402,
            -0.7466794848442078,
            -0.14171041548252106
        ],
        [
            -0.13043667376041412,
            -0.7418034672737122,
            -0.1380106508731842
        ],
        [
            -0.1176782101392746,
            -0.7208195328712463,
            -0.12806876003742218
        ],
        [
            -0.11346068978309631,
            -0.7275072336196899,
            -0.13439792394638062
        ],
        [
            -0.1671595275402069,
            -0.8335427045822144,
            -0.16062438488006592
        ],
        [
            -0.16088047623634338,
            -0.8345585465431213,
            -0.16713735461235046
        ],
        [
            -0.1539614498615265,
            -0.8286948204040527,
            -0.1649167686700821
        ],
        [
            -0.15393131971359253,
            -0.8314586281776428,
            -0.16632577776908875
        ],
        [
            -0.15936049818992615,
            -0.8309239149093628,
            -0.16345375776290894
        ],
        [
            -0.15795323252677917,
            -0.8280960321426392,
            -0.16259127855300903
        ],
        [
            -0.13270221650600433,
            -0.8289434909820557,
            -0.16941174864768982
        ],
        [
            -0.13921377062797546,
            -0.8283923864364624,
            -0.1673089563846588
        ],
        [
            -0.1365417242050171,
            -0.8254278302192688,
            -0.1663752943277359
        ],
        [
            -0.12912322580814362,
            -0.8230470418930054,
            -0.16981279850006104
        ],
        [
            -0.14258801937103271,
            -0.8150984048843384,
            -0.16202561557292938
        ],
        [
            -0.13864262402057648,
            -0.817919135093689,
            -0.1645343005657196
        ],
        [
            -0.14476296305656433,
            -0.8227053880691528,
            -0.16311022639274597
        ],
        [
            -0.1476830542087555,
            -0.82069331407547,
            -0.16142943501472473
        ],
        [
            -0.15059706568717957,
            -0.8191688060760498,
            -0.1589105874300003
        ],
        [
            -0.1534498929977417,
            -0.8184013366699219,
            -0.15553727746009827
        ],
        [
            -0.15086498856544495,
            -0.8135850429534912,
            -0.1553100198507309
        ],
        [
            -0.14688435196876526,
            -0.8138602375984192,
            -0.1588924080133438
        ],
        [
            -0.16347017884254456,
            -0.8308602571487427,
            -0.15846991539001465
        ],
        [
            -0.1661064624786377,
            -0.8296456336975098,
            -0.1516110599040985
        ],
        [
            -0.163633793592453,
            -0.8270442485809326,
            -0.15244987607002258
        ],
        [
            -0.16175919771194458,
            -0.8277860283851624,
            -0.1583399623632431
        ],
        [
            -0.16112753748893738,
            -0.8218766450881958,
            -0.14047962427139282
        ],
        [
            -0.16254055500030518,
            -0.8238462209701538,
            -0.14230965077877045
        ],
        [
            -0.16559386253356934,
            -0.8243395090103149,
            -0.13990004360675812
        ],
        [
            -0.16343486309051514,
            -0.8205147981643677,
            -0.13822482526302338
        ],
        [
            -0.16125455498695374,
            -0.8178979158401489,
            -0.14001277089118958
        ],
        [
            -0.16015711426734924,
            -0.820318877696991,
            -0.14164528250694275
        ],
        [
            -0.17897164821624756,
            -0.8885167837142944,
            -0.16206514835357666
        ],
        [
            -0.18215501308441162,
            -0.8696504831314087,
            -0.1604452133178711
        ],
        [
            -0.15931160748004913,
            -0.8878173828125,
            -0.1693030595779419
        ],
        [
            -0.14235952496528625,
            -0.8825623393058777,
            -0.17281478643417358
        ],
        [
            -0.12674333155155182,
            -0.8731769919395447,
            -0.1747240126132965
        ],
        [
            -0.11144952476024628,
            -0.7709616422653198,
            -0.15965674817562103
        ],
        [
            -0.10284984111785889,
            -0.7650383710861206,
            -0.15721449255943298
        ],
        [
            -0.09220777451992035,
            -0.7765817642211914,
            -0.15954643487930298
        ],
        [
            -0.08582085371017456,
            -0.7683462500572205,
            -0.15528230369091034
        ],
        [
            -0.097370944917202,
            -0.7566220760345459,
            -0.15307092666625977
        ],
        [
            -0.09558270126581192,
            -0.7381281852722168,
            -0.13878709077835083
        ],
        [
            -0.0948597639799118,
            -0.7470227479934692,
            -0.14722751080989838
        ],
        [
            -0.08059394359588623,
            -0.7596769332885742,
            -0.14901208877563477
        ],
        [
            -0.06839142739772797,
            -0.7769528031349182,
            -0.15104396641254425
        ],
        [
            -0.07620345056056976,
            -0.7820125222206116,
            -0.1562006175518036
        ],
        [
            -0.06134694814682007,
            -0.7962528467178345,
            -0.1502877026796341
        ],
        [
            -0.060146767646074295,
            -0.7726252675056458,
            -0.14245662093162537
        ],
        [
            -0.055820025503635406,
            -0.797859787940979,
            -0.14414772391319275
        ],
        [
            -0.06596240401268005,
            -0.7383478879928589,
            -0.12583418190479279
        ],
        [
            -0.06202983856201172,
            -0.7294182777404785,
            -0.12526175379753113
        ],
        [
            -0.04802105575799942,
            -0.7393854856491089,
            -0.1338372826576233
        ],
        [
            -0.05199170485138893,
            -0.7488353252410889,
            -0.13389421999454498
        ],
        [
            -0.0846954882144928,
            -0.7875595092773438,
            -0.16053467988967896
        ],
        [
            -0.11183491349220276,
            -0.8445819616317749,
            -0.17252294719219208
        ],
        [
            -0.12255613505840302,
            -0.8405094742774963,
            -0.17341415584087372
        ],
        [
            -0.10327892750501633,
            -0.8341087698936462,
            -0.17157664895057678
        ],
        [
            -0.1164797842502594,
            -0.9062323570251465,
            -0.1698649674654007
        ],
        [
            -0.1311432123184204,
            -0.8961776494979858,
            -0.17336589097976685
        ],
        [
            -0.11742277443408966,
            -0.8845977187156677,
            -0.17443260550498962
        ],
        [
            -0.10523626953363419,
            -0.8957703113555908,
            -0.1724582016468048
        ],
        [
            -0.14790692925453186,
            -0.9326523542404175,
            -0.15217344462871552
        ],
        [
            -0.16517134010791779,
            -0.912148118019104,
            -0.16044968366622925
        ],
        [
            -0.1495477855205536,
            -0.9059246778488159,
            -0.16781488060951233
        ],
        [
            -0.13459953665733337,
            -0.9216341376304626,
            -0.16201470792293549
        ],
        [
            -0.09360887855291367,
            -0.9023792743682861,
            -0.16834008693695068
        ],
        [
            -0.07912380993366241,
            -0.9101055860519409,
            -0.16106323897838593
        ],
        [
            -0.08047617971897125,
            -0.9264669418334961,
            -0.15588033199310303
        ],
        [
            -0.09966716915369034,
            -0.918878436088562,
            -0.1637192964553833
        ],
        [
            -0.08684849739074707,
            -0.9466373920440674,
            -0.14378276467323303
        ],
        [
            -0.11086263507604599,
            -0.9376256465911865,
            -0.15364888310432434
        ],
        [
            -0.04530797898769379,
            -0.7881176471710205,
            -0.1376531720161438
        ],
        [
            -0.0476156547665596,
            -0.8070663213729858,
            -0.13839076459407806
        ],
        [
            -0.05785265564918518,
            -0.7591742873191833,
            -0.13535448908805847
        ],
        [
            -0.0432373508810997,
            -0.771918535232544,
            -0.13671505451202393
        ],
        [
            -0.09580515325069427,
            -0.9607847929000854,
            -0.12669387459754944
        ],
        [
            -0.12407787889242172,
            -0.951282262802124,
            -0.13904163241386414
        ],
        [
            -0.03433695435523987,
            -0.9056715369224548,
            -0.13023246824741364
        ],
        [
            -0.04701472818851471,
            -0.919407069683075,
            -0.13645236194133759
        ],
        [
            -0.0521945059299469,
            -0.9028085470199585,
            -0.14833542704582214
        ],
        [
