{
    "pred_cam": [
        1.1186784505844116,
        0.040064483880996704,
        0.1419965922832489
    ],
    "pred_smpl_params": {
        "global_orient": [
            [
                [
                    0.9790061712265015,
                    0.2028236985206604,
                    0.020237181335687637
                ],
                [
                    0.20321404933929443,
                    -0.9789390563964844,
                    -0.019555428996682167
                ],
                [
                    0.015844661742448807,
                    0.023257361724972725,
                    -0.9996039867401123
                ]
            ]
        ],
        "body_pose": [
            [
                [
                    0.9994989037513733,
                    -0.02526690810918808,
                    -0.019064685329794884
                ],
                [
                    0.028602270409464836,
                    0.9789471626281738,
                    0.20209965109825134
                ],
                [
                    0.013556886464357376,
                    -0.2025436908006668,
                    0.979179322719574
                ]
            ],
            [
                [
                    0.9990985989570618,
                    0.03822542726993561,
                    0.018463093787431717
                ],
                [
                    -0.0407724492251873,
                    0.9851707816123962,
                    0.16666176915168762
                ],
                [
                    -0.011818578466773033,
                    -0.16726431250572205,
                    0.9858412742614746
                ]
            ],
            [
                [
                    0.9985056519508362,
                    0.053791072219610214,
                    0.009636851027607918
                ],
                [
                    -0.050750769674777985,
                    0.9781708717346191,
                    -0.2015095204114914
                ],
                [
                    -0.02026589959859848,
                    0.20071934163570404,
                    0.9794390797615051
                ]
            ],
            [
                [
                    0.9975966811180115,
                    0.01158809568732977,
                    -0.06831274926662445
                ],
                [
                    -0.05520143732428551,
                    0.728799045085907,
                    -0.6824988722801208
                ],
                [
                    0.04187740385532379,
                    0.6846295595169067,
                    0.7276871800422668
                ]
            ],
            [
                [
                    0.9972662329673767,
                    -0.034162141382694244,
                    0.06552162021398544
                ],
                [
                    0.06025116518139839,
                    0.8892723321914673,
                    -0.4533921182155609
                ],
                [
                    -0.04277772083878517,
                    0.45610037446022034,
                    0.888899564743042
                ]
            ],
            [
                [
                    0.9997678399085999,
                    -0.013295085169374943,
                    0.016954967752099037
                ],
                [
                    0.01379784569144249,
                    0.9994580149650574,
                    -0.029888765886425972
                ],
                [
                    -0.016548404470086098,
                    0.030115770176053047,
                    0.9994094371795654
                ]
            ],
            [
                [
                    0.9925114512443542,
                    0.05612954497337341,
                    0.10849208384752274
                ],
                [
                    -0.06769377738237381,
                    0.9920562505722046,
                    0.10602772235870361
                ],
                [
                    -0.10167896747589111,
                    -0.11257796734571457,
                    0.9884268045425415
                ]
            ],
            [
                [
                    0.9860866665840149,
                    -0.10929206758737564,
                    -0.12525303661823273
                ],
                [
                    0.10670293867588043,
                    0.9939182996749878,
                    -0.027217285707592964
                ],
                [
                    0.12746593356132507,
                    0.013473735190927982,
                    0.9917513728141785
                ]
            ],
            [
                [
                    0.9995526671409607,
                    -0.029904920607805252,
                    -0.0005170460790395737
                ],
                [
                    0.02990741841495037,
                    0.9995360970497131,
                    0.00576074980199337
                ],
                [
                    0.00034453137777745724,
                    -0.00577363558113575,
                    0.9999833703041077
                ]
            ],
            [
                [
                    0.9883608818054199,
                    -0.14633198082447052,
                    0.04158946871757507
                ],
                [
                    0.13812319934368134,
                    0.9777643084526062,
                    0.15779414772987366
                ],
                [
                    -0.06375502049922943,
                    -0.1502131074666977,
                    0.9865958094596863
                ]
            ],
            [
                [
                    0.9743927717208862,
                    0.21988895535469055,
                    -0.04698554426431656
                ],
                [
                    -0.20750004053115845,
                    0.9598397612571716,
                    0.18881574273109436
                ],
                [
                    0.08661708235740662,
                    -0.1742311716079712,
                    0.9808878898620605
                ]
            ],
            [
                [
                    0.98821622133255,
                    -0.02712591178715229,
                    -0.1506415456533432
                ],
                [
                    0.045583825558423996,
                    0.9916706085205078,
                    0.12046276777982712
                ],
                [
                    0.1461191624403,
                    -0.12591007351875305,
                    0.9812214970588684
                ]
            ],
            [
                [
                    0.9284865260124207,
                    0.2936670482158661,
                    -0.22731564939022064
                ],
                [
                    -0.2932242453098297,
                    0.955346405506134,
                    0.036508526653051376
                ],
                [
                    0.22788652777671814,
                    0.03275679051876068,
                    0.9731365442276001
                ]
            ],
            [
                [
                    0.9357339143753052,
                    -0.28033673763275146,
                    0.21404056251049042
                ],
                [
                    0.278297483921051,
                    0.9596515893936157,
                    0.040240898728370667
                ],
                [
                    -0.21668536961078644,
                    0.02191218174993992,
                    0.9759955406188965
                ]
            ],
            [
                [
                    0.9928929209709167,
                    -0.08346806466579437,
                    -0.08483409136533737
                ],
                [
                    0.07293526828289032,
                    0.9900348782539368,
                    -0.1204632893204689
                ],
                [
                    0.0940435454249382,
                    0.11341974139213562,
                    0.989086389541626
                ]
            ],
            [
                [
                    0.3912447690963745,
                    0.8080320954322815,
                    -0.4404674768447876
                ],
                [
                    -0.8843948245048523,
                    0.46248671412467957,
                    0.06286317855119705
                ],
                [
                    0.25450581312179565,
                    0.36495229601860046,
                    0.8955649137496948
                ]
            ],
            [
                [
                    0.49475523829460144,
                    -0.7760103940963745,
                    0.39118441939353943
                ],
                [
                    0.8374993801116943,
                    0.5459226369857788,
                    0.02373422123491764
                ],
                [
                    -0.23197443783283234,
                    0.3158740699291229,
                    0.9200063347816467
                ]
            ],
            [
                [
                    -0.1916547268629074,
                    -0.4437623620033264,
                    -0.8754104971885681
                ],
                [
                    0.0927620455622673,
                    0.8797619938850403,
                    -0.46627679467201233
                ],
                [
                    0.9770689606666565,
                    -0.17056898772716522,
                    -0.1274462342262268
                ]
            ],
            [
                [
                    -0.23364011943340302,
                    0.4521849751472473,
                    0.8607792854309082
                ],
                [
                    -0.1088854968547821,
                    0.8675448298454285,
                    -0.4852936565876007
                ],
                [
                    -0.9662071466445923,
                    -0.2071104496717453,
                    -0.1534568965435028
                ]
            ],
            [
                [
                    0.9697850346565247,
                    -0.2214546799659729,
                    -0.10234753042459488
                ],
                [
                    0.23123963177204132,
                    0.9681164622306824,
                    0.09632638841867447
                ],
                [
                    0.07775240391492844,
                    -0.11708267033100128,
                    0.9900739789009094
                ]
            ],
            [
                [
                    0.9612907767295837,
                    0.25166958570480347,
                    0.11217102408409119
                ],
                [
                    -0.25656217336654663,
                    0.9660202264785767,
                    0.03131828457117081
                ],
                [
                    -0.10047761350870132,
                    -0.05888482928276062,
                    0.9931952357292175
                ]
            ],
            [
                [
                    0.9705609083175659,
                    0.21590836346149445,
                    -0.10674778372049332
                ],
                [
                    -0.20675402879714966,
                    0.9741913080215454,
                    0.09057538956403732
                ],
                [
                    0.12354876846075058,
                    -0.06583840399980545,
                    0.9901519417762756
                ]
            ],
            [
                [
                    0.9710968732833862,
                    -0.22550351917743683,
                    0.07822377979755402
                ],
                [
                    0.21666300296783447,
                    0.9703113436698914,
                    0.10748475044965744
                ],
                [
                    -0.10013961791992188,
                    -0.08742991089820862,
                    0.9911245703697205
                ]
            ]
        ],
        "betas": [
            0.0019868463277816772,
            0.2015027403831482,
            0.2784460484981537,
            0.4290672838687897,
            -0.04101353883743286,
            0.010725412517786026,
            0.019754856824874878,
            0.006279617547988892,
            0.04670383036136627,
            -0.05554395914077759
        ]
    },
    "pred_cam_t": [
        0.040064483880996704,
        0.1419965922832489,
        34.918434143066406
    ],
    "focal_length": [
        5000.0,
        5000.0
    ],
    "pred_keypoints_3d": [
        [
            0.10517099499702454,
            -0.8319950103759766,
            -0.17446982860565186
        ],
        [
            0.11529050767421722,
            -0.7249143123626709,
            -0.010266045108437538
        ],
        [
            -0.07945479452610016,
            -0.6706540584564209,
            -0.014857005327939987
        ],
        [
            -0.17631694674491882,
            -0.43659523129463196,
            -0.02252890169620514
        ],
        [
            -0.04001779854297638,
            -0.4728325605392456,
            -0.2344500720500946
        ],
        [
            0.2681763768196106,
            -0.5965385437011719,
            -0.004604756832122803
        ],
        [
            0.23117274045944214,
            -0.3389699459075928,
            -0.003034476190805435
        ],
        [
            0.13594137132167816,
            -0.42820411920547485,
            -0.21465283632278442
        ],
        [
            -0.0021609109826385975,
            -0.22774316370487213,
            0.026431074365973473
        ],
        [
            -0.0853123813867569,
            -0.1524651050567627,
            0.028389401733875275
        ],
        [
            -0.2125844657421112,
            0.20377105474472046,
            -0.03789453208446503
        ],
        [
            -0.28004908561706543,
            0.5668410062789917,
            0.11385408043861389
        ],
        [
            0.045564595609903336,
            -0.12418805062770844,
            0.03288152441382408
        ],
        [
            0.016364501789212227,
            0.24173946678638458,
            -0.048231665045022964
        ],
        [
            -0.05570043623447418,
            0.554277777671814,
            0.18900486826896667
        ],
        [
            0.08468641340732574,
            -0.8757109642028809,
            -0.13540011644363403
        ],
        [
            0.1490595042705536,
            -0.8686645030975342,
            -0.15120309591293335
        ],
        [
            0.065946564078331,
            -0.8660849332809448,
            -0.03390517085790634
        ],
        [
            0.2081407606601715,
            -0.8493979573249817,
            -0.06837255507707596
        ],
        [
            -0.07613871991634369,
            0.6784307360649109,
            0.03476211428642273
        ],
        [
            -0.009008042514324188,
            0.6787725687026978,
            0.08507651090621948
        ],
        [
            -0.05442813038825989,
            0.5614573955535889,
            0.2578883171081543
        ],
        [
            -0.29512521624565125,
            0.6674576997756958,
            -0.057783424854278564
        ],
        [
            -0.364119291305542,
            0.6488999724388123,
            -0.0072829872369766235
        ],
        [
            -0.28547656536102295,
            0.592548668384552,
            0.18244770169258118
        ],
        [
            -0.2897522449493408,
            0.5093157887458801,
            0.12507741153240204
        ],
        [
            -0.19338548183441162,
            0.142433762550354,
            -0.035256143659353256
        ],
        [
            -0.13599470257759094,
            -0.2902296483516693,
            0.034898098558187485
        ],
        [
            0.141150563955307,
            -0.21410152316093445,
            0.053039900958538055
        ],
        [
            0.03241740167140961,
            0.20350506901741028,
            -0.04662633314728737
        ],
        [
            -0.03919878602027893,
            0.5145911574363708,
            0.19412115216255188
        ],
        [
            -0.03617651388049126,
            -0.49593526124954224,
            -0.2010984718799591
        ],
        [
            -0.18759284913539886,
            -0.4738690257072449,
            -0.04927881434559822
        ],
        [
            -0.04033450782299042,
            -0.6930204629898071,
            -0.010451574809849262
        ],
        [
            0.24620917439460754,
            -0.6327007412910461,
            -0.000349606154486537
        ],
        [
            0.265834778547287,
            -0.3681847155094147,
            -0.03206443041563034
        ],
        [
            0.15234041213989258,
            -0.43960410356521606,
            -0.19834521412849426
        ],
        [
            0.11592341959476471,
            -0.7166814208030701,
            -0.019355973228812218
        ],
        [
            0.14196282625198364,
            -0.9102237820625305,
            -0.06867258995771408
        ],
        [
            0.0031069722026586533,
            -0.2521524131298065,
            0.044023945927619934
        ],
        [
            0.10123416036367416,
            -0.6604875922203064,
            -0.007745073176920414
        ],
        [
            0.060050107538700104,
            -0.4919542372226715,
            0.040975697338581085
        ],
        [
            0.12576450407505035,
            -0.8026352524757385,
            -0.10114128887653351
        ],
        [
            0.141074538230896,
            -0.9296786785125732,
            -0.059074677526950836
        ]
    ],
    "pred_vertices": [
        [
            0.16580621898174286,
            -0.9127273559570312,
            -0.1557060182094574
        ],
        [
            0.15705391764640808,
            -0.8998103141784668,
            -0.16034594178199768
        ],
        [
            0.1695055365562439,
            -0.8949252963066101,
            -0.154339998960495
        ],
        [
            0.17805033922195435,
            -0.904299259185791,
            -0.1461120992898941
        ],
        [
            0.16307154297828674,
            -0.8864747285842896,
            -0.15835271775722504
        ],
        [
            0.1517396867275238,
            -0.8893643617630005,
            -0.16241851449012756
        ],
        [
            0.17763924598693848,
            -0.8877538442611694,
            -0.14560288190841675
        ],
        [
            0.18575191497802734,
            -0.8936794996261597,
            -0.13650910556316376
        ],
        [
            0.18092742562294006,
            -0.85169917345047,
            -0.13452628254890442
        ],
        [
            0.1861894130706787,
            -0.8463075160980225,
            -0.12574394047260284
        ],
        [
            0.1875447779893875,
            -0.8582204580307007,
            -0.12787169218063354
        ],
        [
            0.18086305260658264,
            -0.8605310916900635,
            -0.1354852318763733
        ],
        [
            0.17797845602035522,
            -0.8256725072860718,
            -0.1304153949022293
        ],
        [
            0.16909551620483398,
            -0.817466139793396,
            -0.1370806097984314
        ],
        [
            0.17242640256881714,
            -0.8079224228858948,
            -0.12789477407932281
        ],
        [
            0.18036490678787231,
            -0.8157634735107422,
            -0.12022733688354492
        ],
        [
            0.1340605765581131,
            -0.8358786106109619,
            -0.1535828411579132
        ],
        [
            0.13896973431110382,
            -0.8285925388336182,
            -0.15366151928901672
        ],
        [
            0.14360469579696655,
            -0.8348037600517273,
            -0.15365929901599884
        ],
        [
            0.13799455761909485,
            -0.8413466215133667,
            -0.15317264199256897
        ],
        [
            0.1249089390039444,
            -0.846754789352417,
            -0.15783166885375977
        ],
        [
            0.12720870971679688,
            -0.8520208597183228,
            -0.1547360122203827
        ],
        [
            0.12198451161384583,
            -0.8565117716789246,
            -0.15877798199653625
        ],
        [
            0.12019143253564835,
            -0.8504673838615417,
            -0.1630745530128479
        ],
        [
            0.1282295286655426,
            -0.8312183022499084,
            -0.1526089906692505
        ],
        [
            0.133672833442688,
            -0.8236575126647949,
            -0.15233218669891357
        ],
        [
            0.12979158759117126,
            -0.8421285152435303,
            -0.15419535338878632
        ],
        [
            0.12697336077690125,
            -0.8379561901092529,
            -0.15601584315299988
        ],
        [
            0.1212383508682251,
            -0.8324261903762817,
            -0.16562169790267944
        ],
        [
            0.12355607748031616,
            -0.8369237184524536,
            -0.16442683339118958
        ],
        [
            0.11885468661785126,
            -0.8386545181274414,
            -0.17049647867679596
        ],
        [
            0.1171528697013855,
            -0.8332762122154236,
            -0.16958722472190857
        ],
        [
            0.12579873204231262,
            -0.8312720060348511,
            -0.1570698320865631
        ],
        [
            0.1260155439376831,
            -0.8341940641403198,
            -0.15991094708442688
        ],
        [
            0.12273378670215607,
            -0.8308377861976624,
            -0.16172011196613312
        ],
        [
            0.1218537911772728,
            -0.8287992477416992,
            -0.1582578718662262
        ],
        [
            0.12314645946025848,
            -0.8427118062973022,
            -0.16045543551445007
        ],
        [
            0.11912475526332855,
            -0.845099687576294,
            -0.16673357784748077
        ],
        [
            0.11397300660610199,
            -0.847190260887146,
            -0.1729273647069931
        ],
        [
            0.11323343217372894,
            -0.8388826847076416,
            -0.17641010880470276
        ],
        [
            0.149509996175766,
            -0.8135229349136353,
            -0.14884600043296814
        ],
        [
            0.14446863532066345,
            -0.8212344646453857,
            -0.152366042137146
        ],
        [
            0.1389993131160736,
            -0.816849410533905,
            -0.15151925384998322
        ],
        [
            0.1436002105474472,
            -0.81067955493927,
            -0.1493750661611557
        ],
        [
            0.12351098656654358,
            -0.8253328800201416,
            -0.15506070852279663
        ],
        [
            0.12547919154167175,
            -0.8090133666992188,
            -0.15537941455841064
        ],
        [
            0.1261058747768402,
            -0.8127684593200684,
            -0.15589167177677155
        ],
        [
            0.11952660977840424,
            -0.8144217729568481,
            -0.15863248705863953
        ],
        [
            0.11959560215473175,
            -0.8108329176902771,
            -0.15811584889888763
        ],
        [
            0.1544303297996521,
            -0.7982933521270752,
            -0.14052826166152954
        ],
        [
            0.1479647308588028,
            -0.7980122566223145,
            -0.14393380284309387
        ],
        [
            0.1481974720954895,
            -0.79084712266922,
            -0.14115262031555176
        ],
        [
            0.15417353808879852,
            -0.7897993326187134,
            -0.13634565472602844
        ],
        [
            0.1456698477268219,
            -0.7849985957145691,
            -0.1395648568868637
        ],
        [
            0.1527528017759323,
            -0.7817461490631104,
            -0.13265562057495117
        ],
        [
            0.14244027435779572,
            -0.7685084342956543,
            -0.1307412087917328
        ],
        [
            0.14768481254577637,
            -0.7741772532463074,
            -0.13138994574546814
        ],
        [
            0.1413177251815796,
            -0.7796869277954102,
            -0.1391967535018921
        ],
        [
            0.13499411940574646,
            -0.7752141356468201,
            -0.14124861359596252
        ],
        [
            0.12204261869192123,
            -0.7817974090576172,
            -0.14761598408222198
        ],
        [
            0.11565521359443665,
            -0.7812215685844421,
            -0.14923933148384094
        ],
        [
            0.11937175691127777,
            -0.7683578729629517,
            -0.14744868874549866
        ],
        [
            0.12681615352630615,
            -0.7709023952484131,
            -0.1448696255683899
        ],
        [
            0.12542599439620972,
            -0.8031249642372131,
            -0.15079428255558014
        ],
        [
            0.12978129088878632,
            -0.8027133345603943,
            -0.1486939787864685
        ],
        [
            0.12973040342330933,
            -0.8041899800300598,
            -0.15105271339416504
        ],
        [
            0.12523938715457916,
            -0.8058195114135742,
            -0.15360453724861145
        ],
        [
            0.13351169228553772,
            -0.8020241856575012,
            -0.14740905165672302
        ],
        [
            0.1351977288722992,
            -0.8015861511230469,
            -0.14691394567489624
        ],
        [
            0.13488437235355377,
            -0.8029311895370483,
            -0.14814811944961548
        ],
        [
            0.13333168625831604,
            -0.802916407585144,
            -0.14801402390003204
        ],
        [
            0.1313144415616989,
            -0.8027805685997009,
            -0.14828036725521088
        ],
        [
            0.1301356554031372,
            -0.8009216785430908,
            -0.14848697185516357
        ],
        [
            0.1325434297323227,
            -0.801298975944519,
            -0.14774037897586823
        ],
        [
            0.1260923445224762,
            -0.80051189661026,
            -0.15061256289482117
        ],
        [
            0.1122237890958786,
            -0.7997157573699951,
            -0.1560940444469452
        ],
        [
            0.11625131964683533,
            -0.7997778654098511,
            -0.15538588166236877
        ],
        [
            0.1154317855834961,
            -0.8044131398200989,
            -0.1543082892894745
        ],
        [
            0.11201498657464981,
            -0.8046317100524902,
            -0.15501460433006287
        ],
        [
            0.13311517238616943,
            -0.8050904870033264,
            -0.14977297186851501
        ],
        [
            0.13584554195404053,
            -0.8062558770179749,
            -0.14978435635566711
        ],
        [
            0.13187891244888306,
            -0.809415340423584,
            -0.15273739397525787
        ],
        [
            0.13054335117340088,
            -0.8068296909332275,
            -0.15176191926002502
        ],
        [
            0.13871708512306213,
            -0.8078676462173462,
            -0.15012404322624207
        ],
        [
            0.13731858134269714,
            -0.8038793802261353,
            -0.1479482799768448
        ],
        [
            0.1405712366104126,
            -0.8041573762893677,
            -0.14788995683193207
        ],
        [
            0.13452500104904175,
            -0.7998232841491699,
            -0.14679855108261108
        ],
        [
            0.13721135258674622,
            -0.797775387763977,
            -0.14574985206127167
        ],
        [
            0.1378326416015625,
            -0.8004056811332703,
            -0.14691564440727234
        ],
        [
            0.13490617275238037,
            -0.7947286367416382,
            -0.14567236602306366
        ],
        [
            0.1317966878414154,
            -0.7981994152069092,
            -0.14736440777778625
        ],
        [
            0.12768718600273132,
            -0.7967630624771118,
            -0.14940683543682098
        ],
        [
            0.12238204479217529,
            -0.795702338218689,
            -0.15197965502738953
        ],
        [
            0.12481777369976044,
            -0.7905007600784302,
            -0.14916746318340302
        ],
        [
            0.13054929673671722,
            -0.792218804359436,
            -0.14709246158599854
        ],
        [
            0.13448980450630188,
            -0.8130243420600891,
            -0.1524128019809723
        ],
        [
            0.14218595623970032,
            -0.799267590045929,
            -0.14567828178405762
        ],
        [
            0.14625102281570435,
            -0.8053094148635864,
            -0.14643341302871704
        ],
        [
            0.14179272949695587,
            -0.7944097518920898,
            -0.14430534839630127
        ],
        [
            0.13944469392299652,
            -0.7900397777557373,
            -0.14342334866523743
        ],
        [
            0.13493333756923676,
            -0.7863060235977173,
            -0.1439545899629593
        ],
        [
            0.1285969763994217,
            -0.783758282661438,
            -0.14577144384384155
        ],
        [
            0.12283121049404144,
            -0.7592458724975586,
            -0.13604290783405304
        ],
        [
            0.1321365237236023,
            -0.7629614472389221,
            -0.1340949386358261
        ],
        [
            0.1494521200656891,
            -0.8820571899414062,
            -0.1590602993965149
        ],
        [
            0.1583569347858429,
            -0.8802769184112549,
            -0.1580367088317871
        ],
        [
            0.1587136685848236,
            -0.8725159764289856,
            -0.15296928584575653
        ],
        [
            0.16076791286468506,
            -0.874723494052887,
            -0.15323679149150848
        ],
        [
            0.15519650280475616,
            -0.8766090869903564,
            -0.15558448433876038
        ],
        [
            0.15444400906562805,
            -0.8739301562309265,
            -0.15460097789764404
        ],
        [
            0.1739344298839569,
            -0.8635514974594116,
            -0.14017319679260254
        ],
        [
            0.1685718595981598,
            -0.865983247756958,
            -0.1439385712146759
        ],
        [
            0.1687542200088501,
            -0.8621019124984741,
            -0.14237096905708313
        ],
        [
            0.17483511567115784,
            -0.8567444682121277,
            -0.13946561515331268
        ],
        [
            0.15911531448364258,
            -0.8554196357727051,
            -0.14752992987632751
        ],
        [
            0.16412192583084106,
            -0.8561817407608032,
            -0.14512769877910614
        ],
        [
            0.1606907993555069,
            -0.8633511066436768,
            -0.14749938249588013
        ],
        [
            0.1570620834827423,
            -0.8628387451171875,
            -0.1492786705493927
        ],
        [
            0.1529683768749237,
            -0.8628669381141663,
            -0.15053170919418335
        ],
        [
            0.14861246943473816,
            -0.8633278608322144,
            -0.1509919911623001
        ],
        [
            0.1482604742050171,
            -0.8580118417739868,
            -0.15027989447116852
        ],
        [
            0.15351417660713196,
            -0.8564057350158691,
            -0.1493830680847168
        ],
        [
            0.1486620008945465,
            -0.8786448240280151,
            -0.15547694265842438
        ],
        [
            0.14161288738250732,
            -0.8787188529968262,
            -0.1539757251739502
        ],
        [
            0.14266356825828552,
            -0.8755859136581421,
            -0.1533540040254593
        ],
        [
            0.14853274822235107,
            -0.8754005432128906,
            -0.15506097674369812
        ],
        [
            0.13287821412086487,
            -0.8703863620758057,
            -0.14636829495429993
        ],
        [
            0.13422907888889313,
            -0.8726581335067749,
            -0.1476915180683136
        ],
        [
            0.13069456815719604,
            -0.8744605779647827,
            -0.14830994606018066
        ],
        [
            0.1293870359659195,
            -0.8701375126838684,
            -0.1471666395664215
        ],
        [
            0.13119202852249146,
            -0.8668816685676575,
            -0.14769247174263
        ],
        [
            0.13378536701202393,
            -0.8685922622680664,
            -0.14708887040615082
        ],
        [
            0.15975885093212128,
            -0.9354184865951538,
            -0.15267997980117798
        ],
        [
            0.1518738567829132,
            -0.9192185401916504,
            -0.1599026769399643
        ],
        [
            0.17649099230766296,
            -0.9265111088752747,
            -0.14307723939418793
        ],
        [
            0.18639639019966125,
            -0.9149052500724792,
            -0.1335924118757248
        ],
        [
            0.19401094317436218,
            -0.9001662731170654,
            -0.1253710389137268
        ],
        [
            0.16307637095451355,
            -0.8017754554748535,
            -0.13497649133205414
        ],
        [
            0.16442343592643738,
            -0.7925235033035278,
            -0.12856850028038025
        ],
        [
            0.175121009349823,
            -0.7989782094955444,
            -0.1186307966709137
        ],
        [
            0.17281344532966614,
            -0.7885949611663818,
            -0.11269216239452362
        ],
        [
            0.16214467585086823,
            -0.7822675108909607,
            -0.12369967252016068
        ],
        [
            0.14744067192077637,
            -0.765367865562439,
            -0.11734645813703537
        ],
        [
            0.15632809698581696,
            -0.7726021409034729,
            -0.11990198493003845
        ],
        [
            0.167623370885849,
            -0.7790341377258301,
            -0.1053280457854271
        ],
        [
            0.17900344729423523,
            -0.7909559011459351,
            -0.09237527847290039
        ],
        [
            0.1818554848432541,
            -0.79786217212677,
            -0.10210046172142029
        ],
        [
            0.1871083676815033,
            -0.8057928681373596,
            -0.0813790112733841
        ],
        [
            0.1756371557712555,
            -0.7835298180580139,
            -0.07892340421676636
        ],
        [
            0.18601958453655243,
            -0.8048284649848938,
            -0.07186589390039444
        ],
        [
            0.15637850761413574,
            -0.7472895979881287,
            -0.07547211647033691
        ],
        [
            0.1573665738105774,
            -0.7350749969482422,
            -0.06950148195028305
        ],
        [
            0.1703103482723236,
            -0.7413785457611084,
            -0.057823337614536285
        ],
        [
            0.17054633796215057,
            -0.7531170845031738,
            -0.06434107571840286
        ],
        [
            0.1823987364768982,
            -0.8061491250991821,
            -0.11052833497524261
        ],
        [
            0.19247131049633026,
            -0.8683171272277832,
            -0.1210821121931076
        ],
        [
            0.18602916598320007,
            -0.8686836957931519,
            -0.1315687596797943
        ],
        [
            0.19321885704994202,
            -0.855453610420227,
            -0.11706848442554474
        ],
        [
            0.20538638532161713,
            -0.9272629618644714,
            -0.10495975613594055
        ],
        [
            0.1961592435836792,
            -0.9231215715408325,
            -0.12095177173614502
        ],
        [
            0.20247295498847961,
            -0.9072240591049194,
            -0.11489562690258026
        ],
        [
            0.21021613478660583,
            -0.9131190180778503,
            -0.10070179402828217
        ],
        [
            0.18087871372699738,
            -0.9647672176361084,
            -0.10976549983024597
        ],
        [
            0.17196732759475708,
            -0.9525638818740845,
            -0.1329229474067688
        ],
        [
            0.1837417483329773,
            -0.939689040184021,
            -0.12753939628601074
        ],
        [
            0.19280144572257996,
            -0.9485812187194824,
            -0.10897248238325119
        ],
        [
            0.21433508396148682,
            -0.9142318964004517,
            -0.08792074024677277
        ],
        [
            0.21903012692928314,
            -0.9155077934265137,
            -0.06950187683105469
        ],
        [
            0.21851971745491028,
            -0.9321372509002686,
            -0.0630430281162262
        ],
        [
            0.21216753125190735,
            -0.9322737455368042,
            -0.08495788276195526
        ],
        [
            0.21034154295921326,
            -0.9532885551452637,
            -0.05500347912311554
        ],
        [
            0.2029564380645752,
            -0.9543468952178955,
            -0.08140184730291367
        ],
        [
            0.18429628014564514,
            -0.7913821935653687,
            -0.05975661426782608
        ],
        [
            0.18895092606544495,
            -0.8097093105316162,
            -0.05936886742711067
        ],
        [
            0.17056146264076233,
            -0.7674843072891235,
            -0.07247703522443771
        ],
        [
            0.18068455159664154,
            -0.7747601270675659,
            -0.05742722377181053
        ],
        [
            0.19545391201972961,
            -0.9708338379859924,
            -0.047276146709918976
        ],
        [
            0.1880781054496765,
            -0.972874641418457,
            -0.07871824502944946
        ],
        [
            0.2156430184841156,
            -0.895667552947998,
            -0.01859908550977707
        ],
        [
            0.21917471289634705,
            -0.9130513072013855,
            -0.027753062546253204
        ],
        [
            0.21973958611488342,
            -0.8992294073104858,
            -0.04398401826620102
        ],
        [
            0.21713444590568542,
            -0.8850486278533936,
            -0.032965630292892456
        ],
        [
            0.20972749590873718,
            -0.9063120484352112,
