{
    "pred_cam": [
        1.1232261657714844,
        0.04278337210416794,
        0.13688141107559204
    ],
    "pred_smpl_params": {
        "global_orient": [
            [
                [
                    0.9747058749198914,
                    0.22347478568553925,
                    -0.0027286249678581953
                ],
                [
                    0.22339801490306854,
                    -0.9745787978172302,
                    -0.017014451324939728
                ],
                [
                    -0.006461561191827059,
                    0.015974517911672592,
                    -0.9998515248298645
                ]
            ]
        ],
        "body_pose": [
            [
                [
                    0.9985832571983337,
                    -0.050953708589076996,
                    -0.01533674169331789
                ],
                [
                    0.052972957491874695,
                    0.9791930317878723,
                    0.19589510560035706
                ],
                [
                    0.005036048591136932,
                    -0.1964299976825714,
                    0.9805049300193787
                ]
            ],
            [
                [
                    0.9994813203811646,
                    0.026222504675388336,
                    0.0186960157006979
                ],
                [
                    -0.02903767302632332,
                    0.9848365187644958,
                    0.17103798687458038
                ],
                [
                    -0.01392747089266777,
                    -0.17149214446544647,
                    0.9850871562957764
                ]
            ],
            [
                [
                    0.9980081915855408,
                    0.06274240463972092,
                    0.006567756645381451
                ],
                [
                    -0.06012720614671707,
                    0.9775488972663879,
                    -0.20194770395755768
                ],
                [
                    -0.019090989604592323,
                    0.2011505365371704,
                    0.979374349117279
                ]
            ],
            [
                [
                    0.9972069263458252,
                    0.007099568843841553,
                    -0.07434917241334915
                ],
                [
                    -0.0551590770483017,
                    0.7411708831787109,
                    -0.6690464019775391
                ],
                [
                    0.05035552754998207,
                    0.6712788343429565,
                    0.7394923567771912
                ]
            ],
            [
                [
                    0.9974655508995056,
                    -0.035115327686071396,
                    0.061881400644779205
                ],
                [
                    0.05896545946598053,
                    0.8947017788887024,
                    -0.4427548944950104
                ],
                [
                    -0.039817918092012405,
                    0.44528165459632874,
                    0.8945047855377197
                ]
            ],
            [
                [
                    0.9996699690818787,
                    -0.022869428619742393,
                    0.011701609008014202
                ],
                [
                    0.023216301575303078,
                    0.9992675185203552,
                    -0.030420007184147835
                ],
                [
                    -0.010997350327670574,
                    0.030681636184453964,
                    0.9994686841964722
                ]
            ],
            [
                [
                    0.9921084642410278,
                    0.05867871269583702,
                    0.1108042299747467
                ],
                [
                    -0.06990088522434235,
                    0.9925016164779663,
                    0.10027222335338593
                ],
                [
                    -0.10408952087163925,
                    -0.10722623765468597,
                    0.9887709617614746
                ]
            ],
            [
                [
                    0.9863703846931458,
                    -0.10107530653476715,
                    -0.12983514368534088
                ],
                [
                    0.09864185750484467,
                    0.9948074817657471,
                    -0.02505543828010559
                ],
                [
                    0.13169346749782562,
                    0.011906766332685947,
                    0.9912188649177551
                ]
            ],
            [
                [
                    0.9993396997451782,
                    -0.03564799576997757,
                    -0.007033250760287046
                ],
                [
                    0.03568417578935623,
                    0.9993501305580139,
                    0.005087320227175951
                ],
                [
                    0.006847327575087547,
                    -0.005334936548024416,
                    0.999962329864502
                ]
            ],
            [
                [
                    0.9877738952636719,
                    -0.14838775992393494,
                    0.04778916761279106
                ],
                [
                    0.13938076794147491,
                    0.9779346585273743,
                    0.15561743080615997
                ],
                [
                    -0.0698264017701149,
                    -0.14705394208431244,
                    0.9866607189178467
                ]
            ],
            [
                [
                    0.9772381782531738,
                    0.20786863565444946,
                    -0.04238182306289673
                ],
                [
                    -0.19762347638607025,
                    0.9646357297897339,
                    0.17442181706428528
                ],
                [
                    0.07713983952999115,
                    -0.16207601130008698,
                    0.9837585687637329
                ]
            ],
            [
                [
                    0.9862765669822693,
                    -0.05012155696749687,
                    -0.15731002390384674
                ],
                [
                    0.06677205860614777,
                    0.9924986958503723,
                    0.10241007059812546
                ],
                [
                    0.15099704265594482,
                    -0.1115085631608963,
                    0.9822249412536621
                ]
            ],
            [
                [
                    0.933215320110321,
                    0.28564539551734924,
                    -0.21798154711723328
                ],
                [
                    -0.2855273187160492,
                    0.9578113555908203,
                    0.03273642435669899
                ],
                [
                    0.21813617646694183,
                    0.03168954700231552,
                    0.9754037857055664
                ]
            ],
            [
                [
                    0.9321463108062744,
                    -0.2911316156387329,
                    0.21528026461601257
                ],
                [
                    0.2884078621864319,
                    0.9564645886421204,
                    0.04468018561601639
                ],
                [
                    -0.21891577541828156,
                    0.020440051332116127,
                    0.9755296111106873
                ]
            ],
            [
                [
                    0.9896905422210693,
                    -0.09722314774990082,
                    -0.10516871511936188
                ],
                [
                    0.08312951028347015,
                    0.9878950715065002,
                    -0.13096877932548523
                ],
                [
                    0.11662884801626205,
                    0.12087590992450714,
                    0.9857925176620483
                ]
            ],
            [
                [
                    0.41487085819244385,
                    0.8003944158554077,
                    -0.4327249228954315
                ],
                [
                    -0.8725464940071106,
                    0.4848093092441559,
                    0.06018738076090813
                ],
                [
                    0.25796273350715637,
                    0.35260263085365295,
                    0.8995146155357361
                ]
            ],
            [
                [
                    0.4771043360233307,
                    -0.7804946303367615,
                    0.4039795994758606
                ],
                [
                    0.8468109369277954,
                    0.5312443375587463,
                    0.026279034093022346
                ],
                [
                    -0.23512254655361176,
                    0.32955652475357056,
                    0.9143903851509094
                ]
            ],
            [
                [
                    -0.16879646480083466,
                    -0.43407267332077026,
                    -0.8849229216575623
                ],
                [
                    0.09558137506246567,
                    0.8863656520843506,
                    -0.4530121982097626
                ],
                [
                    0.9810055494308472,
                    -0.161049023270607,
                    -0.10812612622976303
                ]
            ],
            [
                [
                    -0.2240595668554306,
                    0.4543394446372986,
                    0.8621907234191895
                ],
                [
                    -0.09929871559143066,
                    0.869436502456665,
                    -0.48396265506744385
                ],
                [
                    -0.9695035219192505,
                    -0.1940508931875229,
                    -0.14969024062156677
                ]
            ],
            [
                [
                    0.9707877039909363,
                    -0.22100646793842316,
                    -0.09342075884342194
                ],
                [
                    0.22898860275745392,
                    0.9696559906005859,
                    0.0856236144900322
                ],
                [
                    0.07166263461112976,
                    -0.10451463609933853,
                    0.991938054561615
                ]
            ],
            [
                [
                    0.9625684022903442,
                    0.24731527268886566,
                    0.1108923852443695
                ],
                [
                    -0.2532038986682892,
                    0.9664840698242188,
                    0.042381640523672104
                ],
                [
                    -0.09669411182403564,
                    -0.06887362152338028,
                    0.9929282069206238
                ]
            ],
            [
                [
                    0.9711298942565918,
                    0.21451793611049652,
                    -0.1043490394949913
                ],
                [
                    -0.20473475754261017,
                    0.974003791809082,
                    0.09695553779602051
                ],
                [
                    0.12243504822254181,
                    -0.07279255241155624,
                    0.9898034930229187
                ]
            ],
            [
                [
                    0.9709111452102661,
                    -0.22502626478672028,
                    0.0818210244178772
                ],
                [
                    0.21623365581035614,
                    0.9707873463630676,
                    0.10399489104747772
                ],
                [
                    -0.10283239930868149,
                    -0.08327734470367432,
                    0.9912065267562866
                ]
            ]
        ],
        "betas": [
            -0.015436410903930664,
            0.16203375160694122,
            0.2363041341304779,
            0.32211974263191223,
            -0.02573549747467041,
            0.014005009084939957,
            0.015316158533096313,
            0.00012792646884918213,
            0.05065669119358063,
            -0.05566138029098511
        ]
    },
    "pred_cam_t": [
        0.04278337210416794,
        0.13688141107559204,
        34.77705764770508
    ],
    "focal_length": [
        5000.0,
        5000.0
    ],
    "pred_keypoints_3d": [
        [
            0.10216842591762543,
            -0.8229244351387024,
            -0.1771892011165619
        ],
        [
            0.1244581937789917,
            -0.7193080186843872,
            -0.013340285047888756
        ],
        [
            -0.07123434543609619,
            -0.6677093505859375,
            -0.01046102773398161
        ],
        [
            -0.16532368957996368,
            -0.43228858709335327,
            -0.0141211012378335
        ],
        [
            -0.03418947756290436,
            -0.46612349152565,
            -0.229587584733963
        ],
        [
            0.2753801643848419,
            -0.5895596742630005,
            -0.013351896777749062
        ],
        [
            0.24290460348129272,
            -0.33136123418807983,
            -0.011884594336152077
        ],
        [
            0.14086245000362396,
            -0.4142626225948334,
            -0.22273632884025574
        ],
        [
            -0.002053808653727174,
            -0.22653762996196747,
            0.02680021896958351
        ],
        [
            -0.08706444501876831,
            -0.15309196710586548,
            0.030753806233406067
        ],
        [
            -0.21866126358509064,
            0.2018299698829651,
            -0.03306398540735245
        ],
        [
            -0.2863321900367737,
            0.5662833452224731,
            0.11523883789777756
        ],
        [
            0.04408805072307587,
            -0.12197309732437134,
            0.032311372458934784
        ],
        [
            0.01470310427248478,
            0.2448282241821289,
            -0.04419945180416107
        ],
        [
            -0.05114688724279404,
            0.5597399473190308,
            0.1916843056678772
        ],
        [
            0.0839768499135971,
            -0.8669684529304504,
            -0.13760720193386078
        ],
        [
            0.14701394736766815,
            -0.8606037497520447,
            -0.1581294685602188
        ],
        [
            0.07319436967372894,
            -0.859087347984314,
            -0.035024527460336685
        ],
        [
            0.21255871653556824,
            -0.8438072800636292,
            -0.07970075309276581
        ],
        [
            -0.07348780333995819,
            0.6839636564254761,
            0.03759154677391052
        ],
        [
            -0.005826480686664581,
            0.6836724281311035,
            0.08690392971038818
        ],
        [
            -0.04864227771759033,
            0.5671777725219727,
            0.26049548387527466
        ],
        [
            -0.3065929114818573,
            0.6644687652587891,
            -0.05699858069419861
        ],
        [
            -0.3744284510612488,
            0.6455864310264587,
            -0.005195200443267822
        ],
        [
            -0.29053834080696106,
            0.5927330851554871,
            0.18347248435020447
        ],
        [
            -0.29527223110198975,
            0.508697509765625,
            0.12737047672271729
        ],
        [
            -0.19891908764839172,
            0.14049801230430603,
            -0.030530501157045364
        ],
        [
            -0.13539215922355652,
            -0.2919612526893616,
            0.03831881284713745
        ],
        [
            0.14203670620918274,
            -0.210051029920578,
            0.05031660944223404
        ],
        [
            0.030715398490428925,
            0.2064729630947113,
            -0.04306527227163315
        ],
        [
            -0.034792881458997726,
            0.5200221538543701,
            0.19681225717067719
        ],
        [
            -0.029901646077632904,
            -0.4898982644081116,
            -0.19686640799045563
        ],
        [
            -0.1777251958847046,
            -0.46922409534454346,
            -0.04096728563308716
        ],
        [
            -0.03135319799184799,
            -0.6893665790557861,
            -0.007633982226252556
        ],
        [
            0.25442105531692505,
            -0.6258503794670105,
            -0.008610976859927177
        ],
        [
            0.276201069355011,
            -0.36108434200286865,
            -0.041861288249492645
        ],
        [
            0.15731623768806458,
            -0.4263541102409363,
            -0.20729899406433105
        ],
        [
            0.12418430298566818,
            -0.7111773490905762,
            -0.022616572678089142
        ],
        [
            0.14556266367435455,
            -0.9036313891410828,
            -0.07593251019716263
        ],
        [
            0.00388590176589787,
            -0.250927209854126,
            0.04435932636260986
        ],
        [
            0.10957247018814087,
            -0.6552494764328003,
            -0.010361993685364723
        ],
        [
            0.0670417994260788,
            -0.48772621154785156,
            0.04002685472369194
        ],
        [
            0.12855425477027893,
            -0.7953380942344666,
            -0.10554423183202744
        ],
        [
            0.14498716592788696,
            -0.9232358336448669,
            -0.06669487804174423
        ]
    ],
    "pred_vertices": [
        [
            0.16278120875358582,
            -0.9049520492553711,
            -0.16453096270561218
        ],
        [
            0.15389008820056915,
            -0.8917811512947083,
            -0.1683366596698761
        ],
        [
            0.16683582961559296,
            -0.8871973752975464,
            -0.16319109499454498
        ],
        [
            0.17580820620059967,
            -0.8968707323074341,
            -0.1557411402463913
        ],
        [
            0.1602526605129242,
            -0.8785525560379028,
            -0.1665838062763214
        ],
        [
            0.14857754111289978,
            -0.8812040090560913,
            -0.16985556483268738
        ],
        [
            0.17569732666015625,
            -0.8802929520606995,
            -0.15496504306793213
        ],
        [
            0.18436434864997864,
            -0.8865339159965515,
            -0.14659804105758667
        ],
        [
            0.1803823560476303,
            -0.844440221786499,
            -0.14362946152687073
        ],
        [
            0.18635007739067078,
            -0.8392964601516724,
            -0.13517801463603973
        ],
        [
            0.18738938868045807,
            -0.8512111306190491,
            -0.13760261237621307
        ],
        [
            0.18011541664600372,
            -0.8532859683036804,
            -0.14473362267017365
        ],
        [
            0.1781654953956604,
            -0.8184523582458496,
            -0.138808935880661
        ],
        [
            0.16892212629318237,
            -0.8099948167800903,
            -0.14466793835163116
        ],
        [
            0.17307880520820618,
            -0.8006670475006104,
            -0.13554807007312775
        ],
        [
            0.18144050240516663,
            -0.8087563514709473,
            -0.12861472368240356
        ],
        [
            0.1324603259563446,
            -0.8275710940361023,
            -0.158830925822258
        ],
        [
            0.13746939599514008,
            -0.8203621506690979,
            -0.15916913747787476
        ],
        [
            0.14199212193489075,
            -0.8266398310661316,
            -0.1596519649028778
        ],
        [
            0.13632114231586456,
            -0.8331076502799988,
            -0.158823162317276
        ],
        [
            0.1228448748588562,
            -0.8382391333580017,
            -0.16247078776359558
        ],
        [
            0.1252843737602234,
            -0.8436036705970764,
            -0.1596716344356537
        ],
        [
            0.11969025433063507,
            -0.8479328155517578,
            -0.16333498060703278
        ],
        [
            0.11768551170825958,
            -0.8417823910713196,
            -0.16735416650772095
        ],
        [
            0.1267966330051422,
            -0.8228501677513123,
            -0.15727679431438446
        ],
        [
            0.13236787915229797,
            -0.8153890371322632,
            -0.15730547904968262
        ],
        [
            0.12805555760860443,
            -0.8337368965148926,
            -0.15917599201202393
        ],
        [
            0.12519055604934692,
            -0.8295096755027771,
            -0.16068235039710999
        ],
        [
            0.11883415281772614,
            -0.8237264156341553,
            -0.16963686048984528
        ],
        [
            0.12116102129220963,
            -0.8282765746116638,
            -0.16871221363544464
        ],
        [
            0.11598081886768341,
            -0.8298341035842896,
            -0.17439252138137817
        ],
        [
            0.11444749683141708,
            -0.8244518637657166,
            -0.1732693463563919
        ],
        [
            0.12402936816215515,
            -0.8228151798248291,
            -0.16148675978183746
        ],
        [
            0.12398386001586914,
            -0.8256760835647583,
            -0.16436783969402313
        ],
        [
            0.12062934041023254,
            -0.8222411274909973,
            -0.1658499836921692
        ],
        [
            0.12004788219928741,
            -0.8202648162841797,
            -0.16230574250221252
        ],
        [
            0.1209484189748764,
            -0.8341306447982788,
            -0.16484719514846802
        ],
        [
            0.1164269894361496,
            -0.8363387584686279,
            -0.17079699039459229
        ],
        [
            0.11079441010951996,
            -0.8382360935211182,
            -0.17657378315925598
        ],
        [
            0.10993790626525879,
            -0.8298816680908203,
            -0.1798408180475235
        ],
        [
            0.148589089512825,
            -0.8055533170700073,
            -0.15487203001976013
        ],
        [
            0.1431562900543213,
            -0.8131195306777954,
            -0.1581520140171051
        ],
        [
            0.13785268366336823,
            -0.8086861371994019,
            -0.15678533911705017
        ],
        [
            0.14269879460334778,
            -0.8026324510574341,
            -0.1548764705657959
        ],
        [
            0.12200850248336792,
            -0.8168963193893433,
            -0.15921282768249512
        ],
        [
            0.12423486262559891,
            -0.8006600141525269,
            -0.1593828797340393
        ],
        [
            0.12475603818893433,
            -0.8043955564498901,
            -0.16000275313854218
        ],
        [
            0.11796249449253082,
            -0.8059073686599731,
            -0.16224607825279236
        ],
        [
            0.11813726276159286,
            -0.8023476600646973,
            -0.16169029474258423
        ],
        [
            0.1543637216091156,
            -0.7905746698379517,
            -0.14664968848228455
        ],
        [
            0.14765936136245728,
            -0.7901482582092285,
            -0.14954787492752075
        ],
        [
            0.14821554720401764,
            -0.7830619812011719,
            -0.14665213227272034
        ],
        [
            0.15456631779670715,
            -0.7821674346923828,
            -0.14229975640773773
        ],
        [
            0.14593586325645447,
            -0.7772225141525269,
            -0.14478561282157898
        ],
        [
            0.15357181429862976,
            -0.7741784453392029,
            -0.13836181163787842
        ],
        [
            0.14365358650684357,
            -0.7609091997146606,
            -0.13543596863746643
        ],
        [
            0.14874348044395447,
            -0.766595721244812,
            -0.13658902049064636
        ],
        [
            0.1417190432548523,
            -0.7718871831893921,
            -0.14399254322052002
        ],
        [
            0.13533547520637512,
            -0.7673294544219971,
            -0.14547917246818542
        ],
        [
            0.12180531769990921,
            -0.7736205458641052,
            -0.15095067024230957
        ],
        [
            0.11534403264522552,
            -0.7729305028915405,
            -0.15205314755439758
        ],
        [
            0.1193811371922493,
            -0.7601884603500366,
            -0.15032856166362762
        ],
        [
            0.1269771307706833,
            -0.7628626823425293,
            -0.1483868956565857
        ],
        [
            0.1246122419834137,
            -0.7948511838912964,
            -0.15471433103084564
        ],
        [
            0.12911318242549896,
            -0.7945383191108704,
            -0.15294921398162842
        ],
        [
            0.12886035442352295,
            -0.7959624528884888,
            -0.15531614422798157
        ],
        [
            0.12416554987430573,
            -0.7974853515625,
            -0.15754146873950958
        ],
        [
            0.13292871415615082,
            -0.7939180135726929,
            -0.1519533097743988
        ],
        [
            0.13465183973312378,
            -0.7935079336166382,
            -0.1515834480524063
        ],
        [
            0.13422779738903046,
            -0.7948192358016968,
            -0.15280812978744507
        ],
        [
            0.13267435133457184,
            -0.7947955131530762,
            -0.1525464802980423
        ],
        [
            0.13064713776111603,
            -0.7946343421936035,
            -0.15265794098377228
        ],
        [
            0.1294906735420227,
            -0.7927695512771606,
            -0.15274253487586975
        ],
        [
            0.13195204734802246,
            -0.7931826114654541,
            -0.15219560265541077
        ],
        [
            0.1253110021352768,
            -0.792277455329895,
            -0.15453699231147766
        ],
        [
            0.11113959550857544,
            -0.7911908030509949,
            -0.158943772315979
        ],
        [
            0.11518372595310211,
            -0.7913124561309814,
            -0.1585346758365631
        ],
        [
            0.11437137424945831,
            -0.7959330081939697,
            -0.1574772298336029
        ],
        [
            0.11093223094940186,
            -0.7961076498031616,
            -0.1579292118549347
        ],
        [
            0.13230806589126587,
            -0.7969446182250977,
            -0.1543174386024475
        ],
        [
            0.1350116729736328,
            -0.798114538192749,
            -0.15455862879753113
        ],
        [
            0.1307852566242218,
            -0.8011661767959595,
            -0.1572430431842804
        ],
        [
            0.12957395613193512,
            -0.7985891103744507,
            -0.1561230570077896
        ],
        [
            0.1378093957901001,
            -0.799751877784729,
            -0.15516451001167297
        ],
        [
            0.1366492211818695,
            -0.795799970626831,
            -0.152812659740448
        ],
        [
            0.13990522921085358,
            -0.7961333394050598,
            -0.15303048491477966
        ],
        [
            0.13401801884174347,
            -0.7917505502700806,
            -0.15138724446296692
        ],
        [
            0.13680130243301392,
            -0.789758563041687,
            -0.15051467716693878
        ],
        [
            0.13729120790958405,
            -0.7923611998558044,
            -0.15177249908447266
        ],
        [
            0.13456177711486816,
            -0.7866990566253662,
            -0.15020734071731567
        ],
        [
            0.1312849074602127,
            -0.7900941967964172,
            -0.15171931684017181
        ],
        [
            0.12706303596496582,
            -0.7885830998420715,
            -0.15341107547283173
        ],
        [
            0.1216016560792923,
            -0.7874130606651306,
            -0.15555045008659363
        ],
        [
            0.1243196576833725,
            -0.7823073863983154,
            -0.15285897254943848
        ],
        [
            0.13015688955783844,
            -0.7841237783432007,
            -0.15125013887882233
        ],
        [
            0.13336604833602905,
            -0.8048129081726074,
            -0.15722113847732544
        ],
        [
            0.14174014329910278,
            -0.7913029193878174,
            -0.1508568525314331
        ],
        [
            0.1456443816423416,
            -0.7973644733428955,
            -0.15204718708992004
        ],
        [
            0.14152616262435913,
            -0.7864816188812256,
            -0.1493687927722931
        ],
        [
            0.13932456076145172,
            -0.7821158170700073,
            -0.14823158085346222
        ],
        [
            0.13489121198654175,
            -0.7783311605453491,
            -0.14836034178733826
        ],
        [
            0.1284467577934265,
            -0.7756893038749695,
            -0.14965057373046875
        ],
        [
            0.12382455170154572,
            -0.7513314485549927,
            -0.13911405205726624
        ],
        [
            0.1332245022058487,
            -0.7551921606063843,
            -0.13793641328811646
        ],
        [
            0.14664030075073242,
            -0.8738960027694702,
            -0.16620002686977386
        ],
        [
            0.15564069151878357,
            -0.8722692728042603,
            -0.16582366824150085
        ],
        [
            0.15648344159126282,
            -0.8645955920219421,
            -0.1606784611940384
        ],
        [
            0.15846042335033417,
            -0.8668037056922913,
            -0.16112667322158813
        ],
        [
            0.15271919965744019,
            -0.8685835599899292,
            -0.1631004959344864
        ],
        [
            0.15207698941230774,
            -0.8659157752990723,
            -0.16200537979602814
        ],
        [
            0.17275568842887878,
            -0.8561098575592041,
            -0.1489318311214447
        ],
        [
            0.16707763075828552,
            -0.8583883047103882,
            -0.15231287479400635
        ],
        [
            0.16746118664741516,
            -0.8545389175415039,
            -0.1507251262664795
        ],
        [
            0.1738457828760147,
            -0.8493243455886841,
            -0.14821235835552216
        ],
        [
            0.1575678437948227,
            -0.8476390242576599,
            -0.15501007437705994
        ],
        [
            0.16273801028728485,
            -0.8485136032104492,
            -0.15302933752536774
        ],
        [
            0.15899580717086792,
            -0.855587899684906,
            -0.15522238612174988
        ],
        [
            0.15525232255458832,
            -0.8549841642379761,
            -0.1567043513059616
        ],
        [
            0.15107938647270203,
            -0.8549211621284485,
            -0.1576443910598755
        ],
        [
            0.1467125564813614,
            -0.8552983999252319,
            -0.15780076384544373
        ],
        [
            0.14649076759815216,
            -0.850006103515625,
            -0.1569523811340332
        ],
        [
            0.15181145071983337,
            -0.8485046625137329,
            -0.15643168985843658
        ],
        [
            0.14615368843078613,
            -0.8705151081085205,
            -0.16254203021526337
        ],
        [
            0.13924455642700195,
            -0.8705054521560669,
            -0.1605064570903778
        ],
        [
            0.14037513732910156,
            -0.8674163818359375,
            -0.1599109023809433
        ],
        [
            0.14610660076141357,
            -0.8672888875007629,
            -0.16206175088882446
        ],
        [
            0.13124553859233856,
            -0.8621907830238342,
            -0.15211138129234314
        ],
        [
            0.13244886696338654,
            -0.8644553422927856,
            -0.1535758376121521
        ],
        [
            0.12885808944702148,
            -0.8661940693855286,
            -0.15393659472465515
        ],
        [
            0.1277145892381668,
            -0.8618816137313843,
            -0.15262797474861145
        ],
        [
            0.12952920794487,
            -0.8586466312408447,
            -0.15322516858577728
        ],
        [
            0.13212823867797852,
            -0.8603998422622681,
            -0.15285730361938477
        ],
        [
            0.15663018822669983,
            -0.9276247024536133,
            -0.16142374277114868
        ],
        [
            0.1484653353691101,
            -0.9112023115158081,
            -0.1678876131772995
        ],
        [
            0.17415261268615723,
            -0.9191557168960571,
            -0.15302065014839172
        ],
        [
            0.18491750955581665,
            -0.9078439474105835,
            -0.14408928155899048
        ],
        [
            0.19330334663391113,
            -0.8933497667312622,
            -0.13622264564037323
        ],
        [
            0.1633443534374237,
            -0.7942692041397095,
            -0.14180994033813477
        ],
        [
            0.16532500088214874,
            -0.7851610779762268,
            -0.13536196947097778
        ],
        [
            0.17662343382835388,
            -0.791932225227356,
            -0.1263282597064972
        ],
        [
            0.17492106556892395,
            -0.7816483974456787,
            -0.12002407014369965
        ],
        [
            0.16359570622444153,
            -0.774981677532196,
            -0.13013437390327454
        ],
        [
            0.14969107508659363,
            -0.7580454349517822,
            -0.1224014163017273
        ],
        [
            0.15822702646255493,
            -0.7653201818466187,
            -0.12572604417800903
        ],
        [
            0.17041295766830444,
            -0.7722054719924927,
            -0.11209893226623535
        ],
        [
            0.18251147866249084,
            -0.7844540476799011,
            -0.10022176802158356
        ],
        [
            0.18456704914569855,
            -0.7912225127220154,
            -0.11029183864593506
        ],
        [
            0.1911744475364685,
            -0.7996007800102234,
            -0.09015559405088425
        ],
        [
            0.18027529120445251,
            -0.777137041091919,
            -0.08642158657312393
        ],
        [
            0.19083493947982788,
            -0.7987486124038696,
            -0.08055941760540009
        ],
        [
            0.1617671251296997,
            -0.7407786846160889,
            -0.08119276165962219
        ],
        [
            0.16315330564975739,
            -0.7287159562110901,
            -0.07514562457799911
        ],
        [
            0.1765826791524887,
            -0.735192596912384,
            -0.06427688151597977
        ],
        [
            0.17645631730556488,
            -0.7468372583389282,
            -0.07102114707231522
        ],
        [
            0.18434858322143555,
            -0.7993298768997192,
            -0.1189078837633133
        ],
        [
            0.19260099530220032,
            -0.8615089654922485,
            -0.13133201003074646
        ],
        [
            0.18540219962596893,
            -0.8615846633911133,
            -0.14134100079536438
        ],
        [
            0.19390547275543213,
            -0.8487191200256348,
            -0.12720537185668945
        ],
        [
            0.2058088779449463,
            -0.9210143089294434,
            -0.11706854403018951
        ],
        [
            0.19546005129814148,
            -0.9164072275161743,
            -0.13227857649326324
        ],
        [
            0.20242980122566223,
            -0.9006999731063843,
            -0.12648172676563263
        ],
        [
            0.21112819015979767,
            -0.906988263130188,
            -0.11299080401659012
        ],
        [
            0.1805003434419632,
            -0.9581418037414551,
            -0.12066511809825897
        ],
        [
            0.17002177238464355,
            -0.9453684687614441,
            -0.14295002818107605
        ],
        [
            0.18236351013183594,
            -0.9327473640441895,
            -0.1382136046886444
        ],
        [
            0.19269788265228271,
            -0.9421404600143433,
            -0.12050245702266693
        ],
        [
            0.21625226736068726,
            -0.9083942174911499,
            -0.10059136897325516
        ],
        [
            0.22229765355587006,
            -0.9100766181945801,
            -0.08261719346046448
        ],
        [
            0.22195854783058167,
            -0.9267429113388062,
            -0.07630609720945358
        ],
        [
            0.2140229195356369,
            -0.9264980554580688,
            -0.09771174192428589
        ],
        [
            0.21404001116752625,
            -0.9479050636291504,
            -0.06801945716142654
        ],
        [
            0.20474687218666077,
            -0.9484270811080933,
            -0.09381704032421112
        ],
        [
            0.19010154902935028,
            -0.7853420972824097,
            -0.06805875897407532
        ],
        [
            0.1945900171995163,
            -0.8038636445999146,
            -0.06841453909873962
        ],
        [
            0.17590712010860443,
            -0.7610847353935242,
            -0.07938364893198013
        ],
        [
            0.18676601350307465,
            -0.7686896324157715,
            -0.06514185667037964
        ],
        [
            0.199432373046875,
            -0.9652353525161743,
            -0.05950744450092316
        ],
        [
            0.1898311972618103,
            -0.9667460918426514,
            -0.09030832350254059
        ],
        [
            0.22285790741443634,
            -0.8911190629005432,
            -0.031312957406044006
        ],
        [
            0.22542914748191833,
            -0.908350944519043,
            -0.04096606373786926
        ],
        [
            0.22509825229644775,
            -0.8942859172821045,
            -0.05698876827955246
        ],
        [
            0.22350171208381653,
            -0.8802974224090576,
            -0.045599162578582764
        ],
        [
            0.21795706450939178,
