{
    "pred_cam": [
        1.7046294212341309,
        0.016576917842030525,
        0.3918510675430298
    ],
    "pred_smpl_params": {
        "global_orient": [
            [
                [
                    0.06373012810945511,
                    0.07592156529426575,
                    -0.995074987411499
                ],
                [
                    0.340963751077652,
                    -0.938757061958313,
                    -0.04978744685649872
                ],
                [
                    -0.937913715839386,
                    -0.33611154556274414,
                    -0.08571361005306244
                ]
            ]
        ],
        "body_pose": [
            [
                [
                    0.9851713180541992,
                    0.14248988032341003,
                    0.09557270258665085
                ],
                [
                    -0.15896658599376678,
                    0.9676355719566345,
                    0.19598720967769623
                ],
                [
                    -0.06455335021018982,
                    -0.20827384293079376,
                    0.9759379625320435
                ]
            ],
            [
                [
                    0.983649730682373,
                    0.17117632925510406,
                    -0.05596274882555008
                ],
                [
                    -0.1759047508239746,
                    0.9798333048820496,
                    -0.09478481113910675
                ],
                [
                    0.038609251379966736,
                    0.1030791774392128,
                    0.9939234852790833
                ]
            ],
            [
                [
                    0.9946105480194092,
                    -0.09397222101688385,
                    0.04380675032734871
                ],
                [
                    0.09906945377588272,
                    0.9859852194786072,
                    -0.13423284888267517
                ],
                [
                    -0.030578648671507835,
                    0.13784931600093842,
                    0.9899810552597046
                ]
            ],
            [
                [
                    0.9588062167167664,
                    0.27545592188835144,
                    0.0693880021572113
                ],
                [
                    -0.23788972198963165,
                    0.9121314883232117,
                    -0.3338031470775604
                ],
                [
                    -0.1552390605211258,
                    0.30354583263397217,
                    0.9400854706764221
                ]
            ],
            [
                [
                    0.9605167508125305,
                    0.13635918498039246,
                    0.2425154745578766
                ],
                [
                    -0.11478761583566666,
                    0.9882397055625916,
                    -0.1010250374674797
                ],
                [
                    -0.25343912839889526,
                    0.06919846683740616,
                    0.9648731350898743
                ]
            ],
            [
                [
                    0.9965030550956726,
                    -0.08233371376991272,
                    -0.014242293313145638
                ],
                [
                    0.08236300200223923,
                    0.9966012835502625,
                    0.001482066698372364
                ],
                [
                    0.014071864075958729,
                    -0.0026499221567064524,
                    0.9998974800109863
                ]
            ],
            [
                [
                    0.9790213108062744,
                    -0.009734704159200191,
                    0.20352527499198914
                ],
                [
                    0.004976783413439989,
                    0.999702513217926,
                    0.02387632429599762
                ],
                [
                    -0.20369717478752136,
                    -0.02236253023147583,
                    0.9787785410881042
                ]
            ],
            [
                [
                    0.973736047744751,
                    -0.02358986809849739,
                    -0.22645437717437744
                ],
                [
                    0.028727950528264046,
                    0.9993986487388611,
                    0.019420035183429718
                ],
                [
                    0.22586005926132202,
                    -0.025415556505322456,
                    0.9738281965255737
                ]
            ],
            [
                [
                    0.9988213181495667,
                    -0.0484892800450325,
                    0.002172676380723715
                ],
                [
                    0.04852055758237839,
                    0.996265709400177,
                    -0.07141759991645813
                ],
                [
                    0.001298425137065351,
                    0.07143884897232056,
                    0.9974441528320312
                ]
            ],
            [
                [
                    0.9962976574897766,
                    -0.05369052663445473,
                    0.06714460253715515
                ],
                [
                    0.05457629635930061,
                    0.9984441995620728,
                    -0.011426223441958427
                ],
                [
                    -0.06642666459083557,
                    0.015048420988023281,
                    0.9976778626441956
                ]
            ],
            [
                [
                    0.9954157471656799,
                    0.05580256134271622,
                    0.07767652720212936
                ],
                [
                    -0.060544442385435104,
                    0.9963549971580505,
                    0.060091666877269745
                ],
                [
                    -0.07404012978076935,
                    -0.06451907008886337,
                    0.995166003704071
                ]
            ],
            [
                [
                    0.9596430063247681,
                    -0.11292587965726852,
                    0.2575520873069763
                ],
                [
                    0.1093626543879509,
                    0.9936028122901917,
                    0.02816653810441494
                ],
                [
                    -0.25908520817756653,
                    0.0011367627885192633,
                    0.9658538699150085
                ]
            ],
            [
                [
                    0.9154951572418213,
                    0.4008479416370392,
                    -0.034490324556827545
                ],
                [
                    -0.40184542536735535,
                    0.9152305722236633,
                    -0.029551131650805473
                ],
                [
                    0.01972108706831932,
                    0.040913693606853485,
                    0.9989680647850037
                ]
            ],
            [
                [
                    0.9026855230331421,
                    -0.4223938286304474,
                    0.08211114257574081
                ],
                [
                    0.4256708323955536,
                    0.9044815301895142,
                    -0.026786888018250465
                ],
                [
                    -0.0629533901810646,
                    0.05913245677947998,
                    0.9962631464004517
                ]
            ],
            [
                [
                    0.9852732419967651,
                    0.02964707277715206,
                    0.16839756071567535
                ],
                [
                    0.02476590685546398,
                    0.9497246742248535,
                    -0.31210508942604065
                ],
                [
                    -0.16918432712554932,
                    0.31167930364608765,
                    0.9350040555000305
                ]
            ],
            [
                [
                    0.5741628408432007,
                    0.8156941533088684,
                    -0.07056982815265656
                ],
                [
                    -0.8166462182998657,
                    0.5767244100570679,
                    0.021861692890524864
                ],
                [
                    0.05853179097175598,
                    0.04507840797305107,
                    0.9972672462463379
                ]
            ],
            [
                [
                    0.5185768604278564,
                    -0.8085998296737671,
                    0.2779284715652466
                ],
                [
                    0.8407634496688843,
                    0.5413660407066345,
                    0.006289451848715544
                ],
                [
                    -0.15554669499397278,
                    0.23041054606437683,
                    0.9605810642242432
                ]
            ],
            [
                [
                    0.9985724687576294,
                    -0.023785457015037537,
                    -0.04782559350132942
                ],
                [
                    0.02277272753417492,
                    0.9995071291923523,
                    -0.021609822288155556
                ],
                [
                    0.04831601679325104,
                    0.020489852875471115,
                    0.998621940612793
                ]
            ],
            [
                [
                    0.9739752411842346,
                    0.020013902336359024,
                    0.2257688194513321
                ],
                [
                    -0.0022329746279865503,
                    0.9968927502632141,
                    -0.07873903214931488
                ],
                [
                    -0.22664318978786469,
                    0.07618573307991028,
                    0.9709935188293457
                ]
            ],
            [
                [
                    0.99757981300354,
                    0.0693250298500061,
                    0.005327849183231592
                ],
                [
                    -0.06909443438053131,
                    0.9969819784164429,
                    -0.03539634123444557
                ],
                [
                    -0.00776562187820673,
                    0.03494255617260933,
                    0.9993590712547302
                ]
            ],
            [
                [
                    0.9956088066101074,
                    -0.09218531847000122,
                    0.016282476484775543
                ],
                [
                    0.08996497839689255,
                    0.9903120398521423,
                    0.10577559471130371
                ],
                [
                    -0.02587568387389183,
                    -0.1038462445139885,
                    0.994256854057312
                ]
            ],
            [
                [
                    0.9774381518363953,
                    0.19216220080852509,
                    -0.08768265694379807
                ],
                [
                    -0.17438697814941406,
                    0.9683944582939148,
                    0.17832885682582855
                ],
                [
                    0.11917948722839355,
                    -0.1590147316455841,
                    0.9800562858581543
                ]
            ],
            [
                [
                    0.9734988808631897,
                    -0.20877842605113983,
                    0.09333458542823792
                ],
                [
                    0.1889352947473526,
                    0.9641867876052856,
                    0.18613751232624054
                ],
                [
                    -0.12885348498821259,
                    -0.16357049345970154,
                    0.9780803918838501
                ]
            ]
        ],
        "betas": [
            -0.08558249473571777,
            0.030213773250579834,
            -0.20945295691490173,
            0.16579946875572205,
            0.1612429916858673,
            0.11434391885995865,
            -0.06141597032546997,
            -0.06933420896530151,
            0.09997548907995224,
            -0.055959105491638184
        ]
    },
    "pred_cam_t": [
        0.016576917842030525,
        0.3918510675430298,
        22.915538787841797
    ],
    "focal_length": [
        5000.0,
        5000.0
    ],
    "pred_keypoints_3d": [
        [
            -0.15811912715435028,
            -0.7819618582725525,
            -0.1527072787284851
        ],
        [
            0.002982119098305702,
            -0.7172924876213074,
            -0.0796654149889946
        ],
        [
            0.0017525618895888329,
            -0.6350218057632446,
            0.11180193722248077
        ],
        [
            0.026963166892528534,
            -0.3876971900463104,
            0.1639399379491806
        ],
        [
            -0.02404097467660904,
            -0.14180588722229004,
            0.20582343637943268
        ],
        [
            0.02815357595682144,
            -0.5975480675697327,
            -0.24199092388153076
        ],
        [
            0.08779947459697723,
            -0.34406742453575134,
            -0.24757912755012512
        ],
        [
            0.1073051318526268,
            -0.09813192486763,
            -0.27853158116340637
        ],
        [
            -0.0019232737831771374,
            -0.22282202541828156,
            0.027091342955827713
        ],
        [
            -0.008043080568313599,
            -0.16106313467025757,
            0.12036332488059998
        ],
        [
            0.006354888901114464,
            0.14873304963111877,
            0.34253552556037903
        ],
        [
            0.08409185707569122,
            0.4587188959121704,
            0.5780729651451111
        ],
        [
            0.0029705818742513657,
            -0.11387545615434647,
            -0.006145298480987549
        ],
        [
            -0.0972549244761467,
            0.21966278553009033,
            0.12940238416194916
        ],
        [
            -0.06043468788266182,
            0.4808690547943115,
            0.4258451461791992
        ],
        [
            -0.1582912802696228,
            -0.8276902437210083,
            -0.11059120297431946
        ],
        [
            -0.1290948987007141,
            -0.8335708975791931,
            -0.17000740766525269
        ],
        [
            -0.09266269207000732,
            -0.840235710144043,
            -0.030343495309352875
        ],
        [
            -0.030339069664478302,
            -0.8529102802276611,
            -0.16187018156051636
        ],
        [
            -0.24128475785255432,
            0.5723297595977783,
            0.4132711589336395
        ],
        [
            -0.16915786266326904,
            0.6019648313522339,
            0.3857983648777008
        ],
        [
            -0.002877261955291033,
            0.4960279166698456,
            0.46120786666870117
        ],
        [
            -0.10101968795061111,
            0.5262024402618408,
            0.5935163497924805
        ],
        [
            -0.06597821414470673,
            0.48062944412231445,
            0.6601088643074036
        ],
        [
            0.14385062456130981,
            0.4832633435726166,
            0.6100486516952515
        ],
        [
            0.10277613997459412,
            0.40086835622787476,
            0.5659552812576294
        ],
        [
            0.004006500821560621,
            0.09294621646404266,
            0.30336320400238037
        ],
        [
            -0.004395155236124992,
            -0.30133575201034546,
            0.1505585014820099
        ],
        [
            0.03364540636539459,
            -0.18694128096103668,
            -0.11304880678653717
        ],
        [
            -0.0875508263707161,
            0.18939298391342163,
            0.09931322932243347
        ],
        [
            -0.03357899934053421,
            0.4572712779045105,
            0.400448203086853
        ],
        [
            -0.05013177916407585,
            -0.1651109904050827,
            0.1925518959760666
        ],
        [
            0.0023113801144063473,
            -0.40827733278274536,
            0.18775403499603271
        ],
        [
            0.0013708588667213917,
            -0.6638656258583069,
            0.07201042771339417
        ],
        [
            0.032188139855861664,
            -0.6356992125511169,
            -0.2181689441204071
        ],
        [
            0.06532827019691467,
            -0.36146318912506104,
            -0.2889668345451355
        ],
        [
            0.09333106875419617,
            -0.10960305482149124,
            -0.2867979407310486
        ],
        [
            0.000979051343165338,
            -0.7066033482551575,
            -0.08101675659418106
        ],
        [
            -0.08976639062166214,
            -0.8918570876121521,
            -0.10899833589792252
        ],
        [
            0.014872662723064423,
            -0.24491307139396667,
            0.01810172013938427
        ],
        [
            0.013059107586741447,
            -0.6489133834838867,
            -0.07114960998296738
        ],
        [
            0.03856386989355087,
            -0.4785109758377075,
            -0.04495552182197571
        ],
        [
            -0.08381757140159607,
            -0.7798774838447571,
            -0.12099484354257584
        ],
        [
            -0.08994552493095398,
            -0.9118978381156921,
            -0.10300309211015701
        ]
    ],
    "pred_vertices": [
        [
            -0.13926321268081665,
            -0.8798232078552246,
            -0.18325215578079224
        ],
        [
            -0.14317673444747925,
            -0.8634974360466003,
            -0.18005050718784332
        ],
        [
            -0.12956684827804565,
            -0.8637208938598633,
            -0.18520817160606384
        ],
        [
            -0.12225823849439621,
            -0.8769716024398804,
            -0.18653403222560883
        ],
        [
            -0.13325490057468414,
            -0.8528447151184082,
            -0.18411868810653687
        ],
        [
            -0.14363761246204376,
            -0.8510773181915283,
            -0.17865639925003052
        ],
        [
            -0.11581041663885117,
            -0.8613197207450867,
            -0.1863243579864502
        ],
        [
            -0.10678482800722122,
            -0.8711814880371094,
            -0.1867274045944214
        ],
        [
            -0.09280401468276978,
            -0.830811083316803,
            -0.18401609361171722
        ],
        [
            -0.08171410858631134,
            -0.8295407891273499,
            -0.1833735704421997
        ],
        [
            -0.08689391613006592,
            -0.8408729434013367,
            -0.18451237678527832
        ],
        [
            -0.0969872996211052,
            -0.8390534520149231,
            -0.18390515446662903
        ],
        [
            -0.08314856886863708,
            -0.806861400604248,
            -0.17986589670181274
        ],
        [
            -0.09008423238992691,
            -0.7951067090034485,
            -0.17737676203250885
        ],
        [
            -0.07851684838533401,
            -0.7893051505088806,
            -0.17436030507087708
        ],
        [
            -0.07101880013942719,
            -0.8007892370223999,
            -0.17511756718158722
        ],
        [
            -0.1277320384979248,
            -0.7986879348754883,
            -0.16071927547454834
        ],
        [
            -0.12257730960845947,
            -0.7932742834091187,
            -0.16452118754386902
        ],
        [
            -0.12204835563898087,
            -0.8003256916999817,
            -0.1679835319519043
        ],
        [
            -0.12703189253807068,
            -0.8050369024276733,
            -0.16336700320243835
        ],
        [
            -0.13987258076667786,
            -0.8054081201553345,
            -0.15659010410308838
        ],
        [
            -0.13822585344314575,
            -0.811742901802063,
            -0.1563759446144104
        ],
        [
            -0.14582937955856323,
            -0.8135545253753662,
            -0.15485946834087372
        ],
        [
            -0.1477072536945343,
            -0.8063226938247681,
            -0.15615570545196533
        ],
        [
            -0.12870624661445618,
            -0.7930283546447754,
            -0.15579886734485626
        ],
        [
            -0.12308778613805771,
            -0.7875735759735107,
            -0.15965814888477325
        ],
        [
            -0.1328134536743164,
            -0.8032719492912292,
            -0.15797871351242065
        ],
        [
            -0.1342119574546814,
            -0.7980104684829712,
            -0.15716981887817383
        ],
        [
            -0.14251479506492615,
            -0.7890205383300781,
            -0.15911494195461273
        ],
        [
            -0.14194971323013306,
            -0.7941268682479858,
            -0.1600445806980133
        ],
        [
            -0.14953698217868805,
            -0.79291170835495,
            -0.16055268049240112
        ],
        [
            -0.14803148806095123,
            -0.78765869140625,
            -0.15869301557540894
        ],
        [
            -0.1331586390733719,
            -0.7910350561141968,
            -0.1572311818599701
        ],
        [
            -0.13611724972724915,
            -0.7931846380233765,
            -0.15922635793685913
        ],
        [
            -0.1380879282951355,
            -0.7886806726455688,
            -0.1579814851284027
        ],
        [
            -0.13545763492584229,
            -0.7873721122741699,
            -0.15497395396232605
        ],
        [
            -0.1411668360233307,
            -0.8002481460571289,
            -0.15725553035736084
        ],
        [
            -0.1489512324333191,
            -0.7999195456504822,
            -0.15815308690071106
        ],
        [
            -0.1570107638835907,
            -0.7989305853843689,
            -0.15795284509658813
        ],
        [
            -0.1571711301803589,
            -0.7901496887207031,
            -0.15985551476478577
        ],
        [
            -0.10865674912929535,
            -0.7830255031585693,
            -0.17014950513839722
        ],
        [
            -0.1162538230419159,
            -0.7879924178123474,
            -0.16836822032928467
        ],
        [
            -0.11738601326942444,
            -0.7827466726303101,
            -0.16358283162117004
        ],
        [
            -0.11132100224494934,
            -0.7786612510681152,
            -0.1660037785768509
        ],
        [
            -0.1312381476163864,
            -0.7855362296104431,
            -0.15399791300296783
        ],
        [
            -0.12532368302345276,
            -0.7705273628234863,
            -0.15618285536766052
        ],
        [
            -0.1263979822397232,
            -0.7742700576782227,
            -0.15675793588161469
        ],
        [
            -0.1326654702425003,
            -0.7734381556510925,
            -0.15345220267772675
        ],
        [
            -0.13124623894691467,
            -0.770052969455719,
            -0.1533488631248474
        ],
        [
            -0.09482641518115997,
            -0.7724352478981018,
            -0.1692352145910263
        ],
        [
            -0.10079983621835709,
            -0.7695233821868896,
            -0.16628004610538483
        ],
        [
            -0.09645266085863113,
            -0.7638314962387085,
            -0.1648021638393402
        ],
        [
            -0.08945296704769135,
            -0.765863299369812,
            -0.1664809286594391
        ],
        [
            -0.09527237713336945,
            -0.7586206197738647,
            -0.16155821084976196
        ],
        [
            -0.08553910255432129,
            -0.7593333721160889,
            -0.1630760282278061
        ],
        [
            -0.08610669523477554,
            -0.744752049446106,
            -0.15397009253501892
        ],
        [
            -0.08530736714601517,
            -0.7513738870620728,
            -0.15844979882240295
        ],
        [
            -0.0959257185459137,
            -0.7527551054954529,
            -0.15774795413017273
        ],
        [
            -0.0994277372956276,
            -0.7463937997817993,
            -0.1540185958147049
        ],
        [
            -0.11280909180641174,
            -0.7469989657402039,
            -0.14827711880207062
        ],
        [
            -0.11718425154685974,
            -0.7446627616882324,
            -0.14425060153007507
        ],
        [
            -0.11004943400621414,
            -0.7341549396514893,
            -0.14616982638835907
        ],
        [
            -0.10512383282184601,
            -0.7393695116043091,
            -0.1500210464000702
        ],
        [
            -0.12015391886234283,
            -0.7664334774017334,
            -0.15281838178634644
        ],
        [
            -0.11610611528158188,
            -0.7676223516464233,
            -0.15495549142360687
        ],
        [
            -0.11826303601264954,
            -0.7683736085891724,
            -0.1565133035182953
        ],
        [
            -0.12312372773885727,
            -0.7680491209030151,
            -0.15465259552001953
        ],
        [
            -0.11277469992637634,
            -0.768325924873352,
            -0.1572125107049942
        ],
        [
            -0.11128469556570053,
            -0.768530011177063,
            -0.15825363993644714
        ],
        [
            -0.11280123144388199,
            -0.7693146467208862,
            -0.15883275866508484
        ],
        [
            -0.11343996971845627,
            -0.7687352299690247,
            -0.15771780908107758
        ],
        [
            -0.11473863571882248,
            -0.7680500745773315,
            -0.15622781217098236
        ],
        [
            -0.11496128141880035,
            -0.7660692930221558,
            -0.1552169919013977
        ],
        [
            -0.11333110928535461,
            -0.7673637866973877,
            -0.15655949711799622
        ],
        [
            -0.1186264231801033,
            -0.7641185522079468,
            -0.15341472625732422
        ],
        [
            -0.13000985980033875,
            -0.7584636807441711,
            -0.1461578607559204
        ],
        [
            -0.12733054161071777,
            -0.7597584128379822,
            -0.14861243963241577
        ],
        [
            -0.1284623146057129,
            -0.764106273651123,
            -0.14727827906608582
        ],
        [
            -0.13084356486797333,
            -0.7632808685302734,
            -0.14524590969085693
        ],
        [
            -0.11558280885219574,
            -0.7700778245925903,
            -0.15884757041931152
        ],
        [
            -0.11455146223306656,
            -0.7722716331481934,
            -0.16049888730049133
        ],
        [
            -0.11982815712690353,
            -0.7735186815261841,
            -0.15916475653648376
        ],
        [
            -0.11916612833738327,
            -0.7708845138549805,
            -0.15759727358818054
        ],
        [
            -0.1135123148560524,
            -0.7744889855384827,
            -0.16297811269760132
        ],
        [
            -0.11155028641223907,
            -0.7709370851516724,
            -0.16060379147529602
        ],
        [
            -0.10981009155511856,
            -0.7720468044281006,
            -0.16315791010856628
        ],
        [
            -0.11101094633340836,
            -0.7668465375900269,
            -0.15750928223133087
        ],
        [
            -0.1079583391547203,
            -0.7661131620407104,
            -0.1588929146528244
        ],
        [
            -0.10933131724596024,
            -0.7683080434799194,
            -0.16027474403381348
        ],
        [
            -0.10839163511991501,
            -0.7626582384109497,
            -0.15705549716949463
        ],
        [
            -0.11250708252191544,
            -0.7644916772842407,
            -0.15564538538455963
        ],
        [
            -0.11584265530109406,
            -0.7615728974342346,
            -0.15379443764686584
        ],
        [
            -0.12032748013734818,
            -0.7584736347198486,
            -0.1514669954776764
        ],
        [
            -0.11524336785078049,
            -0.7551521062850952,
            -0.15151500701904297
        ],
        [
            -0.11113689094781876,
            -0.7587953805923462,
            -0.15460482239723206
        ],
        [
            -0.11932119727134705,
            -0.7775703072547913,
            -0.16096754372119904
        ],
        [
            -0.1056598350405693,
            -0.7686824798583984,
            -0.16293662786483765
        ],
        [
            -0.10602709650993347,
            -0.7749235033988953,
            -0.1665119230747223
        ],
        [
            -0.10331501066684723,
            -0.7645614147186279,
            -0.1617131531238556
        ],
        [
            -0.10273593664169312,
            -0.760252833366394,
            -0.15923210978507996
        ],
        [
            -0.10480896383523941,
            -0.7558065056800842,
            -0.1556522101163864
        ],
        [
            -0.10861744731664658,
            -0.7509151101112366,
            -0.15228542685508728
        ],
        [
            -0.09743648022413254,
            -0.729326605796814,
            -0.1421758234500885
        ],
        [
            -0.09244649112224579,
            -0.736030101776123,
            -0.14803571999073029
        ],
        [
            -0.13986855745315552,
            -0.84458327293396,
            -0.17492923140525818
        ],
        [
            -0.133175790309906,
            -0.8453662991523743,
            -0.18102964758872986
        ],
        [
            -0.12663522362709045,
            -0.8392113447189331,
            -0.17854124307632446
        ],
        [
            -0.1264345794916153,
            -0.8420864343643188,
            -0.17989644408226013
        ],
        [
            -0.13203656673431396,
            -0.8416247963905334,
            -0.17736971378326416
        ],
        [
            -0.13077312707901,
            -0.8388038873672485,
            -0.17643365263938904
        ],
        [
            -0.10514136403799057,
            -0.8384761810302734,
            -0.18181410431861877
        ],
        [
            -0.11179456859827042,
            -0.8382107615470886,
            -0.1800946444272995
        ],
        [
            -0.10929850488901138,
            -0.8351036906242371,
            -0.1791655272245407
        ],
        [
            -0.10180271416902542,
            -0.8324416875839233,
            -0.18223920464515686
        ],
        [
            -0.11608202755451202,
            -0.8249647617340088,
            -0.17542777955532074
        ],
        [
            -0.11187128722667694,
            -0.8276485204696655,
            -0.1776532232761383
        ],
        [
            -0.11785844713449478,
            -0.832701563835144,
            -0.1764076054096222
        ],
        [
            -0.12097681313753128,
            -0.8307915925979614,
            -0.17493881285190582
        ],
        [
            -0.1241399496793747,
            -0.8293437957763672,
            -0.17264577746391296
        ],
        [
            -0.12721525132656097,
            -0.828677773475647,
            -0.16947656869888306
        ],
        [
            -0.12486304342746735,
            -0.8236843347549438,
            -0.16917160153388977
        ],
        [
            -0.12066203355789185,
            -0.8238412141799927,
            -0.1725275218486786
        ],
        [
            -0.13646680116653442,
            -0.8416604399681091,
            -0.172587051987648
        ],
        [
            -0.13953372836112976,
            -0.8404906988143921,
            -0.1659354716539383
        ],
        [
            -0.1371346414089203,
            -0.8377840518951416,
            -0.1666610687971115
        ],
        [
            -0.13488483428955078,
            -0.8385471105575562,
            -0.1724122166633606
        ],
        [
            -0.13557037711143494,
            -0.8322690725326538,
            -0.15475326776504517
        ],
        [
            -0.13677233457565308,
            -0.834352970123291,
            -0.1566040813922882
        ],
        [
            -0.1399248093366623,
            -0.8349643349647522,
            -0.15435150265693665
        ],
        [
            -0.13806328177452087,
            -0.8309812545776367,
            -0.15265965461730957
        ],
        [
            -0.1359245479106903,
            -0.8282610774040222,
            -0.15438613295555115
        ],
        [
            -0.13462170958518982,
            -0.8306646347045898,
            -0.15589968860149384
        ],
        [
            -0.14897412061691284,
            -0.900199830532074,
            -0.1758471429347992
        ],
        [
            -0.1531219780445099,
            -0.8813143968582153,
            -0.17478102445602417
        ],
        [
            -0.12891407310962677,
            -0.8986387252807617,
            -0.18196527659893036
        ],
        [
            -0.11208347976207733,
            -0.8926513195037842,
            -0.18467773497104645
        ],
        [
            -0.09685452282428741,
            -0.8826416730880737,
            -0.18563519418239594
        ],
        [
            -0.08702056109905243,
            -0.7794884443283081,
            -0.17215555906295776
        ],
        [
            -0.07881170511245728,
            -0.7731072902679443,
            -0.16939720511436462
        ],
        [
            -0.06754808127880096,
            -0.7841777801513672,
            -0.17082954943180084
        ],
        [
            -0.0617009662091732,
            -0.7755860686302185,
            -0.16634927690029144
        ],
        [
            -0.07387718558311462,
            -0.7644355297088623,
            -0.1650930941104889
        ],
        [
            -0.07363083213567734,
            -0.7458372712135315,
            -0.15100355446338654
        ],
        [
            -0.07202250510454178,
            -0.7546723484992981,
            -0.159250870347023
        ],
        [
            -0.05708852782845497,
            -0.7666673064231873,
            -0.1597614884376526
        ],
        [
            -0.04409022629261017,
            -0.7832989692687988,
            -0.1606745421886444
        ],
        [
            -0.05146045982837677,
            -0.7887450456619263,
            -0.166365846991539
        ],
        [
            -0.036248579621315,
            -0.8022122383117676,
            -0.15915533900260925
        ],
        [
            -0.036400653421878815,
            -0.7785531878471375,
            -0.15153373777866364
        ],
        [
            -0.030980385839939117,
            -0.8034299612045288,
            -0.15257343649864197
        ],
        [
            -0.04385863244533539,
            -0.7439475059509277,
            -0.13601401448249817
        ],
        [
            -0.039985161274671555,
            -0.7344775199890137,
            -0.13525110483169556
        ],
        [
            -0.02489839494228363,
            -0.7439552545547485,
            -0.14235816895961761
        ],
        [
            -0.028834596276283264,
            -0.7538860440254211,
            -0.14276829361915588
        ],
        [
            -0.05949819087982178,
            -0.7947490215301514,
            -0.17111992835998535
        ],
        [
            -0.08333420753479004,
            -0.8532423973083496,
            -0.18335998058319092
        ],
        [
            -0.09419788420200348,
            -0.8496273756027222,
            -0.18492525815963745
        ],
        [
            -0.0753553956747055,
            -0.8422949910163879,
            -0.18222540616989136
        ],
        [
            -0.0851907879114151,
            -0.915113091468811,
            -0.1794884204864502
        ],
        [
            -0.10020706057548523,
            -0.905823826789856,
            -0.1839556097984314
        ],
        [
            -0.0869327262043953,
            -0.8935216665267944,
            -0.18460382521152496
        ],
        [
            -0.07430294156074524,
            -0.9040931463241577,
            -0.18162283301353455
        ],
        [
            -0.11632117629051208,
            -0.9426991939544678,
            -0.1630927324295044
        ],
        [
            -0.1340792328119278,
            -0.923122763633728,
            -0.17275981605052948
        ],
        [
            -0.11844298243522644,
            -0.9161913990974426,
            -0.17934992909431458
        ],
        [
            -0.10301361232995987,
            -0.9312682747840881,
            -0.17239387333393097
        ],
        [
            -0.06266771256923676,
            -0.9101486206054688,
            -0.17673121392726898
        ],
        [
            -0.0481627881526947,
            -0.916985273361206,
            -0.16851575672626495
        ],
        [
            -0.048981666564941406,
            -0.9333570003509521,
            -0.163087859749794
        ],
        [
            -0.06814422458410263,
            -0.9266946315765381,
            -0.17194154858589172
        ],
        [
            -0.055091604590415955,
            -0.953680157661438,
            -0.15091580152511597
        ],
        [
            -0.07902421802282333,
            -0.9459962248802185,
            -0.1623537689447403
        ],
        [
            -0.020954124629497528,
            -0.7929878234863281,
            -0.1456543505191803
        ],
        [
            -0.022623524069786072,
            -0.8120794296264648,
            -0.14612796902656555
        ],
        [
            -0.034593138843774796,
            -0.7647709846496582,
            -0.14461809396743774
        ],
        [
            -0.01929491013288498,
            -0.7767108678817749,
            -0.14471957087516785
        ],
        [
            -0.06436552107334137,
            -0.9679653644561768,
            -0.1339816302061081
        ],
        [
            -0.09241557121276855,
            -0.9600123167037964,
            -0.14822976291179657
        ],
        [
            -0.005363717675209045,
            -0.9097868204116821,
            -0.1352834850549698
        ],
        [
            -0.017018958926200867,
            -0.9243364334106445,
            -0.1419348120689392
        ],
        [
            -0.022406160831451416,
            -0.9082254767417908,
            -0.15444821119308472
        ],
