{
    "pred_cam": [
        1.7071170806884766,
        0.009438881650567055,
        0.39974913001060486
    ],
    "pred_smpl_params": {
        "global_orient": [
            [
                [
                    0.07830723375082016,
                    0.0789576843380928,
                    -0.9937976002693176
                ],
                [
                    0.3126471936702728,
                    -0.9485139846801758,
                    -0.05072454735636711
                ],
                [
                    -0.9466360211372375,
                    -0.30673593282699585,
                    -0.09896140545606613
                ]
            ]
        ],
        "body_pose": [
            [
                [
                    0.986579179763794,
                    0.13982972502708435,
                    0.08431488275527954
                ],
                [
                    -0.1520494967699051,
                    0.9749650359153748,
                    0.16224689781665802
                ],
                [
                    -0.059517133980989456,
                    -0.17288948595523834,
                    0.9831412434577942
                ]
            ],
            [
                [
                    0.9874624609947205,
                    0.14343036711215973,
                    -0.06592142581939697
                ],
                [
                    -0.14935091137886047,
                    0.9841161966323853,
                    -0.09596630185842514
                ],
                [
                    0.051109861582517624,
                    0.10460854321718216,
                    0.9931992292404175
                ]
            ],
            [
                [
                    0.9955070614814758,
                    -0.08596180379390717,
                    0.03970300033688545
                ],
                [
                    0.09039843827486038,
                    0.9875980615615845,
                    -0.12836751341819763
                ],
                [
                    -0.028175905346870422,
                    0.1313798427581787,
                    0.9909316301345825
                ]
            ],
            [
                [
                    0.9681464433670044,
                    0.24454204738140106,
                    0.05377534404397011
                ],
                [
                    -0.22043123841285706,
                    0.9343002438545227,
                    -0.28016629815101624
                ],
                [
                    -0.11875475943088531,
                    0.25938817858695984,
                    0.9584441781044006
                ]
            ],
            [
                [
                    0.9717433452606201,
                    0.11101105064153671,
                    0.20830607414245605
                ],
                [
                    -0.0975019633769989,
                    0.9924753308296204,
                    -0.07406813651323318
                ],
                [
                    -0.21496102213859558,
                    0.051664967089891434,
                    0.9752550721168518
                ]
            ],
            [
                [
                    0.9971592426300049,
                    -0.0742911770939827,
                    -0.012422684580087662
                ],
                [
                    0.07436509430408478,
                    0.9972153902053833,
                    0.005597778130322695
                ],
                [
                    0.011972226202487946,
                    -0.006505690049380064,
                    0.9999071955680847
                ]
            ],
            [
                [
                    0.9783061742782593,
                    -0.0033275268506258726,
                    0.20713762938976288
                ],
                [
                    0.0012070310767740011,
                    0.9999455809593201,
                    0.01036258228123188
                ],
                [
                    -0.2071608453989029,
                    -0.009887752123177052,
                    0.9782569408416748
                ]
            ],
            [
                [
                    0.9733492136001587,
                    -0.02183740772306919,
                    -0.22828614711761475
                ],
                [
                    0.027106033638119698,
                    0.9994330406188965,
                    0.019968895241618156
                ],
                [
                    0.22772066295146942,
                    -0.02562464028596878,
                    0.9733892679214478
                ]
            ],
            [
                [
                    0.9991055727005005,
                    -0.042211104184389114,
                    0.0025145576801151037
                ],
                [
                    0.042283955961465836,
                    0.9967160224914551,
                    -0.06906060129404068
                ],
                [
                    0.00040882418397814035,
                    0.06910515576601028,
                    0.9976093769073486
                ]
            ],
            [
                [
                    0.9962687492370605,
                    -0.05690600350499153,
                    0.06488732993602753
                ],
                [
                    0.05764777958393097,
                    0.9982907176017761,
                    -0.009615524671971798
                ],
                [
                    -0.06422922760248184,
                    0.013320254161953926,
                    0.9978463649749756
                ]
            ],
            [
                [
                    0.9952560067176819,
                    0.05277835577726364,
                    0.08173132687807083
                ],
                [
                    -0.05678591877222061,
                    0.9972553253173828,
                    0.047509465366601944
                ],
                [
                    -0.07899952679872513,
                    -0.05192526429891586,
                    0.9955214262008667
                ]
            ],
            [
                [
                    0.9596465229988098,
                    -0.10368764400482178,
                    0.26139509677886963
                ],
                [
                    0.10096453875303268,
                    0.9946037530899048,
                    0.023863689973950386
                ],
                [
                    -0.2624589204788208,
                    0.003490928327664733,
                    0.9649367928504944
                ]
            ],
            [
                [
                    0.918889582157135,
                    0.39346984028816223,
                    -0.028698664158582687
                ],
                [
                    -0.39434516429901123,
                    0.9181948304176331,
                    -0.03755134716629982
                ],
                [
                    0.01157564576715231,
                    0.045822713524103165,
                    0.9988825917243958
                ]
            ],
            [
                [
                    0.9102842807769775,
                    -0.40554437041282654,
                    0.08316385746002197
                ],
                [
                    0.40928035974502563,
                    0.911791980266571,
                    -0.03354131057858467
                ],
                [
                    -0.062225643545389175,
                    0.06456946581602097,
                    0.9959712624549866
                ]
            ],
            [
                [
                    0.9845675826072693,
                    0.02810058370232582,
                    0.17273415625095367
                ],
                [
                    0.027727264910936356,
                    0.9495097398757935,
                    -0.3125099837779999
                ],
                [
                    -0.17279447615146637,
                    0.31247663497924805,
                    0.9340773820877075
                ]
            ],
            [
                [
                    0.5693486928939819,
                    0.8194139003753662,
                    -0.06635424494743347
                ],
                [
                    -0.8210201859474182,
                    0.5708764791488647,
                    0.005084513686597347
                ],
                [
                    0.042046401649713516,
                    0.05158331245183945,
                    0.9977831244468689
                ]
            ],
            [
                [
                    0.5151219964027405,
                    -0.8107649087905884,
                    0.27804598212242126
                ],
                [
                    0.8450239896774292,
                    0.5346899628639221,
                    -0.00641105929389596
                ],
                [
                    -0.14347054064273834,
                    0.2382580041885376,
                    0.9605463743209839
                ]
            ],
            [
                [
                    0.9975813627243042,
                    -0.02582617662847042,
                    -0.0645318329334259
                ],
                [
                    0.023895444348454475,
                    0.9992486834526062,
                    -0.030513424426317215
                ],
                [
                    0.06527139246463776,
                    0.02889760583639145,
                    0.9974489808082581
                ]
            ],
            [
                [
                    0.9669123888015747,
                    0.013476347550749779,
                    0.25475239753723145
                ],
                [
                    0.01170933898538351,
                    0.9952068328857422,
                    -0.09708897769451141
                ],
                [
                    -0.2548397183418274,
                    0.09685952216386795,
                    0.962119996547699
                ]
            ],
            [
                [
                    0.9980323910713196,
                    0.06264559179544449,
                    0.002632243325933814
                ],
                [
                    -0.062578484416008,
                    0.99782794713974,
                    -0.02057608589529991
                ],
                [
                    -0.003915526904165745,
                    0.020370878279209137,
                    0.9997848868370056
                ]
            ],
            [
                [
                    0.9956064224243164,
                    -0.09068308025598526,
                    0.023331213742494583
                ],
                [
                    0.08740287274122238,
                    0.9894092679023743,
                    0.11588820815086365
                ],
                [
                    -0.03359321877360344,
                    -0.11333984136581421,
                    0.9929881691932678
                ]
            ],
            [
                [
                    0.9773333072662354,
                    0.19411882758140564,
                    -0.08448366075754166
                ],
                [
                    -0.17617912590503693,
                    0.9670336246490479,
                    0.18386626243591309
                ],
                [
                    0.11739044636487961,
                    -0.16481436789035797,
                    0.979313850402832
                ]
            ],
            [
                [
                    0.9727866053581238,
                    -0.21128685772418976,
                    0.0951007679104805
                ],
                [
                    0.19172237813472748,
                    0.9644861817359924,
                    0.1816840022802353
                ],
                [
                    -0.13011080026626587,
                    -0.15850681066513062,
                    0.9787476658821106
                ]
            ]
        ],
        "betas": [
            -0.08470731973648071,
            0.015753507614135742,
            -0.1492474526166916,
            0.17191217839717865,
            0.15406841039657593,
            0.13677719235420227,
            -0.06006786227226257,
            -0.07414364814758301,
            0.09699878841638565,
            -0.0511932373046875
        ]
    },
    "pred_cam_t": [
        0.009438881650567055,
        0.39974913001060486,
        22.882144927978516
    ],
    "focal_length": [
        5000.0,
        5000.0
    ],
    "pred_keypoints_3d": [
        [
            -0.14977148175239563,
            -0.7873502969741821,
            -0.1479903906583786
        ],
        [
            0.008680438622832298,
            -0.7209102511405945,
            -0.07100775092840195
        ],
        [
            0.0023370133712887764,
            -0.6386916637420654,
            0.11967581510543823
        ],
        [
            0.02754383534193039,
            -0.39209601283073425,
            0.1742197871208191
        ],
        [
            -0.028345361351966858,
            -0.14655426144599915,
            0.20995324850082397
        ],
        [
            0.03572368621826172,
            -0.6029699444770813,
            -0.23400820791721344
        ],
        [
            0.09875967353582382,
            -0.35057827830314636,
            -0.24098142981529236
        ],
        [
            0.11768610775470734,
            -0.10511976480484009,
            -0.274060994386673
        ],
        [
            -0.001915052765980363,
            -0.2233143448829651,
            0.027276121079921722
        ],
        [
            -0.009386885911226273,
            -0.15868344902992249,
            0.11873112618923187
        ],
        [
            0.004093082621693611,
            0.16331398487091064,
            0.3225916028022766
        ],
        [
            0.07396827638149261,
            0.4938625395298004,
            0.5308610796928406
        ],
        [
            0.0036418105009943247,
            -0.11523427814245224,
            -0.009222015738487244
        ],
        [
            -0.08491060137748718,
            0.22539249062538147,
            0.11581458151340485
        ],
        [
            -0.054507192224264145,
            0.5075807571411133,
            0.3929283022880554
        ],
        [
            -0.15069332718849182,
            -0.8328680396080017,
            -0.10580678284168243
        ],
        [
            -0.11983264237642288,
            -0.8386765718460083,
            -0.16437974572181702
        ],
        [
            -0.0870850682258606,
            -0.8445789217948914,
            -0.0237539354711771
        ],
        [
            -0.021131493151187897,
            -0.8571783900260925,
            -0.1535864919424057
        ],
        [
            -0.23646023869514465,
            0.5963130593299866,
            0.3753535747528076
        ],
        [
            -0.16465649008750916,
            0.6248601675033569,
            0.3454740047454834
        ],
        [
            0.0028289060574024916,
            0.5258049964904785,
            0.427338182926178
        ],
        [
            -0.11308223754167557,
            0.5560230016708374,
            0.5449026226997375
        ],
        [
            -0.07548094540834427,
            0.516776978969574,
            0.6141607165336609
        ],
        [
            0.13324281573295593,
            0.5230704545974731,
            0.559503436088562
        ],
        [
            0.09466085582971573,
            0.43591371178627014,
            0.523108959197998
        ],
        [
            0.0019073332659900188,
            0.10504800826311111,
            0.28703734278678894
        ],
        [
            -0.006318236701190472,
            -0.2982233762741089,
            0.15362665057182312
        ],
        [
            0.035095371305942535,
            -0.191550612449646,
            -0.11340321600437164
        ],
        [
            -0.07569126784801483,
            0.19353559613227844,
            0.08687473833560944
        ],
        [
            -0.027063649147748947,
            0.4827604293823242,
            0.36939918994903564
        ],
        [
            -0.05361058562994003,
            -0.17056937515735626,
            0.19582201540470123
        ],
        [
            0.001751433010213077,
            -0.4124803841114044,
            0.19698601961135864
        ],
        [
            0.0032086290884763002,
            -0.6674222946166992,
            0.08019771426916122
        ],
        [
            0.03974613547325134,
            -0.6408012509346008,
            -0.20968356728553772
        ],
        [
            0.07642769813537598,
            -0.3681042194366455,
            -0.2825835347175598
        ],
        [
            0.10371267050504684,
            -0.11682815104722977,
            -0.28258252143859863
        ],
        [
            0.006096645258367062,
            -0.7109262943267822,
            -0.07274686545133591
        ],
        [
            -0.08159197866916656,
            -0.8965107798576355,
            -0.10217142850160599
        ],
        [
            0.014647730626165867,
            -0.24560855329036713,
            0.01947232335805893
        ],
        [
            0.017542559653520584,
            -0.6532688736915588,
            -0.0629747211933136
        ],
        [
            0.04058275744318962,
            -0.48142921924591064,
            -0.03795513138175011
        ],
        [
            -0.07640253752470016,
            -0.7844250202178955,
            -0.11433200538158417
        ],
        [
            -0.08175568282604218,
            -0.9165345430374146,
            -0.096193328499794
        ]
    ],
    "pred_vertices": [
        [
            -0.12917283177375793,
            -0.8851708769798279,
            -0.17774701118469238
        ],
        [
            -0.13337475061416626,
            -0.8687965869903564,
            -0.17476786673069
        ],
        [
            -0.11960557103157043,
            -0.8689302802085876,
            -0.17950817942619324
        ],
        [
            -0.11215594410896301,
            -0.8821250796318054,
            -0.1806430220603943
        ],
        [
            -0.12343758344650269,
            -0.858057975769043,
            -0.17858213186264038
        ],
        [
            -0.13400769233703613,
            -0.8563880920410156,
            -0.17337343096733093
        ],
        [
            -0.105854831635952,
            -0.8664063215255737,
            -0.1802539974451065
        ],
        [
            -0.09672915935516357,
            -0.8761354684829712,
            -0.1804283857345581
        ],
        [
            -0.08320717513561249,
            -0.8356131315231323,
            -0.17748680710792542
        ],
        [
            -0.07216297835111618,
            -0.8342453241348267,
            -0.17655843496322632
        ],
        [
            -0.07719273865222931,
            -0.8456555604934692,
            -0.17777720093727112
        ],
        [
            -0.08732504397630692,
            -0.8439294099807739,
            -0.17743776738643646
        ],
        [
            -0.07387755066156387,
            -0.8115533590316772,
            -0.173176571726799
        ],
        [
            -0.08098120987415314,
            -0.7998694181442261,
            -0.17090272903442383
        ],
        [
            -0.06954365223646164,
            -0.7939558029174805,
            -0.16760724782943726
        ],
        [
            -0.06192866712808609,
            -0.8053725957870483,
            -0.16811928153038025
        ],
        [
            -0.1190372109413147,
            -0.8037596940994263,
            -0.15518152713775635
        ],
        [
            -0.1138276606798172,
            -0.7983096837997437,
            -0.15886761248111725
        ],
        [
            -0.11315788328647614,
            -0.8053643703460693,
            -0.16231045126914978
        ],
        [
            -0.11821767687797546,
            -0.8101107478141785,
            -0.15780113637447357
        ],
        [
            -0.13122232258319855,
            -0.8106081485748291,
            -0.1513308882713318
        ],
        [
            -0.12953020632266998,
            -0.816923975944519,
            -0.15106216073036194
        ],
        [
            -0.13715225458145142,
            -0.8187980651855469,
            -0.14973366260528564
        ],
        [
            -0.13905587792396545,
            -0.8115993738174438,
            -0.15110574662685394
        ],
        [
            -0.12017403542995453,
            -0.7981053590774536,
            -0.15028075873851776
        ],
        [
            -0.11450106650590897,
            -0.7926077842712402,
            -0.15400096774101257
        ],
        [
            -0.124143086373806,
            -0.8083820939064026,
            -0.15254831314086914
        ],
        [
            -0.1256105601787567,
            -0.803166389465332,
            -0.15177330374717712
        ],
        [
            -0.1339312493801117,
            -0.7942638397216797,
            -0.15397827327251434
        ],
        [
            -0.1332981288433075,
            -0.7993598580360413,
            -0.15488430857658386
        ],
        [
            -0.14087362587451935,
            -0.7982324957847595,
            -0.1555829644203186
        ],
        [
            -0.13946983218193054,
            -0.7929582595825195,
            -0.15370458364486694
        ],
        [
            -0.12460775673389435,
            -0.796190083026886,
            -0.1518257111310959
        ],
        [
            -0.12749654054641724,
            -0.7983717918395996,
            -0.15389752388000488
        ],
        [
            -0.12953931093215942,
            -0.7938862442970276,
            -0.1527116596698761
        ],
        [
            -0.12699934840202332,
            -0.7925390005111694,
            -0.14963343739509583
        ],
        [
            -0.13253939151763916,
            -0.8054744005203247,
            -0.1520271897315979
        ],
        [
            -0.14029636979103088,
            -0.8052244782447815,
            -0.15314410626888275
        ],
        [
            -0.14836493134498596,
            -0.804311215877533,
            -0.15316493809223175
        ],
        [
            -0.14855316281318665,
            -0.79554682970047,
            -0.15509048104286194
        ],
        [
            -0.09985411167144775,
            -0.7879493236541748,
            -0.16416054964065552
        ],
        [
            -0.10745332390069962,
            -0.7929815649986267,
            -0.16254210472106934
        ],
        [
            -0.10874524712562561,
            -0.7877542972564697,
            -0.15777233242988586
        ],
        [
            -0.10265650600194931,
            -0.7836248874664307,
            -0.16005155444145203
        ],
        [
            -0.122836634516716,
            -0.7906713485717773,
            -0.14854881167411804
        ],
        [
            -0.11701413244009018,
            -0.7756259441375732,
            -0.15061092376708984
        ],
        [
            -0.11802990734577179,
            -0.77937912940979,
            -0.15120480954647064
        ],
        [
            -0.12439297139644623,
            -0.7785916328430176,
            -0.1480714976787567
        ],
        [
            -0.12301353365182877,
            -0.7751919031143188,
            -0.14793872833251953
        ],
        [
            -0.08614024519920349,
            -0.7772362232208252,
            -0.16293030977249146
        ],
        [
            -0.09221648424863815,
            -0.7743799090385437,
            -0.16011002659797668
        ],
        [
            -0.08797229826450348,
            -0.7686412334442139,
            -0.1585458666086197
        ],
        [
            -0.08090173453092575,
            -0.7705999612808228,
            -0.16007603704929352
        ],
        [
            -0.0869242250919342,
            -0.7633830308914185,
            -0.15531697869300842
        ],
        [
            -0.0771506056189537,
            -0.7640146017074585,
            -0.15659689903259277
        ],
        [
            -0.07813169807195663,
            -0.7494324445724487,
            -0.14752453565597534
        ],
        [
            -0.07713092863559723,
            -0.7560471296310425,
            -0.15198367834091187
        ],
        [
            -0.08774738758802414,
            -0.7575256824493408,
            -0.1515323370695114
        ],
        [
            -0.09141744673252106,
            -0.7511914968490601,
            -0.14791695773601532
        ],
        [
            -0.1049627736210823,
            -0.7519391775131226,
            -0.14247477054595947
        ],
        [
            -0.10946490615606308,
            -0.7496256828308105,
            -0.1385786533355713
        ],
        [
            -0.10238330066204071,
            -0.7390538454055786,
            -0.14034965634346008
        ],
        [
            -0.09728798270225525,
            -0.7441956400871277,
            -0.14410457015037537
        ],
        [
            -0.11197301000356674,
            -0.7714389562606812,
            -0.14713503420352936
        ],
        [
            -0.10785802453756332,
            -0.7725961208343506,
            -0.14916051924228668
        ],
        [
            -0.10996339470148087,
            -0.7733747959136963,
            -0.1507694274187088
        ],
        [
            -0.11487680673599243,
            -0.7730940580368042,
            -0.14903417229652405
        ],
        [
            -0.10445576906204224,
            -0.7732827663421631,
            -0.15132087469100952
        ],
        [
            -0.10293596982955933,
            -0.7734776735305786,
            -0.1523226648569107
        ],
        [
            -0.10442912578582764,
            -0.774277925491333,
            -0.1529422402381897
        ],
        [
            -0.1051015704870224,
            -0.7737058401107788,
            -0.15182413160800934
        ],
        [
            -0.10644476860761642,
            -0.773025631904602,
            -0.15037593245506287
        ],
        [
            -0.10671614855527878,
            -0.771041214466095,
            -0.14938253164291382
        ],
        [
            -0.10503778606653214,
            -0.7723211050033569,
            -0.1506885588169098
        ],
        [
            -0.1104506179690361,
            -0.7691206932067871,
            -0.1476844847202301
        ],
        [
            -0.1220792829990387,
            -0.7635759115219116,
            -0.1407446712255478
        ],
        [
            -0.11932425945997238,
            -0.7648217678070068,
            -0.14313696324825287
        ],
        [
            -0.12044370919466019,
            -0.7691750526428223,
            -0.14181667566299438
        ],
        [
            -0.12288948893547058,
            -0.7683932781219482,
            -0.1398460417985916
        ],
        [
            -0.10720941424369812,
            -0.7750964760780334,
            -0.15300287306308746
        ],
        [
            -0.10610287636518478,
            -0.7772495746612549,
            -0.1546516716480255
        ],
        [
            -0.11139819771051407,
            -0.7785413265228271,
            -0.15345197916030884
        ],
        [
            -0.1108088418841362,
            -0.7758923768997192,
            -0.1518777459859848
        ],
        [
            -0.10496722906827927,
            -0.7794659733772278,
            -0.1570892632007599
        ],
        [
            -0.10311247408390045,
            -0.7758924961090088,
            -0.15467149019241333
        ],
        [
            -0.10129225999116898,
            -0.777012825012207,
            -0.15717825293540955
        ],
        [
            -0.10269767791032791,
            -0.7717893123626709,
            -0.1515735685825348
        ],
        [
            -0.09960903972387314,
            -0.7710363864898682,
            -0.15287744998931885
        ],
        [
            -0.10092515498399734,
            -0.773247480392456,
            -0.15428966283798218
        ],
        [
            -0.10013021528720856,
            -0.7675767540931702,
            -0.15106812119483948
        ],
        [
            -0.10426774621009827,
            -0.7694395780563354,
            -0.149764746427536
        ],
        [
            -0.10768680274486542,
            -0.7665441036224365,
            -0.14801955223083496
        ],
        [
            -0.11226746439933777,
            -0.763479471206665,
            -0.14582210779190063
        ],
        [
            -0.10721934586763382,
            -0.7601110935211182,
            -0.14575164020061493
        ],
        [
            -0.10298655927181244,
            -0.7637258768081665,
            -0.148717999458313
        ],
        [
            -0.11080991476774216,
            -0.7826199531555176,
            -0.15522179007530212
        ],
        [
            -0.09716995060443878,
            -0.7735986709594727,
            -0.15685433149337769
        ],
        [
            -0.09738264977931976,
            -0.7798371315002441,
            -0.16044482588768005
        ],
        [
            -0.09489977359771729,
            -0.76944899559021,
            -0.1555873155593872
        ],
        [
            -0.09443635493516922,
            -0.7651242017745972,
            -0.15311302244663239
        ],
        [
            -0.09665326029062271,
            -0.7606510519981384,
            -0.14965346455574036
        ],
        [
            -0.10061852633953094,
            -0.7558273077011108,
            -0.14636537432670593
        ],
        [
            -0.08992078900337219,
            -0.7340880632400513,
            -0.13604283332824707
        ],
        [
            -0.08470176160335541,
            -0.7407395839691162,
            -0.14179354906082153
        ],
        [
            -0.13041359186172485,
            -0.8498150110244751,
            -0.16957126557826996
        ],
        [
            -0.12354214489459991,
            -0.85056471824646,
            -0.17549221217632294
        ],
        [
            -0.11711746454238892,
            -0.8443588018417358,
            -0.17283356189727783
        ],
        [
            -0.11684190481901169,
            -0.8471866250038147,
            -0.1741974651813507
        ],
        [
            -0.12253180891275406,
            -0.846806526184082,
            -0.17180761694908142
        ],
        [
            -0.12131522595882416,
            -0.8439768552780151,
            -0.17083312571048737
        ],
        [
            -0.0955333411693573,
            -0.8434401154518127,
            -0.17552593350410461
        ],
        [
            -0.10223571956157684,
            -0.8432359099388123,
            -0.17397567629814148
        ],
        [
            -0.09979670494794846,
            -0.8401000499725342,
            -0.1730111688375473
        ],
        [
            -0.09224425256252289,
            -0.837369978427887,
            -0.17592021822929382
        ],
        [
            -0.10677705705165863,
            -0.8300148248672485,
            -0.16948047280311584
        ],
        [
            -0.10247752815485,
            -0.8326612114906311,
            -0.17159950733184814
        ],
        [
            -0.10844486951828003,
            -0.837765097618103,
            -0.1704772412776947
        ],
        [
            -0.1116216629743576,
            -0.8358786106109619,
            -0.16909517347812653
        ],
        [
            -0.11485334485769272,
            -0.8344553709030151,
            -0.16688330471515656
        ],
        [
            -0.11802396923303604,
            -0.8338019251823425,
            -0.1638147234916687
        ],
        [
            -0.11572231352329254,
            -0.8287990093231201,
            -0.1634451150894165
        ],
        [
            -0.11143644154071808,
            -0.8289259672164917,
            -0.16669264435768127
        ],
        [
            -0.12708963453769684,
            -0.8468527793884277,
            -0.16713660955429077
        ],
        [
            -0.13034018874168396,
            -0.84567791223526,
            -0.16057956218719482
        ],
        [
            -0.12794049084186554,
            -0.842980682849884,
            -0.1612260788679123
        ],
        [
            -0.125533789396286,
            -0.843745768070221,
            -0.16691447794437408
        ],
        [
            -0.12673956155776978,
            -0.8374276161193848,
            -0.14928361773490906
        ],
        [
            -0.12787464261054993,
            -0.8395249843597412,
            -0.1511591672897339
        ],
        [
            -0.13108086585998535,
            -0.8401545286178589,
            -0.14898937940597534
        ],
        [
            -0.12929657101631165,
            -0.836157500743866,
            -0.1472567915916443
        ],
        [
            -0.12714213132858276,
            -0.8334315419197083,
            -0.1489262878894806
        ],
        [
            -0.1257803738117218,
            -0.8358252048492432,
            -0.1504007875919342
        ],
        [
            -0.13889887928962708,
            -0.9056216478347778,
            -0.17063963413238525
        ],
        [
            -0.14329922199249268,
            -0.8867455720901489,
            -0.1697186976671219
        ],
        [
            -0.11873297393321991,
            -0.9038361310958862,
            -0.17625315487384796
        ],
        [
            -0.10187814384698868,
            -0.8976713418960571,
            -0.17853140830993652
        ],
        [
            -0.08669384568929672,
            -0.8874794244766235,
            -0.17912624776363373
        ],
        [
            -0.07818841189146042,
            -0.7842189073562622,
            -0.1656491756439209
        ],
        [
            -0.07011356949806213,
            -0.7777494192123413,
            -0.16271153092384338
        ],
        [
            -0.05872713029384613,
            -0.788709282875061,
            -0.1638006567955017
        ],
        [
            -0.0530734620988369,
            -0.7800637483596802,
            -0.15919241309165955
        ],
        [
            -0.06538479030132294,
            -0.7690102458000183,
            -0.158307746052742
        ],
        [
            -0.065708689391613,
            -0.7503441572189331,
            -0.14429782330989838
        ],
        [
            -0.06378951668739319,
            -0.7592092752456665,
            -0.15245680510997772
        ],
        [
            -0.04872874170541763,
            -0.7710668444633484,
            -0.15254154801368713
        ],
        [
            -0.03553575277328491,
            -0.7875989079475403,
            -0.15305715799331665
        ],
        [
            -0.042711034417152405,
            -0.7931350469589233,
            -0.15891000628471375
        ],
        [
            -0.027568094432353973,
            -0.8064366579055786,
            -0.15126684308052063
        ],
        [
            -0.02814849466085434,
            -0.7826815843582153,
            -0.1438322365283966
        ],
        [
            -0.02244827151298523,
            -0.8075696229934692,
            -0.14456266164779663
        ],
        [
            -0.036567289382219315,
            -0.7481646537780762,
            -0.1286180317401886
        ],
        [
            -0.032943155616521835,
            -0.738749623298645,
            -0.12772859632968903
        ],
        [
            -0.01755163073539734,
            -0.7481210827827454,
            -0.1344129741191864
        ],
        [
            -0.021240215748548508,
            -0.7580124735832214,
            -0.1349201500415802
        ],
        [
            -0.05056987702846527,
            -0.7992154359817505,
            -0.16384504735469818
        ],
        [
            -0.07354675233364105,
            -0.8579875230789185,
            -0.17648890614509583
        ],
        [
            -0.0844154953956604,
            -0.8544621467590332,
            -0.17835313081741333
        ],
        [
            -0.0656818151473999,
            -0.846954345703125,
            -0.17517784237861633
        ],
        [
            -0.07490033656358719,
            -0.9199013710021973,
            -0.17254936695098877
        ],
        [
            -0.0898645743727684,
            -0.9107094407081604,
            -0.17746476829051971
        ],
        [
            -0.07669714093208313,
            -0.8982893228530884,
            -0.1777956485748291
        ],
        [
            -0.06403958052396774,
            -0.9087827205657959,
            -0.17447461187839508
        ],
        [
            -0.10623106360435486,
            -0.9477679133415222,
            -0.15684804320335388
        ],
        [
            -0.12391236424446106,
            -0.9283823370933533,
            -0.1671031266450882
        ],
        [
            -0.10814407467842102,
            -0.9213377833366394,
            -0.1733059585094452
        ],
        [
            -0.09276748448610306,
            -0.9362391829490662,
            -0.1658543050289154
        ],
        [
            -0.05245782434940338,
            -0.9147288203239441,
            -0.16927514970302582
        ],
        [
            -0.03810989856719971,
            -0.921424925327301,
            -0.16065937280654907
        ],
        [
            -0.03892664611339569,
            -0.9377849102020264,
            -0.15516416728496552
        ],
        [
            -0.05797482281923294,
            -0.9313603639602661,
            -0.16452698409557343
        ],
        [
            -0.04520413279533386,
            -0.9581159949302673,
            -0.1430523544549942
        ],
        [
            -0.06888192892074585,
            -0.9507085084915161,
            -0.15515728294849396
        ],
        [
            -0.012752935290336609,
            -0.7969506978988647,
            -0.13741086423397064
        ],
        [
            -0.014230728149414062,
            -0.8161236643791199,
            -0.13780881464481354
        ],
        [
            -0.026724841445684433,
            -0.7688844203948975,
            -0.13693729043006897
        ],
        [
            -0.011335641145706177,
            -0.7807029485702515,
            -0.13651114702224731
        ],
        [
            -0.05478157103061676,
            -0.972440242767334,
            -0.1263590157032013
        ],
        [
            -0.08253064751625061,
            -0.9647998809814453,
            -0.14132362604141235
        ],
        [
            0.0037323981523513794,
            -0.9137054681777954,
            -0.12628771364688873
        ],
        [
            -0.007646054029464722,
            -0.9283924698829651,
            -0.13320213556289673
        ],
        [
            -0.01284104585647583,
            -0.9123651385307312,
            -0.145901158452034
