{
    "pred_cam": [
        1.1758953332901,
        0.02627442218363285,
        0.198543518781662
    ],
    "pred_smpl_params": {
        "global_orient": [
            [
                [
                    0.9710386395454407,
                    0.22075554728507996,
                    -0.09138338267803192
                ],
                [
                    0.20706626772880554,
                    -0.9683921933174133,
                    -0.13906902074813843
                ],
                [
                    -0.11919520050287247,
                    0.11611897498369217,
                    -0.9860572814941406
                ]
            ]
        ],
        "body_pose": [
            [
                [
                    0.9917234182357788,
                    -0.12790268659591675,
                    0.011198443360626698
                ],
                [
                    0.12249120324850082,
                    0.9686771035194397,
                    0.21601074934005737
                ],
                [
                    -0.03847602754831314,
                    -0.21285124123096466,
                    0.9763267040252686
                ]
            ],
            [
                [
                    0.9943072199821472,
                    0.08552683889865875,
                    0.06354793906211853
                ],
                [
                    -0.09672393649816513,
                    0.974677324295044,
                    0.20161496102809906
                ],
                [
                    -0.04469524323940277,
                    -0.20661380887031555,
                    0.9774011969566345
                ]
            ],
            [
                [
                    0.9988787770271301,
                    0.04150976613163948,
                    -0.02276303619146347
                ],
                [
                    -0.04550260305404663,
                    0.9745219945907593,
                    -0.21962794661521912
                ],
                [
                    0.013066371902823448,
                    0.22041746973991394,
                    0.9753181338310242
                ]
            ],
            [
                [
                    0.9945955276489258,
                    0.05600583180785179,
                    -0.08742452412843704
                ],
                [
                    -0.10341595858335495,
                    0.6090938448905945,
                    -0.7863267064094543
                ],
                [
                    0.009210869669914246,
                    0.7911181449890137,
                    0.6115939021110535
                ]
            ],
            [
                [
                    0.9954096674919128,
                    0.004235776141285896,
                    0.09561190754175186
                ],
                [
                    0.053517699241638184,
                    0.8035917282104492,
                    -0.592769980430603
                ],
                [
                    -0.0793437734246254,
                    0.5951659083366394,
                    0.7996762990951538
                ]
            ],
            [
                [
                    0.9989370703697205,
                    -0.04412950575351715,
                    -0.013316761702299118
                ],
                [
                    0.04368323087692261,
                    0.9985288381576538,
                    -0.032123856246471405
                ],
                [
                    0.014714780263602734,
                    0.03150799125432968,
                    0.9993951916694641
                ]
            ],
            [
                [
                    0.9910933971405029,
                    0.07302543520927429,
                    0.11136049032211304
                ],
                [
                    -0.09169760346412659,
                    0.9806374907493591,
                    0.17303669452667236
                ],
                [
                    -0.09656819701194763,
                    -0.1817070096731186,
                    0.9785996079444885
                ]
            ],
            [
                [
                    0.9826521873474121,
                    -0.1441384106874466,
                    -0.11669951677322388
                ],
                [
                    0.14907120168209076,
                    0.9882188439369202,
                    0.0346604660153389
                ],
                [
                    0.11032874882221222,
                    -0.051455721259117126,
                    0.9925622940063477
                ]
            ],
            [
                [
                    0.9990698099136353,
                    -0.0320051945745945,
                    -0.028900450095534325
                ],
                [
                    0.030589362606406212,
                    0.9983705878257751,
                    -0.04817019775509834
                ],
                [
                    0.030395058915019035,
                    0.047241341322660446,
                    0.9984209537506104
                ]
            ],
            [
                [
                    0.9772472977638245,
                    -0.19130133092403412,
                    0.09160520136356354
                ],
                [
                    0.16604842245578766,
                    0.9587400555610657,
                    0.23074974119663239
                ],
                [
                    -0.13196830451488495,
                    -0.2102886587381363,
                    0.9686914086341858
                ]
            ],
            [
                [
                    0.9601753950119019,
                    0.2743237316608429,
                    -0.05300702899694443
                ],
                [
                    -0.2553950846195221,
                    0.9386799335479736,
                    0.2316318303346634
                ],
                [
                    0.11329874396324158,
                    -0.20886944234371185,
                    0.9713582992553711
                ]
            ],
            [
                [
                    0.9751012921333313,
                    -0.050583627074956894,
                    -0.21591389179229736
                ],
                [
                    0.08219593018293381,
                    0.9867278933525085,
                    0.14004230499267578
                ],
                [
                    0.20596443116664886,
                    -0.1543026715517044,
                    0.9663174152374268
                ]
            ],
            [
                [
                    0.9046361446380615,
                    0.3678852915763855,
                    -0.21516017615795135
                ],
                [
                    -0.3728582262992859,
                    0.927703320980072,
                    0.018531901761889458
                ],
                [
                    0.20642238855361938,
                    0.063459612429142,
                    0.976402997970581
                ]
            ],
            [
                [
                    0.9094077944755554,
                    -0.36778613924980164,
                    0.19419290125370026
                ],
                [
                    0.3655700385570526,
                    0.9295209646224976,
                    0.04847079887986183
                ],
                [
                    -0.1983332335948944,
                    0.026911376044154167,
                    0.9797652363777161
                ]
            ],
            [
                [
                    0.9770756363868713,
                    -0.10200341045856476,
                    -0.1868649274110794
                ],
                [
                    0.06300926953554153,
                    0.9769750833511353,
                    -0.20383700728416443
                ],
                [
                    0.20335444808006287,
                    0.18738995492458344,
                    0.961005687713623
                ]
            ],
            [
                [
                    0.47133275866508484,
                    0.748110294342041,
                    -0.46709346771240234
                ],
                [
                    -0.8411067128181458,
                    0.5405988097190857,
                    0.01709795743227005
                ],
                [
                    0.26530134677886963,
                    0.3848166763782501,
                    0.884042501449585
                ]
            ],
            [
                [
                    0.4710475504398346,
                    -0.7694894671440125,
                    0.4312775433063507
                ],
                [
                    0.8582742810249329,
                    0.5126901268959045,
                    -0.022673005238175392
                ],
                [
                    -0.2036651074886322,
                    0.3808344900608063,
                    0.9019344449043274
                ]
            ],
            [
                [
                    -0.1497896909713745,
                    -0.44719576835632324,
                    -0.8818044662475586
                ],
                [
                    0.04734673351049423,
                    0.8875990509986877,
                    -0.4581771194934845
                ],
                [
                    0.9875836372375488,
                    -0.11038074642419815,
                    -0.11177992820739746
                ]
            ],
            [
                [
                    -0.17363104224205017,
                    0.47171396017074585,
                    0.8644872903823853
                ],
                [
                    -0.03987773507833481,
                    0.8737330436706543,
                    -0.4847683608531952
                ],
                [
                    -0.9840030670166016,
                    -0.11864462494850159,
                    -0.132896289229393
                ]
            ],
            [
                [
                    0.9745479226112366,
                    -0.1950872838497162,
                    -0.11044135689735413
                ],
                [
                    0.19962246716022491,
                    0.9793661236763,
                    0.03150761127471924
                ],
                [
                    0.10201580822467804,
                    -0.05275225266814232,
                    0.9933830499649048
                ]
            ],
            [
                [
                    0.9701086282730103,
                    0.20495624840259552,
                    0.12993131577968597
                ],
                [
                    -0.2090744823217392,
                    0.9777200818061829,
                    0.018741577863693237
                ],
                [
                    -0.12319526076316833,
                    -0.0453466922044754,
                    0.9913458228111267
                ]
            ],
            [
                [
                    0.9722567796707153,
                    0.2132316380739212,
                    -0.09617166221141815
                ],
                [
                    -0.20282669365406036,
                    0.973296582698822,
                    0.10749509185552597
                ],
                [
                    0.11652489751577377,
                    -0.08500666171312332,
                    0.9895432591438293
                ]
            ],
            [
                [
                    0.971782386302948,
                    -0.21753256022930145,
                    0.09120701998472214
                ],
                [
                    0.20757611095905304,
                    0.97231125831604,
                    0.10734474658966064
                ],
                [
                    -0.11203259974718094,
                    -0.0853833258152008,
                    0.990029513835907
                ]
            ]
        ],
        "betas": [
            0.08698862791061401,
            0.4411304295063019,
            0.855726957321167,
            1.9052443504333496,
            -0.08327805995941162,
            -0.06292729824781418,
            -0.0054438114166259766,
            0.19339728355407715,
            0.049853190779685974,
            0.020895004272460938
        ]
    },
    "pred_cam_t": [
        0.02627442218363285,
        0.198543518781662,
        33.21936798095703
    ],
    "focal_length": [
        5000.0,
        5000.0
    ],
    "pred_keypoints_3d": [
        [
            0.03727882727980614,
            -0.8866925239562988,
            -0.13503465056419373
        ],
        [
            0.10710285604000092,
            -0.7633572220802307,
            0.006837321445345879
        ],
        [
            -0.08706491440534592,
            -0.6895986199378967,
            0.048249516636133194
        ],
        [
            -0.15275895595550537,
            -0.44947415590286255,
            0.05160611867904663
        ],
        [
            -0.05668655037879944,
            -0.48183950781822205,
            -0.17892207205295563
        ],
        [
            0.2609846889972687,
            -0.626610517501831,
            -0.024275505915284157
        ],
        [
            0.2332286834716797,
            -0.37136709690093994,
            -0.03424094617366791
        ],
        [
            0.07659973204135895,
            -0.45749956369400024,
            -0.20466189086437225
        ],
        [
            -0.0034246467985212803,
            -0.2435917854309082,
            0.023019276559352875
        ],
        [
            -0.08288080990314484,
            -0.16791784763336182,
            0.02612874284386635
        ],
        [
            -0.23948998749256134,
            0.16107892990112305,
            -0.08162416517734528
        ],
        [
            -0.32447680830955505,
            0.5087143182754517,
            0.08033518493175507
        ],
        [
            0.03850625455379486,
            -0.14034493267536163,
            0.012915202416479588
        ],
        [
            0.03473226726055145,
            0.2076742798089981,
            -0.11491943150758743
        ],
        [
            -0.010636083781719208,
            0.5094451904296875,
            0.13193953037261963
        ],
        [
            0.03257172554731369,
            -0.9269905686378479,
            -0.0864986777305603
        ],
        [
            0.08554528653621674,
            -0.9250646829605103,
            -0.12695276737213135
        ],
        [
            0.055030085146427155,
            -0.9104388952255249,
            0.013983441516757011
        ],
        [
            0.1747259646654129,
            -0.9043539762496948,
            -0.07519746571779251
        ],
        [
            -0.032780371606349945,
            0.6252474188804626,
            -0.02904088795185089
        ],
        [
            0.03576492518186569,
            0.6267496943473816,
            0.021644026041030884
        ],
        [
            -0.005871601402759552,
            0.5191501975059509,
            0.20033469796180725
        ],
        [
            -0.35682255029678345,
            0.5982716083526611,
            -0.09667450189590454
        ],
        [
            -0.4204142987728119,
            0.5765949487686157,
            -0.038365915417671204
        ],
        [
            -0.32770198583602905,
            0.536204993724823,
            0.147792249917984
        ],
        [
            -0.32889890670776367,
            0.451214075088501,
            0.09146043658256531
        ],
        [
            -0.21499139070510864,
            0.10379883646965027,
            -0.07422720640897751
        ],
        [
            -0.12616026401519775,
            -0.3055172562599182,
            0.05522126704454422
        ],
        [
            0.13356751203536987,
            -0.23061266541481018,
            0.03326108679175377
        ],
        [
            0.046799153089523315,
            0.17017951607704163,
            -0.11098506301641464
        ],
        [
            0.004912637639790773,
            0.47007203102111816,
            0.13576433062553406
        ],
        [
            -0.048975903540849686,
            -0.5068380832672119,
            -0.14692890644073486
        ],
        [
            -0.1715536117553711,
            -0.4844573140144348,
            0.027848027646541595
        ],
        [
            -0.04596491903066635,
            -0.717130720615387,
            0.04484928399324417
        ],
        [
            0.23991577327251434,
            -0.6662619113922119,
            -0.014535412192344666
        ],
        [
            0.25673118233680725,
            -0.40391623973846436,
            -0.06853676587343216
        ],
        [
            0.09551717340946198,
            -0.4694880545139313,
            -0.19286298751831055
        ],
        [
            0.10511069744825363,
            -0.7490270137786865,
            0.0002475334331393242
        ],
        [
            0.10906136780977249,
            -0.9619817137718201,
            -0.046790651977062225
        ],
        [
            0.003887725993990898,
            -0.26771238446235657,
            0.04337123781442642
        ],
        [
            0.09449253231287003,
            -0.6895367503166199,
            0.013739844784140587
        ],
        [
            0.06718014925718307,
            -0.5187497735023499,
            0.05350407585501671
        ],
        [
            0.08660829812288284,
            -0.8537305593490601,
            -0.0771317183971405
        ],
        [
            0.11075395345687866,
            -0.980677604675293,
            -0.03600907325744629
        ]
    ],
    "pred_vertices": [
        [
            0.09741824865341187,
            -0.9691096544265747,
            -0.13559164106845856
        ],
        [
            0.08828975260257721,
            -0.9560739994049072,
            -0.13758587837219238
        ],
        [
            0.10248512029647827,
            -0.9517678618431091,
            -0.13723331689834595
        ],
        [
            0.11293822526931763,
            -0.9612879157066345,
            -0.13211916387081146
        ],
        [
            0.09533928334712982,
            -0.9434727430343628,
            -0.13879844546318054
        ],
        [
            0.08302675932645798,
            -0.9457076191902161,
            -0.13787773251533508
        ],
        [
            0.11380431056022644,
            -0.9448883533477783,
            -0.13257575035095215
        ],
        [
            0.12420397996902466,
            -0.9508260488510132,
            -0.12687571346759796
        ],
        [
            0.12221817672252655,
            -0.9090555906295776,
            -0.12559115886688232
        ],
        [
            0.13074630498886108,
            -0.9034029245376587,
            -0.11995464563369751
        ],
        [
            0.13108353316783905,
            -0.9154012203216553,
            -0.1220255047082901
        ],
        [
            0.12186558544635773,
            -0.9178171753883362,
            -0.12607085704803467
        ],
        [
            0.12235091626644135,
            -0.8825700283050537,
            -0.12228462845087051
        ],
        [
            0.11193153262138367,
            -0.8740746378898621,
            -0.12532764673233032
        ],
        [
            0.11926212906837463,
            -0.8641750812530518,
            -0.11923670768737793
        ],
        [
            0.12929481267929077,
            -0.8722571134567261,
            -0.11501476168632507
        ],
        [
            0.07215118408203125,
            -0.8914607763290405,
            -0.12554898858070374
        ],
        [
            0.07707001268863678,
            -0.8843276500701904,
            -0.1281294822692871
        ],
        [
            0.08099174499511719,
            -0.8908722400665283,
            -0.12936216592788696
        ],
        [
            0.07566054910421371,
            -0.8971138000488281,
            -0.12624076008796692
        ],
        [
            0.06156830117106438,
            -0.9020808935165405,
            -0.12552064657211304
        ],
        [
            0.0647338405251503,
            -0.9072431921958923,
            -0.12300309538841248
        ],
        [
            0.058109935373067856,
            -0.9116891622543335,
            -0.12473969161510468
        ],
        [
            0.054959461092948914,
            -0.9057810306549072,
            -0.12866389751434326
        ],
        [
            0.06728198379278183,
            -0.8864032626152039,
            -0.12294504046440125
        ],
        [
            0.07287178933620453,
            -0.8789069652557373,
            -0.1255442351102829
        ],
        [
            0.06758613139390945,
            -0.8976078033447266,
            -0.12402740120887756
        ],
        [
            0.06456094980239868,
            -0.8933237791061401,
            -0.12529222667217255
        ],
        [
            0.05563321337103844,
            -0.88796067237854,
            -0.13284403085708618
        ],
        [
            0.05801375210285187,
            -0.8925313949584961,
            -0.13223010301589966
        ],
        [
            0.05117400363087654,
            -0.8942265510559082,
            -0.13611818850040436
        ],
        [
            0.05019043758511543,
            -0.8887263536453247,
            -0.1349591612815857
        ],
        [
            0.06331726163625717,
            -0.8865885138511658,
            -0.12646719813346863
        ],
        [
            0.06221948564052582,
            -0.8897484540939331,
            -0.1290736049413681
        ],
        [
            0.05865830183029175,
            -0.8862488269805908,
            -0.129841610789299
        ],
        [
            0.05934606492519379,
            -0.8839365243911743,
            -0.1264062225818634
        ],
        [
            0.05900901183485985,
            -0.8981304168701172,
            -0.12786483764648438
        ],
        [
            0.05268622189760208,
            -0.9005738496780396,
            -0.13217513263225555
        ],
        [
            0.04533621668815613,
            -0.9026733636856079,
            -0.13608106970787048
        ],
        [
            0.043686769902706146,
            -0.8942857980728149,
            -0.1396339386701584
        ],
        [
            0.08954703062772751,
            -0.869359016418457,
            -0.12900927662849426
        ],
        [
            0.08298903703689575,
            -0.8771185874938965,
            -0.129680797457695
        ],
        [
            0.07853620499372482,
            -0.8722254633903503,
            -0.12741680443286896
        ],
        [
            0.08397381007671356,
            -0.8660738468170166,
            -0.12779918313026428
        ],
        [
            0.062401190400123596,
            -0.8801736831665039,
            -0.1242472231388092
        ],
        [
            0.06500373780727386,
            -0.8634939193725586,
            -0.12658187747001648
        ],
        [
            0.06515271961688995,
            -0.867444634437561,
            -0.12715719640254974
        ],
        [
            0.05795309692621231,
            -0.8687942624092102,
            -0.1270630806684494
        ],
        [
            0.05844146013259888,
            -0.865066647529602,
            -0.12669867277145386
        ],
        [
            0.0981752872467041,
            -0.8535912036895752,
            -0.12476010620594025
        ],
        [
            0.09088840335607529,
            -0.8530356287956238,
            -0.12580272555351257
        ],
        [
            0.0926966518163681,
            -0.8454789519309998,
            -0.12386898696422577
        ],
        [
            0.10025280714035034,
            -0.8446061611175537,
            -0.12146343290805817
        ],
        [
            0.09158138185739517,
            -0.8391443490982056,
            -0.12189994007349014
        ],
        [
            0.1011401042342186,
            -0.8360339403152466,
            -0.11824239790439606
        ],
        [
            0.09302711486816406,
            -0.821844220161438,
            -0.1137179285287857
        ],
        [
            0.09738700091838837,
            -0.827966570854187,
            -0.11567738652229309
        ],
        [
            0.08795057982206345,
            -0.8334190845489502,
            -0.12034760415554047
        ],
        [
            0.0814894512295723,
            -0.8285789489746094,
            -0.1203317791223526
        ],
        [
            0.06633242219686508,
            -0.834881067276001,
            -0.12024988234043121
        ],
        [
            0.0596608892083168,
            -0.8340514898300171,
            -0.1194545328617096
        ],
        [
            0.06465937197208405,
            -0.8211537599563599,
            -0.12051043659448624
        ],
        [
            0.07264541834592819,
            -0.82395339012146,
            -0.12092789262533188
        ],
        [
            0.06695345789194107,
            -0.8573251962661743,
            -0.12254255264997482
        ],
        [
            0.07183337956666946,
            -0.8570592403411865,
            -0.12233174592256546
        ],
        [
            0.07072263211011887,
            -0.8587202429771423,
            -0.12437112629413605
        ],
        [
            0.06548260152339935,
            -0.8601974248886108,
            -0.124836266040802
        ],
        [
            0.07587321102619171,
            -0.8564494848251343,
            -0.12272882461547852
        ],
        [
            0.07767268270254135,
            -0.8561155796051025,
            -0.12298974394798279
        ],
        [
            0.07675716280937195,
            -0.857598066329956,
            -0.12388984858989716
        ],
        [
            0.07531273365020752,
            -0.8574709296226501,
            -0.12311328947544098
        ],
        [
            0.07337773591279984,
            -0.8571687936782837,
            -0.1225728839635849
        ],
        [
            0.07232126593589783,
            -0.8551204204559326,
            -0.12247234582901001
        ],
        [
            0.07491014152765274,
            -0.8556077480316162,
            -0.12271709740161896
        ],
        [
            0.06776727735996246,
            -0.8545020818710327,
            -0.1229093074798584
        ],
        [
            0.053034573793411255,
            -0.8532545566558838,
            -0.12256787717342377
        ],
        [
            0.05687331408262253,
            -0.8535188436508179,
            -0.12341813743114471
        ],
        [
            0.05626403167843819,
            -0.8582715392112732,
            -0.1217835545539856
        ],
        [
            0.053039345890283585,
            -0.8582402467727661,
            -0.12116022408008575
        ],
        [
            0.0744338259100914,
            -0.8597735166549683,
            -0.12457844614982605
        ],
        [
            0.07676787674427032,
            -0.8611841201782227,
            -0.12566445767879486
        ],
        [
            0.07170118391513824,
            -0.8642740249633789,
            -0.12668758630752563
        ],
        [
            0.07103271782398224,
            -0.8615061044692993,
            -0.12531021237373352
        ],
        [
            0.07921288907527924,
            -0.8630083203315735,
            -0.12694649398326874
        ],
        [
            0.07905963063240051,
            -0.8586820363998413,
            -0.1246936172246933
        ],
        [
            0.08227035403251648,
            -0.8591073751449585,
            -0.1259699910879135
        ],
        [
            0.07721321284770966,
            -0.8541443347930908,
            -0.1227714866399765
        ],
        [
            0.08026907593011856,
            -0.8521554470062256,
            -0.12313713878393173
        ],
        [
            0.08018916845321655,
            -0.8550451993942261,
            -0.12419159710407257
        ],
        [
            0.07834265381097794,
            -0.848778486251831,
            -0.1223592460155487
        ],
        [
            0.07453996688127518,
            -0.8522635698318481,
            -0.12232083827257156
        ],
        [
            0.0699923038482666,
            -0.8505709767341614,
            -0.1227187067270279
        ],
        [
            0.06412899494171143,
            -0.8493257761001587,
            -0.12297323346138
        ],
        [
            0.06780283898115158,
            -0.8439741134643555,
            -0.12177294492721558
        ],
        [
            0.07384733110666275,
            -0.8459889888763428,
            -0.12206616997718811
        ],
        [
            0.07425110787153244,
            -0.8680903315544128,
            -0.1271257996559143
        ],
        [
            0.08475189656019211,
            -0.8540429472923279,
            -0.1250229775905609
        ],
        [
            0.08788500726222992,
            -0.8605774641036987,
            -0.12671208381652832
        ],
        [
            0.08527053892612457,
            -0.8488850593566895,
            -0.12404131144285202
        ],
        [
            0.08379247784614563,
            -0.8441331386566162,
            -0.12257026135921478
        ],
        [
            0.079672671854496,
            -0.8400334119796753,
            -0.12164056301116943
        ],
        [
            0.07308918237686157,
            -0.8371222019195557,
            -0.12085998058319092
        ],
        [
            0.0729682520031929,
            -0.8117694854736328,
            -0.111849844455719
        ],
        [
            0.08230593800544739,
            -0.8159204721450806,
            -0.11340539902448654
        ],
        [
            0.08245988935232162,
            -0.9385412931442261,
            -0.13379164040088654
        ],
        [
            0.09127355366945267,
            -0.9372641444206238,
            -0.13646745681762695
        ],
        [
            0.09383934736251831,
            -0.9294887185096741,
            -0.1320982128381729
        ],
        [
            0.0952996164560318,
            -0.9318221807479858,
            -0.13308751583099365
        ],
        [
            0.08940191566944122,
            -0.9333946704864502,
            -0.1330350637435913
        ],
        [
            0.08918505162000656,
            -0.9307258129119873,
            -0.13184304535388947
        ],
        [
            0.113292396068573,
            -0.9207525253295898,
            -0.1272662729024887
        ],
        [
            0.1067579910159111,
            -0.9230799078941345,
            -0.12822896242141724
        ],
        [
            0.10775607079267502,
            -0.9191024303436279,
            -0.12713074684143066
        ],
        [
            0.11467740684747696,
            -0.9139631986618042,
            -0.12730275094509125
        ],
        [
            0.09707549214363098,
            -0.9119100570678711,
            -0.12852361798286438
        ],
        [
            0.10264013707637787,
            -0.9128994941711426,
            -0.12824063003063202
        ],
        [
            0.09817933291196823,
            -0.9199936985969543,
            -0.12863367795944214
        ],
        [
            0.09411374479532242,
            -0.9193620681762695,
            -0.12880505621433258
        ],
        [
            0.08983185887336731,
            -0.9192448854446411,
            -0.12831708788871765
        ],
        [
            0.08565587550401688,
            -0.9195245504379272,
            -0.127025306224823
        ],
        [
            0.08582396060228348,
            -0.9141227006912231,
            -0.12651878595352173
        ],
        [
            0.09108463674783707,
            -0.9126996994018555,
            -0.12788547575473785
        ],
        [
            0.08326563239097595,
            -0.9351434707641602,
            -0.13023951649665833
        ],
        [
            0.07750407606363297,
            -0.9348093867301941,
            -0.12601472437381744
        ],
        [
            0.07886332273483276,
            -0.9317327737808228,
            -0.12604890763759613
        ],
        [
            0.08353167027235031,
            -0.9319509267807007,
            -0.12981286644935608
        ],
        [
            0.07274704426527023,
            -0.9257851243019104,
            -0.11606363952159882
        ],
        [
            0.07345487177371979,
            -0.9281998872756958,
            -0.117621049284935
        ],
        [
            0.0698230117559433,
            -0.92987459897995,
            -0.11655602604150772
        ],
        [
            0.06914153695106506,
            -0.9253208637237549,
            -0.1154007613658905
        ],
        [
            0.07075151056051254,
            -0.9221096634864807,
            -0.11690658330917358
        ],
        [
            0.07332660257816315,
            -0.9240027666091919,
            -0.11727742850780487
        ],
        [
            0.09165112674236298,
            -0.9909481406211853,
            -0.12942153215408325
        ],
        [
            0.08294608443975449,
            -0.9747645854949951,
            -0.13332954049110413
        ],
        [
            0.11156900227069855,
            -0.9828834533691406,
            -0.12742258608341217
        ],
        [
            0.12472103536128998,
            -0.9717782139778137,
            -0.12287819385528564
        ],
        [
            0.1357087939977646,
            -0.9575530290603638,
            -0.11933770775794983
        ],
        [
            0.10817640274763107,
            -0.8574997186660767,
            -0.12263088673353195
        ],
        [
            0.11255611479282379,
            -0.8477939367294312,
            -0.11790753155946732
        ],
        [
            0.12608925998210907,
            -0.8548242449760437,
            -0.11260423809289932
        ],
        [
            0.12706328928470612,
            -0.8435116410255432,
            -0.10678185522556305
        ],
        [
            0.11313214898109436,
            -0.8368741273880005,
            -0.1132282093167305
        ],
        [
            0.10302130877971649,
            -0.8187005519866943,
            -0.1030062884092331
        ],
        [
            0.10988523066043854,
            -0.8266173601150513,
            -0.10804051905870438
        ],
        [
            0.12590113282203674,
            -0.832903265953064,
            -0.09824508428573608
        ],
        [
            0.14096781611442566,
            -0.8449591398239136,
            -0.08985642343759537
        ],
        [
            0.13944663107395172,
            -0.8530796766281128,
            -0.10029527544975281
        ],
        [
            0.15218660235404968,
            -0.8597698211669922,
            -0.08119145035743713
        ],
        [
            0.14394372701644897,
            -0.836120069026947,
            -0.07573501765727997
        ],
        [
            0.15526176989078522,
            -0.857844352722168,
            -0.07139262557029724
        ],
        [
            0.12969744205474854,
            -0.795875072479248,
            -0.06695139408111572
        ],
        [
            0.133646160364151,
            -0.7819583415985107,
            -0.06163948029279709
        ],
        [
            0.14966225624084473,
            -0.7883806228637695,
            -0.05350043624639511
        ],
        [
            0.14685311913490295,
            -0.8018457889556885,
            -0.06022457778453827
        ],
        [
            0.13564717769622803,
            -0.862189769744873,
            -0.10780385136604309
        ],
        [
            0.13762697577476501,
            -0.9252930879592896,
            -0.11684495210647583
        ],
        [
            0.12775951623916626,
            -0.9257547855377197,
            -0.12429603189229965
        ],
        [
            0.1407625675201416,
            -0.9124034643173218,
            -0.11442074179649353
        ],
        [
            0.15242616832256317,
            -0.9836677312850952,
            -0.10389021039009094
        ],
        [
            0.13795790076255798,
            -0.9800092577934265,
            -0.1150878369808197
        ],
        [
            0.1472231149673462,
            -0.9643518924713135,
            -0.11301565170288086
        ],
        [
            0.15972861647605896,
            -0.970158576965332,
            -0.10267894715070724
        ],
        [
            0.12578265368938446,
            -1.0195949077606201,
            -0.09669263660907745
        ],
        [
            0.10953587293624878,
            -1.0078707933425903,
            -0.11480239033699036
        ],
        [
            0.12300461530685425,
            -0.9956585168838501,
            -0.11508335173130035
        ],
        [
            0.13782846927642822,
            -1.0041611194610596,
            -0.10136090964078903
        ],
        [
            0.16784240305423737,
            -0.9710128903388977,
            -0.09251853823661804
        ],
        [
            0.17961692810058594,
            -0.9719600677490234,
            -0.07739423215389252
        ],
        [
            0.18107277154922485,
            -0.9891824722290039,
            -0.07138748466968536
        ],
        [
            0.1661800593137741,
            -0.9884983897209167,
            -0.08878890424966812
        ],
        [
            0.17595666646957397,
            -1.009958028793335,
            -0.059715479612350464
        ],
        [
            0.15786777436733246,
            -1.0106405019760132,
            -0.08073461055755615
        ],
        [
            0.15912243723869324,
            -0.8430531024932861,
            -0.059489667415618896
        ],
        [
            0.16250860691070557,
            -0.8619257211685181,
            -0.0599973127245903
        ],
        [
            0.14291664958000183,
            -0.8180978298187256,
            -0.06803294271230698
        ],
        [
            0.15756812691688538,
            -0.8249202966690063,
            -0.05628088116645813
        ],
        [
            0.16463632881641388,
            -1.0276473760604858,
            -0.04547206312417984
        ],
        [
            0.14415355026721954,
            -1.0286884307861328,
            -0.07150717079639435
        ],
        [
            0.19907578825950623,
            -0.9497977495193481,
            -0.029665671288967133
        ],
        [
            0.1974552571773529,
            -0.9680088758468628,
            -0.03935609757900238
        ],
        [
            0.1916326880455017,
            -0.9545664191246033,
            -0.05468808859586716
        ],
        [
            0.19469913840293884,
            -0.9395525455474854,
            -0.04375650733709335
        ],
        [
            0.19980323314666748,
