{
    "pred_cam": [
        1.1525994539260864,
        0.025113532319664955,
        0.14327755570411682
    ],
    "pred_smpl_params": {
        "global_orient": [
            [
                [
                    0.9687143564224243,
                    0.13324406743049622,
                    -0.20937657356262207
                ],
                [
                    0.12335361540317535,
                    -0.9905673861503601,
                    -0.059666767716407776
                ],
                [
                    -0.21535184979438782,
                    0.031972698867321014,
                    -0.9760130047798157
                ]
            ]
        ],
        "body_pose": [
            [
                [
                    0.9870020747184753,
                    -0.15441778302192688,
                    0.044519469141960144
                ],
                [
                    0.14603398740291595,
                    0.9774289727210999,
                    0.15266519784927368
                ],
                [
                    -0.06708884239196777,
                    -0.14417952299118042,
                    0.9872746467590332
                ]
            ],
            [
                [
                    0.9966489672660828,
                    0.05550815165042877,
                    0.06008029729127884
                ],
                [
                    -0.06428158283233643,
                    0.985720694065094,
                    0.15563622117042542
                ],
                [
                    -0.05058331415057182,
                    -0.1589767336845398,
                    0.9859856367111206
                ]
            ],
            [
                [
                    0.9974601864814758,
                    0.039489373564720154,
                    -0.05927734449505806
                ],
                [
                    -0.04810497164726257,
                    0.9872428178787231,
                    -0.15178099274635315
                ],
                [
                    0.052527397871017456,
                    0.15424701571464539,
                    0.9866350293159485
                ]
            ],
            [
                [
                    0.9937263131141663,
                    0.04401223734021187,
                    -0.10281533747911453
                ],
                [
                    -0.10727764666080475,
                    0.6349923014640808,
                    -0.7650335431098938
                ],
                [
                    0.03161610662937164,
                    0.7712636590003967,
                    0.6357300877571106
                ]
            ],
            [
                [
                    0.9901001453399658,
                    0.017645901069045067,
                    0.13924933969974518
                ],
                [
                    0.06206582486629486,
                    0.8347708582878113,
                    -0.5470882058143616
                ],
                [
                    -0.12589514255523682,
                    0.550314724445343,
                    0.8254115581512451
                ]
            ],
            [
                [
                    0.9973383545875549,
                    -0.05082373321056366,
                    -0.052278801798820496
                ],
                [
                    0.04805990308523178,
                    0.9974462985992432,
                    -0.05283129960298538
                ],
                [
                    0.05483037978410721,
                    0.0501781702041626,
                    0.997234046459198
                ]
            ],
            [
                [
                    0.9904767274856567,
                    0.06099797412753105,
                    0.12343090027570724
                ],
                [
                    -0.08093393594026566,
                    0.9832063317298889,
                    0.16356973350048065
                ],
                [
                    -0.11138061434030533,
                    -0.17200174927711487,
                    0.9787797927856445
                ]
            ],
            [
                [
                    0.9850941300392151,
                    -0.10266756266355515,
                    -0.13801763951778412
                ],
                [
                    0.10798340290784836,
                    0.9936510324478149,
                    0.031576208770275116
                ],
                [
                    0.1338995397090912,
                    -0.04600915685296059,
                    0.9899262189865112
                ]
            ],
            [
                [
                    0.9976591467857361,
                    -0.027128297835588455,
                    -0.0627717524766922
                ],
                [
                    0.026282647624611855,
                    0.999552845954895,
                    -0.014258763752877712
                ],
                [
                    0.06313050538301468,
                    0.012575577944517136,
                    0.9979260563850403
                ]
            ],
            [
                [
                    0.9844764471054077,
                    -0.15710069239139557,
                    0.07826557010412216
                ],
                [
                    0.13975559175014496,
                    0.9714049696922302,
                    0.19193968176841736
                ],
                [
                    -0.10618140548467636,
                    -0.17802204191684723,
                    0.9782810211181641
                ]
            ],
            [
                [
                    0.9706738591194153,
                    0.23555701971054077,
                    -0.04801219329237938
                ],
                [
                    -0.22305139899253845,
                    0.9569728970527649,
                    0.1856096088886261
                ],
                [
                    0.08966801315546036,
                    -0.16945719718933105,
                    0.9814499020576477
                ]
            ],
            [
                [
                    0.9793158173561096,
                    -0.06062881276011467,
                    -0.19304011762142181
                ],
                [
                    0.08447253704071045,
                    0.9894400835037231,
                    0.11778233200311661
                ],
                [
                    0.1838606297969818,
                    -0.13165271282196045,
                    0.9740958213806152
                ]
            ],
            [
                [
                    0.9236887097358704,
                    0.34580957889556885,
                    -0.16496971249580383
                ],
                [
                    -0.34931957721710205,
                    0.9369678497314453,
                    0.008182935416698456
                ],
                [
                    0.15740106999874115,
                    0.05006866529583931,
                    0.986264705657959
                ]
            ],
            [
                [
                    0.9337713122367859,
                    -0.3460920751094818,
                    0.09105658531188965
                ],
                [
                    0.3458227515220642,
                    0.9381029009819031,
                    0.01922505721449852
                ],
                [
                    -0.09207408130168915,
                    0.013537632301449776,
                    0.9956600666046143
                ]
            ],
            [
                [
                    0.9864059090614319,
                    -0.08517728000879288,
                    -0.14052832126617432
                ],
                [
                    0.0648934543132782,
                    0.9875800609588623,
                    -0.14308926463127136
                ],
                [
                    0.15097090601921082,
                    0.13202473521232605,
                    0.9796822667121887
                ]
            ],
            [
                [
                    0.5051417350769043,
                    0.7528575658798218,
                    -0.42194467782974243
                ],
                [
                    -0.8305464386940002,
                    0.5569491386413574,
                    -0.0005693045095540583
                ],
                [
                    0.2345731258392334,
                    0.3507321774959564,
                    0.9066214561462402
                ]
            ],
            [
                [
                    0.4824780523777008,
                    -0.7860856056213379,
                    0.38637325167655945
                ],
                [
                    0.8690533638000488,
                    0.48469027876853943,
                    -0.0991038829088211
                ],
                [
                    -0.109367236495018,
                    0.38359442353248596,
                    0.91700279712677
                ]
            ],
            [
                [
                    -0.16481103003025055,
                    -0.4301472008228302,
                    -0.8875870108604431
                ],
                [
                    -0.019687307998538017,
                    0.90114825963974,
                    -0.43306371569633484
                ],
                [
                    0.9861286878585815,
                    -0.05389946699142456,
                    -0.15698760747909546
                ]
            ],
            [
                [
                    -0.2549155652523041,
                    0.49913692474365234,
                    0.8281790018081665
                ],
                [
                    0.033902015537023544,
                    0.8605608940124512,
                    -0.5082181096076965
                ],
                [
                    -0.9663688540458679,
                    -0.1014757752418518,
                    -0.23629210889339447
                ]
            ],
            [
                [
                    0.9790799617767334,
                    -0.18757855892181396,
                    -0.07884800434112549
                ],
                [
                    0.1893974393606186,
                    0.981766939163208,
                    0.016192540526390076
                ],
                [
                    0.07437299937009811,
                    -0.030787393450737,
                    0.9967552423477173
                ]
            ],
            [
                [
                    0.975324273109436,
                    0.1894763708114624,
                    0.11331934481859207
                ],
                [
                    -0.1962933987379074,
                    0.9791507720947266,
                    0.05227510631084442
                ],
                [
                    -0.10105182230472565,
                    -0.07322902232408524,
                    0.9921824932098389
                ]
            ],
            [
                [
                    0.9730877876281738,
                    0.21739232540130615,
                    -0.07642494142055511
                ],
                [
                    -0.2080560028553009,
                    0.9714315533638,
                    0.11416421085596085
                ],
                [
                    0.09906001389026642,
                    -0.0951911211013794,
                    0.9905179738998413
                ]
            ],
            [
                [
                    0.9702946543693542,
                    -0.2294536828994751,
                    0.07667762041091919
                ],
                [
                    0.21959495544433594,
                    0.968323826789856,
                    0.1188570111989975
                ],
                [
                    -0.10152094811201096,
                    -0.09848828613758087,
                    0.9899463057518005
                ]
            ]
        ],
        "betas": [
            -0.0648348331451416,
            0.0348455011844635,
            0.3234970271587372,
            0.5531095266342163,
            0.033709049224853516,
            -0.01694309338927269,
            -0.03288570046424866,
            0.015399456024169922,
            0.05719967186450958,
            -0.04722011089324951
        ]
    },
    "pred_cam_t": [
        0.025113532319664955,
        0.14327755570411682,
        33.890785217285156
    ],
    "focal_length": [
        5000.0,
        5000.0
    ],
    "pred_keypoints_3d": [
        [
            -0.03836309537291527,
            -0.8547234535217285,
            -0.11529071629047394
        ],
        [
            0.06034518778324127,
            -0.7388960123062134,
            0.007732953876256943
        ],
        [
            -0.11116810888051987,
            -0.659245491027832,
            0.0904768705368042
        ],
        [
            -0.15831588208675385,
            -0.41597723960876465,
            0.13447178900241852
        ],
        [
            -0.12224902957677841,
            -0.4501435458660126,
            -0.11310972273349762
        ],
        [
            0.21242275834083557,
            -0.6222215294837952,
            -0.05903831124305725
        ],
        [
            0.22191371023654938,
            -0.36437857151031494,
            -0.07051052153110504
        ],
        [
            0.02611231803894043,
            -0.4314155876636505,
            -0.20486558973789215
        ],
        [
            -0.0021406509913504124,
            -0.22897058725357056,
            0.02725961059331894
        ],
        [
            -0.07770565152168274,
            -0.14720866084098816,
            0.04330402612686157
        ],
        [
            -0.195724219083786,
            0.21041762828826904,
            -0.008631672710180283
        ],
        [
            -0.22691652178764343,
            0.5547929406166077,
            0.18285557627677917
        ],
        [
            0.05336686968803406,
            -0.1294119507074356,
            0.01659385859966278
        ],
        [
            0.08359438180923462,
            0.23309363424777985,
            -0.06087140738964081
        ],
        [
            0.10223400592803955,
            0.5112516283988953,
            0.2187870889902115
        ],
        [
            -0.04019990563392639,
            -0.892868161201477,
            -0.06635905802249908
        ],
        [
            0.007147638127207756,
            -0.8956719636917114,
            -0.11287590861320496
        ],
        [
            -0.0034947022795677185,
            -0.8746098279953003,
            0.028719443827867508
        ],
        [
            0.10210806876420975,
            -0.8795506954193115,
            -0.07378187030553818
        ],
        [
            0.08372765779495239,
            0.6487889885902405,
            0.07645046710968018
        ],
        [
            0.1541767567396164,
            0.6338983178138733,
            0.11875954270362854
        ],
        [
            0.11450047045946121,
            0.5113359689712524,
            0.2868512272834778
        ],
        [
            -0.26091665029525757,
            0.6624191999435425,
            0.019241362810134888
        ],
        [
            -0.32328611612319946,
            0.642399251461029,
            0.07725377380847931
        ],
        [
            -0.22237344086170197,
            0.577083945274353,
            0.2522255778312683
        ],
        [
            -0.23776236176490784,
            0.4976653754711151,
            0.19028902053833008
        ],
        [
            -0.17926347255706787,
            0.1498422622680664,
            -0.008725875057280064
        ],
        [
            -0.13597379624843597,
            -0.2809547483921051,
            0.06999041140079498
        ],
        [
            0.14454680681228638,
            -0.22791334986686707,
            0.020653747022151947
        ],
        [
            0.09262087941169739,
            0.19410181045532227,
            -0.0624256394803524
        ],
        [
            0.11277398467063904,
            0.4698232412338257,
            0.2170744389295578
        ],
        [
            -0.1084417924284935,
            -0.47569578886032104,
            -0.08401160687208176
        ],
        [
            -0.1867460459470749,
            -0.44922465085983276,
            0.11524785310029984
        ],
        [
            -0.07585945725440979,
            -0.6866892576217651,
            0.07755985856056213
        ],
        [
            0.19144165515899658,
            -0.6579670906066895,
            -0.044683098793029785
        ],
        [
            0.23641443252563477,
            -0.39973747730255127,
            -0.10801533609628677
        ],
        [
            0.04496410861611366,
            -0.4461841583251953,
            -0.1964801549911499
        ],
        [
            0.057804424315690994,
            -0.728547215461731,
            0.0016752583906054497
        ],
        [
            0.040133342146873474,
            -0.9308987855911255,
            -0.03337104246020317
        ],
        [
            0.00484749861061573,
            -0.2542165219783783,
            0.044690750539302826
        ],
        [
            0.05490140616893768,
            -0.6699838638305664,
            0.014167848974466324
        ],
        [
            0.047227438539266586,
            -0.49701952934265137,
            0.05123282968997955
        ],
        [
            0.018781064078211784,
            -0.824011504650116,
            -0.0668783187866211
        ],
        [
            0.042216330766677856,
            -0.9493899941444397,
            -0.022280998528003693
        ]
    ],
    "pred_vertices": [
        [
            0.015859439969062805,
            -0.9414845705032349,
            -0.11996439844369888
        ],
        [
            0.007096150889992714,
            -0.9278793334960938,
            -0.12115988880395889
        ],
        [
            0.021327661350369453,
            -0.9243164658546448,
            -0.12290900200605392
        ],
        [
            0.03194998949766159,
            -0.9343557357788086,
            -0.1187499612569809
        ],
        [
            0.014459559693932533,
            -0.91538405418396,
            -0.12403050065040588
        ],
        [
            0.0023189540952444077,
            -0.9168317317962646,
            -0.12146895378828049
        ],
        [
            0.03335936367511749,
            -0.9177988171577454,
            -0.12031292915344238
        ],
        [
            0.04420929029583931,
            -0.9245325326919556,
            -0.11565984785556793
        ],
        [
            0.04455826058983803,
            -0.8822062611579895,
            -0.11682209372520447
        ],
        [
            0.053967952728271484,
            -0.8770023584365845,
            -0.11250228434801102
        ],
        [
            0.053354743868112564,
            -0.8889487981796265,
            -0.1136077269911766
        ],
        [
            0.04362579435110092,
            -0.8907816410064697,
            -0.11652132123708725
        ],
        [
            0.04659441113471985,
            -0.855829119682312,
            -0.11481845378875732
        ],
        [
            0.03625280037522316,
            -0.8469013571739197,
            -0.11704392731189728
        ],
        [
            0.044685520231723785,
            -0.8373434543609619,
            -0.11199460923671722
        ],
        [
            0.05465410277247429,
            -0.8456761837005615,
            -0.1084355041384697
        ],
        [
            -0.003757832571864128,
            -0.8613924980163574,
            -0.11153286695480347
        ],
        [
            0.0010605528950691223,
            -0.8548392653465271,
            -0.11494433134794235
        ],
        [
            0.004430729895830154,
            -0.8615988492965698,
            -0.11653965711593628
        ],
        [
            -0.0007156766951084137,
            -0.8672764897346497,
            -0.11245414614677429
        ],
        [
            -0.014490757137537003,
            -0.8710142374038696,
            -0.10914751142263412
        ],
        [
            -0.011460613459348679,
            -0.876329779624939,
            -0.10699447989463806
        ],
        [
            -0.018354222178459167,
            -0.88032066822052,
            -0.10723109543323517
        ],
        [
            -0.021487154066562653,
            -0.874382495880127,
            -0.11078312993049622
        ],
        [
            -0.007712233811616898,
            -0.8559589385986328,
            -0.10816871374845505
        ],
        [
            -0.0022664926946163177,
            -0.8492268323898315,
            -0.11167135834693909
        ],
        [
            -0.008261151611804962,
            -0.8670188784599304,
            -0.10903520882129669
        ],
        [
            -0.010965827852487564,
            -0.8624987602233887,
            -0.10975679755210876
        ],
        [
            -0.020225252956151962,
            -0.8568732142448425,
            -0.11574043333530426
        ],
        [
            -0.018070705235004425,
            -0.8615598082542419,
            -0.11530795693397522
        ],
        [
            -0.025313012301921844,
            -0.8629949688911438,
            -0.11791291832923889
        ],
        [
            -0.025803249329328537,
            -0.8573940992355347,
            -0.11695792526006699
        ],
        [
            -0.011917181313037872,
            -0.8558099269866943,
            -0.11081930994987488
        ],
        [
            -0.013447113335132599,
            -0.8588817715644836,
            -0.11301788687705994
        ],
        [
            -0.016848213970661163,
            -0.8552250862121582,
            -0.11334501206874847
        ],
        [
            -0.01565946638584137,
            -0.8529433012008667,
            -0.11013968288898468
        ],
        [
            -0.01692650094628334,
            -0.8669399619102478,
            -0.11103518307209015
        ],
        [
            -0.023748483508825302,
            -0.8691617250442505,
            -0.11405172944068909
        ],
        [
            -0.03147231042385101,
            -0.870954155921936,
            -0.11651939153671265
        ],
        [
            -0.03305891156196594,
            -0.8627955913543701,
            -0.12018958479166031
        ],
        [
            0.01396468747407198,
            -0.8411121368408203,
            -0.11787651479244232
        ],
        [
            0.007066893391311169,
            -0.8482481241226196,
            -0.11749178916215897
        ],
        [
            0.0033500920981168747,
            -0.8431665301322937,
            -0.11448904871940613
        ],
        [
            0.008933220990002155,
            -0.8375629782676697,
            -0.1156933382153511
        ],
        [
            -0.01225132867693901,
            -0.84953773021698,
            -0.10865361988544464
        ],
        [
            -0.009188726544380188,
            -0.8337290287017822,
            -0.11196286976337433
        ],
        [
            -0.009267380461096764,
            -0.8375306129455566,
            -0.11223696172237396
        ],
        [
            -0.01644006185233593,
            -0.8384408950805664,
            -0.1110779345035553
        ],
        [
            -0.015792246907949448,
            -0.8349069356918335,
            -0.11113995313644409
        ],
        [
            0.02382827177643776,
            -0.8262423276901245,
            -0.11507746577262878
        ],
        [
            0.016598645597696304,
            -0.8253353834152222,
            -0.11479119956493378
        ],
        [
            0.01889689266681671,
            -0.8181203603744507,
            -0.11340276896953583
        ],
        [
            0.026582393795251846,
            -0.8175709843635559,
            -0.11240115761756897
        ],
        [
            0.01821279525756836,
            -0.8120050430297852,
            -0.11151733249425888
        ],
        [
            0.02819647453725338,
            -0.8092724680900574,
            -0.10949144512414932
        ],
        [
            0.02169159986078739,
            -0.794917106628418,
            -0.10428201407194138
        ],
        [
            0.02527742087841034,
            -0.8011131286621094,
            -0.1067938506603241
        ],
        [
            0.015234091319143772,
            -0.8062394857406616,
            -0.10963325202465057
        ],
        [
            0.009197722189128399,
            -0.8011757731437683,
            -0.10884099453687668
        ],
        [
            -0.00591115839779377,
            -0.8061871528625488,
            -0.10698375850915909
        ],
        [
            -0.01216145046055317,
            -0.8048631548881531,
            -0.10528625547885895
        ],
        [
            -0.006827441975474358,
            -0.7926523685455322,
            -0.10720498859882355
        ],
        [
            0.0006939489394426346,
            -0.7961138486862183,
            -0.1083979457616806
        ],
        [
            -0.006552519276738167,
            -0.8278297185897827,
            -0.10861369967460632
        ],
        [
            -0.0017051156610250473,
            -0.8278874754905701,
            -0.10900788754224777
        ],
        [
            -0.003115599974989891,
            -0.8294582366943359,
            -0.11083810776472092
        ],
        [
            -0.008420219644904137,
            -0.8306062817573547,
            -0.11061051487922668
        ],
        [
            0.0021742787212133408,
            -0.8276169896125793,
            -0.10986125469207764
        ],
        [
            0.0039009805768728256,
            -0.82738196849823,
            -0.1103443056344986
        ],
        [
            0.0028745755553245544,
            -0.8287343978881836,
            -0.11108826100826263
        ],
        [
            0.0015565399080514908,
            -0.8285070061683655,
            -0.1101866364479065
        ],
        [
            -0.00028218142688274384,
            -0.8281223773956299,
            -0.10942593216896057
        ],
        [
            -0.0012109074741601944,
            -0.8261581063270569,
            -0.10924969613552094
        ],
        [
            0.0012516118586063385,
            -0.8268066644668579,
            -0.1097564697265625
        ],
        [
            -0.005715871229767799,
            -0.825356125831604,
            -0.1090981513261795
        ],
        [
            -0.020051371306180954,
            -0.8228384256362915,
            -0.10711737722158432
        ],
        [
            -0.01645168475806713,
            -0.8235846757888794,
            -0.10838556289672852
        ],
        [
            -0.017050210386514664,
            -0.8279634118080139,
            -0.10653878003358841
        ],
        [
            -0.020115401595830917,
            -0.8275812864303589,
            -0.10549457371234894
        ],
        [
            0.00047922879457473755,
            -0.8305764198303223,
            -0.1114024817943573
        ],
        [
            0.002554226666688919,
            -0.8322205543518066,
            -0.11259311437606812
        ],
        [
            -0.002640584483742714,
            -0.834977388381958,
            -0.1127522885799408
        ],
        [
            -0.003026595339179039,
            -0.8321974277496338,
            -0.11156810820102692
        ],
        [
            0.004602765664458275,
            -0.8341957330703735,
            -0.11417140066623688
        ],
        [
            0.004958478733897209,
            -0.8299615383148193,
            -0.11205410957336426
        ],
        [
            0.00788229238241911,
            -0.8305515050888062,
            -0.11370396614074707
        ],
        [
            0.003552926704287529,
            -0.825543999671936,
            -0.11012457311153412
        ],
        [
            0.006549140438437462,
            -0.8238121271133423,
            -0.1108514815568924
        ],
        [
            0.006232591345906258,
            -0.826559841632843,
            -0.11183364689350128
        ],
        [
            0.004915980622172356,
            -0.8204940557479858,
            -0.11001884937286377
        ],
        [
            0.0010800790041685104,
            -0.8236231803894043,
            -0.10945028066635132
        ],
        [
            -0.0033439360558986664,
            -0.8218059539794922,
            -0.10934101045131683
        ],
        [
            -0.009111640974879265,
            -0.8202092051506042,
            -0.1090313047170639
        ],
        [
            -0.005121465772390366,
            -0.8152405023574829,
            -0.10854566842317581
        ],
        [
            0.0006972495466470718,
            -0.8175525665283203,
            -0.10937294363975525
        ],
        [
            -0.0004001464694738388,
            -0.8387126326560974,
            -0.11346639692783356
        ],
        [
            0.010666674003005028,
            -0.8259315490722656,
            -0.11314047873020172
        ],
        [
            0.013183039613068104,
            -0.8324858546257019,
            -0.11514398455619812
        ],
        [
            0.01148587092757225,
            -0.8209938406944275,
            -0.11237150430679321
        ],
        [
            0.010369108989834785,
            -0.8163337707519531,
            -0.11095650494098663
        ],
        [
            0.006701722741127014,
            -0.8121951818466187,
            -0.10969002544879913
        ],
        [
            0.000500846654176712,
            -0.8088914155960083,
            -0.10839015990495682
        ],
        [
            0.0028415629640221596,
            -0.7835283279418945,
            -0.10027700662612915
        ],
        [
            0.011576858349144459,
            -0.7884137630462646,
            -0.10278603434562683
        ],
        [
            0.0026123542338609695,
            -0.9092342853546143,
            -0.11818739771842957
        ],
        [
            0.010981602594256401,
            -0.908574640750885,
            -0.12205484509468079
        ],
        [
            0.014508441090583801,
            -0.9007247686386108,
            -0.11877113580703735
        ],
        [
            0.0156716238707304,
            -0.9033365249633789,
            -0.11970958113670349
        ],
        [
            0.009804951027035713,
            -0.9043640494346619,
            -0.11884523928165436
        ],
        [
            0.009883150458335876,
            -0.9017126560211182,
            -0.11779080331325531
        ],
        [
            0.03480808436870575,
            -0.8931286334991455,
            -0.1166180893778801
        ],
        [
            0.02809705212712288,
            -0.8950470685958862,
            -0.11677064746618271
        ],
        [
            0.029441475868225098,
            -0.8911583423614502,
            -0.11602615565061569
        ],
        [
            0.036578819155693054,
            -0.8865351676940918,
            -0.11728519201278687
        ],
        [
            0.019136875867843628,
            -0.8835395574569702,
            -0.1165110245347023
        ],
        [
            0.02456376701593399,
            -0.8848451375961304,
            -0.1168803721666336
        ],
        [
            0.019722191616892815,
            -0.8916034698486328,
            -0.11625455319881439
        ],
        [
            0.015742331743240356,
            -0.8907108902931213,
            -0.11600250750780106
        ],
        [
            0.011599035933613777,
            -0.8902289867401123,
            -0.11508820950984955
        ],
        [
            0.007641460746526718,
            -0.8901426792144775,
            -0.1132718026638031
        ],
        [
            0.008188147097826004,
            -0.884753942489624,
            -0.11310403048992157
        ],
        [
            0.013255072757601738,
            -0.8838348388671875,
            -0.11517323553562164
        ],
        [
            0.003994705155491829,
            -0.9055490493774414,
            -0.11518146097660065
        ],
        [
            -0.0012010447680950165,
            -0.904645562171936,
            -0.11029372364282608
        ],
        [
            0.0002689249813556671,
            -0.9016438722610474,
            -0.11071184277534485
        ],
        [
            0.004419691860675812,
            -0.902378261089325,
            -0.11510667204856873
        ],
        [
            -0.004047241061925888,
            -0.894757866859436,
            -0.10056471079587936
        ],
        [
            -0.003739122301340103,
            -0.8972712755203247,
            -0.1020532175898552
        ],
        [
            -0.0071984827518463135,
            -0.8986101746559143,
            -0.10052713751792908
        ],
        [
            -0.00740467756986618,
            -0.8940936326980591,
            -0.09948708117008209
        ],
        [
            -0.005835823714733124,
            -0.8910996913909912,
            -0.10127235949039459
        ],
        [
            -0.0034812763333320618,
            -0.8931228518486023,
            -0.10187654197216034
        ],
        [
            0.010071195662021637,
            -0.9629998207092285,
            -0.11148916184902191
        ],
        [
            0.0012246500700712204,
            -0.9461949467658997,
            -0.11590306460857391
        ],
        [
            0.03019995614886284,
            -0.9559961557388306,
            -0.11272093653678894
        ],
        [
            0.04439752176403999,
            -0.9453281164169312,
            -0.11081968247890472
        ],
        [
            0.05616683140397072,
            -0.9314430952072144,
            -0.10922154039144516
        ],
        [
            0.03371845930814743,
            -0.8304849863052368,
            -0.11419577151536942
        ],
        [
            0.03902740776538849,
            -0.8211487531661987,
            -0.11054854094982147
        ],
        [
            0.05268260836601257,
            -0.8283376693725586,
            -0.10650662332773209
        ],
        [
            0.054763708263635635,
            -0.8174631595611572,
            -0.1013944149017334
        ],
        [
            0.04072754830121994,
            -0.8104733228683472,
            -0.10642025619745255
        ],
        [
            0.033148426562547684,
            -0.7916461229324341,
            -0.09561190754175186
        ],
        [
            0.03869105502963066,
            -0.7999706268310547,
            -0.10131414979696274
        ],
        [
            0.055086467415094376,
            -0.807075023651123,
            -0.09340351819992065
        ],
        [
            0.07018961757421494,
            -0.8193260431289673,
            -0.08647854626178741
        ],
        [
            0.06711367517709732,
            -0.8269881010055542,
            -0.09575723856687546
        ],
        [
            0.08136234432458878,
            -0.8343868851661682,
            -0.07924123108386993
        ],
        [
            0.07509177923202515,
            -0.8106911778450012,
            -0.07390549778938293
        ],
        [
            0.08540359884500504,
            -0.8326501250267029,
            -0.07044905424118042
        ],
        [
            0.06453782320022583,
            -0.7717208862304688,
            -0.06627553701400757
        ],
        [
            0.06982008367776871,
            -0.7590848207473755,
            -0.0629124790430069
        ],
        [
            0.08576883375644684,
            -0.7662997245788574,
            -0.05763917788863182
        ],
        [
            0.08159452676773071,
            -0.7787047624588013,
            -0.062350139021873474
        ],
        [
            0.06223977357149124,
            -0.8358111381530762,
            -0.10231185704469681
        ],
        [
            0.05987672880291939,
            -0.8993265628814697,
            -0.10869850963354111
        ],
        [
            0.049222685396671295,
            -0.8992252349853516,
            -0.11479108035564423
        ],
        [
            0.06382189691066742,
            -0.8864657878875732,
            -0.1074591726064682
        ],
        [
            0.07422257214784622,
            -0.9587104916572571,
            -0.0940321683883667
        ],
        [
            0.05823872610926628,
            -0.9542178511619568,
            -0.1036457046866417
        ],
        [
            0.06836318969726562,
            -0.9388141632080078,
            -0.10368649661540985
        ],
        [
            0.08175179362297058,
            -0.9449692964553833,
            -0.09449028223752975
        ],
        [
            0.04762507230043411,
            -0.9928277134895325,
            -0.08137280493974686
        ],
        [
            0.02907424233853817,
            -0.9807879328727722,
            -0.09818260371685028
        ],
        [
            0.04301627352833748,
            -0.9691197276115417,
            -0.10101313889026642
        ],
        [
            0.059712983667850494,
            -0.9783214330673218,
            -0.08857730031013489
        ],
        [
            0.09157324582338333,
            -0.9460402727127075,
            -0.08546867966651917
        ],
        [
            0.10519815236330032,
            -0.9468120336532593,
            -0.07193661481142044
        ],
        [
            0.10667964816093445,
            -0.9629106521606445,
            -0.06410539150238037
        ],
        [
            0.0898166373372078,
            -0.9633278846740723,
            -0.07967206090688705
        ],
        [
            0.10195116698741913,
            -0.9822670221328735,
            -0.05038340017199516
        ],
        [
            0.08178764581680298,
            -0.9837758541107178,
            -0.06923208385705948
        ],
        [
            0.0915425717830658,
            -0.8181359767913818,
            -0.06058323383331299
        ],
        [
            0.0939391553401947,
            -0.8370232582092285,
            -0.060524024069309235
        ],
        [
            0.07596901059150696,
            -0.7936471700668335,
            -0.06786711513996124
        ],
        [
            0.09135672450065613,
            -0.801119327545166,
            -0.05857796221971512
        ],
        [
            0.09144043177366257,
            -0.9970204830169678,
            -0.034028299152851105
        ],
        [
            0.06886236369609833,
            -1.0000094175338745,
            -0.05722805857658386
        ],
        [
            0.12997989356517792,
            -0.9236927032470703,
            -0.02864062786102295
        ],
        [
            0.12675143778324127,
            -0.941917896270752,
            -0.036198895424604416
        ],
        [
            0.12017008662223816,
            -0.9293524026870728,
