{
    "pred_cam": [
        1.1478205919265747,
        0.017965713515877724,
        0.18771368265151978
    ],
    "pred_smpl_params": {
        "global_orient": [
            [
                [
                    0.9618366360664368,
                    0.1209535226225853,
                    -0.24543964862823486
                ],
                [
                    0.10083910822868347,
                    -0.9905489683151245,
                    -0.09297452867031097
                ],
                [
                    -0.25436556339263916,
                    0.06467638909816742,
                    -0.9649431109428406
                ]
            ]
        ],
        "body_pose": [
            [
                [
                    0.9738937020301819,
                    -0.215536966919899,
                    0.07123810052871704
                ],
                [
                    0.210036039352417,
                    0.9746240973472595,
                    0.07741290330886841
                ],
                [
                    -0.08611571043729782,
                    -0.060429371893405914,
                    0.9944508075714111
                ]
            ],
            [
                [
                    0.9981285929679871,
                    0.020296109840273857,
                    0.05768304690718651
                ],
                [
                    -0.026873033493757248,
                    0.9929282069206238,
                    0.11563483625650406
                ],
                [
                    -0.054928187280893326,
                    -0.1169685646891594,
                    0.9916154742240906
                ]
            ],
            [
                [
                    0.9965721964836121,
                    0.06992240995168686,
                    -0.044213611632585526
                ],
                [
                    -0.07576902955770493,
                    0.9860068559646606,
                    -0.1484910249710083
                ],
                [
                    0.033212073147296906,
                    0.1513320356607437,
                    0.9879249930381775
                ]
            ],
            [
                [
                    0.9934520721435547,
                    0.06160814315080643,
                    -0.0962156280875206
                ],
                [
                    -0.11296791583299637,
                    0.6554976105690002,
                    -0.7467002272605896
                ],
                [
                    0.017066307365894318,
                    0.7526801228523254,
                    0.6581652164459229
                ]
            ],
            [
                [
                    0.9953452348709106,
                    -0.005642096046358347,
                    0.09620842337608337
                ],
                [
                    0.05836642533540726,
                    0.8296752572059631,
                    -0.5551866888999939
                ],
                [
                    -0.07668934017419815,
                    0.5582177042961121,
                    0.8261426091194153
                ]
            ],
            [
                [
                    0.9977248311042786,
                    -0.04843264818191528,
                    -0.04689933359622955
                ],
                [
                    0.045787397772073746,
                    0.9973846077919006,
                    -0.0559232123196125
                ],
                [
                    0.049485187977552414,
                    0.05364857241511345,
                    0.9973329901695251
                ]
            ],
            [
                [
                    0.9846115708351135,
                    0.09796411544084549,
                    0.14471761882305145
                ],
                [
                    -0.11921004205942154,
                    0.9820317029953003,
                    0.14629651606082916
                ],
                [
                    -0.12778548896312714,
                    -0.161297008395195,
                    0.9785980582237244
                ]
            ],
            [
                [
                    0.9851587414741516,
                    -0.12170936912298203,
                    -0.12103390693664551
                ],
                [
                    0.13195404410362244,
                    0.9879774451255798,
                    0.08055244386196136
                ],
                [
                    0.10977478325366974,
                    -0.09532784670591354,
                    0.9893746376037598
                ]
            ],
            [
                [
                    0.9978148341178894,
                    -0.036432016640901566,
                    -0.05511984974145889
                ],
                [
                    0.033082153648138046,
                    0.997619092464447,
                    -0.06051183491945267
                ],
                [
                    0.05719318240880966,
                    0.05855612829327583,
                    0.9966443777084351
                ]
            ],
            [
                [
                    0.9733717441558838,
                    -0.21621087193489075,
                    0.07615978270769119
                ],
                [
                    0.1906430423259735,
                    0.9480166435241699,
                    0.25479310750961304
                ],
                [
                    -0.1272898018360138,
                    -0.23348908126354218,
                    0.9639917016029358
                ]
            ],
            [
                [
                    0.9613558053970337,
                    0.26707756519317627,
                    -0.06681744009256363
                ],
                [
                    -0.24735966324806213,
                    0.9444827437400818,
                    0.2162533402442932
                ],
                [
                    0.12086433172225952,
                    -0.1913684755563736,
                    0.9740481972694397
                ]
            ],
            [
                [
                    0.9873251914978027,
                    -0.06466476619243622,
                    -0.144939124584198
                ],
                [
                    0.08489431440830231,
                    0.9867807030677795,
                    0.13804657757282257
                ],
                [
                    0.13409636914730072,
                    -0.14860138297080994,
                    0.9797630906105042
                ]
            ],
            [
                [
                    0.9032649397850037,
                    0.3969271779060364,
                    -0.16297578811645508
                ],
                [
                    -0.4023780822753906,
                    0.9154734015464783,
                    -0.00047695537796244025
                ],
                [
                    0.14901070296764374,
                    0.06600870937108994,
                    0.986629843711853
                ]
            ],
            [
                [
                    0.9175267815589905,
                    -0.3925510048866272,
                    0.0636257603764534
                ],
                [
                    0.3930712044239044,
                    0.9194962978363037,
                    0.004648901522159576
                ],
                [
                    -0.06032858043909073,
                    0.02074396423995495,
                    0.9979629516601562
                ]
            ],
            [
                [
                    0.9827514290809631,
                    -0.11098325997591019,
                    -0.14792689681053162
                ],
                [
                    0.0780109241604805,
                    0.9740388989448547,
                    -0.21251481771469116
                ],
                [
                    0.16767214238643646,
                    0.19730933010578156,
                    0.9658960103988647
                ]
            ],
            [
                [
                    0.5235281586647034,
                    0.7098936438560486,
                    -0.4711362421512604
                ],
                [
                    -0.8124504685401917,
                    0.5824887752532959,
                    -0.025121435523033142
                ],
                [
                    0.25659802556037903,
                    0.3959266245365143,
                    0.881702721118927
                ]
            ],
            [
                [
                    0.48910391330718994,
                    -0.7883272767066956,
                    0.37325263023376465
                ],
                [
                    0.8669058084487915,
                    0.486551970243454,
                    -0.10835809260606766
                ],
                [
                    -0.09618514031171799,
                    0.37657326459884644,
                    0.9213799834251404
                ]
            ],
            [
                [
                    -0.18493376672267914,
                    -0.4445838928222656,
                    -0.876438558101654
                ],
                [
                    -0.04853387549519539,
                    0.894865095615387,
                    -0.4436900317668915
                ],
                [
                    0.9815518260002136,
                    -0.039516299962997437,
                    -0.1870681494474411
                ]
            ],
            [
                [
                    -0.2458396852016449,
                    0.49847331643104553,
                    0.8313165903091431
                ],
                [
                    0.010554631240665913,
                    0.8589628338813782,
                    -0.5119292736053467
                ],
                [
                    -0.9692530035972595,
                    -0.11707829684019089,
                    -0.21642835438251495
                ]
            ],
            [
                [
                    0.9769128561019897,
                    -0.1820719987154007,
                    -0.11176334321498871
                ],
                [
                    0.18205052614212036,
                    0.9832332730293274,
                    -0.010484166443347931
                ],
                [
                    0.11179831624031067,
                    -0.010104459710419178,
                    0.9936795234680176
                ]
            ],
            [
                [
                    0.9778050780296326,
                    0.15375356376171112,
                    0.1423271894454956
                ],
                [
                    -0.16392318904399872,
                    0.9844813942909241,
                    0.06265442818403244
                ],
                [
                    -0.13048513233661652,
                    -0.08459454774856567,
                    0.9878346920013428
                ]
            ],
            [
                [
                    0.9724556803703308,
                    0.21654045581817627,
                    -0.0862564966082573
                ],
                [
                    -0.2053489238023758,
                    0.9709920883178711,
                    0.12249945104122162
                ],
                [
                    0.11028046905994415,
                    -0.10141260921955109,
                    0.9887131452560425
                ]
            ],
            [
                [
                    0.9681882262229919,
                    -0.23385535180568695,
                    0.08901292830705643
                ],
                [
                    0.2234320342540741,
                    0.9681234955787659,
                    0.11320355534553528
                ],
                [
                    -0.11264876276254654,
                    -0.08971399813890457,
                    0.989576518535614
                ]
            ]
        ],
        "betas": [
            0.022289931774139404,
            0.4319891631603241,
            0.9540610313415527,
            1.9337610006332397,
            -0.09517687559127808,
            -0.071956567466259,
            -0.01612791419029236,
            0.22711552679538727,
            0.03864814341068268,
            0.018814057111740112
        ]
    },
    "pred_cam_t": [
        0.017965713515877724,
        0.18771368265151978,
        34.03188705444336
    ],
    "focal_length": [
        5000.0,
        5000.0
    ],
    "pred_keypoints_3d": [
        [
            -0.040783435106277466,
            -0.8876640796661377,
            -0.13127365708351135
        ],
        [
            0.05839809775352478,
            -0.772416353225708,
            1.920759677886963e-05
        ],
        [
            -0.11004438996315002,
            -0.6826775670051575,
            0.09333345293998718
        ],
        [
            -0.14173412322998047,
            -0.44222211837768555,
            0.14355698227882385
        ],
        [
            -0.12828856706619263,
            -0.46777063608169556,
            -0.10516716539859772
        ],
        [
            0.21313351392745972,
            -0.6465855836868286,
            -0.06165995076298714
        ],
        [
            0.21677373349666595,
            -0.39113539457321167,
            -0.0702693983912468
        ],
        [
            0.01182509958744049,
            -0.4612622559070587,
            -0.18568924069404602
        ],
        [
            -0.0033745053224265575,
            -0.24343328177928925,
            0.023035958409309387
        ],
        [
            -0.0723123624920845,
            -0.1595420241355896,
            0.0390101820230484
        ],
        [
            -0.17201310396194458,
            0.20171916484832764,
            -0.012939471751451492
        ],
        [
            -0.16368143260478973,
            0.5446777939796448,
            0.1743813157081604
        ],
        [
            0.04851027950644493,
            -0.14531943202018738,
            0.008932292461395264
        ],
        [
            0.11156356334686279,
            0.21145060658454895,
            -0.06200017035007477
        ],
        [
            0.14664314687252045,
            0.48473724722862244,
            0.21477492153644562
        ],
        [
            -0.044763535261154175,
            -0.9271562695503235,
            -0.08206140995025635
        ],
        [
            0.003222975879907608,
            -0.9314398765563965,
            -0.12793773412704468
        ],
        [
            -0.009147211909294128,
            -0.9129319190979004,
            0.015077535063028336
        ],
        [
            0.09880149364471436,
            -0.9207471609115601,
            -0.08657537400722504
        ],
        [
            0.14117954671382904,
            0.6226524114608765,
            0.07190567255020142
        ],
        [
            0.2106679081916809,
            0.6040332913398743,
            0.11725032329559326
        ],
        [
            0.15648499131202698,
            0.48483672738075256,
            0.2835911512374878
        ],
        [
            -0.20216964185237885,
            0.6440030932426453,
            0.004566758871078491
        ],
        [
            -0.26034486293792725,
            0.6313788890838623,
            0.07025459408760071
        ],
        [
            -0.15344156324863434,
            0.5695022940635681,
            0.24150380492210388
        ],
        [
            -0.17792484164237976,
            0.48850101232528687,
            0.18355444073677063
        ],
        [
            -0.15848688781261444,
            0.13979561626911163,
            -0.013716647401452065
        ],
        [
            -0.12797552347183228,
            -0.29262763261795044,
            0.06961468607187271
        ],
        [
            0.13226670026779175,
            -0.24750082194805145,
            0.011833332479000092
        ],
        [
            0.11584630608558655,
            0.17186132073402405,
            -0.06454580277204514
        ],
        [
            0.1538344919681549,
            0.44325587153434753,
            0.21385446190834045
        ],
        [
            -0.1131385862827301,
            -0.49510103464126587,
            -0.07722918689250946
        ],
        [
            -0.1718003749847412,
            -0.4734000861644745,
            0.12582062184810638
        ],
        [
            -0.07475022971630096,
            -0.7133524417877197,
            0.07747773081064224
        ],
        [
            0.1914358139038086,
            -0.6856613159179688,
            -0.048510242253541946
        ],
        [
            0.22877158224582672,
            -0.425697922706604,
            -0.10846516489982605
        ],
        [
            0.03175564482808113,
            -0.475315123796463,
            -0.1785019338130951
        ],
        [
            0.05713643133640289,
            -0.7571644186973572,
            -0.0025435704737901688
        ],
        [
            0.03137527406215668,
            -0.9703681468963623,
            -0.05002180486917496
        ],
        [
            0.0023676150012761354,
            -0.2693992555141449,
            0.039550893008708954
        ],
        [
            0.055391281843185425,
            -0.6971412301063538,
            0.012822345830500126
        ],
        [
            0.04811569303274155,
            -0.5250179171562195,
            0.047762271016836166
        ],
        [
            0.017795968800783157,
            -0.8606668710708618,
            -0.07927964627742767
        ],
        [
            0.03215951845049858,
            -0.9891425371170044,
            -0.03932347521185875
        ]
    ],
    "pred_vertices": [
        [
            0.009058509021997452,
            -0.976344883441925,
            -0.13722142577171326
        ],
        [
            0.0011903643608093262,
            -0.9625095129013062,
            -0.1383918970823288
        ],
        [
            0.015694696456193924,
            -0.9597663879394531,
            -0.13952720165252686
        ],
        [
            0.02553774043917656,
            -0.9703802466392517,
            -0.13545876741409302
        ],
        [
            0.009472884237766266,
            -0.9507939219474792,
            -0.14046229422092438
        ],
        [
            -0.0029037296772003174,
            -0.9515179991722107,
            -0.13817577064037323
        ],
        [
            0.02813008800148964,
            -0.9542027711868286,
            -0.1362820714712143
        ],
        [
            0.038359761238098145,
            -0.9613537192344666,
            -0.13165830075740814
        ],
        [
            0.0412544384598732,
            -0.9196597933769226,
            -0.13093164563179016
        ],
        [
            0.05087834596633911,
            -0.91506028175354,
            -0.12633483111858368
        ],
        [
            0.04966893792152405,
            -0.9269083738327026,
            -0.12801942229270935
        ],
        [
            0.03987860679626465,
            -0.9282119274139404,
            -0.13108554482460022
        ],
        [
            0.04465402662754059,
            -0.893364667892456,
            -0.1280040740966797
        ],
        [
            0.034951869398355484,
            -0.8837646245956421,
            -0.12995702028274536
        ],
        [
            0.043890923261642456,
            -0.874744176864624,
            -0.12489072978496552
        ],
        [
            0.05335085839033127,
            -0.8838638067245483,
            -0.12170099467039108
        ],
        [
            -0.005996000021696091,
            -0.8965497612953186,
            -0.12561030685901642
        ],
        [
            -0.0006630904972553253,
            -0.8900313377380371,
            -0.12871691584587097
        ],
        [
            0.002313755452632904,
            -0.896970272064209,
            -0.13031727075576782
        ],
        [
            -0.0032750144600868225,
            -0.9025490283966064,
            -0.1265679895877838
        ],
        [
            -0.017561718821525574,
            -0.9057900905609131,
            -0.12428167462348938
        ],
        [
            -0.014788232743740082,
            -0.9112718105316162,
            -0.12206321209669113
        ],
        [
            -0.02197583019733429,
            -0.9149311780929565,
            -0.122972771525383
        ],
        [
            -0.02481907606124878,
            -0.9087182283401489,
            -0.1265997439622879
        ],
        [
            -0.009845677763223648,
            -0.890981912612915,
            -0.12246479094028473
        ],
        [
            -0.003854367882013321,
            -0.8842061758041382,
            -0.1256982386112213
        ],
        [
            -0.010980814695358276,
            -0.9021198153495789,
            -0.12350795418024063
        ],
        [
            -0.013570412993431091,
            -0.8974310159683228,
            -0.12446986138820648
        ],
        [
            -0.02255525067448616,
            -0.8910804986953735,
            -0.1310945451259613
        ],
        [
            -0.020677853375673294,
            -0.8959012031555176,
            -0.13067683577537537
        ],
        [
            -0.028002504259347916,
            -0.896787166595459,
            -0.1337592899799347
        ],
        [
            -0.02822854369878769,
            -0.8912150263786316,
            -0.13260023295879364
        ],
        [
            -0.014107529073953629,
            -0.8905559182167053,
            -0.1256113350391388
        ],
        [
            -0.01583975926041603,
            -0.8935761451721191,
            -0.12804323434829712
        ],
        [
            -0.019032228738069534,
            -0.8896777629852295,
            -0.12846755981445312
        ],
        [
            -0.017714887857437134,
            -0.8874868154525757,
            -0.12510795891284943
        ],
        [
            -0.019837334752082825,
            -0.9015254378318787,
            -0.1263744980096817
        ],
        [
            -0.02680046111345291,
            -0.9032686948776245,
            -0.12992927432060242
        ],
        [
            -0.03470378369092941,
            -0.9045289754867554,
            -0.13293835520744324
        ],
        [
            -0.03582209348678589,
            -0.8959846496582031,
            -0.1364147663116455
        ],
        [
            0.013108476996421814,
            -0.8766284584999084,
            -0.13115988671779633
        ],
        [
            0.005780845880508423,
            -0.8835527300834656,
            -0.131015807390213
        ],
        [
            0.0022122524678707123,
            -0.8782551288604736,
            -0.1282462477684021
        ],
        [
            0.008156105875968933,
            -0.8727705478668213,
            -0.1293049454689026
        ],
        [
            -0.014116264879703522,
            -0.8841431140899658,
            -0.12331274151802063
        ],
        [
            -0.010051023215055466,
            -0.8679358959197998,
            -0.12616890668869019
        ],
        [
            -0.010373283177614212,
            -0.8718652725219727,
            -0.1266547441482544
        ],
        [
            -0.017575319856405258,
            -0.8723841309547424,
            -0.12574367225170135
        ],
        [
            -0.016674652695655823,
            -0.8687549829483032,
            -0.12552106380462646
        ],
        [
            0.023780236020684242,
            -0.8619537353515625,
            -0.12813934683799744
        ],
        [
            0.01659434288740158,
            -0.8606240749359131,
            -0.12826946377754211
        ],
        [
            0.019375981763005257,
            -0.8533192873001099,
            -0.12669245898723602
        ],
        [
            0.027140598744153976,
            -0.8532562255859375,
            -0.12525197863578796
        ],
        [
            0.019181828945875168,
            -0.8469337224960327,
            -0.12467898428440094
        ],
        [
            0.02930079586803913,
            -0.8448427319526672,
            -0.12225909531116486
        ],
        [
            0.02328903041779995,
            -0.8299051523208618,
            -0.11708204448223114
        ],
        [
            0.026732729747891426,
            -0.836414098739624,
            -0.1194445937871933
        ],
        [
            0.01640675589442253,
            -0.840875506401062,
            -0.12281747907400131
        ],
        [
            0.010592035949230194,
            -0.835332989692688,
            -0.12220510840415955
        ],
        [
            -0.004972986876964569,
            -0.8398606181144714,
            -0.12044137716293335
        ],
        [
            -0.011315930634737015,
            -0.8383256196975708,
            -0.11888489127159119
        ],
        [
            -0.005183011293411255,
            -0.8260782957077026,
            -0.12066426873207092
        ],
        [
            0.002337537705898285,
            -0.8297872543334961,
            -0.12191136181354523
        ],
        [
            -0.007033985108137131,
            -0.8621639013290405,
            -0.12243415415287018
        ],
        [
            -0.0021898746490478516,
            -0.8624409437179565,
            -0.12276328355073929
        ],
        [
            -0.0036930330097675323,
            -0.8639652132987976,
            -0.12463348358869553
        ],
        [
            -0.009054981172084808,
            -0.8648409247398376,
            -0.12451482564210892
        ],
        [
            0.0017974302172660828,
            -0.8623178005218506,
            -0.12354697287082672
        ],
        [
            0.003576532006263733,
            -0.8622047901153564,
            -0.12399185448884964
        ],
        [
            0.002419300377368927,
            -0.8635693788528442,
            -0.12477467954158783
        ],
        [
            0.001114681363105774,
            -0.8632364273071289,
            -0.12389019876718521
        ],
        [
            -0.0006932280957698822,
            -0.8627099990844727,
            -0.12316673249006271
        ],
        [
            -0.001496337354183197,
            -0.8605560660362244,
            -0.12301670759916306
        ],
        [
            0.0009443722665309906,
            -0.8613704442977905,
            -0.12346530705690384
        ],
        [
            -0.0059517137706279755,
            -0.8594339489936829,
            -0.12297682464122772
        ],
        [
            -0.020214185118675232,
            -0.8564410209655762,
            -0.12094374746084213
        ],
        [
            -0.01660497859120369,
            -0.8572548031806946,
            -0.12223078310489655
        ],
        [
            -0.017531123012304306,
            -0.8618942499160767,
            -0.12046600878238678
        ],
        [
            -0.0205862857401371,
            -0.8613613843917847,
            -0.11946089565753937
        ],
        [
            -0.0001566559076309204,
            -0.865312933921814,
            -0.1252412497997284
        ],
        [
            0.0018495656549930573,
            -0.8671125769615173,
            -0.12648431956768036
        ],
        [
            -0.003554251044988632,
            -0.8695924282073975,
            -0.12692593038082123
        ],
        [
            -0.0037828050553798676,
            -0.8667584657669067,
            -0.12556053698062897
        ],
        [
            0.003930583596229553,
            -0.869189977645874,
            -0.1279909610748291
        ],
        [
            0.004480637609958649,
            -0.8649030327796936,
            -0.12577591836452484
        ],
        [
            0.0074511803686618805,
            -0.8656209707260132,
            -0.12737879157066345
        ],
        [
            0.0033565834164619446,
            -0.8601861000061035,
            -0.12376140058040619
        ],
        [
            0.0065429434180259705,
            -0.8585796356201172,
            -0.12443642318248749
        ],
        [
            0.006041519343852997,
            -0.8614537119865417,
            -0.12541872262954712
        ],
        [
            0.005091682076454163,
            -0.8549864292144775,
            -0.12359979748725891
        ],
        [
            0.000989135354757309,
            -0.8580062389373779,
            -0.1231117993593216
        ],
        [
            -0.003333713859319687,
            -0.8558131456375122,
            -0.12309128791093826
        ],
        [
            -0.008994821459054947,
            -0.853909969329834,
            -0.12272399663925171
        ],
        [
            -0.004671324044466019,
            -0.8490302562713623,
            -0.12200058996677399
        ],
        [
            0.0010186359286308289,
            -0.8517098426818848,
            -0.12290595471858978
        ],
        [
            -0.0015075728297233582,
            -0.8735743761062622,
            -0.12759754061698914
        ],
        [
            0.010554730892181396,
            -0.8609786033630371,
            -0.1267232745885849
        ],
        [
            0.012717563658952713,
            -0.8677714467048645,
            -0.12872196733951569
        ],
        [
            0.011729273945093155,
            -0.8559070229530334,
            -0.12588897347450256
        ],
        [
            0.010936327278614044,
            -0.8510104417800903,
            -0.12439528107643127
        ],
        [
            0.0074433013796806335,
            -0.8465098142623901,
            -0.12309464067220688
        ],
        [
            0.0013648904860019684,
            -0.8428349494934082,
            -0.12175603210926056
        ],
        [
            0.004885956645011902,
            -0.8176847696304321,
            -0.11306451261043549
        ],
        [
            0.013434082269668579,
            -0.822864294052124,
            -0.11565867066383362
        ],
        [
            -0.002143681049346924,
            -0.9444071054458618,
            -0.13419462740421295
        ],
        [
            0.006391067057847977,
            -0.9441224336624146,
            -0.13782867789268494
        ],
        [
            0.010253455489873886,
            -0.9366985559463501,
            -0.13394466042518616
        ],
        [
            0.011323682963848114,
            -0.9393125176429749,
            -0.13499212265014648
        ],
        [
            0.0053594112396240234,
            -0.940047025680542,
            -0.134340301156044
        ],
        [
            0.005558270961046219,
            -0.9374394416809082,
            -0.13313832879066467
        ],
        [
            0.03096681833267212,
            -0.9301574230194092,
            -0.1313742995262146
        ],
        [
            0.024155262857675552,
            -0.9317548274993896,
            -0.13156472146511078
        ],
        [
            0.025683119893074036,
            -0.9279520511627197,
            -0.13063588738441467
        ],
        [
            0.03306196630001068,
            -0.9236379861831665,
            -0.1316625475883484
        ],
        [
            0.015821967273950577,
            -0.919589638710022,
            -0.1310017704963684
        ],
        [
            0.021214228123426437,
            -0.9212158918380737,
            -0.13131460547447205
        ],
        [
            0.016028359532356262,
            -0.9277205467224121,
            -0.13111145794391632
        ],
        [
            0.012073565274477005,
            -0.9266377687454224,
            -0.13083770871162415
        ],
        [
            0.007932249456644058,
            -0.9260075092315674,
            -0.12990689277648926
        ],
        [
            0.003905557096004486,
            -0.9258427023887634,
            -0.12815535068511963
        ],
        [
            0.0047494396567344666,
            -0.9204490184783936,
            -0.12776698172092438
        ],
        [
            0.009935244917869568,
            -0.9196434020996094,
            -0.1297299861907959
        ],
        [
            -0.0005340725183486938,
            -0.9410768747329712,
            -0.13083605468273163
        ],
        [
            -0.005749166011810303,
            -0.9401431083679199,
            -0.12600943446159363
        ],
        [
            -0.004014898091554642,
            -0.9372056722640991,
            -0.12623272836208344
        ],
        [
            0.00015322864055633545,
            -0.937986433506012,
            -0.13046680390834808
        ],
        [
            -0.008306823670864105,
            -0.9305660128593445,
            -0.11583055555820465
        ],
        [
            -0.008029289543628693,
            -0.9330509901046753,
            -0.11737793684005737
        ],
        [
            -0.011668071150779724,
            -0.9342782497406006,
            -0.11591754108667374
        ],
        [
            -0.011721581220626831,
            -0.9296998381614685,
            -0.11480702459812164
        ],
        [
            -0.009963899850845337,
            -0.9266776442527771,
            -0.11652308702468872
        ],
        [
            -0.007684074342250824,
            -0.9288684129714966,
            -0.1171364039182663
        ],
        [
            0.0016812607645988464,
            -0.9974591732025146,
            -0.1300366073846817
        ],
        [
            -0.005630288273096085,
            -0.9803170561790466,
            -0.1333310902118683
        ],
        [
            0.02246847003698349,
            -0.9917173385620117,
            -0.130304217338562
        ],
        [
            0.03706282377243042,
            -0.9820801615715027,
            -0.12740352749824524
        ],
        [
            0.0498289130628109,
            -0.9692418575286865,
            -0.12522196769714355
        ],
        [
            0.03336910158395767,
            -0.8669273853302002,
            -0.12712015211582184
        ],
        [
            0.03925258666276932,
            -0.8577587008476257,
            -0.12313351035118103
        ],
        [
            0.05236883834004402,
            -0.8661893606185913,
            -0.11921669542789459
        ],
        [
            0.05516151338815689,
            -0.8550495505332947,
            -0.11378805339336395
        ],
        [
            0.04152970761060715,
            -0.846940815448761,
            -0.11872301995754242
        ],
        [
            0.03451571613550186,
            -0.8277772068977356,
            -0.10773153603076935
        ],
        [
            0.039947133511304855,
            -0.8363368511199951,
            -0.11342020332813263
        ],
        [
            0.05605693161487579,
            -0.8443459272384644,
            -0.10550243407487869
        ],
        [
            0.07060158997774124,
            -0.857893705368042,
            -0.0987633615732193
        ],
        [
            0.06703956425189972,
            -0.8657799363136292,
            -0.10864690691232681
        ],
        [
            0.08100327849388123,
            -0.8737505674362183,
            -0.09116394817829132
        ],
        [
            0.0757351964712143,
            -0.849348247051239,
            -0.08540166914463043
        ],
        [
            0.08510271459817886,
            -0.872122585773468,
            -0.08184225112199783
        ],
        [
            0.06597989052534103,
            -0.8080832958221436,
            -0.07578348368406296
        ],
        [
            0.07145246863365173,
            -0.7945185899734497,
            -0.07149511575698853
        ],
        [
            0.08788089454174042,
            -0.8024179935455322,
            -0.06590436398983002
        ],
        [
            0.08326251804828644,
            -0.8157187700271606,
            -0.07148844003677368
        ],
        [
            0.06147013232111931,
            -0.8745312690734863,
            -0.11544869095087051
        ],
        [
            0.05560252070426941,
            -0.9374610185623169,
            -0.12352296710014343
        ],
        [
            0.0450654961168766,
            -0.936729907989502,
            -0.12982355058193207
        ],
        [
            0.060234036296606064,
            -0.9250043630599976,
            -0.12164894491434097
        ],
        [
            0.06528201699256897,
            -0.9970859289169312,
            -0.11113034188747406
        ],
        [
            0.04998695105314255,
            -0.9917901754379272,
            -0.12076418846845627
        ],
        [
            0.061232928186655045,
            -0.9771960973739624,
            -0.12012850493192673
        ],
        [
            0.0740608274936676,
            -0.9843804836273193,
            -0.11101990193128586
        ],
        [
            0.035803161561489105,
            -1.0298354625701904,
            -0.10042329132556915
        ],
        [
            0.019093118607997894,
            -1.016341209411621,
            -0.11690132319927216
        ],
        [
            0.0336383618414402,
            -1.0056285858154297,
            -0.11888491362333298
        ],
        [
            0.04898129776120186,
            -1.015851616859436,
            -0.10665351897478104
        ],
        [
            0.08307617157697678,
            -0.9861727356910706,
            -0.10176075994968414
        ],
        [
            0.09637154638767242,
            -0.988343358039856,
            -0.08804168552160263
        ],
        [
            0.09662924706935883,
            -1.0055203437805176,
            -0.08185671269893646
        ],
        [
            0.07991248369216919,
            -1.0033202171325684,
            -0.09750533103942871
        ],
        [
            0.09059560298919678,
            -1.025593876838684,
            -0.06920570135116577
        ],
        [
            0.0702238604426384,
            -1.0243607759475708,
            -0.08806724846363068
        ],
        [
            0.09175825119018555,
            -0.8577691316604614,
            -0.0710725337266922
        ],
        [
            0.09308040142059326,
            -0.8768713474273682,
            -0.07137562334537506
        ],
        [
            0.07708155363798141,
            -0.8314378261566162,
            -0.07812123000621796
        ],
        [
            0.09236613661050797,
            -0.8395943641662598,
            -0.06842786073684692
        ],
        [
            0.07899926602840424,
            -1.0417035818099976,
            -0.053474247455596924
        ],
        [
            0.05578768625855446,
            -1.0407438278198242,
            -0.07712438702583313
        ],
        [
            0.12327639013528824,
            -0.9682507514953613,
            -0.043134719133377075
        ],
        [
            0.11846239119768143,
            -0.9862323999404907,
            -0.052157770842313766
        ],
        [
            0.11251433193683624,
            -0.9723305702209473,
