{
    "pred_cam": [
        2.8703274726867676,
        0.09246756881475449,
        0.48873159289360046
    ],
    "pred_smpl_params": {
        "global_orient": [
            [
                [
                    -0.12242165207862854,
                    0.12867121398448944,
                    -0.9841020107269287
                ],
                [
                    0.4250255227088928,
                    -0.8892382979393005,
                    -0.16914071142673492
                ],
                [
                    -0.896864652633667,
                    -0.4389749765396118,
                    0.05417346954345703
                ]
            ]
        ],
        "body_pose": [
            [
                [
                    0.9965519309043884,
                    0.0699048638343811,
                    0.044693488627672195
                ],
                [
                    -0.08043387532234192,
                    0.9461312890052795,
                    0.3136335611343384
                ],
                [
                    -0.0203613992780447,
                    -0.3161470293998718,
                    0.9484916925430298
                ]
            ],
            [
                [
                    0.980625331401825,
                    0.19503375887870789,
                    0.01832641288638115
                ],
                [
                    -0.19124914705753326,
                    0.9329308867454529,
                    0.3050635755062103
                ],
                [
                    0.04240042343735695,
                    -0.30265796184539795,
                    0.9521557092666626
                ]
            ],
            [
                [
                    0.9985368847846985,
                    -0.023332960903644562,
                    0.04878146946430206
                ],
                [
                    0.038257066160440445,
                    0.9423794150352478,
                    -0.332351416349411
                ],
                [
                    -0.03821590915322304,
                    0.33373138308525085,
                    0.9418932795524597
                ]
            ],
            [
                [
                    0.9850119948387146,
                    0.17189434170722961,
                    0.014275121502578259
                ],
                [
                    -0.1290907859802246,
                    0.7895562648773193,
                    -0.5999471545219421
                ],
                [
                    -0.1143985465168953,
                    0.5891122817993164,
                    0.7999123930931091
                ]
            ],
            [
                [
                    0.9910688400268555,
                    -0.017502861097455025,
                    0.1321975141763687
                ],
                [
                    0.08926641941070557,
                    0.8235452771186829,
                    -0.5601828694343567
                ],
                [
                    -0.09906581044197083,
                    0.5669806003570557,
                    0.817752480506897
                ]
            ],
            [
                [
                    0.9966557025909424,
                    -0.07182218879461288,
                    0.03897285461425781
                ],
                [
                    0.07571662217378616,
                    0.9910523891448975,
                    -0.10991910845041275
                ],
                [
                    -0.0307295098900795,
                    0.11250241100788116,
                    0.9931761622428894
                ]
            ],
            [
                [
                    0.9710127711296082,
                    -0.05859909579157829,
                    0.23173338174819946
                ],
                [
                    0.04110322147607803,
                    0.9959771633148193,
                    0.07962427288293839
                ],
                [
                    -0.2354670763015747,
                    -0.06779119372367859,
                    0.9695151448249817
                ]
            ],
            [
                [
                    0.9811819195747375,
                    -0.046799469739198685,
                    -0.18732817471027374
                ],
                [
                    0.05266660824418068,
                    0.9982614517211914,
                    0.02646382711827755
                ],
                [
                    0.18576398491859436,
                    -0.035831768065690994,
                    0.9819408655166626
                ]
            ],
            [
                [
                    0.9990218877792358,
                    -0.04247303679585457,
                    0.012304249219596386
                ],
                [
                    0.0435580350458622,
                    0.9931607842445374,
                    -0.10832540690898895
                ],
                [
                    -0.007619187235832214,
                    0.10875538736581802,
                    0.9940394163131714
                ]
            ],
            [
                [
                    0.9947426915168762,
                    -0.041429303586483,
                    0.09365129470825195
                ],
                [
                    0.0391530878841877,
                    0.9988945126533508,
                    0.026014022529125214
                ],
                [
                    -0.09462551027536392,
                    -0.02221052162349224,
                    0.9952651262283325
                ]
            ],
            [
                [
                    0.9948161244392395,
                    0.09576699137687683,
                    0.03420039266347885
                ],
                [
                    -0.09864138811826706,
                    0.9905152320861816,
                    0.09565230458974838
                ],
                [
                    -0.02471567876636982,
                    -0.09853001683950424,
                    0.9948270916938782
                ]
            ],
            [
                [
                    0.9639043211936951,
                    -0.10023532062768936,
                    0.2466602623462677
                ],
                [
                    0.1222180649638176,
                    0.9896312952041626,
                    -0.07544999569654465
                ],
                [
                    -0.23653994500637054,
                    0.10287291556596756,
                    0.9661604762077332
                ]
            ],
            [
                [
                    0.8983442783355713,
                    0.29597482085227966,
                    -0.3246174156665802
                ],
                [
                    -0.25418996810913086,
                    0.9529088139533997,
                    0.1653851717710495
                ],
                [
                    0.35828065872192383,
                    -0.06605833023786545,
                    0.9312739968299866
                ]
            ],
            [
                [
                    0.8574756383895874,
                    -0.46576809883117676,
                    0.21862193942070007
                ],
                [
                    0.4620554447174072,
                    0.8839988708496094,
                    0.07106871902942657
                ],
                [
                    -0.22636309266090393,
                    0.04007576033473015,
                    0.9732182025909424
                ]
            ],
            [
                [
                    0.9913564324378967,
                    0.0014704604400321841,
                    0.13118837773799896
                ],
                [
                    0.03352470323443413,
                    0.963901162147522,
                    -0.26414138078689575
                ],
                [
                    -0.12684102356433868,
                    0.26625627279281616,
                    0.9555203318595886
                ]
            ],
            [
                [
                    0.6877015233039856,
                    0.496066689491272,
                    -0.5300796627998352
                ],
                [
                    -0.49436071515083313,
                    0.8546872138977051,
                    0.1584841012954712
                ],
                [
                    0.5316709876060486,
                    0.15306083858013153,
                    0.8330056071281433
                ]
            ],
            [
                [
                    0.5378836393356323,
                    -0.7455746531486511,
                    0.3934458792209625
                ],
                [
                    0.7982627153396606,
                    0.6005017161369324,
                    0.04663010314106941
                ],
                [
                    -0.27103114128112793,
                    0.2889916002750397,
                    0.9181644916534424
                ]
            ],
            [
                [
                    0.7927138805389404,
                    0.017807718366384506,
                    -0.6093339323997498
                ],
                [
                    -0.04383055865764618,
                    0.9986511468887329,
                    -0.027836037799715996
                ],
                [
                    0.6080162525177002,
                    0.04877348989248276,
                    0.7924251556396484
                ]
            ],
            [
                [
                    0.7001763582229614,
                    0.18347229063510895,
                    0.6899934411048889
                ],
                [
                    -0.07352392375469208,
                    0.9798088669776917,
                    -0.18592651188373566
                ],
                [
                    -0.7101741433143616,
                    0.079450324177742,
                    0.6995286345481873
                ]
            ],
            [
                [
                    0.9953913688659668,
                    -0.09588506817817688,
                    0.001440107706002891
                ],
                [
                    0.0946040228009224,
                    0.979414701461792,
                    -0.17831730842590332
                ],
                [
                    0.015687502920627594,
                    0.17763175070285797,
                    0.9839720726013184
                ]
            ],
            [
                [
                    0.9989744424819946,
                    0.04121577739715576,
                    0.018740324303507805
                ],
                [
                    -0.042638011276721954,
                    0.9956211447715759,
                    0.08318988978862762
                ],
                [
                    -0.015229527838528156,
                    -0.08390363305807114,
                    0.9963574409484863
                ]
            ],
            [
                [
                    0.9840986132621765,
                    0.15676186978816986,
                    -0.08352024853229523
                ],
                [
                    -0.14391817152500153,
                    0.9793007373809814,
                    0.14232899248600006
                ],
                [
                    0.1041032075881958,
                    -0.1280456930398941,
                    0.986289381980896
                ]
            ],
            [
                [
                    0.9783706665039062,
                    -0.19495901465415955,
                    0.06915028393268585
                ],
                [
                    0.18094398081302643,
                    0.9685722589492798,
                    0.1706661880016327
                ],
                [
                    -0.10024996846914291,
                    -0.15446247160434723,
                    0.9828993678092957
                ]
            ]
        ],
        "betas": [
            0.04605861008167267,
            0.25770482420921326,
            -0.2905693054199219,
            -0.013467282056808472,
            0.08723050355911255,
            -0.3374502956867218,
            -0.12694814801216125,
            0.20702020823955536,
            0.09219931811094284,
            -0.039513349533081055
        ]
    },
    "pred_cam_t": [
        0.09246756881475449,
        0.48873159289360046,
        13.609074592590332
    ],
    "focal_length": [
        5000.0,
        5000.0
    ],
    "pred_keypoints_3d": [
        [
            -0.26996755599975586,
            -0.6805632710456848,
            -0.17585019767284393
        ],
        [
            -0.08141693472862244,
            -0.6774945259094238,
            -0.1411646455526352
        ],
        [
            -0.03923492878675461,
            -0.6227537989616394,
            0.05678065866231918
        ],
        [
            0.0009692534804344177,
            -0.3795098662376404,
            0.13156597316265106
        ],
        [
            -0.16069430112838745,
            -0.17819109559059143,
            0.13623060286045074
        ],
        [
            -0.08505821973085403,
            -0.5404779314994812,
            -0.28258007764816284
        ],
        [
            -0.19121721386909485,
            -0.29872462153434753,
            -0.29638558626174927
        ],
        [
            -0.3890930414199829,
            -0.17896637320518494,
            -0.19675375521183014
        ],
        [
            -0.0018276290502399206,
            -0.22046683728694916,
            0.02613649144768715
        ],
        [
            -1.4675082638859749e-05,
            -0.16813738644123077,
            0.12470835447311401
        ],
        [
            -0.13749665021896362,
            0.08087877929210663,
            0.38872256875038147
        ],
        [
            -0.024346694350242615,
            0.4156842827796936,
            0.585023045539856
        ],
        [
            -0.01431996375322342,
            -0.10967198014259338,
            0.004217334091663361
        ],
        [
            -0.1759699285030365,
            0.1969476044178009,
            0.16186007857322693
        ],
        [
            -0.04743066430091858,
            0.4882746934890747,
            0.410666286945343
        ],
        [
            -0.2735835313796997,
            -0.7315232753753662,
            -0.1411539614200592
        ],
        [
            -0.26248255372047424,
            -0.7325839996337891,
            -0.20703062415122986
        ],
        [
            -0.19761380553245544,
            -0.7766822576522827,
            -0.08430103957653046
        ],
        [
            -0.17438815534114838,
            -0.7782068252563477,
            -0.22978712618350983
        ],
        [
            -0.2291465401649475,
            0.5761749744415283,
            0.43434831500053406
        ],
        [
            -0.16802100837230682,
            0.6053529977798462,
            0.38695016503334045
        ],
        [
            0.01713569462299347,
            0.5067383646965027,
            0.4245283007621765
        ],
        [
            -0.2060796618461609,
            0.46568307280540466,
            0.6538565158843994
        ],
        [
            -0.1455283761024475,
            0.430157333612442,
            0.705890417098999
        ],
        [
            0.03972907364368439,
            0.44904816150665283,
            0.5973843336105347
        ],
        [
            -0.004008105956017971,
            0.35948196053504944,
            0.5693199634552002
        ],
        [
            -0.12380839139223099,
            0.034115854650735855,
            0.3458263576030731
        ],
        [
            0.03352046757936478,
            -0.3082960546016693,
            0.1395992934703827
        ],
        [
            0.01078282855451107,
            -0.16784919798374176,
            -0.11347751319408417
        ],
        [
            -0.1665046215057373,
            0.1673136204481125,
            0.13104279339313507
        ],
        [
            -0.03093806654214859,
            0.4607018828392029,
            0.3790867328643799
        ],
        [
            -0.17061747610569,
            -0.2099568396806717,
            0.11980146914720535
        ],
        [
            -0.026245268061757088,
            -0.40201908349990845,
            0.15049195289611816
        ],
        [
            -0.04933053255081177,
            -0.6457920670509338,
            0.014975348487496376
        ],
        [
            -0.0808701291680336,
            -0.5793099403381348,
            -0.27283817529678345
        ],
        [
            -0.21528777480125427,
            -0.33308911323547363,
            -0.31356143951416016
        ],
        [
            -0.39112380146980286,
            -0.19829532504081726,
            -0.20058512687683105
        ],
        [
            -0.08180075883865356,
            -0.6636437177658081,
            -0.1374083012342453
        ],
        [
            -0.2296748012304306,
            -0.810099720954895,
            -0.16780120134353638
        ],
        [
            0.022287247702479362,
            -0.23866204917430878,
            0.01238198857754469
        ],
        [
            -0.06460317224264145,
            -0.6104195713996887,
            -0.1250443011522293
        ],
        [
            0.018424712121486664,
            -0.462380975484848,
            -0.08044463396072388
        ],
        [
            -0.1919908970594406,
            -0.7029091119766235,
            -0.1662227064371109
        ],
        [
            -0.23423804342746735,
            -0.8302404284477234,
            -0.16416242718696594
        ]
    ],
    "pred_vertices": [
        [
            -0.2887086272239685,
            -0.7709448337554932,
            -0.2221287488937378
        ],
        [
            -0.286604642868042,
            -0.7555740475654602,
            -0.21610620617866516
        ],
        [
            -0.27568089962005615,
            -0.7581678032875061,
            -0.22515930235385895
        ],
        [
            -0.2732546925544739,
            -0.7721863985061646,
            -0.2297404706478119
        ],
        [
            -0.2757587432861328,
            -0.747055172920227,
            -0.22171394526958466
        ],
        [
            -0.28346362709999084,
            -0.7440652847290039,
            -0.21329322457313538
        ],
        [
            -0.26261574029922485,
            -0.7589387893676758,
            -0.22979915142059326
        ],
        [
            -0.25731968879699707,
            -0.7709945440292358,
            -0.23337015509605408
        ],
        [
            -0.23140378296375275,
            -0.7363160848617554,
            -0.22969752550125122
        ],
        [
            -0.22108370065689087,
            -0.7382439374923706,
            -0.23176386952400208
        ],
        [
            -0.2295534610748291,
            -0.7475279569625854,
            -0.2327001690864563
        ],
        [
            -0.23784157633781433,
            -0.7432486414909363,
            -0.2295389175415039
        ],
        [
            -0.21409574151039124,
            -0.717028021812439,
            -0.22537854313850403
        ],
        [
            -0.21640537679195404,
            -0.7045023441314697,
            -0.21982073783874512
        ],
        [
            -0.2031702995300293,
            -0.7025367617607117,
            -0.21949492394924164
        ],
        [
            -0.19997242093086243,
            -0.7151068449020386,
            -0.22394412755966187
        ],
        [
            -0.24870765209197998,
            -0.7018921375274658,
            -0.19416531920433044
        ],
        [
            -0.24315348267555237,
            -0.6971554756164551,
            -0.19852367043495178
        ],
        [
            -0.2455977201461792,
            -0.7032749652862549,
            -0.20280373096466064
        ],
        [
            -0.25056931376457214,
            -0.7074990272521973,
            -0.19758781790733337
        ],
        [
            -0.2611045837402344,
            -0.7062495946884155,
            -0.18746262788772583
        ],
        [
            -0.26136302947998047,
            -0.7127835154533386,
            -0.1883966326713562
        ],
        [
            -0.26869311928749084,
            -0.7127692699432373,
            -0.18514126539230347
        ],
        [
            -0.2686176002025604,
            -0.7051222324371338,
            -0.18505728244781494
        ],
        [
            -0.246837317943573,
            -0.6972026228904724,
            -0.18854716420173645
        ],
        [
            -0.2407664954662323,
            -0.6926318407058716,
            -0.19311395287513733
        ],
        [
            -0.2539696991443634,
            -0.7055819630622864,
            -0.19053655862808228
        ],
        [
            -0.2538395822048187,
            -0.7005852460861206,
            -0.18876609206199646
        ],
        [
            -0.2593139708042145,
            -0.6895192861557007,
            -0.18716898560523987
        ],
        [
            -0.2605656087398529,
            -0.6943146586418152,
            -0.18888264894485474
        ],
        [
            -0.2673274278640747,
            -0.6911188364028931,
            -0.18701870739459991
        ],
        [
            -0.263840913772583,
            -0.6868749856948853,
            -0.18509390950202942
        ],
        [
            -0.2508940100669861,
            -0.6943342685699463,
            -0.18830224871635437
        ],
        [
            -0.25470441579818726,
            -0.6952463388442993,
            -0.18955767154693604
        ],
        [
            -0.254909485578537,
            -0.6907055974006653,
            -0.18725326657295227
        ],
        [
            -0.25138163566589355,
            -0.6907156705856323,
            -0.1850661039352417
        ],
        [
            -0.2610355019569397,
            -0.701038122177124,
            -0.18716904520988464
        ],
        [
            -0.2683505713939667,
            -0.6984305381774902,
            -0.18578355014324188
        ],
        [
            -0.2755574584007263,
            -0.6954213976860046,
            -0.18330958485603333
        ],
        [
            -0.2733953595161438,
            -0.6867901086807251,
            -0.18382039666175842
        ],
        [
            -0.2281121164560318,
            -0.6900286078453064,
            -0.20635035634040833
        ],
        [
            -0.23637622594833374,
            -0.6931472420692444,
            -0.20325976610183716
        ],
        [
            -0.23483812808990479,
            -0.688642144203186,
            -0.19791007041931152
        ],
        [
            -0.22844180464744568,
            -0.6858305931091309,
            -0.20135900378227234
        ],
        [
            -0.24663293361663818,
            -0.6901184320449829,
            -0.185235396027565
        ],
        [
            -0.23675614595413208,
            -0.6773426532745361,
            -0.18695975840091705
        ],
        [
            -0.23910745978355408,
            -0.6803046464920044,
            -0.18771985173225403
        ],
        [
            -0.2438969910144806,
            -0.6786503791809082,
            -0.18270057439804077
        ],
        [
            -0.24142467975616455,
            -0.6759945750236511,
            -0.1825777292251587
        ],
        [
            -0.21187540888786316,
            -0.6833686828613281,
            -0.2079256772994995
        ],
        [
            -0.215928852558136,
            -0.6795917749404907,
            -0.20335647463798523
        ],
        [
            -0.20972061157226562,
            -0.6754984855651855,
            -0.20242342352867126
        ],
        [
            -0.20420494675636292,
            -0.6788766980171204,
            -0.20589742064476013
        ],
        [
            -0.20621651411056519,
            -0.6714299917221069,
            -0.19884556531906128
        ],
        [
            -0.19759699702262878,
            -0.674221932888031,
            -0.20281755924224854
        ],
        [
            -0.19120493531227112,
            -0.6618670225143433,
            -0.19245770573616028
        ],
        [
            -0.193790465593338,
            -0.6675401926040649,
            -0.19758319854736328
        ],
        [
            -0.20403537154197693,
            -0.6663640737533569,
            -0.19448284804821014
        ],
        [
            -0.20444628596305847,
            -0.6601693630218506,
            -0.1892610788345337
        ],
        [
            -0.21571436524391174,
            -0.6590492129325867,
            -0.18031874299049377
        ],
        [
            -0.2181217074394226,
            -0.6566378474235535,
            -0.17497876286506653
        ],
        [
            -0.20846164226531982,
            -0.6479678750038147,
            -0.1773635745048523
        ],
        [
            -0.2066032886505127,
            -0.653031587600708,
            -0.1830025017261505
        ],
        [
            -0.22980348765850067,
            -0.6749377250671387,
            -0.1850140392780304
        ],
        [
            -0.22688567638397217,
            -0.6766780614852905,
            -0.18831706047058105
        ],
        [
            -0.22945170104503632,
            -0.6765435934066772,
            -0.1892392635345459
        ],
        [
            -0.2334342896938324,
            -0.6754442453384399,
            -0.18607811629772186
        ],
        [
            -0.22456738352775574,
            -0.6775850653648376,
            -0.19140750169754028
        ],
        [
            -0.22348135709762573,
            -0.6778556108474731,
            -0.19280576705932617
        ],
        [
            -0.22522148489952087,
            -0.6781847476959229,
            -0.19302049279212952
        ],
        [
            -0.22539518773555756,
            -0.6778474450111389,
            -0.19174125790596008
        ],
        [
            -0.22611086070537567,
            -0.6771472692489624,
            -0.18987977504730225
        ],
        [
            -0.2255115807056427,
            -0.6753421425819397,
            -0.18871787190437317
        ],
        [
            -0.22470992803573608,
            -0.6766184568405151,
            -0.19052456319332123
        ],
        [
            -0.22790193557739258,
            -0.6729166507720947,
            -0.1857776641845703
        ],
        [
            -0.2352924942970276,
            -0.6666246652603149,
            -0.1748655140399933
        ],
        [
            -0.2336096167564392,
            -0.6676733493804932,
            -0.17830923199653625
        ],
        [
            -0.23570886254310608,
            -0.6718004941940308,
            -0.17718514800071716
        ],
        [
            -0.23734796047210693,
            -0.6712118983268738,
            -0.17431128025054932
        ],
        [
            -0.22817623615264893,
            -0.6787416338920593,
            -0.19221988320350647
        ],
        [
            -0.22812005877494812,
            -0.6802805662155151,
            -0.19444158673286438
        ],
        [
            -0.2331518828868866,
            -0.6803997159004211,
            -0.19185447692871094
        ],
        [
            -0.23132479190826416,
            -0.6784871816635132,
            -0.1902393400669098
        ],
        [
            -0.22852443158626556,
            -0.681992769241333,
            -0.19739732146263123
        ],
        [
            -0.22499820590019226,
            -0.6796107292175293,
            -0.19522055983543396
        ],
        [
            -0.2245243936777115,
            -0.6807723045349121,
            -0.19813072681427002
        ],
        [
            -0.22260038554668427,
            -0.676423192024231,
            -0.1920337975025177
        ],
        [
            -0.21990595757961273,
            -0.676052451133728,
            -0.19411015510559082
        ],
        [
            -0.22211629152297974,
            -0.6775892972946167,
            -0.19524279236793518
        ],
        [
            -0.21879345178604126,
            -0.6730601787567139,
            -0.19183924794197083
        ],
        [
            -0.22282674908638,
            -0.6742238998413086,
            -0.18958111107349396
        ],
        [
            -0.22458195686340332,
            -0.6710207462310791,
            -0.1865486204624176
        ],
        [
            -0.22719740867614746,
            -0.6676281690597534,
            -0.18261107802391052
        ],
        [
            -0.22142744064331055,
            -0.6656181216239929,
            -0.1836404949426651
        ],
        [
            -0.21950413286685944,
            -0.6693278551101685,
            -0.18821105360984802
        ],
        [
            -0.23459631204605103,
            -0.6841567754745483,
            -0.1941758096218109
        ],
        [
            -0.2194124311208725,
            -0.6782865524291992,
            -0.19881775975227356
        ],
        [
            -0.22245967388153076,
            -0.6835927963256836,
            -0.20276278257369995
        ],
        [
            -0.21572408080101013,
            -0.6751115322113037,
            -0.19782119989395142
        ],
        [
            -0.2132648527622223,
            -0.6716183423995972,
            -0.19511020183563232
        ],
        [
            -0.21283546090126038,
            -0.6677179336547852,
            -0.19044089317321777
        ],
        [
            -0.21398138999938965,
            -0.6629413366317749,
            -0.1856941282749176
        ],
        [
            -0.19411343336105347,
            -0.6472839117050171,
            -0.17617593705654144
        ],
        [
            -0.19308222830295563,
            -0.6534057855606079,
            -0.1839151382446289
        ],
        [
            -0.27695879340171814,
            -0.7396692037582397,
            -0.20998525619506836
        ],
        [
            -0.2725602388381958,
            -0.7408275604248047,
            -0.21780259907245636
        ],
        [
            -0.26400524377822876,
            -0.7372353076934814,
            -0.21644127368927002
        ],
        [
            -0.2647683620452881,
            -0.7391924858093262,
            -0.21830981969833374
        ],
        [
            -0.26947030425071716,
            -0.7384157180786133,
            -0.21407324075698853
        ],
        [
            -0.26721957325935364,
            -0.7362872362136841,
            -0.21319016814231873
        ],
        [
            -0.2447190135717392,
            -0.7409567832946777,
            -0.22548231482505798
        ],
        [
            -0.2503472566604614,
            -0.7394497394561768,
            -0.2220069020986557
        ],
        [
            -0.2468772530555725,
            -0.7373474836349487,
            -0.22126264870166779
        ],
        [
            -0.2399190366268158,
            -0.736058235168457,
            -0.22583362460136414
        ],
        [
            -0.24908652901649475,
            -0.7271615266799927,
            -0.21437285840511322
        ],
        [
            -0.2465783953666687,
            -0.7301456928253174,
            -0.21792854368686676
        ],
        [
            -0.2534140348434448,
            -0.7336791753768921,
            -0.21594899892807007
        ],
        [
            -0.2552887499332428,
            -0.7315062880516052,
            -0.2133779525756836
        ],
        [
            -0.2572571337223053,
            -0.7299289107322693,
            -0.21011397242546082
        ],
        [
            -0.2591919004917145,
            -0.7290833592414856,
            -0.2062077820301056
        ],
        [
            -0.255337655544281,
            -0.7252873182296753,
            -0.2058252990245819
        ],
        [
            -0.2523057758808136,
            -0.725786566734314,
            -0.21012715995311737
        ],
        [
            -0.27242863178253174,
            -0.7383674383163452,
            -0.2083406001329422
        ],
        [
            -0.27336210012435913,
            -0.7375925779342651,
            -0.20094946026802063
        ],
        [
            -0.27053317427635193,
            -0.7356691360473633,
            -0.20195771753787994
        ],
        [
            -0.26999473571777344,
            -0.7359579801559448,
            -0.20812690258026123
        ],
        [
            -0.2647526264190674,
            -0.7332260012626648,
            -0.19028839468955994
        ],
        [
            -0.2668987214565277,
            -0.7344465255737305,
            -0.1919916868209839
        ],
        [
            -0.2694530487060547,
            -0.7347550392150879,
            -0.18898740410804749
        ],
        [
            -0.26621460914611816,
            -0.7317512035369873,
            -0.1874515414237976
        ],
        [
            -0.2637941837310791,
            -0.7294574975967407,
            -0.18940041959285736
        ],
        [
            -0.2636628746986389,
            -0.7316994071006775,
            -0.19149720668792725
        ],
        [
            -0.30189377069473267,
            -0.788314700126648,
            -0.2152765840291977
        ],
        [
            -0.30067986249923706,
            -0.7704696655273438,
            -0.2103944569826126
        ],
        [
            -0.285128653049469,
            -0.7913227081298828,
            -0.22624844312667847
        ],
        [
            -0.2677353322505951,
            -0.7902185320854187,
            -0.2319718599319458
        ],
        [
            -0.2512878179550171,
            -0.7846989035606384,
            -0.23639538884162903
        ],
        [
            -0.20742270350456238,
            -0.691494345664978,
            -0.21367371082305908
        ],
        [
            -0.19719958305358887,
            -0.6879844665527344,
            -0.21250447630882263
        ],
        [
            -0.19039590656757355,
            -0.7011919021606445,
            -0.21853654086589813
        ],
        [
            -0.1812315285205841,
            -0.6952507495880127,
            -0.21461381018161774
        ],
        [
            -0.18877467513084412,
            -0.681730329990387,
            -0.20843008160591125
        ],
        [
            -0.17925366759300232,
            -0.6669477820396423,
            -0.19252687692642212
        ],
        [
            -0.18259543180465698,
            -0.6740586757659912,
            -0.2019389569759369
        ],
        [
            -0.1726457178592682,
            -0.6892987489700317,
            -0.20814847946166992
        ],
        [
            -0.1660424768924713,
            -0.7082328796386719,
            -0.2150297909975052
        ],
        [
            -0.1761539876461029,
            -0.7106977701187134,
            -0.21930968761444092
        ],
        [
            -0.16413536667823792,
            -0.7284666299819946,
            -0.21837985515594482
        ],
        [
            -0.15471124649047852,
            -0.7072717547416687,
            -0.2073962390422821
        ],
        [
            -0.1578555554151535,
            -0.7322039604187012,
            -0.2136942446231842
        ],
        [
            -0.14508870244026184,
            -0.6752035617828369,
            -0.18674248456954956
        ],
        [
            -0.13725505769252777,
            -0.6677216291427612,
            -0.18632325530052185
        ],
        [
            -0.1277821660041809,
            -0.6792028546333313,
            -0.19749048352241516
        ],
        [
            -0.1358257532119751,
            -0.6873750686645508,
            -0.19790875911712646
        ],
        [
            -0.1865527480840683,
            -0.7130293250083923,
            -0.22264797985553741
        ],
        [
            -0.22944362461566925,
            -0.7599549293518066,
            -0.23459383845329285
        ],
        [
            -0.23889194428920746,
            -0.7536612749099731,
            -0.23256899416446686
        ],
        [
            -0.21881428360939026,
            -0.7524298429489136,
            -0.23407116532325745
        ],
        [
            -0.24865536391735077,
            -0.8195815086364746,
            -0.2389487624168396
        ],
        [
            -0.26071009039878845,
            -0.8057711720466614,
            -0.23694580793380737
        ],
        [
            -0.24514231085777283,
            -0.7978114485740662,
            -0.2401469349861145
        ],
        [
            -0.23591604828834534,
            -0.8117967844009399,
            -0.24206799268722534
        ],
        [
            -0.28265517950057983,
            -0.8407583236694336,
            -0.2185552418231964
        ],
        [
            -0.29513049125671387,
            -0.8154078722000122,
            -0.21986231207847595
        ],
        [
            -0.27964580059051514,
            -0.8118489384651184,
            -0.22826260328292847
        ],
        [
            -0.26873743534088135,
            -0.8316082954406738,
            -0.22924891114234924
        ],
        [
            -0.22554388642311096,
            -0.8206644058227539,
            -0.24179770052433014
        ],
        [
            -0.21227635443210602,
            -0.8326674699783325,
            -0.23886233568191528
        ],
        [
            -0.21688872575759888,
            -0.8489788174629211,
            -0.23544910550117493
        ],
        [
            -0.23507963120937347,
            -0.8361653685569763,
            -0.2384040206670761
        ],
        [
            -0.2262793481349945,
            -0.8691006898880005,
            -0.22512568533420563
        ],
        [
            -0.24855366349220276,
            -0.8535090684890747,
            -0.22813478112220764
        ],
        [
            -0.14371301233768463,
            -0.7262356281280518,
            -0.2078959047794342
        ],
        [
            -0.15101833641529083,
            -0.7437601089477539,
            -0.21123921871185303
        ],
        [
            -0.14616815745830536,
            -0.6957278847694397,
            -0.19936516880989075
        ],
        [
            -0.1361122578382492,
            -0.7111406326293945,
            -0.20487606525421143
        ],
        [
            -0.23506641387939453,
            -0.8834794759750366,
            -0.2081633061170578
        ],
        [
            -0.26180166006088257,
            -0.8664495944976807,
            -0.21303147077560425
        ],
        [
            -0.16288171708583832,
            -0.8441467881202698,
            -0.21791069209575653
        ],
        [
            -0.1793229579925537,
            -0.8532540202140808,
            -0.22317436337471008
        ],
        [
            -0.1823505014181137,
            -0.8339346051216125,
            -0.23123788833618164
        ],
        [
            -0.16691529750823975,
