{
    "pred_cam": [
        1.1729462146759033,
        -0.04959723353385925,
        0.20832931995391846
    ],
    "pred_smpl_params": {
        "global_orient": [
            [
                [
                    0.8391626477241516,
                    0.152669295668602,
                    -0.5220136642456055
                ],
                [
                    0.18945427238941193,
                    -0.9817346930503845,
                    0.017436683177947998
                ],
                [
                    -0.5098168849945068,
                    -0.11352992057800293,
                    -0.8527589440345764
                ]
            ]
        ],
        "body_pose": [
            [
                [
                    0.9977789521217346,
                    -0.06535554677248001,
                    -0.012876475229859352
                ],
                [
                    0.06661015003919601,
                    0.9775136113166809,
                    0.2000758796930313
                ],
                [
                    -0.0004891399876214564,
                    -0.20048920810222626,
                    0.9796958565711975
                ]
            ],
            [
                [
                    0.9952490329742432,
                    -0.0635596439242363,
                    0.0737529918551445
                ],
                [
                    0.07673929631710052,
                    0.9783002138137817,
                    -0.19245700538158417
                ],
                [
                    -0.05992007255554199,
                    0.1972023993730545,
                    0.9785298705101013
                ]
            ],
            [
                [
                    0.9998356699943542,
                    0.004978264681994915,
                    0.01743268221616745
                ],
                [
                    -0.003013966605067253,
                    0.9938221573829651,
                    -0.11094318330287933
                ],
                [
                    -0.01787729188799858,
                    0.11087240278720856,
                    0.9936738610267639
                ]
            ],
            [
                [
                    0.9995614290237427,
                    0.028856372460722923,
                    -0.006648097652941942
                ],
                [
                    -0.029612209647893906,
                    0.9744538068771362,
                    -0.22262731194496155
                ],
                [
                    5.405298725236207e-05,
                    0.22272655367851257,
                    0.9748809337615967
                ]
            ],
            [
                [
                    0.9773115515708923,
                    0.14095206558704376,
                    0.15809687972068787
                ],
                [
                    -0.06939154118299484,
                    0.918300211429596,
                    -0.3897556960582733
                ],
                [
                    -0.20011727511882782,
                    0.36994215846061707,
                    0.9072462916374207
                ]
            ],
            [
                [
                    0.9981406927108765,
                    -0.04766618087887764,
                    -0.03798951953649521
                ],
                [
                    0.04510068520903587,
                    0.9968166947364807,
                    -0.06574497371912003
                ],
                [
                    0.04100240021944046,
                    0.0639093741774559,
                    0.9971131086349487
                ]
            ],
            [
                [
                    0.9799432158470154,
                    0.16871604323387146,
                    0.10604757815599442
                ],
                [
                    -0.1601548194885254,
                    0.9834519028663635,
                    -0.08469253033399582
                ],
                [
                    -0.11858167499303818,
                    0.06600984185934067,
                    0.9907476902008057
                ]
            ],
            [
                [
                    0.9890932440757751,
                    -0.06433923542499542,
                    -0.1324954330921173
                ],
                [
                    0.08882084488868713,
                    0.9781287908554077,
                    0.1880822479724884
                ],
                [
                    0.11749652773141861,
                    -0.19779923558235168,
                    0.9731752276420593
                ]
            ],
            [
                [
                    0.9993537068367004,
                    -0.03237816318869591,
                    -0.015612444840371609
                ],
                [
                    0.03147391974925995,
                    0.9979875683784485,
                    -0.05504722148180008
                ],
                [
                    0.017363354563713074,
                    0.05452026426792145,
                    0.9983616471290588
                ]
            ],
            [
                [
                    0.9526149034500122,
                    -0.2783658802509308,
                    0.12262648344039917
                ],
                [
                    0.2436443269252777,
                    0.9396334290504456,
                    0.24026329815387726
                ],
                [
                    -0.18210504949092865,
                    -0.19900116324424744,
                    0.9629310965538025
                ]
            ],
            [
                [
                    0.9848138093948364,
                    0.17253378033638,
                    0.019335173070430756
                ],
                [
                    -0.17358124256134033,
                    0.9763475060462952,
                    0.1288994550704956
                ],
                [
                    0.0033616614528000355,
                    -0.1302981972694397,
                    0.991469144821167
                ]
            ],
            [
                [
                    0.9950293898582458,
                    -0.0822395607829094,
                    0.056150902062654495
                ],
                [
                    0.07644123584032059,
                    0.9921879768371582,
                    0.0985887199640274
                ],
                [
                    -0.06382014602422714,
                    -0.09380645304918289,
                    0.9935426712036133
                ]
            ],
            [
                [
                    0.92240971326828,
                    0.36520302295684814,
                    -0.12564685940742493
                ],
                [
                    -0.36587411165237427,
                    0.930479884147644,
                    0.018530070781707764
                ],
                [
                    0.12367910891771317,
                    0.02887861430644989,
                    0.9919019937515259
                ]
            ],
            [
                [
                    0.9490053653717041,
                    -0.30828672647476196,
                    0.06593970209360123
                ],
                [
                    0.31140851974487305,
                    0.9492715001106262,
                    -0.043684881180524826
                ],
                [
                    -0.049127209931612015,
                    0.0619913786649704,
                    0.9968668818473816
                ]
            ],
            [
                [
                    0.997685968875885,
                    -0.05229624733328819,
                    -0.043449029326438904
                ],
                [
                    0.04300268366932869,
                    0.9803479313850403,
                    -0.19253234565258026
                ],
                [
                    0.052663885056972504,
                    0.19021838903427124,
                    0.9803282618522644
                ]
            ],
            [
                [
                    0.5096821188926697,
                    0.7387447953224182,
                    -0.4409990608692169
                ],
                [
                    -0.8229437470436096,
                    0.5681225061416626,
                    0.0005845846026204526
                ],
                [
                    0.25097334384918213,
                    0.3626194894313812,
                    0.8975072503089905
                ]
            ],
            [
                [
                    0.5008849501609802,
                    -0.7649898529052734,
                    0.4048515856266022
                ],
                [
                    0.8647913932800293,
                    0.46144899725914,
                    -0.1979914903640747
                ],
                [
                    -0.03535688668489456,
                    0.4492831230163574,
                    0.8926895260810852
                ]
            ],
            [
                [
                    -0.2193889319896698,
                    -0.43239203095436096,
                    -0.8745887875556946
                ],
                [
                    -0.01104727853089571,
                    0.89747154712677,
                    -0.4409339427947998
                ],
                [
                    0.9755749106407166,
                    -0.08707421272993088,
                    -0.20167207717895508
                ]
            ],
            [
                [
                    -0.322191447019577,
                    0.4902312755584717,
                    0.809855580329895
                ],
                [
                    0.0649157389998436,
                    0.8649014234542847,
                    -0.4977263808250427
                ],
                [
                    -0.9444462656974792,
                    -0.10779078304767609,
                    -0.3104875683784485
                ]
            ],
            [
                [
                    0.9606282114982605,
                    -0.23995806276798248,
                    -0.14004811644554138
                ],
                [
                    0.24566254019737244,
                    0.9690402746200562,
                    0.02471548318862915
                ],
                [
                    0.1297815889120102,
                    -0.058146972209215164,
                    0.9898361563682556
                ]
            ],
            [
                [
                    0.9629754424095154,
                    0.18036772310733795,
                    0.20036442577838898
                ],
                [
                    -0.20278815925121307,
                    0.9743554592132568,
                    0.09751085191965103
                ],
                [
                    -0.17763836681842804,
                    -0.13453207910060883,
                    0.9748567938804626
                ]
            ],
            [
                [
                    0.9691920280456543,
                    0.23407414555549622,
                    -0.07665667682886124
                ],
                [
                    -0.2232835292816162,
                    0.9663469791412354,
                    0.12774226069450378
                ],
                [
                    0.10397811233997345,
                    -0.10669060051441193,
                    0.9888406991958618
                ]
            ],
            [
                [
                    0.9661917686462402,
                    -0.23718369007110596,
                    0.10108089447021484
                ],
                [
                    0.2275124192237854,
                    0.9687791466712952,
                    0.09851469844579697
                ],
                [
                    -0.1212911307811737,
                    -0.07218693196773529,
                    0.9899886846542358
                ]
            ]
        ],
        "betas": [
            0.1025443822145462,
            0.5634022951126099,
            0.8277698755264282,
            1.5858583450317383,
            -0.20633471012115479,
            -0.10804935544729233,
            0.06783793866634369,
            0.3163143992424011,
            -0.00265289843082428,
            0.07464352250099182
        ]
    },
    "pred_cam_t": [
        -0.04959723353385925,
        0.20832931995391846,
        33.30289077758789
    ],
    "focal_length": [
        5000.0,
        5000.0
    ],
    "pred_keypoints_3d": [
        [
            -0.05312251299619675,
            -0.85150146484375,
            -0.21894212067127228
        ],
        [
            0.04292846471071243,
            -0.7615718245506287,
            -0.06581859290599823
        ],
        [
            -0.10160959511995316,
            -0.6884845495223999,
            0.06339620053768158
        ],
        [
            -0.1233975738286972,
            -0.46498310565948486,
            0.17417770624160767
        ],
        [
            -0.12280046939849854,
            -0.4474957585334778,
            -0.0783323347568512
        ],
        [
            0.1887357532978058,
            -0.6380438208580017,
            -0.14359895884990692
        ],
        [
            0.20144160091876984,
            -0.3799669146537781,
            -0.13551926612854004
        ],
        [
            -0.014936402440071106,
            -0.444622278213501,
            -0.23758935928344727
        ],
        [
            -0.0032342688646167517,
            -0.23980453610420227,
            0.022778984159231186
        ],
        [
            -0.0656982883810997,
            -0.16291218996047974,
            0.07005099952220917
        ],
        [
            -0.09514367580413818,
            0.2013569474220276,
            0.18712157011032104
        ],
        [
            -0.04360295087099075,
            0.49282121658325195,
            0.451654314994812
        ],
        [
            0.040367674082517624,
            -0.13786470890045166,
            0.007931068539619446
        ],
        [
            -0.002631407231092453,
            0.2305833399295807,
            -0.04658226668834686
        ],
        [
            -0.03662234917283058,
            0.6159880757331848,
            0.04087917506694794
        ],
        [
            -0.06437219679355621,
            -0.896991491317749,
            -0.17654764652252197
        ],
        [
            -0.01094892993569374,
            -0.8982081413269043,
            -0.21661004424095154
        ],
        [
            -0.04004969447851181,
            -0.8977432250976562,
            -0.07454414665699005
        ],
        [
            0.07790734618902206,
            -0.8989040851593018,
            -0.16382238268852234
        ],
        [
            -0.13206395506858826,
            0.6906387805938721,
            -0.12087145447731018
        ],
        [
            -0.050833553075790405,
            0.7049323320388794,
            -0.09988292306661606
        ],
        [
            -0.012522399425506592,
            0.6472863554954529,
            0.09858572483062744
        ],
        [
            -0.10829852521419525,
            0.6162856221199036,
            0.3084578216075897
        ],
        [
            -0.16094480454921722,
            0.5925700664520264,
            0.37719297409057617
        ],
        [
            -0.02430390752851963,
            0.5062011480331421,
            0.519946277141571
        ],
        [
            -0.05745860934257507,
            0.43420299887657166,
            0.4492126405239105
        ],
        [
            -0.09119211137294769,
            0.13908573985099792,
            0.16202719509601593
        ],
        [
            -0.11126389354467392,
            -0.299113392829895,
            0.09086981415748596
        ],
        [
            0.12290389090776443,
            -0.23301362991333008,
            -0.02759309858083725
        ],
        [
            0.010813375934958458,
            0.18889160454273224,
            -0.04932068660855293
        ],
        [
            -0.01358216442167759,
            0.582634449005127,
            0.05524799972772598
        ],
        [
            -0.1078420877456665,
            -0.48003897070884705,
            -0.05465575307607651
        ],
        [
            -0.15580570697784424,
            -0.4918662905693054,
            0.15294574201107025
        ],
        [
            -0.07146521657705307,
            -0.7145367860794067,
            0.038952648639678955
        ],
        [
            0.16931426525115967,
            -0.6759128570556641,
            -0.12986041605472565
        ],
        [
            0.20821797847747803,
            -0.41243448853492737,
            -0.1771964579820633
        ],
        [
            0.006361006293445826,
            -0.4593086242675781,
            -0.233122318983078
        ],
        [
            0.04315818473696709,
            -0.7500033378601074,
            -0.06849265843629837
        ],
        [
            0.005152084864675999,
            -0.9483739137649536,
            -0.14159676432609558
        ],
        [
            0.006109160371124744,
            -0.26570388674736023,
            0.031134378165006638
        ],
        [
            0.04557274654507637,
            -0.6927705407142639,
            -0.04714350402355194
        ],
        [
            0.04949715733528137,
            -0.5219572186470032,
            0.005361870862543583
        ],
        [
            -7.988582365214825e-05,
            -0.8355415463447571,
            -0.15651632845401764
        ],
        [
            0.004694738890975714,
            -0.9685536026954651,
            -0.13405653834342957
        ]
    ],
    "pred_vertices": [
        [
            -0.006588563323020935,
            -0.9429260492324829,
            -0.23109658062458038
        ],
        [
            -0.013788703829050064,
            -0.9282838106155396,
            -0.2314542829990387
        ],
        [
            0.0008124187588691711,
            -0.9262804985046387,
            -0.2301550805568695
        ],
        [
            0.009741894900798798,
            -0.9377121925354004,
            -0.22659999132156372
        ],
        [
            -0.004768192768096924,
            -0.9167695045471191,
            -0.230636328458786
        ],
        [
            -0.017180051654577255,
            -0.9169072508811951,
            -0.23024782538414001
        ],
        [
            0.013054229319095612,
            -0.9217970967292786,
            -0.2247937023639679
        ],
        [
            0.022452697157859802,
            -0.929677426815033,
            -0.22028648853302002
        ],
        [
            0.027431372553110123,
            -0.8885709047317505,
            -0.213455468416214
        ],
        [
            0.036777980625629425,
            -0.8851533532142639,
            -0.20724742114543915
        ],
        [
            0.034851063042879105,
            -0.8968877792358398,
            -0.21060490608215332
        ],
        [
            0.025280937552452087,
            -0.8973326683044434,
            -0.2147933840751648
        ],
        [
            0.030966486781835556,
            -0.8630460500717163,
            -0.20687931776046753
        ],
        [
            0.02197188138961792,
            -0.8525881767272949,
            -0.20853455364704132
        ],
        [
            0.030400274321436882,
            -0.8448794484138489,
            -0.20131123065948486
        ],
        [
            0.03907354176044464,
            -0.8550311326980591,
            -0.19833983480930328
        ],
        [
            -0.0193798691034317,
            -0.8631103038787842,
            -0.21058550477027893
        ],
        [
            -0.013577666133642197,
            -0.8565682172775269,
            -0.21206313371658325
        ],
        [
            -0.010600995272397995,
            -0.863547682762146,
            -0.21425867080688477
        ],
        [
            -0.01667633280158043,
            -0.869175910949707,
            -0.21204069256782532
        ],
        [
            -0.031425632536411285,
            -0.8719058036804199,
            -0.21186479926109314
        ],
        [
            -0.029072359204292297,
            -0.8778424263000488,
            -0.21019431948661804
        ],
        [
            -0.03623729944229126,
            -0.8808653354644775,
            -0.21241405606269836
        ],
        [
            -0.03848559409379959,
            -0.8740450143814087,
            -0.2153094857931137
        ],
        [
            -0.02339685708284378,
            -0.8576740026473999,
            -0.20717282593250275
        ],
        [
            -0.016951967030763626,
            -0.8509378433227539,
            -0.20862968266010284
        ],
        [
            -0.024708174169063568,
            -0.8685889840126038,
            -0.2099926471710205
        ],
        [
            -0.027223095297813416,
            -0.8637433052062988,
            -0.2103392630815506
        ],
        [
            -0.0351223424077034,
            -0.8560075163841248,
            -0.21699348092079163
        ],
        [
            -0.033449023962020874,
            -0.8609768152236938,
            -0.21706634759902954
        ],
        [
            -0.0403251126408577,
            -0.8609836101531982,
            -0.2209891974925995
        ],
        [
            -0.04054649919271469,
            -0.8555853962898254,
            -0.21922346949577332
        ],
        [
            -0.027233049273490906,
            -0.8566572666168213,
            -0.21061545610427856
        ],
        [
            -0.028808124363422394,
            -0.8593367338180542,
            -0.2135222852230072
        ],
        [
            -0.03180348128080368,
            -0.8551924228668213,
            -0.21379274129867554
        ],
        [
            -0.030827179551124573,
            -0.8533993363380432,
            -0.2100931704044342
        ],
        [
            -0.03325042128562927,
            -0.8671597838401794,
            -0.2134641706943512
        ],
        [
            -0.03980600833892822,
            -0.8680239915847778,
            -0.21803364157676697
        ],
        [
            -0.047379642724990845,
            -0.8683358430862427,
            -0.22192266583442688
        ],
        [
            -0.04789203405380249,
            -0.8593500852584839,
            -0.22431448101997375
        ],
        [
            0.0005823485553264618,
            -0.8438578844070435,
            -0.21117979288101196
        ],
        [
            -0.006685763597488403,
            -0.8502456545829773,
            -0.21267539262771606
        ],
        [
            -0.010509390383958817,
            -0.8451468348503113,
            -0.20965014398097992
        ],
        [
            -0.004394732415676117,
            -0.8399494886398315,
            -0.20929628610610962
        ],
        [
            -0.02750084549188614,
            -0.850569486618042,
            -0.2074914574623108
        ],
        [
            -0.022822145372629166,
            -0.834416925907135,
            -0.20754115283489227
        ],
        [
            -0.023155320435762405,
            -0.8382983803749084,
            -0.208526611328125
        ],
        [
            -0.030391477048397064,
            -0.8384929895401001,
            -0.20851483941078186
        ],
        [
            -0.029460065066814423,
            -0.8348897695541382,
            -0.20773449540138245
        ],
        [
            0.011255186051130295,
            -0.8304833173751831,
            -0.2049996554851532
        ],
        [
            0.00417289137840271,
            -0.82867431640625,
            -0.20558889210224152
        ],
        [
            0.0068703629076480865,
            -0.8218319416046143,
            -0.20279169082641602
        ],
        [
            0.014357935637235641,
            -0.8225388526916504,
            -0.20062173902988434
        ],
        [
            0.0063759684562683105,
            -0.8158891797065735,
            -0.19981014728546143
        ],
        [
            0.01612982526421547,
            -0.8147724270820618,
            -0.19632607698440552
        ],
        [
            0.009778006002306938,
            -0.8000906705856323,
            -0.18984246253967285
        ],
        [
            0.013358213007450104,
            -0.8065828084945679,
            -0.192702978849411
        ],
        [
            0.0034829676151275635,
            -0.8099524974822998,
            -0.19743336737155914
        ],
        [
            -0.0021785683929920197,
            -0.8040953278541565,
            -0.19660893082618713
        ],
        [
            -0.017515119165182114,
            -0.8075995445251465,
            -0.1973978877067566
        ],
        [
            -0.023821625858545303,
            -0.8059748411178589,
            -0.1962258666753769
        ],
        [
            -0.017355158925056458,
            -0.793822169303894,
            -0.19556531310081482
        ],
        [
            -0.0101080983877182,
            -0.7980382442474365,
            -0.19637924432754517
        ],
        [
            -0.01999213919043541,
            -0.8292063474655151,
            -0.20279625058174133
        ],
        [
            -0.015202082693576813,
            -0.8297189474105835,
            -0.2026737481355667
        ],
        [
            -0.016466591507196426,
            -0.8308785557746887,
            -0.20493042469024658
        ],
        [
            -0.021780937910079956,
            -0.8313979506492615,
            -0.20553205907344818
        ],
        [
            -0.011095963418483734,
            -0.8297845125198364,
            -0.2030176818370819
        ],
        [
            -0.009266339242458344,
            -0.8297567367553711,
            -0.20324206352233887
        ],
        [
            -0.010356105864048004,
            -0.8309153318405151,
            -0.2043362855911255
        ],
        [
            -0.011617526412010193,
            -0.8305624723434448,
            -0.20349502563476562
        ],
        [
            -0.013493191450834274,
            -0.8300210237503052,
            -0.20290794968605042
        ],
        [
            -0.014283981174230576,
            -0.8279008865356445,
            -0.20248913764953613
        ],
        [
            -0.011945419013500214,
            -0.8288183808326721,
            -0.20285823941230774
        ],
        [
            -0.018650013953447342,
            -0.8264966011047363,
            -0.20279550552368164
        ],
        [
            -0.033075734972953796,
            -0.8231682777404785,
            -0.20170341432094574
        ],
        [
            -0.02926533669233322,
            -0.8238276839256287,
            -0.20289289951324463
        ],
        [
            -0.03048662096261978,
            -0.8285616040229797,
            -0.20186202228069305
        ],
        [
            -0.03376885503530502,
            -0.8281848430633545,
            -0.20098301768302917
        ],
        [
            -0.012942604720592499,
            -0.8325110077857971,
            -0.20516176521778107
        ],
        [
            -0.010828286409378052,
            -0.834202229976654,
            -0.2065282166004181
        ],
        [
            -0.016143042594194412,
            -0.8362688422203064,
            -0.20786437392234802
        ],
        [
            -0.016515787690877914,
            -0.8335584402084351,
            -0.2062031626701355
        ],
        [
            -0.00851539894938469,
            -0.8362770676612854,
            -0.20795832574367523
        ],
        [
            -0.008196808397769928,
            -0.8322851657867432,
            -0.20522162318229675
        ],
        [
            -0.00523453950881958,
            -0.8331716060638428,
            -0.206428661942482
        ],
        [
            -0.00947115570306778,
            -0.8278037905693054,
            -0.2027113437652588
        ],
        [
            -0.006145544350147247,
            -0.8263983130455017,
            -0.20273594558238983
        ],
        [
            -0.006589945405721664,
            -0.8290557861328125,
            -0.2042047381401062
        ],
        [
            -0.00763200968503952,
            -0.8228771090507507,
            -0.20158681273460388
        ],
        [
            -0.011840786784887314,
            -0.8256076574325562,
            -0.20199985802173615
        ],
        [
            -0.01604175567626953,
            -0.8231443166732788,
            -0.20214125514030457
        ],
        [
            -0.021596785634756088,
            -0.8209078907966614,
            -0.2021803855895996
        ],
        [
            -0.017287086695432663,
            -0.8164558410644531,
            -0.2003011703491211
        ],
        [
            -0.011661693453788757,
            -0.8194351196289062,
            -0.20092712342739105
        ],
        [
            -0.014308761805295944,
            -0.8404639959335327,
            -0.20870152115821838
        ],
        [
            -0.001959368586540222,
            -0.8287428617477417,
            -0.20489121973514557
        ],
        [
            0.0001944713294506073,
            -0.8353754281997681,
            -0.2074888050556183
        ],
        [
            -0.0007659606635570526,
            -0.8239588141441345,
            -0.2031679004430771
        ],
        [
            -0.001655425876379013,
            -0.8192856907844543,
            -0.20110298693180084
        ],
        [
            -0.005346439778804779,
            -0.8148453235626221,
            -0.19946715235710144
        ],
        [
            -0.011257529258728027,
            -0.8107911348342896,
            -0.19851353764533997
        ],
        [
            -0.008193746209144592,
            -0.7869412899017334,
            -0.18587416410446167
        ],
        [
            0.00012566521763801575,
            -0.7925547361373901,
            -0.18834395706653595
        ],
        [
            -0.01650363579392433,
            -0.9101307392120361,
            -0.2254706621170044
        ],
        [
            -0.007703687995672226,
            -0.9099708795547485,
            -0.22775933146476746
        ],
        [
            -0.0038933604955673218,
            -0.9031684398651123,
            -0.2226477861404419
        ],
        [
            -0.002661876380443573,
            -0.9056146144866943,
            -0.22395068407058716
        ],
        [
            -0.008831195533275604,
            -0.9063194990158081,
            -0.22407490015029907
        ],
        [
            -0.008597038686275482,
            -0.9036381244659424,
            -0.22254124283790588
        ],
        [
            0.016661591827869415,
            -0.8984521627426147,
            -0.21648496389389038
        ],
        [
            0.00982937216758728,
            -0.8995503187179565,
            -0.21778114140033722
        ],
        [
            0.01128263771533966,
            -0.8960052728652954,
            -0.2161894142627716
        ],
        [
            0.0189228393137455,
            -0.8920166492462158,
            -0.21579423546791077
        ],
        [
            0.0019098594784736633,
            -0.8870092034339905,
            -0.2165309488773346
        ],
        [
            0.007218264043331146,
            -0.888970136642456,
            -0.21638181805610657
        ],
        [
            0.0019661448895931244,
            -0.8950791358947754,
            -0.21768036484718323
        ],
        [
            -0.0019255466759204865,
            -0.8937585353851318,
            -0.21774455904960632
        ],
        [
            -0.006078854203224182,
            -0.8930312395095825,
            -0.21710646152496338
        ],
        [
            -0.010389022529125214,
            -0.8928422927856445,
            -0.21591801941394806
        ],
        [
            -0.009313050657510757,
            -0.8875699639320374,
            -0.21468329429626465
        ],
        [
            -0.003933761268854141,
            -0.8868614435195923,
            -0.21589985489845276
        ],
        [
            -0.014887388795614243,
            -0.9073573350906372,
            -0.22130614519119263
        ],
        [
            -0.02083396166563034,
            -0.9066718816757202,
            -0.21720275282859802
        ],
        [
            -0.018760088831186295,
            -0.9038920998573303,
            -0.2165607213973999
        ],
        [
            -0.01412196084856987,
            -0.9043241739273071,
            -0.22044256329536438
        ],
        [
            -0.02408457174897194,
            -0.8982757329940796,
            -0.20589521527290344
        ],
        [
            -0.02375059202313423,
            -0.9005841016769409,
            -0.207802414894104
        ],
        [
            -0.02760753035545349,
            -0.9017276763916016,
            -0.20702525973320007
        ],
        [
            -0.027536600828170776,
            -0.8973344564437866,
            -0.20523476600646973
        ],
        [
            -0.02546647936105728,
            -0.894222617149353,
            -0.2062435746192932
        ],
        [
            -0.023197025060653687,
            -0.8964520692825317,
            -0.20684784650802612
        ],
        [
            -0.015674617141485214,
            -0.964309573173523,
            -0.22755862772464752
        ],
        [
            -0.021584082394838333,
            -0.9464523196220398,
            -0.22912642359733582
        ],
        [
            0.005119290202856064,
            -0.9597287178039551,
            -0.22475433349609375
        ],
        [
            0.0201558917760849,
            -0.9509843587875366,
            -0.21913853287696838
        ],
        [
            0.03280681371688843,
            -0.9387861490249634,
            -0.21400009095668793
        ],
        [
            0.02046927809715271,
            -0.8361907601356506,
            -0.2036803960800171
        ],
        [
            0.026011886075139046,
            -0.8280099630355835,
            -0.1978825032711029
        ],
        [
            0.03832283616065979,
            -0.8376668691635132,
            -0.19373294711112976
        ],
        [
            0.04067301005125046,
            -0.8274656534194946,
            -0.18698151409626007
        ],
        [
            0.027898406609892845,
            -0.8179706335067749,
            -0.19209201633930206
        ],
        [
            0.01972263678908348,
            -0.7996917963027954,
            -0.17978166043758392
        ],
        [
            0.02577533945441246,
            -0.8079925775527954,
            -0.18592214584350586
        ],
        [
            0.04084654152393341,
            -0.8176540732383728,
            -0.1780242621898651
        ],
        [
            0.05428168922662735,
            -0.8330410718917847,
            -0.17180219292640686
        ],
        [
            0.05139157176017761,
            -0.8396757245063782,
            -0.181980699300766
        ],
        [
            0.06291542947292328,
            -0.8503988981246948,
            -0.16527849435806274
        ],
        [
            0.05724041163921356,
            -0.8268036842346191,
            -0.1579015702009201
        ],
        [
            0.06568914651870728,
            -0.8503857851028442,
            -0.15589424967765808
        ],
        [
            0.04579406976699829,
            -0.7887550592422485,
            -0.14500907063484192
        ],
        [
            0.050570592284202576,
            -0.7768946886062622,
            -0.14006677269935608
        ],
        [
            0.06732790917158127,
            -0.7859748005867004,
            -0.13615472614765167
        ],
        [
            0.06295730918645859,
            -0.7975305318832397,
            -0.14180001616477966
        ],
        [
            0.04666443169116974,
            -0.847106397151947,
            -0.19008398056030273
        ],
        [
            0.039732467383146286,
            -0.9078954458236694,
            -0.20750997960567474
        ],
        [
            0.030033383518457413,
            -0.9061799645423889,
            -0.2142641842365265
        ],
        [
            0.04451270028948784,
            -0.8960391283035278,
            -0.20317542552947998
        ],
        [
            0.04499440640211105,
            -0.9688422679901123,
            -0.20186474919319153
        ],
        [
            0.03134627267718315,
            -0.961837887763977,
            -0.21210134029388428
        ],
        [
            0.04293648153543472,
            -0.9480420351028442,
            -0.20837056636810303
        ],
        [
            0.05392278730869293,
            -0.9568496942520142,
            -0.19913317263126373
        ],
        [
            0.013324178755283356,
            -1.0011147260665894,
            -0.1990080177783966
        ],
        [
            -0.0006671920418739319,
            -0.9847197532653809,
            -0.2156684249639511
        ],
        [
            0.014722775667905807,
            -0.9753197431564331,
            -0.21496275067329407
        ],
        [
            0.027672529220581055,
            -0.9873405694961548,
            -0.20176519453525543
        ],
        [
            0.061876989901065826,
            -0.9602484703063965,
            -0.18915227055549622
        ],
        [
            0.07282579690217972,
            -0.964983344078064,
            -0.17419855296611786
        ],
        [
            0.07204526662826538,
            -0.9823626279830933,
            -0.17041172087192535
        ],
        [
            0.05747104063630104,
            -0.9776027202606201,
            -0.1874523162841797
        ],
        [
            0.06366613507270813,
            -1.0035367012023926,
            -0.16104303300380707
        ],
        [
            0.046249594539403915,
            -0.9991110563278198,
            -0.18203768134117126
        ],
        [
            0.07135713845491409,
            -0.8383442163467407,
            -0.1439293473958969
        ],
        [
            0.07213693857192993,
            -0.8570425510406494,
            -0.14561115205287933
        ],
        [
            0.05732979625463486,
            -0.8109537363052368,
            -0.14919710159301758
        ],
        [
            0.07195539772510529,
            -0.8211411237716675,
            -0.14030911028385162
        ],
        [
            0.050146862864494324,
            -1.0209980010986328,
            -0.14934296905994415
        ],
        [
            0.03003998100757599,
            -1.0156933069229126,
            -0.1750747561454773
        ],
        [
            0.09526973217725754,
            -0.952216625213623,
            -0.1249331682920456
        ],
        [
            0.09046623110771179,
            -0.9686834216117859,
            -0.13640937209129333
        ],
        [
            0.08729200065135956,
