{
    "pred_cam": [
        2.644979238510132,
        0.09286411106586456,
        0.45104870200157166
    ],
    "pred_smpl_params": {
        "global_orient": [
            [
                [
                    -0.3775373101234436,
                    -0.03747154399752617,
                    -0.9252358675003052
                ],
                [
                    0.4758804440498352,
                    -0.8649910688400269,
                    -0.1591486930847168
                ],
                [
                    -0.794357180595398,
                    -0.5003862380981445,
                    0.3443983793258667
                ]
            ]
        ],
        "body_pose": [
            [
                [
                    0.9949997663497925,
                    0.0953710675239563,
                    0.02966209128499031
                ],
                [
                    -0.09803178161382675,
                    0.8757233023643494,
                    0.4727562665939331
                ],
                [
                    0.019111480563879013,
                    -0.47330018877983093,
                    0.8806938529014587
                ]
            ],
            [
                [
                    0.9812420606613159,
                    0.17861218750476837,
                    0.07253710925579071
                ],
                [
                    -0.1916256994009018,
                    0.8625837564468384,
                    0.4682188034057617
                ],
                [
                    0.02106025442481041,
                    -0.47333598136901855,
                    0.8806301355361938
                ]
            ],
            [
                [
                    0.9973614811897278,
                    -0.040343575179576874,
                    0.060354068875312805
                ],
                [
                    0.06095781922340393,
                    0.9168976545333862,
                    -0.39443978667259216
                ],
                [
                    -0.039425402879714966,
                    0.3970780372619629,
                    0.9169376492500305
                ]
            ],
            [
                [
                    0.9789552688598633,
                    0.2027117758989334,
                    0.023549288511276245
                ],
                [
                    -0.13223797082901,
                    0.718003511428833,
                    -0.6833624243736267
                ],
                [
                    -0.15543405711650848,
                    0.6658670902252197,
                    0.7296994924545288
                ]
            ],
            [
                [
                    0.994657576084137,
                    -0.016581742092967033,
                    0.10188968479633331
                ],
                [
                    0.08092667907476425,
                    0.7380208969116211,
                    -0.6699075102806091
                ],
                [
                    -0.06408849358558655,
                    0.674574077129364,
                    0.7354199886322021
                ]
            ],
            [
                [
                    0.9971544146537781,
                    -0.05252186954021454,
                    0.05407773703336716
                ],
                [
                    0.056102123111486435,
                    0.9961766600608826,
                    -0.06696701794862747
                ],
                [
                    -0.050353746861219406,
                    0.06981034576892853,
                    0.996288537979126
                ]
            ],
            [
                [
                    0.9778245687484741,
                    -0.03553694859147072,
                    0.20638814568519592
                ],
                [
                    0.018311601132154465,
                    0.9962314367294312,
                    0.08477980643510818
                ],
                [
                    -0.20862318575382233,
                    -0.07912050187587738,
                    0.9747903347015381
                ]
            ],
            [
                [
                    0.9839655756950378,
                    -0.0453018993139267,
                    -0.17250946164131165
                ],
                [
                    0.051567863672971725,
                    0.9981562495231628,
                    0.03201347962021828
                ],
                [
                    0.17074112594127655,
                    -0.040396105498075485,
                    0.9844875335693359
                ]
            ],
            [
                [
                    0.9993786811828613,
                    -0.02009231597185135,
                    0.0289581511169672
                ],
                [
                    0.022714875638484955,
                    0.9953806400299072,
                    -0.09328147023916245
                ],
                [
                    -0.026950141414999962,
                    0.09388129413127899,
                    0.9952185750007629
                ]
            ],
            [
                [
                    0.994994580745697,
                    -0.058666057884693146,
                    0.08089624345302582
                ],
                [
                    0.0550849586725235,
                    0.9974300861358643,
                    0.045812856405973434
                ],
                [
                    -0.08337601274251938,
                    -0.04112737253308296,
                    0.9956691265106201
                ]
            ],
            [
                [
                    0.9931906461715698,
                    0.11401461064815521,
                    0.023938482627272606
                ],
                [
                    -0.11589082330465317,
                    0.9879055023193359,
                    0.10301503539085388
                ],
                [
                    -0.011903738602995872,
                    -0.10508781671524048,
                    0.9943917393684387
                ]
            ],
            [
                [
                    0.9812449216842651,
                    -0.08689308911561966,
                    0.17207001149654388
                ],
                [
                    0.08799616992473602,
                    0.9961200952529907,
                    0.0012213640147820115
                ],
                [
                    -0.1715085208415985,
                    0.01394304446876049,
                    0.985084056854248
                ]
            ],
            [
                [
                    0.9028224945068359,
                    0.2831226587295532,
                    -0.3236558437347412
                ],
                [
                    -0.23889659345149994,
                    0.9560595750808716,
                    0.16993649303913116
                ],
                [
                    0.35754716396331787,
                    -0.07610221207141876,
                    0.9307891130447388
                ]
            ],
            [
                [
                    0.8376786708831787,
                    -0.46840348839759827,
                    0.2808784544467926
                ],
                [
                    0.45642364025115967,
                    0.8828123211860657,
                    0.11099479347467422
                ],
                [
                    -0.29995331168174744,
                    0.03522159904241562,
                    0.9533034563064575
                ]
            ],
            [
                [
                    0.9974943399429321,
                    -0.03434783220291138,
                    0.06184948608279228
                ],
                [
                    0.05167969688773155,
                    0.9508034586906433,
                    -0.3054536283016205
                ],
                [
                    -0.04831503704190254,
                    0.3078846037387848,
                    0.9501961469650269
                ]
            ],
            [
                [
                    0.7270787954330444,
                    0.4497643709182739,
                    -0.5187181234359741
                ],
                [
                    -0.4864709675312042,
                    0.8706395626068115,
                    0.07302621752023697
                ],
                [
                    0.48446112871170044,
                    0.19924545288085938,
                    0.8518208861351013
                ]
            ],
            [
                [
                    0.5964864492416382,
                    -0.6653808355331421,
                    0.4488565921783447
                ],
                [
                    0.7055625915527344,
                    0.7012767791748047,
                    0.10194268822669983
                ],
                [
                    -0.3826034367084503,
                    0.255888968706131,
                    0.8877699375152588
                ]
            ],
            [
                [
                    0.4732242524623871,
                    -0.124964639544487,
                    -0.8720336556434631
                ],
                [
                    -0.054935023188591,
                    0.9837750196456909,
                    -0.1707889288663864
                ],
                [
                    0.8792275190353394,
                    0.12872667610645294,
                    0.45868125557899475
                ]
            ],
            [
                [
                    0.5489389300346375,
                    0.19074228405952454,
                    0.8138079047203064
                ],
                [
                    -0.13700203597545624,
                    0.9809795022010803,
                    -0.13751216232776642
                ],
                [
                    -0.8245583176612854,
                    -0.0360075905919075,
                    0.5646299123764038
                ]
            ],
            [
                [
                    0.9913232922554016,
                    -0.1286124587059021,
                    -0.027149882167577744
                ],
                [
                    0.12502221763134003,
                    0.9863232374191284,
                    -0.10740506649017334
                ],
                [
                    0.04059218987822533,
                    0.10307879000902176,
                    0.9938446283340454
                ]
            ],
            [
                [
                    0.9951604604721069,
                    0.08781746029853821,
                    0.044089026749134064
                ],
                [
                    -0.0891154333949089,
                    0.9956166744232178,
                    0.02838863991200924
                ],
                [
                    -0.041402749717235565,
                    -0.032180264592170715,
                    0.9986242651939392
                ]
            ],
            [
                [
                    0.9835453033447266,
                    0.15439026057720184,
                    -0.09382053464651108
                ],
                [
                    -0.14288140833377838,
                    0.982556939125061,
                    0.11902407556772232
                ],
                [
                    0.11056017875671387,
                    -0.10366035997867584,
                    0.9884487390518188
                ]
            ],
            [
                [
                    0.9801080822944641,
                    -0.18318964540958405,
                    0.07635253667831421
                ],
                [
                    0.17158564925193787,
                    0.9754776954650879,
                    0.13784655928611755
                ],
                [
                    -0.09973225742578506,
                    -0.12200352549552917,
                    0.9875062704086304
                ]
            ]
        ],
        "betas": [
            0.0921124517917633,
            0.10542945563793182,
            -0.05462545156478882,
            0.4082483947277069,
            0.1362876296043396,
            -0.3328951299190521,
            -0.14075970649719238,
            0.16413764655590057,
            0.04254746437072754,
            -0.07153666019439697
        ]
    },
    "pred_cam_t": [
        0.09286411106586456,
        0.45104870200157166,
        14.768547058105469
    ],
    "focal_length": [
        5000.0,
        5000.0
    ],
    "pred_keypoints_3d": [
        [
            -0.3451613187789917,
            -0.6842220425605774,
            -0.09657011926174164
        ],
        [
            -0.1556786745786667,
            -0.67657470703125,
            -0.12842389941215515
        ],
        [
            -0.06417001783847809,
            -0.6306015849113464,
            0.057935528457164764
        ],
        [
            -0.034056682139635086,
            -0.39598408341407776,
            0.15585987269878387
        ],
        [
            -0.24204345047473907,
            -0.2509985566139221,
            0.1972363442182541
        ],
        [
            -0.189421609044075,
            -0.5301933288574219,
            -0.2595251202583313
        ],
        [
            -0.2824196517467499,
            -0.28462111949920654,
            -0.2535860538482666
        ],
        [
            -0.42714452743530273,
            -0.24190588295459747,
            -0.05306996405124664
        ],
        [
            -0.002077985554933548,
            -0.22699688374996185,
            0.026813792064785957
        ],
        [
            0.030899528414011,
            -0.17981618642807007,
            0.12299425899982452
        ],
        [
            -0.07688982784748077,
            0.024299830198287964,
            0.4312594532966614
        ],
        [
            0.08493822813034058,
            0.34464436769485474,
            0.61053466796875
        ],
        [
            -0.017818909138441086,
            -0.11451870948076248,
            0.015844222158193588
        ],
        [
            -0.1674274504184723,
            0.14597702026367188,
            0.2441023290157318
        ],
        [
            0.024216443300247192,
            0.4126655161380768,
            0.47397977113723755
        ],
        [
            -0.3360522985458374,
            -0.7398734092712402,
            -0.07034850120544434
        ],
        [
            -0.35039445757865906,
            -0.7315789461135864,
            -0.13532191514968872
        ],
        [
            -0.24476347863674164,
            -0.7899610996246338,
            -0.0516948327422142
        ],
        [
            -0.2774258255958557,
            -0.7709568738937378,
            -0.19660794734954834
        ],
        [
            -0.14392483234405518,
            0.4809751808643341,
            0.564400851726532
        ],
        [
            -0.10231760144233704,
            0.522242546081543,
            0.5047892332077026
        ],
        [
            0.08946716785430908,
            0.4329345226287842,
            0.4699530601501465
        ],
        [
            -0.0720374584197998,
            0.3845425248146057,
            0.7299280762672424
        ],
        [
            0.0012799501419067383,
            0.34598615765571594,
            0.760576069355011
        ],
        [
            0.14941197633743286,
            0.3788519501686096,
            0.6070051193237305
        ],
        [
            0.10041546821594238,
            0.29024064540863037,
            0.586571216583252
        ],
        [
            -0.06955577433109283,
            -0.015703443437814713,
            0.38356807827949524
        ],
        [
            0.06810872256755829,
            -0.3213987946510315,
            0.11881598830223083
        ],
        [
            -0.02853073924779892,
            -0.16555479168891907,
            -0.10987241566181183
        ],
        [
            -0.16428840160369873,
            0.12159444391727448,
            0.20909443497657776
        ],
        [
            0.03061087802052498,
            0.39007866382598877,
            0.43546730279922485
        ],
        [
            -0.24543213844299316,
            -0.2843169569969177,
            0.17953771352767944
        ],
        [
            -0.05484495684504509,
            -0.42320942878723145,
            0.17712995409965515
        ],
        [
            -0.08509936928749084,
            -0.6537351012229919,
            0.01949135959148407
        ],
        [
            -0.1854134202003479,
            -0.56976717710495,
            -0.2532426416873932
        ],
        [
            -0.3112969398498535,
            -0.3219701647758484,
            -0.26054835319519043
        ],
        [
            -0.42616191506385803,
            -0.2618599236011505,
            -0.061282455921173096
        ],
        [
            -0.15439265966415405,
            -0.6616614460945129,
            -0.12407521158456802
        ],
        [
            -0.3071849048137665,
            -0.812786877155304,
            -0.12231282889842987
        ],
        [
            0.019639236852526665,
            -0.2440720796585083,
            0.0037421733140945435
        ],
        [
            -0.13273194432258606,
            -0.6093159914016724,
            -0.11347810178995132
        ],
        [
            -0.03196515515446663,
            -0.46614691615104675,
            -0.08723270893096924
        ],
        [
            -0.2693391740322113,
            -0.7043070197105408,
            -0.1197158619761467
        ],
        [
            -0.3103363811969757,
            -0.8333023190498352,
            -0.11955389380455017
        ]
    ],
    "pred_vertices": [
        [
            -0.38154274225234985,
            -0.7677710652351379,
            -0.1453334242105484
        ],
        [
            -0.3768790662288666,
            -0.7534960508346558,
            -0.13844850659370422
        ],
        [
            -0.37029269337654114,
            -0.7544314861297607,
            -0.15143579244613647
        ],
        [
            -0.3699743449687958,
            -0.7675038576126099,
            -0.15841546654701233
        ],
        [
            -0.36869484186172485,
            -0.7440036535263062,
            -0.1463577151298523
        ],
        [
            -0.3726308345794678,
            -0.742536187171936,
            -0.13524626195430756
        ],
        [
            -0.3598012626171112,
            -0.7541232705116272,
            -0.16066105663776398
        ],
        [
            -0.35643425583839417,
            -0.7654715776443481,
            -0.16749122738838196
        ],
        [
            -0.3301071524620056,
            -0.7306362986564636,
            -0.16874615848064423
        ],
        [
            -0.3210850656032562,
            -0.7318757176399231,
            -0.17475615441799164
        ],
        [
            -0.3296751379966736,
            -0.7412781715393066,
            -0.17403334379196167
        ],
        [
            -0.3361765742301941,
            -0.7378953099250793,
            -0.16733179986476898
        ],
        [
            -0.3119196593761444,
            -0.7117208242416382,
            -0.16854923963546753
        ],
        [
            -0.3117983639240265,
            -0.7000062465667725,
            -0.16089372336864471
        ],
        [
            -0.29930293560028076,
            -0.697615921497345,
            -0.1654786765575409
        ],
        [
            -0.29822248220443726,
            -0.7093942165374756,
            -0.17251461744308472
        ],
        [
            -0.3324334919452667,
            -0.7022107243537903,
            -0.12440790981054306
        ],
        [
            -0.3288063108921051,
            -0.6966320276260376,
            -0.12995894253253937
        ],
        [
            -0.33277496695518494,
            -0.7022034525871277,
            -0.13379371166229248
        ],
        [
            -0.3355332911014557,
            -0.7073318362236023,
            -0.1276196539402008
        ],
        [
            -0.34154635667800903,
            -0.7079936265945435,
            -0.11412837356328964
        ],
        [
            -0.3422080874443054,
            -0.7143493890762329,
            -0.11579491943120956
        ],
        [
            -0.347842276096344,
            -0.7150436639785767,
            -0.11004310846328735
        ],
        [
            -0.3477124571800232,
            -0.7074519395828247,
            -0.10899093747138977
        ],
        [
            -0.3285368084907532,
            -0.6982744932174683,
            -0.11923763155937195
        ],
        [
            -0.3244766294956207,
            -0.6928011178970337,
            -0.12529145181179047
        ],
        [
            -0.33603695034980774,
            -0.7065964937210083,
            -0.1194949746131897
        ],
        [
            -0.3352218568325043,
            -0.7019435167312622,
            -0.11729899793863297
        ],
        [
            -0.3396431505680084,
            -0.6914231777191162,
            -0.11222970485687256
        ],
        [
            -0.34149569272994995,
            -0.6959652900695801,
            -0.11402162164449692
        ],
        [
            -0.3470916450023651,
            -0.6932234764099121,
            -0.10930517315864563
        ],
        [
            -0.34302425384521484,
            -0.6891841888427734,
            -0.10824359953403473
        ],
        [
            -0.3322705626487732,
            -0.6956839561462402,
            -0.11712229251861572
        ],
        [
            -0.3363313376903534,
            -0.6965526342391968,
            -0.11700095981359482
        ],
        [
            -0.3356199562549591,
            -0.6924303770065308,
            -0.11413856595754623
        ],
        [
            -0.3315028250217438,
            -0.692608654499054,
            -0.11342815309762955
        ],
        [
            -0.34138649702072144,
            -0.7028603553771973,
            -0.11317341029644012
        ],
        [
            -0.34767061471939087,
            -0.7006996870040894,
            -0.10880126804113388
        ],
        [
            -0.3535306453704834,
            -0.6982612609863281,
            -0.10343068838119507
        ],
        [
            -0.35154590010643005,
            -0.6895270943641663,
            -0.10356748104095459
        ],
        [
            -0.3174317479133606,
            -0.6878806948661804,
            -0.14204686880111694
        ],
        [
            -0.32413652539253235,
            -0.6916699409484863,
            -0.13644379377365112
        ],
        [
            -0.3205898702144623,
            -0.6879395246505737,
            -0.1314479559659958
        ],
        [
            -0.3158155381679535,
            -0.6844514608383179,
            -0.1366954743862152
        ],
        [
            -0.3269999325275421,
            -0.6917285919189453,
            -0.11536145210266113
        ],
        [
            -0.31812602281570435,
            -0.6783416271209717,
            -0.11901886761188507
        ],
        [
            -0.32073894143104553,
            -0.6812242269515991,
            -0.1192471906542778
        ],
        [
            -0.32335078716278076,
            -0.6804163455963135,
            -0.1125524565577507
        ],
        [
            -0.32087433338165283,
            -0.6777412295341492,
            -0.11300565302371979
        ],
        [
            -0.3027442991733551,
            -0.6803995370864868,
            -0.14881160855293274
        ],
        [
            -0.3048185408115387,
            -0.6774352788925171,
            -0.14249369502067566
        ],
        [
            -0.29858675599098206,
            -0.6731966733932495,
            -0.14349985122680664
        ],
        [
            -0.294719398021698,
            -0.6759117245674133,
            -0.14933475852012634
        ],
        [
            -0.29391467571258545,
            -0.6694915890693665,
            -0.14110668003559113
        ],
        [
            -0.2873380482196808,
            -0.6714675426483154,
            -0.14849278330802917
        ],
        [
            -0.2774012088775635,
            -0.6603351831436157,
            -0.13964396715164185
        ],
        [
            -0.28173205256462097,
            -0.6653721332550049,
            -0.14420020580291748
        ],
        [
            -0.29019156098365784,
            -0.6648692488670349,
            -0.13724641501903534
        ],
        [
            -0.28862687945365906,
            -0.6593796014785767,
            -0.13139042258262634
        ],
        [
            -0.2957625687122345,
            -0.6597790122032166,
            -0.11841119080781937
        ],
        [
            -0.29608774185180664,
            -0.6581315994262695,
            -0.11214468628168106
        ],
        [
            -0.28786954283714294,
            -0.6487797498703003,
            -0.11697913706302643
        ],
        [
            -0.2882819175720215,
            -0.6531038284301758,
            -0.12372175604104996
        ],
        [
            -0.31086310744285583,
            -0.6758965253829956,
            -0.11947809904813766
        ],
        [
            -0.30937719345092773,
            -0.67707759141922,
            -0.12389720231294632
        ],
        [
            -0.31210857629776,
            -0.6769182682037354,
            -0.12373779714107513
        ],
        [
            -0.3146366477012634,
            -0.6764098405838013,
            -0.11912965774536133
        ],
        [
            -0.30837252736091614,
            -0.6774234771728516,
            -0.12777864933013916
        ],
        [
            -0.30789098143577576,
            -0.6774702668190002,
            -0.12951534986495972
        ],
        [
            -0.30959388613700867,
            -0.6778569221496582,
            -0.12908081710338593
        ],
        [
            -0.309299498796463,
            -0.6776435375213623,
            -0.1277972161769867
        ],
        [
            -0.3092709183692932,
            -0.677228569984436,
            -0.12571372091770172
        ],
        [
            -0.3082667589187622,
            -0.6755102276802063,
            -0.12465783953666687
        ],
        [
            -0.308175265789032,
            -0.6765658259391785,
            -0.12680558860301971
        ],
        [
            -0.3093746602535248,
            -0.6735844612121582,
            -0.12067601084709167
        ],
        [
            -0.31214848160743713,
            -0.6691890954971313,
            -0.10689076036214828
        ],
        [
            -0.31183692812919617,
            -0.6696494221687317,
            -0.1108347550034523
        ],
        [
            -0.3134758472442627,
            -0.6740154027938843,
            -0.10953697562217712
        ],
        [
            -0.3139669597148895,
            -0.6739193201065063,
            -0.10620062053203583
        ],
        [
            -0.31207475066185,
            -0.678669810295105,
            -0.1273547261953354
        ],
        [
            -0.3128950595855713,
            -0.6798644065856934,
            -0.12959472835063934
        ],
        [
            -0.3166775703430176,
            -0.6804847717285156,
            -0.12527966499328613
        ],
        [
            -0.3142980635166168,
            -0.6787829399108887,
            -0.12422233074903488
        ],
        [
            -0.314409464597702,
            -0.6811138391494751,
            -0.13243365287780762
        ],
        [
            -0.3102591633796692,
            -0.6789601445198059,
            -0.13140591979026794
        ],
        [
            -0.3108726143836975,
            -0.6797685623168945,
            -0.13451121747493744
        ],
        [
            -0.3067627549171448,
            -0.6760461926460266,
            -0.12899161875247955
        ],
        [
            -0.30504274368286133,
            -0.6752419471740723,
            -0.13190202414989471
        ],
        [
            -0.30752915143966675,
            -0.676776647567749,
            -0.1322697550058365
        ],
        [
            -0.30308395624160767,
            -0.6724818348884583,
            -0.1298622190952301
        ],
        [
            -0.30602166056632996,
            -0.6741558909416199,
            -0.12635420262813568
        ],
        [
            -0.3064773380756378,
            -0.6714314222335815,
            -0.12241370230913162
        ],
        [
            -0.3073679208755493,
            -0.6687178611755371,
            -0.11725642532110214
        ],
        [
            -0.3023371398448944,
            -0.6662824153900146,
            -0.12016255408525467
        ],
        [
            -0.3023183047771454,
            -0.669257640838623,
            -0.12569878995418549
        ],
        [
            -0.31892096996307373,
            -0.684034526348114,
            -0.12748625874519348
        ],
        [
            -0.30633339285850525,
            -0.6768863797187805,
            -0.13674159348011017
        ],
        [
            -0.31071949005126953,
            -0.681856095790863,
            -0.1399770975112915
        ],
        [
            -0.3024974465370178,
            -0.67361980676651,
            -0.13684453070163727
        ],
        [
            -0.2991321086883545,
            -0.6703611612319946,
            -0.1348666399717331
        ],
        [
            -0.29696911573410034,
            -0.6670740842819214,
            -0.13019564747810364
        ],
        [
            -0.2961398959159851,
            -0.6629555225372314,
            -0.12460840493440628
        ],
        [
            -0.27398252487182617,
            -0.6479473114013672,
            -0.12122402340173721
        ],
        [
            -0.27593180537223816,
            -0.6530494689941406,
            -0.12977300584316254
        ],
        [
            -0.36502817273139954,
            -0.7385479211807251,
            -0.13381369411945343
        ],
        [
            -0.36398813128471375,
            -0.7384114265441895,
            -0.14284107089042664
        ],
        [
            -0.35538250207901,
            -0.7348428964614868,
            -0.14421223104000092
        ],
        [
            -0.3568672835826874,
            -0.7363626956939697,
            -0.14587615430355072
        ],
        [
            -0.359639972448349,
            -0.7364366054534912,
            -0.14016221463680267
        ],
        [
            -0.3571358919143677,
            -0.734520435333252,
            -0.13984820246696472
        ],
        [
            -0.34096089005470276,
            -0.7364751100540161,
            -0.16048964858055115
        ],
        [
            -0.3448478877544403,
            -0.735734760761261,
            -0.15487761795520782
        ],
        [
            -0.3412739336490631,
            -0.733698308467865,
            -0.1552216112613678
        ],
        [
            -0.3365209102630615,
            -0.7314602732658386,
            -0.16196520626544952
        ],
        [
            -0.3406499922275543,
            -0.7245697975158691,
            -0.14656752347946167
        ],
        [
            -0.3396802246570587,
            -0.7269655466079712,
            -0.1512722373008728
        ],
        [
            -0.34537357091903687,
            -0.7309736013412476,
            -0.14728319644927979
        ],
        [
            -0.3460972011089325,
            -0.7292417287826538,
            -0.14384065568447113
        ],
        [
            -0.3467468321323395,
            -0.7281923294067383,
            -0.13985183835029602
        ],
        [
            -0.34703588485717773,
            -0.7280324697494507,
            -0.1353801190853119
        ],
        [
            -0.34328123927116394,
            -0.7241121530532837,
            -0.1359565109014511
        ],
        [
            -0.34207943081855774,
            -0.7238603830337524,
            -0.14118635654449463
        ],
        [
            -0.3602260649204254,
            -0.7373998761177063,
            -0.1337600201368332
        ],
        [
            -0.358330637216568,
            -0.7377536296844482,
            -0.1264944076538086
        ],
        [
            -0.3560618758201599,
            -0.7356318235397339,
            -0.12819446623325348
        ],
        [
            -0.3578415513038635,
            -0.7350334525108337,
            -0.13409577310085297
        ],
        [
            -0.3463679850101471,
            -0.7346523404121399,
            -0.11915325373411179
        ],
        [
            -0.3489941358566284,
            -0.7357422113418579,
            -0.12013214081525803
        ],
        [
            -0.35019153356552124,
            -0.7365978956222534,
            -0.11639698594808578
        ],
        [
            -0.34657153487205505,
            -0.7336323857307434,
            -0.11573654413223267
        ],
        [
            -0.3451124131679535,
            -0.7309274673461914,
            -0.11812382936477661
        ],
        [
            -0.34584513306617737,
            -0.7328667640686035,
            -0.12043417990207672
        ],
        [
            -0.3914338946342468,
            -0.7863775491714478,
            -0.13626855611801147
        ],
        [
            -0.387978196144104,
            -0.7693992853164673,
            -0.13003574311733246
        ],
        [
            -0.3800619840621948,
            -0.7872804403305054,
            -0.15322983264923096
        ],
        [
            -0.36596378684043884,
            -0.7848910093307495,
            -0.16488131880760193
        ],
        [
            -0.35208889842033386,
            -0.7785091400146484,
            -0.17437441647052765
        ],
        [
            -0.300894170999527,
            -0.6874978542327881,
            -0.15696588158607483
        ],
        [
            -0.2907848358154297,
            -0.6838647127151489,
            -0.15932153165340424
        ],
        [
            -0.2870274782180786,
            -0.6960346102714539,
            -0.16929137706756592
        ],
        [
            -0.27670028805732727,
            -0.6903536319732666,
            -0.16833607852458954
        ],
        [
            -0.2812524437904358,
            -0.6779296398162842,
            -0.15798252820968628
        ],
        [
            -0.2661721110343933,
            -0.6651246547698975,
            -0.14493125677108765
        ],
        [
            -0.2728881537914276,
            -0.6710450649261475,
            -0.15331465005874634
        ],
        [
            -0.265877902507782,
            -0.6850979328155518,
            -0.1648537814617157
        ],
        [
            -0.26254916191101074,
            -0.7028605937957764,
            -0.176143079996109
        ],
        [
            -0.27395445108413696,
            -0.7049665451049805,
            -0.17684140801429749
        ],
        [
            -0.2622331380844116,
            -0.7225596308708191,
            -0.18292243778705597
        ],
        [
            -0.24832412600517273,
            -0.7026726007461548,
            -0.17335447669029236
        ],
        [
            -0.254209041595459,
            -0.7267985343933105,
            -0.1815856248140335
        ],
        [
            -0.23050032556056976,
            -0.671786904335022,
            -0.1538218855857849
        ],
        [
            -0.222310870885849,
            -0.6634836196899414,
            -0.15527677536010742
        ],
        [
            -0.2166295200586319,
            -0.6740739941596985,
            -0.1701216697692871
        ],
        [
            -0.22521938383579254,
            -0.6827718615531921,
            -0.16876807808876038
        ],
        [
            -0.2851574420928955,
            -0.7070369720458984,
            -0.17617027461528778
        ],
        [
            -0.3304373621940613,
            -0.7534431219100952,
            -0.1775912046432495
        ],
        [
            -0.3385981321334839,
            -0.7475714087486267,
            -0.17128193378448486
        ],
        [
            -0.3202039301395416,
            -0.7458522319793701,
            -0.18001513183116913
        ],
        [
            -0.35136082768440247,
            -0.8127806186676025,
            -0.1822863221168518
        ],
        [
            -0.361606240272522,
            -0.7996370792388916,
            -0.17392075061798096
        ],
        [
            -0.3480091094970703,
            -0.7910265922546387,
            -0.18191416561603546
        ],
        [
            -0.34050965309143066,
            -0.8044586181640625,
            -0.1890619397163391
        ],
        [
            -0.37613117694854736,
            -0.8375273942947388,
            -0.1536651849746704
        ],
        [
            -0.38737115263938904,
            -0.8125900030136108,
            -0.14665211737155914
        ],
        [
            -0.37588322162628174,
            -0.8074854612350464,
            -0.15954871475696564
        ],
        [
            -0.3666898310184479,
            -0.8265048265457153,
            -0.16744136810302734
        ],
        [
            -0.3309464156627655,
            -0.8128353357315063,
            -0.19358573853969574
        ],
        [
            -0.3177010715007782,
            -0.8249121904373169,
            -0.19768968224525452
        ],
        [
            -0.3216782212257385,
            -0.8418025374412537,
            -0.19516682624816895
        ],
        [
            -0.3392549157142639,
            -0.8288540840148926,
            -0.18927639722824097
        ],
        [
            -0.3271370530128479,
            -0.8634437322616577,
            -0.1850365251302719
        ],
        [
            -0.3486263155937195,
            -0.8480678796768188,
            -0.17721235752105713
        ],
        [
            -0.2377907931804657,
            -0.7211774587631226,
            -0.18015602231025696
        ],
        [
            -0.2468114197254181,
            -0.7386844158172607,
            -0.18322183191776276
        ],
        [
            -0.2364845722913742,
            -0.6916550397872925,
            -0.1676127016544342
        ],
        [
            -0.2286704182624817,
            -0.7061448693275452,
            -0.17797714471817017
        ],
        [
            -0.32973241806030273,
            -0.8807981014251709,
            -0.1681431531906128
        ],
        [
            -0.3557797074317932,
            -0.8634554743766785,
            -0.16003571450710297
        ],
        [
            -0.2640358805656433,
            -0.8380796313285828,
            -0.19851918518543243
        ],
        [
            -0.2818222641944885,
            -0.846790075302124,
            -0.19883768260478973
        ],
        [
            -0.2869279980659485,
            -0.8265130519866943,
            -0.20194505155086517
        ],
        [
            -0.26983505487442017,
            -0.8209570050239563,
            -0.20122206211090088
        ],
        [
