{
    "pred_cam": [
        3.02432918548584,
        -0.022545157000422478,
        0.4087080657482147
    ],
    "pred_smpl_params": {
        "global_orient": [
            [
                [
                    -0.8831009864807129,
                    -0.25792381167411804,
                    0.391928493976593
                ],
                [
                    0.15602323412895203,
                    -0.9492401480674744,
                    -0.27312982082366943
                ],
                [
                    0.4424809515476227,
                    -0.18005125224590302,
                    0.8785170316696167
                ]
            ]
        ],
        "body_pose": [
            [
                [
                    0.9984728693962097,
                    -0.055170293897390366,
                    0.0028532762080430984
                ],
                [
                    0.04713506996631622,
                    0.8777133822441101,
                    0.47686219215393066
                ],
                [
                    -0.028812987729907036,
                    -0.47599947452545166,
                    0.8789734840393066
                ]
            ],
            [
                [
                    0.9972816109657288,
                    -0.06016102805733681,
                    -0.04254434257745743
                ],
                [
                    0.07254645228385925,
                    0.9027531743049622,
                    0.42399731278419495
                ],
                [
                    0.012898925691843033,
                    -0.4259311854839325,
                    0.904663622379303
                ]
            ],
            [
                [
                    0.9980193972587585,
                    -0.03325605019927025,
                    -0.05339678004384041
                ],
                [
                    0.020194459706544876,
                    0.9732820987701416,
                    -0.22872275114059448
                ],
                [
                    0.059576548635959625,
                    0.22719144821166992,
                    0.972025990486145
                ]
            ],
            [
                [
                    0.9937223792076111,
                    0.10199526697397232,
                    -0.04596572369337082
                ],
                [
                    -0.1049722358584404,
                    0.7079931497573853,
                    -0.6983742713928223
                ],
                [
                    -0.038687486201524734,
                    0.6988152265548706,
                    0.7142553329467773
                ]
            ],
            [
                [
                    0.9959960579872131,
                    -0.08916305750608444,
                    0.006464904639869928
                ],
                [
                    0.07124731689691544,
                    0.7480260133743286,
                    -0.6598339676856995
                ],
                [
                    0.05399689823389053,
                    0.6576526761054993,
                    0.7513836026191711
                ]
            ],
            [
                [
                    0.9956390857696533,
                    0.06909272819757462,
                    -0.0626821517944336
                ],
                [
                    -0.061565447598695755,
                    0.9914608001708984,
                    0.11495726555585861
                ],
                [
                    0.07008960843086243,
                    -0.11059688776731491,
                    0.9913908243179321
                ]
            ],
            [
                [
                    0.976405680179596,
                    -0.04397466406226158,
                    0.21141913533210754
                ],
                [
                    0.03536809980869293,
                    0.9983911514282227,
                    0.044321056455373764
                ],
                [
                    -0.2130279690027237,
                    -0.0357978492975235,
                    0.9763900637626648
                ]
            ],
            [
                [
                    0.9762529730796814,
                    0.08372397720813751,
                    -0.19980086386203766
                ],
                [
                    -0.06132150813937187,
                    0.9913778901100159,
                    0.11579932272434235
                ],
                [
                    0.207773357629776,
                    -0.10079734772443771,
                    0.9729697108268738
                ]
            ],
            [
                [
                    0.9948008060455322,
                    0.0864502340555191,
                    -0.0538313128054142
                ],
                [
                    -0.08753660321235657,
                    0.9959957599639893,
                    -0.018156953155994415
                ],
                [
                    0.05204609036445618,
                    0.02277475968003273,
                    0.998384952545166
                ]
            ],
            [
                [
                    0.9990819096565247,
                    -0.017249111086130142,
                    0.0392165407538414
                ],
                [
                    0.015493560582399368,
                    0.998883068561554,
                    0.044637590646743774
                ],
                [
                    -0.039942700415849686,
                    -0.04398899897933006,
                    0.9982332587242126
                ]
            ],
            [
                [
                    0.9987675547599792,
                    0.0434647835791111,
                    -0.023962663486599922
                ],
                [
                    -0.04348808526992798,
                    0.9990538358688354,
                    -0.0004524241667240858
                ],
                [
                    0.023920327425003052,
                    0.0014939572429284453,
                    0.9997127652168274
                ]
            ],
            [
                [
                    0.9956684708595276,
                    0.0926663875579834,
                    0.007569751236587763
                ],
                [
                    -0.09277097135782242,
                    0.9847931265830994,
                    0.14688782393932343
                ],
                [
                    0.0061569251120090485,
                    -0.14695382118225098,
                    0.9891242384910583
                ]
            ],
            [
                [
                    0.7447484135627747,
                    0.32958734035491943,
                    -0.5802775025367737
                ],
                [
                    -0.37114742398262024,
                    0.9272108674049377,
                    0.05029572546482086
                ],
                [
                    0.554616391658783,
                    0.17791084945201874,
                    0.8128643035888672
                ]
            ],
            [
                [
                    0.8494142293930054,
                    -0.2544921636581421,
                    0.4623085856437683
                ],
                [
                    0.27880921959877014,
                    0.9602080583572388,
                    0.016311362385749817
                ],
                [
                    -0.4480634927749634,
                    0.11504079401493073,
                    0.8865691423416138
                ]
            ],
            [
                [
                    0.9982907772064209,
                    -0.058406341820955276,
                    -0.0020755580626428127
                ],
                [
                    0.055896561592817307,
                    0.9645569324493408,
                    -0.25788652896881104
                ],
                [
                    0.017064211890101433,
                    0.25732970237731934,
                    0.966172993183136
                ]
            ],
            [
                [
                    0.2611576318740845,
                    0.8754964470863342,
                    -0.4065743088722229
                ],
                [
                    -0.9380998015403748,
                    0.3294639587402344,
                    0.1068749949336052
                ],
                [
                    0.22752027213573456,
                    0.3534960448741913,
                    0.9073451161384583
                ]
            ],
            [
                [
                    0.32382819056510925,
                    -0.8750384449958801,
                    0.35978198051452637
                ],
                [
                    0.9303163290023804,
                    0.36370426416397095,
                    0.04723016172647476
                ],
                [
                    -0.17218245565891266,
                    0.3194166123867035,
                    0.9318402409553528
                ]
            ],
            [
                [
                    0.9444317817687988,
                    0.07463915646076202,
                    -0.32012122869491577
                ],
                [
                    -0.12474296987056732,
                    0.9824095368385315,
                    -0.13896307349205017
                ],
                [
                    0.3041180372238159,
                    0.1711740344762802,
                    0.9371294975280762
                ]
            ],
            [
                [
                    0.915407657623291,
                    -0.13213877379894257,
                    0.3802211582660675
                ],
                [
                    0.1934330314397812,
                    0.9727762341499329,
                    -0.12763257324695587
                ],
                [
                    -0.3530048727989197,
                    0.1903831511735916,
                    0.9160467982292175
                ]
            ],
            [
                [
                    0.9996935725212097,
                    -0.01918458566069603,
                    0.01564212702214718
                ],
                [
                    0.018619662150740623,
                    0.9991963505744934,
                    0.035494931042194366
                ],
                [
                    -0.016310513019561768,
                    -0.03519280627369881,
                    0.9992473721504211
                ]
            ],
            [
                [
                    0.9998222589492798,
                    -0.0186300128698349,
                    -0.0028877086006104946
                ],
                [
                    0.01878896728157997,
                    0.9972582459449768,
                    0.07157507538795471
                ],
                [
                    0.001546346116811037,
                    -0.07161661237478256,
                    0.9974310398101807
                ]
            ],
            [
                [
                    0.9781599640846252,
                    0.19249330461025238,
                    -0.07841821759939194
                ],
                [
                    -0.1697949469089508,
                    0.9576130509376526,
                    0.23269470036029816
                ],
                [
                    0.11988649517297745,
                    -0.2142976075410843,
                    0.9693831205368042
                ]
            ],
            [
                [
                    0.9731380343437195,
                    -0.22312358021736145,
                    0.056729432195425034
                ],
                [
                    0.20403429865837097,
                    0.9499892592430115,
                    0.2364112287759781
                ],
                [
                    -0.10664127767086029,
                    -0.2184859961271286,
                    0.9699955582618713
                ]
            ]
        ],
        "betas": [
            0.018968641757965088,
            0.5757880210876465,
            0.09306365251541138,
            -0.25238701701164246,
            -0.022628873586654663,
            0.14474302530288696,
            -0.18971997499465942,
            0.03071075677871704,
            0.14175033569335938,
            -0.1742643117904663
        ]
    },
    "pred_cam_t": [
        -0.022545157000422478,
        0.4087080657482147,
        12.91608715057373
    ],
    "focal_length": [
        5000.0,
        5000.0
    ],
    "pred_keypoints_3d": [
        [
            -0.10434229671955109,
            -0.8363991975784302,
            0.09771279245615005
        ],
        [
            -0.145223930478096,
            -0.7007451057434082,
            -0.024442467838525772
        ],
        [
            0.03361181542277336,
            -0.6644616723060608,
            -0.09140768647193909
        ],
        [
            0.12074156105518341,
            -0.4225408732891083,
            -0.07143305987119675
        ],
        [
            0.1539718359708786,
            -0.19463378190994263,
            0.04566019028425217
        ],
        [
            -0.205600306391716,
            -0.5780303478240967,
            0.11416630446910858
        ],
        [
            -0.07831476628780365,
            -0.34688955545425415,
            0.09371665120124817
        ],
        [
            0.11940008401870728,
            -0.1949797421693802,
            0.06176279857754707
        ],
        [
            -0.0016256105154752731,
            -0.21952027082443237,
            0.0249901432543993
        ],
        [
            0.07766766846179962,
            -0.1425216943025589,
            0.006473487243056297
        ],
        [
            0.24630700051784515,
            0.15103937685489655,
            0.20284870266914368
        ],
        [
            0.21130666136741638,
            0.5554460287094116,
            0.172651007771492
        ],
        [
            -0.041917622089385986,
            -0.11992965638637543,
            0.06382980942726135
        ],
        [
            0.0642360970377922,
            0.1586693674325943,
            0.3056899607181549
        ],
        [
            0.13620775938034058,
            0.5504061579704285,
            0.22208641469478607
        ],
        [
            -0.11185438930988312,
            -0.8772810697555542,
            0.05231986194849014
        ],
        [
            -0.16086895763874054,
            -0.8592376708984375,
            0.0930342972278595
        ],
        [
            -0.13231228291988373,
            -0.8556411266326904,
            -0.04584183543920517
        ],
        [
            -0.23811152577400208,
            -0.8174285888671875,
            0.0433056578040123
        ],
        [
            0.1969016194343567,
            0.607001543045044,
            0.4064849317073822
        ],
        [
            0.1232781708240509,
            0.6248641014099121,
            0.37485384941101074
        ],
        [
            0.11773326992988586,
            0.5861436724662781,
            0.16514548659324646
        ],
        [
            0.3253554701805115,
            0.5894621014595032,
            0.3368496298789978
        ],
        [
            0.3545634150505066,
            0.5958676338195801,
            0.25616177916526794
        ],
        [
            0.18703128397464752,
            0.6027094721794128,
            0.1243147924542427
        ],
        [
            0.21601350605487823,
            0.5029651522636414,
            0.138321191072464
        ],
        [
            0.2260865569114685,
            0.09512009471654892,
            0.17900507152080536
        ],
        [
            0.11337750405073166,
            -0.26701653003692627,
            -0.057636916637420654
        ],
        [
            -0.14487995207309723,
            -0.20538173615932465,
            0.05905022472143173
        ],
        [
            0.04295922443270683,
            0.1253788024187088,
            0.2937600612640381
        ],
        [
            0.11243447661399841,
            0.5175025463104248,
            0.20499733090400696
        ],
        [
            0.1431685835123062,
            -0.22330236434936523,
            0.0651642382144928
        ],
        [
            0.1406584531068802,
            -0.44646841287612915,
            -0.0554753914475441
        ],
        [
            -0.009260201826691628,
            -0.6814844608306885,
            -0.089461550116539
        ],
        [
            -0.2151133418083191,
            -0.6068076491355896,
            0.08255136013031006
        ],
        [
            -0.06958390027284622,
            -0.37261053919792175,
            0.13167119026184082
        ],
        [
            0.12073786556720734,
            -0.21173058450222015,
            0.07217392325401306
        ],
        [
            -0.13192492723464966,
            -0.697691023349762,
            -0.003068148158490658
        ],
        [
            -0.19690543413162231,
            -0.8875327110290527,
            0.01448112353682518
        ],
        [
            -0.016042185947299004,
            -0.23700734972953796,
            0.000674382084980607
        ],
        [
            -0.10946880280971527,
            -0.6445027589797974,
            -0.00299775879830122
        ],
        [
            -0.07638349384069443,
            -0.47260934114456177,
            -0.034034889191389084
        ],
        [
            -0.14275678992271423,
            -0.7930595278739929,
            0.04323083162307739
        ],
        [
            -0.20448511838912964,
            -0.9043703079223633,
            0.0049056075513362885
        ]
    ],
    "pred_vertices": [
        [
            -0.18578574061393738,
            -0.9007594585418701,
            0.09876430779695511
        ],
        [
            -0.17242677509784698,
            -0.8904247283935547,
            0.10101318359375
        ],
        [
            -0.18436191976070404,
            -0.882267951965332,
            0.10087952017784119
        ],
        [
            -0.197788804769516,
            -0.8885712027549744,
            0.09637261927127838
        ],
        [
            -0.17491641640663147,
            -0.8756759166717529,
            0.10326774418354034
        ],
        [
            -0.16383838653564453,
            -0.8812190294265747,
            0.1024482399225235
        ],
        [
            -0.19307377934455872,
            -0.8722142577171326,
            0.09717436879873276
        ],
        [
            -0.2053021937608719,
            -0.874782383441925,
            0.09171122312545776
        ],
        [
            -0.19054681062698364,
            -0.8344235420227051,
            0.09188097715377808
        ],
        [
            -0.19740477204322815,
            -0.8271839022636414,
            0.08702753484249115
        ],
        [
            -0.20064598321914673,
            -0.8390752673149109,
            0.08830295503139496
        ],
        [
            -0.1924004703760147,
            -0.84344881772995,
            0.09205426275730133
        ],
        [
            -0.18241794407367706,
            -0.809383749961853,
            0.08910832554101944
        ],
        [
            -0.1701067090034485,
            -0.8044198751449585,
            0.09171704947948456
        ],
        [
            -0.17392125725746155,
            -0.7931246757507324,
            0.08557029068470001
        ],
        [
            -0.18585658073425293,
            -0.7980183362960815,
            0.08136790990829468
        ],
        [
            -0.1384386122226715,
            -0.8310469388961792,
            0.09027693420648575
        ],
        [
            -0.14077672362327576,
            -0.8232759833335876,
            0.09267085790634155
        ],
        [
            -0.14646796882152557,
            -0.82822585105896,
            0.0941014215350151
        ],
        [
            -0.1435338258743286,
            -0.8354682922363281,
            0.0911044180393219
        ],
        [
            -0.13171681761741638,
            -0.8441091775894165,
            0.09000486880540848
        ],
        [
            -0.13630689680576324,
            -0.8483039140701294,
            0.08781546354293823
        ],
        [
            -0.13125674426555634,
            -0.8543648719787598,
            0.08924838155508041
        ],
        [
            -0.1264742910861969,
            -0.8494496941566467,
            0.09267453849315643
        ],
        [
            -0.132338285446167,
            -0.8275248408317566,
            0.08744500577449799
        ],
        [
            -0.1351514458656311,
            -0.8194401860237122,
            0.08979151397943497
        ],
        [
            -0.13605378568172455,
            -0.8379775285720825,
            0.08881866931915283
        ],
        [
            -0.13183069229125977,
            -0.8348743915557861,
            0.08970153331756592
        ],
        [
            -0.12169107049703598,
            -0.8321478366851807,
            0.09630623459815979
        ],
        [
            -0.125309556722641,
            -0.8358475565910339,
            0.09601724147796631
        ],
        [
            -0.11938340961933136,
            -0.8393814563751221,
            0.09957835078239441
        ],
        [
            -0.11687629669904709,
            -0.8343104124069214,
            0.09829803556203842
        ],
        [
            -0.12865260243415833,
            -0.8289031386375427,
            0.09055428951978683
        ],
        [
            -0.12848511338233948,
            -0.8320736885070801,
            0.0930534154176712
        ],
        [
            -0.12406932562589645,
            -0.8297077417373657,
            0.0935329794883728
        ],
        [
            -0.12414862960577011,
            -0.8273355960845947,
            0.09027279168367386
        ],
        [
            -0.12802913784980774,
            -0.8409580588340759,
            0.0919387936592102
        ],
        [
            -0.12270155549049377,
            -0.8450267314910889,
            0.09593209624290466
        ],
        [
            -0.11648981273174286,
            -0.8489023447036743,
            0.0992686003446579
        ],
        [
            -0.11233656108379364,
            -0.8415555357933044,
            0.1024927943944931
        ],
        [
            -0.14742842316627502,
            -0.8064046502113342,
            0.09404440224170685
        ],
        [
            -0.14388707280158997,
            -0.8152467012405396,
            0.09430062770843506
        ],
        [
            -0.13809949159622192,
            -0.811869740486145,
            0.0918537974357605
        ],
        [
            -0.1412419080734253,
            -0.8048046231269836,
            0.09238354861736298
        ],
        [
            -0.1258460283279419,
            -0.8234273195266724,
            0.08812157064676285
        ],
        [
            -0.12298361957073212,
            -0.8076754212379456,
            0.09024786204099655
        ],
        [
            -0.12442441284656525,
            -0.8111681938171387,
            0.09065034985542297
        ],
        [
            -0.11817368119955063,
            -0.8144727349281311,
            0.09020201116800308
        ],
        [
            -0.11740262806415558,
            -0.8109806180000305,
            0.09008116275072098
        ],
        [
            -0.15085628628730774,
            -0.7896695137023926,
            0.089887335896492
        ],
        [
            -0.14382925629615784,
            -0.7910822629928589,
            0.09018430858850479
        ],
        [
            -0.14318256080150604,
            -0.7839734554290771,
            0.08824678510427475
        ],
        [
            -0.1499643325805664,
            -0.7811316251754761,
            0.08678294718265533
        ],
        [
            -0.1400778591632843,
            -0.7788213491439819,
            0.08616611361503601
        ],
        [
            -0.14784768223762512,
            -0.7734764814376831,
            0.0835547000169754
        ],
        [
            -0.13607697188854218,
            -0.7624620199203491,
            0.07881312072277069
        ],
        [
            -0.14196127653121948,
            -0.7672226428985596,
            0.08096615970134735
        ],
        [
            -0.1349923461675644,
            -0.774617075920105,
            0.08432585000991821
        ],
        [
            -0.12761369347572327,
            -0.7717928886413574,
            0.08364422619342804
        ],
        [
            -0.11577637493610382,
            -0.7816176414489746,
            0.08302248269319534
        ],
        [
            -0.10977783799171448,
            -0.7825535535812378,
            0.08170939981937408
        ],
        [
            -0.11016099154949188,
            -0.7694928646087646,
            0.08239153027534485
        ],
        [
            -0.11816291511058807,
            -0.7697848677635193,
            0.08350914716720581
        ],
        [
            -0.12296044081449509,
            -0.8012272119522095,
            0.08654042333364487
        ],
        [
            -0.12735965847969055,
            -0.7996808290481567,
            0.08656217157840729
        ],
        [
            -0.12684288620948792,
            -0.8014113903045654,
            0.08858531713485718
        ],
        [
            -0.1224338561296463,
            -0.8042271137237549,
            0.08879375457763672
        ],
        [
            -0.1308998465538025,
            -0.7981282472610474,
            0.08707419782876968
        ],
        [
            -0.13239756226539612,
            -0.7972610592842102,
            0.08738449215888977
        ],
        [
            -0.1320599764585495,
            -0.7987290620803833,
            0.0883168876171112
        ],
        [
            -0.1307627111673355,
            -0.7990737557411194,
            0.08747898042201996
        ],
        [
            -0.12889355421066284,
            -0.7993882894515991,
            0.0868900865316391
        ],
        [
            -0.12728267908096313,
            -0.7979570031166077,
            0.08661511540412903
        ],
        [
            -0.1297284960746765,
            -0.7977218627929688,
            0.0870058462023735
        ],
        [
            -0.12291791290044785,
            -0.7986767292022705,
            0.08680706471204758
        ],
        [
            -0.10907873511314392,
            -0.8016133904457092,
            0.08563028275966644
        ],
        [
            -0.11261569708585739,
            -0.8005657196044922,
            0.08666619658470154
        ],
        [
            -0.1135125607252121,
            -0.804825484752655,
            0.08517150580883026
        ],
        [
            -0.11068517714738846,
            -0.8060452938079834,
            0.08432263880968094
        ],
        [
            -0.13058751821517944,
            -0.8015319108963013,
            0.08890445530414581
        ],
        [
            -0.13322889804840088,
            -0.801934003829956,
            0.0899074375629425
        ],
        [
            -0.12955999374389648,
            -0.8061820268630981,
            0.09053701907396317
        ],
        [
            -0.12804830074310303,
            -0.8038355112075806,
            0.08935055136680603
        ],
        [
            -0.1360209584236145,
            -0.8030350804328918,
            0.09133455157279968
        ],
        [
            -0.13446366786956787,
            -0.7991288900375366,
            0.08915551006793976
        ],
        [
            -0.1374836564064026,
            -0.7989360094070435,
            0.09044069051742554
        ],
        [
            -0.13141408562660217,
            -0.7958247065544128,
            0.08704613149166107
        ],
        [
            -0.13362082839012146,
            -0.7932384610176086,
            0.08729827404022217
        ],
        [
            -0.13440734148025513,
            -0.7956823110580444,
            0.08854085206985474
        ],
        [
            -0.13082337379455566,
            -0.7909228801727295,
            0.08638337254524231
        ],
        [
            -0.12840791046619415,
            -0.7949699759483337,
            0.08645687997341156
        ],
        [
            -0.12374716252088547,
            -0.7947623133659363,
            0.08657138049602509
        ],
        [
            -0.1180005744099617,
            -0.795191764831543,
            0.08665478229522705
        ],
        [
            -0.11978555470705032,
            -0.789440393447876,
            0.08538662642240524
        ],
        [
            -0.12589693069458008,
            -0.7896425724029541,
            0.08593413233757019
        ],
        [
            -0.13296574354171753,
            -0.8092301487922668,
            0.09114193171262741
        ],
        [
            -0.1383908987045288,
            -0.7936310172080994,
            0.08926348388195038
        ],
        [
            -0.14324495196342468,
            -0.7986162900924683,
            0.09133804589509964
        ],
        [
            -0.13728569447994232,
            -0.789020299911499,
            0.08810064941644669
        ],
        [
            -0.13438528776168823,
            -0.7853336334228516,
            0.08659560978412628
        ],
        [
            -0.12942473590373993,
            -0.7827412486076355,
            0.08530180156230927
        ],
        [
            -0.12251520156860352,
            -0.7819329500198364,
            0.08418647944927216
        ],
        [
            -0.11495152860879898,
            -0.7582206726074219,
            0.07508277893066406
        ],
        [
            -0.12473791092634201,
            -0.7594752311706543,
            0.07756630331277847
        ],
        [
            -0.16137030720710754,
            -0.8740977048873901,
            0.09921123087406158
        ],
        [
            -0.16907154023647308,
            -0.8702505826950073,
            0.10218556225299835
        ],
        [
            -0.16947726905345917,
            -0.8616510629653931,
            0.09853659570217133
        ],
        [
            -0.17166700959205627,
            -0.8632333874702454,
            0.09935523569583893
        ],
        [
            -0.16645579040050507,
            -0.8668285608291626,
            0.09902684390544891
        ],
        [
            -0.16538210213184357,
            -0.8639370203018188,
            0.09838595986366272
        ],
        [
            -0.18542048335075378,
            -0.8482837677001953,
            0.09325386583805084
        ],
        [
            -0.1799325793981552,
            -0.8521010279655457,
            0.09440533071756363
        ],
        [
            -0.17956975102424622,
            -0.8480322360992432,
            0.0932670459151268
        ],
        [
            -0.18454872071743011,
            -0.8413234949111938,
            0.09344224631786346
        ],
        [
            -0.1676013171672821,
            -0.8442977666854858,
            0.09413674473762512
        ],
        [
            -0.17295047640800476,
            -0.8436709642410278,
            0.09408341348171234
        ],
        [
            -0.1710301637649536,
            -0.8516152501106262,
            0.09434840083122253
        ],
        [
            -0.16721707582473755,
            -0.8521080017089844,
            0.09457270056009293
        ],
        [
            -0.16324719786643982,
            -0.8530817627906799,
            0.09401555359363556
        ],
        [
            -0.15945307910442352,
            -0.8543455600738525,
            0.09259714186191559
        ],
        [
            -0.1580592393875122,
            -0.8492814302444458,
            0.09209537506103516
        ],
        [
            -0.16248421370983124,
            -0.8466760516166687,
            0.09345624595880508
        ],
        [
            -0.1612180471420288,
            -0.8700381517410278,
            0.09632617980241776
        ],
        [
            -0.1556367576122284,
            -0.8711265921592712,
            0.09188534319400787
        ],
        [
            -0.15601922571659088,
            -0.8678250312805176,
            0.09212754666805267
        ],
        [
            -0.16044557094573975,
            -0.8666724562644958,
            0.09631974995136261
        ],
        [
            -0.14893727004528046,
            -0.8635616302490234,
            0.0818171426653862
        ],
        [
            -0.15004588663578033,
            -0.8657407164573669,
            0.0835728645324707
        ],
        [
            -0.14706502854824066,
            -0.8683342337608337,
            0.08273538202047348
        ],
        [
            -0.14548563957214355,
            -0.8641573190689087,
            0.08120879530906677
        ],
        [
            -0.14619044959545135,
            -0.8606971502304077,
            0.08229277282953262
        ],
        [
            -0.14906707406044006,
            -0.8617189526557922,
            0.08274830877780914
        ],
        [
            -0.1874196082353592,
            -0.9226032495498657,
            0.09350959956645966
        ],
        [
            -0.1729036569595337,
            -0.9106568098068237,
            0.09781112521886826
        ],
        [
            -0.20312592387199402,
            -0.9092255234718323,
            0.09231242537498474
        ],
        [
            -0.21285417675971985,
            -0.8947068452835083,
            0.08857797086238861
        ],
        [
            -0.21841035783290863,
            -0.8777334690093994,
            0.08537880331277847
        ],
        [
            -0.16148808598518372,
            -0.7903640270233154,
            0.08839617669582367
        ],
        [
            -0.1625368595123291,
            -0.7804315090179443,
            0.08391126245260239
        ],
        [
            -0.17712487280368805,
            -0.7826179265975952,
            0.0791999101638794
        ],
        [
            -0.17475390434265137,
            -0.7725128531455994,
            0.07427409291267395
        ],
        [
            -0.15952220559120178,
            -0.7706427574157715,
            0.07975448668003082
        ],
        [
            -0.14484268426895142,
            -0.7563034296035767,
            0.07012523710727692
        ],
        [
            -0.1534944325685501,
            -0.762132465839386,
            0.07526367157697678
        ],
        [
            -0.1705581545829773,
            -0.7630587816238403,
            0.06738212704658508
        ],
        [
            -0.1887895166873932,
            -0.7696141004562378,
            0.05988665670156479
        ],
        [
            -0.1895940601825714,
            -0.777815580368042,
            0.06769342720508575
        ],
        [
            -0.2038969099521637,
            -0.7806634902954102,
            0.05194779485464096
        ],
        [
            -0.1886291354894638,
            -0.7615350484848022,
            0.04830029979348183
        ],
        [
            -0.20595616102218628,
            -0.7788170576095581,
            0.043858692049980164
        ],
        [
            -0.16043367981910706,
            -0.7333917617797852,
            0.04232470691204071
        ],
        [
            -0.15938761830329895,
            -0.7215395569801331,
            0.04063531383872032
        ],
        [
            -0.17719928920269012,
            -0.7214229106903076,
            0.03672754019498825
        ],
        [
            -0.1787223368883133,
            -0.7333095073699951,
            0.039063453674316406
        ],
        [
            -0.18886375427246094,
            -0.7869285345077515,
            0.07429148256778717
        ],
        [
            -0.20968765020370483,
            -0.8472722768783569,
            0.08267849683761597
        ],
        [
            -0.20065757632255554,
            -0.8505204916000366,
            0.0893726572394371
        ],
        [
            -0.20900380611419678,
            -0.8334602117538452,
            0.08108042180538177
        ],
        [
            -0.24340397119522095,
            -0.8972243666648865,
            0.07155359536409378
        ],
        [
            -0.22920790314674377,
            -0.8978934288024902,
            0.08295708149671555
        ],
        [
            -0.2318606823682785,
            -0.8804783821105957,
            0.07963511347770691
        ],
        [
            -0.2460424304008484,
            -0.8819102048873901,
            0.07025512307882309
        ],
        [
            -0.22948816418647766,
            -0.9387177228927612,
            0.06377914547920227
        ],
        [
            -0.20980136096477509,
            -0.9328503608703613,
            0.08255766332149506
        ],
        [
            -0.21963360905647278,
            -0.9172160625457764,
            0.08286413550376892
        ],
        [
            -0.236301988363266,
            -0.9205701351165771,
            0.06910709291696548
        ],
        [
            -0.2553364038467407,
            -0.8797089457511902,
            0.06105158478021622
        ],
        [
            -0.26611021161079407,
            -0.8771171569824219,
            0.0468478687107563
        ],
        [
            -0.2724905014038086,
            -0.8913249969482422,
            0.039495207369327545
        ],
        [
            -0.2592783570289612,
            -0.8970901966094971,
            0.056245479732751846
        ],
        [
            -0.27396196126937866,
            -0.9120566844940186,
            0.027887053787708282
        ],
        [
            -0.25736066699028015,
            -0.9186537265777588,
            0.048374731093645096
        ],
        [
            -0.20498691499233246,
            -0.7648097276687622,
            0.03460722416639328
        ],
        [
            -0.2137211412191391,
            -0.7814648747444153,
            0.03341548144817352
        ],
        [
            -0.18050819635391235,
            -0.7476215958595276,
            0.042710043489933014
        ],
        [
            -0.19735729694366455,
            -0.7494508028030396,
            0.03419366106390953
        ],
        [
            -0.26744765043258667,
            -0.9297057390213013,
            0.013958044350147247
        ],
        [
            -0.24958637356758118,
            -0.9390873908996582,
            0.038372866809368134
        ],
        [
            -0.2779461741447449,
            -0.8496023416519165,
            0.0012746751308441162
        ],
        [
            -0.28121218085289,
            -0.8671057224273682,
            0.009729661047458649
        ],
        [
            -0.2731015682220459,
            -0.8562195301055908,
            0.025563590228557587
        ],
        [
            -0.2708801031112671,
            -0.8411661982536316,
            0.015692375600337982
        ],
        [
            -0.28137004375457764,
            -0.8588550090789795,
