{
    "pred_cam": [
        1.1866846084594727,
        -0.036537252366542816,
        0.2443591058254242
    ],
    "pred_smpl_params": {
        "global_orient": [
            [
                [
                    0.7532157301902771,
                    0.1664402186870575,
                    -0.6363676190376282
                ],
                [
                    0.2854536473751068,
                    -0.9543191194534302,
                    0.08826833218336105
                ],
                [
                    -0.5926063060760498,
                    -0.24813853204250336,
                    -0.7663191556930542
                ]
            ]
        ],
        "body_pose": [
            [
                [
                    0.9911094307899475,
                    -0.10796435922384262,
                    0.07775449752807617
                ],
                [
                    0.09511997550725937,
                    0.9835931658744812,
                    0.15328633785247803
                ],
                [
                    -0.0930282473564148,
                    -0.14452752470970154,
                    0.98511803150177
                ]
            ],
            [
                [
                    0.9925485849380493,
                    0.12097635865211487,
                    -0.014563211239874363
                ],
                [
                    -0.12184950709342957,
                    0.9851704835891724,
                    -0.12079649418592453
                ],
                [
                    -0.0002662773185875267,
                    0.12167090177536011,
                    0.9925704598426819
                ]
            ],
            [
                [
                    0.9998372197151184,
                    -0.017155000939965248,
                    0.005601648241281509
                ],
                [
                    0.0175127275288105,
                    0.9972718358039856,
                    -0.07170819491147995
                ],
                [
                    -0.004356213379651308,
                    0.07179461419582367,
                    0.9974099397659302
                ]
            ],
            [
                [
                    0.9907851815223694,
                    0.1331862509250641,
                    0.02461954951286316
                ],
                [
                    -0.11592962592840195,
                    0.9279085397720337,
                    -0.3543248772621155
                ],
                [
                    -0.0700358971953392,
                    0.34820571541786194,
                    0.9347982406616211
                ]
            ],
            [
                [
                    0.9940982460975647,
                    0.044680316001176834,
                    0.09885458648204803
                ],
                [
                    0.00739307701587677,
                    0.8812236785888672,
                    -0.4726417660713196
                ],
                [
                    -0.10823078453540802,
                    0.4705832600593567,
                    0.87569260597229
                ]
            ],
            [
                [
                    0.9971110820770264,
                    -0.06767186522483826,
                    -0.034495871514081955
                ],
                [
                    0.06590914726257324,
                    0.9965769648551941,
                    -0.04990389570593834
                ],
                [
                    0.03775487840175629,
                    0.047486137598752975,
                    0.9981581568717957
                ]
            ],
            [
                [
                    0.9833256602287292,
                    0.12028169631958008,
                    0.13639308512210846
                ],
                [
                    -0.12865230441093445,
                    0.9902030229568481,
                    0.05428289994597435
                ],
                [
                    -0.12852759659290314,
                    -0.07092504948377609,
                    0.9891665577888489
                ]
            ],
            [
                [
                    0.9889712929725647,
                    -0.0890030711889267,
                    -0.11838215589523315
                ],
                [
                    0.11183085292577744,
                    0.9728004336357117,
                    0.2028624415397644
                ],
                [
                    0.09710683673620224,
                    -0.21386389434337616,
                    0.9720249772071838
                ]
            ],
            [
                [
                    0.9995630979537964,
                    -0.02260569855570793,
                    -0.01904021017253399
                ],
                [
                    0.021783899515867233,
                    0.9988667964935303,
                    -0.042315591126680374
                ],
                [
                    0.0199752077460289,
                    0.041882336139678955,
                    0.9989228248596191
                ]
            ],
            [
                [
                    0.956455647945404,
                    -0.2575910687446594,
                    0.13725672662258148
                ],
                [
                    0.2291642427444458,
                    0.9539746642112732,
                    0.19343236088752747
                ],
                [
                    -0.18076588213443756,
                    -0.15355515480041504,
                    0.9714651107788086
                ]
            ],
            [
                [
                    0.9815718531608582,
                    0.19063958525657654,
                    -0.013165037147700787
                ],
                [
                    -0.1854621171951294,
                    0.9669832587242126,
                    0.1747775822877884
                ],
                [
                    0.04604990407824516,
                    -0.1691151261329651,
                    0.9845199584960938
                ]
            ],
            [
                [
                    0.9924284219741821,
                    -0.11557035893201828,
                    0.04158540070056915
                ],
                [
                    0.10716929286718369,
                    0.9801994562149048,
                    0.16650442779064178
                ],
                [
                    -0.06000496447086334,
                    -0.16078704595565796,
                    0.9851633906364441
                ]
            ],
            [
                [
                    0.887052059173584,
                    0.4497077465057373,
                    -0.10441066324710846
                ],
                [
                    -0.450920045375824,
                    0.8924691677093506,
                    0.013032759539783001
                ],
                [
                    0.09904423356056213,
                    0.035520125180482864,
                    0.9944488406181335
                ]
            ],
            [
                [
                    0.9018018245697021,
                    -0.4290322959423065,
                    0.05181564763188362
                ],
                [
                    0.43071815371513367,
                    0.9020818471908569,
                    -0.02702220156788826
                ],
                [
                    -0.035148557275533676,
                    0.04668660834431648,
                    0.9982910752296448
                ]
            ],
            [
                [
                    0.9989309310913086,
                    -0.04064502194523811,
                    -0.022022871300578117
                ],
                [
                    0.03435078263282776,
                    0.9714438915252686,
                    -0.23476983606815338
                ],
                [
                    0.030936207622289658,
                    0.23376233875751495,
                    0.9718015193939209
                ]
            ],
            [
                [
                    0.5579635500907898,
                    0.7039033770561218,
                    -0.43954145908355713
                ],
                [
                    -0.7884591817855835,
                    0.6148736476898193,
                    -0.016198525205254555
                ],
                [
                    0.2588602602481842,
                    0.3555987477302551,
                    0.8980761170387268
                ]
            ],
            [
                [
                    0.4873816668987274,
                    -0.7770532369613647,
                    0.3983057737350464
                ],
                [
                    0.8696252703666687,
                    0.47312235832214355,
                    -0.14109288156032562
                ],
                [
                    -0.07881069928407669,
                    0.41514280438423157,
                    0.9063363075256348
                ]
            ],
            [
                [
                    -0.23092709481716156,
                    -0.4462924003601074,
                    -0.864578366279602
                ],
                [
                    -0.009297287091612816,
                    0.8895677924156189,
                    -0.45670855045318604
                ],
                [
                    0.9729266166687012,
                    -0.09742815792560577,
                    -0.2095746099948883
                ]
            ],
            [
                [
                    -0.25479310750961304,
                    0.491489440202713,
                    0.8327776789665222
                ],
                [
                    -0.006224384531378746,
                    0.860349714756012,
                    -0.5096663236618042
                ],
                [
                    -0.9669755697250366,
                    -0.1350429803133011,
                    -0.21615195274353027
                ]
            ],
            [
                [
                    0.9714710712432861,
                    -0.20118503272533417,
                    -0.12557290494441986
                ],
                [
                    0.2013041079044342,
                    0.9794568419456482,
                    -0.011873203329741955
                ],
                [
                    0.1253819465637207,
                    -0.013743865303695202,
                    0.9920133352279663
                ]
            ],
            [
                [
                    0.9734897613525391,
                    0.15152445435523987,
                    0.17134200036525726
                ],
                [
                    -0.16728328168392181,
                    0.9825313091278076,
                    0.08153888583183289
                ],
                [
                    -0.1559937298297882,
                    -0.10803991556167603,
                    0.9818316698074341
                ]
            ],
            [
                [
                    0.9693295955657959,
                    0.23396217823028564,
                    -0.07524573802947998
                ],
                [
                    -0.22418324649333954,
                    0.9672078490257263,
                    0.11937736719846725
                ],
                [
                    0.10070805251598358,
                    -0.09884718060493469,
                    0.9899935722351074
                ]
            ],
            [
                [
                    0.968176007270813,
                    -0.234554260969162,
                    0.08729031682014465
                ],
                [
                    0.2246318757534027,
                    0.9682013392448425,
                    0.11012174934148788
                ],
                [
                    -0.11034411936998367,
                    -0.08700904250144958,
                    0.9900776743888855
                ]
            ]
        ],
        "betas": [
            0.06114135682582855,
            0.22610977292060852,
            0.883122444152832,
            2.024867057800293,
            0.006834805011749268,
            -0.08142485469579697,
            -0.05942991375923157,
            0.23622606694698334,
            0.04566656053066254,
            0.021488100290298462
        ]
    },
    "pred_cam_t": [
        -0.036537252366542816,
        0.2443591058254242,
        32.91733932495117
    ],
    "focal_length": [
        5000.0,
        5000.0
    ],
    "pred_keypoints_3d": [
        [
            -0.05517555773258209,
            -0.8628215789794922,
            -0.24466517567634583
        ],
        [
            0.05462637543678284,
            -0.764700710773468,
            -0.10541350394487381
        ],
        [
            -0.0741083100438118,
            -0.6910626292228699,
            0.05237331986427307
        ],
        [
            -0.07404164224863052,
            -0.46068358421325684,
            0.14366282522678375
        ],
        [
            -0.14515390992164612,
            -0.45134544372558594,
            -0.09618021547794342
        ],
        [
            0.18378782272338867,
            -0.6199238300323486,
            -0.1934816539287567
        ],
        [
            0.1800697296857834,
            -0.36543136835098267,
            -0.170701801776886
        ],
        [
            -0.03814336657524109,
            -0.44257399439811707,
            -0.25302866101264954
        ],
        [
            -0.003397571388632059,
            -0.24548110365867615,
            0.024228204041719437
        ],
        [
            -0.061948589980602264,
            -0.1772807240486145,
            0.0881919115781784
        ],
        [
            -0.1522330939769745,
            0.14168423414230347,
            0.26670730113983154
        ],
        [
            -0.06719503551721573,
            0.3848038613796234,
            0.5591179728507996
        ],
        [
            0.034316688776016235,
            -0.13999176025390625,
            0.01505756564438343
        ],
        [
            -7.729232311248779e-05,
            0.22547155618667603,
            0.020844537764787674
        ],
        [
            -0.02202630043029785,
            0.5557571053504944,
            0.2256098836660385
        ],
        [
            -0.058742985129356384,
            -0.9088586568832397,
            -0.20110830664634705
        ],
        [
            -0.010709214955568314,
            -0.9072349071502686,
            -0.24764592945575714
        ],
        [
            -0.022004954516887665,
            -0.9081301689147949,
            -0.10164293646812439
        ],
        [
            0.08512847870588303,
            -0.9030797481536865,
            -0.2064286768436432
        ],
        [
            -0.11433425545692444,
            0.6611272692680359,
            0.07919882237911224
        ],
        [
            -0.032963626086711884,
            0.6701651811599731,
            0.10527743399143219
        ],
        [
            0.0020067840814590454,
            0.5719132423400879,
            0.288232684135437
        ],
        [
            -0.1889648735523224,
            0.510642409324646,
            0.46415871381759644
        ],
        [
            -0.2142227739095688,
            0.46736469864845276,
            0.5391632318496704
        ],
        [
            -0.029716771095991135,
            0.39203721284866333,
            0.6197165846824646
        ],
        [
            -0.0728425458073616,
            0.32685792446136475,
            0.5490154027938843
        ],
        [
            -0.14145241677761078,
            0.08804162591695786,
            0.23153069615364075
        ],
        [
            -0.09680172801017761,
            -0.319894403219223,
            0.10067640244960785
        ],
        [
            0.11674666404724121,
            -0.22815918922424316,
            -0.04278005659580231
        ],
        [
            0.012523684650659561,
            0.1856829971075058,
            0.009563213214278221
        ],
        [
            0.0006907409988343716,
            0.5197194218635559,
            0.22803843021392822
        ],
        [
            -0.12355565279722214,
            -0.48297378420829773,
            -0.07762756943702698
        ],
        [
            -0.1107727587223053,
            -0.48919206857681274,
            0.13293784856796265
        ],
        [
            -0.046996429562568665,
            -0.7184873819351196,
            0.019512232393026352
        ],
        [
            0.1679028570652008,
            -0.6632141470909119,
            -0.18085071444511414
        ],
        [
            0.18522775173187256,
            -0.394778847694397,
            -0.21529653668403625
        ],
        [
            -0.015742652118206024,
            -0.45559388399124146,
            -0.2514835596084595
        ],
        [
            0.05429066717624664,
            -0.7472171783447266,
            -0.10422027111053467
        ],
        [
            0.017539143562316895,
            -0.956912100315094,
            -0.17523472011089325
        ],
        [
            0.009942922741174698,
            -0.27352777123451233,
            0.027943605557084084
        ],
        [
            0.05660567805171013,
            -0.6885828375816345,
            -0.08106466382741928
        ],
        [
            0.05863489210605621,
            -0.5236819386482239,
            -0.02693188562989235
        ],
        [
            0.004572509787976742,
            -0.8434915542602539,
            -0.18876534700393677
        ],
        [
            0.018892988562583923,
            -0.9770254492759705,
            -0.1675889641046524
        ]
    ],
    "pred_vertices": [
        [
            -0.0058063603937625885,
            -0.9515533447265625,
            -0.26280659437179565
        ],
        [
            -0.01376667246222496,
            -0.9373041391372681,
            -0.26202869415283203
        ],
        [
            0.0008218139410018921,
            -0.9343904256820679,
            -0.26270967721939087
        ],
        [
            0.010663017630577087,
            -0.9455909132957458,
            -0.26038020849227905
        ],
        [
            -0.005372766405344009,
            -0.9252628087997437,
            -0.262459933757782
        ],
        [
            -0.01753939688205719,
            -0.9260035157203674,
            -0.2604197561740875
        ],
        [
            0.013410985469818115,
            -0.9291945099830627,
            -0.2590249478816986
        ],
        [
            0.023747768253087997,
            -0.9369020462036133,
            -0.2557353973388672
        ],
        [
            0.027364559471607208,
            -0.8955326676368713,
            -0.24934428930282593
        ],
        [
            0.03733106702566147,
            -0.8915801048278809,
            -0.2444005161523819
        ],
        [
            0.03559362515807152,
            -0.9033619165420532,
            -0.24754132330417633
        ],
        [
            0.025596726685762405,
            -0.9042069911956787,
            -0.25047239661216736
        ],
        [
            0.03059621900320053,
            -0.8698121309280396,
            -0.24316607415676117
        ],
        [
            0.020979076623916626,
            -0.8597707748413086,
            -0.24367128312587738
        ],
        [
            0.02990911900997162,
            -0.8515139818191528,
            -0.2377035915851593
        ],
        [
            0.03938889503479004,
            -0.8611825704574585,
            -0.23571252822875977
        ],
        [
            -0.01993367075920105,
            -0.8726996183395386,
            -0.24056857824325562
        ],
        [
            -0.014644183218479156,
            -0.8658301830291748,
            -0.2427404522895813
        ],
        [
            -0.011650383472442627,
            -0.8725984692573547,
            -0.24528753757476807
        ],
        [
            -0.017166513949632645,
            -0.8785628080368042,
            -0.24234236776828766
        ],
        [
            -0.03163670748472214,
            -0.8820816278457642,
            -0.24033644795417786
        ],
        [
            -0.028817735612392426,
            -0.8878246545791626,
            -0.23894581198692322
        ],
        [
            -0.03606356680393219,
            -0.8913112878799438,
            -0.24027587473392487
        ],
        [
            -0.03898461163043976,
            -0.8846696019172668,
            -0.2429368793964386
        ],
        [
            -0.023742780089378357,
            -0.8675158023834229,
            -0.2366626262664795
        ],
        [
            -0.017833076417446136,
            -0.8604258298873901,
            -0.2388959378004074
        ],
        [
            -0.024899542331695557,
            -0.8784946799278259,
            -0.23928490281105042
        ],
        [
            -0.027615483850240707,
            -0.8736979961395264,
            -0.23941127955913544
        ],
        [
            -0.036758020520210266,
            -0.8665261268615723,
            -0.24509459733963013
        ],
        [
            -0.03483763337135315,
            -0.8713880777359009,
            -0.2453795075416565
        ],
        [
            -0.04217389225959778,
            -0.8717918992042542,
            -0.24848370254039764
        ],
        [
            -0.04244953393936157,
            -0.8663699626922607,
            -0.24663084745407104
        ],
        [
            -0.02802886813879013,
            -0.8666021227836609,
            -0.23970013856887817
        ],
        [
            -0.029821224510669708,
            -0.869389533996582,
            -0.24248149991035461
        ],
        [
            -0.03304959833621979,
            -0.865426242351532,
            -0.24233780801296234
        ],
        [
            -0.03172803670167923,
            -0.8636367321014404,
            -0.23867616057395935
        ],
        [
            -0.03382822871208191,
            -0.8774645328521729,
            -0.24183151125907898
        ],
        [
            -0.04090772569179535,
            -0.8787463903427124,
            -0.2455683946609497
        ],
        [
            -0.048945918679237366,
            -0.8795719742774963,
            -0.24856555461883545
        ],
        [
            -0.05023062974214554,
            -0.8705563545227051,
            -0.2508716285228729
        ],
        [
            -0.0010305307805538177,
            -0.852251410484314,
            -0.24366512894630432
        ],
        [
            -0.00815289095044136,
            -0.8590738773345947,
            -0.24428169429302216
        ],
        [
            -0.011812452226877213,
            -0.854190468788147,
            -0.2407616674900055
        ],
        [
            -0.00593339279294014,
            -0.8486127257347107,
            -0.24120241403579712
        ],
        [
            -0.028199274092912674,
            -0.8605214357376099,
            -0.23650744557380676
        ],
        [
            -0.024390287697315216,
            -0.843964695930481,
            -0.23722434043884277
        ],
        [
            -0.024645432829856873,
            -0.8478860855102539,
            -0.23814994096755981
        ],
        [
            -0.031880684196949005,
            -0.8484946489334106,
            -0.2372436225414276
        ],
        [
            -0.031043682247400284,
            -0.8448355793952942,
            -0.23657959699630737
        ],
        [
            0.009658023715019226,
            -0.8382351398468018,
            -0.23894032835960388
        ],
        [
            0.002437867224216461,
            -0.8368470668792725,
            -0.23865094780921936
        ],
        [
            0.005119871348142624,
            -0.8298213481903076,
            -0.23623406887054443
        ],
        [
            0.012856431305408478,
            -0.830112099647522,
            -0.23497232794761658
        ],
        [
            0.004601422697305679,
            -0.8240060806274414,
            -0.23312866687774658
        ],
        [
            0.014737498015165329,
            -0.8223350048065186,
            -0.23089957237243652
        ],
        [
            0.008419612422585487,
            -0.8080589771270752,
            -0.22346732020378113
        ],
        [
            0.011985182762145996,
            -0.8142540454864502,
            -0.22686801850795746
        ],
        [
            0.001719057559967041,
            -0.8182241916656494,
            -0.2303304523229599
        ],
        [
            -0.004185207188129425,
            -0.8126901388168335,
            -0.22878232598304749
        ],
        [
            -0.019383542239665985,
            -0.8168367147445679,
            -0.22777199745178223
        ],
        [
            -0.02575276419520378,
            -0.8155419826507568,
            -0.22584983706474304
        ],
        [
            -0.01988503709435463,
            -0.8030868768692017,
            -0.22604314982891083
        ],
        [
            -0.012517284601926804,
            -0.8071007132530212,
            -0.22760309278964996
        ],
        [
            -0.02128603681921959,
            -0.8387614488601685,
            -0.23275014758110046
        ],
        [
            -0.016415979713201523,
            -0.8389959335327148,
            -0.23323987424373627
        ],
        [
            -0.01791548728942871,
            -0.8402106761932373,
            -0.2353590577840805
        ],
        [
            -0.023279696702957153,
            -0.8410412669181824,
            -0.23528754711151123
        ],
        [
            -0.012360699474811554,
            -0.838815450668335,
            -0.2341172695159912
        ],
        [
            -0.010569430887699127,
            -0.8386950492858887,
            -0.23457105457782745
        ],
        [
            -0.011726077646017075,
            -0.8399089574813843,
            -0.2355411946773529
        ],
        [
            -0.012881610542535782,
            -0.839612603187561,
            -0.2345910370349884
        ],
        [
            -0.014709170907735825,
            -0.8391821384429932,
            -0.23374055325984955
        ],
        [
            -0.015560727566480637,
            -0.8370967507362366,
            -0.2331918179988861
        ],
        [
            -0.01323779672384262,
            -0.8379025459289551,
            -0.23384380340576172
        ],
        [
            -0.020067457109689713,
            -0.8359566926956177,
            -0.23293527960777283
        ],
        [
            -0.034606728702783585,
            -0.833254337310791,
            -0.23010016977787018
        ],
        [
            -0.0309198796749115,
            -0.8338644504547119,
            -0.2316853255033493
        ],
        [
            -0.031748637557029724,
            -0.8387002944946289,
            -0.230533629655838
        ],
        [
            -0.034925080835819244,
            -0.8383326530456543,
            -0.22929927706718445
        ],
        [
            -0.014283746480941772,
            -0.8414899110794067,
            -0.2361484318971634
        ],
        [
            -0.012322064489126205,
            -0.8432474136352539,
            -0.23767369985580444
        ],
        [
            -0.01770453155040741,
            -0.8456071019172668,
            -0.23833748698234558
        ],
        [
            -0.018000561743974686,
            -0.8429207801818848,
            -0.23663100600242615
        ],
        [
            -0.010088644921779633,
            -0.8451684713363647,
            -0.23937629163265228
        ],
        [
            -0.00962579995393753,
            -0.8411722183227539,
            -0.2367032766342163
        ],
        [
            -0.006776474416255951,
            -0.8417710065841675,
            -0.23828580975532532
        ],
        [
            -0.010806817561388016,
            -0.8367388248443604,
            -0.23400217294692993
        ],
        [
            -0.007597118616104126,
            -0.8351558446884155,
            -0.23444101214408875
        ],
        [
            -0.008074522018432617,
            -0.8378604650497437,
            -0.23585717380046844
        ],
        [
            -0.009114250540733337,
            -0.8316648006439209,
            -0.23310339450836182
        ],
        [
            -0.013208132237195969,
            -0.834653913974762,
            -0.23295219242572784
        ],
        [
            -0.017586972564458847,
            -0.8324326276779175,
            -0.23256340622901917
        ],
        [
            -0.023288004100322723,
            -0.8304884433746338,
            -0.23190411925315857
        ],
        [
            -0.018988631665706635,
            -0.8257795572280884,
            -0.23058748245239258
        ],
        [
            -0.013257723301649094,
            -0.8284342885017395,
            -0.2319067120552063
        ],
        [
            -0.015702620148658752,
            -0.8495723009109497,
            -0.23942062258720398
        ],
        [
            -0.0035523660480976105,
            -0.8372746109962463,
            -0.23714344203472137
        ],
        [
            -0.0013894140720367432,
            -0.8437926769256592,
            -0.24002034962177277
        ],
        [
            -0.002428244799375534,
            -0.8323768377304077,
            -0.2356141358613968
        ],
        [
            -0.003310825675725937,
            -0.8277317881584167,
            -0.23342368006706238
        ],
        [
            -0.007138587534427643,
            -0.8236192464828491,
            -0.23119664192199707
        ],
        [
            -0.013027936220169067,
            -0.8197182416915894,
            -0.22961366176605225
        ],
        [
            -0.009910717606544495,
            -0.7958571910858154,
            -0.2173808515071869
        ],
        [
            -0.0015931986272335052,
            -0.8011542558670044,
            -0.22070789337158203
        ],
        [
            -0.016598939895629883,
            -0.9192039966583252,
            -0.2556602954864502
        ],
        [
            -0.008147694170475006,
            -0.9185613393783569,
            -0.2591119110584259
        ],
        [
            -0.00416327640414238,
            -0.9116349816322327,
            -0.25450679659843445
        ],
        [
            -0.0030218027532100677,
            -0.9141722917556763,
            -0.2559226155281067
        ],
        [
            -0.009100958704948425,
            -0.9149453639984131,
            -0.25532278418540955
        ],
        [
            -0.0088137686252594,
            -0.9123594760894775,
            -0.2538054585456848
        ],
        [
            0.01692260056734085,
            -0.9057772159576416,
            -0.25098711252212524
        ],
        [
            0.01002122089266777,
            -0.9072498083114624,
            -0.25137603282928467
        ],
        [
            0.011492528021335602,
            -0.9036225080490112,
            -0.24992743134498596
        ],
        [
            0.018951695412397385,
            -0.8992214202880859,
            -0.25056707859039307
        ],
        [
            0.0016555339097976685,
            -0.8950996398925781,
            -0.24917125701904297
        ],
        [
            0.007036980241537094,
            -0.8967969417572021,
            -0.24965959787368774
        ],
        [
            0.0019289851188659668,
            -0.9032001495361328,
            -0.2503107488155365
        ],
        [
            -0.0020125024020671844,
            -0.9020914435386658,
            -0.2499038279056549
        ],
        [
            -0.006129801273345947,
            -0.9015647172927856,
            -0.24879427254199982
        ],
        [
            -0.010297354310750961,
            -0.9016567468643188,
            -0.2470608651638031
        ],
        [
            -0.009267449378967285,
            -0.8962710499763489,
            -0.24595122039318085
        ],
        [
            -0.004085611552000046,
            -0.8952617645263672,
            -0.24781736731529236
        ],
        [
            -0.014733850955963135,
            -0.916348934173584,
            -0.2518397271633148
        ],
        [
            -0.02010851353406906,
            -0.9160897731781006,
            -0.2469760775566101
        ],
        [
            -0.0181347094476223,
            -0.9131409525871277,
            -0.24665822088718414
        ],
        [
            -0.013974722474813461,
            -0.9133495092391968,
            -0.2510373592376709
        ],
        [
            -0.022329702973365784,
            -0.9078826904296875,
            -0.23547810316085815
        ],
        [
            -0.022123977541923523,
            -0.9101537466049194,
            -0.23739953339099884
        ],
        [
            -0.02573360502719879,
            -0.9115239977836609,
            -0.23607461154460907
        ],
        [
            -0.02569715678691864,
            -0.907130777835846,
            -0.23432472348213196
        ],
        [
            -0.023941174149513245,
            -0.9038620591163635,
            -0.2356603741645813
        ],
        [
            -0.02168738842010498,
            -0.9059788584709167,
            -0.23659813404083252
        ],
        [
            -0.013364888727664948,
            -0.9734930396080017,
            -0.25807327032089233
        ],
        [
            -0.020275622606277466,
            -0.9560977220535278,
            -0.2587374448776245
        ],
        [
            0.007574856281280518,
            -0.967917799949646,
            -0.2577385902404785
        ],
        [
            0.022519968450069427,
            -0.9585908055305481,
            -0.25384390354156494
        ],
        [
            0.035190436989068985,
            -0.9459323883056641,
            -0.2506296634674072
        ],
        [
            0.019312318414449692,
            -0.843421995639801,
            -0.23880061507225037
        ],
        [
            0.025133833289146423,
            -0.8349752426147461,
            -0.23376141488552094
        ],
        [
            0.038279950618743896,
            -0.8439911603927612,
            -0.2310630828142166
        ],
        [
            0.040949687361717224,
            -0.8336963653564453,
            -0.2245696634054184
        ],
        [
            0.02715957723557949,
            -0.8248968124389648,
            -0.22816075384616852
        ],
        [
            0.01953369565308094,
            -0.8070857524871826,
            -0.21466273069381714
        ],
        [
            0.025295302271842957,
            -0.8150008916854858,
            -0.22168494760990143
        ],
        [
            0.041840679943561554,
            -0.8239051103591919,
            -0.21563217043876648
        ],
        [
            0.05695658549666405,
            -0.8382776379585266,
            -0.21119828522205353
        ],
        [
            0.05295950174331665,
            -0.8450374007225037,
            -0.22090208530426025
        ],
        [
            0.0676037147641182,
            -0.8551260828971863,
            -0.20584620535373688
        ],
        [
            0.06170692294836044,
            -0.8316951990127563,
            -0.1977914720773697
        ],
        [
            0.07166588306427002,
            -0.8548760414123535,
            -0.19669872522354126
        ],
        [
            0.04945141822099686,
            -0.793192982673645,
            -0.18383139371871948
        ],
        [
            0.05417317897081375,
            -0.7803655862808228,
            -0.17955699563026428
        ],
        [
            0.07201255857944489,
            -0.7888479232788086,
            -0.1778232753276825
        ],
        [
            0.06761471927165985,
            -0.8013313412666321,
            -0.18266084790229797
        ],
        [
            0.04757634550333023,
            -0.852778971195221,
            -0.2284497171640396
        ],
        [
            0.04147183522582054,
            -0.9141151905059814,
            -0.24517597258090973
        ],
        [
            0.030816171318292618,
            -0.9127407073974609,
            -0.2507343590259552
        ],
        [
            0.046224236488342285,
            -0.9020506739616394,
            -0.24123001098632812
        ],
        [
            0.0506628043949604,
            -0.9753755331039429,
            -0.2404666543006897
        ],
        [
            0.03537973389029503,
            -0.9690215587615967,
            -0.2490551620721817
        ],
        [
            0.046646106988191605,
            -0.9545900821685791,
            -0.24665191769599915
        ],
        [
            0.059409115463495255,
            -0.9628242254257202,
            -0.2389037013053894
        ],
        [
            0.020807355642318726,
            -1.0091431140899658,
            -0.23378750681877136
        ],
        [
            0.004098683595657349,
            -0.9933344721794128,
            -0.24834929406642914
        ],
        [
            0.018944304436445236,
            -0.9830554723739624,
            -0.2495056390762329
        ],
        [
            0.034133490175008774,
            -0.9945881366729736,
            -0.23820942640304565
        ],
        [
            0.0687151849269867,
            -0.9660054445266724,
            -0.22987857460975647
        ],
        [
            0.08168353885412216,
            -0.9702435731887817,
            -0.21647045016288757
        ],
        [
            0.08225010335445404,
            -0.9878565669059753,
            -0.21273761987686157
        ],
        [
            0.0654335469007492,
            -0.9834538102149963,
            -0.2279086858034134
        ],
        [
            0.07623247802257538,
            -1.0096936225891113,
            -0.20268884301185608
        ],
        [
            0.05565771460533142,
            -1.0057893991470337,
            -0.2210468351840973
        ],
        [
            0.07806409150362015,
            -0.84239661693573,
            -0.18508955836296082
        ],
        [
            0.07980448007583618,
            -0.8614178895950317,
            -0.18698865175247192
        ],
        [
            0.061913132667541504,
            -0.8155431747436523,
            -0.18923360109329224
        ],
        [
            0.07829751074314117,
            -0.8248789310455322,
            -0.18191462755203247
        ],
        [
            0.06494460254907608,
            -1.0280851125717163,
            -0.189223974943161
        ],
        [
            0.04124660789966583,
            -1.0235681533813477,
            -0.2123011350631714
        ],
        [
            0.1100628674030304,
            -0.9563601016998291,
            -0.1696779876947403
        ],
        [
            0.10453344136476517,
            -0.9731213450431824,
            -0.18068169057369232
        ],
        [
            0.09878325462341309,
