{
    "pred_cam": [
        1.1495869159698486,
        0.017008746042847633,
        0.2099248468875885
    ],
    "pred_smpl_params": {
        "global_orient": [
            [
                [
                    0.997795045375824,
                    -0.05746370553970337,
                    0.03321188688278198
                ],
                [
                    -0.05374780297279358,
                    -0.9931632280349731,
                    -0.10362400859594345
                ],
                [
                    0.038939446210861206,
                    0.1016104519367218,
                    -0.9940618872642517
                ]
            ]
        ],
        "body_pose": [
            [
                [
                    0.9995152950286865,
                    -0.02778889425098896,
                    -0.014039584435522556
                ],
                [
                    0.028876814991235733,
                    0.9960151314735413,
                    0.08437979221343994
                ],
                [
                    0.011638818308711052,
                    -0.08474429696798325,
                    0.9963347911834717
                ]
            ],
            [
                [
                    0.9971619248390198,
                    0.07527188211679459,
                    0.001526380656287074
                ],
                [
                    -0.07518637925386429,
                    0.9945695996284485,
                    0.07195999473333359
                ],
                [
                    0.003898473922163248,
                    -0.07187052071094513,
                    0.9974063634872437
                ]
            ],
            [
                [
                    0.9999833703041077,
                    -0.004048117436468601,
                    0.004108767956495285
                ],
                [
                    0.004539993591606617,
                    0.991791844367981,
                    -0.1277826428413391
                ],
                [
                    -0.003557763062417507,
                    0.12779918313026428,
                    0.9917937517166138
                ]
            ],
            [
                [
                    0.9972286224365234,
                    -0.013385302387177944,
                    -0.07318457216024399
                ],
                [
                    -0.04056311026215553,
                    0.7267993688583374,
                    -0.6856510639190674
                ],
                [
                    0.06236810237169266,
                    0.6867194175720215,
                    0.7242422103881836
                ]
            ],
            [
                [
                    0.9947010278701782,
                    -0.054592881351709366,
                    0.08711764961481094
                ],
                [
                    0.09385994076728821,
                    0.8280054926872253,
                    -0.552808403968811
                ],
                [
                    -0.04195449873805046,
                    0.5580559372901917,
                    0.8287420272827148
                ]
            ],
            [
                [
                    0.9993174076080322,
                    0.01824917085468769,
                    0.032121628522872925
                ],
                [
                    -0.018628442659974098,
                    0.9997597932815552,
                    0.011547944508492947
                ],
                [
                    -0.03190317004919052,
                    -0.012138436548411846,
                    0.9994173049926758
                ]
            ],
            [
                [
                    0.986974835395813,
                    0.09132666140794754,
                    0.13243907690048218
                ],
                [
                    -0.10791249573230743,
                    0.9863967895507812,
                    0.12400104105472565
                ],
                [
                    -0.11931288242340088,
                    -0.13667774200439453,
                    0.9834040999412537
                ]
            ],
            [
                [
                    0.9890753626823425,
                    -0.09281856566667557,
                    -0.1145198792219162
                ],
                [
                    0.09943777322769165,
                    0.9936046600341797,
                    0.05349728837609291
                ],
                [
                    0.10882193595170975,
                    -0.06430044025182724,
                    0.9919795393943787
                ]
            ],
            [
                [
                    0.9999184608459473,
                    0.010035702958703041,
                    0.00789471436291933
                ],
                [
                    -0.009692877531051636,
                    0.999056875705719,
                    -0.04232584685087204
                ],
                [
                    -0.008312037214636803,
                    0.04224587604403496,
                    0.9990726709365845
                ]
            ],
            [
                [
                    0.9800258874893188,
                    -0.19750173389911652,
                    0.023286456242203712
                ],
                [
                    0.19041304290294647,
                    0.9656792879104614,
                    0.17665302753448486
                ],
                [
                    -0.05737653374671936,
                    -0.1686905175447464,
                    0.9839975833892822
                ]
            ],
            [
                [
                    0.9741107821464539,
                    0.20938950777053833,
                    -0.0852297842502594
                ],
                [
                    -0.18308919668197632,
                    0.9518473744392395,
                    0.24589617550373077
                ],
                [
                    0.13261382281780243,
                    -0.22392548620700836,
                    0.9655417203903198
                ]
            ],
            [
                [
                    0.9996497631072998,
                    0.023710347712039948,
                    0.0117557467892766
                ],
                [
                    -0.025274161249399185,
                    0.9870542883872986,
                    0.15838216245174408
                ],
                [
                    -0.007848264649510384,
                    -0.1586237996816635,
                    0.9873078465461731
                ]
            ],
            [
                [
                    0.9241250157356262,
                    0.3656808137893677,
                    -0.11077220737934113
                ],
                [
                    -0.36008840799331665,
                    0.9304665923118591,
                    0.06758937984704971
                ],
                [
                    0.12778596580028534,
                    -0.02257324941456318,
                    0.9915449023246765
                ]
            ],
            [
                [
                    0.93816077709198,
                    -0.3366123139858246,
                    0.08090958744287491
                ],
                [
                    0.33485642075538635,
                    0.941627025604248,
                    0.034780893474817276
                ],
                [
                    -0.08789433538913727,
                    -0.005536981392651796,
                    0.9961143136024475
                ]
            ],
            [
                [
                    0.9985744953155518,
                    0.0033916186075657606,
                    0.053268928080797195
                ],
                [
                    0.008585612289607525,
                    0.9747785329818726,
                    -0.22300904989242554
                ],
                [
                    -0.05268177390098572,
                    0.22314846515655518,
                    0.9733598828315735
                ]
            ],
            [
                [
                    0.4267544448375702,
                    0.8285107016563416,
                    -0.36256158351898193
                ],
                [
                    -0.8688328862190247,
                    0.4868721067905426,
                    0.0899171382188797
                ],
                [
                    0.2510184049606323,
                    0.2766328454017639,
                    0.9276121854782104
                ]
            ],
            [
                [
                    0.5208456516265869,
                    -0.7839332818984985,
                    0.33788833022117615
                ],
                [
                    0.8171107769012451,
                    0.5724002122879028,
                    0.06846930086612701
                ],
                [
                    -0.2470826953649521,
                    0.24043023586273193,
                    0.9386925101280212
                ]
            ],
            [
                [
                    -0.1201646625995636,
                    -0.4056250751018524,
                    -0.9061064124107361
                ],
                [
                    0.31752023100852966,
                    0.8490736484527588,
                    -0.4222024083137512
                ],
                [
                    0.940606951713562,
                    -0.3384408950805664,
                    0.02676551416516304
                ]
            ],
            [
                [
                    -0.1701662540435791,
                    0.4271053075790405,
                    0.8880453109741211
                ],
                [
                    -0.30988600850105286,
                    0.8322746753692627,
                    -0.45966240763664246
                ],
                [
                    -0.935421884059906,
                    -0.35341185331344604,
                    -0.009271102026104927
                ]
            ],
            [
                [
                    0.9791216850280762,
                    -0.17148025333881378,
                    -0.10915739834308624
                ],
                [
                    0.18894724547863007,
                    0.9657901525497437,
                    0.17761856317520142
                ],
                [
                    0.07496505975723267,
                    -0.19453515112400055,
                    0.978026807308197
                ]
            ],
            [
                [
                    0.9726373553276062,
                    0.20314562320709229,
                    0.11273159086704254
                ],
                [
                    -0.21721124649047852,
                    0.9672969579696655,
                    0.13098078966140747
                ],
                [
                    -0.08243674039840698,
                    -0.15188339352607727,
                    0.9849546551704407
                ]
            ],
            [
                [
                    0.9701083302497864,
                    0.212080180644989,
                    -0.11794890463352203
                ],
                [
                    -0.20642687380313873,
                    0.9767186641693115,
                    0.058383647352457047
                ],
                [
                    0.12758490443229675,
                    -0.03229064121842384,
                    0.991301953792572
                ]
            ],
            [
                [
                    0.9708291888237,
                    -0.23147523403167725,
                    0.06252990663051605
                ],
                [
                    0.22479169070720673,
                    0.9694129824638367,
                    0.09852514415979385
                ],
                [
                    -0.0834234282374382,
                    -0.08159487694501877,
                    0.9931681156158447
                ]
            ]
        ],
        "betas": [
            -0.03764234483242035,
            0.4608191251754761,
            0.8761692047119141,
            1.7788563966751099,
            -0.11535942554473877,
            -0.030265536159276962,
            0.04680585861206055,
            0.19075796008110046,
            -0.012808814644813538,
            0.015776067972183228
        ]
    },
    "pred_cam_t": [
        0.017008746042847633,
        0.2099248468875885,
        33.97959518432617
    ],
    "focal_length": [
        5000.0,
        5000.0
    ],
    "pred_keypoints_3d": [
        [
            -0.002988324500620365,
            -0.9003432989120483,
            -0.10148052871227264
        ],
        [
            -0.02570803090929985,
            -0.7711728811264038,
            0.051558539271354675
        ],
        [
            -0.2032514214515686,
            -0.6629034280776978,
            0.041326187551021576
        ],
        [
            -0.23738828301429749,
            -0.42155879735946655,
            -0.0007374584674835205
        ],
        [
            -0.2056787759065628,
            -0.5183575749397278,
            -0.2290746569633484
        ],
        [
            0.15485352277755737,
            -0.6736001968383789,
            0.06528273224830627
        ],
        [
            0.1780385971069336,
            -0.42276349663734436,
            0.02421966940164566
        ],
        [
            0.17818079888820648,
            -0.516456663608551,
            -0.2020479440689087
        ],
        [
            -0.0032533654011785984,
            -0.2406938523054123,
            0.022822305560112
        ],
        [
            -0.06012867018580437,
            -0.14723481237888336,
            0.017590751871466637
        ],
        [
            -0.10456724464893341,
            0.22331060469150543,
            -0.044351816177368164
        ],
        [
            -0.08217199891805649,
            0.5610194802284241,
            0.1504887491464615
        ],
        [
            0.06507322192192078,
            -0.15240605175495148,
            0.024300433695316315
        ],
        [
            0.1335313320159912,
            0.20431701838970184,
            -0.04293573647737503
        ],
        [
            0.14474400877952576,
            0.5080822706222534,
            0.2018117606639862
        ],
        [
            -0.04200415313243866,
            -0.9379792213439941,
            -0.06940421462059021
        ],
        [
            0.02411021664738655,
            -0.9400908946990967,
            -0.06158290430903435
        ],
        [
            -0.0947832241654396,
            -0.916189968585968,
            0.019356001168489456
        ],
        [
            0.052379295229911804,
            -0.920773446559906,
            0.03573091700673103
        ],
        [
            0.16201598942279816,
            0.6345184445381165,
            0.05033719539642334
        ],
        [
            0.2264115810394287,
            0.6166126132011414,
            0.10317771136760712
        ],
        [
            0.14581087231636047,
            0.5141150951385498,
            0.27085989713668823
        ],
        [
            -0.07116841524839401,
            0.6669852137565613,
            -0.01782086491584778
        ],
        [
            -0.14166584610939026,
            0.6635723114013672,
            0.03465433418750763
        ],
        [
            -0.08352446556091309,
            0.5832176208496094,
            0.21992255747318268
        ],
        [
            -0.10615755617618561,
            0.5075944066047668,
            0.15543434023857117
        ],
        [
            -0.09898440539836884,
            0.16075386106967926,
            -0.04413086175918579
        ],
        [
            -0.1399528682231903,
            -0.2672658860683441,
            0.029130786657333374
        ],
        [
            0.1295744776725769,
            -0.26314088702201843,
            0.04977554455399513
        ],
        [
            0.138419046998024,
            0.16385267674922943,
            -0.0428236685693264
        ],
        [
            0.14957350492477417,
            0.46633243560791016,
            0.20628270506858826
        ],
        [
            -0.1980019211769104,
            -0.5393047332763672,
            -0.19435475766658783
        ],
        [
            -0.2633436918258667,
            -0.45700764656066895,
            -0.014476800337433815
        ],
        [
            -0.16912667453289032,
            -0.6966251134872437,
            0.04473230242729187
        ],
        [
            0.12266521155834198,
            -0.7047543525695801,
            0.06902103126049042
        ],
        [
            0.2124456763267517,
            -0.4626733064651489,
            0.012497294694185257
        ],
        [
            0.18416646122932434,
            -0.5275518894195557,
            -0.17954571545124054
        ],
        [
            -0.022715454921126366,
            -0.7597612142562866,
            0.05012168735265732
        ],
        [
            -0.016969235613942146,
            -0.9732126593589783,
            0.01343080960214138
        ],
        [
            -0.004820778965950012,
            -0.26514095067977905,
            0.0390358567237854
        ],
        [
            -0.02449832484126091,
            -0.6983972787857056,
            0.054594434797763824
        ],
        [
            -0.01964718848466873,
            -0.5223813056945801,
            0.06420488655567169
        ],
        [
            -0.005928085185587406,
            -0.866604745388031,
            -0.024604473263025284
        ],
        [
            -0.023229245096445084,
            -0.991219162940979,
            0.022907055914402008
        ]
    ],
    "pred_vertices": [
        [
            0.03504230082035065,
            -0.9854409694671631,
            -0.05949883535504341
        ],
        [
            0.030204948037862778,
            -0.972061276435852,
            -0.06698381900787354
        ],
        [
            0.04021682217717171,
            -0.9682146310806274,
            -0.05716131255030632
        ],
        [
            0.04438367113471031,
            -0.9777892827987671,
            -0.04657773673534393
        ],
        [
            0.036882057785987854,
            -0.9597575664520264,
            -0.06332521140575409
        ],
        [
            0.027643030509352684,
            -0.9613391757011414,
            -0.07108274102210999
        ],
        [
            0.0457303449511528,
            -0.9615670442581177,
            -0.046218860894441605
        ],
        [
            0.04957212135195732,
            -0.9674608707427979,
            -0.034883107990026474
        ],
        [
            0.05000636726617813,
            -0.9256284236907959,
            -0.03577150031924248
        ],
        [
            0.05287175998091698,
            -0.920137345790863,
            -0.02599896490573883
        ],
        [
            0.05289998650550842,
            -0.9322913885116577,
            -0.027049031108617783
        ],
        [
            0.04891059920191765,
            -0.93437659740448,
            -0.036361511796712875
        ],
        [
            0.04958935081958771,
            -0.8992200493812561,
            -0.03408070653676987
        ],
        [
            0.04477544501423836,
            -0.8904688954353333,
            -0.04354776814579964
        ],
        [
            0.04635090380907059,
            -0.8807041645050049,
            -0.0345352441072464
        ],
        [
            0.05010230839252472,
            -0.8888717889785767,
            -0.024415038526058197
        ],
        [
            0.015422036871314049,
            -0.9061169624328613,
            -0.07014822214841843
        ],
        [
            0.0209044162184,
            -0.8994235992431641,
            -0.0686645582318306
        ],
        [
            0.024224981665611267,
            -0.9061111211776733,
            -0.06677679717540741
        ],
        [
            0.018048137426376343,
            -0.911889910697937,
            -0.06812379509210587
        ],
        [
            0.007057931274175644,
            -0.9161794781684875,
            -0.07755560427904129
        ],
        [
            0.007284959778189659,
            -0.9213089942932129,
            -0.07351149618625641
        ],
        [
            0.0034976396709680557,
            -0.925581157207489,
            -0.07928773760795593
        ],
        [
            0.0042322129011154175,
            -0.919776439666748,
            -0.08433279395103455
        ],
        [
            0.01049041748046875,
            -0.9007672071456909,
            -0.07177157700061798
        ],
        [
            0.016367603093385696,
            -0.893752932548523,
            -0.06973166763782501
        ],
        [
            0.010893948376178741,
            -0.9119483232498169,
            -0.07224135100841522
        ],
        [
            0.009496374055743217,
            -0.9075533747673035,
            -0.07536575198173523
        ],
        [
            0.008635852485895157,
            -0.9022808074951172,
            -0.08707507699728012
        ],
        [
            0.009709769859910011,
            -0.9068778157234192,
            -0.08494100719690323
        ],
        [
            0.007444165647029877,
            -0.908467173576355,
            -0.09248625487089157
        ],
        [
            0.006253564730286598,
            -0.9028862714767456,
            -0.09242194145917892
        ],
        [
            0.009933510795235634,
            -0.9007389545440674,
            -0.07717613130807877
        ],
        [
            0.010780062526464462,
            -0.9040087461471558,
            -0.07977922260761261
        ],
        [
            0.008910898119211197,
            -0.9004251956939697,
            -0.08282458782196045
        ],
        [
            0.007124695926904678,
            -0.8979262113571167,
            -0.07987797260284424
        ],
        [
            0.007097842171788216,
            -0.9121627807617188,
            -0.08101256936788559
        ],
        [
            0.005430515855550766,
            -0.91462242603302,
            -0.08850689232349396
        ],
        [
            0.0026813941076397896,
            -0.9166272878646851,
            -0.0963301956653595
        ],
        [
            0.004293311387300491,
            -0.9084120988845825,
            -0.10021299123764038
        ],
        [
            0.031233109533786774,
            -0.8851975202560425,
            -0.06139013171195984
        ],
        [
            0.026669805869460106,
            -0.8925468921661377,
            -0.0659877359867096
        ],
        [
            0.022004231810569763,
            -0.8874918222427368,
            -0.067439004778862
        ],
        [
            0.02648111805319786,
            -0.8816611170768738,
            -0.06422080099582672
        ],
        [
            0.007871013134717941,
            -0.8943272829055786,
            -0.07633385062217712
        ],
        [
            0.012002402916550636,
            -0.8780438899993896,
            -0.07673247903585434
        ],
        [
            0.012256976217031479,
            -0.8820078372955322,
            -0.07682476937770844
        ],
        [
            0.006990224123001099,
            -0.8830512762069702,
            -0.08169601112604141
        ],
        [
            0.00728827528655529,
            -0.87934410572052,
            -0.08126269280910492
        ],
        [
            0.03532401844859123,
            -0.8697930574417114,
            -0.052923109382390976
        ],
        [
            0.03065573237836361,
            -0.8690108060836792,
            -0.05836855247616768
        ],
        [
            0.030945589765906334,
            -0.8615806102752686,
            -0.05605455860495567
        ],
        [
            0.034783538430929184,
            -0.8609935641288757,
            -0.04950723797082901
        ],
        [
            0.028645331040024757,
            -0.855354905128479,
            -0.05561404675245285
        ],
        [
            0.03324698284268379,
            -0.8525528907775879,
            -0.046949561685323715
        ],
        [
            0.024736948311328888,
            -0.8377753496170044,
            -0.04965130239725113
        ],
        [
            0.029016612097620964,
            -0.8442671895027161,
            -0.04796817526221275
        ],
        [
            0.02511768415570259,
            -0.8494424223899841,
            -0.05712086334824562
        ],
        [
            0.020635057240724564,
            -0.8442063331604004,
            -0.06157494708895683
        ],
        [
            0.010046679526567459,
            -0.8495926856994629,
            -0.07169882953166962
        ],
        [
            0.004722828045487404,
            -0.848452091217041,
            -0.07553435117006302
        ],
        [
            0.00937795639038086,
            -0.8359450101852417,
            -0.07333983480930328
        ],
        [
            0.014970583841204643,
            -0.8392132520675659,
            -0.0680919736623764
        ],
        [
            0.011253852397203445,
            -0.8718775510787964,
            -0.07255545258522034
        ],
        [
            0.014633400365710258,
            -0.8718047142028809,
            -0.06907910108566284
        ],
        [
            0.015198927372694016,
            -0.8735150098800659,
            -0.0712607204914093
        ],
        [
            0.011706942692399025,
            -0.8747835159301758,
            -0.07515709102153778
        ],
        [
            0.017770178616046906,
            -0.8714876174926758,
            -0.06650356948375702
        ],
        [
            0.0192277729511261,
            -0.8712687492370605,
            -0.06543836742639542
        ],
        [
            0.01916365697979927,
            -0.8727110028266907,
            -0.06668531149625778
        ],
        [
            0.017751842737197876,
            -0.8723766803741455,
            -0.06713695824146271
        ],
        [
            0.01600261591374874,
            -0.8719612956047058,
            -0.06809423863887787
        ],
        [
            0.01522749476134777,
            -0.8698899745941162,
            -0.06879547238349915
        ],
        [
            0.017088524997234344,
            -0.8706095218658447,
            -0.0671926736831665
        ],
        [
            0.012334214523434639,
            -0.8690825700759888,
            -0.0723031610250473
        ],
        [
            0.001099422574043274,
            -0.8671514987945557,
            -0.08220106363296509
        ],
        [
            0.004809647798538208,
            -0.8676916360855103,
            -0.08017827570438385
        ],
        [
            0.003021460957825184,
            -0.8722966909408569,
            -0.07921326160430908
        ],
        [
            -0.00012047402560710907,
            -0.8720202445983887,
            -0.08103662729263306
        ],
        [
            0.01770874857902527,
            -0.8745875358581543,
            -0.06887737661600113
        ],
        [
            0.020186133682727814,
            -0.8763469457626343,
            -0.0678168386220932
        ],
        [
            0.017149437218904495,
            -0.8792192935943604,
            -0.07191567122936249
        ],
        [
            0.01588248647749424,
            -0.876362681388855,
            -0.0715750902891159
        ],
        [
            0.022758042439818382,
            -0.8783034086227417,
            -0.06690387427806854
        ],
        [
            0.021261876448988914,
            -0.8739649653434753,
            -0.06557123363018036
        ],
        [
            0.024053605273365974,
            -0.8745574951171875,
            -0.06433550268411636
        ],
        [
            0.018812060356140137,
            -0.8693166375160217,
            -0.0656369999051094
        ],
        [
            0.021255092695355415,
            -0.8675730228424072,
            -0.06373759359121323
        ],
        [
            0.021854812279343605,
            -0.8704518675804138,
            -0.06448301672935486
        ],
        [
            0.019520727917551994,
            -0.8640910983085632,
            -0.06469191610813141
        ],
        [
            0.016693269833922386,
            -0.8672939538955688,
            -0.06722023338079453
        ],
        [
            0.013836180791258812,
            -0.8654007911682129,
            -0.07073479890823364
        ],
        [
            0.009939813986420631,
            -0.8638672828674316,
            -0.07503502070903778
        ],
        [
            0.011901510879397392,
            -0.8587163686752319,
            -0.0717025101184845
        ],
        [
            0.01630142703652382,
            -0.8610528707504272,
            -0.06770704686641693
        ],
        [
            0.01869618333876133,
            -0.8830944299697876,
            -0.07041524350643158
        ],
        [
            0.025682533159852028,
            -0.8697298765182495,
            -0.061892926692962646
        ],
        [
            0.02882864512503147,
            -0.8763137459754944,
            -0.0609218068420887
        ],
        [
            0.025575848296284676,
            -0.8646395206451416,
            -0.06099551543593407
        ],
        [
            0.023669607937335968,
            -0.8598421812057495,
            -0.06118200719356537
        ],
        [
            0.019905593246221542,
            -0.8555653095245361,
            -0.06342600286006927
        ],
        [
            0.01521429605782032,
            -0.8522087335586548,
            -0.06756104528903961
        ],
        [
            0.009666409343481064,
            -0.8265817761421204,
            -0.061789825558662415
        ],
        [
            0.016981951892375946,
            -0.831343412399292,
            -0.056610215455293655
        ],
        [
            0.02522694692015648,
            -0.9539096355438232,
            -0.06869859993457794
        ],
        [
            0.03330712020397186,
            -0.9530750513076782,
            -0.06466589868068695
        ],
        [
            0.03280598297715187,
            -0.9451090097427368,
            -0.05992621183395386
        ],
        [
            0.0347057469189167,
            -0.94773268699646,
            -0.05937192961573601
        ],
        [
            0.02990521304309368,
            -0.9489651918411255,
            -0.06345295906066895
        ],
        [
            0.029296875,
            -0.9461302757263184,
            -0.0629022866487503
        ],
        [
            0.04387330263853073,
            -0.9368792772293091,
            -0.043022897094488144
        ],
        [
            0.03982194513082504,
            -0.9389596581459045,
            -0.04824722185730934
        ],
        [
            0.0398627370595932,
            -0.9350465536117554,
            -0.04677973687648773
        ],
        [
            0.045301198959350586,
            -0.9302181005477905,
            -0.042218197137117386
        ],
        [
            0.03371502459049225,
            -0.9275327920913696,
            -0.05520053207874298
        ],
        [
            0.03734472393989563,
            -0.9287511110305786,
            -0.051124002784490585
        ],
        [
            0.034164607524871826,
            -0.9355661869049072,
            -0.054337844252586365
        ],
        [
            0.03149440139532089,
            -0.9347742795944214,
            -0.05729249492287636
        ],
        [
            0.028068948537111282,
            -0.934447169303894,
            -0.05987584963440895
        ],
        [
            0.02402740716934204,
            -0.9345587491989136,
            -0.06176424026489258
        ],
        [
            0.024229198694229126,
            -0.9290831089019775,
            -0.06142578274011612
        ],
        [
            0.029053937643766403,
            -0.9279597401618958,
            -0.05879960209131241
        ],
        [
            0.023696765303611755,
            -0.9502230286598206,
            -0.06547988951206207
        ],
        [
            0.0166485533118248,
            -0.9494835138320923,
            -0.06651522219181061
        ],
        [
            0.017846930772066116,
            -0.9463477730751038,
            -0.0656290054321289
        ],
        [
            0.023829206824302673,
            -0.9469488263130188,
            -0.06515046954154968
        ],
        [
            0.00703403539955616,
            -0.9395944476127625,
            -0.06279262900352478
        ],
        [
            0.008442385122179985,
            -0.94211745262146,
            -0.06345580518245697
        ],
        [
            0.005113517865538597,
            -0.9435800313949585,
            -0.06524471938610077
        ],
        [
            0.004123182035982609,
            -0.9389663934707642,
            -0.06481733173131943
        ],
        [
            0.0064195506274700165,
            -0.935927152633667,
            -0.06481518596410751
        ],
        [
            0.008370496332645416,
            -0.9379383325576782,
            -0.0632566511631012
        ],
        [
            0.025492817163467407,
            -1.0062510967254639,
            -0.05832367017865181
        ],
        [
            0.02232331782579422,
            -0.9902215003967285,
            -0.06733793765306473
        ],
        [
            0.03883344307541847,
            -0.9987747669219971,
            -0.043606262654066086
        ],
        [
            0.04627862572669983,
            -0.9878970384597778,
            -0.03153757005929947
        ],
        [
            0.05279766395688057,
            -0.9740350246429443,
            -0.02136530727148056
        ],
        [
            0.04091588780283928,
            -0.8739497065544128,
            -0.04464801400899887
        ],
        [
            0.04126964509487152,
            -0.8644086122512817,
            -0.03864114731550217
        ],
        [
            0.0469355508685112,
            -0.8714460730552673,
            -0.02545483410358429
        ],
        [
            0.04436899349093437,
            -0.8601710796356201,
            -0.021374274045228958
        ],
        [
            0.03878803923726082,
            -0.8534860014915466,
            -0.035486117005348206
        ],
        [
            0.02515036053955555,
            -0.8343517184257507,
            -0.036061570048332214
        ],
        [
            0.03347035124897957,
            -0.8429347276687622,
            -0.03469423949718475
        ],
        [
            0.03870178759098053,
            -0.8491503000259399,
            -0.017095129936933517
        ],
        [
            0.04376167804002762,
            -0.8611928224563599,
            -0.00036325305700302124
        ],
        [
            0.0481518879532814,
            -0.8694911003112793,
            -0.007964622229337692
        ],
        [
            0.04514037072658539,
            -0.8758114576339722,
            0.013954129070043564
        ],
        [
            0.036926258355379105,
            -0.8522034287452698,
            0.01013612374663353
        ],
        [
            0.04071184992790222,
            -0.8738945722579956,
            0.022365789860486984
        ],
        [
            0.022148337215185165,
            -0.8138932585716248,
            0.002645830623805523
        ],
        [
            0.023626459762454033,
            -0.8010269403457642,
            0.006432963535189629
        ],
        [
            0.03304797783493996,
            -0.8077272772789001,
            0.02195800468325615
        ],
        [
            0.03216414526104927,
            -0.8203555345535278,
            0.01810391992330551
        ],
        [
            0.05027010664343834,
            -0.8787943124771118,
            -0.015225321054458618
        ],
        [
            0.05406935513019562,
            -0.9421721696853638,
            -0.018831513822078705
        ],
        [
            0.05151979625225067,
            -0.9426957368850708,
            -0.03063054382801056
        ],
        [
            0.05464884638786316,
            -0.9292274713516235,
            -0.015148147940635681
        ],
        [
            0.05254003405570984,
            -0.9997357130050659,
            0.0017063580453395844
        ],
        [
            0.050206393003463745,
            -0.9962893128395081,
            -0.0162741057574749
        ],
        [
            0.05600942671298981,
            -0.9810152053833008,
            -0.008856520056724548
        ],
        [
            0.05758346617221832,
            -0.9864413738250732,
            0.007236503064632416
        ],
        [
            0.025849979370832443,
            -1.0340403318405151,
            -0.010623328387737274
        ],
        [
            0.027592185884714127,
            -1.0227737426757812,
            -0.035293083637952805
        ],
        [
            0.03836418688297272,
            -1.0113340616226196,
            -0.02646535634994507
        ],
        [
            0.0387691892683506,
            -1.0195214748382568,
            -0.006063792854547501
        ],
        [
            0.05654317885637283,
            -0.9869744777679443,
            0.020444456487894058
        ],
        [
            0.05440829321742058,
            -0.987380862236023,
            0.03934066742658615
        ],
        [
            0.050037920475006104,
            -1.0037996768951416,
            0.045228827744722366
        ],
        [
            0.05143081024289131,
            -1.0040371417999268,
            0.02243376150727272
        ],
        [
            0.03675438463687897,
            -1.0236207246780396,
            0.050520654767751694
        ],
        [
            0.038538239896297455,
            -1.0251924991607666,
            0.023130446672439575
        ],
        [
            0.03733150660991669,
            -0.8594867587089539,
            0.031658537685871124
        ],
        [
            0.03811047598719597,
            -0.8777791261672974,
            0.035391759127378464
        ],
        [
            0.03184419497847557,
            -0.8353460431098938,
            0.012464017607271671
        ],
        [
            0.03648622706532478,
            -0.8421483635902405,
            0.030584461987018585
        ],
        [
            0.01803121343255043,
            -1.0397907495498657,
            0.05363547056913376
        ],
        [
            0.021215299144387245,
            -1.0420823097229004,
            0.020842839032411575
        ],
        [
            0.03748495131731033,
            -0.9630047082901001,
            0.086314857006073
        ],
        [
            0.04125191271305084,
            -0.9816973209381104,
            0.07890193164348602
        ],
        [
            0.048678863793611526,
            -0.969106137752533,
            0.06360805034637451
        ],
        [
